"SUMLEV","STATE","COUNTY","STNAME","CTYNAME","YEAR","AGE","TOT_POP","TOT_MALE","TOT_FEMALE"
050,46,003,"South Dakota","Aurora County",1,0,38,20,18
050,46,003,"South Dakota","Aurora County",1,1,45,25,20
050,46,003,"South Dakota","Aurora County",1,2,40,16,24
050,46,003,"South Dakota","Aurora County",1,3,29,12,17
050,46,003,"South Dakota","Aurora County",1,4,35,19,16
050,46,003,"South Dakota","Aurora County",1,5,35,21,14
050,46,003,"South Dakota","Aurora County",1,6,35,17,18
050,46,003,"South Dakota","Aurora County",1,7,32,11,21
050,46,003,"South Dakota","Aurora County",1,8,44,28,16
050,46,003,"South Dakota","Aurora County",1,9,38,26,12
050,46,003,"South Dakota","Aurora County",1,10,37,22,15
050,46,003,"South Dakota","Aurora County",1,11,42,24,18
050,46,003,"South Dakota","Aurora County",1,12,42,24,18
050,46,003,"South Dakota","Aurora County",1,13,39,22,17
050,46,003,"South Dakota","Aurora County",1,14,39,20,19
050,46,003,"South Dakota","Aurora County",1,15,42,22,20
050,46,003,"South Dakota","Aurora County",1,16,40,25,15
050,46,003,"South Dakota","Aurora County",1,17,35,21,14
050,46,003,"South Dakota","Aurora County",1,18,27,14,13
050,46,003,"South Dakota","Aurora County",1,19,23,14,9
050,46,003,"South Dakota","Aurora County",1,20,26,12,14
050,46,003,"South Dakota","Aurora County",1,21,28,14,14
050,46,003,"South Dakota","Aurora County",1,22,26,13,13
050,46,003,"South Dakota","Aurora County",1,23,30,13,17
050,46,003,"South Dakota","Aurora County",1,24,37,19,18
050,46,003,"South Dakota","Aurora County",1,25,31,15,16
050,46,003,"South Dakota","Aurora County",1,26,20,12,8
050,46,003,"South Dakota","Aurora County",1,27,29,13,16
050,46,003,"South Dakota","Aurora County",1,28,28,13,15
050,46,003,"South Dakota","Aurora County",1,29,29,13,16
050,46,003,"South Dakota","Aurora County",1,30,28,16,12
050,46,003,"South Dakota","Aurora County",1,31,27,16,11
050,46,003,"South Dakota","Aurora County",1,32,31,17,14
050,46,003,"South Dakota","Aurora County",1,33,28,20,8
050,46,003,"South Dakota","Aurora County",1,34,37,25,12
050,46,003,"South Dakota","Aurora County",1,35,39,22,17
050,46,003,"South Dakota","Aurora County",1,36,39,16,23
050,46,003,"South Dakota","Aurora County",1,37,34,23,11
050,46,003,"South Dakota","Aurora County",1,38,37,21,16
050,46,003,"South Dakota","Aurora County",1,39,36,19,17
050,46,003,"South Dakota","Aurora County",1,40,34,17,17
050,46,003,"South Dakota","Aurora County",1,41,26,13,13
050,46,003,"South Dakota","Aurora County",1,42,31,16,15
050,46,003,"South Dakota","Aurora County",1,43,30,14,16
050,46,003,"South Dakota","Aurora County",1,44,24,12,12
050,46,003,"South Dakota","Aurora County",1,45,14,9,5
050,46,003,"South Dakota","Aurora County",1,46,28,17,11
050,46,003,"South Dakota","Aurora County",1,47,29,13,16
050,46,003,"South Dakota","Aurora County",1,48,34,14,20
050,46,003,"South Dakota","Aurora County",1,49,34,17,17
050,46,003,"South Dakota","Aurora County",1,50,31,15,16
050,46,003,"South Dakota","Aurora County",1,51,27,15,12
050,46,003,"South Dakota","Aurora County",1,52,27,15,12
050,46,003,"South Dakota","Aurora County",1,53,32,17,15
050,46,003,"South Dakota","Aurora County",1,54,35,20,15
050,46,003,"South Dakota","Aurora County",1,55,31,15,16
050,46,003,"South Dakota","Aurora County",1,56,31,15,16
050,46,003,"South Dakota","Aurora County",1,57,38,22,16
050,46,003,"South Dakota","Aurora County",1,58,41,26,15
050,46,003,"South Dakota","Aurora County",1,59,37,21,16
050,46,003,"South Dakota","Aurora County",1,60,35,17,18
050,46,003,"South Dakota","Aurora County",1,61,33,14,19
050,46,003,"South Dakota","Aurora County",1,62,48,21,27
050,46,003,"South Dakota","Aurora County",1,63,42,18,24
050,46,003,"South Dakota","Aurora County",1,64,42,21,21
050,46,003,"South Dakota","Aurora County",1,65,42,23,19
050,46,003,"South Dakota","Aurora County",1,66,32,20,12
050,46,003,"South Dakota","Aurora County",1,67,38,18,20
050,46,003,"South Dakota","Aurora County",1,68,31,17,14
050,46,003,"South Dakota","Aurora County",1,69,29,17,12
050,46,003,"South Dakota","Aurora County",1,70,30,15,15
050,46,003,"South Dakota","Aurora County",1,71,24,10,14
050,46,003,"South Dakota","Aurora County",1,72,31,18,13
050,46,003,"South Dakota","Aurora County",1,73,29,18,11
050,46,003,"South Dakota","Aurora County",1,74,26,13,13
050,46,003,"South Dakota","Aurora County",1,75,19,9,10
050,46,003,"South Dakota","Aurora County",1,76,23,14,9
050,46,003,"South Dakota","Aurora County",1,77,20,10,10
050,46,003,"South Dakota","Aurora County",1,78,15,9,6
050,46,003,"South Dakota","Aurora County",1,79,12,6,6
050,46,003,"South Dakota","Aurora County",1,80,13,5,8
050,46,003,"South Dakota","Aurora County",1,81,20,8,12
050,46,003,"South Dakota","Aurora County",1,82,18,10,8
050,46,003,"South Dakota","Aurora County",1,83,18,9,9
050,46,003,"South Dakota","Aurora County",1,84,17,7,10
050,46,003,"South Dakota","Aurora County",1,85,90,31,59
050,46,003,"South Dakota","Aurora County",2,0,36,21,15
050,46,003,"South Dakota","Aurora County",2,1,43,24,19
050,46,003,"South Dakota","Aurora County",2,2,41,18,23
050,46,003,"South Dakota","Aurora County",2,3,33,14,19
050,46,003,"South Dakota","Aurora County",2,4,33,17,16
050,46,003,"South Dakota","Aurora County",2,5,36,21,15
050,46,003,"South Dakota","Aurora County",2,6,35,17,18
050,46,003,"South Dakota","Aurora County",2,7,31,12,19
050,46,003,"South Dakota","Aurora County",2,8,40,23,17
050,46,003,"South Dakota","Aurora County",2,9,38,26,12
050,46,003,"South Dakota","Aurora County",2,10,36,22,14
050,46,003,"South Dakota","Aurora County",2,11,40,24,16
050,46,003,"South Dakota","Aurora County",2,12,43,25,18
050,46,003,"South Dakota","Aurora County",2,13,40,23,17
050,46,003,"South Dakota","Aurora County",2,14,39,20,19
050,46,003,"South Dakota","Aurora County",2,15,43,22,21
050,46,003,"South Dakota","Aurora County",2,16,39,23,16
050,46,003,"South Dakota","Aurora County",2,17,36,21,15
050,46,003,"South Dakota","Aurora County",2,18,26,14,12
050,46,003,"South Dakota","Aurora County",2,19,22,13,9
050,46,003,"South Dakota","Aurora County",2,20,26,13,13
050,46,003,"South Dakota","Aurora County",2,21,28,14,14
050,46,003,"South Dakota","Aurora County",2,22,27,14,13
050,46,003,"South Dakota","Aurora County",2,23,30,14,16
050,46,003,"South Dakota","Aurora County",2,24,35,17,18
050,46,003,"South Dakota","Aurora County",2,25,32,15,17
050,46,003,"South Dakota","Aurora County",2,26,23,12,11
050,46,003,"South Dakota","Aurora County",2,27,27,13,14
050,46,003,"South Dakota","Aurora County",2,28,29,14,15
050,46,003,"South Dakota","Aurora County",2,29,28,12,16
050,46,003,"South Dakota","Aurora County",2,30,29,16,13
050,46,003,"South Dakota","Aurora County",2,31,27,16,11
050,46,003,"South Dakota","Aurora County",2,32,30,17,13
050,46,003,"South Dakota","Aurora County",2,33,28,19,9
050,46,003,"South Dakota","Aurora County",2,34,34,23,11
050,46,003,"South Dakota","Aurora County",2,35,39,23,16
050,46,003,"South Dakota","Aurora County",2,36,39,17,22
050,46,003,"South Dakota","Aurora County",2,37,34,21,13
050,46,003,"South Dakota","Aurora County",2,38,37,22,15
050,46,003,"South Dakota","Aurora County",2,39,36,19,17
050,46,003,"South Dakota","Aurora County",2,40,36,18,18
050,46,003,"South Dakota","Aurora County",2,41,27,14,13
050,46,003,"South Dakota","Aurora County",2,42,30,16,14
050,46,003,"South Dakota","Aurora County",2,43,30,14,16
050,46,003,"South Dakota","Aurora County",2,44,25,12,13
050,46,003,"South Dakota","Aurora County",2,45,18,11,7
050,46,003,"South Dakota","Aurora County",2,46,25,15,10
050,46,003,"South Dakota","Aurora County",2,47,29,14,15
050,46,003,"South Dakota","Aurora County",2,48,33,14,19
050,46,003,"South Dakota","Aurora County",2,49,35,17,18
050,46,003,"South Dakota","Aurora County",2,50,31,15,16
050,46,003,"South Dakota","Aurora County",2,51,28,15,13
050,46,003,"South Dakota","Aurora County",2,52,27,15,12
050,46,003,"South Dakota","Aurora County",2,53,30,16,14
050,46,003,"South Dakota","Aurora County",2,54,34,19,15
050,46,003,"South Dakota","Aurora County",2,55,32,16,16
050,46,003,"South Dakota","Aurora County",2,56,31,15,16
050,46,003,"South Dakota","Aurora County",2,57,37,21,16
050,46,003,"South Dakota","Aurora County",2,58,40,25,15
050,46,003,"South Dakota","Aurora County",2,59,38,22,16
050,46,003,"South Dakota","Aurora County",2,60,35,18,17
050,46,003,"South Dakota","Aurora County",2,61,33,14,19
050,46,003,"South Dakota","Aurora County",2,62,44,19,25
050,46,003,"South Dakota","Aurora County",2,63,44,19,25
050,46,003,"South Dakota","Aurora County",2,64,41,20,21
050,46,003,"South Dakota","Aurora County",2,65,42,22,20
050,46,003,"South Dakota","Aurora County",2,66,34,21,13
050,46,003,"South Dakota","Aurora County",2,67,36,18,18
050,46,003,"South Dakota","Aurora County",2,68,31,17,14
050,46,003,"South Dakota","Aurora County",2,69,30,17,13
050,46,003,"South Dakota","Aurora County",2,70,30,15,15
050,46,003,"South Dakota","Aurora County",2,71,25,11,14
050,46,003,"South Dakota","Aurora County",2,72,29,16,13
050,46,003,"South Dakota","Aurora County",2,73,30,18,12
050,46,003,"South Dakota","Aurora County",2,74,24,13,11
050,46,003,"South Dakota","Aurora County",2,75,21,10,11
050,46,003,"South Dakota","Aurora County",2,76,21,12,9
050,46,003,"South Dakota","Aurora County",2,77,20,10,10
050,46,003,"South Dakota","Aurora County",2,78,16,10,6
050,46,003,"South Dakota","Aurora County",2,79,12,6,6
050,46,003,"South Dakota","Aurora County",2,80,13,5,8
050,46,003,"South Dakota","Aurora County",2,81,18,7,11
050,46,003,"South Dakota","Aurora County",2,82,18,10,8
050,46,003,"South Dakota","Aurora County",2,83,16,8,8
050,46,003,"South Dakota","Aurora County",2,84,18,8,10
050,46,003,"South Dakota","Aurora County",2,85,90,32,58
050,46,003,"South Dakota","Aurora County",3,0,46,19,27
050,46,003,"South Dakota","Aurora County",3,1,34,20,14
050,46,003,"South Dakota","Aurora County",3,2,38,20,18
050,46,003,"South Dakota","Aurora County",3,3,37,19,18
050,46,003,"South Dakota","Aurora County",3,4,30,15,15
050,46,003,"South Dakota","Aurora County",3,5,36,18,18
050,46,003,"South Dakota","Aurora County",3,6,31,20,11
050,46,003,"South Dakota","Aurora County",3,7,36,16,20
050,46,003,"South Dakota","Aurora County",3,8,29,11,18
050,46,003,"South Dakota","Aurora County",3,9,40,24,16
050,46,003,"South Dakota","Aurora County",3,10,38,25,13
050,46,003,"South Dakota","Aurora County",3,11,35,21,14
050,46,003,"South Dakota","Aurora County",3,12,42,25,17
050,46,003,"South Dakota","Aurora County",3,13,42,25,17
050,46,003,"South Dakota","Aurora County",3,14,45,26,19
050,46,003,"South Dakota","Aurora County",3,15,46,22,24
050,46,003,"South Dakota","Aurora County",3,16,37,19,18
050,46,003,"South Dakota","Aurora County",3,17,41,23,18
050,46,003,"South Dakota","Aurora County",3,18,27,15,12
050,46,003,"South Dakota","Aurora County",3,19,23,10,13
050,46,003,"South Dakota","Aurora County",3,20,22,12,10
050,46,003,"South Dakota","Aurora County",3,21,28,13,15
050,46,003,"South Dakota","Aurora County",3,22,28,15,13
050,46,003,"South Dakota","Aurora County",3,23,25,13,12
050,46,003,"South Dakota","Aurora County",3,24,33,15,18
050,46,003,"South Dakota","Aurora County",3,25,35,17,18
050,46,003,"South Dakota","Aurora County",3,26,36,18,18
050,46,003,"South Dakota","Aurora County",3,27,25,15,10
050,46,003,"South Dakota","Aurora County",3,28,24,12,12
050,46,003,"South Dakota","Aurora County",3,29,25,12,13
050,46,003,"South Dakota","Aurora County",3,30,29,14,15
050,46,003,"South Dakota","Aurora County",3,31,30,19,11
050,46,003,"South Dakota","Aurora County",3,32,25,14,11
050,46,003,"South Dakota","Aurora County",3,33,30,17,13
050,46,003,"South Dakota","Aurora County",3,34,29,19,10
050,46,003,"South Dakota","Aurora County",3,35,36,25,11
050,46,003,"South Dakota","Aurora County",3,36,41,23,18
050,46,003,"South Dakota","Aurora County",3,37,38,17,21
050,46,003,"South Dakota","Aurora County",3,38,34,21,13
050,46,003,"South Dakota","Aurora County",3,39,36,21,15
050,46,003,"South Dakota","Aurora County",3,40,37,20,17
050,46,003,"South Dakota","Aurora County",3,41,36,18,18
050,46,003,"South Dakota","Aurora County",3,42,26,14,12
050,46,003,"South Dakota","Aurora County",3,43,34,17,17
050,46,003,"South Dakota","Aurora County",3,44,28,12,16
050,46,003,"South Dakota","Aurora County",3,45,24,12,12
050,46,003,"South Dakota","Aurora County",3,46,18,10,8
050,46,003,"South Dakota","Aurora County",3,47,27,16,11
050,46,003,"South Dakota","Aurora County",3,48,28,13,15
050,46,003,"South Dakota","Aurora County",3,49,28,13,15
050,46,003,"South Dakota","Aurora County",3,50,35,17,18
050,46,003,"South Dakota","Aurora County",3,51,33,17,16
050,46,003,"South Dakota","Aurora County",3,52,27,14,13
050,46,003,"South Dakota","Aurora County",3,53,26,13,13
050,46,003,"South Dakota","Aurora County",3,54,31,16,15
050,46,003,"South Dakota","Aurora County",3,55,33,18,15
050,46,003,"South Dakota","Aurora County",3,56,32,16,16
050,46,003,"South Dakota","Aurora County",3,57,32,16,16
050,46,003,"South Dakota","Aurora County",3,58,37,21,16
050,46,003,"South Dakota","Aurora County",3,59,44,26,18
050,46,003,"South Dakota","Aurora County",3,60,41,25,16
050,46,003,"South Dakota","Aurora County",3,61,34,17,17
050,46,003,"South Dakota","Aurora County",3,62,31,14,17
050,46,003,"South Dakota","Aurora County",3,63,44,19,25
050,46,003,"South Dakota","Aurora County",3,64,48,20,28
050,46,003,"South Dakota","Aurora County",3,65,42,19,23
050,46,003,"South Dakota","Aurora County",3,66,42,23,19
050,46,003,"South Dakota","Aurora County",3,67,37,22,15
050,46,003,"South Dakota","Aurora County",3,68,31,16,15
050,46,003,"South Dakota","Aurora County",3,69,32,17,15
050,46,003,"South Dakota","Aurora County",3,70,30,17,13
050,46,003,"South Dakota","Aurora County",3,71,29,14,15
050,46,003,"South Dakota","Aurora County",3,72,25,11,14
050,46,003,"South Dakota","Aurora County",3,73,28,15,13
050,46,003,"South Dakota","Aurora County",3,74,27,16,11
050,46,003,"South Dakota","Aurora County",3,75,21,12,9
050,46,003,"South Dakota","Aurora County",3,76,19,9,10
050,46,003,"South Dakota","Aurora County",3,77,23,12,11
050,46,003,"South Dakota","Aurora County",3,78,20,11,9
050,46,003,"South Dakota","Aurora County",3,79,13,8,5
050,46,003,"South Dakota","Aurora County",3,80,13,7,6
050,46,003,"South Dakota","Aurora County",3,81,15,4,11
050,46,003,"South Dakota","Aurora County",3,82,13,5,8
050,46,003,"South Dakota","Aurora County",3,83,17,10,7
050,46,003,"South Dakota","Aurora County",3,84,19,9,10
050,46,003,"South Dakota","Aurora County",3,85,84,28,56
050,46,003,"South Dakota","Aurora County",4,0,42,23,19
050,46,003,"South Dakota","Aurora County",4,1,43,16,27
050,46,003,"South Dakota","Aurora County",4,2,36,23,13
050,46,003,"South Dakota","Aurora County",4,3,39,22,17
050,46,003,"South Dakota","Aurora County",4,4,38,18,20
050,46,003,"South Dakota","Aurora County",4,5,32,16,16
050,46,003,"South Dakota","Aurora County",4,6,37,18,19
050,46,003,"South Dakota","Aurora County",4,7,31,20,11
050,46,003,"South Dakota","Aurora County",4,8,37,16,21
050,46,003,"South Dakota","Aurora County",4,9,30,12,18
050,46,003,"South Dakota","Aurora County",4,10,39,21,18
050,46,003,"South Dakota","Aurora County",4,11,40,28,12
050,46,003,"South Dakota","Aurora County",4,12,40,24,16
050,46,003,"South Dakota","Aurora County",4,13,41,24,17
050,46,003,"South Dakota","Aurora County",4,14,44,24,20
050,46,003,"South Dakota","Aurora County",4,15,51,28,23
050,46,003,"South Dakota","Aurora County",4,16,47,21,26
050,46,003,"South Dakota","Aurora County",4,17,39,20,19
050,46,003,"South Dakota","Aurora County",4,18,34,19,15
050,46,003,"South Dakota","Aurora County",4,19,20,9,11
050,46,003,"South Dakota","Aurora County",4,20,19,7,12
050,46,003,"South Dakota","Aurora County",4,21,23,11,12
050,46,003,"South Dakota","Aurora County",4,22,33,15,18
050,46,003,"South Dakota","Aurora County",4,23,30,14,16
050,46,003,"South Dakota","Aurora County",4,24,28,14,14
050,46,003,"South Dakota","Aurora County",4,25,36,16,20
050,46,003,"South Dakota","Aurora County",4,26,38,18,20
050,46,003,"South Dakota","Aurora County",4,27,36,18,18
050,46,003,"South Dakota","Aurora County",4,28,26,15,11
050,46,003,"South Dakota","Aurora County",4,29,23,12,11
050,46,003,"South Dakota","Aurora County",4,30,29,14,15
050,46,003,"South Dakota","Aurora County",4,31,28,13,15
050,46,003,"South Dakota","Aurora County",4,32,30,19,11
050,46,003,"South Dakota","Aurora County",4,33,24,13,11
050,46,003,"South Dakota","Aurora County",4,34,31,17,14
050,46,003,"South Dakota","Aurora County",4,35,28,17,11
050,46,003,"South Dakota","Aurora County",4,36,38,25,13
050,46,003,"South Dakota","Aurora County",4,37,42,23,19
050,46,003,"South Dakota","Aurora County",4,38,39,17,22
050,46,003,"South Dakota","Aurora County",4,39,32,21,11
050,46,003,"South Dakota","Aurora County",4,40,33,19,14
050,46,003,"South Dakota","Aurora County",4,41,37,22,15
050,46,003,"South Dakota","Aurora County",4,42,34,16,18
050,46,003,"South Dakota","Aurora County",4,43,28,14,14
050,46,003,"South Dakota","Aurora County",4,44,31,16,15
050,46,003,"South Dakota","Aurora County",4,45,28,11,17
050,46,003,"South Dakota","Aurora County",4,46,27,12,15
050,46,003,"South Dakota","Aurora County",4,47,22,13,9
050,46,003,"South Dakota","Aurora County",4,48,27,16,11
050,46,003,"South Dakota","Aurora County",4,49,32,16,16
050,46,003,"South Dakota","Aurora County",4,50,26,11,15
050,46,003,"South Dakota","Aurora County",4,51,35,19,16
050,46,003,"South Dakota","Aurora County",4,52,34,17,17
050,46,003,"South Dakota","Aurora County",4,53,28,15,13
050,46,003,"South Dakota","Aurora County",4,54,26,13,13
050,46,003,"South Dakota","Aurora County",4,55,32,16,16
050,46,003,"South Dakota","Aurora County",4,56,33,18,15
050,46,003,"South Dakota","Aurora County",4,57,35,18,17
050,46,003,"South Dakota","Aurora County",4,58,34,17,17
050,46,003,"South Dakota","Aurora County",4,59,36,20,16
050,46,003,"South Dakota","Aurora County",4,60,41,25,16
050,46,003,"South Dakota","Aurora County",4,61,39,24,15
050,46,003,"South Dakota","Aurora County",4,62,34,19,15
050,46,003,"South Dakota","Aurora County",4,63,26,14,12
050,46,003,"South Dakota","Aurora County",4,64,44,19,25
050,46,003,"South Dakota","Aurora County",4,65,46,18,28
050,46,003,"South Dakota","Aurora County",4,66,39,18,21
050,46,003,"South Dakota","Aurora County",4,67,44,24,20
050,46,003,"South Dakota","Aurora County",4,68,35,23,12
050,46,003,"South Dakota","Aurora County",4,69,30,16,14
050,46,003,"South Dakota","Aurora County",4,70,30,16,14
050,46,003,"South Dakota","Aurora County",4,71,29,16,13
050,46,003,"South Dakota","Aurora County",4,72,25,11,14
050,46,003,"South Dakota","Aurora County",4,73,24,10,14
050,46,003,"South Dakota","Aurora County",4,74,30,16,14
050,46,003,"South Dakota","Aurora County",4,75,24,16,8
050,46,003,"South Dakota","Aurora County",4,76,21,12,9
050,46,003,"South Dakota","Aurora County",4,77,20,9,11
050,46,003,"South Dakota","Aurora County",4,78,22,12,10
050,46,003,"South Dakota","Aurora County",4,79,16,9,7
050,46,003,"South Dakota","Aurora County",4,80,12,9,3
050,46,003,"South Dakota","Aurora County",4,81,16,7,9
050,46,003,"South Dakota","Aurora County",4,82,9,2,7
050,46,003,"South Dakota","Aurora County",4,83,12,5,7
050,46,003,"South Dakota","Aurora County",4,84,20,11,9
050,46,003,"South Dakota","Aurora County",4,85,83,27,56
050,46,003,"South Dakota","Aurora County",5,0,39,21,18
050,46,003,"South Dakota","Aurora County",5,1,47,24,23
050,46,003,"South Dakota","Aurora County",5,2,39,16,23
050,46,003,"South Dakota","Aurora County",5,3,37,26,11
050,46,003,"South Dakota","Aurora County",5,4,34,16,18
050,46,003,"South Dakota","Aurora County",5,5,39,20,19
050,46,003,"South Dakota","Aurora County",5,6,33,15,18
050,46,003,"South Dakota","Aurora County",5,7,32,16,16
050,46,003,"South Dakota","Aurora County",5,8,36,23,13
050,46,003,"South Dakota","Aurora County",5,9,37,18,19
050,46,003,"South Dakota","Aurora County",5,10,34,13,21
050,46,003,"South Dakota","Aurora County",5,11,37,21,16
050,46,003,"South Dakota","Aurora County",5,12,44,29,15
050,46,003,"South Dakota","Aurora County",5,13,38,23,15
050,46,003,"South Dakota","Aurora County",5,14,47,25,22
050,46,003,"South Dakota","Aurora County",5,15,50,27,23
050,46,003,"South Dakota","Aurora County",5,16,44,25,19
050,46,003,"South Dakota","Aurora County",5,17,42,19,23
050,46,003,"South Dakota","Aurora County",5,18,28,13,15
050,46,003,"South Dakota","Aurora County",5,19,27,13,14
050,46,003,"South Dakota","Aurora County",5,20,25,12,13
050,46,003,"South Dakota","Aurora County",5,21,21,7,14
050,46,003,"South Dakota","Aurora County",5,22,25,12,13
050,46,003,"South Dakota","Aurora County",5,23,42,21,21
050,46,003,"South Dakota","Aurora County",5,24,32,15,17
050,46,003,"South Dakota","Aurora County",5,25,31,17,14
050,46,003,"South Dakota","Aurora County",5,26,39,16,23
050,46,003,"South Dakota","Aurora County",5,27,35,18,17
050,46,003,"South Dakota","Aurora County",5,28,38,18,20
050,46,003,"South Dakota","Aurora County",5,29,31,16,15
050,46,003,"South Dakota","Aurora County",5,30,24,14,10
050,46,003,"South Dakota","Aurora County",5,31,28,13,15
050,46,003,"South Dakota","Aurora County",5,32,26,12,14
050,46,003,"South Dakota","Aurora County",5,33,31,20,11
050,46,003,"South Dakota","Aurora County",5,34,28,18,10
050,46,003,"South Dakota","Aurora County",5,35,34,18,16
050,46,003,"South Dakota","Aurora County",5,36,27,15,12
050,46,003,"South Dakota","Aurora County",5,37,33,23,10
050,46,003,"South Dakota","Aurora County",5,38,43,22,21
050,46,003,"South Dakota","Aurora County",5,39,36,15,21
050,46,003,"South Dakota","Aurora County",5,40,32,20,12
050,46,003,"South Dakota","Aurora County",5,41,36,20,16
050,46,003,"South Dakota","Aurora County",5,42,38,23,15
050,46,003,"South Dakota","Aurora County",5,43,35,15,20
050,46,003,"South Dakota","Aurora County",5,44,29,14,15
050,46,003,"South Dakota","Aurora County",5,45,30,15,15
050,46,003,"South Dakota","Aurora County",5,46,32,14,18
050,46,003,"South Dakota","Aurora County",5,47,25,12,13
050,46,003,"South Dakota","Aurora County",5,48,22,13,9
050,46,003,"South Dakota","Aurora County",5,49,28,17,11
050,46,003,"South Dakota","Aurora County",5,50,30,15,15
050,46,003,"South Dakota","Aurora County",5,51,27,12,15
050,46,003,"South Dakota","Aurora County",5,52,38,20,18
050,46,003,"South Dakota","Aurora County",5,53,33,17,16
050,46,003,"South Dakota","Aurora County",5,54,29,15,14
050,46,003,"South Dakota","Aurora County",5,55,25,13,12
050,46,003,"South Dakota","Aurora County",5,56,32,16,16
050,46,003,"South Dakota","Aurora County",5,57,32,17,15
050,46,003,"South Dakota","Aurora County",5,58,37,20,17
050,46,003,"South Dakota","Aurora County",5,59,31,15,16
050,46,003,"South Dakota","Aurora County",5,60,35,20,15
050,46,003,"South Dakota","Aurora County",5,61,46,26,20
050,46,003,"South Dakota","Aurora County",5,62,36,23,13
050,46,003,"South Dakota","Aurora County",5,63,36,23,13
050,46,003,"South Dakota","Aurora County",5,64,26,13,13
050,46,003,"South Dakota","Aurora County",5,65,48,19,29
050,46,003,"South Dakota","Aurora County",5,66,42,18,24
050,46,003,"South Dakota","Aurora County",5,67,41,18,23
050,46,003,"South Dakota","Aurora County",5,68,40,24,16
050,46,003,"South Dakota","Aurora County",5,69,33,21,12
050,46,003,"South Dakota","Aurora County",5,70,29,16,13
050,46,003,"South Dakota","Aurora County",5,71,29,16,13
050,46,003,"South Dakota","Aurora County",5,72,28,15,13
050,46,003,"South Dakota","Aurora County",5,73,22,8,14
050,46,003,"South Dakota","Aurora County",5,74,22,10,12
050,46,003,"South Dakota","Aurora County",5,75,28,16,12
050,46,003,"South Dakota","Aurora County",5,76,22,14,8
050,46,003,"South Dakota","Aurora County",5,77,24,13,11
050,46,003,"South Dakota","Aurora County",5,78,19,9,10
050,46,003,"South Dakota","Aurora County",5,79,17,10,7
050,46,003,"South Dakota","Aurora County",5,80,15,9,6
050,46,003,"South Dakota","Aurora County",5,81,15,9,6
050,46,003,"South Dakota","Aurora County",5,82,9,5,4
050,46,003,"South Dakota","Aurora County",5,83,9,2,7
050,46,003,"South Dakota","Aurora County",5,84,12,6,6
050,46,003,"South Dakota","Aurora County",5,85,85,30,55
050,46,005,"South Dakota","Beadle County",1,0,331,158,173
050,46,005,"South Dakota","Beadle County",1,1,339,168,171
050,46,005,"South Dakota","Beadle County",1,2,341,152,189
050,46,005,"South Dakota","Beadle County",1,3,334,145,189
050,46,005,"South Dakota","Beadle County",1,4,329,173,156
050,46,005,"South Dakota","Beadle County",1,5,322,156,166
050,46,005,"South Dakota","Beadle County",1,6,307,153,154
050,46,005,"South Dakota","Beadle County",1,7,326,174,152
050,46,005,"South Dakota","Beadle County",1,8,273,142,131
050,46,005,"South Dakota","Beadle County",1,9,302,162,140
050,46,005,"South Dakota","Beadle County",1,10,268,151,117
050,46,005,"South Dakota","Beadle County",1,11,313,176,137
050,46,005,"South Dakota","Beadle County",1,12,298,170,128
050,46,005,"South Dakota","Beadle County",1,13,283,162,121
050,46,005,"South Dakota","Beadle County",1,14,269,140,129
050,46,005,"South Dakota","Beadle County",1,15,244,123,121
050,46,005,"South Dakota","Beadle County",1,16,278,147,131
050,46,005,"South Dakota","Beadle County",1,17,275,159,116
050,46,005,"South Dakota","Beadle County",1,18,230,143,87
050,46,005,"South Dakota","Beadle County",1,19,168,104,64
050,46,005,"South Dakota","Beadle County",1,20,171,96,75
050,46,005,"South Dakota","Beadle County",1,21,191,106,85
050,46,005,"South Dakota","Beadle County",1,22,209,95,114
050,46,005,"South Dakota","Beadle County",1,23,226,103,123
050,46,005,"South Dakota","Beadle County",1,24,226,116,110
050,46,005,"South Dakota","Beadle County",1,25,216,101,115
050,46,005,"South Dakota","Beadle County",1,26,195,91,104
050,46,005,"South Dakota","Beadle County",1,27,235,107,128
050,46,005,"South Dakota","Beadle County",1,28,226,116,110
050,46,005,"South Dakota","Beadle County",1,29,219,114,105
050,46,005,"South Dakota","Beadle County",1,30,231,110,121
050,46,005,"South Dakota","Beadle County",1,31,226,107,119
050,46,005,"South Dakota","Beadle County",1,32,234,121,113
050,46,005,"South Dakota","Beadle County",1,33,215,101,114
050,46,005,"South Dakota","Beadle County",1,34,243,122,121
050,46,005,"South Dakota","Beadle County",1,35,240,118,122
050,46,005,"South Dakota","Beadle County",1,36,231,128,103
050,46,005,"South Dakota","Beadle County",1,37,220,125,95
050,46,005,"South Dakota","Beadle County",1,38,228,126,102
050,46,005,"South Dakota","Beadle County",1,39,236,133,103
050,46,005,"South Dakota","Beadle County",1,40,243,131,112
050,46,005,"South Dakota","Beadle County",1,41,222,116,106
050,46,005,"South Dakota","Beadle County",1,42,194,102,92
050,46,005,"South Dakota","Beadle County",1,43,186,95,91
050,46,005,"South Dakota","Beadle County",1,44,216,113,103
050,46,005,"South Dakota","Beadle County",1,45,199,106,93
050,46,005,"South Dakota","Beadle County",1,46,176,97,79
050,46,005,"South Dakota","Beadle County",1,47,180,87,93
050,46,005,"South Dakota","Beadle County",1,48,202,92,110
050,46,005,"South Dakota","Beadle County",1,49,213,91,122
050,46,005,"South Dakota","Beadle County",1,50,212,101,111
050,46,005,"South Dakota","Beadle County",1,51,202,104,98
050,46,005,"South Dakota","Beadle County",1,52,191,103,88
050,46,005,"South Dakota","Beadle County",1,53,208,114,94
050,46,005,"South Dakota","Beadle County",1,54,206,104,102
050,46,005,"South Dakota","Beadle County",1,55,248,124,124
050,46,005,"South Dakota","Beadle County",1,56,249,135,114
050,46,005,"South Dakota","Beadle County",1,57,264,135,129
050,46,005,"South Dakota","Beadle County",1,58,264,124,140
050,46,005,"South Dakota","Beadle County",1,59,273,134,139
050,46,005,"South Dakota","Beadle County",1,60,283,149,134
050,46,005,"South Dakota","Beadle County",1,61,273,134,139
050,46,005,"South Dakota","Beadle County",1,62,260,135,125
050,46,005,"South Dakota","Beadle County",1,63,237,127,110
050,46,005,"South Dakota","Beadle County",1,64,225,112,113
050,46,005,"South Dakota","Beadle County",1,65,244,125,119
050,46,005,"South Dakota","Beadle County",1,66,223,111,112
050,46,005,"South Dakota","Beadle County",1,67,195,110,85
050,46,005,"South Dakota","Beadle County",1,68,210,109,101
050,46,005,"South Dakota","Beadle County",1,69,188,99,89
050,46,005,"South Dakota","Beadle County",1,70,189,106,83
050,46,005,"South Dakota","Beadle County",1,71,168,90,78
050,46,005,"South Dakota","Beadle County",1,72,163,83,80
050,46,005,"South Dakota","Beadle County",1,73,152,74,78
050,46,005,"South Dakota","Beadle County",1,74,104,52,52
050,46,005,"South Dakota","Beadle County",1,75,104,47,57
050,46,005,"South Dakota","Beadle County",1,76,113,47,66
050,46,005,"South Dakota","Beadle County",1,77,107,50,57
050,46,005,"South Dakota","Beadle County",1,78,94,43,51
050,46,005,"South Dakota","Beadle County",1,79,100,46,54
050,46,005,"South Dakota","Beadle County",1,80,80,39,41
050,46,005,"South Dakota","Beadle County",1,81,88,36,52
050,46,005,"South Dakota","Beadle County",1,82,91,35,56
050,46,005,"South Dakota","Beadle County",1,83,74,33,41
050,46,005,"South Dakota","Beadle County",1,84,84,41,43
050,46,005,"South Dakota","Beadle County",1,85,506,158,348
050,46,005,"South Dakota","Beadle County",2,0,327,160,167
050,46,005,"South Dakota","Beadle County",2,1,338,168,170
050,46,005,"South Dakota","Beadle County",2,2,341,154,187
050,46,005,"South Dakota","Beadle County",2,3,331,145,186
050,46,005,"South Dakota","Beadle County",2,4,331,169,162
050,46,005,"South Dakota","Beadle County",2,5,323,160,163
050,46,005,"South Dakota","Beadle County",2,6,314,156,158
050,46,005,"South Dakota","Beadle County",2,7,318,167,151
050,46,005,"South Dakota","Beadle County",2,8,286,150,136
050,46,005,"South Dakota","Beadle County",2,9,293,155,138
050,46,005,"South Dakota","Beadle County",2,10,278,154,124
050,46,005,"South Dakota","Beadle County",2,11,299,167,132
050,46,005,"South Dakota","Beadle County",2,12,303,173,130
050,46,005,"South Dakota","Beadle County",2,13,288,163,125
050,46,005,"South Dakota","Beadle County",2,14,275,146,129
050,46,005,"South Dakota","Beadle County",2,15,253,129,124
050,46,005,"South Dakota","Beadle County",2,16,269,141,128
050,46,005,"South Dakota","Beadle County",2,17,277,153,124
050,46,005,"South Dakota","Beadle County",2,18,229,139,90
050,46,005,"South Dakota","Beadle County",2,19,172,106,66
050,46,005,"South Dakota","Beadle County",2,20,172,98,74
050,46,005,"South Dakota","Beadle County",2,21,187,104,83
050,46,005,"South Dakota","Beadle County",2,22,210,98,112
050,46,005,"South Dakota","Beadle County",2,23,220,101,119
050,46,005,"South Dakota","Beadle County",2,24,229,114,115
050,46,005,"South Dakota","Beadle County",2,25,219,106,113
050,46,005,"South Dakota","Beadle County",2,26,203,95,108
050,46,005,"South Dakota","Beadle County",2,27,227,104,123
050,46,005,"South Dakota","Beadle County",2,28,226,113,113
050,46,005,"South Dakota","Beadle County",2,29,219,113,106
050,46,005,"South Dakota","Beadle County",2,30,230,111,119
050,46,005,"South Dakota","Beadle County",2,31,228,108,120
050,46,005,"South Dakota","Beadle County",2,32,231,120,111
050,46,005,"South Dakota","Beadle County",2,33,218,105,113
050,46,005,"South Dakota","Beadle County",2,34,235,117,118
050,46,005,"South Dakota","Beadle County",2,35,242,121,121
050,46,005,"South Dakota","Beadle County",2,36,229,123,106
050,46,005,"South Dakota","Beadle County",2,37,222,125,97
050,46,005,"South Dakota","Beadle County",2,38,229,128,101
050,46,005,"South Dakota","Beadle County",2,39,233,130,103
050,46,005,"South Dakota","Beadle County",2,40,245,133,112
050,46,005,"South Dakota","Beadle County",2,41,225,120,105
050,46,005,"South Dakota","Beadle County",2,42,202,106,96
050,46,005,"South Dakota","Beadle County",2,43,191,98,93
050,46,005,"South Dakota","Beadle County",2,44,208,109,99
050,46,005,"South Dakota","Beadle County",2,45,204,108,96
050,46,005,"South Dakota","Beadle County",2,46,181,99,82
050,46,005,"South Dakota","Beadle County",2,47,177,88,89
050,46,005,"South Dakota","Beadle County",2,48,194,89,105
050,46,005,"South Dakota","Beadle County",2,49,211,92,119
050,46,005,"South Dakota","Beadle County",2,50,214,99,115
050,46,005,"South Dakota","Beadle County",2,51,206,105,101
050,46,005,"South Dakota","Beadle County",2,52,192,102,90
050,46,005,"South Dakota","Beadle County",2,53,204,112,92
050,46,005,"South Dakota","Beadle County",2,54,206,106,100
050,46,005,"South Dakota","Beadle County",2,55,236,119,117
050,46,005,"South Dakota","Beadle County",2,56,250,133,117
050,46,005,"South Dakota","Beadle County",2,57,259,133,126
050,46,005,"South Dakota","Beadle County",2,58,260,124,136
050,46,005,"South Dakota","Beadle County",2,59,270,132,138
050,46,005,"South Dakota","Beadle County",2,60,279,145,134
050,46,005,"South Dakota","Beadle County",2,61,276,139,137
050,46,005,"South Dakota","Beadle County",2,62,264,135,129
050,46,005,"South Dakota","Beadle County",2,63,244,130,114
050,46,005,"South Dakota","Beadle County",2,64,225,114,111
050,46,005,"South Dakota","Beadle County",2,65,238,121,117
050,46,005,"South Dakota","Beadle County",2,66,228,114,114
050,46,005,"South Dakota","Beadle County",2,67,199,110,89
050,46,005,"South Dakota","Beadle County",2,68,206,109,97
050,46,005,"South Dakota","Beadle County",2,69,192,101,91
050,46,005,"South Dakota","Beadle County",2,70,190,104,86
050,46,005,"South Dakota","Beadle County",2,71,174,94,80
050,46,005,"South Dakota","Beadle County",2,72,162,82,80
050,46,005,"South Dakota","Beadle County",2,73,162,81,81
050,46,005,"South Dakota","Beadle County",2,74,108,53,55
050,46,005,"South Dakota","Beadle County",2,75,103,47,56
050,46,005,"South Dakota","Beadle County",2,76,107,44,63
050,46,005,"South Dakota","Beadle County",2,77,110,50,60
050,46,005,"South Dakota","Beadle County",2,78,93,42,51
050,46,005,"South Dakota","Beadle County",2,79,94,44,50
050,46,005,"South Dakota","Beadle County",2,80,85,40,45
050,46,005,"South Dakota","Beadle County",2,81,84,35,49
050,46,005,"South Dakota","Beadle County",2,82,91,35,56
050,46,005,"South Dakota","Beadle County",2,83,74,32,42
050,46,005,"South Dakota","Beadle County",2,84,82,40,42
050,46,005,"South Dakota","Beadle County",2,85,506,161,345
050,46,005,"South Dakota","Beadle County",3,0,281,137,144
050,46,005,"South Dakota","Beadle County",3,1,333,171,162
050,46,005,"South Dakota","Beadle County",3,2,349,170,179
050,46,005,"South Dakota","Beadle County",3,3,325,147,178
050,46,005,"South Dakota","Beadle County",3,4,334,150,184
050,46,005,"South Dakota","Beadle County",3,5,318,157,161
050,46,005,"South Dakota","Beadle County",3,6,338,152,186
050,46,005,"South Dakota","Beadle County",3,7,315,153,162
050,46,005,"South Dakota","Beadle County",3,8,310,164,146
050,46,005,"South Dakota","Beadle County",3,9,291,155,136
050,46,005,"South Dakota","Beadle County",3,10,281,143,138
050,46,005,"South Dakota","Beadle County",3,11,282,150,132
050,46,005,"South Dakota","Beadle County",3,12,305,173,132
050,46,005,"South Dakota","Beadle County",3,13,302,173,129
050,46,005,"South Dakota","Beadle County",3,14,292,170,122
050,46,005,"South Dakota","Beadle County",3,15,268,141,127
050,46,005,"South Dakota","Beadle County",3,16,263,134,129
050,46,005,"South Dakota","Beadle County",3,17,262,134,128
050,46,005,"South Dakota","Beadle County",3,18,244,141,103
050,46,005,"South Dakota","Beadle County",3,19,181,108,73
050,46,005,"South Dakota","Beadle County",3,20,186,115,71
050,46,005,"South Dakota","Beadle County",3,21,186,109,77
050,46,005,"South Dakota","Beadle County",3,22,205,98,107
050,46,005,"South Dakota","Beadle County",3,23,209,96,113
050,46,005,"South Dakota","Beadle County",3,24,219,104,115
050,46,005,"South Dakota","Beadle County",3,25,233,121,112
050,46,005,"South Dakota","Beadle County",3,26,223,101,122
050,46,005,"South Dakota","Beadle County",3,27,216,100,116
050,46,005,"South Dakota","Beadle County",3,28,221,101,120
050,46,005,"South Dakota","Beadle County",3,29,228,109,119
050,46,005,"South Dakota","Beadle County",3,30,227,110,117
050,46,005,"South Dakota","Beadle County",3,31,232,110,122
050,46,005,"South Dakota","Beadle County",3,32,214,103,111
050,46,005,"South Dakota","Beadle County",3,33,236,123,113
050,46,005,"South Dakota","Beadle County",3,34,222,108,114
050,46,005,"South Dakota","Beadle County",3,35,238,120,118
050,46,005,"South Dakota","Beadle County",3,36,233,116,117
050,46,005,"South Dakota","Beadle County",3,37,226,122,104
050,46,005,"South Dakota","Beadle County",3,38,219,119,100
050,46,005,"South Dakota","Beadle County",3,39,232,128,104
050,46,005,"South Dakota","Beadle County",3,40,224,120,104
050,46,005,"South Dakota","Beadle County",3,41,240,128,112
050,46,005,"South Dakota","Beadle County",3,42,228,125,103
050,46,005,"South Dakota","Beadle County",3,43,192,96,96
050,46,005,"South Dakota","Beadle County",3,44,186,96,90
050,46,005,"South Dakota","Beadle County",3,45,203,105,98
050,46,005,"South Dakota","Beadle County",3,46,209,109,100
050,46,005,"South Dakota","Beadle County",3,47,182,98,84
050,46,005,"South Dakota","Beadle County",3,48,172,84,88
050,46,005,"South Dakota","Beadle County",3,49,194,91,103
050,46,005,"South Dakota","Beadle County",3,50,212,98,114
050,46,005,"South Dakota","Beadle County",3,51,221,105,116
050,46,005,"South Dakota","Beadle County",3,52,205,102,103
050,46,005,"South Dakota","Beadle County",3,53,196,106,90
050,46,005,"South Dakota","Beadle County",3,54,206,114,92
050,46,005,"South Dakota","Beadle County",3,55,206,103,103
050,46,005,"South Dakota","Beadle County",3,56,232,120,112
050,46,005,"South Dakota","Beadle County",3,57,243,127,116
050,46,005,"South Dakota","Beadle County",3,58,255,128,127
050,46,005,"South Dakota","Beadle County",3,59,261,130,131
050,46,005,"South Dakota","Beadle County",3,60,262,127,135
050,46,005,"South Dakota","Beadle County",3,61,266,134,132
050,46,005,"South Dakota","Beadle County",3,62,279,139,140
050,46,005,"South Dakota","Beadle County",3,63,262,131,131
050,46,005,"South Dakota","Beadle County",3,64,230,120,110
050,46,005,"South Dakota","Beadle County",3,65,212,111,101
050,46,005,"South Dakota","Beadle County",3,66,238,115,123
050,46,005,"South Dakota","Beadle County",3,67,218,113,105
050,46,005,"South Dakota","Beadle County",3,68,199,108,91
050,46,005,"South Dakota","Beadle County",3,69,194,101,93
050,46,005,"South Dakota","Beadle County",3,70,192,100,92
050,46,005,"South Dakota","Beadle County",3,71,186,102,84
050,46,005,"South Dakota","Beadle County",3,72,174,93,81
050,46,005,"South Dakota","Beadle County",3,73,154,82,72
050,46,005,"South Dakota","Beadle County",3,74,156,79,77
050,46,005,"South Dakota","Beadle County",3,75,110,53,57
050,46,005,"South Dakota","Beadle County",3,76,102,45,57
050,46,005,"South Dakota","Beadle County",3,77,105,45,60
050,46,005,"South Dakota","Beadle County",3,78,104,46,58
050,46,005,"South Dakota","Beadle County",3,79,81,38,43
050,46,005,"South Dakota","Beadle County",3,80,89,40,49
050,46,005,"South Dakota","Beadle County",3,81,79,33,46
050,46,005,"South Dakota","Beadle County",3,82,84,33,51
050,46,005,"South Dakota","Beadle County",3,83,73,28,45
050,46,005,"South Dakota","Beadle County",3,84,71,32,39
050,46,005,"South Dakota","Beadle County",3,85,515,166,349
050,46,005,"South Dakota","Beadle County",4,0,297,158,139
050,46,005,"South Dakota","Beadle County",4,1,301,151,150
050,46,005,"South Dakota","Beadle County",4,2,345,173,172
050,46,005,"South Dakota","Beadle County",4,3,336,163,173
050,46,005,"South Dakota","Beadle County",4,4,311,139,172
050,46,005,"South Dakota","Beadle County",4,5,337,144,193
050,46,005,"South Dakota","Beadle County",4,6,378,155,223
050,46,005,"South Dakota","Beadle County",4,7,335,147,188
050,46,005,"South Dakota","Beadle County",4,8,308,144,164
050,46,005,"South Dakota","Beadle County",4,9,302,163,139
050,46,005,"South Dakota","Beadle County",4,10,291,153,138
050,46,005,"South Dakota","Beadle County",4,11,302,169,133
050,46,005,"South Dakota","Beadle County",4,12,274,149,125
050,46,005,"South Dakota","Beadle County",4,13,299,169,130
050,46,005,"South Dakota","Beadle County",4,14,331,174,157
050,46,005,"South Dakota","Beadle County",4,15,281,160,121
050,46,005,"South Dakota","Beadle County",4,16,275,150,125
050,46,005,"South Dakota","Beadle County",4,17,266,134,132
050,46,005,"South Dakota","Beadle County",4,18,216,112,104
050,46,005,"South Dakota","Beadle County",4,19,180,101,79
050,46,005,"South Dakota","Beadle County",4,20,185,107,78
050,46,005,"South Dakota","Beadle County",4,21,203,127,76
050,46,005,"South Dakota","Beadle County",4,22,223,104,119
050,46,005,"South Dakota","Beadle County",4,23,216,102,114
050,46,005,"South Dakota","Beadle County",4,24,229,96,133
050,46,005,"South Dakota","Beadle County",4,25,241,126,115
050,46,005,"South Dakota","Beadle County",4,26,223,111,112
050,46,005,"South Dakota","Beadle County",4,27,234,103,131
050,46,005,"South Dakota","Beadle County",4,28,212,93,119
050,46,005,"South Dakota","Beadle County",4,29,227,102,125
050,46,005,"South Dakota","Beadle County",4,30,279,111,168
050,46,005,"South Dakota","Beadle County",4,31,231,106,125
050,46,005,"South Dakota","Beadle County",4,32,220,111,109
050,46,005,"South Dakota","Beadle County",4,33,215,107,108
050,46,005,"South Dakota","Beadle County",4,34,239,123,116
050,46,005,"South Dakota","Beadle County",4,35,232,102,130
050,46,005,"South Dakota","Beadle County",4,36,231,114,117
050,46,005,"South Dakota","Beadle County",4,37,228,115,113
050,46,005,"South Dakota","Beadle County",4,38,220,116,104
050,46,005,"South Dakota","Beadle County",4,39,218,119,99
050,46,005,"South Dakota","Beadle County",4,40,229,127,102
050,46,005,"South Dakota","Beadle County",4,41,235,125,110
050,46,005,"South Dakota","Beadle County",4,42,251,140,111
050,46,005,"South Dakota","Beadle County",4,43,248,126,122
050,46,005,"South Dakota","Beadle County",4,44,199,97,102
050,46,005,"South Dakota","Beadle County",4,45,202,111,91
050,46,005,"South Dakota","Beadle County",4,46,205,109,96
050,46,005,"South Dakota","Beadle County",4,47,212,106,106
050,46,005,"South Dakota","Beadle County",4,48,173,95,78
050,46,005,"South Dakota","Beadle County",4,49,176,87,89
050,46,005,"South Dakota","Beadle County",4,50,196,93,103
050,46,005,"South Dakota","Beadle County",4,51,219,103,116
050,46,005,"South Dakota","Beadle County",4,52,218,103,115
050,46,005,"South Dakota","Beadle County",4,53,200,98,102
050,46,005,"South Dakota","Beadle County",4,54,195,107,88
050,46,005,"South Dakota","Beadle County",4,55,206,110,96
050,46,005,"South Dakota","Beadle County",4,56,221,111,110
050,46,005,"South Dakota","Beadle County",4,57,225,114,111
050,46,005,"South Dakota","Beadle County",4,58,236,124,112
050,46,005,"South Dakota","Beadle County",4,59,255,129,126
050,46,005,"South Dakota","Beadle County",4,60,251,122,129
050,46,005,"South Dakota","Beadle County",4,61,263,129,134
050,46,005,"South Dakota","Beadle County",4,62,260,134,126
050,46,005,"South Dakota","Beadle County",4,63,272,139,133
050,46,005,"South Dakota","Beadle County",4,64,259,127,132
050,46,005,"South Dakota","Beadle County",4,65,220,116,104
050,46,005,"South Dakota","Beadle County",4,66,201,102,99
050,46,005,"South Dakota","Beadle County",4,67,235,114,121
050,46,005,"South Dakota","Beadle County",4,68,218,111,107
050,46,005,"South Dakota","Beadle County",4,69,191,103,88
050,46,005,"South Dakota","Beadle County",4,70,194,100,94
050,46,005,"South Dakota","Beadle County",4,71,189,98,91
050,46,005,"South Dakota","Beadle County",4,72,185,98,87
050,46,005,"South Dakota","Beadle County",4,73,169,95,74
050,46,005,"South Dakota","Beadle County",4,74,155,83,72
050,46,005,"South Dakota","Beadle County",4,75,158,79,79
050,46,005,"South Dakota","Beadle County",4,76,105,48,57
050,46,005,"South Dakota","Beadle County",4,77,96,44,52
050,46,005,"South Dakota","Beadle County",4,78,102,45,57
050,46,005,"South Dakota","Beadle County",4,79,97,44,53
050,46,005,"South Dakota","Beadle County",4,80,80,34,46
050,46,005,"South Dakota","Beadle County",4,81,85,38,47
050,46,005,"South Dakota","Beadle County",4,82,88,35,53
050,46,005,"South Dakota","Beadle County",4,83,70,29,41
050,46,005,"South Dakota","Beadle County",4,84,72,31,41
050,46,005,"South Dakota","Beadle County",4,85,501,158,343
050,46,005,"South Dakota","Beadle County",5,0,287,155,132
050,46,005,"South Dakota","Beadle County",5,1,290,159,131
050,46,005,"South Dakota","Beadle County",5,2,308,148,160
050,46,005,"South Dakota","Beadle County",5,3,333,170,163
050,46,005,"South Dakota","Beadle County",5,4,330,167,163
050,46,005,"South Dakota","Beadle County",5,5,317,137,180
050,46,005,"South Dakota","Beadle County",5,6,358,144,214
050,46,005,"South Dakota","Beadle County",5,7,363,150,213
050,46,005,"South Dakota","Beadle County",5,8,343,150,193
050,46,005,"South Dakota","Beadle County",5,9,314,140,174
050,46,005,"South Dakota","Beadle County",5,10,299,162,137
050,46,005,"South Dakota","Beadle County",5,11,300,165,135
050,46,005,"South Dakota","Beadle County",5,12,310,176,134
050,46,005,"South Dakota","Beadle County",5,13,264,143,121
050,46,005,"South Dakota","Beadle County",5,14,303,159,144
050,46,005,"South Dakota","Beadle County",5,15,326,168,158
050,46,005,"South Dakota","Beadle County",5,16,283,162,121
050,46,005,"South Dakota","Beadle County",5,17,284,150,134
050,46,005,"South Dakota","Beadle County",5,18,222,114,108
050,46,005,"South Dakota","Beadle County",5,19,165,84,81
050,46,005,"South Dakota","Beadle County",5,20,187,101,86
050,46,005,"South Dakota","Beadle County",5,21,203,120,83
050,46,005,"South Dakota","Beadle County",5,22,218,117,101
050,46,005,"South Dakota","Beadle County",5,23,231,106,125
050,46,005,"South Dakota","Beadle County",5,24,226,106,120
050,46,005,"South Dakota","Beadle County",5,25,230,108,122
050,46,005,"South Dakota","Beadle County",5,26,230,114,116
050,46,005,"South Dakota","Beadle County",5,27,236,118,118
050,46,005,"South Dakota","Beadle County",5,28,231,99,132
050,46,005,"South Dakota","Beadle County",5,29,200,88,112
050,46,005,"South Dakota","Beadle County",5,30,256,96,160
050,46,005,"South Dakota","Beadle County",5,31,287,115,172
050,46,005,"South Dakota","Beadle County",5,32,229,103,126
050,46,005,"South Dakota","Beadle County",5,33,210,103,107
050,46,005,"South Dakota","Beadle County",5,34,217,111,106
050,46,005,"South Dakota","Beadle County",5,35,230,113,117
050,46,005,"South Dakota","Beadle County",5,36,225,98,127
050,46,005,"South Dakota","Beadle County",5,37,231,113,118
050,46,005,"South Dakota","Beadle County",5,38,219,108,111
050,46,005,"South Dakota","Beadle County",5,39,226,121,105
050,46,005,"South Dakota","Beadle County",5,40,217,117,100
050,46,005,"South Dakota","Beadle County",5,41,226,124,102
050,46,005,"South Dakota","Beadle County",5,42,242,130,112
050,46,005,"South Dakota","Beadle County",5,43,268,139,129
050,46,005,"South Dakota","Beadle County",5,44,252,130,122
050,46,005,"South Dakota","Beadle County",5,45,212,108,104
050,46,005,"South Dakota","Beadle County",5,46,203,116,87
050,46,005,"South Dakota","Beadle County",5,47,205,107,98
050,46,005,"South Dakota","Beadle County",5,48,206,100,106
050,46,005,"South Dakota","Beadle County",5,49,175,94,81
050,46,005,"South Dakota","Beadle County",5,50,174,85,89
050,46,005,"South Dakota","Beadle County",5,51,199,99,100
050,46,005,"South Dakota","Beadle County",5,52,208,99,109
050,46,005,"South Dakota","Beadle County",5,53,220,103,117
050,46,005,"South Dakota","Beadle County",5,54,197,97,100
050,46,005,"South Dakota","Beadle County",5,55,194,109,85
050,46,005,"South Dakota","Beadle County",5,56,197,110,87
050,46,005,"South Dakota","Beadle County",5,57,217,106,111
050,46,005,"South Dakota","Beadle County",5,58,218,113,105
050,46,005,"South Dakota","Beadle County",5,59,235,125,110
050,46,005,"South Dakota","Beadle County",5,60,248,121,127
050,46,005,"South Dakota","Beadle County",5,61,249,120,129
050,46,005,"South Dakota","Beadle County",5,62,264,130,134
050,46,005,"South Dakota","Beadle County",5,63,259,130,129
050,46,005,"South Dakota","Beadle County",5,64,261,131,130
050,46,005,"South Dakota","Beadle County",5,65,256,127,129
050,46,005,"South Dakota","Beadle County",5,66,217,114,103
050,46,005,"South Dakota","Beadle County",5,67,194,101,93
050,46,005,"South Dakota","Beadle County",5,68,233,114,119
050,46,005,"South Dakota","Beadle County",5,69,211,103,108
050,46,005,"South Dakota","Beadle County",5,70,195,105,90
050,46,005,"South Dakota","Beadle County",5,71,187,98,89
050,46,005,"South Dakota","Beadle County",5,72,195,100,95
050,46,005,"South Dakota","Beadle County",5,73,176,97,79
050,46,005,"South Dakota","Beadle County",5,74,168,90,78
050,46,005,"South Dakota","Beadle County",5,75,157,85,72
050,46,005,"South Dakota","Beadle County",5,76,152,75,77
050,46,005,"South Dakota","Beadle County",5,77,102,47,55
050,46,005,"South Dakota","Beadle County",5,78,94,44,50
050,46,005,"South Dakota","Beadle County",5,79,95,46,49
050,46,005,"South Dakota","Beadle County",5,80,92,38,54
050,46,005,"South Dakota","Beadle County",5,81,74,30,44
050,46,005,"South Dakota","Beadle County",5,82,91,40,51
050,46,005,"South Dakota","Beadle County",5,83,73,31,42
050,46,005,"South Dakota","Beadle County",5,84,68,31,37
050,46,005,"South Dakota","Beadle County",5,85,494,154,340
050,46,007,"South Dakota","Bennett County",1,0,43,23,20
050,46,007,"South Dakota","Bennett County",1,1,49,28,21
050,46,007,"South Dakota","Bennett County",1,2,55,28,27
050,46,007,"South Dakota","Bennett County",1,3,55,28,27
050,46,007,"South Dakota","Bennett County",1,4,74,40,34
050,46,007,"South Dakota","Bennett County",1,5,55,25,30
050,46,007,"South Dakota","Bennett County",1,6,63,27,36
050,46,007,"South Dakota","Bennett County",1,7,66,37,29
050,46,007,"South Dakota","Bennett County",1,8,74,30,44
050,46,007,"South Dakota","Bennett County",1,9,60,27,33
050,46,007,"South Dakota","Bennett County",1,10,54,22,32
050,46,007,"South Dakota","Bennett County",1,11,73,31,42
050,46,007,"South Dakota","Bennett County",1,12,67,35,32
050,46,007,"South Dakota","Bennett County",1,13,65,36,29
050,46,007,"South Dakota","Bennett County",1,14,52,28,24
050,46,007,"South Dakota","Bennett County",1,15,69,37,32
050,46,007,"South Dakota","Bennett County",1,16,72,41,31
050,46,007,"South Dakota","Bennett County",1,17,57,30,27
050,46,007,"South Dakota","Bennett County",1,18,48,25,23
050,46,007,"South Dakota","Bennett County",1,19,39,15,24
050,46,007,"South Dakota","Bennett County",1,20,39,18,21
050,46,007,"South Dakota","Bennett County",1,21,37,19,18
050,46,007,"South Dakota","Bennett County",1,22,42,20,22
050,46,007,"South Dakota","Bennett County",1,23,37,17,20
050,46,007,"South Dakota","Bennett County",1,24,45,18,27
050,46,007,"South Dakota","Bennett County",1,25,50,29,21
050,46,007,"South Dakota","Bennett County",1,26,37,21,16
050,46,007,"South Dakota","Bennett County",1,27,41,26,15
050,46,007,"South Dakota","Bennett County",1,28,39,13,26
050,46,007,"South Dakota","Bennett County",1,29,47,24,23
050,46,007,"South Dakota","Bennett County",1,30,36,18,18
050,46,007,"South Dakota","Bennett County",1,31,36,16,20
050,46,007,"South Dakota","Bennett County",1,32,36,15,21
050,46,007,"South Dakota","Bennett County",1,33,55,25,30
050,46,007,"South Dakota","Bennett County",1,34,54,27,27
050,46,007,"South Dakota","Bennett County",1,35,44,25,19
050,46,007,"South Dakota","Bennett County",1,36,45,19,26
050,46,007,"South Dakota","Bennett County",1,37,40,20,20
050,46,007,"South Dakota","Bennett County",1,38,39,23,16
050,46,007,"South Dakota","Bennett County",1,39,39,13,26
050,46,007,"South Dakota","Bennett County",1,40,31,14,17
050,46,007,"South Dakota","Bennett County",1,41,37,21,16
050,46,007,"South Dakota","Bennett County",1,42,30,17,13
050,46,007,"South Dakota","Bennett County",1,43,28,18,10
050,46,007,"South Dakota","Bennett County",1,44,28,14,14
050,46,007,"South Dakota","Bennett County",1,45,23,13,10
050,46,007,"South Dakota","Bennett County",1,46,27,11,16
050,46,007,"South Dakota","Bennett County",1,47,24,7,17
050,46,007,"South Dakota","Bennett County",1,48,41,19,22
050,46,007,"South Dakota","Bennett County",1,49,41,23,18
050,46,007,"South Dakota","Bennett County",1,50,31,16,15
050,46,007,"South Dakota","Bennett County",1,51,28,15,13
050,46,007,"South Dakota","Bennett County",1,52,27,12,15
050,46,007,"South Dakota","Bennett County",1,53,37,14,23
050,46,007,"South Dakota","Bennett County",1,54,41,21,20
050,46,007,"South Dakota","Bennett County",1,55,51,26,25
050,46,007,"South Dakota","Bennett County",1,56,43,20,23
050,46,007,"South Dakota","Bennett County",1,57,42,23,19
050,46,007,"South Dakota","Bennett County",1,58,43,20,23
050,46,007,"South Dakota","Bennett County",1,59,46,21,25
050,46,007,"South Dakota","Bennett County",1,60,40,25,15
050,46,007,"South Dakota","Bennett County",1,61,39,27,12
050,46,007,"South Dakota","Bennett County",1,62,33,17,16
050,46,007,"South Dakota","Bennett County",1,63,36,18,18
050,46,007,"South Dakota","Bennett County",1,64,36,19,17
050,46,007,"South Dakota","Bennett County",1,65,26,13,13
050,46,007,"South Dakota","Bennett County",1,66,31,16,15
050,46,007,"South Dakota","Bennett County",1,67,38,19,19
050,46,007,"South Dakota","Bennett County",1,68,24,9,15
050,46,007,"South Dakota","Bennett County",1,69,26,11,15
050,46,007,"South Dakota","Bennett County",1,70,24,9,15
050,46,007,"South Dakota","Bennett County",1,71,20,9,11
050,46,007,"South Dakota","Bennett County",1,72,22,13,9
050,46,007,"South Dakota","Bennett County",1,73,29,18,11
050,46,007,"South Dakota","Bennett County",1,74,15,9,6
050,46,007,"South Dakota","Bennett County",1,75,19,8,11
050,46,007,"South Dakota","Bennett County",1,76,12,3,9
050,46,007,"South Dakota","Bennett County",1,77,15,7,8
050,46,007,"South Dakota","Bennett County",1,78,13,3,10
050,46,007,"South Dakota","Bennett County",1,79,12,5,7
050,46,007,"South Dakota","Bennett County",1,80,10,5,5
050,46,007,"South Dakota","Bennett County",1,81,10,5,5
050,46,007,"South Dakota","Bennett County",1,82,15,6,9
050,46,007,"South Dakota","Bennett County",1,83,17,8,9
050,46,007,"South Dakota","Bennett County",1,84,21,10,11
050,46,007,"South Dakota","Bennett County",1,85,65,30,35
050,46,007,"South Dakota","Bennett County",2,0,48,27,21
050,46,007,"South Dakota","Bennett County",2,1,48,27,21
050,46,007,"South Dakota","Bennett County",2,2,52,28,24
050,46,007,"South Dakota","Bennett County",2,3,55,28,27
050,46,007,"South Dakota","Bennett County",2,4,71,38,33
050,46,007,"South Dakota","Bennett County",2,5,61,30,31
050,46,007,"South Dakota","Bennett County",2,6,60,26,34
050,46,007,"South Dakota","Bennett County",2,7,63,34,29
050,46,007,"South Dakota","Bennett County",2,8,73,32,41
050,46,007,"South Dakota","Bennett County",2,9,63,27,36
050,46,007,"South Dakota","Bennett County",2,10,56,23,33
050,46,007,"South Dakota","Bennett County",2,11,69,29,40
050,46,007,"South Dakota","Bennett County",2,12,71,36,35
050,46,007,"South Dakota","Bennett County",2,13,64,35,29
050,46,007,"South Dakota","Bennett County",2,14,54,30,24
050,46,007,"South Dakota","Bennett County",2,15,65,34,31
050,46,007,"South Dakota","Bennett County",2,16,73,41,32
050,46,007,"South Dakota","Bennett County",2,17,61,34,27
050,46,007,"South Dakota","Bennett County",2,18,49,26,23
050,46,007,"South Dakota","Bennett County",2,19,39,16,23
050,46,007,"South Dakota","Bennett County",2,20,39,17,22
050,46,007,"South Dakota","Bennett County",2,21,39,19,20
050,46,007,"South Dakota","Bennett County",2,22,41,20,21
050,46,007,"South Dakota","Bennett County",2,23,37,17,20
050,46,007,"South Dakota","Bennett County",2,24,45,19,26
050,46,007,"South Dakota","Bennett County",2,25,49,27,22
050,46,007,"South Dakota","Bennett County",2,26,38,22,16
050,46,007,"South Dakota","Bennett County",2,27,40,25,15
050,46,007,"South Dakota","Bennett County",2,28,41,17,24
050,46,007,"South Dakota","Bennett County",2,29,45,22,23
050,46,007,"South Dakota","Bennett County",2,30,38,19,19
050,46,007,"South Dakota","Bennett County",2,31,35,16,19
050,46,007,"South Dakota","Bennett County",2,32,36,16,20
050,46,007,"South Dakota","Bennett County",2,33,50,23,27
050,46,007,"South Dakota","Bennett County",2,34,54,26,28
050,46,007,"South Dakota","Bennett County",2,35,46,25,21
050,46,007,"South Dakota","Bennett County",2,36,45,21,24
050,46,007,"South Dakota","Bennett County",2,37,42,20,22
050,46,007,"South Dakota","Bennett County",2,38,39,22,17
050,46,007,"South Dakota","Bennett County",2,39,38,15,23
050,46,007,"South Dakota","Bennett County",2,40,33,13,20
050,46,007,"South Dakota","Bennett County",2,41,36,19,17
050,46,007,"South Dakota","Bennett County",2,42,30,17,13
050,46,007,"South Dakota","Bennett County",2,43,30,19,11
050,46,007,"South Dakota","Bennett County",2,44,28,15,13
050,46,007,"South Dakota","Bennett County",2,45,24,13,11
050,46,007,"South Dakota","Bennett County",2,46,27,12,15
050,46,007,"South Dakota","Bennett County",2,47,25,8,17
050,46,007,"South Dakota","Bennett County",2,48,37,16,21
050,46,007,"South Dakota","Bennett County",2,49,41,22,19
050,46,007,"South Dakota","Bennett County",2,50,33,17,16
050,46,007,"South Dakota","Bennett County",2,51,29,14,15
050,46,007,"South Dakota","Bennett County",2,52,27,13,14
050,46,007,"South Dakota","Bennett County",2,53,34,13,21
050,46,007,"South Dakota","Bennett County",2,54,40,20,20
050,46,007,"South Dakota","Bennett County",2,55,52,27,25
050,46,007,"South Dakota","Bennett County",2,56,45,21,24
050,46,007,"South Dakota","Bennett County",2,57,42,22,20
050,46,007,"South Dakota","Bennett County",2,58,42,21,21
050,46,007,"South Dakota","Bennett County",2,59,46,21,25
050,46,007,"South Dakota","Bennett County",2,60,41,24,17
050,46,007,"South Dakota","Bennett County",2,61,38,26,12
050,46,007,"South Dakota","Bennett County",2,62,35,20,15
050,46,007,"South Dakota","Bennett County",2,63,35,18,17
050,46,007,"South Dakota","Bennett County",2,64,35,17,18
050,46,007,"South Dakota","Bennett County",2,65,28,14,14
050,46,007,"South Dakota","Bennett County",2,66,31,16,15
050,46,007,"South Dakota","Bennett County",2,67,36,18,18
050,46,007,"South Dakota","Bennett County",2,68,27,11,16
050,46,007,"South Dakota","Bennett County",2,69,25,11,14
050,46,007,"South Dakota","Bennett County",2,70,24,10,14
050,46,007,"South Dakota","Bennett County",2,71,20,9,11
050,46,007,"South Dakota","Bennett County",2,72,21,12,9
050,46,007,"South Dakota","Bennett County",2,73,28,18,10
050,46,007,"South Dakota","Bennett County",2,74,17,10,7
050,46,007,"South Dakota","Bennett County",2,75,19,9,10
050,46,007,"South Dakota","Bennett County",2,76,14,5,9
050,46,007,"South Dakota","Bennett County",2,77,15,6,9
050,46,007,"South Dakota","Bennett County",2,78,14,4,10
050,46,007,"South Dakota","Bennett County",2,79,13,4,9
050,46,007,"South Dakota","Bennett County",2,80,10,5,5
050,46,007,"South Dakota","Bennett County",2,81,9,5,4
050,46,007,"South Dakota","Bennett County",2,82,15,6,9
050,46,007,"South Dakota","Bennett County",2,83,17,8,9
050,46,007,"South Dakota","Bennett County",2,84,20,9,11
050,46,007,"South Dakota","Bennett County",2,85,68,32,36
050,46,007,"South Dakota","Bennett County",3,0,38,20,18
050,46,007,"South Dakota","Bennett County",3,1,43,29,14
050,46,007,"South Dakota","Bennett County",3,2,45,27,18
050,46,007,"South Dakota","Bennett County",3,3,52,26,26
050,46,007,"South Dakota","Bennett County",3,4,59,32,27
050,46,007,"South Dakota","Bennett County",3,5,74,43,31
050,46,007,"South Dakota","Bennett County",3,6,62,29,33
050,46,007,"South Dakota","Bennett County",3,7,54,22,32
050,46,007,"South Dakota","Bennett County",3,8,61,32,29
050,46,007,"South Dakota","Bennett County",3,9,77,37,40
050,46,007,"South Dakota","Bennett County",3,10,60,26,34
050,46,007,"South Dakota","Bennett County",3,11,53,24,29
050,46,007,"South Dakota","Bennett County",3,12,70,29,41
050,46,007,"South Dakota","Bennett County",3,13,75,41,34
050,46,007,"South Dakota","Bennett County",3,14,63,36,27
050,46,007,"South Dakota","Bennett County",3,15,55,31,24
050,46,007,"South Dakota","Bennett County",3,16,69,35,34
050,46,007,"South Dakota","Bennett County",3,17,71,41,30
050,46,007,"South Dakota","Bennett County",3,18,59,32,27
050,46,007,"South Dakota","Bennett County",3,19,47,24,23
050,46,007,"South Dakota","Bennett County",3,20,44,18,26
050,46,007,"South Dakota","Bennett County",3,21,37,23,14
050,46,007,"South Dakota","Bennett County",3,22,38,20,18
050,46,007,"South Dakota","Bennett County",3,23,39,21,18
050,46,007,"South Dakota","Bennett County",3,24,38,20,18
050,46,007,"South Dakota","Bennett County",3,25,49,21,28
050,46,007,"South Dakota","Bennett County",3,26,49,29,20
050,46,007,"South Dakota","Bennett County",3,27,37,21,16
050,46,007,"South Dakota","Bennett County",3,28,44,26,18
050,46,007,"South Dakota","Bennett County",3,29,42,17,25
050,46,007,"South Dakota","Bennett County",3,30,43,22,21
050,46,007,"South Dakota","Bennett County",3,31,36,16,20
050,46,007,"South Dakota","Bennett County",3,32,37,18,19
050,46,007,"South Dakota","Bennett County",3,33,36,15,21
050,46,007,"South Dakota","Bennett County",3,34,46,21,25
050,46,007,"South Dakota","Bennett County",3,35,54,25,29
050,46,007,"South Dakota","Bennett County",3,36,45,23,22
050,46,007,"South Dakota","Bennett County",3,37,45,21,24
050,46,007,"South Dakota","Bennett County",3,38,42,20,22
050,46,007,"South Dakota","Bennett County",3,39,38,20,18
050,46,007,"South Dakota","Bennett County",3,40,39,15,24
050,46,007,"South Dakota","Bennett County",3,41,34,15,19
050,46,007,"South Dakota","Bennett County",3,42,37,19,18
050,46,007,"South Dakota","Bennett County",3,43,32,18,14
050,46,007,"South Dakota","Bennett County",3,44,30,16,14
050,46,007,"South Dakota","Bennett County",3,45,25,13,12
050,46,007,"South Dakota","Bennett County",3,46,22,13,9
050,46,007,"South Dakota","Bennett County",3,47,28,13,15
050,46,007,"South Dakota","Bennett County",3,48,28,11,17
050,46,007,"South Dakota","Bennett County",3,49,35,16,19
050,46,007,"South Dakota","Bennett County",3,50,40,18,22
050,46,007,"South Dakota","Bennett County",3,51,35,19,16
050,46,007,"South Dakota","Bennett County",3,52,29,14,15
050,46,007,"South Dakota","Bennett County",3,53,28,15,13
050,46,007,"South Dakota","Bennett County",3,54,35,16,19
050,46,007,"South Dakota","Bennett County",3,55,45,25,20
050,46,007,"South Dakota","Bennett County",3,56,51,26,25
050,46,007,"South Dakota","Bennett County",3,57,40,18,22
050,46,007,"South Dakota","Bennett County",3,58,44,24,20
050,46,007,"South Dakota","Bennett County",3,59,40,19,21
050,46,007,"South Dakota","Bennett County",3,60,45,20,25
050,46,007,"South Dakota","Bennett County",3,61,40,21,19
050,46,007,"South Dakota","Bennett County",3,62,37,23,14
050,46,007,"South Dakota","Bennett County",3,63,32,18,14
050,46,007,"South Dakota","Bennett County",3,64,36,17,19
050,46,007,"South Dakota","Bennett County",3,65,31,14,17
050,46,007,"South Dakota","Bennett County",3,66,28,14,14
050,46,007,"South Dakota","Bennett County",3,67,30,16,14
050,46,007,"South Dakota","Bennett County",3,68,35,18,17
050,46,007,"South Dakota","Bennett County",3,69,26,10,16
050,46,007,"South Dakota","Bennett County",3,70,24,10,14
050,46,007,"South Dakota","Bennett County",3,71,24,10,14
050,46,007,"South Dakota","Bennett County",3,72,21,9,12
050,46,007,"South Dakota","Bennett County",3,73,21,13,8
050,46,007,"South Dakota","Bennett County",3,74,27,17,10
050,46,007,"South Dakota","Bennett County",3,75,19,11,8
050,46,007,"South Dakota","Bennett County",3,76,17,8,9
050,46,007,"South Dakota","Bennett County",3,77,16,6,10
050,46,007,"South Dakota","Bennett County",3,78,11,4,7
050,46,007,"South Dakota","Bennett County",3,79,14,3,11
050,46,007,"South Dakota","Bennett County",3,80,13,5,8
050,46,007,"South Dakota","Bennett County",3,81,7,3,4
050,46,007,"South Dakota","Bennett County",3,82,9,4,5
050,46,007,"South Dakota","Bennett County",3,83,13,5,8
050,46,007,"South Dakota","Bennett County",3,84,14,6,8
050,46,007,"South Dakota","Bennett County",3,85,76,36,40
050,46,007,"South Dakota","Bennett County",4,0,44,30,14
050,46,007,"South Dakota","Bennett County",4,1,44,28,16
050,46,007,"South Dakota","Bennett County",4,2,44,30,14
050,46,007,"South Dakota","Bennett County",4,3,44,26,18
050,46,007,"South Dakota","Bennett County",4,4,56,25,31
050,46,007,"South Dakota","Bennett County",4,5,64,34,30
050,46,007,"South Dakota","Bennett County",4,6,69,36,33
050,46,007,"South Dakota","Bennett County",4,7,60,27,33
050,46,007,"South Dakota","Bennett County",4,8,56,22,34
050,46,007,"South Dakota","Bennett County",4,9,61,31,30
050,46,007,"South Dakota","Bennett County",4,10,69,30,39
050,46,007,"South Dakota","Bennett County",4,11,53,21,32
050,46,007,"South Dakota","Bennett County",4,12,54,23,31
050,46,007,"South Dakota","Bennett County",4,13,67,29,38
050,46,007,"South Dakota","Bennett County",4,14,71,40,31
050,46,007,"South Dakota","Bennett County",4,15,63,36,27
050,46,007,"South Dakota","Bennett County",4,16,56,30,26
050,46,007,"South Dakota","Bennett County",4,17,65,30,35
050,46,007,"South Dakota","Bennett County",4,18,67,39,28
050,46,007,"South Dakota","Bennett County",4,19,49,27,22
050,46,007,"South Dakota","Bennett County",4,20,41,21,20
050,46,007,"South Dakota","Bennett County",4,21,42,18,24
050,46,007,"South Dakota","Bennett County",4,22,28,17,11
050,46,007,"South Dakota","Bennett County",4,23,40,23,17
050,46,007,"South Dakota","Bennett County",4,24,39,24,15
050,46,007,"South Dakota","Bennett County",4,25,38,20,18
050,46,007,"South Dakota","Bennett County",4,26,55,24,31
050,46,007,"South Dakota","Bennett County",4,27,53,31,22
050,46,007,"South Dakota","Bennett County",4,28,34,17,17
050,46,007,"South Dakota","Bennett County",4,29,42,24,18
050,46,007,"South Dakota","Bennett County",4,30,42,17,25
050,46,007,"South Dakota","Bennett County",4,31,37,18,19
050,46,007,"South Dakota","Bennett County",4,32,34,14,20
050,46,007,"South Dakota","Bennett County",4,33,42,21,21
050,46,007,"South Dakota","Bennett County",4,34,41,17,24
050,46,007,"South Dakota","Bennett County",4,35,42,18,24
050,46,007,"South Dakota","Bennett County",4,36,47,24,23
050,46,007,"South Dakota","Bennett County",4,37,41,20,21
050,46,007,"South Dakota","Bennett County",4,38,38,18,20
050,46,007,"South Dakota","Bennett County",4,39,37,18,19
050,46,007,"South Dakota","Bennett County",4,40,38,20,18
050,46,007,"South Dakota","Bennett County",4,41,39,14,25
050,46,007,"South Dakota","Bennett County",4,42,35,16,19
050,46,007,"South Dakota","Bennett County",4,43,37,20,17
050,46,007,"South Dakota","Bennett County",4,44,31,17,14
050,46,007,"South Dakota","Bennett County",4,45,30,16,14
050,46,007,"South Dakota","Bennett County",4,46,23,11,12
050,46,007,"South Dakota","Bennett County",4,47,25,13,12
050,46,007,"South Dakota","Bennett County",4,48,26,13,13
050,46,007,"South Dakota","Bennett County",4,49,27,9,18
050,46,007,"South Dakota","Bennett County",4,50,33,16,17
050,46,007,"South Dakota","Bennett County",4,51,39,18,21
050,46,007,"South Dakota","Bennett County",4,52,36,18,18
050,46,007,"South Dakota","Bennett County",4,53,30,14,16
050,46,007,"South Dakota","Bennett County",4,54,29,16,13
050,46,007,"South Dakota","Bennett County",4,55,40,21,19
050,46,007,"South Dakota","Bennett County",4,56,41,22,19
050,46,007,"South Dakota","Bennett County",4,57,48,24,24
050,46,007,"South Dakota","Bennett County",4,58,40,18,22
050,46,007,"South Dakota","Bennett County",4,59,45,25,20
050,46,007,"South Dakota","Bennett County",4,60,41,20,21
050,46,007,"South Dakota","Bennett County",4,61,44,17,27
050,46,007,"South Dakota","Bennett County",4,62,39,20,19
050,46,007,"South Dakota","Bennett County",4,63,37,22,15
050,46,007,"South Dakota","Bennett County",4,64,35,18,17
050,46,007,"South Dakota","Bennett County",4,65,35,18,17
050,46,007,"South Dakota","Bennett County",4,66,31,14,17
050,46,007,"South Dakota","Bennett County",4,67,28,14,14
050,46,007,"South Dakota","Bennett County",4,68,29,15,14
050,46,007,"South Dakota","Bennett County",4,69,35,18,17
050,46,007,"South Dakota","Bennett County",4,70,26,10,16
050,46,007,"South Dakota","Bennett County",4,71,23,9,14
050,46,007,"South Dakota","Bennett County",4,72,22,9,13
050,46,007,"South Dakota","Bennett County",4,73,22,11,11
050,46,007,"South Dakota","Bennett County",4,74,20,12,8
050,46,007,"South Dakota","Bennett County",4,75,28,17,11
050,46,007,"South Dakota","Bennett County",4,76,17,10,7
050,46,007,"South Dakota","Bennett County",4,77,18,8,10
050,46,007,"South Dakota","Bennett County",4,78,13,5,8
050,46,007,"South Dakota","Bennett County",4,79,9,2,7
050,46,007,"South Dakota","Bennett County",4,80,12,4,8
050,46,007,"South Dakota","Bennett County",4,81,11,4,7
050,46,007,"South Dakota","Bennett County",4,82,7,2,5
050,46,007,"South Dakota","Bennett County",4,83,7,4,3
050,46,007,"South Dakota","Bennett County",4,84,9,4,5
050,46,007,"South Dakota","Bennett County",4,85,74,35,39
050,46,007,"South Dakota","Bennett County",5,0,52,35,17
050,46,007,"South Dakota","Bennett County",5,1,46,32,14
050,46,007,"South Dakota","Bennett County",5,2,45,27,18
050,46,007,"South Dakota","Bennett County",5,3,44,29,15
050,46,007,"South Dakota","Bennett County",5,4,46,27,19
050,46,007,"South Dakota","Bennett County",5,5,55,24,31
050,46,007,"South Dakota","Bennett County",5,6,60,32,28
050,46,007,"South Dakota","Bennett County",5,7,69,39,30
050,46,007,"South Dakota","Bennett County",5,8,64,32,32
050,46,007,"South Dakota","Bennett County",5,9,57,23,34
050,46,007,"South Dakota","Bennett County",5,10,60,31,29
050,46,007,"South Dakota","Bennett County",5,11,70,29,41
050,46,007,"South Dakota","Bennett County",5,12,50,19,31
050,46,007,"South Dakota","Bennett County",5,13,52,23,29
050,46,007,"South Dakota","Bennett County",5,14,65,30,35
050,46,007,"South Dakota","Bennett County",5,15,71,40,31
050,46,007,"South Dakota","Bennett County",5,16,63,36,27
050,46,007,"South Dakota","Bennett County",5,17,59,31,28
050,46,007,"South Dakota","Bennett County",5,18,60,26,34
050,46,007,"South Dakota","Bennett County",5,19,61,35,26
050,46,007,"South Dakota","Bennett County",5,20,44,25,19
050,46,007,"South Dakota","Bennett County",5,21,40,22,18
050,46,007,"South Dakota","Bennett County",5,22,46,21,25
050,46,007,"South Dakota","Bennett County",5,23,33,21,12
050,46,007,"South Dakota","Bennett County",5,24,42,21,21
050,46,007,"South Dakota","Bennett County",5,25,29,18,11
050,46,007,"South Dakota","Bennett County",5,26,42,21,21
050,46,007,"South Dakota","Bennett County",5,27,45,21,24
050,46,007,"South Dakota","Bennett County",5,28,50,30,20
050,46,007,"South Dakota","Bennett County",5,29,32,15,17
050,46,007,"South Dakota","Bennett County",5,30,42,24,18
050,46,007,"South Dakota","Bennett County",5,31,41,16,25
050,46,007,"South Dakota","Bennett County",5,32,43,22,21
050,46,007,"South Dakota","Bennett County",5,33,33,13,20
050,46,007,"South Dakota","Bennett County",5,34,45,21,24
050,46,007,"South Dakota","Bennett County",5,35,37,15,22
050,46,007,"South Dakota","Bennett County",5,36,41,15,26
050,46,007,"South Dakota","Bennett County",5,37,47,24,23
050,46,007,"South Dakota","Bennett County",5,38,42,22,20
050,46,007,"South Dakota","Bennett County",5,39,38,17,21
050,46,007,"South Dakota","Bennett County",5,40,38,18,20
050,46,007,"South Dakota","Bennett County",5,41,36,19,17
050,46,007,"South Dakota","Bennett County",5,42,38,12,26
050,46,007,"South Dakota","Bennett County",5,43,28,14,14
050,46,007,"South Dakota","Bennett County",5,44,34,19,15
050,46,007,"South Dakota","Bennett County",5,45,33,19,14
050,46,007,"South Dakota","Bennett County",5,46,28,14,14
050,46,007,"South Dakota","Bennett County",5,47,21,9,12
050,46,007,"South Dakota","Bennett County",5,48,23,12,11
050,46,007,"South Dakota","Bennett County",5,49,24,13,11
050,46,007,"South Dakota","Bennett County",5,50,25,9,16
050,46,007,"South Dakota","Bennett County",5,51,37,18,19
050,46,007,"South Dakota","Bennett County",5,52,39,18,21
050,46,007,"South Dakota","Bennett County",5,53,35,18,17
050,46,007,"South Dakota","Bennett County",5,54,30,15,15
050,46,007,"South Dakota","Bennett County",5,55,32,19,13
050,46,007,"South Dakota","Bennett County",5,56,38,19,19
050,46,007,"South Dakota","Bennett County",5,57,36,20,16
050,46,007,"South Dakota","Bennett County",5,58,48,24,24
050,46,007,"South Dakota","Bennett County",5,59,42,21,21
050,46,007,"South Dakota","Bennett County",5,60,46,24,22
050,46,007,"South Dakota","Bennett County",5,61,40,19,21
050,46,007,"South Dakota","Bennett County",5,62,44,16,28
050,46,007,"South Dakota","Bennett County",5,63,38,20,18
050,46,007,"South Dakota","Bennett County",5,64,38,22,16
050,46,007,"South Dakota","Bennett County",5,65,34,18,16
050,46,007,"South Dakota","Bennett County",5,66,34,18,16
050,46,007,"South Dakota","Bennett County",5,67,31,14,17
050,46,007,"South Dakota","Bennett County",5,68,27,13,14
050,46,007,"South Dakota","Bennett County",5,69,27,14,13
050,46,007,"South Dakota","Bennett County",5,70,35,17,18
050,46,007,"South Dakota","Bennett County",5,71,27,11,16
050,46,007,"South Dakota","Bennett County",5,72,22,7,15
050,46,007,"South Dakota","Bennett County",5,73,20,8,12
050,46,007,"South Dakota","Bennett County",5,74,21,10,11
050,46,007,"South Dakota","Bennett County",5,75,21,12,9
050,46,007,"South Dakota","Bennett County",5,76,27,17,10
050,46,007,"South Dakota","Bennett County",5,77,17,9,8
050,46,007,"South Dakota","Bennett County",5,78,15,6,9
050,46,007,"South Dakota","Bennett County",5,79,13,4,9
050,46,007,"South Dakota","Bennett County",5,80,8,3,5
050,46,007,"South Dakota","Bennett County",5,81,9,2,7
050,46,007,"South Dakota","Bennett County",5,82,10,3,7
050,46,007,"South Dakota","Bennett County",5,83,5,1,4
050,46,007,"South Dakota","Bennett County",5,84,3,2,1
050,46,007,"South Dakota","Bennett County",5,85,67,33,34
050,46,009,"South Dakota","Bon Homme County",1,0,73,36,37
050,46,009,"South Dakota","Bon Homme County",1,1,74,40,34
050,46,009,"South Dakota","Bon Homme County",1,2,74,37,37
050,46,009,"South Dakota","Bon Homme County",1,3,69,35,34
050,46,009,"South Dakota","Bon Homme County",1,4,81,44,37
050,46,009,"South Dakota","Bon Homme County",1,5,62,30,32
050,46,009,"South Dakota","Bon Homme County",1,6,60,33,27
050,46,009,"South Dakota","Bon Homme County",1,7,67,33,34
050,46,009,"South Dakota","Bon Homme County",1,8,69,39,30
050,46,009,"South Dakota","Bon Homme County",1,9,79,39,40
050,46,009,"South Dakota","Bon Homme County",1,10,71,35,36
050,46,009,"South Dakota","Bon Homme County",1,11,69,35,34
050,46,009,"South Dakota","Bon Homme County",1,12,74,30,44
050,46,009,"South Dakota","Bon Homme County",1,13,91,42,49
050,46,009,"South Dakota","Bon Homme County",1,14,87,45,42
050,46,009,"South Dakota","Bon Homme County",1,15,72,35,37
050,46,009,"South Dakota","Bon Homme County",1,16,66,29,37
050,46,009,"South Dakota","Bon Homme County",1,17,63,29,34
050,46,009,"South Dakota","Bon Homme County",1,18,60,31,29
050,46,009,"South Dakota","Bon Homme County",1,19,53,35,18
050,46,009,"South Dakota","Bon Homme County",1,20,83,61,22
050,46,009,"South Dakota","Bon Homme County",1,21,98,69,29
050,46,009,"South Dakota","Bon Homme County",1,22,97,67,30
050,46,009,"South Dakota","Bon Homme County",1,23,108,76,32
050,46,009,"South Dakota","Bon Homme County",1,24,85,65,20
050,46,009,"South Dakota","Bon Homme County",1,25,100,72,28
050,46,009,"South Dakota","Bon Homme County",1,26,100,72,28
050,46,009,"South Dakota","Bon Homme County",1,27,96,73,23
050,46,009,"South Dakota","Bon Homme County",1,28,96,75,21
050,46,009,"South Dakota","Bon Homme County",1,29,86,67,19
050,46,009,"South Dakota","Bon Homme County",1,30,86,66,20
050,46,009,"South Dakota","Bon Homme County",1,31,96,65,31
050,46,009,"South Dakota","Bon Homme County",1,32,67,45,22
050,46,009,"South Dakota","Bon Homme County",1,33,87,63,24
050,46,009,"South Dakota","Bon Homme County",1,34,102,67,35
050,46,009,"South Dakota","Bon Homme County",1,35,92,58,34
050,46,009,"South Dakota","Bon Homme County",1,36,121,82,39
050,46,009,"South Dakota","Bon Homme County",1,37,96,64,32
050,46,009,"South Dakota","Bon Homme County",1,38,97,69,28
050,46,009,"South Dakota","Bon Homme County",1,39,89,66,23
050,46,009,"South Dakota","Bon Homme County",1,40,100,74,26
050,46,009,"South Dakota","Bon Homme County",1,41,73,52,21
050,46,009,"South Dakota","Bon Homme County",1,42,69,49,20
050,46,009,"South Dakota","Bon Homme County",1,43,96,71,25
050,46,009,"South Dakota","Bon Homme County",1,44,81,54,27
050,46,009,"South Dakota","Bon Homme County",1,45,72,46,26
050,46,009,"South Dakota","Bon Homme County",1,46,86,57,29
050,46,009,"South Dakota","Bon Homme County",1,47,93,66,27
050,46,009,"South Dakota","Bon Homme County",1,48,86,55,31
050,46,009,"South Dakota","Bon Homme County",1,49,82,53,29
050,46,009,"South Dakota","Bon Homme County",1,50,68,50,18
050,46,009,"South Dakota","Bon Homme County",1,51,86,53,33
050,46,009,"South Dakota","Bon Homme County",1,52,91,52,39
050,46,009,"South Dakota","Bon Homme County",1,53,76,47,29
050,46,009,"South Dakota","Bon Homme County",1,54,73,40,33
050,46,009,"South Dakota","Bon Homme County",1,55,92,53,39
050,46,009,"South Dakota","Bon Homme County",1,56,99,58,41
050,46,009,"South Dakota","Bon Homme County",1,57,102,53,49
050,46,009,"South Dakota","Bon Homme County",1,58,94,53,41
050,46,009,"South Dakota","Bon Homme County",1,59,103,67,36
050,46,009,"South Dakota","Bon Homme County",1,60,95,55,40
050,46,009,"South Dakota","Bon Homme County",1,61,103,59,44
050,46,009,"South Dakota","Bon Homme County",1,62,99,59,40
050,46,009,"South Dakota","Bon Homme County",1,63,101,57,44
050,46,009,"South Dakota","Bon Homme County",1,64,90,49,41
050,46,009,"South Dakota","Bon Homme County",1,65,81,44,37
050,46,009,"South Dakota","Bon Homme County",1,66,84,45,39
050,46,009,"South Dakota","Bon Homme County",1,67,89,46,43
050,46,009,"South Dakota","Bon Homme County",1,68,89,45,44
050,46,009,"South Dakota","Bon Homme County",1,69,79,35,44
050,46,009,"South Dakota","Bon Homme County",1,70,73,37,36
050,46,009,"South Dakota","Bon Homme County",1,71,75,37,38
050,46,009,"South Dakota","Bon Homme County",1,72,69,38,31
050,46,009,"South Dakota","Bon Homme County",1,73,79,43,36
050,46,009,"South Dakota","Bon Homme County",1,74,52,26,26
050,46,009,"South Dakota","Bon Homme County",1,75,52,26,26
050,46,009,"South Dakota","Bon Homme County",1,76,51,20,31
050,46,009,"South Dakota","Bon Homme County",1,77,54,22,32
050,46,009,"South Dakota","Bon Homme County",1,78,43,20,23
050,46,009,"South Dakota","Bon Homme County",1,79,40,20,20
050,46,009,"South Dakota","Bon Homme County",1,80,40,23,17
050,46,009,"South Dakota","Bon Homme County",1,81,45,22,23
050,46,009,"South Dakota","Bon Homme County",1,82,40,20,20
050,46,009,"South Dakota","Bon Homme County",1,83,35,12,23
050,46,009,"South Dakota","Bon Homme County",1,84,33,17,16
050,46,009,"South Dakota","Bon Homme County",1,85,286,93,193
050,46,009,"South Dakota","Bon Homme County",2,0,69,35,34
050,46,009,"South Dakota","Bon Homme County",2,1,74,38,36
050,46,009,"South Dakota","Bon Homme County",2,2,73,37,36
050,46,009,"South Dakota","Bon Homme County",2,3,70,36,34
050,46,009,"South Dakota","Bon Homme County",2,4,79,42,37
050,46,009,"South Dakota","Bon Homme County",2,5,65,34,31
050,46,009,"South Dakota","Bon Homme County",2,6,59,31,28
050,46,009,"South Dakota","Bon Homme County",2,7,66,34,32
050,46,009,"South Dakota","Bon Homme County",2,8,68,37,31
050,46,009,"South Dakota","Bon Homme County",2,9,77,38,39
050,46,009,"South Dakota","Bon Homme County",2,10,71,34,37
050,46,009,"South Dakota","Bon Homme County",2,11,68,34,34
050,46,009,"South Dakota","Bon Homme County",2,12,74,31,43
050,46,009,"South Dakota","Bon Homme County",2,13,86,39,47
050,46,009,"South Dakota","Bon Homme County",2,14,87,44,43
050,46,009,"South Dakota","Bon Homme County",2,15,75,37,38
050,46,009,"South Dakota","Bon Homme County",2,16,68,31,37
050,46,009,"South Dakota","Bon Homme County",2,17,63,28,35
050,46,009,"South Dakota","Bon Homme County",2,18,59,30,29
050,46,009,"South Dakota","Bon Homme County",2,19,54,35,19
050,46,009,"South Dakota","Bon Homme County",2,20,81,61,20
050,46,009,"South Dakota","Bon Homme County",2,21,94,67,27
050,46,009,"South Dakota","Bon Homme County",2,22,99,69,30
050,46,009,"South Dakota","Bon Homme County",2,23,105,74,31
050,46,009,"South Dakota","Bon Homme County",2,24,89,66,23
050,46,009,"South Dakota","Bon Homme County",2,25,98,71,27
050,46,009,"South Dakota","Bon Homme County",2,26,102,74,28
050,46,009,"South Dakota","Bon Homme County",2,27,95,71,24
050,46,009,"South Dakota","Bon Homme County",2,28,95,75,20
050,46,009,"South Dakota","Bon Homme County",2,29,85,67,18
050,46,009,"South Dakota","Bon Homme County",2,30,86,66,20
050,46,009,"South Dakota","Bon Homme County",2,31,93,65,28
050,46,009,"South Dakota","Bon Homme County",2,32,68,44,24
050,46,009,"South Dakota","Bon Homme County",2,33,86,62,24
050,46,009,"South Dakota","Bon Homme County",2,34,101,68,33
050,46,009,"South Dakota","Bon Homme County",2,35,92,57,35
050,46,009,"South Dakota","Bon Homme County",2,36,119,81,38
050,46,009,"South Dakota","Bon Homme County",2,37,97,63,34
050,46,009,"South Dakota","Bon Homme County",2,38,101,70,31
050,46,009,"South Dakota","Bon Homme County",2,39,92,67,25
050,46,009,"South Dakota","Bon Homme County",2,40,98,74,24
050,46,009,"South Dakota","Bon Homme County",2,41,76,54,22
050,46,009,"South Dakota","Bon Homme County",2,42,69,49,20
050,46,009,"South Dakota","Bon Homme County",2,43,94,69,25
050,46,009,"South Dakota","Bon Homme County",2,44,80,53,27
050,46,009,"South Dakota","Bon Homme County",2,45,74,48,26
050,46,009,"South Dakota","Bon Homme County",2,46,84,55,29
050,46,009,"South Dakota","Bon Homme County",2,47,93,65,28
050,46,009,"South Dakota","Bon Homme County",2,48,88,57,31
050,46,009,"South Dakota","Bon Homme County",2,49,81,53,28
050,46,009,"South Dakota","Bon Homme County",2,50,71,50,21
050,46,009,"South Dakota","Bon Homme County",2,51,83,53,30
050,46,009,"South Dakota","Bon Homme County",2,52,90,52,38
050,46,009,"South Dakota","Bon Homme County",2,53,78,48,30
050,46,009,"South Dakota","Bon Homme County",2,54,71,39,32
050,46,009,"South Dakota","Bon Homme County",2,55,89,51,38
050,46,009,"South Dakota","Bon Homme County",2,56,100,58,42
050,46,009,"South Dakota","Bon Homme County",2,57,101,54,47
050,46,009,"South Dakota","Bon Homme County",2,58,94,51,43
050,46,009,"South Dakota","Bon Homme County",2,59,104,67,37
050,46,009,"South Dakota","Bon Homme County",2,60,93,55,38
050,46,009,"South Dakota","Bon Homme County",2,61,101,58,43
050,46,009,"South Dakota","Bon Homme County",2,62,99,59,40
050,46,009,"South Dakota","Bon Homme County",2,63,101,57,44
050,46,009,"South Dakota","Bon Homme County",2,64,91,50,41
050,46,009,"South Dakota","Bon Homme County",2,65,83,45,38
050,46,009,"South Dakota","Bon Homme County",2,66,83,45,38
050,46,009,"South Dakota","Bon Homme County",2,67,90,47,43
050,46,009,"South Dakota","Bon Homme County",2,68,87,44,43
050,46,009,"South Dakota","Bon Homme County",2,69,82,38,44
050,46,009,"South Dakota","Bon Homme County",2,70,72,35,37
050,46,009,"South Dakota","Bon Homme County",2,71,75,37,38
050,46,009,"South Dakota","Bon Homme County",2,72,69,37,32
050,46,009,"South Dakota","Bon Homme County",2,73,81,45,36
050,46,009,"South Dakota","Bon Homme County",2,74,52,27,25
050,46,009,"South Dakota","Bon Homme County",2,75,50,26,24
050,46,009,"South Dakota","Bon Homme County",2,76,50,21,29
050,46,009,"South Dakota","Bon Homme County",2,77,53,21,32
050,46,009,"South Dakota","Bon Homme County",2,78,45,20,25
050,46,009,"South Dakota","Bon Homme County",2,79,40,19,21
050,46,009,"South Dakota","Bon Homme County",2,80,40,23,17
050,46,009,"South Dakota","Bon Homme County",2,81,43,21,22
050,46,009,"South Dakota","Bon Homme County",2,82,40,21,19
050,46,009,"South Dakota","Bon Homme County",2,83,34,12,22
050,46,009,"South Dakota","Bon Homme County",2,84,31,14,17
050,46,009,"South Dakota","Bon Homme County",2,85,284,95,189
050,46,009,"South Dakota","Bon Homme County",3,0,70,33,37
050,46,009,"South Dakota","Bon Homme County",3,1,72,36,36
050,46,009,"South Dakota","Bon Homme County",3,2,70,36,34
050,46,009,"South Dakota","Bon Homme County",3,3,73,37,36
050,46,009,"South Dakota","Bon Homme County",3,4,75,37,38
050,46,009,"South Dakota","Bon Homme County",3,5,82,43,39
050,46,009,"South Dakota","Bon Homme County",3,6,62,32,30
050,46,009,"South Dakota","Bon Homme County",3,7,67,33,34
050,46,009,"South Dakota","Bon Homme County",3,8,70,34,36
050,46,009,"South Dakota","Bon Homme County",3,9,71,37,34
050,46,009,"South Dakota","Bon Homme County",3,10,78,38,40
050,46,009,"South Dakota","Bon Homme County",3,11,75,38,37
050,46,009,"South Dakota","Bon Homme County",3,12,69,37,32
050,46,009,"South Dakota","Bon Homme County",3,13,77,34,43
050,46,009,"South Dakota","Bon Homme County",3,14,87,40,47
050,46,009,"South Dakota","Bon Homme County",3,15,87,42,45
050,46,009,"South Dakota","Bon Homme County",3,16,73,36,37
050,46,009,"South Dakota","Bon Homme County",3,17,74,35,39
050,46,009,"South Dakota","Bon Homme County",3,18,51,24,27
050,46,009,"South Dakota","Bon Homme County",3,19,58,37,21
050,46,009,"South Dakota","Bon Homme County",3,20,79,60,19
050,46,009,"South Dakota","Bon Homme County",3,21,91,65,26
050,46,009,"South Dakota","Bon Homme County",3,22,103,75,28
050,46,009,"South Dakota","Bon Homme County",3,23,98,73,25
050,46,009,"South Dakota","Bon Homme County",3,24,96,61,35
050,46,009,"South Dakota","Bon Homme County",3,25,92,68,24
050,46,009,"South Dakota","Bon Homme County",3,26,99,70,29
050,46,009,"South Dakota","Bon Homme County",3,27,101,76,25
050,46,009,"South Dakota","Bon Homme County",3,28,99,79,20
050,46,009,"South Dakota","Bon Homme County",3,29,92,71,21
050,46,009,"South Dakota","Bon Homme County",3,30,85,61,24
050,46,009,"South Dakota","Bon Homme County",3,31,85,64,21
050,46,009,"South Dakota","Bon Homme County",3,32,66,40,26
050,46,009,"South Dakota","Bon Homme County",3,33,89,65,24
050,46,009,"South Dakota","Bon Homme County",3,34,86,63,23
050,46,009,"South Dakota","Bon Homme County",3,35,91,55,36
050,46,009,"South Dakota","Bon Homme County",3,36,111,77,34
050,46,009,"South Dakota","Bon Homme County",3,37,98,58,40
050,46,009,"South Dakota","Bon Homme County",3,38,102,68,34
050,46,009,"South Dakota","Bon Homme County",3,39,100,70,30
050,46,009,"South Dakota","Bon Homme County",3,40,109,82,27
050,46,009,"South Dakota","Bon Homme County",3,41,88,62,26
050,46,009,"South Dakota","Bon Homme County",3,42,78,55,23
050,46,009,"South Dakota","Bon Homme County",3,43,78,58,20
050,46,009,"South Dakota","Bon Homme County",3,44,78,51,27
050,46,009,"South Dakota","Bon Homme County",3,45,83,59,24
050,46,009,"South Dakota","Bon Homme County",3,46,85,57,28
050,46,009,"South Dakota","Bon Homme County",3,47,91,63,28
050,46,009,"South Dakota","Bon Homme County",3,48,88,60,28
050,46,009,"South Dakota","Bon Homme County",3,49,90,58,32
050,46,009,"South Dakota","Bon Homme County",3,50,80,50,30
050,46,009,"South Dakota","Bon Homme County",3,51,75,54,21
050,46,009,"South Dakota","Bon Homme County",3,52,81,50,31
050,46,009,"South Dakota","Bon Homme County",3,53,87,51,36
050,46,009,"South Dakota","Bon Homme County",3,54,65,37,28
050,46,009,"South Dakota","Bon Homme County",3,55,71,39,32
050,46,009,"South Dakota","Bon Homme County",3,56,93,53,40
050,46,009,"South Dakota","Bon Homme County",3,57,95,54,41
050,46,009,"South Dakota","Bon Homme County",3,58,96,49,47
050,46,009,"South Dakota","Bon Homme County",3,59,103,60,43
050,46,009,"South Dakota","Bon Homme County",3,60,98,61,37
050,46,009,"South Dakota","Bon Homme County",3,61,96,55,41
050,46,009,"South Dakota","Bon Homme County",3,62,100,59,41
050,46,009,"South Dakota","Bon Homme County",3,63,94,55,39
050,46,009,"South Dakota","Bon Homme County",3,64,106,62,44
050,46,009,"South Dakota","Bon Homme County",3,65,88,45,43
050,46,009,"South Dakota","Bon Homme County",3,66,85,46,39
050,46,009,"South Dakota","Bon Homme County",3,67,87,48,39
050,46,009,"South Dakota","Bon Homme County",3,68,90,46,44
050,46,009,"South Dakota","Bon Homme County",3,69,83,42,41
050,46,009,"South Dakota","Bon Homme County",3,70,78,35,43
050,46,009,"South Dakota","Bon Homme County",3,71,75,36,39
050,46,009,"South Dakota","Bon Homme County",3,72,74,35,39
050,46,009,"South Dakota","Bon Homme County",3,73,70,38,32
050,46,009,"South Dakota","Bon Homme County",3,74,77,43,34
050,46,009,"South Dakota","Bon Homme County",3,75,46,22,24
050,46,009,"South Dakota","Bon Homme County",3,76,48,26,22
050,46,009,"South Dakota","Bon Homme County",3,77,46,19,27
050,46,009,"South Dakota","Bon Homme County",3,78,52,20,32
050,46,009,"South Dakota","Bon Homme County",3,79,41,18,23
050,46,009,"South Dakota","Bon Homme County",3,80,38,21,17
050,46,009,"South Dakota","Bon Homme County",3,81,43,22,21
050,46,009,"South Dakota","Bon Homme County",3,82,43,24,19
050,46,009,"South Dakota","Bon Homme County",3,83,27,11,16
050,46,009,"South Dakota","Bon Homme County",3,84,23,3,20
050,46,009,"South Dakota","Bon Homme County",3,85,274,92,182
050,46,009,"South Dakota","Bon Homme County",4,0,77,29,48
050,46,009,"South Dakota","Bon Homme County",4,1,71,34,37
050,46,009,"South Dakota","Bon Homme County",4,2,75,37,38
050,46,009,"South Dakota","Bon Homme County",4,3,71,37,34
050,46,009,"South Dakota","Bon Homme County",4,4,76,41,35
050,46,009,"South Dakota","Bon Homme County",4,5,74,38,36
050,46,009,"South Dakota","Bon Homme County",4,6,92,50,42
050,46,009,"South Dakota","Bon Homme County",4,7,64,29,35
050,46,009,"South Dakota","Bon Homme County",4,8,69,33,36
050,46,009,"South Dakota","Bon Homme County",4,9,73,35,38
050,46,009,"South Dakota","Bon Homme County",4,10,71,40,31
050,46,009,"South Dakota","Bon Homme County",4,11,74,37,37
050,46,009,"South Dakota","Bon Homme County",4,12,73,38,35
050,46,009,"South Dakota","Bon Homme County",4,13,75,38,37
050,46,009,"South Dakota","Bon Homme County",4,14,79,37,42
050,46,009,"South Dakota","Bon Homme County",4,15,90,42,48
050,46,009,"South Dakota","Bon Homme County",4,16,90,44,46
050,46,009,"South Dakota","Bon Homme County",4,17,73,34,39
050,46,009,"South Dakota","Bon Homme County",4,18,61,32,29
050,46,009,"South Dakota","Bon Homme County",4,19,47,29,18
050,46,009,"South Dakota","Bon Homme County",4,20,85,63,22
050,46,009,"South Dakota","Bon Homme County",4,21,82,59,23
050,46,009,"South Dakota","Bon Homme County",4,22,95,71,24
050,46,009,"South Dakota","Bon Homme County",4,23,118,84,34
050,46,009,"South Dakota","Bon Homme County",4,24,89,67,22
050,46,009,"South Dakota","Bon Homme County",4,25,102,66,36
050,46,009,"South Dakota","Bon Homme County",4,26,101,74,27
050,46,009,"South Dakota","Bon Homme County",4,27,90,66,24
050,46,009,"South Dakota","Bon Homme County",4,28,109,84,25
050,46,009,"South Dakota","Bon Homme County",4,29,89,74,15
050,46,009,"South Dakota","Bon Homme County",4,30,93,70,23
050,46,009,"South Dakota","Bon Homme County",4,31,88,61,27
050,46,009,"South Dakota","Bon Homme County",4,32,70,48,22
050,46,009,"South Dakota","Bon Homme County",4,33,85,57,28
050,46,009,"South Dakota","Bon Homme County",4,34,98,72,26
050,46,009,"South Dakota","Bon Homme County",4,35,75,54,21
050,46,009,"South Dakota","Bon Homme County",4,36,114,77,37
050,46,009,"South Dakota","Bon Homme County",4,37,96,62,34
050,46,009,"South Dakota","Bon Homme County",4,38,102,63,39
050,46,009,"South Dakota","Bon Homme County",4,39,102,67,35
050,46,009,"South Dakota","Bon Homme County",4,40,109,78,31
050,46,009,"South Dakota","Bon Homme County",4,41,94,65,29
050,46,009,"South Dakota","Bon Homme County",4,42,89,62,27
050,46,009,"South Dakota","Bon Homme County",4,43,88,66,22
050,46,009,"South Dakota","Bon Homme County",4,44,60,40,20
050,46,009,"South Dakota","Bon Homme County",4,45,78,52,26
050,46,009,"South Dakota","Bon Homme County",4,46,91,65,26
050,46,009,"South Dakota","Bon Homme County",4,47,93,61,32
050,46,009,"South Dakota","Bon Homme County",4,48,85,57,28
050,46,009,"South Dakota","Bon Homme County",4,49,84,56,28
050,46,009,"South Dakota","Bon Homme County",4,50,85,54,31
050,46,009,"South Dakota","Bon Homme County",4,51,83,54,29
050,46,009,"South Dakota","Bon Homme County",4,52,75,50,25
050,46,009,"South Dakota","Bon Homme County",4,53,86,53,33
050,46,009,"South Dakota","Bon Homme County",4,54,75,39,36
050,46,009,"South Dakota","Bon Homme County",4,55,69,41,28
050,46,009,"South Dakota","Bon Homme County",4,56,79,43,36
050,46,009,"South Dakota","Bon Homme County",4,57,89,49,40
050,46,009,"South Dakota","Bon Homme County",4,58,93,48,45
050,46,009,"South Dakota","Bon Homme County",4,59,103,56,47
050,46,009,"South Dakota","Bon Homme County",4,60,95,53,42
050,46,009,"South Dakota","Bon Homme County",4,61,102,62,40
050,46,009,"South Dakota","Bon Homme County",4,62,98,56,42
050,46,009,"South Dakota","Bon Homme County",4,63,97,54,43
050,46,009,"South Dakota","Bon Homme County",4,64,95,57,38
050,46,009,"South Dakota","Bon Homme County",4,65,111,66,45
050,46,009,"South Dakota","Bon Homme County",4,66,88,46,42
050,46,009,"South Dakota","Bon Homme County",4,67,91,51,40
050,46,009,"South Dakota","Bon Homme County",4,68,87,47,40
050,46,009,"South Dakota","Bon Homme County",4,69,87,44,43
050,46,009,"South Dakota","Bon Homme County",4,70,79,40,39
050,46,009,"South Dakota","Bon Homme County",4,71,75,32,43
050,46,009,"South Dakota","Bon Homme County",4,72,70,35,35
050,46,009,"South Dakota","Bon Homme County",4,73,75,37,38
050,46,009,"South Dakota","Bon Homme County",4,74,64,33,31
050,46,009,"South Dakota","Bon Homme County",4,75,67,38,29
050,46,009,"South Dakota","Bon Homme County",4,76,46,23,23
050,46,009,"South Dakota","Bon Homme County",4,77,44,25,19
050,46,009,"South Dakota","Bon Homme County",4,78,48,18,30
050,46,009,"South Dakota","Bon Homme County",4,79,48,17,31
050,46,009,"South Dakota","Bon Homme County",4,80,40,22,18
050,46,009,"South Dakota","Bon Homme County",4,81,36,17,19
050,46,009,"South Dakota","Bon Homme County",4,82,42,24,18
050,46,009,"South Dakota","Bon Homme County",4,83,34,17,17
050,46,009,"South Dakota","Bon Homme County",4,84,19,8,11
050,46,009,"South Dakota","Bon Homme County",4,85,260,78,182
050,46,009,"South Dakota","Bon Homme County",5,0,76,29,47
050,46,009,"South Dakota","Bon Homme County",5,1,77,28,49
050,46,009,"South Dakota","Bon Homme County",5,2,74,37,37
050,46,009,"South Dakota","Bon Homme County",5,3,80,35,45
050,46,009,"South Dakota","Bon Homme County",5,4,70,34,36
050,46,009,"South Dakota","Bon Homme County",5,5,80,42,38
050,46,009,"South Dakota","Bon Homme County",5,6,69,34,35
050,46,009,"South Dakota","Bon Homme County",5,7,85,46,39
050,46,009,"South Dakota","Bon Homme County",5,8,63,31,32
050,46,009,"South Dakota","Bon Homme County",5,9,74,37,37
050,46,009,"South Dakota","Bon Homme County",5,10,68,34,34
050,46,009,"South Dakota","Bon Homme County",5,11,71,40,31
050,46,009,"South Dakota","Bon Homme County",5,12,70,35,35
050,46,009,"South Dakota","Bon Homme County",5,13,75,40,35
050,46,009,"South Dakota","Bon Homme County",5,14,80,42,38
050,46,009,"South Dakota","Bon Homme County",5,15,83,38,45
050,46,009,"South Dakota","Bon Homme County",5,16,84,40,44
050,46,009,"South Dakota","Bon Homme County",5,17,89,45,44
050,46,009,"South Dakota","Bon Homme County",5,18,60,30,30
050,46,009,"South Dakota","Bon Homme County",5,19,59,37,22
050,46,009,"South Dakota","Bon Homme County",5,20,74,54,20
050,46,009,"South Dakota","Bon Homme County",5,21,84,61,23
050,46,009,"South Dakota","Bon Homme County",5,22,94,69,25
050,46,009,"South Dakota","Bon Homme County",5,23,109,80,29
050,46,009,"South Dakota","Bon Homme County",5,24,107,73,34
050,46,009,"South Dakota","Bon Homme County",5,25,90,72,18
050,46,009,"South Dakota","Bon Homme County",5,26,104,67,37
050,46,009,"South Dakota","Bon Homme County",5,27,99,71,28
050,46,009,"South Dakota","Bon Homme County",5,28,98,74,24
050,46,009,"South Dakota","Bon Homme County",5,29,100,74,26
050,46,009,"South Dakota","Bon Homme County",5,30,89,75,14
050,46,009,"South Dakota","Bon Homme County",5,31,98,73,25
050,46,009,"South Dakota","Bon Homme County",5,32,67,41,26
050,46,009,"South Dakota","Bon Homme County",5,33,88,66,22
050,46,009,"South Dakota","Bon Homme County",5,34,91,66,25
050,46,009,"South Dakota","Bon Homme County",5,35,88,62,26
050,46,009,"South Dakota","Bon Homme County",5,36,101,78,23
050,46,009,"South Dakota","Bon Homme County",5,37,92,58,34
050,46,009,"South Dakota","Bon Homme County",5,38,97,65,32
050,46,009,"South Dakota","Bon Homme County",5,39,97,58,39
050,46,009,"South Dakota","Bon Homme County",5,40,113,78,35
050,46,009,"South Dakota","Bon Homme County",5,41,95,64,31
050,46,009,"South Dakota","Bon Homme County",5,42,95,65,30
050,46,009,"South Dakota","Bon Homme County",5,43,97,72,25
050,46,009,"South Dakota","Bon Homme County",5,44,72,50,22
050,46,009,"South Dakota","Bon Homme County",5,45,63,43,20
050,46,009,"South Dakota","Bon Homme County",5,46,86,58,28
050,46,009,"South Dakota","Bon Homme County",5,47,96,66,30
050,46,009,"South Dakota","Bon Homme County",5,48,89,57,32
050,46,009,"South Dakota","Bon Homme County",5,49,81,56,25
050,46,009,"South Dakota","Bon Homme County",5,50,76,49,27
050,46,009,"South Dakota","Bon Homme County",5,51,88,58,30
050,46,009,"South Dakota","Bon Homme County",5,52,81,52,29
050,46,009,"South Dakota","Bon Homme County",5,53,73,50,23
050,46,009,"South Dakota","Bon Homme County",5,54,76,41,35
050,46,009,"South Dakota","Bon Homme County",5,55,80,42,38
050,46,009,"South Dakota","Bon Homme County",5,56,73,45,28
050,46,009,"South Dakota","Bon Homme County",5,57,73,38,35
050,46,009,"South Dakota","Bon Homme County",5,58,84,44,40
050,46,009,"South Dakota","Bon Homme County",5,59,102,56,46
050,46,009,"South Dakota","Bon Homme County",5,60,98,51,47
050,46,009,"South Dakota","Bon Homme County",5,61,99,55,44
050,46,009,"South Dakota","Bon Homme County",5,62,100,63,37
050,46,009,"South Dakota","Bon Homme County",5,63,92,51,41
050,46,009,"South Dakota","Bon Homme County",5,64,100,57,43
050,46,009,"South Dakota","Bon Homme County",5,65,94,55,39
050,46,009,"South Dakota","Bon Homme County",5,66,111,68,43
050,46,009,"South Dakota","Bon Homme County",5,67,96,51,45
050,46,009,"South Dakota","Bon Homme County",5,68,90,49,41
050,46,009,"South Dakota","Bon Homme County",5,69,88,46,42
050,46,009,"South Dakota","Bon Homme County",5,70,84,42,42
050,46,009,"South Dakota","Bon Homme County",5,71,78,39,39
050,46,009,"South Dakota","Bon Homme County",5,72,69,29,40
050,46,009,"South Dakota","Bon Homme County",5,73,69,36,33
050,46,009,"South Dakota","Bon Homme County",5,74,67,33,34
050,46,009,"South Dakota","Bon Homme County",5,75,56,29,27
050,46,009,"South Dakota","Bon Homme County",5,76,63,37,26
050,46,009,"South Dakota","Bon Homme County",5,77,38,17,21
050,46,009,"South Dakota","Bon Homme County",5,78,44,24,20
050,46,009,"South Dakota","Bon Homme County",5,79,47,17,30
050,46,009,"South Dakota","Bon Homme County",5,80,46,19,27
050,46,009,"South Dakota","Bon Homme County",5,81,41,21,20
050,46,009,"South Dakota","Bon Homme County",5,82,36,20,16
050,46,009,"South Dakota","Bon Homme County",5,83,35,18,17
050,46,009,"South Dakota","Bon Homme County",5,84,28,15,13
050,46,009,"South Dakota","Bon Homme County",5,85,249,73,176
050,46,011,"South Dakota","Brookings County",1,0,412,206,206
050,46,011,"South Dakota","Brookings County",1,1,405,201,204
050,46,011,"South Dakota","Brookings County",1,2,418,211,207
050,46,011,"South Dakota","Brookings County",1,3,430,221,209
050,46,011,"South Dakota","Brookings County",1,4,429,235,194
050,46,011,"South Dakota","Brookings County",1,5,411,233,178
050,46,011,"South Dakota","Brookings County",1,6,413,214,199
050,46,011,"South Dakota","Brookings County",1,7,402,208,194
050,46,011,"South Dakota","Brookings County",1,8,400,198,202
050,46,011,"South Dakota","Brookings County",1,9,367,198,169
050,46,011,"South Dakota","Brookings County",1,10,383,198,185
050,46,011,"South Dakota","Brookings County",1,11,410,199,211
050,46,011,"South Dakota","Brookings County",1,12,429,223,206
050,46,011,"South Dakota","Brookings County",1,13,395,201,194
050,46,011,"South Dakota","Brookings County",1,14,404,196,208
050,46,011,"South Dakota","Brookings County",1,15,414,210,204
050,46,011,"South Dakota","Brookings County",1,16,420,232,188
050,46,011,"South Dakota","Brookings County",1,17,423,227,196
050,46,011,"South Dakota","Brookings County",1,18,811,360,451
050,46,011,"South Dakota","Brookings County",1,19,1791,932,859
050,46,011,"South Dakota","Brookings County",1,20,1447,680,767
050,46,011,"South Dakota","Brookings County",1,21,1626,792,834
050,46,011,"South Dakota","Brookings County",1,22,1263,655,608
050,46,011,"South Dakota","Brookings County",1,23,931,579,352
050,46,011,"South Dakota","Brookings County",1,24,604,354,250
050,46,011,"South Dakota","Brookings County",1,25,493,295,198
050,46,011,"South Dakota","Brookings County",1,26,457,257,200
050,46,011,"South Dakota","Brookings County",1,27,445,243,202
050,46,011,"South Dakota","Brookings County",1,28,460,256,204
050,46,011,"South Dakota","Brookings County",1,29,448,251,197
050,46,011,"South Dakota","Brookings County",1,30,406,253,153
050,46,011,"South Dakota","Brookings County",1,31,416,247,169
050,46,011,"South Dakota","Brookings County",1,32,400,211,189
050,46,011,"South Dakota","Brookings County",1,33,366,196,170
050,46,011,"South Dakota","Brookings County",1,34,433,238,195
050,46,011,"South Dakota","Brookings County",1,35,411,215,196
050,46,011,"South Dakota","Brookings County",1,36,422,217,205
050,46,011,"South Dakota","Brookings County",1,37,391,211,180
050,46,011,"South Dakota","Brookings County",1,38,379,193,186
050,46,011,"South Dakota","Brookings County",1,39,405,205,200
050,46,011,"South Dakota","Brookings County",1,40,371,206,165
050,46,011,"South Dakota","Brookings County",1,41,358,189,169
050,46,011,"South Dakota","Brookings County",1,42,340,180,160
050,46,011,"South Dakota","Brookings County",1,43,286,154,132
050,46,011,"South Dakota","Brookings County",1,44,284,157,127
050,46,011,"South Dakota","Brookings County",1,45,294,159,135
050,46,011,"South Dakota","Brookings County",1,46,280,147,133
050,46,011,"South Dakota","Brookings County",1,47,283,144,139
050,46,011,"South Dakota","Brookings County",1,48,310,164,146
050,46,011,"South Dakota","Brookings County",1,49,301,155,146
050,46,011,"South Dakota","Brookings County",1,50,289,143,146
050,46,011,"South Dakota","Brookings County",1,51,300,152,148
050,46,011,"South Dakota","Brookings County",1,52,261,139,122
050,46,011,"South Dakota","Brookings County",1,53,257,126,131
050,46,011,"South Dakota","Brookings County",1,54,306,164,142
050,46,011,"South Dakota","Brookings County",1,55,310,172,138
050,46,011,"South Dakota","Brookings County",1,56,328,174,154
050,46,011,"South Dakota","Brookings County",1,57,329,168,161
050,46,011,"South Dakota","Brookings County",1,58,336,178,158
050,46,011,"South Dakota","Brookings County",1,59,338,181,157
050,46,011,"South Dakota","Brookings County",1,60,318,165,153
050,46,011,"South Dakota","Brookings County",1,61,305,146,159
050,46,011,"South Dakota","Brookings County",1,62,338,173,165
050,46,011,"South Dakota","Brookings County",1,63,320,164,156
050,46,011,"South Dakota","Brookings County",1,64,347,175,172
050,46,011,"South Dakota","Brookings County",1,65,337,174,163
050,46,011,"South Dakota","Brookings County",1,66,312,159,153
050,46,011,"South Dakota","Brookings County",1,67,298,139,159
050,46,011,"South Dakota","Brookings County",1,68,299,136,163
050,46,011,"South Dakota","Brookings County",1,69,275,138,137
050,46,011,"South Dakota","Brookings County",1,70,249,128,121
050,46,011,"South Dakota","Brookings County",1,71,247,123,124
050,46,011,"South Dakota","Brookings County",1,72,234,118,116
050,46,011,"South Dakota","Brookings County",1,73,228,110,118
050,46,011,"South Dakota","Brookings County",1,74,154,70,84
050,46,011,"South Dakota","Brookings County",1,75,148,68,80
050,46,011,"South Dakota","Brookings County",1,76,143,67,76
050,46,011,"South Dakota","Brookings County",1,77,147,73,74
050,46,011,"South Dakota","Brookings County",1,78,145,72,73
050,46,011,"South Dakota","Brookings County",1,79,113,51,62
050,46,011,"South Dakota","Brookings County",1,80,118,47,71
050,46,011,"South Dakota","Brookings County",1,81,109,49,60
050,46,011,"South Dakota","Brookings County",1,82,108,45,63
050,46,011,"South Dakota","Brookings County",1,83,92,41,51
050,46,011,"South Dakota","Brookings County",1,84,88,35,53
050,46,011,"South Dakota","Brookings County",1,85,567,204,363
050,46,011,"South Dakota","Brookings County",2,0,400,204,196
050,46,011,"South Dakota","Brookings County",2,1,404,201,203
050,46,011,"South Dakota","Brookings County",2,2,414,207,207
050,46,011,"South Dakota","Brookings County",2,3,425,218,207
050,46,011,"South Dakota","Brookings County",2,4,427,230,197
050,46,011,"South Dakota","Brookings County",2,5,414,233,181
050,46,011,"South Dakota","Brookings County",2,6,413,221,192
050,46,011,"South Dakota","Brookings County",2,7,404,209,195
050,46,011,"South Dakota","Brookings County",2,8,401,200,201
050,46,011,"South Dakota","Brookings County",2,9,377,200,177
050,46,011,"South Dakota","Brookings County",2,10,380,200,180
050,46,011,"South Dakota","Brookings County",2,11,401,197,204
050,46,011,"South Dakota","Brookings County",2,12,423,217,206
050,46,011,"South Dakota","Brookings County",2,13,402,205,197
050,46,011,"South Dakota","Brookings County",2,14,402,197,205
050,46,011,"South Dakota","Brookings County",2,15,408,206,202
050,46,011,"South Dakota","Brookings County",2,16,420,228,192
050,46,011,"South Dakota","Brookings County",2,17,426,231,195
050,46,011,"South Dakota","Brookings County",2,18,809,359,450
050,46,011,"South Dakota","Brookings County",2,19,1789,929,860
050,46,011,"South Dakota","Brookings County",2,20,1465,690,775
050,46,011,"South Dakota","Brookings County",2,21,1622,788,834
050,46,011,"South Dakota","Brookings County",2,22,1254,654,600
050,46,011,"South Dakota","Brookings County",2,23,932,581,351
050,46,011,"South Dakota","Brookings County",2,24,601,352,249
050,46,011,"South Dakota","Brookings County",2,25,483,289,194
050,46,011,"South Dakota","Brookings County",2,26,452,255,197
050,46,011,"South Dakota","Brookings County",2,27,438,239,199
050,46,011,"South Dakota","Brookings County",2,28,449,250,199
050,46,011,"South Dakota","Brookings County",2,29,443,247,196
050,46,011,"South Dakota","Brookings County",2,30,417,252,165
050,46,011,"South Dakota","Brookings County",2,31,415,247,168
050,46,011,"South Dakota","Brookings County",2,32,397,216,181
050,46,011,"South Dakota","Brookings County",2,33,371,198,173
050,46,011,"South Dakota","Brookings County",2,34,415,226,189
050,46,011,"South Dakota","Brookings County",2,35,417,220,197
050,46,011,"South Dakota","Brookings County",2,36,416,216,200
050,46,011,"South Dakota","Brookings County",2,37,398,212,186
050,46,011,"South Dakota","Brookings County",2,38,383,198,185
050,46,011,"South Dakota","Brookings County",2,39,402,204,198
050,46,011,"South Dakota","Brookings County",2,40,382,207,175
050,46,011,"South Dakota","Brookings County",2,41,360,193,167
050,46,011,"South Dakota","Brookings County",2,42,340,181,159
050,46,011,"South Dakota","Brookings County",2,43,299,161,138
050,46,011,"South Dakota","Brookings County",2,44,282,155,127
050,46,011,"South Dakota","Brookings County",2,45,291,159,132
050,46,011,"South Dakota","Brookings County",2,46,281,149,132
050,46,011,"South Dakota","Brookings County",2,47,281,143,138
050,46,011,"South Dakota","Brookings County",2,48,303,159,144
050,46,011,"South Dakota","Brookings County",2,49,306,159,147
050,46,011,"South Dakota","Brookings County",2,50,292,146,146
050,46,011,"South Dakota","Brookings County",2,51,292,147,145
050,46,011,"South Dakota","Brookings County",2,52,265,139,126
050,46,011,"South Dakota","Brookings County",2,53,258,130,128
050,46,011,"South Dakota","Brookings County",2,54,290,152,138
050,46,011,"South Dakota","Brookings County",2,55,307,168,139
050,46,011,"South Dakota","Brookings County",2,56,324,174,150
050,46,011,"South Dakota","Brookings County",2,57,330,170,160
050,46,011,"South Dakota","Brookings County",2,58,334,176,158
050,46,011,"South Dakota","Brookings County",2,59,340,181,159
050,46,011,"South Dakota","Brookings County",2,60,318,166,152
050,46,011,"South Dakota","Brookings County",2,61,308,150,158
050,46,011,"South Dakota","Brookings County",2,62,330,168,162
050,46,011,"South Dakota","Brookings County",2,63,327,168,159
050,46,011,"South Dakota","Brookings County",2,64,339,172,167
050,46,011,"South Dakota","Brookings County",2,65,337,174,163
050,46,011,"South Dakota","Brookings County",2,66,316,162,154
050,46,011,"South Dakota","Brookings County",2,67,300,141,159
050,46,011,"South Dakota","Brookings County",2,68,301,138,163
050,46,011,"South Dakota","Brookings County",2,69,281,137,144
050,46,011,"South Dakota","Brookings County",2,70,253,130,123
050,46,011,"South Dakota","Brookings County",2,71,249,126,123
050,46,011,"South Dakota","Brookings County",2,72,234,116,118
050,46,011,"South Dakota","Brookings County",2,73,239,117,122
050,46,011,"South Dakota","Brookings County",2,74,160,73,87
050,46,011,"South Dakota","Brookings County",2,75,150,68,82
050,46,011,"South Dakota","Brookings County",2,76,142,67,75
050,46,011,"South Dakota","Brookings County",2,77,150,73,77
050,46,011,"South Dakota","Brookings County",2,78,144,71,73
050,46,011,"South Dakota","Brookings County",2,79,117,55,62
050,46,011,"South Dakota","Brookings County",2,80,118,49,69
050,46,011,"South Dakota","Brookings County",2,81,108,47,61
050,46,011,"South Dakota","Brookings County",2,82,108,44,64
050,46,011,"South Dakota","Brookings County",2,83,91,39,52
050,46,011,"South Dakota","Brookings County",2,84,89,37,52
050,46,011,"South Dakota","Brookings County",2,85,568,204,364
050,46,011,"South Dakota","Brookings County",3,0,367,179,188
050,46,011,"South Dakota","Brookings County",3,1,395,207,188
050,46,011,"South Dakota","Brookings County",3,2,409,197,212
050,46,011,"South Dakota","Brookings County",3,3,433,223,210
050,46,011,"South Dakota","Brookings County",3,4,424,218,206
050,46,011,"South Dakota","Brookings County",3,5,426,222,204
050,46,011,"South Dakota","Brookings County",3,6,416,233,183
050,46,011,"South Dakota","Brookings County",3,7,428,227,201
050,46,011,"South Dakota","Brookings County",3,8,414,213,201
050,46,011,"South Dakota","Brookings County",3,9,406,204,202
050,46,011,"South Dakota","Brookings County",3,10,384,206,178
050,46,011,"South Dakota","Brookings County",3,11,389,201,188
050,46,011,"South Dakota","Brookings County",3,12,416,204,212
050,46,011,"South Dakota","Brookings County",3,13,426,226,200
050,46,011,"South Dakota","Brookings County",3,14,397,198,199
050,46,011,"South Dakota","Brookings County",3,15,397,196,201
050,46,011,"South Dakota","Brookings County",3,16,413,207,206
050,46,011,"South Dakota","Brookings County",3,17,430,235,195
050,46,011,"South Dakota","Brookings County",3,18,828,377,451
050,46,011,"South Dakota","Brookings County",3,19,1815,956,859
050,46,011,"South Dakota","Brookings County",3,20,1464,694,770
050,46,011,"South Dakota","Brookings County",3,21,1665,801,864
050,46,011,"South Dakota","Brookings County",3,22,1283,672,611
050,46,011,"South Dakota","Brookings County",3,23,951,601,350
050,46,011,"South Dakota","Brookings County",3,24,619,362,257
050,46,011,"South Dakota","Brookings County",3,25,473,271,202
050,46,011,"South Dakota","Brookings County",3,26,455,258,197
050,46,011,"South Dakota","Brookings County",3,27,415,233,182
050,46,011,"South Dakota","Brookings County",3,28,436,239,197
050,46,011,"South Dakota","Brookings County",3,29,433,240,193
050,46,011,"South Dakota","Brookings County",3,30,441,233,208
050,46,011,"South Dakota","Brookings County",3,31,415,244,171
050,46,011,"South Dakota","Brookings County",3,32,414,249,165
050,46,011,"South Dakota","Brookings County",3,33,392,208,184
050,46,011,"South Dakota","Brookings County",3,34,372,198,174
050,46,011,"South Dakota","Brookings County",3,35,395,211,184
050,46,011,"South Dakota","Brookings County",3,36,413,222,191
050,46,011,"South Dakota","Brookings County",3,37,410,211,199
050,46,011,"South Dakota","Brookings County",3,38,400,216,184
050,46,011,"South Dakota","Brookings County",3,39,383,194,189
050,46,011,"South Dakota","Brookings County",3,40,410,209,201
050,46,011,"South Dakota","Brookings County",3,41,378,203,175
050,46,011,"South Dakota","Brookings County",3,42,362,198,164
050,46,011,"South Dakota","Brookings County",3,43,336,181,155
050,46,011,"South Dakota","Brookings County",3,44,297,160,137
050,46,011,"South Dakota","Brookings County",3,45,274,148,126
050,46,011,"South Dakota","Brookings County",3,46,285,153,132
050,46,011,"South Dakota","Brookings County",3,47,271,146,125
050,46,011,"South Dakota","Brookings County",3,48,277,144,133
050,46,011,"South Dakota","Brookings County",3,49,295,153,142
050,46,011,"South Dakota","Brookings County",3,50,308,158,150
050,46,011,"South Dakota","Brookings County",3,51,295,147,148
050,46,011,"South Dakota","Brookings County",3,52,287,141,146
050,46,011,"South Dakota","Brookings County",3,53,263,141,122
050,46,011,"South Dakota","Brookings County",3,54,254,131,123
050,46,011,"South Dakota","Brookings County",3,55,287,150,137
050,46,011,"South Dakota","Brookings County",3,56,304,166,138
050,46,011,"South Dakota","Brookings County",3,57,323,171,152
050,46,011,"South Dakota","Brookings County",3,58,323,162,161
050,46,011,"South Dakota","Brookings County",3,59,333,178,155
050,46,011,"South Dakota","Brookings County",3,60,327,173,154
050,46,011,"South Dakota","Brookings County",3,61,327,163,164
050,46,011,"South Dakota","Brookings County",3,62,316,154,162
050,46,011,"South Dakota","Brookings County",3,63,329,171,158
050,46,011,"South Dakota","Brookings County",3,64,325,168,157
050,46,011,"South Dakota","Brookings County",3,65,337,167,170
050,46,011,"South Dakota","Brookings County",3,66,326,170,156
050,46,011,"South Dakota","Brookings County",3,67,321,163,158
050,46,011,"South Dakota","Brookings County",3,68,301,138,163
050,46,011,"South Dakota","Brookings County",3,69,306,139,167
050,46,011,"South Dakota","Brookings County",3,70,275,134,141
050,46,011,"South Dakota","Brookings County",3,71,250,128,122
050,46,011,"South Dakota","Brookings County",3,72,246,122,124
050,46,011,"South Dakota","Brookings County",3,73,235,119,116
050,46,011,"South Dakota","Brookings County",3,74,241,119,122
050,46,011,"South Dakota","Brookings County",3,75,156,71,85
050,46,011,"South Dakota","Brookings County",3,76,150,72,78
050,46,011,"South Dakota","Brookings County",3,77,137,62,75
050,46,011,"South Dakota","Brookings County",3,78,151,72,79
050,46,011,"South Dakota","Brookings County",3,79,125,65,60
050,46,011,"South Dakota","Brookings County",3,80,124,57,67
050,46,011,"South Dakota","Brookings County",3,81,105,45,60
050,46,011,"South Dakota","Brookings County",3,82,111,46,65
050,46,011,"South Dakota","Brookings County",3,83,98,38,60
050,46,011,"South Dakota","Brookings County",3,84,85,36,49
050,46,011,"South Dakota","Brookings County",3,85,588,211,377
050,46,011,"South Dakota","Brookings County",4,0,386,204,182
050,46,011,"South Dakota","Brookings County",4,1,379,185,194
050,46,011,"South Dakota","Brookings County",4,2,405,209,196
050,46,011,"South Dakota","Brookings County",4,3,397,193,204
050,46,011,"South Dakota","Brookings County",4,4,437,219,218
050,46,011,"South Dakota","Brookings County",4,5,427,217,210
050,46,011,"South Dakota","Brookings County",4,6,437,223,214
050,46,011,"South Dakota","Brookings County",4,7,412,235,177
050,46,011,"South Dakota","Brookings County",4,8,433,227,206
050,46,011,"South Dakota","Brookings County",4,9,430,215,215
050,46,011,"South Dakota","Brookings County",4,10,409,209,200
050,46,011,"South Dakota","Brookings County",4,11,398,218,180
050,46,011,"South Dakota","Brookings County",4,12,392,206,186
050,46,011,"South Dakota","Brookings County",4,13,422,209,213
050,46,011,"South Dakota","Brookings County",4,14,441,230,211
050,46,011,"South Dakota","Brookings County",4,15,409,203,206
050,46,011,"South Dakota","Brookings County",4,16,419,202,217
050,46,011,"South Dakota","Brookings County",4,17,437,220,217
050,46,011,"South Dakota","Brookings County",4,18,848,387,461
050,46,011,"South Dakota","Brookings County",4,19,1870,1004,866
050,46,011,"South Dakota","Brookings County",4,20,1491,725,766
050,46,011,"South Dakota","Brookings County",4,21,1687,808,879
050,46,011,"South Dakota","Brookings County",4,22,1335,689,646
050,46,011,"South Dakota","Brookings County",4,23,952,607,345
050,46,011,"South Dakota","Brookings County",4,24,661,366,295
050,46,011,"South Dakota","Brookings County",4,25,519,304,215
050,46,011,"South Dakota","Brookings County",4,26,472,276,196
050,46,011,"South Dakota","Brookings County",4,27,445,264,181
050,46,011,"South Dakota","Brookings County",4,28,410,234,176
050,46,011,"South Dakota","Brookings County",4,29,429,233,196
050,46,011,"South Dakota","Brookings County",4,30,424,232,192
050,46,011,"South Dakota","Brookings County",4,31,443,241,202
050,46,011,"South Dakota","Brookings County",4,32,417,246,171
050,46,011,"South Dakota","Brookings County",4,33,422,255,167
050,46,011,"South Dakota","Brookings County",4,34,412,219,193
050,46,011,"South Dakota","Brookings County",4,35,387,204,183
050,46,011,"South Dakota","Brookings County",4,36,378,202,176
050,46,011,"South Dakota","Brookings County",4,37,420,225,195
050,46,011,"South Dakota","Brookings County",4,38,416,208,208
050,46,011,"South Dakota","Brookings County",4,39,397,213,184
050,46,011,"South Dakota","Brookings County",4,40,392,204,188
050,46,011,"South Dakota","Brookings County",4,41,397,196,201
050,46,011,"South Dakota","Brookings County",4,42,399,216,183
050,46,011,"South Dakota","Brookings County",4,43,357,197,160
050,46,011,"South Dakota","Brookings County",4,44,331,179,152
050,46,011,"South Dakota","Brookings County",4,45,299,158,141
050,46,011,"South Dakota","Brookings County",4,46,270,141,129
050,46,011,"South Dakota","Brookings County",4,47,291,155,136
050,46,011,"South Dakota","Brookings County",4,48,277,149,128
050,46,011,"South Dakota","Brookings County",4,49,280,142,138
050,46,011,"South Dakota","Brookings County",4,50,303,158,145
050,46,011,"South Dakota","Brookings County",4,51,313,156,157
050,46,011,"South Dakota","Brookings County",4,52,286,141,145
050,46,011,"South Dakota","Brookings County",4,53,289,144,145
050,46,011,"South Dakota","Brookings County",4,54,260,140,120
050,46,011,"South Dakota","Brookings County",4,55,256,130,126
050,46,011,"South Dakota","Brookings County",4,56,296,156,140
050,46,011,"South Dakota","Brookings County",4,57,308,168,140
050,46,011,"South Dakota","Brookings County",4,58,344,185,159
050,46,011,"South Dakota","Brookings County",4,59,327,164,163
050,46,011,"South Dakota","Brookings County",4,60,338,179,159
050,46,011,"South Dakota","Brookings County",4,61,326,169,157
050,46,011,"South Dakota","Brookings County",4,62,332,169,163
050,46,011,"South Dakota","Brookings County",4,63,313,156,157
050,46,011,"South Dakota","Brookings County",4,64,334,176,158
050,46,011,"South Dakota","Brookings County",4,65,321,162,159
050,46,011,"South Dakota","Brookings County",4,66,335,163,172
050,46,011,"South Dakota","Brookings County",4,67,328,173,155
050,46,011,"South Dakota","Brookings County",4,68,325,163,162
050,46,011,"South Dakota","Brookings County",4,69,291,131,160
050,46,011,"South Dakota","Brookings County",4,70,297,135,162
050,46,011,"South Dakota","Brookings County",4,71,276,131,145
050,46,011,"South Dakota","Brookings County",4,72,254,123,131
050,46,011,"South Dakota","Brookings County",4,73,241,119,122
050,46,011,"South Dakota","Brookings County",4,74,232,116,116
050,46,011,"South Dakota","Brookings County",4,75,242,122,120
050,46,011,"South Dakota","Brookings County",4,76,156,74,82
050,46,011,"South Dakota","Brookings County",4,77,151,71,80
050,46,011,"South Dakota","Brookings County",4,78,144,64,80
050,46,011,"South Dakota","Brookings County",4,79,136,65,71
050,46,011,"South Dakota","Brookings County",4,80,131,66,65
050,46,011,"South Dakota","Brookings County",4,81,112,52,60
050,46,011,"South Dakota","Brookings County",4,82,107,41,66
050,46,011,"South Dakota","Brookings County",4,83,97,40,57
050,46,011,"South Dakota","Brookings County",4,84,91,34,57
050,46,011,"South Dakota","Brookings County",4,85,601,218,383
050,46,011,"South Dakota","Brookings County",5,0,387,204,183
050,46,011,"South Dakota","Brookings County",5,1,385,186,199
050,46,011,"South Dakota","Brookings County",5,2,376,176,200
050,46,011,"South Dakota","Brookings County",5,3,407,213,194
050,46,011,"South Dakota","Brookings County",5,4,408,197,211
050,46,011,"South Dakota","Brookings County",5,5,443,226,217
050,46,011,"South Dakota","Brookings County",5,6,433,222,211
050,46,011,"South Dakota","Brookings County",5,7,444,228,216
050,46,011,"South Dakota","Brookings County",5,8,417,236,181
050,46,011,"South Dakota","Brookings County",5,9,426,219,207
050,46,011,"South Dakota","Brookings County",5,10,411,216,195
050,46,011,"South Dakota","Brookings County",5,11,413,208,205
050,46,011,"South Dakota","Brookings County",5,12,392,218,174
050,46,011,"South Dakota","Brookings County",5,13,396,204,192
050,46,011,"South Dakota","Brookings County",5,14,426,215,211
050,46,011,"South Dakota","Brookings County",5,15,445,229,216
050,46,011,"South Dakota","Brookings County",5,16,424,204,220
050,46,011,"South Dakota","Brookings County",5,17,434,208,226
050,46,011,"South Dakota","Brookings County",5,18,823,360,463
050,46,011,"South Dakota","Brookings County",5,19,1861,991,870
050,46,011,"South Dakota","Brookings County",5,20,1552,770,782
050,46,011,"South Dakota","Brookings County",5,21,1688,830,858
050,46,011,"South Dakota","Brookings County",5,22,1348,681,667
050,46,011,"South Dakota","Brookings County",5,23,1038,647,391
050,46,011,"South Dakota","Brookings County",5,24,632,373,259
050,46,011,"South Dakota","Brookings County",5,25,548,306,242
050,46,011,"South Dakota","Brookings County",5,26,487,270,217
050,46,011,"South Dakota","Brookings County",5,27,458,268,190
050,46,011,"South Dakota","Brookings County",5,28,417,247,170
050,46,011,"South Dakota","Brookings County",5,29,397,219,178
050,46,011,"South Dakota","Brookings County",5,30,430,244,186
050,46,011,"South Dakota","Brookings County",5,31,438,241,197
050,46,011,"South Dakota","Brookings County",5,32,435,241,194
050,46,011,"South Dakota","Brookings County",5,33,425,245,180
050,46,011,"South Dakota","Brookings County",5,34,413,253,160
050,46,011,"South Dakota","Brookings County",5,35,414,215,199
050,46,011,"South Dakota","Brookings County",5,36,384,203,181
050,46,011,"South Dakota","Brookings County",5,37,380,199,181
050,46,011,"South Dakota","Brookings County",5,38,441,236,205
050,46,011,"South Dakota","Brookings County",5,39,421,211,210
050,46,011,"South Dakota","Brookings County",5,40,389,207,182
050,46,011,"South Dakota","Brookings County",5,41,401,211,190
050,46,011,"South Dakota","Brookings County",5,42,397,196,201
050,46,011,"South Dakota","Brookings County",5,43,394,220,174
050,46,011,"South Dakota","Brookings County",5,44,361,201,160
050,46,011,"South Dakota","Brookings County",5,45,327,175,152
050,46,011,"South Dakota","Brookings County",5,46,296,156,140
050,46,011,"South Dakota","Brookings County",5,47,261,135,126
050,46,011,"South Dakota","Brookings County",5,48,296,159,137
050,46,011,"South Dakota","Brookings County",5,49,277,149,128
050,46,011,"South Dakota","Brookings County",5,50,286,146,140
050,46,011,"South Dakota","Brookings County",5,51,304,158,146
050,46,011,"South Dakota","Brookings County",5,52,313,155,158
050,46,011,"South Dakota","Brookings County",5,53,308,147,161
050,46,011,"South Dakota","Brookings County",5,54,296,149,147
050,46,011,"South Dakota","Brookings County",5,55,259,141,118
050,46,011,"South Dakota","Brookings County",5,56,258,127,131
050,46,011,"South Dakota","Brookings County",5,57,310,167,143
050,46,011,"South Dakota","Brookings County",5,58,310,168,142
050,46,011,"South Dakota","Brookings County",5,59,342,179,163
050,46,011,"South Dakota","Brookings County",5,60,332,165,167
050,46,011,"South Dakota","Brookings County",5,61,347,185,162
050,46,011,"South Dakota","Brookings County",5,62,329,173,156
050,46,011,"South Dakota","Brookings County",5,63,333,171,162
050,46,011,"South Dakota","Brookings County",5,64,309,155,154
050,46,011,"South Dakota","Brookings County",5,65,344,177,167
050,46,011,"South Dakota","Brookings County",5,66,309,156,153
050,46,011,"South Dakota","Brookings County",5,67,330,161,169
050,46,011,"South Dakota","Brookings County",5,68,330,175,155
050,46,011,"South Dakota","Brookings County",5,69,321,163,158
050,46,011,"South Dakota","Brookings County",5,70,283,126,157
050,46,011,"South Dakota","Brookings County",5,71,288,130,158
050,46,011,"South Dakota","Brookings County",5,72,273,126,147
050,46,011,"South Dakota","Brookings County",5,73,246,120,126
050,46,011,"South Dakota","Brookings County",5,74,237,120,117
050,46,011,"South Dakota","Brookings County",5,75,231,117,114
050,46,011,"South Dakota","Brookings County",5,76,230,117,113
050,46,011,"South Dakota","Brookings County",5,77,159,76,83
050,46,011,"South Dakota","Brookings County",5,78,161,75,86
050,46,011,"South Dakota","Brookings County",5,79,124,56,68
050,46,011,"South Dakota","Brookings County",5,80,143,68,75
050,46,011,"South Dakota","Brookings County",5,81,118,61,57
050,46,011,"South Dakota","Brookings County",5,82,108,45,63
050,46,011,"South Dakota","Brookings County",5,83,93,37,56
050,46,011,"South Dakota","Brookings County",5,84,93,36,57
050,46,011,"South Dakota","Brookings County",5,85,627,227,400
050,46,013,"South Dakota","Brown County",1,0,481,253,228
050,46,013,"South Dakota","Brown County",1,1,484,259,225
050,46,013,"South Dakota","Brown County",1,2,496,244,252
050,46,013,"South Dakota","Brown County",1,3,537,282,255
050,46,013,"South Dakota","Brown County",1,4,501,249,252
050,46,013,"South Dakota","Brown County",1,5,507,250,257
050,46,013,"South Dakota","Brown County",1,6,482,254,228
050,46,013,"South Dakota","Brown County",1,7,489,244,245
050,46,013,"South Dakota","Brown County",1,8,491,248,243
050,46,013,"South Dakota","Brown County",1,9,547,274,273
050,46,013,"South Dakota","Brown County",1,10,550,282,268
050,46,013,"South Dakota","Brown County",1,11,534,280,254
050,46,013,"South Dakota","Brown County",1,12,580,299,281
050,46,013,"South Dakota","Brown County",1,13,582,305,277
050,46,013,"South Dakota","Brown County",1,14,520,263,257
050,46,013,"South Dakota","Brown County",1,15,501,248,253
050,46,013,"South Dakota","Brown County",1,16,515,261,254
050,46,013,"South Dakota","Brown County",1,17,487,241,246
050,46,013,"South Dakota","Brown County",1,18,457,208,249
050,46,013,"South Dakota","Brown County",1,19,553,232,321
050,46,013,"South Dakota","Brown County",1,20,580,252,328
050,46,013,"South Dakota","Brown County",1,21,529,225,304
050,46,013,"South Dakota","Brown County",1,22,480,219,261
050,46,013,"South Dakota","Brown County",1,23,515,252,263
050,46,013,"South Dakota","Brown County",1,24,490,272,218
050,46,013,"South Dakota","Brown County",1,25,491,261,230
050,46,013,"South Dakota","Brown County",1,26,456,229,227
050,46,013,"South Dakota","Brown County",1,27,444,232,212
050,46,013,"South Dakota","Brown County",1,28,517,262,255
050,46,013,"South Dakota","Brown County",1,29,485,239,246
050,46,013,"South Dakota","Brown County",1,30,494,252,242
050,46,013,"South Dakota","Brown County",1,31,495,246,249
050,46,013,"South Dakota","Brown County",1,32,532,267,265
050,46,013,"South Dakota","Brown County",1,33,503,278,225
050,46,013,"South Dakota","Brown County",1,34,528,274,254
050,46,013,"South Dakota","Brown County",1,35,483,282,201
050,46,013,"South Dakota","Brown County",1,36,486,271,215
050,46,013,"South Dakota","Brown County",1,37,523,285,238
050,46,013,"South Dakota","Brown County",1,38,514,263,251
050,46,013,"South Dakota","Brown County",1,39,523,262,261
050,46,013,"South Dakota","Brown County",1,40,510,266,244
050,46,013,"South Dakota","Brown County",1,41,448,230,218
050,46,013,"South Dakota","Brown County",1,42,426,200,226
050,46,013,"South Dakota","Brown County",1,43,383,194,189
050,46,013,"South Dakota","Brown County",1,44,386,198,188
050,46,013,"South Dakota","Brown County",1,45,376,199,177
050,46,013,"South Dakota","Brown County",1,46,383,201,182
050,46,013,"South Dakota","Brown County",1,47,381,185,196
050,46,013,"South Dakota","Brown County",1,48,400,192,208
050,46,013,"South Dakota","Brown County",1,49,473,259,214
050,46,013,"South Dakota","Brown County",1,50,467,259,208
050,46,013,"South Dakota","Brown County",1,51,415,223,192
050,46,013,"South Dakota","Brown County",1,52,379,185,194
050,46,013,"South Dakota","Brown County",1,53,422,214,208
050,46,013,"South Dakota","Brown County",1,54,415,222,193
050,46,013,"South Dakota","Brown County",1,55,454,243,211
050,46,013,"South Dakota","Brown County",1,56,524,271,253
050,46,013,"South Dakota","Brown County",1,57,536,276,260
050,46,013,"South Dakota","Brown County",1,58,536,276,260
050,46,013,"South Dakota","Brown County",1,59,531,250,281
050,46,013,"South Dakota","Brown County",1,60,523,251,272
050,46,013,"South Dakota","Brown County",1,61,514,238,276
050,46,013,"South Dakota","Brown County",1,62,492,235,257
050,46,013,"South Dakota","Brown County",1,63,460,233,227
050,46,013,"South Dakota","Brown County",1,64,484,252,232
050,46,013,"South Dakota","Brown County",1,65,483,244,239
050,46,013,"South Dakota","Brown County",1,66,454,223,231
050,46,013,"South Dakota","Brown County",1,67,434,207,227
050,46,013,"South Dakota","Brown County",1,68,398,184,214
050,46,013,"South Dakota","Brown County",1,69,370,169,201
050,46,013,"South Dakota","Brown County",1,70,367,168,199
050,46,013,"South Dakota","Brown County",1,71,363,185,178
050,46,013,"South Dakota","Brown County",1,72,351,164,187
050,46,013,"South Dakota","Brown County",1,73,339,163,176
050,46,013,"South Dakota","Brown County",1,74,221,111,110
050,46,013,"South Dakota","Brown County",1,75,226,112,114
050,46,013,"South Dakota","Brown County",1,76,227,111,116
050,46,013,"South Dakota","Brown County",1,77,202,87,115
050,46,013,"South Dakota","Brown County",1,78,173,73,100
050,46,013,"South Dakota","Brown County",1,79,181,76,105
050,46,013,"South Dakota","Brown County",1,80,188,74,114
050,46,013,"South Dakota","Brown County",1,81,174,76,98
050,46,013,"South Dakota","Brown County",1,82,170,66,104
050,46,013,"South Dakota","Brown County",1,83,150,63,87
050,46,013,"South Dakota","Brown County",1,84,157,67,90
050,46,013,"South Dakota","Brown County",1,85,996,324,672
050,46,013,"South Dakota","Brown County",2,0,458,241,217
050,46,013,"South Dakota","Brown County",2,1,482,258,224
050,46,013,"South Dakota","Brown County",2,2,500,252,248
050,46,013,"South Dakota","Brown County",2,3,529,274,255
050,46,013,"South Dakota","Brown County",2,4,511,259,252
050,46,013,"South Dakota","Brown County",2,5,503,250,253
050,46,013,"South Dakota","Brown County",2,6,489,255,234
050,46,013,"South Dakota","Brown County",2,7,487,247,240
050,46,013,"South Dakota","Brown County",2,8,487,245,242
050,46,013,"South Dakota","Brown County",2,9,535,268,267
050,46,013,"South Dakota","Brown County",2,10,546,279,267
050,46,013,"South Dakota","Brown County",2,11,537,280,257
050,46,013,"South Dakota","Brown County",2,12,566,293,273
050,46,013,"South Dakota","Brown County",2,13,583,306,277
050,46,013,"South Dakota","Brown County",2,14,538,275,263
050,46,013,"South Dakota","Brown County",2,15,508,254,254
050,46,013,"South Dakota","Brown County",2,16,510,254,256
050,46,013,"South Dakota","Brown County",2,17,492,243,249
050,46,013,"South Dakota","Brown County",2,18,458,209,249
050,46,013,"South Dakota","Brown County",2,19,550,232,318
050,46,013,"South Dakota","Brown County",2,20,572,251,321
050,46,013,"South Dakota","Brown County",2,21,532,224,308
050,46,013,"South Dakota","Brown County",2,22,487,220,267
050,46,013,"South Dakota","Brown County",2,23,503,244,259
050,46,013,"South Dakota","Brown County",2,24,493,267,226
050,46,013,"South Dakota","Brown County",2,25,485,263,222
050,46,013,"South Dakota","Brown County",2,26,457,232,225
050,46,013,"South Dakota","Brown County",2,27,442,227,215
050,46,013,"South Dakota","Brown County",2,28,496,254,242
050,46,013,"South Dakota","Brown County",2,29,491,245,246
050,46,013,"South Dakota","Brown County",2,30,490,249,241
050,46,013,"South Dakota","Brown County",2,31,493,246,247
050,46,013,"South Dakota","Brown County",2,32,514,257,257
050,46,013,"South Dakota","Brown County",2,33,507,276,231
050,46,013,"South Dakota","Brown County",2,34,520,273,247
050,46,013,"South Dakota","Brown County",2,35,498,283,215
050,46,013,"South Dakota","Brown County",2,36,482,271,211
050,46,013,"South Dakota","Brown County",2,37,512,278,234
050,46,013,"South Dakota","Brown County",2,38,517,269,248
050,46,013,"South Dakota","Brown County",2,39,517,260,257
050,46,013,"South Dakota","Brown County",2,40,512,262,250
050,46,013,"South Dakota","Brown County",2,41,465,239,226
050,46,013,"South Dakota","Brown County",2,42,428,205,223
050,46,013,"South Dakota","Brown County",2,43,394,195,199
050,46,013,"South Dakota","Brown County",2,44,383,195,188
050,46,013,"South Dakota","Brown County",2,45,379,200,179
050,46,013,"South Dakota","Brown County",2,46,381,201,180
050,46,013,"South Dakota","Brown County",2,47,377,185,192
050,46,013,"South Dakota","Brown County",2,48,397,190,207
050,46,013,"South Dakota","Brown County",2,49,456,244,212
050,46,013,"South Dakota","Brown County",2,50,465,258,207
050,46,013,"South Dakota","Brown County",2,51,426,230,196
050,46,013,"South Dakota","Brown County",2,52,388,194,194
050,46,013,"South Dakota","Brown County",2,53,410,205,205
050,46,013,"South Dakota","Brown County",2,54,415,219,196
050,46,013,"South Dakota","Brown County",2,55,443,237,206
050,46,013,"South Dakota","Brown County",2,56,509,266,243
050,46,013,"South Dakota","Brown County",2,57,530,271,259
050,46,013,"South Dakota","Brown County",2,58,530,273,257
050,46,013,"South Dakota","Brown County",2,59,534,257,277
050,46,013,"South Dakota","Brown County",2,60,520,248,272
050,46,013,"South Dakota","Brown County",2,61,515,240,275
050,46,013,"South Dakota","Brown County",2,62,499,237,262
050,46,013,"South Dakota","Brown County",2,63,468,234,234
050,46,013,"South Dakota","Brown County",2,64,474,244,230
050,46,013,"South Dakota","Brown County",2,65,481,243,238
050,46,013,"South Dakota","Brown County",2,66,461,228,233
050,46,013,"South Dakota","Brown County",2,67,432,207,225
050,46,013,"South Dakota","Brown County",2,68,404,189,215
050,46,013,"South Dakota","Brown County",2,69,379,174,205
050,46,013,"South Dakota","Brown County",2,70,363,167,196
050,46,013,"South Dakota","Brown County",2,71,363,180,183
050,46,013,"South Dakota","Brown County",2,72,349,167,182
050,46,013,"South Dakota","Brown County",2,73,356,169,187
050,46,013,"South Dakota","Brown County",2,74,229,114,115
050,46,013,"South Dakota","Brown County",2,75,226,112,114
050,46,013,"South Dakota","Brown County",2,76,222,107,115
050,46,013,"South Dakota","Brown County",2,77,208,93,115
050,46,013,"South Dakota","Brown County",2,78,177,75,102
050,46,013,"South Dakota","Brown County",2,79,177,75,102
050,46,013,"South Dakota","Brown County",2,80,178,69,109
050,46,013,"South Dakota","Brown County",2,81,175,75,100
050,46,013,"South Dakota","Brown County",2,82,171,67,104
050,46,013,"South Dakota","Brown County",2,83,146,62,84
050,46,013,"South Dakota","Brown County",2,84,148,60,88
050,46,013,"South Dakota","Brown County",2,85,1005,329,676
050,46,013,"South Dakota","Brown County",3,0,412,211,201
050,46,013,"South Dakota","Brown County",3,1,451,236,215
050,46,013,"South Dakota","Brown County",3,2,474,260,214
050,46,013,"South Dakota","Brown County",3,3,470,229,241
050,46,013,"South Dakota","Brown County",3,4,513,265,248
050,46,013,"South Dakota","Brown County",3,5,517,262,255
050,46,013,"South Dakota","Brown County",3,6,484,237,247
050,46,013,"South Dakota","Brown County",3,7,511,274,237
050,46,013,"South Dakota","Brown County",3,8,501,247,254
050,46,013,"South Dakota","Brown County",3,9,488,248,240
050,46,013,"South Dakota","Brown County",3,10,539,273,266
050,46,013,"South Dakota","Brown County",3,11,554,280,274
050,46,013,"South Dakota","Brown County",3,12,527,274,253
050,46,013,"South Dakota","Brown County",3,13,573,298,275
050,46,013,"South Dakota","Brown County",3,14,579,304,275
050,46,013,"South Dakota","Brown County",3,15,530,269,261
050,46,013,"South Dakota","Brown County",3,16,503,251,252
050,46,013,"South Dakota","Brown County",3,17,507,251,256
050,46,013,"South Dakota","Brown County",3,18,487,227,260
050,46,013,"South Dakota","Brown County",3,19,528,232,296
050,46,013,"South Dakota","Brown County",3,20,531,224,307
050,46,013,"South Dakota","Brown County",3,21,564,238,326
050,46,013,"South Dakota","Brown County",3,22,525,238,287
050,46,013,"South Dakota","Brown County",3,23,500,240,260
050,46,013,"South Dakota","Brown County",3,24,484,235,249
050,46,013,"South Dakota","Brown County",3,25,487,268,219
050,46,013,"South Dakota","Brown County",3,26,467,249,218
050,46,013,"South Dakota","Brown County",3,27,455,228,227
050,46,013,"South Dakota","Brown County",3,28,449,232,217
050,46,013,"South Dakota","Brown County",3,29,498,253,245
050,46,013,"South Dakota","Brown County",3,30,485,240,245
050,46,013,"South Dakota","Brown County",3,31,476,247,229
050,46,013,"South Dakota","Brown County",3,32,483,245,238
050,46,013,"South Dakota","Brown County",3,33,510,245,265
050,46,013,"South Dakota","Brown County",3,34,498,268,230
050,46,013,"South Dakota","Brown County",3,35,524,279,245
050,46,013,"South Dakota","Brown County",3,36,498,287,211
050,46,013,"South Dakota","Brown County",3,37,480,272,208
050,46,013,"South Dakota","Brown County",3,38,515,282,233
050,46,013,"South Dakota","Brown County",3,39,516,274,242
050,46,013,"South Dakota","Brown County",3,40,510,253,257
050,46,013,"South Dakota","Brown County",3,41,496,252,244
050,46,013,"South Dakota","Brown County",3,42,470,242,228
050,46,013,"South Dakota","Brown County",3,43,424,205,219
050,46,013,"South Dakota","Brown County",3,44,401,202,199
050,46,013,"South Dakota","Brown County",3,45,385,190,195
050,46,013,"South Dakota","Brown County",3,46,372,198,174
050,46,013,"South Dakota","Brown County",3,47,388,206,182
050,46,013,"South Dakota","Brown County",3,48,372,183,189
050,46,013,"South Dakota","Brown County",3,49,384,179,205
050,46,013,"South Dakota","Brown County",3,50,451,240,211
050,46,013,"South Dakota","Brown County",3,51,454,251,203
050,46,013,"South Dakota","Brown County",3,52,426,227,199
050,46,013,"South Dakota","Brown County",3,53,381,189,192
050,46,013,"South Dakota","Brown County",3,54,408,206,202
050,46,013,"South Dakota","Brown County",3,55,423,222,201
050,46,013,"South Dakota","Brown County",3,56,439,237,202
050,46,013,"South Dakota","Brown County",3,57,501,266,235
050,46,013,"South Dakota","Brown County",3,58,519,261,258
050,46,013,"South Dakota","Brown County",3,59,528,273,255
050,46,013,"South Dakota","Brown County",3,60,542,262,280
050,46,013,"South Dakota","Brown County",3,61,518,246,272
050,46,013,"South Dakota","Brown County",3,62,516,246,270
050,46,013,"South Dakota","Brown County",3,63,487,234,253
050,46,013,"South Dakota","Brown County",3,64,463,228,235
050,46,013,"South Dakota","Brown County",3,65,476,246,230
050,46,013,"South Dakota","Brown County",3,66,469,238,231
050,46,013,"South Dakota","Brown County",3,67,436,212,224
050,46,013,"South Dakota","Brown County",3,68,435,209,226
050,46,013,"South Dakota","Brown County",3,69,398,186,212
050,46,013,"South Dakota","Brown County",3,70,377,174,203
050,46,013,"South Dakota","Brown County",3,71,356,165,191
050,46,013,"South Dakota","Brown County",3,72,351,168,183
050,46,013,"South Dakota","Brown County",3,73,341,166,175
050,46,013,"South Dakota","Brown County",3,74,346,159,187
050,46,013,"South Dakota","Brown County",3,75,223,108,115
050,46,013,"South Dakota","Brown County",3,76,222,106,116
050,46,013,"South Dakota","Brown County",3,77,214,101,113
050,46,013,"South Dakota","Brown County",3,78,191,84,107
050,46,013,"South Dakota","Brown County",3,79,171,69,102
050,46,013,"South Dakota","Brown County",3,80,170,71,99
050,46,013,"South Dakota","Brown County",3,81,167,64,103
050,46,013,"South Dakota","Brown County",3,82,167,64,103
050,46,013,"South Dakota","Brown County",3,83,155,67,88
050,46,013,"South Dakota","Brown County",3,84,130,52,78
050,46,013,"South Dakota","Brown County",3,85,971,312,659
050,46,013,"South Dakota","Brown County",4,0,397,207,190
050,46,013,"South Dakota","Brown County",4,1,401,200,201
050,46,013,"South Dakota","Brown County",4,2,443,231,212
050,46,013,"South Dakota","Brown County",4,3,486,267,219
050,46,013,"South Dakota","Brown County",4,4,463,225,238
050,46,013,"South Dakota","Brown County",4,5,500,258,242
050,46,013,"South Dakota","Brown County",4,6,507,257,250
050,46,013,"South Dakota","Brown County",4,7,493,245,248
050,46,013,"South Dakota","Brown County",4,8,506,276,230
050,46,013,"South Dakota","Brown County",4,9,500,249,251
050,46,013,"South Dakota","Brown County",4,10,480,245,235
050,46,013,"South Dakota","Brown County",4,11,537,264,273
050,46,013,"South Dakota","Brown County",4,12,550,276,274
050,46,013,"South Dakota","Brown County",4,13,527,274,253
050,46,013,"South Dakota","Brown County",4,14,567,290,277
050,46,013,"South Dakota","Brown County",4,15,579,310,269
050,46,013,"South Dakota","Brown County",4,16,538,272,266
050,46,013,"South Dakota","Brown County",4,17,505,253,252
050,46,013,"South Dakota","Brown County",4,18,488,231,257
050,46,013,"South Dakota","Brown County",4,19,534,243,291
050,46,013,"South Dakota","Brown County",4,20,476,222,254
050,46,013,"South Dakota","Brown County",4,21,484,196,288
050,46,013,"South Dakota","Brown County",4,22,585,251,334
050,46,013,"South Dakota","Brown County",4,23,538,259,279
050,46,013,"South Dakota","Brown County",4,24,474,253,221
050,46,013,"South Dakota","Brown County",4,25,465,237,228
050,46,013,"South Dakota","Brown County",4,26,485,248,237
050,46,013,"South Dakota","Brown County",4,27,471,239,232
050,46,013,"South Dakota","Brown County",4,28,453,219,234
050,46,013,"South Dakota","Brown County",4,29,434,220,214
050,46,013,"South Dakota","Brown County",4,30,478,246,232
050,46,013,"South Dakota","Brown County",4,31,494,250,244
050,46,013,"South Dakota","Brown County",4,32,472,247,225
050,46,013,"South Dakota","Brown County",4,33,473,238,235
050,46,013,"South Dakota","Brown County",4,34,502,235,267
050,46,013,"South Dakota","Brown County",4,35,502,263,239
050,46,013,"South Dakota","Brown County",4,36,522,278,244
050,46,013,"South Dakota","Brown County",4,37,470,270,200
050,46,013,"South Dakota","Brown County",4,38,472,268,204
050,46,013,"South Dakota","Brown County",4,39,501,269,232
050,46,013,"South Dakota","Brown County",4,40,516,267,249
050,46,013,"South Dakota","Brown County",4,41,527,269,258
050,46,013,"South Dakota","Brown County",4,42,495,254,241
050,46,013,"South Dakota","Brown County",4,43,457,237,220
050,46,013,"South Dakota","Brown County",4,44,408,186,222
050,46,013,"South Dakota","Brown County",4,45,394,200,194
050,46,013,"South Dakota","Brown County",4,46,386,192,194
050,46,013,"South Dakota","Brown County",4,47,379,197,182
050,46,013,"South Dakota","Brown County",4,48,380,195,185
050,46,013,"South Dakota","Brown County",4,49,370,181,189
050,46,013,"South Dakota","Brown County",4,50,382,181,201
050,46,013,"South Dakota","Brown County",4,51,436,227,209
050,46,013,"South Dakota","Brown County",4,52,446,251,195
050,46,013,"South Dakota","Brown County",4,53,421,220,201
050,46,013,"South Dakota","Brown County",4,54,387,189,198
050,46,013,"South Dakota","Brown County",4,55,406,207,199
050,46,013,"South Dakota","Brown County",4,56,425,226,199
050,46,013,"South Dakota","Brown County",4,57,436,237,199
050,46,013,"South Dakota","Brown County",4,58,499,263,236
050,46,013,"South Dakota","Brown County",4,59,522,260,262
050,46,013,"South Dakota","Brown County",4,60,526,276,250
050,46,013,"South Dakota","Brown County",4,61,537,261,276
050,46,013,"South Dakota","Brown County",4,62,513,252,261
050,46,013,"South Dakota","Brown County",4,63,520,249,271
050,46,013,"South Dakota","Brown County",4,64,481,233,248
050,46,013,"South Dakota","Brown County",4,65,470,227,243
050,46,013,"South Dakota","Brown County",4,66,466,244,222
050,46,013,"South Dakota","Brown County",4,67,458,235,223
050,46,013,"South Dakota","Brown County",4,68,428,209,219
050,46,013,"South Dakota","Brown County",4,69,422,202,220
050,46,013,"South Dakota","Brown County",4,70,393,185,208
050,46,013,"South Dakota","Brown County",4,71,367,166,201
050,46,013,"South Dakota","Brown County",4,72,346,158,188
050,46,013,"South Dakota","Brown County",4,73,342,165,177
050,46,013,"South Dakota","Brown County",4,74,324,161,163
050,46,013,"South Dakota","Brown County",4,75,339,159,180
050,46,013,"South Dakota","Brown County",4,76,216,102,114
050,46,013,"South Dakota","Brown County",4,77,211,97,114
050,46,013,"South Dakota","Brown County",4,78,200,93,107
050,46,013,"South Dakota","Brown County",4,79,188,82,106
050,46,013,"South Dakota","Brown County",4,80,161,65,96
050,46,013,"South Dakota","Brown County",4,81,161,66,95
050,46,013,"South Dakota","Brown County",4,82,157,52,105
050,46,013,"South Dakota","Brown County",4,83,156,61,95
050,46,013,"South Dakota","Brown County",4,84,142,57,85
050,46,013,"South Dakota","Brown County",4,85,953,313,640
050,46,013,"South Dakota","Brown County",5,0,407,214,193
050,46,013,"South Dakota","Brown County",5,1,397,199,198
050,46,013,"South Dakota","Brown County",5,2,397,194,203
050,46,013,"South Dakota","Brown County",5,3,447,239,208
050,46,013,"South Dakota","Brown County",5,4,486,266,220
050,46,013,"South Dakota","Brown County",5,5,454,217,237
050,46,013,"South Dakota","Brown County",5,6,497,250,247
050,46,013,"South Dakota","Brown County",5,7,529,265,264
050,46,013,"South Dakota","Brown County",5,8,486,246,240
050,46,013,"South Dakota","Brown County",5,9,494,269,225
050,46,013,"South Dakota","Brown County",5,10,496,237,259
050,46,013,"South Dakota","Brown County",5,11,479,243,236
050,46,013,"South Dakota","Brown County",5,12,526,261,265
050,46,013,"South Dakota","Brown County",5,13,547,279,268
050,46,013,"South Dakota","Brown County",5,14,525,272,253
050,46,013,"South Dakota","Brown County",5,15,575,292,283
050,46,013,"South Dakota","Brown County",5,16,579,309,270
050,46,013,"South Dakota","Brown County",5,17,528,271,257
050,46,013,"South Dakota","Brown County",5,18,476,231,245
050,46,013,"South Dakota","Brown County",5,19,532,238,294
050,46,013,"South Dakota","Brown County",5,20,491,240,251
050,46,013,"South Dakota","Brown County",5,21,435,194,241
050,46,013,"South Dakota","Brown County",5,22,462,197,265
050,46,013,"South Dakota","Brown County",5,23,560,248,312
050,46,013,"South Dakota","Brown County",5,24,524,265,259
050,46,013,"South Dakota","Brown County",5,25,492,266,226
050,46,013,"South Dakota","Brown County",5,26,454,233,221
050,46,013,"South Dakota","Brown County",5,27,463,232,231
050,46,013,"South Dakota","Brown County",5,28,474,247,227
050,46,013,"South Dakota","Brown County",5,29,446,209,237
050,46,013,"South Dakota","Brown County",5,30,432,226,206
050,46,013,"South Dakota","Brown County",5,31,477,242,235
050,46,013,"South Dakota","Brown County",5,32,497,251,246
050,46,013,"South Dakota","Brown County",5,33,476,243,233
050,46,013,"South Dakota","Brown County",5,34,465,232,233
050,46,013,"South Dakota","Brown County",5,35,510,240,270
050,46,013,"South Dakota","Brown County",5,36,500,269,231
050,46,013,"South Dakota","Brown County",5,37,516,273,243
050,46,013,"South Dakota","Brown County",5,38,454,261,193
050,46,013,"South Dakota","Brown County",5,39,474,272,202
050,46,013,"South Dakota","Brown County",5,40,497,267,230
050,46,013,"South Dakota","Brown County",5,41,515,270,245
050,46,013,"South Dakota","Brown County",5,42,527,266,261
050,46,013,"South Dakota","Brown County",5,43,501,257,244
050,46,013,"South Dakota","Brown County",5,44,456,241,215
050,46,013,"South Dakota","Brown County",5,45,410,186,224
050,46,013,"South Dakota","Brown County",5,46,398,193,205
050,46,013,"South Dakota","Brown County",5,47,377,185,192
050,46,013,"South Dakota","Brown County",5,48,372,186,186
050,46,013,"South Dakota","Brown County",5,49,382,198,184
050,46,013,"South Dakota","Brown County",5,50,368,179,189
050,46,013,"South Dakota","Brown County",5,51,387,180,207
050,46,013,"South Dakota","Brown County",5,52,442,231,211
050,46,013,"South Dakota","Brown County",5,53,445,246,199
050,46,013,"South Dakota","Brown County",5,54,420,221,199
050,46,013,"South Dakota","Brown County",5,55,385,188,197
050,46,013,"South Dakota","Brown County",5,56,396,203,193
050,46,013,"South Dakota","Brown County",5,57,410,218,192
050,46,013,"South Dakota","Brown County",5,58,428,231,197
050,46,013,"South Dakota","Brown County",5,59,492,256,236
050,46,013,"South Dakota","Brown County",5,60,516,259,257
050,46,013,"South Dakota","Brown County",5,61,525,277,248
050,46,013,"South Dakota","Brown County",5,62,524,258,266
050,46,013,"South Dakota","Brown County",5,63,504,251,253
050,46,013,"South Dakota","Brown County",5,64,515,246,269
050,46,013,"South Dakota","Brown County",5,65,477,231,246
050,46,013,"South Dakota","Brown County",5,66,451,220,231
050,46,013,"South Dakota","Brown County",5,67,452,233,219
050,46,013,"South Dakota","Brown County",5,68,463,238,225
050,46,013,"South Dakota","Brown County",5,69,425,207,218
050,46,013,"South Dakota","Brown County",5,70,417,202,215
050,46,013,"South Dakota","Brown County",5,71,381,179,202
050,46,013,"South Dakota","Brown County",5,72,366,162,204
050,46,013,"South Dakota","Brown County",5,73,337,153,184
050,46,013,"South Dakota","Brown County",5,74,327,155,172
050,46,013,"South Dakota","Brown County",5,75,320,160,160
050,46,013,"South Dakota","Brown County",5,76,331,157,174
050,46,013,"South Dakota","Brown County",5,77,206,96,110
050,46,013,"South Dakota","Brown County",5,78,201,92,109
050,46,013,"South Dakota","Brown County",5,79,193,88,105
050,46,013,"South Dakota","Brown County",5,80,178,80,98
050,46,013,"South Dakota","Brown County",5,81,154,59,95
050,46,013,"South Dakota","Brown County",5,82,153,56,97
050,46,013,"South Dakota","Brown County",5,83,141,51,90
050,46,013,"South Dakota","Brown County",5,84,142,51,91
050,46,013,"South Dakota","Brown County",5,85,967,317,650
050,46,015,"South Dakota","Brule County",1,0,64,33,31
050,46,015,"South Dakota","Brule County",1,1,62,30,32
050,46,015,"South Dakota","Brule County",1,2,71,39,32
050,46,015,"South Dakota","Brule County",1,3,56,36,20
050,46,015,"South Dakota","Brule County",1,4,58,34,24
050,46,015,"South Dakota","Brule County",1,5,82,44,38
050,46,015,"South Dakota","Brule County",1,6,64,29,35
050,46,015,"South Dakota","Brule County",1,7,63,29,34
050,46,015,"South Dakota","Brule County",1,8,77,37,40
050,46,015,"South Dakota","Brule County",1,9,69,34,35
050,46,015,"South Dakota","Brule County",1,10,77,35,42
050,46,015,"South Dakota","Brule County",1,11,89,40,49
050,46,015,"South Dakota","Brule County",1,12,87,42,45
050,46,015,"South Dakota","Brule County",1,13,77,42,35
050,46,015,"South Dakota","Brule County",1,14,80,42,38
050,46,015,"South Dakota","Brule County",1,15,80,40,40
050,46,015,"South Dakota","Brule County",1,16,67,39,28
050,46,015,"South Dakota","Brule County",1,17,69,36,33
050,46,015,"South Dakota","Brule County",1,18,54,33,21
050,46,015,"South Dakota","Brule County",1,19,60,38,22
050,46,015,"South Dakota","Brule County",1,20,59,36,23
050,46,015,"South Dakota","Brule County",1,21,64,26,38
050,46,015,"South Dakota","Brule County",1,22,50,25,25
050,46,015,"South Dakota","Brule County",1,23,53,28,25
050,46,015,"South Dakota","Brule County",1,24,50,28,22
050,46,015,"South Dakota","Brule County",1,25,64,32,32
050,46,015,"South Dakota","Brule County",1,26,54,27,27
050,46,015,"South Dakota","Brule County",1,27,49,23,26
050,46,015,"South Dakota","Brule County",1,28,64,31,33
050,46,015,"South Dakota","Brule County",1,29,39,19,20
050,46,015,"South Dakota","Brule County",1,30,53,23,30
050,46,015,"South Dakota","Brule County",1,31,44,23,21
050,46,015,"South Dakota","Brule County",1,32,40,21,19
050,46,015,"South Dakota","Brule County",1,33,52,26,26
050,46,015,"South Dakota","Brule County",1,34,54,28,26
050,46,015,"South Dakota","Brule County",1,35,52,26,26
050,46,015,"South Dakota","Brule County",1,36,53,22,31
050,46,015,"South Dakota","Brule County",1,37,56,30,26
050,46,015,"South Dakota","Brule County",1,38,56,27,29
050,46,015,"South Dakota","Brule County",1,39,60,31,29
050,46,015,"South Dakota","Brule County",1,40,60,28,32
050,46,015,"South Dakota","Brule County",1,41,65,38,27
050,46,015,"South Dakota","Brule County",1,42,47,18,29
050,46,015,"South Dakota","Brule County",1,43,67,35,32
050,46,015,"South Dakota","Brule County",1,44,59,34,25
050,46,015,"South Dakota","Brule County",1,45,46,26,20
050,46,015,"South Dakota","Brule County",1,46,53,21,32
050,46,015,"South Dakota","Brule County",1,47,45,21,24
050,46,015,"South Dakota","Brule County",1,48,57,30,27
050,46,015,"South Dakota","Brule County",1,49,96,40,56
050,46,015,"South Dakota","Brule County",1,50,85,51,34
050,46,015,"South Dakota","Brule County",1,51,86,57,29
050,46,015,"South Dakota","Brule County",1,52,73,37,36
050,46,015,"South Dakota","Brule County",1,53,56,29,27
050,46,015,"South Dakota","Brule County",1,54,74,42,32
050,46,015,"South Dakota","Brule County",1,55,69,38,31
050,46,015,"South Dakota","Brule County",1,56,74,38,36
050,46,015,"South Dakota","Brule County",1,57,78,44,34
050,46,015,"South Dakota","Brule County",1,58,75,35,40
050,46,015,"South Dakota","Brule County",1,59,75,36,39
050,46,015,"South Dakota","Brule County",1,60,91,40,51
050,46,015,"South Dakota","Brule County",1,61,84,49,35
050,46,015,"South Dakota","Brule County",1,62,83,39,44
050,46,015,"South Dakota","Brule County",1,63,80,47,33
050,46,015,"South Dakota","Brule County",1,64,96,62,34
050,46,015,"South Dakota","Brule County",1,65,69,40,29
050,46,015,"South Dakota","Brule County",1,66,69,34,35
050,46,015,"South Dakota","Brule County",1,67,56,32,24
050,46,015,"South Dakota","Brule County",1,68,67,41,26
050,46,015,"South Dakota","Brule County",1,69,72,34,38
050,46,015,"South Dakota","Brule County",1,70,54,29,25
050,46,015,"South Dakota","Brule County",1,71,55,23,32
050,46,015,"South Dakota","Brule County",1,72,33,15,18
050,46,015,"South Dakota","Brule County",1,73,34,15,19
050,46,015,"South Dakota","Brule County",1,74,21,10,11
050,46,015,"South Dakota","Brule County",1,75,32,17,15
050,46,015,"South Dakota","Brule County",1,76,42,14,28
050,46,015,"South Dakota","Brule County",1,77,35,18,17
050,46,015,"South Dakota","Brule County",1,78,22,8,14
050,46,015,"South Dakota","Brule County",1,79,21,7,14
050,46,015,"South Dakota","Brule County",1,80,31,14,17
050,46,015,"South Dakota","Brule County",1,81,25,11,14
050,46,015,"South Dakota","Brule County",1,82,21,11,10
050,46,015,"South Dakota","Brule County",1,83,23,12,11
050,46,015,"South Dakota","Brule County",1,84,26,14,12
050,46,015,"South Dakota","Brule County",1,85,186,50,136
050,46,015,"South Dakota","Brule County",2,0,57,26,31
050,46,015,"South Dakota","Brule County",2,1,64,31,33
050,46,015,"South Dakota","Brule County",2,2,70,38,32
050,46,015,"South Dakota","Brule County",2,3,60,36,24
050,46,015,"South Dakota","Brule County",2,4,59,36,23
050,46,015,"South Dakota","Brule County",2,5,77,42,35
050,46,015,"South Dakota","Brule County",2,6,69,33,36
050,46,015,"South Dakota","Brule County",2,7,62,28,34
050,46,015,"South Dakota","Brule County",2,8,73,35,38
050,46,015,"South Dakota","Brule County",2,9,72,35,37
050,46,015,"South Dakota","Brule County",2,10,76,36,40
050,46,015,"South Dakota","Brule County",2,11,88,40,48
050,46,015,"South Dakota","Brule County",2,12,88,42,46
050,46,015,"South Dakota","Brule County",2,13,79,41,38
050,46,015,"South Dakota","Brule County",2,14,79,42,37
050,46,015,"South Dakota","Brule County",2,15,77,39,38
050,46,015,"South Dakota","Brule County",2,16,72,40,32
050,46,015,"South Dakota","Brule County",2,17,70,38,32
050,46,015,"South Dakota","Brule County",2,18,56,33,23
050,46,015,"South Dakota","Brule County",2,19,58,38,20
050,46,015,"South Dakota","Brule County",2,20,60,37,23
050,46,015,"South Dakota","Brule County",2,21,62,25,37
050,46,015,"South Dakota","Brule County",2,22,51,25,26
050,46,015,"South Dakota","Brule County",2,23,53,28,25
050,46,015,"South Dakota","Brule County",2,24,53,30,23
050,46,015,"South Dakota","Brule County",2,25,64,31,33
050,46,015,"South Dakota","Brule County",2,26,54,28,26
050,46,015,"South Dakota","Brule County",2,27,50,23,27
050,46,015,"South Dakota","Brule County",2,28,65,31,34
050,46,015,"South Dakota","Brule County",2,29,42,20,22
050,46,015,"South Dakota","Brule County",2,30,49,21,28
050,46,015,"South Dakota","Brule County",2,31,45,23,22
050,46,015,"South Dakota","Brule County",2,32,40,21,19
050,46,015,"South Dakota","Brule County",2,33,50,25,25
050,46,015,"South Dakota","Brule County",2,34,51,28,23
050,46,015,"South Dakota","Brule County",2,35,52,26,26
050,46,015,"South Dakota","Brule County",2,36,51,22,29
050,46,015,"South Dakota","Brule County",2,37,54,27,27
050,46,015,"South Dakota","Brule County",2,38,57,28,29
050,46,015,"South Dakota","Brule County",2,39,58,30,28
050,46,015,"South Dakota","Brule County",2,40,60,28,32
050,46,015,"South Dakota","Brule County",2,41,66,38,28
050,46,015,"South Dakota","Brule County",2,42,50,20,30
050,46,015,"South Dakota","Brule County",2,43,63,33,30
050,46,015,"South Dakota","Brule County",2,44,60,34,26
050,46,015,"South Dakota","Brule County",2,45,48,26,22
050,46,015,"South Dakota","Brule County",2,46,51,22,29
050,46,015,"South Dakota","Brule County",2,47,47,22,25
050,46,015,"South Dakota","Brule County",2,48,54,29,25
050,46,015,"South Dakota","Brule County",2,49,96,40,56
050,46,015,"South Dakota","Brule County",2,50,86,53,33
050,46,015,"South Dakota","Brule County",2,51,87,57,30
050,46,015,"South Dakota","Brule County",2,52,74,37,37
050,46,015,"South Dakota","Brule County",2,53,55,28,27
050,46,015,"South Dakota","Brule County",2,54,73,42,31
050,46,015,"South Dakota","Brule County",2,55,68,37,31
050,46,015,"South Dakota","Brule County",2,56,71,36,35
050,46,015,"South Dakota","Brule County",2,57,81,46,35
050,46,015,"South Dakota","Brule County",2,58,73,35,38
050,46,015,"South Dakota","Brule County",2,59,76,36,40
050,46,015,"South Dakota","Brule County",2,60,89,39,50
050,46,015,"South Dakota","Brule County",2,61,84,48,36
050,46,015,"South Dakota","Brule County",2,62,83,40,43
050,46,015,"South Dakota","Brule County",2,63,84,48,36
050,46,015,"South Dakota","Brule County",2,64,94,60,34
050,46,015,"South Dakota","Brule County",2,65,71,41,30
050,46,015,"South Dakota","Brule County",2,66,70,36,34
050,46,015,"South Dakota","Brule County",2,67,59,32,27
050,46,015,"South Dakota","Brule County",2,68,64,39,25
050,46,015,"South Dakota","Brule County",2,69,71,35,36
050,46,015,"South Dakota","Brule County",2,70,58,30,28
050,46,015,"South Dakota","Brule County",2,71,57,24,33
050,46,015,"South Dakota","Brule County",2,72,36,17,19
050,46,015,"South Dakota","Brule County",2,73,34,14,20
050,46,015,"South Dakota","Brule County",2,74,22,10,12
050,46,015,"South Dakota","Brule County",2,75,29,15,14
050,46,015,"South Dakota","Brule County",2,76,41,14,27
050,46,015,"South Dakota","Brule County",2,77,35,18,17
050,46,015,"South Dakota","Brule County",2,78,24,9,15
050,46,015,"South Dakota","Brule County",2,79,22,7,15
050,46,015,"South Dakota","Brule County",2,80,29,13,16
050,46,015,"South Dakota","Brule County",2,81,24,10,14
050,46,015,"South Dakota","Brule County",2,82,20,10,10
050,46,015,"South Dakota","Brule County",2,83,23,12,11
050,46,015,"South Dakota","Brule County",2,84,26,14,12
050,46,015,"South Dakota","Brule County",2,85,186,52,134
050,46,015,"South Dakota","Brule County",3,0,67,36,31
050,46,015,"South Dakota","Brule County",3,1,59,31,28
050,46,015,"South Dakota","Brule County",3,2,69,38,31
050,46,015,"South Dakota","Brule County",3,3,72,40,32
050,46,015,"South Dakota","Brule County",3,4,49,32,17
050,46,015,"South Dakota","Brule County",3,5,63,37,26
050,46,015,"South Dakota","Brule County",3,6,76,45,31
050,46,015,"South Dakota","Brule County",3,7,65,30,35
050,46,015,"South Dakota","Brule County",3,8,62,28,34
050,46,015,"South Dakota","Brule County",3,9,77,39,38
050,46,015,"South Dakota","Brule County",3,10,76,38,38
050,46,015,"South Dakota","Brule County",3,11,76,37,39
050,46,015,"South Dakota","Brule County",3,12,86,36,50
050,46,015,"South Dakota","Brule County",3,13,86,42,44
050,46,015,"South Dakota","Brule County",3,14,78,41,37
050,46,015,"South Dakota","Brule County",3,15,78,42,36
050,46,015,"South Dakota","Brule County",3,16,73,38,35
050,46,015,"South Dakota","Brule County",3,17,67,36,31
050,46,015,"South Dakota","Brule County",3,18,56,32,24
050,46,015,"South Dakota","Brule County",3,19,49,30,19
050,46,015,"South Dakota","Brule County",3,20,59,38,21
050,46,015,"South Dakota","Brule County",3,21,62,29,33
050,46,015,"South Dakota","Brule County",3,22,62,28,34
050,46,015,"South Dakota","Brule County",3,23,56,26,30
050,46,015,"South Dakota","Brule County",3,24,52,27,25
050,46,015,"South Dakota","Brule County",3,25,60,30,30
050,46,015,"South Dakota","Brule County",3,26,48,27,21
050,46,015,"South Dakota","Brule County",3,27,54,28,26
050,46,015,"South Dakota","Brule County",3,28,67,35,32
050,46,015,"South Dakota","Brule County",3,29,49,22,27
050,46,015,"South Dakota","Brule County",3,30,45,20,25
050,46,015,"South Dakota","Brule County",3,31,52,23,29
050,46,015,"South Dakota","Brule County",3,32,46,22,24
050,46,015,"South Dakota","Brule County",3,33,46,21,25
050,46,015,"South Dakota","Brule County",3,34,46,26,20
050,46,015,"South Dakota","Brule County",3,35,47,25,22
050,46,015,"South Dakota","Brule County",3,36,54,26,28
050,46,015,"South Dakota","Brule County",3,37,50,24,26
050,46,015,"South Dakota","Brule County",3,38,58,27,31
050,46,015,"South Dakota","Brule County",3,39,55,28,27
050,46,015,"South Dakota","Brule County",3,40,55,29,26
050,46,015,"South Dakota","Brule County",3,41,71,40,31
050,46,015,"South Dakota","Brule County",3,42,65,29,36
050,46,015,"South Dakota","Brule County",3,43,48,28,20
050,46,015,"South Dakota","Brule County",3,44,63,34,29
050,46,015,"South Dakota","Brule County",3,45,50,26,24
050,46,015,"South Dakota","Brule County",3,46,50,26,24
050,46,015,"South Dakota","Brule County",3,47,47,21,26
050,46,015,"South Dakota","Brule County",3,48,48,22,26
050,46,015,"South Dakota","Brule County",3,49,91,37,54
050,46,015,"South Dakota","Brule County",3,50,83,56,27
050,46,015,"South Dakota","Brule County",3,51,90,56,34
050,46,015,"South Dakota","Brule County",3,52,73,36,37
050,46,015,"South Dakota","Brule County",3,53,53,27,26
050,46,015,"South Dakota","Brule County",3,54,68,41,27
050,46,015,"South Dakota","Brule County",3,55,65,36,29
050,46,015,"South Dakota","Brule County",3,56,62,30,32
050,46,015,"South Dakota","Brule County",3,57,85,49,36
050,46,015,"South Dakota","Brule County",3,58,66,31,35
050,46,015,"South Dakota","Brule County",3,59,71,35,36
050,46,015,"South Dakota","Brule County",3,60,84,37,47
050,46,015,"South Dakota","Brule County",3,61,91,47,44
050,46,015,"South Dakota","Brule County",3,62,85,45,40
050,46,015,"South Dakota","Brule County",3,63,88,50,38
050,46,015,"South Dakota","Brule County",3,64,86,53,33
050,46,015,"South Dakota","Brule County",3,65,77,43,34
050,46,015,"South Dakota","Brule County",3,66,73,44,29
050,46,015,"South Dakota","Brule County",3,67,66,33,33
050,46,015,"South Dakota","Brule County",3,68,57,33,24
050,46,015,"South Dakota","Brule County",3,69,65,40,25
050,46,015,"South Dakota","Brule County",3,70,72,33,39
050,46,015,"South Dakota","Brule County",3,71,68,29,39
050,46,015,"South Dakota","Brule County",3,72,44,22,22
050,46,015,"South Dakota","Brule County",3,73,39,16,23
050,46,015,"South Dakota","Brule County",3,74,31,14,17
050,46,015,"South Dakota","Brule County",3,75,23,12,11
050,46,015,"South Dakota","Brule County",3,76,38,14,24
050,46,015,"South Dakota","Brule County",3,77,34,17,17
050,46,015,"South Dakota","Brule County",3,78,31,15,16
050,46,015,"South Dakota","Brule County",3,79,27,9,18
050,46,015,"South Dakota","Brule County",3,80,21,7,14
050,46,015,"South Dakota","Brule County",3,81,28,13,15
050,46,015,"South Dakota","Brule County",3,82,21,9,12
050,46,015,"South Dakota","Brule County",3,83,18,8,10
050,46,015,"South Dakota","Brule County",3,84,24,12,12
050,46,015,"South Dakota","Brule County",3,85,196,58,138
050,46,015,"South Dakota","Brule County",4,0,61,35,26
050,46,015,"South Dakota","Brule County",4,1,72,34,38
050,46,015,"South Dakota","Brule County",4,2,57,28,29
050,46,015,"South Dakota","Brule County",4,3,71,35,36
050,46,015,"South Dakota","Brule County",4,4,73,41,32
050,46,015,"South Dakota","Brule County",4,5,53,33,20
050,46,015,"South Dakota","Brule County",4,6,64,37,27
050,46,015,"South Dakota","Brule County",4,7,81,46,35
050,46,015,"South Dakota","Brule County",4,8,66,31,35
050,46,015,"South Dakota","Brule County",4,9,65,32,33
050,46,015,"South Dakota","Brule County",4,10,74,36,38
050,46,015,"South Dakota","Brule County",4,11,73,38,35
050,46,015,"South Dakota","Brule County",4,12,74,34,40
050,46,015,"South Dakota","Brule County",4,13,91,38,53
050,46,015,"South Dakota","Brule County",4,14,87,42,45
050,46,015,"South Dakota","Brule County",4,15,76,42,34
050,46,015,"South Dakota","Brule County",4,16,79,44,35
050,46,015,"South Dakota","Brule County",4,17,74,36,38
050,46,015,"South Dakota","Brule County",4,18,62,35,27
050,46,015,"South Dakota","Brule County",4,19,55,35,20
050,46,015,"South Dakota","Brule County",4,20,48,29,19
050,46,015,"South Dakota","Brule County",4,21,53,26,27
050,46,015,"South Dakota","Brule County",4,22,50,25,25
050,46,015,"South Dakota","Brule County",4,23,68,30,38
050,46,015,"South Dakota","Brule County",4,24,55,22,33
050,46,015,"South Dakota","Brule County",4,25,60,26,34
050,46,015,"South Dakota","Brule County",4,26,54,30,24
050,46,015,"South Dakota","Brule County",4,27,53,29,24
050,46,015,"South Dakota","Brule County",4,28,71,38,33
050,46,015,"South Dakota","Brule County",4,29,47,25,22
050,46,015,"South Dakota","Brule County",4,30,48,23,25
050,46,015,"South Dakota","Brule County",4,31,52,21,31
050,46,015,"South Dakota","Brule County",4,32,52,21,31
050,46,015,"South Dakota","Brule County",4,33,56,26,30
050,46,015,"South Dakota","Brule County",4,34,43,23,20
050,46,015,"South Dakota","Brule County",4,35,42,24,18
050,46,015,"South Dakota","Brule County",4,36,49,27,22
050,46,015,"South Dakota","Brule County",4,37,55,27,28
050,46,015,"South Dakota","Brule County",4,38,53,23,30
050,46,015,"South Dakota","Brule County",4,39,56,28,28
050,46,015,"South Dakota","Brule County",4,40,62,34,28
050,46,015,"South Dakota","Brule County",4,41,72,42,30
050,46,015,"South Dakota","Brule County",4,42,73,32,41
050,46,015,"South Dakota","Brule County",4,43,63,38,25
050,46,015,"South Dakota","Brule County",4,44,48,28,20
050,46,015,"South Dakota","Brule County",4,45,54,24,30
050,46,015,"South Dakota","Brule County",4,46,49,24,25
050,46,015,"South Dakota","Brule County",4,47,44,24,20
050,46,015,"South Dakota","Brule County",4,48,48,21,27
050,46,015,"South Dakota","Brule County",4,49,87,32,55
050,46,015,"South Dakota","Brule County",4,50,79,55,24
050,46,015,"South Dakota","Brule County",4,51,90,61,29
050,46,015,"South Dakota","Brule County",4,52,75,34,41
050,46,015,"South Dakota","Brule County",4,53,53,27,26
050,46,015,"South Dakota","Brule County",4,54,67,38,29
050,46,015,"South Dakota","Brule County",4,55,61,35,26
050,46,015,"South Dakota","Brule County",4,56,58,28,30
050,46,015,"South Dakota","Brule County",4,57,73,40,33
050,46,015,"South Dakota","Brule County",4,58,70,35,35
050,46,015,"South Dakota","Brule County",4,59,64,31,33
050,46,015,"South Dakota","Brule County",4,60,80,34,46
050,46,015,"South Dakota","Brule County",4,61,88,47,41
050,46,015,"South Dakota","Brule County",4,62,87,40,47
050,46,015,"South Dakota","Brule County",4,63,91,55,36
050,46,015,"South Dakota","Brule County",4,64,100,57,43
050,46,015,"South Dakota","Brule County",4,65,68,35,33
050,46,015,"South Dakota","Brule County",4,66,84,49,35
050,46,015,"South Dakota","Brule County",4,67,72,43,29
050,46,015,"South Dakota","Brule County",4,68,66,33,33
050,46,015,"South Dakota","Brule County",4,69,61,36,25
050,46,015,"South Dakota","Brule County",4,70,64,36,28
050,46,015,"South Dakota","Brule County",4,71,79,32,47
050,46,015,"South Dakota","Brule County",4,72,57,29,28
050,46,015,"South Dakota","Brule County",4,73,40,20,20
050,46,015,"South Dakota","Brule County",4,74,36,16,20
050,46,015,"South Dakota","Brule County",4,75,33,16,17
050,46,015,"South Dakota","Brule County",4,76,33,11,22
050,46,015,"South Dakota","Brule County",4,77,31,17,14
050,46,015,"South Dakota","Brule County",4,78,29,12,17
050,46,015,"South Dakota","Brule County",4,79,33,15,18
050,46,015,"South Dakota","Brule County",4,80,26,8,18
050,46,015,"South Dakota","Brule County",4,81,19,7,12
050,46,015,"South Dakota","Brule County",4,82,24,12,12
050,46,015,"South Dakota","Brule County",4,83,21,9,12
050,46,015,"South Dakota","Brule County",4,84,18,8,10
050,46,015,"South Dakota","Brule County",4,85,198,57,141
050,46,015,"South Dakota","Brule County",5,0,63,38,25
050,46,015,"South Dakota","Brule County",5,1,66,39,27
050,46,015,"South Dakota","Brule County",5,2,72,34,38
050,46,015,"South Dakota","Brule County",5,3,59,31,28
050,46,015,"South Dakota","Brule County",5,4,80,46,34
050,46,015,"South Dakota","Brule County",5,5,80,43,37
050,46,015,"South Dakota","Brule County",5,6,52,31,21
050,46,015,"South Dakota","Brule County",5,7,60,36,24
050,46,015,"South Dakota","Brule County",5,8,82,47,35
050,46,015,"South Dakota","Brule County",5,9,66,31,35
050,46,015,"South Dakota","Brule County",5,10,64,31,33
050,46,015,"South Dakota","Brule County",5,11,77,35,42
050,46,015,"South Dakota","Brule County",5,12,77,40,37
050,46,015,"South Dakota","Brule County",5,13,79,36,43
050,46,015,"South Dakota","Brule County",5,14,86,39,47
050,46,015,"South Dakota","Brule County",5,15,85,42,43
050,46,015,"South Dakota","Brule County",5,16,76,43,33
050,46,015,"South Dakota","Brule County",5,17,80,42,38
050,46,015,"South Dakota","Brule County",5,18,62,32,30
050,46,015,"South Dakota","Brule County",5,19,55,33,22
050,46,015,"South Dakota","Brule County",5,20,60,35,25
050,46,015,"South Dakota","Brule County",5,21,51,21,30
050,46,015,"South Dakota","Brule County",5,22,44,26,18
050,46,015,"South Dakota","Brule County",5,23,51,22,29
050,46,015,"South Dakota","Brule County",5,24,67,29,38
050,46,015,"South Dakota","Brule County",5,25,60,22,38
050,46,015,"South Dakota","Brule County",5,26,56,26,30
050,46,015,"South Dakota","Brule County",5,27,52,29,23
050,46,015,"South Dakota","Brule County",5,28,73,40,33
050,46,015,"South Dakota","Brule County",5,29,49,31,18
050,46,015,"South Dakota","Brule County",5,30,46,20,26
050,46,015,"South Dakota","Brule County",5,31,49,21,28
050,46,015,"South Dakota","Brule County",5,32,50,24,26
050,46,015,"South Dakota","Brule County",5,33,56,20,36
050,46,015,"South Dakota","Brule County",5,34,47,22,25
050,46,015,"South Dakota","Brule County",5,35,47,26,21
050,46,015,"South Dakota","Brule County",5,36,48,27,21
050,46,015,"South Dakota","Brule County",5,37,51,27,24
050,46,015,"South Dakota","Brule County",5,38,59,26,33
050,46,015,"South Dakota","Brule County",5,39,49,21,28
050,46,015,"South Dakota","Brule County",5,40,55,27,28
050,46,015,"South Dakota","Brule County",5,41,67,41,26
050,46,015,"South Dakota","Brule County",5,42,71,32,39
050,46,015,"South Dakota","Brule County",5,43,74,42,32
050,46,015,"South Dakota","Brule County",5,44,61,35,26
050,46,015,"South Dakota","Brule County",5,45,39,19,20
050,46,015,"South Dakota","Brule County",5,46,62,24,38
050,46,015,"South Dakota","Brule County",5,47,48,28,20
050,46,015,"South Dakota","Brule County",5,48,44,24,20
050,46,015,"South Dakota","Brule County",5,49,83,32,51
050,46,015,"South Dakota","Brule County",5,50,73,45,28
050,46,015,"South Dakota","Brule County",5,51,80,58,22
050,46,015,"South Dakota","Brule County",5,52,79,41,38
050,46,015,"South Dakota","Brule County",5,53,56,25,31
050,46,015,"South Dakota","Brule County",5,54,62,38,24
050,46,015,"South Dakota","Brule County",5,55,61,34,27
050,46,015,"South Dakota","Brule County",5,56,51,26,25
050,46,015,"South Dakota","Brule County",5,57,71,40,31
050,46,015,"South Dakota","Brule County",5,58,59,26,33
050,46,015,"South Dakota","Brule County",5,59,69,35,34
050,46,015,"South Dakota","Brule County",5,60,74,30,44
050,46,015,"South Dakota","Brule County",5,61,75,40,35
050,46,015,"South Dakota","Brule County",5,62,81,38,43
050,46,015,"South Dakota","Brule County",5,63,95,50,45
050,46,015,"South Dakota","Brule County",5,64,93,60,33
050,46,015,"South Dakota","Brule County",5,65,81,39,42
050,46,015,"South Dakota","Brule County",5,66,74,39,35
050,46,015,"South Dakota","Brule County",5,67,78,43,35
050,46,015,"South Dakota","Brule County",5,68,72,43,29
050,46,015,"South Dakota","Brule County",5,69,69,36,33
050,46,015,"South Dakota","Brule County",5,70,58,31,27
050,46,015,"South Dakota","Brule County",5,71,73,37,36
050,46,015,"South Dakota","Brule County",5,72,67,31,36
050,46,015,"South Dakota","Brule County",5,73,56,28,28
050,46,015,"South Dakota","Brule County",5,74,39,21,18
050,46,015,"South Dakota","Brule County",5,75,34,14,20
050,46,015,"South Dakota","Brule County",5,76,44,16,28
050,46,015,"South Dakota","Brule County",5,77,24,13,11
050,46,015,"South Dakota","Brule County",5,78,26,13,13
050,46,015,"South Dakota","Brule County",5,79,28,11,17
050,46,015,"South Dakota","Brule County",5,80,34,15,19
050,46,015,"South Dakota","Brule County",5,81,25,8,17
050,46,015,"South Dakota","Brule County",5,82,15,6,9
050,46,015,"South Dakota","Brule County",5,83,23,11,12
050,46,015,"South Dakota","Brule County",5,84,23,10,13
050,46,015,"South Dakota","Brule County",5,85,199,54,145
050,46,017,"South Dakota","Buffalo County",1,0,30,16,14
050,46,017,"South Dakota","Buffalo County",1,1,25,11,14
050,46,017,"South Dakota","Buffalo County",1,2,28,12,16
050,46,017,"South Dakota","Buffalo County",1,3,51,26,25
050,46,017,"South Dakota","Buffalo County",1,4,47,25,22
050,46,017,"South Dakota","Buffalo County",1,5,43,22,21
050,46,017,"South Dakota","Buffalo County",1,6,39,20,19
050,46,017,"South Dakota","Buffalo County",1,7,32,20,12
050,46,017,"South Dakota","Buffalo County",1,8,50,29,21
050,46,017,"South Dakota","Buffalo County",1,9,43,23,20
050,46,017,"South Dakota","Buffalo County",1,10,42,23,19
050,46,017,"South Dakota","Buffalo County",1,11,39,18,21
050,46,017,"South Dakota","Buffalo County",1,12,45,17,28
050,46,017,"South Dakota","Buffalo County",1,13,37,14,23
050,46,017,"South Dakota","Buffalo County",1,14,38,15,23
050,46,017,"South Dakota","Buffalo County",1,15,45,17,28
050,46,017,"South Dakota","Buffalo County",1,16,49,20,29
050,46,017,"South Dakota","Buffalo County",1,17,46,22,24
050,46,017,"South Dakota","Buffalo County",1,18,35,21,14
050,46,017,"South Dakota","Buffalo County",1,19,28,16,12
050,46,017,"South Dakota","Buffalo County",1,20,24,10,14
050,46,017,"South Dakota","Buffalo County",1,21,28,12,16
050,46,017,"South Dakota","Buffalo County",1,22,35,21,14
050,46,017,"South Dakota","Buffalo County",1,23,28,16,12
050,46,017,"South Dakota","Buffalo County",1,24,18,10,8
050,46,017,"South Dakota","Buffalo County",1,25,15,10,5
050,46,017,"South Dakota","Buffalo County",1,26,22,15,7
050,46,017,"South Dakota","Buffalo County",1,27,32,19,13
050,46,017,"South Dakota","Buffalo County",1,28,22,8,14
050,46,017,"South Dakota","Buffalo County",1,29,25,9,16
050,46,017,"South Dakota","Buffalo County",1,30,23,8,15
050,46,017,"South Dakota","Buffalo County",1,31,28,11,17
050,46,017,"South Dakota","Buffalo County",1,32,25,16,9
050,46,017,"South Dakota","Buffalo County",1,33,18,11,7
050,46,017,"South Dakota","Buffalo County",1,34,24,11,13
050,46,017,"South Dakota","Buffalo County",1,35,23,8,15
050,46,017,"South Dakota","Buffalo County",1,36,19,9,10
050,46,017,"South Dakota","Buffalo County",1,37,31,16,15
050,46,017,"South Dakota","Buffalo County",1,38,30,17,13
050,46,017,"South Dakota","Buffalo County",1,39,21,11,10
050,46,017,"South Dakota","Buffalo County",1,40,20,10,10
050,46,017,"South Dakota","Buffalo County",1,41,13,4,9
050,46,017,"South Dakota","Buffalo County",1,42,22,12,10
050,46,017,"South Dakota","Buffalo County",1,43,25,13,12
050,46,017,"South Dakota","Buffalo County",1,44,25,15,10
050,46,017,"South Dakota","Buffalo County",1,45,30,16,14
050,46,017,"South Dakota","Buffalo County",1,46,20,5,15
050,46,017,"South Dakota","Buffalo County",1,47,19,9,10
050,46,017,"South Dakota","Buffalo County",1,48,19,10,9
050,46,017,"South Dakota","Buffalo County",1,49,22,16,6
050,46,017,"South Dakota","Buffalo County",1,50,20,11,9
050,46,017,"South Dakota","Buffalo County",1,51,18,10,8
050,46,017,"South Dakota","Buffalo County",1,52,13,7,6
050,46,017,"South Dakota","Buffalo County",1,53,16,11,5
050,46,017,"South Dakota","Buffalo County",1,54,19,11,8
050,46,017,"South Dakota","Buffalo County",1,55,23,13,10
050,46,017,"South Dakota","Buffalo County",1,56,9,7,2
050,46,017,"South Dakota","Buffalo County",1,57,10,2,8
050,46,017,"South Dakota","Buffalo County",1,58,13,6,7
050,46,017,"South Dakota","Buffalo County",1,59,16,5,11
050,46,017,"South Dakota","Buffalo County",1,60,21,10,11
050,46,017,"South Dakota","Buffalo County",1,61,18,7,11
050,46,017,"South Dakota","Buffalo County",1,62,27,10,17
050,46,017,"South Dakota","Buffalo County",1,63,29,19,10
050,46,017,"South Dakota","Buffalo County",1,64,19,11,8
050,46,017,"South Dakota","Buffalo County",1,65,18,11,7
050,46,017,"South Dakota","Buffalo County",1,66,14,7,7
050,46,017,"South Dakota","Buffalo County",1,67,17,8,9
050,46,017,"South Dakota","Buffalo County",1,68,12,4,8
050,46,017,"South Dakota","Buffalo County",1,69,8,1,7
050,46,017,"South Dakota","Buffalo County",1,70,6,1,5
050,46,017,"South Dakota","Buffalo County",1,71,7,3,4
050,46,017,"South Dakota","Buffalo County",1,72,9,4,5
050,46,017,"South Dakota","Buffalo County",1,73,12,6,6
050,46,017,"South Dakota","Buffalo County",1,74,6,4,2
050,46,017,"South Dakota","Buffalo County",1,75,11,6,5
050,46,017,"South Dakota","Buffalo County",1,76,7,3,4
050,46,017,"South Dakota","Buffalo County",1,77,5,3,2
050,46,017,"South Dakota","Buffalo County",1,78,4,2,2
050,46,017,"South Dakota","Buffalo County",1,79,7,2,5
050,46,017,"South Dakota","Buffalo County",1,80,3,0,3
050,46,017,"South Dakota","Buffalo County",1,81,3,1,2
050,46,017,"South Dakota","Buffalo County",1,82,4,2,2
050,46,017,"South Dakota","Buffalo County",1,83,7,3,4
050,46,017,"South Dakota","Buffalo County",1,84,4,3,1
050,46,017,"South Dakota","Buffalo County",1,85,13,6,7
050,46,017,"South Dakota","Buffalo County",2,0,30,15,15
050,46,017,"South Dakota","Buffalo County",2,1,25,11,14
050,46,017,"South Dakota","Buffalo County",2,2,27,11,16
050,46,017,"South Dakota","Buffalo County",2,3,44,22,22
050,46,017,"South Dakota","Buffalo County",2,4,48,26,22
050,46,017,"South Dakota","Buffalo County",2,5,44,23,21
050,46,017,"South Dakota","Buffalo County",2,6,40,21,19
050,46,017,"South Dakota","Buffalo County",2,7,34,21,13
050,46,017,"South Dakota","Buffalo County",2,8,45,27,18
050,46,017,"South Dakota","Buffalo County",2,9,44,24,20
050,46,017,"South Dakota","Buffalo County",2,10,43,23,20
050,46,017,"South Dakota","Buffalo County",2,11,39,19,20
050,46,017,"South Dakota","Buffalo County",2,12,44,18,26
050,46,017,"South Dakota","Buffalo County",2,13,39,15,24
050,46,017,"South Dakota","Buffalo County",2,14,39,15,24
050,46,017,"South Dakota","Buffalo County",2,15,43,16,27
050,46,017,"South Dakota","Buffalo County",2,16,48,19,29
050,46,017,"South Dakota","Buffalo County",2,17,46,21,25
050,46,017,"South Dakota","Buffalo County",2,18,36,20,16
050,46,017,"South Dakota","Buffalo County",2,19,30,17,13
050,46,017,"South Dakota","Buffalo County",2,20,25,11,14
050,46,017,"South Dakota","Buffalo County",2,21,28,12,16
050,46,017,"South Dakota","Buffalo County",2,22,33,19,14
050,46,017,"South Dakota","Buffalo County",2,23,29,16,13
050,46,017,"South Dakota","Buffalo County",2,24,20,12,8
050,46,017,"South Dakota","Buffalo County",2,25,17,11,6
050,46,017,"South Dakota","Buffalo County",2,26,20,14,6
050,46,017,"South Dakota","Buffalo County",2,27,30,18,12
050,46,017,"South Dakota","Buffalo County",2,28,23,10,13
050,46,017,"South Dakota","Buffalo County",2,29,24,8,16
050,46,017,"South Dakota","Buffalo County",2,30,23,8,15
050,46,017,"South Dakota","Buffalo County",2,31,27,10,17
050,46,017,"South Dakota","Buffalo County",2,32,25,15,10
050,46,017,"South Dakota","Buffalo County",2,33,20,13,7
050,46,017,"South Dakota","Buffalo County",2,34,23,12,11
050,46,017,"South Dakota","Buffalo County",2,35,24,10,14
050,46,017,"South Dakota","Buffalo County",2,36,20,9,11
050,46,017,"South Dakota","Buffalo County",2,37,29,15,14
050,46,017,"South Dakota","Buffalo County",2,38,30,17,13
050,46,017,"South Dakota","Buffalo County",2,39,24,13,11
050,46,017,"South Dakota","Buffalo County",2,40,19,9,10
050,46,017,"South Dakota","Buffalo County",2,41,14,5,9
050,46,017,"South Dakota","Buffalo County",2,42,20,10,10
050,46,017,"South Dakota","Buffalo County",2,43,23,12,11
050,46,017,"South Dakota","Buffalo County",2,44,25,14,11
050,46,017,"South Dakota","Buffalo County",2,45,30,16,14
050,46,017,"South Dakota","Buffalo County",2,46,23,8,15
050,46,017,"South Dakota","Buffalo County",2,47,19,7,12
050,46,017,"South Dakota","Buffalo County",2,48,18,10,8
050,46,017,"South Dakota","Buffalo County",2,49,21,14,7
050,46,017,"South Dakota","Buffalo County",2,50,21,12,9
050,46,017,"South Dakota","Buffalo County",2,51,17,9,8
050,46,017,"South Dakota","Buffalo County",2,52,13,7,6
050,46,017,"South Dakota","Buffalo County",2,53,15,10,5
050,46,017,"South Dakota","Buffalo County",2,54,18,11,7
050,46,017,"South Dakota","Buffalo County",2,55,21,13,8
050,46,017,"South Dakota","Buffalo County",2,56,12,9,3
050,46,017,"South Dakota","Buffalo County",2,57,9,3,6
050,46,017,"South Dakota","Buffalo County",2,58,12,5,7
050,46,017,"South Dakota","Buffalo County",2,59,15,5,10
050,46,017,"South Dakota","Buffalo County",2,60,20,9,11
050,46,017,"South Dakota","Buffalo County",2,61,18,8,10
050,46,017,"South Dakota","Buffalo County",2,62,26,9,17
050,46,017,"South Dakota","Buffalo County",2,63,28,16,12
050,46,017,"South Dakota","Buffalo County",2,64,21,13,8
050,46,017,"South Dakota","Buffalo County",2,65,18,11,7
050,46,017,"South Dakota","Buffalo County",2,66,15,8,7
050,46,017,"South Dakota","Buffalo County",2,67,16,8,8
050,46,017,"South Dakota","Buffalo County",2,68,13,5,8
050,46,017,"South Dakota","Buffalo County",2,69,9,2,7
050,46,017,"South Dakota","Buffalo County",2,70,7,1,6
050,46,017,"South Dakota","Buffalo County",2,71,8,3,5
050,46,017,"South Dakota","Buffalo County",2,72,6,3,3
050,46,017,"South Dakota","Buffalo County",2,73,12,6,6
050,46,017,"South Dakota","Buffalo County",2,74,6,4,2
050,46,017,"South Dakota","Buffalo County",2,75,10,5,5
050,46,017,"South Dakota","Buffalo County",2,76,8,4,4
050,46,017,"South Dakota","Buffalo County",2,77,6,3,3
050,46,017,"South Dakota","Buffalo County",2,78,4,2,2
050,46,017,"South Dakota","Buffalo County",2,79,5,1,4
050,46,017,"South Dakota","Buffalo County",2,80,4,0,4
050,46,017,"South Dakota","Buffalo County",2,81,3,1,2
050,46,017,"South Dakota","Buffalo County",2,82,4,2,2
050,46,017,"South Dakota","Buffalo County",2,83,7,3,4
050,46,017,"South Dakota","Buffalo County",2,84,5,3,2
050,46,017,"South Dakota","Buffalo County",2,85,13,6,7
050,46,017,"South Dakota","Buffalo County",3,0,30,16,14
050,46,017,"South Dakota","Buffalo County",3,1,22,9,13
050,46,017,"South Dakota","Buffalo County",3,2,28,10,18
050,46,017,"South Dakota","Buffalo County",3,3,26,11,15
050,46,017,"South Dakota","Buffalo County",3,4,46,23,23
050,46,017,"South Dakota","Buffalo County",3,5,48,24,24
050,46,017,"South Dakota","Buffalo County",3,6,40,22,18
050,46,017,"South Dakota","Buffalo County",3,7,37,21,16
050,46,017,"South Dakota","Buffalo County",3,8,37,23,14
050,46,017,"South Dakota","Buffalo County",3,9,41,23,18
050,46,017,"South Dakota","Buffalo County",3,10,38,20,18
050,46,017,"South Dakota","Buffalo County",3,11,46,23,23
050,46,017,"South Dakota","Buffalo County",3,12,43,20,23
050,46,017,"South Dakota","Buffalo County",3,13,46,18,28
050,46,017,"South Dakota","Buffalo County",3,14,43,19,24
050,46,017,"South Dakota","Buffalo County",3,15,40,15,25
050,46,017,"South Dakota","Buffalo County",3,16,44,17,27
050,46,017,"South Dakota","Buffalo County",3,17,43,17,26
050,46,017,"South Dakota","Buffalo County",3,18,41,22,19
050,46,017,"South Dakota","Buffalo County",3,19,32,19,13
050,46,017,"South Dakota","Buffalo County",3,20,34,19,15
050,46,017,"South Dakota","Buffalo County",3,21,24,8,16
050,46,017,"South Dakota","Buffalo County",3,22,29,13,16
050,46,017,"South Dakota","Buffalo County",3,23,38,22,16
050,46,017,"South Dakota","Buffalo County",3,24,29,19,10
050,46,017,"South Dakota","Buffalo County",3,25,19,12,7
050,46,017,"South Dakota","Buffalo County",3,26,15,10,5
050,46,017,"South Dakota","Buffalo County",3,27,22,15,7
050,46,017,"South Dakota","Buffalo County",3,28,23,13,10
050,46,017,"South Dakota","Buffalo County",3,29,21,9,12
050,46,017,"South Dakota","Buffalo County",3,30,21,8,13
050,46,017,"South Dakota","Buffalo County",3,31,23,11,12
050,46,017,"South Dakota","Buffalo County",3,32,25,9,16
050,46,017,"South Dakota","Buffalo County",3,33,28,14,14
050,46,017,"South Dakota","Buffalo County",3,34,21,14,7
050,46,017,"South Dakota","Buffalo County",3,35,25,12,13
050,46,017,"South Dakota","Buffalo County",3,36,24,10,14
050,46,017,"South Dakota","Buffalo County",3,37,22,11,11
050,46,017,"South Dakota","Buffalo County",3,38,25,12,13
050,46,017,"South Dakota","Buffalo County",3,39,32,19,13
050,46,017,"South Dakota","Buffalo County",3,40,22,11,11
050,46,017,"South Dakota","Buffalo County",3,41,21,11,10
050,46,017,"South Dakota","Buffalo County",3,42,14,5,9
050,46,017,"South Dakota","Buffalo County",3,43,19,9,10
050,46,017,"South Dakota","Buffalo County",3,44,21,11,10
050,46,017,"South Dakota","Buffalo County",3,45,24,13,11
050,46,017,"South Dakota","Buffalo County",3,46,19,16,3
050,46,017,"South Dakota","Buffalo County",3,47,22,8,14
050,46,017,"South Dakota","Buffalo County",3,48,18,6,12
050,46,017,"South Dakota","Buffalo County",3,49,17,9,8
050,46,017,"South Dakota","Buffalo County",3,50,20,13,7
050,46,017,"South Dakota","Buffalo County",3,51,20,11,9
050,46,017,"South Dakota","Buffalo County",3,52,19,11,8
050,46,017,"South Dakota","Buffalo County",3,53,15,9,6
050,46,017,"South Dakota","Buffalo County",3,54,14,9,5
050,46,017,"South Dakota","Buffalo County",3,55,18,11,7
050,46,017,"South Dakota","Buffalo County",3,56,19,12,7
050,46,017,"South Dakota","Buffalo County",3,57,11,9,2
050,46,017,"South Dakota","Buffalo County",3,58,8,2,6
050,46,017,"South Dakota","Buffalo County",3,59,11,5,6
050,46,017,"South Dakota","Buffalo County",3,60,15,5,10
050,46,017,"South Dakota","Buffalo County",3,61,20,9,11
050,46,017,"South Dakota","Buffalo County",3,62,17,9,8
050,46,017,"South Dakota","Buffalo County",3,63,21,6,15
050,46,017,"South Dakota","Buffalo County",3,64,27,16,11
050,46,017,"South Dakota","Buffalo County",3,65,19,13,6
050,46,017,"South Dakota","Buffalo County",3,66,16,10,6
050,46,017,"South Dakota","Buffalo County",3,67,12,7,5
050,46,017,"South Dakota","Buffalo County",3,68,15,8,7
050,46,017,"South Dakota","Buffalo County",3,69,13,6,7
050,46,017,"South Dakota","Buffalo County",3,70,8,2,6
050,46,017,"South Dakota","Buffalo County",3,71,5,0,5
050,46,017,"South Dakota","Buffalo County",3,72,5,2,3
050,46,017,"South Dakota","Buffalo County",3,73,6,3,3
050,46,017,"South Dakota","Buffalo County",3,74,11,5,6
050,46,017,"South Dakota","Buffalo County",3,75,6,4,2
050,46,017,"South Dakota","Buffalo County",3,76,10,5,5
050,46,017,"South Dakota","Buffalo County",3,77,6,3,3
050,46,017,"South Dakota","Buffalo County",3,78,5,3,2
050,46,017,"South Dakota","Buffalo County",3,79,4,2,2
050,46,017,"South Dakota","Buffalo County",3,80,5,1,4
050,46,017,"South Dakota","Buffalo County",3,81,3,0,3
050,46,017,"South Dakota","Buffalo County",3,82,2,1,1
050,46,017,"South Dakota","Buffalo County",3,83,4,2,2
050,46,017,"South Dakota","Buffalo County",3,84,5,1,4
050,46,017,"South Dakota","Buffalo County",3,85,11,6,5
050,46,017,"South Dakota","Buffalo County",4,0,41,24,17
050,46,017,"South Dakota","Buffalo County",4,1,29,13,16
050,46,017,"South Dakota","Buffalo County",4,2,20,7,13
050,46,017,"South Dakota","Buffalo County",4,3,30,12,18
050,46,017,"South Dakota","Buffalo County",4,4,23,10,13
050,46,017,"South Dakota","Buffalo County",4,5,45,22,23
050,46,017,"South Dakota","Buffalo County",4,6,44,22,22
050,46,017,"South Dakota","Buffalo County",4,7,40,21,19
050,46,017,"South Dakota","Buffalo County",4,8,34,20,14
050,46,017,"South Dakota","Buffalo County",4,9,32,18,14
050,46,017,"South Dakota","Buffalo County",4,10,46,26,20
050,46,017,"South Dakota","Buffalo County",4,11,40,19,21
050,46,017,"South Dakota","Buffalo County",4,12,42,23,19
050,46,017,"South Dakota","Buffalo County",4,13,40,21,19
050,46,017,"South Dakota","Buffalo County",4,14,46,19,27
050,46,017,"South Dakota","Buffalo County",4,15,40,17,23
050,46,017,"South Dakota","Buffalo County",4,16,39,14,25
050,46,017,"South Dakota","Buffalo County",4,17,40,18,22
050,46,017,"South Dakota","Buffalo County",4,18,38,16,22
050,46,017,"South Dakota","Buffalo County",4,19,30,17,13
050,46,017,"South Dakota","Buffalo County",4,20,24,14,10
050,46,017,"South Dakota","Buffalo County",4,21,34,17,17
050,46,017,"South Dakota","Buffalo County",4,22,21,9,12
050,46,017,"South Dakota","Buffalo County",4,23,26,13,13
050,46,017,"South Dakota","Buffalo County",4,24,34,22,12
050,46,017,"South Dakota","Buffalo County",4,25,33,20,13
050,46,017,"South Dakota","Buffalo County",4,26,21,15,6
050,46,017,"South Dakota","Buffalo County",4,27,15,10,5
050,46,017,"South Dakota","Buffalo County",4,28,23,16,7
050,46,017,"South Dakota","Buffalo County",4,29,23,13,10
050,46,017,"South Dakota","Buffalo County",4,30,19,8,11
050,46,017,"South Dakota","Buffalo County",4,31,21,8,13
050,46,017,"South Dakota","Buffalo County",4,32,18,8,10
050,46,017,"South Dakota","Buffalo County",4,33,27,9,18
050,46,017,"South Dakota","Buffalo County",4,34,26,13,13
050,46,017,"South Dakota","Buffalo County",4,35,19,12,7
050,46,017,"South Dakota","Buffalo County",4,36,23,11,12
050,46,017,"South Dakota","Buffalo County",4,37,25,11,14
050,46,017,"South Dakota","Buffalo County",4,38,21,11,10
050,46,017,"South Dakota","Buffalo County",4,39,24,11,13
050,46,017,"South Dakota","Buffalo County",4,40,27,14,13
050,46,017,"South Dakota","Buffalo County",4,41,23,10,13
050,46,017,"South Dakota","Buffalo County",4,42,20,11,9
050,46,017,"South Dakota","Buffalo County",4,43,13,5,8
050,46,017,"South Dakota","Buffalo County",4,44,16,6,10
050,46,017,"South Dakota","Buffalo County",4,45,22,10,12
050,46,017,"South Dakota","Buffalo County",4,46,27,13,14
050,46,017,"South Dakota","Buffalo County",4,47,23,18,5
050,46,017,"South Dakota","Buffalo County",4,48,21,8,13
050,46,017,"South Dakota","Buffalo County",4,49,18,6,12
050,46,017,"South Dakota","Buffalo County",4,50,16,8,8
050,46,017,"South Dakota","Buffalo County",4,51,22,15,7
050,46,017,"South Dakota","Buffalo County",4,52,24,15,9
050,46,017,"South Dakota","Buffalo County",4,53,19,11,8
050,46,017,"South Dakota","Buffalo County",4,54,14,9,5
050,46,017,"South Dakota","Buffalo County",4,55,14,8,6
050,46,017,"South Dakota","Buffalo County",4,56,19,12,7
050,46,017,"South Dakota","Buffalo County",4,57,19,13,6
050,46,017,"South Dakota","Buffalo County",4,58,9,8,1
050,46,017,"South Dakota","Buffalo County",4,59,8,2,6
050,46,017,"South Dakota","Buffalo County",4,60,13,5,8
050,46,017,"South Dakota","Buffalo County",4,61,13,5,8
050,46,017,"South Dakota","Buffalo County",4,62,18,9,9
050,46,017,"South Dakota","Buffalo County",4,63,14,6,8
050,46,017,"South Dakota","Buffalo County",4,64,22,6,16
050,46,017,"South Dakota","Buffalo County",4,65,28,16,12
050,46,017,"South Dakota","Buffalo County",4,66,18,12,6
050,46,017,"South Dakota","Buffalo County",4,67,16,10,6
050,46,017,"South Dakota","Buffalo County",4,68,12,7,5
050,46,017,"South Dakota","Buffalo County",4,69,13,7,6
050,46,017,"South Dakota","Buffalo County",4,70,10,5,5
050,46,017,"South Dakota","Buffalo County",4,71,7,1,6
050,46,017,"South Dakota","Buffalo County",4,72,5,0,5
050,46,017,"South Dakota","Buffalo County",4,73,4,2,2
050,46,017,"South Dakota","Buffalo County",4,74,7,3,4
050,46,017,"South Dakota","Buffalo County",4,75,11,5,6
050,46,017,"South Dakota","Buffalo County",4,76,6,4,2
050,46,017,"South Dakota","Buffalo County",4,77,10,5,5
050,46,017,"South Dakota","Buffalo County",4,78,5,3,2
050,46,017,"South Dakota","Buffalo County",4,79,5,3,2
050,46,017,"South Dakota","Buffalo County",4,80,4,2,2
050,46,017,"South Dakota","Buffalo County",4,81,3,0,3
050,46,017,"South Dakota","Buffalo County",4,82,3,0,3
050,46,017,"South Dakota","Buffalo County",4,83,2,1,1
050,46,017,"South Dakota","Buffalo County",4,84,2,1,1
050,46,017,"South Dakota","Buffalo County",4,85,13,7,6
050,46,017,"South Dakota","Buffalo County",5,0,37,21,16
050,46,017,"South Dakota","Buffalo County",5,1,49,28,21
050,46,017,"South Dakota","Buffalo County",5,2,31,14,17
050,46,017,"South Dakota","Buffalo County",5,3,24,9,15
050,46,017,"South Dakota","Buffalo County",5,4,30,10,20
050,46,017,"South Dakota","Buffalo County",5,5,19,10,9
050,46,017,"South Dakota","Buffalo County",5,6,44,21,23
050,46,017,"South Dakota","Buffalo County",5,7,40,20,20
050,46,017,"South Dakota","Buffalo County",5,8,42,26,16
050,46,017,"South Dakota","Buffalo County",5,9,33,19,14
050,46,017,"South Dakota","Buffalo County",5,10,32,18,14
050,46,017,"South Dakota","Buffalo County",5,11,49,29,20
050,46,017,"South Dakota","Buffalo County",5,12,41,20,21
050,46,017,"South Dakota","Buffalo County",5,13,42,22,20
050,46,017,"South Dakota","Buffalo County",5,14,41,20,21
050,46,017,"South Dakota","Buffalo County",5,15,49,21,28
050,46,017,"South Dakota","Buffalo County",5,16,43,19,24
050,46,017,"South Dakota","Buffalo County",5,17,41,17,24
050,46,017,"South Dakota","Buffalo County",5,18,37,17,20
050,46,017,"South Dakota","Buffalo County",5,19,32,13,19
050,46,017,"South Dakota","Buffalo County",5,20,33,16,17
050,46,017,"South Dakota","Buffalo County",5,21,27,15,12
050,46,017,"South Dakota","Buffalo County",5,22,35,21,14
050,46,017,"South Dakota","Buffalo County",5,23,22,10,12
050,46,017,"South Dakota","Buffalo County",5,24,26,14,12
050,46,017,"South Dakota","Buffalo County",5,25,41,24,17
050,46,017,"South Dakota","Buffalo County",5,26,32,20,12
050,46,017,"South Dakota","Buffalo County",5,27,18,12,6
050,46,017,"South Dakota","Buffalo County",5,28,13,6,7
050,46,017,"South Dakota","Buffalo County",5,29,17,10,7
050,46,017,"South Dakota","Buffalo County",5,30,23,13,10
050,46,017,"South Dakota","Buffalo County",5,31,21,8,13
050,46,017,"South Dakota","Buffalo County",5,32,19,8,11
050,46,017,"South Dakota","Buffalo County",5,33,20,10,10
050,46,017,"South Dakota","Buffalo County",5,34,28,9,19
050,46,017,"South Dakota","Buffalo County",5,35,29,14,15
050,46,017,"South Dakota","Buffalo County",5,36,16,14,2
050,46,017,"South Dakota","Buffalo County",5,37,25,13,12
050,46,017,"South Dakota","Buffalo County",5,38,20,7,13
050,46,017,"South Dakota","Buffalo County",5,39,22,12,10
050,46,017,"South Dakota","Buffalo County",5,40,28,15,13
050,46,017,"South Dakota","Buffalo County",5,41,31,16,15
050,46,017,"South Dakota","Buffalo County",5,42,25,10,15
050,46,017,"South Dakota","Buffalo County",5,43,18,9,9
050,46,017,"South Dakota","Buffalo County",5,44,16,6,10
050,46,017,"South Dakota","Buffalo County",5,45,19,7,12
050,46,017,"South Dakota","Buffalo County",5,46,19,7,12
050,46,017,"South Dakota","Buffalo County",5,47,27,13,14
050,46,017,"South Dakota","Buffalo County",5,48,27,22,5
050,46,017,"South Dakota","Buffalo County",5,49,20,7,13
050,46,017,"South Dakota","Buffalo County",5,50,18,6,12
050,46,017,"South Dakota","Buffalo County",5,51,15,7,8
050,46,017,"South Dakota","Buffalo County",5,52,22,15,7
050,46,017,"South Dakota","Buffalo County",5,53,24,15,9
050,46,017,"South Dakota","Buffalo County",5,54,17,10,7
050,46,017,"South Dakota","Buffalo County",5,55,16,9,7
050,46,017,"South Dakota","Buffalo County",5,56,15,7,8
050,46,017,"South Dakota","Buffalo County",5,57,21,12,9
050,46,017,"South Dakota","Buffalo County",5,58,17,11,6
050,46,017,"South Dakota","Buffalo County",5,59,8,8,0
050,46,017,"South Dakota","Buffalo County",5,60,8,2,6
050,46,017,"South Dakota","Buffalo County",5,61,13,5,8
050,46,017,"South Dakota","Buffalo County",5,62,11,4,7
050,46,017,"South Dakota","Buffalo County",5,63,14,6,8
050,46,017,"South Dakota","Buffalo County",5,64,14,6,8
050,46,017,"South Dakota","Buffalo County",5,65,19,6,13
050,46,017,"South Dakota","Buffalo County",5,66,24,15,9
050,46,017,"South Dakota","Buffalo County",5,67,16,11,5
050,46,017,"South Dakota","Buffalo County",5,68,14,7,7
050,46,017,"South Dakota","Buffalo County",5,69,12,7,5
050,46,017,"South Dakota","Buffalo County",5,70,12,7,5
050,46,017,"South Dakota","Buffalo County",5,71,10,5,5
050,46,017,"South Dakota","Buffalo County",5,72,5,0,5
050,46,017,"South Dakota","Buffalo County",5,73,5,0,5
050,46,017,"South Dakota","Buffalo County",5,74,3,1,2
050,46,017,"South Dakota","Buffalo County",5,75,7,3,4
050,46,017,"South Dakota","Buffalo County",5,76,11,5,6
050,46,017,"South Dakota","Buffalo County",5,77,6,4,2
050,46,017,"South Dakota","Buffalo County",5,78,7,4,3
050,46,017,"South Dakota","Buffalo County",5,79,5,3,2
050,46,017,"South Dakota","Buffalo County",5,80,5,3,2
050,46,017,"South Dakota","Buffalo County",5,81,2,1,1
050,46,017,"South Dakota","Buffalo County",5,82,3,0,3
050,46,017,"South Dakota","Buffalo County",5,83,3,0,3
050,46,017,"South Dakota","Buffalo County",5,84,1,0,1
050,46,017,"South Dakota","Buffalo County",5,85,8,7,1
050,46,019,"South Dakota","Butte County",1,0,133,70,63
050,46,019,"South Dakota","Butte County",1,1,146,81,65
050,46,019,"South Dakota","Butte County",1,2,146,82,64
050,46,019,"South Dakota","Butte County",1,3,139,72,67
050,46,019,"South Dakota","Butte County",1,4,125,64,61
050,46,019,"South Dakota","Butte County",1,5,133,63,70
050,46,019,"South Dakota","Butte County",1,6,149,71,78
050,46,019,"South Dakota","Butte County",1,7,135,63,72
050,46,019,"South Dakota","Butte County",1,8,138,66,72
050,46,019,"South Dakota","Butte County",1,9,146,68,78
050,46,019,"South Dakota","Butte County",1,10,148,82,66
050,46,019,"South Dakota","Butte County",1,11,164,91,73
050,46,019,"South Dakota","Butte County",1,12,141,87,54
050,46,019,"South Dakota","Butte County",1,13,149,80,69
050,46,019,"South Dakota","Butte County",1,14,153,76,77
050,46,019,"South Dakota","Butte County",1,15,162,85,77
050,46,019,"South Dakota","Butte County",1,16,145,82,63
050,46,019,"South Dakota","Butte County",1,17,142,76,66
050,46,019,"South Dakota","Butte County",1,18,133,71,62
050,46,019,"South Dakota","Butte County",1,19,96,47,49
050,46,019,"South Dakota","Butte County",1,20,91,45,46
050,46,019,"South Dakota","Butte County",1,21,85,47,38
050,46,019,"South Dakota","Butte County",1,22,94,52,42
050,46,019,"South Dakota","Butte County",1,23,97,50,47
050,46,019,"South Dakota","Butte County",1,24,111,56,55
050,46,019,"South Dakota","Butte County",1,25,104,56,48
050,46,019,"South Dakota","Butte County",1,26,116,56,60
050,46,019,"South Dakota","Butte County",1,27,114,55,59
050,46,019,"South Dakota","Butte County",1,28,126,68,58
050,46,019,"South Dakota","Butte County",1,29,110,62,48
050,46,019,"South Dakota","Butte County",1,30,109,55,54
050,46,019,"South Dakota","Butte County",1,31,108,57,51
050,46,019,"South Dakota","Butte County",1,32,108,51,57
050,46,019,"South Dakota","Butte County",1,33,129,63,66
050,46,019,"South Dakota","Butte County",1,34,120,65,55
050,46,019,"South Dakota","Butte County",1,35,105,53,52
050,46,019,"South Dakota","Butte County",1,36,113,54,59
050,46,019,"South Dakota","Butte County",1,37,113,54,59
050,46,019,"South Dakota","Butte County",1,38,125,61,64
050,46,019,"South Dakota","Butte County",1,39,143,72,71
050,46,019,"South Dakota","Butte County",1,40,135,69,66
050,46,019,"South Dakota","Butte County",1,41,125,67,58
050,46,019,"South Dakota","Butte County",1,42,104,60,44
050,46,019,"South Dakota","Butte County",1,43,100,54,46
050,46,019,"South Dakota","Butte County",1,44,104,56,48
050,46,019,"South Dakota","Butte County",1,45,89,48,41
050,46,019,"South Dakota","Butte County",1,46,92,48,44
050,46,019,"South Dakota","Butte County",1,47,92,44,48
050,46,019,"South Dakota","Butte County",1,48,107,53,54
050,46,019,"South Dakota","Butte County",1,49,119,53,66
050,46,019,"South Dakota","Butte County",1,50,105,47,58
050,46,019,"South Dakota","Butte County",1,51,115,59,56
050,46,019,"South Dakota","Butte County",1,52,119,64,55
050,46,019,"South Dakota","Butte County",1,53,116,64,52
050,46,019,"South Dakota","Butte County",1,54,124,65,59
050,46,019,"South Dakota","Butte County",1,55,116,50,66
050,46,019,"South Dakota","Butte County",1,56,134,71,63
050,46,019,"South Dakota","Butte County",1,57,146,76,70
050,46,019,"South Dakota","Butte County",1,58,160,83,77
050,46,019,"South Dakota","Butte County",1,59,156,78,78
050,46,019,"South Dakota","Butte County",1,60,166,82,84
050,46,019,"South Dakota","Butte County",1,61,156,75,81
050,46,019,"South Dakota","Butte County",1,62,149,67,82
050,46,019,"South Dakota","Butte County",1,63,162,83,79
050,46,019,"South Dakota","Butte County",1,64,165,86,79
050,46,019,"South Dakota","Butte County",1,65,154,85,69
050,46,019,"South Dakota","Butte County",1,66,154,80,74
050,46,019,"South Dakota","Butte County",1,67,139,70,69
050,46,019,"South Dakota","Butte County",1,68,121,59,62
050,46,019,"South Dakota","Butte County",1,69,137,67,70
050,46,019,"South Dakota","Butte County",1,70,119,61,58
050,46,019,"South Dakota","Butte County",1,71,125,72,53
050,46,019,"South Dakota","Butte County",1,72,127,68,59
050,46,019,"South Dakota","Butte County",1,73,112,57,55
050,46,019,"South Dakota","Butte County",1,74,74,40,34
050,46,019,"South Dakota","Butte County",1,75,84,40,44
050,46,019,"South Dakota","Butte County",1,76,76,39,37
050,46,019,"South Dakota","Butte County",1,77,70,34,36
050,46,019,"South Dakota","Butte County",1,78,68,37,31
050,46,019,"South Dakota","Butte County",1,79,58,32,26
050,46,019,"South Dakota","Butte County",1,80,60,32,28
050,46,019,"South Dakota","Butte County",1,81,53,21,32
050,46,019,"South Dakota","Butte County",1,82,35,12,23
050,46,019,"South Dakota","Butte County",1,83,39,16,23
050,46,019,"South Dakota","Butte County",1,84,34,13,21
050,46,019,"South Dakota","Butte County",1,85,205,82,123
050,46,019,"South Dakota","Butte County",2,0,148,74,74
050,46,019,"South Dakota","Butte County",2,1,143,77,66
050,46,019,"South Dakota","Butte County",2,2,145,81,64
050,46,019,"South Dakota","Butte County",2,3,139,74,65
050,46,019,"South Dakota","Butte County",2,4,130,66,64
050,46,019,"South Dakota","Butte County",2,5,133,63,70
050,46,019,"South Dakota","Butte County",2,6,146,70,76
050,46,019,"South Dakota","Butte County",2,7,141,66,75
050,46,019,"South Dakota","Butte County",2,8,139,66,73
050,46,019,"South Dakota","Butte County",2,9,147,69,78
050,46,019,"South Dakota","Butte County",2,10,149,79,70
050,46,019,"South Dakota","Butte County",2,11,158,89,69
050,46,019,"South Dakota","Butte County",2,12,149,90,59
050,46,019,"South Dakota","Butte County",2,13,148,82,66
050,46,019,"South Dakota","Butte County",2,14,152,77,75
050,46,019,"South Dakota","Butte County",2,15,159,82,77
050,46,019,"South Dakota","Butte County",2,16,150,83,67
050,46,019,"South Dakota","Butte County",2,17,145,80,65
050,46,019,"South Dakota","Butte County",2,18,129,69,60
050,46,019,"South Dakota","Butte County",2,19,99,48,51
050,46,019,"South Dakota","Butte County",2,20,95,47,48
050,46,019,"South Dakota","Butte County",2,21,88,48,40
050,46,019,"South Dakota","Butte County",2,22,95,53,42
050,46,019,"South Dakota","Butte County",2,23,100,54,46
050,46,019,"South Dakota","Butte County",2,24,108,55,53
050,46,019,"South Dakota","Butte County",2,25,109,58,51
050,46,019,"South Dakota","Butte County",2,26,116,58,58
050,46,019,"South Dakota","Butte County",2,27,115,56,59
050,46,019,"South Dakota","Butte County",2,28,121,64,57
050,46,019,"South Dakota","Butte County",2,29,113,62,51
050,46,019,"South Dakota","Butte County",2,30,112,57,55
050,46,019,"South Dakota","Butte County",2,31,109,57,52
050,46,019,"South Dakota","Butte County",2,32,109,53,56
050,46,019,"South Dakota","Butte County",2,33,126,62,64
050,46,019,"South Dakota","Butte County",2,34,121,64,57
050,46,019,"South Dakota","Butte County",2,35,109,55,54
050,46,019,"South Dakota","Butte County",2,36,109,53,56
050,46,019,"South Dakota","Butte County",2,37,115,56,59
050,46,019,"South Dakota","Butte County",2,38,122,60,62
050,46,019,"South Dakota","Butte County",2,39,138,70,68
050,46,019,"South Dakota","Butte County",2,40,139,71,68
050,46,019,"South Dakota","Butte County",2,41,128,68,60
050,46,019,"South Dakota","Butte County",2,42,109,61,48
050,46,019,"South Dakota","Butte County",2,43,102,56,46
050,46,019,"South Dakota","Butte County",2,44,101,54,47
050,46,019,"South Dakota","Butte County",2,45,93,50,43
050,46,019,"South Dakota","Butte County",2,46,92,47,45
050,46,019,"South Dakota","Butte County",2,47,92,45,47
050,46,019,"South Dakota","Butte County",2,48,103,50,53
050,46,019,"South Dakota","Butte County",2,49,116,53,63
050,46,019,"South Dakota","Butte County",2,50,110,49,61
050,46,019,"South Dakota","Butte County",2,51,114,57,57
050,46,019,"South Dakota","Butte County",2,52,118,64,54
050,46,019,"South Dakota","Butte County",2,53,116,64,52
050,46,019,"South Dakota","Butte County",2,54,122,64,58
050,46,019,"South Dakota","Butte County",2,55,116,52,64
050,46,019,"South Dakota","Butte County",2,56,130,66,64
050,46,019,"South Dakota","Butte County",2,57,145,76,69
050,46,019,"South Dakota","Butte County",2,58,156,82,74
050,46,019,"South Dakota","Butte County",2,59,159,80,79
050,46,019,"South Dakota","Butte County",2,60,161,80,81
050,46,019,"South Dakota","Butte County",2,61,157,75,82
050,46,019,"South Dakota","Butte County",2,62,150,68,82
050,46,019,"South Dakota","Butte County",2,63,159,79,80
050,46,019,"South Dakota","Butte County",2,64,163,83,80
050,46,019,"South Dakota","Butte County",2,65,155,84,71
050,46,019,"South Dakota","Butte County",2,66,154,82,72
050,46,019,"South Dakota","Butte County",2,67,142,72,70
050,46,019,"South Dakota","Butte County",2,68,125,61,64
050,46,019,"South Dakota","Butte County",2,69,136,67,69
050,46,019,"South Dakota","Butte County",2,70,123,62,61
050,46,019,"South Dakota","Butte County",2,71,123,69,54
050,46,019,"South Dakota","Butte County",2,72,124,67,57
050,46,019,"South Dakota","Butte County",2,73,122,64,58
050,46,019,"South Dakota","Butte County",2,74,76,40,36
050,46,019,"South Dakota","Butte County",2,75,83,41,42
050,46,019,"South Dakota","Butte County",2,76,75,37,38
050,46,019,"South Dakota","Butte County",2,77,73,36,37
050,46,019,"South Dakota","Butte County",2,78,68,36,32
050,46,019,"South Dakota","Butte County",2,79,60,32,28
050,46,019,"South Dakota","Butte County",2,80,59,32,27
050,46,019,"South Dakota","Butte County",2,81,54,23,31
050,46,019,"South Dakota","Butte County",2,82,38,14,24
050,46,019,"South Dakota","Butte County",2,83,37,15,22
050,46,019,"South Dakota","Butte County",2,84,33,12,21
050,46,019,"South Dakota","Butte County",2,85,203,79,124
050,46,019,"South Dakota","Butte County",3,0,128,66,62
050,46,019,"South Dakota","Butte County",3,1,150,78,72
050,46,019,"South Dakota","Butte County",3,2,153,82,71
050,46,019,"South Dakota","Butte County",3,3,148,83,65
050,46,019,"South Dakota","Butte County",3,4,156,80,76
050,46,019,"South Dakota","Butte County",3,5,139,72,67
050,46,019,"South Dakota","Butte County",3,6,142,66,76
050,46,019,"South Dakota","Butte County",3,7,156,71,85
050,46,019,"South Dakota","Butte County",3,8,148,68,80
050,46,019,"South Dakota","Butte County",3,9,127,56,71
050,46,019,"South Dakota","Butte County",3,10,155,79,76
050,46,019,"South Dakota","Butte County",3,11,146,73,73
050,46,019,"South Dakota","Butte County",3,12,157,84,73
050,46,019,"South Dakota","Butte County",3,13,150,92,58
050,46,019,"South Dakota","Butte County",3,14,143,76,67
050,46,019,"South Dakota","Butte County",3,15,150,78,72
050,46,019,"South Dakota","Butte County",3,16,167,89,78
050,46,019,"South Dakota","Butte County",3,17,150,83,67
050,46,019,"South Dakota","Butte County",3,18,122,69,53
050,46,019,"South Dakota","Butte County",3,19,96,56,40
050,46,019,"South Dakota","Butte County",3,20,103,51,52
050,46,019,"South Dakota","Butte County",3,21,102,48,54
050,46,019,"South Dakota","Butte County",3,22,89,49,40
050,46,019,"South Dakota","Butte County",3,23,99,49,50
050,46,019,"South Dakota","Butte County",3,24,116,65,51
050,46,019,"South Dakota","Butte County",3,25,119,57,62
050,46,019,"South Dakota","Butte County",3,26,117,65,52
050,46,019,"South Dakota","Butte County",3,27,118,58,60
050,46,019,"South Dakota","Butte County",3,28,124,59,65
050,46,019,"South Dakota","Butte County",3,29,135,70,65
050,46,019,"South Dakota","Butte County",3,30,124,65,59
050,46,019,"South Dakota","Butte County",3,31,129,65,64
050,46,019,"South Dakota","Butte County",3,32,116,61,55
050,46,019,"South Dakota","Butte County",3,33,118,63,55
050,46,019,"South Dakota","Butte County",3,34,136,65,71
050,46,019,"South Dakota","Butte County",3,35,132,71,61
050,46,019,"South Dakota","Butte County",3,36,112,59,53
050,46,019,"South Dakota","Butte County",3,37,113,53,60
050,46,019,"South Dakota","Butte County",3,38,115,56,59
050,46,019,"South Dakota","Butte County",3,39,122,59,63
050,46,019,"South Dakota","Butte County",3,40,144,72,72
050,46,019,"South Dakota","Butte County",3,41,142,75,67
050,46,019,"South Dakota","Butte County",3,42,127,68,59
050,46,019,"South Dakota","Butte County",3,43,105,54,51
050,46,019,"South Dakota","Butte County",3,44,101,58,43
050,46,019,"South Dakota","Butte County",3,45,105,58,47
050,46,019,"South Dakota","Butte County",3,46,101,60,41
050,46,019,"South Dakota","Butte County",3,47,98,50,48
050,46,019,"South Dakota","Butte County",3,48,94,46,48
050,46,019,"South Dakota","Butte County",3,49,98,47,51
050,46,019,"South Dakota","Butte County",3,50,119,57,62
050,46,019,"South Dakota","Butte County",3,51,117,53,64
050,46,019,"South Dakota","Butte County",3,52,116,58,58
050,46,019,"South Dakota","Butte County",3,53,123,66,57
050,46,019,"South Dakota","Butte County",3,54,116,65,51
050,46,019,"South Dakota","Butte County",3,55,125,66,59
050,46,019,"South Dakota","Butte County",3,56,120,52,68
050,46,019,"South Dakota","Butte County",3,57,126,62,64
050,46,019,"South Dakota","Butte County",3,58,141,73,68
050,46,019,"South Dakota","Butte County",3,59,164,83,81
050,46,019,"South Dakota","Butte County",3,60,155,80,75
050,46,019,"South Dakota","Butte County",3,61,171,86,85
050,46,019,"South Dakota","Butte County",3,62,163,80,83
050,46,019,"South Dakota","Butte County",3,63,155,68,87
050,46,019,"South Dakota","Butte County",3,64,158,79,79
050,46,019,"South Dakota","Butte County",3,65,166,84,82
050,46,019,"South Dakota","Butte County",3,66,154,82,72
050,46,019,"South Dakota","Butte County",3,67,155,83,72
050,46,019,"South Dakota","Butte County",3,68,137,69,68
050,46,019,"South Dakota","Butte County",3,69,125,62,63
050,46,019,"South Dakota","Butte County",3,70,138,68,70
050,46,019,"South Dakota","Butte County",3,71,118,60,58
050,46,019,"South Dakota","Butte County",3,72,122,63,59
050,46,019,"South Dakota","Butte County",3,73,124,66,58
050,46,019,"South Dakota","Butte County",3,74,112,59,53
050,46,019,"South Dakota","Butte County",3,75,74,38,36
050,46,019,"South Dakota","Butte County",3,76,77,38,39
050,46,019,"South Dakota","Butte County",3,77,67,34,33
050,46,019,"South Dakota","Butte County",3,78,75,37,38
050,46,019,"South Dakota","Butte County",3,79,61,28,33
050,46,019,"South Dakota","Butte County",3,80,57,30,27
050,46,019,"South Dakota","Butte County",3,81,57,32,25
050,46,019,"South Dakota","Butte County",3,82,52,22,30
050,46,019,"South Dakota","Butte County",3,83,32,13,19
050,46,019,"South Dakota","Butte County",3,84,31,11,20
050,46,019,"South Dakota","Butte County",3,85,202,76,126
050,46,019,"South Dakota","Butte County",4,0,135,68,67
050,46,019,"South Dakota","Butte County",4,1,138,77,61
050,46,019,"South Dakota","Butte County",4,2,168,97,71
050,46,019,"South Dakota","Butte County",4,3,160,86,74
050,46,019,"South Dakota","Butte County",4,4,145,81,64
050,46,019,"South Dakota","Butte County",4,5,162,82,80
050,46,019,"South Dakota","Butte County",4,6,144,81,63
050,46,019,"South Dakota","Butte County",4,7,163,73,90
050,46,019,"South Dakota","Butte County",4,8,159,74,85
050,46,019,"South Dakota","Butte County",4,9,143,73,70
050,46,019,"South Dakota","Butte County",4,10,140,59,81
050,46,019,"South Dakota","Butte County",4,11,152,74,78
050,46,019,"South Dakota","Butte County",4,12,144,77,67
050,46,019,"South Dakota","Butte County",4,13,152,79,73
050,46,019,"South Dakota","Butte County",4,14,149,91,58
050,46,019,"South Dakota","Butte County",4,15,142,76,66
050,46,019,"South Dakota","Butte County",4,16,155,76,79
050,46,019,"South Dakota","Butte County",4,17,164,91,73
050,46,019,"South Dakota","Butte County",4,18,135,78,57
050,46,019,"South Dakota","Butte County",4,19,97,54,43
050,46,019,"South Dakota","Butte County",4,20,106,64,42
050,46,019,"South Dakota","Butte County",4,21,116,57,59
050,46,019,"South Dakota","Butte County",4,22,111,49,62
050,46,019,"South Dakota","Butte County",4,23,88,46,42
050,46,019,"South Dakota","Butte County",4,24,100,51,49
050,46,019,"South Dakota","Butte County",4,25,119,69,50
050,46,019,"South Dakota","Butte County",4,26,126,59,67
050,46,019,"South Dakota","Butte County",4,27,129,72,57
050,46,019,"South Dakota","Butte County",4,28,121,58,63
050,46,019,"South Dakota","Butte County",4,29,127,64,63
050,46,019,"South Dakota","Butte County",4,30,139,70,69
050,46,019,"South Dakota","Butte County",4,31,133,71,62
050,46,019,"South Dakota","Butte County",4,32,132,66,66
050,46,019,"South Dakota","Butte County",4,33,138,70,68
050,46,019,"South Dakota","Butte County",4,34,129,70,59
050,46,019,"South Dakota","Butte County",4,35,141,66,75
050,46,019,"South Dakota","Butte County",4,36,128,71,57
050,46,019,"South Dakota","Butte County",4,37,100,51,49
050,46,019,"South Dakota","Butte County",4,38,114,52,62
050,46,019,"South Dakota","Butte County",4,39,120,57,63
050,46,019,"South Dakota","Butte County",4,40,132,68,64
050,46,019,"South Dakota","Butte County",4,41,140,67,73
050,46,019,"South Dakota","Butte County",4,42,142,75,67
050,46,019,"South Dakota","Butte County",4,43,136,73,63
050,46,019,"South Dakota","Butte County",4,44,114,61,53
050,46,019,"South Dakota","Butte County",4,45,101,58,43
050,46,019,"South Dakota","Butte County",4,46,105,58,47
050,46,019,"South Dakota","Butte County",4,47,103,60,43
050,46,019,"South Dakota","Butte County",4,48,96,51,45
050,46,019,"South Dakota","Butte County",4,49,94,46,48
050,46,019,"South Dakota","Butte County",4,50,104,48,56
050,46,019,"South Dakota","Butte County",4,51,118,55,63
050,46,019,"South Dakota","Butte County",4,52,116,50,66
050,46,019,"South Dakota","Butte County",4,53,119,56,63
050,46,019,"South Dakota","Butte County",4,54,124,67,57
050,46,019,"South Dakota","Butte County",4,55,111,60,51
050,46,019,"South Dakota","Butte County",4,56,133,69,64
050,46,019,"South Dakota","Butte County",4,57,126,55,71
050,46,019,"South Dakota","Butte County",4,58,129,62,67
050,46,019,"South Dakota","Butte County",4,59,144,75,69
050,46,019,"South Dakota","Butte County",4,60,163,83,80
050,46,019,"South Dakota","Butte County",4,61,164,85,79
050,46,019,"South Dakota","Butte County",4,62,178,85,93
050,46,019,"South Dakota","Butte County",4,63,162,78,84
050,46,019,"South Dakota","Butte County",4,64,159,69,90
050,46,019,"South Dakota","Butte County",4,65,160,81,79
050,46,019,"South Dakota","Butte County",4,66,172,90,82
050,46,019,"South Dakota","Butte County",4,67,151,78,73
050,46,019,"South Dakota","Butte County",4,68,151,82,69
050,46,019,"South Dakota","Butte County",4,69,145,76,69
050,46,019,"South Dakota","Butte County",4,70,123,63,60
050,46,019,"South Dakota","Butte County",4,71,138,69,69
050,46,019,"South Dakota","Butte County",4,72,110,55,55
050,46,019,"South Dakota","Butte County",4,73,117,60,57
050,46,019,"South Dakota","Butte County",4,74,111,56,55
050,46,019,"South Dakota","Butte County",4,75,117,64,53
050,46,019,"South Dakota","Butte County",4,76,72,37,35
050,46,019,"South Dakota","Butte County",4,77,70,34,36
050,46,019,"South Dakota","Butte County",4,78,64,35,29
050,46,019,"South Dakota","Butte County",4,79,72,33,39
050,46,019,"South Dakota","Butte County",4,80,59,28,31
050,46,019,"South Dakota","Butte County",4,81,56,31,25
050,46,019,"South Dakota","Butte County",4,82,52,27,25
050,46,019,"South Dakota","Butte County",4,83,52,23,29
050,46,019,"South Dakota","Butte County",4,84,22,7,15
050,46,019,"South Dakota","Butte County",4,85,199,73,126
050,46,019,"South Dakota","Butte County",5,0,137,69,68
050,46,019,"South Dakota","Butte County",5,1,135,63,72
050,46,019,"South Dakota","Butte County",5,2,130,68,62
050,46,019,"South Dakota","Butte County",5,3,171,97,74
050,46,019,"South Dakota","Butte County",5,4,162,83,79
050,46,019,"South Dakota","Butte County",5,5,135,73,62
050,46,019,"South Dakota","Butte County",5,6,155,77,78
050,46,019,"South Dakota","Butte County",5,7,141,76,65
050,46,019,"South Dakota","Butte County",5,8,164,76,88
050,46,019,"South Dakota","Butte County",5,9,155,75,80
050,46,019,"South Dakota","Butte County",5,10,147,77,70
050,46,019,"South Dakota","Butte County",5,11,153,70,83
050,46,019,"South Dakota","Butte County",5,12,154,77,77
050,46,019,"South Dakota","Butte County",5,13,140,71,69
050,46,019,"South Dakota","Butte County",5,14,154,82,72
050,46,019,"South Dakota","Butte County",5,15,158,96,62
050,46,019,"South Dakota","Butte County",5,16,137,74,63
050,46,019,"South Dakota","Butte County",5,17,161,81,80
050,46,019,"South Dakota","Butte County",5,18,138,77,61
050,46,019,"South Dakota","Butte County",5,19,103,61,42
050,46,019,"South Dakota","Butte County",5,20,97,51,46
050,46,019,"South Dakota","Butte County",5,21,105,61,44
050,46,019,"South Dakota","Butte County",5,22,120,58,62
050,46,019,"South Dakota","Butte County",5,23,116,59,57
050,46,019,"South Dakota","Butte County",5,24,103,54,49
050,46,019,"South Dakota","Butte County",5,25,110,54,56
050,46,019,"South Dakota","Butte County",5,26,132,77,55
050,46,019,"South Dakota","Butte County",5,27,137,65,72
050,46,019,"South Dakota","Butte County",5,28,132,70,62
050,46,019,"South Dakota","Butte County",5,29,121,57,64
050,46,019,"South Dakota","Butte County",5,30,128,61,67
050,46,019,"South Dakota","Butte County",5,31,132,71,61
050,46,019,"South Dakota","Butte County",5,32,141,72,69
050,46,019,"South Dakota","Butte County",5,33,137,69,68
050,46,019,"South Dakota","Butte County",5,34,139,72,67
050,46,019,"South Dakota","Butte County",5,35,129,67,62
050,46,019,"South Dakota","Butte County",5,36,137,68,69
050,46,019,"South Dakota","Butte County",5,37,130,69,61
050,46,019,"South Dakota","Butte County",5,38,99,52,47
050,46,019,"South Dakota","Butte County",5,39,118,60,58
050,46,019,"South Dakota","Butte County",5,40,116,56,60
050,46,019,"South Dakota","Butte County",5,41,129,68,61
050,46,019,"South Dakota","Butte County",5,42,139,65,74
050,46,019,"South Dakota","Butte County",5,43,139,74,65
050,46,019,"South Dakota","Butte County",5,44,133,70,63
050,46,019,"South Dakota","Butte County",5,45,108,56,52
050,46,019,"South Dakota","Butte County",5,46,107,64,43
050,46,019,"South Dakota","Butte County",5,47,108,62,46
050,46,019,"South Dakota","Butte County",5,48,110,63,47
050,46,019,"South Dakota","Butte County",5,49,96,53,43
050,46,019,"South Dakota","Butte County",5,50,95,45,50
050,46,019,"South Dakota","Butte County",5,51,108,45,63
050,46,019,"South Dakota","Butte County",5,52,119,55,64
050,46,019,"South Dakota","Butte County",5,53,120,58,62
050,46,019,"South Dakota","Butte County",5,54,119,53,66
050,46,019,"South Dakota","Butte County",5,55,122,65,57
050,46,019,"South Dakota","Butte County",5,56,116,62,54
050,46,019,"South Dakota","Butte County",5,57,135,71,64
050,46,019,"South Dakota","Butte County",5,58,126,51,75
050,46,019,"South Dakota","Butte County",5,59,138,64,74
050,46,019,"South Dakota","Butte County",5,60,141,76,65
050,46,019,"South Dakota","Butte County",5,61,165,86,79
050,46,019,"South Dakota","Butte County",5,62,164,83,81
050,46,019,"South Dakota","Butte County",5,63,171,84,87
050,46,019,"South Dakota","Butte County",5,64,165,80,85
050,46,019,"South Dakota","Butte County",5,65,158,67,91
050,46,019,"South Dakota","Butte County",5,66,152,75,77
050,46,019,"South Dakota","Butte County",5,67,173,88,85
050,46,019,"South Dakota","Butte County",5,68,147,77,70
050,46,019,"South Dakota","Butte County",5,69,152,84,68
050,46,019,"South Dakota","Butte County",5,70,141,75,66
050,46,019,"South Dakota","Butte County",5,71,121,64,57
050,46,019,"South Dakota","Butte County",5,72,131,64,67
050,46,019,"South Dakota","Butte County",5,73,106,53,53
050,46,019,"South Dakota","Butte County",5,74,108,52,56
050,46,019,"South Dakota","Butte County",5,75,115,57,58
050,46,019,"South Dakota","Butte County",5,76,114,62,52
050,46,019,"South Dakota","Butte County",5,77,65,33,32
050,46,019,"South Dakota","Butte County",5,78,69,33,36
050,46,019,"South Dakota","Butte County",5,79,63,32,31
050,46,019,"South Dakota","Butte County",5,80,65,30,35
050,46,019,"South Dakota","Butte County",5,81,61,29,32
050,46,019,"South Dakota","Butte County",5,82,52,27,25
050,46,019,"South Dakota","Butte County",5,83,49,28,21
050,46,019,"South Dakota","Butte County",5,84,43,19,24
050,46,019,"South Dakota","Butte County",5,85,196,73,123
050,46,021,"South Dakota","Campbell County",1,0,11,6,5
050,46,021,"South Dakota","Campbell County",1,1,12,7,5
050,46,021,"South Dakota","Campbell County",1,2,16,7,9
050,46,021,"South Dakota","Campbell County",1,3,14,8,6
050,46,021,"South Dakota","Campbell County",1,4,14,9,5
050,46,021,"South Dakota","Campbell County",1,5,16,11,5
050,46,021,"South Dakota","Campbell County",1,6,9,5,4
050,46,021,"South Dakota","Campbell County",1,7,14,7,7
050,46,021,"South Dakota","Campbell County",1,8,11,5,6
050,46,021,"South Dakota","Campbell County",1,9,15,9,6
050,46,021,"South Dakota","Campbell County",1,10,14,8,6
050,46,021,"South Dakota","Campbell County",1,11,13,6,7
050,46,021,"South Dakota","Campbell County",1,12,13,6,7
050,46,021,"South Dakota","Campbell County",1,13,10,4,6
050,46,021,"South Dakota","Campbell County",1,14,14,5,9
050,46,021,"South Dakota","Campbell County",1,15,12,4,8
050,46,021,"South Dakota","Campbell County",1,16,15,6,9
050,46,021,"South Dakota","Campbell County",1,17,15,10,5
050,46,021,"South Dakota","Campbell County",1,18,10,3,7
050,46,021,"South Dakota","Campbell County",1,19,10,5,5
050,46,021,"South Dakota","Campbell County",1,20,10,5,5
050,46,021,"South Dakota","Campbell County",1,21,9,5,4
050,46,021,"South Dakota","Campbell County",1,22,9,5,4
050,46,021,"South Dakota","Campbell County",1,23,13,9,4
050,46,021,"South Dakota","Campbell County",1,24,13,8,5
050,46,021,"South Dakota","Campbell County",1,25,15,9,6
050,46,021,"South Dakota","Campbell County",1,26,13,5,8
050,46,021,"South Dakota","Campbell County",1,27,10,7,3
050,46,021,"South Dakota","Campbell County",1,28,12,6,6
050,46,021,"South Dakota","Campbell County",1,29,8,3,5
050,46,021,"South Dakota","Campbell County",1,30,8,5,3
050,46,021,"South Dakota","Campbell County",1,31,8,5,3
050,46,021,"South Dakota","Campbell County",1,32,12,5,7
050,46,021,"South Dakota","Campbell County",1,33,10,4,6
050,46,021,"South Dakota","Campbell County",1,34,14,8,6
050,46,021,"South Dakota","Campbell County",1,35,15,9,6
050,46,021,"South Dakota","Campbell County",1,36,12,7,5
050,46,021,"South Dakota","Campbell County",1,37,9,4,5
050,46,021,"South Dakota","Campbell County",1,38,10,3,7
050,46,021,"South Dakota","Campbell County",1,39,12,6,6
050,46,021,"South Dakota","Campbell County",1,40,19,7,12
050,46,021,"South Dakota","Campbell County",1,41,13,4,9
050,46,021,"South Dakota","Campbell County",1,42,14,8,6
050,46,021,"South Dakota","Campbell County",1,43,13,9,4
050,46,021,"South Dakota","Campbell County",1,44,13,7,6
050,46,021,"South Dakota","Campbell County",1,45,9,4,5
050,46,021,"South Dakota","Campbell County",1,46,6,3,3
050,46,021,"South Dakota","Campbell County",1,47,7,5,2
050,46,021,"South Dakota","Campbell County",1,48,11,7,4
050,46,021,"South Dakota","Campbell County",1,49,13,6,7
050,46,021,"South Dakota","Campbell County",1,50,11,4,7
050,46,021,"South Dakota","Campbell County",1,51,16,8,8
050,46,021,"South Dakota","Campbell County",1,52,10,5,5
050,46,021,"South Dakota","Campbell County",1,53,16,7,9
050,46,021,"South Dakota","Campbell County",1,54,24,14,10
050,46,021,"South Dakota","Campbell County",1,55,27,15,12
050,46,021,"South Dakota","Campbell County",1,56,35,19,16
050,46,021,"South Dakota","Campbell County",1,57,31,16,15
050,46,021,"South Dakota","Campbell County",1,58,24,16,8
050,46,021,"South Dakota","Campbell County",1,59,26,17,9
050,46,021,"South Dakota","Campbell County",1,60,34,17,17
050,46,021,"South Dakota","Campbell County",1,61,33,20,13
050,46,021,"South Dakota","Campbell County",1,62,33,16,17
050,46,021,"South Dakota","Campbell County",1,63,26,12,14
050,46,021,"South Dakota","Campbell County",1,64,24,13,11
050,46,021,"South Dakota","Campbell County",1,65,32,16,16
050,46,021,"South Dakota","Campbell County",1,66,33,21,12
050,46,021,"South Dakota","Campbell County",1,67,24,15,9
050,46,021,"South Dakota","Campbell County",1,68,15,8,7
050,46,021,"South Dakota","Campbell County",1,69,11,7,4
050,46,021,"South Dakota","Campbell County",1,70,19,10,9
050,46,021,"South Dakota","Campbell County",1,71,15,8,7
050,46,021,"South Dakota","Campbell County",1,72,20,11,9
050,46,021,"South Dakota","Campbell County",1,73,19,10,9
050,46,021,"South Dakota","Campbell County",1,74,14,6,8
050,46,021,"South Dakota","Campbell County",1,75,14,5,9
050,46,021,"South Dakota","Campbell County",1,76,13,7,6
050,46,021,"South Dakota","Campbell County",1,77,14,9,5
050,46,021,"South Dakota","Campbell County",1,78,14,8,6
050,46,021,"South Dakota","Campbell County",1,79,13,7,6
050,46,021,"South Dakota","Campbell County",1,80,14,8,6
050,46,021,"South Dakota","Campbell County",1,81,14,5,9
050,46,021,"South Dakota","Campbell County",1,82,13,5,8
050,46,021,"South Dakota","Campbell County",1,83,14,5,9
050,46,021,"South Dakota","Campbell County",1,84,12,6,6
050,46,021,"South Dakota","Campbell County",1,85,71,31,40
050,46,021,"South Dakota","Campbell County",2,0,14,8,6
050,46,021,"South Dakota","Campbell County",2,1,12,7,5
050,46,021,"South Dakota","Campbell County",2,2,15,7,8
050,46,021,"South Dakota","Campbell County",2,3,13,7,6
050,46,021,"South Dakota","Campbell County",2,4,14,9,5
050,46,021,"South Dakota","Campbell County",2,5,16,11,5
050,46,021,"South Dakota","Campbell County",2,6,10,6,4
050,46,021,"South Dakota","Campbell County",2,7,14,7,7
050,46,021,"South Dakota","Campbell County",2,8,12,5,7
050,46,021,"South Dakota","Campbell County",2,9,15,9,6
050,46,021,"South Dakota","Campbell County",2,10,14,8,6
050,46,021,"South Dakota","Campbell County",2,11,13,6,7
050,46,021,"South Dakota","Campbell County",2,12,13,6,7
050,46,021,"South Dakota","Campbell County",2,13,10,4,6
050,46,021,"South Dakota","Campbell County",2,14,14,5,9
050,46,021,"South Dakota","Campbell County",2,15,13,5,8
050,46,021,"South Dakota","Campbell County",2,16,15,6,9
050,46,021,"South Dakota","Campbell County",2,17,14,9,5
050,46,021,"South Dakota","Campbell County",2,18,10,4,6
050,46,021,"South Dakota","Campbell County",2,19,9,4,5
050,46,021,"South Dakota","Campbell County",2,20,10,5,5
050,46,021,"South Dakota","Campbell County",2,21,9,5,4
050,46,021,"South Dakota","Campbell County",2,22,9,5,4
050,46,021,"South Dakota","Campbell County",2,23,13,9,4
050,46,021,"South Dakota","Campbell County",2,24,13,8,5
050,46,021,"South Dakota","Campbell County",2,25,14,8,6
050,46,021,"South Dakota","Campbell County",2,26,13,6,7
050,46,021,"South Dakota","Campbell County",2,27,11,7,4
050,46,021,"South Dakota","Campbell County",2,28,11,6,5
050,46,021,"South Dakota","Campbell County",2,29,9,4,5
050,46,021,"South Dakota","Campbell County",2,30,8,5,3
050,46,021,"South Dakota","Campbell County",2,31,8,5,3
050,46,021,"South Dakota","Campbell County",2,32,11,5,6
050,46,021,"South Dakota","Campbell County",2,33,10,4,6
050,46,021,"South Dakota","Campbell County",2,34,13,7,6
050,46,021,"South Dakota","Campbell County",2,35,15,9,6
050,46,021,"South Dakota","Campbell County",2,36,12,7,5
050,46,021,"South Dakota","Campbell County",2,37,10,5,5
050,46,021,"South Dakota","Campbell County",2,38,10,3,7
050,46,021,"South Dakota","Campbell County",2,39,12,6,6
050,46,021,"South Dakota","Campbell County",2,40,18,7,11
050,46,021,"South Dakota","Campbell County",2,41,15,5,10
050,46,021,"South Dakota","Campbell County",2,42,15,7,8
050,46,021,"South Dakota","Campbell County",2,43,14,9,5
050,46,021,"South Dakota","Campbell County",2,44,14,8,6
050,46,021,"South Dakota","Campbell County",2,45,10,5,5
050,46,021,"South Dakota","Campbell County",2,46,6,3,3
050,46,021,"South Dakota","Campbell County",2,47,7,5,2
050,46,021,"South Dakota","Campbell County",2,48,10,7,3
050,46,021,"South Dakota","Campbell County",2,49,13,7,6
050,46,021,"South Dakota","Campbell County",2,50,11,4,7
050,46,021,"South Dakota","Campbell County",2,51,14,6,8
050,46,021,"South Dakota","Campbell County",2,52,10,5,5
050,46,021,"South Dakota","Campbell County",2,53,14,6,8
050,46,021,"South Dakota","Campbell County",2,54,21,12,9
050,46,021,"South Dakota","Campbell County",2,55,27,15,12
050,46,021,"South Dakota","Campbell County",2,56,32,18,14
050,46,021,"South Dakota","Campbell County",2,57,32,17,15
050,46,021,"South Dakota","Campbell County",2,58,25,16,9
050,46,021,"South Dakota","Campbell County",2,59,26,17,9
050,46,021,"South Dakota","Campbell County",2,60,32,17,15
050,46,021,"South Dakota","Campbell County",2,61,33,19,14
050,46,021,"South Dakota","Campbell County",2,62,33,17,16
050,46,021,"South Dakota","Campbell County",2,63,28,13,15
050,46,021,"South Dakota","Campbell County",2,64,25,13,12
050,46,021,"South Dakota","Campbell County",2,65,30,15,15
050,46,021,"South Dakota","Campbell County",2,66,33,20,13
050,46,021,"South Dakota","Campbell County",2,67,27,17,10
050,46,021,"South Dakota","Campbell County",2,68,18,10,8
050,46,021,"South Dakota","Campbell County",2,69,12,7,5
050,46,021,"South Dakota","Campbell County",2,70,17,9,8
050,46,021,"South Dakota","Campbell County",2,71,16,8,8
050,46,021,"South Dakota","Campbell County",2,72,18,10,8
050,46,021,"South Dakota","Campbell County",2,73,20,11,9
050,46,021,"South Dakota","Campbell County",2,74,15,7,8
050,46,021,"South Dakota","Campbell County",2,75,14,5,9
050,46,021,"South Dakota","Campbell County",2,76,13,6,7
050,46,021,"South Dakota","Campbell County",2,77,14,9,5
050,46,021,"South Dakota","Campbell County",2,78,14,8,6
050,46,021,"South Dakota","Campbell County",2,79,13,7,6
050,46,021,"South Dakota","Campbell County",2,80,14,8,6
050,46,021,"South Dakota","Campbell County",2,81,14,6,8
050,46,021,"South Dakota","Campbell County",2,82,13,5,8
050,46,021,"South Dakota","Campbell County",2,83,14,5,9
050,46,021,"South Dakota","Campbell County",2,84,12,6,6
050,46,021,"South Dakota","Campbell County",2,85,71,31,40
050,46,021,"South Dakota","Campbell County",3,0,11,7,4
050,46,021,"South Dakota","Campbell County",3,1,16,8,8
050,46,021,"South Dakota","Campbell County",3,2,12,7,5
050,46,021,"South Dakota","Campbell County",3,3,15,8,7
050,46,021,"South Dakota","Campbell County",3,4,13,7,6
050,46,021,"South Dakota","Campbell County",3,5,14,9,5
050,46,021,"South Dakota","Campbell County",3,6,16,12,4
050,46,021,"South Dakota","Campbell County",3,7,10,6,4
050,46,021,"South Dakota","Campbell County",3,8,14,7,7
050,46,021,"South Dakota","Campbell County",3,9,11,4,7
050,46,021,"South Dakota","Campbell County",3,10,15,9,6
050,46,021,"South Dakota","Campbell County",3,11,14,8,6
050,46,021,"South Dakota","Campbell County",3,12,13,6,7
050,46,021,"South Dakota","Campbell County",3,13,13,6,7
050,46,021,"South Dakota","Campbell County",3,14,11,5,6
050,46,021,"South Dakota","Campbell County",3,15,15,5,10
050,46,021,"South Dakota","Campbell County",3,16,15,5,10
050,46,021,"South Dakota","Campbell County",3,17,15,6,9
050,46,021,"South Dakota","Campbell County",3,18,12,8,4
050,46,021,"South Dakota","Campbell County",3,19,7,3,4
050,46,021,"South Dakota","Campbell County",3,20,8,3,5
050,46,021,"South Dakota","Campbell County",3,21,11,6,5
050,46,021,"South Dakota","Campbell County",3,22,9,5,4
050,46,021,"South Dakota","Campbell County",3,23,8,6,2
050,46,021,"South Dakota","Campbell County",3,24,13,8,5
050,46,021,"South Dakota","Campbell County",3,25,13,8,5
050,46,021,"South Dakota","Campbell County",3,26,13,7,6
050,46,021,"South Dakota","Campbell County",3,27,12,7,5
050,46,021,"South Dakota","Campbell County",3,28,13,7,6
050,46,021,"South Dakota","Campbell County",3,29,12,6,6
050,46,021,"South Dakota","Campbell County",3,30,9,5,4
050,46,021,"South Dakota","Campbell County",3,31,10,6,4
050,46,021,"South Dakota","Campbell County",3,32,10,6,4
050,46,021,"South Dakota","Campbell County",3,33,14,8,6
050,46,021,"South Dakota","Campbell County",3,34,11,4,7
050,46,021,"South Dakota","Campbell County",3,35,13,7,6
050,46,021,"South Dakota","Campbell County",3,36,15,9,6
050,46,021,"South Dakota","Campbell County",3,37,13,8,5
050,46,021,"South Dakota","Campbell County",3,38,9,4,5
050,46,021,"South Dakota","Campbell County",3,39,10,3,7
050,46,021,"South Dakota","Campbell County",3,40,13,6,7
050,46,021,"South Dakota","Campbell County",3,41,19,7,12
050,46,021,"South Dakota","Campbell County",3,42,15,5,10
050,46,021,"South Dakota","Campbell County",3,43,15,7,8
050,46,021,"South Dakota","Campbell County",3,44,14,9,5
050,46,021,"South Dakota","Campbell County",3,45,12,6,6
050,46,021,"South Dakota","Campbell County",3,46,9,4,5
050,46,021,"South Dakota","Campbell County",3,47,5,2,3
050,46,021,"South Dakota","Campbell County",3,48,8,6,2
050,46,021,"South Dakota","Campbell County",3,49,9,7,2
050,46,021,"South Dakota","Campbell County",3,50,13,7,6
050,46,021,"South Dakota","Campbell County",3,51,11,4,7
050,46,021,"South Dakota","Campbell County",3,52,14,6,8
050,46,021,"South Dakota","Campbell County",3,53,10,5,5
050,46,021,"South Dakota","Campbell County",3,54,14,6,8
050,46,021,"South Dakota","Campbell County",3,55,21,12,9
050,46,021,"South Dakota","Campbell County",3,56,25,13,12
050,46,021,"South Dakota","Campbell County",3,57,34,20,14
050,46,021,"South Dakota","Campbell County",3,58,31,16,15
050,46,021,"South Dakota","Campbell County",3,59,25,16,9
050,46,021,"South Dakota","Campbell County",3,60,28,18,10
050,46,021,"South Dakota","Campbell County",3,61,30,16,14
050,46,021,"South Dakota","Campbell County",3,62,32,17,15
050,46,021,"South Dakota","Campbell County",3,63,30,14,16
050,46,021,"South Dakota","Campbell County",3,64,28,14,14
050,46,021,"South Dakota","Campbell County",3,65,24,13,11
050,46,021,"South Dakota","Campbell County",3,66,31,16,15
050,46,021,"South Dakota","Campbell County",3,67,35,21,14
050,46,021,"South Dakota","Campbell County",3,68,26,17,9
050,46,021,"South Dakota","Campbell County",3,69,18,10,8
050,46,021,"South Dakota","Campbell County",3,70,12,7,5
050,46,021,"South Dakota","Campbell County",3,71,19,11,8
050,46,021,"South Dakota","Campbell County",3,72,17,8,9
050,46,021,"South Dakota","Campbell County",3,73,18,11,7
050,46,021,"South Dakota","Campbell County",3,74,16,9,7
050,46,021,"South Dakota","Campbell County",3,75,15,7,8
050,46,021,"South Dakota","Campbell County",3,76,13,5,8
050,46,021,"South Dakota","Campbell County",3,77,13,6,7
050,46,021,"South Dakota","Campbell County",3,78,13,8,5
050,46,021,"South Dakota","Campbell County",3,79,13,7,6
050,46,021,"South Dakota","Campbell County",3,80,12,6,6
050,46,021,"South Dakota","Campbell County",3,81,13,7,6
050,46,021,"South Dakota","Campbell County",3,82,14,6,8
050,46,021,"South Dakota","Campbell County",3,83,11,4,7
050,46,021,"South Dakota","Campbell County",3,84,13,5,8
050,46,021,"South Dakota","Campbell County",3,85,77,35,42
050,46,021,"South Dakota","Campbell County",4,0,17,7,10
050,46,021,"South Dakota","Campbell County",4,1,11,7,4
050,46,021,"South Dakota","Campbell County",4,2,17,8,9
050,46,021,"South Dakota","Campbell County",4,3,14,8,6
050,46,021,"South Dakota","Campbell County",4,4,14,8,6
050,46,021,"South Dakota","Campbell County",4,5,14,7,7
050,46,021,"South Dakota","Campbell County",4,6,15,9,6
050,46,021,"South Dakota","Campbell County",4,7,16,12,4
050,46,021,"South Dakota","Campbell County",4,8,9,6,3
050,46,021,"South Dakota","Campbell County",4,9,15,7,8
050,46,021,"South Dakota","Campbell County",4,10,14,6,8
050,46,021,"South Dakota","Campbell County",4,11,15,10,5
050,46,021,"South Dakota","Campbell County",4,12,12,8,4
050,46,021,"South Dakota","Campbell County",4,13,14,6,8
050,46,021,"South Dakota","Campbell County",4,14,13,6,7
050,46,021,"South Dakota","Campbell County",4,15,11,5,6
050,46,021,"South Dakota","Campbell County",4,16,14,5,9
050,46,021,"South Dakota","Campbell County",4,17,12,4,8
050,46,021,"South Dakota","Campbell County",4,18,13,5,8
050,46,021,"South Dakota","Campbell County",4,19,10,7,3
050,46,021,"South Dakota","Campbell County",4,20,7,3,4
050,46,021,"South Dakota","Campbell County",4,21,9,3,6
050,46,021,"South Dakota","Campbell County",4,22,14,6,8
050,46,021,"South Dakota","Campbell County",4,23,8,4,4
050,46,021,"South Dakota","Campbell County",4,24,9,7,2
050,46,021,"South Dakota","Campbell County",4,25,10,6,4
050,46,021,"South Dakota","Campbell County",4,26,13,9,4
050,46,021,"South Dakota","Campbell County",4,27,10,5,5
050,46,021,"South Dakota","Campbell County",4,28,12,7,5
050,46,021,"South Dakota","Campbell County",4,29,13,7,6
050,46,021,"South Dakota","Campbell County",4,30,11,6,5
050,46,021,"South Dakota","Campbell County",4,31,10,6,4
050,46,021,"South Dakota","Campbell County",4,32,11,7,4
050,46,021,"South Dakota","Campbell County",4,33,9,5,4
050,46,021,"South Dakota","Campbell County",4,34,15,8,7
050,46,021,"South Dakota","Campbell County",4,35,12,5,7
050,46,021,"South Dakota","Campbell County",4,36,11,6,5
050,46,021,"South Dakota","Campbell County",4,37,13,8,5
050,46,021,"South Dakota","Campbell County",4,38,11,6,5
050,46,021,"South Dakota","Campbell County",4,39,8,4,4
050,46,021,"South Dakota","Campbell County",4,40,10,3,7
050,46,021,"South Dakota","Campbell County",4,41,12,6,6
050,46,021,"South Dakota","Campbell County",4,42,17,7,10
050,46,021,"South Dakota","Campbell County",4,43,18,6,12
050,46,021,"South Dakota","Campbell County",4,44,15,7,8
050,46,021,"South Dakota","Campbell County",4,45,12,9,3
050,46,021,"South Dakota","Campbell County",4,46,14,7,7
050,46,021,"South Dakota","Campbell County",4,47,9,4,5
050,46,021,"South Dakota","Campbell County",4,48,6,3,3
050,46,021,"South Dakota","Campbell County",4,49,8,6,2
050,46,021,"South Dakota","Campbell County",4,50,10,7,3
050,46,021,"South Dakota","Campbell County",4,51,13,7,6
050,46,021,"South Dakota","Campbell County",4,52,11,4,7
050,46,021,"South Dakota","Campbell County",4,53,13,5,8
050,46,021,"South Dakota","Campbell County",4,54,10,6,4
050,46,021,"South Dakota","Campbell County",4,55,14,6,8
050,46,021,"South Dakota","Campbell County",4,56,20,12,8
050,46,021,"South Dakota","Campbell County",4,57,23,12,11
050,46,021,"South Dakota","Campbell County",4,58,32,19,13
050,46,021,"South Dakota","Campbell County",4,59,31,16,15
050,46,021,"South Dakota","Campbell County",4,60,24,14,10
050,46,021,"South Dakota","Campbell County",4,61,25,17,8
050,46,021,"South Dakota","Campbell County",4,62,30,16,14
050,46,021,"South Dakota","Campbell County",4,63,32,17,15
050,46,021,"South Dakota","Campbell County",4,64,31,15,16
050,46,021,"South Dakota","Campbell County",4,65,29,14,15
050,46,021,"South Dakota","Campbell County",4,66,25,14,11
050,46,021,"South Dakota","Campbell County",4,67,31,15,16
050,46,021,"South Dakota","Campbell County",4,68,36,21,15
050,46,021,"South Dakota","Campbell County",4,69,25,17,8
050,46,021,"South Dakota","Campbell County",4,70,18,10,8
050,46,021,"South Dakota","Campbell County",4,71,13,7,6
050,46,021,"South Dakota","Campbell County",4,72,19,11,8
050,46,021,"South Dakota","Campbell County",4,73,16,8,8
050,46,021,"South Dakota","Campbell County",4,74,18,12,6
050,46,021,"South Dakota","Campbell County",4,75,17,9,8
050,46,021,"South Dakota","Campbell County",4,76,13,5,8
050,46,021,"South Dakota","Campbell County",4,77,11,5,6
050,46,021,"South Dakota","Campbell County",4,78,14,6,8
050,46,021,"South Dakota","Campbell County",4,79,11,6,5
050,46,021,"South Dakota","Campbell County",4,80,10,4,6
050,46,021,"South Dakota","Campbell County",4,81,11,5,6
050,46,021,"South Dakota","Campbell County",4,82,13,7,6
050,46,021,"South Dakota","Campbell County",4,83,13,5,8
050,46,021,"South Dakota","Campbell County",4,84,10,3,7
050,46,021,"South Dakota","Campbell County",4,85,76,33,43
050,46,021,"South Dakota","Campbell County",5,0,17,9,8
050,46,021,"South Dakota","Campbell County",5,1,16,7,9
050,46,021,"South Dakota","Campbell County",5,2,12,7,5
050,46,021,"South Dakota","Campbell County",5,3,17,8,9
050,46,021,"South Dakota","Campbell County",5,4,12,7,5
050,46,021,"South Dakota","Campbell County",5,5,14,8,6
050,46,021,"South Dakota","Campbell County",5,6,14,7,7
050,46,021,"South Dakota","Campbell County",5,7,13,7,6
050,46,021,"South Dakota","Campbell County",5,8,16,13,3
050,46,021,"South Dakota","Campbell County",5,9,10,6,4
050,46,021,"South Dakota","Campbell County",5,10,15,7,8
050,46,021,"South Dakota","Campbell County",5,11,13,6,7
050,46,021,"South Dakota","Campbell County",5,12,15,10,5
050,46,021,"South Dakota","Campbell County",5,13,11,7,4
050,46,021,"South Dakota","Campbell County",5,14,14,6,8
050,46,021,"South Dakota","Campbell County",5,15,13,5,8
050,46,021,"South Dakota","Campbell County",5,16,9,5,4
050,46,021,"South Dakota","Campbell County",5,17,15,6,9
050,46,021,"South Dakota","Campbell County",5,18,9,3,6
050,46,021,"South Dakota","Campbell County",5,19,12,4,8
050,46,021,"South Dakota","Campbell County",5,20,11,8,3
050,46,021,"South Dakota","Campbell County",5,21,8,4,4
050,46,021,"South Dakota","Campbell County",5,22,8,3,5
050,46,021,"South Dakota","Campbell County",5,23,14,6,8
050,46,021,"South Dakota","Campbell County",5,24,12,5,7
050,46,021,"South Dakota","Campbell County",5,25,9,7,2
050,46,021,"South Dakota","Campbell County",5,26,9,5,4
050,46,021,"South Dakota","Campbell County",5,27,10,8,2
050,46,021,"South Dakota","Campbell County",5,28,10,5,5
050,46,021,"South Dakota","Campbell County",5,29,12,8,4
050,46,021,"South Dakota","Campbell County",5,30,14,7,7
050,46,021,"South Dakota","Campbell County",5,31,10,6,4
050,46,021,"South Dakota","Campbell County",5,32,10,5,5
050,46,021,"South Dakota","Campbell County",5,33,11,7,4
050,46,021,"South Dakota","Campbell County",5,34,9,5,4
050,46,021,"South Dakota","Campbell County",5,35,15,8,7
050,46,021,"South Dakota","Campbell County",5,36,13,6,7
050,46,021,"South Dakota","Campbell County",5,37,12,6,6
050,46,021,"South Dakota","Campbell County",5,38,12,7,5
050,46,021,"South Dakota","Campbell County",5,39,10,5,5
050,46,021,"South Dakota","Campbell County",5,40,10,4,6
050,46,021,"South Dakota","Campbell County",5,41,10,3,7
050,46,021,"South Dakota","Campbell County",5,42,11,6,5
050,46,021,"South Dakota","Campbell County",5,43,16,7,9
050,46,021,"South Dakota","Campbell County",5,44,18,6,12
050,46,021,"South Dakota","Campbell County",5,45,16,7,9
050,46,021,"South Dakota","Campbell County",5,46,12,9,3
050,46,021,"South Dakota","Campbell County",5,47,14,7,7
050,46,021,"South Dakota","Campbell County",5,48,9,4,5
050,46,021,"South Dakota","Campbell County",5,49,10,4,6
050,46,021,"South Dakota","Campbell County",5,50,6,4,2
050,46,021,"South Dakota","Campbell County",5,51,11,8,3
050,46,021,"South Dakota","Campbell County",5,52,13,7,6
050,46,021,"South Dakota","Campbell County",5,53,9,2,7
050,46,021,"South Dakota","Campbell County",5,54,12,5,7
050,46,021,"South Dakota","Campbell County",5,55,10,6,4
050,46,021,"South Dakota","Campbell County",5,56,16,7,9
050,46,021,"South Dakota","Campbell County",5,57,19,11,8
050,46,021,"South Dakota","Campbell County",5,58,22,11,11
050,46,021,"South Dakota","Campbell County",5,59,32,19,13
050,46,021,"South Dakota","Campbell County",5,60,31,16,15
050,46,021,"South Dakota","Campbell County",5,61,24,14,10
050,46,021,"South Dakota","Campbell County",5,62,25,17,8
050,46,021,"South Dakota","Campbell County",5,63,32,18,14
050,46,021,"South Dakota","Campbell County",5,64,30,17,13
050,46,021,"South Dakota","Campbell County",5,65,32,15,17
050,46,021,"South Dakota","Campbell County",5,66,31,15,16
050,46,021,"South Dakota","Campbell County",5,67,25,13,12
050,46,021,"South Dakota","Campbell County",5,68,31,15,16
050,46,021,"South Dakota","Campbell County",5,69,34,21,13
050,46,021,"South Dakota","Campbell County",5,70,24,17,7
050,46,021,"South Dakota","Campbell County",5,71,17,9,8
050,46,021,"South Dakota","Campbell County",5,72,13,7,6
050,46,021,"South Dakota","Campbell County",5,73,18,11,7
050,46,021,"South Dakota","Campbell County",5,74,16,9,7
050,46,021,"South Dakota","Campbell County",5,75,18,12,6
050,46,021,"South Dakota","Campbell County",5,76,14,6,8
050,46,021,"South Dakota","Campbell County",5,77,11,5,6
050,46,021,"South Dakota","Campbell County",5,78,11,5,6
050,46,021,"South Dakota","Campbell County",5,79,13,5,8
050,46,021,"South Dakota","Campbell County",5,80,8,3,5
050,46,021,"South Dakota","Campbell County",5,81,9,3,6
050,46,021,"South Dakota","Campbell County",5,82,10,5,5
050,46,021,"South Dakota","Campbell County",5,83,10,7,3
050,46,021,"South Dakota","Campbell County",5,84,13,5,8
050,46,021,"South Dakota","Campbell County",5,85,78,30,48
050,46,023,"South Dakota","Charles Mix County",1,0,159,79,80
050,46,023,"South Dakota","Charles Mix County",1,1,165,86,79
050,46,023,"South Dakota","Charles Mix County",1,2,149,85,64
050,46,023,"South Dakota","Charles Mix County",1,3,165,88,77
050,46,023,"South Dakota","Charles Mix County",1,4,158,82,76
050,46,023,"South Dakota","Charles Mix County",1,5,175,95,80
050,46,023,"South Dakota","Charles Mix County",1,6,172,87,85
050,46,023,"South Dakota","Charles Mix County",1,7,159,80,79
050,46,023,"South Dakota","Charles Mix County",1,8,173,86,87
050,46,023,"South Dakota","Charles Mix County",1,9,155,93,62
050,46,023,"South Dakota","Charles Mix County",1,10,169,88,81
050,46,023,"South Dakota","Charles Mix County",1,11,167,83,84
050,46,023,"South Dakota","Charles Mix County",1,12,167,79,88
050,46,023,"South Dakota","Charles Mix County",1,13,173,102,71
050,46,023,"South Dakota","Charles Mix County",1,14,156,74,82
050,46,023,"South Dakota","Charles Mix County",1,15,152,69,83
050,46,023,"South Dakota","Charles Mix County",1,16,142,72,70
050,46,023,"South Dakota","Charles Mix County",1,17,131,60,71
050,46,023,"South Dakota","Charles Mix County",1,18,129,66,63
050,46,023,"South Dakota","Charles Mix County",1,19,110,68,42
050,46,023,"South Dakota","Charles Mix County",1,20,90,44,46
050,46,023,"South Dakota","Charles Mix County",1,21,94,51,43
050,46,023,"South Dakota","Charles Mix County",1,22,98,48,50
050,46,023,"South Dakota","Charles Mix County",1,23,107,52,55
050,46,023,"South Dakota","Charles Mix County",1,24,99,52,47
050,46,023,"South Dakota","Charles Mix County",1,25,120,52,68
050,46,023,"South Dakota","Charles Mix County",1,26,111,51,60
050,46,023,"South Dakota","Charles Mix County",1,27,104,55,49
050,46,023,"South Dakota","Charles Mix County",1,28,103,53,50
050,46,023,"South Dakota","Charles Mix County",1,29,87,46,41
050,46,023,"South Dakota","Charles Mix County",1,30,82,46,36
050,46,023,"South Dakota","Charles Mix County",1,31,86,47,39
050,46,023,"South Dakota","Charles Mix County",1,32,91,45,46
050,46,023,"South Dakota","Charles Mix County",1,33,85,40,45
050,46,023,"South Dakota","Charles Mix County",1,34,104,50,54
050,46,023,"South Dakota","Charles Mix County",1,35,103,47,56
050,46,023,"South Dakota","Charles Mix County",1,36,103,47,56
050,46,023,"South Dakota","Charles Mix County",1,37,114,68,46
050,46,023,"South Dakota","Charles Mix County",1,38,96,55,41
050,46,023,"South Dakota","Charles Mix County",1,39,88,44,44
050,46,023,"South Dakota","Charles Mix County",1,40,89,43,46
050,46,023,"South Dakota","Charles Mix County",1,41,92,47,45
050,46,023,"South Dakota","Charles Mix County",1,42,98,42,56
050,46,023,"South Dakota","Charles Mix County",1,43,89,47,42
050,46,023,"South Dakota","Charles Mix County",1,44,80,30,50
050,46,023,"South Dakota","Charles Mix County",1,45,81,45,36
050,46,023,"South Dakota","Charles Mix County",1,46,94,50,44
050,46,023,"South Dakota","Charles Mix County",1,47,87,50,37
050,46,023,"South Dakota","Charles Mix County",1,48,97,60,37
050,46,023,"South Dakota","Charles Mix County",1,49,93,50,43
050,46,023,"South Dakota","Charles Mix County",1,50,79,35,44
050,46,023,"South Dakota","Charles Mix County",1,51,105,54,51
050,46,023,"South Dakota","Charles Mix County",1,52,87,46,41
050,46,023,"South Dakota","Charles Mix County",1,53,100,46,54
050,46,023,"South Dakota","Charles Mix County",1,54,105,52,53
050,46,023,"South Dakota","Charles Mix County",1,55,108,52,56
050,46,023,"South Dakota","Charles Mix County",1,56,102,44,58
050,46,023,"South Dakota","Charles Mix County",1,57,116,51,65
050,46,023,"South Dakota","Charles Mix County",1,58,123,65,58
050,46,023,"South Dakota","Charles Mix County",1,59,121,71,50
050,46,023,"South Dakota","Charles Mix County",1,60,129,68,61
050,46,023,"South Dakota","Charles Mix County",1,61,135,68,67
050,46,023,"South Dakota","Charles Mix County",1,62,125,61,64
050,46,023,"South Dakota","Charles Mix County",1,63,135,70,65
050,46,023,"South Dakota","Charles Mix County",1,64,122,60,62
050,46,023,"South Dakota","Charles Mix County",1,65,103,54,49
050,46,023,"South Dakota","Charles Mix County",1,66,110,59,51
050,46,023,"South Dakota","Charles Mix County",1,67,96,50,46
050,46,023,"South Dakota","Charles Mix County",1,68,106,58,48
050,46,023,"South Dakota","Charles Mix County",1,69,84,44,40
050,46,023,"South Dakota","Charles Mix County",1,70,82,43,39
050,46,023,"South Dakota","Charles Mix County",1,71,96,50,46
050,46,023,"South Dakota","Charles Mix County",1,72,83,41,42
050,46,023,"South Dakota","Charles Mix County",1,73,73,36,37
050,46,023,"South Dakota","Charles Mix County",1,74,58,28,30
050,46,023,"South Dakota","Charles Mix County",1,75,60,29,31
050,46,023,"South Dakota","Charles Mix County",1,76,65,30,35
050,46,023,"South Dakota","Charles Mix County",1,77,79,38,41
050,46,023,"South Dakota","Charles Mix County",1,78,61,32,29
050,46,023,"South Dakota","Charles Mix County",1,79,62,31,31
050,46,023,"South Dakota","Charles Mix County",1,80,54,29,25
050,46,023,"South Dakota","Charles Mix County",1,81,49,26,23
050,46,023,"South Dakota","Charles Mix County",1,82,45,23,22
050,46,023,"South Dakota","Charles Mix County",1,83,40,17,23
050,46,023,"South Dakota","Charles Mix County",1,84,40,15,25
050,46,023,"South Dakota","Charles Mix County",1,85,253,87,166
050,46,023,"South Dakota","Charles Mix County",2,0,155,78,77
050,46,023,"South Dakota","Charles Mix County",2,1,166,86,80
050,46,023,"South Dakota","Charles Mix County",2,2,149,84,65
050,46,023,"South Dakota","Charles Mix County",2,3,165,89,76
050,46,023,"South Dakota","Charles Mix County",2,4,159,84,75
050,46,023,"South Dakota","Charles Mix County",2,5,171,91,80
050,46,023,"South Dakota","Charles Mix County",2,6,172,87,85
050,46,023,"South Dakota","Charles Mix County",2,7,160,83,77
050,46,023,"South Dakota","Charles Mix County",2,8,169,85,84
050,46,023,"South Dakota","Charles Mix County",2,9,157,91,66
050,46,023,"South Dakota","Charles Mix County",2,10,168,91,77
050,46,023,"South Dakota","Charles Mix County",2,11,165,82,83
050,46,023,"South Dakota","Charles Mix County",2,12,171,82,89
050,46,023,"South Dakota","Charles Mix County",2,13,173,100,73
050,46,023,"South Dakota","Charles Mix County",2,14,158,77,81
050,46,023,"South Dakota","Charles Mix County",2,15,152,71,81
050,46,023,"South Dakota","Charles Mix County",2,16,144,71,73
050,46,023,"South Dakota","Charles Mix County",2,17,133,63,70
050,46,023,"South Dakota","Charles Mix County",2,18,126,64,62
050,46,023,"South Dakota","Charles Mix County",2,19,112,66,46
050,46,023,"South Dakota","Charles Mix County",2,20,90,47,43
050,46,023,"South Dakota","Charles Mix County",2,21,94,51,43
050,46,023,"South Dakota","Charles Mix County",2,22,100,49,51
050,46,023,"South Dakota","Charles Mix County",2,23,102,50,52
050,46,023,"South Dakota","Charles Mix County",2,24,101,54,47
050,46,023,"South Dakota","Charles Mix County",2,25,116,52,64
050,46,023,"South Dakota","Charles Mix County",2,26,111,51,60
050,46,023,"South Dakota","Charles Mix County",2,27,106,54,52
050,46,023,"South Dakota","Charles Mix County",2,28,104,53,51
050,46,023,"South Dakota","Charles Mix County",2,29,90,47,43
050,46,023,"South Dakota","Charles Mix County",2,30,82,45,37
050,46,023,"South Dakota","Charles Mix County",2,31,83,45,38
050,46,023,"South Dakota","Charles Mix County",2,32,93,47,46
050,46,023,"South Dakota","Charles Mix County",2,33,86,41,45
050,46,023,"South Dakota","Charles Mix County",2,34,101,48,53
050,46,023,"South Dakota","Charles Mix County",2,35,106,48,58
050,46,023,"South Dakota","Charles Mix County",2,36,103,48,55
050,46,023,"South Dakota","Charles Mix County",2,37,115,64,51
050,46,023,"South Dakota","Charles Mix County",2,38,99,58,41
050,46,023,"South Dakota","Charles Mix County",2,39,87,44,43
050,46,023,"South Dakota","Charles Mix County",2,40,90,45,45
050,46,023,"South Dakota","Charles Mix County",2,41,89,45,44
050,46,023,"South Dakota","Charles Mix County",2,42,96,41,55
050,46,023,"South Dakota","Charles Mix County",2,43,89,46,43
050,46,023,"South Dakota","Charles Mix County",2,44,82,33,49
050,46,023,"South Dakota","Charles Mix County",2,45,80,41,39
050,46,023,"South Dakota","Charles Mix County",2,46,93,50,43
050,46,023,"South Dakota","Charles Mix County",2,47,88,50,38
050,46,023,"South Dakota","Charles Mix County",2,48,94,58,36
050,46,023,"South Dakota","Charles Mix County",2,49,94,52,42
050,46,023,"South Dakota","Charles Mix County",2,50,81,37,44
050,46,023,"South Dakota","Charles Mix County",2,51,100,51,49
050,46,023,"South Dakota","Charles Mix County",2,52,89,47,42
050,46,023,"South Dakota","Charles Mix County",2,53,96,45,51
050,46,023,"South Dakota","Charles Mix County",2,54,103,50,53
050,46,023,"South Dakota","Charles Mix County",2,55,106,51,55
050,46,023,"South Dakota","Charles Mix County",2,56,103,47,56
050,46,023,"South Dakota","Charles Mix County",2,57,113,50,63
050,46,023,"South Dakota","Charles Mix County",2,58,120,60,60
050,46,023,"South Dakota","Charles Mix County",2,59,119,69,50
050,46,023,"South Dakota","Charles Mix County",2,60,128,70,58
050,46,023,"South Dakota","Charles Mix County",2,61,134,67,67
050,46,023,"South Dakota","Charles Mix County",2,62,129,64,65
050,46,023,"South Dakota","Charles Mix County",2,63,133,68,65
050,46,023,"South Dakota","Charles Mix County",2,64,123,62,61
050,46,023,"South Dakota","Charles Mix County",2,65,106,56,50
050,46,023,"South Dakota","Charles Mix County",2,66,108,58,50
050,46,023,"South Dakota","Charles Mix County",2,67,100,53,47
050,46,023,"South Dakota","Charles Mix County",2,68,103,56,47
050,46,023,"South Dakota","Charles Mix County",2,69,89,48,41
050,46,023,"South Dakota","Charles Mix County",2,70,80,42,38
050,46,023,"South Dakota","Charles Mix County",2,71,94,49,45
050,46,023,"South Dakota","Charles Mix County",2,72,82,42,40
050,46,023,"South Dakota","Charles Mix County",2,73,78,39,39
050,46,023,"South Dakota","Charles Mix County",2,74,57,27,30
050,46,023,"South Dakota","Charles Mix County",2,75,57,26,31
050,46,023,"South Dakota","Charles Mix County",2,76,63,30,33
050,46,023,"South Dakota","Charles Mix County",2,77,77,36,41
050,46,023,"South Dakota","Charles Mix County",2,78,64,33,31
050,46,023,"South Dakota","Charles Mix County",2,79,63,32,31
050,46,023,"South Dakota","Charles Mix County",2,80,56,30,26
050,46,023,"South Dakota","Charles Mix County",2,81,47,26,21
050,46,023,"South Dakota","Charles Mix County",2,82,47,24,23
050,46,023,"South Dakota","Charles Mix County",2,83,39,16,23
050,46,023,"South Dakota","Charles Mix County",2,84,40,16,24
050,46,023,"South Dakota","Charles Mix County",2,85,252,88,164
050,46,023,"South Dakota","Charles Mix County",3,0,160,87,73
050,46,023,"South Dakota","Charles Mix County",3,1,141,68,73
050,46,023,"South Dakota","Charles Mix County",3,2,145,77,68
050,46,023,"South Dakota","Charles Mix County",3,3,150,83,67
050,46,023,"South Dakota","Charles Mix County",3,4,154,89,65
050,46,023,"South Dakota","Charles Mix County",3,5,163,90,73
050,46,023,"South Dakota","Charles Mix County",3,6,166,83,83
050,46,023,"South Dakota","Charles Mix County",3,7,162,86,76
050,46,023,"South Dakota","Charles Mix County",3,8,161,84,77
050,46,023,"South Dakota","Charles Mix County",3,9,157,83,74
050,46,023,"South Dakota","Charles Mix County",3,10,165,96,69
050,46,023,"South Dakota","Charles Mix County",3,11,161,84,77
050,46,023,"South Dakota","Charles Mix County",3,12,174,92,82
050,46,023,"South Dakota","Charles Mix County",3,13,163,89,74
050,46,023,"South Dakota","Charles Mix County",3,14,160,81,79
050,46,023,"South Dakota","Charles Mix County",3,15,154,78,76
050,46,023,"South Dakota","Charles Mix County",3,16,141,64,77
050,46,023,"South Dakota","Charles Mix County",3,17,138,67,71
050,46,023,"South Dakota","Charles Mix County",3,18,123,60,63
050,46,023,"South Dakota","Charles Mix County",3,19,104,60,44
050,46,023,"South Dakota","Charles Mix County",3,20,88,50,38
050,46,023,"South Dakota","Charles Mix County",3,21,95,58,37
050,46,023,"South Dakota","Charles Mix County",3,22,101,51,50
050,46,023,"South Dakota","Charles Mix County",3,23,97,41,56
050,46,023,"South Dakota","Charles Mix County",3,24,90,55,35
050,46,023,"South Dakota","Charles Mix County",3,25,99,47,52
050,46,023,"South Dakota","Charles Mix County",3,26,109,52,57
050,46,023,"South Dakota","Charles Mix County",3,27,102,49,53
050,46,023,"South Dakota","Charles Mix County",3,28,94,41,53
050,46,023,"South Dakota","Charles Mix County",3,29,105,50,55
050,46,023,"South Dakota","Charles Mix County",3,30,83,40,43
050,46,023,"South Dakota","Charles Mix County",3,31,80,44,36
050,46,023,"South Dakota","Charles Mix County",3,32,84,44,40
050,46,023,"South Dakota","Charles Mix County",3,33,88,43,45
050,46,023,"South Dakota","Charles Mix County",3,34,86,38,48
050,46,023,"South Dakota","Charles Mix County",3,35,105,51,54
050,46,023,"South Dakota","Charles Mix County",3,36,108,51,57
050,46,023,"South Dakota","Charles Mix County",3,37,112,53,59
050,46,023,"South Dakota","Charles Mix County",3,38,103,57,46
050,46,023,"South Dakota","Charles Mix County",3,39,99,57,42
050,46,023,"South Dakota","Charles Mix County",3,40,91,52,39
050,46,023,"South Dakota","Charles Mix County",3,41,80,38,42
050,46,023,"South Dakota","Charles Mix County",3,42,96,45,51
050,46,023,"South Dakota","Charles Mix County",3,43,85,38,47
050,46,023,"South Dakota","Charles Mix County",3,44,93,43,50
050,46,023,"South Dakota","Charles Mix County",3,45,84,39,45
050,46,023,"South Dakota","Charles Mix County",3,46,87,44,43
050,46,023,"South Dakota","Charles Mix County",3,47,88,47,41
050,46,023,"South Dakota","Charles Mix County",3,48,90,56,34
050,46,023,"South Dakota","Charles Mix County",3,49,93,54,39
050,46,023,"South Dakota","Charles Mix County",3,50,84,46,38
050,46,023,"South Dakota","Charles Mix County",3,51,88,42,46
050,46,023,"South Dakota","Charles Mix County",3,52,95,48,47
050,46,023,"South Dakota","Charles Mix County",3,53,87,41,46
050,46,023,"South Dakota","Charles Mix County",3,54,101,50,51
050,46,023,"South Dakota","Charles Mix County",3,55,103,47,56
050,46,023,"South Dakota","Charles Mix County",3,56,107,53,54
050,46,023,"South Dakota","Charles Mix County",3,57,98,45,53
050,46,023,"South Dakota","Charles Mix County",3,58,122,53,69
050,46,023,"South Dakota","Charles Mix County",3,59,112,55,57
050,46,023,"South Dakota","Charles Mix County",3,60,117,66,51
050,46,023,"South Dakota","Charles Mix County",3,61,134,74,60
050,46,023,"South Dakota","Charles Mix County",3,62,137,70,67
050,46,023,"South Dakota","Charles Mix County",3,63,127,63,64
050,46,023,"South Dakota","Charles Mix County",3,64,129,64,65
050,46,023,"South Dakota","Charles Mix County",3,65,121,59,62
050,46,023,"South Dakota","Charles Mix County",3,66,106,60,46
050,46,023,"South Dakota","Charles Mix County",3,67,100,54,46
050,46,023,"South Dakota","Charles Mix County",3,68,99,51,48
050,46,023,"South Dakota","Charles Mix County",3,69,98,54,44
050,46,023,"South Dakota","Charles Mix County",3,70,89,47,42
050,46,023,"South Dakota","Charles Mix County",3,71,82,44,38
050,46,023,"South Dakota","Charles Mix County",3,72,86,44,42
050,46,023,"South Dakota","Charles Mix County",3,73,74,39,35
050,46,023,"South Dakota","Charles Mix County",3,74,75,36,39
050,46,023,"South Dakota","Charles Mix County",3,75,59,29,30
050,46,023,"South Dakota","Charles Mix County",3,76,54,25,29
050,46,023,"South Dakota","Charles Mix County",3,77,60,24,36
050,46,023,"South Dakota","Charles Mix County",3,78,71,35,36
050,46,023,"South Dakota","Charles Mix County",3,79,64,31,33
050,46,023,"South Dakota","Charles Mix County",3,80,56,28,28
050,46,023,"South Dakota","Charles Mix County",3,81,44,24,20
050,46,023,"South Dakota","Charles Mix County",3,82,47,26,21
050,46,023,"South Dakota","Charles Mix County",3,83,40,20,20
050,46,023,"South Dakota","Charles Mix County",3,84,32,11,21
050,46,023,"South Dakota","Charles Mix County",3,85,229,69,160
050,46,023,"South Dakota","Charles Mix County",4,0,159,89,70
050,46,023,"South Dakota","Charles Mix County",4,1,153,78,75
050,46,023,"South Dakota","Charles Mix County",4,2,133,65,68
050,46,023,"South Dakota","Charles Mix County",4,3,152,81,71
050,46,023,"South Dakota","Charles Mix County",4,4,145,80,65
050,46,023,"South Dakota","Charles Mix County",4,5,164,91,73
050,46,023,"South Dakota","Charles Mix County",4,6,165,87,78
050,46,023,"South Dakota","Charles Mix County",4,7,150,78,72
050,46,023,"South Dakota","Charles Mix County",4,8,172,88,84
050,46,023,"South Dakota","Charles Mix County",4,9,153,83,70
050,46,023,"South Dakota","Charles Mix County",4,10,165,84,81
050,46,023,"South Dakota","Charles Mix County",4,11,166,92,74
050,46,023,"South Dakota","Charles Mix County",4,12,169,93,76
050,46,023,"South Dakota","Charles Mix County",4,13,176,103,73
050,46,023,"South Dakota","Charles Mix County",4,14,161,77,84
050,46,023,"South Dakota","Charles Mix County",4,15,163,87,76
050,46,023,"South Dakota","Charles Mix County",4,16,152,75,77
050,46,023,"South Dakota","Charles Mix County",4,17,144,63,81
050,46,023,"South Dakota","Charles Mix County",4,18,131,66,65
050,46,023,"South Dakota","Charles Mix County",4,19,107,54,53
050,46,023,"South Dakota","Charles Mix County",4,20,88,48,40
050,46,023,"South Dakota","Charles Mix County",4,21,90,52,38
050,46,023,"South Dakota","Charles Mix County",4,22,105,57,48
050,46,023,"South Dakota","Charles Mix County",4,23,97,49,48
050,46,023,"South Dakota","Charles Mix County",4,24,96,51,45
050,46,023,"South Dakota","Charles Mix County",4,25,89,54,35
050,46,023,"South Dakota","Charles Mix County",4,26,86,44,42
050,46,023,"South Dakota","Charles Mix County",4,27,115,61,54
050,46,023,"South Dakota","Charles Mix County",4,28,107,47,60
050,46,023,"South Dakota","Charles Mix County",4,29,99,46,53
050,46,023,"South Dakota","Charles Mix County",4,30,103,48,55
050,46,023,"South Dakota","Charles Mix County",4,31,85,44,41
050,46,023,"South Dakota","Charles Mix County",4,32,93,52,41
050,46,023,"South Dakota","Charles Mix County",4,33,79,42,37
050,46,023,"South Dakota","Charles Mix County",4,34,84,40,44
050,46,023,"South Dakota","Charles Mix County",4,35,91,43,48
050,46,023,"South Dakota","Charles Mix County",4,36,98,49,49
050,46,023,"South Dakota","Charles Mix County",4,37,110,49,61
050,46,023,"South Dakota","Charles Mix County",4,38,104,50,54
050,46,023,"South Dakota","Charles Mix County",4,39,97,55,42
050,46,023,"South Dakota","Charles Mix County",4,40,102,64,38
050,46,023,"South Dakota","Charles Mix County",4,41,88,47,41
050,46,023,"South Dakota","Charles Mix County",4,42,88,36,52
050,46,023,"South Dakota","Charles Mix County",4,43,89,46,43
050,46,023,"South Dakota","Charles Mix County",4,44,90,37,53
050,46,023,"South Dakota","Charles Mix County",4,45,89,45,44
050,46,023,"South Dakota","Charles Mix County",4,46,89,42,47
050,46,023,"South Dakota","Charles Mix County",4,47,79,39,40
050,46,023,"South Dakota","Charles Mix County",4,48,91,54,37
050,46,023,"South Dakota","Charles Mix County",4,49,92,54,38
050,46,023,"South Dakota","Charles Mix County",4,50,87,49,38
050,46,023,"South Dakota","Charles Mix County",4,51,93,49,44
050,46,023,"South Dakota","Charles Mix County",4,52,85,39,46
050,46,023,"South Dakota","Charles Mix County",4,53,90,43,47
050,46,023,"South Dakota","Charles Mix County",4,54,86,44,42
050,46,023,"South Dakota","Charles Mix County",4,55,100,48,52
050,46,023,"South Dakota","Charles Mix County",4,56,113,57,56
050,46,023,"South Dakota","Charles Mix County",4,57,103,51,52
050,46,023,"South Dakota","Charles Mix County",4,58,103,44,59
050,46,023,"South Dakota","Charles Mix County",4,59,117,51,66
050,46,023,"South Dakota","Charles Mix County",4,60,113,59,54
050,46,023,"South Dakota","Charles Mix County",4,61,121,65,56
050,46,023,"South Dakota","Charles Mix County",4,62,133,73,60
050,46,023,"South Dakota","Charles Mix County",4,63,140,70,70
050,46,023,"South Dakota","Charles Mix County",4,64,124,59,65
050,46,023,"South Dakota","Charles Mix County",4,65,126,63,63
050,46,023,"South Dakota","Charles Mix County",4,66,122,60,62
050,46,023,"South Dakota","Charles Mix County",4,67,105,59,46
050,46,023,"South Dakota","Charles Mix County",4,68,99,51,48
050,46,023,"South Dakota","Charles Mix County",4,69,96,51,45
050,46,023,"South Dakota","Charles Mix County",4,70,97,54,43
050,46,023,"South Dakota","Charles Mix County",4,71,92,48,44
050,46,023,"South Dakota","Charles Mix County",4,72,79,42,37
050,46,023,"South Dakota","Charles Mix County",4,73,81,43,38
050,46,023,"South Dakota","Charles Mix County",4,74,74,38,36
050,46,023,"South Dakota","Charles Mix County",4,75,71,36,35
050,46,023,"South Dakota","Charles Mix County",4,76,52,26,26
050,46,023,"South Dakota","Charles Mix County",4,77,57,24,33
050,46,023,"South Dakota","Charles Mix County",4,78,56,24,32
050,46,023,"South Dakota","Charles Mix County",4,79,72,34,38
050,46,023,"South Dakota","Charles Mix County",4,80,63,31,32
050,46,023,"South Dakota","Charles Mix County",4,81,48,25,23
050,46,023,"South Dakota","Charles Mix County",4,82,46,26,20
050,46,023,"South Dakota","Charles Mix County",4,83,38,20,18
050,46,023,"South Dakota","Charles Mix County",4,84,36,16,20
050,46,023,"South Dakota","Charles Mix County",4,85,221,58,163
050,46,023,"South Dakota","Charles Mix County",5,0,159,92,67
050,46,023,"South Dakota","Charles Mix County",5,1,153,85,68
050,46,023,"South Dakota","Charles Mix County",5,2,147,76,71
050,46,023,"South Dakota","Charles Mix County",5,3,153,74,79
050,46,023,"South Dakota","Charles Mix County",5,4,148,80,68
050,46,023,"South Dakota","Charles Mix County",5,5,149,80,69
050,46,023,"South Dakota","Charles Mix County",5,6,152,79,73
050,46,023,"South Dakota","Charles Mix County",5,7,158,86,72
050,46,023,"South Dakota","Charles Mix County",5,8,159,80,79
050,46,023,"South Dakota","Charles Mix County",5,9,160,86,74
050,46,023,"South Dakota","Charles Mix County",5,10,160,91,69
050,46,023,"South Dakota","Charles Mix County",5,11,159,79,80
050,46,023,"South Dakota","Charles Mix County",5,12,166,95,71
050,46,023,"South Dakota","Charles Mix County",5,13,171,105,66
050,46,023,"South Dakota","Charles Mix County",5,14,171,89,82
050,46,023,"South Dakota","Charles Mix County",5,15,163,80,83
050,46,023,"South Dakota","Charles Mix County",5,16,159,84,75
050,46,023,"South Dakota","Charles Mix County",5,17,152,75,77
050,46,023,"South Dakota","Charles Mix County",5,18,131,62,69
050,46,023,"South Dakota","Charles Mix County",5,19,107,56,51
050,46,023,"South Dakota","Charles Mix County",5,20,91,44,47
050,46,023,"South Dakota","Charles Mix County",5,21,90,52,38
050,46,023,"South Dakota","Charles Mix County",5,22,100,54,46
050,46,023,"South Dakota","Charles Mix County",5,23,97,50,47
050,46,023,"South Dakota","Charles Mix County",5,24,93,54,39
050,46,023,"South Dakota","Charles Mix County",5,25,107,49,58
050,46,023,"South Dakota","Charles Mix County",5,26,84,56,28
050,46,023,"South Dakota","Charles Mix County",5,27,88,44,44
050,46,023,"South Dakota","Charles Mix County",5,28,111,53,58
050,46,023,"South Dakota","Charles Mix County",5,29,108,44,64
050,46,023,"South Dakota","Charles Mix County",5,30,100,43,57
050,46,023,"South Dakota","Charles Mix County",5,31,101,50,51
050,46,023,"South Dakota","Charles Mix County",5,32,91,44,47
050,46,023,"South Dakota","Charles Mix County",5,33,87,52,35
050,46,023,"South Dakota","Charles Mix County",5,34,77,38,39
050,46,023,"South Dakota","Charles Mix County",5,35,88,41,47
050,46,023,"South Dakota","Charles Mix County",5,36,87,44,43
050,46,023,"South Dakota","Charles Mix County",5,37,111,57,54
050,46,023,"South Dakota","Charles Mix County",5,38,102,44,58
050,46,023,"South Dakota","Charles Mix County",5,39,105,52,53
050,46,023,"South Dakota","Charles Mix County",5,40,98,60,38
050,46,023,"South Dakota","Charles Mix County",5,41,95,57,38
050,46,023,"South Dakota","Charles Mix County",5,42,91,45,46
050,46,023,"South Dakota","Charles Mix County",5,43,79,35,44
050,46,023,"South Dakota","Charles Mix County",5,44,99,46,53
050,46,023,"South Dakota","Charles Mix County",5,45,91,41,50
050,46,023,"South Dakota","Charles Mix County",5,46,101,56,45
050,46,023,"South Dakota","Charles Mix County",5,47,82,38,44
050,46,023,"South Dakota","Charles Mix County",5,48,85,49,36
050,46,023,"South Dakota","Charles Mix County",5,49,94,52,42
050,46,023,"South Dakota","Charles Mix County",5,50,86,48,38
050,46,023,"South Dakota","Charles Mix County",5,51,92,53,39
050,46,023,"South Dakota","Charles Mix County",5,52,86,46,40
050,46,023,"South Dakota","Charles Mix County",5,53,82,34,48
050,46,023,"South Dakota","Charles Mix County",5,54,87,42,45
050,46,023,"South Dakota","Charles Mix County",5,55,79,44,35
050,46,023,"South Dakota","Charles Mix County",5,56,104,53,51
050,46,023,"South Dakota","Charles Mix County",5,57,114,57,57
050,46,023,"South Dakota","Charles Mix County",5,58,108,51,57
050,46,023,"South Dakota","Charles Mix County",5,59,104,44,60
050,46,023,"South Dakota","Charles Mix County",5,60,120,54,66
050,46,023,"South Dakota","Charles Mix County",5,61,113,56,57
050,46,023,"South Dakota","Charles Mix County",5,62,120,67,53
050,46,023,"South Dakota","Charles Mix County",5,63,127,69,58
050,46,023,"South Dakota","Charles Mix County",5,64,142,71,71
050,46,023,"South Dakota","Charles Mix County",5,65,120,59,61
050,46,023,"South Dakota","Charles Mix County",5,66,124,65,59
050,46,023,"South Dakota","Charles Mix County",5,67,119,59,60
050,46,023,"South Dakota","Charles Mix County",5,68,109,58,51
050,46,023,"South Dakota","Charles Mix County",5,69,99,53,46
050,46,023,"South Dakota","Charles Mix County",5,70,95,50,45
050,46,023,"South Dakota","Charles Mix County",5,71,102,57,45
050,46,023,"South Dakota","Charles Mix County",5,72,88,45,43
050,46,023,"South Dakota","Charles Mix County",5,73,75,40,35
050,46,023,"South Dakota","Charles Mix County",5,74,77,40,37
050,46,023,"South Dakota","Charles Mix County",5,75,76,40,36
050,46,023,"South Dakota","Charles Mix County",5,76,67,34,33
050,46,023,"South Dakota","Charles Mix County",5,77,53,24,29
050,46,023,"South Dakota","Charles Mix County",5,78,52,23,29
050,46,023,"South Dakota","Charles Mix County",5,79,57,23,34
050,46,023,"South Dakota","Charles Mix County",5,80,68,33,35
050,46,023,"South Dakota","Charles Mix County",5,81,50,25,25
050,46,023,"South Dakota","Charles Mix County",5,82,47,26,21
050,46,023,"South Dakota","Charles Mix County",5,83,38,20,18
050,46,023,"South Dakota","Charles Mix County",5,84,36,17,19
050,46,023,"South Dakota","Charles Mix County",5,85,214,52,162
050,46,025,"South Dakota","Clark County",1,0,77,38,39
050,46,025,"South Dakota","Clark County",1,1,70,31,39
050,46,025,"South Dakota","Clark County",1,2,71,40,31
050,46,025,"South Dakota","Clark County",1,3,76,37,39
050,46,025,"South Dakota","Clark County",1,4,73,39,34
050,46,025,"South Dakota","Clark County",1,5,69,31,38
050,46,025,"South Dakota","Clark County",1,6,63,33,30
050,46,025,"South Dakota","Clark County",1,7,56,31,25
050,46,025,"South Dakota","Clark County",1,8,43,14,29
050,46,025,"South Dakota","Clark County",1,9,60,25,35
050,46,025,"South Dakota","Clark County",1,10,63,36,27
050,46,025,"South Dakota","Clark County",1,11,36,18,18
050,46,025,"South Dakota","Clark County",1,12,63,41,22
050,46,025,"South Dakota","Clark County",1,13,37,22,15
050,46,025,"South Dakota","Clark County",1,14,43,25,18
050,46,025,"South Dakota","Clark County",1,15,46,27,19
050,46,025,"South Dakota","Clark County",1,16,44,26,18
050,46,025,"South Dakota","Clark County",1,17,36,16,20
050,46,025,"South Dakota","Clark County",1,18,26,11,15
050,46,025,"South Dakota","Clark County",1,19,20,8,12
050,46,025,"South Dakota","Clark County",1,20,26,14,12
050,46,025,"South Dakota","Clark County",1,21,27,14,13
050,46,025,"South Dakota","Clark County",1,22,30,16,14
050,46,025,"South Dakota","Clark County",1,23,33,23,10
050,46,025,"South Dakota","Clark County",1,24,36,20,16
050,46,025,"South Dakota","Clark County",1,25,34,20,14
050,46,025,"South Dakota","Clark County",1,26,52,31,21
050,46,025,"South Dakota","Clark County",1,27,50,28,22
050,46,025,"South Dakota","Clark County",1,28,46,28,18
050,46,025,"South Dakota","Clark County",1,29,38,15,23
050,46,025,"South Dakota","Clark County",1,30,45,20,25
050,46,025,"South Dakota","Clark County",1,31,47,28,19
050,46,025,"South Dakota","Clark County",1,32,43,25,18
050,46,025,"South Dakota","Clark County",1,33,39,18,21
050,46,025,"South Dakota","Clark County",1,34,44,21,23
050,46,025,"South Dakota","Clark County",1,35,40,22,18
050,46,025,"South Dakota","Clark County",1,36,33,18,15
050,46,025,"South Dakota","Clark County",1,37,39,22,17
050,46,025,"South Dakota","Clark County",1,38,42,27,15
050,46,025,"South Dakota","Clark County",1,39,47,26,21
050,46,025,"South Dakota","Clark County",1,40,41,22,19
050,46,025,"South Dakota","Clark County",1,41,38,22,16
050,46,025,"South Dakota","Clark County",1,42,32,20,12
050,46,025,"South Dakota","Clark County",1,43,25,12,13
050,46,025,"South Dakota","Clark County",1,44,38,25,13
050,46,025,"South Dakota","Clark County",1,45,39,28,11
050,46,025,"South Dakota","Clark County",1,46,32,21,11
050,46,025,"South Dakota","Clark County",1,47,29,16,13
050,46,025,"South Dakota","Clark County",1,48,23,12,11
050,46,025,"South Dakota","Clark County",1,49,31,15,16
050,46,025,"South Dakota","Clark County",1,50,43,21,22
050,46,025,"South Dakota","Clark County",1,51,44,23,21
050,46,025,"South Dakota","Clark County",1,52,37,17,20
050,46,025,"South Dakota","Clark County",1,53,35,22,13
050,46,025,"South Dakota","Clark County",1,54,43,18,25
050,46,025,"South Dakota","Clark County",1,55,40,18,22
050,46,025,"South Dakota","Clark County",1,56,50,26,24
050,46,025,"South Dakota","Clark County",1,57,55,25,30
050,46,025,"South Dakota","Clark County",1,58,59,31,28
050,46,025,"South Dakota","Clark County",1,59,58,34,24
050,46,025,"South Dakota","Clark County",1,60,58,32,26
050,46,025,"South Dakota","Clark County",1,61,64,34,30
050,46,025,"South Dakota","Clark County",1,62,54,29,25
050,46,025,"South Dakota","Clark County",1,63,53,31,22
050,46,025,"South Dakota","Clark County",1,64,59,34,25
050,46,025,"South Dakota","Clark County",1,65,64,38,26
050,46,025,"South Dakota","Clark County",1,66,62,36,26
050,46,025,"South Dakota","Clark County",1,67,53,28,25
050,46,025,"South Dakota","Clark County",1,68,63,33,30
050,46,025,"South Dakota","Clark County",1,69,54,26,28
050,46,025,"South Dakota","Clark County",1,70,56,30,26
050,46,025,"South Dakota","Clark County",1,71,41,22,19
050,46,025,"South Dakota","Clark County",1,72,43,19,24
050,46,025,"South Dakota","Clark County",1,73,47,22,25
050,46,025,"South Dakota","Clark County",1,74,32,16,16
050,46,025,"South Dakota","Clark County",1,75,31,16,15
050,46,025,"South Dakota","Clark County",1,76,24,12,12
050,46,025,"South Dakota","Clark County",1,77,42,20,22
050,46,025,"South Dakota","Clark County",1,78,33,16,17
050,46,025,"South Dakota","Clark County",1,79,17,11,6
050,46,025,"South Dakota","Clark County",1,80,28,15,13
050,46,025,"South Dakota","Clark County",1,81,22,10,12
050,46,025,"South Dakota","Clark County",1,82,17,4,13
050,46,025,"South Dakota","Clark County",1,83,16,7,9
050,46,025,"South Dakota","Clark County",1,84,21,9,12
050,46,025,"South Dakota","Clark County",1,85,132,29,103
050,46,025,"South Dakota","Clark County",2,0,77,41,36
050,46,025,"South Dakota","Clark County",2,1,71,32,39
050,46,025,"South Dakota","Clark County",2,2,70,37,33
050,46,025,"South Dakota","Clark County",2,3,74,37,37
050,46,025,"South Dakota","Clark County",2,4,73,38,35
050,46,025,"South Dakota","Clark County",2,5,72,33,39
050,46,025,"South Dakota","Clark County",2,6,66,33,33
050,46,025,"South Dakota","Clark County",2,7,56,31,25
050,46,025,"South Dakota","Clark County",2,8,46,18,28
050,46,025,"South Dakota","Clark County",2,9,56,23,33
050,46,025,"South Dakota","Clark County",2,10,63,35,28
050,46,025,"South Dakota","Clark County",2,11,42,22,20
050,46,025,"South Dakota","Clark County",2,12,58,37,21
050,46,025,"South Dakota","Clark County",2,13,43,26,17
050,46,025,"South Dakota","Clark County",2,14,44,26,18
050,46,025,"South Dakota","Clark County",2,15,46,27,19
050,46,025,"South Dakota","Clark County",2,16,45,26,19
050,46,025,"South Dakota","Clark County",2,17,39,19,20
050,46,025,"South Dakota","Clark County",2,18,26,12,14
050,46,025,"South Dakota","Clark County",2,19,20,8,12
050,46,025,"South Dakota","Clark County",2,20,27,14,13
050,46,025,"South Dakota","Clark County",2,21,26,14,12
050,46,025,"South Dakota","Clark County",2,22,29,16,13
050,46,025,"South Dakota","Clark County",2,23,33,22,11
050,46,025,"South Dakota","Clark County",2,24,34,20,14
050,46,025,"South Dakota","Clark County",2,25,34,20,14
050,46,025,"South Dakota","Clark County",2,26,49,29,20
050,46,025,"South Dakota","Clark County",2,27,49,29,20
050,46,025,"South Dakota","Clark County",2,28,47,28,19
050,46,025,"South Dakota","Clark County",2,29,40,18,22
050,46,025,"South Dakota","Clark County",2,30,43,19,24
050,46,025,"South Dakota","Clark County",2,31,46,25,21
050,46,025,"South Dakota","Clark County",2,32,44,26,18
050,46,025,"South Dakota","Clark County",2,33,39,19,20
050,46,025,"South Dakota","Clark County",2,34,43,21,22
050,46,025,"South Dakota","Clark County",2,35,41,22,19
050,46,025,"South Dakota","Clark County",2,36,37,20,17
050,46,025,"South Dakota","Clark County",2,37,37,20,17
050,46,025,"South Dakota","Clark County",2,38,41,26,15
050,46,025,"South Dakota","Clark County",2,39,47,27,20
050,46,025,"South Dakota","Clark County",2,40,42,23,19
050,46,025,"South Dakota","Clark County",2,41,40,23,17
050,46,025,"South Dakota","Clark County",2,42,34,21,13
050,46,025,"South Dakota","Clark County",2,43,26,13,13
050,46,025,"South Dakota","Clark County",2,44,35,22,13
050,46,025,"South Dakota","Clark County",2,45,37,26,11
050,46,025,"South Dakota","Clark County",2,46,34,23,11
050,46,025,"South Dakota","Clark County",2,47,30,17,13
050,46,025,"South Dakota","Clark County",2,48,24,13,11
050,46,025,"South Dakota","Clark County",2,49,30,15,15
050,46,025,"South Dakota","Clark County",2,50,41,20,21
050,46,025,"South Dakota","Clark County",2,51,45,23,22
050,46,025,"South Dakota","Clark County",2,52,38,18,20
050,46,025,"South Dakota","Clark County",2,53,36,21,15
050,46,025,"South Dakota","Clark County",2,54,40,18,22
050,46,025,"South Dakota","Clark County",2,55,40,18,22
050,46,025,"South Dakota","Clark County",2,56,48,24,24
050,46,025,"South Dakota","Clark County",2,57,54,26,28
050,46,025,"South Dakota","Clark County",2,58,59,31,28
050,46,025,"South Dakota","Clark County",2,59,59,33,26
050,46,025,"South Dakota","Clark County",2,60,60,34,26
050,46,025,"South Dakota","Clark County",2,61,60,32,28
050,46,025,"South Dakota","Clark County",2,62,56,30,26
050,46,025,"South Dakota","Clark County",2,63,54,31,23
050,46,025,"South Dakota","Clark County",2,64,57,33,24
050,46,025,"South Dakota","Clark County",2,65,63,37,26
050,46,025,"South Dakota","Clark County",2,66,63,37,26
050,46,025,"South Dakota","Clark County",2,67,55,30,25
050,46,025,"South Dakota","Clark County",2,68,61,32,29
050,46,025,"South Dakota","Clark County",2,69,56,27,29
050,46,025,"South Dakota","Clark County",2,70,55,29,26
050,46,025,"South Dakota","Clark County",2,71,45,24,21
050,46,025,"South Dakota","Clark County",2,72,42,19,23
050,46,025,"South Dakota","Clark County",2,73,48,22,26
050,46,025,"South Dakota","Clark County",2,74,34,17,17
050,46,025,"South Dakota","Clark County",2,75,32,17,15
050,46,025,"South Dakota","Clark County",2,76,25,12,13
050,46,025,"South Dakota","Clark County",2,77,39,19,20
050,46,025,"South Dakota","Clark County",2,78,35,16,19
050,46,025,"South Dakota","Clark County",2,79,20,12,8
050,46,025,"South Dakota","Clark County",2,80,26,14,12
050,46,025,"South Dakota","Clark County",2,81,22,11,11
050,46,025,"South Dakota","Clark County",2,82,17,5,12
050,46,025,"South Dakota","Clark County",2,83,17,7,10
050,46,025,"South Dakota","Clark County",2,84,19,8,11
050,46,025,"South Dakota","Clark County",2,85,127,27,100
050,46,025,"South Dakota","Clark County",3,0,67,43,24
050,46,025,"South Dakota","Clark County",3,1,75,38,37
050,46,025,"South Dakota","Clark County",3,2,70,32,38
050,46,025,"South Dakota","Clark County",3,3,78,41,37
050,46,025,"South Dakota","Clark County",3,4,69,37,32
050,46,025,"South Dakota","Clark County",3,5,76,41,35
050,46,025,"South Dakota","Clark County",3,6,69,30,39
050,46,025,"South Dakota","Clark County",3,7,67,34,33
050,46,025,"South Dakota","Clark County",3,8,52,27,25
050,46,025,"South Dakota","Clark County",3,9,47,22,25
050,46,025,"South Dakota","Clark County",3,10,64,25,39
050,46,025,"South Dakota","Clark County",3,11,66,33,33
050,46,025,"South Dakota","Clark County",3,12,44,24,20
050,46,025,"South Dakota","Clark County",3,13,52,35,17
050,46,025,"South Dakota","Clark County",3,14,50,30,20
050,46,025,"South Dakota","Clark County",3,15,42,23,19
050,46,025,"South Dakota","Clark County",3,16,46,26,20
050,46,025,"South Dakota","Clark County",3,17,44,25,19
050,46,025,"South Dakota","Clark County",3,18,29,15,14
050,46,025,"South Dakota","Clark County",3,19,19,10,9
050,46,025,"South Dakota","Clark County",3,20,20,10,10
050,46,025,"South Dakota","Clark County",3,21,28,16,12
050,46,025,"South Dakota","Clark County",3,22,29,15,14
050,46,025,"South Dakota","Clark County",3,23,27,13,14
050,46,025,"South Dakota","Clark County",3,24,40,24,16
050,46,025,"South Dakota","Clark County",3,25,32,20,12
050,46,025,"South Dakota","Clark County",3,26,37,21,16
050,46,025,"South Dakota","Clark County",3,27,51,28,23
050,46,025,"South Dakota","Clark County",3,28,51,31,20
050,46,025,"South Dakota","Clark County",3,29,40,22,18
050,46,025,"South Dakota","Clark County",3,30,42,20,22
050,46,025,"South Dakota","Clark County",3,31,46,20,26
050,46,025,"South Dakota","Clark County",3,32,48,26,22
050,46,025,"South Dakota","Clark County",3,33,43,25,18
050,46,025,"South Dakota","Clark County",3,34,42,22,20
050,46,025,"South Dakota","Clark County",3,35,42,23,19
050,46,025,"South Dakota","Clark County",3,36,40,19,21
050,46,025,"South Dakota","Clark County",3,37,38,19,19
050,46,025,"South Dakota","Clark County",3,38,45,23,22
050,46,025,"South Dakota","Clark County",3,39,41,28,13
050,46,025,"South Dakota","Clark County",3,40,48,28,20
050,46,025,"South Dakota","Clark County",3,41,41,20,21
050,46,025,"South Dakota","Clark County",3,42,42,25,17
050,46,025,"South Dakota","Clark County",3,43,31,19,12
050,46,025,"South Dakota","Clark County",3,44,26,13,13
050,46,025,"South Dakota","Clark County",3,45,35,22,13
050,46,025,"South Dakota","Clark County",3,46,41,29,12
050,46,025,"South Dakota","Clark County",3,47,31,21,10
050,46,025,"South Dakota","Clark County",3,48,29,17,12
050,46,025,"South Dakota","Clark County",3,49,21,10,11
050,46,025,"South Dakota","Clark County",3,50,32,16,16
050,46,025,"South Dakota","Clark County",3,51,37,17,20
050,46,025,"South Dakota","Clark County",3,52,44,22,22
050,46,025,"South Dakota","Clark County",3,53,37,18,19
050,46,025,"South Dakota","Clark County",3,54,37,20,17
050,46,025,"South Dakota","Clark County",3,55,39,19,20
050,46,025,"South Dakota","Clark County",3,56,40,17,23
050,46,025,"South Dakota","Clark County",3,57,45,24,21
050,46,025,"South Dakota","Clark County",3,58,54,27,27
050,46,025,"South Dakota","Clark County",3,59,57,28,29
050,46,025,"South Dakota","Clark County",3,60,63,36,27
050,46,025,"South Dakota","Clark County",3,61,56,33,23
050,46,025,"South Dakota","Clark County",3,62,57,30,27
050,46,025,"South Dakota","Clark County",3,63,54,28,26
050,46,025,"South Dakota","Clark County",3,64,50,30,20
050,46,025,"South Dakota","Clark County",3,65,60,33,27
050,46,025,"South Dakota","Clark County",3,66,62,37,25
050,46,025,"South Dakota","Clark County",3,67,57,34,23
050,46,025,"South Dakota","Clark County",3,68,59,35,24
050,46,025,"South Dakota","Clark County",3,69,58,28,30
050,46,025,"South Dakota","Clark County",3,70,55,26,29
050,46,025,"South Dakota","Clark County",3,71,50,27,23
050,46,025,"South Dakota","Clark County",3,72,47,23,24
050,46,025,"South Dakota","Clark County",3,73,40,18,22
050,46,025,"South Dakota","Clark County",3,74,48,24,24
050,46,025,"South Dakota","Clark County",3,75,33,16,17
050,46,025,"South Dakota","Clark County",3,76,30,15,15
050,46,025,"South Dakota","Clark County",3,77,25,12,13
050,46,025,"South Dakota","Clark County",3,78,37,16,21
050,46,025,"South Dakota","Clark County",3,79,30,14,16
050,46,025,"South Dakota","Clark County",3,80,23,12,11
050,46,025,"South Dakota","Clark County",3,81,23,13,10
050,46,025,"South Dakota","Clark County",3,82,20,11,9
050,46,025,"South Dakota","Clark County",3,83,21,8,13
050,46,025,"South Dakota","Clark County",3,84,12,4,8
050,46,025,"South Dakota","Clark County",3,85,128,29,99
050,46,025,"South Dakota","Clark County",4,0,69,37,32
050,46,025,"South Dakota","Clark County",4,1,68,43,25
050,46,025,"South Dakota","Clark County",4,2,74,44,30
050,46,025,"South Dakota","Clark County",4,3,72,34,38
050,46,025,"South Dakota","Clark County",4,4,70,32,38
050,46,025,"South Dakota","Clark County",4,5,74,37,37
050,46,025,"South Dakota","Clark County",4,6,73,37,36
050,46,025,"South Dakota","Clark County",4,7,73,30,43
050,46,025,"South Dakota","Clark County",4,8,62,33,29
050,46,025,"South Dakota","Clark County",4,9,55,29,26
050,46,025,"South Dakota","Clark County",4,10,57,27,30
050,46,025,"South Dakota","Clark County",4,11,58,21,37
050,46,025,"South Dakota","Clark County",4,12,70,38,32
050,46,025,"South Dakota","Clark County",4,13,44,22,22
050,46,025,"South Dakota","Clark County",4,14,54,37,17
050,46,025,"South Dakota","Clark County",4,15,49,29,20
050,46,025,"South Dakota","Clark County",4,16,39,23,16
050,46,025,"South Dakota","Clark County",4,17,45,25,20
050,46,025,"South Dakota","Clark County",4,18,36,21,15
050,46,025,"South Dakota","Clark County",4,19,27,14,13
050,46,025,"South Dakota","Clark County",4,20,17,6,11
050,46,025,"South Dakota","Clark County",4,21,21,13,8
050,46,025,"South Dakota","Clark County",4,22,28,14,14
050,46,025,"South Dakota","Clark County",4,23,33,18,15
050,46,025,"South Dakota","Clark County",4,24,24,13,11
050,46,025,"South Dakota","Clark County",4,25,38,21,17
050,46,025,"South Dakota","Clark County",4,26,32,19,13
050,46,025,"South Dakota","Clark County",4,27,40,22,18
050,46,025,"South Dakota","Clark County",4,28,54,32,22
050,46,025,"South Dakota","Clark County",4,29,54,33,21
050,46,025,"South Dakota","Clark County",4,30,45,27,18
050,46,025,"South Dakota","Clark County",4,31,52,26,26
050,46,025,"South Dakota","Clark County",4,32,48,20,28
050,46,025,"South Dakota","Clark County",4,33,54,30,24
050,46,025,"South Dakota","Clark County",4,34,44,25,19
050,46,025,"South Dakota","Clark County",4,35,42,25,17
050,46,025,"South Dakota","Clark County",4,36,44,24,20
050,46,025,"South Dakota","Clark County",4,37,43,19,24
050,46,025,"South Dakota","Clark County",4,38,40,20,20
050,46,025,"South Dakota","Clark County",4,39,44,24,20
050,46,025,"South Dakota","Clark County",4,40,41,28,13
050,46,025,"South Dakota","Clark County",4,41,48,27,21
050,46,025,"South Dakota","Clark County",4,42,41,21,20
050,46,025,"South Dakota","Clark County",4,43,40,24,16
050,46,025,"South Dakota","Clark County",4,44,35,22,13
050,46,025,"South Dakota","Clark County",4,45,26,13,13
050,46,025,"South Dakota","Clark County",4,46,39,25,14
050,46,025,"South Dakota","Clark County",4,47,39,28,11
050,46,025,"South Dakota","Clark County",4,48,31,21,10
050,46,025,"South Dakota","Clark County",4,49,28,16,12
050,46,025,"South Dakota","Clark County",4,50,20,10,10
050,46,025,"South Dakota","Clark County",4,51,31,17,14
050,46,025,"South Dakota","Clark County",4,52,34,17,17
050,46,025,"South Dakota","Clark County",4,53,38,20,18
050,46,025,"South Dakota","Clark County",4,54,37,17,20
050,46,025,"South Dakota","Clark County",4,55,36,21,15
050,46,025,"South Dakota","Clark County",4,56,37,18,19
050,46,025,"South Dakota","Clark County",4,57,38,15,23
050,46,025,"South Dakota","Clark County",4,58,45,25,20
050,46,025,"South Dakota","Clark County",4,59,53,25,28
050,46,025,"South Dakota","Clark County",4,60,64,31,33
050,46,025,"South Dakota","Clark County",4,61,59,35,24
050,46,025,"South Dakota","Clark County",4,62,59,35,24
050,46,025,"South Dakota","Clark County",4,63,57,31,26
050,46,025,"South Dakota","Clark County",4,64,54,28,26
050,46,025,"South Dakota","Clark County",4,65,51,28,23
050,46,025,"South Dakota","Clark County",4,66,59,34,25
050,46,025,"South Dakota","Clark County",4,67,59,38,21
050,46,025,"South Dakota","Clark County",4,68,61,38,23
050,46,025,"South Dakota","Clark County",4,69,57,31,26
050,46,025,"South Dakota","Clark County",4,70,53,25,28
050,46,025,"South Dakota","Clark County",4,71,57,27,30
050,46,025,"South Dakota","Clark County",4,72,51,27,24
050,46,025,"South Dakota","Clark County",4,73,45,22,23
050,46,025,"South Dakota","Clark County",4,74,41,20,21
050,46,025,"South Dakota","Clark County",4,75,45,22,23
050,46,025,"South Dakota","Clark County",4,76,30,13,17
050,46,025,"South Dakota","Clark County",4,77,30,14,16
050,46,025,"South Dakota","Clark County",4,78,29,10,19
050,46,025,"South Dakota","Clark County",4,79,29,11,18
050,46,025,"South Dakota","Clark County",4,80,33,14,19
050,46,025,"South Dakota","Clark County",4,81,20,12,8
050,46,025,"South Dakota","Clark County",4,82,18,11,7
050,46,025,"South Dakota","Clark County",4,83,22,13,9
050,46,025,"South Dakota","Clark County",4,84,17,6,11
050,46,025,"South Dakota","Clark County",4,85,120,28,92
050,46,025,"South Dakota","Clark County",5,0,64,34,30
050,46,025,"South Dakota","Clark County",5,1,57,27,30
050,46,025,"South Dakota","Clark County",5,2,67,41,26
050,46,025,"South Dakota","Clark County",5,3,76,45,31
050,46,025,"South Dakota","Clark County",5,4,69,29,40
050,46,025,"South Dakota","Clark County",5,5,73,32,41
050,46,025,"South Dakota","Clark County",5,6,74,36,38
050,46,025,"South Dakota","Clark County",5,7,77,37,40
050,46,025,"South Dakota","Clark County",5,8,77,30,47
050,46,025,"South Dakota","Clark County",5,9,64,32,32
050,46,025,"South Dakota","Clark County",5,10,60,33,27
050,46,025,"South Dakota","Clark County",5,11,55,27,28
050,46,025,"South Dakota","Clark County",5,12,63,24,39
050,46,025,"South Dakota","Clark County",5,13,66,35,31
050,46,025,"South Dakota","Clark County",5,14,47,24,23
050,46,025,"South Dakota","Clark County",5,15,52,36,16
050,46,025,"South Dakota","Clark County",5,16,48,28,20
050,46,025,"South Dakota","Clark County",5,17,40,23,17
050,46,025,"South Dakota","Clark County",5,18,33,20,13
050,46,025,"South Dakota","Clark County",5,19,28,15,13
050,46,025,"South Dakota","Clark County",5,20,23,12,11
050,46,025,"South Dakota","Clark County",5,21,13,7,6
050,46,025,"South Dakota","Clark County",5,22,23,13,10
050,46,025,"South Dakota","Clark County",5,23,29,17,12
050,46,025,"South Dakota","Clark County",5,24,33,20,13
050,46,025,"South Dakota","Clark County",5,25,24,15,9
050,46,025,"South Dakota","Clark County",5,26,35,21,14
050,46,025,"South Dakota","Clark County",5,27,40,20,20
050,46,025,"South Dakota","Clark County",5,28,43,25,18
050,46,025,"South Dakota","Clark County",5,29,56,28,28
050,46,025,"South Dakota","Clark County",5,30,52,29,23
050,46,025,"South Dakota","Clark County",5,31,49,27,22
050,46,025,"South Dakota","Clark County",5,32,61,27,34
050,46,025,"South Dakota","Clark County",5,33,50,21,29
050,46,025,"South Dakota","Clark County",5,34,52,29,23
050,46,025,"South Dakota","Clark County",5,35,44,26,18
050,46,025,"South Dakota","Clark County",5,36,43,25,18
050,46,025,"South Dakota","Clark County",5,37,47,26,21
050,46,025,"South Dakota","Clark County",5,38,46,20,26
050,46,025,"South Dakota","Clark County",5,39,43,24,19
050,46,025,"South Dakota","Clark County",5,40,41,19,22
050,46,025,"South Dakota","Clark County",5,41,41,27,14
050,46,025,"South Dakota","Clark County",5,42,47,27,20
050,46,025,"South Dakota","Clark County",5,43,39,19,20
050,46,025,"South Dakota","Clark County",5,44,41,25,16
050,46,025,"South Dakota","Clark County",5,45,36,22,14
050,46,025,"South Dakota","Clark County",5,46,33,19,14
050,46,025,"South Dakota","Clark County",5,47,34,22,12
050,46,025,"South Dakota","Clark County",5,48,39,28,11
050,46,025,"South Dakota","Clark County",5,49,32,20,12
050,46,025,"South Dakota","Clark County",5,50,30,17,13
050,46,025,"South Dakota","Clark County",5,51,20,11,9
050,46,025,"South Dakota","Clark County",5,52,31,17,14
050,46,025,"South Dakota","Clark County",5,53,33,18,15
050,46,025,"South Dakota","Clark County",5,54,38,18,20
050,46,025,"South Dakota","Clark County",5,55,36,18,18
050,46,025,"South Dakota","Clark County",5,56,37,21,16
050,46,025,"South Dakota","Clark County",5,57,37,19,18
050,46,025,"South Dakota","Clark County",5,58,38,16,22
050,46,025,"South Dakota","Clark County",5,59,45,24,21
050,46,025,"South Dakota","Clark County",5,60,59,30,29
050,46,025,"South Dakota","Clark County",5,61,59,31,28
050,46,025,"South Dakota","Clark County",5,62,59,34,25
050,46,025,"South Dakota","Clark County",5,63,62,38,24
050,46,025,"South Dakota","Clark County",5,64,56,31,25
050,46,025,"South Dakota","Clark County",5,65,55,25,30
050,46,025,"South Dakota","Clark County",5,66,50,29,21
050,46,025,"South Dakota","Clark County",5,67,58,34,24
050,46,025,"South Dakota","Clark County",5,68,59,40,19
050,46,025,"South Dakota","Clark County",5,69,57,34,23
050,46,025,"South Dakota","Clark County",5,70,54,29,25
050,46,025,"South Dakota","Clark County",5,71,52,24,28
050,46,025,"South Dakota","Clark County",5,72,57,26,31
050,46,025,"South Dakota","Clark County",5,73,48,26,22
050,46,025,"South Dakota","Clark County",5,74,41,22,19
050,46,025,"South Dakota","Clark County",5,75,39,20,19
050,46,025,"South Dakota","Clark County",5,76,42,19,23
050,46,025,"South Dakota","Clark County",5,77,28,11,17
050,46,025,"South Dakota","Clark County",5,78,31,13,18
050,46,025,"South Dakota","Clark County",5,79,23,7,16
050,46,025,"South Dakota","Clark County",5,80,31,11,20
050,46,025,"South Dakota","Clark County",5,81,30,14,16
050,46,025,"South Dakota","Clark County",5,82,16,12,4
050,46,025,"South Dakota","Clark County",5,83,20,12,8
050,46,025,"South Dakota","Clark County",5,84,15,9,6
050,46,025,"South Dakota","Clark County",5,85,123,29,94
050,46,027,"South Dakota","Clay County",1,0,132,66,66
050,46,027,"South Dakota","Clay County",1,1,119,57,62
050,46,027,"South Dakota","Clay County",1,2,149,76,73
050,46,027,"South Dakota","Clay County",1,3,168,97,71
050,46,027,"South Dakota","Clay County",1,4,156,78,78
050,46,027,"South Dakota","Clay County",1,5,145,69,76
050,46,027,"South Dakota","Clay County",1,6,157,81,76
050,46,027,"South Dakota","Clay County",1,7,155,72,83
050,46,027,"South Dakota","Clay County",1,8,149,83,66
050,46,027,"South Dakota","Clay County",1,9,137,73,64
050,46,027,"South Dakota","Clay County",1,10,152,83,69
050,46,027,"South Dakota","Clay County",1,11,152,88,64
050,46,027,"South Dakota","Clay County",1,12,159,89,70
050,46,027,"South Dakota","Clay County",1,13,144,73,71
050,46,027,"South Dakota","Clay County",1,14,142,78,64
050,46,027,"South Dakota","Clay County",1,15,136,66,70
050,46,027,"South Dakota","Clay County",1,16,143,71,72
050,46,027,"South Dakota","Clay County",1,17,135,68,67
050,46,027,"South Dakota","Clay County",1,18,419,158,261
050,46,027,"South Dakota","Clay County",1,19,1023,454,569
050,46,027,"South Dakota","Clay County",1,20,943,443,500
050,46,027,"South Dakota","Clay County",1,21,791,375,416
050,46,027,"South Dakota","Clay County",1,22,677,346,331
050,46,027,"South Dakota","Clay County",1,23,539,271,268
050,46,027,"South Dakota","Clay County",1,24,431,217,214
050,46,027,"South Dakota","Clay County",1,25,300,157,143
050,46,027,"South Dakota","Clay County",1,26,239,122,117
050,46,027,"South Dakota","Clay County",1,27,187,104,83
050,46,027,"South Dakota","Clay County",1,28,185,102,83
050,46,027,"South Dakota","Clay County",1,29,189,103,86
050,46,027,"South Dakota","Clay County",1,30,159,80,79
050,46,027,"South Dakota","Clay County",1,31,174,101,73
050,46,027,"South Dakota","Clay County",1,32,173,86,87
050,46,027,"South Dakota","Clay County",1,33,135,69,66
050,46,027,"South Dakota","Clay County",1,34,145,77,68
050,46,027,"South Dakota","Clay County",1,35,137,75,62
050,46,027,"South Dakota","Clay County",1,36,117,59,58
050,46,027,"South Dakota","Clay County",1,37,137,70,67
050,46,027,"South Dakota","Clay County",1,38,158,72,86
050,46,027,"South Dakota","Clay County",1,39,151,79,72
050,46,027,"South Dakota","Clay County",1,40,142,70,72
050,46,027,"South Dakota","Clay County",1,41,120,65,55
050,46,027,"South Dakota","Clay County",1,42,121,67,54
050,46,027,"South Dakota","Clay County",1,43,131,62,69
050,46,027,"South Dakota","Clay County",1,44,117,62,55
050,46,027,"South Dakota","Clay County",1,45,113,60,53
050,46,027,"South Dakota","Clay County",1,46,99,51,48
050,46,027,"South Dakota","Clay County",1,47,109,64,45
050,46,027,"South Dakota","Clay County",1,48,118,65,53
050,46,027,"South Dakota","Clay County",1,49,119,63,56
050,46,027,"South Dakota","Clay County",1,50,123,59,64
050,46,027,"South Dakota","Clay County",1,51,116,60,56
050,46,027,"South Dakota","Clay County",1,52,107,55,52
050,46,027,"South Dakota","Clay County",1,53,129,64,65
050,46,027,"South Dakota","Clay County",1,54,133,61,72
050,46,027,"South Dakota","Clay County",1,55,137,64,73
050,46,027,"South Dakota","Clay County",1,56,125,63,62
050,46,027,"South Dakota","Clay County",1,57,134,62,72
050,46,027,"South Dakota","Clay County",1,58,122,61,61
050,46,027,"South Dakota","Clay County",1,59,140,67,73
050,46,027,"South Dakota","Clay County",1,60,127,54,73
050,46,027,"South Dakota","Clay County",1,61,127,63,64
050,46,027,"South Dakota","Clay County",1,62,132,64,68
050,46,027,"South Dakota","Clay County",1,63,132,69,63
050,46,027,"South Dakota","Clay County",1,64,128,69,59
050,46,027,"South Dakota","Clay County",1,65,130,65,65
050,46,027,"South Dakota","Clay County",1,66,128,69,59
050,46,027,"South Dakota","Clay County",1,67,136,68,68
050,46,027,"South Dakota","Clay County",1,68,129,67,62
050,46,027,"South Dakota","Clay County",1,69,115,58,57
050,46,027,"South Dakota","Clay County",1,70,110,59,51
050,46,027,"South Dakota","Clay County",1,71,112,64,48
050,46,027,"South Dakota","Clay County",1,72,89,53,36
050,46,027,"South Dakota","Clay County",1,73,91,48,43
050,46,027,"South Dakota","Clay County",1,74,68,35,33
050,46,027,"South Dakota","Clay County",1,75,50,23,27
050,46,027,"South Dakota","Clay County",1,76,59,28,31
050,46,027,"South Dakota","Clay County",1,77,65,33,32
050,46,027,"South Dakota","Clay County",1,78,55,27,28
050,46,027,"South Dakota","Clay County",1,79,51,28,23
050,46,027,"South Dakota","Clay County",1,80,49,22,27
050,46,027,"South Dakota","Clay County",1,81,45,23,22
050,46,027,"South Dakota","Clay County",1,82,42,15,27
050,46,027,"South Dakota","Clay County",1,83,36,14,22
050,46,027,"South Dakota","Clay County",1,84,39,16,23
050,46,027,"South Dakota","Clay County",1,85,228,63,165
050,46,027,"South Dakota","Clay County",2,0,122,63,59
050,46,027,"South Dakota","Clay County",2,1,124,59,65
050,46,027,"South Dakota","Clay County",2,2,142,72,70
050,46,027,"South Dakota","Clay County",2,3,161,91,70
050,46,027,"South Dakota","Clay County",2,4,158,81,77
050,46,027,"South Dakota","Clay County",2,5,151,74,77
050,46,027,"South Dakota","Clay County",2,6,155,79,76
050,46,027,"South Dakota","Clay County",2,7,158,74,84
050,46,027,"South Dakota","Clay County",2,8,148,78,70
050,46,027,"South Dakota","Clay County",2,9,141,76,65
050,46,027,"South Dakota","Clay County",2,10,152,84,68
050,46,027,"South Dakota","Clay County",2,11,152,87,65
050,46,027,"South Dakota","Clay County",2,12,159,90,69
050,46,027,"South Dakota","Clay County",2,13,150,79,71
050,46,027,"South Dakota","Clay County",2,14,145,78,67
050,46,027,"South Dakota","Clay County",2,15,140,70,70
050,46,027,"South Dakota","Clay County",2,16,142,70,72
050,46,027,"South Dakota","Clay County",2,17,135,68,67
050,46,027,"South Dakota","Clay County",2,18,416,157,259
050,46,027,"South Dakota","Clay County",2,19,1019,452,567
050,46,027,"South Dakota","Clay County",2,20,954,448,506
050,46,027,"South Dakota","Clay County",2,21,792,374,418
050,46,027,"South Dakota","Clay County",2,22,676,346,330
050,46,027,"South Dakota","Clay County",2,23,534,267,267
050,46,027,"South Dakota","Clay County",2,24,429,218,211
050,46,027,"South Dakota","Clay County",2,25,301,158,143
050,46,027,"South Dakota","Clay County",2,26,236,120,116
050,46,027,"South Dakota","Clay County",2,27,192,104,88
050,46,027,"South Dakota","Clay County",2,28,185,103,82
050,46,027,"South Dakota","Clay County",2,29,187,101,86
050,46,027,"South Dakota","Clay County",2,30,166,85,81
050,46,027,"South Dakota","Clay County",2,31,173,96,77
050,46,027,"South Dakota","Clay County",2,32,168,86,82
050,46,027,"South Dakota","Clay County",2,33,143,72,71
050,46,027,"South Dakota","Clay County",2,34,143,75,68
050,46,027,"South Dakota","Clay County",2,35,139,77,62
050,46,027,"South Dakota","Clay County",2,36,120,62,58
050,46,027,"South Dakota","Clay County",2,37,134,69,65
050,46,027,"South Dakota","Clay County",2,38,154,72,82
050,46,027,"South Dakota","Clay County",2,39,155,78,77
050,46,027,"South Dakota","Clay County",2,40,147,74,73
050,46,027,"South Dakota","Clay County",2,41,126,66,60
050,46,027,"South Dakota","Clay County",2,42,122,67,55
050,46,027,"South Dakota","Clay County",2,43,129,64,65
050,46,027,"South Dakota","Clay County",2,44,118,62,56
050,46,027,"South Dakota","Clay County",2,45,116,61,55
050,46,027,"South Dakota","Clay County",2,46,100,51,49
050,46,027,"South Dakota","Clay County",2,47,107,61,46
050,46,027,"South Dakota","Clay County",2,48,115,64,51
050,46,027,"South Dakota","Clay County",2,49,116,63,53
050,46,027,"South Dakota","Clay County",2,50,124,60,64
050,46,027,"South Dakota","Clay County",2,51,117,60,57
050,46,027,"South Dakota","Clay County",2,52,110,57,53
050,46,027,"South Dakota","Clay County",2,53,125,63,62
050,46,027,"South Dakota","Clay County",2,54,133,62,71
050,46,027,"South Dakota","Clay County",2,55,136,63,73
050,46,027,"South Dakota","Clay County",2,56,128,63,65
050,46,027,"South Dakota","Clay County",2,57,131,61,70
050,46,027,"South Dakota","Clay County",2,58,124,60,64
050,46,027,"South Dakota","Clay County",2,59,135,65,70
050,46,027,"South Dakota","Clay County",2,60,131,57,74
050,46,027,"South Dakota","Clay County",2,61,126,61,65
050,46,027,"South Dakota","Clay County",2,62,131,63,68
050,46,027,"South Dakota","Clay County",2,63,134,70,64
050,46,027,"South Dakota","Clay County",2,64,128,68,60
050,46,027,"South Dakota","Clay County",2,65,127,66,61
050,46,027,"South Dakota","Clay County",2,66,129,68,61
050,46,027,"South Dakota","Clay County",2,67,133,68,65
050,46,027,"South Dakota","Clay County",2,68,131,67,64
050,46,027,"South Dakota","Clay County",2,69,120,61,59
050,46,027,"South Dakota","Clay County",2,70,109,58,51
050,46,027,"South Dakota","Clay County",2,71,110,61,49
050,46,027,"South Dakota","Clay County",2,72,93,55,38
050,46,027,"South Dakota","Clay County",2,73,94,50,44
050,46,027,"South Dakota","Clay County",2,74,69,36,33
050,46,027,"South Dakota","Clay County",2,75,54,26,28
050,46,027,"South Dakota","Clay County",2,76,56,26,30
050,46,027,"South Dakota","Clay County",2,77,67,34,33
050,46,027,"South Dakota","Clay County",2,78,56,27,29
050,46,027,"South Dakota","Clay County",2,79,50,27,23
050,46,027,"South Dakota","Clay County",2,80,49,23,26
050,46,027,"South Dakota","Clay County",2,81,45,23,22
050,46,027,"South Dakota","Clay County",2,82,42,17,25
050,46,027,"South Dakota","Clay County",2,83,37,14,23
050,46,027,"South Dakota","Clay County",2,84,38,15,23
050,46,027,"South Dakota","Clay County",2,85,231,65,166
050,46,027,"South Dakota","Clay County",3,0,134,73,61
050,46,027,"South Dakota","Clay County",3,1,150,84,66
050,46,027,"South Dakota","Clay County",3,2,126,61,65
050,46,027,"South Dakota","Clay County",3,3,146,76,70
050,46,027,"South Dakota","Clay County",3,4,151,83,68
050,46,027,"South Dakota","Clay County",3,5,159,84,75
050,46,027,"South Dakota","Clay County",3,6,161,72,89
050,46,027,"South Dakota","Clay County",3,7,150,76,74
050,46,027,"South Dakota","Clay County",3,8,165,80,85
050,46,027,"South Dakota","Clay County",3,9,143,72,71
050,46,027,"South Dakota","Clay County",3,10,143,76,67
050,46,027,"South Dakota","Clay County",3,11,156,88,68
050,46,027,"South Dakota","Clay County",3,12,147,84,63
050,46,027,"South Dakota","Clay County",3,13,154,89,65
050,46,027,"South Dakota","Clay County",3,14,151,85,66
050,46,027,"South Dakota","Clay County",3,15,140,72,68
050,46,027,"South Dakota","Clay County",3,16,141,71,70
050,46,027,"South Dakota","Clay County",3,17,140,71,69
050,46,027,"South Dakota","Clay County",3,18,417,157,260
050,46,027,"South Dakota","Clay County",3,19,1007,443,564
050,46,027,"South Dakota","Clay County",3,20,967,451,516
050,46,027,"South Dakota","Clay County",3,21,802,365,437
050,46,027,"South Dakota","Clay County",3,22,662,341,321
050,46,027,"South Dakota","Clay County",3,23,533,273,260
050,46,027,"South Dakota","Clay County",3,24,411,201,210
050,46,027,"South Dakota","Clay County",3,25,313,164,149
050,46,027,"South Dakota","Clay County",3,26,211,110,101
050,46,027,"South Dakota","Clay County",3,27,198,104,94
050,46,027,"South Dakota","Clay County",3,28,185,102,83
050,46,027,"South Dakota","Clay County",3,29,187,104,83
050,46,027,"South Dakota","Clay County",3,30,185,94,91
050,46,027,"South Dakota","Clay County",3,31,169,89,80
050,46,027,"South Dakota","Clay County",3,32,170,100,70
050,46,027,"South Dakota","Clay County",3,33,180,95,85
050,46,027,"South Dakota","Clay County",3,34,150,74,76
050,46,027,"South Dakota","Clay County",3,35,142,77,65
050,46,027,"South Dakota","Clay County",3,36,145,80,65
050,46,027,"South Dakota","Clay County",3,37,115,62,53
050,46,027,"South Dakota","Clay County",3,38,134,70,64
050,46,027,"South Dakota","Clay County",3,39,163,77,86
050,46,027,"South Dakota","Clay County",3,40,154,73,81
050,46,027,"South Dakota","Clay County",3,41,156,79,77
050,46,027,"South Dakota","Clay County",3,42,126,68,58
050,46,027,"South Dakota","Clay County",3,43,124,63,61
050,46,027,"South Dakota","Clay County",3,44,123,62,61
050,46,027,"South Dakota","Clay County",3,45,114,58,56
050,46,027,"South Dakota","Clay County",3,46,108,58,50
050,46,027,"South Dakota","Clay County",3,47,111,64,47
050,46,027,"South Dakota","Clay County",3,48,113,60,53
050,46,027,"South Dakota","Clay County",3,49,111,62,49
050,46,027,"South Dakota","Clay County",3,50,124,65,59
050,46,027,"South Dakota","Clay County",3,51,123,64,59
050,46,027,"South Dakota","Clay County",3,52,118,58,60
050,46,027,"South Dakota","Clay County",3,53,115,62,53
050,46,027,"South Dakota","Clay County",3,54,128,64,64
050,46,027,"South Dakota","Clay County",3,55,139,69,70
050,46,027,"South Dakota","Clay County",3,56,129,59,70
050,46,027,"South Dakota","Clay County",3,57,126,63,63
050,46,027,"South Dakota","Clay County",3,58,137,62,75
050,46,027,"South Dakota","Clay County",3,59,122,58,64
050,46,027,"South Dakota","Clay County",3,60,142,63,79
050,46,027,"South Dakota","Clay County",3,61,133,60,73
050,46,027,"South Dakota","Clay County",3,62,127,58,69
050,46,027,"South Dakota","Clay County",3,63,135,69,66
050,46,027,"South Dakota","Clay County",3,64,124,63,61
050,46,027,"South Dakota","Clay County",3,65,134,73,61
050,46,027,"South Dakota","Clay County",3,66,129,69,60
050,46,027,"South Dakota","Clay County",3,67,127,66,61
050,46,027,"South Dakota","Clay County",3,68,132,72,60
050,46,027,"South Dakota","Clay County",3,69,127,64,63
050,46,027,"South Dakota","Clay County",3,70,118,58,60
050,46,027,"South Dakota","Clay County",3,71,105,54,51
050,46,027,"South Dakota","Clay County",3,72,103,56,47
050,46,027,"South Dakota","Clay County",3,73,90,49,41
050,46,027,"South Dakota","Clay County",3,74,95,52,43
050,46,027,"South Dakota","Clay County",3,75,67,34,33
050,46,027,"South Dakota","Clay County",3,76,48,24,24
050,46,027,"South Dakota","Clay County",3,77,58,29,29
050,46,027,"South Dakota","Clay County",3,78,65,30,35
050,46,027,"South Dakota","Clay County",3,79,52,30,22
050,46,027,"South Dakota","Clay County",3,80,47,21,26
050,46,027,"South Dakota","Clay County",3,81,48,25,23
050,46,027,"South Dakota","Clay County",3,82,48,23,25
050,46,027,"South Dakota","Clay County",3,83,37,16,21
050,46,027,"South Dakota","Clay County",3,84,36,12,24
050,46,027,"South Dakota","Clay County",3,85,234,64,170
050,46,027,"South Dakota","Clay County",4,0,131,71,60
050,46,027,"South Dakota","Clay County",4,1,135,73,62
050,46,027,"South Dakota","Clay County",4,2,136,72,64
050,46,027,"South Dakota","Clay County",4,3,118,65,53
050,46,027,"South Dakota","Clay County",4,4,141,79,62
050,46,027,"South Dakota","Clay County",4,5,157,83,74
050,46,027,"South Dakota","Clay County",4,6,157,83,74
050,46,027,"South Dakota","Clay County",4,7,155,75,80
050,46,027,"South Dakota","Clay County",4,8,144,78,66
050,46,027,"South Dakota","Clay County",4,9,167,85,82
050,46,027,"South Dakota","Clay County",4,10,152,73,79
050,46,027,"South Dakota","Clay County",4,11,149,77,72
050,46,027,"South Dakota","Clay County",4,12,153,82,71
050,46,027,"South Dakota","Clay County",4,13,149,83,66
050,46,027,"South Dakota","Clay County",4,14,153,88,65
050,46,027,"South Dakota","Clay County",4,15,158,92,66
050,46,027,"South Dakota","Clay County",4,16,150,73,77
050,46,027,"South Dakota","Clay County",4,17,141,71,70
050,46,027,"South Dakota","Clay County",4,18,420,166,254
050,46,027,"South Dakota","Clay County",4,19,1018,454,564
050,46,027,"South Dakota","Clay County",4,20,944,447,497
050,46,027,"South Dakota","Clay County",4,21,842,379,463
050,46,027,"South Dakota","Clay County",4,22,685,345,340
050,46,027,"South Dakota","Clay County",4,23,520,252,268
050,46,027,"South Dakota","Clay County",4,24,441,233,208
050,46,027,"South Dakota","Clay County",4,25,305,151,154
050,46,027,"South Dakota","Clay County",4,26,238,116,122
050,46,027,"South Dakota","Clay County",4,27,179,98,81
050,46,027,"South Dakota","Clay County",4,28,188,99,89
050,46,027,"South Dakota","Clay County",4,29,187,101,86
050,46,027,"South Dakota","Clay County",4,30,170,88,82
050,46,027,"South Dakota","Clay County",4,31,174,99,75
050,46,027,"South Dakota","Clay County",4,32,172,84,88
050,46,027,"South Dakota","Clay County",4,33,162,93,69
050,46,027,"South Dakota","Clay County",4,34,175,85,90
050,46,027,"South Dakota","Clay County",4,35,149,71,78
050,46,027,"South Dakota","Clay County",4,36,142,78,64
050,46,027,"South Dakota","Clay County",4,37,153,81,72
050,46,027,"South Dakota","Clay County",4,38,112,60,52
050,46,027,"South Dakota","Clay County",4,39,134,73,61
050,46,027,"South Dakota","Clay County",4,40,160,74,86
050,46,027,"South Dakota","Clay County",4,41,150,71,79
050,46,027,"South Dakota","Clay County",4,42,158,81,77
050,46,027,"South Dakota","Clay County",4,43,132,66,66
050,46,027,"South Dakota","Clay County",4,44,122,59,63
050,46,027,"South Dakota","Clay County",4,45,126,65,61
050,46,027,"South Dakota","Clay County",4,46,111,60,51
050,46,027,"South Dakota","Clay County",4,47,111,64,47
050,46,027,"South Dakota","Clay County",4,48,107,61,46
050,46,027,"South Dakota","Clay County",4,49,113,60,53
050,46,027,"South Dakota","Clay County",4,50,106,56,50
050,46,027,"South Dakota","Clay County",4,51,122,65,57
050,46,027,"South Dakota","Clay County",4,52,123,63,60
050,46,027,"South Dakota","Clay County",4,53,119,57,62
050,46,027,"South Dakota","Clay County",4,54,117,62,55
050,46,027,"South Dakota","Clay County",4,55,130,68,62
050,46,027,"South Dakota","Clay County",4,56,142,71,71
050,46,027,"South Dakota","Clay County",4,57,127,58,69
050,46,027,"South Dakota","Clay County",4,58,122,60,62
050,46,027,"South Dakota","Clay County",4,59,144,66,78
050,46,027,"South Dakota","Clay County",4,60,131,58,73
050,46,027,"South Dakota","Clay County",4,61,136,65,71
050,46,027,"South Dakota","Clay County",4,62,139,65,74
050,46,027,"South Dakota","Clay County",4,63,130,62,68
050,46,027,"South Dakota","Clay County",4,64,138,73,65
050,46,027,"South Dakota","Clay County",4,65,122,60,62
050,46,027,"South Dakota","Clay County",4,66,137,74,63
050,46,027,"South Dakota","Clay County",4,67,129,69,60
050,46,027,"South Dakota","Clay County",4,68,131,71,60
050,46,027,"South Dakota","Clay County",4,69,128,69,59
050,46,027,"South Dakota","Clay County",4,70,121,60,61
050,46,027,"South Dakota","Clay County",4,71,108,53,55
050,46,027,"South Dakota","Clay County",4,72,98,48,50
050,46,027,"South Dakota","Clay County",4,73,95,47,48
050,46,027,"South Dakota","Clay County",4,74,87,51,36
050,46,027,"South Dakota","Clay County",4,75,95,50,45
050,46,027,"South Dakota","Clay County",4,76,57,29,28
050,46,027,"South Dakota","Clay County",4,77,48,26,22
050,46,027,"South Dakota","Clay County",4,78,51,21,30
050,46,027,"South Dakota","Clay County",4,79,60,34,26
050,46,027,"South Dakota","Clay County",4,80,49,24,25
050,46,027,"South Dakota","Clay County",4,81,46,24,22
050,46,027,"South Dakota","Clay County",4,82,48,20,28
050,46,027,"South Dakota","Clay County",4,83,46,24,22
050,46,027,"South Dakota","Clay County",4,84,39,15,24
050,46,027,"South Dakota","Clay County",4,85,234,65,169
050,46,027,"South Dakota","Clay County",5,0,137,74,63
050,46,027,"South Dakota","Clay County",5,1,132,75,57
050,46,027,"South Dakota","Clay County",5,2,137,68,69
050,46,027,"South Dakota","Clay County",5,3,136,70,66
050,46,027,"South Dakota","Clay County",5,4,116,63,53
050,46,027,"South Dakota","Clay County",5,5,142,82,60
050,46,027,"South Dakota","Clay County",5,6,153,83,70
050,46,027,"South Dakota","Clay County",5,7,166,87,79
050,46,027,"South Dakota","Clay County",5,8,157,77,80
050,46,027,"South Dakota","Clay County",5,9,146,78,68
050,46,027,"South Dakota","Clay County",5,10,162,77,85
050,46,027,"South Dakota","Clay County",5,11,161,78,83
050,46,027,"South Dakota","Clay County",5,12,151,75,76
050,46,027,"South Dakota","Clay County",5,13,157,87,70
050,46,027,"South Dakota","Clay County",5,14,152,87,65
050,46,027,"South Dakota","Clay County",5,15,157,87,70
050,46,027,"South Dakota","Clay County",5,16,157,88,69
050,46,027,"South Dakota","Clay County",5,17,149,75,74
050,46,027,"South Dakota","Clay County",5,18,417,162,255
050,46,027,"South Dakota","Clay County",5,19,1012,458,554
050,46,027,"South Dakota","Clay County",5,20,943,443,500
050,46,027,"South Dakota","Clay County",5,21,770,351,419
050,46,027,"South Dakota","Clay County",5,22,734,365,369
050,46,027,"South Dakota","Clay County",5,23,543,263,280
050,46,027,"South Dakota","Clay County",5,24,443,223,220
050,46,027,"South Dakota","Clay County",5,25,334,177,157
050,46,027,"South Dakota","Clay County",5,26,251,118,133
050,46,027,"South Dakota","Clay County",5,27,202,105,97
050,46,027,"South Dakota","Clay County",5,28,174,95,79
050,46,027,"South Dakota","Clay County",5,29,183,94,89
050,46,027,"South Dakota","Clay County",5,30,175,97,78
050,46,027,"South Dakota","Clay County",5,31,180,90,90
050,46,027,"South Dakota","Clay County",5,32,166,97,69
050,46,027,"South Dakota","Clay County",5,33,174,82,92
050,46,027,"South Dakota","Clay County",5,34,154,82,72
050,46,027,"South Dakota","Clay County",5,35,168,86,82
050,46,027,"South Dakota","Clay County",5,36,162,79,83
050,46,027,"South Dakota","Clay County",5,37,145,78,67
050,46,027,"South Dakota","Clay County",5,38,144,75,69
050,46,027,"South Dakota","Clay County",5,39,107,55,52
050,46,027,"South Dakota","Clay County",5,40,145,82,63
050,46,027,"South Dakota","Clay County",5,41,160,70,90
050,46,027,"South Dakota","Clay County",5,42,156,82,74
050,46,027,"South Dakota","Clay County",5,43,153,74,79
050,46,027,"South Dakota","Clay County",5,44,128,64,64
050,46,027,"South Dakota","Clay County",5,45,119,60,59
050,46,027,"South Dakota","Clay County",5,46,120,60,60
050,46,027,"South Dakota","Clay County",5,47,113,63,50
050,46,027,"South Dakota","Clay County",5,48,108,61,47
050,46,027,"South Dakota","Clay County",5,49,111,65,46
050,46,027,"South Dakota","Clay County",5,50,112,57,55
050,46,027,"South Dakota","Clay County",5,51,109,62,47
050,46,027,"South Dakota","Clay County",5,52,120,63,57
050,46,027,"South Dakota","Clay County",5,53,124,64,60
050,46,027,"South Dakota","Clay County",5,54,119,58,61
050,46,027,"South Dakota","Clay County",5,55,122,65,57
050,46,027,"South Dakota","Clay County",5,56,125,65,60
050,46,027,"South Dakota","Clay County",5,57,133,69,64
050,46,027,"South Dakota","Clay County",5,58,127,56,71
050,46,027,"South Dakota","Clay County",5,59,124,63,61
050,46,027,"South Dakota","Clay County",5,60,145,62,83
050,46,027,"South Dakota","Clay County",5,61,126,64,62
050,46,027,"South Dakota","Clay County",5,62,132,63,69
050,46,027,"South Dakota","Clay County",5,63,136,67,69
050,46,027,"South Dakota","Clay County",5,64,127,58,69
050,46,027,"South Dakota","Clay County",5,65,138,69,69
050,46,027,"South Dakota","Clay County",5,66,131,65,66
050,46,027,"South Dakota","Clay County",5,67,130,72,58
050,46,027,"South Dakota","Clay County",5,68,122,69,53
050,46,027,"South Dakota","Clay County",5,69,128,69,59
050,46,027,"South Dakota","Clay County",5,70,123,65,58
050,46,027,"South Dakota","Clay County",5,71,114,57,57
050,46,027,"South Dakota","Clay County",5,72,106,54,52
050,46,027,"South Dakota","Clay County",5,73,97,44,53
050,46,027,"South Dakota","Clay County",5,74,92,46,46
050,46,027,"South Dakota","Clay County",5,75,85,47,38
050,46,027,"South Dakota","Clay County",5,76,87,44,43
050,46,027,"South Dakota","Clay County",5,77,60,32,28
050,46,027,"South Dakota","Clay County",5,78,44,19,25
050,46,027,"South Dakota","Clay County",5,79,48,23,25
050,46,027,"South Dakota","Clay County",5,80,58,28,30
050,46,027,"South Dakota","Clay County",5,81,46,24,22
050,46,027,"South Dakota","Clay County",5,82,46,21,25
050,46,027,"South Dakota","Clay County",5,83,49,23,26
050,46,027,"South Dakota","Clay County",5,84,46,23,23
050,46,027,"South Dakota","Clay County",5,85,238,69,169
050,46,029,"South Dakota","Codington County",1,0,306,154,152
050,46,029,"South Dakota","Codington County",1,1,322,157,165
050,46,029,"South Dakota","Codington County",1,2,333,159,174
050,46,029,"South Dakota","Codington County",1,3,347,179,168
050,46,029,"South Dakota","Codington County",1,4,340,175,165
050,46,029,"South Dakota","Codington County",1,5,367,174,193
050,46,029,"South Dakota","Codington County",1,6,360,179,181
050,46,029,"South Dakota","Codington County",1,7,371,197,174
050,46,029,"South Dakota","Codington County",1,8,377,203,174
050,46,029,"South Dakota","Codington County",1,9,374,200,174
050,46,029,"South Dakota","Codington County",1,10,393,194,199
050,46,029,"South Dakota","Codington County",1,11,395,192,203
050,46,029,"South Dakota","Codington County",1,12,429,214,215
050,46,029,"South Dakota","Codington County",1,13,441,227,214
050,46,029,"South Dakota","Codington County",1,14,391,194,197
050,46,029,"South Dakota","Codington County",1,15,412,216,196
050,46,029,"South Dakota","Codington County",1,16,401,202,199
050,46,029,"South Dakota","Codington County",1,17,348,183,165
050,46,029,"South Dakota","Codington County",1,18,308,165,143
050,46,029,"South Dakota","Codington County",1,19,275,150,125
050,46,029,"South Dakota","Codington County",1,20,313,176,137
050,46,029,"South Dakota","Codington County",1,21,327,191,136
050,46,029,"South Dakota","Codington County",1,22,339,173,166
050,46,029,"South Dakota","Codington County",1,23,318,162,156
050,46,029,"South Dakota","Codington County",1,24,327,176,151
050,46,029,"South Dakota","Codington County",1,25,314,158,156
050,46,029,"South Dakota","Codington County",1,26,342,180,162
050,46,029,"South Dakota","Codington County",1,27,365,193,172
050,46,029,"South Dakota","Codington County",1,28,358,182,176
050,46,029,"South Dakota","Codington County",1,29,340,164,176
050,46,029,"South Dakota","Codington County",1,30,339,176,163
050,46,029,"South Dakota","Codington County",1,31,348,194,154
050,46,029,"South Dakota","Codington County",1,32,359,183,176
050,46,029,"South Dakota","Codington County",1,33,352,171,181
050,46,029,"South Dakota","Codington County",1,34,341,165,176
050,46,029,"South Dakota","Codington County",1,35,358,183,175
050,46,029,"South Dakota","Codington County",1,36,351,172,179
050,46,029,"South Dakota","Codington County",1,37,378,190,188
050,46,029,"South Dakota","Codington County",1,38,380,216,164
050,46,029,"South Dakota","Codington County",1,39,346,188,158
050,46,029,"South Dakota","Codington County",1,40,353,173,180
050,46,029,"South Dakota","Codington County",1,41,354,177,177
050,46,029,"South Dakota","Codington County",1,42,343,178,165
050,46,029,"South Dakota","Codington County",1,43,306,162,144
050,46,029,"South Dakota","Codington County",1,44,326,178,148
050,46,029,"South Dakota","Codington County",1,45,302,156,146
050,46,029,"South Dakota","Codington County",1,46,295,158,137
050,46,029,"South Dakota","Codington County",1,47,287,153,134
050,46,029,"South Dakota","Codington County",1,48,325,171,154
050,46,029,"South Dakota","Codington County",1,49,361,194,167
050,46,029,"South Dakota","Codington County",1,50,368,196,172
050,46,029,"South Dakota","Codington County",1,51,334,171,163
050,46,029,"South Dakota","Codington County",1,52,323,172,151
050,46,029,"South Dakota","Codington County",1,53,322,161,161
050,46,029,"South Dakota","Codington County",1,54,347,186,161
050,46,029,"South Dakota","Codington County",1,55,383,194,189
050,46,029,"South Dakota","Codington County",1,56,389,203,186
050,46,029,"South Dakota","Codington County",1,57,392,194,198
050,46,029,"South Dakota","Codington County",1,58,410,191,219
050,46,029,"South Dakota","Codington County",1,59,403,195,208
050,46,029,"South Dakota","Codington County",1,60,404,199,205
050,46,029,"South Dakota","Codington County",1,61,400,192,208
050,46,029,"South Dakota","Codington County",1,62,407,203,204
050,46,029,"South Dakota","Codington County",1,63,383,194,189
050,46,029,"South Dakota","Codington County",1,64,393,194,199
050,46,029,"South Dakota","Codington County",1,65,379,198,181
050,46,029,"South Dakota","Codington County",1,66,349,185,164
050,46,029,"South Dakota","Codington County",1,67,316,165,151
050,46,029,"South Dakota","Codington County",1,68,321,172,149
050,46,029,"South Dakota","Codington County",1,69,311,159,152
050,46,029,"South Dakota","Codington County",1,70,300,146,154
050,46,029,"South Dakota","Codington County",1,71,250,121,129
050,46,029,"South Dakota","Codington County",1,72,254,126,128
050,46,029,"South Dakota","Codington County",1,73,250,121,129
050,46,029,"South Dakota","Codington County",1,74,178,74,104
050,46,029,"South Dakota","Codington County",1,75,179,82,97
050,46,029,"South Dakota","Codington County",1,76,191,94,97
050,46,029,"South Dakota","Codington County",1,77,177,85,92
050,46,029,"South Dakota","Codington County",1,78,161,73,88
050,46,029,"South Dakota","Codington County",1,79,163,67,96
050,46,029,"South Dakota","Codington County",1,80,149,66,83
050,46,029,"South Dakota","Codington County",1,81,139,62,77
050,46,029,"South Dakota","Codington County",1,82,152,59,93
050,46,029,"South Dakota","Codington County",1,83,131,44,87
050,46,029,"South Dakota","Codington County",1,84,119,47,72
050,46,029,"South Dakota","Codington County",1,85,757,265,492
050,46,029,"South Dakota","Codington County",2,0,310,155,155
050,46,029,"South Dakota","Codington County",2,1,319,157,162
050,46,029,"South Dakota","Codington County",2,2,331,157,174
050,46,029,"South Dakota","Codington County",2,3,342,173,169
050,46,029,"South Dakota","Codington County",2,4,343,178,165
050,46,029,"South Dakota","Codington County",2,5,359,174,185
050,46,029,"South Dakota","Codington County",2,6,362,179,183
050,46,029,"South Dakota","Codington County",2,7,371,194,177
050,46,029,"South Dakota","Codington County",2,8,376,201,175
050,46,029,"South Dakota","Codington County",2,9,374,200,174
050,46,029,"South Dakota","Codington County",2,10,389,195,194
050,46,029,"South Dakota","Codington County",2,11,396,193,203
050,46,029,"South Dakota","Codington County",2,12,422,210,212
050,46,029,"South Dakota","Codington County",2,13,435,223,212
050,46,029,"South Dakota","Codington County",2,14,403,203,200
050,46,029,"South Dakota","Codington County",2,15,407,211,196
050,46,029,"South Dakota","Codington County",2,16,403,204,199
050,46,029,"South Dakota","Codington County",2,17,363,188,175
050,46,029,"South Dakota","Codington County",2,18,308,166,142
050,46,029,"South Dakota","Codington County",2,19,272,147,125
050,46,029,"South Dakota","Codington County",2,20,314,175,139
050,46,029,"South Dakota","Codington County",2,21,328,189,139
050,46,029,"South Dakota","Codington County",2,22,338,176,162
050,46,029,"South Dakota","Codington County",2,23,326,169,157
050,46,029,"South Dakota","Codington County",2,24,324,174,150
050,46,029,"South Dakota","Codington County",2,25,318,165,153
050,46,029,"South Dakota","Codington County",2,26,338,177,161
050,46,029,"South Dakota","Codington County",2,27,358,189,169
050,46,029,"South Dakota","Codington County",2,28,355,181,174
050,46,029,"South Dakota","Codington County",2,29,342,167,175
050,46,029,"South Dakota","Codington County",2,30,340,173,167
050,46,029,"South Dakota","Codington County",2,31,341,185,156
050,46,029,"South Dakota","Codington County",2,32,352,183,169
050,46,029,"South Dakota","Codington County",2,33,354,172,182
050,46,029,"South Dakota","Codington County",2,34,345,166,179
050,46,029,"South Dakota","Codington County",2,35,355,178,177
050,46,029,"South Dakota","Codington County",2,36,351,173,178
050,46,029,"South Dakota","Codington County",2,37,372,186,186
050,46,029,"South Dakota","Codington County",2,38,380,210,170
050,46,029,"South Dakota","Codington County",2,39,354,196,158
050,46,029,"South Dakota","Codington County",2,40,355,180,175
050,46,029,"South Dakota","Codington County",2,41,355,177,178
050,46,029,"South Dakota","Codington County",2,42,344,178,166
050,46,029,"South Dakota","Codington County",2,43,316,165,151
050,46,029,"South Dakota","Codington County",2,44,318,172,146
050,46,029,"South Dakota","Codington County",2,45,310,162,148
050,46,029,"South Dakota","Codington County",2,46,293,155,138
050,46,029,"South Dakota","Codington County",2,47,292,157,135
050,46,029,"South Dakota","Codington County",2,48,314,165,149
050,46,029,"South Dakota","Codington County",2,49,355,190,165
050,46,029,"South Dakota","Codington County",2,50,364,194,170
050,46,029,"South Dakota","Codington County",2,51,341,175,166
050,46,029,"South Dakota","Codington County",2,52,324,171,153
050,46,029,"South Dakota","Codington County",2,53,323,164,159
050,46,029,"South Dakota","Codington County",2,54,340,180,160
050,46,029,"South Dakota","Codington County",2,55,375,193,182
050,46,029,"South Dakota","Codington County",2,56,392,204,188
050,46,029,"South Dakota","Codington County",2,57,395,197,198
050,46,029,"South Dakota","Codington County",2,58,405,191,214
050,46,029,"South Dakota","Codington County",2,59,409,196,213
050,46,029,"South Dakota","Codington County",2,60,400,196,204
050,46,029,"South Dakota","Codington County",2,61,403,195,208
050,46,029,"South Dakota","Codington County",2,62,401,200,201
050,46,029,"South Dakota","Codington County",2,63,390,197,193
050,46,029,"South Dakota","Codington County",2,64,390,194,196
050,46,029,"South Dakota","Codington County",2,65,382,195,187
050,46,029,"South Dakota","Codington County",2,66,358,189,169
050,46,029,"South Dakota","Codington County",2,67,323,169,154
050,46,029,"South Dakota","Codington County",2,68,316,170,146
050,46,029,"South Dakota","Codington County",2,69,316,162,154
050,46,029,"South Dakota","Codington County",2,70,302,150,152
050,46,029,"South Dakota","Codington County",2,71,261,125,136
050,46,029,"South Dakota","Codington County",2,72,248,123,125
050,46,029,"South Dakota","Codington County",2,73,263,128,135
050,46,029,"South Dakota","Codington County",2,74,183,80,103
050,46,029,"South Dakota","Codington County",2,75,177,78,99
050,46,029,"South Dakota","Codington County",2,76,186,90,96
050,46,029,"South Dakota","Codington County",2,77,187,91,96
050,46,029,"South Dakota","Codington County",2,78,162,73,89
050,46,029,"South Dakota","Codington County",2,79,163,68,95
050,46,029,"South Dakota","Codington County",2,80,150,66,84
050,46,029,"South Dakota","Codington County",2,81,140,63,77
050,46,029,"South Dakota","Codington County",2,82,147,58,89
050,46,029,"South Dakota","Codington County",2,83,132,45,87
050,46,029,"South Dakota","Codington County",2,84,122,47,75
050,46,029,"South Dakota","Codington County",2,85,759,269,490
050,46,029,"South Dakota","Codington County",3,0,299,154,145
050,46,029,"South Dakota","Codington County",3,1,298,148,150
050,46,029,"South Dakota","Codington County",3,2,328,164,164
050,46,029,"South Dakota","Codington County",3,3,333,160,173
050,46,029,"South Dakota","Codington County",3,4,353,178,175
050,46,029,"South Dakota","Codington County",3,5,343,176,167
050,46,029,"South Dakota","Codington County",3,6,365,179,186
050,46,029,"South Dakota","Codington County",3,7,368,182,186
050,46,029,"South Dakota","Codington County",3,8,368,194,174
050,46,029,"South Dakota","Codington County",3,9,378,206,172
050,46,029,"South Dakota","Codington County",3,10,382,204,178
050,46,029,"South Dakota","Codington County",3,11,379,188,191
050,46,029,"South Dakota","Codington County",3,12,405,200,205
050,46,029,"South Dakota","Codington County",3,13,410,206,204
050,46,029,"South Dakota","Codington County",3,14,435,226,209
050,46,029,"South Dakota","Codington County",3,15,413,210,203
050,46,029,"South Dakota","Codington County",3,16,412,216,196
050,46,029,"South Dakota","Codington County",3,17,410,202,208
050,46,029,"South Dakota","Codington County",3,18,322,171,151
050,46,029,"South Dakota","Codington County",3,19,283,151,132
050,46,029,"South Dakota","Codington County",3,20,310,162,148
050,46,029,"South Dakota","Codington County",3,21,363,212,151
050,46,029,"South Dakota","Codington County",3,22,339,193,146
050,46,029,"South Dakota","Codington County",3,23,344,175,169
050,46,029,"South Dakota","Codington County",3,24,319,169,150
050,46,029,"South Dakota","Codington County",3,25,316,169,147
050,46,029,"South Dakota","Codington County",3,26,324,155,169
050,46,029,"South Dakota","Codington County",3,27,322,164,158
050,46,029,"South Dakota","Codington County",3,28,346,184,162
050,46,029,"South Dakota","Codington County",3,29,360,181,179
050,46,029,"South Dakota","Codington County",3,30,339,163,176
050,46,029,"South Dakota","Codington County",3,31,336,172,164
050,46,029,"South Dakota","Codington County",3,32,339,177,162
050,46,029,"South Dakota","Codington County",3,33,348,183,165
050,46,029,"South Dakota","Codington County",3,34,365,187,178
050,46,029,"South Dakota","Codington County",3,35,351,174,177
050,46,029,"South Dakota","Codington County",3,36,358,181,177
050,46,029,"South Dakota","Codington County",3,37,352,170,182
050,46,029,"South Dakota","Codington County",3,38,374,192,182
050,46,029,"South Dakota","Codington County",3,39,390,219,171
050,46,029,"South Dakota","Codington County",3,40,363,199,164
050,46,029,"South Dakota","Codington County",3,41,355,181,174
050,46,029,"South Dakota","Codington County",3,42,345,168,177
050,46,029,"South Dakota","Codington County",3,43,346,171,175
050,46,029,"South Dakota","Codington County",3,44,328,173,155
050,46,029,"South Dakota","Codington County",3,45,321,174,147
050,46,029,"South Dakota","Codington County",3,46,310,160,150
050,46,029,"South Dakota","Codington County",3,47,301,166,135
050,46,029,"South Dakota","Codington County",3,48,286,149,137
050,46,029,"South Dakota","Codington County",3,49,322,170,152
050,46,029,"South Dakota","Codington County",3,50,356,189,167
050,46,029,"South Dakota","Codington County",3,51,368,188,180
050,46,029,"South Dakota","Codington County",3,52,329,171,158
050,46,029,"South Dakota","Codington County",3,53,323,169,154
050,46,029,"South Dakota","Codington County",3,54,321,164,157
050,46,029,"South Dakota","Codington County",3,55,345,180,165
050,46,029,"South Dakota","Codington County",3,56,385,199,186
050,46,029,"South Dakota","Codington County",3,57,391,202,189
050,46,029,"South Dakota","Codington County",3,58,410,204,206
050,46,029,"South Dakota","Codington County",3,59,399,188,211
050,46,029,"South Dakota","Codington County",3,60,403,197,206
050,46,029,"South Dakota","Codington County",3,61,403,195,208
050,46,029,"South Dakota","Codington County",3,62,401,193,208
050,46,029,"South Dakota","Codington County",3,63,388,191,197
050,46,029,"South Dakota","Codington County",3,64,389,196,193
050,46,029,"South Dakota","Codington County",3,65,397,193,204
050,46,029,"South Dakota","Codington County",3,66,387,195,192
050,46,029,"South Dakota","Codington County",3,67,361,190,171
050,46,029,"South Dakota","Codington County",3,68,315,168,147
050,46,029,"South Dakota","Codington County",3,69,313,163,150
050,46,029,"South Dakota","Codington County",3,70,306,156,150
050,46,029,"South Dakota","Codington County",3,71,297,150,147
050,46,029,"South Dakota","Codington County",3,72,257,121,136
050,46,029,"South Dakota","Codington County",3,73,244,123,121
050,46,029,"South Dakota","Codington County",3,74,259,124,135
050,46,029,"South Dakota","Codington County",3,75,163,72,91
050,46,029,"South Dakota","Codington County",3,76,171,73,98
050,46,029,"South Dakota","Codington County",3,77,184,88,96
050,46,029,"South Dakota","Codington County",3,78,178,84,94
050,46,029,"South Dakota","Codington County",3,79,161,68,93
050,46,029,"South Dakota","Codington County",3,80,144,63,81
050,46,029,"South Dakota","Codington County",3,81,144,61,83
050,46,029,"South Dakota","Codington County",3,82,138,61,77
050,46,029,"South Dakota","Codington County",3,83,130,43,87
050,46,029,"South Dakota","Codington County",3,84,120,44,76
050,46,029,"South Dakota","Codington County",3,85,748,254,494
050,46,029,"South Dakota","Codington County",4,0,326,173,153
050,46,029,"South Dakota","Codington County",4,1,290,146,144
050,46,029,"South Dakota","Codington County",4,2,296,143,153
050,46,029,"South Dakota","Codington County",4,3,332,163,169
050,46,029,"South Dakota","Codington County",4,4,338,157,181
050,46,029,"South Dakota","Codington County",4,5,353,183,170
050,46,029,"South Dakota","Codington County",4,6,347,183,164
050,46,029,"South Dakota","Codington County",4,7,349,169,180
050,46,029,"South Dakota","Codington County",4,8,377,189,188
050,46,029,"South Dakota","Codington County",4,9,372,197,175
050,46,029,"South Dakota","Codington County",4,10,375,201,174
050,46,029,"South Dakota","Codington County",4,11,395,209,186
050,46,029,"South Dakota","Codington County",4,12,379,185,194
050,46,029,"South Dakota","Codington County",4,13,416,202,214
050,46,029,"South Dakota","Codington County",4,14,405,198,207
050,46,029,"South Dakota","Codington County",4,15,442,233,209
050,46,029,"South Dakota","Codington County",4,16,409,205,204
050,46,029,"South Dakota","Codington County",4,17,414,212,202
050,46,029,"South Dakota","Codington County",4,18,360,182,178
050,46,029,"South Dakota","Codington County",4,19,277,146,131
050,46,029,"South Dakota","Codington County",4,20,332,174,158
050,46,029,"South Dakota","Codington County",4,21,357,200,157
050,46,029,"South Dakota","Codington County",4,22,356,198,158
050,46,029,"South Dakota","Codington County",4,23,363,210,153
050,46,029,"South Dakota","Codington County",4,24,334,174,160
050,46,029,"South Dakota","Codington County",4,25,348,191,157
050,46,029,"South Dakota","Codington County",4,26,329,171,158
050,46,029,"South Dakota","Codington County",4,27,332,169,163
050,46,029,"South Dakota","Codington County",4,28,317,163,154
050,46,029,"South Dakota","Codington County",4,29,343,179,164
050,46,029,"South Dakota","Codington County",4,30,360,180,180
050,46,029,"South Dakota","Codington County",4,31,338,165,173
050,46,029,"South Dakota","Codington County",4,32,334,177,157
050,46,029,"South Dakota","Codington County",4,33,326,166,160
050,46,029,"South Dakota","Codington County",4,34,363,192,171
050,46,029,"South Dakota","Codington County",4,35,363,184,179
050,46,029,"South Dakota","Codington County",4,36,346,173,173
050,46,029,"South Dakota","Codington County",4,37,357,183,174
050,46,029,"South Dakota","Codington County",4,38,356,170,186
050,46,029,"South Dakota","Codington County",4,39,375,191,184
050,46,029,"South Dakota","Codington County",4,40,395,219,176
050,46,029,"South Dakota","Codington County",4,41,368,203,165
050,46,029,"South Dakota","Codington County",4,42,362,183,179
050,46,029,"South Dakota","Codington County",4,43,354,174,180
050,46,029,"South Dakota","Codington County",4,44,354,177,177
050,46,029,"South Dakota","Codington County",4,45,334,173,161
050,46,029,"South Dakota","Codington County",4,46,321,171,150
050,46,029,"South Dakota","Codington County",4,47,309,161,148
050,46,029,"South Dakota","Codington County",4,48,290,157,133
050,46,029,"South Dakota","Codington County",4,49,286,149,137
050,46,029,"South Dakota","Codington County",4,50,320,172,148
050,46,029,"South Dakota","Codington County",4,51,356,187,169
050,46,029,"South Dakota","Codington County",4,52,366,189,177
050,46,029,"South Dakota","Codington County",4,53,337,171,166
050,46,029,"South Dakota","Codington County",4,54,314,168,146
050,46,029,"South Dakota","Codington County",4,55,317,169,148
050,46,029,"South Dakota","Codington County",4,56,344,179,165
050,46,029,"South Dakota","Codington County",4,57,400,199,201
050,46,029,"South Dakota","Codington County",4,58,391,203,188
050,46,029,"South Dakota","Codington County",4,59,404,195,209
050,46,029,"South Dakota","Codington County",4,60,402,188,214
050,46,029,"South Dakota","Codington County",4,61,398,201,197
050,46,029,"South Dakota","Codington County",4,62,403,193,210
050,46,029,"South Dakota","Codington County",4,63,396,193,203
050,46,029,"South Dakota","Codington County",4,64,392,190,202
050,46,029,"South Dakota","Codington County",4,65,378,186,192
050,46,029,"South Dakota","Codington County",4,66,396,194,202
050,46,029,"South Dakota","Codington County",4,67,394,193,201
050,46,029,"South Dakota","Codington County",4,68,356,189,167
050,46,029,"South Dakota","Codington County",4,69,313,166,147
050,46,029,"South Dakota","Codington County",4,70,313,165,148
050,46,029,"South Dakota","Codington County",4,71,313,157,156
050,46,029,"South Dakota","Codington County",4,72,292,144,148
050,46,029,"South Dakota","Codington County",4,73,248,117,131
050,46,029,"South Dakota","Codington County",4,74,242,122,120
050,46,029,"South Dakota","Codington County",4,75,252,120,132
050,46,029,"South Dakota","Codington County",4,76,160,66,94
050,46,029,"South Dakota","Codington County",4,77,174,80,94
050,46,029,"South Dakota","Codington County",4,78,186,88,98
050,46,029,"South Dakota","Codington County",4,79,185,83,102
050,46,029,"South Dakota","Codington County",4,80,149,70,79
050,46,029,"South Dakota","Codington County",4,81,143,62,81
050,46,029,"South Dakota","Codington County",4,82,137,58,79
050,46,029,"South Dakota","Codington County",4,83,124,49,75
050,46,029,"South Dakota","Codington County",4,84,120,42,78
050,46,029,"South Dakota","Codington County",4,85,767,262,505
050,46,029,"South Dakota","Codington County",5,0,326,174,152
050,46,029,"South Dakota","Codington County",5,1,307,166,141
050,46,029,"South Dakota","Codington County",5,2,292,149,143
050,46,029,"South Dakota","Codington County",5,3,311,154,157
050,46,029,"South Dakota","Codington County",5,4,325,158,167
050,46,029,"South Dakota","Codington County",5,5,344,158,186
050,46,029,"South Dakota","Codington County",5,6,369,188,181
050,46,029,"South Dakota","Codington County",5,7,333,175,158
050,46,029,"South Dakota","Codington County",5,8,356,176,180
050,46,029,"South Dakota","Codington County",5,9,386,196,190
050,46,029,"South Dakota","Codington County",5,10,367,198,169
050,46,029,"South Dakota","Codington County",5,11,376,203,173
050,46,029,"South Dakota","Codington County",5,12,392,208,184
050,46,029,"South Dakota","Codington County",5,13,384,191,193
050,46,029,"South Dakota","Codington County",5,14,409,203,206
050,46,029,"South Dakota","Codington County",5,15,415,202,213
050,46,029,"South Dakota","Codington County",5,16,434,232,202
050,46,029,"South Dakota","Codington County",5,17,407,204,203
050,46,029,"South Dakota","Codington County",5,18,350,185,165
050,46,029,"South Dakota","Codington County",5,19,296,148,148
050,46,029,"South Dakota","Codington County",5,20,341,185,156
050,46,029,"South Dakota","Codington County",5,21,365,198,167
050,46,029,"South Dakota","Codington County",5,22,369,197,172
050,46,029,"South Dakota","Codington County",5,23,373,204,169
050,46,029,"South Dakota","Codington County",5,24,354,202,152
050,46,029,"South Dakota","Codington County",5,25,350,193,157
050,46,029,"South Dakota","Codington County",5,26,392,217,175
050,46,029,"South Dakota","Codington County",5,27,318,169,149
050,46,029,"South Dakota","Codington County",5,28,340,172,168
050,46,029,"South Dakota","Codington County",5,29,323,164,159
050,46,029,"South Dakota","Codington County",5,30,352,188,164
050,46,029,"South Dakota","Codington County",5,31,367,189,178
050,46,029,"South Dakota","Codington County",5,32,338,161,177
050,46,029,"South Dakota","Codington County",5,33,339,181,158
050,46,029,"South Dakota","Codington County",5,34,329,169,160
050,46,029,"South Dakota","Codington County",5,35,371,197,174
050,46,029,"South Dakota","Codington County",5,36,385,196,189
050,46,029,"South Dakota","Codington County",5,37,338,164,174
050,46,029,"South Dakota","Codington County",5,38,344,177,167
050,46,029,"South Dakota","Codington County",5,39,355,175,180
050,46,029,"South Dakota","Codington County",5,40,374,189,185
050,46,029,"South Dakota","Codington County",5,41,405,223,182
050,46,029,"South Dakota","Codington County",5,42,369,203,166
050,46,029,"South Dakota","Codington County",5,43,351,174,177
050,46,029,"South Dakota","Codington County",5,44,347,168,179
050,46,029,"South Dakota","Codington County",5,45,344,173,171
050,46,029,"South Dakota","Codington County",5,46,337,173,164
050,46,029,"South Dakota","Codington County",5,47,325,175,150
050,46,029,"South Dakota","Codington County",5,48,301,155,146
050,46,029,"South Dakota","Codington County",5,49,298,163,135
050,46,029,"South Dakota","Codington County",5,50,286,150,136
050,46,029,"South Dakota","Codington County",5,51,313,164,149
050,46,029,"South Dakota","Codington County",5,52,361,188,173
050,46,029,"South Dakota","Codington County",5,53,376,190,186
050,46,029,"South Dakota","Codington County",5,54,330,171,159
050,46,029,"South Dakota","Codington County",5,55,310,168,142
050,46,029,"South Dakota","Codington County",5,56,309,163,146
050,46,029,"South Dakota","Codington County",5,57,350,179,171
050,46,029,"South Dakota","Codington County",5,58,388,195,193
050,46,029,"South Dakota","Codington County",5,59,394,201,193
050,46,029,"South Dakota","Codington County",5,60,390,193,197
050,46,029,"South Dakota","Codington County",5,61,407,194,213
050,46,029,"South Dakota","Codington County",5,62,409,202,207
050,46,029,"South Dakota","Codington County",5,63,389,183,206
050,46,029,"South Dakota","Codington County",5,64,396,194,202
050,46,029,"South Dakota","Codington County",5,65,393,191,202
050,46,029,"South Dakota","Codington County",5,66,378,187,191
050,46,029,"South Dakota","Codington County",5,67,391,192,199
050,46,029,"South Dakota","Codington County",5,68,386,190,196
050,46,029,"South Dakota","Codington County",5,69,354,185,169
050,46,029,"South Dakota","Codington County",5,70,312,161,151
050,46,029,"South Dakota","Codington County",5,71,322,171,151
050,46,029,"South Dakota","Codington County",5,72,313,156,157
050,46,029,"South Dakota","Codington County",5,73,288,141,147
050,46,029,"South Dakota","Codington County",5,74,253,118,135
050,46,029,"South Dakota","Codington County",5,75,232,117,115
050,46,029,"South Dakota","Codington County",5,76,254,120,134
050,46,029,"South Dakota","Codington County",5,77,161,70,91
050,46,029,"South Dakota","Codington County",5,78,171,77,94
050,46,029,"South Dakota","Codington County",5,79,191,87,104
050,46,029,"South Dakota","Codington County",5,80,167,78,89
050,46,029,"South Dakota","Codington County",5,81,149,68,81
050,46,029,"South Dakota","Codington County",5,82,136,59,77
050,46,029,"South Dakota","Codington County",5,83,125,49,76
050,46,029,"South Dakota","Codington County",5,84,120,51,69
050,46,029,"South Dakota","Codington County",5,85,794,269,525
050,46,031,"South Dakota","Corson County",1,0,90,45,45
050,46,031,"South Dakota","Corson County",1,1,91,41,50
050,46,031,"South Dakota","Corson County",1,2,79,47,32
050,46,031,"South Dakota","Corson County",1,3,83,43,40
050,46,031,"South Dakota","Corson County",1,4,64,24,40
050,46,031,"South Dakota","Corson County",1,5,63,35,28
050,46,031,"South Dakota","Corson County",1,6,67,28,39
050,46,031,"South Dakota","Corson County",1,7,90,37,53
050,46,031,"South Dakota","Corson County",1,8,73,42,31
050,46,031,"South Dakota","Corson County",1,9,58,30,28
050,46,031,"South Dakota","Corson County",1,10,68,37,31
050,46,031,"South Dakota","Corson County",1,11,72,33,39
050,46,031,"South Dakota","Corson County",1,12,92,41,51
050,46,031,"South Dakota","Corson County",1,13,74,42,32
050,46,031,"South Dakota","Corson County",1,14,98,51,47
050,46,031,"South Dakota","Corson County",1,15,88,40,48
050,46,031,"South Dakota","Corson County",1,16,71,42,29
050,46,031,"South Dakota","Corson County",1,17,75,38,37
050,46,031,"South Dakota","Corson County",1,18,56,30,26
050,46,031,"South Dakota","Corson County",1,19,56,26,30
050,46,031,"South Dakota","Corson County",1,20,49,24,25
050,46,031,"South Dakota","Corson County",1,21,51,20,31
050,46,031,"South Dakota","Corson County",1,22,40,19,21
050,46,031,"South Dakota","Corson County",1,23,40,19,21
050,46,031,"South Dakota","Corson County",1,24,37,13,24
050,46,031,"South Dakota","Corson County",1,25,43,19,24
050,46,031,"South Dakota","Corson County",1,26,42,17,25
050,46,031,"South Dakota","Corson County",1,27,47,25,22
050,46,031,"South Dakota","Corson County",1,28,52,28,24
050,46,031,"South Dakota","Corson County",1,29,45,24,21
050,46,031,"South Dakota","Corson County",1,30,47,29,18
050,46,031,"South Dakota","Corson County",1,31,39,19,20
050,46,031,"South Dakota","Corson County",1,32,36,15,21
050,46,031,"South Dakota","Corson County",1,33,48,27,21
050,46,031,"South Dakota","Corson County",1,34,39,24,15
050,46,031,"South Dakota","Corson County",1,35,41,20,21
050,46,031,"South Dakota","Corson County",1,36,52,21,31
050,46,031,"South Dakota","Corson County",1,37,34,20,14
050,46,031,"South Dakota","Corson County",1,38,57,31,26
050,46,031,"South Dakota","Corson County",1,39,38,15,23
050,46,031,"South Dakota","Corson County",1,40,45,20,25
050,46,031,"South Dakota","Corson County",1,41,24,11,13
050,46,031,"South Dakota","Corson County",1,42,47,22,25
050,46,031,"South Dakota","Corson County",1,43,49,21,28
050,46,031,"South Dakota","Corson County",1,44,40,19,21
050,46,031,"South Dakota","Corson County",1,45,40,21,19
050,46,031,"South Dakota","Corson County",1,46,31,15,16
050,46,031,"South Dakota","Corson County",1,47,29,18,11
050,46,031,"South Dakota","Corson County",1,48,36,21,15
050,46,031,"South Dakota","Corson County",1,49,29,19,10
050,46,031,"South Dakota","Corson County",1,50,27,14,13
050,46,031,"South Dakota","Corson County",1,51,34,22,12
050,46,031,"South Dakota","Corson County",1,52,35,17,18
050,46,031,"South Dakota","Corson County",1,53,44,22,22
050,46,031,"South Dakota","Corson County",1,54,46,24,22
050,46,031,"South Dakota","Corson County",1,55,50,29,21
050,46,031,"South Dakota","Corson County",1,56,50,24,26
050,46,031,"South Dakota","Corson County",1,57,42,22,20
050,46,031,"South Dakota","Corson County",1,58,46,19,27
050,46,031,"South Dakota","Corson County",1,59,63,31,32
050,46,031,"South Dakota","Corson County",1,60,42,18,24
050,46,031,"South Dakota","Corson County",1,61,43,20,23
050,46,031,"South Dakota","Corson County",1,62,43,22,21
050,46,031,"South Dakota","Corson County",1,63,44,21,23
050,46,031,"South Dakota","Corson County",1,64,46,23,23
050,46,031,"South Dakota","Corson County",1,65,40,20,20
050,46,031,"South Dakota","Corson County",1,66,34,17,17
050,46,031,"South Dakota","Corson County",1,67,39,18,21
050,46,031,"South Dakota","Corson County",1,68,33,18,15
050,46,031,"South Dakota","Corson County",1,69,32,17,15
050,46,031,"South Dakota","Corson County",1,70,20,11,9
050,46,031,"South Dakota","Corson County",1,71,27,14,13
050,46,031,"South Dakota","Corson County",1,72,28,13,15
050,46,031,"South Dakota","Corson County",1,73,29,10,19
050,46,031,"South Dakota","Corson County",1,74,28,14,14
050,46,031,"South Dakota","Corson County",1,75,23,13,10
050,46,031,"South Dakota","Corson County",1,76,17,8,9
050,46,031,"South Dakota","Corson County",1,77,22,9,13
050,46,031,"South Dakota","Corson County",1,78,16,6,10
050,46,031,"South Dakota","Corson County",1,79,14,8,6
050,46,031,"South Dakota","Corson County",1,80,14,8,6
050,46,031,"South Dakota","Corson County",1,81,5,1,4
050,46,031,"South Dakota","Corson County",1,82,10,3,7
050,46,031,"South Dakota","Corson County",1,83,13,7,6
050,46,031,"South Dakota","Corson County",1,84,7,4,3
050,46,031,"South Dakota","Corson County",1,85,42,13,29
050,46,031,"South Dakota","Corson County",2,0,84,40,44
050,46,031,"South Dakota","Corson County",2,1,91,42,49
050,46,031,"South Dakota","Corson County",2,2,81,45,36
050,46,031,"South Dakota","Corson County",2,3,78,43,35
050,46,031,"South Dakota","Corson County",2,4,67,28,39
050,46,031,"South Dakota","Corson County",2,5,62,32,30
050,46,031,"South Dakota","Corson County",2,6,64,28,36
050,46,031,"South Dakota","Corson County",2,7,84,35,49
050,46,031,"South Dakota","Corson County",2,8,78,42,36
050,46,031,"South Dakota","Corson County",2,9,62,33,29
050,46,031,"South Dakota","Corson County",2,10,67,36,31
050,46,031,"South Dakota","Corson County",2,11,69,33,36
050,46,031,"South Dakota","Corson County",2,12,87,40,47
050,46,031,"South Dakota","Corson County",2,13,77,41,36
050,46,031,"South Dakota","Corson County",2,14,93,49,44
050,46,031,"South Dakota","Corson County",2,15,90,42,48
050,46,031,"South Dakota","Corson County",2,16,75,41,34
050,46,031,"South Dakota","Corson County",2,17,73,39,34
050,46,031,"South Dakota","Corson County",2,18,59,31,28
050,46,031,"South Dakota","Corson County",2,19,55,27,28
050,46,031,"South Dakota","Corson County",2,20,53,26,27
050,46,031,"South Dakota","Corson County",2,21,50,21,29
050,46,031,"South Dakota","Corson County",2,22,42,19,23
050,46,031,"South Dakota","Corson County",2,23,40,18,22
050,46,031,"South Dakota","Corson County",2,24,37,14,23
050,46,031,"South Dakota","Corson County",2,25,41,17,24
050,46,031,"South Dakota","Corson County",2,26,40,17,23
050,46,031,"South Dakota","Corson County",2,27,48,25,23
050,46,031,"South Dakota","Corson County",2,28,49,27,22
050,46,031,"South Dakota","Corson County",2,29,46,24,22
050,46,031,"South Dakota","Corson County",2,30,47,28,19
050,46,031,"South Dakota","Corson County",2,31,42,21,21
050,46,031,"South Dakota","Corson County",2,32,37,16,21
050,46,031,"South Dakota","Corson County",2,33,44,24,20
050,46,031,"South Dakota","Corson County",2,34,40,23,17
050,46,031,"South Dakota","Corson County",2,35,39,19,20
050,46,031,"South Dakota","Corson County",2,36,47,21,26
050,46,031,"South Dakota","Corson County",2,37,38,20,18
050,46,031,"South Dakota","Corson County",2,38,52,29,23
050,46,031,"South Dakota","Corson County",2,39,43,19,24
050,46,031,"South Dakota","Corson County",2,40,44,19,25
050,46,031,"South Dakota","Corson County",2,41,29,14,15
050,46,031,"South Dakota","Corson County",2,42,42,19,23
050,46,031,"South Dakota","Corson County",2,43,50,23,27
050,46,031,"South Dakota","Corson County",2,44,41,19,22
050,46,031,"South Dakota","Corson County",2,45,39,20,19
050,46,031,"South Dakota","Corson County",2,46,33,16,17
050,46,031,"South Dakota","Corson County",2,47,31,18,13
050,46,031,"South Dakota","Corson County",2,48,34,21,13
050,46,031,"South Dakota","Corson County",2,49,30,19,11
050,46,031,"South Dakota","Corson County",2,50,27,15,12
050,46,031,"South Dakota","Corson County",2,51,32,20,12
050,46,031,"South Dakota","Corson County",2,52,36,19,17
050,46,031,"South Dakota","Corson County",2,53,41,20,21
050,46,031,"South Dakota","Corson County",2,54,46,24,22
050,46,031,"South Dakota","Corson County",2,55,50,28,22
050,46,031,"South Dakota","Corson County",2,56,50,25,25
050,46,031,"South Dakota","Corson County",2,57,44,23,21
050,46,031,"South Dakota","Corson County",2,58,45,19,26
050,46,031,"South Dakota","Corson County",2,59,58,27,31
050,46,031,"South Dakota","Corson County",2,60,48,21,27
050,46,031,"South Dakota","Corson County",2,61,42,19,23
050,46,031,"South Dakota","Corson County",2,62,43,21,22
050,46,031,"South Dakota","Corson County",2,63,45,22,23
050,46,031,"South Dakota","Corson County",2,64,46,23,23
050,46,031,"South Dakota","Corson County",2,65,42,21,21
050,46,031,"South Dakota","Corson County",2,66,36,18,18
050,46,031,"South Dakota","Corson County",2,67,37,17,20
050,46,031,"South Dakota","Corson County",2,68,35,18,17
050,46,031,"South Dakota","Corson County",2,69,33,18,15
050,46,031,"South Dakota","Corson County",2,70,22,12,10
050,46,031,"South Dakota","Corson County",2,71,24,13,11
050,46,031,"South Dakota","Corson County",2,72,27,13,14
050,46,031,"South Dakota","Corson County",2,73,29,10,19
050,46,031,"South Dakota","Corson County",2,74,26,12,14
050,46,031,"South Dakota","Corson County",2,75,25,14,11
050,46,031,"South Dakota","Corson County",2,76,19,10,9
050,46,031,"South Dakota","Corson County",2,77,21,9,12
050,46,031,"South Dakota","Corson County",2,78,16,6,10
050,46,031,"South Dakota","Corson County",2,79,15,8,7
050,46,031,"South Dakota","Corson County",2,80,14,8,6
050,46,031,"South Dakota","Corson County",2,81,6,2,4
050,46,031,"South Dakota","Corson County",2,82,10,3,7
050,46,031,"South Dakota","Corson County",2,83,12,6,6
050,46,031,"South Dakota","Corson County",2,84,7,5,2
050,46,031,"South Dakota","Corson County",2,85,42,13,29
050,46,031,"South Dakota","Corson County",3,0,87,52,35
050,46,031,"South Dakota","Corson County",3,1,76,34,42
050,46,031,"South Dakota","Corson County",3,2,78,37,41
050,46,031,"South Dakota","Corson County",3,3,85,44,41
050,46,031,"South Dakota","Corson County",3,4,73,35,38
050,46,031,"South Dakota","Corson County",3,5,76,34,42
050,46,031,"South Dakota","Corson County",3,6,59,30,29
050,46,031,"South Dakota","Corson County",3,7,67,29,38
050,46,031,"South Dakota","Corson County",3,8,83,34,49
050,46,031,"South Dakota","Corson County",3,9,78,41,37
050,46,031,"South Dakota","Corson County",3,10,62,34,28
050,46,031,"South Dakota","Corson County",3,11,69,39,30
050,46,031,"South Dakota","Corson County",3,12,68,28,40
050,46,031,"South Dakota","Corson County",3,13,87,42,45
050,46,031,"South Dakota","Corson County",3,14,73,40,33
050,46,031,"South Dakota","Corson County",3,15,93,49,44
050,46,031,"South Dakota","Corson County",3,16,88,42,46
050,46,031,"South Dakota","Corson County",3,17,73,39,34
050,46,031,"South Dakota","Corson County",3,18,65,33,32
050,46,031,"South Dakota","Corson County",3,19,56,30,26
050,46,031,"South Dakota","Corson County",3,20,55,28,27
050,46,031,"South Dakota","Corson County",3,21,49,24,25
050,46,031,"South Dakota","Corson County",3,22,48,21,27
050,46,031,"South Dakota","Corson County",3,23,36,16,20
050,46,031,"South Dakota","Corson County",3,24,37,16,21
050,46,031,"South Dakota","Corson County",3,25,34,11,23
050,46,031,"South Dakota","Corson County",3,26,42,16,26
050,46,031,"South Dakota","Corson County",3,27,27,12,15
050,46,031,"South Dakota","Corson County",3,28,50,26,24
050,46,031,"South Dakota","Corson County",3,29,48,27,21
050,46,031,"South Dakota","Corson County",3,30,46,22,24
050,46,031,"South Dakota","Corson County",3,31,48,29,19
050,46,031,"South Dakota","Corson County",3,32,46,25,21
050,46,031,"South Dakota","Corson County",3,33,39,18,21
050,46,031,"South Dakota","Corson County",3,34,43,24,19
050,46,031,"South Dakota","Corson County",3,35,28,16,12
050,46,031,"South Dakota","Corson County",3,36,39,21,18
050,46,031,"South Dakota","Corson County",3,37,43,19,24
050,46,031,"South Dakota","Corson County",3,38,37,18,19
050,46,031,"South Dakota","Corson County",3,39,50,29,21
050,46,031,"South Dakota","Corson County",3,40,43,19,24
050,46,031,"South Dakota","Corson County",3,41,47,22,25
050,46,031,"South Dakota","Corson County",3,42,25,10,15
050,46,031,"South Dakota","Corson County",3,43,43,20,23
050,46,031,"South Dakota","Corson County",3,44,48,22,26
050,46,031,"South Dakota","Corson County",3,45,42,20,22
050,46,031,"South Dakota","Corson County",3,46,39,20,19
050,46,031,"South Dakota","Corson County",3,47,32,16,16
050,46,031,"South Dakota","Corson County",3,48,30,18,12
050,46,031,"South Dakota","Corson County",3,49,32,19,13
050,46,031,"South Dakota","Corson County",3,50,28,19,9
050,46,031,"South Dakota","Corson County",3,51,28,15,13
050,46,031,"South Dakota","Corson County",3,52,29,18,11
050,46,031,"South Dakota","Corson County",3,53,37,20,17
050,46,031,"South Dakota","Corson County",3,54,41,21,20
050,46,031,"South Dakota","Corson County",3,55,45,25,20
050,46,031,"South Dakota","Corson County",3,56,45,23,22
050,46,031,"South Dakota","Corson County",3,57,49,27,22
050,46,031,"South Dakota","Corson County",3,58,45,21,24
050,46,031,"South Dakota","Corson County",3,59,43,19,24
050,46,031,"South Dakota","Corson County",3,60,57,27,30
050,46,031,"South Dakota","Corson County",3,61,52,25,27
050,46,031,"South Dakota","Corson County",3,62,41,17,24
050,46,031,"South Dakota","Corson County",3,63,45,23,22
050,46,031,"South Dakota","Corson County",3,64,46,22,24
050,46,031,"South Dakota","Corson County",3,65,42,20,22
050,46,031,"South Dakota","Corson County",3,66,42,21,21
050,46,031,"South Dakota","Corson County",3,67,32,15,17
050,46,031,"South Dakota","Corson County",3,68,35,17,18
050,46,031,"South Dakota","Corson County",3,69,36,18,18
050,46,031,"South Dakota","Corson County",3,70,29,17,12
050,46,031,"South Dakota","Corson County",3,71,21,12,9
050,46,031,"South Dakota","Corson County",3,72,18,7,11
050,46,031,"South Dakota","Corson County",3,73,26,12,14
050,46,031,"South Dakota","Corson County",3,74,29,11,18
050,46,031,"South Dakota","Corson County",3,75,21,10,11
050,46,031,"South Dakota","Corson County",3,76,23,12,11
050,46,031,"South Dakota","Corson County",3,77,18,10,8
050,46,031,"South Dakota","Corson County",3,78,18,6,12
050,46,031,"South Dakota","Corson County",3,79,16,6,10
050,46,031,"South Dakota","Corson County",3,80,14,8,6
050,46,031,"South Dakota","Corson County",3,81,13,8,5
050,46,031,"South Dakota","Corson County",3,82,4,1,3
050,46,031,"South Dakota","Corson County",3,83,10,3,7
050,46,031,"South Dakota","Corson County",3,84,11,5,6
050,46,031,"South Dakota","Corson County",3,85,38,17,21
050,46,031,"South Dakota","Corson County",4,0,75,39,36
050,46,031,"South Dakota","Corson County",4,1,90,53,37
050,46,031,"South Dakota","Corson County",4,2,69,27,42
050,46,031,"South Dakota","Corson County",4,3,84,40,44
050,46,031,"South Dakota","Corson County",4,4,81,41,40
050,46,031,"South Dakota","Corson County",4,5,75,36,39
050,46,031,"South Dakota","Corson County",4,6,68,30,38
050,46,031,"South Dakota","Corson County",4,7,60,29,31
050,46,031,"South Dakota","Corson County",4,8,69,32,37
050,46,031,"South Dakota","Corson County",4,9,80,29,51
050,46,031,"South Dakota","Corson County",4,10,75,42,33
050,46,031,"South Dakota","Corson County",4,11,60,31,29
050,46,031,"South Dakota","Corson County",4,12,71,42,29
050,46,031,"South Dakota","Corson County",4,13,61,25,36
050,46,031,"South Dakota","Corson County",4,14,81,40,41
050,46,031,"South Dakota","Corson County",4,15,71,40,31
050,46,031,"South Dakota","Corson County",4,16,87,44,43
050,46,031,"South Dakota","Corson County",4,17,87,40,47
050,46,031,"South Dakota","Corson County",4,18,63,37,26
050,46,031,"South Dakota","Corson County",4,19,56,31,25
050,46,031,"South Dakota","Corson County",4,20,47,21,26
050,46,031,"South Dakota","Corson County",4,21,59,27,32
050,46,031,"South Dakota","Corson County",4,22,53,27,26
050,46,031,"South Dakota","Corson County",4,23,52,25,27
050,46,031,"South Dakota","Corson County",4,24,37,18,19
050,46,031,"South Dakota","Corson County",4,25,44,18,26
050,46,031,"South Dakota","Corson County",4,26,34,11,23
050,46,031,"South Dakota","Corson County",4,27,37,14,23
050,46,031,"South Dakota","Corson County",4,28,30,13,17
050,46,031,"South Dakota","Corson County",4,29,42,20,22
050,46,031,"South Dakota","Corson County",4,30,46,25,21
050,46,031,"South Dakota","Corson County",4,31,43,21,22
050,46,031,"South Dakota","Corson County",4,32,48,30,18
050,46,031,"South Dakota","Corson County",4,33,45,22,23
050,46,031,"South Dakota","Corson County",4,34,39,18,21
050,46,031,"South Dakota","Corson County",4,35,40,23,17
050,46,031,"South Dakota","Corson County",4,36,28,17,11
050,46,031,"South Dakota","Corson County",4,37,40,22,18
050,46,031,"South Dakota","Corson County",4,38,44,21,23
050,46,031,"South Dakota","Corson County",4,39,46,24,22
050,46,031,"South Dakota","Corson County",4,40,51,32,19
050,46,031,"South Dakota","Corson County",4,41,41,19,22
050,46,031,"South Dakota","Corson County",4,42,43,20,23
050,46,031,"South Dakota","Corson County",4,43,22,6,16
050,46,031,"South Dakota","Corson County",4,44,35,16,19
050,46,031,"South Dakota","Corson County",4,45,47,22,25
050,46,031,"South Dakota","Corson County",4,46,40,19,21
050,46,031,"South Dakota","Corson County",4,47,42,20,22
050,46,031,"South Dakota","Corson County",4,48,28,13,15
050,46,031,"South Dakota","Corson County",4,49,32,20,12
050,46,031,"South Dakota","Corson County",4,50,29,19,10
050,46,031,"South Dakota","Corson County",4,51,26,18,8
050,46,031,"South Dakota","Corson County",4,52,22,14,8
050,46,031,"South Dakota","Corson County",4,53,28,17,11
050,46,031,"South Dakota","Corson County",4,54,35,19,16
050,46,031,"South Dakota","Corson County",4,55,46,27,19
050,46,031,"South Dakota","Corson County",4,56,45,25,20
050,46,031,"South Dakota","Corson County",4,57,43,23,20
050,46,031,"South Dakota","Corson County",4,58,52,27,25
050,46,031,"South Dakota","Corson County",4,59,47,21,26
050,46,031,"South Dakota","Corson County",4,60,41,19,22
050,46,031,"South Dakota","Corson County",4,61,57,28,29
050,46,031,"South Dakota","Corson County",4,62,52,25,27
050,46,031,"South Dakota","Corson County",4,63,42,19,23
050,46,031,"South Dakota","Corson County",4,64,46,20,26
050,46,031,"South Dakota","Corson County",4,65,42,21,21
050,46,031,"South Dakota","Corson County",4,66,41,20,21
050,46,031,"South Dakota","Corson County",4,67,39,20,19
050,46,031,"South Dakota","Corson County",4,68,31,15,16
050,46,031,"South Dakota","Corson County",4,69,35,17,18
050,46,031,"South Dakota","Corson County",4,70,32,18,14
050,46,031,"South Dakota","Corson County",4,71,28,17,11
050,46,031,"South Dakota","Corson County",4,72,20,11,9
050,46,031,"South Dakota","Corson County",4,73,21,8,13
050,46,031,"South Dakota","Corson County",4,74,26,12,14
050,46,031,"South Dakota","Corson County",4,75,24,9,15
050,46,031,"South Dakota","Corson County",4,76,20,10,10
050,46,031,"South Dakota","Corson County",4,77,23,12,11
050,46,031,"South Dakota","Corson County",4,78,17,9,8
050,46,031,"South Dakota","Corson County",4,79,18,6,12
050,46,031,"South Dakota","Corson County",4,80,12,6,6
050,46,031,"South Dakota","Corson County",4,81,14,8,6
050,46,031,"South Dakota","Corson County",4,82,11,8,3
050,46,031,"South Dakota","Corson County",4,83,4,1,3
050,46,031,"South Dakota","Corson County",4,84,10,3,7
050,46,031,"South Dakota","Corson County",4,85,40,16,24
050,46,031,"South Dakota","Corson County",5,0,81,44,37
050,46,031,"South Dakota","Corson County",5,1,57,28,29
050,46,031,"South Dakota","Corson County",5,2,90,55,35
050,46,031,"South Dakota","Corson County",5,3,70,30,40
050,46,031,"South Dakota","Corson County",5,4,70,31,39
050,46,031,"South Dakota","Corson County",5,5,83,44,39
050,46,031,"South Dakota","Corson County",5,6,72,34,38
050,46,031,"South Dakota","Corson County",5,7,66,32,34
050,46,031,"South Dakota","Corson County",5,8,58,27,31
050,46,031,"South Dakota","Corson County",5,9,74,34,40
050,46,031,"South Dakota","Corson County",5,10,86,33,53
050,46,031,"South Dakota","Corson County",5,11,77,42,35
050,46,031,"South Dakota","Corson County",5,12,60,31,29
050,46,031,"South Dakota","Corson County",5,13,71,42,29
050,46,031,"South Dakota","Corson County",5,14,65,28,37
050,46,031,"South Dakota","Corson County",5,15,80,40,40
050,46,031,"South Dakota","Corson County",5,16,70,39,31
050,46,031,"South Dakota","Corson County",5,17,88,47,41
050,46,031,"South Dakota","Corson County",5,18,80,38,42
050,46,031,"South Dakota","Corson County",5,19,52,31,21
050,46,031,"South Dakota","Corson County",5,20,58,33,25
050,46,031,"South Dakota","Corson County",5,21,50,20,30
050,46,031,"South Dakota","Corson County",5,22,65,32,33
050,46,031,"South Dakota","Corson County",5,23,49,29,20
050,46,031,"South Dakota","Corson County",5,24,53,24,29
050,46,031,"South Dakota","Corson County",5,25,28,8,20
050,46,031,"South Dakota","Corson County",5,26,41,14,27
050,46,031,"South Dakota","Corson County",5,27,28,10,18
050,46,031,"South Dakota","Corson County",5,28,43,17,26
050,46,031,"South Dakota","Corson County",5,29,32,13,19
050,46,031,"South Dakota","Corson County",5,30,44,20,24
050,46,031,"South Dakota","Corson County",5,31,41,22,19
050,46,031,"South Dakota","Corson County",5,32,37,13,24
050,46,031,"South Dakota","Corson County",5,33,44,29,15
050,46,031,"South Dakota","Corson County",5,34,45,23,22
050,46,031,"South Dakota","Corson County",5,35,37,17,20
050,46,031,"South Dakota","Corson County",5,36,40,20,20
050,46,031,"South Dakota","Corson County",5,37,20,11,9
050,46,031,"South Dakota","Corson County",5,38,36,21,15
050,46,031,"South Dakota","Corson County",5,39,47,21,26
050,46,031,"South Dakota","Corson County",5,40,47,24,23
050,46,031,"South Dakota","Corson County",5,41,43,24,19
050,46,031,"South Dakota","Corson County",5,42,44,21,23
050,46,031,"South Dakota","Corson County",5,43,44,21,23
050,46,031,"South Dakota","Corson County",5,44,22,7,15
050,46,031,"South Dakota","Corson County",5,45,39,18,21
050,46,031,"South Dakota","Corson County",5,46,44,16,28
050,46,031,"South Dakota","Corson County",5,47,38,19,19
050,46,031,"South Dakota","Corson County",5,48,41,20,21
050,46,031,"South Dakota","Corson County",5,49,27,12,15
050,46,031,"South Dakota","Corson County",5,50,32,19,13
050,46,031,"South Dakota","Corson County",5,51,28,18,10
050,46,031,"South Dakota","Corson County",5,52,22,15,7
050,46,031,"South Dakota","Corson County",5,53,19,11,8
050,46,031,"South Dakota","Corson County",5,54,27,17,10
050,46,031,"South Dakota","Corson County",5,55,34,19,15
050,46,031,"South Dakota","Corson County",5,56,46,27,19
050,46,031,"South Dakota","Corson County",5,57,45,25,20
050,46,031,"South Dakota","Corson County",5,58,43,25,18
050,46,031,"South Dakota","Corson County",5,59,50,26,24
050,46,031,"South Dakota","Corson County",5,60,45,21,24
050,46,031,"South Dakota","Corson County",5,61,39,18,21
050,46,031,"South Dakota","Corson County",5,62,57,28,29
050,46,031,"South Dakota","Corson County",5,63,52,25,27
050,46,031,"South Dakota","Corson County",5,64,43,18,25
050,46,031,"South Dakota","Corson County",5,65,44,19,25
050,46,031,"South Dakota","Corson County",5,66,42,22,20
050,46,031,"South Dakota","Corson County",5,67,40,21,19
050,46,031,"South Dakota","Corson County",5,68,39,20,19
050,46,031,"South Dakota","Corson County",5,69,31,15,16
050,46,031,"South Dakota","Corson County",5,70,28,15,13
050,46,031,"South Dakota","Corson County",5,71,32,19,13
050,46,031,"South Dakota","Corson County",5,72,28,17,11
050,46,031,"South Dakota","Corson County",5,73,20,11,9
050,46,031,"South Dakota","Corson County",5,74,21,8,13
050,46,031,"South Dakota","Corson County",5,75,21,8,13
050,46,031,"South Dakota","Corson County",5,76,24,9,15
050,46,031,"South Dakota","Corson County",5,77,20,10,10
050,46,031,"South Dakota","Corson County",5,78,22,11,11
050,46,031,"South Dakota","Corson County",5,79,17,9,8
050,46,031,"South Dakota","Corson County",5,80,15,6,9
050,46,031,"South Dakota","Corson County",5,81,12,6,6
050,46,031,"South Dakota","Corson County",5,82,11,7,4
050,46,031,"South Dakota","Corson County",5,83,10,7,3
050,46,031,"South Dakota","Corson County",5,84,4,1,3
050,46,031,"South Dakota","Corson County",5,85,42,14,28
050,46,033,"South Dakota","Custer County",1,0,62,32,30
050,46,033,"South Dakota","Custer County",1,1,56,36,20
050,46,033,"South Dakota","Custer County",1,2,57,29,28
050,46,033,"South Dakota","Custer County",1,3,64,34,30
050,46,033,"South Dakota","Custer County",1,4,64,33,31
050,46,033,"South Dakota","Custer County",1,5,68,33,35
050,46,033,"South Dakota","Custer County",1,6,55,25,30
050,46,033,"South Dakota","Custer County",1,7,49,24,25
050,46,033,"South Dakota","Custer County",1,8,58,27,31
050,46,033,"South Dakota","Custer County",1,9,66,35,31
050,46,033,"South Dakota","Custer County",1,10,61,32,29
050,46,033,"South Dakota","Custer County",1,11,60,31,29
050,46,033,"South Dakota","Custer County",1,12,62,30,32
050,46,033,"South Dakota","Custer County",1,13,68,35,33
050,46,033,"South Dakota","Custer County",1,14,67,32,35
050,46,033,"South Dakota","Custer County",1,15,70,38,32
050,46,033,"South Dakota","Custer County",1,16,68,36,32
050,46,033,"South Dakota","Custer County",1,17,57,32,25
050,46,033,"South Dakota","Custer County",1,18,58,32,26
050,46,033,"South Dakota","Custer County",1,19,48,26,22
050,46,033,"South Dakota","Custer County",1,20,45,24,21
050,46,033,"South Dakota","Custer County",1,21,50,36,14
050,46,033,"South Dakota","Custer County",1,22,54,34,20
050,46,033,"South Dakota","Custer County",1,23,44,23,21
050,46,033,"South Dakota","Custer County",1,24,51,24,27
050,46,033,"South Dakota","Custer County",1,25,45,18,27
050,46,033,"South Dakota","Custer County",1,26,47,22,25
050,46,033,"South Dakota","Custer County",1,27,50,27,23
050,46,033,"South Dakota","Custer County",1,28,67,30,37
050,46,033,"South Dakota","Custer County",1,29,71,36,35
050,46,033,"South Dakota","Custer County",1,30,51,27,24
050,46,033,"South Dakota","Custer County",1,31,70,38,32
050,46,033,"South Dakota","Custer County",1,32,72,34,38
050,46,033,"South Dakota","Custer County",1,33,62,27,35
050,46,033,"South Dakota","Custer County",1,34,71,34,37
050,46,033,"South Dakota","Custer County",1,35,78,40,38
050,46,033,"South Dakota","Custer County",1,36,83,36,47
050,46,033,"South Dakota","Custer County",1,37,92,55,37
050,46,033,"South Dakota","Custer County",1,38,93,50,43
050,46,033,"South Dakota","Custer County",1,39,87,46,41
050,46,033,"South Dakota","Custer County",1,40,92,39,53
050,46,033,"South Dakota","Custer County",1,41,78,42,36
050,46,033,"South Dakota","Custer County",1,42,86,41,45
050,46,033,"South Dakota","Custer County",1,43,87,46,41
050,46,033,"South Dakota","Custer County",1,44,88,47,41
050,46,033,"South Dakota","Custer County",1,45,80,41,39
050,46,033,"South Dakota","Custer County",1,46,89,40,49
050,46,033,"South Dakota","Custer County",1,47,88,43,45
050,46,033,"South Dakota","Custer County",1,48,86,40,46
050,46,033,"South Dakota","Custer County",1,49,101,51,50
050,46,033,"South Dakota","Custer County",1,50,98,45,53
050,46,033,"South Dakota","Custer County",1,51,104,48,56
050,46,033,"South Dakota","Custer County",1,52,105,53,52
050,46,033,"South Dakota","Custer County",1,53,93,41,52
050,46,033,"South Dakota","Custer County",1,54,133,81,52
050,46,033,"South Dakota","Custer County",1,55,134,69,65
050,46,033,"South Dakota","Custer County",1,56,141,65,76
050,46,033,"South Dakota","Custer County",1,57,149,71,78
050,46,033,"South Dakota","Custer County",1,58,169,75,94
050,46,033,"South Dakota","Custer County",1,59,165,68,97
050,46,033,"South Dakota","Custer County",1,60,183,84,99
050,46,033,"South Dakota","Custer County",1,61,173,75,98
050,46,033,"South Dakota","Custer County",1,62,210,101,109
050,46,033,"South Dakota","Custer County",1,63,200,88,112
050,46,033,"South Dakota","Custer County",1,64,174,83,91
050,46,033,"South Dakota","Custer County",1,65,213,103,110
050,46,033,"South Dakota","Custer County",1,66,238,113,125
050,46,033,"South Dakota","Custer County",1,67,218,116,102
050,46,033,"South Dakota","Custer County",1,68,209,118,91
050,46,033,"South Dakota","Custer County",1,69,185,103,82
050,46,033,"South Dakota","Custer County",1,70,165,83,82
050,46,033,"South Dakota","Custer County",1,71,161,87,74
050,46,033,"South Dakota","Custer County",1,72,161,89,72
050,46,033,"South Dakota","Custer County",1,73,154,90,64
050,46,033,"South Dakota","Custer County",1,74,97,53,44
050,46,033,"South Dakota","Custer County",1,75,101,51,50
050,46,033,"South Dakota","Custer County",1,76,103,50,53
050,46,033,"South Dakota","Custer County",1,77,97,43,54
050,46,033,"South Dakota","Custer County",1,78,80,42,38
050,46,033,"South Dakota","Custer County",1,79,77,40,37
050,46,033,"South Dakota","Custer County",1,80,58,31,27
050,46,033,"South Dakota","Custer County",1,81,49,24,25
050,46,033,"South Dakota","Custer County",1,82,49,25,24
050,46,033,"South Dakota","Custer County",1,83,45,23,22
050,46,033,"South Dakota","Custer County",1,84,39,21,18
050,46,033,"South Dakota","Custer County",1,85,214,90,124
050,46,033,"South Dakota","Custer County",2,0,64,35,29
050,46,033,"South Dakota","Custer County",2,1,56,35,21
050,46,033,"South Dakota","Custer County",2,2,58,32,26
050,46,033,"South Dakota","Custer County",2,3,62,33,29
050,46,033,"South Dakota","Custer County",2,4,65,34,31
050,46,033,"South Dakota","Custer County",2,5,70,35,35
050,46,033,"South Dakota","Custer County",2,6,56,27,29
050,46,033,"South Dakota","Custer County",2,7,51,25,26
050,46,033,"South Dakota","Custer County",2,8,57,27,30
050,46,033,"South Dakota","Custer County",2,9,64,33,31
050,46,033,"South Dakota","Custer County",2,10,62,33,29
050,46,033,"South Dakota","Custer County",2,11,60,32,28
050,46,033,"South Dakota","Custer County",2,12,61,30,31
050,46,033,"South Dakota","Custer County",2,13,66,34,32
050,46,033,"South Dakota","Custer County",2,14,69,33,36
050,46,033,"South Dakota","Custer County",2,15,70,37,33
050,46,033,"South Dakota","Custer County",2,16,68,37,31
050,46,033,"South Dakota","Custer County",2,17,59,33,26
050,46,033,"South Dakota","Custer County",2,18,56,31,25
050,46,033,"South Dakota","Custer County",2,19,46,25,21
050,46,033,"South Dakota","Custer County",2,20,47,26,21
050,46,033,"South Dakota","Custer County",2,21,49,34,15
050,46,033,"South Dakota","Custer County",2,22,50,32,18
050,46,033,"South Dakota","Custer County",2,23,46,25,21
050,46,033,"South Dakota","Custer County",2,24,48,22,26
050,46,033,"South Dakota","Custer County",2,25,47,19,28
050,46,033,"South Dakota","Custer County",2,26,47,22,25
050,46,033,"South Dakota","Custer County",2,27,49,26,23
050,46,033,"South Dakota","Custer County",2,28,66,31,35
050,46,033,"South Dakota","Custer County",2,29,71,35,36
050,46,033,"South Dakota","Custer County",2,30,56,29,27
050,46,033,"South Dakota","Custer County",2,31,65,35,30
050,46,033,"South Dakota","Custer County",2,32,70,34,36
050,46,033,"South Dakota","Custer County",2,33,66,30,36
050,46,033,"South Dakota","Custer County",2,34,71,35,36
050,46,033,"South Dakota","Custer County",2,35,80,41,39
050,46,033,"South Dakota","Custer County",2,36,81,37,44
050,46,033,"South Dakota","Custer County",2,37,91,51,40
050,46,033,"South Dakota","Custer County",2,38,93,51,42
050,46,033,"South Dakota","Custer County",2,39,89,46,43
050,46,033,"South Dakota","Custer County",2,40,94,43,51
050,46,033,"South Dakota","Custer County",2,41,83,42,41
050,46,033,"South Dakota","Custer County",2,42,84,41,43
050,46,033,"South Dakota","Custer County",2,43,88,45,43
050,46,033,"South Dakota","Custer County",2,44,87,47,40
050,46,033,"South Dakota","Custer County",2,45,82,43,39
050,46,033,"South Dakota","Custer County",2,46,86,41,45
050,46,033,"South Dakota","Custer County",2,47,87,41,46
050,46,033,"South Dakota","Custer County",2,48,86,41,45
050,46,033,"South Dakota","Custer County",2,49,98,47,51
050,46,033,"South Dakota","Custer County",2,50,101,48,53
050,46,033,"South Dakota","Custer County",2,51,104,48,56
050,46,033,"South Dakota","Custer County",2,52,105,51,54
050,46,033,"South Dakota","Custer County",2,53,98,46,52
050,46,033,"South Dakota","Custer County",2,54,123,72,51
050,46,033,"South Dakota","Custer County",2,55,134,73,61
050,46,033,"South Dakota","Custer County",2,56,143,68,75
050,46,033,"South Dakota","Custer County",2,57,148,71,77
050,46,033,"South Dakota","Custer County",2,58,165,75,90
050,46,033,"South Dakota","Custer County",2,59,169,70,99
050,46,033,"South Dakota","Custer County",2,60,178,80,98
050,46,033,"South Dakota","Custer County",2,61,178,78,100
050,46,033,"South Dakota","Custer County",2,62,201,95,106
050,46,033,"South Dakota","Custer County",2,63,204,92,112
050,46,033,"South Dakota","Custer County",2,64,180,83,97
050,46,033,"South Dakota","Custer County",2,65,204,98,106
050,46,033,"South Dakota","Custer County",2,66,233,111,122
050,46,033,"South Dakota","Custer County",2,67,221,115,106
050,46,033,"South Dakota","Custer County",2,68,209,117,92
050,46,033,"South Dakota","Custer County",2,69,191,107,84
050,46,033,"South Dakota","Custer County",2,70,168,88,80
050,46,033,"South Dakota","Custer County",2,71,160,85,75
050,46,033,"South Dakota","Custer County",2,72,158,86,72
050,46,033,"South Dakota","Custer County",2,73,164,95,69
050,46,033,"South Dakota","Custer County",2,74,102,57,45
050,46,033,"South Dakota","Custer County",2,75,100,52,48
050,46,033,"South Dakota","Custer County",2,76,100,48,52
050,46,033,"South Dakota","Custer County",2,77,100,46,54
050,46,033,"South Dakota","Custer County",2,78,82,42,40
050,46,033,"South Dakota","Custer County",2,79,77,40,37
050,46,033,"South Dakota","Custer County",2,80,60,31,29
050,46,033,"South Dakota","Custer County",2,81,51,26,25
050,46,033,"South Dakota","Custer County",2,82,47,24,23
050,46,033,"South Dakota","Custer County",2,83,46,24,22
050,46,033,"South Dakota","Custer County",2,84,39,20,19
050,46,033,"South Dakota","Custer County",2,85,215,88,127
050,46,033,"South Dakota","Custer County",3,0,68,39,29
050,46,033,"South Dakota","Custer County",3,1,75,45,30
050,46,033,"South Dakota","Custer County",3,2,61,34,27
050,46,033,"South Dakota","Custer County",3,3,62,36,26
050,46,033,"South Dakota","Custer County",3,4,56,34,22
050,46,033,"South Dakota","Custer County",3,5,68,35,33
050,46,033,"South Dakota","Custer County",3,6,68,32,36
050,46,033,"South Dakota","Custer County",3,7,62,31,31
050,46,033,"South Dakota","Custer County",3,8,54,26,28
050,46,033,"South Dakota","Custer County",3,9,67,31,36
050,46,033,"South Dakota","Custer County",3,10,69,36,33
050,46,033,"South Dakota","Custer County",3,11,66,36,30
050,46,033,"South Dakota","Custer County",3,12,65,32,33
050,46,033,"South Dakota","Custer County",3,13,61,30,31
050,46,033,"South Dakota","Custer County",3,14,61,33,28
050,46,033,"South Dakota","Custer County",3,15,74,36,38
050,46,033,"South Dakota","Custer County",3,16,73,39,34
050,46,033,"South Dakota","Custer County",3,17,70,39,31
050,46,033,"South Dakota","Custer County",3,18,51,30,21
050,46,033,"South Dakota","Custer County",3,19,43,23,20
050,46,033,"South Dakota","Custer County",3,20,49,27,22
050,46,033,"South Dakota","Custer County",3,21,47,24,23
050,46,033,"South Dakota","Custer County",3,22,58,36,22
050,46,033,"South Dakota","Custer County",3,23,54,30,24
050,46,033,"South Dakota","Custer County",3,24,48,27,21
050,46,033,"South Dakota","Custer County",3,25,51,20,31
050,46,033,"South Dakota","Custer County",3,26,56,27,29
050,46,033,"South Dakota","Custer County",3,27,56,27,29
050,46,033,"South Dakota","Custer County",3,28,58,34,24
050,46,033,"South Dakota","Custer County",3,29,69,29,40
050,46,033,"South Dakota","Custer County",3,30,73,36,37
050,46,033,"South Dakota","Custer County",3,31,67,30,37
050,46,033,"South Dakota","Custer County",3,32,72,39,33
050,46,033,"South Dakota","Custer County",3,33,79,45,34
050,46,033,"South Dakota","Custer County",3,34,70,31,39
050,46,033,"South Dakota","Custer County",3,35,79,41,38
050,46,033,"South Dakota","Custer County",3,36,90,45,45
050,46,033,"South Dakota","Custer County",3,37,82,36,46
050,46,033,"South Dakota","Custer County",3,38,97,56,41
050,46,033,"South Dakota","Custer County",3,39,100,54,46
050,46,033,"South Dakota","Custer County",3,40,91,47,44
050,46,033,"South Dakota","Custer County",3,41,101,49,52
050,46,033,"South Dakota","Custer County",3,42,82,42,40
050,46,033,"South Dakota","Custer County",3,43,89,43,46
050,46,033,"South Dakota","Custer County",3,44,87,45,42
050,46,033,"South Dakota","Custer County",3,45,94,54,40
050,46,033,"South Dakota","Custer County",3,46,87,44,43
050,46,033,"South Dakota","Custer County",3,47,91,44,47
050,46,033,"South Dakota","Custer County",3,48,87,41,46
050,46,033,"South Dakota","Custer County",3,49,88,40,48
050,46,033,"South Dakota","Custer County",3,50,104,51,53
050,46,033,"South Dakota","Custer County",3,51,107,52,55
050,46,033,"South Dakota","Custer County",3,52,110,55,55
050,46,033,"South Dakota","Custer County",3,53,112,52,60
050,46,033,"South Dakota","Custer County",3,54,102,51,51
050,46,033,"South Dakota","Custer County",3,55,138,77,61
050,46,033,"South Dakota","Custer County",3,56,148,76,72
050,46,033,"South Dakota","Custer County",3,57,137,65,72
050,46,033,"South Dakota","Custer County",3,58,148,75,73
050,46,033,"South Dakota","Custer County",3,59,168,76,92
050,46,033,"South Dakota","Custer County",3,60,168,72,96
050,46,033,"South Dakota","Custer County",3,61,187,84,103
050,46,033,"South Dakota","Custer County",3,62,182,76,106
050,46,033,"South Dakota","Custer County",3,63,221,103,118
050,46,033,"South Dakota","Custer County",3,64,211,97,114
050,46,033,"South Dakota","Custer County",3,65,186,90,96
050,46,033,"South Dakota","Custer County",3,66,213,103,110
050,46,033,"South Dakota","Custer County",3,67,235,110,125
050,46,033,"South Dakota","Custer County",3,68,223,117,106
050,46,033,"South Dakota","Custer County",3,69,196,112,84
050,46,033,"South Dakota","Custer County",3,70,186,102,84
050,46,033,"South Dakota","Custer County",3,71,176,96,80
050,46,033,"South Dakota","Custer County",3,72,159,81,78
050,46,033,"South Dakota","Custer County",3,73,149,85,64
050,46,033,"South Dakota","Custer County",3,74,164,93,71
050,46,033,"South Dakota","Custer County",3,75,100,57,43
050,46,033,"South Dakota","Custer County",3,76,107,55,52
050,46,033,"South Dakota","Custer County",3,77,105,52,53
050,46,033,"South Dakota","Custer County",3,78,96,44,52
050,46,033,"South Dakota","Custer County",3,79,81,42,39
050,46,033,"South Dakota","Custer County",3,80,74,37,37
050,46,033,"South Dakota","Custer County",3,81,60,26,34
050,46,033,"South Dakota","Custer County",3,82,47,25,22
050,46,033,"South Dakota","Custer County",3,83,45,22,23
050,46,033,"South Dakota","Custer County",3,84,46,23,23
050,46,033,"South Dakota","Custer County",3,85,222,89,133
050,46,033,"South Dakota","Custer County",4,0,76,45,31
050,46,033,"South Dakota","Custer County",4,1,69,41,28
050,46,033,"South Dakota","Custer County",4,2,74,44,30
050,46,033,"South Dakota","Custer County",4,3,61,35,26
050,46,033,"South Dakota","Custer County",4,4,67,35,32
050,46,033,"South Dakota","Custer County",4,5,66,34,32
050,46,033,"South Dakota","Custer County",4,6,67,32,35
050,46,033,"South Dakota","Custer County",4,7,71,37,34
050,46,033,"South Dakota","Custer County",4,8,69,38,31
050,46,033,"South Dakota","Custer County",4,9,70,36,34
050,46,033,"South Dakota","Custer County",4,10,65,28,37
050,46,033,"South Dakota","Custer County",4,11,73,36,37
050,46,033,"South Dakota","Custer County",4,12,77,46,31
050,46,033,"South Dakota","Custer County",4,13,67,35,32
050,46,033,"South Dakota","Custer County",4,14,62,29,33
050,46,033,"South Dakota","Custer County",4,15,75,39,36
050,46,033,"South Dakota","Custer County",4,16,79,38,41
050,46,033,"South Dakota","Custer County",4,17,75,39,36
050,46,033,"South Dakota","Custer County",4,18,73,41,32
050,46,033,"South Dakota","Custer County",4,19,36,22,14
050,46,033,"South Dakota","Custer County",4,20,49,27,22
050,46,033,"South Dakota","Custer County",4,21,59,34,25
050,46,033,"South Dakota","Custer County",4,22,53,24,29
050,46,033,"South Dakota","Custer County",4,23,67,38,29
050,46,033,"South Dakota","Custer County",4,24,56,28,28
050,46,033,"South Dakota","Custer County",4,25,49,27,22
050,46,033,"South Dakota","Custer County",4,26,61,26,35
050,46,033,"South Dakota","Custer County",4,27,66,37,29
050,46,033,"South Dakota","Custer County",4,28,72,38,34
050,46,033,"South Dakota","Custer County",4,29,61,35,26
050,46,033,"South Dakota","Custer County",4,30,68,31,37
050,46,033,"South Dakota","Custer County",4,31,76,40,36
050,46,033,"South Dakota","Custer County",4,32,70,30,40
050,46,033,"South Dakota","Custer County",4,33,76,36,40
050,46,033,"South Dakota","Custer County",4,34,89,51,38
050,46,033,"South Dakota","Custer County",4,35,69,30,39
050,46,033,"South Dakota","Custer County",4,36,84,45,39
050,46,033,"South Dakota","Custer County",4,37,101,51,50
050,46,033,"South Dakota","Custer County",4,38,93,40,53
050,46,033,"South Dakota","Custer County",4,39,104,57,47
050,46,033,"South Dakota","Custer County",4,40,99,52,47
050,46,033,"South Dakota","Custer County",4,41,106,55,51
050,46,033,"South Dakota","Custer County",4,42,101,50,51
050,46,033,"South Dakota","Custer County",4,43,92,48,44
050,46,033,"South Dakota","Custer County",4,44,91,46,45
050,46,033,"South Dakota","Custer County",4,45,95,51,44
050,46,033,"South Dakota","Custer County",4,46,95,50,45
050,46,033,"South Dakota","Custer County",4,47,91,45,46
050,46,033,"South Dakota","Custer County",4,48,89,44,45
050,46,033,"South Dakota","Custer County",4,49,89,38,51
050,46,033,"South Dakota","Custer County",4,50,87,41,46
050,46,033,"South Dakota","Custer County",4,51,117,54,63
050,46,033,"South Dakota","Custer County",4,52,116,55,61
050,46,033,"South Dakota","Custer County",4,53,115,57,58
050,46,033,"South Dakota","Custer County",4,54,113,55,58
050,46,033,"South Dakota","Custer County",4,55,116,59,57
050,46,033,"South Dakota","Custer County",4,56,147,79,68
050,46,033,"South Dakota","Custer County",4,57,163,86,77
050,46,033,"South Dakota","Custer County",4,58,145,68,77
050,46,033,"South Dakota","Custer County",4,59,171,81,90
050,46,033,"South Dakota","Custer County",4,60,186,89,97
050,46,033,"South Dakota","Custer County",4,61,186,79,107
050,46,033,"South Dakota","Custer County",4,62,195,83,112
050,46,033,"South Dakota","Custer County",4,63,195,85,110
050,46,033,"South Dakota","Custer County",4,64,220,103,117
050,46,033,"South Dakota","Custer County",4,65,215,103,112
050,46,033,"South Dakota","Custer County",4,66,192,88,104
050,46,033,"South Dakota","Custer County",4,67,216,102,114
050,46,033,"South Dakota","Custer County",4,68,236,112,124
050,46,033,"South Dakota","Custer County",4,69,222,119,103
050,46,033,"South Dakota","Custer County",4,70,197,115,82
050,46,033,"South Dakota","Custer County",4,71,185,104,81
050,46,033,"South Dakota","Custer County",4,72,176,95,81
050,46,033,"South Dakota","Custer County",4,73,154,80,74
050,46,033,"South Dakota","Custer County",4,74,149,83,66
050,46,033,"South Dakota","Custer County",4,75,155,92,63
050,46,033,"South Dakota","Custer County",4,76,106,59,47
050,46,033,"South Dakota","Custer County",4,77,101,51,50
050,46,033,"South Dakota","Custer County",4,78,102,52,50
050,46,033,"South Dakota","Custer County",4,79,81,34,47
050,46,033,"South Dakota","Custer County",4,80,76,42,34
050,46,033,"South Dakota","Custer County",4,81,70,32,38
050,46,033,"South Dakota","Custer County",4,82,54,24,30
050,46,033,"South Dakota","Custer County",4,83,41,23,18
050,46,033,"South Dakota","Custer County",4,84,46,22,24
050,46,033,"South Dakota","Custer County",4,85,232,92,140
050,46,033,"South Dakota","Custer County",5,0,77,45,32
050,46,033,"South Dakota","Custer County",5,1,71,36,35
050,46,033,"South Dakota","Custer County",5,2,65,43,22
050,46,033,"South Dakota","Custer County",5,3,74,44,30
050,46,033,"South Dakota","Custer County",5,4,56,37,19
050,46,033,"South Dakota","Custer County",5,5,73,43,30
050,46,033,"South Dakota","Custer County",5,6,69,35,34
050,46,033,"South Dakota","Custer County",5,7,72,33,39
050,46,033,"South Dakota","Custer County",5,8,67,37,30
050,46,033,"South Dakota","Custer County",5,9,72,39,33
050,46,033,"South Dakota","Custer County",5,10,64,33,31
050,46,033,"South Dakota","Custer County",5,11,70,31,39
050,46,033,"South Dakota","Custer County",5,12,73,38,35
050,46,033,"South Dakota","Custer County",5,13,70,40,30
050,46,033,"South Dakota","Custer County",5,14,71,40,31
050,46,033,"South Dakota","Custer County",5,15,69,29,40
050,46,033,"South Dakota","Custer County",5,16,72,38,34
050,46,033,"South Dakota","Custer County",5,17,82,39,43
050,46,033,"South Dakota","Custer County",5,18,67,34,33
050,46,033,"South Dakota","Custer County",5,19,56,33,23
050,46,033,"South Dakota","Custer County",5,20,40,21,19
050,46,033,"South Dakota","Custer County",5,21,54,30,24
050,46,033,"South Dakota","Custer County",5,22,66,38,28
050,46,033,"South Dakota","Custer County",5,23,51,22,29
050,46,033,"South Dakota","Custer County",5,24,70,42,28
050,46,033,"South Dakota","Custer County",5,25,57,23,34
050,46,033,"South Dakota","Custer County",5,26,48,28,20
050,46,033,"South Dakota","Custer County",5,27,52,22,30
050,46,033,"South Dakota","Custer County",5,28,72,38,34
050,46,033,"South Dakota","Custer County",5,29,67,36,31
050,46,033,"South Dakota","Custer County",5,30,55,30,25
050,46,033,"South Dakota","Custer County",5,31,75,36,39
050,46,033,"South Dakota","Custer County",5,32,79,42,37
050,46,033,"South Dakota","Custer County",5,33,79,37,42
050,46,033,"South Dakota","Custer County",5,34,71,35,36
050,46,033,"South Dakota","Custer County",5,35,86,48,38
050,46,033,"South Dakota","Custer County",5,36,69,32,37
050,46,033,"South Dakota","Custer County",5,37,90,47,43
050,46,033,"South Dakota","Custer County",5,38,101,49,52
050,46,033,"South Dakota","Custer County",5,39,98,44,54
050,46,033,"South Dakota","Custer County",5,40,93,50,43
050,46,033,"South Dakota","Custer County",5,41,105,51,54
050,46,033,"South Dakota","Custer County",5,42,105,56,49
050,46,033,"South Dakota","Custer County",5,43,104,55,49
050,46,033,"South Dakota","Custer County",5,44,93,47,46
050,46,033,"South Dakota","Custer County",5,45,97,51,46
050,46,033,"South Dakota","Custer County",5,46,94,48,46
050,46,033,"South Dakota","Custer County",5,47,96,52,44
050,46,033,"South Dakota","Custer County",5,48,93,44,49
050,46,033,"South Dakota","Custer County",5,49,94,43,51
050,46,033,"South Dakota","Custer County",5,50,90,39,51
050,46,033,"South Dakota","Custer County",5,51,93,48,45
050,46,033,"South Dakota","Custer County",5,52,119,55,64
050,46,033,"South Dakota","Custer County",5,53,117,54,63
050,46,033,"South Dakota","Custer County",5,54,117,60,57
050,46,033,"South Dakota","Custer County",5,55,128,67,61
050,46,033,"South Dakota","Custer County",5,56,123,60,63
050,46,033,"South Dakota","Custer County",5,57,152,81,71
050,46,033,"South Dakota","Custer County",5,58,167,95,72
050,46,033,"South Dakota","Custer County",5,59,151,71,80
050,46,033,"South Dakota","Custer County",5,60,171,78,93
050,46,033,"South Dakota","Custer County",5,61,189,86,103
050,46,033,"South Dakota","Custer County",5,62,191,79,112
050,46,033,"South Dakota","Custer County",5,63,199,88,111
050,46,033,"South Dakota","Custer County",5,64,205,92,113
050,46,033,"South Dakota","Custer County",5,65,212,97,115
050,46,033,"South Dakota","Custer County",5,66,221,107,114
050,46,033,"South Dakota","Custer County",5,67,196,94,102
050,46,033,"South Dakota","Custer County",5,68,220,100,120
050,46,033,"South Dakota","Custer County",5,69,238,117,121
050,46,033,"South Dakota","Custer County",5,70,223,121,102
050,46,033,"South Dakota","Custer County",5,71,196,116,80
050,46,033,"South Dakota","Custer County",5,72,180,101,79
050,46,033,"South Dakota","Custer County",5,73,173,89,84
050,46,033,"South Dakota","Custer County",5,74,157,81,76
050,46,033,"South Dakota","Custer County",5,75,145,79,66
050,46,033,"South Dakota","Custer County",5,76,149,89,60
050,46,033,"South Dakota","Custer County",5,77,103,59,44
050,46,033,"South Dakota","Custer County",5,78,92,46,46
050,46,033,"South Dakota","Custer County",5,79,95,46,49
050,46,033,"South Dakota","Custer County",5,80,78,31,47
050,46,033,"South Dakota","Custer County",5,81,76,38,38
050,46,033,"South Dakota","Custer County",5,82,65,30,35
050,46,033,"South Dakota","Custer County",5,83,49,22,27
050,46,033,"South Dakota","Custer County",5,84,44,23,21
050,46,033,"South Dakota","Custer County",5,85,249,102,147
050,46,035,"South Dakota","Davison County",1,0,262,133,129
050,46,035,"South Dakota","Davison County",1,1,238,113,125
050,46,035,"South Dakota","Davison County",1,2,238,121,117
050,46,035,"South Dakota","Davison County",1,3,256,129,127
050,46,035,"South Dakota","Davison County",1,4,254,129,125
050,46,035,"South Dakota","Davison County",1,5,264,138,126
050,46,035,"South Dakota","Davison County",1,6,278,155,123
050,46,035,"South Dakota","Davison County",1,7,254,130,124
050,46,035,"South Dakota","Davison County",1,8,233,123,110
050,46,035,"South Dakota","Davison County",1,9,245,122,123
050,46,035,"South Dakota","Davison County",1,10,274,140,134
050,46,035,"South Dakota","Davison County",1,11,289,146,143
050,46,035,"South Dakota","Davison County",1,12,321,156,165
050,46,035,"South Dakota","Davison County",1,13,309,150,159
050,46,035,"South Dakota","Davison County",1,14,284,157,127
050,46,035,"South Dakota","Davison County",1,15,278,140,138
050,46,035,"South Dakota","Davison County",1,16,272,135,137
050,46,035,"South Dakota","Davison County",1,17,250,125,125
050,46,035,"South Dakota","Davison County",1,18,218,117,101
050,46,035,"South Dakota","Davison County",1,19,236,131,105
050,46,035,"South Dakota","Davison County",1,20,233,125,108
050,46,035,"South Dakota","Davison County",1,21,249,131,118
050,46,035,"South Dakota","Davison County",1,22,242,121,121
050,46,035,"South Dakota","Davison County",1,23,238,125,113
050,46,035,"South Dakota","Davison County",1,24,246,141,105
050,46,035,"South Dakota","Davison County",1,25,239,132,107
050,46,035,"South Dakota","Davison County",1,26,242,120,122
050,46,035,"South Dakota","Davison County",1,27,270,136,134
050,46,035,"South Dakota","Davison County",1,28,278,143,135
050,46,035,"South Dakota","Davison County",1,29,278,157,121
050,46,035,"South Dakota","Davison County",1,30,225,130,95
050,46,035,"South Dakota","Davison County",1,31,223,128,95
050,46,035,"South Dakota","Davison County",1,32,251,130,121
050,46,035,"South Dakota","Davison County",1,33,257,129,128
050,46,035,"South Dakota","Davison County",1,34,245,120,125
050,46,035,"South Dakota","Davison County",1,35,241,119,122
050,46,035,"South Dakota","Davison County",1,36,242,125,117
050,46,035,"South Dakota","Davison County",1,37,247,126,121
050,46,035,"South Dakota","Davison County",1,38,218,117,101
050,46,035,"South Dakota","Davison County",1,39,235,120,115
050,46,035,"South Dakota","Davison County",1,40,268,142,126
050,46,035,"South Dakota","Davison County",1,41,222,121,101
050,46,035,"South Dakota","Davison County",1,42,237,114,123
050,46,035,"South Dakota","Davison County",1,43,241,125,116
050,46,035,"South Dakota","Davison County",1,44,221,113,108
050,46,035,"South Dakota","Davison County",1,45,216,118,98
050,46,035,"South Dakota","Davison County",1,46,205,112,93
050,46,035,"South Dakota","Davison County",1,47,195,104,91
050,46,035,"South Dakota","Davison County",1,48,206,107,99
050,46,035,"South Dakota","Davison County",1,49,208,98,110
050,46,035,"South Dakota","Davison County",1,50,173,85,88
050,46,035,"South Dakota","Davison County",1,51,185,99,86
050,46,035,"South Dakota","Davison County",1,52,208,114,94
050,46,035,"South Dakota","Davison County",1,53,229,122,107
050,46,035,"South Dakota","Davison County",1,54,232,119,113
050,46,035,"South Dakota","Davison County",1,55,236,119,117
050,46,035,"South Dakota","Davison County",1,56,257,129,128
050,46,035,"South Dakota","Davison County",1,57,269,141,128
050,46,035,"South Dakota","Davison County",1,58,281,147,134
050,46,035,"South Dakota","Davison County",1,59,266,126,140
050,46,035,"South Dakota","Davison County",1,60,290,143,147
050,46,035,"South Dakota","Davison County",1,61,267,135,132
050,46,035,"South Dakota","Davison County",1,62,256,124,132
050,46,035,"South Dakota","Davison County",1,63,261,130,131
050,46,035,"South Dakota","Davison County",1,64,264,128,136
050,46,035,"South Dakota","Davison County",1,65,258,129,129
050,46,035,"South Dakota","Davison County",1,66,262,126,136
050,46,035,"South Dakota","Davison County",1,67,242,113,129
050,46,035,"South Dakota","Davison County",1,68,228,110,118
050,46,035,"South Dakota","Davison County",1,69,216,117,99
050,46,035,"South Dakota","Davison County",1,70,205,104,101
050,46,035,"South Dakota","Davison County",1,71,184,90,94
050,46,035,"South Dakota","Davison County",1,72,180,87,93
050,46,035,"South Dakota","Davison County",1,73,179,91,88
050,46,035,"South Dakota","Davison County",1,74,136,57,79
050,46,035,"South Dakota","Davison County",1,75,148,68,80
050,46,035,"South Dakota","Davison County",1,76,147,66,81
050,46,035,"South Dakota","Davison County",1,77,146,74,72
050,46,035,"South Dakota","Davison County",1,78,119,50,69
050,46,035,"South Dakota","Davison County",1,79,111,48,63
050,46,035,"South Dakota","Davison County",1,80,103,43,60
050,46,035,"South Dakota","Davison County",1,81,99,39,60
050,46,035,"South Dakota","Davison County",1,82,82,28,54
050,46,035,"South Dakota","Davison County",1,83,81,37,44
050,46,035,"South Dakota","Davison County",1,84,94,41,53
050,46,035,"South Dakota","Davison County",1,85,688,188,500
050,46,035,"South Dakota","Davison County",2,0,259,132,127
050,46,035,"South Dakota","Davison County",2,1,242,115,127
050,46,035,"South Dakota","Davison County",2,2,237,118,119
050,46,035,"South Dakota","Davison County",2,3,249,124,125
050,46,035,"South Dakota","Davison County",2,4,256,129,127
050,46,035,"South Dakota","Davison County",2,5,263,137,126
050,46,035,"South Dakota","Davison County",2,6,275,152,123
050,46,035,"South Dakota","Davison County",2,7,259,135,124
050,46,035,"South Dakota","Davison County",2,8,239,124,115
050,46,035,"South Dakota","Davison County",2,9,243,123,120
050,46,035,"South Dakota","Davison County",2,10,269,136,133
050,46,035,"South Dakota","Davison County",2,11,282,143,139
050,46,035,"South Dakota","Davison County",2,12,315,154,161
050,46,035,"South Dakota","Davison County",2,13,311,152,159
050,46,035,"South Dakota","Davison County",2,14,289,154,135
050,46,035,"South Dakota","Davison County",2,15,280,143,137
050,46,035,"South Dakota","Davison County",2,16,272,136,136
050,46,035,"South Dakota","Davison County",2,17,259,130,129
050,46,035,"South Dakota","Davison County",2,18,223,119,104
050,46,035,"South Dakota","Davison County",2,19,229,127,102
050,46,035,"South Dakota","Davison County",2,20,241,131,110
050,46,035,"South Dakota","Davison County",2,21,240,127,113
050,46,035,"South Dakota","Davison County",2,22,243,123,120
050,46,035,"South Dakota","Davison County",2,23,234,122,112
050,46,035,"South Dakota","Davison County",2,24,241,136,105
050,46,035,"South Dakota","Davison County",2,25,237,130,107
050,46,035,"South Dakota","Davison County",2,26,242,123,119
050,46,035,"South Dakota","Davison County",2,27,261,131,130
050,46,035,"South Dakota","Davison County",2,28,274,141,133
050,46,035,"South Dakota","Davison County",2,29,276,154,122
050,46,035,"South Dakota","Davison County",2,30,236,136,100
050,46,035,"South Dakota","Davison County",2,31,223,128,95
050,46,035,"South Dakota","Davison County",2,32,244,129,115
050,46,035,"South Dakota","Davison County",2,33,253,128,125
050,46,035,"South Dakota","Davison County",2,34,247,122,125
050,46,035,"South Dakota","Davison County",2,35,242,120,122
050,46,035,"South Dakota","Davison County",2,36,240,122,118
050,46,035,"South Dakota","Davison County",2,37,247,125,122
050,46,035,"South Dakota","Davison County",2,38,223,119,104
050,46,035,"South Dakota","Davison County",2,39,231,119,112
050,46,035,"South Dakota","Davison County",2,40,260,136,124
050,46,035,"South Dakota","Davison County",2,41,231,124,107
050,46,035,"South Dakota","Davison County",2,42,233,117,116
050,46,035,"South Dakota","Davison County",2,43,246,126,120
050,46,035,"South Dakota","Davison County",2,44,223,114,109
050,46,035,"South Dakota","Davison County",2,45,218,118,100
050,46,035,"South Dakota","Davison County",2,46,205,112,93
050,46,035,"South Dakota","Davison County",2,47,198,105,93
050,46,035,"South Dakota","Davison County",2,48,203,106,97
050,46,035,"South Dakota","Davison County",2,49,208,101,107
050,46,035,"South Dakota","Davison County",2,50,182,89,93
050,46,035,"South Dakota","Davison County",2,51,182,94,88
050,46,035,"South Dakota","Davison County",2,52,199,109,90
050,46,035,"South Dakota","Davison County",2,53,227,120,107
050,46,035,"South Dakota","Davison County",2,54,230,120,110
050,46,035,"South Dakota","Davison County",2,55,236,118,118
050,46,035,"South Dakota","Davison County",2,56,251,127,124
050,46,035,"South Dakota","Davison County",2,57,266,139,127
050,46,035,"South Dakota","Davison County",2,58,276,145,131
050,46,035,"South Dakota","Davison County",2,59,270,130,140
050,46,035,"South Dakota","Davison County",2,60,281,137,144
050,46,035,"South Dakota","Davison County",2,61,272,136,136
050,46,035,"South Dakota","Davison County",2,62,259,128,131
050,46,035,"South Dakota","Davison County",2,63,261,129,132
050,46,035,"South Dakota","Davison County",2,64,259,127,132
050,46,035,"South Dakota","Davison County",2,65,258,129,129
050,46,035,"South Dakota","Davison County",2,66,263,128,135
050,46,035,"South Dakota","Davison County",2,67,249,117,132
050,46,035,"South Dakota","Davison County",2,68,228,109,119
050,46,035,"South Dakota","Davison County",2,69,220,115,105
050,46,035,"South Dakota","Davison County",2,70,209,108,101
050,46,035,"South Dakota","Davison County",2,71,188,95,93
050,46,035,"South Dakota","Davison County",2,72,175,86,89
050,46,035,"South Dakota","Davison County",2,73,188,93,95
050,46,035,"South Dakota","Davison County",2,74,136,60,76
050,46,035,"South Dakota","Davison County",2,75,148,67,81
050,46,035,"South Dakota","Davison County",2,76,146,66,80
050,46,035,"South Dakota","Davison County",2,77,152,75,77
050,46,035,"South Dakota","Davison County",2,78,124,54,70
050,46,035,"South Dakota","Davison County",2,79,111,47,64
050,46,035,"South Dakota","Davison County",2,80,104,44,60
050,46,035,"South Dakota","Davison County",2,81,100,40,60
050,46,035,"South Dakota","Davison County",2,82,85,30,55
050,46,035,"South Dakota","Davison County",2,83,81,36,45
050,46,035,"South Dakota","Davison County",2,84,88,38,50
050,46,035,"South Dakota","Davison County",2,85,701,196,505
050,46,035,"South Dakota","Davison County",3,0,237,134,103
050,46,035,"South Dakota","Davison County",3,1,270,132,138
050,46,035,"South Dakota","Davison County",3,2,240,118,122
050,46,035,"South Dakota","Davison County",3,3,244,121,123
050,46,035,"South Dakota","Davison County",3,4,253,122,131
050,46,035,"South Dakota","Davison County",3,5,256,134,122
050,46,035,"South Dakota","Davison County",3,6,254,131,123
050,46,035,"South Dakota","Davison County",3,7,272,144,128
050,46,035,"South Dakota","Davison County",3,8,262,136,126
050,46,035,"South Dakota","Davison County",3,9,232,117,115
050,46,035,"South Dakota","Davison County",3,10,242,124,118
050,46,035,"South Dakota","Davison County",3,11,258,135,123
050,46,035,"South Dakota","Davison County",3,12,285,139,146
050,46,035,"South Dakota","Davison County",3,13,295,147,148
050,46,035,"South Dakota","Davison County",3,14,317,157,160
050,46,035,"South Dakota","Davison County",3,15,289,149,140
050,46,035,"South Dakota","Davison County",3,16,278,143,135
050,46,035,"South Dakota","Davison County",3,17,272,133,139
050,46,035,"South Dakota","Davison County",3,18,228,122,106
050,46,035,"South Dakota","Davison County",3,19,202,105,97
050,46,035,"South Dakota","Davison County",3,20,243,128,115
050,46,035,"South Dakota","Davison County",3,21,240,125,115
050,46,035,"South Dakota","Davison County",3,22,246,126,120
050,46,035,"South Dakota","Davison County",3,23,241,121,120
050,46,035,"South Dakota","Davison County",3,24,226,120,106
050,46,035,"South Dakota","Davison County",3,25,235,133,102
050,46,035,"South Dakota","Davison County",3,26,249,130,119
050,46,035,"South Dakota","Davison County",3,27,247,124,123
050,46,035,"South Dakota","Davison County",3,28,259,131,128
050,46,035,"South Dakota","Davison County",3,29,262,134,128
050,46,035,"South Dakota","Davison County",3,30,259,145,114
050,46,035,"South Dakota","Davison County",3,31,236,129,107
050,46,035,"South Dakota","Davison County",3,32,225,130,95
050,46,035,"South Dakota","Davison County",3,33,249,136,113
050,46,035,"South Dakota","Davison County",3,34,243,127,116
050,46,035,"South Dakota","Davison County",3,35,241,118,123
050,46,035,"South Dakota","Davison County",3,36,241,122,119
050,46,035,"South Dakota","Davison County",3,37,233,113,120
050,46,035,"South Dakota","Davison County",3,38,250,128,122
050,46,035,"South Dakota","Davison County",3,39,219,119,100
050,46,035,"South Dakota","Davison County",3,40,221,111,110
050,46,035,"South Dakota","Davison County",3,41,249,129,120
050,46,035,"South Dakota","Davison County",3,42,238,121,117
050,46,035,"South Dakota","Davison County",3,43,241,124,117
050,46,035,"South Dakota","Davison County",3,44,249,129,120
050,46,035,"South Dakota","Davison County",3,45,217,113,104
050,46,035,"South Dakota","Davison County",3,46,222,118,104
050,46,035,"South Dakota","Davison County",3,47,217,117,100
050,46,035,"South Dakota","Davison County",3,48,192,103,89
050,46,035,"South Dakota","Davison County",3,49,210,116,94
050,46,035,"South Dakota","Davison County",3,50,214,107,107
050,46,035,"South Dakota","Davison County",3,51,185,85,100
050,46,035,"South Dakota","Davison County",3,52,185,97,88
050,46,035,"South Dakota","Davison County",3,53,209,112,97
050,46,035,"South Dakota","Davison County",3,54,218,120,98
050,46,035,"South Dakota","Davison County",3,55,232,121,111
050,46,035,"South Dakota","Davison County",3,56,229,112,117
050,46,035,"South Dakota","Davison County",3,57,240,120,120
050,46,035,"South Dakota","Davison County",3,58,267,140,127
050,46,035,"South Dakota","Davison County",3,59,278,146,132
050,46,035,"South Dakota","Davison County",3,60,272,129,143
050,46,035,"South Dakota","Davison County",3,61,269,133,136
050,46,035,"South Dakota","Davison County",3,62,276,137,139
050,46,035,"South Dakota","Davison County",3,63,259,127,132
050,46,035,"South Dakota","Davison County",3,64,254,124,130
050,46,035,"South Dakota","Davison County",3,65,255,123,132
050,46,035,"South Dakota","Davison County",3,66,260,127,133
050,46,035,"South Dakota","Davison County",3,67,256,132,124
050,46,035,"South Dakota","Davison County",3,68,247,113,134
050,46,035,"South Dakota","Davison County",3,69,221,105,116
050,46,035,"South Dakota","Davison County",3,70,224,112,112
050,46,035,"South Dakota","Davison County",3,71,201,108,93
050,46,035,"South Dakota","Davison County",3,72,189,95,94
050,46,035,"South Dakota","Davison County",3,73,184,89,95
050,46,035,"South Dakota","Davison County",3,74,182,88,94
050,46,035,"South Dakota","Davison County",3,75,138,64,74
050,46,035,"South Dakota","Davison County",3,76,141,61,80
050,46,035,"South Dakota","Davison County",3,77,141,63,78
050,46,035,"South Dakota","Davison County",3,78,152,74,78
050,46,035,"South Dakota","Davison County",3,79,119,51,68
050,46,035,"South Dakota","Davison County",3,80,105,47,58
050,46,035,"South Dakota","Davison County",3,81,92,36,56
050,46,035,"South Dakota","Davison County",3,82,91,34,57
050,46,035,"South Dakota","Davison County",3,83,87,32,55
050,46,035,"South Dakota","Davison County",3,84,70,25,45
050,46,035,"South Dakota","Davison County",3,85,671,183,488
050,46,035,"South Dakota","Davison County",4,0,227,119,108
050,46,035,"South Dakota","Davison County",4,1,226,132,94
050,46,035,"South Dakota","Davison County",4,2,260,125,135
050,46,035,"South Dakota","Davison County",4,3,235,120,115
050,46,035,"South Dakota","Davison County",4,4,254,130,124
050,46,035,"South Dakota","Davison County",4,5,254,132,122
050,46,035,"South Dakota","Davison County",4,6,260,135,125
050,46,035,"South Dakota","Davison County",4,7,255,134,121
050,46,035,"South Dakota","Davison County",4,8,271,145,126
050,46,035,"South Dakota","Davison County",4,9,257,134,123
050,46,035,"South Dakota","Davison County",4,10,241,125,116
050,46,035,"South Dakota","Davison County",4,11,245,129,116
050,46,035,"South Dakota","Davison County",4,12,265,131,134
050,46,035,"South Dakota","Davison County",4,13,277,137,140
050,46,035,"South Dakota","Davison County",4,14,287,147,140
050,46,035,"South Dakota","Davison County",4,15,323,162,161
050,46,035,"South Dakota","Davison County",4,16,288,154,134
050,46,035,"South Dakota","Davison County",4,17,287,147,140
050,46,035,"South Dakota","Davison County",4,18,233,124,109
050,46,035,"South Dakota","Davison County",4,19,224,125,99
050,46,035,"South Dakota","Davison County",4,20,220,110,110
050,46,035,"South Dakota","Davison County",4,21,240,124,116
050,46,035,"South Dakota","Davison County",4,22,247,130,117
050,46,035,"South Dakota","Davison County",4,23,244,127,117
050,46,035,"South Dakota","Davison County",4,24,243,132,111
050,46,035,"South Dakota","Davison County",4,25,204,106,98
050,46,035,"South Dakota","Davison County",4,26,239,131,108
050,46,035,"South Dakota","Davison County",4,27,237,123,114
050,46,035,"South Dakota","Davison County",4,28,229,119,110
050,46,035,"South Dakota","Davison County",4,29,254,124,130
050,46,035,"South Dakota","Davison County",4,30,258,130,128
050,46,035,"South Dakota","Davison County",4,31,264,146,118
050,46,035,"South Dakota","Davison County",4,32,232,125,107
050,46,035,"South Dakota","Davison County",4,33,220,126,94
050,46,035,"South Dakota","Davison County",4,34,251,135,116
050,46,035,"South Dakota","Davison County",4,35,242,129,113
050,46,035,"South Dakota","Davison County",4,36,237,119,118
050,46,035,"South Dakota","Davison County",4,37,248,127,121
050,46,035,"South Dakota","Davison County",4,38,227,112,115
050,46,035,"South Dakota","Davison County",4,39,241,125,116
050,46,035,"South Dakota","Davison County",4,40,224,121,103
050,46,035,"South Dakota","Davison County",4,41,232,113,119
050,46,035,"South Dakota","Davison County",4,42,259,131,128
050,46,035,"South Dakota","Davison County",4,43,251,133,118
050,46,035,"South Dakota","Davison County",4,44,239,118,121
050,46,035,"South Dakota","Davison County",4,45,246,129,117
050,46,035,"South Dakota","Davison County",4,46,211,111,100
050,46,035,"South Dakota","Davison County",4,47,230,119,111
050,46,035,"South Dakota","Davison County",4,48,217,116,101
050,46,035,"South Dakota","Davison County",4,49,192,104,88
050,46,035,"South Dakota","Davison County",4,50,212,113,99
050,46,035,"South Dakota","Davison County",4,51,212,108,104
050,46,035,"South Dakota","Davison County",4,52,180,82,98
050,46,035,"South Dakota","Davison County",4,53,196,99,97
050,46,035,"South Dakota","Davison County",4,54,203,114,89
050,46,035,"South Dakota","Davison County",4,55,223,120,103
050,46,035,"South Dakota","Davison County",4,56,231,117,114
050,46,035,"South Dakota","Davison County",4,57,234,111,123
050,46,035,"South Dakota","Davison County",4,58,242,125,117
050,46,035,"South Dakota","Davison County",4,59,271,140,131
050,46,035,"South Dakota","Davison County",4,60,280,144,136
050,46,035,"South Dakota","Davison County",4,61,264,130,134
050,46,035,"South Dakota","Davison County",4,62,274,138,136
050,46,035,"South Dakota","Davison County",4,63,276,131,145
050,46,035,"South Dakota","Davison County",4,64,259,130,129
050,46,035,"South Dakota","Davison County",4,65,253,123,130
050,46,035,"South Dakota","Davison County",4,66,255,125,130
050,46,035,"South Dakota","Davison County",4,67,249,123,126
050,46,035,"South Dakota","Davison County",4,68,244,125,119
050,46,035,"South Dakota","Davison County",4,69,246,113,133
050,46,035,"South Dakota","Davison County",4,70,224,103,121
050,46,035,"South Dakota","Davison County",4,71,223,111,112
050,46,035,"South Dakota","Davison County",4,72,200,109,91
050,46,035,"South Dakota","Davison County",4,73,189,93,96
050,46,035,"South Dakota","Davison County",4,74,174,83,91
050,46,035,"South Dakota","Davison County",4,75,178,90,88
050,46,035,"South Dakota","Davison County",4,76,133,58,75
050,46,035,"South Dakota","Davison County",4,77,144,63,81
050,46,035,"South Dakota","Davison County",4,78,138,58,80
050,46,035,"South Dakota","Davison County",4,79,146,71,75
050,46,035,"South Dakota","Davison County",4,80,126,57,69
050,46,035,"South Dakota","Davison County",4,81,99,43,56
050,46,035,"South Dakota","Davison County",4,82,86,34,52
050,46,035,"South Dakota","Davison County",4,83,91,38,53
050,46,035,"South Dakota","Davison County",4,84,75,23,52
050,46,035,"South Dakota","Davison County",4,85,630,169,461
050,46,035,"South Dakota","Davison County",5,0,229,121,108
050,46,035,"South Dakota","Davison County",5,1,234,120,114
050,46,035,"South Dakota","Davison County",5,2,226,132,94
050,46,035,"South Dakota","Davison County",5,3,261,129,132
050,46,035,"South Dakota","Davison County",5,4,227,116,111
050,46,035,"South Dakota","Davison County",5,5,253,127,126
050,46,035,"South Dakota","Davison County",5,6,246,128,118
050,46,035,"South Dakota","Davison County",5,7,261,138,123
050,46,035,"South Dakota","Davison County",5,8,252,129,123
050,46,035,"South Dakota","Davison County",5,9,263,142,121
050,46,035,"South Dakota","Davison County",5,10,260,133,127
050,46,035,"South Dakota","Davison County",5,11,248,121,127
050,46,035,"South Dakota","Davison County",5,12,244,127,117
050,46,035,"South Dakota","Davison County",5,13,263,130,133
050,46,035,"South Dakota","Davison County",5,14,264,132,132
050,46,035,"South Dakota","Davison County",5,15,297,149,148
050,46,035,"South Dakota","Davison County",5,16,304,152,152
050,46,035,"South Dakota","Davison County",5,17,297,151,146
050,46,035,"South Dakota","Davison County",5,18,249,136,113
050,46,035,"South Dakota","Davison County",5,19,225,124,101
050,46,035,"South Dakota","Davison County",5,20,243,126,117
050,46,035,"South Dakota","Davison County",5,21,221,117,104
050,46,035,"South Dakota","Davison County",5,22,253,135,118
050,46,035,"South Dakota","Davison County",5,23,252,138,114
050,46,035,"South Dakota","Davison County",5,24,276,163,113
050,46,035,"South Dakota","Davison County",5,25,251,139,112
050,46,035,"South Dakota","Davison County",5,26,191,104,87
050,46,035,"South Dakota","Davison County",5,27,244,135,109
050,46,035,"South Dakota","Davison County",5,28,206,105,101
050,46,035,"South Dakota","Davison County",5,29,227,125,102
050,46,035,"South Dakota","Davison County",5,30,244,123,121
050,46,035,"South Dakota","Davison County",5,31,251,125,126
050,46,035,"South Dakota","Davison County",5,32,262,147,115
050,46,035,"South Dakota","Davison County",5,33,238,125,113
050,46,035,"South Dakota","Davison County",5,34,215,124,91
050,46,035,"South Dakota","Davison County",5,35,252,135,117
050,46,035,"South Dakota","Davison County",5,36,230,123,107
050,46,035,"South Dakota","Davison County",5,37,247,119,128
050,46,035,"South Dakota","Davison County",5,38,240,127,113
050,46,035,"South Dakota","Davison County",5,39,229,114,115
050,46,035,"South Dakota","Davison County",5,40,247,129,118
050,46,035,"South Dakota","Davison County",5,41,227,119,108
050,46,035,"South Dakota","Davison County",5,42,227,114,113
050,46,035,"South Dakota","Davison County",5,43,270,137,133
050,46,035,"South Dakota","Davison County",5,44,241,128,113
050,46,035,"South Dakota","Davison County",5,45,234,119,115
050,46,035,"South Dakota","Davison County",5,46,245,129,116
050,46,035,"South Dakota","Davison County",5,47,208,112,96
050,46,035,"South Dakota","Davison County",5,48,226,117,109
050,46,035,"South Dakota","Davison County",5,49,217,115,102
050,46,035,"South Dakota","Davison County",5,50,195,107,88
050,46,035,"South Dakota","Davison County",5,51,215,112,103
050,46,035,"South Dakota","Davison County",5,52,213,105,108
050,46,035,"South Dakota","Davison County",5,53,185,84,101
050,46,035,"South Dakota","Davison County",5,54,194,99,95
050,46,035,"South Dakota","Davison County",5,55,200,110,90
050,46,035,"South Dakota","Davison County",5,56,217,117,100
050,46,035,"South Dakota","Davison County",5,57,230,118,112
050,46,035,"South Dakota","Davison County",5,58,232,114,118
050,46,035,"South Dakota","Davison County",5,59,247,122,125
050,46,035,"South Dakota","Davison County",5,60,263,136,127
050,46,035,"South Dakota","Davison County",5,61,274,142,132
050,46,035,"South Dakota","Davison County",5,62,270,134,136
050,46,035,"South Dakota","Davison County",5,63,277,141,136
050,46,035,"South Dakota","Davison County",5,64,273,136,137
050,46,035,"South Dakota","Davison County",5,65,253,129,124
050,46,035,"South Dakota","Davison County",5,66,253,119,134
050,46,035,"South Dakota","Davison County",5,67,250,125,125
050,46,035,"South Dakota","Davison County",5,68,250,124,126
050,46,035,"South Dakota","Davison County",5,69,242,124,118
050,46,035,"South Dakota","Davison County",5,70,248,110,138
050,46,035,"South Dakota","Davison County",5,71,215,102,113
050,46,035,"South Dakota","Davison County",5,72,219,109,110
050,46,035,"South Dakota","Davison County",5,73,202,107,95
050,46,035,"South Dakota","Davison County",5,74,184,89,95
050,46,035,"South Dakota","Davison County",5,75,176,87,89
050,46,035,"South Dakota","Davison County",5,76,168,77,91
050,46,035,"South Dakota","Davison County",5,77,136,60,76
050,46,035,"South Dakota","Davison County",5,78,145,60,85
050,46,035,"South Dakota","Davison County",5,79,131,55,76
050,46,035,"South Dakota","Davison County",5,80,145,71,74
050,46,035,"South Dakota","Davison County",5,81,121,53,68
050,46,035,"South Dakota","Davison County",5,82,97,42,55
050,46,035,"South Dakota","Davison County",5,83,86,39,47
050,46,035,"South Dakota","Davison County",5,84,84,30,54
050,46,035,"South Dakota","Davison County",5,85,615,161,454
050,46,037,"South Dakota","Day County",1,0,62,32,30
050,46,037,"South Dakota","Day County",1,1,66,35,31
050,46,037,"South Dakota","Day County",1,2,58,33,25
050,46,037,"South Dakota","Day County",1,3,44,19,25
050,46,037,"South Dakota","Day County",1,4,52,22,30
050,46,037,"South Dakota","Day County",1,5,67,29,38
050,46,037,"South Dakota","Day County",1,6,58,23,35
050,46,037,"South Dakota","Day County",1,7,66,29,37
050,46,037,"South Dakota","Day County",1,8,78,41,37
050,46,037,"South Dakota","Day County",1,9,81,40,41
050,46,037,"South Dakota","Day County",1,10,78,38,40
050,46,037,"South Dakota","Day County",1,11,71,31,40
050,46,037,"South Dakota","Day County",1,12,87,48,39
050,46,037,"South Dakota","Day County",1,13,89,51,38
050,46,037,"South Dakota","Day County",1,14,62,31,31
050,46,037,"South Dakota","Day County",1,15,67,38,29
050,46,037,"South Dakota","Day County",1,16,75,38,37
050,46,037,"South Dakota","Day County",1,17,72,38,34
050,46,037,"South Dakota","Day County",1,18,62,33,29
050,46,037,"South Dakota","Day County",1,19,43,24,19
050,46,037,"South Dakota","Day County",1,20,46,26,20
050,46,037,"South Dakota","Day County",1,21,49,25,24
050,46,037,"South Dakota","Day County",1,22,51,23,28
050,46,037,"South Dakota","Day County",1,23,49,23,26
050,46,037,"South Dakota","Day County",1,24,40,20,20
050,46,037,"South Dakota","Day County",1,25,49,29,20
050,46,037,"South Dakota","Day County",1,26,48,28,20
050,46,037,"South Dakota","Day County",1,27,50,28,22
050,46,037,"South Dakota","Day County",1,28,49,26,23
050,46,037,"South Dakota","Day County",1,29,56,27,29
050,46,037,"South Dakota","Day County",1,30,48,24,24
050,46,037,"South Dakota","Day County",1,31,46,23,23
050,46,037,"South Dakota","Day County",1,32,62,29,33
050,46,037,"South Dakota","Day County",1,33,53,27,26
050,46,037,"South Dakota","Day County",1,34,48,28,20
050,46,037,"South Dakota","Day County",1,35,53,28,25
050,46,037,"South Dakota","Day County",1,36,45,28,17
050,46,037,"South Dakota","Day County",1,37,56,34,22
050,46,037,"South Dakota","Day County",1,38,53,24,29
050,46,037,"South Dakota","Day County",1,39,64,31,33
050,46,037,"South Dakota","Day County",1,40,54,26,28
050,46,037,"South Dakota","Day County",1,41,66,33,33
050,46,037,"South Dakota","Day County",1,42,68,33,35
050,46,037,"South Dakota","Day County",1,43,49,29,20
050,46,037,"South Dakota","Day County",1,44,44,25,19
050,46,037,"South Dakota","Day County",1,45,48,26,22
050,46,037,"South Dakota","Day County",1,46,54,30,24
050,46,037,"South Dakota","Day County",1,47,52,29,23
050,46,037,"South Dakota","Day County",1,48,54,33,21
050,46,037,"South Dakota","Day County",1,49,53,30,23
050,46,037,"South Dakota","Day County",1,50,55,32,23
050,46,037,"South Dakota","Day County",1,51,55,27,28
050,46,037,"South Dakota","Day County",1,52,51,26,25
050,46,037,"South Dakota","Day County",1,53,63,29,34
050,46,037,"South Dakota","Day County",1,54,63,29,34
050,46,037,"South Dakota","Day County",1,55,61,31,30
050,46,037,"South Dakota","Day County",1,56,71,36,35
050,46,037,"South Dakota","Day County",1,57,86,45,41
050,46,037,"South Dakota","Day County",1,58,97,50,47
050,46,037,"South Dakota","Day County",1,59,77,38,39
050,46,037,"South Dakota","Day County",1,60,90,45,45
050,46,037,"South Dakota","Day County",1,61,88,45,43
050,46,037,"South Dakota","Day County",1,62,98,47,51
050,46,037,"South Dakota","Day County",1,63,99,55,44
050,46,037,"South Dakota","Day County",1,64,96,58,38
050,46,037,"South Dakota","Day County",1,65,88,47,41
050,46,037,"South Dakota","Day County",1,66,96,53,43
050,46,037,"South Dakota","Day County",1,67,84,48,36
050,46,037,"South Dakota","Day County",1,68,87,49,38
050,46,037,"South Dakota","Day County",1,69,81,44,37
050,46,037,"South Dakota","Day County",1,70,83,41,42
050,46,037,"South Dakota","Day County",1,71,77,33,44
050,46,037,"South Dakota","Day County",1,72,77,41,36
050,46,037,"South Dakota","Day County",1,73,72,40,32
050,46,037,"South Dakota","Day County",1,74,52,28,24
050,46,037,"South Dakota","Day County",1,75,54,24,30
050,46,037,"South Dakota","Day County",1,76,54,29,25
050,46,037,"South Dakota","Day County",1,77,51,27,24
050,46,037,"South Dakota","Day County",1,78,45,23,22
050,46,037,"South Dakota","Day County",1,79,31,13,18
050,46,037,"South Dakota","Day County",1,80,30,13,17
050,46,037,"South Dakota","Day County",1,81,33,20,13
050,46,037,"South Dakota","Day County",1,82,31,17,14
050,46,037,"South Dakota","Day County",1,83,33,17,16
050,46,037,"South Dakota","Day County",1,84,35,15,20
050,46,037,"South Dakota","Day County",1,85,214,75,139
050,46,037,"South Dakota","Day County",2,0,64,36,28
050,46,037,"South Dakota","Day County",2,1,64,34,30
050,46,037,"South Dakota","Day County",2,2,60,34,26
050,46,037,"South Dakota","Day County",2,3,48,22,26
050,46,037,"South Dakota","Day County",2,4,50,21,29
050,46,037,"South Dakota","Day County",2,5,64,28,36
050,46,037,"South Dakota","Day County",2,6,60,24,36
050,46,037,"South Dakota","Day County",2,7,64,28,36
050,46,037,"South Dakota","Day County",2,8,74,37,37
050,46,037,"South Dakota","Day County",2,9,79,39,40
050,46,037,"South Dakota","Day County",2,10,79,38,41
050,46,037,"South Dakota","Day County",2,11,72,32,40
050,46,037,"South Dakota","Day County",2,12,84,45,39
050,46,037,"South Dakota","Day County",2,13,88,50,38
050,46,037,"South Dakota","Day County",2,14,68,35,33
050,46,037,"South Dakota","Day County",2,15,65,36,29
050,46,037,"South Dakota","Day County",2,16,72,37,35
050,46,037,"South Dakota","Day County",2,17,72,37,35
050,46,037,"South Dakota","Day County",2,18,61,33,28
050,46,037,"South Dakota","Day County",2,19,45,25,20
050,46,037,"South Dakota","Day County",2,20,45,26,19
050,46,037,"South Dakota","Day County",2,21,50,26,24
050,46,037,"South Dakota","Day County",2,22,51,23,28
050,46,037,"South Dakota","Day County",2,23,49,22,27
050,46,037,"South Dakota","Day County",2,24,40,20,20
050,46,037,"South Dakota","Day County",2,25,48,28,20
050,46,037,"South Dakota","Day County",2,26,48,28,20
050,46,037,"South Dakota","Day County",2,27,51,28,23
050,46,037,"South Dakota","Day County",2,28,51,28,23
050,46,037,"South Dakota","Day County",2,29,54,26,28
050,46,037,"South Dakota","Day County",2,30,49,25,24
050,46,037,"South Dakota","Day County",2,31,47,24,23
050,46,037,"South Dakota","Day County",2,32,58,28,30
050,46,037,"South Dakota","Day County",2,33,55,28,27
050,46,037,"South Dakota","Day County",2,34,49,28,21
050,46,037,"South Dakota","Day County",2,35,52,28,24
050,46,037,"South Dakota","Day County",2,36,46,27,19
050,46,037,"South Dakota","Day County",2,37,51,31,20
050,46,037,"South Dakota","Day County",2,38,54,26,28
050,46,037,"South Dakota","Day County",2,39,61,28,33
050,46,037,"South Dakota","Day County",2,40,56,27,29
050,46,037,"South Dakota","Day County",2,41,62,31,31
050,46,037,"South Dakota","Day County",2,42,66,33,33
050,46,037,"South Dakota","Day County",2,43,53,29,24
050,46,037,"South Dakota","Day County",2,44,45,26,19
050,46,037,"South Dakota","Day County",2,45,46,25,21
050,46,037,"South Dakota","Day County",2,46,52,29,23
050,46,037,"South Dakota","Day County",2,47,54,30,24
050,46,037,"South Dakota","Day County",2,48,53,32,21
050,46,037,"South Dakota","Day County",2,49,54,31,23
050,46,037,"South Dakota","Day County",2,50,53,30,23
050,46,037,"South Dakota","Day County",2,51,55,28,27
050,46,037,"South Dakota","Day County",2,52,53,27,26
050,46,037,"South Dakota","Day County",2,53,60,28,32
050,46,037,"South Dakota","Day County",2,54,62,28,34
050,46,037,"South Dakota","Day County",2,55,62,31,31
050,46,037,"South Dakota","Day County",2,56,69,35,34
050,46,037,"South Dakota","Day County",2,57,84,44,40
050,46,037,"South Dakota","Day County",2,58,94,49,45
050,46,037,"South Dakota","Day County",2,59,83,41,42
050,46,037,"South Dakota","Day County",2,60,87,43,44
050,46,037,"South Dakota","Day County",2,61,88,45,43
050,46,037,"South Dakota","Day County",2,62,95,46,49
050,46,037,"South Dakota","Day County",2,63,100,54,46
050,46,037,"South Dakota","Day County",2,64,97,57,40
050,46,037,"South Dakota","Day County",2,65,91,50,41
050,46,037,"South Dakota","Day County",2,66,95,52,43
050,46,037,"South Dakota","Day County",2,67,88,50,38
050,46,037,"South Dakota","Day County",2,68,84,48,36
050,46,037,"South Dakota","Day County",2,69,83,45,38
050,46,037,"South Dakota","Day County",2,70,81,40,41
050,46,037,"South Dakota","Day County",2,71,79,35,44
050,46,037,"South Dakota","Day County",2,72,76,39,37
050,46,037,"South Dakota","Day County",2,73,77,43,34
050,46,037,"South Dakota","Day County",2,74,53,28,25
050,46,037,"South Dakota","Day County",2,75,52,24,28
050,46,037,"South Dakota","Day County",2,76,54,28,26
050,46,037,"South Dakota","Day County",2,77,54,29,25
050,46,037,"South Dakota","Day County",2,78,45,23,22
050,46,037,"South Dakota","Day County",2,79,34,15,19
050,46,037,"South Dakota","Day County",2,80,30,13,17
050,46,037,"South Dakota","Day County",2,81,32,18,14
050,46,037,"South Dakota","Day County",2,82,32,18,14
050,46,037,"South Dakota","Day County",2,83,31,17,14
050,46,037,"South Dakota","Day County",2,84,34,15,19
050,46,037,"South Dakota","Day County",2,85,214,75,139
050,46,037,"South Dakota","Day County",3,0,36,20,16
050,46,037,"South Dakota","Day County",3,1,74,45,29
050,46,037,"South Dakota","Day County",3,2,70,37,33
050,46,037,"South Dakota","Day County",3,3,66,38,28
050,46,037,"South Dakota","Day County",3,4,46,21,25
050,46,037,"South Dakota","Day County",3,5,57,28,29
050,46,037,"South Dakota","Day County",3,6,64,29,35
050,46,037,"South Dakota","Day County",3,7,58,21,37
050,46,037,"South Dakota","Day County",3,8,62,27,35
050,46,037,"South Dakota","Day County",3,9,76,37,39
050,46,037,"South Dakota","Day County",3,10,80,42,38
050,46,037,"South Dakota","Day County",3,11,79,40,39
050,46,037,"South Dakota","Day County",3,12,71,33,38
050,46,037,"South Dakota","Day County",3,13,84,44,40
050,46,037,"South Dakota","Day County",3,14,84,48,36
050,46,037,"South Dakota","Day County",3,15,69,35,34
050,46,037,"South Dakota","Day County",3,16,69,38,31
050,46,037,"South Dakota","Day County",3,17,71,35,36
050,46,037,"South Dakota","Day County",3,18,66,35,31
050,46,037,"South Dakota","Day County",3,19,46,25,21
050,46,037,"South Dakota","Day County",3,20,50,27,23
050,46,037,"South Dakota","Day County",3,21,40,23,17
050,46,037,"South Dakota","Day County",3,22,55,26,29
050,46,037,"South Dakota","Day County",3,23,49,26,23
050,46,037,"South Dakota","Day County",3,24,45,24,21
050,46,037,"South Dakota","Day County",3,25,43,24,19
050,46,037,"South Dakota","Day County",3,26,50,30,20
050,46,037,"South Dakota","Day County",3,27,46,26,20
050,46,037,"South Dakota","Day County",3,28,52,25,27
050,46,037,"South Dakota","Day County",3,29,53,29,24
050,46,037,"South Dakota","Day County",3,30,52,23,29
050,46,037,"South Dakota","Day County",3,31,50,25,25
050,46,037,"South Dakota","Day County",3,32,46,24,22
050,46,037,"South Dakota","Day County",3,33,60,29,31
050,46,037,"South Dakota","Day County",3,34,52,26,26
050,46,037,"South Dakota","Day County",3,35,48,27,21
050,46,037,"South Dakota","Day County",3,36,52,28,24
050,46,037,"South Dakota","Day County",3,37,50,31,19
050,46,037,"South Dakota","Day County",3,38,55,35,20
050,46,037,"South Dakota","Day County",3,39,53,26,27
050,46,037,"South Dakota","Day County",3,40,58,28,30
050,46,037,"South Dakota","Day County",3,41,58,27,31
050,46,037,"South Dakota","Day County",3,42,61,30,31
050,46,037,"South Dakota","Day County",3,43,73,35,38
050,46,037,"South Dakota","Day County",3,44,55,29,26
050,46,037,"South Dakota","Day County",3,45,43,25,18
050,46,037,"South Dakota","Day County",3,46,45,24,21
050,46,037,"South Dakota","Day County",3,47,49,27,22
050,46,037,"South Dakota","Day County",3,48,52,29,23
050,46,037,"South Dakota","Day County",3,49,52,32,20
050,46,037,"South Dakota","Day County",3,50,58,35,23
050,46,037,"South Dakota","Day County",3,51,53,30,23
050,46,037,"South Dakota","Day County",3,52,55,27,28
050,46,037,"South Dakota","Day County",3,53,52,27,25
050,46,037,"South Dakota","Day County",3,54,63,29,34
050,46,037,"South Dakota","Day County",3,55,62,28,34
050,46,037,"South Dakota","Day County",3,56,68,30,38
050,46,037,"South Dakota","Day County",3,57,69,35,34
050,46,037,"South Dakota","Day County",3,58,85,45,40
050,46,037,"South Dakota","Day County",3,59,93,48,45
050,46,037,"South Dakota","Day County",3,60,87,42,45
050,46,037,"South Dakota","Day County",3,61,91,49,42
050,46,037,"South Dakota","Day County",3,62,88,43,45
050,46,037,"South Dakota","Day County",3,63,98,49,49
050,46,037,"South Dakota","Day County",3,64,105,57,48
050,46,037,"South Dakota","Day County",3,65,90,51,39
050,46,037,"South Dakota","Day County",3,66,86,48,38
050,46,037,"South Dakota","Day County",3,67,95,49,46
050,46,037,"South Dakota","Day County",3,68,87,51,36
050,46,037,"South Dakota","Day County",3,69,85,48,37
050,46,037,"South Dakota","Day County",3,70,80,45,35
050,46,037,"South Dakota","Day County",3,71,77,38,39
050,46,037,"South Dakota","Day County",3,72,77,35,42
050,46,037,"South Dakota","Day County",3,73,70,37,33
050,46,037,"South Dakota","Day County",3,74,74,40,34
050,46,037,"South Dakota","Day County",3,75,52,27,25
050,46,037,"South Dakota","Day County",3,76,50,25,25
050,46,037,"South Dakota","Day County",3,77,48,24,24
050,46,037,"South Dakota","Day County",3,78,47,22,25
050,46,037,"South Dakota","Day County",3,79,43,22,21
050,46,037,"South Dakota","Day County",3,80,32,15,17
050,46,037,"South Dakota","Day County",3,81,28,12,16
050,46,037,"South Dakota","Day County",3,82,34,18,16
050,46,037,"South Dakota","Day County",3,83,34,20,14
050,46,037,"South Dakota","Day County",3,84,29,13,16
050,46,037,"South Dakota","Day County",3,85,206,68,138
050,46,037,"South Dakota","Day County",4,0,45,24,21
050,46,037,"South Dakota","Day County",4,1,38,18,20
050,46,037,"South Dakota","Day County",4,2,77,44,33
050,46,037,"South Dakota","Day County",4,3,73,40,33
050,46,037,"South Dakota","Day County",4,4,67,39,28
050,46,037,"South Dakota","Day County",4,5,50,24,26
050,46,037,"South Dakota","Day County",4,6,60,30,30
050,46,037,"South Dakota","Day County",4,7,76,31,45
050,46,037,"South Dakota","Day County",4,8,63,23,40
050,46,037,"South Dakota","Day County",4,9,65,24,41
050,46,037,"South Dakota","Day County",4,10,79,38,41
050,46,037,"South Dakota","Day County",4,11,80,41,39
050,46,037,"South Dakota","Day County",4,12,75,36,39
050,46,037,"South Dakota","Day County",4,13,69,34,35
050,46,037,"South Dakota","Day County",4,14,81,45,36
050,46,037,"South Dakota","Day County",4,15,87,48,39
050,46,037,"South Dakota","Day County",4,16,66,35,31
050,46,037,"South Dakota","Day County",4,17,69,39,30
050,46,037,"South Dakota","Day County",4,18,59,32,27
050,46,037,"South Dakota","Day County",4,19,47,24,23
050,46,037,"South Dakota","Day County",4,20,53,29,24
050,46,037,"South Dakota","Day County",4,21,45,25,20
050,46,037,"South Dakota","Day County",4,22,43,25,18
050,46,037,"South Dakota","Day County",4,23,60,28,32
050,46,037,"South Dakota","Day County",4,24,53,30,23
050,46,037,"South Dakota","Day County",4,25,40,19,21
050,46,037,"South Dakota","Day County",4,26,42,23,19
050,46,037,"South Dakota","Day County",4,27,47,31,16
050,46,037,"South Dakota","Day County",4,28,49,26,23
050,46,037,"South Dakota","Day County",4,29,56,28,28
050,46,037,"South Dakota","Day County",4,30,55,30,25
050,46,037,"South Dakota","Day County",4,31,57,27,30
050,46,037,"South Dakota","Day County",4,32,51,24,27
050,46,037,"South Dakota","Day County",4,33,50,28,22
050,46,037,"South Dakota","Day County",4,34,63,31,32
050,46,037,"South Dakota","Day County",4,35,53,26,27
050,46,037,"South Dakota","Day County",4,36,51,29,22
050,46,037,"South Dakota","Day County",4,37,61,38,23
050,46,037,"South Dakota","Day County",4,38,58,35,23
050,46,037,"South Dakota","Day County",4,39,53,35,18
050,46,037,"South Dakota","Day County",4,40,53,23,30
050,46,037,"South Dakota","Day County",4,41,58,29,29
050,46,037,"South Dakota","Day County",4,42,58,26,32
050,46,037,"South Dakota","Day County",4,43,60,30,30
050,46,037,"South Dakota","Day County",4,44,67,33,34
050,46,037,"South Dakota","Day County",4,45,55,30,25
050,46,037,"South Dakota","Day County",4,46,45,24,21
050,46,037,"South Dakota","Day County",4,47,44,23,21
050,46,037,"South Dakota","Day County",4,48,52,29,23
050,46,037,"South Dakota","Day County",4,49,54,28,26
050,46,037,"South Dakota","Day County",4,50,53,33,20
050,46,037,"South Dakota","Day County",4,51,56,33,23
050,46,037,"South Dakota","Day County",4,52,57,30,27
050,46,037,"South Dakota","Day County",4,53,56,26,30
050,46,037,"South Dakota","Day County",4,54,54,27,27
050,46,037,"South Dakota","Day County",4,55,70,32,38
050,46,037,"South Dakota","Day County",4,56,62,28,34
050,46,037,"South Dakota","Day County",4,57,72,33,39
050,46,037,"South Dakota","Day County",4,58,64,35,29
050,46,037,"South Dakota","Day County",4,59,85,45,40
050,46,037,"South Dakota","Day County",4,60,96,48,48
050,46,037,"South Dakota","Day County",4,61,94,49,45
050,46,037,"South Dakota","Day County",4,62,84,45,39
050,46,037,"South Dakota","Day County",4,63,92,43,49
050,46,037,"South Dakota","Day County",4,64,97,49,48
050,46,037,"South Dakota","Day County",4,65,103,54,49
050,46,037,"South Dakota","Day County",4,66,93,54,39
050,46,037,"South Dakota","Day County",4,67,87,49,38
050,46,037,"South Dakota","Day County",4,68,88,49,39
050,46,037,"South Dakota","Day County",4,69,91,54,37
050,46,037,"South Dakota","Day County",4,70,81,45,36
050,46,037,"South Dakota","Day County",4,71,83,47,36
050,46,037,"South Dakota","Day County",4,72,77,38,39
050,46,037,"South Dakota","Day County",4,73,70,31,39
050,46,037,"South Dakota","Day County",4,74,69,38,31
050,46,037,"South Dakota","Day County",4,75,73,39,34
050,46,037,"South Dakota","Day County",4,76,55,29,26
050,46,037,"South Dakota","Day County",4,77,47,25,22
050,46,037,"South Dakota","Day County",4,78,49,24,25
050,46,037,"South Dakota","Day County",4,79,43,19,24
050,46,037,"South Dakota","Day County",4,80,42,22,20
050,46,037,"South Dakota","Day County",4,81,32,14,18
050,46,037,"South Dakota","Day County",4,82,28,11,17
050,46,037,"South Dakota","Day County",4,83,39,21,18
050,46,037,"South Dakota","Day County",4,84,33,15,18
050,46,037,"South Dakota","Day County",4,85,188,60,128
050,46,037,"South Dakota","Day County",5,0,46,24,22
050,46,037,"South Dakota","Day County",5,1,45,24,21
050,46,037,"South Dakota","Day County",5,2,39,21,18
050,46,037,"South Dakota","Day County",5,3,68,36,32
050,46,037,"South Dakota","Day County",5,4,78,43,35
050,46,037,"South Dakota","Day County",5,5,69,39,30
050,46,037,"South Dakota","Day County",5,6,52,25,27
050,46,037,"South Dakota","Day County",5,7,64,34,30
050,46,037,"South Dakota","Day County",5,8,76,32,44
050,46,037,"South Dakota","Day County",5,9,62,23,39
050,46,037,"South Dakota","Day County",5,10,65,24,41
050,46,037,"South Dakota","Day County",5,11,80,37,43
050,46,037,"South Dakota","Day County",5,12,81,44,37
050,46,037,"South Dakota","Day County",5,13,75,38,37
050,46,037,"South Dakota","Day County",5,14,71,34,37
050,46,037,"South Dakota","Day County",5,15,79,45,34
050,46,037,"South Dakota","Day County",5,16,85,45,40
050,46,037,"South Dakota","Day County",5,17,67,33,34
050,46,037,"South Dakota","Day County",5,18,59,33,26
050,46,037,"South Dakota","Day County",5,19,49,27,22
050,46,037,"South Dakota","Day County",5,20,53,26,27
050,46,037,"South Dakota","Day County",5,21,57,31,26
050,46,037,"South Dakota","Day County",5,22,52,26,26
050,46,037,"South Dakota","Day County",5,23,43,27,16
050,46,037,"South Dakota","Day County",5,24,59,30,29
050,46,037,"South Dakota","Day County",5,25,44,22,22
050,46,037,"South Dakota","Day County",5,26,39,16,23
050,46,037,"South Dakota","Day County",5,27,42,26,16
050,46,037,"South Dakota","Day County",5,28,44,28,16
050,46,037,"South Dakota","Day County",5,29,45,23,22
050,46,037,"South Dakota","Day County",5,30,57,26,31
050,46,037,"South Dakota","Day County",5,31,53,27,26
050,46,037,"South Dakota","Day County",5,32,50,22,28
050,46,037,"South Dakota","Day County",5,33,54,27,27
050,46,037,"South Dakota","Day County",5,34,51,28,23
050,46,037,"South Dakota","Day County",5,35,57,27,30
050,46,037,"South Dakota","Day County",5,36,59,31,28
050,46,037,"South Dakota","Day County",5,37,57,35,22
050,46,037,"South Dakota","Day County",5,38,59,36,23
050,46,037,"South Dakota","Day County",5,39,57,34,23
050,46,037,"South Dakota","Day County",5,40,54,36,18
050,46,037,"South Dakota","Day County",5,41,54,24,30
050,46,037,"South Dakota","Day County",5,42,59,29,30
050,46,037,"South Dakota","Day County",5,43,58,25,33
050,46,037,"South Dakota","Day County",5,44,63,33,30
050,46,037,"South Dakota","Day County",5,45,68,34,34
050,46,037,"South Dakota","Day County",5,46,55,30,25
050,46,037,"South Dakota","Day County",5,47,45,25,20
050,46,037,"South Dakota","Day County",5,48,43,23,20
050,46,037,"South Dakota","Day County",5,49,49,27,22
050,46,037,"South Dakota","Day County",5,50,55,28,27
050,46,037,"South Dakota","Day County",5,51,55,35,20
050,46,037,"South Dakota","Day County",5,52,58,32,26
050,46,037,"South Dakota","Day County",5,53,62,33,29
050,46,037,"South Dakota","Day County",5,54,57,26,31
050,46,037,"South Dakota","Day County",5,55,56,29,27
050,46,037,"South Dakota","Day County",5,56,68,31,37
050,46,037,"South Dakota","Day County",5,57,61,27,34
050,46,037,"South Dakota","Day County",5,58,69,31,38
050,46,037,"South Dakota","Day County",5,59,64,35,29
050,46,037,"South Dakota","Day County",5,60,84,44,40
050,46,037,"South Dakota","Day County",5,61,99,50,49
050,46,037,"South Dakota","Day County",5,62,96,48,48
050,46,037,"South Dakota","Day County",5,63,87,46,41
050,46,037,"South Dakota","Day County",5,64,94,46,48
050,46,037,"South Dakota","Day County",5,65,100,50,50
050,46,037,"South Dakota","Day County",5,66,101,55,46
050,46,037,"South Dakota","Day County",5,67,95,54,41
050,46,037,"South Dakota","Day County",5,68,81,46,35
050,46,037,"South Dakota","Day County",5,69,88,49,39
050,46,037,"South Dakota","Day County",5,70,84,52,32
050,46,037,"South Dakota","Day County",5,71,79,44,35
050,46,037,"South Dakota","Day County",5,72,84,48,36
050,46,037,"South Dakota","Day County",5,73,75,37,38
050,46,037,"South Dakota","Day County",5,74,69,31,38
050,46,037,"South Dakota","Day County",5,75,67,36,31
050,46,037,"South Dakota","Day County",5,76,73,38,35
050,46,037,"South Dakota","Day County",5,77,51,27,24
050,46,037,"South Dakota","Day County",5,78,46,24,22
050,46,037,"South Dakota","Day County",5,79,41,19,22
050,46,037,"South Dakota","Day County",5,80,42,20,22
050,46,037,"South Dakota","Day County",5,81,40,20,20
050,46,037,"South Dakota","Day County",5,82,33,14,19
050,46,037,"South Dakota","Day County",5,83,31,14,17
050,46,037,"South Dakota","Day County",5,84,34,15,19
050,46,037,"South Dakota","Day County",5,85,182,59,123
050,46,039,"South Dakota","Deuel County",1,0,55,30,25
050,46,039,"South Dakota","Deuel County",1,1,46,26,20
050,46,039,"South Dakota","Deuel County",1,2,57,23,34
050,46,039,"South Dakota","Deuel County",1,3,54,28,26
050,46,039,"South Dakota","Deuel County",1,4,54,30,24
050,46,039,"South Dakota","Deuel County",1,5,52,30,22
050,46,039,"South Dakota","Deuel County",1,6,62,33,29
050,46,039,"South Dakota","Deuel County",1,7,56,31,25
050,46,039,"South Dakota","Deuel County",1,8,54,26,28
050,46,039,"South Dakota","Deuel County",1,9,58,29,29
050,46,039,"South Dakota","Deuel County",1,10,51,27,24
050,46,039,"South Dakota","Deuel County",1,11,71,36,35
050,46,039,"South Dakota","Deuel County",1,12,65,36,29
050,46,039,"South Dakota","Deuel County",1,13,65,36,29
050,46,039,"South Dakota","Deuel County",1,14,59,33,26
050,46,039,"South Dakota","Deuel County",1,15,64,35,29
050,46,039,"South Dakota","Deuel County",1,16,58,35,23
050,46,039,"South Dakota","Deuel County",1,17,60,34,26
050,46,039,"South Dakota","Deuel County",1,18,43,22,21
050,46,039,"South Dakota","Deuel County",1,19,37,20,17
050,46,039,"South Dakota","Deuel County",1,20,40,24,16
050,46,039,"South Dakota","Deuel County",1,21,40,23,17
050,46,039,"South Dakota","Deuel County",1,22,32,15,17
050,46,039,"South Dakota","Deuel County",1,23,41,22,19
050,46,039,"South Dakota","Deuel County",1,24,38,16,22
050,46,039,"South Dakota","Deuel County",1,25,44,22,22
050,46,039,"South Dakota","Deuel County",1,26,39,18,21
050,46,039,"South Dakota","Deuel County",1,27,41,19,22
050,46,039,"South Dakota","Deuel County",1,28,49,23,26
050,46,039,"South Dakota","Deuel County",1,29,55,32,23
050,46,039,"South Dakota","Deuel County",1,30,52,27,25
050,46,039,"South Dakota","Deuel County",1,31,57,26,31
050,46,039,"South Dakota","Deuel County",1,32,43,24,19
050,46,039,"South Dakota","Deuel County",1,33,39,24,15
050,46,039,"South Dakota","Deuel County",1,34,50,24,26
050,46,039,"South Dakota","Deuel County",1,35,43,24,19
050,46,039,"South Dakota","Deuel County",1,36,48,29,19
050,46,039,"South Dakota","Deuel County",1,37,42,24,18
050,46,039,"South Dakota","Deuel County",1,38,49,29,20
050,46,039,"South Dakota","Deuel County",1,39,51,32,19
050,46,039,"South Dakota","Deuel County",1,40,52,29,23
050,46,039,"South Dakota","Deuel County",1,41,52,25,27
050,46,039,"South Dakota","Deuel County",1,42,42,20,22
050,46,039,"South Dakota","Deuel County",1,43,44,25,19
050,46,039,"South Dakota","Deuel County",1,44,48,28,20
050,46,039,"South Dakota","Deuel County",1,45,45,25,20
050,46,039,"South Dakota","Deuel County",1,46,46,20,26
050,46,039,"South Dakota","Deuel County",1,47,40,21,19
050,46,039,"South Dakota","Deuel County",1,48,47,28,19
050,46,039,"South Dakota","Deuel County",1,49,45,26,19
050,46,039,"South Dakota","Deuel County",1,50,47,24,23
050,46,039,"South Dakota","Deuel County",1,51,46,25,21
050,46,039,"South Dakota","Deuel County",1,52,47,25,22
050,46,039,"South Dakota","Deuel County",1,53,46,18,28
050,46,039,"South Dakota","Deuel County",1,54,54,25,29
050,46,039,"South Dakota","Deuel County",1,55,60,32,28
050,46,039,"South Dakota","Deuel County",1,56,64,34,30
050,46,039,"South Dakota","Deuel County",1,57,68,34,34
050,46,039,"South Dakota","Deuel County",1,58,64,35,29
050,46,039,"South Dakota","Deuel County",1,59,61,33,28
050,46,039,"South Dakota","Deuel County",1,60,74,40,34
050,46,039,"South Dakota","Deuel County",1,61,66,36,30
050,46,039,"South Dakota","Deuel County",1,62,66,37,29
050,46,039,"South Dakota","Deuel County",1,63,68,43,25
050,46,039,"South Dakota","Deuel County",1,64,62,34,28
050,46,039,"South Dakota","Deuel County",1,65,61,29,32
050,46,039,"South Dakota","Deuel County",1,66,58,31,27
050,46,039,"South Dakota","Deuel County",1,67,54,26,28
050,46,039,"South Dakota","Deuel County",1,68,60,30,30
050,46,039,"South Dakota","Deuel County",1,69,54,24,30
050,46,039,"South Dakota","Deuel County",1,70,57,27,30
050,46,039,"South Dakota","Deuel County",1,71,57,32,25
050,46,039,"South Dakota","Deuel County",1,72,53,26,27
050,46,039,"South Dakota","Deuel County",1,73,53,27,26
050,46,039,"South Dakota","Deuel County",1,74,36,21,15
050,46,039,"South Dakota","Deuel County",1,75,37,20,17
050,46,039,"South Dakota","Deuel County",1,76,32,15,17
050,46,039,"South Dakota","Deuel County",1,77,40,18,22
050,46,039,"South Dakota","Deuel County",1,78,23,11,12
050,46,039,"South Dakota","Deuel County",1,79,19,9,10
050,46,039,"South Dakota","Deuel County",1,80,24,11,13
050,46,039,"South Dakota","Deuel County",1,81,21,11,10
050,46,039,"South Dakota","Deuel County",1,82,23,8,15
050,46,039,"South Dakota","Deuel County",1,83,16,6,10
050,46,039,"South Dakota","Deuel County",1,84,21,10,11
050,46,039,"South Dakota","Deuel County",1,85,127,46,81
050,46,039,"South Dakota","Deuel County",2,0,50,27,23
050,46,039,"South Dakota","Deuel County",2,1,47,26,21
050,46,039,"South Dakota","Deuel County",2,2,55,24,31
050,46,039,"South Dakota","Deuel County",2,3,55,27,28
050,46,039,"South Dakota","Deuel County",2,4,56,30,26
050,46,039,"South Dakota","Deuel County",2,5,52,29,23
050,46,039,"South Dakota","Deuel County",2,6,61,33,28
050,46,039,"South Dakota","Deuel County",2,7,57,31,26
050,46,039,"South Dakota","Deuel County",2,8,56,28,28
050,46,039,"South Dakota","Deuel County",2,9,55,27,28
050,46,039,"South Dakota","Deuel County",2,10,53,28,25
050,46,039,"South Dakota","Deuel County",2,11,67,35,32
050,46,039,"South Dakota","Deuel County",2,12,66,36,30
050,46,039,"South Dakota","Deuel County",2,13,66,37,29
050,46,039,"South Dakota","Deuel County",2,14,62,34,28
050,46,039,"South Dakota","Deuel County",2,15,64,35,29
050,46,039,"South Dakota","Deuel County",2,16,61,35,26
050,46,039,"South Dakota","Deuel County",2,17,59,34,25
050,46,039,"South Dakota","Deuel County",2,18,44,23,21
050,46,039,"South Dakota","Deuel County",2,19,37,20,17
050,46,039,"South Dakota","Deuel County",2,20,40,24,16
050,46,039,"South Dakota","Deuel County",2,21,39,22,17
050,46,039,"South Dakota","Deuel County",2,22,35,18,17
050,46,039,"South Dakota","Deuel County",2,23,39,20,19
050,46,039,"South Dakota","Deuel County",2,24,38,17,21
050,46,039,"South Dakota","Deuel County",2,25,43,20,23
050,46,039,"South Dakota","Deuel County",2,26,40,19,21
050,46,039,"South Dakota","Deuel County",2,27,40,18,22
050,46,039,"South Dakota","Deuel County",2,28,48,23,25
050,46,039,"South Dakota","Deuel County",2,29,54,30,24
050,46,039,"South Dakota","Deuel County",2,30,53,28,25
050,46,039,"South Dakota","Deuel County",2,31,56,26,30
050,46,039,"South Dakota","Deuel County",2,32,47,24,23
050,46,039,"South Dakota","Deuel County",2,33,41,24,17
050,46,039,"South Dakota","Deuel County",2,34,48,24,24
050,46,039,"South Dakota","Deuel County",2,35,45,25,20
050,46,039,"South Dakota","Deuel County",2,36,46,27,19
050,46,039,"South Dakota","Deuel County",2,37,43,25,18
050,46,039,"South Dakota","Deuel County",2,38,48,28,20
050,46,039,"South Dakota","Deuel County",2,39,50,31,19
050,46,039,"South Dakota","Deuel County",2,40,52,30,22
050,46,039,"South Dakota","Deuel County",2,41,52,25,27
050,46,039,"South Dakota","Deuel County",2,42,44,21,23
050,46,039,"South Dakota","Deuel County",2,43,44,24,20
050,46,039,"South Dakota","Deuel County",2,44,46,27,19
050,46,039,"South Dakota","Deuel County",2,45,46,26,20
050,46,039,"South Dakota","Deuel County",2,46,45,21,24
050,46,039,"South Dakota","Deuel County",2,47,41,21,20
050,46,039,"South Dakota","Deuel County",2,48,44,26,18
050,46,039,"South Dakota","Deuel County",2,49,46,27,19
050,46,039,"South Dakota","Deuel County",2,50,46,24,22
050,46,039,"South Dakota","Deuel County",2,51,45,24,21
050,46,039,"South Dakota","Deuel County",2,52,47,25,22
050,46,039,"South Dakota","Deuel County",2,53,46,20,26
050,46,039,"South Dakota","Deuel County",2,54,51,23,28
050,46,039,"South Dakota","Deuel County",2,55,58,30,28
050,46,039,"South Dakota","Deuel County",2,56,62,32,30
050,46,039,"South Dakota","Deuel County",2,57,67,34,33
050,46,039,"South Dakota","Deuel County",2,58,65,35,30
050,46,039,"South Dakota","Deuel County",2,59,62,34,28
050,46,039,"South Dakota","Deuel County",2,60,71,38,33
050,46,039,"South Dakota","Deuel County",2,61,69,38,31
050,46,039,"South Dakota","Deuel County",2,62,66,36,30
050,46,039,"South Dakota","Deuel County",2,63,69,43,26
050,46,039,"South Dakota","Deuel County",2,64,63,36,27
050,46,039,"South Dakota","Deuel County",2,65,60,30,30
050,46,039,"South Dakota","Deuel County",2,66,59,31,28
050,46,039,"South Dakota","Deuel County",2,67,54,27,27
050,46,039,"South Dakota","Deuel County",2,68,58,29,29
050,46,039,"South Dakota","Deuel County",2,69,54,25,29
050,46,039,"South Dakota","Deuel County",2,70,55,26,29
050,46,039,"South Dakota","Deuel County",2,71,57,31,26
050,46,039,"South Dakota","Deuel County",2,72,53,27,26
050,46,039,"South Dakota","Deuel County",2,73,55,28,27
050,46,039,"South Dakota","Deuel County",2,74,39,22,17
050,46,039,"South Dakota","Deuel County",2,75,37,20,17
050,46,039,"South Dakota","Deuel County",2,76,33,16,17
050,46,039,"South Dakota","Deuel County",2,77,38,18,20
050,46,039,"South Dakota","Deuel County",2,78,27,13,14
050,46,039,"South Dakota","Deuel County",2,79,19,9,10
050,46,039,"South Dakota","Deuel County",2,80,22,9,13
050,46,039,"South Dakota","Deuel County",2,81,22,11,11
050,46,039,"South Dakota","Deuel County",2,82,23,9,14
050,46,039,"South Dakota","Deuel County",2,83,17,6,11
050,46,039,"South Dakota","Deuel County",2,84,20,9,11
050,46,039,"South Dakota","Deuel County",2,85,130,48,82
050,46,039,"South Dakota","Deuel County",3,0,58,28,30
050,46,039,"South Dakota","Deuel County",3,1,52,27,25
050,46,039,"South Dakota","Deuel County",3,2,51,28,23
050,46,039,"South Dakota","Deuel County",3,3,59,24,35
050,46,039,"South Dakota","Deuel County",3,4,53,25,28
050,46,039,"South Dakota","Deuel County",3,5,57,28,29
050,46,039,"South Dakota","Deuel County",3,6,54,28,26
050,46,039,"South Dakota","Deuel County",3,7,56,33,23
050,46,039,"South Dakota","Deuel County",3,8,58,32,26
050,46,039,"South Dakota","Deuel County",3,9,61,30,31
050,46,039,"South Dakota","Deuel County",3,10,60,28,32
050,46,039,"South Dakota","Deuel County",3,11,49,24,25
050,46,039,"South Dakota","Deuel County",3,12,62,30,32
050,46,039,"South Dakota","Deuel County",3,13,65,35,30
050,46,039,"South Dakota","Deuel County",3,14,70,38,32
050,46,039,"South Dakota","Deuel County",3,15,64,37,27
050,46,039,"South Dakota","Deuel County",3,16,58,34,24
050,46,039,"South Dakota","Deuel County",3,17,58,32,26
050,46,039,"South Dakota","Deuel County",3,18,49,30,19
050,46,039,"South Dakota","Deuel County",3,19,36,19,17
050,46,039,"South Dakota","Deuel County",3,20,41,24,17
050,46,039,"South Dakota","Deuel County",3,21,40,21,19
050,46,039,"South Dakota","Deuel County",3,22,37,22,15
050,46,039,"South Dakota","Deuel County",3,23,38,23,15
050,46,039,"South Dakota","Deuel County",3,24,38,17,21
050,46,039,"South Dakota","Deuel County",3,25,39,19,20
050,46,039,"South Dakota","Deuel County",3,26,47,22,25
050,46,039,"South Dakota","Deuel County",3,27,40,17,23
050,46,039,"South Dakota","Deuel County",3,28,41,17,24
050,46,039,"South Dakota","Deuel County",3,29,49,24,25
050,46,039,"South Dakota","Deuel County",3,30,55,33,22
050,46,039,"South Dakota","Deuel County",3,31,40,21,19
050,46,039,"South Dakota","Deuel County",3,32,51,21,30
050,46,039,"South Dakota","Deuel County",3,33,48,22,26
050,46,039,"South Dakota","Deuel County",3,34,40,22,18
050,46,039,"South Dakota","Deuel County",3,35,48,23,25
050,46,039,"South Dakota","Deuel County",3,36,46,28,18
050,46,039,"South Dakota","Deuel County",3,37,45,28,17
050,46,039,"South Dakota","Deuel County",3,38,45,26,19
050,46,039,"South Dakota","Deuel County",3,39,50,30,20
050,46,039,"South Dakota","Deuel County",3,40,48,30,18
050,46,039,"South Dakota","Deuel County",3,41,56,33,23
050,46,039,"South Dakota","Deuel County",3,42,51,25,26
050,46,039,"South Dakota","Deuel County",3,43,43,22,21
050,46,039,"South Dakota","Deuel County",3,44,42,23,19
050,46,039,"South Dakota","Deuel County",3,45,49,30,19
050,46,039,"South Dakota","Deuel County",3,46,47,26,21
050,46,039,"South Dakota","Deuel County",3,47,46,22,24
050,46,039,"South Dakota","Deuel County",3,48,40,21,19
050,46,039,"South Dakota","Deuel County",3,49,43,25,18
050,46,039,"South Dakota","Deuel County",3,50,45,26,19
050,46,039,"South Dakota","Deuel County",3,51,45,24,21
050,46,039,"South Dakota","Deuel County",3,52,46,24,22
050,46,039,"South Dakota","Deuel County",3,53,48,25,23
050,46,039,"South Dakota","Deuel County",3,54,47,20,27
050,46,039,"South Dakota","Deuel County",3,55,50,23,27
050,46,039,"South Dakota","Deuel County",3,56,58,29,29
050,46,039,"South Dakota","Deuel County",3,57,64,34,30
050,46,039,"South Dakota","Deuel County",3,58,67,36,31
050,46,039,"South Dakota","Deuel County",3,59,64,34,30
050,46,039,"South Dakota","Deuel County",3,60,58,32,26
050,46,039,"South Dakota","Deuel County",3,61,73,38,35
050,46,039,"South Dakota","Deuel County",3,62,65,34,31
050,46,039,"South Dakota","Deuel County",3,63,68,38,30
050,46,039,"South Dakota","Deuel County",3,64,69,42,27
050,46,039,"South Dakota","Deuel County",3,65,60,34,26
050,46,039,"South Dakota","Deuel County",3,66,58,30,28
050,46,039,"South Dakota","Deuel County",3,67,57,30,27
050,46,039,"South Dakota","Deuel County",3,68,52,24,28
050,46,039,"South Dakota","Deuel County",3,69,61,31,30
050,46,039,"South Dakota","Deuel County",3,70,51,23,28
050,46,039,"South Dakota","Deuel County",3,71,49,22,27
050,46,039,"South Dakota","Deuel County",3,72,56,31,25
050,46,039,"South Dakota","Deuel County",3,73,50,24,26
050,46,039,"South Dakota","Deuel County",3,74,59,31,28
050,46,039,"South Dakota","Deuel County",3,75,43,24,19
050,46,039,"South Dakota","Deuel County",3,76,31,15,16
050,46,039,"South Dakota","Deuel County",3,77,30,15,15
050,46,039,"South Dakota","Deuel County",3,78,36,17,19
050,46,039,"South Dakota","Deuel County",3,79,23,12,11
050,46,039,"South Dakota","Deuel County",3,80,20,8,12
050,46,039,"South Dakota","Deuel County",3,81,23,10,13
050,46,039,"South Dakota","Deuel County",3,82,20,10,10
050,46,039,"South Dakota","Deuel County",3,83,17,7,10
050,46,039,"South Dakota","Deuel County",3,84,19,6,13
050,46,039,"South Dakota","Deuel County",3,85,135,48,87
050,46,039,"South Dakota","Deuel County",4,0,56,24,32
050,46,039,"South Dakota","Deuel County",4,1,60,28,32
050,46,039,"South Dakota","Deuel County",4,2,57,29,28
050,46,039,"South Dakota","Deuel County",4,3,53,28,25
050,46,039,"South Dakota","Deuel County",4,4,61,23,38
050,46,039,"South Dakota","Deuel County",4,5,55,26,29
050,46,039,"South Dakota","Deuel County",4,6,57,28,29
050,46,039,"South Dakota","Deuel County",4,7,59,32,27
050,46,039,"South Dakota","Deuel County",4,8,63,36,27
050,46,039,"South Dakota","Deuel County",4,9,60,32,28
050,46,039,"South Dakota","Deuel County",4,10,62,32,30
050,46,039,"South Dakota","Deuel County",4,11,58,29,29
050,46,039,"South Dakota","Deuel County",4,12,51,26,25
050,46,039,"South Dakota","Deuel County",4,13,65,32,33
050,46,039,"South Dakota","Deuel County",4,14,68,39,29
050,46,039,"South Dakota","Deuel County",4,15,69,38,31
050,46,039,"South Dakota","Deuel County",4,16,63,35,28
050,46,039,"South Dakota","Deuel County",4,17,61,35,26
050,46,039,"South Dakota","Deuel County",4,18,52,29,23
050,46,039,"South Dakota","Deuel County",4,19,39,25,14
050,46,039,"South Dakota","Deuel County",4,20,39,20,19
050,46,039,"South Dakota","Deuel County",4,21,40,23,17
050,46,039,"South Dakota","Deuel County",4,22,44,23,21
050,46,039,"South Dakota","Deuel County",4,23,40,24,16
050,46,039,"South Dakota","Deuel County",4,24,45,27,18
050,46,039,"South Dakota","Deuel County",4,25,45,18,27
050,46,039,"South Dakota","Deuel County",4,26,39,22,17
050,46,039,"South Dakota","Deuel County",4,27,46,20,26
050,46,039,"South Dakota","Deuel County",4,28,37,14,23
050,46,039,"South Dakota","Deuel County",4,29,44,17,27
050,46,039,"South Dakota","Deuel County",4,30,52,25,27
050,46,039,"South Dakota","Deuel County",4,31,57,33,24
050,46,039,"South Dakota","Deuel County",4,32,40,22,18
050,46,039,"South Dakota","Deuel County",4,33,53,22,31
050,46,039,"South Dakota","Deuel County",4,34,45,22,23
050,46,039,"South Dakota","Deuel County",4,35,44,26,18
050,46,039,"South Dakota","Deuel County",4,36,49,23,26
050,46,039,"South Dakota","Deuel County",4,37,46,27,19
050,46,039,"South Dakota","Deuel County",4,38,48,29,19
050,46,039,"South Dakota","Deuel County",4,39,46,27,19
050,46,039,"South Dakota","Deuel County",4,40,49,30,19
050,46,039,"South Dakota","Deuel County",4,41,46,30,16
050,46,039,"South Dakota","Deuel County",4,42,55,31,24
050,46,039,"South Dakota","Deuel County",4,43,55,25,30
050,46,039,"South Dakota","Deuel County",4,44,45,21,24
050,46,039,"South Dakota","Deuel County",4,45,45,26,19
050,46,039,"South Dakota","Deuel County",4,46,48,30,18
050,46,039,"South Dakota","Deuel County",4,47,47,26,21
050,46,039,"South Dakota","Deuel County",4,48,46,24,22
050,46,039,"South Dakota","Deuel County",4,49,41,22,19
050,46,039,"South Dakota","Deuel County",4,50,47,25,22
050,46,039,"South Dakota","Deuel County",4,51,44,24,20
050,46,039,"South Dakota","Deuel County",4,52,45,24,21
050,46,039,"South Dakota","Deuel County",4,53,48,26,22
050,46,039,"South Dakota","Deuel County",4,54,48,23,25
050,46,039,"South Dakota","Deuel County",4,55,45,18,27
050,46,039,"South Dakota","Deuel County",4,56,50,23,27
050,46,039,"South Dakota","Deuel County",4,57,59,29,30
050,46,039,"South Dakota","Deuel County",4,58,66,36,30
050,46,039,"South Dakota","Deuel County",4,59,66,36,30
050,46,039,"South Dakota","Deuel County",4,60,61,33,28
050,46,039,"South Dakota","Deuel County",4,61,61,35,26
050,46,039,"South Dakota","Deuel County",4,62,73,35,38
050,46,039,"South Dakota","Deuel County",4,63,70,39,31
050,46,039,"South Dakota","Deuel County",4,64,66,35,31
050,46,039,"South Dakota","Deuel County",4,65,70,42,28
050,46,039,"South Dakota","Deuel County",4,66,63,37,26
050,46,039,"South Dakota","Deuel County",4,67,61,33,28
050,46,039,"South Dakota","Deuel County",4,68,59,30,29
050,46,039,"South Dakota","Deuel County",4,69,54,24,30
050,46,039,"South Dakota","Deuel County",4,70,61,32,29
050,46,039,"South Dakota","Deuel County",4,71,45,21,24
050,46,039,"South Dakota","Deuel County",4,72,47,22,25
050,46,039,"South Dakota","Deuel County",4,73,48,25,23
050,46,039,"South Dakota","Deuel County",4,74,50,26,24
050,46,039,"South Dakota","Deuel County",4,75,61,31,30
050,46,039,"South Dakota","Deuel County",4,76,40,22,18
050,46,039,"South Dakota","Deuel County",4,77,26,12,14
050,46,039,"South Dakota","Deuel County",4,78,29,15,14
050,46,039,"South Dakota","Deuel County",4,79,29,15,14
050,46,039,"South Dakota","Deuel County",4,80,21,11,10
050,46,039,"South Dakota","Deuel County",4,81,20,9,11
050,46,039,"South Dakota","Deuel County",4,82,21,9,12
050,46,039,"South Dakota","Deuel County",4,83,15,6,9
050,46,039,"South Dakota","Deuel County",4,84,17,7,10
050,46,039,"South Dakota","Deuel County",4,85,130,44,86
050,46,039,"South Dakota","Deuel County",5,0,56,24,32
050,46,039,"South Dakota","Deuel County",5,1,63,27,36
050,46,039,"South Dakota","Deuel County",5,2,60,26,34
050,46,039,"South Dakota","Deuel County",5,3,56,28,28
050,46,039,"South Dakota","Deuel County",5,4,52,27,25
050,46,039,"South Dakota","Deuel County",5,5,65,25,40
050,46,039,"South Dakota","Deuel County",5,6,50,22,28
050,46,039,"South Dakota","Deuel County",5,7,57,29,28
050,46,039,"South Dakota","Deuel County",5,8,58,29,29
050,46,039,"South Dakota","Deuel County",5,9,62,35,27
050,46,039,"South Dakota","Deuel County",5,10,64,33,31
050,46,039,"South Dakota","Deuel County",5,11,58,30,28
050,46,039,"South Dakota","Deuel County",5,12,59,30,29
050,46,039,"South Dakota","Deuel County",5,13,48,26,22
050,46,039,"South Dakota","Deuel County",5,14,66,28,38
050,46,039,"South Dakota","Deuel County",5,15,67,36,31
050,46,039,"South Dakota","Deuel County",5,16,72,41,31
050,46,039,"South Dakota","Deuel County",5,17,61,31,30
050,46,039,"South Dakota","Deuel County",5,18,51,30,21
050,46,039,"South Dakota","Deuel County",5,19,38,20,18
050,46,039,"South Dakota","Deuel County",5,20,38,26,12
050,46,039,"South Dakota","Deuel County",5,21,40,19,21
050,46,039,"South Dakota","Deuel County",5,22,49,27,22
050,46,039,"South Dakota","Deuel County",5,23,45,21,24
050,46,039,"South Dakota","Deuel County",5,24,49,31,18
050,46,039,"South Dakota","Deuel County",5,25,40,24,16
050,46,039,"South Dakota","Deuel County",5,26,36,16,20
050,46,039,"South Dakota","Deuel County",5,27,39,22,17
050,46,039,"South Dakota","Deuel County",5,28,50,22,28
050,46,039,"South Dakota","Deuel County",5,29,40,19,21
050,46,039,"South Dakota","Deuel County",5,30,40,17,23
050,46,039,"South Dakota","Deuel County",5,31,51,25,26
050,46,039,"South Dakota","Deuel County",5,32,56,33,23
050,46,039,"South Dakota","Deuel County",5,33,43,24,19
050,46,039,"South Dakota","Deuel County",5,34,55,23,32
050,46,039,"South Dakota","Deuel County",5,35,46,22,24
050,46,039,"South Dakota","Deuel County",5,36,42,26,16
050,46,039,"South Dakota","Deuel County",5,37,49,23,26
050,46,039,"South Dakota","Deuel County",5,38,43,26,17
050,46,039,"South Dakota","Deuel County",5,39,43,26,17
050,46,039,"South Dakota","Deuel County",5,40,47,27,20
050,46,039,"South Dakota","Deuel County",5,41,50,29,21
050,46,039,"South Dakota","Deuel County",5,42,47,30,17
050,46,039,"South Dakota","Deuel County",5,43,57,32,25
050,46,039,"South Dakota","Deuel County",5,44,55,25,30
050,46,039,"South Dakota","Deuel County",5,45,44,21,23
050,46,039,"South Dakota","Deuel County",5,46,46,27,19
050,46,039,"South Dakota","Deuel County",5,47,46,31,15
050,46,039,"South Dakota","Deuel County",5,48,47,25,22
050,46,039,"South Dakota","Deuel County",5,49,50,25,25
050,46,039,"South Dakota","Deuel County",5,50,39,19,20
050,46,039,"South Dakota","Deuel County",5,51,45,23,22
050,46,039,"South Dakota","Deuel County",5,52,45,24,21
050,46,039,"South Dakota","Deuel County",5,53,46,26,20
050,46,039,"South Dakota","Deuel County",5,54,47,24,23
050,46,039,"South Dakota","Deuel County",5,55,51,24,27
050,46,039,"South Dakota","Deuel County",5,56,49,18,31
050,46,039,"South Dakota","Deuel County",5,57,53,26,27
050,46,039,"South Dakota","Deuel County",5,58,62,31,31
050,46,039,"South Dakota","Deuel County",5,59,69,36,33
050,46,039,"South Dakota","Deuel County",5,60,66,35,31
050,46,039,"South Dakota","Deuel County",5,61,65,34,31
050,46,039,"South Dakota","Deuel County",5,62,61,35,26
050,46,039,"South Dakota","Deuel County",5,63,77,38,39
050,46,039,"South Dakota","Deuel County",5,64,67,36,31
050,46,039,"South Dakota","Deuel County",5,65,67,35,32
050,46,039,"South Dakota","Deuel County",5,66,69,42,27
050,46,039,"South Dakota","Deuel County",5,67,63,37,26
050,46,039,"South Dakota","Deuel County",5,68,59,32,27
050,46,039,"South Dakota","Deuel County",5,69,59,30,29
050,46,039,"South Dakota","Deuel County",5,70,52,25,27
050,46,039,"South Dakota","Deuel County",5,71,59,30,29
050,46,039,"South Dakota","Deuel County",5,72,45,22,23
050,46,039,"South Dakota","Deuel County",5,73,40,16,24
050,46,039,"South Dakota","Deuel County",5,74,47,25,22
050,46,039,"South Dakota","Deuel County",5,75,48,24,24
050,46,039,"South Dakota","Deuel County",5,76,55,26,29
050,46,039,"South Dakota","Deuel County",5,77,37,20,17
050,46,039,"South Dakota","Deuel County",5,78,25,11,14
050,46,039,"South Dakota","Deuel County",5,79,29,15,14
050,46,039,"South Dakota","Deuel County",5,80,30,17,13
050,46,039,"South Dakota","Deuel County",5,81,18,11,7
050,46,039,"South Dakota","Deuel County",5,82,14,6,8
050,46,039,"South Dakota","Deuel County",5,83,13,4,9
050,46,039,"South Dakota","Deuel County",5,84,15,7,8
050,46,039,"South Dakota","Deuel County",5,85,122,43,79
050,46,041,"South Dakota","Dewey County",1,0,113,58,55
050,46,041,"South Dakota","Dewey County",1,1,121,58,63
050,46,041,"South Dakota","Dewey County",1,2,123,58,65
050,46,041,"South Dakota","Dewey County",1,3,122,66,56
050,46,041,"South Dakota","Dewey County",1,4,124,65,59
050,46,041,"South Dakota","Dewey County",1,5,130,69,61
050,46,041,"South Dakota","Dewey County",1,6,121,62,59
050,46,041,"South Dakota","Dewey County",1,7,112,57,55
050,46,041,"South Dakota","Dewey County",1,8,113,56,57
050,46,041,"South Dakota","Dewey County",1,9,85,40,45
050,46,041,"South Dakota","Dewey County",1,10,105,51,54
050,46,041,"South Dakota","Dewey County",1,11,102,60,42
050,46,041,"South Dakota","Dewey County",1,12,100,55,45
050,46,041,"South Dakota","Dewey County",1,13,99,49,50
050,46,041,"South Dakota","Dewey County",1,14,95,47,48
050,46,041,"South Dakota","Dewey County",1,15,91,43,48
050,46,041,"South Dakota","Dewey County",1,16,96,49,47
050,46,041,"South Dakota","Dewey County",1,17,93,48,45
050,46,041,"South Dakota","Dewey County",1,18,79,38,41
050,46,041,"South Dakota","Dewey County",1,19,80,39,41
050,46,041,"South Dakota","Dewey County",1,20,68,37,31
050,46,041,"South Dakota","Dewey County",1,21,55,22,33
050,46,041,"South Dakota","Dewey County",1,22,54,22,32
050,46,041,"South Dakota","Dewey County",1,23,60,30,30
050,46,041,"South Dakota","Dewey County",1,24,60,30,30
050,46,041,"South Dakota","Dewey County",1,25,58,27,31
050,46,041,"South Dakota","Dewey County",1,26,64,34,30
050,46,041,"South Dakota","Dewey County",1,27,70,35,35
050,46,041,"South Dakota","Dewey County",1,28,72,28,44
050,46,041,"South Dakota","Dewey County",1,29,61,30,31
050,46,041,"South Dakota","Dewey County",1,30,65,35,30
050,46,041,"South Dakota","Dewey County",1,31,65,34,31
050,46,041,"South Dakota","Dewey County",1,32,67,33,34
050,46,041,"South Dakota","Dewey County",1,33,70,30,40
050,46,041,"South Dakota","Dewey County",1,34,64,28,36
050,46,041,"South Dakota","Dewey County",1,35,58,28,30
050,46,041,"South Dakota","Dewey County",1,36,66,28,38
050,46,041,"South Dakota","Dewey County",1,37,53,28,25
050,46,041,"South Dakota","Dewey County",1,38,66,37,29
050,46,041,"South Dakota","Dewey County",1,39,72,40,32
050,46,041,"South Dakota","Dewey County",1,40,68,35,33
050,46,041,"South Dakota","Dewey County",1,41,58,32,26
050,46,041,"South Dakota","Dewey County",1,42,46,21,25
050,46,041,"South Dakota","Dewey County",1,43,44,17,27
050,46,041,"South Dakota","Dewey County",1,44,54,27,27
050,46,041,"South Dakota","Dewey County",1,45,42,22,20
050,46,041,"South Dakota","Dewey County",1,46,38,13,25
050,46,041,"South Dakota","Dewey County",1,47,46,21,25
050,46,041,"South Dakota","Dewey County",1,48,45,22,23
050,46,041,"South Dakota","Dewey County",1,49,43,19,24
050,46,041,"South Dakota","Dewey County",1,50,50,24,26
050,46,041,"South Dakota","Dewey County",1,51,51,23,28
050,46,041,"South Dakota","Dewey County",1,52,56,28,28
050,46,041,"South Dakota","Dewey County",1,53,50,26,24
050,46,041,"South Dakota","Dewey County",1,54,56,28,28
050,46,041,"South Dakota","Dewey County",1,55,62,30,32
050,46,041,"South Dakota","Dewey County",1,56,67,36,31
050,46,041,"South Dakota","Dewey County",1,57,59,31,28
050,46,041,"South Dakota","Dewey County",1,58,76,39,37
050,46,041,"South Dakota","Dewey County",1,59,63,32,31
050,46,041,"South Dakota","Dewey County",1,60,62,31,31
050,46,041,"South Dakota","Dewey County",1,61,52,25,27
050,46,041,"South Dakota","Dewey County",1,62,55,25,30
050,46,041,"South Dakota","Dewey County",1,63,52,26,26
050,46,041,"South Dakota","Dewey County",1,64,52,28,24
050,46,041,"South Dakota","Dewey County",1,65,43,21,22
050,46,041,"South Dakota","Dewey County",1,66,43,24,19
050,46,041,"South Dakota","Dewey County",1,67,37,21,16
050,46,041,"South Dakota","Dewey County",1,68,35,17,18
050,46,041,"South Dakota","Dewey County",1,69,28,11,17
050,46,041,"South Dakota","Dewey County",1,70,30,14,16
050,46,041,"South Dakota","Dewey County",1,71,32,13,19
050,46,041,"South Dakota","Dewey County",1,72,28,11,17
050,46,041,"South Dakota","Dewey County",1,73,25,12,13
050,46,041,"South Dakota","Dewey County",1,74,16,10,6
050,46,041,"South Dakota","Dewey County",1,75,20,10,10
050,46,041,"South Dakota","Dewey County",1,76,26,13,13
050,46,041,"South Dakota","Dewey County",1,77,19,10,9
050,46,041,"South Dakota","Dewey County",1,78,14,10,4
050,46,041,"South Dakota","Dewey County",1,79,12,6,6
050,46,041,"South Dakota","Dewey County",1,80,15,8,7
050,46,041,"South Dakota","Dewey County",1,81,15,5,10
050,46,041,"South Dakota","Dewey County",1,82,15,5,10
050,46,041,"South Dakota","Dewey County",1,83,14,5,9
050,46,041,"South Dakota","Dewey County",1,84,11,2,9
050,46,041,"South Dakota","Dewey County",1,85,46,16,30
050,46,041,"South Dakota","Dewey County",2,0,115,62,53
050,46,041,"South Dakota","Dewey County",2,1,118,57,61
050,46,041,"South Dakota","Dewey County",2,2,119,56,63
050,46,041,"South Dakota","Dewey County",2,3,122,64,58
050,46,041,"South Dakota","Dewey County",2,4,124,66,58
050,46,041,"South Dakota","Dewey County",2,5,127,68,59
050,46,041,"South Dakota","Dewey County",2,6,122,62,60
050,46,041,"South Dakota","Dewey County",2,7,113,56,57
050,46,041,"South Dakota","Dewey County",2,8,110,54,56
050,46,041,"South Dakota","Dewey County",2,9,92,44,48
050,46,041,"South Dakota","Dewey County",2,10,98,47,51
050,46,041,"South Dakota","Dewey County",2,11,101,58,43
050,46,041,"South Dakota","Dewey County",2,12,101,56,45
050,46,041,"South Dakota","Dewey County",2,13,98,50,48
050,46,041,"South Dakota","Dewey County",2,14,94,46,48
050,46,041,"South Dakota","Dewey County",2,15,92,43,49
050,46,041,"South Dakota","Dewey County",2,16,96,48,48
050,46,041,"South Dakota","Dewey County",2,17,94,48,46
050,46,041,"South Dakota","Dewey County",2,18,80,40,40
050,46,041,"South Dakota","Dewey County",2,19,75,36,39
050,46,041,"South Dakota","Dewey County",2,20,70,37,33
050,46,041,"South Dakota","Dewey County",2,21,57,26,31
050,46,041,"South Dakota","Dewey County",2,22,56,23,33
050,46,041,"South Dakota","Dewey County",2,23,58,28,30
050,46,041,"South Dakota","Dewey County",2,24,59,30,29
050,46,041,"South Dakota","Dewey County",2,25,58,27,31
050,46,041,"South Dakota","Dewey County",2,26,61,32,29
050,46,041,"South Dakota","Dewey County",2,27,69,35,34
050,46,041,"South Dakota","Dewey County",2,28,71,30,41
050,46,041,"South Dakota","Dewey County",2,29,64,29,35
050,46,041,"South Dakota","Dewey County",2,30,63,35,28
050,46,041,"South Dakota","Dewey County",2,31,66,35,31
050,46,041,"South Dakota","Dewey County",2,32,68,34,34
050,46,041,"South Dakota","Dewey County",2,33,69,30,39
050,46,041,"South Dakota","Dewey County",2,34,67,30,37
050,46,041,"South Dakota","Dewey County",2,35,59,28,31
050,46,041,"South Dakota","Dewey County",2,36,63,27,36
050,46,041,"South Dakota","Dewey County",2,37,57,29,28
050,46,041,"South Dakota","Dewey County",2,38,62,34,28
050,46,041,"South Dakota","Dewey County",2,39,71,39,32
050,46,041,"South Dakota","Dewey County",2,40,69,36,33
050,46,041,"South Dakota","Dewey County",2,41,57,31,26
050,46,041,"South Dakota","Dewey County",2,42,50,24,26
050,46,041,"South Dakota","Dewey County",2,43,45,18,27
050,46,041,"South Dakota","Dewey County",2,44,51,24,27
050,46,041,"South Dakota","Dewey County",2,45,45,23,22
050,46,041,"South Dakota","Dewey County",2,46,38,14,24
050,46,041,"South Dakota","Dewey County",2,47,44,19,25
050,46,041,"South Dakota","Dewey County",2,48,46,22,24
050,46,041,"South Dakota","Dewey County",2,49,44,20,24
050,46,041,"South Dakota","Dewey County",2,50,49,23,26
050,46,041,"South Dakota","Dewey County",2,51,50,22,28
050,46,041,"South Dakota","Dewey County",2,52,54,27,27
050,46,041,"South Dakota","Dewey County",2,53,50,26,24
050,46,041,"South Dakota","Dewey County",2,54,53,27,26
050,46,041,"South Dakota","Dewey County",2,55,61,29,32
050,46,041,"South Dakota","Dewey County",2,56,64,33,31
050,46,041,"South Dakota","Dewey County",2,57,60,32,28
050,46,041,"South Dakota","Dewey County",2,58,70,36,34
050,46,041,"South Dakota","Dewey County",2,59,66,33,33
050,46,041,"South Dakota","Dewey County",2,60,63,32,31
050,46,041,"South Dakota","Dewey County",2,61,52,24,28
050,46,041,"South Dakota","Dewey County",2,62,54,25,29
050,46,041,"South Dakota","Dewey County",2,63,53,26,27
050,46,041,"South Dakota","Dewey County",2,64,52,27,25
050,46,041,"South Dakota","Dewey County",2,65,44,22,22
050,46,041,"South Dakota","Dewey County",2,66,43,23,20
050,46,041,"South Dakota","Dewey County",2,67,37,22,15
050,46,041,"South Dakota","Dewey County",2,68,33,17,16
050,46,041,"South Dakota","Dewey County",2,69,30,13,17
050,46,041,"South Dakota","Dewey County",2,70,30,13,17
050,46,041,"South Dakota","Dewey County",2,71,32,13,19
050,46,041,"South Dakota","Dewey County",2,72,28,12,16
050,46,041,"South Dakota","Dewey County",2,73,26,12,14
050,46,041,"South Dakota","Dewey County",2,74,17,10,7
050,46,041,"South Dakota","Dewey County",2,75,19,10,9
050,46,041,"South Dakota","Dewey County",2,76,24,12,12
050,46,041,"South Dakota","Dewey County",2,77,21,11,10
050,46,041,"South Dakota","Dewey County",2,78,12,7,5
050,46,041,"South Dakota","Dewey County",2,79,12,7,5
050,46,041,"South Dakota","Dewey County",2,80,16,8,8
050,46,041,"South Dakota","Dewey County",2,81,14,5,9
050,46,041,"South Dakota","Dewey County",2,82,15,5,10
050,46,041,"South Dakota","Dewey County",2,83,14,5,9
050,46,041,"South Dakota","Dewey County",2,84,12,3,9
050,46,041,"South Dakota","Dewey County",2,85,47,16,31
050,46,041,"South Dakota","Dewey County",3,0,115,53,62
050,46,041,"South Dakota","Dewey County",3,1,109,55,54
050,46,041,"South Dakota","Dewey County",3,2,112,52,60
050,46,041,"South Dakota","Dewey County",3,3,127,58,69
050,46,041,"South Dakota","Dewey County",3,4,125,64,61
050,46,041,"South Dakota","Dewey County",3,5,121,61,60
050,46,041,"South Dakota","Dewey County",3,6,123,63,60
050,46,041,"South Dakota","Dewey County",3,7,121,64,57
050,46,041,"South Dakota","Dewey County",3,8,110,54,56
050,46,041,"South Dakota","Dewey County",3,9,107,53,54
050,46,041,"South Dakota","Dewey County",3,10,93,44,49
050,46,041,"South Dakota","Dewey County",3,11,99,47,52
050,46,041,"South Dakota","Dewey County",3,12,103,60,43
050,46,041,"South Dakota","Dewey County",3,13,99,54,45
050,46,041,"South Dakota","Dewey County",3,14,106,57,49
050,46,041,"South Dakota","Dewey County",3,15,98,49,49
050,46,041,"South Dakota","Dewey County",3,16,87,40,47
050,46,041,"South Dakota","Dewey County",3,17,99,49,50
050,46,041,"South Dakota","Dewey County",3,18,85,46,39
050,46,041,"South Dakota","Dewey County",3,19,71,35,36
050,46,041,"South Dakota","Dewey County",3,20,71,33,38
050,46,041,"South Dakota","Dewey County",3,21,65,34,31
050,46,041,"South Dakota","Dewey County",3,22,58,24,34
050,46,041,"South Dakota","Dewey County",3,23,61,29,32
050,46,041,"South Dakota","Dewey County",3,24,53,26,27
050,46,041,"South Dakota","Dewey County",3,25,64,30,34
050,46,041,"South Dakota","Dewey County",3,26,57,25,32
050,46,041,"South Dakota","Dewey County",3,27,58,30,28
050,46,041,"South Dakota","Dewey County",3,28,71,35,36
050,46,041,"South Dakota","Dewey County",3,29,76,32,44
050,46,041,"South Dakota","Dewey County",3,30,58,27,31
050,46,041,"South Dakota","Dewey County",3,31,59,32,27
050,46,041,"South Dakota","Dewey County",3,32,70,38,32
050,46,041,"South Dakota","Dewey County",3,33,68,34,34
050,46,041,"South Dakota","Dewey County",3,34,70,32,38
050,46,041,"South Dakota","Dewey County",3,35,58,27,31
050,46,041,"South Dakota","Dewey County",3,36,62,32,30
050,46,041,"South Dakota","Dewey County",3,37,59,26,33
050,46,041,"South Dakota","Dewey County",3,38,66,30,36
050,46,041,"South Dakota","Dewey County",3,39,63,36,27
050,46,041,"South Dakota","Dewey County",3,40,69,39,30
050,46,041,"South Dakota","Dewey County",3,41,60,31,29
050,46,041,"South Dakota","Dewey County",3,42,57,30,27
050,46,041,"South Dakota","Dewey County",3,43,51,25,26
050,46,041,"South Dakota","Dewey County",3,44,45,18,27
050,46,041,"South Dakota","Dewey County",3,45,48,23,25
050,46,041,"South Dakota","Dewey County",3,46,43,22,21
050,46,041,"South Dakota","Dewey County",3,47,39,16,23
050,46,041,"South Dakota","Dewey County",3,48,43,18,25
050,46,041,"South Dakota","Dewey County",3,49,48,23,25
050,46,041,"South Dakota","Dewey County",3,50,41,19,22
050,46,041,"South Dakota","Dewey County",3,51,48,24,24
050,46,041,"South Dakota","Dewey County",3,52,48,19,29
050,46,041,"South Dakota","Dewey County",3,53,56,28,28
050,46,041,"South Dakota","Dewey County",3,54,47,23,24
050,46,041,"South Dakota","Dewey County",3,55,54,29,25
050,46,041,"South Dakota","Dewey County",3,56,59,27,32
050,46,041,"South Dakota","Dewey County",3,57,61,32,29
050,46,041,"South Dakota","Dewey County",3,58,59,31,28
050,46,041,"South Dakota","Dewey County",3,59,67,32,35
050,46,041,"South Dakota","Dewey County",3,60,62,30,32
050,46,041,"South Dakota","Dewey County",3,61,60,30,30
050,46,041,"South Dakota","Dewey County",3,62,48,24,24
050,46,041,"South Dakota","Dewey County",3,63,54,25,29
050,46,041,"South Dakota","Dewey County",3,64,51,25,26
050,46,041,"South Dakota","Dewey County",3,65,52,27,25
050,46,041,"South Dakota","Dewey County",3,66,45,22,23
050,46,041,"South Dakota","Dewey County",3,67,40,21,19
050,46,041,"South Dakota","Dewey County",3,68,37,22,15
050,46,041,"South Dakota","Dewey County",3,69,32,18,14
050,46,041,"South Dakota","Dewey County",3,70,28,11,17
050,46,041,"South Dakota","Dewey County",3,71,29,13,16
050,46,041,"South Dakota","Dewey County",3,72,29,12,17
050,46,041,"South Dakota","Dewey County",3,73,25,12,13
050,46,041,"South Dakota","Dewey County",3,74,25,11,14
050,46,041,"South Dakota","Dewey County",3,75,15,7,8
050,46,041,"South Dakota","Dewey County",3,76,19,10,9
050,46,041,"South Dakota","Dewey County",3,77,22,11,11
050,46,041,"South Dakota","Dewey County",3,78,21,11,10
050,46,041,"South Dakota","Dewey County",3,79,12,7,5
050,46,041,"South Dakota","Dewey County",3,80,8,3,5
050,46,041,"South Dakota","Dewey County",3,81,15,7,8
050,46,041,"South Dakota","Dewey County",3,82,9,1,8
050,46,041,"South Dakota","Dewey County",3,83,14,4,10
050,46,041,"South Dakota","Dewey County",3,84,12,3,9
050,46,041,"South Dakota","Dewey County",3,85,39,10,29
050,46,041,"South Dakota","Dewey County",4,0,109,49,60
050,46,041,"South Dakota","Dewey County",4,1,115,55,60
050,46,041,"South Dakota","Dewey County",4,2,109,57,52
050,46,041,"South Dakota","Dewey County",4,3,112,57,55
050,46,041,"South Dakota","Dewey County",4,4,115,51,64
050,46,041,"South Dakota","Dewey County",4,5,121,68,53
050,46,041,"South Dakota","Dewey County",4,6,125,62,63
050,46,041,"South Dakota","Dewey County",4,7,121,64,57
050,46,041,"South Dakota","Dewey County",4,8,117,61,56
050,46,041,"South Dakota","Dewey County",4,9,112,56,56
050,46,041,"South Dakota","Dewey County",4,10,108,56,52
050,46,041,"South Dakota","Dewey County",4,11,88,43,45
050,46,041,"South Dakota","Dewey County",4,12,98,45,53
050,46,041,"South Dakota","Dewey County",4,13,102,60,42
050,46,041,"South Dakota","Dewey County",4,14,100,53,47
050,46,041,"South Dakota","Dewey County",4,15,103,56,47
050,46,041,"South Dakota","Dewey County",4,16,98,49,49
050,46,041,"South Dakota","Dewey County",4,17,91,42,49
050,46,041,"South Dakota","Dewey County",4,18,88,44,44
050,46,041,"South Dakota","Dewey County",4,19,65,38,27
050,46,041,"South Dakota","Dewey County",4,20,73,37,36
050,46,041,"South Dakota","Dewey County",4,21,69,32,37
050,46,041,"South Dakota","Dewey County",4,22,67,33,34
050,46,041,"South Dakota","Dewey County",4,23,56,23,33
050,46,041,"South Dakota","Dewey County",4,24,56,27,29
050,46,041,"South Dakota","Dewey County",4,25,50,26,24
050,46,041,"South Dakota","Dewey County",4,26,59,29,30
050,46,041,"South Dakota","Dewey County",4,27,53,24,29
050,46,041,"South Dakota","Dewey County",4,28,55,29,26
050,46,041,"South Dakota","Dewey County",4,29,72,39,33
050,46,041,"South Dakota","Dewey County",4,30,69,27,42
050,46,041,"South Dakota","Dewey County",4,31,53,26,27
050,46,041,"South Dakota","Dewey County",4,32,63,35,28
050,46,041,"South Dakota","Dewey County",4,33,63,35,28
050,46,041,"South Dakota","Dewey County",4,34,58,31,27
050,46,041,"South Dakota","Dewey County",4,35,68,31,37
050,46,041,"South Dakota","Dewey County",4,36,59,27,32
050,46,041,"South Dakota","Dewey County",4,37,60,30,30
050,46,041,"South Dakota","Dewey County",4,38,57,23,34
050,46,041,"South Dakota","Dewey County",4,39,59,28,31
050,46,041,"South Dakota","Dewey County",4,40,61,35,26
050,46,041,"South Dakota","Dewey County",4,41,69,41,28
050,46,041,"South Dakota","Dewey County",4,42,66,35,31
050,46,041,"South Dakota","Dewey County",4,43,54,28,26
050,46,041,"South Dakota","Dewey County",4,44,49,25,24
050,46,041,"South Dakota","Dewey County",4,45,46,20,26
050,46,041,"South Dakota","Dewey County",4,46,47,21,26
050,46,041,"South Dakota","Dewey County",4,47,43,22,21
050,46,041,"South Dakota","Dewey County",4,48,37,14,23
050,46,041,"South Dakota","Dewey County",4,49,46,19,27
050,46,041,"South Dakota","Dewey County",4,50,51,24,27
050,46,041,"South Dakota","Dewey County",4,51,38,19,19
050,46,041,"South Dakota","Dewey County",4,52,49,24,25
050,46,041,"South Dakota","Dewey County",4,53,45,18,27
050,46,041,"South Dakota","Dewey County",4,54,55,28,27
050,46,041,"South Dakota","Dewey County",4,55,47,23,24
050,46,041,"South Dakota","Dewey County",4,56,51,26,25
050,46,041,"South Dakota","Dewey County",4,57,58,23,35
050,46,041,"South Dakota","Dewey County",4,58,59,31,28
050,46,041,"South Dakota","Dewey County",4,59,58,29,29
050,46,041,"South Dakota","Dewey County",4,60,64,31,33
050,46,041,"South Dakota","Dewey County",4,61,57,28,29
050,46,041,"South Dakota","Dewey County",4,62,58,30,28
050,46,041,"South Dakota","Dewey County",4,63,47,25,22
050,46,041,"South Dakota","Dewey County",4,64,53,24,29
050,46,041,"South Dakota","Dewey County",4,65,45,23,22
050,46,041,"South Dakota","Dewey County",4,66,49,25,24
050,46,041,"South Dakota","Dewey County",4,67,46,21,25
050,46,041,"South Dakota","Dewey County",4,68,36,20,16
050,46,041,"South Dakota","Dewey County",4,69,34,20,14
050,46,041,"South Dakota","Dewey County",4,70,30,16,14
050,46,041,"South Dakota","Dewey County",4,71,24,8,16
050,46,041,"South Dakota","Dewey County",4,72,27,12,15
050,46,041,"South Dakota","Dewey County",4,73,24,12,12
050,46,041,"South Dakota","Dewey County",4,74,24,12,12
050,46,041,"South Dakota","Dewey County",4,75,22,8,14
050,46,041,"South Dakota","Dewey County",4,76,14,6,8
050,46,041,"South Dakota","Dewey County",4,77,18,9,9
050,46,041,"South Dakota","Dewey County",4,78,22,11,11
050,46,041,"South Dakota","Dewey County",4,79,19,9,10
050,46,041,"South Dakota","Dewey County",4,80,11,6,5
050,46,041,"South Dakota","Dewey County",4,81,8,3,5
050,46,041,"South Dakota","Dewey County",4,82,13,7,6
050,46,041,"South Dakota","Dewey County",4,83,6,0,6
050,46,041,"South Dakota","Dewey County",4,84,13,3,10
050,46,041,"South Dakota","Dewey County",4,85,33,8,25
050,46,041,"South Dakota","Dewey County",5,0,109,49,60
050,46,041,"South Dakota","Dewey County",5,1,110,53,57
050,46,041,"South Dakota","Dewey County",5,2,116,55,61
050,46,041,"South Dakota","Dewey County",5,3,115,57,58
050,46,041,"South Dakota","Dewey County",5,4,124,62,62
050,46,041,"South Dakota","Dewey County",5,5,116,56,60
050,46,041,"South Dakota","Dewey County",5,6,130,70,60
050,46,041,"South Dakota","Dewey County",5,7,131,66,65
050,46,041,"South Dakota","Dewey County",5,8,129,73,56
050,46,041,"South Dakota","Dewey County",5,9,123,66,57
050,46,041,"South Dakota","Dewey County",5,10,112,56,56
050,46,041,"South Dakota","Dewey County",5,11,108,52,56
050,46,041,"South Dakota","Dewey County",5,12,91,43,48
050,46,041,"South Dakota","Dewey County",5,13,102,47,55
050,46,041,"South Dakota","Dewey County",5,14,101,57,44
050,46,041,"South Dakota","Dewey County",5,15,105,57,48
050,46,041,"South Dakota","Dewey County",5,16,108,57,51
050,46,041,"South Dakota","Dewey County",5,17,98,49,49
050,46,041,"South Dakota","Dewey County",5,18,88,41,47
050,46,041,"South Dakota","Dewey County",5,19,82,44,38
050,46,041,"South Dakota","Dewey County",5,20,71,41,30
050,46,041,"South Dakota","Dewey County",5,21,73,34,39
050,46,041,"South Dakota","Dewey County",5,22,65,29,36
050,46,041,"South Dakota","Dewey County",5,23,66,34,32
050,46,041,"South Dakota","Dewey County",5,24,53,24,29
050,46,041,"South Dakota","Dewey County",5,25,52,23,29
050,46,041,"South Dakota","Dewey County",5,26,45,22,23
050,46,041,"South Dakota","Dewey County",5,27,65,32,33
050,46,041,"South Dakota","Dewey County",5,28,52,26,26
050,46,041,"South Dakota","Dewey County",5,29,63,33,30
050,46,041,"South Dakota","Dewey County",5,30,70,39,31
050,46,041,"South Dakota","Dewey County",5,31,69,30,39
050,46,041,"South Dakota","Dewey County",5,32,53,25,28
050,46,041,"South Dakota","Dewey County",5,33,65,37,28
050,46,041,"South Dakota","Dewey County",5,34,64,33,31
050,46,041,"South Dakota","Dewey County",5,35,59,31,28
050,46,041,"South Dakota","Dewey County",5,36,70,33,37
050,46,041,"South Dakota","Dewey County",5,37,57,25,32
050,46,041,"South Dakota","Dewey County",5,38,57,28,29
050,46,041,"South Dakota","Dewey County",5,39,56,23,33
050,46,041,"South Dakota","Dewey County",5,40,56,29,27
050,46,041,"South Dakota","Dewey County",5,41,60,33,27
050,46,041,"South Dakota","Dewey County",5,42,64,35,29
050,46,041,"South Dakota","Dewey County",5,43,62,31,31
050,46,041,"South Dakota","Dewey County",5,44,56,30,26
050,46,041,"South Dakota","Dewey County",5,45,48,25,23
050,46,041,"South Dakota","Dewey County",5,46,46,20,26
050,46,041,"South Dakota","Dewey County",5,47,47,22,25
050,46,041,"South Dakota","Dewey County",5,48,44,23,21
050,46,041,"South Dakota","Dewey County",5,49,36,14,22
050,46,041,"South Dakota","Dewey County",5,50,47,20,27
050,46,041,"South Dakota","Dewey County",5,51,48,24,24
050,46,041,"South Dakota","Dewey County",5,52,39,21,18
050,46,041,"South Dakota","Dewey County",5,53,46,23,23
050,46,041,"South Dakota","Dewey County",5,54,42,16,26
050,46,041,"South Dakota","Dewey County",5,55,55,28,27
050,46,041,"South Dakota","Dewey County",5,56,47,22,25
050,46,041,"South Dakota","Dewey County",5,57,50,26,24
050,46,041,"South Dakota","Dewey County",5,58,54,24,30
050,46,041,"South Dakota","Dewey County",5,59,57,29,28
050,46,041,"South Dakota","Dewey County",5,60,57,25,32
050,46,041,"South Dakota","Dewey County",5,61,61,31,30
050,46,041,"South Dakota","Dewey County",5,62,58,28,30
050,46,041,"South Dakota","Dewey County",5,63,56,28,28
050,46,041,"South Dakota","Dewey County",5,64,41,20,21
050,46,041,"South Dakota","Dewey County",5,65,47,21,26
050,46,041,"South Dakota","Dewey County",5,66,43,21,22
050,46,041,"South Dakota","Dewey County",5,67,46,23,23
050,46,041,"South Dakota","Dewey County",5,68,42,20,22
050,46,041,"South Dakota","Dewey County",5,69,33,19,14
050,46,041,"South Dakota","Dewey County",5,70,33,20,13
050,46,041,"South Dakota","Dewey County",5,71,27,14,13
050,46,041,"South Dakota","Dewey County",5,72,23,7,16
050,46,041,"South Dakota","Dewey County",5,73,22,12,10
050,46,041,"South Dakota","Dewey County",5,74,24,12,12
050,46,041,"South Dakota","Dewey County",5,75,20,8,12
050,46,041,"South Dakota","Dewey County",5,76,19,5,14
050,46,041,"South Dakota","Dewey County",5,77,12,4,8
050,46,041,"South Dakota","Dewey County",5,78,18,9,9
050,46,041,"South Dakota","Dewey County",5,79,20,9,11
050,46,041,"South Dakota","Dewey County",5,80,19,8,11
050,46,041,"South Dakota","Dewey County",5,81,8,6,2
050,46,041,"South Dakota","Dewey County",5,82,7,3,4
050,46,041,"South Dakota","Dewey County",5,83,11,6,5
050,46,041,"South Dakota","Dewey County",5,84,6,0,6
050,46,041,"South Dakota","Dewey County",5,85,28,5,23
050,46,043,"South Dakota","Douglas County",1,0,41,21,20
050,46,043,"South Dakota","Douglas County",1,1,43,20,23
050,46,043,"South Dakota","Douglas County",1,2,53,20,33
050,46,043,"South Dakota","Douglas County",1,3,43,20,23
050,46,043,"South Dakota","Douglas County",1,4,48,18,30
050,46,043,"South Dakota","Douglas County",1,5,44,16,28
050,46,043,"South Dakota","Douglas County",1,6,40,19,21
050,46,043,"South Dakota","Douglas County",1,7,40,15,25
050,46,043,"South Dakota","Douglas County",1,8,41,20,21
050,46,043,"South Dakota","Douglas County",1,9,37,24,13
050,46,043,"South Dakota","Douglas County",1,10,37,22,15
050,46,043,"South Dakota","Douglas County",1,11,37,18,19
050,46,043,"South Dakota","Douglas County",1,12,39,18,21
050,46,043,"South Dakota","Douglas County",1,13,37,18,19
050,46,043,"South Dakota","Douglas County",1,14,38,19,19
050,46,043,"South Dakota","Douglas County",1,15,48,24,24
050,46,043,"South Dakota","Douglas County",1,16,40,20,20
050,46,043,"South Dakota","Douglas County",1,17,41,22,19
050,46,043,"South Dakota","Douglas County",1,18,34,22,12
050,46,043,"South Dakota","Douglas County",1,19,31,18,13
050,46,043,"South Dakota","Douglas County",1,20,28,16,12
050,46,043,"South Dakota","Douglas County",1,21,21,12,9
050,46,043,"South Dakota","Douglas County",1,22,23,11,12
050,46,043,"South Dakota","Douglas County",1,23,21,11,10
050,46,043,"South Dakota","Douglas County",1,24,30,16,14
050,46,043,"South Dakota","Douglas County",1,25,24,11,13
050,46,043,"South Dakota","Douglas County",1,26,29,13,16
050,46,043,"South Dakota","Douglas County",1,27,30,17,13
050,46,043,"South Dakota","Douglas County",1,28,22,13,9
050,46,043,"South Dakota","Douglas County",1,29,19,10,9
050,46,043,"South Dakota","Douglas County",1,30,24,15,9
050,46,043,"South Dakota","Douglas County",1,31,24,13,11
050,46,043,"South Dakota","Douglas County",1,32,25,9,16
050,46,043,"South Dakota","Douglas County",1,33,28,11,17
050,46,043,"South Dakota","Douglas County",1,34,31,20,11
050,46,043,"South Dakota","Douglas County",1,35,26,14,12
050,46,043,"South Dakota","Douglas County",1,36,29,17,12
050,46,043,"South Dakota","Douglas County",1,37,29,17,12
050,46,043,"South Dakota","Douglas County",1,38,30,20,10
050,46,043,"South Dakota","Douglas County",1,39,19,9,10
050,46,043,"South Dakota","Douglas County",1,40,30,13,17
050,46,043,"South Dakota","Douglas County",1,41,26,12,14
050,46,043,"South Dakota","Douglas County",1,42,29,16,13
050,46,043,"South Dakota","Douglas County",1,43,26,15,11
050,46,043,"South Dakota","Douglas County",1,44,25,15,10
050,46,043,"South Dakota","Douglas County",1,45,22,10,12
050,46,043,"South Dakota","Douglas County",1,46,16,4,12
050,46,043,"South Dakota","Douglas County",1,47,21,11,10
050,46,043,"South Dakota","Douglas County",1,48,22,10,12
050,46,043,"South Dakota","Douglas County",1,49,29,13,16
050,46,043,"South Dakota","Douglas County",1,50,27,14,13
050,46,043,"South Dakota","Douglas County",1,51,30,15,15
050,46,043,"South Dakota","Douglas County",1,52,31,11,20
050,46,043,"South Dakota","Douglas County",1,53,25,15,10
050,46,043,"South Dakota","Douglas County",1,54,38,19,19
050,46,043,"South Dakota","Douglas County",1,55,35,20,15
050,46,043,"South Dakota","Douglas County",1,56,36,18,18
050,46,043,"South Dakota","Douglas County",1,57,40,18,22
050,46,043,"South Dakota","Douglas County",1,58,45,24,21
050,46,043,"South Dakota","Douglas County",1,59,40,22,18
050,46,043,"South Dakota","Douglas County",1,60,44,22,22
050,46,043,"South Dakota","Douglas County",1,61,48,25,23
050,46,043,"South Dakota","Douglas County",1,62,51,28,23
050,46,043,"South Dakota","Douglas County",1,63,50,26,24
050,46,043,"South Dakota","Douglas County",1,64,47,26,21
050,46,043,"South Dakota","Douglas County",1,65,45,25,20
050,46,043,"South Dakota","Douglas County",1,66,34,13,21
050,46,043,"South Dakota","Douglas County",1,67,32,18,14
050,46,043,"South Dakota","Douglas County",1,68,33,19,14
050,46,043,"South Dakota","Douglas County",1,69,36,18,18
050,46,043,"South Dakota","Douglas County",1,70,37,20,17
050,46,043,"South Dakota","Douglas County",1,71,33,15,18
050,46,043,"South Dakota","Douglas County",1,72,34,17,17
050,46,043,"South Dakota","Douglas County",1,73,36,17,19
050,46,043,"South Dakota","Douglas County",1,74,24,11,13
050,46,043,"South Dakota","Douglas County",1,75,26,14,12
050,46,043,"South Dakota","Douglas County",1,76,30,16,14
050,46,043,"South Dakota","Douglas County",1,77,27,13,14
050,46,043,"South Dakota","Douglas County",1,78,23,12,11
050,46,043,"South Dakota","Douglas County",1,79,22,14,8
050,46,043,"South Dakota","Douglas County",1,80,14,9,5
050,46,043,"South Dakota","Douglas County",1,81,12,6,6
050,46,043,"South Dakota","Douglas County",1,82,21,10,11
050,46,043,"South Dakota","Douglas County",1,83,16,6,10
050,46,043,"South Dakota","Douglas County",1,84,15,5,10
050,46,043,"South Dakota","Douglas County",1,85,126,37,89
050,46,043,"South Dakota","Douglas County",2,0,46,21,25
050,46,043,"South Dakota","Douglas County",2,1,42,20,22
050,46,043,"South Dakota","Douglas County",2,2,50,20,30
050,46,043,"South Dakota","Douglas County",2,3,45,20,25
050,46,043,"South Dakota","Douglas County",2,4,47,18,29
050,46,043,"South Dakota","Douglas County",2,5,45,17,28
050,46,043,"South Dakota","Douglas County",2,6,41,18,23
050,46,043,"South Dakota","Douglas County",2,7,41,17,24
050,46,043,"South Dakota","Douglas County",2,8,41,19,22
050,46,043,"South Dakota","Douglas County",2,9,37,23,14
050,46,043,"South Dakota","Douglas County",2,10,38,23,15
050,46,043,"South Dakota","Douglas County",2,11,36,18,18
050,46,043,"South Dakota","Douglas County",2,12,39,18,21
050,46,043,"South Dakota","Douglas County",2,13,37,18,19
050,46,043,"South Dakota","Douglas County",2,14,38,18,20
050,46,043,"South Dakota","Douglas County",2,15,45,23,22
050,46,043,"South Dakota","Douglas County",2,16,41,20,21
050,46,043,"South Dakota","Douglas County",2,17,41,22,19
050,46,043,"South Dakota","Douglas County",2,18,34,21,13
050,46,043,"South Dakota","Douglas County",2,19,29,18,11
050,46,043,"South Dakota","Douglas County",2,20,28,16,12
050,46,043,"South Dakota","Douglas County",2,21,23,13,10
050,46,043,"South Dakota","Douglas County",2,22,22,11,11
050,46,043,"South Dakota","Douglas County",2,23,22,11,11
050,46,043,"South Dakota","Douglas County",2,24,29,15,14
050,46,043,"South Dakota","Douglas County",2,25,26,12,14
050,46,043,"South Dakota","Douglas County",2,26,28,13,15
050,46,043,"South Dakota","Douglas County",2,27,29,16,13
050,46,043,"South Dakota","Douglas County",2,28,23,13,10
050,46,043,"South Dakota","Douglas County",2,29,20,11,9
050,46,043,"South Dakota","Douglas County",2,30,24,15,9
050,46,043,"South Dakota","Douglas County",2,31,23,13,10
050,46,043,"South Dakota","Douglas County",2,32,25,10,15
050,46,043,"South Dakota","Douglas County",2,33,26,11,15
050,46,043,"South Dakota","Douglas County",2,34,30,18,12
050,46,043,"South Dakota","Douglas County",2,35,27,15,12
050,46,043,"South Dakota","Douglas County",2,36,28,16,12
050,46,043,"South Dakota","Douglas County",2,37,29,17,12
050,46,043,"South Dakota","Douglas County",2,38,31,20,11
050,46,043,"South Dakota","Douglas County",2,39,22,12,10
050,46,043,"South Dakota","Douglas County",2,40,28,12,16
050,46,043,"South Dakota","Douglas County",2,41,28,13,15
050,46,043,"South Dakota","Douglas County",2,42,28,15,13
050,46,043,"South Dakota","Douglas County",2,43,27,16,11
050,46,043,"South Dakota","Douglas County",2,44,25,14,11
050,46,043,"South Dakota","Douglas County",2,45,23,12,11
050,46,043,"South Dakota","Douglas County",2,46,16,5,11
050,46,043,"South Dakota","Douglas County",2,47,20,10,10
050,46,043,"South Dakota","Douglas County",2,48,21,10,11
050,46,043,"South Dakota","Douglas County",2,49,28,13,15
050,46,043,"South Dakota","Douglas County",2,50,28,14,14
050,46,043,"South Dakota","Douglas County",2,51,30,15,15
050,46,043,"South Dakota","Douglas County",2,52,31,11,20
050,46,043,"South Dakota","Douglas County",2,53,25,14,11
050,46,043,"South Dakota","Douglas County",2,54,36,18,18
050,46,043,"South Dakota","Douglas County",2,55,33,19,14
050,46,043,"South Dakota","Douglas County",2,56,36,19,17
050,46,043,"South Dakota","Douglas County",2,57,39,18,21
050,46,043,"South Dakota","Douglas County",2,58,45,23,22
050,46,043,"South Dakota","Douglas County",2,59,41,22,19
050,46,043,"South Dakota","Douglas County",2,60,43,22,21
050,46,043,"South Dakota","Douglas County",2,61,47,24,23
050,46,043,"South Dakota","Douglas County",2,62,50,27,23
050,46,043,"South Dakota","Douglas County",2,63,51,27,24
050,46,043,"South Dakota","Douglas County",2,64,48,26,22
050,46,043,"South Dakota","Douglas County",2,65,45,25,20
050,46,043,"South Dakota","Douglas County",2,66,37,16,21
050,46,043,"South Dakota","Douglas County",2,67,33,17,16
050,46,043,"South Dakota","Douglas County",2,68,33,19,14
050,46,043,"South Dakota","Douglas County",2,69,33,16,17
050,46,043,"South Dakota","Douglas County",2,70,37,20,17
050,46,043,"South Dakota","Douglas County",2,71,32,15,17
050,46,043,"South Dakota","Douglas County",2,72,33,16,17
050,46,043,"South Dakota","Douglas County",2,73,38,18,20
050,46,043,"South Dakota","Douglas County",2,74,24,11,13
050,46,043,"South Dakota","Douglas County",2,75,26,13,13
050,46,043,"South Dakota","Douglas County",2,76,30,16,14
050,46,043,"South Dakota","Douglas County",2,77,27,13,14
050,46,043,"South Dakota","Douglas County",2,78,23,12,11
050,46,043,"South Dakota","Douglas County",2,79,22,13,9
050,46,043,"South Dakota","Douglas County",2,80,16,10,6
050,46,043,"South Dakota","Douglas County",2,81,12,7,5
050,46,043,"South Dakota","Douglas County",2,82,20,9,11
050,46,043,"South Dakota","Douglas County",2,83,17,7,10
050,46,043,"South Dakota","Douglas County",2,84,15,5,10
050,46,043,"South Dakota","Douglas County",2,85,126,37,89
050,46,043,"South Dakota","Douglas County",3,0,40,18,22
050,46,043,"South Dakota","Douglas County",3,1,48,23,25
050,46,043,"South Dakota","Douglas County",3,2,41,19,22
050,46,043,"South Dakota","Douglas County",3,3,51,20,31
050,46,043,"South Dakota","Douglas County",3,4,43,20,23
050,46,043,"South Dakota","Douglas County",3,5,47,18,29
050,46,043,"South Dakota","Douglas County",3,6,43,16,27
050,46,043,"South Dakota","Douglas County",3,7,41,19,22
050,46,043,"South Dakota","Douglas County",3,8,41,17,24
050,46,043,"South Dakota","Douglas County",3,9,43,18,25
050,46,043,"South Dakota","Douglas County",3,10,39,25,14
050,46,043,"South Dakota","Douglas County",3,11,36,22,14
050,46,043,"South Dakota","Douglas County",3,12,34,15,19
050,46,043,"South Dakota","Douglas County",3,13,37,17,20
050,46,043,"South Dakota","Douglas County",3,14,38,18,20
050,46,043,"South Dakota","Douglas County",3,15,39,20,19
050,46,043,"South Dakota","Douglas County",3,16,46,24,22
050,46,043,"South Dakota","Douglas County",3,17,41,21,20
050,46,043,"South Dakota","Douglas County",3,18,37,20,17
050,46,043,"South Dakota","Douglas County",3,19,26,17,9
050,46,043,"South Dakota","Douglas County",3,20,31,19,12
050,46,043,"South Dakota","Douglas County",3,21,28,15,13
050,46,043,"South Dakota","Douglas County",3,22,17,12,5
050,46,043,"South Dakota","Douglas County",3,23,24,13,11
050,46,043,"South Dakota","Douglas County",3,24,21,11,10
050,46,043,"South Dakota","Douglas County",3,25,33,18,15
050,46,043,"South Dakota","Douglas County",3,26,30,17,13
050,46,043,"South Dakota","Douglas County",3,27,28,14,14
050,46,043,"South Dakota","Douglas County",3,28,30,16,14
050,46,043,"South Dakota","Douglas County",3,29,27,15,12
050,46,043,"South Dakota","Douglas County",3,30,22,12,10
050,46,043,"South Dakota","Douglas County",3,31,22,13,9
050,46,043,"South Dakota","Douglas County",3,32,24,13,11
050,46,043,"South Dakota","Douglas County",3,33,25,8,17
050,46,043,"South Dakota","Douglas County",3,34,27,12,15
050,46,043,"South Dakota","Douglas County",3,35,32,19,13
050,46,043,"South Dakota","Douglas County",3,36,27,16,11
050,46,043,"South Dakota","Douglas County",3,37,27,16,11
050,46,043,"South Dakota","Douglas County",3,38,28,17,11
050,46,043,"South Dakota","Douglas County",3,39,29,19,10
050,46,043,"South Dakota","Douglas County",3,40,21,12,9
050,46,043,"South Dakota","Douglas County",3,41,28,12,16
050,46,043,"South Dakota","Douglas County",3,42,26,13,13
050,46,043,"South Dakota","Douglas County",3,43,30,15,15
050,46,043,"South Dakota","Douglas County",3,44,27,16,11
050,46,043,"South Dakota","Douglas County",3,45,25,14,11
050,46,043,"South Dakota","Douglas County",3,46,24,12,12
050,46,043,"South Dakota","Douglas County",3,47,17,6,11
050,46,043,"South Dakota","Douglas County",3,48,19,10,9
050,46,043,"South Dakota","Douglas County",3,49,18,7,11
050,46,043,"South Dakota","Douglas County",3,50,29,13,16
050,46,043,"South Dakota","Douglas County",3,51,30,16,14
050,46,043,"South Dakota","Douglas County",3,52,31,15,16
050,46,043,"South Dakota","Douglas County",3,53,29,9,20
050,46,043,"South Dakota","Douglas County",3,54,31,14,17
050,46,043,"South Dakota","Douglas County",3,55,29,17,12
050,46,043,"South Dakota","Douglas County",3,56,34,19,15
050,46,043,"South Dakota","Douglas County",3,57,37,20,17
050,46,043,"South Dakota","Douglas County",3,58,41,20,21
050,46,043,"South Dakota","Douglas County",3,59,43,21,22
050,46,043,"South Dakota","Douglas County",3,60,41,21,20
050,46,043,"South Dakota","Douglas County",3,61,40,19,21
050,46,043,"South Dakota","Douglas County",3,62,43,23,20
050,46,043,"South Dakota","Douglas County",3,63,51,27,24
050,46,043,"South Dakota","Douglas County",3,64,51,27,24
050,46,043,"South Dakota","Douglas County",3,65,46,25,21
050,46,043,"South Dakota","Douglas County",3,66,44,24,20
050,46,043,"South Dakota","Douglas County",3,67,37,16,21
050,46,043,"South Dakota","Douglas County",3,68,32,15,17
050,46,043,"South Dakota","Douglas County",3,69,31,18,13
050,46,043,"South Dakota","Douglas County",3,70,35,19,16
050,46,043,"South Dakota","Douglas County",3,71,31,16,15
050,46,043,"South Dakota","Douglas County",3,72,29,13,16
050,46,043,"South Dakota","Douglas County",3,73,29,12,17
050,46,043,"South Dakota","Douglas County",3,74,35,17,18
050,46,043,"South Dakota","Douglas County",3,75,26,11,15
050,46,043,"South Dakota","Douglas County",3,76,27,13,14
050,46,043,"South Dakota","Douglas County",3,77,26,15,11
050,46,043,"South Dakota","Douglas County",3,78,25,12,13
050,46,043,"South Dakota","Douglas County",3,79,24,13,11
050,46,043,"South Dakota","Douglas County",3,80,18,11,7
050,46,043,"South Dakota","Douglas County",3,81,15,10,5
050,46,043,"South Dakota","Douglas County",3,82,15,5,10
050,46,043,"South Dakota","Douglas County",3,83,14,6,8
050,46,043,"South Dakota","Douglas County",3,84,13,4,9
050,46,043,"South Dakota","Douglas County",3,85,121,36,85
050,46,043,"South Dakota","Douglas County",4,0,43,23,20
050,46,043,"South Dakota","Douglas County",4,1,40,18,22
050,46,043,"South Dakota","Douglas County",4,2,46,22,24
050,46,043,"South Dakota","Douglas County",4,3,42,20,22
050,46,043,"South Dakota","Douglas County",4,4,49,19,30
050,46,043,"South Dakota","Douglas County",4,5,42,21,21
050,46,043,"South Dakota","Douglas County",4,6,49,20,29
050,46,043,"South Dakota","Douglas County",4,7,41,15,26
050,46,043,"South Dakota","Douglas County",4,8,43,19,24
050,46,043,"South Dakota","Douglas County",4,9,39,15,24
050,46,043,"South Dakota","Douglas County",4,10,44,19,25
050,46,043,"South Dakota","Douglas County",4,11,40,25,15
050,46,043,"South Dakota","Douglas County",4,12,37,22,15
050,46,043,"South Dakota","Douglas County",4,13,34,16,18
050,46,043,"South Dakota","Douglas County",4,14,35,16,19
050,46,043,"South Dakota","Douglas County",4,15,39,20,19
050,46,043,"South Dakota","Douglas County",4,16,38,17,21
050,46,043,"South Dakota","Douglas County",4,17,43,22,21
050,46,043,"South Dakota","Douglas County",4,18,34,18,16
050,46,043,"South Dakota","Douglas County",4,19,27,15,12
050,46,043,"South Dakota","Douglas County",4,20,24,16,8
050,46,043,"South Dakota","Douglas County",4,21,28,16,12
050,46,043,"South Dakota","Douglas County",4,22,29,17,12
050,46,043,"South Dakota","Douglas County",4,23,27,16,11
050,46,043,"South Dakota","Douglas County",4,24,23,13,10
050,46,043,"South Dakota","Douglas County",4,25,24,10,14
050,46,043,"South Dakota","Douglas County",4,26,30,15,15
050,46,043,"South Dakota","Douglas County",4,27,30,18,12
050,46,043,"South Dakota","Douglas County",4,28,26,13,13
050,46,043,"South Dakota","Douglas County",4,29,29,16,13
050,46,043,"South Dakota","Douglas County",4,30,29,17,12
050,46,043,"South Dakota","Douglas County",4,31,24,12,12
050,46,043,"South Dakota","Douglas County",4,32,21,13,8
050,46,043,"South Dakota","Douglas County",4,33,23,12,11
050,46,043,"South Dakota","Douglas County",4,34,23,8,15
050,46,043,"South Dakota","Douglas County",4,35,30,12,18
050,46,043,"South Dakota","Douglas County",4,36,32,18,14
050,46,043,"South Dakota","Douglas County",4,37,26,16,10
050,46,043,"South Dakota","Douglas County",4,38,27,15,12
050,46,043,"South Dakota","Douglas County",4,39,27,17,10
050,46,043,"South Dakota","Douglas County",4,40,29,19,10
050,46,043,"South Dakota","Douglas County",4,41,22,12,10
050,46,043,"South Dakota","Douglas County",4,42,26,12,14
050,46,043,"South Dakota","Douglas County",4,43,27,15,12
050,46,043,"South Dakota","Douglas County",4,44,33,15,18
050,46,043,"South Dakota","Douglas County",4,45,30,19,11
050,46,043,"South Dakota","Douglas County",4,46,26,15,11
050,46,043,"South Dakota","Douglas County",4,47,26,14,12
050,46,043,"South Dakota","Douglas County",4,48,16,5,11
050,46,043,"South Dakota","Douglas County",4,49,20,11,9
050,46,043,"South Dakota","Douglas County",4,50,19,7,12
050,46,043,"South Dakota","Douglas County",4,51,30,14,16
050,46,043,"South Dakota","Douglas County",4,52,30,15,15
050,46,043,"South Dakota","Douglas County",4,53,28,15,13
050,46,043,"South Dakota","Douglas County",4,54,34,8,26
050,46,043,"South Dakota","Douglas County",4,55,24,13,11
050,46,043,"South Dakota","Douglas County",4,56,28,16,12
050,46,043,"South Dakota","Douglas County",4,57,34,19,15
050,46,043,"South Dakota","Douglas County",4,58,41,24,17
050,46,043,"South Dakota","Douglas County",4,59,38,18,20
050,46,043,"South Dakota","Douglas County",4,60,42,20,22
050,46,043,"South Dakota","Douglas County",4,61,40,20,20
050,46,043,"South Dakota","Douglas County",4,62,39,19,20
050,46,043,"South Dakota","Douglas County",4,63,40,21,19
050,46,043,"South Dakota","Douglas County",4,64,51,27,24
050,46,043,"South Dakota","Douglas County",4,65,49,26,23
050,46,043,"South Dakota","Douglas County",4,66,43,23,20
050,46,043,"South Dakota","Douglas County",4,67,40,23,17
050,46,043,"South Dakota","Douglas County",4,68,36,16,20
050,46,043,"South Dakota","Douglas County",4,69,31,15,16
050,46,043,"South Dakota","Douglas County",4,70,32,19,13
050,46,043,"South Dakota","Douglas County",4,71,30,16,14
050,46,043,"South Dakota","Douglas County",4,72,30,16,14
050,46,043,"South Dakota","Douglas County",4,73,27,11,16
050,46,043,"South Dakota","Douglas County",4,74,27,11,16
050,46,043,"South Dakota","Douglas County",4,75,36,17,19
050,46,043,"South Dakota","Douglas County",4,76,26,10,16
050,46,043,"South Dakota","Douglas County",4,77,21,11,10
050,46,043,"South Dakota","Douglas County",4,78,24,14,10
050,46,043,"South Dakota","Douglas County",4,79,25,13,12
050,46,043,"South Dakota","Douglas County",4,80,21,11,10
050,46,043,"South Dakota","Douglas County",4,81,17,11,6
050,46,043,"South Dakota","Douglas County",4,82,18,8,10
050,46,043,"South Dakota","Douglas County",4,83,12,4,8
050,46,043,"South Dakota","Douglas County",4,84,11,5,6
050,46,043,"South Dakota","Douglas County",4,85,121,37,84
050,46,043,"South Dakota","Douglas County",5,0,44,23,21
050,46,043,"South Dakota","Douglas County",5,1,43,23,20
050,46,043,"South Dakota","Douglas County",5,2,44,21,23
050,46,043,"South Dakota","Douglas County",5,3,47,24,23
050,46,043,"South Dakota","Douglas County",5,4,46,25,21
050,46,043,"South Dakota","Douglas County",5,5,51,20,31
050,46,043,"South Dakota","Douglas County",5,6,49,26,23
050,46,043,"South Dakota","Douglas County",5,7,47,19,28
050,46,043,"South Dakota","Douglas County",5,8,41,14,27
050,46,043,"South Dakota","Douglas County",5,9,45,19,26
050,46,043,"South Dakota","Douglas County",5,10,41,17,24
050,46,043,"South Dakota","Douglas County",5,11,42,16,26
050,46,043,"South Dakota","Douglas County",5,12,44,27,17
050,46,043,"South Dakota","Douglas County",5,13,37,22,15
050,46,043,"South Dakota","Douglas County",5,14,39,19,20
050,46,043,"South Dakota","Douglas County",5,15,36,17,19
050,46,043,"South Dakota","Douglas County",5,16,39,19,20
050,46,043,"South Dakota","Douglas County",5,17,38,18,20
050,46,043,"South Dakota","Douglas County",5,18,37,18,19
050,46,043,"South Dakota","Douglas County",5,19,24,13,11
050,46,043,"South Dakota","Douglas County",5,20,30,16,14
050,46,043,"South Dakota","Douglas County",5,21,25,16,9
050,46,043,"South Dakota","Douglas County",5,22,25,15,10
050,46,043,"South Dakota","Douglas County",5,23,32,18,14
050,46,043,"South Dakota","Douglas County",5,24,21,14,7
050,46,043,"South Dakota","Douglas County",5,25,26,14,12
050,46,043,"South Dakota","Douglas County",5,26,26,11,15
050,46,043,"South Dakota","Douglas County",5,27,30,15,15
050,46,043,"South Dakota","Douglas County",5,28,31,19,12
050,46,043,"South Dakota","Douglas County",5,29,28,13,15
050,46,043,"South Dakota","Douglas County",5,30,39,20,19
050,46,043,"South Dakota","Douglas County",5,31,33,18,15
050,46,043,"South Dakota","Douglas County",5,32,27,15,12
050,46,043,"South Dakota","Douglas County",5,33,21,13,8
050,46,043,"South Dakota","Douglas County",5,34,21,11,10
050,46,043,"South Dakota","Douglas County",5,35,25,10,15
050,46,043,"South Dakota","Douglas County",5,36,35,12,23
050,46,043,"South Dakota","Douglas County",5,37,30,18,12
050,46,043,"South Dakota","Douglas County",5,38,27,17,10
050,46,043,"South Dakota","Douglas County",5,39,29,17,12
050,46,043,"South Dakota","Douglas County",5,40,27,18,9
050,46,043,"South Dakota","Douglas County",5,41,32,20,12
050,46,043,"South Dakota","Douglas County",5,42,22,11,11
050,46,043,"South Dakota","Douglas County",5,43,24,10,14
050,46,043,"South Dakota","Douglas County",5,44,28,17,11
050,46,043,"South Dakota","Douglas County",5,45,31,15,16
050,46,043,"South Dakota","Douglas County",5,46,30,19,11
050,46,043,"South Dakota","Douglas County",5,47,26,16,10
050,46,043,"South Dakota","Douglas County",5,48,26,13,13
050,46,043,"South Dakota","Douglas County",5,49,16,5,11
050,46,043,"South Dakota","Douglas County",5,50,21,11,10
050,46,043,"South Dakota","Douglas County",5,51,22,10,12
050,46,043,"South Dakota","Douglas County",5,52,30,12,18
050,46,043,"South Dakota","Douglas County",5,53,29,14,15
050,46,043,"South Dakota","Douglas County",5,54,33,15,18
050,46,043,"South Dakota","Douglas County",5,55,28,8,20
050,46,043,"South Dakota","Douglas County",5,56,23,13,10
050,46,043,"South Dakota","Douglas County",5,57,29,17,12
050,46,043,"South Dakota","Douglas County",5,58,37,22,15
050,46,043,"South Dakota","Douglas County",5,59,38,21,17
050,46,043,"South Dakota","Douglas County",5,60,37,17,20
050,46,043,"South Dakota","Douglas County",5,61,39,19,20
050,46,043,"South Dakota","Douglas County",5,62,36,18,18
050,46,043,"South Dakota","Douglas County",5,63,42,21,21
050,46,043,"South Dakota","Douglas County",5,64,41,21,20
050,46,043,"South Dakota","Douglas County",5,65,47,24,23
050,46,043,"South Dakota","Douglas County",5,66,48,24,24
050,46,043,"South Dakota","Douglas County",5,67,41,22,19
050,46,043,"South Dakota","Douglas County",5,68,39,22,17
050,46,043,"South Dakota","Douglas County",5,69,36,16,20
050,46,043,"South Dakota","Douglas County",5,70,32,16,16
050,46,043,"South Dakota","Douglas County",5,71,28,16,12
050,46,043,"South Dakota","Douglas County",5,72,27,15,12
050,46,043,"South Dakota","Douglas County",5,73,30,16,14
050,46,043,"South Dakota","Douglas County",5,74,27,11,16
050,46,043,"South Dakota","Douglas County",5,75,32,14,18
050,46,043,"South Dakota","Douglas County",5,76,34,15,19
050,46,043,"South Dakota","Douglas County",5,77,21,8,13
050,46,043,"South Dakota","Douglas County",5,78,20,10,10
050,46,043,"South Dakota","Douglas County",5,79,26,15,11
050,46,043,"South Dakota","Douglas County",5,80,21,10,11
050,46,043,"South Dakota","Douglas County",5,81,20,11,9
050,46,043,"South Dakota","Douglas County",5,82,21,9,12
050,46,043,"South Dakota","Douglas County",5,83,15,7,8
050,46,043,"South Dakota","Douglas County",5,84,9,3,6
050,46,043,"South Dakota","Douglas County",5,85,122,41,81
050,46,045,"South Dakota","Edmunds County",1,0,49,25,24
050,46,045,"South Dakota","Edmunds County",1,1,46,19,27
050,46,045,"South Dakota","Edmunds County",1,2,41,19,22
050,46,045,"South Dakota","Edmunds County",1,3,52,27,25
050,46,045,"South Dakota","Edmunds County",1,4,42,22,20
050,46,045,"South Dakota","Edmunds County",1,5,48,19,29
050,46,045,"South Dakota","Edmunds County",1,6,56,29,27
050,46,045,"South Dakota","Edmunds County",1,7,62,28,34
050,46,045,"South Dakota","Edmunds County",1,8,50,24,26
050,46,045,"South Dakota","Edmunds County",1,9,36,17,19
050,46,045,"South Dakota","Edmunds County",1,10,40,19,21
050,46,045,"South Dakota","Edmunds County",1,11,46,25,21
050,46,045,"South Dakota","Edmunds County",1,12,49,26,23
050,46,045,"South Dakota","Edmunds County",1,13,43,26,17
050,46,045,"South Dakota","Edmunds County",1,14,54,33,21
050,46,045,"South Dakota","Edmunds County",1,15,48,29,19
050,46,045,"South Dakota","Edmunds County",1,16,54,28,26
050,46,045,"South Dakota","Edmunds County",1,17,51,22,29
050,46,045,"South Dakota","Edmunds County",1,18,36,15,21
050,46,045,"South Dakota","Edmunds County",1,19,33,18,15
050,46,045,"South Dakota","Edmunds County",1,20,32,17,15
050,46,045,"South Dakota","Edmunds County",1,21,30,16,14
050,46,045,"South Dakota","Edmunds County",1,22,36,16,20
050,46,045,"South Dakota","Edmunds County",1,23,36,16,20
050,46,045,"South Dakota","Edmunds County",1,24,43,23,20
050,46,045,"South Dakota","Edmunds County",1,25,46,25,21
050,46,045,"South Dakota","Edmunds County",1,26,46,27,19
050,46,045,"South Dakota","Edmunds County",1,27,42,19,23
050,46,045,"South Dakota","Edmunds County",1,28,39,22,17
050,46,045,"South Dakota","Edmunds County",1,29,30,20,10
050,46,045,"South Dakota","Edmunds County",1,30,27,16,11
050,46,045,"South Dakota","Edmunds County",1,31,34,12,22
050,46,045,"South Dakota","Edmunds County",1,32,40,19,21
050,46,045,"South Dakota","Edmunds County",1,33,45,19,26
050,46,045,"South Dakota","Edmunds County",1,34,51,26,25
050,46,045,"South Dakota","Edmunds County",1,35,43,21,22
050,46,045,"South Dakota","Edmunds County",1,36,49,20,29
050,46,045,"South Dakota","Edmunds County",1,37,44,20,24
050,46,045,"South Dakota","Edmunds County",1,38,44,25,19
050,46,045,"South Dakota","Edmunds County",1,39,40,23,17
050,46,045,"South Dakota","Edmunds County",1,40,43,24,19
050,46,045,"South Dakota","Edmunds County",1,41,40,21,19
050,46,045,"South Dakota","Edmunds County",1,42,42,24,18
050,46,045,"South Dakota","Edmunds County",1,43,40,22,18
050,46,045,"South Dakota","Edmunds County",1,44,45,24,21
050,46,045,"South Dakota","Edmunds County",1,45,34,19,15
050,46,045,"South Dakota","Edmunds County",1,46,32,18,14
050,46,045,"South Dakota","Edmunds County",1,47,49,32,17
050,46,045,"South Dakota","Edmunds County",1,48,44,22,22
050,46,045,"South Dakota","Edmunds County",1,49,52,30,22
050,46,045,"South Dakota","Edmunds County",1,50,52,26,26
050,46,045,"South Dakota","Edmunds County",1,51,42,22,20
050,46,045,"South Dakota","Edmunds County",1,52,38,18,20
050,46,045,"South Dakota","Edmunds County",1,53,43,21,22
050,46,045,"South Dakota","Edmunds County",1,54,54,26,28
050,46,045,"South Dakota","Edmunds County",1,55,71,27,44
050,46,045,"South Dakota","Edmunds County",1,56,73,35,38
050,46,045,"South Dakota","Edmunds County",1,57,63,35,28
050,46,045,"South Dakota","Edmunds County",1,58,76,44,32
050,46,045,"South Dakota","Edmunds County",1,59,82,43,39
050,46,045,"South Dakota","Edmunds County",1,60,62,34,28
050,46,045,"South Dakota","Edmunds County",1,61,59,37,22
050,46,045,"South Dakota","Edmunds County",1,62,68,39,29
050,46,045,"South Dakota","Edmunds County",1,63,66,34,32
050,46,045,"South Dakota","Edmunds County",1,64,69,33,36
050,46,045,"South Dakota","Edmunds County",1,65,59,30,29
050,46,045,"South Dakota","Edmunds County",1,66,65,35,30
050,46,045,"South Dakota","Edmunds County",1,67,51,23,28
050,46,045,"South Dakota","Edmunds County",1,68,53,28,25
050,46,045,"South Dakota","Edmunds County",1,69,53,29,24
050,46,045,"South Dakota","Edmunds County",1,70,50,25,25
050,46,045,"South Dakota","Edmunds County",1,71,52,26,26
050,46,045,"South Dakota","Edmunds County",1,72,51,25,26
050,46,045,"South Dakota","Edmunds County",1,73,38,20,18
050,46,045,"South Dakota","Edmunds County",1,74,28,15,13
050,46,045,"South Dakota","Edmunds County",1,75,28,13,15
050,46,045,"South Dakota","Edmunds County",1,76,34,12,22
050,46,045,"South Dakota","Edmunds County",1,77,33,14,19
050,46,045,"South Dakota","Edmunds County",1,78,36,18,18
050,46,045,"South Dakota","Edmunds County",1,79,29,15,14
050,46,045,"South Dakota","Edmunds County",1,80,26,11,15
050,46,045,"South Dakota","Edmunds County",1,81,27,15,12
050,46,045,"South Dakota","Edmunds County",1,82,24,10,14
050,46,045,"South Dakota","Edmunds County",1,83,20,9,11
050,46,045,"South Dakota","Edmunds County",1,84,20,11,9
050,46,045,"South Dakota","Edmunds County",1,85,138,51,87
050,46,045,"South Dakota","Edmunds County",2,0,59,27,32
050,46,045,"South Dakota","Edmunds County",2,1,46,20,26
050,46,045,"South Dakota","Edmunds County",2,2,41,19,22
050,46,045,"South Dakota","Edmunds County",2,3,47,24,23
050,46,045,"South Dakota","Edmunds County",2,4,45,23,22
050,46,045,"South Dakota","Edmunds County",2,5,46,19,27
050,46,045,"South Dakota","Edmunds County",2,6,54,27,27
050,46,045,"South Dakota","Edmunds County",2,7,60,28,32
050,46,045,"South Dakota","Edmunds County",2,8,52,24,28
050,46,045,"South Dakota","Edmunds County",2,9,38,18,20
050,46,045,"South Dakota","Edmunds County",2,10,39,19,20
050,46,045,"South Dakota","Edmunds County",2,11,45,24,21
050,46,045,"South Dakota","Edmunds County",2,12,49,26,23
050,46,045,"South Dakota","Edmunds County",2,13,43,25,18
050,46,045,"South Dakota","Edmunds County",2,14,52,31,21
050,46,045,"South Dakota","Edmunds County",2,15,49,30,19
050,46,045,"South Dakota","Edmunds County",2,16,52,28,24
050,46,045,"South Dakota","Edmunds County",2,17,53,24,29
050,46,045,"South Dakota","Edmunds County",2,18,37,16,21
050,46,045,"South Dakota","Edmunds County",2,19,33,17,16
050,46,045,"South Dakota","Edmunds County",2,20,33,17,16
050,46,045,"South Dakota","Edmunds County",2,21,31,16,15
050,46,045,"South Dakota","Edmunds County",2,22,36,16,20
050,46,045,"South Dakota","Edmunds County",2,23,37,17,20
050,46,045,"South Dakota","Edmunds County",2,24,41,21,20
050,46,045,"South Dakota","Edmunds County",2,25,45,24,21
050,46,045,"South Dakota","Edmunds County",2,26,46,27,19
050,46,045,"South Dakota","Edmunds County",2,27,43,21,22
050,46,045,"South Dakota","Edmunds County",2,28,39,21,18
050,46,045,"South Dakota","Edmunds County",2,29,31,20,11
050,46,045,"South Dakota","Edmunds County",2,30,26,16,10
050,46,045,"South Dakota","Edmunds County",2,31,32,13,19
050,46,045,"South Dakota","Edmunds County",2,32,38,17,21
050,46,045,"South Dakota","Edmunds County",2,33,44,19,25
050,46,045,"South Dakota","Edmunds County",2,34,48,24,24
050,46,045,"South Dakota","Edmunds County",2,35,45,22,23
050,46,045,"South Dakota","Edmunds County",2,36,47,20,27
050,46,045,"South Dakota","Edmunds County",2,37,45,20,25
050,46,045,"South Dakota","Edmunds County",2,38,44,24,20
050,46,045,"South Dakota","Edmunds County",2,39,41,23,18
050,46,045,"South Dakota","Edmunds County",2,40,41,23,18
050,46,045,"South Dakota","Edmunds County",2,41,42,22,20
050,46,045,"South Dakota","Edmunds County",2,42,41,23,18
050,46,045,"South Dakota","Edmunds County",2,43,41,23,18
050,46,045,"South Dakota","Edmunds County",2,44,43,23,20
050,46,045,"South Dakota","Edmunds County",2,45,37,21,16
050,46,045,"South Dakota","Edmunds County",2,46,33,19,14
050,46,045,"South Dakota","Edmunds County",2,47,45,29,16
050,46,045,"South Dakota","Edmunds County",2,48,48,26,22
050,46,045,"South Dakota","Edmunds County",2,49,52,29,23
050,46,045,"South Dakota","Edmunds County",2,50,52,27,25
050,46,045,"South Dakota","Edmunds County",2,51,44,22,22
050,46,045,"South Dakota","Edmunds County",2,52,39,19,20
050,46,045,"South Dakota","Edmunds County",2,53,42,21,21
050,46,045,"South Dakota","Edmunds County",2,54,52,25,27
050,46,045,"South Dakota","Edmunds County",2,55,67,27,40
050,46,045,"South Dakota","Edmunds County",2,56,73,33,40
050,46,045,"South Dakota","Edmunds County",2,57,65,35,30
050,46,045,"South Dakota","Edmunds County",2,58,72,41,31
050,46,045,"South Dakota","Edmunds County",2,59,81,44,37
050,46,045,"South Dakota","Edmunds County",2,60,66,35,31
050,46,045,"South Dakota","Edmunds County",2,61,59,36,23
050,46,045,"South Dakota","Edmunds County",2,62,66,39,27
050,46,045,"South Dakota","Edmunds County",2,63,67,35,32
050,46,045,"South Dakota","Edmunds County",2,64,67,32,35
050,46,045,"South Dakota","Edmunds County",2,65,61,31,30
050,46,045,"South Dakota","Edmunds County",2,66,64,34,30
050,46,045,"South Dakota","Edmunds County",2,67,54,26,28
050,46,045,"South Dakota","Edmunds County",2,68,53,27,26
050,46,045,"South Dakota","Edmunds County",2,69,52,28,24
050,46,045,"South Dakota","Edmunds County",2,70,49,25,24
050,46,045,"South Dakota","Edmunds County",2,71,52,26,26
050,46,045,"South Dakota","Edmunds County",2,72,50,25,25
050,46,045,"South Dakota","Edmunds County",2,73,43,23,20
050,46,045,"South Dakota","Edmunds County",2,74,28,15,13
050,46,045,"South Dakota","Edmunds County",2,75,27,13,14
050,46,045,"South Dakota","Edmunds County",2,76,32,12,20
050,46,045,"South Dakota","Edmunds County",2,77,33,14,19
050,46,045,"South Dakota","Edmunds County",2,78,35,17,18
050,46,045,"South Dakota","Edmunds County",2,79,29,15,14
050,46,045,"South Dakota","Edmunds County",2,80,27,12,15
050,46,045,"South Dakota","Edmunds County",2,81,27,14,13
050,46,045,"South Dakota","Edmunds County",2,82,24,10,14
050,46,045,"South Dakota","Edmunds County",2,83,22,10,12
050,46,045,"South Dakota","Edmunds County",2,84,19,10,9
050,46,045,"South Dakota","Edmunds County",2,85,140,52,88
050,46,045,"South Dakota","Edmunds County",3,0,62,39,23
050,46,045,"South Dakota","Edmunds County",3,1,59,24,35
050,46,045,"South Dakota","Edmunds County",3,2,50,20,30
050,46,045,"South Dakota","Edmunds County",3,3,40,21,19
050,46,045,"South Dakota","Edmunds County",3,4,49,26,23
050,46,045,"South Dakota","Edmunds County",3,5,48,25,23
050,46,045,"South Dakota","Edmunds County",3,6,45,20,25
050,46,045,"South Dakota","Edmunds County",3,7,59,28,31
050,46,045,"South Dakota","Edmunds County",3,8,57,27,30
050,46,045,"South Dakota","Edmunds County",3,9,52,24,28
050,46,045,"South Dakota","Edmunds County",3,10,44,21,23
050,46,045,"South Dakota","Edmunds County",3,11,38,20,18
050,46,045,"South Dakota","Edmunds County",3,12,51,26,25
050,46,045,"South Dakota","Edmunds County",3,13,46,24,22
050,46,045,"South Dakota","Edmunds County",3,14,47,24,23
050,46,045,"South Dakota","Edmunds County",3,15,53,31,22
050,46,045,"South Dakota","Edmunds County",3,16,52,33,19
050,46,045,"South Dakota","Edmunds County",3,17,52,27,25
050,46,045,"South Dakota","Edmunds County",3,18,41,21,20
050,46,045,"South Dakota","Edmunds County",3,19,28,11,17
050,46,045,"South Dakota","Edmunds County",3,20,37,20,17
050,46,045,"South Dakota","Edmunds County",3,21,32,14,18
050,46,045,"South Dakota","Edmunds County",3,22,34,14,20
050,46,045,"South Dakota","Edmunds County",3,23,38,17,21
050,46,045,"South Dakota","Edmunds County",3,24,30,18,12
050,46,045,"South Dakota","Edmunds County",3,25,40,19,21
050,46,045,"South Dakota","Edmunds County",3,26,53,31,22
050,46,045,"South Dakota","Edmunds County",3,27,53,26,27
050,46,045,"South Dakota","Edmunds County",3,28,49,28,21
050,46,045,"South Dakota","Edmunds County",3,29,36,20,16
050,46,045,"South Dakota","Edmunds County",3,30,40,27,13
050,46,045,"South Dakota","Edmunds County",3,31,27,15,12
050,46,045,"South Dakota","Edmunds County",3,32,32,13,19
050,46,045,"South Dakota","Edmunds County",3,33,37,17,20
050,46,045,"South Dakota","Edmunds County",3,34,40,19,21
050,46,045,"South Dakota","Edmunds County",3,35,50,26,24
050,46,045,"South Dakota","Edmunds County",3,36,43,19,24
050,46,045,"South Dakota","Edmunds County",3,37,48,19,29
050,46,045,"South Dakota","Edmunds County",3,38,46,21,25
050,46,045,"South Dakota","Edmunds County",3,39,45,25,20
050,46,045,"South Dakota","Edmunds County",3,40,40,24,16
050,46,045,"South Dakota","Edmunds County",3,41,42,23,19
050,46,045,"South Dakota","Edmunds County",3,42,42,22,20
050,46,045,"South Dakota","Edmunds County",3,43,41,23,18
050,46,045,"South Dakota","Edmunds County",3,44,43,23,20
050,46,045,"South Dakota","Edmunds County",3,45,42,25,17
050,46,045,"South Dakota","Edmunds County",3,46,40,22,18
050,46,045,"South Dakota","Edmunds County",3,47,32,16,16
050,46,045,"South Dakota","Edmunds County",3,48,45,29,16
050,46,045,"South Dakota","Edmunds County",3,49,50,27,23
050,46,045,"South Dakota","Edmunds County",3,50,50,28,22
050,46,045,"South Dakota","Edmunds County",3,51,59,30,29
050,46,045,"South Dakota","Edmunds County",3,52,44,21,23
050,46,045,"South Dakota","Edmunds County",3,53,35,18,17
050,46,045,"South Dakota","Edmunds County",3,54,45,23,22
050,46,045,"South Dakota","Edmunds County",3,55,56,26,30
050,46,045,"South Dakota","Edmunds County",3,56,74,30,44
050,46,045,"South Dakota","Edmunds County",3,57,69,32,37
050,46,045,"South Dakota","Edmunds County",3,58,59,32,27
050,46,045,"South Dakota","Edmunds County",3,59,71,41,30
050,46,045,"South Dakota","Edmunds County",3,60,82,42,40
050,46,045,"South Dakota","Edmunds County",3,61,68,37,31
050,46,045,"South Dakota","Edmunds County",3,62,61,39,22
050,46,045,"South Dakota","Edmunds County",3,63,71,42,29
050,46,045,"South Dakota","Edmunds County",3,64,66,34,32
050,46,045,"South Dakota","Edmunds County",3,65,65,31,34
050,46,045,"South Dakota","Edmunds County",3,66,63,33,30
050,46,045,"South Dakota","Edmunds County",3,67,60,31,29
050,46,045,"South Dakota","Edmunds County",3,68,56,28,28
050,46,045,"South Dakota","Edmunds County",3,69,50,26,24
050,46,045,"South Dakota","Edmunds County",3,70,48,26,22
050,46,045,"South Dakota","Edmunds County",3,71,43,23,20
050,46,045,"South Dakota","Edmunds County",3,72,46,24,22
050,46,045,"South Dakota","Edmunds County",3,73,46,23,23
050,46,045,"South Dakota","Edmunds County",3,74,40,23,17
050,46,045,"South Dakota","Edmunds County",3,75,26,12,14
050,46,045,"South Dakota","Edmunds County",3,76,29,14,15
050,46,045,"South Dakota","Edmunds County",3,77,29,10,19
050,46,045,"South Dakota","Edmunds County",3,78,35,15,20
050,46,045,"South Dakota","Edmunds County",3,79,34,19,15
050,46,045,"South Dakota","Edmunds County",3,80,23,12,11
050,46,045,"South Dakota","Edmunds County",3,81,25,11,14
050,46,045,"South Dakota","Edmunds County",3,82,27,12,15
050,46,045,"South Dakota","Edmunds County",3,83,25,13,12
050,46,045,"South Dakota","Edmunds County",3,84,17,8,9
050,46,045,"South Dakota","Edmunds County",3,85,137,51,86
050,46,045,"South Dakota","Edmunds County",4,0,62,36,26
050,46,045,"South Dakota","Edmunds County",4,1,53,37,16
050,46,045,"South Dakota","Edmunds County",4,2,63,29,34
050,46,045,"South Dakota","Edmunds County",4,3,51,24,27
050,46,045,"South Dakota","Edmunds County",4,4,33,16,17
050,46,045,"South Dakota","Edmunds County",4,5,48,25,23
050,46,045,"South Dakota","Edmunds County",4,6,48,24,24
050,46,045,"South Dakota","Edmunds County",4,7,46,20,26
050,46,045,"South Dakota","Edmunds County",4,8,56,27,29
050,46,045,"South Dakota","Edmunds County",4,9,57,26,31
050,46,045,"South Dakota","Edmunds County",4,10,56,25,31
050,46,045,"South Dakota","Edmunds County",4,11,44,22,22
050,46,045,"South Dakota","Edmunds County",4,12,46,23,23
050,46,045,"South Dakota","Edmunds County",4,13,47,24,23
050,46,045,"South Dakota","Edmunds County",4,14,49,26,23
050,46,045,"South Dakota","Edmunds County",4,15,44,24,20
050,46,045,"South Dakota","Edmunds County",4,16,57,32,25
050,46,045,"South Dakota","Edmunds County",4,17,48,28,20
050,46,045,"South Dakota","Edmunds County",4,18,42,23,19
050,46,045,"South Dakota","Edmunds County",4,19,35,19,16
050,46,045,"South Dakota","Edmunds County",4,20,32,13,19
050,46,045,"South Dakota","Edmunds County",4,21,39,22,17
050,46,045,"South Dakota","Edmunds County",4,22,39,17,22
050,46,045,"South Dakota","Edmunds County",4,23,32,12,20
050,46,045,"South Dakota","Edmunds County",4,24,30,11,19
050,46,045,"South Dakota","Edmunds County",4,25,31,19,12
050,46,045,"South Dakota","Edmunds County",4,26,45,21,24
050,46,045,"South Dakota","Edmunds County",4,27,61,33,28
050,46,045,"South Dakota","Edmunds County",4,28,48,25,23
050,46,045,"South Dakota","Edmunds County",4,29,50,30,20
050,46,045,"South Dakota","Edmunds County",4,30,36,19,17
050,46,045,"South Dakota","Edmunds County",4,31,38,24,14
050,46,045,"South Dakota","Edmunds County",4,32,28,16,12
050,46,045,"South Dakota","Edmunds County",4,33,41,16,25
050,46,045,"South Dakota","Edmunds County",4,34,40,17,23
050,46,045,"South Dakota","Edmunds County",4,35,39,17,22
050,46,045,"South Dakota","Edmunds County",4,36,50,26,24
050,46,045,"South Dakota","Edmunds County",4,37,40,19,21
050,46,045,"South Dakota","Edmunds County",4,38,54,26,28
050,46,045,"South Dakota","Edmunds County",4,39,51,22,29
050,46,045,"South Dakota","Edmunds County",4,40,47,24,23
050,46,045,"South Dakota","Edmunds County",4,41,43,26,17
050,46,045,"South Dakota","Edmunds County",4,42,41,21,20
050,46,045,"South Dakota","Edmunds County",4,43,38,19,19
050,46,045,"South Dakota","Edmunds County",4,44,43,23,20
050,46,045,"South Dakota","Edmunds County",4,45,43,24,19
050,46,045,"South Dakota","Edmunds County",4,46,42,26,16
050,46,045,"South Dakota","Edmunds County",4,47,40,21,19
050,46,045,"South Dakota","Edmunds County",4,48,31,16,15
050,46,045,"South Dakota","Edmunds County",4,49,48,30,18
050,46,045,"South Dakota","Edmunds County",4,50,48,26,22
050,46,045,"South Dakota","Edmunds County",4,51,53,28,25
050,46,045,"South Dakota","Edmunds County",4,52,57,29,28
050,46,045,"South Dakota","Edmunds County",4,53,48,24,24
050,46,045,"South Dakota","Edmunds County",4,54,37,20,17
050,46,045,"South Dakota","Edmunds County",4,55,44,22,22
050,46,045,"South Dakota","Edmunds County",4,56,52,20,32
050,46,045,"South Dakota","Edmunds County",4,57,75,30,45
050,46,045,"South Dakota","Edmunds County",4,58,65,30,35
050,46,045,"South Dakota","Edmunds County",4,59,59,32,27
050,46,045,"South Dakota","Edmunds County",4,60,75,41,34
050,46,045,"South Dakota","Edmunds County",4,61,85,44,41
050,46,045,"South Dakota","Edmunds County",4,62,66,40,26
050,46,045,"South Dakota","Edmunds County",4,63,70,42,28
050,46,045,"South Dakota","Edmunds County",4,64,67,41,26
050,46,045,"South Dakota","Edmunds County",4,65,65,34,31
050,46,045,"South Dakota","Edmunds County",4,66,66,33,33
050,46,045,"South Dakota","Edmunds County",4,67,61,31,30
050,46,045,"South Dakota","Edmunds County",4,68,64,32,32
050,46,045,"South Dakota","Edmunds County",4,69,58,30,28
050,46,045,"South Dakota","Edmunds County",4,70,45,23,22
050,46,045,"South Dakota","Edmunds County",4,71,45,25,20
050,46,045,"South Dakota","Edmunds County",4,72,44,24,20
050,46,045,"South Dakota","Edmunds County",4,73,46,24,22
050,46,045,"South Dakota","Edmunds County",4,74,42,21,21
050,46,045,"South Dakota","Edmunds County",4,75,38,21,17
050,46,045,"South Dakota","Edmunds County",4,76,25,9,16
050,46,045,"South Dakota","Edmunds County",4,77,24,11,13
050,46,045,"South Dakota","Edmunds County",4,78,31,10,21
050,46,045,"South Dakota","Edmunds County",4,79,32,15,17
050,46,045,"South Dakota","Edmunds County",4,80,32,17,15
050,46,045,"South Dakota","Edmunds County",4,81,22,12,10
050,46,045,"South Dakota","Edmunds County",4,82,24,9,15
050,46,045,"South Dakota","Edmunds County",4,83,27,14,13
050,46,045,"South Dakota","Edmunds County",4,84,21,11,10
050,46,045,"South Dakota","Edmunds County",4,85,133,46,87
050,46,045,"South Dakota","Edmunds County",5,0,59,35,24
050,46,045,"South Dakota","Edmunds County",5,1,58,36,22
050,46,045,"South Dakota","Edmunds County",5,2,51,35,16
050,46,045,"South Dakota","Edmunds County",5,3,66,33,33
050,46,045,"South Dakota","Edmunds County",5,4,50,23,27
050,46,045,"South Dakota","Edmunds County",5,5,35,16,19
050,46,045,"South Dakota","Edmunds County",5,6,47,25,22
050,46,045,"South Dakota","Edmunds County",5,7,47,24,23
050,46,045,"South Dakota","Edmunds County",5,8,43,18,25
050,46,045,"South Dakota","Edmunds County",5,9,55,25,30
050,46,045,"South Dakota","Edmunds County",5,10,59,29,30
050,46,045,"South Dakota","Edmunds County",5,11,50,22,28
050,46,045,"South Dakota","Edmunds County",5,12,50,26,24
050,46,045,"South Dakota","Edmunds County",5,13,42,20,22
050,46,045,"South Dakota","Edmunds County",5,14,54,29,25
050,46,045,"South Dakota","Edmunds County",5,15,47,23,24
050,46,045,"South Dakota","Edmunds County",5,16,46,26,20
050,46,045,"South Dakota","Edmunds County",5,17,58,34,24
050,46,045,"South Dakota","Edmunds County",5,18,41,25,16
050,46,045,"South Dakota","Edmunds County",5,19,33,17,16
050,46,045,"South Dakota","Edmunds County",5,20,39,21,18
050,46,045,"South Dakota","Edmunds County",5,21,32,12,20
050,46,045,"South Dakota","Edmunds County",5,22,42,23,19
050,46,045,"South Dakota","Edmunds County",5,23,33,15,18
050,46,045,"South Dakota","Edmunds County",5,24,26,10,16
050,46,045,"South Dakota","Edmunds County",5,25,29,12,17
050,46,045,"South Dakota","Edmunds County",5,26,33,21,12
050,46,045,"South Dakota","Edmunds County",5,27,40,19,21
050,46,045,"South Dakota","Edmunds County",5,28,52,30,22
050,46,045,"South Dakota","Edmunds County",5,29,46,24,22
050,46,045,"South Dakota","Edmunds County",5,30,48,29,19
050,46,045,"South Dakota","Edmunds County",5,31,39,16,23
050,46,045,"South Dakota","Edmunds County",5,32,35,23,12
050,46,045,"South Dakota","Edmunds County",5,33,29,13,16
050,46,045,"South Dakota","Edmunds County",5,34,43,17,26
050,46,045,"South Dakota","Edmunds County",5,35,43,19,24
050,46,045,"South Dakota","Edmunds County",5,36,42,23,19
050,46,045,"South Dakota","Edmunds County",5,37,53,27,26
050,46,045,"South Dakota","Edmunds County",5,38,43,22,21
050,46,045,"South Dakota","Edmunds County",5,39,53,25,28
050,46,045,"South Dakota","Edmunds County",5,40,51,22,29
050,46,045,"South Dakota","Edmunds County",5,41,49,25,24
050,46,045,"South Dakota","Edmunds County",5,42,43,26,17
050,46,045,"South Dakota","Edmunds County",5,43,40,20,20
050,46,045,"South Dakota","Edmunds County",5,44,41,21,20
050,46,045,"South Dakota","Edmunds County",5,45,43,24,19
050,46,045,"South Dakota","Edmunds County",5,46,41,23,18
050,46,045,"South Dakota","Edmunds County",5,47,38,22,16
050,46,045,"South Dakota","Edmunds County",5,48,41,21,20
050,46,045,"South Dakota","Edmunds County",5,49,33,16,17
050,46,045,"South Dakota","Edmunds County",5,50,44,28,16
050,46,045,"South Dakota","Edmunds County",5,51,45,24,21
050,46,045,"South Dakota","Edmunds County",5,52,46,26,20
050,46,045,"South Dakota","Edmunds County",5,53,58,30,28
050,46,045,"South Dakota","Edmunds County",5,54,49,25,24
050,46,045,"South Dakota","Edmunds County",5,55,39,19,20
050,46,045,"South Dakota","Edmunds County",5,56,44,22,22
050,46,045,"South Dakota","Edmunds County",5,57,53,21,32
050,46,045,"South Dakota","Edmunds County",5,58,71,28,43
050,46,045,"South Dakota","Edmunds County",5,59,63,31,32
050,46,045,"South Dakota","Edmunds County",5,60,63,33,30
050,46,045,"South Dakota","Edmunds County",5,61,73,42,31
050,46,045,"South Dakota","Edmunds County",5,62,89,46,43
050,46,045,"South Dakota","Edmunds County",5,63,73,42,31
050,46,045,"South Dakota","Edmunds County",5,64,69,43,26
050,46,045,"South Dakota","Edmunds County",5,65,64,39,25
050,46,045,"South Dakota","Edmunds County",5,66,68,35,33
050,46,045,"South Dakota","Edmunds County",5,67,67,34,33
050,46,045,"South Dakota","Edmunds County",5,68,66,33,33
050,46,045,"South Dakota","Edmunds County",5,69,63,32,31
050,46,045,"South Dakota","Edmunds County",5,70,54,27,27
050,46,045,"South Dakota","Edmunds County",5,71,45,23,22
050,46,045,"South Dakota","Edmunds County",5,72,44,25,19
050,46,045,"South Dakota","Edmunds County",5,73,45,25,20
050,46,045,"South Dakota","Edmunds County",5,74,45,24,21
050,46,045,"South Dakota","Edmunds County",5,75,39,18,21
050,46,045,"South Dakota","Edmunds County",5,76,36,17,19
050,46,045,"South Dakota","Edmunds County",5,77,20,6,14
050,46,045,"South Dakota","Edmunds County",5,78,26,11,15
050,46,045,"South Dakota","Edmunds County",5,79,28,11,17
050,46,045,"South Dakota","Edmunds County",5,80,26,10,16
050,46,045,"South Dakota","Edmunds County",5,81,28,17,11
050,46,045,"South Dakota","Edmunds County",5,82,20,7,13
050,46,045,"South Dakota","Edmunds County",5,83,24,11,13
050,46,045,"South Dakota","Edmunds County",5,84,23,11,12
050,46,045,"South Dakota","Edmunds County",5,85,136,48,88
050,46,047,"South Dakota","Fall River County",1,0,47,24,23
050,46,047,"South Dakota","Fall River County",1,1,47,22,25
050,46,047,"South Dakota","Fall River County",1,2,55,27,28
050,46,047,"South Dakota","Fall River County",1,3,54,25,29
050,46,047,"South Dakota","Fall River County",1,4,49,21,28
050,46,047,"South Dakota","Fall River County",1,5,59,25,34
050,46,047,"South Dakota","Fall River County",1,6,70,34,36
050,46,047,"South Dakota","Fall River County",1,7,70,29,41
050,46,047,"South Dakota","Fall River County",1,8,59,25,34
050,46,047,"South Dakota","Fall River County",1,9,71,38,33
050,46,047,"South Dakota","Fall River County",1,10,78,50,28
050,46,047,"South Dakota","Fall River County",1,11,67,44,23
050,46,047,"South Dakota","Fall River County",1,12,74,43,31
050,46,047,"South Dakota","Fall River County",1,13,80,45,35
050,46,047,"South Dakota","Fall River County",1,14,76,33,43
050,46,047,"South Dakota","Fall River County",1,15,81,37,44
050,46,047,"South Dakota","Fall River County",1,16,79,38,41
050,46,047,"South Dakota","Fall River County",1,17,79,42,37
050,46,047,"South Dakota","Fall River County",1,18,61,33,28
050,46,047,"South Dakota","Fall River County",1,19,50,25,25
050,46,047,"South Dakota","Fall River County",1,20,50,26,24
050,46,047,"South Dakota","Fall River County",1,21,59,27,32
050,46,047,"South Dakota","Fall River County",1,22,44,25,19
050,46,047,"South Dakota","Fall River County",1,23,48,30,18
050,46,047,"South Dakota","Fall River County",1,24,50,32,18
050,46,047,"South Dakota","Fall River County",1,25,61,36,25
050,46,047,"South Dakota","Fall River County",1,26,52,25,27
050,46,047,"South Dakota","Fall River County",1,27,64,33,31
050,46,047,"South Dakota","Fall River County",1,28,65,31,34
050,46,047,"South Dakota","Fall River County",1,29,63,30,33
050,46,047,"South Dakota","Fall River County",1,30,58,28,30
050,46,047,"South Dakota","Fall River County",1,31,63,33,30
050,46,047,"South Dakota","Fall River County",1,32,56,26,30
050,46,047,"South Dakota","Fall River County",1,33,54,25,29
050,46,047,"South Dakota","Fall River County",1,34,49,27,22
050,46,047,"South Dakota","Fall River County",1,35,66,34,32
050,46,047,"South Dakota","Fall River County",1,36,70,33,37
050,46,047,"South Dakota","Fall River County",1,37,60,30,30
050,46,047,"South Dakota","Fall River County",1,38,61,30,31
050,46,047,"South Dakota","Fall River County",1,39,66,39,27
050,46,047,"South Dakota","Fall River County",1,40,73,40,33
050,46,047,"South Dakota","Fall River County",1,41,58,30,28
050,46,047,"South Dakota","Fall River County",1,42,74,36,38
050,46,047,"South Dakota","Fall River County",1,43,76,33,43
050,46,047,"South Dakota","Fall River County",1,44,69,29,40
050,46,047,"South Dakota","Fall River County",1,45,74,41,33
050,46,047,"South Dakota","Fall River County",1,46,73,36,37
050,46,047,"South Dakota","Fall River County",1,47,84,41,43
050,46,047,"South Dakota","Fall River County",1,48,85,51,34
050,46,047,"South Dakota","Fall River County",1,49,81,44,37
050,46,047,"South Dakota","Fall River County",1,50,83,40,43
050,46,047,"South Dakota","Fall River County",1,51,83,51,32
050,46,047,"South Dakota","Fall River County",1,52,85,46,39
050,46,047,"South Dakota","Fall River County",1,53,85,42,43
050,46,047,"South Dakota","Fall River County",1,54,93,45,48
050,46,047,"South Dakota","Fall River County",1,55,97,48,49
050,46,047,"South Dakota","Fall River County",1,56,105,54,51
050,46,047,"South Dakota","Fall River County",1,57,116,60,56
050,46,047,"South Dakota","Fall River County",1,58,120,59,61
050,46,047,"South Dakota","Fall River County",1,59,119,55,64
050,46,047,"South Dakota","Fall River County",1,60,126,65,61
050,46,047,"South Dakota","Fall River County",1,61,129,66,63
050,46,047,"South Dakota","Fall River County",1,62,117,58,59
050,46,047,"South Dakota","Fall River County",1,63,141,69,72
050,46,047,"South Dakota","Fall River County",1,64,158,84,74
050,46,047,"South Dakota","Fall River County",1,65,165,79,86
050,46,047,"South Dakota","Fall River County",1,66,160,82,78
050,46,047,"South Dakota","Fall River County",1,67,137,70,67
050,46,047,"South Dakota","Fall River County",1,68,132,66,66
050,46,047,"South Dakota","Fall River County",1,69,129,63,66
050,46,047,"South Dakota","Fall River County",1,70,125,62,63
050,46,047,"South Dakota","Fall River County",1,71,118,68,50
050,46,047,"South Dakota","Fall River County",1,72,125,68,57
050,46,047,"South Dakota","Fall River County",1,73,129,71,58
050,46,047,"South Dakota","Fall River County",1,74,77,34,43
050,46,047,"South Dakota","Fall River County",1,75,82,36,46
050,46,047,"South Dakota","Fall River County",1,76,88,40,48
050,46,047,"South Dakota","Fall River County",1,77,72,38,34
050,46,047,"South Dakota","Fall River County",1,78,64,37,27
050,46,047,"South Dakota","Fall River County",1,79,44,24,20
050,46,047,"South Dakota","Fall River County",1,80,46,21,25
050,46,047,"South Dakota","Fall River County",1,81,46,22,24
050,46,047,"South Dakota","Fall River County",1,82,58,26,32
050,46,047,"South Dakota","Fall River County",1,83,56,29,27
050,46,047,"South Dakota","Fall River County",1,84,37,22,15
050,46,047,"South Dakota","Fall River County",1,85,210,83,127
050,46,047,"South Dakota","Fall River County",2,0,45,25,20
050,46,047,"South Dakota","Fall River County",2,1,47,22,25
050,46,047,"South Dakota","Fall River County",2,2,53,26,27
050,46,047,"South Dakota","Fall River County",2,3,54,26,28
050,46,047,"South Dakota","Fall River County",2,4,51,22,29
050,46,047,"South Dakota","Fall River County",2,5,59,25,34
050,46,047,"South Dakota","Fall River County",2,6,68,32,36
050,46,047,"South Dakota","Fall River County",2,7,69,30,39
050,46,047,"South Dakota","Fall River County",2,8,63,27,36
050,46,047,"South Dakota","Fall River County",2,9,68,35,33
050,46,047,"South Dakota","Fall River County",2,10,77,47,30
050,46,047,"South Dakota","Fall River County",2,11,69,44,25
050,46,047,"South Dakota","Fall River County",2,12,73,43,30
050,46,047,"South Dakota","Fall River County",2,13,79,45,34
050,46,047,"South Dakota","Fall River County",2,14,77,36,41
050,46,047,"South Dakota","Fall River County",2,15,80,37,43
050,46,047,"South Dakota","Fall River County",2,16,79,38,41
050,46,047,"South Dakota","Fall River County",2,17,78,41,37
050,46,047,"South Dakota","Fall River County",2,18,62,33,29
050,46,047,"South Dakota","Fall River County",2,19,49,25,24
050,46,047,"South Dakota","Fall River County",2,20,52,26,26
050,46,047,"South Dakota","Fall River County",2,21,57,27,30
050,46,047,"South Dakota","Fall River County",2,22,47,25,22
050,46,047,"South Dakota","Fall River County",2,23,47,29,18
050,46,047,"South Dakota","Fall River County",2,24,51,32,19
050,46,047,"South Dakota","Fall River County",2,25,58,35,23
050,46,047,"South Dakota","Fall River County",2,26,55,28,27
050,46,047,"South Dakota","Fall River County",2,27,62,32,30
050,46,047,"South Dakota","Fall River County",2,28,63,31,32
050,46,047,"South Dakota","Fall River County",2,29,63,30,33
050,46,047,"South Dakota","Fall River County",2,30,62,30,32
050,46,047,"South Dakota","Fall River County",2,31,62,32,30
050,46,047,"South Dakota","Fall River County",2,32,57,26,31
050,46,047,"South Dakota","Fall River County",2,33,55,26,29
050,46,047,"South Dakota","Fall River County",2,34,48,25,23
050,46,047,"South Dakota","Fall River County",2,35,64,33,31
050,46,047,"South Dakota","Fall River County",2,36,68,33,35
050,46,047,"South Dakota","Fall River County",2,37,61,31,30
050,46,047,"South Dakota","Fall River County",2,38,59,28,31
050,46,047,"South Dakota","Fall River County",2,39,66,37,29
050,46,047,"South Dakota","Fall River County",2,40,74,41,33
050,46,047,"South Dakota","Fall River County",2,41,60,32,28
050,46,047,"South Dakota","Fall River County",2,42,70,35,35
050,46,047,"South Dakota","Fall River County",2,43,76,34,42
050,46,047,"South Dakota","Fall River County",2,44,68,29,39
050,46,047,"South Dakota","Fall River County",2,45,75,39,36
050,46,047,"South Dakota","Fall River County",2,46,76,38,38
050,46,047,"South Dakota","Fall River County",2,47,79,38,41
050,46,047,"South Dakota","Fall River County",2,48,84,49,35
050,46,047,"South Dakota","Fall River County",2,49,81,45,36
050,46,047,"South Dakota","Fall River County",2,50,83,42,41
050,46,047,"South Dakota","Fall River County",2,51,86,51,35
050,46,047,"South Dakota","Fall River County",2,52,83,46,37
050,46,047,"South Dakota","Fall River County",2,53,84,42,42
050,46,047,"South Dakota","Fall River County",2,54,91,45,46
050,46,047,"South Dakota","Fall River County",2,55,98,48,50
050,46,047,"South Dakota","Fall River County",2,56,105,53,52
050,46,047,"South Dakota","Fall River County",2,57,112,58,54
050,46,047,"South Dakota","Fall River County",2,58,122,61,61
050,46,047,"South Dakota","Fall River County",2,59,118,54,64
050,46,047,"South Dakota","Fall River County",2,60,126,64,62
050,46,047,"South Dakota","Fall River County",2,61,131,68,63
050,46,047,"South Dakota","Fall River County",2,62,122,61,61
050,46,047,"South Dakota","Fall River County",2,63,141,69,72
050,46,047,"South Dakota","Fall River County",2,64,153,80,73
050,46,047,"South Dakota","Fall River County",2,65,163,81,82
050,46,047,"South Dakota","Fall River County",2,66,161,82,79
050,46,047,"South Dakota","Fall River County",2,67,143,74,69
050,46,047,"South Dakota","Fall River County",2,68,132,67,65
050,46,047,"South Dakota","Fall River County",2,69,129,62,67
050,46,047,"South Dakota","Fall River County",2,70,127,63,64
050,46,047,"South Dakota","Fall River County",2,71,120,67,53
050,46,047,"South Dakota","Fall River County",2,72,119,65,54
050,46,047,"South Dakota","Fall River County",2,73,133,73,60
050,46,047,"South Dakota","Fall River County",2,74,84,39,45
050,46,047,"South Dakota","Fall River County",2,75,84,37,47
050,46,047,"South Dakota","Fall River County",2,76,85,39,46
050,46,047,"South Dakota","Fall River County",2,77,77,38,39
050,46,047,"South Dakota","Fall River County",2,78,66,37,29
050,46,047,"South Dakota","Fall River County",2,79,48,26,22
050,46,047,"South Dakota","Fall River County",2,80,45,21,24
050,46,047,"South Dakota","Fall River County",2,81,46,22,24
050,46,047,"South Dakota","Fall River County",2,82,52,24,28
050,46,047,"South Dakota","Fall River County",2,83,53,24,29
050,46,047,"South Dakota","Fall River County",2,84,38,22,16
050,46,047,"South Dakota","Fall River County",2,85,210,86,124
050,46,047,"South Dakota","Fall River County",3,0,48,25,23
050,46,047,"South Dakota","Fall River County",3,1,54,26,28
050,46,047,"South Dakota","Fall River County",3,2,54,24,30
050,46,047,"South Dakota","Fall River County",3,3,50,24,26
050,46,047,"South Dakota","Fall River County",3,4,60,28,32
050,46,047,"South Dakota","Fall River County",3,5,60,24,36
050,46,047,"South Dakota","Fall River County",3,6,61,27,34
050,46,047,"South Dakota","Fall River County",3,7,67,30,37
050,46,047,"South Dakota","Fall River County",3,8,69,32,37
050,46,047,"South Dakota","Fall River County",3,9,64,29,35
050,46,047,"South Dakota","Fall River County",3,10,81,38,43
050,46,047,"South Dakota","Fall River County",3,11,78,48,30
050,46,047,"South Dakota","Fall River County",3,12,81,51,30
050,46,047,"South Dakota","Fall River County",3,13,73,44,29
050,46,047,"South Dakota","Fall River County",3,14,78,44,34
050,46,047,"South Dakota","Fall River County",3,15,77,39,38
050,46,047,"South Dakota","Fall River County",3,16,89,39,50
050,46,047,"South Dakota","Fall River County",3,17,82,41,41
050,46,047,"South Dakota","Fall River County",3,18,69,36,33
050,46,047,"South Dakota","Fall River County",3,19,57,31,26
050,46,047,"South Dakota","Fall River County",3,20,47,25,22
050,46,047,"South Dakota","Fall River County",3,21,50,28,22
050,46,047,"South Dakota","Fall River County",3,22,64,31,33
050,46,047,"South Dakota","Fall River County",3,23,48,24,24
050,46,047,"South Dakota","Fall River County",3,24,48,29,19
050,46,047,"South Dakota","Fall River County",3,25,47,24,23
050,46,047,"South Dakota","Fall River County",3,26,57,32,25
050,46,047,"South Dakota","Fall River County",3,27,68,31,37
050,46,047,"South Dakota","Fall River County",3,28,66,36,30
050,46,047,"South Dakota","Fall River County",3,29,65,32,33
050,46,047,"South Dakota","Fall River County",3,30,74,37,37
050,46,047,"South Dakota","Fall River County",3,31,61,27,34
050,46,047,"South Dakota","Fall River County",3,32,65,27,38
050,46,047,"South Dakota","Fall River County",3,33,62,30,32
050,46,047,"South Dakota","Fall River County",3,34,62,31,31
050,46,047,"South Dakota","Fall River County",3,35,44,21,23
050,46,047,"South Dakota","Fall River County",3,36,70,37,33
050,46,047,"South Dakota","Fall River County",3,37,82,43,39
050,46,047,"South Dakota","Fall River County",3,38,57,22,35
050,46,047,"South Dakota","Fall River County",3,39,62,28,34
050,46,047,"South Dakota","Fall River County",3,40,73,41,32
050,46,047,"South Dakota","Fall River County",3,41,81,46,35
050,46,047,"South Dakota","Fall River County",3,42,62,33,29
050,46,047,"South Dakota","Fall River County",3,43,75,38,37
050,46,047,"South Dakota","Fall River County",3,44,81,37,44
050,46,047,"South Dakota","Fall River County",3,45,85,38,47
050,46,047,"South Dakota","Fall River County",3,46,82,44,38
050,46,047,"South Dakota","Fall River County",3,47,79,42,37
050,46,047,"South Dakota","Fall River County",3,48,80,38,42
050,46,047,"South Dakota","Fall River County",3,49,82,47,35
050,46,047,"South Dakota","Fall River County",3,50,92,48,44
050,46,047,"South Dakota","Fall River County",3,51,95,57,38
050,46,047,"South Dakota","Fall River County",3,52,85,43,42
050,46,047,"South Dakota","Fall River County",3,53,77,43,34
050,46,047,"South Dakota","Fall River County",3,54,92,50,42
050,46,047,"South Dakota","Fall River County",3,55,102,46,56
050,46,047,"South Dakota","Fall River County",3,56,106,47,59
050,46,047,"South Dakota","Fall River County",3,57,107,56,51
050,46,047,"South Dakota","Fall River County",3,58,118,62,56
050,46,047,"South Dakota","Fall River County",3,59,129,60,69
050,46,047,"South Dakota","Fall River County",3,60,127,58,69
050,46,047,"South Dakota","Fall River County",3,61,127,65,62
050,46,047,"South Dakota","Fall River County",3,62,144,77,67
050,46,047,"South Dakota","Fall River County",3,63,132,68,64
050,46,047,"South Dakota","Fall River County",3,64,151,73,78
050,46,047,"South Dakota","Fall River County",3,65,159,83,76
050,46,047,"South Dakota","Fall River County",3,66,162,81,81
050,46,047,"South Dakota","Fall River County",3,67,172,86,86
050,46,047,"South Dakota","Fall River County",3,68,145,78,67
050,46,047,"South Dakota","Fall River County",3,69,133,68,65
050,46,047,"South Dakota","Fall River County",3,70,127,63,64
050,46,047,"South Dakota","Fall River County",3,71,129,67,62
050,46,047,"South Dakota","Fall River County",3,72,111,62,49
050,46,047,"South Dakota","Fall River County",3,73,119,66,53
050,46,047,"South Dakota","Fall River County",3,74,127,64,63
050,46,047,"South Dakota","Fall River County",3,75,89,43,46
050,46,047,"South Dakota","Fall River County",3,76,80,37,43
050,46,047,"South Dakota","Fall River County",3,77,79,39,40
050,46,047,"South Dakota","Fall River County",3,78,75,38,37
050,46,047,"South Dakota","Fall River County",3,79,61,33,28
050,46,047,"South Dakota","Fall River County",3,80,48,24,24
050,46,047,"South Dakota","Fall River County",3,81,44,21,23
050,46,047,"South Dakota","Fall River County",3,82,42,20,22
050,46,047,"South Dakota","Fall River County",3,83,45,20,25
050,46,047,"South Dakota","Fall River County",3,84,43,18,25
050,46,047,"South Dakota","Fall River County",3,85,208,88,120
050,46,047,"South Dakota","Fall River County",4,0,50,25,25
050,46,047,"South Dakota","Fall River County",4,1,53,33,20
050,46,047,"South Dakota","Fall River County",4,2,51,27,24
050,46,047,"South Dakota","Fall River County",4,3,52,26,26
050,46,047,"South Dakota","Fall River County",4,4,46,27,19
050,46,047,"South Dakota","Fall River County",4,5,68,31,37
050,46,047,"South Dakota","Fall River County",4,6,57,21,36
050,46,047,"South Dakota","Fall River County",4,7,63,28,35
050,46,047,"South Dakota","Fall River County",4,8,70,32,38
050,46,047,"South Dakota","Fall River County",4,9,68,32,36
050,46,047,"South Dakota","Fall River County",4,10,77,39,38
050,46,047,"South Dakota","Fall River County",4,11,80,33,47
050,46,047,"South Dakota","Fall River County",4,12,86,50,36
050,46,047,"South Dakota","Fall River County",4,13,85,49,36
050,46,047,"South Dakota","Fall River County",4,14,75,43,32
050,46,047,"South Dakota","Fall River County",4,15,81,45,36
050,46,047,"South Dakota","Fall River County",4,16,81,40,41
050,46,047,"South Dakota","Fall River County",4,17,95,41,54
050,46,047,"South Dakota","Fall River County",4,18,70,36,34
050,46,047,"South Dakota","Fall River County",4,19,55,28,27
050,46,047,"South Dakota","Fall River County",4,20,53,31,22
050,46,047,"South Dakota","Fall River County",4,21,52,27,25
050,46,047,"South Dakota","Fall River County",4,22,52,30,22
050,46,047,"South Dakota","Fall River County",4,23,63,27,36
050,46,047,"South Dakota","Fall River County",4,24,57,27,30
050,46,047,"South Dakota","Fall River County",4,25,42,27,15
050,46,047,"South Dakota","Fall River County",4,26,55,27,28
050,46,047,"South Dakota","Fall River County",4,27,58,28,30
050,46,047,"South Dakota","Fall River County",4,28,63,26,37
050,46,047,"South Dakota","Fall River County",4,29,59,34,25
050,46,047,"South Dakota","Fall River County",4,30,66,34,32
050,46,047,"South Dakota","Fall River County",4,31,79,41,38
050,46,047,"South Dakota","Fall River County",4,32,58,25,33
050,46,047,"South Dakota","Fall River County",4,33,59,26,33
050,46,047,"South Dakota","Fall River County",4,34,68,32,36
050,46,047,"South Dakota","Fall River County",4,35,70,33,37
050,46,047,"South Dakota","Fall River County",4,36,51,24,27
050,46,047,"South Dakota","Fall River County",4,37,77,42,35
050,46,047,"South Dakota","Fall River County",4,38,72,37,35
050,46,047,"South Dakota","Fall River County",4,39,68,29,39
050,46,047,"South Dakota","Fall River County",4,40,65,29,36
050,46,047,"South Dakota","Fall River County",4,41,69,39,30
050,46,047,"South Dakota","Fall River County",4,42,86,50,36
050,46,047,"South Dakota","Fall River County",4,43,73,38,35
050,46,047,"South Dakota","Fall River County",4,44,81,39,42
050,46,047,"South Dakota","Fall River County",4,45,86,40,46
050,46,047,"South Dakota","Fall River County",4,46,96,41,55
050,46,047,"South Dakota","Fall River County",4,47,82,48,34
050,46,047,"South Dakota","Fall River County",4,48,80,43,37
050,46,047,"South Dakota","Fall River County",4,49,83,37,46
050,46,047,"South Dakota","Fall River County",4,50,84,48,36
050,46,047,"South Dakota","Fall River County",4,51,98,56,42
050,46,047,"South Dakota","Fall River County",4,52,101,57,44
050,46,047,"South Dakota","Fall River County",4,53,87,43,44
050,46,047,"South Dakota","Fall River County",4,54,99,54,45
050,46,047,"South Dakota","Fall River County",4,55,98,52,46
050,46,047,"South Dakota","Fall River County",4,56,107,50,57
050,46,047,"South Dakota","Fall River County",4,57,106,51,55
050,46,047,"South Dakota","Fall River County",4,58,125,66,59
050,46,047,"South Dakota","Fall River County",4,59,120,58,62
050,46,047,"South Dakota","Fall River County",4,60,136,65,71
050,46,047,"South Dakota","Fall River County",4,61,132,61,71
050,46,047,"South Dakota","Fall River County",4,62,137,73,64
050,46,047,"South Dakota","Fall River County",4,63,153,82,71
050,46,047,"South Dakota","Fall River County",4,64,141,73,68
050,46,047,"South Dakota","Fall River County",4,65,164,84,80
050,46,047,"South Dakota","Fall River County",4,66,161,82,79
050,46,047,"South Dakota","Fall River County",4,67,157,83,74
050,46,047,"South Dakota","Fall River County",4,68,181,93,88
050,46,047,"South Dakota","Fall River County",4,69,145,76,69
050,46,047,"South Dakota","Fall River County",4,70,133,65,68
050,46,047,"South Dakota","Fall River County",4,71,133,69,64
050,46,047,"South Dakota","Fall River County",4,72,120,63,57
050,46,047,"South Dakota","Fall River County",4,73,112,66,46
050,46,047,"South Dakota","Fall River County",4,74,118,63,55
050,46,047,"South Dakota","Fall River County",4,75,128,62,66
050,46,047,"South Dakota","Fall River County",4,76,86,44,42
050,46,047,"South Dakota","Fall River County",4,77,70,28,42
050,46,047,"South Dakota","Fall River County",4,78,76,36,40
050,46,047,"South Dakota","Fall River County",4,79,68,34,34
050,46,047,"South Dakota","Fall River County",4,80,59,29,30
050,46,047,"South Dakota","Fall River County",4,81,45,23,22
050,46,047,"South Dakota","Fall River County",4,82,41,20,21
050,46,047,"South Dakota","Fall River County",4,83,44,21,23
050,46,047,"South Dakota","Fall River County",4,84,35,15,20
050,46,047,"South Dakota","Fall River County",4,85,211,86,125
050,46,047,"South Dakota","Fall River County",5,0,52,27,25
050,46,047,"South Dakota","Fall River County",5,1,57,27,30
050,46,047,"South Dakota","Fall River County",5,2,58,28,30
050,46,047,"South Dakota","Fall River County",5,3,56,30,26
050,46,047,"South Dakota","Fall River County",5,4,53,26,27
050,46,047,"South Dakota","Fall River County",5,5,52,31,21
050,46,047,"South Dakota","Fall River County",5,6,71,35,36
050,46,047,"South Dakota","Fall River County",5,7,56,20,36
050,46,047,"South Dakota","Fall River County",5,8,65,30,35
050,46,047,"South Dakota","Fall River County",5,9,72,32,40
050,46,047,"South Dakota","Fall River County",5,10,71,32,39
050,46,047,"South Dakota","Fall River County",5,11,72,32,40
050,46,047,"South Dakota","Fall River County",5,12,83,36,47
050,46,047,"South Dakota","Fall River County",5,13,83,45,38
050,46,047,"South Dakota","Fall River County",5,14,73,44,29
050,46,047,"South Dakota","Fall River County",5,15,73,42,31
050,46,047,"South Dakota","Fall River County",5,16,75,39,36
050,46,047,"South Dakota","Fall River County",5,17,77,36,41
050,46,047,"South Dakota","Fall River County",5,18,78,36,42
050,46,047,"South Dakota","Fall River County",5,19,56,30,26
050,46,047,"South Dakota","Fall River County",5,20,51,26,25
050,46,047,"South Dakota","Fall River County",5,21,57,33,24
050,46,047,"South Dakota","Fall River County",5,22,50,24,26
050,46,047,"South Dakota","Fall River County",5,23,62,30,32
050,46,047,"South Dakota","Fall River County",5,24,62,29,33
050,46,047,"South Dakota","Fall River County",5,25,57,31,26
050,46,047,"South Dakota","Fall River County",5,26,42,25,17
050,46,047,"South Dakota","Fall River County",5,27,57,27,30
050,46,047,"South Dakota","Fall River County",5,28,58,29,29
050,46,047,"South Dakota","Fall River County",5,29,69,33,36
050,46,047,"South Dakota","Fall River County",5,30,65,38,27
050,46,047,"South Dakota","Fall River County",5,31,72,36,36
050,46,047,"South Dakota","Fall River County",5,32,75,38,37
050,46,047,"South Dakota","Fall River County",5,33,70,35,35
050,46,047,"South Dakota","Fall River County",5,34,56,25,31
050,46,047,"South Dakota","Fall River County",5,35,66,33,33
050,46,047,"South Dakota","Fall River County",5,36,70,29,41
050,46,047,"South Dakota","Fall River County",5,37,53,29,24
050,46,047,"South Dakota","Fall River County",5,38,70,34,36
050,46,047,"South Dakota","Fall River County",5,39,74,40,34
050,46,047,"South Dakota","Fall River County",5,40,73,30,43
050,46,047,"South Dakota","Fall River County",5,41,66,29,37
050,46,047,"South Dakota","Fall River County",5,42,67,38,29
050,46,047,"South Dakota","Fall River County",5,43,91,52,39
050,46,047,"South Dakota","Fall River County",5,44,70,38,32
050,46,047,"South Dakota","Fall River County",5,45,85,41,44
050,46,047,"South Dakota","Fall River County",5,46,89,40,49
050,46,047,"South Dakota","Fall River County",5,47,90,37,53
050,46,047,"South Dakota","Fall River County",5,48,78,46,32
050,46,047,"South Dakota","Fall River County",5,49,79,42,37
050,46,047,"South Dakota","Fall River County",5,50,79,37,42
050,46,047,"South Dakota","Fall River County",5,51,95,59,36
050,46,047,"South Dakota","Fall River County",5,52,84,45,39
050,46,047,"South Dakota","Fall River County",5,53,90,52,38
050,46,047,"South Dakota","Fall River County",5,54,94,52,42
050,46,047,"South Dakota","Fall River County",5,55,98,46,52
050,46,047,"South Dakota","Fall River County",5,56,101,55,46
050,46,047,"South Dakota","Fall River County",5,57,112,57,55
050,46,047,"South Dakota","Fall River County",5,58,113,59,54
050,46,047,"South Dakota","Fall River County",5,59,124,64,60
050,46,047,"South Dakota","Fall River County",5,60,127,61,66
050,46,047,"South Dakota","Fall River County",5,61,143,73,70
050,46,047,"South Dakota","Fall River County",5,62,144,63,81
050,46,047,"South Dakota","Fall River County",5,63,145,70,75
050,46,047,"South Dakota","Fall River County",5,64,159,87,72
050,46,047,"South Dakota","Fall River County",5,65,155,79,76
050,46,047,"South Dakota","Fall River County",5,66,164,89,75
050,46,047,"South Dakota","Fall River County",5,67,158,83,75
050,46,047,"South Dakota","Fall River County",5,68,159,84,75
050,46,047,"South Dakota","Fall River County",5,69,175,91,84
050,46,047,"South Dakota","Fall River County",5,70,143,75,68
050,46,047,"South Dakota","Fall River County",5,71,130,65,65
050,46,047,"South Dakota","Fall River County",5,72,127,65,62
050,46,047,"South Dakota","Fall River County",5,73,117,63,54
050,46,047,"South Dakota","Fall River County",5,74,107,62,45
050,46,047,"South Dakota","Fall River County",5,75,117,65,52
050,46,047,"South Dakota","Fall River County",5,76,119,59,60
050,46,047,"South Dakota","Fall River County",5,77,77,37,40
050,46,047,"South Dakota","Fall River County",5,78,76,30,46
050,46,047,"South Dakota","Fall River County",5,79,66,31,35
050,46,047,"South Dakota","Fall River County",5,80,62,29,33
050,46,047,"South Dakota","Fall River County",5,81,55,28,27
050,46,047,"South Dakota","Fall River County",5,82,39,22,17
050,46,047,"South Dakota","Fall River County",5,83,39,21,18
050,46,047,"South Dakota","Fall River County",5,84,33,16,17
050,46,047,"South Dakota","Fall River County",5,85,210,88,122
050,46,049,"South Dakota","Faulk County",1,0,35,17,18
050,46,049,"South Dakota","Faulk County",1,1,35,16,19
050,46,049,"South Dakota","Faulk County",1,2,33,13,20
050,46,049,"South Dakota","Faulk County",1,3,34,19,15
050,46,049,"South Dakota","Faulk County",1,4,30,15,15
050,46,049,"South Dakota","Faulk County",1,5,39,18,21
050,46,049,"South Dakota","Faulk County",1,6,28,17,11
050,46,049,"South Dakota","Faulk County",1,7,29,14,15
050,46,049,"South Dakota","Faulk County",1,8,28,14,14
050,46,049,"South Dakota","Faulk County",1,9,22,11,11
050,46,049,"South Dakota","Faulk County",1,10,25,10,15
050,46,049,"South Dakota","Faulk County",1,11,27,18,9
050,46,049,"South Dakota","Faulk County",1,12,25,14,11
050,46,049,"South Dakota","Faulk County",1,13,26,13,13
050,46,049,"South Dakota","Faulk County",1,14,31,15,16
050,46,049,"South Dakota","Faulk County",1,15,23,9,14
050,46,049,"South Dakota","Faulk County",1,16,30,11,19
050,46,049,"South Dakota","Faulk County",1,17,25,13,12
050,46,049,"South Dakota","Faulk County",1,18,20,9,11
050,46,049,"South Dakota","Faulk County",1,19,19,8,11
050,46,049,"South Dakota","Faulk County",1,20,12,5,7
050,46,049,"South Dakota","Faulk County",1,21,22,11,11
050,46,049,"South Dakota","Faulk County",1,22,23,12,11
050,46,049,"South Dakota","Faulk County",1,23,25,16,9
050,46,049,"South Dakota","Faulk County",1,24,20,11,9
050,46,049,"South Dakota","Faulk County",1,25,19,10,9
050,46,049,"South Dakota","Faulk County",1,26,23,14,9
050,46,049,"South Dakota","Faulk County",1,27,24,13,11
050,46,049,"South Dakota","Faulk County",1,28,25,15,10
050,46,049,"South Dakota","Faulk County",1,29,25,13,12
050,46,049,"South Dakota","Faulk County",1,30,21,10,11
050,46,049,"South Dakota","Faulk County",1,31,24,10,14
050,46,049,"South Dakota","Faulk County",1,32,19,7,12
050,46,049,"South Dakota","Faulk County",1,33,21,8,13
050,46,049,"South Dakota","Faulk County",1,34,21,12,9
050,46,049,"South Dakota","Faulk County",1,35,17,7,10
050,46,049,"South Dakota","Faulk County",1,36,21,13,8
050,46,049,"South Dakota","Faulk County",1,37,19,12,7
050,46,049,"South Dakota","Faulk County",1,38,26,15,11
050,46,049,"South Dakota","Faulk County",1,39,23,13,10
050,46,049,"South Dakota","Faulk County",1,40,28,16,12
050,46,049,"South Dakota","Faulk County",1,41,25,12,13
050,46,049,"South Dakota","Faulk County",1,42,23,14,9
050,46,049,"South Dakota","Faulk County",1,43,15,8,7
050,46,049,"South Dakota","Faulk County",1,44,17,8,9
050,46,049,"South Dakota","Faulk County",1,45,17,7,10
050,46,049,"South Dakota","Faulk County",1,46,23,12,11
050,46,049,"South Dakota","Faulk County",1,47,18,9,9
050,46,049,"South Dakota","Faulk County",1,48,20,9,11
050,46,049,"South Dakota","Faulk County",1,49,20,10,10
050,46,049,"South Dakota","Faulk County",1,50,21,11,10
050,46,049,"South Dakota","Faulk County",1,51,23,11,12
050,46,049,"South Dakota","Faulk County",1,52,18,12,6
050,46,049,"South Dakota","Faulk County",1,53,21,12,9
050,46,049,"South Dakota","Faulk County",1,54,14,6,8
050,46,049,"South Dakota","Faulk County",1,55,25,12,13
050,46,049,"South Dakota","Faulk County",1,56,30,15,15
050,46,049,"South Dakota","Faulk County",1,57,29,16,13
050,46,049,"South Dakota","Faulk County",1,58,34,22,12
050,46,049,"South Dakota","Faulk County",1,59,39,23,16
050,46,049,"South Dakota","Faulk County",1,60,29,15,14
050,46,049,"South Dakota","Faulk County",1,61,24,13,11
050,46,049,"South Dakota","Faulk County",1,62,37,17,20
050,46,049,"South Dakota","Faulk County",1,63,36,19,17
050,46,049,"South Dakota","Faulk County",1,64,29,17,12
050,46,049,"South Dakota","Faulk County",1,65,33,14,19
050,46,049,"South Dakota","Faulk County",1,66,38,24,14
050,46,049,"South Dakota","Faulk County",1,67,31,16,15
050,46,049,"South Dakota","Faulk County",1,68,30,14,16
050,46,049,"South Dakota","Faulk County",1,69,27,16,11
050,46,049,"South Dakota","Faulk County",1,70,29,15,14
050,46,049,"South Dakota","Faulk County",1,71,26,16,10
050,46,049,"South Dakota","Faulk County",1,72,18,11,7
050,46,049,"South Dakota","Faulk County",1,73,19,8,11
050,46,049,"South Dakota","Faulk County",1,74,16,8,8
050,46,049,"South Dakota","Faulk County",1,75,22,12,10
050,46,049,"South Dakota","Faulk County",1,76,14,8,6
050,46,049,"South Dakota","Faulk County",1,77,24,10,14
050,46,049,"South Dakota","Faulk County",1,78,18,8,10
050,46,049,"South Dakota","Faulk County",1,79,15,5,10
050,46,049,"South Dakota","Faulk County",1,80,8,4,4
050,46,049,"South Dakota","Faulk County",1,81,11,6,5
050,46,049,"South Dakota","Faulk County",1,82,12,5,7
050,46,049,"South Dakota","Faulk County",1,83,16,8,8
050,46,049,"South Dakota","Faulk County",1,84,15,8,7
050,46,049,"South Dakota","Faulk County",1,85,99,43,56
050,46,049,"South Dakota","Faulk County",2,0,40,19,21
050,46,049,"South Dakota","Faulk County",2,1,35,16,19
050,46,049,"South Dakota","Faulk County",2,2,33,13,20
050,46,049,"South Dakota","Faulk County",2,3,33,18,15
050,46,049,"South Dakota","Faulk County",2,4,30,16,14
050,46,049,"South Dakota","Faulk County",2,5,39,18,21
050,46,049,"South Dakota","Faulk County",2,6,30,17,13
050,46,049,"South Dakota","Faulk County",2,7,29,14,15
050,46,049,"South Dakota","Faulk County",2,8,28,14,14
050,46,049,"South Dakota","Faulk County",2,9,21,10,11
050,46,049,"South Dakota","Faulk County",2,10,25,10,15
050,46,049,"South Dakota","Faulk County",2,11,26,17,9
050,46,049,"South Dakota","Faulk County",2,12,26,15,11
050,46,049,"South Dakota","Faulk County",2,13,26,13,13
050,46,049,"South Dakota","Faulk County",2,14,31,15,16
050,46,049,"South Dakota","Faulk County",2,15,24,10,14
050,46,049,"South Dakota","Faulk County",2,16,29,10,19
050,46,049,"South Dakota","Faulk County",2,17,25,13,12
050,46,049,"South Dakota","Faulk County",2,18,21,10,11
050,46,049,"South Dakota","Faulk County",2,19,18,7,11
050,46,049,"South Dakota","Faulk County",2,20,15,7,8
050,46,049,"South Dakota","Faulk County",2,21,19,10,9
050,46,049,"South Dakota","Faulk County",2,22,24,12,12
050,46,049,"South Dakota","Faulk County",2,23,26,16,10
050,46,049,"South Dakota","Faulk County",2,24,21,12,9
050,46,049,"South Dakota","Faulk County",2,25,20,11,9
050,46,049,"South Dakota","Faulk County",2,26,22,13,9
050,46,049,"South Dakota","Faulk County",2,27,23,13,10
050,46,049,"South Dakota","Faulk County",2,28,24,14,10
050,46,049,"South Dakota","Faulk County",2,29,26,14,12
050,46,049,"South Dakota","Faulk County",2,30,22,11,11
050,46,049,"South Dakota","Faulk County",2,31,23,10,13
050,46,049,"South Dakota","Faulk County",2,32,20,8,12
050,46,049,"South Dakota","Faulk County",2,33,20,8,12
050,46,049,"South Dakota","Faulk County",2,34,21,11,10
050,46,049,"South Dakota","Faulk County",2,35,17,7,10
050,46,049,"South Dakota","Faulk County",2,36,21,12,9
050,46,049,"South Dakota","Faulk County",2,37,19,12,7
050,46,049,"South Dakota","Faulk County",2,38,25,15,10
050,46,049,"South Dakota","Faulk County",2,39,23,13,10
050,46,049,"South Dakota","Faulk County",2,40,27,15,12
050,46,049,"South Dakota","Faulk County",2,41,26,13,13
050,46,049,"South Dakota","Faulk County",2,42,22,13,9
050,46,049,"South Dakota","Faulk County",2,43,16,9,7
050,46,049,"South Dakota","Faulk County",2,44,17,9,8
050,46,049,"South Dakota","Faulk County",2,45,17,7,10
050,46,049,"South Dakota","Faulk County",2,46,22,11,11
050,46,049,"South Dakota","Faulk County",2,47,18,9,9
050,46,049,"South Dakota","Faulk County",2,48,19,9,10
050,46,049,"South Dakota","Faulk County",2,49,21,10,11
050,46,049,"South Dakota","Faulk County",2,50,22,11,11
050,46,049,"South Dakota","Faulk County",2,51,22,10,12
050,46,049,"South Dakota","Faulk County",2,52,19,12,7
050,46,049,"South Dakota","Faulk County",2,53,21,12,9
050,46,049,"South Dakota","Faulk County",2,54,15,7,8
050,46,049,"South Dakota","Faulk County",2,55,23,11,12
050,46,049,"South Dakota","Faulk County",2,56,29,15,14
050,46,049,"South Dakota","Faulk County",2,57,28,15,13
050,46,049,"South Dakota","Faulk County",2,58,33,21,12
050,46,049,"South Dakota","Faulk County",2,59,39,23,16
050,46,049,"South Dakota","Faulk County",2,60,31,17,14
050,46,049,"South Dakota","Faulk County",2,61,25,13,12
050,46,049,"South Dakota","Faulk County",2,62,34,16,18
050,46,049,"South Dakota","Faulk County",2,63,37,19,18
050,46,049,"South Dakota","Faulk County",2,64,30,17,13
050,46,049,"South Dakota","Faulk County",2,65,32,15,17
050,46,049,"South Dakota","Faulk County",2,66,36,21,15
050,46,049,"South Dakota","Faulk County",2,67,33,18,15
050,46,049,"South Dakota","Faulk County",2,68,30,14,16
050,46,049,"South Dakota","Faulk County",2,69,28,16,12
050,46,049,"South Dakota","Faulk County",2,70,27,15,12
050,46,049,"South Dakota","Faulk County",2,71,27,16,11
050,46,049,"South Dakota","Faulk County",2,72,20,12,8
050,46,049,"South Dakota","Faulk County",2,73,19,9,10
050,46,049,"South Dakota","Faulk County",2,74,16,8,8
050,46,049,"South Dakota","Faulk County",2,75,21,11,10
050,46,049,"South Dakota","Faulk County",2,76,15,9,6
050,46,049,"South Dakota","Faulk County",2,77,23,10,13
050,46,049,"South Dakota","Faulk County",2,78,19,8,11
050,46,049,"South Dakota","Faulk County",2,79,15,5,10
050,46,049,"South Dakota","Faulk County",2,80,9,4,5
050,46,049,"South Dakota","Faulk County",2,81,11,6,5
050,46,049,"South Dakota","Faulk County",2,82,11,4,7
050,46,049,"South Dakota","Faulk County",2,83,15,7,8
050,46,049,"South Dakota","Faulk County",2,84,14,8,6
050,46,049,"South Dakota","Faulk County",2,85,98,44,54
050,46,049,"South Dakota","Faulk County",3,0,38,15,23
050,46,049,"South Dakota","Faulk County",3,1,40,21,19
050,46,049,"South Dakota","Faulk County",3,2,32,15,17
050,46,049,"South Dakota","Faulk County",3,3,33,16,17
050,46,049,"South Dakota","Faulk County",3,4,32,17,15
050,46,049,"South Dakota","Faulk County",3,5,32,15,17
050,46,049,"South Dakota","Faulk County",3,6,34,17,17
050,46,049,"South Dakota","Faulk County",3,7,33,16,17
050,46,049,"South Dakota","Faulk County",3,8,28,14,14
050,46,049,"South Dakota","Faulk County",3,9,23,12,11
050,46,049,"South Dakota","Faulk County",3,10,26,11,15
050,46,049,"South Dakota","Faulk County",3,11,27,15,12
050,46,049,"South Dakota","Faulk County",3,12,23,13,10
050,46,049,"South Dakota","Faulk County",3,13,28,16,12
050,46,049,"South Dakota","Faulk County",3,14,28,15,13
050,46,049,"South Dakota","Faulk County",3,15,28,13,15
050,46,049,"South Dakota","Faulk County",3,16,29,11,18
050,46,049,"South Dakota","Faulk County",3,17,26,12,14
050,46,049,"South Dakota","Faulk County",3,18,23,12,11
050,46,049,"South Dakota","Faulk County",3,19,19,7,12
050,46,049,"South Dakota","Faulk County",3,20,20,9,11
050,46,049,"South Dakota","Faulk County",3,21,18,10,8
050,46,049,"South Dakota","Faulk County",3,22,17,9,8
050,46,049,"South Dakota","Faulk County",3,23,26,14,12
050,46,049,"South Dakota","Faulk County",3,24,23,14,9
050,46,049,"South Dakota","Faulk County",3,25,20,12,8
050,46,049,"South Dakota","Faulk County",3,26,22,12,10
050,46,049,"South Dakota","Faulk County",3,27,20,13,7
050,46,049,"South Dakota","Faulk County",3,28,21,12,9
050,46,049,"South Dakota","Faulk County",3,29,28,15,13
050,46,049,"South Dakota","Faulk County",3,30,23,13,10
050,46,049,"South Dakota","Faulk County",3,31,23,10,13
050,46,049,"South Dakota","Faulk County",3,32,19,9,10
050,46,049,"South Dakota","Faulk County",3,33,22,10,12
050,46,049,"South Dakota","Faulk County",3,34,20,8,12
050,46,049,"South Dakota","Faulk County",3,35,19,8,11
050,46,049,"South Dakota","Faulk County",3,36,19,9,10
050,46,049,"South Dakota","Faulk County",3,37,18,9,9
050,46,049,"South Dakota","Faulk County",3,38,22,14,8
050,46,049,"South Dakota","Faulk County",3,39,24,14,10
050,46,049,"South Dakota","Faulk County",3,40,24,13,11
050,46,049,"South Dakota","Faulk County",3,41,27,15,12
050,46,049,"South Dakota","Faulk County",3,42,25,14,11
050,46,049,"South Dakota","Faulk County",3,43,18,10,8
050,46,049,"South Dakota","Faulk County",3,44,23,12,11
050,46,049,"South Dakota","Faulk County",3,45,16,6,10
050,46,049,"South Dakota","Faulk County",3,46,18,7,11
050,46,049,"South Dakota","Faulk County",3,47,21,12,9
050,46,049,"South Dakota","Faulk County",3,48,21,10,11
050,46,049,"South Dakota","Faulk County",3,49,18,8,10
050,46,049,"South Dakota","Faulk County",3,50,20,10,10
050,46,049,"South Dakota","Faulk County",3,51,23,11,12
050,46,049,"South Dakota","Faulk County",3,52,21,10,11
050,46,049,"South Dakota","Faulk County",3,53,22,14,8
050,46,049,"South Dakota","Faulk County",3,54,18,10,8
050,46,049,"South Dakota","Faulk County",3,55,18,10,8
050,46,049,"South Dakota","Faulk County",3,56,24,13,11
050,46,049,"South Dakota","Faulk County",3,57,27,13,14
050,46,049,"South Dakota","Faulk County",3,58,26,14,12
050,46,049,"South Dakota","Faulk County",3,59,35,21,14
050,46,049,"South Dakota","Faulk County",3,60,36,22,14
050,46,049,"South Dakota","Faulk County",3,61,31,17,14
050,46,049,"South Dakota","Faulk County",3,62,26,11,15
050,46,049,"South Dakota","Faulk County",3,63,32,17,15
050,46,049,"South Dakota","Faulk County",3,64,35,19,16
050,46,049,"South Dakota","Faulk County",3,65,31,17,14
050,46,049,"South Dakota","Faulk County",3,66,29,14,15
050,46,049,"South Dakota","Faulk County",3,67,38,20,18
050,46,049,"South Dakota","Faulk County",3,68,32,18,14
050,46,049,"South Dakota","Faulk County",3,69,29,13,16
050,46,049,"South Dakota","Faulk County",3,70,26,15,11
050,46,049,"South Dakota","Faulk County",3,71,26,14,12
050,46,049,"South Dakota","Faulk County",3,72,24,15,9
050,46,049,"South Dakota","Faulk County",3,73,21,11,10
050,46,049,"South Dakota","Faulk County",3,74,17,9,8
050,46,049,"South Dakota","Faulk County",3,75,15,7,8
050,46,049,"South Dakota","Faulk County",3,76,19,10,9
050,46,049,"South Dakota","Faulk County",3,77,17,8,9
050,46,049,"South Dakota","Faulk County",3,78,23,9,14
050,46,049,"South Dakota","Faulk County",3,79,17,7,10
050,46,049,"South Dakota","Faulk County",3,80,12,6,6
050,46,049,"South Dakota","Faulk County",3,81,10,6,4
050,46,049,"South Dakota","Faulk County",3,82,8,5,3
050,46,049,"South Dakota","Faulk County",3,83,11,4,7
050,46,049,"South Dakota","Faulk County",3,84,12,5,7
050,46,049,"South Dakota","Faulk County",3,85,96,45,51
050,46,049,"South Dakota","Faulk County",4,0,37,12,25
050,46,049,"South Dakota","Faulk County",4,1,37,15,22
050,46,049,"South Dakota","Faulk County",4,2,36,17,19
050,46,049,"South Dakota","Faulk County",4,3,34,18,16
050,46,049,"South Dakota","Faulk County",4,4,29,14,15
050,46,049,"South Dakota","Faulk County",4,5,37,18,19
050,46,049,"South Dakota","Faulk County",4,6,26,15,11
050,46,049,"South Dakota","Faulk County",4,7,38,17,21
050,46,049,"South Dakota","Faulk County",4,8,31,17,14
050,46,049,"South Dakota","Faulk County",4,9,24,13,11
050,46,049,"South Dakota","Faulk County",4,10,29,13,16
050,46,049,"South Dakota","Faulk County",4,11,27,15,12
050,46,049,"South Dakota","Faulk County",4,12,25,12,13
050,46,049,"South Dakota","Faulk County",4,13,25,14,11
050,46,049,"South Dakota","Faulk County",4,14,31,19,12
050,46,049,"South Dakota","Faulk County",4,15,25,13,12
050,46,049,"South Dakota","Faulk County",4,16,33,13,20
050,46,049,"South Dakota","Faulk County",4,17,26,13,13
050,46,049,"South Dakota","Faulk County",4,18,22,9,13
050,46,049,"South Dakota","Faulk County",4,19,19,8,11
050,46,049,"South Dakota","Faulk County",4,20,21,10,11
050,46,049,"South Dakota","Faulk County",4,21,22,12,10
050,46,049,"South Dakota","Faulk County",4,22,18,10,8
050,46,049,"South Dakota","Faulk County",4,23,17,10,7
050,46,049,"South Dakota","Faulk County",4,24,25,13,12
050,46,049,"South Dakota","Faulk County",4,25,21,14,7
050,46,049,"South Dakota","Faulk County",4,26,20,11,9
050,46,049,"South Dakota","Faulk County",4,27,17,9,8
050,46,049,"South Dakota","Faulk County",4,28,21,15,6
050,46,049,"South Dakota","Faulk County",4,29,26,12,14
050,46,049,"South Dakota","Faulk County",4,30,24,13,11
050,46,049,"South Dakota","Faulk County",4,31,23,12,11
050,46,049,"South Dakota","Faulk County",4,32,20,10,10
050,46,049,"South Dakota","Faulk County",4,33,20,10,10
050,46,049,"South Dakota","Faulk County",4,34,24,11,13
050,46,049,"South Dakota","Faulk County",4,35,18,5,13
050,46,049,"South Dakota","Faulk County",4,36,22,11,11
050,46,049,"South Dakota","Faulk County",4,37,17,7,10
050,46,049,"South Dakota","Faulk County",4,38,21,11,10
050,46,049,"South Dakota","Faulk County",4,39,21,13,8
050,46,049,"South Dakota","Faulk County",4,40,25,14,11
050,46,049,"South Dakota","Faulk County",4,41,25,14,11
050,46,049,"South Dakota","Faulk County",4,42,26,16,10
050,46,049,"South Dakota","Faulk County",4,43,23,11,12
050,46,049,"South Dakota","Faulk County",4,44,21,13,8
050,46,049,"South Dakota","Faulk County",4,45,21,9,12
050,46,049,"South Dakota","Faulk County",4,46,19,8,11
050,46,049,"South Dakota","Faulk County",4,47,13,5,8
050,46,049,"South Dakota","Faulk County",4,48,24,13,11
050,46,049,"South Dakota","Faulk County",4,49,18,9,9
050,46,049,"South Dakota","Faulk County",4,50,18,8,10
050,46,049,"South Dakota","Faulk County",4,51,23,12,11
050,46,049,"South Dakota","Faulk County",4,52,23,10,13
050,46,049,"South Dakota","Faulk County",4,53,24,12,12
050,46,049,"South Dakota","Faulk County",4,54,19,12,7
050,46,049,"South Dakota","Faulk County",4,55,18,11,7
050,46,049,"South Dakota","Faulk County",4,56,19,12,7
050,46,049,"South Dakota","Faulk County",4,57,21,11,10
050,46,049,"South Dakota","Faulk County",4,58,26,13,13
050,46,049,"South Dakota","Faulk County",4,59,28,14,14
050,46,049,"South Dakota","Faulk County",4,60,35,22,13
050,46,049,"South Dakota","Faulk County",4,61,38,22,16
050,46,049,"South Dakota","Faulk County",4,62,37,18,19
050,46,049,"South Dakota","Faulk County",4,63,28,17,11
050,46,049,"South Dakota","Faulk County",4,64,30,17,13
050,46,049,"South Dakota","Faulk County",4,65,36,20,16
050,46,049,"South Dakota","Faulk County",4,66,29,15,14
050,46,049,"South Dakota","Faulk County",4,67,30,14,16
050,46,049,"South Dakota","Faulk County",4,68,39,20,19
050,46,049,"South Dakota","Faulk County",4,69,31,18,13
050,46,049,"South Dakota","Faulk County",4,70,30,14,16
050,46,049,"South Dakota","Faulk County",4,71,25,13,12
050,46,049,"South Dakota","Faulk County",4,72,23,13,10
050,46,049,"South Dakota","Faulk County",4,73,23,13,10
050,46,049,"South Dakota","Faulk County",4,74,16,8,8
050,46,049,"South Dakota","Faulk County",4,75,15,8,7
050,46,049,"South Dakota","Faulk County",4,76,12,7,5
050,46,049,"South Dakota","Faulk County",4,77,20,9,11
050,46,049,"South Dakota","Faulk County",4,78,17,9,8
050,46,049,"South Dakota","Faulk County",4,79,23,9,14
050,46,049,"South Dakota","Faulk County",4,80,13,7,6
050,46,049,"South Dakota","Faulk County",4,81,12,8,4
050,46,049,"South Dakota","Faulk County",4,82,7,4,3
050,46,049,"South Dakota","Faulk County",4,83,8,4,4
050,46,049,"South Dakota","Faulk County",4,84,10,4,6
050,46,049,"South Dakota","Faulk County",4,85,92,42,50
050,46,049,"South Dakota","Faulk County",5,0,38,12,26
050,46,049,"South Dakota","Faulk County",5,1,38,12,26
050,46,049,"South Dakota","Faulk County",5,2,38,16,22
050,46,049,"South Dakota","Faulk County",5,3,39,20,19
050,46,049,"South Dakota","Faulk County",5,4,32,16,16
050,46,049,"South Dakota","Faulk County",5,5,34,15,19
050,46,049,"South Dakota","Faulk County",5,6,32,17,15
050,46,049,"South Dakota","Faulk County",5,7,36,19,17
050,46,049,"South Dakota","Faulk County",5,8,37,18,19
050,46,049,"South Dakota","Faulk County",5,9,26,16,10
050,46,049,"South Dakota","Faulk County",5,10,30,15,15
050,46,049,"South Dakota","Faulk County",5,11,28,15,13
050,46,049,"South Dakota","Faulk County",5,12,22,11,11
050,46,049,"South Dakota","Faulk County",5,13,27,13,14
050,46,049,"South Dakota","Faulk County",5,14,27,16,11
050,46,049,"South Dakota","Faulk County",5,15,28,17,11
050,46,049,"South Dakota","Faulk County",5,16,29,12,17
050,46,049,"South Dakota","Faulk County",5,17,29,14,15
050,46,049,"South Dakota","Faulk County",5,18,25,11,14
050,46,049,"South Dakota","Faulk County",5,19,17,6,11
050,46,049,"South Dakota","Faulk County",5,20,23,11,12
050,46,049,"South Dakota","Faulk County",5,21,22,10,12
050,46,049,"South Dakota","Faulk County",5,22,21,11,10
050,46,049,"South Dakota","Faulk County",5,23,15,9,6
050,46,049,"South Dakota","Faulk County",5,24,18,10,8
050,46,049,"South Dakota","Faulk County",5,25,31,16,15
050,46,049,"South Dakota","Faulk County",5,26,23,15,8
050,46,049,"South Dakota","Faulk County",5,27,18,11,7
050,46,049,"South Dakota","Faulk County",5,28,20,8,12
050,46,049,"South Dakota","Faulk County",5,29,25,15,10
050,46,049,"South Dakota","Faulk County",5,30,24,11,13
050,46,049,"South Dakota","Faulk County",5,31,25,12,13
050,46,049,"South Dakota","Faulk County",5,32,20,11,9
050,46,049,"South Dakota","Faulk County",5,33,24,13,11
050,46,049,"South Dakota","Faulk County",5,34,21,12,9
050,46,049,"South Dakota","Faulk County",5,35,21,8,13
050,46,049,"South Dakota","Faulk County",5,36,22,9,13
050,46,049,"South Dakota","Faulk County",5,37,19,8,11
050,46,049,"South Dakota","Faulk County",5,38,19,9,10
050,46,049,"South Dakota","Faulk County",5,39,20,10,10
050,46,049,"South Dakota","Faulk County",5,40,21,12,9
050,46,049,"South Dakota","Faulk County",5,41,25,14,11
050,46,049,"South Dakota","Faulk County",5,42,27,15,12
050,46,049,"South Dakota","Faulk County",5,43,23,13,10
050,46,049,"South Dakota","Faulk County",5,44,27,14,13
050,46,049,"South Dakota","Faulk County",5,45,19,10,9
050,46,049,"South Dakota","Faulk County",5,46,23,11,12
050,46,049,"South Dakota","Faulk County",5,47,17,8,9
050,46,049,"South Dakota","Faulk County",5,48,16,6,10
050,46,049,"South Dakota","Faulk County",5,49,24,12,12
050,46,049,"South Dakota","Faulk County",5,50,18,10,8
050,46,049,"South Dakota","Faulk County",5,51,19,9,10
050,46,049,"South Dakota","Faulk County",5,52,27,13,14
050,46,049,"South Dakota","Faulk County",5,53,21,7,14
050,46,049,"South Dakota","Faulk County",5,54,23,12,11
050,46,049,"South Dakota","Faulk County",5,55,23,13,10
050,46,049,"South Dakota","Faulk County",5,56,18,13,5
050,46,049,"South Dakota","Faulk County",5,57,15,9,6
050,46,049,"South Dakota","Faulk County",5,58,20,11,9
050,46,049,"South Dakota","Faulk County",5,59,28,13,15
050,46,049,"South Dakota","Faulk County",5,60,26,13,13
050,46,049,"South Dakota","Faulk County",5,61,35,22,13
050,46,049,"South Dakota","Faulk County",5,62,37,21,16
050,46,049,"South Dakota","Faulk County",5,63,36,19,17
050,46,049,"South Dakota","Faulk County",5,64,29,19,10
050,46,049,"South Dakota","Faulk County",5,65,31,16,15
050,46,049,"South Dakota","Faulk County",5,66,34,19,15
050,46,049,"South Dakota","Faulk County",5,67,32,15,17
050,46,049,"South Dakota","Faulk County",5,68,29,14,15
050,46,049,"South Dakota","Faulk County",5,69,38,18,20
050,46,049,"South Dakota","Faulk County",5,70,31,17,14
050,46,049,"South Dakota","Faulk County",5,71,28,12,16
050,46,049,"South Dakota","Faulk County",5,72,22,12,10
050,46,049,"South Dakota","Faulk County",5,73,23,12,11
050,46,049,"South Dakota","Faulk County",5,74,23,13,10
050,46,049,"South Dakota","Faulk County",5,75,15,7,8
050,46,049,"South Dakota","Faulk County",5,76,11,8,3
050,46,049,"South Dakota","Faulk County",5,77,13,6,7
050,46,049,"South Dakota","Faulk County",5,78,22,9,13
050,46,049,"South Dakota","Faulk County",5,79,14,6,8
050,46,049,"South Dakota","Faulk County",5,80,20,9,11
050,46,049,"South Dakota","Faulk County",5,81,15,9,6
050,46,049,"South Dakota","Faulk County",5,82,9,6,3
050,46,049,"South Dakota","Faulk County",5,83,7,4,3
050,46,049,"South Dakota","Faulk County",5,84,7,4,3
050,46,049,"South Dakota","Faulk County",5,85,87,40,47
050,46,051,"South Dakota","Grant County",1,0,76,39,37
050,46,051,"South Dakota","Grant County",1,1,90,46,44
050,46,051,"South Dakota","Grant County",1,2,96,48,48
050,46,051,"South Dakota","Grant County",1,3,87,43,44
050,46,051,"South Dakota","Grant County",1,4,102,62,40
050,46,051,"South Dakota","Grant County",1,5,103,61,42
050,46,051,"South Dakota","Grant County",1,6,88,54,34
050,46,051,"South Dakota","Grant County",1,7,90,39,51
050,46,051,"South Dakota","Grant County",1,8,78,34,44
050,46,051,"South Dakota","Grant County",1,9,84,40,44
050,46,051,"South Dakota","Grant County",1,10,98,56,42
050,46,051,"South Dakota","Grant County",1,11,98,52,46
050,46,051,"South Dakota","Grant County",1,12,102,56,46
050,46,051,"South Dakota","Grant County",1,13,101,59,42
050,46,051,"South Dakota","Grant County",1,14,100,51,49
050,46,051,"South Dakota","Grant County",1,15,92,53,39
050,46,051,"South Dakota","Grant County",1,16,97,53,44
050,46,051,"South Dakota","Grant County",1,17,82,44,38
050,46,051,"South Dakota","Grant County",1,18,81,41,40
050,46,051,"South Dakota","Grant County",1,19,70,38,32
050,46,051,"South Dakota","Grant County",1,20,76,41,35
050,46,051,"South Dakota","Grant County",1,21,71,38,33
050,46,051,"South Dakota","Grant County",1,22,76,36,40
050,46,051,"South Dakota","Grant County",1,23,79,42,37
050,46,051,"South Dakota","Grant County",1,24,59,31,28
050,46,051,"South Dakota","Grant County",1,25,66,31,35
050,46,051,"South Dakota","Grant County",1,26,63,31,32
050,46,051,"South Dakota","Grant County",1,27,78,42,36
050,46,051,"South Dakota","Grant County",1,28,77,45,32
050,46,051,"South Dakota","Grant County",1,29,76,38,38
050,46,051,"South Dakota","Grant County",1,30,69,34,35
050,46,051,"South Dakota","Grant County",1,31,63,39,24
050,46,051,"South Dakota","Grant County",1,32,81,49,32
050,46,051,"South Dakota","Grant County",1,33,73,39,34
050,46,051,"South Dakota","Grant County",1,34,78,45,33
050,46,051,"South Dakota","Grant County",1,35,85,42,43
050,46,051,"South Dakota","Grant County",1,36,75,38,37
050,46,051,"South Dakota","Grant County",1,37,76,40,36
050,46,051,"South Dakota","Grant County",1,38,75,40,35
050,46,051,"South Dakota","Grant County",1,39,83,38,45
050,46,051,"South Dakota","Grant County",1,40,84,46,38
050,46,051,"South Dakota","Grant County",1,41,91,49,42
050,46,051,"South Dakota","Grant County",1,42,83,38,45
050,46,051,"South Dakota","Grant County",1,43,76,36,40
050,46,051,"South Dakota","Grant County",1,44,84,48,36
050,46,051,"South Dakota","Grant County",1,45,81,45,36
050,46,051,"South Dakota","Grant County",1,46,86,52,34
050,46,051,"South Dakota","Grant County",1,47,81,45,36
050,46,051,"South Dakota","Grant County",1,48,80,46,34
050,46,051,"South Dakota","Grant County",1,49,99,62,37
050,46,051,"South Dakota","Grant County",1,50,108,76,32
050,46,051,"South Dakota","Grant County",1,51,110,81,29
050,46,051,"South Dakota","Grant County",1,52,89,44,45
050,46,051,"South Dakota","Grant County",1,53,88,45,43
050,46,051,"South Dakota","Grant County",1,54,84,43,41
050,46,051,"South Dakota","Grant County",1,55,94,47,47
050,46,051,"South Dakota","Grant County",1,56,119,66,53
050,46,051,"South Dakota","Grant County",1,57,128,71,57
050,46,051,"South Dakota","Grant County",1,58,130,70,60
050,46,051,"South Dakota","Grant County",1,59,138,75,63
050,46,051,"South Dakota","Grant County",1,60,127,66,61
050,46,051,"South Dakota","Grant County",1,61,120,62,58
050,46,051,"South Dakota","Grant County",1,62,137,76,61
050,46,051,"South Dakota","Grant County",1,63,131,74,57
050,46,051,"South Dakota","Grant County",1,64,111,65,46
050,46,051,"South Dakota","Grant County",1,65,112,62,50
050,46,051,"South Dakota","Grant County",1,66,115,57,58
050,46,051,"South Dakota","Grant County",1,67,96,44,52
050,46,051,"South Dakota","Grant County",1,68,107,55,52
050,46,051,"South Dakota","Grant County",1,69,101,54,47
050,46,051,"South Dakota","Grant County",1,70,89,43,46
050,46,051,"South Dakota","Grant County",1,71,84,36,48
050,46,051,"South Dakota","Grant County",1,72,85,38,47
050,46,051,"South Dakota","Grant County",1,73,85,42,43
050,46,051,"South Dakota","Grant County",1,74,55,29,26
050,46,051,"South Dakota","Grant County",1,75,58,32,26
050,46,051,"South Dakota","Grant County",1,76,68,36,32
050,46,051,"South Dakota","Grant County",1,77,69,32,37
050,46,051,"South Dakota","Grant County",1,78,57,29,28
050,46,051,"South Dakota","Grant County",1,79,48,22,26
050,46,051,"South Dakota","Grant County",1,80,44,19,25
050,46,051,"South Dakota","Grant County",1,81,40,15,25
050,46,051,"South Dakota","Grant County",1,82,47,17,30
050,46,051,"South Dakota","Grant County",1,83,39,15,24
050,46,051,"South Dakota","Grant County",1,84,44,21,23
050,46,051,"South Dakota","Grant County",1,85,265,86,179
050,46,051,"South Dakota","Grant County",2,0,75,40,35
050,46,051,"South Dakota","Grant County",2,1,87,45,42
050,46,051,"South Dakota","Grant County",2,2,92,46,46
050,46,051,"South Dakota","Grant County",2,3,88,43,45
050,46,051,"South Dakota","Grant County",2,4,99,58,41
050,46,051,"South Dakota","Grant County",2,5,103,61,42
050,46,051,"South Dakota","Grant County",2,6,89,54,35
050,46,051,"South Dakota","Grant County",2,7,89,42,47
050,46,051,"South Dakota","Grant County",2,8,80,35,45
050,46,051,"South Dakota","Grant County",2,9,83,39,44
050,46,051,"South Dakota","Grant County",2,10,94,52,42
050,46,051,"South Dakota","Grant County",2,11,98,53,45
050,46,051,"South Dakota","Grant County",2,12,102,56,46
050,46,051,"South Dakota","Grant County",2,13,100,56,44
050,46,051,"South Dakota","Grant County",2,14,99,52,47
050,46,051,"South Dakota","Grant County",2,15,95,53,42
050,46,051,"South Dakota","Grant County",2,16,95,53,42
050,46,051,"South Dakota","Grant County",2,17,85,46,39
050,46,051,"South Dakota","Grant County",2,18,76,40,36
050,46,051,"South Dakota","Grant County",2,19,67,36,31
050,46,051,"South Dakota","Grant County",2,20,74,39,35
050,46,051,"South Dakota","Grant County",2,21,73,38,35
050,46,051,"South Dakota","Grant County",2,22,76,38,38
050,46,051,"South Dakota","Grant County",2,23,75,40,35
050,46,051,"South Dakota","Grant County",2,24,63,33,30
050,46,051,"South Dakota","Grant County",2,25,61,29,32
050,46,051,"South Dakota","Grant County",2,26,63,31,32
050,46,051,"South Dakota","Grant County",2,27,75,41,34
050,46,051,"South Dakota","Grant County",2,28,78,45,33
050,46,051,"South Dakota","Grant County",2,29,78,41,37
050,46,051,"South Dakota","Grant County",2,30,71,36,35
050,46,051,"South Dakota","Grant County",2,31,63,37,26
050,46,051,"South Dakota","Grant County",2,32,76,45,31
050,46,051,"South Dakota","Grant County",2,33,75,41,34
050,46,051,"South Dakota","Grant County",2,34,78,44,34
050,46,051,"South Dakota","Grant County",2,35,84,43,41
050,46,051,"South Dakota","Grant County",2,36,77,39,38
050,46,051,"South Dakota","Grant County",2,37,76,40,36
050,46,051,"South Dakota","Grant County",2,38,76,41,35
050,46,051,"South Dakota","Grant County",2,39,81,39,42
050,46,051,"South Dakota","Grant County",2,40,84,44,40
050,46,051,"South Dakota","Grant County",2,41,89,48,41
050,46,051,"South Dakota","Grant County",2,42,84,40,44
050,46,051,"South Dakota","Grant County",2,43,77,37,40
050,46,051,"South Dakota","Grant County",2,44,82,45,37
050,46,051,"South Dakota","Grant County",2,45,81,45,36
050,46,051,"South Dakota","Grant County",2,46,84,50,34
050,46,051,"South Dakota","Grant County",2,47,81,47,34
050,46,051,"South Dakota","Grant County",2,48,79,45,34
050,46,051,"South Dakota","Grant County",2,49,96,59,37
050,46,051,"South Dakota","Grant County",2,50,106,72,34
050,46,051,"South Dakota","Grant County",2,51,108,78,30
050,46,051,"South Dakota","Grant County",2,52,93,53,40
050,46,051,"South Dakota","Grant County",2,53,90,46,44
050,46,051,"South Dakota","Grant County",2,54,85,43,42
050,46,051,"South Dakota","Grant County",2,55,92,46,46
050,46,051,"South Dakota","Grant County",2,56,113,62,51
050,46,051,"South Dakota","Grant County",2,57,126,69,57
050,46,051,"South Dakota","Grant County",2,58,129,71,58
050,46,051,"South Dakota","Grant County",2,59,137,74,63
050,46,051,"South Dakota","Grant County",2,60,128,66,62
050,46,051,"South Dakota","Grant County",2,61,121,63,58
050,46,051,"South Dakota","Grant County",2,62,133,73,60
050,46,051,"South Dakota","Grant County",2,63,134,76,58
050,46,051,"South Dakota","Grant County",2,64,115,67,48
050,46,051,"South Dakota","Grant County",2,65,111,63,48
050,46,051,"South Dakota","Grant County",2,66,116,59,57
050,46,051,"South Dakota","Grant County",2,67,99,46,53
050,46,051,"South Dakota","Grant County",2,68,103,52,51
050,46,051,"South Dakota","Grant County",2,69,102,54,48
050,46,051,"South Dakota","Grant County",2,70,92,45,47
050,46,051,"South Dakota","Grant County",2,71,85,38,47
050,46,051,"South Dakota","Grant County",2,72,82,37,45
050,46,051,"South Dakota","Grant County",2,73,88,43,45
050,46,051,"South Dakota","Grant County",2,74,59,30,29
050,46,051,"South Dakota","Grant County",2,75,57,31,26
050,46,051,"South Dakota","Grant County",2,76,66,35,31
050,46,051,"South Dakota","Grant County",2,77,69,33,36
050,46,051,"South Dakota","Grant County",2,78,59,30,29
050,46,051,"South Dakota","Grant County",2,79,47,22,25
050,46,051,"South Dakota","Grant County",2,80,45,20,25
050,46,051,"South Dakota","Grant County",2,81,42,17,25
050,46,051,"South Dakota","Grant County",2,82,47,17,30
050,46,051,"South Dakota","Grant County",2,83,40,15,25
050,46,051,"South Dakota","Grant County",2,84,44,20,24
050,46,051,"South Dakota","Grant County",2,85,269,87,182
050,46,051,"South Dakota","Grant County",3,0,95,49,46
050,46,051,"South Dakota","Grant County",3,1,74,39,35
050,46,051,"South Dakota","Grant County",3,2,89,46,43
050,46,051,"South Dakota","Grant County",3,3,90,48,42
050,46,051,"South Dakota","Grant County",3,4,87,43,44
050,46,051,"South Dakota","Grant County",3,5,97,56,41
050,46,051,"South Dakota","Grant County",3,6,106,62,44
050,46,051,"South Dakota","Grant County",3,7,88,53,35
050,46,051,"South Dakota","Grant County",3,8,89,41,48
050,46,051,"South Dakota","Grant County",3,9,83,37,46
050,46,051,"South Dakota","Grant County",3,10,87,38,49
050,46,051,"South Dakota","Grant County",3,11,94,52,42
050,46,051,"South Dakota","Grant County",3,12,105,55,50
050,46,051,"South Dakota","Grant County",3,13,103,57,46
050,46,051,"South Dakota","Grant County",3,14,97,53,44
050,46,051,"South Dakota","Grant County",3,15,96,52,44
050,46,051,"South Dakota","Grant County",3,16,97,52,45
050,46,051,"South Dakota","Grant County",3,17,95,53,42
050,46,051,"South Dakota","Grant County",3,18,79,42,37
050,46,051,"South Dakota","Grant County",3,19,60,31,29
050,46,051,"South Dakota","Grant County",3,20,73,41,32
050,46,051,"South Dakota","Grant County",3,21,77,40,37
050,46,051,"South Dakota","Grant County",3,22,67,35,32
050,46,051,"South Dakota","Grant County",3,23,77,43,34
050,46,051,"South Dakota","Grant County",3,24,75,37,38
050,46,051,"South Dakota","Grant County",3,25,70,33,37
050,46,051,"South Dakota","Grant County",3,26,63,26,37
050,46,051,"South Dakota","Grant County",3,27,73,36,37
050,46,051,"South Dakota","Grant County",3,28,76,42,34
050,46,051,"South Dakota","Grant County",3,29,74,43,31
050,46,051,"South Dakota","Grant County",3,30,79,40,39
050,46,051,"South Dakota","Grant County",3,31,79,41,38
050,46,051,"South Dakota","Grant County",3,32,63,38,25
050,46,051,"South Dakota","Grant County",3,33,78,48,30
050,46,051,"South Dakota","Grant County",3,34,72,36,36
050,46,051,"South Dakota","Grant County",3,35,76,46,30
050,46,051,"South Dakota","Grant County",3,36,83,43,40
050,46,051,"South Dakota","Grant County",3,37,85,44,41
050,46,051,"South Dakota","Grant County",3,38,75,40,35
050,46,051,"South Dakota","Grant County",3,39,81,46,35
050,46,051,"South Dakota","Grant County",3,40,83,39,44
050,46,051,"South Dakota","Grant County",3,41,85,43,42
050,46,051,"South Dakota","Grant County",3,42,89,48,41
050,46,051,"South Dakota","Grant County",3,43,85,42,43
050,46,051,"South Dakota","Grant County",3,44,76,35,41
050,46,051,"South Dakota","Grant County",3,45,85,47,38
050,46,051,"South Dakota","Grant County",3,46,83,47,36
050,46,051,"South Dakota","Grant County",3,47,86,52,34
050,46,051,"South Dakota","Grant County",3,48,80,45,35
050,46,051,"South Dakota","Grant County",3,49,83,48,35
050,46,051,"South Dakota","Grant County",3,50,94,58,36
050,46,051,"South Dakota","Grant County",3,51,106,73,33
050,46,051,"South Dakota","Grant County",3,52,107,76,31
050,46,051,"South Dakota","Grant County",3,53,96,54,42
050,46,051,"South Dakota","Grant County",3,54,89,46,43
050,46,051,"South Dakota","Grant County",3,55,81,42,39
050,46,051,"South Dakota","Grant County",3,56,95,46,49
050,46,051,"South Dakota","Grant County",3,57,109,58,51
050,46,051,"South Dakota","Grant County",3,58,122,67,55
050,46,051,"South Dakota","Grant County",3,59,135,75,60
050,46,051,"South Dakota","Grant County",3,60,133,72,61
050,46,051,"South Dakota","Grant County",3,61,119,63,56
050,46,051,"South Dakota","Grant County",3,62,120,65,55
050,46,051,"South Dakota","Grant County",3,63,129,73,56
050,46,051,"South Dakota","Grant County",3,64,130,74,56
050,46,051,"South Dakota","Grant County",3,65,115,67,48
050,46,051,"South Dakota","Grant County",3,66,107,57,50
050,46,051,"South Dakota","Grant County",3,67,114,58,56
050,46,051,"South Dakota","Grant County",3,68,97,45,52
050,46,051,"South Dakota","Grant County",3,69,102,52,50
050,46,051,"South Dakota","Grant County",3,70,96,50,46
050,46,051,"South Dakota","Grant County",3,71,98,48,50
050,46,051,"South Dakota","Grant County",3,72,77,34,43
050,46,051,"South Dakota","Grant County",3,73,80,37,43
050,46,051,"South Dakota","Grant County",3,74,80,37,43
050,46,051,"South Dakota","Grant County",3,75,60,30,30
050,46,051,"South Dakota","Grant County",3,76,54,26,28
050,46,051,"South Dakota","Grant County",3,77,64,34,30
050,46,051,"South Dakota","Grant County",3,78,66,32,34
050,46,051,"South Dakota","Grant County",3,79,56,27,29
050,46,051,"South Dakota","Grant County",3,80,45,21,24
050,46,051,"South Dakota","Grant County",3,81,39,18,21
050,46,051,"South Dakota","Grant County",3,82,43,15,28
050,46,051,"South Dakota","Grant County",3,83,44,15,29
050,46,051,"South Dakota","Grant County",3,84,35,10,25
050,46,051,"South Dakota","Grant County",3,85,273,90,183
050,46,051,"South Dakota","Grant County",4,0,86,41,45
050,46,051,"South Dakota","Grant County",4,1,97,49,48
050,46,051,"South Dakota","Grant County",4,2,76,40,36
050,46,051,"South Dakota","Grant County",4,3,90,46,44
050,46,051,"South Dakota","Grant County",4,4,92,47,45
050,46,051,"South Dakota","Grant County",4,5,85,43,42
050,46,051,"South Dakota","Grant County",4,6,93,53,40
050,46,051,"South Dakota","Grant County",4,7,104,61,43
050,46,051,"South Dakota","Grant County",4,8,93,54,39
050,46,051,"South Dakota","Grant County",4,9,85,41,44
050,46,051,"South Dakota","Grant County",4,10,82,36,46
050,46,051,"South Dakota","Grant County",4,11,88,39,49
050,46,051,"South Dakota","Grant County",4,12,93,55,38
050,46,051,"South Dakota","Grant County",4,13,103,55,48
050,46,051,"South Dakota","Grant County",4,14,101,58,43
050,46,051,"South Dakota","Grant County",4,15,95,54,41
050,46,051,"South Dakota","Grant County",4,16,96,51,45
050,46,051,"South Dakota","Grant County",4,17,94,53,41
050,46,051,"South Dakota","Grant County",4,18,77,45,32
050,46,051,"South Dakota","Grant County",4,19,54,32,22
050,46,051,"South Dakota","Grant County",4,20,66,39,27
050,46,051,"South Dakota","Grant County",4,21,73,44,29
050,46,051,"South Dakota","Grant County",4,22,78,40,38
050,46,051,"South Dakota","Grant County",4,23,69,38,31
050,46,051,"South Dakota","Grant County",4,24,71,42,29
050,46,051,"South Dakota","Grant County",4,25,71,38,33
050,46,051,"South Dakota","Grant County",4,26,72,28,44
050,46,051,"South Dakota","Grant County",4,27,62,27,35
050,46,051,"South Dakota","Grant County",4,28,70,31,39
050,46,051,"South Dakota","Grant County",4,29,70,41,29
050,46,051,"South Dakota","Grant County",4,30,78,44,34
050,46,051,"South Dakota","Grant County",4,31,79,40,39
050,46,051,"South Dakota","Grant County",4,32,81,41,40
050,46,051,"South Dakota","Grant County",4,33,60,34,26
050,46,051,"South Dakota","Grant County",4,34,80,49,31
050,46,051,"South Dakota","Grant County",4,35,68,32,36
050,46,051,"South Dakota","Grant County",4,36,75,44,31
050,46,051,"South Dakota","Grant County",4,37,78,40,38
050,46,051,"South Dakota","Grant County",4,38,77,40,37
050,46,051,"South Dakota","Grant County",4,39,72,36,36
050,46,051,"South Dakota","Grant County",4,40,84,48,36
050,46,051,"South Dakota","Grant County",4,41,82,40,42
050,46,051,"South Dakota","Grant County",4,42,87,45,42
050,46,051,"South Dakota","Grant County",4,43,83,44,39
050,46,051,"South Dakota","Grant County",4,44,87,43,44
050,46,051,"South Dakota","Grant County",4,45,85,38,47
050,46,051,"South Dakota","Grant County",4,46,88,47,41
050,46,051,"South Dakota","Grant County",4,47,84,48,36
050,46,051,"South Dakota","Grant County",4,48,85,51,34
050,46,051,"South Dakota","Grant County",4,49,75,43,32
050,46,051,"South Dakota","Grant County",4,50,71,37,34
050,46,051,"South Dakota","Grant County",4,51,96,59,37
050,46,051,"South Dakota","Grant County",4,52,105,72,33
050,46,051,"South Dakota","Grant County",4,53,106,73,33
050,46,051,"South Dakota","Grant County",4,54,94,54,40
050,46,051,"South Dakota","Grant County",4,55,90,47,43
050,46,051,"South Dakota","Grant County",4,56,87,46,41
050,46,051,"South Dakota","Grant County",4,57,95,49,46
050,46,051,"South Dakota","Grant County",4,58,112,57,55
050,46,051,"South Dakota","Grant County",4,59,118,63,55
050,46,051,"South Dakota","Grant County",4,60,138,74,64
050,46,051,"South Dakota","Grant County",4,61,133,73,60
050,46,051,"South Dakota","Grant County",4,62,120,63,57
050,46,051,"South Dakota","Grant County",4,63,119,64,55
050,46,051,"South Dakota","Grant County",4,64,119,68,51
050,46,051,"South Dakota","Grant County",4,65,129,75,54
050,46,051,"South Dakota","Grant County",4,66,114,62,52
050,46,051,"South Dakota","Grant County",4,67,108,59,49
050,46,051,"South Dakota","Grant County",4,68,117,59,58
050,46,051,"South Dakota","Grant County",4,69,96,46,50
050,46,051,"South Dakota","Grant County",4,70,98,52,46
050,46,051,"South Dakota","Grant County",4,71,97,48,49
050,46,051,"South Dakota","Grant County",4,72,94,47,47
050,46,051,"South Dakota","Grant County",4,73,75,36,39
050,46,051,"South Dakota","Grant County",4,74,78,33,45
050,46,051,"South Dakota","Grant County",4,75,80,36,44
050,46,051,"South Dakota","Grant County",4,76,58,27,31
050,46,051,"South Dakota","Grant County",4,77,50,25,25
050,46,051,"South Dakota","Grant County",4,78,60,31,29
050,46,051,"South Dakota","Grant County",4,79,62,28,34
050,46,051,"South Dakota","Grant County",4,80,54,29,25
050,46,051,"South Dakota","Grant County",4,81,41,19,22
050,46,051,"South Dakota","Grant County",4,82,36,17,19
050,46,051,"South Dakota","Grant County",4,83,39,12,27
050,46,051,"South Dakota","Grant County",4,84,41,12,29
050,46,051,"South Dakota","Grant County",4,85,282,90,192
050,46,051,"South Dakota","Grant County",5,0,94,46,48
050,46,051,"South Dakota","Grant County",5,1,90,45,45
050,46,051,"South Dakota","Grant County",5,2,98,49,49
050,46,051,"South Dakota","Grant County",5,3,74,39,35
050,46,051,"South Dakota","Grant County",5,4,87,47,40
050,46,051,"South Dakota","Grant County",5,5,100,47,53
050,46,051,"South Dakota","Grant County",5,6,93,44,49
050,46,051,"South Dakota","Grant County",5,7,99,53,46
050,46,051,"South Dakota","Grant County",5,8,102,60,42
050,46,051,"South Dakota","Grant County",5,9,88,48,40
050,46,051,"South Dakota","Grant County",5,10,88,45,43
050,46,051,"South Dakota","Grant County",5,11,93,46,47
050,46,051,"South Dakota","Grant County",5,12,94,42,52
050,46,051,"South Dakota","Grant County",5,13,92,54,38
050,46,051,"South Dakota","Grant County",5,14,106,56,50
050,46,051,"South Dakota","Grant County",5,15,103,56,47
050,46,051,"South Dakota","Grant County",5,16,91,50,41
050,46,051,"South Dakota","Grant County",5,17,96,54,42
050,46,051,"South Dakota","Grant County",5,18,80,47,33
050,46,051,"South Dakota","Grant County",5,19,61,37,24
050,46,051,"South Dakota","Grant County",5,20,63,38,25
050,46,051,"South Dakota","Grant County",5,21,56,32,24
050,46,051,"South Dakota","Grant County",5,22,79,49,30
050,46,051,"South Dakota","Grant County",5,23,82,44,38
050,46,051,"South Dakota","Grant County",5,24,68,37,31
050,46,051,"South Dakota","Grant County",5,25,71,39,32
050,46,051,"South Dakota","Grant County",5,26,73,40,33
050,46,051,"South Dakota","Grant County",5,27,80,35,45
050,46,051,"South Dakota","Grant County",5,28,69,29,40
050,46,051,"South Dakota","Grant County",5,29,70,30,40
050,46,051,"South Dakota","Grant County",5,30,63,34,29
050,46,051,"South Dakota","Grant County",5,31,85,47,38
050,46,051,"South Dakota","Grant County",5,32,81,42,39
050,46,051,"South Dakota","Grant County",5,33,80,40,40
050,46,051,"South Dakota","Grant County",5,34,62,38,24
050,46,051,"South Dakota","Grant County",5,35,81,50,31
050,46,051,"South Dakota","Grant County",5,36,69,33,36
050,46,051,"South Dakota","Grant County",5,37,76,47,29
050,46,051,"South Dakota","Grant County",5,38,80,41,39
050,46,051,"South Dakota","Grant County",5,39,84,48,36
050,46,051,"South Dakota","Grant County",5,40,73,35,38
050,46,051,"South Dakota","Grant County",5,41,86,49,37
050,46,051,"South Dakota","Grant County",5,42,82,40,42
050,46,051,"South Dakota","Grant County",5,43,86,45,41
050,46,051,"South Dakota","Grant County",5,44,84,44,40
050,46,051,"South Dakota","Grant County",5,45,94,44,50
050,46,051,"South Dakota","Grant County",5,46,84,39,45
050,46,051,"South Dakota","Grant County",5,47,87,48,39
050,46,051,"South Dakota","Grant County",5,48,81,45,36
050,46,051,"South Dakota","Grant County",5,49,86,52,34
050,46,051,"South Dakota","Grant County",5,50,79,42,37
050,46,051,"South Dakota","Grant County",5,51,80,42,38
050,46,051,"South Dakota","Grant County",5,52,81,46,35
050,46,051,"South Dakota","Grant County",5,53,105,71,34
050,46,051,"South Dakota","Grant County",5,54,105,72,33
050,46,051,"South Dakota","Grant County",5,55,95,56,39
050,46,051,"South Dakota","Grant County",5,56,87,46,41
050,46,051,"South Dakota","Grant County",5,57,85,44,41
050,46,051,"South Dakota","Grant County",5,58,92,46,46
050,46,051,"South Dakota","Grant County",5,59,109,55,54
050,46,051,"South Dakota","Grant County",5,60,118,61,57
050,46,051,"South Dakota","Grant County",5,61,136,76,60
050,46,051,"South Dakota","Grant County",5,62,128,69,59
050,46,051,"South Dakota","Grant County",5,63,122,64,58
050,46,051,"South Dakota","Grant County",5,64,124,68,56
050,46,051,"South Dakota","Grant County",5,65,117,67,50
050,46,051,"South Dakota","Grant County",5,66,127,70,57
050,46,051,"South Dakota","Grant County",5,67,115,61,54
050,46,051,"South Dakota","Grant County",5,68,103,57,46
050,46,051,"South Dakota","Grant County",5,69,115,60,55
050,46,051,"South Dakota","Grant County",5,70,94,44,50
050,46,051,"South Dakota","Grant County",5,71,102,53,49
050,46,051,"South Dakota","Grant County",5,72,95,47,48
050,46,051,"South Dakota","Grant County",5,73,89,46,43
050,46,051,"South Dakota","Grant County",5,74,74,32,42
050,46,051,"South Dakota","Grant County",5,75,78,33,45
050,46,051,"South Dakota","Grant County",5,76,73,30,43
050,46,051,"South Dakota","Grant County",5,77,56,24,32
050,46,051,"South Dakota","Grant County",5,78,49,26,23
050,46,051,"South Dakota","Grant County",5,79,57,27,30
050,46,051,"South Dakota","Grant County",5,80,60,26,34
050,46,051,"South Dakota","Grant County",5,81,47,24,23
050,46,051,"South Dakota","Grant County",5,82,41,18,23
050,46,051,"South Dakota","Grant County",5,83,37,15,22
050,46,051,"South Dakota","Grant County",5,84,40,12,28
050,46,051,"South Dakota","Grant County",5,85,294,92,202
050,46,053,"South Dakota","Gregory County",1,0,46,24,22
050,46,053,"South Dakota","Gregory County",1,1,46,23,23
050,46,053,"South Dakota","Gregory County",1,2,56,26,30
050,46,053,"South Dakota","Gregory County",1,3,56,32,24
050,46,053,"South Dakota","Gregory County",1,4,45,20,25
050,46,053,"South Dakota","Gregory County",1,5,57,31,26
050,46,053,"South Dakota","Gregory County",1,6,56,36,20
050,46,053,"South Dakota","Gregory County",1,7,47,31,16
050,46,053,"South Dakota","Gregory County",1,8,45,23,22
050,46,053,"South Dakota","Gregory County",1,9,63,36,27
050,46,053,"South Dakota","Gregory County",1,10,49,24,25
050,46,053,"South Dakota","Gregory County",1,11,61,28,33
050,46,053,"South Dakota","Gregory County",1,12,72,33,39
050,46,053,"South Dakota","Gregory County",1,13,57,33,24
050,46,053,"South Dakota","Gregory County",1,14,51,28,23
050,46,053,"South Dakota","Gregory County",1,15,49,29,20
050,46,053,"South Dakota","Gregory County",1,16,56,31,25
050,46,053,"South Dakota","Gregory County",1,17,54,31,23
050,46,053,"South Dakota","Gregory County",1,18,52,33,19
050,46,053,"South Dakota","Gregory County",1,19,33,19,14
050,46,053,"South Dakota","Gregory County",1,20,38,20,18
050,46,053,"South Dakota","Gregory County",1,21,32,19,13
050,46,053,"South Dakota","Gregory County",1,22,37,19,18
050,46,053,"South Dakota","Gregory County",1,23,43,22,21
050,46,053,"South Dakota","Gregory County",1,24,36,19,17
050,46,053,"South Dakota","Gregory County",1,25,37,17,20
050,46,053,"South Dakota","Gregory County",1,26,34,18,16
050,46,053,"South Dakota","Gregory County",1,27,41,22,19
050,46,053,"South Dakota","Gregory County",1,28,35,15,20
050,46,053,"South Dakota","Gregory County",1,29,34,21,13
050,46,053,"South Dakota","Gregory County",1,30,30,14,16
050,46,053,"South Dakota","Gregory County",1,31,27,15,12
050,46,053,"South Dakota","Gregory County",1,32,37,21,16
050,46,053,"South Dakota","Gregory County",1,33,38,20,18
050,46,053,"South Dakota","Gregory County",1,34,38,20,18
050,46,053,"South Dakota","Gregory County",1,35,37,17,20
050,46,053,"South Dakota","Gregory County",1,36,37,18,19
050,46,053,"South Dakota","Gregory County",1,37,38,18,20
050,46,053,"South Dakota","Gregory County",1,38,40,23,17
050,46,053,"South Dakota","Gregory County",1,39,50,30,20
050,46,053,"South Dakota","Gregory County",1,40,44,27,17
050,46,053,"South Dakota","Gregory County",1,41,35,20,15
050,46,053,"South Dakota","Gregory County",1,42,40,21,19
050,46,053,"South Dakota","Gregory County",1,43,39,19,20
050,46,053,"South Dakota","Gregory County",1,44,42,22,20
050,46,053,"South Dakota","Gregory County",1,45,47,26,21
050,46,053,"South Dakota","Gregory County",1,46,44,22,22
050,46,053,"South Dakota","Gregory County",1,47,43,26,17
050,46,053,"South Dakota","Gregory County",1,48,40,28,12
050,46,053,"South Dakota","Gregory County",1,49,44,20,24
050,46,053,"South Dakota","Gregory County",1,50,37,16,21
050,46,053,"South Dakota","Gregory County",1,51,41,23,18
050,46,053,"South Dakota","Gregory County",1,52,40,20,20
050,46,053,"South Dakota","Gregory County",1,53,38,20,18
050,46,053,"South Dakota","Gregory County",1,54,42,23,19
050,46,053,"South Dakota","Gregory County",1,55,45,24,21
050,46,053,"South Dakota","Gregory County",1,56,39,19,20
050,46,053,"South Dakota","Gregory County",1,57,53,24,29
050,46,053,"South Dakota","Gregory County",1,58,60,32,28
050,46,053,"South Dakota","Gregory County",1,59,64,38,26
050,46,053,"South Dakota","Gregory County",1,60,61,32,29
050,46,053,"South Dakota","Gregory County",1,61,58,29,29
050,46,053,"South Dakota","Gregory County",1,62,66,35,31
050,46,053,"South Dakota","Gregory County",1,63,59,33,26
050,46,053,"South Dakota","Gregory County",1,64,64,30,34
050,46,053,"South Dakota","Gregory County",1,65,58,27,31
050,46,053,"South Dakota","Gregory County",1,66,61,30,31
050,46,053,"South Dakota","Gregory County",1,67,64,34,30
050,46,053,"South Dakota","Gregory County",1,68,57,33,24
050,46,053,"South Dakota","Gregory County",1,69,53,28,25
050,46,053,"South Dakota","Gregory County",1,70,54,26,28
050,46,053,"South Dakota","Gregory County",1,71,51,23,28
050,46,053,"South Dakota","Gregory County",1,72,58,28,30
050,46,053,"South Dakota","Gregory County",1,73,54,26,28
050,46,053,"South Dakota","Gregory County",1,74,44,28,16
050,46,053,"South Dakota","Gregory County",1,75,37,14,23
050,46,053,"South Dakota","Gregory County",1,76,32,14,18
050,46,053,"South Dakota","Gregory County",1,77,29,16,13
050,46,053,"South Dakota","Gregory County",1,78,26,13,13
050,46,053,"South Dakota","Gregory County",1,79,31,19,12
050,46,053,"South Dakota","Gregory County",1,80,34,16,18
050,46,053,"South Dakota","Gregory County",1,81,30,15,15
050,46,053,"South Dakota","Gregory County",1,82,20,7,13
050,46,053,"South Dakota","Gregory County",1,83,27,9,18
050,46,053,"South Dakota","Gregory County",1,84,23,10,13
050,46,053,"South Dakota","Gregory County",1,85,178,56,122
050,46,053,"South Dakota","Gregory County",2,0,43,22,21
050,46,053,"South Dakota","Gregory County",2,1,46,23,23
050,46,053,"South Dakota","Gregory County",2,2,55,26,29
050,46,053,"South Dakota","Gregory County",2,3,56,30,26
050,46,053,"South Dakota","Gregory County",2,4,49,24,25
050,46,053,"South Dakota","Gregory County",2,5,55,29,26
050,46,053,"South Dakota","Gregory County",2,6,57,35,22
050,46,053,"South Dakota","Gregory County",2,7,50,32,18
050,46,053,"South Dakota","Gregory County",2,8,44,24,20
050,46,053,"South Dakota","Gregory County",2,9,59,34,25
050,46,053,"South Dakota","Gregory County",2,10,52,26,26
050,46,053,"South Dakota","Gregory County",2,11,59,28,31
050,46,053,"South Dakota","Gregory County",2,12,71,31,40
050,46,053,"South Dakota","Gregory County",2,13,60,32,28
050,46,053,"South Dakota","Gregory County",2,14,52,29,23
050,46,053,"South Dakota","Gregory County",2,15,50,29,21
050,46,053,"South Dakota","Gregory County",2,16,55,31,24
050,46,053,"South Dakota","Gregory County",2,17,55,32,23
050,46,053,"South Dakota","Gregory County",2,18,50,31,19
050,46,053,"South Dakota","Gregory County",2,19,36,21,15
050,46,053,"South Dakota","Gregory County",2,20,37,20,17
050,46,053,"South Dakota","Gregory County",2,21,33,19,14
050,46,053,"South Dakota","Gregory County",2,22,37,19,18
050,46,053,"South Dakota","Gregory County",2,23,42,21,21
050,46,053,"South Dakota","Gregory County",2,24,38,20,18
050,46,053,"South Dakota","Gregory County",2,25,38,17,21
050,46,053,"South Dakota","Gregory County",2,26,34,17,17
050,46,053,"South Dakota","Gregory County",2,27,39,21,18
050,46,053,"South Dakota","Gregory County",2,28,36,17,19
050,46,053,"South Dakota","Gregory County",2,29,34,19,15
050,46,053,"South Dakota","Gregory County",2,30,32,16,16
050,46,053,"South Dakota","Gregory County",2,31,28,15,13
050,46,053,"South Dakota","Gregory County",2,32,36,20,16
050,46,053,"South Dakota","Gregory County",2,33,37,20,17
050,46,053,"South Dakota","Gregory County",2,34,36,19,17
050,46,053,"South Dakota","Gregory County",2,35,38,18,20
050,46,053,"South Dakota","Gregory County",2,36,38,18,20
050,46,053,"South Dakota","Gregory County",2,37,39,18,21
050,46,053,"South Dakota","Gregory County",2,38,39,22,17
050,46,053,"South Dakota","Gregory County",2,39,47,28,19
050,46,053,"South Dakota","Gregory County",2,40,46,28,18
050,46,053,"South Dakota","Gregory County",2,41,37,22,15
050,46,053,"South Dakota","Gregory County",2,42,39,21,18
050,46,053,"South Dakota","Gregory County",2,43,40,20,20
050,46,053,"South Dakota","Gregory County",2,44,41,21,20
050,46,053,"South Dakota","Gregory County",2,45,46,25,21
050,46,053,"South Dakota","Gregory County",2,46,44,23,21
050,46,053,"South Dakota","Gregory County",2,47,43,25,18
050,46,053,"South Dakota","Gregory County",2,48,41,28,13
050,46,053,"South Dakota","Gregory County",2,49,44,22,22
050,46,053,"South Dakota","Gregory County",2,50,38,16,22
050,46,053,"South Dakota","Gregory County",2,51,41,22,19
050,46,053,"South Dakota","Gregory County",2,52,41,21,20
050,46,053,"South Dakota","Gregory County",2,53,38,19,19
050,46,053,"South Dakota","Gregory County",2,54,41,22,19
050,46,053,"South Dakota","Gregory County",2,55,45,24,21
050,46,053,"South Dakota","Gregory County",2,56,41,21,20
050,46,053,"South Dakota","Gregory County",2,57,51,24,27
050,46,053,"South Dakota","Gregory County",2,58,58,30,28
050,46,053,"South Dakota","Gregory County",2,59,63,36,27
050,46,053,"South Dakota","Gregory County",2,60,62,34,28
050,46,053,"South Dakota","Gregory County",2,61,58,29,29
050,46,053,"South Dakota","Gregory County",2,62,64,34,30
050,46,053,"South Dakota","Gregory County",2,63,63,35,28
050,46,053,"South Dakota","Gregory County",2,64,62,30,32
050,46,053,"South Dakota","Gregory County",2,65,59,28,31
050,46,053,"South Dakota","Gregory County",2,66,61,30,31
050,46,053,"South Dakota","Gregory County",2,67,64,33,31
050,46,053,"South Dakota","Gregory County",2,68,58,33,25
050,46,053,"South Dakota","Gregory County",2,69,54,29,25
050,46,053,"South Dakota","Gregory County",2,70,52,26,26
050,46,053,"South Dakota","Gregory County",2,71,51,22,29
050,46,053,"South Dakota","Gregory County",2,72,56,27,29
050,46,053,"South Dakota","Gregory County",2,73,58,27,31
050,46,053,"South Dakota","Gregory County",2,74,43,26,17
050,46,053,"South Dakota","Gregory County",2,75,37,17,20
050,46,053,"South Dakota","Gregory County",2,76,32,14,18
050,46,053,"South Dakota","Gregory County",2,77,30,16,14
050,46,053,"South Dakota","Gregory County",2,78,27,14,13
050,46,053,"South Dakota","Gregory County",2,79,28,16,12
050,46,053,"South Dakota","Gregory County",2,80,34,17,17
050,46,053,"South Dakota","Gregory County",2,81,30,15,15
050,46,053,"South Dakota","Gregory County",2,82,22,9,13
050,46,053,"South Dakota","Gregory County",2,83,25,9,16
050,46,053,"South Dakota","Gregory County",2,84,23,9,14
050,46,053,"South Dakota","Gregory County",2,85,180,57,123
050,46,053,"South Dakota","Gregory County",3,0,47,27,20
050,46,053,"South Dakota","Gregory County",3,1,38,21,17
050,46,053,"South Dakota","Gregory County",3,2,43,24,19
050,46,053,"South Dakota","Gregory County",3,3,57,27,30
050,46,053,"South Dakota","Gregory County",3,4,53,31,22
050,46,053,"South Dakota","Gregory County",3,5,53,26,27
050,46,053,"South Dakota","Gregory County",3,6,55,29,26
050,46,053,"South Dakota","Gregory County",3,7,58,34,24
050,46,053,"South Dakota","Gregory County",3,8,49,33,16
050,46,053,"South Dakota","Gregory County",3,9,46,29,17
050,46,053,"South Dakota","Gregory County",3,10,58,35,23
050,46,053,"South Dakota","Gregory County",3,11,50,24,26
050,46,053,"South Dakota","Gregory County",3,12,60,28,32
050,46,053,"South Dakota","Gregory County",3,13,71,31,40
050,46,053,"South Dakota","Gregory County",3,14,59,31,28
050,46,053,"South Dakota","Gregory County",3,15,53,30,23
050,46,053,"South Dakota","Gregory County",3,16,48,28,20
050,46,053,"South Dakota","Gregory County",3,17,56,31,25
050,46,053,"South Dakota","Gregory County",3,18,46,26,20
050,46,053,"South Dakota","Gregory County",3,19,40,25,15
050,46,053,"South Dakota","Gregory County",3,20,38,22,16
050,46,053,"South Dakota","Gregory County",3,21,35,19,16
050,46,053,"South Dakota","Gregory County",3,22,35,19,16
050,46,053,"South Dakota","Gregory County",3,23,30,12,18
050,46,053,"South Dakota","Gregory County",3,24,39,19,20
050,46,053,"South Dakota","Gregory County",3,25,34,16,18
050,46,053,"South Dakota","Gregory County",3,26,32,17,15
050,46,053,"South Dakota","Gregory County",3,27,35,17,18
050,46,053,"South Dakota","Gregory County",3,28,37,21,16
050,46,053,"South Dakota","Gregory County",3,29,36,17,19
050,46,053,"South Dakota","Gregory County",3,30,41,26,15
050,46,053,"South Dakota","Gregory County",3,31,33,16,17
050,46,053,"South Dakota","Gregory County",3,32,32,17,15
050,46,053,"South Dakota","Gregory County",3,33,36,20,16
050,46,053,"South Dakota","Gregory County",3,34,39,20,19
050,46,053,"South Dakota","Gregory County",3,35,39,18,21
050,46,053,"South Dakota","Gregory County",3,36,39,19,20
050,46,053,"South Dakota","Gregory County",3,37,39,19,20
050,46,053,"South Dakota","Gregory County",3,38,39,17,22
050,46,053,"South Dakota","Gregory County",3,39,39,22,17
050,46,053,"South Dakota","Gregory County",3,40,44,26,18
050,46,053,"South Dakota","Gregory County",3,41,45,26,19
050,46,053,"South Dakota","Gregory County",3,42,34,19,15
050,46,053,"South Dakota","Gregory County",3,43,41,23,18
050,46,053,"South Dakota","Gregory County",3,44,40,21,19
050,46,053,"South Dakota","Gregory County",3,45,42,22,20
050,46,053,"South Dakota","Gregory County",3,46,46,24,22
050,46,053,"South Dakota","Gregory County",3,47,45,24,21
050,46,053,"South Dakota","Gregory County",3,48,44,25,19
050,46,053,"South Dakota","Gregory County",3,49,42,29,13
050,46,053,"South Dakota","Gregory County",3,50,44,22,22
050,46,053,"South Dakota","Gregory County",3,51,37,15,22
050,46,053,"South Dakota","Gregory County",3,52,40,21,19
050,46,053,"South Dakota","Gregory County",3,53,38,21,17
050,46,053,"South Dakota","Gregory County",3,54,37,18,19
050,46,053,"South Dakota","Gregory County",3,55,41,22,19
050,46,053,"South Dakota","Gregory County",3,56,42,21,21
050,46,053,"South Dakota","Gregory County",3,57,45,24,21
050,46,053,"South Dakota","Gregory County",3,58,51,23,28
050,46,053,"South Dakota","Gregory County",3,59,59,28,31
050,46,053,"South Dakota","Gregory County",3,60,66,38,28
050,46,053,"South Dakota","Gregory County",3,61,64,34,30
050,46,053,"South Dakota","Gregory County",3,62,60,31,29
050,46,053,"South Dakota","Gregory County",3,63,66,34,32
050,46,053,"South Dakota","Gregory County",3,64,59,32,27
050,46,053,"South Dakota","Gregory County",3,65,62,31,31
050,46,053,"South Dakota","Gregory County",3,66,58,30,28
050,46,053,"South Dakota","Gregory County",3,67,59,27,32
050,46,053,"South Dakota","Gregory County",3,68,63,32,31
050,46,053,"South Dakota","Gregory County",3,69,55,30,25
050,46,053,"South Dakota","Gregory County",3,70,50,26,24
050,46,053,"South Dakota","Gregory County",3,71,50,25,25
050,46,053,"South Dakota","Gregory County",3,72,53,23,30
050,46,053,"South Dakota","Gregory County",3,73,56,25,31
050,46,053,"South Dakota","Gregory County",3,74,53,27,26
050,46,053,"South Dakota","Gregory County",3,75,39,23,16
050,46,053,"South Dakota","Gregory County",3,76,36,17,19
050,46,053,"South Dakota","Gregory County",3,77,29,11,18
050,46,053,"South Dakota","Gregory County",3,78,30,17,13
050,46,053,"South Dakota","Gregory County",3,79,25,12,13
050,46,053,"South Dakota","Gregory County",3,80,29,14,15
050,46,053,"South Dakota","Gregory County",3,81,33,20,13
050,46,053,"South Dakota","Gregory County",3,82,26,12,14
050,46,053,"South Dakota","Gregory County",3,83,25,11,14
050,46,053,"South Dakota","Gregory County",3,84,20,6,14
050,46,053,"South Dakota","Gregory County",3,85,167,49,118
050,46,053,"South Dakota","Gregory County",4,0,47,23,24
050,46,053,"South Dakota","Gregory County",4,1,50,31,19
050,46,053,"South Dakota","Gregory County",4,2,47,26,21
050,46,053,"South Dakota","Gregory County",4,3,47,25,22
050,46,053,"South Dakota","Gregory County",4,4,59,31,28
050,46,053,"South Dakota","Gregory County",4,5,52,29,23
050,46,053,"South Dakota","Gregory County",4,6,56,28,28
050,46,053,"South Dakota","Gregory County",4,7,51,26,25
050,46,053,"South Dakota","Gregory County",4,8,61,35,26
050,46,053,"South Dakota","Gregory County",4,9,54,36,18
050,46,053,"South Dakota","Gregory County",4,10,52,29,23
050,46,053,"South Dakota","Gregory County",4,11,54,33,21
050,46,053,"South Dakota","Gregory County",4,12,52,25,27
050,46,053,"South Dakota","Gregory County",4,13,64,30,34
050,46,053,"South Dakota","Gregory County",4,14,70,32,38
050,46,053,"South Dakota","Gregory County",4,15,61,32,29
050,46,053,"South Dakota","Gregory County",4,16,55,31,24
050,46,053,"South Dakota","Gregory County",4,17,53,29,24
050,46,053,"South Dakota","Gregory County",4,18,45,25,20
050,46,053,"South Dakota","Gregory County",4,19,31,17,14
050,46,053,"South Dakota","Gregory County",4,20,38,22,16
050,46,053,"South Dakota","Gregory County",4,21,39,23,16
050,46,053,"South Dakota","Gregory County",4,22,39,17,22
050,46,053,"South Dakota","Gregory County",4,23,35,19,16
050,46,053,"South Dakota","Gregory County",4,24,29,12,17
050,46,053,"South Dakota","Gregory County",4,25,32,14,18
050,46,053,"South Dakota","Gregory County",4,26,35,20,15
050,46,053,"South Dakota","Gregory County",4,27,33,16,17
050,46,053,"South Dakota","Gregory County",4,28,41,18,23
050,46,053,"South Dakota","Gregory County",4,29,39,21,18
050,46,053,"South Dakota","Gregory County",4,30,40,19,21
050,46,053,"South Dakota","Gregory County",4,31,40,24,16
050,46,053,"South Dakota","Gregory County",4,32,34,17,17
050,46,053,"South Dakota","Gregory County",4,33,37,21,16
050,46,053,"South Dakota","Gregory County",4,34,36,20,16
050,46,053,"South Dakota","Gregory County",4,35,39,19,20
050,46,053,"South Dakota","Gregory County",4,36,40,17,23
050,46,053,"South Dakota","Gregory County",4,37,39,19,20
050,46,053,"South Dakota","Gregory County",4,38,38,19,19
050,46,053,"South Dakota","Gregory County",4,39,43,19,24
050,46,053,"South Dakota","Gregory County",4,40,39,22,17
050,46,053,"South Dakota","Gregory County",4,41,46,28,18
050,46,053,"South Dakota","Gregory County",4,42,42,25,17
050,46,053,"South Dakota","Gregory County",4,43,34,19,15
050,46,053,"South Dakota","Gregory County",4,44,40,22,18
050,46,053,"South Dakota","Gregory County",4,45,41,23,18
050,46,053,"South Dakota","Gregory County",4,46,43,22,21
050,46,053,"South Dakota","Gregory County",4,47,48,25,23
050,46,053,"South Dakota","Gregory County",4,48,45,23,22
050,46,053,"South Dakota","Gregory County",4,49,47,25,22
050,46,053,"South Dakota","Gregory County",4,50,44,31,13
050,46,053,"South Dakota","Gregory County",4,51,45,23,22
050,46,053,"South Dakota","Gregory County",4,52,37,14,23
050,46,053,"South Dakota","Gregory County",4,53,38,21,17
050,46,053,"South Dakota","Gregory County",4,54,35,21,14
050,46,053,"South Dakota","Gregory County",4,55,37,18,19
050,46,053,"South Dakota","Gregory County",4,56,41,22,19
050,46,053,"South Dakota","Gregory County",4,57,43,22,21
050,46,053,"South Dakota","Gregory County",4,58,42,22,20
050,46,053,"South Dakota","Gregory County",4,59,51,23,28
050,46,053,"South Dakota","Gregory County",4,60,60,29,31
050,46,053,"South Dakota","Gregory County",4,61,64,35,29
050,46,053,"South Dakota","Gregory County",4,62,62,35,27
050,46,053,"South Dakota","Gregory County",4,63,58,29,29
050,46,053,"South Dakota","Gregory County",4,64,63,31,32
050,46,053,"South Dakota","Gregory County",4,65,61,32,29
050,46,053,"South Dakota","Gregory County",4,66,64,34,30
050,46,053,"South Dakota","Gregory County",4,67,57,30,27
050,46,053,"South Dakota","Gregory County",4,68,63,30,33
050,46,053,"South Dakota","Gregory County",4,69,62,30,32
050,46,053,"South Dakota","Gregory County",4,70,56,31,25
050,46,053,"South Dakota","Gregory County",4,71,49,25,24
050,46,053,"South Dakota","Gregory County",4,72,52,27,25
050,46,053,"South Dakota","Gregory County",4,73,54,19,35
050,46,053,"South Dakota","Gregory County",4,74,55,28,27
050,46,053,"South Dakota","Gregory County",4,75,47,24,23
050,46,053,"South Dakota","Gregory County",4,76,38,22,16
050,46,053,"South Dakota","Gregory County",4,77,34,15,19
050,46,053,"South Dakota","Gregory County",4,78,30,12,18
050,46,053,"South Dakota","Gregory County",4,79,29,15,14
050,46,053,"South Dakota","Gregory County",4,80,25,10,15
050,46,053,"South Dakota","Gregory County",4,81,26,17,9
050,46,053,"South Dakota","Gregory County",4,82,28,15,13
050,46,053,"South Dakota","Gregory County",4,83,29,13,16
050,46,053,"South Dakota","Gregory County",4,84,22,9,13
050,46,053,"South Dakota","Gregory County",4,85,166,46,120
050,46,053,"South Dakota","Gregory County",5,0,47,22,25
050,46,053,"South Dakota","Gregory County",5,1,49,25,24
050,46,053,"South Dakota","Gregory County",5,2,52,34,18
050,46,053,"South Dakota","Gregory County",5,3,45,23,22
050,46,053,"South Dakota","Gregory County",5,4,44,26,18
050,46,053,"South Dakota","Gregory County",5,5,64,36,28
050,46,053,"South Dakota","Gregory County",5,6,55,30,25
050,46,053,"South Dakota","Gregory County",5,7,51,26,25
050,46,053,"South Dakota","Gregory County",5,8,52,25,27
050,46,053,"South Dakota","Gregory County",5,9,60,34,26
050,46,053,"South Dakota","Gregory County",5,10,52,34,18
050,46,053,"South Dakota","Gregory County",5,11,52,31,21
050,46,053,"South Dakota","Gregory County",5,12,56,34,22
050,46,053,"South Dakota","Gregory County",5,13,52,25,27
050,46,053,"South Dakota","Gregory County",5,14,63,31,32
050,46,053,"South Dakota","Gregory County",5,15,68,30,38
050,46,053,"South Dakota","Gregory County",5,16,63,34,29
050,46,053,"South Dakota","Gregory County",5,17,59,36,23
050,46,053,"South Dakota","Gregory County",5,18,43,26,17
050,46,053,"South Dakota","Gregory County",5,19,35,20,15
050,46,053,"South Dakota","Gregory County",5,20,31,17,14
050,46,053,"South Dakota","Gregory County",5,21,40,22,18
050,46,053,"South Dakota","Gregory County",5,22,40,24,16
050,46,053,"South Dakota","Gregory County",5,23,43,20,23
050,46,053,"South Dakota","Gregory County",5,24,35,20,15
050,46,053,"South Dakota","Gregory County",5,25,32,14,18
050,46,053,"South Dakota","Gregory County",5,26,33,14,19
050,46,053,"South Dakota","Gregory County",5,27,34,19,15
050,46,053,"South Dakota","Gregory County",5,28,30,16,14
050,46,053,"South Dakota","Gregory County",5,29,41,19,22
050,46,053,"South Dakota","Gregory County",5,30,35,16,19
050,46,053,"South Dakota","Gregory County",5,31,41,18,23
050,46,053,"South Dakota","Gregory County",5,32,40,25,15
050,46,053,"South Dakota","Gregory County",5,33,34,17,17
050,46,053,"South Dakota","Gregory County",5,34,36,20,16
050,46,053,"South Dakota","Gregory County",5,35,40,21,19
050,46,053,"South Dakota","Gregory County",5,36,39,19,20
050,46,053,"South Dakota","Gregory County",5,37,41,16,25
050,46,053,"South Dakota","Gregory County",5,38,39,19,20
050,46,053,"South Dakota","Gregory County",5,39,43,22,21
050,46,053,"South Dakota","Gregory County",5,40,46,19,27
050,46,053,"South Dakota","Gregory County",5,41,39,22,17
050,46,053,"South Dakota","Gregory County",5,42,49,29,20
050,46,053,"South Dakota","Gregory County",5,43,43,26,17
050,46,053,"South Dakota","Gregory County",5,44,32,18,14
050,46,053,"South Dakota","Gregory County",5,45,42,23,19
050,46,053,"South Dakota","Gregory County",5,46,40,23,17
050,46,053,"South Dakota","Gregory County",5,47,44,22,22
050,46,053,"South Dakota","Gregory County",5,48,48,26,22
050,46,053,"South Dakota","Gregory County",5,49,45,23,22
050,46,053,"South Dakota","Gregory County",5,50,48,25,23
050,46,053,"South Dakota","Gregory County",5,51,40,27,13
050,46,053,"South Dakota","Gregory County",5,52,44,22,22
050,46,053,"South Dakota","Gregory County",5,53,36,14,22
050,46,053,"South Dakota","Gregory County",5,54,39,22,17
050,46,053,"South Dakota","Gregory County",5,55,38,21,17
050,46,053,"South Dakota","Gregory County",5,56,41,21,20
050,46,053,"South Dakota","Gregory County",5,57,42,24,18
050,46,053,"South Dakota","Gregory County",5,58,44,22,22
050,46,053,"South Dakota","Gregory County",5,59,47,23,24
050,46,053,"South Dakota","Gregory County",5,60,53,24,29
050,46,053,"South Dakota","Gregory County",5,61,56,27,29
050,46,053,"South Dakota","Gregory County",5,62,65,37,28
050,46,053,"South Dakota","Gregory County",5,63,62,35,27
050,46,053,"South Dakota","Gregory County",5,64,56,27,29
050,46,053,"South Dakota","Gregory County",5,65,64,31,33
050,46,053,"South Dakota","Gregory County",5,66,63,33,30
050,46,053,"South Dakota","Gregory County",5,67,63,32,31
050,46,053,"South Dakota","Gregory County",5,68,57,30,27
050,46,053,"South Dakota","Gregory County",5,69,61,29,32
050,46,053,"South Dakota","Gregory County",5,70,60,29,31
050,46,053,"South Dakota","Gregory County",5,71,56,31,25
050,46,053,"South Dakota","Gregory County",5,72,51,27,24
050,46,053,"South Dakota","Gregory County",5,73,53,24,29
050,46,053,"South Dakota","Gregory County",5,74,49,19,30
050,46,053,"South Dakota","Gregory County",5,75,50,24,26
050,46,053,"South Dakota","Gregory County",5,76,43,22,21
050,46,053,"South Dakota","Gregory County",5,77,37,20,17
050,46,053,"South Dakota","Gregory County",5,78,36,17,19
050,46,053,"South Dakota","Gregory County",5,79,29,11,18
050,46,053,"South Dakota","Gregory County",5,80,30,14,16
050,46,053,"South Dakota","Gregory County",5,81,23,12,11
050,46,053,"South Dakota","Gregory County",5,82,21,12,9
050,46,053,"South Dakota","Gregory County",5,83,31,17,14
050,46,053,"South Dakota","Gregory County",5,84,25,11,14
050,46,053,"South Dakota","Gregory County",5,85,168,46,122
050,46,055,"South Dakota","Haakon County",1,0,19,10,9
050,46,055,"South Dakota","Haakon County",1,1,22,11,11
050,46,055,"South Dakota","Haakon County",1,2,27,16,11
050,46,055,"South Dakota","Haakon County",1,3,21,10,11
050,46,055,"South Dakota","Haakon County",1,4,24,8,16
050,46,055,"South Dakota","Haakon County",1,5,23,11,12
050,46,055,"South Dakota","Haakon County",1,6,21,10,11
050,46,055,"South Dakota","Haakon County",1,7,22,7,15
050,46,055,"South Dakota","Haakon County",1,8,27,12,15
050,46,055,"South Dakota","Haakon County",1,9,27,17,10
050,46,055,"South Dakota","Haakon County",1,10,33,20,13
050,46,055,"South Dakota","Haakon County",1,11,21,9,12
050,46,055,"South Dakota","Haakon County",1,12,31,15,16
050,46,055,"South Dakota","Haakon County",1,13,27,11,16
050,46,055,"South Dakota","Haakon County",1,14,25,12,13
050,46,055,"South Dakota","Haakon County",1,15,27,14,13
050,46,055,"South Dakota","Haakon County",1,16,30,18,12
050,46,055,"South Dakota","Haakon County",1,17,25,12,13
050,46,055,"South Dakota","Haakon County",1,18,18,10,8
050,46,055,"South Dakota","Haakon County",1,19,14,7,7
050,46,055,"South Dakota","Haakon County",1,20,18,9,9
050,46,055,"South Dakota","Haakon County",1,21,19,8,11
050,46,055,"South Dakota","Haakon County",1,22,15,7,8
050,46,055,"South Dakota","Haakon County",1,23,21,8,13
050,46,055,"South Dakota","Haakon County",1,24,25,12,13
050,46,055,"South Dakota","Haakon County",1,25,20,8,12
050,46,055,"South Dakota","Haakon County",1,26,15,8,7
050,46,055,"South Dakota","Haakon County",1,27,24,11,13
050,46,055,"South Dakota","Haakon County",1,28,20,9,11
050,46,055,"South Dakota","Haakon County",1,29,15,8,7
050,46,055,"South Dakota","Haakon County",1,30,11,7,4
050,46,055,"South Dakota","Haakon County",1,31,15,7,8
050,46,055,"South Dakota","Haakon County",1,32,14,4,10
050,46,055,"South Dakota","Haakon County",1,33,13,5,8
050,46,055,"South Dakota","Haakon County",1,34,18,11,7
050,46,055,"South Dakota","Haakon County",1,35,17,9,8
050,46,055,"South Dakota","Haakon County",1,36,22,9,13
050,46,055,"South Dakota","Haakon County",1,37,20,10,10
050,46,055,"South Dakota","Haakon County",1,38,22,13,9
050,46,055,"South Dakota","Haakon County",1,39,22,13,9
050,46,055,"South Dakota","Haakon County",1,40,27,15,12
050,46,055,"South Dakota","Haakon County",1,41,25,15,10
050,46,055,"South Dakota","Haakon County",1,42,21,11,10
050,46,055,"South Dakota","Haakon County",1,43,17,7,10
050,46,055,"South Dakota","Haakon County",1,44,14,6,8
050,46,055,"South Dakota","Haakon County",1,45,15,5,10
050,46,055,"South Dakota","Haakon County",1,46,12,6,6
050,46,055,"South Dakota","Haakon County",1,47,14,8,6
050,46,055,"South Dakota","Haakon County",1,48,17,9,8
050,46,055,"South Dakota","Haakon County",1,49,22,11,11
050,46,055,"South Dakota","Haakon County",1,50,19,12,7
050,46,055,"South Dakota","Haakon County",1,51,16,9,7
050,46,055,"South Dakota","Haakon County",1,52,19,11,8
050,46,055,"South Dakota","Haakon County",1,53,15,9,6
050,46,055,"South Dakota","Haakon County",1,54,13,10,3
050,46,055,"South Dakota","Haakon County",1,55,11,6,5
050,46,055,"South Dakota","Haakon County",1,56,20,10,10
050,46,055,"South Dakota","Haakon County",1,57,26,15,11
050,46,055,"South Dakota","Haakon County",1,58,25,14,11
050,46,055,"South Dakota","Haakon County",1,59,32,17,15
050,46,055,"South Dakota","Haakon County",1,60,26,13,13
050,46,055,"South Dakota","Haakon County",1,61,44,22,22
050,46,055,"South Dakota","Haakon County",1,62,42,22,20
050,46,055,"South Dakota","Haakon County",1,63,38,22,16
050,46,055,"South Dakota","Haakon County",1,64,35,21,14
050,46,055,"South Dakota","Haakon County",1,65,32,19,13
050,46,055,"South Dakota","Haakon County",1,66,29,20,9
050,46,055,"South Dakota","Haakon County",1,67,30,17,13
050,46,055,"South Dakota","Haakon County",1,68,32,15,17
050,46,055,"South Dakota","Haakon County",1,69,26,8,18
050,46,055,"South Dakota","Haakon County",1,70,15,3,12
050,46,055,"South Dakota","Haakon County",1,71,16,9,7
050,46,055,"South Dakota","Haakon County",1,72,25,14,11
050,46,055,"South Dakota","Haakon County",1,73,26,15,11
050,46,055,"South Dakota","Haakon County",1,74,21,12,9
050,46,055,"South Dakota","Haakon County",1,75,15,4,11
050,46,055,"South Dakota","Haakon County",1,76,14,8,6
050,46,055,"South Dakota","Haakon County",1,77,20,10,10
050,46,055,"South Dakota","Haakon County",1,78,12,5,7
050,46,055,"South Dakota","Haakon County",1,79,12,6,6
050,46,055,"South Dakota","Haakon County",1,80,15,8,7
050,46,055,"South Dakota","Haakon County",1,81,14,5,9
050,46,055,"South Dakota","Haakon County",1,82,14,7,7
050,46,055,"South Dakota","Haakon County",1,83,15,7,8
050,46,055,"South Dakota","Haakon County",1,84,13,10,3
050,46,055,"South Dakota","Haakon County",1,85,61,16,45
050,46,055,"South Dakota","Haakon County",2,0,17,8,9
050,46,055,"South Dakota","Haakon County",2,1,21,11,10
050,46,055,"South Dakota","Haakon County",2,2,26,15,11
050,46,055,"South Dakota","Haakon County",2,3,22,11,11
050,46,055,"South Dakota","Haakon County",2,4,23,8,15
050,46,055,"South Dakota","Haakon County",2,5,23,11,12
050,46,055,"South Dakota","Haakon County",2,6,21,10,11
050,46,055,"South Dakota","Haakon County",2,7,22,8,14
050,46,055,"South Dakota","Haakon County",2,8,26,11,15
050,46,055,"South Dakota","Haakon County",2,9,27,16,11
050,46,055,"South Dakota","Haakon County",2,10,32,20,12
050,46,055,"South Dakota","Haakon County",2,11,24,12,12
050,46,055,"South Dakota","Haakon County",2,12,29,13,16
050,46,055,"South Dakota","Haakon County",2,13,28,12,16
050,46,055,"South Dakota","Haakon County",2,14,25,12,13
050,46,055,"South Dakota","Haakon County",2,15,26,13,13
050,46,055,"South Dakota","Haakon County",2,16,29,17,12
050,46,055,"South Dakota","Haakon County",2,17,25,13,12
050,46,055,"South Dakota","Haakon County",2,18,19,10,9
050,46,055,"South Dakota","Haakon County",2,19,13,6,7
050,46,055,"South Dakota","Haakon County",2,20,18,9,9
050,46,055,"South Dakota","Haakon County",2,21,19,8,11
050,46,055,"South Dakota","Haakon County",2,22,17,7,10
050,46,055,"South Dakota","Haakon County",2,23,20,8,12
050,46,055,"South Dakota","Haakon County",2,24,24,11,13
050,46,055,"South Dakota","Haakon County",2,25,22,10,12
050,46,055,"South Dakota","Haakon County",2,26,16,8,8
050,46,055,"South Dakota","Haakon County",2,27,22,10,12
050,46,055,"South Dakota","Haakon County",2,28,21,10,11
050,46,055,"South Dakota","Haakon County",2,29,16,8,8
050,46,055,"South Dakota","Haakon County",2,30,12,7,5
050,46,055,"South Dakota","Haakon County",2,31,15,8,7
050,46,055,"South Dakota","Haakon County",2,32,14,4,10
050,46,055,"South Dakota","Haakon County",2,33,13,5,8
050,46,055,"South Dakota","Haakon County",2,34,18,10,8
050,46,055,"South Dakota","Haakon County",2,35,17,10,7
050,46,055,"South Dakota","Haakon County",2,36,20,8,12
050,46,055,"South Dakota","Haakon County",2,37,19,9,10
050,46,055,"South Dakota","Haakon County",2,38,20,11,9
050,46,055,"South Dakota","Haakon County",2,39,22,13,9
050,46,055,"South Dakota","Haakon County",2,40,27,15,12
050,46,055,"South Dakota","Haakon County",2,41,25,14,11
050,46,055,"South Dakota","Haakon County",2,42,22,12,10
050,46,055,"South Dakota","Haakon County",2,43,18,8,10
050,46,055,"South Dakota","Haakon County",2,44,14,6,8
050,46,055,"South Dakota","Haakon County",2,45,15,5,10
050,46,055,"South Dakota","Haakon County",2,46,13,6,7
050,46,055,"South Dakota","Haakon County",2,47,14,8,6
050,46,055,"South Dakota","Haakon County",2,48,17,9,8
050,46,055,"South Dakota","Haakon County",2,49,21,11,10
050,46,055,"South Dakota","Haakon County",2,50,19,11,8
050,46,055,"South Dakota","Haakon County",2,51,17,10,7
050,46,055,"South Dakota","Haakon County",2,52,18,10,8
050,46,055,"South Dakota","Haakon County",2,53,17,10,7
050,46,055,"South Dakota","Haakon County",2,54,13,10,3
050,46,055,"South Dakota","Haakon County",2,55,11,7,4
050,46,055,"South Dakota","Haakon County",2,56,18,9,9
050,46,055,"South Dakota","Haakon County",2,57,25,14,11
050,46,055,"South Dakota","Haakon County",2,58,25,14,11
050,46,055,"South Dakota","Haakon County",2,59,30,16,14
050,46,055,"South Dakota","Haakon County",2,60,27,14,13
050,46,055,"South Dakota","Haakon County",2,61,40,20,20
050,46,055,"South Dakota","Haakon County",2,62,43,22,21
050,46,055,"South Dakota","Haakon County",2,63,39,22,17
050,46,055,"South Dakota","Haakon County",2,64,35,21,14
050,46,055,"South Dakota","Haakon County",2,65,33,20,13
050,46,055,"South Dakota","Haakon County",2,66,29,19,10
050,46,055,"South Dakota","Haakon County",2,67,30,18,12
050,46,055,"South Dakota","Haakon County",2,68,31,15,16
050,46,055,"South Dakota","Haakon County",2,69,28,10,18
050,46,055,"South Dakota","Haakon County",2,70,17,4,13
050,46,055,"South Dakota","Haakon County",2,71,15,7,8
050,46,055,"South Dakota","Haakon County",2,72,23,13,10
050,46,055,"South Dakota","Haakon County",2,73,27,16,11
050,46,055,"South Dakota","Haakon County",2,74,21,12,9
050,46,055,"South Dakota","Haakon County",2,75,16,6,10
050,46,055,"South Dakota","Haakon County",2,76,14,7,7
050,46,055,"South Dakota","Haakon County",2,77,19,10,9
050,46,055,"South Dakota","Haakon County",2,78,14,6,8
050,46,055,"South Dakota","Haakon County",2,79,13,6,7
050,46,055,"South Dakota","Haakon County",2,80,13,7,6
050,46,055,"South Dakota","Haakon County",2,81,14,6,8
050,46,055,"South Dakota","Haakon County",2,82,14,6,8
050,46,055,"South Dakota","Haakon County",2,83,15,7,8
050,46,055,"South Dakota","Haakon County",2,84,14,10,4
050,46,055,"South Dakota","Haakon County",2,85,60,16,44
050,46,055,"South Dakota","Haakon County",3,0,21,8,13
050,46,055,"South Dakota","Haakon County",3,1,16,7,9
050,46,055,"South Dakota","Haakon County",3,2,19,12,7
050,46,055,"South Dakota","Haakon County",3,3,26,16,10
050,46,055,"South Dakota","Haakon County",3,4,24,11,13
050,46,055,"South Dakota","Haakon County",3,5,22,8,14
050,46,055,"South Dakota","Haakon County",3,6,22,10,12
050,46,055,"South Dakota","Haakon County",3,7,17,10,7
050,46,055,"South Dakota","Haakon County",3,8,21,9,12
050,46,055,"South Dakota","Haakon County",3,9,27,12,15
050,46,055,"South Dakota","Haakon County",3,10,24,16,8
050,46,055,"South Dakota","Haakon County",3,11,30,20,10
050,46,055,"South Dakota","Haakon County",3,12,27,14,13
050,46,055,"South Dakota","Haakon County",3,13,28,11,17
050,46,055,"South Dakota","Haakon County",3,14,29,13,16
050,46,055,"South Dakota","Haakon County",3,15,27,12,15
050,46,055,"South Dakota","Haakon County",3,16,27,13,14
050,46,055,"South Dakota","Haakon County",3,17,27,16,11
050,46,055,"South Dakota","Haakon County",3,18,21,10,11
050,46,055,"South Dakota","Haakon County",3,19,14,7,7
050,46,055,"South Dakota","Haakon County",3,20,12,4,8
050,46,055,"South Dakota","Haakon County",3,21,18,9,9
050,46,055,"South Dakota","Haakon County",3,22,16,4,12
050,46,055,"South Dakota","Haakon County",3,23,17,8,9
050,46,055,"South Dakota","Haakon County",3,24,18,7,11
050,46,055,"South Dakota","Haakon County",3,25,25,13,12
050,46,055,"South Dakota","Haakon County",3,26,23,9,14
050,46,055,"South Dakota","Haakon County",3,27,15,7,8
050,46,055,"South Dakota","Haakon County",3,28,20,8,12
050,46,055,"South Dakota","Haakon County",3,29,21,10,11
050,46,055,"South Dakota","Haakon County",3,30,16,8,8
050,46,055,"South Dakota","Haakon County",3,31,16,7,9
050,46,055,"South Dakota","Haakon County",3,32,13,7,6
050,46,055,"South Dakota","Haakon County",3,33,12,4,8
050,46,055,"South Dakota","Haakon County",3,34,10,3,7
050,46,055,"South Dakota","Haakon County",3,35,20,12,8
050,46,055,"South Dakota","Haakon County",3,36,16,10,6
050,46,055,"South Dakota","Haakon County",3,37,20,7,13
050,46,055,"South Dakota","Haakon County",3,38,19,9,10
050,46,055,"South Dakota","Haakon County",3,39,19,10,9
050,46,055,"South Dakota","Haakon County",3,40,21,13,8
050,46,055,"South Dakota","Haakon County",3,41,29,16,13
050,46,055,"South Dakota","Haakon County",3,42,23,12,11
050,46,055,"South Dakota","Haakon County",3,43,20,12,8
050,46,055,"South Dakota","Haakon County",3,44,18,8,10
050,46,055,"South Dakota","Haakon County",3,45,15,8,7
050,46,055,"South Dakota","Haakon County",3,46,17,8,9
050,46,055,"South Dakota","Haakon County",3,47,14,6,8
050,46,055,"South Dakota","Haakon County",3,48,10,6,4
050,46,055,"South Dakota","Haakon County",3,49,16,9,7
050,46,055,"South Dakota","Haakon County",3,50,22,11,11
050,46,055,"South Dakota","Haakon County",3,51,19,11,8
050,46,055,"South Dakota","Haakon County",3,52,18,11,7
050,46,055,"South Dakota","Haakon County",3,53,19,10,9
050,46,055,"South Dakota","Haakon County",3,54,16,10,6
050,46,055,"South Dakota","Haakon County",3,55,14,10,4
050,46,055,"South Dakota","Haakon County",3,56,11,7,4
050,46,055,"South Dakota","Haakon County",3,57,18,9,9
050,46,055,"South Dakota","Haakon County",3,58,23,12,11
050,46,055,"South Dakota","Haakon County",3,59,26,14,12
050,46,055,"South Dakota","Haakon County",3,60,30,16,14
050,46,055,"South Dakota","Haakon County",3,61,27,13,14
050,46,055,"South Dakota","Haakon County",3,62,40,20,20
050,46,055,"South Dakota","Haakon County",3,63,45,23,22
050,46,055,"South Dakota","Haakon County",3,64,39,22,17
050,46,055,"South Dakota","Haakon County",3,65,35,21,14
050,46,055,"South Dakota","Haakon County",3,66,30,18,12
050,46,055,"South Dakota","Haakon County",3,67,30,20,10
050,46,055,"South Dakota","Haakon County",3,68,29,18,11
050,46,055,"South Dakota","Haakon County",3,69,30,14,16
050,46,055,"South Dakota","Haakon County",3,70,26,10,16
050,46,055,"South Dakota","Haakon County",3,71,16,4,12
050,46,055,"South Dakota","Haakon County",3,72,15,7,8
050,46,055,"South Dakota","Haakon County",3,73,23,13,10
050,46,055,"South Dakota","Haakon County",3,74,29,16,13
050,46,055,"South Dakota","Haakon County",3,75,18,12,6
050,46,055,"South Dakota","Haakon County",3,76,12,5,7
050,46,055,"South Dakota","Haakon County",3,77,14,7,7
050,46,055,"South Dakota","Haakon County",3,78,17,8,9
050,46,055,"South Dakota","Haakon County",3,79,16,6,10
050,46,055,"South Dakota","Haakon County",3,80,12,6,6
050,46,055,"South Dakota","Haakon County",3,81,13,7,6
050,46,055,"South Dakota","Haakon County",3,82,13,5,8
050,46,055,"South Dakota","Haakon County",3,83,17,8,9
050,46,055,"South Dakota","Haakon County",3,84,16,8,8
050,46,055,"South Dakota","Haakon County",3,85,59,20,39
050,46,055,"South Dakota","Haakon County",4,0,27,15,12
050,46,055,"South Dakota","Haakon County",4,1,20,7,13
050,46,055,"South Dakota","Haakon County",4,2,20,8,12
050,46,055,"South Dakota","Haakon County",4,3,18,11,7
050,46,055,"South Dakota","Haakon County",4,4,26,15,11
050,46,055,"South Dakota","Haakon County",4,5,24,11,13
050,46,055,"South Dakota","Haakon County",4,6,23,8,15
050,46,055,"South Dakota","Haakon County",4,7,23,11,12
050,46,055,"South Dakota","Haakon County",4,8,18,11,7
050,46,055,"South Dakota","Haakon County",4,9,20,7,13
050,46,055,"South Dakota","Haakon County",4,10,27,12,15
050,46,055,"South Dakota","Haakon County",4,11,23,16,7
050,46,055,"South Dakota","Haakon County",4,12,32,21,11
050,46,055,"South Dakota","Haakon County",4,13,26,14,12
050,46,055,"South Dakota","Haakon County",4,14,27,11,16
050,46,055,"South Dakota","Haakon County",4,15,28,12,16
050,46,055,"South Dakota","Haakon County",4,16,26,12,14
050,46,055,"South Dakota","Haakon County",4,17,26,15,11
050,46,055,"South Dakota","Haakon County",4,18,24,14,10
050,46,055,"South Dakota","Haakon County",4,19,14,6,8
050,46,055,"South Dakota","Haakon County",4,20,15,7,8
050,46,055,"South Dakota","Haakon County",4,21,11,4,7
050,46,055,"South Dakota","Haakon County",4,22,14,6,8
050,46,055,"South Dakota","Haakon County",4,23,17,2,15
050,46,055,"South Dakota","Haakon County",4,24,15,6,9
050,46,055,"South Dakota","Haakon County",4,25,16,8,8
050,46,055,"South Dakota","Haakon County",4,26,24,11,13
050,46,055,"South Dakota","Haakon County",4,27,24,10,14
050,46,055,"South Dakota","Haakon County",4,28,19,9,10
050,46,055,"South Dakota","Haakon County",4,29,19,7,12
050,46,055,"South Dakota","Haakon County",4,30,19,9,10
050,46,055,"South Dakota","Haakon County",4,31,16,8,8
050,46,055,"South Dakota","Haakon County",4,32,20,9,11
050,46,055,"South Dakota","Haakon County",4,33,12,3,9
050,46,055,"South Dakota","Haakon County",4,34,14,6,8
050,46,055,"South Dakota","Haakon County",4,35,10,3,7
050,46,055,"South Dakota","Haakon County",4,36,17,9,8
050,46,055,"South Dakota","Haakon County",4,37,17,10,7
050,46,055,"South Dakota","Haakon County",4,38,21,8,13
050,46,055,"South Dakota","Haakon County",4,39,20,9,11
050,46,055,"South Dakota","Haakon County",4,40,22,12,10
050,46,055,"South Dakota","Haakon County",4,41,21,14,7
050,46,055,"South Dakota","Haakon County",4,42,30,19,11
050,46,055,"South Dakota","Haakon County",4,43,24,13,11
050,46,055,"South Dakota","Haakon County",4,44,20,12,8
050,46,055,"South Dakota","Haakon County",4,45,18,8,10
050,46,055,"South Dakota","Haakon County",4,46,14,6,8
050,46,055,"South Dakota","Haakon County",4,47,17,8,9
050,46,055,"South Dakota","Haakon County",4,48,13,6,7
050,46,055,"South Dakota","Haakon County",4,49,7,3,4
050,46,055,"South Dakota","Haakon County",4,50,16,9,7
050,46,055,"South Dakota","Haakon County",4,51,21,11,10
050,46,055,"South Dakota","Haakon County",4,52,22,12,10
050,46,055,"South Dakota","Haakon County",4,53,17,11,6
050,46,055,"South Dakota","Haakon County",4,54,19,9,10
050,46,055,"South Dakota","Haakon County",4,55,16,10,6
050,46,055,"South Dakota","Haakon County",4,56,14,10,4
050,46,055,"South Dakota","Haakon County",4,57,11,7,4
050,46,055,"South Dakota","Haakon County",4,58,17,8,9
050,46,055,"South Dakota","Haakon County",4,59,24,12,12
050,46,055,"South Dakota","Haakon County",4,60,27,15,12
050,46,055,"South Dakota","Haakon County",4,61,32,15,17
050,46,055,"South Dakota","Haakon County",4,62,25,13,12
050,46,055,"South Dakota","Haakon County",4,63,40,20,20
050,46,055,"South Dakota","Haakon County",4,64,44,23,21
050,46,055,"South Dakota","Haakon County",4,65,36,21,15
050,46,055,"South Dakota","Haakon County",4,66,36,23,13
050,46,055,"South Dakota","Haakon County",4,67,31,18,13
050,46,055,"South Dakota","Haakon County",4,68,30,20,10
050,46,055,"South Dakota","Haakon County",4,69,28,18,10
050,46,055,"South Dakota","Haakon County",4,70,29,15,14
050,46,055,"South Dakota","Haakon County",4,71,26,11,15
050,46,055,"South Dakota","Haakon County",4,72,17,4,13
050,46,055,"South Dakota","Haakon County",4,73,15,7,8
050,46,055,"South Dakota","Haakon County",4,74,25,13,12
050,46,055,"South Dakota","Haakon County",4,75,27,15,12
050,46,055,"South Dakota","Haakon County",4,76,17,13,4
050,46,055,"South Dakota","Haakon County",4,77,11,4,7
050,46,055,"South Dakota","Haakon County",4,78,14,7,7
050,46,055,"South Dakota","Haakon County",4,79,18,8,10
050,46,055,"South Dakota","Haakon County",4,80,14,6,8
050,46,055,"South Dakota","Haakon County",4,81,12,6,6
050,46,055,"South Dakota","Haakon County",4,82,10,6,4
050,46,055,"South Dakota","Haakon County",4,83,14,7,7
050,46,055,"South Dakota","Haakon County",4,84,17,8,9
050,46,055,"South Dakota","Haakon County",4,85,64,22,42
050,46,055,"South Dakota","Haakon County",5,0,27,18,9
050,46,055,"South Dakota","Haakon County",5,1,28,14,14
050,46,055,"South Dakota","Haakon County",5,2,21,8,13
050,46,055,"South Dakota","Haakon County",5,3,21,9,12
050,46,055,"South Dakota","Haakon County",5,4,20,12,8
050,46,055,"South Dakota","Haakon County",5,5,27,15,12
050,46,055,"South Dakota","Haakon County",5,6,25,11,14
050,46,055,"South Dakota","Haakon County",5,7,26,9,17
050,46,055,"South Dakota","Haakon County",5,8,23,11,12
050,46,055,"South Dakota","Haakon County",5,9,18,11,7
050,46,055,"South Dakota","Haakon County",5,10,21,8,13
050,46,055,"South Dakota","Haakon County",5,11,27,13,14
050,46,055,"South Dakota","Haakon County",5,12,27,19,8
050,46,055,"South Dakota","Haakon County",5,13,30,20,10
050,46,055,"South Dakota","Haakon County",5,14,25,13,12
050,46,055,"South Dakota","Haakon County",5,15,25,10,15
050,46,055,"South Dakota","Haakon County",5,16,29,12,17
050,46,055,"South Dakota","Haakon County",5,17,27,14,13
050,46,055,"South Dakota","Haakon County",5,18,24,13,11
050,46,055,"South Dakota","Haakon County",5,19,19,11,8
050,46,055,"South Dakota","Haakon County",5,20,14,6,8
050,46,055,"South Dakota","Haakon County",5,21,16,8,8
050,46,055,"South Dakota","Haakon County",5,22,13,2,11
050,46,055,"South Dakota","Haakon County",5,23,15,6,9
050,46,055,"South Dakota","Haakon County",5,24,14,2,12
050,46,055,"South Dakota","Haakon County",5,25,17,7,10
050,46,055,"South Dakota","Haakon County",5,26,15,7,8
050,46,055,"South Dakota","Haakon County",5,27,24,12,12
050,46,055,"South Dakota","Haakon County",5,28,25,10,15
050,46,055,"South Dakota","Haakon County",5,29,19,9,10
050,46,055,"South Dakota","Haakon County",5,30,19,7,12
050,46,055,"South Dakota","Haakon County",5,31,22,11,11
050,46,055,"South Dakota","Haakon County",5,32,21,8,13
050,46,055,"South Dakota","Haakon County",5,33,22,10,12
050,46,055,"South Dakota","Haakon County",5,34,14,4,10
050,46,055,"South Dakota","Haakon County",5,35,15,6,9
050,46,055,"South Dakota","Haakon County",5,36,11,4,7
050,46,055,"South Dakota","Haakon County",5,37,17,9,8
050,46,055,"South Dakota","Haakon County",5,38,18,10,8
050,46,055,"South Dakota","Haakon County",5,39,22,8,14
050,46,055,"South Dakota","Haakon County",5,40,21,9,12
050,46,055,"South Dakota","Haakon County",5,41,16,10,6
050,46,055,"South Dakota","Haakon County",5,42,20,13,7
050,46,055,"South Dakota","Haakon County",5,43,33,22,11
050,46,055,"South Dakota","Haakon County",5,44,24,14,10
050,46,055,"South Dakota","Haakon County",5,45,20,12,8
050,46,055,"South Dakota","Haakon County",5,46,18,8,10
050,46,055,"South Dakota","Haakon County",5,47,15,7,8
050,46,055,"South Dakota","Haakon County",5,48,17,8,9
050,46,055,"South Dakota","Haakon County",5,49,13,7,6
050,46,055,"South Dakota","Haakon County",5,50,7,3,4
050,46,055,"South Dakota","Haakon County",5,51,16,9,7
050,46,055,"South Dakota","Haakon County",5,52,20,11,9
050,46,055,"South Dakota","Haakon County",5,53,22,12,10
050,46,055,"South Dakota","Haakon County",5,54,19,12,7
050,46,055,"South Dakota","Haakon County",5,55,16,7,9
050,46,055,"South Dakota","Haakon County",5,56,16,10,6
050,46,055,"South Dakota","Haakon County",5,57,12,8,4
050,46,055,"South Dakota","Haakon County",5,58,11,6,5
050,46,055,"South Dakota","Haakon County",5,59,17,8,9
050,46,055,"South Dakota","Haakon County",5,60,26,13,13
050,46,055,"South Dakota","Haakon County",5,61,25,13,12
050,46,055,"South Dakota","Haakon County",5,62,30,16,14
050,46,055,"South Dakota","Haakon County",5,63,23,13,10
050,46,055,"South Dakota","Haakon County",5,64,40,20,20
050,46,055,"South Dakota","Haakon County",5,65,40,21,19
050,46,055,"South Dakota","Haakon County",5,66,37,23,14
050,46,055,"South Dakota","Haakon County",5,67,34,21,13
050,46,055,"South Dakota","Haakon County",5,68,30,18,12
050,46,055,"South Dakota","Haakon County",5,69,31,21,10
050,46,055,"South Dakota","Haakon County",5,70,25,17,8
050,46,055,"South Dakota","Haakon County",5,71,30,16,14
050,46,055,"South Dakota","Haakon County",5,72,27,12,15
050,46,055,"South Dakota","Haakon County",5,73,17,4,13
050,46,055,"South Dakota","Haakon County",5,74,18,8,10
050,46,055,"South Dakota","Haakon County",5,75,24,12,12
050,46,055,"South Dakota","Haakon County",5,76,24,14,10
050,46,055,"South Dakota","Haakon County",5,77,15,12,3
050,46,055,"South Dakota","Haakon County",5,78,10,3,7
050,46,055,"South Dakota","Haakon County",5,79,15,7,8
050,46,055,"South Dakota","Haakon County",5,80,16,8,8
050,46,055,"South Dakota","Haakon County",5,81,13,5,8
050,46,055,"South Dakota","Haakon County",5,82,11,5,6
050,46,055,"South Dakota","Haakon County",5,83,11,8,3
050,46,055,"South Dakota","Haakon County",5,84,13,7,6
050,46,055,"South Dakota","Haakon County",5,85,70,25,45
050,46,057,"South Dakota","Hamlin County",1,0,130,65,65
050,46,057,"South Dakota","Hamlin County",1,1,125,61,64
050,46,057,"South Dakota","Hamlin County",1,2,114,71,43
050,46,057,"South Dakota","Hamlin County",1,3,115,60,55
050,46,057,"South Dakota","Hamlin County",1,4,108,68,40
050,46,057,"South Dakota","Hamlin County",1,5,114,54,60
050,46,057,"South Dakota","Hamlin County",1,6,111,50,61
050,46,057,"South Dakota","Hamlin County",1,7,108,49,59
050,46,057,"South Dakota","Hamlin County",1,8,100,52,48
050,46,057,"South Dakota","Hamlin County",1,9,94,41,53
050,46,057,"South Dakota","Hamlin County",1,10,105,57,48
050,46,057,"South Dakota","Hamlin County",1,11,110,57,53
050,46,057,"South Dakota","Hamlin County",1,12,121,68,53
050,46,057,"South Dakota","Hamlin County",1,13,120,64,56
050,46,057,"South Dakota","Hamlin County",1,14,118,60,58
050,46,057,"South Dakota","Hamlin County",1,15,105,56,49
050,46,057,"South Dakota","Hamlin County",1,16,115,66,49
050,46,057,"South Dakota","Hamlin County",1,17,118,60,58
050,46,057,"South Dakota","Hamlin County",1,18,88,39,49
050,46,057,"South Dakota","Hamlin County",1,19,64,34,30
050,46,057,"South Dakota","Hamlin County",1,20,62,34,28
050,46,057,"South Dakota","Hamlin County",1,21,68,32,36
050,46,057,"South Dakota","Hamlin County",1,22,68,30,38
050,46,057,"South Dakota","Hamlin County",1,23,79,41,38
050,46,057,"South Dakota","Hamlin County",1,24,82,41,41
050,46,057,"South Dakota","Hamlin County",1,25,76,38,38
050,46,057,"South Dakota","Hamlin County",1,26,71,36,35
050,46,057,"South Dakota","Hamlin County",1,27,63,40,23
050,46,057,"South Dakota","Hamlin County",1,28,63,36,27
050,46,057,"South Dakota","Hamlin County",1,29,71,39,32
050,46,057,"South Dakota","Hamlin County",1,30,74,44,30
050,46,057,"South Dakota","Hamlin County",1,31,76,38,38
050,46,057,"South Dakota","Hamlin County",1,32,59,34,25
050,46,057,"South Dakota","Hamlin County",1,33,49,28,21
050,46,057,"South Dakota","Hamlin County",1,34,58,32,26
050,46,057,"South Dakota","Hamlin County",1,35,63,38,25
050,46,057,"South Dakota","Hamlin County",1,36,68,36,32
050,46,057,"South Dakota","Hamlin County",1,37,68,41,27
050,46,057,"South Dakota","Hamlin County",1,38,58,27,31
050,46,057,"South Dakota","Hamlin County",1,39,71,34,37
050,46,057,"South Dakota","Hamlin County",1,40,85,46,39
050,46,057,"South Dakota","Hamlin County",1,41,68,37,31
050,46,057,"South Dakota","Hamlin County",1,42,52,27,25
050,46,057,"South Dakota","Hamlin County",1,43,65,32,33
050,46,057,"South Dakota","Hamlin County",1,44,74,39,35
050,46,057,"South Dakota","Hamlin County",1,45,76,46,30
050,46,057,"South Dakota","Hamlin County",1,46,53,31,22
050,46,057,"South Dakota","Hamlin County",1,47,59,28,31
050,46,057,"South Dakota","Hamlin County",1,48,62,30,32
050,46,057,"South Dakota","Hamlin County",1,49,73,41,32
050,46,057,"South Dakota","Hamlin County",1,50,59,35,24
050,46,057,"South Dakota","Hamlin County",1,51,63,31,32
050,46,057,"South Dakota","Hamlin County",1,52,52,30,22
050,46,057,"South Dakota","Hamlin County",1,53,58,34,24
050,46,057,"South Dakota","Hamlin County",1,54,69,35,34
050,46,057,"South Dakota","Hamlin County",1,55,62,26,36
050,46,057,"South Dakota","Hamlin County",1,56,69,29,40
050,46,057,"South Dakota","Hamlin County",1,57,87,47,40
050,46,057,"South Dakota","Hamlin County",1,58,86,41,45
050,46,057,"South Dakota","Hamlin County",1,59,77,41,36
050,46,057,"South Dakota","Hamlin County",1,60,75,43,32
050,46,057,"South Dakota","Hamlin County",1,61,83,47,36
050,46,057,"South Dakota","Hamlin County",1,62,73,40,33
050,46,057,"South Dakota","Hamlin County",1,63,72,35,37
050,46,057,"South Dakota","Hamlin County",1,64,72,37,35
050,46,057,"South Dakota","Hamlin County",1,65,74,38,36
050,46,057,"South Dakota","Hamlin County",1,66,68,30,38
050,46,057,"South Dakota","Hamlin County",1,67,57,32,25
050,46,057,"South Dakota","Hamlin County",1,68,51,28,23
050,46,057,"South Dakota","Hamlin County",1,69,51,31,20
050,46,057,"South Dakota","Hamlin County",1,70,51,29,22
050,46,057,"South Dakota","Hamlin County",1,71,52,23,29
050,46,057,"South Dakota","Hamlin County",1,72,44,26,18
050,46,057,"South Dakota","Hamlin County",1,73,46,26,20
050,46,057,"South Dakota","Hamlin County",1,74,32,18,14
050,46,057,"South Dakota","Hamlin County",1,75,34,17,17
050,46,057,"South Dakota","Hamlin County",1,76,35,21,14
050,46,057,"South Dakota","Hamlin County",1,77,32,14,18
050,46,057,"South Dakota","Hamlin County",1,78,30,16,14
050,46,057,"South Dakota","Hamlin County",1,79,22,12,10
050,46,057,"South Dakota","Hamlin County",1,80,27,11,16
050,46,057,"South Dakota","Hamlin County",1,81,27,15,12
050,46,057,"South Dakota","Hamlin County",1,82,19,11,8
050,46,057,"South Dakota","Hamlin County",1,83,17,5,12
050,46,057,"South Dakota","Hamlin County",1,84,19,9,10
050,46,057,"South Dakota","Hamlin County",1,85,125,41,84
050,46,057,"South Dakota","Hamlin County",2,0,135,67,68
050,46,057,"South Dakota","Hamlin County",2,1,124,61,63
050,46,057,"South Dakota","Hamlin County",2,2,115,67,48
050,46,057,"South Dakota","Hamlin County",2,3,113,62,51
050,46,057,"South Dakota","Hamlin County",2,4,110,66,44
050,46,057,"South Dakota","Hamlin County",2,5,113,57,56
050,46,057,"South Dakota","Hamlin County",2,6,111,51,60
050,46,057,"South Dakota","Hamlin County",2,7,107,49,58
050,46,057,"South Dakota","Hamlin County",2,8,101,51,50
050,46,057,"South Dakota","Hamlin County",2,9,95,44,51
050,46,057,"South Dakota","Hamlin County",2,10,101,52,49
050,46,057,"South Dakota","Hamlin County",2,11,109,58,51
050,46,057,"South Dakota","Hamlin County",2,12,120,66,54
050,46,057,"South Dakota","Hamlin County",2,13,120,65,55
050,46,057,"South Dakota","Hamlin County",2,14,118,61,57
050,46,057,"South Dakota","Hamlin County",2,15,108,57,51
050,46,057,"South Dakota","Hamlin County",2,16,111,63,48
050,46,057,"South Dakota","Hamlin County",2,17,118,61,57
050,46,057,"South Dakota","Hamlin County",2,18,90,42,48
050,46,057,"South Dakota","Hamlin County",2,19,65,33,32
050,46,057,"South Dakota","Hamlin County",2,20,65,35,30
050,46,057,"South Dakota","Hamlin County",2,21,66,32,34
050,46,057,"South Dakota","Hamlin County",2,22,69,32,37
050,46,057,"South Dakota","Hamlin County",2,23,78,40,38
050,46,057,"South Dakota","Hamlin County",2,24,82,41,41
050,46,057,"South Dakota","Hamlin County",2,25,78,39,39
050,46,057,"South Dakota","Hamlin County",2,26,73,37,36
050,46,057,"South Dakota","Hamlin County",2,27,62,37,25
050,46,057,"South Dakota","Hamlin County",2,28,62,36,26
050,46,057,"South Dakota","Hamlin County",2,29,69,38,31
050,46,057,"South Dakota","Hamlin County",2,30,74,43,31
050,46,057,"South Dakota","Hamlin County",2,31,73,37,36
050,46,057,"South Dakota","Hamlin County",2,32,63,35,28
050,46,057,"South Dakota","Hamlin County",2,33,51,30,21
050,46,057,"South Dakota","Hamlin County",2,34,56,31,25
050,46,057,"South Dakota","Hamlin County",2,35,62,37,25
050,46,057,"South Dakota","Hamlin County",2,36,67,37,30
050,46,057,"South Dakota","Hamlin County",2,37,69,40,29
050,46,057,"South Dakota","Hamlin County",2,38,62,31,31
050,46,057,"South Dakota","Hamlin County",2,39,68,32,36
050,46,057,"South Dakota","Hamlin County",2,40,84,44,40
050,46,057,"South Dakota","Hamlin County",2,41,72,39,33
050,46,057,"South Dakota","Hamlin County",2,42,57,30,27
050,46,057,"South Dakota","Hamlin County",2,43,61,30,31
050,46,057,"South Dakota","Hamlin County",2,44,71,37,34
050,46,057,"South Dakota","Hamlin County",2,45,76,44,32
050,46,057,"South Dakota","Hamlin County",2,46,59,35,24
050,46,057,"South Dakota","Hamlin County",2,47,56,28,28
050,46,057,"South Dakota","Hamlin County",2,48,60,29,31
050,46,057,"South Dakota","Hamlin County",2,49,71,39,32
050,46,057,"South Dakota","Hamlin County",2,50,62,36,26
050,46,057,"South Dakota","Hamlin County",2,51,61,32,29
050,46,057,"South Dakota","Hamlin County",2,52,54,30,24
050,46,057,"South Dakota","Hamlin County",2,53,56,33,23
050,46,057,"South Dakota","Hamlin County",2,54,66,34,32
050,46,057,"South Dakota","Hamlin County",2,55,64,28,36
050,46,057,"South Dakota","Hamlin County",2,56,68,29,39
050,46,057,"South Dakota","Hamlin County",2,57,82,42,40
050,46,057,"South Dakota","Hamlin County",2,58,86,43,43
050,46,057,"South Dakota","Hamlin County",2,59,79,41,38
050,46,057,"South Dakota","Hamlin County",2,60,76,43,33
050,46,057,"South Dakota","Hamlin County",2,61,81,46,35
050,46,057,"South Dakota","Hamlin County",2,62,75,41,34
050,46,057,"South Dakota","Hamlin County",2,63,74,37,37
050,46,057,"South Dakota","Hamlin County",2,64,71,36,35
050,46,057,"South Dakota","Hamlin County",2,65,71,36,35
050,46,057,"South Dakota","Hamlin County",2,66,70,32,38
050,46,057,"South Dakota","Hamlin County",2,67,59,31,28
050,46,057,"South Dakota","Hamlin County",2,68,51,29,22
050,46,057,"South Dakota","Hamlin County",2,69,52,31,21
050,46,057,"South Dakota","Hamlin County",2,70,50,29,21
050,46,057,"South Dakota","Hamlin County",2,71,51,24,27
050,46,057,"South Dakota","Hamlin County",2,72,45,25,20
050,46,057,"South Dakota","Hamlin County",2,73,48,27,21
050,46,057,"South Dakota","Hamlin County",2,74,32,18,14
050,46,057,"South Dakota","Hamlin County",2,75,31,16,15
050,46,057,"South Dakota","Hamlin County",2,76,35,20,15
050,46,057,"South Dakota","Hamlin County",2,77,32,15,17
050,46,057,"South Dakota","Hamlin County",2,78,30,15,15
050,46,057,"South Dakota","Hamlin County",2,79,21,11,10
050,46,057,"South Dakota","Hamlin County",2,80,28,12,16
050,46,057,"South Dakota","Hamlin County",2,81,27,14,13
050,46,057,"South Dakota","Hamlin County",2,82,19,11,8
050,46,057,"South Dakota","Hamlin County",2,83,18,7,11
050,46,057,"South Dakota","Hamlin County",2,84,19,8,11
050,46,057,"South Dakota","Hamlin County",2,85,122,41,81
050,46,057,"South Dakota","Hamlin County",3,0,132,67,65
050,46,057,"South Dakota","Hamlin County",3,1,150,74,76
050,46,057,"South Dakota","Hamlin County",3,2,125,61,64
050,46,057,"South Dakota","Hamlin County",3,3,114,66,48
050,46,057,"South Dakota","Hamlin County",3,4,118,61,57
050,46,057,"South Dakota","Hamlin County",3,5,116,67,49
050,46,057,"South Dakota","Hamlin County",3,6,111,58,53
050,46,057,"South Dakota","Hamlin County",3,7,115,54,61
050,46,057,"South Dakota","Hamlin County",3,8,115,55,60
050,46,057,"South Dakota","Hamlin County",3,9,101,46,55
050,46,057,"South Dakota","Hamlin County",3,10,96,45,51
050,46,057,"South Dakota","Hamlin County",3,11,108,56,52
050,46,057,"South Dakota","Hamlin County",3,12,107,57,50
050,46,057,"South Dakota","Hamlin County",3,13,125,70,55
050,46,057,"South Dakota","Hamlin County",3,14,117,67,50
050,46,057,"South Dakota","Hamlin County",3,15,115,59,56
050,46,057,"South Dakota","Hamlin County",3,16,114,58,56
050,46,057,"South Dakota","Hamlin County",3,17,117,64,53
050,46,057,"South Dakota","Hamlin County",3,18,103,55,48
050,46,057,"South Dakota","Hamlin County",3,19,73,32,41
050,46,057,"South Dakota","Hamlin County",3,20,73,40,33
050,46,057,"South Dakota","Hamlin County",3,21,64,33,31
050,46,057,"South Dakota","Hamlin County",3,22,72,33,39
050,46,057,"South Dakota","Hamlin County",3,23,64,30,34
050,46,057,"South Dakota","Hamlin County",3,24,83,41,42
050,46,057,"South Dakota","Hamlin County",3,25,85,41,44
050,46,057,"South Dakota","Hamlin County",3,26,75,35,40
050,46,057,"South Dakota","Hamlin County",3,27,77,42,35
050,46,057,"South Dakota","Hamlin County",3,28,63,40,23
050,46,057,"South Dakota","Hamlin County",3,29,75,46,29
050,46,057,"South Dakota","Hamlin County",3,30,75,44,31
050,46,057,"South Dakota","Hamlin County",3,31,78,44,34
050,46,057,"South Dakota","Hamlin County",3,32,72,36,36
050,46,057,"South Dakota","Hamlin County",3,33,66,38,28
050,46,057,"South Dakota","Hamlin County",3,34,50,28,22
050,46,057,"South Dakota","Hamlin County",3,35,62,37,25
050,46,057,"South Dakota","Hamlin County",3,36,57,32,25
050,46,057,"South Dakota","Hamlin County",3,37,67,37,30
050,46,057,"South Dakota","Hamlin County",3,38,68,42,26
050,46,057,"South Dakota","Hamlin County",3,39,61,29,32
050,46,057,"South Dakota","Hamlin County",3,40,67,31,36
050,46,057,"South Dakota","Hamlin County",3,41,90,47,43
050,46,057,"South Dakota","Hamlin County",3,42,73,42,31
050,46,057,"South Dakota","Hamlin County",3,43,64,36,28
050,46,057,"South Dakota","Hamlin County",3,44,60,28,32
050,46,057,"South Dakota","Hamlin County",3,45,73,38,35
050,46,057,"South Dakota","Hamlin County",3,46,76,45,31
050,46,057,"South Dakota","Hamlin County",3,47,59,35,24
050,46,057,"South Dakota","Hamlin County",3,48,60,32,28
050,46,057,"South Dakota","Hamlin County",3,49,59,28,31
050,46,057,"South Dakota","Hamlin County",3,50,75,40,35
050,46,057,"South Dakota","Hamlin County",3,51,64,38,26
050,46,057,"South Dakota","Hamlin County",3,52,57,30,27
050,46,057,"South Dakota","Hamlin County",3,53,60,35,25
050,46,057,"South Dakota","Hamlin County",3,54,52,29,23
050,46,057,"South Dakota","Hamlin County",3,55,65,34,31
050,46,057,"South Dakota","Hamlin County",3,56,63,27,36
050,46,057,"South Dakota","Hamlin County",3,57,64,27,37
050,46,057,"South Dakota","Hamlin County",3,58,80,42,38
050,46,057,"South Dakota","Hamlin County",3,59,87,46,41
050,46,057,"South Dakota","Hamlin County",3,60,75,37,38
050,46,057,"South Dakota","Hamlin County",3,61,72,42,30
050,46,057,"South Dakota","Hamlin County",3,62,79,46,33
050,46,057,"South Dakota","Hamlin County",3,63,71,41,30
050,46,057,"South Dakota","Hamlin County",3,64,71,37,34
050,46,057,"South Dakota","Hamlin County",3,65,66,34,32
050,46,057,"South Dakota","Hamlin County",3,66,67,34,33
050,46,057,"South Dakota","Hamlin County",3,67,68,31,37
050,46,057,"South Dakota","Hamlin County",3,68,56,32,24
050,46,057,"South Dakota","Hamlin County",3,69,49,27,22
050,46,057,"South Dakota","Hamlin County",3,70,50,31,19
050,46,057,"South Dakota","Hamlin County",3,71,44,23,21
050,46,057,"South Dakota","Hamlin County",3,72,49,24,25
050,46,057,"South Dakota","Hamlin County",3,73,47,25,22
050,46,057,"South Dakota","Hamlin County",3,74,41,24,17
050,46,057,"South Dakota","Hamlin County",3,75,27,15,12
050,46,057,"South Dakota","Hamlin County",3,76,30,17,13
050,46,057,"South Dakota","Hamlin County",3,77,33,17,16
050,46,057,"South Dakota","Hamlin County",3,78,26,12,14
050,46,057,"South Dakota","Hamlin County",3,79,25,13,12
050,46,057,"South Dakota","Hamlin County",3,80,22,11,11
050,46,057,"South Dakota","Hamlin County",3,81,29,14,15
050,46,057,"South Dakota","Hamlin County",3,82,15,8,7
050,46,057,"South Dakota","Hamlin County",3,83,19,10,9
050,46,057,"South Dakota","Hamlin County",3,84,18,8,10
050,46,057,"South Dakota","Hamlin County",3,85,108,36,72
050,46,057,"South Dakota","Hamlin County",4,0,145,73,72
050,46,057,"South Dakota","Hamlin County",4,1,133,70,63
050,46,057,"South Dakota","Hamlin County",4,2,150,73,77
050,46,057,"South Dakota","Hamlin County",4,3,122,60,62
050,46,057,"South Dakota","Hamlin County",4,4,120,71,49
050,46,057,"South Dakota","Hamlin County",4,5,119,62,57
050,46,057,"South Dakota","Hamlin County",4,6,109,65,44
050,46,057,"South Dakota","Hamlin County",4,7,113,61,52
050,46,057,"South Dakota","Hamlin County",4,8,112,47,65
050,46,057,"South Dakota","Hamlin County",4,9,111,53,58
050,46,057,"South Dakota","Hamlin County",4,10,102,47,55
050,46,057,"South Dakota","Hamlin County",4,11,95,44,51
050,46,057,"South Dakota","Hamlin County",4,12,112,61,51
050,46,057,"South Dakota","Hamlin County",4,13,105,57,48
050,46,057,"South Dakota","Hamlin County",4,14,126,69,57
050,46,057,"South Dakota","Hamlin County",4,15,118,64,54
050,46,057,"South Dakota","Hamlin County",4,16,120,60,60
050,46,057,"South Dakota","Hamlin County",4,17,118,61,57
050,46,057,"South Dakota","Hamlin County",4,18,100,56,44
050,46,057,"South Dakota","Hamlin County",4,19,87,45,42
050,46,057,"South Dakota","Hamlin County",4,20,76,37,39
050,46,057,"South Dakota","Hamlin County",4,21,78,41,37
050,46,057,"South Dakota","Hamlin County",4,22,77,40,37
050,46,057,"South Dakota","Hamlin County",4,23,82,41,41
050,46,057,"South Dakota","Hamlin County",4,24,67,35,32
050,46,057,"South Dakota","Hamlin County",4,25,74,38,36
050,46,057,"South Dakota","Hamlin County",4,26,85,42,43
050,46,057,"South Dakota","Hamlin County",4,27,73,32,41
050,46,057,"South Dakota","Hamlin County",4,28,77,40,37
050,46,057,"South Dakota","Hamlin County",4,29,68,43,25
050,46,057,"South Dakota","Hamlin County",4,30,74,44,30
050,46,057,"South Dakota","Hamlin County",4,31,74,43,31
050,46,057,"South Dakota","Hamlin County",4,32,81,46,35
050,46,057,"South Dakota","Hamlin County",4,33,74,37,37
050,46,057,"South Dakota","Hamlin County",4,34,60,33,27
050,46,057,"South Dakota","Hamlin County",4,35,52,28,24
050,46,057,"South Dakota","Hamlin County",4,36,61,35,26
050,46,057,"South Dakota","Hamlin County",4,37,60,35,25
050,46,057,"South Dakota","Hamlin County",4,38,71,40,31
050,46,057,"South Dakota","Hamlin County",4,39,73,43,30
050,46,057,"South Dakota","Hamlin County",4,40,55,26,29
050,46,057,"South Dakota","Hamlin County",4,41,70,31,39
050,46,057,"South Dakota","Hamlin County",4,42,87,47,40
050,46,057,"South Dakota","Hamlin County",4,43,68,36,32
050,46,057,"South Dakota","Hamlin County",4,44,68,36,32
050,46,057,"South Dakota","Hamlin County",4,45,66,31,35
050,46,057,"South Dakota","Hamlin County",4,46,75,39,36
050,46,057,"South Dakota","Hamlin County",4,47,76,45,31
050,46,057,"South Dakota","Hamlin County",4,48,62,37,25
050,46,057,"South Dakota","Hamlin County",4,49,58,29,29
050,46,057,"South Dakota","Hamlin County",4,50,61,31,30
050,46,057,"South Dakota","Hamlin County",4,51,75,40,35
050,46,057,"South Dakota","Hamlin County",4,52,67,38,29
050,46,057,"South Dakota","Hamlin County",4,53,59,32,27
050,46,057,"South Dakota","Hamlin County",4,54,59,35,24
050,46,057,"South Dakota","Hamlin County",4,55,50,27,23
050,46,057,"South Dakota","Hamlin County",4,56,68,38,30
050,46,057,"South Dakota","Hamlin County",4,57,64,26,38
050,46,057,"South Dakota","Hamlin County",4,58,65,30,35
050,46,057,"South Dakota","Hamlin County",4,59,81,40,41
050,46,057,"South Dakota","Hamlin County",4,60,85,44,41
050,46,057,"South Dakota","Hamlin County",4,61,76,38,38
050,46,057,"South Dakota","Hamlin County",4,62,73,43,30
050,46,057,"South Dakota","Hamlin County",4,63,80,47,33
050,46,057,"South Dakota","Hamlin County",4,64,69,39,30
050,46,057,"South Dakota","Hamlin County",4,65,72,36,36
050,46,057,"South Dakota","Hamlin County",4,66,69,36,33
050,46,057,"South Dakota","Hamlin County",4,67,68,35,33
050,46,057,"South Dakota","Hamlin County",4,68,65,31,34
050,46,057,"South Dakota","Hamlin County",4,69,58,33,25
050,46,057,"South Dakota","Hamlin County",4,70,50,27,23
050,46,057,"South Dakota","Hamlin County",4,71,50,29,21
050,46,057,"South Dakota","Hamlin County",4,72,41,23,18
050,46,057,"South Dakota","Hamlin County",4,73,51,24,27
050,46,057,"South Dakota","Hamlin County",4,74,38,21,17
050,46,057,"South Dakota","Hamlin County",4,75,37,21,16
050,46,057,"South Dakota","Hamlin County",4,76,29,16,13
050,46,057,"South Dakota","Hamlin County",4,77,25,11,14
050,46,057,"South Dakota","Hamlin County",4,78,31,16,15
050,46,057,"South Dakota","Hamlin County",4,79,23,12,11
050,46,057,"South Dakota","Hamlin County",4,80,32,15,17
050,46,057,"South Dakota","Hamlin County",4,81,22,12,10
050,46,057,"South Dakota","Hamlin County",4,82,22,10,12
050,46,057,"South Dakota","Hamlin County",4,83,16,8,8
050,46,057,"South Dakota","Hamlin County",4,84,17,9,8
050,46,057,"South Dakota","Hamlin County",4,85,107,36,71
050,46,057,"South Dakota","Hamlin County",5,0,143,73,70
050,46,057,"South Dakota","Hamlin County",5,1,134,65,69
050,46,057,"South Dakota","Hamlin County",5,2,133,68,65
050,46,057,"South Dakota","Hamlin County",5,3,147,76,71
050,46,057,"South Dakota","Hamlin County",5,4,122,60,62
050,46,057,"South Dakota","Hamlin County",5,5,117,72,45
050,46,057,"South Dakota","Hamlin County",5,6,119,64,55
050,46,057,"South Dakota","Hamlin County",5,7,103,62,41
050,46,057,"South Dakota","Hamlin County",5,8,113,58,55
050,46,057,"South Dakota","Hamlin County",5,9,117,50,67
050,46,057,"South Dakota","Hamlin County",5,10,114,55,59
050,46,057,"South Dakota","Hamlin County",5,11,99,46,53
050,46,057,"South Dakota","Hamlin County",5,12,102,47,55
050,46,057,"South Dakota","Hamlin County",5,13,109,61,48
050,46,057,"South Dakota","Hamlin County",5,14,109,59,50
050,46,057,"South Dakota","Hamlin County",5,15,129,70,59
050,46,057,"South Dakota","Hamlin County",5,16,123,67,56
050,46,057,"South Dakota","Hamlin County",5,17,124,62,62
050,46,057,"South Dakota","Hamlin County",5,18,105,55,50
050,46,057,"South Dakota","Hamlin County",5,19,80,45,35
050,46,057,"South Dakota","Hamlin County",5,20,94,53,41
050,46,057,"South Dakota","Hamlin County",5,21,88,39,49
050,46,057,"South Dakota","Hamlin County",5,22,82,38,44
050,46,057,"South Dakota","Hamlin County",5,23,85,46,39
050,46,057,"South Dakota","Hamlin County",5,24,85,45,40
050,46,057,"South Dakota","Hamlin County",5,25,69,35,34
050,46,057,"South Dakota","Hamlin County",5,26,66,33,33
050,46,057,"South Dakota","Hamlin County",5,27,86,42,44
050,46,057,"South Dakota","Hamlin County",5,28,73,38,35
050,46,057,"South Dakota","Hamlin County",5,29,78,37,41
050,46,057,"South Dakota","Hamlin County",5,30,69,47,22
050,46,057,"South Dakota","Hamlin County",5,31,66,40,26
050,46,057,"South Dakota","Hamlin County",5,32,69,38,31
050,46,057,"South Dakota","Hamlin County",5,33,67,37,30
050,46,057,"South Dakota","Hamlin County",5,34,68,31,37
050,46,057,"South Dakota","Hamlin County",5,35,56,31,25
050,46,057,"South Dakota","Hamlin County",5,36,44,24,20
050,46,057,"South Dakota","Hamlin County",5,37,64,36,28
050,46,057,"South Dakota","Hamlin County",5,38,59,34,25
050,46,057,"South Dakota","Hamlin County",5,39,75,42,33
050,46,057,"South Dakota","Hamlin County",5,40,74,45,29
050,46,057,"South Dakota","Hamlin County",5,41,55,26,29
050,46,057,"South Dakota","Hamlin County",5,42,70,31,39
050,46,057,"South Dakota","Hamlin County",5,43,89,48,41
050,46,057,"South Dakota","Hamlin County",5,44,70,36,34
050,46,057,"South Dakota","Hamlin County",5,45,73,37,36
050,46,057,"South Dakota","Hamlin County",5,46,63,28,35
050,46,057,"South Dakota","Hamlin County",5,47,75,40,35
050,46,057,"South Dakota","Hamlin County",5,48,75,44,31
050,46,057,"South Dakota","Hamlin County",5,49,64,38,26
050,46,057,"South Dakota","Hamlin County",5,50,61,32,29
050,46,057,"South Dakota","Hamlin County",5,51,63,32,31
050,46,057,"South Dakota","Hamlin County",5,52,69,38,31
050,46,057,"South Dakota","Hamlin County",5,53,69,39,30
050,46,057,"South Dakota","Hamlin County",5,54,59,30,29
050,46,057,"South Dakota","Hamlin County",5,55,59,34,25
050,46,057,"South Dakota","Hamlin County",5,56,51,28,23
050,46,057,"South Dakota","Hamlin County",5,57,68,38,30
050,46,057,"South Dakota","Hamlin County",5,58,65,26,39
050,46,057,"South Dakota","Hamlin County",5,59,63,29,34
050,46,057,"South Dakota","Hamlin County",5,60,82,40,42
050,46,057,"South Dakota","Hamlin County",5,61,84,45,39
050,46,057,"South Dakota","Hamlin County",5,62,76,38,38
050,46,057,"South Dakota","Hamlin County",5,63,78,48,30
050,46,057,"South Dakota","Hamlin County",5,64,76,45,31
050,46,057,"South Dakota","Hamlin County",5,65,65,37,28
050,46,057,"South Dakota","Hamlin County",5,66,68,34,34
050,46,057,"South Dakota","Hamlin County",5,67,68,34,34
050,46,057,"South Dakota","Hamlin County",5,68,69,38,31
050,46,057,"South Dakota","Hamlin County",5,69,67,31,36
050,46,057,"South Dakota","Hamlin County",5,70,54,31,23
050,46,057,"South Dakota","Hamlin County",5,71,49,27,22
050,46,057,"South Dakota","Hamlin County",5,72,46,28,18
050,46,057,"South Dakota","Hamlin County",5,73,42,22,20
050,46,057,"South Dakota","Hamlin County",5,74,42,21,21
050,46,057,"South Dakota","Hamlin County",5,75,33,17,16
050,46,057,"South Dakota","Hamlin County",5,76,38,22,16
050,46,057,"South Dakota","Hamlin County",5,77,27,12,15
050,46,057,"South Dakota","Hamlin County",5,78,25,12,13
050,46,057,"South Dakota","Hamlin County",5,79,25,14,11
050,46,057,"South Dakota","Hamlin County",5,80,28,14,14
050,46,057,"South Dakota","Hamlin County",5,81,29,15,14
050,46,057,"South Dakota","Hamlin County",5,82,17,9,8
050,46,057,"South Dakota","Hamlin County",5,83,22,9,13
050,46,057,"South Dakota","Hamlin County",5,84,17,8,9
050,46,057,"South Dakota","Hamlin County",5,85,104,36,68
050,46,059,"South Dakota","Hand County",1,0,33,18,15
050,46,059,"South Dakota","Hand County",1,1,33,18,15
050,46,059,"South Dakota","Hand County",1,2,40,17,23
050,46,059,"South Dakota","Hand County",1,3,37,17,20
050,46,059,"South Dakota","Hand County",1,4,36,21,15
050,46,059,"South Dakota","Hand County",1,5,35,21,14
050,46,059,"South Dakota","Hand County",1,6,38,20,18
050,46,059,"South Dakota","Hand County",1,7,40,17,23
050,46,059,"South Dakota","Hand County",1,8,41,18,23
050,46,059,"South Dakota","Hand County",1,9,50,24,26
050,46,059,"South Dakota","Hand County",1,10,30,15,15
050,46,059,"South Dakota","Hand County",1,11,38,18,20
050,46,059,"South Dakota","Hand County",1,12,56,29,27
050,46,059,"South Dakota","Hand County",1,13,45,24,21
050,46,059,"South Dakota","Hand County",1,14,48,24,24
050,46,059,"South Dakota","Hand County",1,15,38,19,19
050,46,059,"South Dakota","Hand County",1,16,38,13,25
050,46,059,"South Dakota","Hand County",1,17,33,15,18
050,46,059,"South Dakota","Hand County",1,18,27,11,16
050,46,059,"South Dakota","Hand County",1,19,22,12,10
050,46,059,"South Dakota","Hand County",1,20,25,14,11
050,46,059,"South Dakota","Hand County",1,21,36,19,17
050,46,059,"South Dakota","Hand County",1,22,32,14,18
050,46,059,"South Dakota","Hand County",1,23,36,18,18
050,46,059,"South Dakota","Hand County",1,24,39,23,16
050,46,059,"South Dakota","Hand County",1,25,34,21,13
050,46,059,"South Dakota","Hand County",1,26,28,18,10
050,46,059,"South Dakota","Hand County",1,27,30,19,11
050,46,059,"South Dakota","Hand County",1,28,31,19,12
050,46,059,"South Dakota","Hand County",1,29,33,16,17
050,46,059,"South Dakota","Hand County",1,30,28,16,12
050,46,059,"South Dakota","Hand County",1,31,35,22,13
050,46,059,"South Dakota","Hand County",1,32,30,13,17
050,46,059,"South Dakota","Hand County",1,33,22,12,10
050,46,059,"South Dakota","Hand County",1,34,29,13,16
050,46,059,"South Dakota","Hand County",1,35,34,18,16
050,46,059,"South Dakota","Hand County",1,36,32,17,15
050,46,059,"South Dakota","Hand County",1,37,34,22,12
050,46,059,"South Dakota","Hand County",1,38,33,19,14
050,46,059,"South Dakota","Hand County",1,39,37,20,17
050,46,059,"South Dakota","Hand County",1,40,29,16,13
050,46,059,"South Dakota","Hand County",1,41,31,14,17
050,46,059,"South Dakota","Hand County",1,42,39,19,20
050,46,059,"South Dakota","Hand County",1,43,38,22,16
050,46,059,"South Dakota","Hand County",1,44,27,16,11
050,46,059,"South Dakota","Hand County",1,45,22,13,9
050,46,059,"South Dakota","Hand County",1,46,22,10,12
050,46,059,"South Dakota","Hand County",1,47,18,10,8
050,46,059,"South Dakota","Hand County",1,48,22,13,9
050,46,059,"South Dakota","Hand County",1,49,31,14,17
050,46,059,"South Dakota","Hand County",1,50,28,9,19
050,46,059,"South Dakota","Hand County",1,51,37,17,20
050,46,059,"South Dakota","Hand County",1,52,43,19,24
050,46,059,"South Dakota","Hand County",1,53,41,24,17
050,46,059,"South Dakota","Hand County",1,54,34,19,15
050,46,059,"South Dakota","Hand County",1,55,42,22,20
050,46,059,"South Dakota","Hand County",1,56,50,26,24
050,46,059,"South Dakota","Hand County",1,57,52,30,22
050,46,059,"South Dakota","Hand County",1,58,46,26,20
050,46,059,"South Dakota","Hand County",1,59,54,29,25
050,46,059,"South Dakota","Hand County",1,60,56,31,25
050,46,059,"South Dakota","Hand County",1,61,45,26,19
050,46,059,"South Dakota","Hand County",1,62,48,25,23
050,46,059,"South Dakota","Hand County",1,63,57,25,32
050,46,059,"South Dakota","Hand County",1,64,50,27,23
050,46,059,"South Dakota","Hand County",1,65,47,25,22
050,46,059,"South Dakota","Hand County",1,66,49,22,27
050,46,059,"South Dakota","Hand County",1,67,51,27,24
050,46,059,"South Dakota","Hand County",1,68,51,24,27
050,46,059,"South Dakota","Hand County",1,69,44,23,21
050,46,059,"South Dakota","Hand County",1,70,35,13,22
050,46,059,"South Dakota","Hand County",1,71,38,18,20
050,46,059,"South Dakota","Hand County",1,72,29,14,15
050,46,059,"South Dakota","Hand County",1,73,29,21,8
050,46,059,"South Dakota","Hand County",1,74,23,10,13
050,46,059,"South Dakota","Hand County",1,75,22,7,15
050,46,059,"South Dakota","Hand County",1,76,26,13,13
050,46,059,"South Dakota","Hand County",1,77,30,16,14
050,46,059,"South Dakota","Hand County",1,78,27,15,12
050,46,059,"South Dakota","Hand County",1,79,18,8,10
050,46,059,"South Dakota","Hand County",1,80,18,9,9
050,46,059,"South Dakota","Hand County",1,81,21,8,13
050,46,059,"South Dakota","Hand County",1,82,18,8,10
050,46,059,"South Dakota","Hand County",1,83,20,10,10
050,46,059,"South Dakota","Hand County",1,84,20,8,12
050,46,059,"South Dakota","Hand County",1,85,167,65,102
050,46,059,"South Dakota","Hand County",2,0,39,20,19
050,46,059,"South Dakota","Hand County",2,1,32,17,15
050,46,059,"South Dakota","Hand County",2,2,38,17,21
050,46,059,"South Dakota","Hand County",2,3,37,17,20
050,46,059,"South Dakota","Hand County",2,4,36,20,16
050,46,059,"South Dakota","Hand County",2,5,35,21,14
050,46,059,"South Dakota","Hand County",2,6,37,20,17
050,46,059,"South Dakota","Hand County",2,7,39,17,22
050,46,059,"South Dakota","Hand County",2,8,40,17,23
050,46,059,"South Dakota","Hand County",2,9,48,23,25
050,46,059,"South Dakota","Hand County",2,10,35,17,18
050,46,059,"South Dakota","Hand County",2,11,37,18,19
050,46,059,"South Dakota","Hand County",2,12,52,27,25
050,46,059,"South Dakota","Hand County",2,13,48,26,22
050,46,059,"South Dakota","Hand County",2,14,48,24,24
050,46,059,"South Dakota","Hand County",2,15,40,20,20
050,46,059,"South Dakota","Hand County",2,16,39,15,24
050,46,059,"South Dakota","Hand County",2,17,34,14,20
050,46,059,"South Dakota","Hand County",2,18,28,12,16
050,46,059,"South Dakota","Hand County",2,19,21,11,10
050,46,059,"South Dakota","Hand County",2,20,26,14,12
050,46,059,"South Dakota","Hand County",2,21,33,18,15
050,46,059,"South Dakota","Hand County",2,22,33,15,18
050,46,059,"South Dakota","Hand County",2,23,35,17,18
050,46,059,"South Dakota","Hand County",2,24,38,22,16
050,46,059,"South Dakota","Hand County",2,25,34,21,13
050,46,059,"South Dakota","Hand County",2,26,30,19,11
050,46,059,"South Dakota","Hand County",2,27,31,20,11
050,46,059,"South Dakota","Hand County",2,28,30,19,11
050,46,059,"South Dakota","Hand County",2,29,34,18,16
050,46,059,"South Dakota","Hand County",2,30,29,16,13
050,46,059,"South Dakota","Hand County",2,31,34,21,13
050,46,059,"South Dakota","Hand County",2,32,30,14,16
050,46,059,"South Dakota","Hand County",2,33,24,12,12
050,46,059,"South Dakota","Hand County",2,34,26,12,14
050,46,059,"South Dakota","Hand County",2,35,32,16,16
050,46,059,"South Dakota","Hand County",2,36,32,17,15
050,46,059,"South Dakota","Hand County",2,37,34,21,13
050,46,059,"South Dakota","Hand County",2,38,33,20,13
050,46,059,"South Dakota","Hand County",2,39,37,20,17
050,46,059,"South Dakota","Hand County",2,40,31,17,14
050,46,059,"South Dakota","Hand County",2,41,31,15,16
050,46,059,"South Dakota","Hand County",2,42,37,18,19
050,46,059,"South Dakota","Hand County",2,43,38,21,17
050,46,059,"South Dakota","Hand County",2,44,28,17,11
050,46,059,"South Dakota","Hand County",2,45,23,14,9
050,46,059,"South Dakota","Hand County",2,46,22,11,11
050,46,059,"South Dakota","Hand County",2,47,19,10,9
050,46,059,"South Dakota","Hand County",2,48,21,12,9
050,46,059,"South Dakota","Hand County",2,49,29,13,16
050,46,059,"South Dakota","Hand County",2,50,29,10,19
050,46,059,"South Dakota","Hand County",2,51,34,15,19
050,46,059,"South Dakota","Hand County",2,52,40,18,22
050,46,059,"South Dakota","Hand County",2,53,42,23,19
050,46,059,"South Dakota","Hand County",2,54,36,20,16
050,46,059,"South Dakota","Hand County",2,55,40,21,19
050,46,059,"South Dakota","Hand County",2,56,48,25,23
050,46,059,"South Dakota","Hand County",2,57,51,29,22
050,46,059,"South Dakota","Hand County",2,58,47,27,20
050,46,059,"South Dakota","Hand County",2,59,52,28,24
050,46,059,"South Dakota","Hand County",2,60,55,30,25
050,46,059,"South Dakota","Hand County",2,61,48,28,20
050,46,059,"South Dakota","Hand County",2,62,46,25,21
050,46,059,"South Dakota","Hand County",2,63,55,25,30
050,46,059,"South Dakota","Hand County",2,64,51,26,25
050,46,059,"South Dakota","Hand County",2,65,47,25,22
050,46,059,"South Dakota","Hand County",2,66,49,23,26
050,46,059,"South Dakota","Hand County",2,67,51,26,25
050,46,059,"South Dakota","Hand County",2,68,51,25,26
050,46,059,"South Dakota","Hand County",2,69,45,23,22
050,46,059,"South Dakota","Hand County",2,70,37,15,22
050,46,059,"South Dakota","Hand County",2,71,38,17,21
050,46,059,"South Dakota","Hand County",2,72,31,15,16
050,46,059,"South Dakota","Hand County",2,73,31,21,10
050,46,059,"South Dakota","Hand County",2,74,23,12,11
050,46,059,"South Dakota","Hand County",2,75,22,8,14
050,46,059,"South Dakota","Hand County",2,76,24,11,13
050,46,059,"South Dakota","Hand County",2,77,29,15,14
050,46,059,"South Dakota","Hand County",2,78,26,14,12
050,46,059,"South Dakota","Hand County",2,79,20,10,10
050,46,059,"South Dakota","Hand County",2,80,18,9,9
050,46,059,"South Dakota","Hand County",2,81,20,8,12
050,46,059,"South Dakota","Hand County",2,82,18,8,10
050,46,059,"South Dakota","Hand County",2,83,20,10,10
050,46,059,"South Dakota","Hand County",2,84,20,8,12
050,46,059,"South Dakota","Hand County",2,85,169,66,103
050,46,059,"South Dakota","Hand County",3,0,37,19,18
050,46,059,"South Dakota","Hand County",3,1,34,15,19
050,46,059,"South Dakota","Hand County",3,2,34,18,16
050,46,059,"South Dakota","Hand County",3,3,38,18,20
050,46,059,"South Dakota","Hand County",3,4,39,19,20
050,46,059,"South Dakota","Hand County",3,5,33,18,15
050,46,059,"South Dakota","Hand County",3,6,37,21,16
050,46,059,"South Dakota","Hand County",3,7,32,17,15
050,46,059,"South Dakota","Hand County",3,8,40,17,23
050,46,059,"South Dakota","Hand County",3,9,36,17,19
050,46,059,"South Dakota","Hand County",3,10,49,24,25
050,46,059,"South Dakota","Hand County",3,11,31,16,15
050,46,059,"South Dakota","Hand County",3,12,40,19,21
050,46,059,"South Dakota","Hand County",3,13,51,26,25
050,46,059,"South Dakota","Hand County",3,14,49,26,23
050,46,059,"South Dakota","Hand County",3,15,44,24,20
050,46,059,"South Dakota","Hand County",3,16,41,20,21
050,46,059,"South Dakota","Hand County",3,17,36,13,23
050,46,059,"South Dakota","Hand County",3,18,26,9,17
050,46,059,"South Dakota","Hand County",3,19,20,9,11
050,46,059,"South Dakota","Hand County",3,20,25,14,11
050,46,059,"South Dakota","Hand County",3,21,27,15,12
050,46,059,"South Dakota","Hand County",3,22,35,22,13
050,46,059,"South Dakota","Hand County",3,23,37,15,22
050,46,059,"South Dakota","Hand County",3,24,32,16,16
050,46,059,"South Dakota","Hand County",3,25,34,21,13
050,46,059,"South Dakota","Hand County",3,26,34,19,15
050,46,059,"South Dakota","Hand County",3,27,29,16,13
050,46,059,"South Dakota","Hand County",3,28,38,25,13
050,46,059,"South Dakota","Hand County",3,29,27,16,11
050,46,059,"South Dakota","Hand County",3,30,31,15,16
050,46,059,"South Dakota","Hand County",3,31,24,13,11
050,46,059,"South Dakota","Hand County",3,32,33,19,14
050,46,059,"South Dakota","Hand County",3,33,26,12,14
050,46,059,"South Dakota","Hand County",3,34,20,10,10
050,46,059,"South Dakota","Hand County",3,35,29,13,16
050,46,059,"South Dakota","Hand County",3,36,30,17,13
050,46,059,"South Dakota","Hand County",3,37,32,17,15
050,46,059,"South Dakota","Hand County",3,38,34,21,13
050,46,059,"South Dakota","Hand County",3,39,33,19,14
050,46,059,"South Dakota","Hand County",3,40,41,23,18
050,46,059,"South Dakota","Hand County",3,41,33,20,13
050,46,059,"South Dakota","Hand County",3,42,32,16,16
050,46,059,"South Dakota","Hand County",3,43,37,18,19
050,46,059,"South Dakota","Hand County",3,44,37,20,17
050,46,059,"South Dakota","Hand County",3,45,26,15,11
050,46,059,"South Dakota","Hand County",3,46,24,15,9
050,46,059,"South Dakota","Hand County",3,47,21,10,11
050,46,059,"South Dakota","Hand County",3,48,20,10,10
050,46,059,"South Dakota","Hand County",3,49,22,12,10
050,46,059,"South Dakota","Hand County",3,50,30,14,16
050,46,059,"South Dakota","Hand County",3,51,29,13,16
050,46,059,"South Dakota","Hand County",3,52,34,15,19
050,46,059,"South Dakota","Hand County",3,53,38,15,23
050,46,059,"South Dakota","Hand County",3,54,41,23,18
050,46,059,"South Dakota","Hand County",3,55,36,20,16
050,46,059,"South Dakota","Hand County",3,56,40,21,19
050,46,059,"South Dakota","Hand County",3,57,46,23,23
050,46,059,"South Dakota","Hand County",3,58,50,29,21
050,46,059,"South Dakota","Hand County",3,59,49,28,21
050,46,059,"South Dakota","Hand County",3,60,46,24,22
050,46,059,"South Dakota","Hand County",3,61,51,29,22
050,46,059,"South Dakota","Hand County",3,62,50,31,19
050,46,059,"South Dakota","Hand County",3,63,46,25,21
050,46,059,"South Dakota","Hand County",3,64,55,25,30
050,46,059,"South Dakota","Hand County",3,65,50,25,25
050,46,059,"South Dakota","Hand County",3,66,43,25,18
050,46,059,"South Dakota","Hand County",3,67,50,23,27
050,46,059,"South Dakota","Hand County",3,68,53,26,27
050,46,059,"South Dakota","Hand County",3,69,48,24,24
050,46,059,"South Dakota","Hand County",3,70,44,21,23
050,46,059,"South Dakota","Hand County",3,71,34,13,21
050,46,059,"South Dakota","Hand County",3,72,38,16,22
050,46,059,"South Dakota","Hand County",3,73,27,12,15
050,46,059,"South Dakota","Hand County",3,74,33,21,12
050,46,059,"South Dakota","Hand County",3,75,22,11,11
050,46,059,"South Dakota","Hand County",3,76,22,8,14
050,46,059,"South Dakota","Hand County",3,77,20,8,12
050,46,059,"South Dakota","Hand County",3,78,29,14,15
050,46,059,"South Dakota","Hand County",3,79,26,14,12
050,46,059,"South Dakota","Hand County",3,80,20,10,10
050,46,059,"South Dakota","Hand County",3,81,20,9,11
050,46,059,"South Dakota","Hand County",3,82,15,7,8
050,46,059,"South Dakota","Hand County",3,83,19,10,9
050,46,059,"South Dakota","Hand County",3,84,19,9,10
050,46,059,"South Dakota","Hand County",3,85,156,60,96
050,46,059,"South Dakota","Hand County",4,0,39,20,19
050,46,059,"South Dakota","Hand County",4,1,33,15,18
050,46,059,"South Dakota","Hand County",4,2,38,16,22
050,46,059,"South Dakota","Hand County",4,3,33,18,15
050,46,059,"South Dakota","Hand County",4,4,39,17,22
050,46,059,"South Dakota","Hand County",4,5,44,20,24
050,46,059,"South Dakota","Hand County",4,6,33,18,15
050,46,059,"South Dakota","Hand County",4,7,39,22,17
050,46,059,"South Dakota","Hand County",4,8,31,17,14
050,46,059,"South Dakota","Hand County",4,9,45,20,25
050,46,059,"South Dakota","Hand County",4,10,37,17,20
050,46,059,"South Dakota","Hand County",4,11,49,24,25
050,46,059,"South Dakota","Hand County",4,12,32,17,15
050,46,059,"South Dakota","Hand County",4,13,39,19,20
050,46,059,"South Dakota","Hand County",4,14,51,25,26
050,46,059,"South Dakota","Hand County",4,15,47,25,22
050,46,059,"South Dakota","Hand County",4,16,48,27,21
050,46,059,"South Dakota","Hand County",4,17,43,23,20
050,46,059,"South Dakota","Hand County",4,18,33,13,20
050,46,059,"South Dakota","Hand County",4,19,23,11,12
050,46,059,"South Dakota","Hand County",4,20,24,15,9
050,46,059,"South Dakota","Hand County",4,21,30,19,11
050,46,059,"South Dakota","Hand County",4,22,30,14,16
050,46,059,"South Dakota","Hand County",4,23,33,20,13
050,46,059,"South Dakota","Hand County",4,24,39,16,23
050,46,059,"South Dakota","Hand County",4,25,32,15,17
050,46,059,"South Dakota","Hand County",4,26,38,22,16
050,46,059,"South Dakota","Hand County",4,27,42,25,17
050,46,059,"South Dakota","Hand County",4,28,29,16,13
050,46,059,"South Dakota","Hand County",4,29,39,26,13
050,46,059,"South Dakota","Hand County",4,30,27,17,10
050,46,059,"South Dakota","Hand County",4,31,32,17,15
050,46,059,"South Dakota","Hand County",4,32,22,13,9
050,46,059,"South Dakota","Hand County",4,33,35,20,15
050,46,059,"South Dakota","Hand County",4,34,26,12,14
050,46,059,"South Dakota","Hand County",4,35,21,11,10
050,46,059,"South Dakota","Hand County",4,36,29,13,16
050,46,059,"South Dakota","Hand County",4,37,30,17,13
050,46,059,"South Dakota","Hand County",4,38,35,20,15
050,46,059,"South Dakota","Hand County",4,39,36,21,15
050,46,059,"South Dakota","Hand County",4,40,34,20,14
050,46,059,"South Dakota","Hand County",4,41,41,23,18
050,46,059,"South Dakota","Hand County",4,42,34,21,13
050,46,059,"South Dakota","Hand County",4,43,34,17,17
050,46,059,"South Dakota","Hand County",4,44,36,17,19
050,46,059,"South Dakota","Hand County",4,45,39,21,18
050,46,059,"South Dakota","Hand County",4,46,26,15,11
050,46,059,"South Dakota","Hand County",4,47,24,15,9
050,46,059,"South Dakota","Hand County",4,48,21,10,11
050,46,059,"South Dakota","Hand County",4,49,20,10,10
050,46,059,"South Dakota","Hand County",4,50,22,13,9
050,46,059,"South Dakota","Hand County",4,51,29,13,16
050,46,059,"South Dakota","Hand County",4,52,29,13,16
050,46,059,"South Dakota","Hand County",4,53,35,16,19
050,46,059,"South Dakota","Hand County",4,54,40,16,24
050,46,059,"South Dakota","Hand County",4,55,39,21,18
050,46,059,"South Dakota","Hand County",4,56,35,20,15
050,46,059,"South Dakota","Hand County",4,57,39,21,18
050,46,059,"South Dakota","Hand County",4,58,46,24,22
050,46,059,"South Dakota","Hand County",4,59,52,31,21
050,46,059,"South Dakota","Hand County",4,60,47,25,22
050,46,059,"South Dakota","Hand County",4,61,45,24,21
050,46,059,"South Dakota","Hand County",4,62,53,30,23
050,46,059,"South Dakota","Hand County",4,63,53,33,20
050,46,059,"South Dakota","Hand County",4,64,47,26,21
050,46,059,"South Dakota","Hand County",4,65,55,25,30
050,46,059,"South Dakota","Hand County",4,66,50,25,25
050,46,059,"South Dakota","Hand County",4,67,43,26,17
050,46,059,"South Dakota","Hand County",4,68,50,24,26
050,46,059,"South Dakota","Hand County",4,69,48,24,24
050,46,059,"South Dakota","Hand County",4,70,47,23,24
050,46,059,"South Dakota","Hand County",4,71,39,18,21
050,46,059,"South Dakota","Hand County",4,72,34,14,20
050,46,059,"South Dakota","Hand County",4,73,34,14,20
050,46,059,"South Dakota","Hand County",4,74,28,13,15
050,46,059,"South Dakota","Hand County",4,75,32,19,13
050,46,059,"South Dakota","Hand County",4,76,21,11,10
050,46,059,"South Dakota","Hand County",4,77,21,8,13
050,46,059,"South Dakota","Hand County",4,78,21,7,14
050,46,059,"South Dakota","Hand County",4,79,29,14,15
050,46,059,"South Dakota","Hand County",4,80,26,14,12
050,46,059,"South Dakota","Hand County",4,81,21,9,12
050,46,059,"South Dakota","Hand County",4,82,15,7,8
050,46,059,"South Dakota","Hand County",4,83,18,9,9
050,46,059,"South Dakota","Hand County",4,84,19,9,10
050,46,059,"South Dakota","Hand County",4,85,136,52,84
050,46,059,"South Dakota","Hand County",5,0,40,19,21
050,46,059,"South Dakota","Hand County",5,1,36,19,17
050,46,059,"South Dakota","Hand County",5,2,33,15,18
050,46,059,"South Dakota","Hand County",5,3,33,14,19
050,46,059,"South Dakota","Hand County",5,4,35,19,16
050,46,059,"South Dakota","Hand County",5,5,41,17,24
050,46,059,"South Dakota","Hand County",5,6,43,19,24
050,46,059,"South Dakota","Hand County",5,7,37,20,17
050,46,059,"South Dakota","Hand County",5,8,41,25,16
050,46,059,"South Dakota","Hand County",5,9,33,19,14
050,46,059,"South Dakota","Hand County",5,10,46,20,26
050,46,059,"South Dakota","Hand County",5,11,43,20,23
050,46,059,"South Dakota","Hand County",5,12,56,27,29
050,46,059,"South Dakota","Hand County",5,13,29,15,14
050,46,059,"South Dakota","Hand County",5,14,42,22,20
050,46,059,"South Dakota","Hand County",5,15,53,29,24
050,46,059,"South Dakota","Hand County",5,16,52,27,25
050,46,059,"South Dakota","Hand County",5,17,45,26,19
050,46,059,"South Dakota","Hand County",5,18,39,22,17
050,46,059,"South Dakota","Hand County",5,19,25,11,14
050,46,059,"South Dakota","Hand County",5,20,24,11,13
050,46,059,"South Dakota","Hand County",5,21,25,17,8
050,46,059,"South Dakota","Hand County",5,22,31,19,12
050,46,059,"South Dakota","Hand County",5,23,28,17,11
050,46,059,"South Dakota","Hand County",5,24,25,15,10
050,46,059,"South Dakota","Hand County",5,25,36,14,22
050,46,059,"South Dakota","Hand County",5,26,31,14,17
050,46,059,"South Dakota","Hand County",5,27,39,21,18
050,46,059,"South Dakota","Hand County",5,28,44,25,19
050,46,059,"South Dakota","Hand County",5,29,23,14,9
050,46,059,"South Dakota","Hand County",5,30,40,25,15
050,46,059,"South Dakota","Hand County",5,31,27,17,10
050,46,059,"South Dakota","Hand County",5,32,33,18,15
050,46,059,"South Dakota","Hand County",5,33,28,17,11
050,46,059,"South Dakota","Hand County",5,34,37,18,19
050,46,059,"South Dakota","Hand County",5,35,25,12,13
050,46,059,"South Dakota","Hand County",5,36,24,12,12
050,46,059,"South Dakota","Hand County",5,37,28,13,15
050,46,059,"South Dakota","Hand County",5,38,30,17,13
050,46,059,"South Dakota","Hand County",5,39,35,23,12
050,46,059,"South Dakota","Hand County",5,40,37,24,13
050,46,059,"South Dakota","Hand County",5,41,34,17,17
050,46,059,"South Dakota","Hand County",5,42,40,22,18
050,46,059,"South Dakota","Hand County",5,43,37,21,16
050,46,059,"South Dakota","Hand County",5,44,33,16,17
050,46,059,"South Dakota","Hand County",5,45,36,18,18
050,46,059,"South Dakota","Hand County",5,46,36,20,16
050,46,059,"South Dakota","Hand County",5,47,29,15,14
050,46,059,"South Dakota","Hand County",5,48,23,14,9
050,46,059,"South Dakota","Hand County",5,49,22,11,11
050,46,059,"South Dakota","Hand County",5,50,19,10,9
050,46,059,"South Dakota","Hand County",5,51,23,14,9
050,46,059,"South Dakota","Hand County",5,52,30,13,17
050,46,059,"South Dakota","Hand County",5,53,28,13,15
050,46,059,"South Dakota","Hand County",5,54,33,13,20
050,46,059,"South Dakota","Hand County",5,55,39,16,23
050,46,059,"South Dakota","Hand County",5,56,41,20,21
050,46,059,"South Dakota","Hand County",5,57,37,21,16
050,46,059,"South Dakota","Hand County",5,58,40,22,18
050,46,059,"South Dakota","Hand County",5,59,46,24,22
050,46,059,"South Dakota","Hand County",5,60,52,31,21
050,46,059,"South Dakota","Hand County",5,61,44,24,20
050,46,059,"South Dakota","Hand County",5,62,46,25,21
050,46,059,"South Dakota","Hand County",5,63,52,29,23
050,46,059,"South Dakota","Hand County",5,64,50,30,20
050,46,059,"South Dakota","Hand County",5,65,47,26,21
050,46,059,"South Dakota","Hand County",5,66,53,24,29
050,46,059,"South Dakota","Hand County",5,67,52,23,29
050,46,059,"South Dakota","Hand County",5,68,41,25,16
050,46,059,"South Dakota","Hand County",5,69,44,20,24
050,46,059,"South Dakota","Hand County",5,70,45,23,22
050,46,059,"South Dakota","Hand County",5,71,46,23,23
050,46,059,"South Dakota","Hand County",5,72,38,18,20
050,46,059,"South Dakota","Hand County",5,73,33,12,21
050,46,059,"South Dakota","Hand County",5,74,37,16,21
050,46,059,"South Dakota","Hand County",5,75,28,12,16
050,46,059,"South Dakota","Hand County",5,76,32,19,13
050,46,059,"South Dakota","Hand County",5,77,19,10,9
050,46,059,"South Dakota","Hand County",5,78,19,5,14
050,46,059,"South Dakota","Hand County",5,79,21,7,14
050,46,059,"South Dakota","Hand County",5,80,29,14,15
050,46,059,"South Dakota","Hand County",5,81,27,14,13
050,46,059,"South Dakota","Hand County",5,82,16,7,9
050,46,059,"South Dakota","Hand County",5,83,18,8,10
050,46,059,"South Dakota","Hand County",5,84,17,9,8
050,46,059,"South Dakota","Hand County",5,85,123,47,76
050,46,061,"South Dakota","Hanson County",1,0,55,27,28
050,46,061,"South Dakota","Hanson County",1,1,47,20,27
050,46,061,"South Dakota","Hanson County",1,2,46,21,25
050,46,061,"South Dakota","Hanson County",1,3,53,28,25
050,46,061,"South Dakota","Hanson County",1,4,47,20,27
050,46,061,"South Dakota","Hanson County",1,5,37,18,19
050,46,061,"South Dakota","Hanson County",1,6,48,22,26
050,46,061,"South Dakota","Hanson County",1,7,52,28,24
050,46,061,"South Dakota","Hanson County",1,8,55,32,23
050,46,061,"South Dakota","Hanson County",1,9,49,26,23
050,46,061,"South Dakota","Hanson County",1,10,60,32,28
050,46,061,"South Dakota","Hanson County",1,11,72,35,37
050,46,061,"South Dakota","Hanson County",1,12,57,28,29
050,46,061,"South Dakota","Hanson County",1,13,58,29,29
050,46,061,"South Dakota","Hanson County",1,14,68,31,37
050,46,061,"South Dakota","Hanson County",1,15,66,31,35
050,46,061,"South Dakota","Hanson County",1,16,61,37,24
050,46,061,"South Dakota","Hanson County",1,17,63,36,27
050,46,061,"South Dakota","Hanson County",1,18,45,21,24
050,46,061,"South Dakota","Hanson County",1,19,37,20,17
050,46,061,"South Dakota","Hanson County",1,20,35,21,14
050,46,061,"South Dakota","Hanson County",1,21,35,16,19
050,46,061,"South Dakota","Hanson County",1,22,31,15,16
050,46,061,"South Dakota","Hanson County",1,23,35,17,18
050,46,061,"South Dakota","Hanson County",1,24,30,17,13
050,46,061,"South Dakota","Hanson County",1,25,31,17,14
050,46,061,"South Dakota","Hanson County",1,26,34,18,16
050,46,061,"South Dakota","Hanson County",1,27,38,17,21
050,46,061,"South Dakota","Hanson County",1,28,34,18,16
050,46,061,"South Dakota","Hanson County",1,29,37,19,18
050,46,061,"South Dakota","Hanson County",1,30,33,15,18
050,46,061,"South Dakota","Hanson County",1,31,24,10,14
050,46,061,"South Dakota","Hanson County",1,32,20,9,11
050,46,061,"South Dakota","Hanson County",1,33,28,14,14
050,46,061,"South Dakota","Hanson County",1,34,31,12,19
050,46,061,"South Dakota","Hanson County",1,35,36,14,22
050,46,061,"South Dakota","Hanson County",1,36,37,15,22
050,46,061,"South Dakota","Hanson County",1,37,35,17,18
050,46,061,"South Dakota","Hanson County",1,38,49,23,26
050,46,061,"South Dakota","Hanson County",1,39,54,28,26
050,46,061,"South Dakota","Hanson County",1,40,51,30,21
050,46,061,"South Dakota","Hanson County",1,41,48,30,18
050,46,061,"South Dakota","Hanson County",1,42,42,22,20
050,46,061,"South Dakota","Hanson County",1,43,44,27,17
050,46,061,"South Dakota","Hanson County",1,44,36,20,16
050,46,061,"South Dakota","Hanson County",1,45,42,19,23
050,46,061,"South Dakota","Hanson County",1,46,38,18,20
050,46,061,"South Dakota","Hanson County",1,47,35,19,16
050,46,061,"South Dakota","Hanson County",1,48,43,23,20
050,46,061,"South Dakota","Hanson County",1,49,33,19,14
050,46,061,"South Dakota","Hanson County",1,50,40,22,18
050,46,061,"South Dakota","Hanson County",1,51,40,20,20
050,46,061,"South Dakota","Hanson County",1,52,48,29,19
050,46,061,"South Dakota","Hanson County",1,53,48,22,26
050,46,061,"South Dakota","Hanson County",1,54,46,20,26
050,46,061,"South Dakota","Hanson County",1,55,43,20,23
050,46,061,"South Dakota","Hanson County",1,56,48,26,22
050,46,061,"South Dakota","Hanson County",1,57,36,17,19
050,46,061,"South Dakota","Hanson County",1,58,54,32,22
050,46,061,"South Dakota","Hanson County",1,59,52,24,28
050,46,061,"South Dakota","Hanson County",1,60,49,25,24
050,46,061,"South Dakota","Hanson County",1,61,45,25,20
050,46,061,"South Dakota","Hanson County",1,62,57,28,29
050,46,061,"South Dakota","Hanson County",1,63,50,28,22
050,46,061,"South Dakota","Hanson County",1,64,52,29,23
050,46,061,"South Dakota","Hanson County",1,65,54,33,21
050,46,061,"South Dakota","Hanson County",1,66,63,28,35
050,46,061,"South Dakota","Hanson County",1,67,59,29,30
050,46,061,"South Dakota","Hanson County",1,68,60,33,27
050,46,061,"South Dakota","Hanson County",1,69,47,24,23
050,46,061,"South Dakota","Hanson County",1,70,39,19,20
050,46,061,"South Dakota","Hanson County",1,71,35,19,16
050,46,061,"South Dakota","Hanson County",1,72,30,16,14
050,46,061,"South Dakota","Hanson County",1,73,28,14,14
050,46,061,"South Dakota","Hanson County",1,74,22,11,11
050,46,061,"South Dakota","Hanson County",1,75,16,10,6
050,46,061,"South Dakota","Hanson County",1,76,20,12,8
050,46,061,"South Dakota","Hanson County",1,77,20,13,7
050,46,061,"South Dakota","Hanson County",1,78,16,11,5
050,46,061,"South Dakota","Hanson County",1,79,11,8,3
050,46,061,"South Dakota","Hanson County",1,80,13,8,5
050,46,061,"South Dakota","Hanson County",1,81,8,4,4
050,46,061,"South Dakota","Hanson County",1,82,3,1,2
050,46,061,"South Dakota","Hanson County",1,83,4,2,2
050,46,061,"South Dakota","Hanson County",1,84,2,0,2
050,46,061,"South Dakota","Hanson County",1,85,28,10,18
050,46,061,"South Dakota","Hanson County",2,0,52,24,28
050,46,061,"South Dakota","Hanson County",2,1,47,21,26
050,46,061,"South Dakota","Hanson County",2,2,46,20,26
050,46,061,"South Dakota","Hanson County",2,3,51,27,24
050,46,061,"South Dakota","Hanson County",2,4,47,21,26
050,46,061,"South Dakota","Hanson County",2,5,40,19,21
050,46,061,"South Dakota","Hanson County",2,6,43,20,23
050,46,061,"South Dakota","Hanson County",2,7,50,26,24
050,46,061,"South Dakota","Hanson County",2,8,54,31,23
050,46,061,"South Dakota","Hanson County",2,9,51,28,23
050,46,061,"South Dakota","Hanson County",2,10,60,32,28
050,46,061,"South Dakota","Hanson County",2,11,69,34,35
050,46,061,"South Dakota","Hanson County",2,12,61,30,31
050,46,061,"South Dakota","Hanson County",2,13,57,29,28
050,46,061,"South Dakota","Hanson County",2,14,66,30,36
050,46,061,"South Dakota","Hanson County",2,15,66,31,35
050,46,061,"South Dakota","Hanson County",2,16,63,36,27
050,46,061,"South Dakota","Hanson County",2,17,62,36,26
050,46,061,"South Dakota","Hanson County",2,18,47,24,23
050,46,061,"South Dakota","Hanson County",2,19,34,18,16
050,46,061,"South Dakota","Hanson County",2,20,36,21,15
050,46,061,"South Dakota","Hanson County",2,21,34,16,18
050,46,061,"South Dakota","Hanson County",2,22,33,16,17
050,46,061,"South Dakota","Hanson County",2,23,34,17,17
050,46,061,"South Dakota","Hanson County",2,24,30,17,13
050,46,061,"South Dakota","Hanson County",2,25,31,17,14
050,46,061,"South Dakota","Hanson County",2,26,33,18,15
050,46,061,"South Dakota","Hanson County",2,27,36,16,20
050,46,061,"South Dakota","Hanson County",2,28,35,18,17
050,46,061,"South Dakota","Hanson County",2,29,37,19,18
050,46,061,"South Dakota","Hanson County",2,30,34,16,18
050,46,061,"South Dakota","Hanson County",2,31,25,11,14
050,46,061,"South Dakota","Hanson County",2,32,22,10,12
050,46,061,"South Dakota","Hanson County",2,33,27,13,14
050,46,061,"South Dakota","Hanson County",2,34,30,12,18
050,46,061,"South Dakota","Hanson County",2,35,36,14,22
050,46,061,"South Dakota","Hanson County",2,36,35,14,21
050,46,061,"South Dakota","Hanson County",2,37,36,17,19
050,46,061,"South Dakota","Hanson County",2,38,47,22,25
050,46,061,"South Dakota","Hanson County",2,39,53,27,26
050,46,061,"South Dakota","Hanson County",2,40,53,31,22
050,46,061,"South Dakota","Hanson County",2,41,49,30,19
050,46,061,"South Dakota","Hanson County",2,42,43,24,19
050,46,061,"South Dakota","Hanson County",2,43,45,27,18
050,46,061,"South Dakota","Hanson County",2,44,36,20,16
050,46,061,"South Dakota","Hanson County",2,45,42,20,22
050,46,061,"South Dakota","Hanson County",2,46,38,18,20
050,46,061,"South Dakota","Hanson County",2,47,35,19,16
050,46,061,"South Dakota","Hanson County",2,48,41,22,19
050,46,061,"South Dakota","Hanson County",2,49,35,20,15
050,46,061,"South Dakota","Hanson County",2,50,39,22,17
050,46,061,"South Dakota","Hanson County",2,51,41,21,20
050,46,061,"South Dakota","Hanson County",2,52,45,27,18
050,46,061,"South Dakota","Hanson County",2,53,47,22,25
050,46,061,"South Dakota","Hanson County",2,54,47,21,26
050,46,061,"South Dakota","Hanson County",2,55,44,20,24
050,46,061,"South Dakota","Hanson County",2,56,47,24,23
050,46,061,"South Dakota","Hanson County",2,57,41,21,20
050,46,061,"South Dakota","Hanson County",2,58,52,30,22
050,46,061,"South Dakota","Hanson County",2,59,54,27,27
050,46,061,"South Dakota","Hanson County",2,60,49,24,25
050,46,061,"South Dakota","Hanson County",2,61,47,26,21
050,46,061,"South Dakota","Hanson County",2,62,56,28,28
050,46,061,"South Dakota","Hanson County",2,63,52,28,24
050,46,061,"South Dakota","Hanson County",2,64,54,30,24
050,46,061,"South Dakota","Hanson County",2,65,54,32,22
050,46,061,"South Dakota","Hanson County",2,66,61,29,32
050,46,061,"South Dakota","Hanson County",2,67,58,28,30
050,46,061,"South Dakota","Hanson County",2,68,59,32,27
050,46,061,"South Dakota","Hanson County",2,69,49,25,24
050,46,061,"South Dakota","Hanson County",2,70,41,20,21
050,46,061,"South Dakota","Hanson County",2,71,36,19,17
050,46,061,"South Dakota","Hanson County",2,72,29,16,13
050,46,061,"South Dakota","Hanson County",2,73,31,16,15
050,46,061,"South Dakota","Hanson County",2,74,22,11,11
050,46,061,"South Dakota","Hanson County",2,75,17,10,7
050,46,061,"South Dakota","Hanson County",2,76,18,11,7
050,46,061,"South Dakota","Hanson County",2,77,21,14,7
050,46,061,"South Dakota","Hanson County",2,78,14,12,2
050,46,061,"South Dakota","Hanson County",2,79,13,9,4
050,46,061,"South Dakota","Hanson County",2,80,13,8,5
050,46,061,"South Dakota","Hanson County",2,81,8,4,4
050,46,061,"South Dakota","Hanson County",2,82,4,2,2
050,46,061,"South Dakota","Hanson County",2,83,4,2,2
050,46,061,"South Dakota","Hanson County",2,84,0,0,0
050,46,061,"South Dakota","Hanson County",2,85,29,11,18
050,46,061,"South Dakota","Hanson County",3,0,51,26,25
050,46,061,"South Dakota","Hanson County",3,1,53,27,26
050,46,061,"South Dakota","Hanson County",3,2,47,19,28
050,46,061,"South Dakota","Hanson County",3,3,48,21,27
050,46,061,"South Dakota","Hanson County",3,4,46,25,21
050,46,061,"South Dakota","Hanson County",3,5,49,23,26
050,46,061,"South Dakota","Hanson County",3,6,38,19,19
050,46,061,"South Dakota","Hanson County",3,7,47,22,25
050,46,061,"South Dakota","Hanson County",3,8,51,29,22
050,46,061,"South Dakota","Hanson County",3,9,55,33,22
050,46,061,"South Dakota","Hanson County",3,10,59,31,28
050,46,061,"South Dakota","Hanson County",3,11,59,30,29
050,46,061,"South Dakota","Hanson County",3,12,72,35,37
050,46,061,"South Dakota","Hanson County",3,13,61,30,31
050,46,061,"South Dakota","Hanson County",3,14,60,28,32
050,46,061,"South Dakota","Hanson County",3,15,65,30,35
050,46,061,"South Dakota","Hanson County",3,16,70,32,38
050,46,061,"South Dakota","Hanson County",3,17,62,34,28
050,46,061,"South Dakota","Hanson County",3,18,54,30,24
050,46,061,"South Dakota","Hanson County",3,19,33,18,15
050,46,061,"South Dakota","Hanson County",3,20,36,20,16
050,46,061,"South Dakota","Hanson County",3,21,40,21,19
050,46,061,"South Dakota","Hanson County",3,22,34,20,14
050,46,061,"South Dakota","Hanson County",3,23,28,13,15
050,46,061,"South Dakota","Hanson County",3,24,31,15,16
050,46,061,"South Dakota","Hanson County",3,25,26,14,12
050,46,061,"South Dakota","Hanson County",3,26,36,22,14
050,46,061,"South Dakota","Hanson County",3,27,27,14,13
050,46,061,"South Dakota","Hanson County",3,28,33,12,21
050,46,061,"South Dakota","Hanson County",3,29,37,20,17
050,46,061,"South Dakota","Hanson County",3,30,39,22,17
050,46,061,"South Dakota","Hanson County",3,31,33,17,16
050,46,061,"South Dakota","Hanson County",3,32,26,13,13
050,46,061,"South Dakota","Hanson County",3,33,24,10,14
050,46,061,"South Dakota","Hanson County",3,34,25,12,13
050,46,061,"South Dakota","Hanson County",3,35,35,15,20
050,46,061,"South Dakota","Hanson County",3,36,36,14,22
050,46,061,"South Dakota","Hanson County",3,37,37,15,22
050,46,061,"South Dakota","Hanson County",3,38,42,19,23
050,46,061,"South Dakota","Hanson County",3,39,49,22,27
050,46,061,"South Dakota","Hanson County",3,40,56,29,27
050,46,061,"South Dakota","Hanson County",3,41,53,30,23
050,46,061,"South Dakota","Hanson County",3,42,44,27,17
050,46,061,"South Dakota","Hanson County",3,43,48,27,21
050,46,061,"South Dakota","Hanson County",3,44,43,24,19
050,46,061,"South Dakota","Hanson County",3,45,36,19,17
050,46,061,"South Dakota","Hanson County",3,46,46,22,24
050,46,061,"South Dakota","Hanson County",3,47,35,18,17
050,46,061,"South Dakota","Hanson County",3,48,36,18,18
050,46,061,"South Dakota","Hanson County",3,49,39,21,18
050,46,061,"South Dakota","Hanson County",3,50,40,24,16
050,46,061,"South Dakota","Hanson County",3,51,41,21,20
050,46,061,"South Dakota","Hanson County",3,52,43,22,21
050,46,061,"South Dakota","Hanson County",3,53,44,26,18
050,46,061,"South Dakota","Hanson County",3,54,53,25,28
050,46,061,"South Dakota","Hanson County",3,55,48,22,26
050,46,061,"South Dakota","Hanson County",3,56,47,21,26
050,46,061,"South Dakota","Hanson County",3,57,54,30,24
050,46,061,"South Dakota","Hanson County",3,58,48,24,24
050,46,061,"South Dakota","Hanson County",3,59,51,30,21
050,46,061,"South Dakota","Hanson County",3,60,53,26,27
050,46,061,"South Dakota","Hanson County",3,61,54,28,26
050,46,061,"South Dakota","Hanson County",3,62,47,28,19
050,46,061,"South Dakota","Hanson County",3,63,66,35,31
050,46,061,"South Dakota","Hanson County",3,64,63,31,32
050,46,061,"South Dakota","Hanson County",3,65,51,29,22
050,46,061,"South Dakota","Hanson County",3,66,58,34,24
050,46,061,"South Dakota","Hanson County",3,67,57,29,28
050,46,061,"South Dakota","Hanson County",3,68,54,27,27
050,46,061,"South Dakota","Hanson County",3,69,55,31,24
050,46,061,"South Dakota","Hanson County",3,70,43,22,21
050,46,061,"South Dakota","Hanson County",3,71,36,17,19
050,46,061,"South Dakota","Hanson County",3,72,30,15,15
050,46,061,"South Dakota","Hanson County",3,73,25,13,12
050,46,061,"South Dakota","Hanson County",3,74,26,13,13
050,46,061,"South Dakota","Hanson County",3,75,19,11,8
050,46,061,"South Dakota","Hanson County",3,76,15,9,6
050,46,061,"South Dakota","Hanson County",3,77,16,11,5
050,46,061,"South Dakota","Hanson County",3,78,17,10,7
050,46,061,"South Dakota","Hanson County",3,79,11,9,2
050,46,061,"South Dakota","Hanson County",3,80,11,8,3
050,46,061,"South Dakota","Hanson County",3,81,9,6,3
050,46,061,"South Dakota","Hanson County",3,82,6,3,3
050,46,061,"South Dakota","Hanson County",3,83,3,1,2
050,46,061,"South Dakota","Hanson County",3,84,4,2,2
050,46,061,"South Dakota","Hanson County",3,85,22,7,15
050,46,061,"South Dakota","Hanson County",4,0,49,20,29
050,46,061,"South Dakota","Hanson County",4,1,53,28,25
050,46,061,"South Dakota","Hanson County",4,2,52,26,26
050,46,061,"South Dakota","Hanson County",4,3,47,19,28
050,46,061,"South Dakota","Hanson County",4,4,46,21,25
050,46,061,"South Dakota","Hanson County",4,5,49,25,24
050,46,061,"South Dakota","Hanson County",4,6,49,23,26
050,46,061,"South Dakota","Hanson County",4,7,43,21,22
050,46,061,"South Dakota","Hanson County",4,8,51,25,26
050,46,061,"South Dakota","Hanson County",4,9,51,31,20
050,46,061,"South Dakota","Hanson County",4,10,57,32,25
050,46,061,"South Dakota","Hanson County",4,11,49,24,25
050,46,061,"South Dakota","Hanson County",4,12,59,29,30
050,46,061,"South Dakota","Hanson County",4,13,68,32,36
050,46,061,"South Dakota","Hanson County",4,14,62,27,35
050,46,061,"South Dakota","Hanson County",4,15,58,30,28
050,46,061,"South Dakota","Hanson County",4,16,64,30,34
050,46,061,"South Dakota","Hanson County",4,17,69,32,37
050,46,061,"South Dakota","Hanson County",4,18,53,27,26
050,46,061,"South Dakota","Hanson County",4,19,36,19,17
050,46,061,"South Dakota","Hanson County",4,20,38,22,16
050,46,061,"South Dakota","Hanson County",4,21,34,19,15
050,46,061,"South Dakota","Hanson County",4,22,44,24,20
050,46,061,"South Dakota","Hanson County",4,23,33,18,15
050,46,061,"South Dakota","Hanson County",4,24,34,15,19
050,46,061,"South Dakota","Hanson County",4,25,27,11,16
050,46,061,"South Dakota","Hanson County",4,26,28,15,13
050,46,061,"South Dakota","Hanson County",4,27,38,20,18
050,46,061,"South Dakota","Hanson County",4,28,28,14,14
050,46,061,"South Dakota","Hanson County",4,29,35,12,23
050,46,061,"South Dakota","Hanson County",4,30,37,19,18
050,46,061,"South Dakota","Hanson County",4,31,36,20,16
050,46,061,"South Dakota","Hanson County",4,32,40,21,19
050,46,061,"South Dakota","Hanson County",4,33,29,16,13
050,46,061,"South Dakota","Hanson County",4,34,25,12,13
050,46,061,"South Dakota","Hanson County",4,35,29,15,14
050,46,061,"South Dakota","Hanson County",4,36,34,14,20
050,46,061,"South Dakota","Hanson County",4,37,42,19,23
050,46,061,"South Dakota","Hanson County",4,38,37,13,24
050,46,061,"South Dakota","Hanson County",4,39,38,18,20
050,46,061,"South Dakota","Hanson County",4,40,48,23,25
050,46,061,"South Dakota","Hanson County",4,41,55,29,26
050,46,061,"South Dakota","Hanson County",4,42,51,28,23
050,46,061,"South Dakota","Hanson County",4,43,45,27,18
050,46,061,"South Dakota","Hanson County",4,44,45,26,19
050,46,061,"South Dakota","Hanson County",4,45,45,25,20
050,46,061,"South Dakota","Hanson County",4,46,36,18,18
050,46,061,"South Dakota","Hanson County",4,47,41,22,19
050,46,061,"South Dakota","Hanson County",4,48,38,20,18
050,46,061,"South Dakota","Hanson County",4,49,34,18,16
050,46,061,"South Dakota","Hanson County",4,50,42,23,19
050,46,061,"South Dakota","Hanson County",4,51,41,23,18
050,46,061,"South Dakota","Hanson County",4,52,41,21,20
050,46,061,"South Dakota","Hanson County",4,53,39,20,19
050,46,061,"South Dakota","Hanson County",4,54,42,26,16
050,46,061,"South Dakota","Hanson County",4,55,52,25,27
050,46,061,"South Dakota","Hanson County",4,56,46,21,25
050,46,061,"South Dakota","Hanson County",4,57,41,18,23
050,46,061,"South Dakota","Hanson County",4,58,58,30,28
050,46,061,"South Dakota","Hanson County",4,59,44,23,21
050,46,061,"South Dakota","Hanson County",4,60,47,28,19
050,46,061,"South Dakota","Hanson County",4,61,50,26,24
050,46,061,"South Dakota","Hanson County",4,62,54,28,26
050,46,061,"South Dakota","Hanson County",4,63,56,31,25
050,46,061,"South Dakota","Hanson County",4,64,72,36,36
050,46,061,"South Dakota","Hanson County",4,65,56,31,25
050,46,061,"South Dakota","Hanson County",4,66,58,33,25
050,46,061,"South Dakota","Hanson County",4,67,49,31,18
050,46,061,"South Dakota","Hanson County",4,68,54,29,25
050,46,061,"South Dakota","Hanson County",4,69,52,24,28
050,46,061,"South Dakota","Hanson County",4,70,49,28,21
050,46,061,"South Dakota","Hanson County",4,71,36,18,18
050,46,061,"South Dakota","Hanson County",4,72,33,15,18
050,46,061,"South Dakota","Hanson County",4,73,28,15,13
050,46,061,"South Dakota","Hanson County",4,74,24,14,10
050,46,061,"South Dakota","Hanson County",4,75,25,13,12
050,46,061,"South Dakota","Hanson County",4,76,17,10,7
050,46,061,"South Dakota","Hanson County",4,77,11,7,4
050,46,061,"South Dakota","Hanson County",4,78,13,8,5
050,46,061,"South Dakota","Hanson County",4,79,15,8,7
050,46,061,"South Dakota","Hanson County",4,80,10,9,1
050,46,061,"South Dakota","Hanson County",4,81,7,4,3
050,46,061,"South Dakota","Hanson County",4,82,7,4,3
050,46,061,"South Dakota","Hanson County",4,83,4,2,2
050,46,061,"South Dakota","Hanson County",4,84,3,1,2
050,46,061,"South Dakota","Hanson County",4,85,14,4,10
050,46,061,"South Dakota","Hanson County",5,0,47,20,27
050,46,061,"South Dakota","Hanson County",5,1,49,22,27
050,46,061,"South Dakota","Hanson County",5,2,57,30,27
050,46,061,"South Dakota","Hanson County",5,3,53,29,24
050,46,061,"South Dakota","Hanson County",5,4,43,17,26
050,46,061,"South Dakota","Hanson County",5,5,51,24,27
050,46,061,"South Dakota","Hanson County",5,6,44,24,20
050,46,061,"South Dakota","Hanson County",5,7,51,22,29
050,46,061,"South Dakota","Hanson County",5,8,43,21,22
050,46,061,"South Dakota","Hanson County",5,9,53,28,25
050,46,061,"South Dakota","Hanson County",5,10,57,33,24
050,46,061,"South Dakota","Hanson County",5,11,53,28,25
050,46,061,"South Dakota","Hanson County",5,12,53,28,25
050,46,061,"South Dakota","Hanson County",5,13,56,29,27
050,46,061,"South Dakota","Hanson County",5,14,72,32,40
050,46,061,"South Dakota","Hanson County",5,15,61,26,35
050,46,061,"South Dakota","Hanson County",5,16,62,33,29
050,46,061,"South Dakota","Hanson County",5,17,60,28,32
050,46,061,"South Dakota","Hanson County",5,18,55,24,31
050,46,061,"South Dakota","Hanson County",5,19,37,20,17
050,46,061,"South Dakota","Hanson County",5,20,42,24,18
050,46,061,"South Dakota","Hanson County",5,21,34,19,15
050,46,061,"South Dakota","Hanson County",5,22,40,22,18
050,46,061,"South Dakota","Hanson County",5,23,40,25,15
050,46,061,"South Dakota","Hanson County",5,24,36,15,21
050,46,061,"South Dakota","Hanson County",5,25,34,16,18
050,46,061,"South Dakota","Hanson County",5,26,23,10,13
050,46,061,"South Dakota","Hanson County",5,27,33,15,18
050,46,061,"South Dakota","Hanson County",5,28,37,20,17
050,46,061,"South Dakota","Hanson County",5,29,30,16,14
050,46,061,"South Dakota","Hanson County",5,30,37,14,23
050,46,061,"South Dakota","Hanson County",5,31,37,22,15
050,46,061,"South Dakota","Hanson County",5,32,35,20,15
050,46,061,"South Dakota","Hanson County",5,33,40,20,20
050,46,061,"South Dakota","Hanson County",5,34,27,15,12
050,46,061,"South Dakota","Hanson County",5,35,25,14,11
050,46,061,"South Dakota","Hanson County",5,36,29,14,15
050,46,061,"South Dakota","Hanson County",5,37,41,21,20
050,46,061,"South Dakota","Hanson County",5,38,49,21,28
050,46,061,"South Dakota","Hanson County",5,39,41,14,27
050,46,061,"South Dakota","Hanson County",5,40,45,22,23
050,46,061,"South Dakota","Hanson County",5,41,47,25,22
050,46,061,"South Dakota","Hanson County",5,42,51,26,25
050,46,061,"South Dakota","Hanson County",5,43,51,29,22
050,46,061,"South Dakota","Hanson County",5,44,42,26,16
050,46,061,"South Dakota","Hanson County",5,45,48,25,23
050,46,061,"South Dakota","Hanson County",5,46,46,24,22
050,46,061,"South Dakota","Hanson County",5,47,34,18,16
050,46,061,"South Dakota","Hanson County",5,48,42,22,20
050,46,061,"South Dakota","Hanson County",5,49,35,19,16
050,46,061,"South Dakota","Hanson County",5,50,38,23,15
050,46,061,"South Dakota","Hanson County",5,51,41,23,18
050,46,061,"South Dakota","Hanson County",5,52,46,27,19
050,46,061,"South Dakota","Hanson County",5,53,39,19,20
050,46,061,"South Dakota","Hanson County",5,54,38,20,18
050,46,061,"South Dakota","Hanson County",5,55,42,26,16
050,46,061,"South Dakota","Hanson County",5,56,51,24,27
050,46,061,"South Dakota","Hanson County",5,57,41,18,23
050,46,061,"South Dakota","Hanson County",5,58,41,17,24
050,46,061,"South Dakota","Hanson County",5,59,55,27,28
050,46,061,"South Dakota","Hanson County",5,60,43,23,20
050,46,061,"South Dakota","Hanson County",5,61,48,31,17
050,46,061,"South Dakota","Hanson County",5,62,50,26,24
050,46,061,"South Dakota","Hanson County",5,63,53,27,26
050,46,061,"South Dakota","Hanson County",5,64,56,30,26
050,46,061,"South Dakota","Hanson County",5,65,67,35,32
050,46,061,"South Dakota","Hanson County",5,66,62,35,27
050,46,061,"South Dakota","Hanson County",5,67,57,35,22
050,46,061,"South Dakota","Hanson County",5,68,45,29,16
050,46,061,"South Dakota","Hanson County",5,69,51,27,24
050,46,061,"South Dakota","Hanson County",5,70,46,20,26
050,46,061,"South Dakota","Hanson County",5,71,42,23,19
050,46,061,"South Dakota","Hanson County",5,72,33,18,15
050,46,061,"South Dakota","Hanson County",5,73,29,13,16
050,46,061,"South Dakota","Hanson County",5,74,26,14,12
050,46,061,"South Dakota","Hanson County",5,75,22,13,9
050,46,061,"South Dakota","Hanson County",5,76,22,12,10
050,46,061,"South Dakota","Hanson County",5,77,14,9,5
050,46,061,"South Dakota","Hanson County",5,78,9,5,4
050,46,061,"South Dakota","Hanson County",5,79,10,6,4
050,46,061,"South Dakota","Hanson County",5,80,15,8,7
050,46,061,"South Dakota","Hanson County",5,81,8,6,2
050,46,061,"South Dakota","Hanson County",5,82,5,3,2
050,46,061,"South Dakota","Hanson County",5,83,4,3,1
050,46,061,"South Dakota","Hanson County",5,84,4,2,2
050,46,061,"South Dakota","Hanson County",5,85,10,1,9
050,46,063,"South Dakota","Harding County",1,0,17,9,8
050,46,063,"South Dakota","Harding County",1,1,19,11,8
050,46,063,"South Dakota","Harding County",1,2,16,9,7
050,46,063,"South Dakota","Harding County",1,3,15,10,5
050,46,063,"South Dakota","Harding County",1,4,23,12,11
050,46,063,"South Dakota","Harding County",1,5,17,9,8
050,46,063,"South Dakota","Harding County",1,6,14,7,7
050,46,063,"South Dakota","Harding County",1,7,15,5,10
050,46,063,"South Dakota","Harding County",1,8,15,5,10
050,46,063,"South Dakota","Harding County",1,9,17,8,9
050,46,063,"South Dakota","Harding County",1,10,19,8,11
050,46,063,"South Dakota","Harding County",1,11,19,9,10
050,46,063,"South Dakota","Harding County",1,12,17,8,9
050,46,063,"South Dakota","Harding County",1,13,14,5,9
050,46,063,"South Dakota","Harding County",1,14,13,5,8
050,46,063,"South Dakota","Harding County",1,15,12,6,6
050,46,063,"South Dakota","Harding County",1,16,11,6,5
050,46,063,"South Dakota","Harding County",1,17,13,6,7
050,46,063,"South Dakota","Harding County",1,18,13,9,4
050,46,063,"South Dakota","Harding County",1,19,16,8,8
050,46,063,"South Dakota","Harding County",1,20,12,6,6
050,46,063,"South Dakota","Harding County",1,21,17,9,8
050,46,063,"South Dakota","Harding County",1,22,12,6,6
050,46,063,"South Dakota","Harding County",1,23,14,6,8
050,46,063,"South Dakota","Harding County",1,24,13,5,8
050,46,063,"South Dakota","Harding County",1,25,14,8,6
050,46,063,"South Dakota","Harding County",1,26,14,6,8
050,46,063,"South Dakota","Harding County",1,27,14,7,7
050,46,063,"South Dakota","Harding County",1,28,13,9,4
050,46,063,"South Dakota","Harding County",1,29,16,9,7
050,46,063,"South Dakota","Harding County",1,30,17,10,7
050,46,063,"South Dakota","Harding County",1,31,21,15,6
050,46,063,"South Dakota","Harding County",1,32,14,10,4
050,46,063,"South Dakota","Harding County",1,33,23,15,8
050,46,063,"South Dakota","Harding County",1,34,18,13,5
050,46,063,"South Dakota","Harding County",1,35,14,9,5
050,46,063,"South Dakota","Harding County",1,36,21,11,10
050,46,063,"South Dakota","Harding County",1,37,19,10,9
050,46,063,"South Dakota","Harding County",1,38,14,7,7
050,46,063,"South Dakota","Harding County",1,39,9,5,4
050,46,063,"South Dakota","Harding County",1,40,15,7,8
050,46,063,"South Dakota","Harding County",1,41,13,4,9
050,46,063,"South Dakota","Harding County",1,42,13,7,6
050,46,063,"South Dakota","Harding County",1,43,13,9,4
050,46,063,"South Dakota","Harding County",1,44,12,7,5
050,46,063,"South Dakota","Harding County",1,45,14,8,6
050,46,063,"South Dakota","Harding County",1,46,16,6,10
050,46,063,"South Dakota","Harding County",1,47,16,8,8
050,46,063,"South Dakota","Harding County",1,48,14,6,8
050,46,063,"South Dakota","Harding County",1,49,19,12,7
050,46,063,"South Dakota","Harding County",1,50,15,9,6
050,46,063,"South Dakota","Harding County",1,51,15,10,5
050,46,063,"South Dakota","Harding County",1,52,10,4,6
050,46,063,"South Dakota","Harding County",1,53,11,6,5
050,46,063,"South Dakota","Harding County",1,54,16,11,5
050,46,063,"South Dakota","Harding County",1,55,15,8,7
050,46,063,"South Dakota","Harding County",1,56,17,7,10
050,46,063,"South Dakota","Harding County",1,57,21,10,11
050,46,063,"South Dakota","Harding County",1,58,24,13,11
050,46,063,"South Dakota","Harding County",1,59,20,11,9
050,46,063,"South Dakota","Harding County",1,60,26,13,13
050,46,063,"South Dakota","Harding County",1,61,24,16,8
050,46,063,"South Dakota","Harding County",1,62,19,11,8
050,46,063,"South Dakota","Harding County",1,63,17,8,9
050,46,063,"South Dakota","Harding County",1,64,24,14,10
050,46,063,"South Dakota","Harding County",1,65,29,14,15
050,46,063,"South Dakota","Harding County",1,66,26,12,14
050,46,063,"South Dakota","Harding County",1,67,23,13,10
050,46,063,"South Dakota","Harding County",1,68,10,5,5
050,46,063,"South Dakota","Harding County",1,69,15,8,7
050,46,063,"South Dakota","Harding County",1,70,19,10,9
050,46,063,"South Dakota","Harding County",1,71,13,5,8
050,46,063,"South Dakota","Harding County",1,72,13,7,6
050,46,063,"South Dakota","Harding County",1,73,11,6,5
050,46,063,"South Dakota","Harding County",1,74,8,6,2
050,46,063,"South Dakota","Harding County",1,75,8,4,4
050,46,063,"South Dakota","Harding County",1,76,9,5,4
050,46,063,"South Dakota","Harding County",1,77,8,5,3
050,46,063,"South Dakota","Harding County",1,78,6,4,2
050,46,063,"South Dakota","Harding County",1,79,5,2,3
050,46,063,"South Dakota","Harding County",1,80,9,3,6
050,46,063,"South Dakota","Harding County",1,81,4,2,2
050,46,063,"South Dakota","Harding County",1,82,5,4,1
050,46,063,"South Dakota","Harding County",1,83,6,3,3
050,46,063,"South Dakota","Harding County",1,84,3,0,3
050,46,063,"South Dakota","Harding County",1,85,37,15,22
050,46,063,"South Dakota","Harding County",2,0,16,9,7
050,46,063,"South Dakota","Harding County",2,1,19,11,8
050,46,063,"South Dakota","Harding County",2,2,17,10,7
050,46,063,"South Dakota","Harding County",2,3,15,9,6
050,46,063,"South Dakota","Harding County",2,4,21,12,9
050,46,063,"South Dakota","Harding County",2,5,18,9,9
050,46,063,"South Dakota","Harding County",2,6,14,7,7
050,46,063,"South Dakota","Harding County",2,7,14,5,9
050,46,063,"South Dakota","Harding County",2,8,15,5,10
050,46,063,"South Dakota","Harding County",2,9,17,8,9
050,46,063,"South Dakota","Harding County",2,10,19,8,11
050,46,063,"South Dakota","Harding County",2,11,19,9,10
050,46,063,"South Dakota","Harding County",2,12,18,8,10
050,46,063,"South Dakota","Harding County",2,13,15,6,9
050,46,063,"South Dakota","Harding County",2,14,13,5,8
050,46,063,"South Dakota","Harding County",2,15,12,6,6
050,46,063,"South Dakota","Harding County",2,16,11,6,5
050,46,063,"South Dakota","Harding County",2,17,12,6,6
050,46,063,"South Dakota","Harding County",2,18,13,8,5
050,46,063,"South Dakota","Harding County",2,19,15,8,7
050,46,063,"South Dakota","Harding County",2,20,13,7,6
050,46,063,"South Dakota","Harding County",2,21,17,9,8
050,46,063,"South Dakota","Harding County",2,22,13,6,7
050,46,063,"South Dakota","Harding County",2,23,13,6,7
050,46,063,"South Dakota","Harding County",2,24,14,5,9
050,46,063,"South Dakota","Harding County",2,25,13,7,6
050,46,063,"South Dakota","Harding County",2,26,14,6,8
050,46,063,"South Dakota","Harding County",2,27,14,7,7
050,46,063,"South Dakota","Harding County",2,28,14,9,5
050,46,063,"South Dakota","Harding County",2,29,15,9,6
050,46,063,"South Dakota","Harding County",2,30,18,11,7
050,46,063,"South Dakota","Harding County",2,31,20,14,6
050,46,063,"South Dakota","Harding County",2,32,16,12,4
050,46,063,"South Dakota","Harding County",2,33,21,14,7
050,46,063,"South Dakota","Harding County",2,34,20,14,6
050,46,063,"South Dakota","Harding County",2,35,15,10,5
050,46,063,"South Dakota","Harding County",2,36,19,10,9
050,46,063,"South Dakota","Harding County",2,37,19,10,9
050,46,063,"South Dakota","Harding County",2,38,15,8,7
050,46,063,"South Dakota","Harding County",2,39,9,5,4
050,46,063,"South Dakota","Harding County",2,40,14,7,7
050,46,063,"South Dakota","Harding County",2,41,14,5,9
050,46,063,"South Dakota","Harding County",2,42,13,6,7
050,46,063,"South Dakota","Harding County",2,43,13,9,4
050,46,063,"South Dakota","Harding County",2,44,13,8,5
050,46,063,"South Dakota","Harding County",2,45,14,8,6
050,46,063,"South Dakota","Harding County",2,46,15,6,9
050,46,063,"South Dakota","Harding County",2,47,16,8,8
050,46,063,"South Dakota","Harding County",2,48,14,6,8
050,46,063,"South Dakota","Harding County",2,49,19,11,8
050,46,063,"South Dakota","Harding County",2,50,16,10,6
050,46,063,"South Dakota","Harding County",2,51,14,9,5
050,46,063,"South Dakota","Harding County",2,52,11,5,6
050,46,063,"South Dakota","Harding County",2,53,10,5,5
050,46,063,"South Dakota","Harding County",2,54,15,10,5
050,46,063,"South Dakota","Harding County",2,55,14,8,6
050,46,063,"South Dakota","Harding County",2,56,17,7,10
050,46,063,"South Dakota","Harding County",2,57,20,10,10
050,46,063,"South Dakota","Harding County",2,58,22,11,11
050,46,063,"South Dakota","Harding County",2,59,22,12,10
050,46,063,"South Dakota","Harding County",2,60,24,12,12
050,46,063,"South Dakota","Harding County",2,61,23,14,9
050,46,063,"South Dakota","Harding County",2,62,20,12,8
050,46,063,"South Dakota","Harding County",2,63,18,9,9
050,46,063,"South Dakota","Harding County",2,64,22,12,10
050,46,063,"South Dakota","Harding County",2,65,28,14,14
050,46,063,"South Dakota","Harding County",2,66,25,12,13
050,46,063,"South Dakota","Harding County",2,67,24,13,11
050,46,063,"South Dakota","Harding County",2,68,13,7,6
050,46,063,"South Dakota","Harding County",2,69,13,7,6
050,46,063,"South Dakota","Harding County",2,70,18,10,8
050,46,063,"South Dakota","Harding County",2,71,15,6,9
050,46,063,"South Dakota","Harding County",2,72,13,7,6
050,46,063,"South Dakota","Harding County",2,73,11,6,5
050,46,063,"South Dakota","Harding County",2,74,9,6,3
050,46,063,"South Dakota","Harding County",2,75,9,5,4
050,46,063,"South Dakota","Harding County",2,76,9,5,4
050,46,063,"South Dakota","Harding County",2,77,9,5,4
050,46,063,"South Dakota","Harding County",2,78,5,3,2
050,46,063,"South Dakota","Harding County",2,79,5,2,3
050,46,063,"South Dakota","Harding County",2,80,8,3,5
050,46,063,"South Dakota","Harding County",2,81,5,2,3
050,46,063,"South Dakota","Harding County",2,82,5,4,1
050,46,063,"South Dakota","Harding County",2,83,5,3,2
050,46,063,"South Dakota","Harding County",2,84,4,1,3
050,46,063,"South Dakota","Harding County",2,85,37,15,22
050,46,063,"South Dakota","Harding County",3,0,19,11,8
050,46,063,"South Dakota","Harding County",3,1,19,12,7
050,46,063,"South Dakota","Harding County",3,2,20,11,9
050,46,063,"South Dakota","Harding County",3,3,19,12,7
050,46,063,"South Dakota","Harding County",3,4,18,9,9
050,46,063,"South Dakota","Harding County",3,5,20,11,9
050,46,063,"South Dakota","Harding County",3,6,23,11,12
050,46,063,"South Dakota","Harding County",3,7,14,7,7
050,46,063,"South Dakota","Harding County",3,8,14,5,9
050,46,063,"South Dakota","Harding County",3,9,15,7,8
050,46,063,"South Dakota","Harding County",3,10,14,7,7
050,46,063,"South Dakota","Harding County",3,11,19,8,11
050,46,063,"South Dakota","Harding County",3,12,20,10,10
050,46,063,"South Dakota","Harding County",3,13,19,9,10
050,46,063,"South Dakota","Harding County",3,14,14,5,9
050,46,063,"South Dakota","Harding County",3,15,12,5,7
050,46,063,"South Dakota","Harding County",3,16,12,6,6
050,46,063,"South Dakota","Harding County",3,17,9,4,5
050,46,063,"South Dakota","Harding County",3,18,9,5,4
050,46,063,"South Dakota","Harding County",3,19,11,7,4
050,46,063,"South Dakota","Harding County",3,20,16,9,7
050,46,063,"South Dakota","Harding County",3,21,11,4,7
050,46,063,"South Dakota","Harding County",3,22,18,9,9
050,46,063,"South Dakota","Harding County",3,23,12,6,6
050,46,063,"South Dakota","Harding County",3,24,14,5,9
050,46,063,"South Dakota","Harding County",3,25,15,5,10
050,46,063,"South Dakota","Harding County",3,26,12,7,5
050,46,063,"South Dakota","Harding County",3,27,14,6,8
050,46,063,"South Dakota","Harding County",3,28,15,7,8
050,46,063,"South Dakota","Harding County",3,29,14,9,5
050,46,063,"South Dakota","Harding County",3,30,15,10,5
050,46,063,"South Dakota","Harding County",3,31,18,11,7
050,46,063,"South Dakota","Harding County",3,32,19,13,6
050,46,063,"South Dakota","Harding County",3,33,14,10,4
050,46,063,"South Dakota","Harding County",3,34,23,14,9
050,46,063,"South Dakota","Harding County",3,35,19,13,6
050,46,063,"South Dakota","Harding County",3,36,15,10,5
050,46,063,"South Dakota","Harding County",3,37,20,10,10
050,46,063,"South Dakota","Harding County",3,38,18,10,8
050,46,063,"South Dakota","Harding County",3,39,15,8,7
050,46,063,"South Dakota","Harding County",3,40,12,6,6
050,46,063,"South Dakota","Harding County",3,41,15,8,7
050,46,063,"South Dakota","Harding County",3,42,12,3,9
050,46,063,"South Dakota","Harding County",3,43,13,6,7
050,46,063,"South Dakota","Harding County",3,44,12,8,4
050,46,063,"South Dakota","Harding County",3,45,13,8,5
050,46,063,"South Dakota","Harding County",3,46,13,8,5
050,46,063,"South Dakota","Harding County",3,47,15,6,9
050,46,063,"South Dakota","Harding County",3,48,16,8,8
050,46,063,"South Dakota","Harding County",3,49,14,6,8
050,46,063,"South Dakota","Harding County",3,50,20,11,9
050,46,063,"South Dakota","Harding County",3,51,17,10,7
050,46,063,"South Dakota","Harding County",3,52,14,9,5
050,46,063,"South Dakota","Harding County",3,53,12,6,6
050,46,063,"South Dakota","Harding County",3,54,11,5,6
050,46,063,"South Dakota","Harding County",3,55,17,11,6
050,46,063,"South Dakota","Harding County",3,56,14,8,6
050,46,063,"South Dakota","Harding County",3,57,17,7,10
050,46,063,"South Dakota","Harding County",3,58,20,10,10
050,46,063,"South Dakota","Harding County",3,59,21,10,11
050,46,063,"South Dakota","Harding County",3,60,21,13,8
050,46,063,"South Dakota","Harding County",3,61,24,12,12
050,46,063,"South Dakota","Harding County",3,62,23,14,9
050,46,063,"South Dakota","Harding County",3,63,22,14,8
050,46,063,"South Dakota","Harding County",3,64,18,9,9
050,46,063,"South Dakota","Harding County",3,65,22,12,10
050,46,063,"South Dakota","Harding County",3,66,26,13,13
050,46,063,"South Dakota","Harding County",3,67,24,12,12
050,46,063,"South Dakota","Harding County",3,68,27,15,12
050,46,063,"South Dakota","Harding County",3,69,13,7,6
050,46,063,"South Dakota","Harding County",3,70,13,7,6
050,46,063,"South Dakota","Harding County",3,71,18,11,7
050,46,063,"South Dakota","Harding County",3,72,13,5,8
050,46,063,"South Dakota","Harding County",3,73,14,7,7
050,46,063,"South Dakota","Harding County",3,74,11,6,5
050,46,063,"South Dakota","Harding County",3,75,8,5,3
050,46,063,"South Dakota","Harding County",3,76,5,1,4
050,46,063,"South Dakota","Harding County",3,77,9,5,4
050,46,063,"South Dakota","Harding County",3,78,9,5,4
050,46,063,"South Dakota","Harding County",3,79,5,3,2
050,46,063,"South Dakota","Harding County",3,80,5,2,3
050,46,063,"South Dakota","Harding County",3,81,7,2,5
050,46,063,"South Dakota","Harding County",3,82,5,2,3
050,46,063,"South Dakota","Harding County",3,83,5,4,1
050,46,063,"South Dakota","Harding County",3,84,4,2,2
050,46,063,"South Dakota","Harding County",3,85,39,16,23
050,46,063,"South Dakota","Harding County",4,0,19,9,10
050,46,063,"South Dakota","Harding County",4,1,14,6,8
050,46,063,"South Dakota","Harding County",4,2,18,11,7
050,46,063,"South Dakota","Harding County",4,3,24,15,9
050,46,063,"South Dakota","Harding County",4,4,18,11,7
050,46,063,"South Dakota","Harding County",4,5,17,8,9
050,46,063,"South Dakota","Harding County",4,6,19,11,8
050,46,063,"South Dakota","Harding County",4,7,26,12,14
050,46,063,"South Dakota","Harding County",4,8,13,7,6
050,46,063,"South Dakota","Harding County",4,9,17,5,12
050,46,063,"South Dakota","Harding County",4,10,15,7,8
050,46,063,"South Dakota","Harding County",4,11,15,7,8
050,46,063,"South Dakota","Harding County",4,12,20,9,11
050,46,063,"South Dakota","Harding County",4,13,21,10,11
050,46,063,"South Dakota","Harding County",4,14,19,9,10
050,46,063,"South Dakota","Harding County",4,15,15,5,10
050,46,063,"South Dakota","Harding County",4,16,11,4,7
050,46,063,"South Dakota","Harding County",4,17,14,8,6
050,46,063,"South Dakota","Harding County",4,18,9,4,5
050,46,063,"South Dakota","Harding County",4,19,7,4,3
050,46,063,"South Dakota","Harding County",4,20,10,6,4
050,46,063,"South Dakota","Harding County",4,21,16,8,8
050,46,063,"South Dakota","Harding County",4,22,12,5,7
050,46,063,"South Dakota","Harding County",4,23,17,10,7
050,46,063,"South Dakota","Harding County",4,24,11,7,4
050,46,063,"South Dakota","Harding County",4,25,14,5,9
050,46,063,"South Dakota","Harding County",4,26,14,6,8
050,46,063,"South Dakota","Harding County",4,27,15,6,9
050,46,063,"South Dakota","Harding County",4,28,13,5,8
050,46,063,"South Dakota","Harding County",4,29,15,8,7
050,46,063,"South Dakota","Harding County",4,30,14,8,6
050,46,063,"South Dakota","Harding County",4,31,15,10,5
050,46,063,"South Dakota","Harding County",4,32,19,12,7
050,46,063,"South Dakota","Harding County",4,33,18,12,6
050,46,063,"South Dakota","Harding County",4,34,13,8,5
050,46,063,"South Dakota","Harding County",4,35,23,14,9
050,46,063,"South Dakota","Harding County",4,36,22,16,6
050,46,063,"South Dakota","Harding County",4,37,15,8,7
050,46,063,"South Dakota","Harding County",4,38,19,10,9
050,46,063,"South Dakota","Harding County",4,39,18,10,8
050,46,063,"South Dakota","Harding County",4,40,16,9,7
050,46,063,"South Dakota","Harding County",4,41,13,6,7
050,46,063,"South Dakota","Harding County",4,42,15,8,7
050,46,063,"South Dakota","Harding County",4,43,13,3,10
050,46,063,"South Dakota","Harding County",4,44,16,9,7
050,46,063,"South Dakota","Harding County",4,45,12,9,3
050,46,063,"South Dakota","Harding County",4,46,13,8,5
050,46,063,"South Dakota","Harding County",4,47,13,8,5
050,46,063,"South Dakota","Harding County",4,48,15,6,9
050,46,063,"South Dakota","Harding County",4,49,16,8,8
050,46,063,"South Dakota","Harding County",4,50,14,6,8
050,46,063,"South Dakota","Harding County",4,51,20,11,9
050,46,063,"South Dakota","Harding County",4,52,17,10,7
050,46,063,"South Dakota","Harding County",4,53,13,8,5
050,46,063,"South Dakota","Harding County",4,54,12,6,6
050,46,063,"South Dakota","Harding County",4,55,11,6,5
050,46,063,"South Dakota","Harding County",4,56,17,11,6
050,46,063,"South Dakota","Harding County",4,57,12,8,4
050,46,063,"South Dakota","Harding County",4,58,17,7,10
050,46,063,"South Dakota","Harding County",4,59,20,10,10
050,46,063,"South Dakota","Harding County",4,60,19,10,9
050,46,063,"South Dakota","Harding County",4,61,21,13,8
050,46,063,"South Dakota","Harding County",4,62,25,13,12
050,46,063,"South Dakota","Harding County",4,63,23,13,10
050,46,063,"South Dakota","Harding County",4,64,21,15,6
050,46,063,"South Dakota","Harding County",4,65,18,7,11
050,46,063,"South Dakota","Harding County",4,66,23,13,10
050,46,063,"South Dakota","Harding County",4,67,26,13,13
050,46,063,"South Dakota","Harding County",4,68,24,12,12
050,46,063,"South Dakota","Harding County",4,69,27,15,12
050,46,063,"South Dakota","Harding County",4,70,13,7,6
050,46,063,"South Dakota","Harding County",4,71,13,7,6
050,46,063,"South Dakota","Harding County",4,72,17,11,6
050,46,063,"South Dakota","Harding County",4,73,13,5,8
050,46,063,"South Dakota","Harding County",4,74,13,6,7
050,46,063,"South Dakota","Harding County",4,75,10,5,5
050,46,063,"South Dakota","Harding County",4,76,8,4,4
050,46,063,"South Dakota","Harding County",4,77,5,1,4
050,46,063,"South Dakota","Harding County",4,78,9,5,4
050,46,063,"South Dakota","Harding County",4,79,9,5,4
050,46,063,"South Dakota","Harding County",4,80,5,3,2
050,46,063,"South Dakota","Harding County",4,81,4,1,3
050,46,063,"South Dakota","Harding County",4,82,7,2,5
050,46,063,"South Dakota","Harding County",4,83,5,2,3
050,46,063,"South Dakota","Harding County",4,84,4,3,1
050,46,063,"South Dakota","Harding County",4,85,38,15,23
050,46,063,"South Dakota","Harding County",5,0,18,9,9
050,46,063,"South Dakota","Harding County",5,1,17,5,12
050,46,063,"South Dakota","Harding County",5,2,16,7,9
050,46,063,"South Dakota","Harding County",5,3,20,13,7
050,46,063,"South Dakota","Harding County",5,4,23,14,9
050,46,063,"South Dakota","Harding County",5,5,16,10,6
050,46,063,"South Dakota","Harding County",5,6,18,8,10
050,46,063,"South Dakota","Harding County",5,7,18,10,8
050,46,063,"South Dakota","Harding County",5,8,25,12,13
050,46,063,"South Dakota","Harding County",5,9,12,6,6
050,46,063,"South Dakota","Harding County",5,10,17,6,11
050,46,063,"South Dakota","Harding County",5,11,14,7,7
050,46,063,"South Dakota","Harding County",5,12,15,7,8
050,46,063,"South Dakota","Harding County",5,13,21,10,11
050,46,063,"South Dakota","Harding County",5,14,21,10,11
050,46,063,"South Dakota","Harding County",5,15,17,8,9
050,46,063,"South Dakota","Harding County",5,16,15,5,10
050,46,063,"South Dakota","Harding County",5,17,12,5,7
050,46,063,"South Dakota","Harding County",5,18,12,7,5
050,46,063,"South Dakota","Harding County",5,19,5,2,3
050,46,063,"South Dakota","Harding County",5,20,7,4,3
050,46,063,"South Dakota","Harding County",5,21,10,5,5
050,46,063,"South Dakota","Harding County",5,22,16,8,8
050,46,063,"South Dakota","Harding County",5,23,19,10,9
050,46,063,"South Dakota","Harding County",5,24,15,8,7
050,46,063,"South Dakota","Harding County",5,25,11,8,3
050,46,063,"South Dakota","Harding County",5,26,12,4,8
050,46,063,"South Dakota","Harding County",5,27,15,6,9
050,46,063,"South Dakota","Harding County",5,28,14,5,9
050,46,063,"South Dakota","Harding County",5,29,11,3,8
050,46,063,"South Dakota","Harding County",5,30,13,8,5
050,46,063,"South Dakota","Harding County",5,31,12,8,4
050,46,063,"South Dakota","Harding County",5,32,15,10,5
050,46,063,"South Dakota","Harding County",5,33,19,12,7
050,46,063,"South Dakota","Harding County",5,34,17,11,6
050,46,063,"South Dakota","Harding County",5,35,11,6,5
050,46,063,"South Dakota","Harding County",5,36,21,12,9
050,46,063,"South Dakota","Harding County",5,37,22,16,6
050,46,063,"South Dakota","Harding County",5,38,16,8,8
050,46,063,"South Dakota","Harding County",5,39,19,10,9
050,46,063,"South Dakota","Harding County",5,40,18,10,8
050,46,063,"South Dakota","Harding County",5,41,17,9,8
050,46,063,"South Dakota","Harding County",5,42,10,4,6
050,46,063,"South Dakota","Harding County",5,43,16,9,7
050,46,063,"South Dakota","Harding County",5,44,13,3,10
050,46,063,"South Dakota","Harding County",5,45,13,8,5
050,46,063,"South Dakota","Harding County",5,46,13,9,4
050,46,063,"South Dakota","Harding County",5,47,14,8,6
050,46,063,"South Dakota","Harding County",5,48,13,8,5
050,46,063,"South Dakota","Harding County",5,49,15,6,9
050,46,063,"South Dakota","Harding County",5,50,16,8,8
050,46,063,"South Dakota","Harding County",5,51,13,5,8
050,46,063,"South Dakota","Harding County",5,52,18,9,9
050,46,063,"South Dakota","Harding County",5,53,16,10,6
050,46,063,"South Dakota","Harding County",5,54,13,8,5
050,46,063,"South Dakota","Harding County",5,55,13,7,6
050,46,063,"South Dakota","Harding County",5,56,11,6,5
050,46,063,"South Dakota","Harding County",5,57,16,11,5
050,46,063,"South Dakota","Harding County",5,58,12,8,4
050,46,063,"South Dakota","Harding County",5,59,18,7,11
050,46,063,"South Dakota","Harding County",5,60,20,10,10
050,46,063,"South Dakota","Harding County",5,61,19,10,9
050,46,063,"South Dakota","Harding County",5,62,21,13,8
050,46,063,"South Dakota","Harding County",5,63,25,13,12
050,46,063,"South Dakota","Harding County",5,64,25,14,11
050,46,063,"South Dakota","Harding County",5,65,22,16,6
050,46,063,"South Dakota","Harding County",5,66,18,7,11
050,46,063,"South Dakota","Harding County",5,67,22,14,8
050,46,063,"South Dakota","Harding County",5,68,26,13,13
050,46,063,"South Dakota","Harding County",5,69,24,12,12
050,46,063,"South Dakota","Harding County",5,70,26,14,12
050,46,063,"South Dakota","Harding County",5,71,13,7,6
050,46,063,"South Dakota","Harding County",5,72,14,7,7
050,46,063,"South Dakota","Harding County",5,73,17,11,6
050,46,063,"South Dakota","Harding County",5,74,12,5,7
050,46,063,"South Dakota","Harding County",5,75,12,5,7
050,46,063,"South Dakota","Harding County",5,76,8,3,5
050,46,063,"South Dakota","Harding County",5,77,6,3,3
050,46,063,"South Dakota","Harding County",5,78,5,1,4
050,46,063,"South Dakota","Harding County",5,79,9,5,4
050,46,063,"South Dakota","Harding County",5,80,10,5,5
050,46,063,"South Dakota","Harding County",5,81,4,2,2
050,46,063,"South Dakota","Harding County",5,82,3,1,2
050,46,063,"South Dakota","Harding County",5,83,5,2,3
050,46,063,"South Dakota","Harding County",5,84,4,1,3
050,46,063,"South Dakota","Harding County",5,85,39,17,22
050,46,065,"South Dakota","Hughes County",1,0,230,117,113
050,46,065,"South Dakota","Hughes County",1,1,233,116,117
050,46,065,"South Dakota","Hughes County",1,2,224,111,113
050,46,065,"South Dakota","Hughes County",1,3,237,122,115
050,46,065,"South Dakota","Hughes County",1,4,227,120,107
050,46,065,"South Dakota","Hughes County",1,5,241,142,99
050,46,065,"South Dakota","Hughes County",1,6,256,125,131
050,46,065,"South Dakota","Hughes County",1,7,261,135,126
050,46,065,"South Dakota","Hughes County",1,8,256,133,123
050,46,065,"South Dakota","Hughes County",1,9,259,131,128
050,46,065,"South Dakota","Hughes County",1,10,246,132,114
050,46,065,"South Dakota","Hughes County",1,11,271,142,129
050,46,065,"South Dakota","Hughes County",1,12,277,141,136
050,46,065,"South Dakota","Hughes County",1,13,268,133,135
050,46,065,"South Dakota","Hughes County",1,14,232,113,119
050,46,065,"South Dakota","Hughes County",1,15,227,115,112
050,46,065,"South Dakota","Hughes County",1,16,214,119,95
050,46,065,"South Dakota","Hughes County",1,17,206,104,102
050,46,065,"South Dakota","Hughes County",1,18,195,100,95
050,46,065,"South Dakota","Hughes County",1,19,150,71,79
050,46,065,"South Dakota","Hughes County",1,20,165,84,81
050,46,065,"South Dakota","Hughes County",1,21,181,96,85
050,46,065,"South Dakota","Hughes County",1,22,206,103,103
050,46,065,"South Dakota","Hughes County",1,23,217,95,122
050,46,065,"South Dakota","Hughes County",1,24,178,94,84
050,46,065,"South Dakota","Hughes County",1,25,211,108,103
050,46,065,"South Dakota","Hughes County",1,26,191,96,95
050,46,065,"South Dakota","Hughes County",1,27,203,90,113
050,46,065,"South Dakota","Hughes County",1,28,221,97,124
050,46,065,"South Dakota","Hughes County",1,29,234,109,125
050,46,065,"South Dakota","Hughes County",1,30,235,111,124
050,46,065,"South Dakota","Hughes County",1,31,233,109,124
050,46,065,"South Dakota","Hughes County",1,32,235,108,127
050,46,065,"South Dakota","Hughes County",1,33,244,128,116
050,46,065,"South Dakota","Hughes County",1,34,240,117,123
050,46,065,"South Dakota","Hughes County",1,35,265,136,129
050,46,065,"South Dakota","Hughes County",1,36,265,141,124
050,46,065,"South Dakota","Hughes County",1,37,232,123,109
050,46,065,"South Dakota","Hughes County",1,38,234,119,115
050,46,065,"South Dakota","Hughes County",1,39,234,115,119
050,46,065,"South Dakota","Hughes County",1,40,224,101,123
050,46,065,"South Dakota","Hughes County",1,41,202,94,108
050,46,065,"South Dakota","Hughes County",1,42,201,101,100
050,46,065,"South Dakota","Hughes County",1,43,181,88,93
050,46,065,"South Dakota","Hughes County",1,44,194,81,113
050,46,065,"South Dakota","Hughes County",1,45,201,91,110
050,46,065,"South Dakota","Hughes County",1,46,210,106,104
050,46,065,"South Dakota","Hughes County",1,47,202,111,91
050,46,065,"South Dakota","Hughes County",1,48,191,93,98
050,46,065,"South Dakota","Hughes County",1,49,207,100,107
050,46,065,"South Dakota","Hughes County",1,50,194,88,106
050,46,065,"South Dakota","Hughes County",1,51,186,82,104
050,46,065,"South Dakota","Hughes County",1,52,201,97,104
050,46,065,"South Dakota","Hughes County",1,53,219,109,110
050,46,065,"South Dakota","Hughes County",1,54,213,104,109
050,46,065,"South Dakota","Hughes County",1,55,230,102,128
050,46,065,"South Dakota","Hughes County",1,56,235,111,124
050,46,065,"South Dakota","Hughes County",1,57,257,129,128
050,46,065,"South Dakota","Hughes County",1,58,264,138,126
050,46,065,"South Dakota","Hughes County",1,59,271,138,133
050,46,065,"South Dakota","Hughes County",1,60,257,119,138
050,46,065,"South Dakota","Hughes County",1,61,235,121,114
050,46,065,"South Dakota","Hughes County",1,62,234,116,118
050,46,065,"South Dakota","Hughes County",1,63,258,129,129
050,46,065,"South Dakota","Hughes County",1,64,242,116,126
050,46,065,"South Dakota","Hughes County",1,65,247,126,121
050,46,065,"South Dakota","Hughes County",1,66,225,115,110
050,46,065,"South Dakota","Hughes County",1,67,218,113,105
050,46,065,"South Dakota","Hughes County",1,68,208,112,96
050,46,065,"South Dakota","Hughes County",1,69,192,101,91
050,46,065,"South Dakota","Hughes County",1,70,172,92,80
050,46,065,"South Dakota","Hughes County",1,71,197,96,101
050,46,065,"South Dakota","Hughes County",1,72,169,82,87
050,46,065,"South Dakota","Hughes County",1,73,171,94,77
050,46,065,"South Dakota","Hughes County",1,74,118,63,55
050,46,065,"South Dakota","Hughes County",1,75,107,56,51
050,46,065,"South Dakota","Hughes County",1,76,106,52,54
050,46,065,"South Dakota","Hughes County",1,77,113,54,59
050,46,065,"South Dakota","Hughes County",1,78,95,45,50
050,46,065,"South Dakota","Hughes County",1,79,89,38,51
050,46,065,"South Dakota","Hughes County",1,80,75,42,33
050,46,065,"South Dakota","Hughes County",1,81,76,40,36
050,46,065,"South Dakota","Hughes County",1,82,52,23,29
050,46,065,"South Dakota","Hughes County",1,83,55,27,28
050,46,065,"South Dakota","Hughes County",1,84,61,23,38
050,46,065,"South Dakota","Hughes County",1,85,380,132,248
050,46,065,"South Dakota","Hughes County",2,0,236,122,114
050,46,065,"South Dakota","Hughes County",2,1,229,115,114
050,46,065,"South Dakota","Hughes County",2,2,225,112,113
050,46,065,"South Dakota","Hughes County",2,3,231,119,112
050,46,065,"South Dakota","Hughes County",2,4,230,122,108
050,46,065,"South Dakota","Hughes County",2,5,237,136,101
050,46,065,"South Dakota","Hughes County",2,6,252,128,124
050,46,065,"South Dakota","Hughes County",2,7,259,132,127
050,46,065,"South Dakota","Hughes County",2,8,256,133,123
050,46,065,"South Dakota","Hughes County",2,9,257,131,126
050,46,065,"South Dakota","Hughes County",2,10,250,133,117
050,46,065,"South Dakota","Hughes County",2,11,265,139,126
050,46,065,"South Dakota","Hughes County",2,12,277,141,136
050,46,065,"South Dakota","Hughes County",2,13,271,133,138
050,46,065,"South Dakota","Hughes County",2,14,241,117,124
050,46,065,"South Dakota","Hughes County",2,15,230,114,116
050,46,065,"South Dakota","Hughes County",2,16,216,117,99
050,46,065,"South Dakota","Hughes County",2,17,207,107,100
050,46,065,"South Dakota","Hughes County",2,18,188,97,91
050,46,065,"South Dakota","Hughes County",2,19,153,73,80
050,46,065,"South Dakota","Hughes County",2,20,168,84,84
050,46,065,"South Dakota","Hughes County",2,21,180,94,86
050,46,065,"South Dakota","Hughes County",2,22,204,103,101
050,46,065,"South Dakota","Hughes County",2,23,217,99,118
050,46,065,"South Dakota","Hughes County",2,24,186,94,92
050,46,065,"South Dakota","Hughes County",2,25,207,105,102
050,46,065,"South Dakota","Hughes County",2,26,193,97,96
050,46,065,"South Dakota","Hughes County",2,27,200,91,109
050,46,065,"South Dakota","Hughes County",2,28,215,95,120
050,46,065,"South Dakota","Hughes County",2,29,233,106,127
050,46,065,"South Dakota","Hughes County",2,30,234,108,126
050,46,065,"South Dakota","Hughes County",2,31,231,110,121
050,46,065,"South Dakota","Hughes County",2,32,234,107,127
050,46,065,"South Dakota","Hughes County",2,33,242,125,117
050,46,065,"South Dakota","Hughes County",2,34,237,117,120
050,46,065,"South Dakota","Hughes County",2,35,262,132,130
050,46,065,"South Dakota","Hughes County",2,36,261,137,124
050,46,065,"South Dakota","Hughes County",2,37,237,128,109
050,46,065,"South Dakota","Hughes County",2,38,233,118,115
050,46,065,"South Dakota","Hughes County",2,39,233,115,118
050,46,065,"South Dakota","Hughes County",2,40,226,105,121
050,46,065,"South Dakota","Hughes County",2,41,207,95,112
050,46,065,"South Dakota","Hughes County",2,42,198,98,100
050,46,065,"South Dakota","Hughes County",2,43,189,93,96
050,46,065,"South Dakota","Hughes County",2,44,191,81,110
050,46,065,"South Dakota","Hughes County",2,45,197,88,109
050,46,065,"South Dakota","Hughes County",2,46,206,102,104
050,46,065,"South Dakota","Hughes County",2,47,201,107,94
050,46,065,"South Dakota","Hughes County",2,48,193,97,96
050,46,065,"South Dakota","Hughes County",2,49,203,98,105
050,46,065,"South Dakota","Hughes County",2,50,194,90,104
050,46,065,"South Dakota","Hughes County",2,51,187,84,103
050,46,065,"South Dakota","Hughes County",2,52,198,93,105
050,46,065,"South Dakota","Hughes County",2,53,215,107,108
050,46,065,"South Dakota","Hughes County",2,54,215,107,108
050,46,065,"South Dakota","Hughes County",2,55,226,102,124
050,46,065,"South Dakota","Hughes County",2,56,232,109,123
050,46,065,"South Dakota","Hughes County",2,57,251,126,125
050,46,065,"South Dakota","Hughes County",2,58,261,133,128
050,46,065,"South Dakota","Hughes County",2,59,268,137,131
050,46,065,"South Dakota","Hughes County",2,60,260,124,136
050,46,065,"South Dakota","Hughes County",2,61,238,120,118
050,46,065,"South Dakota","Hughes County",2,62,234,116,118
050,46,065,"South Dakota","Hughes County",2,63,253,125,128
050,46,065,"South Dakota","Hughes County",2,64,244,118,126
050,46,065,"South Dakota","Hughes County",2,65,244,122,122
050,46,065,"South Dakota","Hughes County",2,66,229,117,112
050,46,065,"South Dakota","Hughes County",2,67,215,111,104
050,46,065,"South Dakota","Hughes County",2,68,210,112,98
050,46,065,"South Dakota","Hughes County",2,69,199,106,93
050,46,065,"South Dakota","Hughes County",2,70,174,93,81
050,46,065,"South Dakota","Hughes County",2,71,193,96,97
050,46,065,"South Dakota","Hughes County",2,72,172,83,89
050,46,065,"South Dakota","Hughes County",2,73,179,96,83
050,46,065,"South Dakota","Hughes County",2,74,120,64,56
050,46,065,"South Dakota","Hughes County",2,75,107,57,50
050,46,065,"South Dakota","Hughes County",2,76,104,53,51
050,46,065,"South Dakota","Hughes County",2,77,116,56,60
050,46,065,"South Dakota","Hughes County",2,78,96,45,51
050,46,065,"South Dakota","Hughes County",2,79,85,38,47
050,46,065,"South Dakota","Hughes County",2,80,79,42,37
050,46,065,"South Dakota","Hughes County",2,81,74,38,36
050,46,065,"South Dakota","Hughes County",2,82,57,26,31
050,46,065,"South Dakota","Hughes County",2,83,53,24,29
050,46,065,"South Dakota","Hughes County",2,84,55,20,35
050,46,065,"South Dakota","Hughes County",2,85,375,131,244
050,46,065,"South Dakota","Hughes County",3,0,207,108,99
050,46,065,"South Dakota","Hughes County",3,1,220,126,94
050,46,065,"South Dakota","Hughes County",3,2,233,115,118
050,46,065,"South Dakota","Hughes County",3,3,222,108,114
050,46,065,"South Dakota","Hughes County",3,4,226,117,109
050,46,065,"South Dakota","Hughes County",3,5,241,131,110
050,46,065,"South Dakota","Hughes County",3,6,231,139,92
050,46,065,"South Dakota","Hughes County",3,7,249,131,118
050,46,065,"South Dakota","Hughes County",3,8,252,130,122
050,46,065,"South Dakota","Hughes County",3,9,246,130,116
050,46,065,"South Dakota","Hughes County",3,10,258,126,132
050,46,065,"South Dakota","Hughes County",3,11,247,127,120
050,46,065,"South Dakota","Hughes County",3,12,277,141,136
050,46,065,"South Dakota","Hughes County",3,13,280,145,135
050,46,065,"South Dakota","Hughes County",3,14,268,136,132
050,46,065,"South Dakota","Hughes County",3,15,238,115,123
050,46,065,"South Dakota","Hughes County",3,16,226,111,115
050,46,065,"South Dakota","Hughes County",3,17,213,115,98
050,46,065,"South Dakota","Hughes County",3,18,181,98,83
050,46,065,"South Dakota","Hughes County",3,19,154,78,76
050,46,065,"South Dakota","Hughes County",3,20,181,84,97
050,46,065,"South Dakota","Hughes County",3,21,177,88,89
050,46,065,"South Dakota","Hughes County",3,22,192,96,96
050,46,065,"South Dakota","Hughes County",3,23,224,104,120
050,46,065,"South Dakota","Hughes County",3,24,214,91,123
050,46,065,"South Dakota","Hughes County",3,25,215,106,109
050,46,065,"South Dakota","Hughes County",3,26,201,101,100
050,46,065,"South Dakota","Hughes County",3,27,199,93,106
050,46,065,"South Dakota","Hughes County",3,28,185,84,101
050,46,065,"South Dakota","Hughes County",3,29,248,109,139
050,46,065,"South Dakota","Hughes County",3,30,235,106,129
050,46,065,"South Dakota","Hughes County",3,31,221,110,111
050,46,065,"South Dakota","Hughes County",3,32,219,100,119
050,46,065,"South Dakota","Hughes County",3,33,232,114,118
050,46,065,"South Dakota","Hughes County",3,34,240,121,119
050,46,065,"South Dakota","Hughes County",3,35,248,121,127
050,46,065,"South Dakota","Hughes County",3,36,246,126,120
050,46,065,"South Dakota","Hughes County",3,37,255,139,116
050,46,065,"South Dakota","Hughes County",3,38,237,120,117
050,46,065,"South Dakota","Hughes County",3,39,244,121,123
050,46,065,"South Dakota","Hughes County",3,40,225,111,114
050,46,065,"South Dakota","Hughes County",3,41,224,105,119
050,46,065,"South Dakota","Hughes County",3,42,208,96,112
050,46,065,"South Dakota","Hughes County",3,43,211,106,105
050,46,065,"South Dakota","Hughes County",3,44,194,86,108
050,46,065,"South Dakota","Hughes County",3,45,189,85,104
050,46,065,"South Dakota","Hughes County",3,46,196,93,103
050,46,065,"South Dakota","Hughes County",3,47,202,99,103
050,46,065,"South Dakota","Hughes County",3,48,205,108,97
050,46,065,"South Dakota","Hughes County",3,49,188,96,92
050,46,065,"South Dakota","Hughes County",3,50,207,101,106
050,46,065,"South Dakota","Hughes County",3,51,196,89,107
050,46,065,"South Dakota","Hughes County",3,52,184,83,101
050,46,065,"South Dakota","Hughes County",3,53,199,91,108
050,46,065,"South Dakota","Hughes County",3,54,219,109,110
050,46,065,"South Dakota","Hughes County",3,55,214,104,110
050,46,065,"South Dakota","Hughes County",3,56,216,99,117
050,46,065,"South Dakota","Hughes County",3,57,230,105,125
050,46,065,"South Dakota","Hughes County",3,58,256,128,128
050,46,065,"South Dakota","Hughes County",3,59,259,134,125
050,46,065,"South Dakota","Hughes County",3,60,265,132,133
050,46,065,"South Dakota","Hughes County",3,61,256,126,130
050,46,065,"South Dakota","Hughes County",3,62,239,119,120
050,46,065,"South Dakota","Hughes County",3,63,236,117,119
050,46,065,"South Dakota","Hughes County",3,64,252,126,126
050,46,065,"South Dakota","Hughes County",3,65,249,120,129
050,46,065,"South Dakota","Hughes County",3,66,219,108,111
050,46,065,"South Dakota","Hughes County",3,67,227,114,113
050,46,065,"South Dakota","Hughes County",3,68,207,108,99
050,46,065,"South Dakota","Hughes County",3,69,203,107,96
050,46,065,"South Dakota","Hughes County",3,70,194,103,91
050,46,065,"South Dakota","Hughes County",3,71,174,92,82
050,46,065,"South Dakota","Hughes County",3,72,184,92,92
050,46,065,"South Dakota","Hughes County",3,73,168,82,86
050,46,065,"South Dakota","Hughes County",3,74,165,90,75
050,46,065,"South Dakota","Hughes County",3,75,123,64,59
050,46,065,"South Dakota","Hughes County",3,76,103,53,50
050,46,065,"South Dakota","Hughes County",3,77,104,55,49
050,46,065,"South Dakota","Hughes County",3,78,110,52,58
050,46,065,"South Dakota","Hughes County",3,79,87,38,49
050,46,065,"South Dakota","Hughes County",3,80,80,36,44
050,46,065,"South Dakota","Hughes County",3,81,76,38,38
050,46,065,"South Dakota","Hughes County",3,82,74,35,39
050,46,065,"South Dakota","Hughes County",3,83,53,25,28
050,46,065,"South Dakota","Hughes County",3,84,49,23,26
050,46,065,"South Dakota","Hughes County",3,85,359,125,234
050,46,065,"South Dakota","Hughes County",4,0,217,107,110
050,46,065,"South Dakota","Hughes County",4,1,196,109,87
050,46,065,"South Dakota","Hughes County",4,2,224,122,102
050,46,065,"South Dakota","Hughes County",4,3,227,111,116
050,46,065,"South Dakota","Hughes County",4,4,223,108,115
050,46,065,"South Dakota","Hughes County",4,5,229,114,115
050,46,065,"South Dakota","Hughes County",4,6,237,129,108
050,46,065,"South Dakota","Hughes County",4,7,237,133,104
050,46,065,"South Dakota","Hughes County",4,8,244,133,111
050,46,065,"South Dakota","Hughes County",4,9,249,128,121
050,46,065,"South Dakota","Hughes County",4,10,255,134,121
050,46,065,"South Dakota","Hughes County",4,11,258,126,132
050,46,065,"South Dakota","Hughes County",4,12,249,125,124
050,46,065,"South Dakota","Hughes County",4,13,278,142,136
050,46,065,"South Dakota","Hughes County",4,14,276,140,136
050,46,065,"South Dakota","Hughes County",4,15,265,141,124
050,46,065,"South Dakota","Hughes County",4,16,235,115,120
050,46,065,"South Dakota","Hughes County",4,17,239,123,116
050,46,065,"South Dakota","Hughes County",4,18,182,101,81
050,46,065,"South Dakota","Hughes County",4,19,149,82,67
050,46,065,"South Dakota","Hughes County",4,20,175,88,87
050,46,065,"South Dakota","Hughes County",4,21,178,80,98
050,46,065,"South Dakota","Hughes County",4,22,189,91,98
050,46,065,"South Dakota","Hughes County",4,23,209,98,111
050,46,065,"South Dakota","Hughes County",4,24,215,102,113
050,46,065,"South Dakota","Hughes County",4,25,218,94,124
050,46,065,"South Dakota","Hughes County",4,26,193,99,94
050,46,065,"South Dakota","Hughes County",4,27,192,93,99
050,46,065,"South Dakota","Hughes County",4,28,188,84,104
050,46,065,"South Dakota","Hughes County",4,29,200,91,109
050,46,065,"South Dakota","Hughes County",4,30,231,101,130
050,46,065,"South Dakota","Hughes County",4,31,238,119,119
050,46,065,"South Dakota","Hughes County",4,32,212,103,109
050,46,065,"South Dakota","Hughes County",4,33,216,105,111
050,46,065,"South Dakota","Hughes County",4,34,225,107,118
050,46,065,"South Dakota","Hughes County",4,35,237,118,119
050,46,065,"South Dakota","Hughes County",4,36,245,116,129
050,46,065,"South Dakota","Hughes County",4,37,245,135,110
050,46,065,"South Dakota","Hughes County",4,38,256,139,117
050,46,065,"South Dakota","Hughes County",4,39,238,119,119
050,46,065,"South Dakota","Hughes County",4,40,238,116,122
050,46,065,"South Dakota","Hughes County",4,41,224,109,115
050,46,065,"South Dakota","Hughes County",4,42,221,105,116
050,46,065,"South Dakota","Hughes County",4,43,207,100,107
050,46,065,"South Dakota","Hughes County",4,44,220,102,118
050,46,065,"South Dakota","Hughes County",4,45,199,94,105
050,46,065,"South Dakota","Hughes County",4,46,187,88,99
050,46,065,"South Dakota","Hughes County",4,47,203,95,108
050,46,065,"South Dakota","Hughes County",4,48,203,98,105
050,46,065,"South Dakota","Hughes County",4,49,200,104,96
050,46,065,"South Dakota","Hughes County",4,50,186,94,92
050,46,065,"South Dakota","Hughes County",4,51,207,102,105
050,46,065,"South Dakota","Hughes County",4,52,196,92,104
050,46,065,"South Dakota","Hughes County",4,53,184,83,101
050,46,065,"South Dakota","Hughes County",4,54,194,93,101
050,46,065,"South Dakota","Hughes County",4,55,215,109,106
050,46,065,"South Dakota","Hughes County",4,56,208,103,105
050,46,065,"South Dakota","Hughes County",4,57,215,102,113
050,46,065,"South Dakota","Hughes County",4,58,233,110,123
050,46,065,"South Dakota","Hughes County",4,59,255,130,125
050,46,065,"South Dakota","Hughes County",4,60,243,127,116
050,46,065,"South Dakota","Hughes County",4,61,267,133,134
050,46,065,"South Dakota","Hughes County",4,62,253,124,129
050,46,065,"South Dakota","Hughes County",4,63,222,106,116
050,46,065,"South Dakota","Hughes County",4,64,239,117,122
050,46,065,"South Dakota","Hughes County",4,65,247,127,120
050,46,065,"South Dakota","Hughes County",4,66,238,109,129
050,46,065,"South Dakota","Hughes County",4,67,227,110,117
050,46,065,"South Dakota","Hughes County",4,68,211,106,105
050,46,065,"South Dakota","Hughes County",4,69,200,103,97
050,46,065,"South Dakota","Hughes County",4,70,185,95,90
050,46,065,"South Dakota","Hughes County",4,71,199,103,96
050,46,065,"South Dakota","Hughes County",4,72,166,87,79
050,46,065,"South Dakota","Hughes County",4,73,180,91,89
050,46,065,"South Dakota","Hughes County",4,74,158,74,84
050,46,065,"South Dakota","Hughes County",4,75,161,83,78
050,46,065,"South Dakota","Hughes County",4,76,118,63,55
050,46,065,"South Dakota","Hughes County",4,77,103,54,49
050,46,065,"South Dakota","Hughes County",4,78,101,52,49
050,46,065,"South Dakota","Hughes County",4,79,104,50,54
050,46,065,"South Dakota","Hughes County",4,80,82,37,45
050,46,065,"South Dakota","Hughes County",4,81,76,33,43
050,46,065,"South Dakota","Hughes County",4,82,74,33,41
050,46,065,"South Dakota","Hughes County",4,83,69,32,37
050,46,065,"South Dakota","Hughes County",4,84,48,23,25
050,46,065,"South Dakota","Hughes County",4,85,346,125,221
050,46,065,"South Dakota","Hughes County",5,0,218,108,110
050,46,065,"South Dakota","Hughes County",5,1,219,112,107
050,46,065,"South Dakota","Hughes County",5,2,200,116,84
050,46,065,"South Dakota","Hughes County",5,3,219,123,96
050,46,065,"South Dakota","Hughes County",5,4,224,108,116
050,46,065,"South Dakota","Hughes County",5,5,234,117,117
050,46,065,"South Dakota","Hughes County",5,6,223,112,111
050,46,065,"South Dakota","Hughes County",5,7,240,129,111
050,46,065,"South Dakota","Hughes County",5,8,232,134,98
050,46,065,"South Dakota","Hughes County",5,9,241,127,114
050,46,065,"South Dakota","Hughes County",5,10,248,127,121
050,46,065,"South Dakota","Hughes County",5,11,247,138,109
050,46,065,"South Dakota","Hughes County",5,12,262,132,130
050,46,065,"South Dakota","Hughes County",5,13,249,127,122
050,46,065,"South Dakota","Hughes County",5,14,271,139,132
050,46,065,"South Dakota","Hughes County",5,15,269,141,128
050,46,065,"South Dakota","Hughes County",5,16,252,136,116
050,46,065,"South Dakota","Hughes County",5,17,240,117,123
050,46,065,"South Dakota","Hughes County",5,18,201,104,97
050,46,065,"South Dakota","Hughes County",5,19,153,80,73
050,46,065,"South Dakota","Hughes County",5,20,175,100,75
050,46,065,"South Dakota","Hughes County",5,21,183,89,94
050,46,065,"South Dakota","Hughes County",5,22,203,87,116
050,46,065,"South Dakota","Hughes County",5,23,205,106,99
050,46,065,"South Dakota","Hughes County",5,24,196,97,99
050,46,065,"South Dakota","Hughes County",5,25,213,102,111
050,46,065,"South Dakota","Hughes County",5,26,204,87,117
050,46,065,"South Dakota","Hughes County",5,27,189,88,101
050,46,065,"South Dakota","Hughes County",5,28,200,95,105
050,46,065,"South Dakota","Hughes County",5,29,220,106,114
050,46,065,"South Dakota","Hughes County",5,30,199,90,109
050,46,065,"South Dakota","Hughes County",5,31,238,111,127
050,46,065,"South Dakota","Hughes County",5,32,223,109,114
050,46,065,"South Dakota","Hughes County",5,33,231,128,103
050,46,065,"South Dakota","Hughes County",5,34,205,100,105
050,46,065,"South Dakota","Hughes County",5,35,225,107,118
050,46,065,"South Dakota","Hughes County",5,36,229,113,116
050,46,065,"South Dakota","Hughes County",5,37,243,121,122
050,46,065,"South Dakota","Hughes County",5,38,257,133,124
050,46,065,"South Dakota","Hughes County",5,39,261,139,122
050,46,065,"South Dakota","Hughes County",5,40,222,112,110
050,46,065,"South Dakota","Hughes County",5,41,232,110,122
050,46,065,"South Dakota","Hughes County",5,42,203,103,100
050,46,065,"South Dakota","Hughes County",5,43,210,103,107
050,46,065,"South Dakota","Hughes County",5,44,216,95,121
050,46,065,"South Dakota","Hughes County",5,45,223,108,115
050,46,065,"South Dakota","Hughes County",5,46,200,100,100
050,46,065,"South Dakota","Hughes County",5,47,195,89,106
050,46,065,"South Dakota","Hughes County",5,48,199,89,110
050,46,065,"South Dakota","Hughes County",5,49,192,97,95
050,46,065,"South Dakota","Hughes County",5,50,198,104,94
050,46,065,"South Dakota","Hughes County",5,51,187,93,94
050,46,065,"South Dakota","Hughes County",5,52,209,105,104
050,46,065,"South Dakota","Hughes County",5,53,205,96,109
050,46,065,"South Dakota","Hughes County",5,54,190,84,106
050,46,065,"South Dakota","Hughes County",5,55,199,98,101
050,46,065,"South Dakota","Hughes County",5,56,211,106,105
050,46,065,"South Dakota","Hughes County",5,57,212,105,107
050,46,065,"South Dakota","Hughes County",5,58,214,101,113
050,46,065,"South Dakota","Hughes County",5,59,235,109,126
050,46,065,"South Dakota","Hughes County",5,60,247,124,123
050,46,065,"South Dakota","Hughes County",5,61,246,130,116
050,46,065,"South Dakota","Hughes County",5,62,261,128,133
050,46,065,"South Dakota","Hughes County",5,63,243,119,124
050,46,065,"South Dakota","Hughes County",5,64,205,101,104
050,46,065,"South Dakota","Hughes County",5,65,246,123,123
050,46,065,"South Dakota","Hughes County",5,66,233,115,118
050,46,065,"South Dakota","Hughes County",5,67,226,104,122
050,46,065,"South Dakota","Hughes County",5,68,216,104,112
050,46,065,"South Dakota","Hughes County",5,69,204,101,103
050,46,065,"South Dakota","Hughes County",5,70,183,95,88
050,46,065,"South Dakota","Hughes County",5,71,183,93,90
050,46,065,"South Dakota","Hughes County",5,72,197,102,95
050,46,065,"South Dakota","Hughes County",5,73,162,85,77
050,46,065,"South Dakota","Hughes County",5,74,162,79,83
050,46,065,"South Dakota","Hughes County",5,75,152,68,84
050,46,065,"South Dakota","Hughes County",5,76,150,82,68
050,46,065,"South Dakota","Hughes County",5,77,117,61,56
050,46,065,"South Dakota","Hughes County",5,78,94,48,46
050,46,065,"South Dakota","Hughes County",5,79,93,46,47
050,46,065,"South Dakota","Hughes County",5,80,104,52,52
050,46,065,"South Dakota","Hughes County",5,81,71,31,40
050,46,065,"South Dakota","Hughes County",5,82,70,27,43
050,46,065,"South Dakota","Hughes County",5,83,72,31,41
050,46,065,"South Dakota","Hughes County",5,84,65,31,34
050,46,065,"South Dakota","Hughes County",5,85,329,125,204
050,46,067,"South Dakota","Hutchinson County",1,0,136,72,64
050,46,067,"South Dakota","Hutchinson County",1,1,131,65,66
050,46,067,"South Dakota","Hutchinson County",1,2,117,52,65
050,46,067,"South Dakota","Hutchinson County",1,3,132,64,68
050,46,067,"South Dakota","Hutchinson County",1,4,124,64,60
050,46,067,"South Dakota","Hutchinson County",1,5,114,56,58
050,46,067,"South Dakota","Hutchinson County",1,6,110,50,60
050,46,067,"South Dakota","Hutchinson County",1,7,104,55,49
050,46,067,"South Dakota","Hutchinson County",1,8,100,53,47
050,46,067,"South Dakota","Hutchinson County",1,9,99,53,46
050,46,067,"South Dakota","Hutchinson County",1,10,82,41,41
050,46,067,"South Dakota","Hutchinson County",1,11,96,49,47
050,46,067,"South Dakota","Hutchinson County",1,12,101,49,52
050,46,067,"South Dakota","Hutchinson County",1,13,104,47,57
050,46,067,"South Dakota","Hutchinson County",1,14,106,46,60
050,46,067,"South Dakota","Hutchinson County",1,15,109,47,62
050,46,067,"South Dakota","Hutchinson County",1,16,104,52,52
050,46,067,"South Dakota","Hutchinson County",1,17,92,47,45
050,46,067,"South Dakota","Hutchinson County",1,18,72,39,33
050,46,067,"South Dakota","Hutchinson County",1,19,64,32,32
050,46,067,"South Dakota","Hutchinson County",1,20,73,37,36
050,46,067,"South Dakota","Hutchinson County",1,21,59,28,31
050,46,067,"South Dakota","Hutchinson County",1,22,66,32,34
050,46,067,"South Dakota","Hutchinson County",1,23,86,48,38
050,46,067,"South Dakota","Hutchinson County",1,24,82,41,41
050,46,067,"South Dakota","Hutchinson County",1,25,80,34,46
050,46,067,"South Dakota","Hutchinson County",1,26,78,40,38
050,46,067,"South Dakota","Hutchinson County",1,27,77,44,33
050,46,067,"South Dakota","Hutchinson County",1,28,66,41,25
050,46,067,"South Dakota","Hutchinson County",1,29,63,29,34
050,46,067,"South Dakota","Hutchinson County",1,30,62,29,33
050,46,067,"South Dakota","Hutchinson County",1,31,71,33,38
050,46,067,"South Dakota","Hutchinson County",1,32,76,33,43
050,46,067,"South Dakota","Hutchinson County",1,33,74,39,35
050,46,067,"South Dakota","Hutchinson County",1,34,71,35,36
050,46,067,"South Dakota","Hutchinson County",1,35,75,41,34
050,46,067,"South Dakota","Hutchinson County",1,36,96,48,48
050,46,067,"South Dakota","Hutchinson County",1,37,83,37,46
050,46,067,"South Dakota","Hutchinson County",1,38,88,51,37
050,46,067,"South Dakota","Hutchinson County",1,39,78,47,31
050,46,067,"South Dakota","Hutchinson County",1,40,70,35,35
050,46,067,"South Dakota","Hutchinson County",1,41,74,33,41
050,46,067,"South Dakota","Hutchinson County",1,42,78,35,43
050,46,067,"South Dakota","Hutchinson County",1,43,80,39,41
050,46,067,"South Dakota","Hutchinson County",1,44,78,41,37
050,46,067,"South Dakota","Hutchinson County",1,45,75,39,36
050,46,067,"South Dakota","Hutchinson County",1,46,72,36,36
050,46,067,"South Dakota","Hutchinson County",1,47,73,34,39
050,46,067,"South Dakota","Hutchinson County",1,48,92,44,48
050,46,067,"South Dakota","Hutchinson County",1,49,109,64,45
050,46,067,"South Dakota","Hutchinson County",1,50,98,54,44
050,46,067,"South Dakota","Hutchinson County",1,51,75,40,35
050,46,067,"South Dakota","Hutchinson County",1,52,75,40,35
050,46,067,"South Dakota","Hutchinson County",1,53,68,38,30
050,46,067,"South Dakota","Hutchinson County",1,54,77,46,31
050,46,067,"South Dakota","Hutchinson County",1,55,90,45,45
050,46,067,"South Dakota","Hutchinson County",1,56,90,45,45
050,46,067,"South Dakota","Hutchinson County",1,57,96,53,43
050,46,067,"South Dakota","Hutchinson County",1,58,118,66,52
050,46,067,"South Dakota","Hutchinson County",1,59,111,59,52
050,46,067,"South Dakota","Hutchinson County",1,60,115,59,56
050,46,067,"South Dakota","Hutchinson County",1,61,115,55,60
050,46,067,"South Dakota","Hutchinson County",1,62,113,63,50
050,46,067,"South Dakota","Hutchinson County",1,63,101,51,50
050,46,067,"South Dakota","Hutchinson County",1,64,105,58,47
050,46,067,"South Dakota","Hutchinson County",1,65,96,53,43
050,46,067,"South Dakota","Hutchinson County",1,66,86,44,42
050,46,067,"South Dakota","Hutchinson County",1,67,118,57,61
050,46,067,"South Dakota","Hutchinson County",1,68,104,55,49
050,46,067,"South Dakota","Hutchinson County",1,69,72,34,38
050,46,067,"South Dakota","Hutchinson County",1,70,76,34,42
050,46,067,"South Dakota","Hutchinson County",1,71,75,40,35
050,46,067,"South Dakota","Hutchinson County",1,72,70,33,37
050,46,067,"South Dakota","Hutchinson County",1,73,53,24,29
050,46,067,"South Dakota","Hutchinson County",1,74,59,34,25
050,46,067,"South Dakota","Hutchinson County",1,75,54,29,25
050,46,067,"South Dakota","Hutchinson County",1,76,59,29,30
050,46,067,"South Dakota","Hutchinson County",1,77,55,24,31
050,46,067,"South Dakota","Hutchinson County",1,78,49,23,26
050,46,067,"South Dakota","Hutchinson County",1,79,42,18,24
050,46,067,"South Dakota","Hutchinson County",1,80,51,19,32
050,46,067,"South Dakota","Hutchinson County",1,81,45,20,25
050,46,067,"South Dakota","Hutchinson County",1,82,43,13,30
050,46,067,"South Dakota","Hutchinson County",1,83,35,11,24
050,46,067,"South Dakota","Hutchinson County",1,84,39,14,25
050,46,067,"South Dakota","Hutchinson County",1,85,296,114,182
050,46,067,"South Dakota","Hutchinson County",2,0,124,68,56
050,46,067,"South Dakota","Hutchinson County",2,1,131,64,67
050,46,067,"South Dakota","Hutchinson County",2,2,118,55,63
050,46,067,"South Dakota","Hutchinson County",2,3,130,64,66
050,46,067,"South Dakota","Hutchinson County",2,4,124,64,60
050,46,067,"South Dakota","Hutchinson County",2,5,117,58,59
050,46,067,"South Dakota","Hutchinson County",2,6,110,50,60
050,46,067,"South Dakota","Hutchinson County",2,7,107,54,53
050,46,067,"South Dakota","Hutchinson County",2,8,100,52,48
050,46,067,"South Dakota","Hutchinson County",2,9,100,54,46
050,46,067,"South Dakota","Hutchinson County",2,10,83,41,42
050,46,067,"South Dakota","Hutchinson County",2,11,97,50,47
050,46,067,"South Dakota","Hutchinson County",2,12,100,49,51
050,46,067,"South Dakota","Hutchinson County",2,13,105,48,57
050,46,067,"South Dakota","Hutchinson County",2,14,105,46,59
050,46,067,"South Dakota","Hutchinson County",2,15,108,47,61
050,46,067,"South Dakota","Hutchinson County",2,16,105,51,54
050,46,067,"South Dakota","Hutchinson County",2,17,95,48,47
050,46,067,"South Dakota","Hutchinson County",2,18,72,39,33
050,46,067,"South Dakota","Hutchinson County",2,19,62,31,31
050,46,067,"South Dakota","Hutchinson County",2,20,74,37,37
050,46,067,"South Dakota","Hutchinson County",2,21,60,28,32
050,46,067,"South Dakota","Hutchinson County",2,22,63,32,31
050,46,067,"South Dakota","Hutchinson County",2,23,83,46,37
050,46,067,"South Dakota","Hutchinson County",2,24,82,41,41
050,46,067,"South Dakota","Hutchinson County",2,25,78,35,43
050,46,067,"South Dakota","Hutchinson County",2,26,79,38,41
050,46,067,"South Dakota","Hutchinson County",2,27,74,41,33
050,46,067,"South Dakota","Hutchinson County",2,28,68,42,26
050,46,067,"South Dakota","Hutchinson County",2,29,64,31,33
050,46,067,"South Dakota","Hutchinson County",2,30,62,29,33
050,46,067,"South Dakota","Hutchinson County",2,31,70,33,37
050,46,067,"South Dakota","Hutchinson County",2,32,75,32,43
050,46,067,"South Dakota","Hutchinson County",2,33,78,39,39
050,46,067,"South Dakota","Hutchinson County",2,34,71,35,36
050,46,067,"South Dakota","Hutchinson County",2,35,75,42,33
050,46,067,"South Dakota","Hutchinson County",2,36,93,47,46
050,46,067,"South Dakota","Hutchinson County",2,37,84,39,45
050,46,067,"South Dakota","Hutchinson County",2,38,92,52,40
050,46,067,"South Dakota","Hutchinson County",2,39,80,47,33
050,46,067,"South Dakota","Hutchinson County",2,40,74,38,36
050,46,067,"South Dakota","Hutchinson County",2,41,75,35,40
050,46,067,"South Dakota","Hutchinson County",2,42,77,34,43
050,46,067,"South Dakota","Hutchinson County",2,43,79,39,40
050,46,067,"South Dakota","Hutchinson County",2,44,79,40,39
050,46,067,"South Dakota","Hutchinson County",2,45,77,40,37
050,46,067,"South Dakota","Hutchinson County",2,46,72,36,36
050,46,067,"South Dakota","Hutchinson County",2,47,73,35,38
050,46,067,"South Dakota","Hutchinson County",2,48,88,42,46
050,46,067,"South Dakota","Hutchinson County",2,49,104,59,45
050,46,067,"South Dakota","Hutchinson County",2,50,100,56,44
050,46,067,"South Dakota","Hutchinson County",2,51,81,44,37
050,46,067,"South Dakota","Hutchinson County",2,52,74,39,35
050,46,067,"South Dakota","Hutchinson County",2,53,70,38,32
050,46,067,"South Dakota","Hutchinson County",2,54,74,44,30
050,46,067,"South Dakota","Hutchinson County",2,55,88,46,42
050,46,067,"South Dakota","Hutchinson County",2,56,91,45,46
050,46,067,"South Dakota","Hutchinson County",2,57,95,51,44
050,46,067,"South Dakota","Hutchinson County",2,58,111,61,50
050,46,067,"South Dakota","Hutchinson County",2,59,114,62,52
050,46,067,"South Dakota","Hutchinson County",2,60,115,59,56
050,46,067,"South Dakota","Hutchinson County",2,61,115,56,59
050,46,067,"South Dakota","Hutchinson County",2,62,113,61,52
050,46,067,"South Dakota","Hutchinson County",2,63,103,54,49
050,46,067,"South Dakota","Hutchinson County",2,64,102,55,47
050,46,067,"South Dakota","Hutchinson County",2,65,98,54,44
050,46,067,"South Dakota","Hutchinson County",2,66,88,46,42
050,46,067,"South Dakota","Hutchinson County",2,67,111,54,57
050,46,067,"South Dakota","Hutchinson County",2,68,107,55,52
050,46,067,"South Dakota","Hutchinson County",2,69,79,39,40
050,46,067,"South Dakota","Hutchinson County",2,70,75,34,41
050,46,067,"South Dakota","Hutchinson County",2,71,75,38,37
050,46,067,"South Dakota","Hutchinson County",2,72,70,34,36
050,46,067,"South Dakota","Hutchinson County",2,73,61,28,33
050,46,067,"South Dakota","Hutchinson County",2,74,54,30,24
050,46,067,"South Dakota","Hutchinson County",2,75,53,29,24
050,46,067,"South Dakota","Hutchinson County",2,76,58,29,29
050,46,067,"South Dakota","Hutchinson County",2,77,57,25,32
050,46,067,"South Dakota","Hutchinson County",2,78,49,23,26
050,46,067,"South Dakota","Hutchinson County",2,79,43,19,24
050,46,067,"South Dakota","Hutchinson County",2,80,50,19,31
050,46,067,"South Dakota","Hutchinson County",2,81,46,20,26
050,46,067,"South Dakota","Hutchinson County",2,82,42,13,29
050,46,067,"South Dakota","Hutchinson County",2,83,37,12,25
050,46,067,"South Dakota","Hutchinson County",2,84,38,13,25
050,46,067,"South Dakota","Hutchinson County",2,85,293,115,178
050,46,067,"South Dakota","Hutchinson County",3,0,105,54,51
050,46,067,"South Dakota","Hutchinson County",3,1,111,52,59
050,46,067,"South Dakota","Hutchinson County",3,2,122,59,63
050,46,067,"South Dakota","Hutchinson County",3,3,120,61,59
050,46,067,"South Dakota","Hutchinson County",3,4,129,63,66
050,46,067,"South Dakota","Hutchinson County",3,5,117,66,51
050,46,067,"South Dakota","Hutchinson County",3,6,114,57,57
050,46,067,"South Dakota","Hutchinson County",3,7,118,54,64
050,46,067,"South Dakota","Hutchinson County",3,8,102,47,55
050,46,067,"South Dakota","Hutchinson County",3,9,100,54,46
050,46,067,"South Dakota","Hutchinson County",3,10,89,46,43
050,46,067,"South Dakota","Hutchinson County",3,11,92,44,48
050,46,067,"South Dakota","Hutchinson County",3,12,102,52,50
050,46,067,"South Dakota","Hutchinson County",3,13,105,54,51
050,46,067,"South Dakota","Hutchinson County",3,14,104,45,59
050,46,067,"South Dakota","Hutchinson County",3,15,104,48,56
050,46,067,"South Dakota","Hutchinson County",3,16,103,47,56
050,46,067,"South Dakota","Hutchinson County",3,17,111,54,57
050,46,067,"South Dakota","Hutchinson County",3,18,72,40,32
050,46,067,"South Dakota","Hutchinson County",3,19,53,29,24
050,46,067,"South Dakota","Hutchinson County",3,20,71,32,39
050,46,067,"South Dakota","Hutchinson County",3,21,70,38,32
050,46,067,"South Dakota","Hutchinson County",3,22,65,33,32
050,46,067,"South Dakota","Hutchinson County",3,23,69,35,34
050,46,067,"South Dakota","Hutchinson County",3,24,77,36,41
050,46,067,"South Dakota","Hutchinson County",3,25,75,38,37
050,46,067,"South Dakota","Hutchinson County",3,26,77,33,44
050,46,067,"South Dakota","Hutchinson County",3,27,79,37,42
050,46,067,"South Dakota","Hutchinson County",3,28,76,47,29
050,46,067,"South Dakota","Hutchinson County",3,29,69,37,32
050,46,067,"South Dakota","Hutchinson County",3,30,64,34,30
050,46,067,"South Dakota","Hutchinson County",3,31,70,36,34
050,46,067,"South Dakota","Hutchinson County",3,32,79,36,43
050,46,067,"South Dakota","Hutchinson County",3,33,80,38,42
050,46,067,"South Dakota","Hutchinson County",3,34,71,31,40
050,46,067,"South Dakota","Hutchinson County",3,35,67,34,33
050,46,067,"South Dakota","Hutchinson County",3,36,89,47,42
050,46,067,"South Dakota","Hutchinson County",3,37,89,46,43
050,46,067,"South Dakota","Hutchinson County",3,38,89,43,46
050,46,067,"South Dakota","Hutchinson County",3,39,86,51,35
050,46,067,"South Dakota","Hutchinson County",3,40,73,42,31
050,46,067,"South Dakota","Hutchinson County",3,41,80,42,38
050,46,067,"South Dakota","Hutchinson County",3,42,78,36,42
050,46,067,"South Dakota","Hutchinson County",3,43,71,35,36
050,46,067,"South Dakota","Hutchinson County",3,44,82,41,41
050,46,067,"South Dakota","Hutchinson County",3,45,85,42,43
050,46,067,"South Dakota","Hutchinson County",3,46,74,38,36
050,46,067,"South Dakota","Hutchinson County",3,47,75,37,38
050,46,067,"South Dakota","Hutchinson County",3,48,75,38,37
050,46,067,"South Dakota","Hutchinson County",3,49,83,39,44
050,46,067,"South Dakota","Hutchinson County",3,50,103,59,44
050,46,067,"South Dakota","Hutchinson County",3,51,106,64,42
050,46,067,"South Dakota","Hutchinson County",3,52,78,41,37
050,46,067,"South Dakota","Hutchinson County",3,53,78,40,38
050,46,067,"South Dakota","Hutchinson County",3,54,67,38,29
050,46,067,"South Dakota","Hutchinson County",3,55,74,44,30
050,46,067,"South Dakota","Hutchinson County",3,56,86,46,40
050,46,067,"South Dakota","Hutchinson County",3,57,89,44,45
050,46,067,"South Dakota","Hutchinson County",3,58,89,44,45
050,46,067,"South Dakota","Hutchinson County",3,59,105,59,46
050,46,067,"South Dakota","Hutchinson County",3,60,117,62,55
050,46,067,"South Dakota","Hutchinson County",3,61,116,61,55
050,46,067,"South Dakota","Hutchinson County",3,62,113,57,56
050,46,067,"South Dakota","Hutchinson County",3,63,117,62,55
050,46,067,"South Dakota","Hutchinson County",3,64,98,49,49
050,46,067,"South Dakota","Hutchinson County",3,65,98,55,43
050,46,067,"South Dakota","Hutchinson County",3,66,98,55,43
050,46,067,"South Dakota","Hutchinson County",3,67,94,49,45
050,46,067,"South Dakota","Hutchinson County",3,68,110,52,58
050,46,067,"South Dakota","Hutchinson County",3,69,101,54,47
050,46,067,"South Dakota","Hutchinson County",3,70,73,33,40
050,46,067,"South Dakota","Hutchinson County",3,71,71,31,40
050,46,067,"South Dakota","Hutchinson County",3,72,74,38,36
050,46,067,"South Dakota","Hutchinson County",3,73,70,33,37
050,46,067,"South Dakota","Hutchinson County",3,74,60,29,31
050,46,067,"South Dakota","Hutchinson County",3,75,54,30,24
050,46,067,"South Dakota","Hutchinson County",3,76,54,30,24
050,46,067,"South Dakota","Hutchinson County",3,77,51,23,28
050,46,067,"South Dakota","Hutchinson County",3,78,54,22,32
050,46,067,"South Dakota","Hutchinson County",3,79,43,20,23
050,46,067,"South Dakota","Hutchinson County",3,80,43,18,25
050,46,067,"South Dakota","Hutchinson County",3,81,45,17,28
050,46,067,"South Dakota","Hutchinson County",3,82,42,17,25
050,46,067,"South Dakota","Hutchinson County",3,83,39,12,27
050,46,067,"South Dakota","Hutchinson County",3,84,35,11,24
050,46,067,"South Dakota","Hutchinson County",3,85,271,106,165
050,46,067,"South Dakota","Hutchinson County",4,0,117,66,51
050,46,067,"South Dakota","Hutchinson County",4,1,96,45,51
050,46,067,"South Dakota","Hutchinson County",4,2,97,41,56
050,46,067,"South Dakota","Hutchinson County",4,3,129,70,59
050,46,067,"South Dakota","Hutchinson County",4,4,109,56,53
050,46,067,"South Dakota","Hutchinson County",4,5,121,58,63
050,46,067,"South Dakota","Hutchinson County",4,6,108,57,51
050,46,067,"South Dakota","Hutchinson County",4,7,131,67,64
050,46,067,"South Dakota","Hutchinson County",4,8,120,54,66
050,46,067,"South Dakota","Hutchinson County",4,9,117,58,59
050,46,067,"South Dakota","Hutchinson County",4,10,86,45,41
050,46,067,"South Dakota","Hutchinson County",4,11,110,58,52
050,46,067,"South Dakota","Hutchinson County",4,12,97,47,50
050,46,067,"South Dakota","Hutchinson County",4,13,95,49,46
050,46,067,"South Dakota","Hutchinson County",4,14,105,54,51
050,46,067,"South Dakota","Hutchinson County",4,15,104,46,58
050,46,067,"South Dakota","Hutchinson County",4,16,101,50,51
050,46,067,"South Dakota","Hutchinson County",4,17,103,48,55
050,46,067,"South Dakota","Hutchinson County",4,18,84,46,38
050,46,067,"South Dakota","Hutchinson County",4,19,54,28,26
050,46,067,"South Dakota","Hutchinson County",4,20,57,29,28
050,46,067,"South Dakota","Hutchinson County",4,21,69,29,40
050,46,067,"South Dakota","Hutchinson County",4,22,70,39,31
050,46,067,"South Dakota","Hutchinson County",4,23,70,35,35
050,46,067,"South Dakota","Hutchinson County",4,24,83,38,45
050,46,067,"South Dakota","Hutchinson County",4,25,67,30,37
050,46,067,"South Dakota","Hutchinson County",4,26,71,35,36
050,46,067,"South Dakota","Hutchinson County",4,27,77,35,42
050,46,067,"South Dakota","Hutchinson County",4,28,82,43,39
050,46,067,"South Dakota","Hutchinson County",4,29,76,43,33
050,46,067,"South Dakota","Hutchinson County",4,30,66,39,27
050,46,067,"South Dakota","Hutchinson County",4,31,71,44,27
050,46,067,"South Dakota","Hutchinson County",4,32,77,33,44
050,46,067,"South Dakota","Hutchinson County",4,33,80,34,46
050,46,067,"South Dakota","Hutchinson County",4,34,75,34,41
050,46,067,"South Dakota","Hutchinson County",4,35,67,32,35
050,46,067,"South Dakota","Hutchinson County",4,36,86,41,45
050,46,067,"South Dakota","Hutchinson County",4,37,76,45,31
050,46,067,"South Dakota","Hutchinson County",4,38,92,50,42
050,46,067,"South Dakota","Hutchinson County",4,39,84,41,43
050,46,067,"South Dakota","Hutchinson County",4,40,85,44,41
050,46,067,"South Dakota","Hutchinson County",4,41,75,45,30
050,46,067,"South Dakota","Hutchinson County",4,42,72,33,39
050,46,067,"South Dakota","Hutchinson County",4,43,71,35,36
050,46,067,"South Dakota","Hutchinson County",4,44,76,37,39
050,46,067,"South Dakota","Hutchinson County",4,45,87,44,43
050,46,067,"South Dakota","Hutchinson County",4,46,86,39,47
050,46,067,"South Dakota","Hutchinson County",4,47,81,43,38
050,46,067,"South Dakota","Hutchinson County",4,48,72,37,35
050,46,067,"South Dakota","Hutchinson County",4,49,67,36,31
050,46,067,"South Dakota","Hutchinson County",4,50,81,35,46
050,46,067,"South Dakota","Hutchinson County",4,51,104,62,42
050,46,067,"South Dakota","Hutchinson County",4,52,100,62,38
050,46,067,"South Dakota","Hutchinson County",4,53,82,43,39
050,46,067,"South Dakota","Hutchinson County",4,54,73,38,35
050,46,067,"South Dakota","Hutchinson County",4,55,74,43,31
050,46,067,"South Dakota","Hutchinson County",4,56,80,44,36
050,46,067,"South Dakota","Hutchinson County",4,57,84,45,39
050,46,067,"South Dakota","Hutchinson County",4,58,85,40,45
050,46,067,"South Dakota","Hutchinson County",4,59,95,45,50
050,46,067,"South Dakota","Hutchinson County",4,60,110,59,51
050,46,067,"South Dakota","Hutchinson County",4,61,115,62,53
050,46,067,"South Dakota","Hutchinson County",4,62,109,60,49
050,46,067,"South Dakota","Hutchinson County",4,63,113,55,58
050,46,067,"South Dakota","Hutchinson County",4,64,114,59,55
050,46,067,"South Dakota","Hutchinson County",4,65,91,45,46
050,46,067,"South Dakota","Hutchinson County",4,66,98,56,42
050,46,067,"South Dakota","Hutchinson County",4,67,102,57,45
050,46,067,"South Dakota","Hutchinson County",4,68,91,48,43
050,46,067,"South Dakota","Hutchinson County",4,69,105,50,55
050,46,067,"South Dakota","Hutchinson County",4,70,95,50,45
050,46,067,"South Dakota","Hutchinson County",4,71,74,35,39
050,46,067,"South Dakota","Hutchinson County",4,72,69,29,40
050,46,067,"South Dakota","Hutchinson County",4,73,74,38,36
050,46,067,"South Dakota","Hutchinson County",4,74,70,35,35
050,46,067,"South Dakota","Hutchinson County",4,75,55,26,29
050,46,067,"South Dakota","Hutchinson County",4,76,55,32,23
050,46,067,"South Dakota","Hutchinson County",4,77,50,26,24
050,46,067,"South Dakota","Hutchinson County",4,78,53,23,30
050,46,067,"South Dakota","Hutchinson County",4,79,49,20,29
050,46,067,"South Dakota","Hutchinson County",4,80,43,18,25
050,46,067,"South Dakota","Hutchinson County",4,81,33,14,19
050,46,067,"South Dakota","Hutchinson County",4,82,45,16,29
050,46,067,"South Dakota","Hutchinson County",4,83,37,15,22
050,46,067,"South Dakota","Hutchinson County",4,84,42,12,30
050,46,067,"South Dakota","Hutchinson County",4,85,249,91,158
050,46,067,"South Dakota","Hutchinson County",5,0,118,65,53
050,46,067,"South Dakota","Hutchinson County",5,1,118,61,57
050,46,067,"South Dakota","Hutchinson County",5,2,86,40,46
050,46,067,"South Dakota","Hutchinson County",5,3,101,44,57
050,46,067,"South Dakota","Hutchinson County",5,4,126,69,57
050,46,067,"South Dakota","Hutchinson County",5,5,109,57,52
050,46,067,"South Dakota","Hutchinson County",5,6,118,55,63
050,46,067,"South Dakota","Hutchinson County",5,7,120,66,54
050,46,067,"South Dakota","Hutchinson County",5,8,129,62,67
050,46,067,"South Dakota","Hutchinson County",5,9,124,59,65
050,46,067,"South Dakota","Hutchinson County",5,10,101,47,54
050,46,067,"South Dakota","Hutchinson County",5,11,98,52,46
050,46,067,"South Dakota","Hutchinson County",5,12,109,55,54
050,46,067,"South Dakota","Hutchinson County",5,13,100,47,53
050,46,067,"South Dakota","Hutchinson County",5,14,101,50,51
050,46,067,"South Dakota","Hutchinson County",5,15,106,53,53
050,46,067,"South Dakota","Hutchinson County",5,16,101,47,54
050,46,067,"South Dakota","Hutchinson County",5,17,99,52,47
050,46,067,"South Dakota","Hutchinson County",5,18,79,42,37
050,46,067,"South Dakota","Hutchinson County",5,19,67,34,33
050,46,067,"South Dakota","Hutchinson County",5,20,68,32,36
050,46,067,"South Dakota","Hutchinson County",5,21,55,26,29
050,46,067,"South Dakota","Hutchinson County",5,22,68,32,36
050,46,067,"South Dakota","Hutchinson County",5,23,79,44,35
050,46,067,"South Dakota","Hutchinson County",5,24,73,33,40
050,46,067,"South Dakota","Hutchinson County",5,25,73,38,35
050,46,067,"South Dakota","Hutchinson County",5,26,70,32,38
050,46,067,"South Dakota","Hutchinson County",5,27,72,37,35
050,46,067,"South Dakota","Hutchinson County",5,28,82,41,41
050,46,067,"South Dakota","Hutchinson County",5,29,80,38,42
050,46,067,"South Dakota","Hutchinson County",5,30,70,40,30
050,46,067,"South Dakota","Hutchinson County",5,31,74,47,27
050,46,067,"South Dakota","Hutchinson County",5,32,77,42,35
050,46,067,"South Dakota","Hutchinson County",5,33,84,38,46
050,46,067,"South Dakota","Hutchinson County",5,34,78,32,46
050,46,067,"South Dakota","Hutchinson County",5,35,80,43,37
050,46,067,"South Dakota","Hutchinson County",5,36,80,38,42
050,46,067,"South Dakota","Hutchinson County",5,37,78,38,40
050,46,067,"South Dakota","Hutchinson County",5,38,81,50,31
050,46,067,"South Dakota","Hutchinson County",5,39,84,44,40
050,46,067,"South Dakota","Hutchinson County",5,40,90,43,47
050,46,067,"South Dakota","Hutchinson County",5,41,90,45,45
050,46,067,"South Dakota","Hutchinson County",5,42,74,42,32
050,46,067,"South Dakota","Hutchinson County",5,43,66,35,31
050,46,067,"South Dakota","Hutchinson County",5,44,71,34,37
050,46,067,"South Dakota","Hutchinson County",5,45,78,36,42
050,46,067,"South Dakota","Hutchinson County",5,46,86,42,44
050,46,067,"South Dakota","Hutchinson County",5,47,86,41,45
050,46,067,"South Dakota","Hutchinson County",5,48,84,47,37
050,46,067,"South Dakota","Hutchinson County",5,49,67,33,34
050,46,067,"South Dakota","Hutchinson County",5,50,70,33,37
050,46,067,"South Dakota","Hutchinson County",5,51,84,41,43
050,46,067,"South Dakota","Hutchinson County",5,52,102,59,43
050,46,067,"South Dakota","Hutchinson County",5,53,103,64,39
050,46,067,"South Dakota","Hutchinson County",5,54,79,44,35
050,46,067,"South Dakota","Hutchinson County",5,55,76,40,36
050,46,067,"South Dakota","Hutchinson County",5,56,77,43,34
050,46,067,"South Dakota","Hutchinson County",5,57,81,43,38
050,46,067,"South Dakota","Hutchinson County",5,58,82,41,41
050,46,067,"South Dakota","Hutchinson County",5,59,83,41,42
050,46,067,"South Dakota","Hutchinson County",5,60,94,42,52
050,46,067,"South Dakota","Hutchinson County",5,61,111,62,49
050,46,067,"South Dakota","Hutchinson County",5,62,115,61,54
050,46,067,"South Dakota","Hutchinson County",5,63,112,62,50
050,46,067,"South Dakota","Hutchinson County",5,64,108,50,58
050,46,067,"South Dakota","Hutchinson County",5,65,108,57,51
050,46,067,"South Dakota","Hutchinson County",5,66,93,46,47
050,46,067,"South Dakota","Hutchinson County",5,67,100,55,45
050,46,067,"South Dakota","Hutchinson County",5,68,100,54,46
050,46,067,"South Dakota","Hutchinson County",5,69,83,45,38
050,46,067,"South Dakota","Hutchinson County",5,70,100,48,52
050,46,067,"South Dakota","Hutchinson County",5,71,93,48,45
050,46,067,"South Dakota","Hutchinson County",5,72,73,34,39
050,46,067,"South Dakota","Hutchinson County",5,73,70,28,42
050,46,067,"South Dakota","Hutchinson County",5,74,78,42,36
050,46,067,"South Dakota","Hutchinson County",5,75,68,32,36
050,46,067,"South Dakota","Hutchinson County",5,76,59,29,30
050,46,067,"South Dakota","Hutchinson County",5,77,50,28,22
050,46,067,"South Dakota","Hutchinson County",5,78,53,28,25
050,46,067,"South Dakota","Hutchinson County",5,79,50,21,29
050,46,067,"South Dakota","Hutchinson County",5,80,50,19,31
050,46,067,"South Dakota","Hutchinson County",5,81,33,14,19
050,46,067,"South Dakota","Hutchinson County",5,82,33,13,20
050,46,067,"South Dakota","Hutchinson County",5,83,39,12,27
050,46,067,"South Dakota","Hutchinson County",5,84,39,15,24
050,46,067,"South Dakota","Hutchinson County",5,85,237,84,153
050,46,069,"South Dakota","Hyde County",1,0,19,10,9
050,46,069,"South Dakota","Hyde County",1,1,15,7,8
050,46,069,"South Dakota","Hyde County",1,2,16,7,9
050,46,069,"South Dakota","Hyde County",1,3,20,10,10
050,46,069,"South Dakota","Hyde County",1,4,14,7,7
050,46,069,"South Dakota","Hyde County",1,5,13,6,7
050,46,069,"South Dakota","Hyde County",1,6,15,11,4
050,46,069,"South Dakota","Hyde County",1,7,11,8,3
050,46,069,"South Dakota","Hyde County",1,8,13,6,7
050,46,069,"South Dakota","Hyde County",1,9,13,6,7
050,46,069,"South Dakota","Hyde County",1,10,19,12,7
050,46,069,"South Dakota","Hyde County",1,11,14,7,7
050,46,069,"South Dakota","Hyde County",1,12,17,7,10
050,46,069,"South Dakota","Hyde County",1,13,17,10,7
050,46,069,"South Dakota","Hyde County",1,14,17,9,8
050,46,069,"South Dakota","Hyde County",1,15,23,18,5
050,46,069,"South Dakota","Hyde County",1,16,17,10,7
050,46,069,"South Dakota","Hyde County",1,17,13,7,6
050,46,069,"South Dakota","Hyde County",1,18,12,5,7
050,46,069,"South Dakota","Hyde County",1,19,12,7,5
050,46,069,"South Dakota","Hyde County",1,20,8,5,3
050,46,069,"South Dakota","Hyde County",1,21,9,4,5
050,46,069,"South Dakota","Hyde County",1,22,9,5,4
050,46,069,"South Dakota","Hyde County",1,23,15,9,6
050,46,069,"South Dakota","Hyde County",1,24,16,8,8
050,46,069,"South Dakota","Hyde County",1,25,8,5,3
050,46,069,"South Dakota","Hyde County",1,26,11,5,6
050,46,069,"South Dakota","Hyde County",1,27,18,8,10
050,46,069,"South Dakota","Hyde County",1,28,16,7,9
050,46,069,"South Dakota","Hyde County",1,29,12,7,5
050,46,069,"South Dakota","Hyde County",1,30,14,6,8
050,46,069,"South Dakota","Hyde County",1,31,20,11,9
050,46,069,"South Dakota","Hyde County",1,32,16,8,8
050,46,069,"South Dakota","Hyde County",1,33,13,6,7
050,46,069,"South Dakota","Hyde County",1,34,10,5,5
050,46,069,"South Dakota","Hyde County",1,35,10,4,6
050,46,069,"South Dakota","Hyde County",1,36,10,8,2
050,46,069,"South Dakota","Hyde County",1,37,7,4,3
050,46,069,"South Dakota","Hyde County",1,38,13,7,6
050,46,069,"South Dakota","Hyde County",1,39,16,9,7
050,46,069,"South Dakota","Hyde County",1,40,14,6,8
050,46,069,"South Dakota","Hyde County",1,41,13,4,9
050,46,069,"South Dakota","Hyde County",1,42,15,9,6
050,46,069,"South Dakota","Hyde County",1,43,15,10,5
050,46,069,"South Dakota","Hyde County",1,44,13,7,6
050,46,069,"South Dakota","Hyde County",1,45,9,6,3
050,46,069,"South Dakota","Hyde County",1,46,12,7,5
050,46,069,"South Dakota","Hyde County",1,47,12,6,6
050,46,069,"South Dakota","Hyde County",1,48,9,3,6
050,46,069,"South Dakota","Hyde County",1,49,11,2,9
050,46,069,"South Dakota","Hyde County",1,50,8,3,5
050,46,069,"South Dakota","Hyde County",1,51,12,6,6
050,46,069,"South Dakota","Hyde County",1,52,13,6,7
050,46,069,"South Dakota","Hyde County",1,53,14,4,10
050,46,069,"South Dakota","Hyde County",1,54,17,9,8
050,46,069,"South Dakota","Hyde County",1,55,21,10,11
050,46,069,"South Dakota","Hyde County",1,56,19,8,11
050,46,069,"South Dakota","Hyde County",1,57,16,7,9
050,46,069,"South Dakota","Hyde County",1,58,17,10,7
050,46,069,"South Dakota","Hyde County",1,59,16,12,4
050,46,069,"South Dakota","Hyde County",1,60,18,11,7
050,46,069,"South Dakota","Hyde County",1,61,20,12,8
050,46,069,"South Dakota","Hyde County",1,62,26,14,12
050,46,069,"South Dakota","Hyde County",1,63,26,10,16
050,46,069,"South Dakota","Hyde County",1,64,25,9,16
050,46,069,"South Dakota","Hyde County",1,65,28,11,17
050,46,069,"South Dakota","Hyde County",1,66,21,9,12
050,46,069,"South Dakota","Hyde County",1,67,20,12,8
050,46,069,"South Dakota","Hyde County",1,68,21,13,8
050,46,069,"South Dakota","Hyde County",1,69,17,10,7
050,46,069,"South Dakota","Hyde County",1,70,15,8,7
050,46,069,"South Dakota","Hyde County",1,71,12,5,7
050,46,069,"South Dakota","Hyde County",1,72,13,7,6
050,46,069,"South Dakota","Hyde County",1,73,11,7,4
050,46,069,"South Dakota","Hyde County",1,74,8,4,4
050,46,069,"South Dakota","Hyde County",1,75,10,7,3
050,46,069,"South Dakota","Hyde County",1,76,8,7,1
050,46,069,"South Dakota","Hyde County",1,77,9,5,4
050,46,069,"South Dakota","Hyde County",1,78,9,4,5
050,46,069,"South Dakota","Hyde County",1,79,9,5,4
050,46,069,"South Dakota","Hyde County",1,80,11,4,7
050,46,069,"South Dakota","Hyde County",1,81,12,5,7
050,46,069,"South Dakota","Hyde County",1,82,10,5,5
050,46,069,"South Dakota","Hyde County",1,83,10,5,5
050,46,069,"South Dakota","Hyde County",1,84,5,3,2
050,46,069,"South Dakota","Hyde County",1,85,50,18,32
050,46,069,"South Dakota","Hyde County",2,0,19,9,10
050,46,069,"South Dakota","Hyde County",2,1,15,7,8
050,46,069,"South Dakota","Hyde County",2,2,15,7,8
050,46,069,"South Dakota","Hyde County",2,3,19,9,10
050,46,069,"South Dakota","Hyde County",2,4,16,8,8
050,46,069,"South Dakota","Hyde County",2,5,14,7,7
050,46,069,"South Dakota","Hyde County",2,6,14,10,4
050,46,069,"South Dakota","Hyde County",2,7,12,8,4
050,46,069,"South Dakota","Hyde County",2,8,12,6,6
050,46,069,"South Dakota","Hyde County",2,9,14,7,7
050,46,069,"South Dakota","Hyde County",2,10,17,10,7
050,46,069,"South Dakota","Hyde County",2,11,15,8,7
050,46,069,"South Dakota","Hyde County",2,12,17,7,10
050,46,069,"South Dakota","Hyde County",2,13,17,10,7
050,46,069,"South Dakota","Hyde County",2,14,16,9,7
050,46,069,"South Dakota","Hyde County",2,15,21,15,6
050,46,069,"South Dakota","Hyde County",2,16,19,12,7
050,46,069,"South Dakota","Hyde County",2,17,14,8,6
050,46,069,"South Dakota","Hyde County",2,18,13,6,7
050,46,069,"South Dakota","Hyde County",2,19,11,6,5
050,46,069,"South Dakota","Hyde County",2,20,9,6,3
050,46,069,"South Dakota","Hyde County",2,21,9,4,5
050,46,069,"South Dakota","Hyde County",2,22,9,5,4
050,46,069,"South Dakota","Hyde County",2,23,15,9,6
050,46,069,"South Dakota","Hyde County",2,24,16,8,8
050,46,069,"South Dakota","Hyde County",2,25,10,6,4
050,46,069,"South Dakota","Hyde County",2,26,11,5,6
050,46,069,"South Dakota","Hyde County",2,27,16,7,9
050,46,069,"South Dakota","Hyde County",2,28,16,7,9
050,46,069,"South Dakota","Hyde County",2,29,13,7,6
050,46,069,"South Dakota","Hyde County",2,30,14,6,8
050,46,069,"South Dakota","Hyde County",2,31,19,10,9
050,46,069,"South Dakota","Hyde County",2,32,17,9,8
050,46,069,"South Dakota","Hyde County",2,33,14,6,8
050,46,069,"South Dakota","Hyde County",2,34,10,5,5
050,46,069,"South Dakota","Hyde County",2,35,9,4,5
050,46,069,"South Dakota","Hyde County",2,36,10,7,3
050,46,069,"South Dakota","Hyde County",2,37,8,5,3
050,46,069,"South Dakota","Hyde County",2,38,11,6,5
050,46,069,"South Dakota","Hyde County",2,39,14,7,7
050,46,069,"South Dakota","Hyde County",2,40,14,6,8
050,46,069,"South Dakota","Hyde County",2,41,14,5,9
050,46,069,"South Dakota","Hyde County",2,42,14,8,6
050,46,069,"South Dakota","Hyde County",2,43,15,9,6
050,46,069,"South Dakota","Hyde County",2,44,14,8,6
050,46,069,"South Dakota","Hyde County",2,45,9,6,3
050,46,069,"South Dakota","Hyde County",2,46,11,7,4
050,46,069,"South Dakota","Hyde County",2,47,12,6,6
050,46,069,"South Dakota","Hyde County",2,48,9,3,6
050,46,069,"South Dakota","Hyde County",2,49,10,2,8
050,46,069,"South Dakota","Hyde County",2,50,9,3,6
050,46,069,"South Dakota","Hyde County",2,51,12,6,6
050,46,069,"South Dakota","Hyde County",2,52,12,5,7
050,46,069,"South Dakota","Hyde County",2,53,13,4,9
050,46,069,"South Dakota","Hyde County",2,54,17,8,9
050,46,069,"South Dakota","Hyde County",2,55,21,10,11
050,46,069,"South Dakota","Hyde County",2,56,19,8,11
050,46,069,"South Dakota","Hyde County",2,57,16,7,9
050,46,069,"South Dakota","Hyde County",2,58,16,9,7
050,46,069,"South Dakota","Hyde County",2,59,17,12,5
050,46,069,"South Dakota","Hyde County",2,60,17,11,6
050,46,069,"South Dakota","Hyde County",2,61,20,12,8
050,46,069,"South Dakota","Hyde County",2,62,24,13,11
050,46,069,"South Dakota","Hyde County",2,63,26,11,15
050,46,069,"South Dakota","Hyde County",2,64,25,9,16
050,46,069,"South Dakota","Hyde County",2,65,27,11,16
050,46,069,"South Dakota","Hyde County",2,66,22,9,13
050,46,069,"South Dakota","Hyde County",2,67,20,11,9
050,46,069,"South Dakota","Hyde County",2,68,21,13,8
050,46,069,"South Dakota","Hyde County",2,69,18,10,8
050,46,069,"South Dakota","Hyde County",2,70,15,8,7
050,46,069,"South Dakota","Hyde County",2,71,13,6,7
050,46,069,"South Dakota","Hyde County",2,72,12,6,6
050,46,069,"South Dakota","Hyde County",2,73,13,8,5
050,46,069,"South Dakota","Hyde County",2,74,8,4,4
050,46,069,"South Dakota","Hyde County",2,75,9,6,3
050,46,069,"South Dakota","Hyde County",2,76,7,6,1
050,46,069,"South Dakota","Hyde County",2,77,9,6,3
050,46,069,"South Dakota","Hyde County",2,78,8,4,4
050,46,069,"South Dakota","Hyde County",2,79,8,4,4
050,46,069,"South Dakota","Hyde County",2,80,10,4,6
050,46,069,"South Dakota","Hyde County",2,81,11,4,7
050,46,069,"South Dakota","Hyde County",2,82,9,5,4
050,46,069,"South Dakota","Hyde County",2,83,10,5,5
050,46,069,"South Dakota","Hyde County",2,84,5,3,2
050,46,069,"South Dakota","Hyde County",2,85,49,18,31
050,46,069,"South Dakota","Hyde County",3,0,20,13,7
050,46,069,"South Dakota","Hyde County",3,1,20,8,12
050,46,069,"South Dakota","Hyde County",3,2,16,9,7
050,46,069,"South Dakota","Hyde County",3,3,18,9,9
050,46,069,"South Dakota","Hyde County",3,4,17,7,10
050,46,069,"South Dakota","Hyde County",3,5,19,10,9
050,46,069,"South Dakota","Hyde County",3,6,13,5,8
050,46,069,"South Dakota","Hyde County",3,7,12,9,3
050,46,069,"South Dakota","Hyde County",3,8,13,9,4
050,46,069,"South Dakota","Hyde County",3,9,9,5,4
050,46,069,"South Dakota","Hyde County",3,10,11,5,6
050,46,069,"South Dakota","Hyde County",3,11,17,10,7
050,46,069,"South Dakota","Hyde County",3,12,16,8,8
050,46,069,"South Dakota","Hyde County",3,13,17,8,9
050,46,069,"South Dakota","Hyde County",3,14,17,10,7
050,46,069,"South Dakota","Hyde County",3,15,16,9,7
050,46,069,"South Dakota","Hyde County",3,16,20,14,6
050,46,069,"South Dakota","Hyde County",3,17,19,12,7
050,46,069,"South Dakota","Hyde County",3,18,12,7,5
050,46,069,"South Dakota","Hyde County",3,19,9,5,4
050,46,069,"South Dakota","Hyde County",3,20,12,6,6
050,46,069,"South Dakota","Hyde County",3,21,11,7,4
050,46,069,"South Dakota","Hyde County",3,22,12,6,6
050,46,069,"South Dakota","Hyde County",3,23,9,5,4
050,46,069,"South Dakota","Hyde County",3,24,15,8,7
050,46,069,"South Dakota","Hyde County",3,25,17,9,8
050,46,069,"South Dakota","Hyde County",3,26,8,4,4
050,46,069,"South Dakota","Hyde County",3,27,11,5,6
050,46,069,"South Dakota","Hyde County",3,28,16,7,9
050,46,069,"South Dakota","Hyde County",3,29,15,7,8
050,46,069,"South Dakota","Hyde County",3,30,15,8,7
050,46,069,"South Dakota","Hyde County",3,31,11,6,5
050,46,069,"South Dakota","Hyde County",3,32,20,10,10
050,46,069,"South Dakota","Hyde County",3,33,19,10,9
050,46,069,"South Dakota","Hyde County",3,34,13,7,6
050,46,069,"South Dakota","Hyde County",3,35,9,4,5
050,46,069,"South Dakota","Hyde County",3,36,8,4,4
050,46,069,"South Dakota","Hyde County",3,37,10,7,3
050,46,069,"South Dakota","Hyde County",3,38,7,4,3
050,46,069,"South Dakota","Hyde County",3,39,12,6,6
050,46,069,"South Dakota","Hyde County",3,40,17,9,8
050,46,069,"South Dakota","Hyde County",3,41,13,5,8
050,46,069,"South Dakota","Hyde County",3,42,14,5,9
050,46,069,"South Dakota","Hyde County",3,43,9,5,4
050,46,069,"South Dakota","Hyde County",3,44,16,10,6
050,46,069,"South Dakota","Hyde County",3,45,14,8,6
050,46,069,"South Dakota","Hyde County",3,46,9,6,3
050,46,069,"South Dakota","Hyde County",3,47,11,7,4
050,46,069,"South Dakota","Hyde County",3,48,13,7,6
050,46,069,"South Dakota","Hyde County",3,49,9,3,6
050,46,069,"South Dakota","Hyde County",3,50,9,2,7
050,46,069,"South Dakota","Hyde County",3,51,10,3,7
050,46,069,"South Dakota","Hyde County",3,52,11,5,6
050,46,069,"South Dakota","Hyde County",3,53,12,4,8
050,46,069,"South Dakota","Hyde County",3,54,13,4,9
050,46,069,"South Dakota","Hyde County",3,55,14,7,7
050,46,069,"South Dakota","Hyde County",3,56,20,9,11
050,46,069,"South Dakota","Hyde County",3,57,18,7,11
050,46,069,"South Dakota","Hyde County",3,58,15,6,9
050,46,069,"South Dakota","Hyde County",3,59,16,9,7
050,46,069,"South Dakota","Hyde County",3,60,15,12,3
050,46,069,"South Dakota","Hyde County",3,61,16,10,6
050,46,069,"South Dakota","Hyde County",3,62,16,11,5
050,46,069,"South Dakota","Hyde County",3,63,23,13,10
050,46,069,"South Dakota","Hyde County",3,64,25,11,14
050,46,069,"South Dakota","Hyde County",3,65,23,8,15
050,46,069,"South Dakota","Hyde County",3,66,26,10,16
050,46,069,"South Dakota","Hyde County",3,67,21,9,12
050,46,069,"South Dakota","Hyde County",3,68,19,10,9
050,46,069,"South Dakota","Hyde County",3,69,21,13,8
050,46,069,"South Dakota","Hyde County",3,70,18,9,9
050,46,069,"South Dakota","Hyde County",3,71,14,8,6
050,46,069,"South Dakota","Hyde County",3,72,12,6,6
050,46,069,"South Dakota","Hyde County",3,73,13,7,6
050,46,069,"South Dakota","Hyde County",3,74,13,6,7
050,46,069,"South Dakota","Hyde County",3,75,10,6,4
050,46,069,"South Dakota","Hyde County",3,76,8,5,3
050,46,069,"South Dakota","Hyde County",3,77,7,6,1
050,46,069,"South Dakota","Hyde County",3,78,11,7,4
050,46,069,"South Dakota","Hyde County",3,79,6,3,3
050,46,069,"South Dakota","Hyde County",3,80,9,4,5
050,46,069,"South Dakota","Hyde County",3,81,9,4,5
050,46,069,"South Dakota","Hyde County",3,82,10,4,6
050,46,069,"South Dakota","Hyde County",3,83,9,5,4
050,46,069,"South Dakota","Hyde County",3,84,8,3,5
050,46,069,"South Dakota","Hyde County",3,85,44,18,26
050,46,069,"South Dakota","Hyde County",4,0,15,10,5
050,46,069,"South Dakota","Hyde County",4,1,19,12,7
050,46,069,"South Dakota","Hyde County",4,2,17,8,9
050,46,069,"South Dakota","Hyde County",4,3,19,11,8
050,46,069,"South Dakota","Hyde County",4,4,16,8,8
050,46,069,"South Dakota","Hyde County",4,5,17,8,9
050,46,069,"South Dakota","Hyde County",4,6,21,10,11
050,46,069,"South Dakota","Hyde County",4,7,11,3,8
050,46,069,"South Dakota","Hyde County",4,8,12,9,3
050,46,069,"South Dakota","Hyde County",4,9,11,7,4
050,46,069,"South Dakota","Hyde County",4,10,9,4,5
050,46,069,"South Dakota","Hyde County",4,11,11,5,6
050,46,069,"South Dakota","Hyde County",4,12,18,10,8
050,46,069,"South Dakota","Hyde County",4,13,15,8,7
050,46,069,"South Dakota","Hyde County",4,14,18,9,9
050,46,069,"South Dakota","Hyde County",4,15,17,10,7
050,46,069,"South Dakota","Hyde County",4,16,14,7,7
050,46,069,"South Dakota","Hyde County",4,17,16,12,4
050,46,069,"South Dakota","Hyde County",4,18,17,10,7
050,46,069,"South Dakota","Hyde County",4,19,10,5,5
050,46,069,"South Dakota","Hyde County",4,20,9,3,6
050,46,069,"South Dakota","Hyde County",4,21,11,6,5
050,46,069,"South Dakota","Hyde County",4,22,14,8,6
050,46,069,"South Dakota","Hyde County",4,23,11,6,5
050,46,069,"South Dakota","Hyde County",4,24,11,5,6
050,46,069,"South Dakota","Hyde County",4,25,15,8,7
050,46,069,"South Dakota","Hyde County",4,26,18,9,9
050,46,069,"South Dakota","Hyde County",4,27,8,4,4
050,46,069,"South Dakota","Hyde County",4,28,11,5,6
050,46,069,"South Dakota","Hyde County",4,29,16,8,8
050,46,069,"South Dakota","Hyde County",4,30,17,9,8
050,46,069,"South Dakota","Hyde County",4,31,15,7,8
050,46,069,"South Dakota","Hyde County",4,32,10,5,5
050,46,069,"South Dakota","Hyde County",4,33,18,10,8
050,46,069,"South Dakota","Hyde County",4,34,17,10,7
050,46,069,"South Dakota","Hyde County",4,35,13,7,6
050,46,069,"South Dakota","Hyde County",4,36,10,4,6
050,46,069,"South Dakota","Hyde County",4,37,9,4,5
050,46,069,"South Dakota","Hyde County",4,38,9,5,4
050,46,069,"South Dakota","Hyde County",4,39,8,4,4
050,46,069,"South Dakota","Hyde County",4,40,10,5,5
050,46,069,"South Dakota","Hyde County",4,41,15,9,6
050,46,069,"South Dakota","Hyde County",4,42,13,5,8
050,46,069,"South Dakota","Hyde County",4,43,14,5,9
050,46,069,"South Dakota","Hyde County",4,44,9,5,4
050,46,069,"South Dakota","Hyde County",4,45,15,9,6
050,46,069,"South Dakota","Hyde County",4,46,14,8,6
050,46,069,"South Dakota","Hyde County",4,47,9,6,3
050,46,069,"South Dakota","Hyde County",4,48,11,7,4
050,46,069,"South Dakota","Hyde County",4,49,12,6,6
050,46,069,"South Dakota","Hyde County",4,50,9,3,6
050,46,069,"South Dakota","Hyde County",4,51,9,2,7
050,46,069,"South Dakota","Hyde County",4,52,9,3,6
050,46,069,"South Dakota","Hyde County",4,53,10,4,6
050,46,069,"South Dakota","Hyde County",4,54,13,5,8
050,46,069,"South Dakota","Hyde County",4,55,13,4,9
050,46,069,"South Dakota","Hyde County",4,56,12,7,5
050,46,069,"South Dakota","Hyde County",4,57,20,9,11
050,46,069,"South Dakota","Hyde County",4,58,20,8,12
050,46,069,"South Dakota","Hyde County",4,59,16,6,10
050,46,069,"South Dakota","Hyde County",4,60,16,9,7
050,46,069,"South Dakota","Hyde County",4,61,15,12,3
050,46,069,"South Dakota","Hyde County",4,62,16,10,6
050,46,069,"South Dakota","Hyde County",4,63,16,11,5
050,46,069,"South Dakota","Hyde County",4,64,22,13,9
050,46,069,"South Dakota","Hyde County",4,65,23,10,13
050,46,069,"South Dakota","Hyde County",4,66,24,9,15
050,46,069,"South Dakota","Hyde County",4,67,25,10,15
050,46,069,"South Dakota","Hyde County",4,68,21,10,11
050,46,069,"South Dakota","Hyde County",4,69,18,8,10
050,46,069,"South Dakota","Hyde County",4,70,21,12,9
050,46,069,"South Dakota","Hyde County",4,71,16,8,8
050,46,069,"South Dakota","Hyde County",4,72,14,8,6
050,46,069,"South Dakota","Hyde County",4,73,13,7,6
050,46,069,"South Dakota","Hyde County",4,74,10,6,4
050,46,069,"South Dakota","Hyde County",4,75,15,8,7
050,46,069,"South Dakota","Hyde County",4,76,7,4,3
050,46,069,"South Dakota","Hyde County",4,77,8,5,3
050,46,069,"South Dakota","Hyde County",4,78,8,6,2
050,46,069,"South Dakota","Hyde County",4,79,9,7,2
050,46,069,"South Dakota","Hyde County",4,80,7,3,4
050,46,069,"South Dakota","Hyde County",4,81,9,4,5
050,46,069,"South Dakota","Hyde County",4,82,5,2,3
050,46,069,"South Dakota","Hyde County",4,83,10,5,5
050,46,069,"South Dakota","Hyde County",4,84,4,2,2
050,46,069,"South Dakota","Hyde County",4,85,41,16,25
050,46,069,"South Dakota","Hyde County",5,0,15,10,5
050,46,069,"South Dakota","Hyde County",5,1,18,11,7
050,46,069,"South Dakota","Hyde County",5,2,17,12,5
050,46,069,"South Dakota","Hyde County",5,3,19,10,9
050,46,069,"South Dakota","Hyde County",5,4,19,10,9
050,46,069,"South Dakota","Hyde County",5,5,18,10,8
050,46,069,"South Dakota","Hyde County",5,6,16,7,9
050,46,069,"South Dakota","Hyde County",5,7,17,9,8
050,46,069,"South Dakota","Hyde County",5,8,10,2,8
050,46,069,"South Dakota","Hyde County",5,9,11,8,3
050,46,069,"South Dakota","Hyde County",5,10,12,8,4
050,46,069,"South Dakota","Hyde County",5,11,10,5,5
050,46,069,"South Dakota","Hyde County",5,12,12,5,7
050,46,069,"South Dakota","Hyde County",5,13,17,10,7
050,46,069,"South Dakota","Hyde County",5,14,15,8,7
050,46,069,"South Dakota","Hyde County",5,15,17,6,11
050,46,069,"South Dakota","Hyde County",5,16,16,9,7
050,46,069,"South Dakota","Hyde County",5,17,14,7,7
050,46,069,"South Dakota","Hyde County",5,18,13,9,4
050,46,069,"South Dakota","Hyde County",5,19,14,8,6
050,46,069,"South Dakota","Hyde County",5,20,7,3,4
050,46,069,"South Dakota","Hyde County",5,21,10,3,7
050,46,069,"South Dakota","Hyde County",5,22,11,6,5
050,46,069,"South Dakota","Hyde County",5,23,14,8,6
050,46,069,"South Dakota","Hyde County",5,24,13,7,6
050,46,069,"South Dakota","Hyde County",5,25,11,6,5
050,46,069,"South Dakota","Hyde County",5,26,13,6,7
050,46,069,"South Dakota","Hyde County",5,27,16,8,8
050,46,069,"South Dakota","Hyde County",5,28,10,5,5
050,46,069,"South Dakota","Hyde County",5,29,9,4,5
050,46,069,"South Dakota","Hyde County",5,30,14,7,7
050,46,069,"South Dakota","Hyde County",5,31,20,12,8
050,46,069,"South Dakota","Hyde County",5,32,13,7,6
050,46,069,"South Dakota","Hyde County",5,33,11,6,5
050,46,069,"South Dakota","Hyde County",5,34,18,10,8
050,46,069,"South Dakota","Hyde County",5,35,17,10,7
050,46,069,"South Dakota","Hyde County",5,36,13,7,6
050,46,069,"South Dakota","Hyde County",5,37,10,4,6
050,46,069,"South Dakota","Hyde County",5,38,9,4,5
050,46,069,"South Dakota","Hyde County",5,39,8,5,3
050,46,069,"South Dakota","Hyde County",5,40,9,4,5
050,46,069,"South Dakota","Hyde County",5,41,14,7,7
050,46,069,"South Dakota","Hyde County",5,42,14,10,4
050,46,069,"South Dakota","Hyde County",5,43,14,5,9
050,46,069,"South Dakota","Hyde County",5,44,14,5,9
050,46,069,"South Dakota","Hyde County",5,45,9,5,4
050,46,069,"South Dakota","Hyde County",5,46,17,11,6
050,46,069,"South Dakota","Hyde County",5,47,15,9,6
050,46,069,"South Dakota","Hyde County",5,48,9,6,3
050,46,069,"South Dakota","Hyde County",5,49,11,7,4
050,46,069,"South Dakota","Hyde County",5,50,13,7,6
050,46,069,"South Dakota","Hyde County",5,51,9,3,6
050,46,069,"South Dakota","Hyde County",5,52,10,3,7
050,46,069,"South Dakota","Hyde County",5,53,9,2,7
050,46,069,"South Dakota","Hyde County",5,54,10,4,6
050,46,069,"South Dakota","Hyde County",5,55,12,4,8
050,46,069,"South Dakota","Hyde County",5,56,11,3,8
050,46,069,"South Dakota","Hyde County",5,57,11,6,5
050,46,069,"South Dakota","Hyde County",5,58,20,9,11
050,46,069,"South Dakota","Hyde County",5,59,20,8,12
050,46,069,"South Dakota","Hyde County",5,60,17,7,10
050,46,069,"South Dakota","Hyde County",5,61,15,8,7
050,46,069,"South Dakota","Hyde County",5,62,15,12,3
050,46,069,"South Dakota","Hyde County",5,63,15,10,5
050,46,069,"South Dakota","Hyde County",5,64,16,11,5
050,46,069,"South Dakota","Hyde County",5,65,21,13,8
050,46,069,"South Dakota","Hyde County",5,66,22,10,12
050,46,069,"South Dakota","Hyde County",5,67,22,9,13
050,46,069,"South Dakota","Hyde County",5,68,27,12,15
050,46,069,"South Dakota","Hyde County",5,69,20,10,10
050,46,069,"South Dakota","Hyde County",5,70,16,8,8
050,46,069,"South Dakota","Hyde County",5,71,19,11,8
050,46,069,"South Dakota","Hyde County",5,72,16,8,8
050,46,069,"South Dakota","Hyde County",5,73,15,9,6
050,46,069,"South Dakota","Hyde County",5,74,11,6,5
050,46,069,"South Dakota","Hyde County",5,75,12,8,4
050,46,069,"South Dakota","Hyde County",5,76,13,6,7
050,46,069,"South Dakota","Hyde County",5,77,7,4,3
050,46,069,"South Dakota","Hyde County",5,78,9,5,4
050,46,069,"South Dakota","Hyde County",5,79,7,6,1
050,46,069,"South Dakota","Hyde County",5,80,10,7,3
050,46,069,"South Dakota","Hyde County",5,81,7,3,4
050,46,069,"South Dakota","Hyde County",5,82,7,4,3
050,46,069,"South Dakota","Hyde County",5,83,6,4,2
050,46,069,"South Dakota","Hyde County",5,84,6,2,4
050,46,069,"South Dakota","Hyde County",5,85,37,13,24
050,46,071,"South Dakota","Jackson County",1,0,57,30,27
050,46,071,"South Dakota","Jackson County",1,1,59,33,26
050,46,071,"South Dakota","Jackson County",1,2,74,32,42
050,46,071,"South Dakota","Jackson County",1,3,71,33,38
050,46,071,"South Dakota","Jackson County",1,4,37,17,20
050,46,071,"South Dakota","Jackson County",1,5,59,30,29
050,46,071,"South Dakota","Jackson County",1,6,61,30,31
050,46,071,"South Dakota","Jackson County",1,7,66,29,37
050,46,071,"South Dakota","Jackson County",1,8,47,23,24
050,46,071,"South Dakota","Jackson County",1,9,49,31,18
050,46,071,"South Dakota","Jackson County",1,10,50,27,23
050,46,071,"South Dakota","Jackson County",1,11,44,20,24
050,46,071,"South Dakota","Jackson County",1,12,52,24,28
050,46,071,"South Dakota","Jackson County",1,13,47,22,25
050,46,071,"South Dakota","Jackson County",1,14,48,24,24
050,46,071,"South Dakota","Jackson County",1,15,59,32,27
050,46,071,"South Dakota","Jackson County",1,16,47,26,21
050,46,071,"South Dakota","Jackson County",1,17,41,25,16
050,46,071,"South Dakota","Jackson County",1,18,39,17,22
050,46,071,"South Dakota","Jackson County",1,19,31,14,17
050,46,071,"South Dakota","Jackson County",1,20,38,22,16
050,46,071,"South Dakota","Jackson County",1,21,38,21,17
050,46,071,"South Dakota","Jackson County",1,22,38,14,24
050,46,071,"South Dakota","Jackson County",1,23,33,14,19
050,46,071,"South Dakota","Jackson County",1,24,26,14,12
050,46,071,"South Dakota","Jackson County",1,25,25,13,12
050,46,071,"South Dakota","Jackson County",1,26,39,17,22
050,46,071,"South Dakota","Jackson County",1,27,39,22,17
050,46,071,"South Dakota","Jackson County",1,28,34,19,15
050,46,071,"South Dakota","Jackson County",1,29,26,10,16
050,46,071,"South Dakota","Jackson County",1,30,27,14,13
050,46,071,"South Dakota","Jackson County",1,31,39,21,18
050,46,071,"South Dakota","Jackson County",1,32,35,13,22
050,46,071,"South Dakota","Jackson County",1,33,36,16,20
050,46,071,"South Dakota","Jackson County",1,34,24,13,11
050,46,071,"South Dakota","Jackson County",1,35,27,13,14
050,46,071,"South Dakota","Jackson County",1,36,33,16,17
050,46,071,"South Dakota","Jackson County",1,37,28,12,16
050,46,071,"South Dakota","Jackson County",1,38,27,13,14
050,46,071,"South Dakota","Jackson County",1,39,30,14,16
050,46,071,"South Dakota","Jackson County",1,40,27,17,10
050,46,071,"South Dakota","Jackson County",1,41,23,11,12
050,46,071,"South Dakota","Jackson County",1,42,26,14,12
050,46,071,"South Dakota","Jackson County",1,43,26,14,12
050,46,071,"South Dakota","Jackson County",1,44,29,18,11
050,46,071,"South Dakota","Jackson County",1,45,22,10,12
050,46,071,"South Dakota","Jackson County",1,46,23,11,12
050,46,071,"South Dakota","Jackson County",1,47,26,12,14
050,46,071,"South Dakota","Jackson County",1,48,34,14,20
050,46,071,"South Dakota","Jackson County",1,49,27,13,14
050,46,071,"South Dakota","Jackson County",1,50,20,8,12
050,46,071,"South Dakota","Jackson County",1,51,22,8,14
050,46,071,"South Dakota","Jackson County",1,52,27,13,14
050,46,071,"South Dakota","Jackson County",1,53,39,20,19
050,46,071,"South Dakota","Jackson County",1,54,33,18,15
050,46,071,"South Dakota","Jackson County",1,55,32,20,12
050,46,071,"South Dakota","Jackson County",1,56,26,17,9
050,46,071,"South Dakota","Jackson County",1,57,24,12,12
050,46,071,"South Dakota","Jackson County",1,58,33,15,18
050,46,071,"South Dakota","Jackson County",1,59,40,17,23
050,46,071,"South Dakota","Jackson County",1,60,44,23,21
050,46,071,"South Dakota","Jackson County",1,61,26,12,14
050,46,071,"South Dakota","Jackson County",1,62,29,15,14
050,46,071,"South Dakota","Jackson County",1,63,37,22,15
050,46,071,"South Dakota","Jackson County",1,64,29,14,15
050,46,071,"South Dakota","Jackson County",1,65,24,14,10
050,46,071,"South Dakota","Jackson County",1,66,28,14,14
050,46,071,"South Dakota","Jackson County",1,67,27,16,11
050,46,071,"South Dakota","Jackson County",1,68,22,11,11
050,46,071,"South Dakota","Jackson County",1,69,24,12,12
050,46,071,"South Dakota","Jackson County",1,70,23,9,14
050,46,071,"South Dakota","Jackson County",1,71,16,6,10
050,46,071,"South Dakota","Jackson County",1,72,21,11,10
050,46,071,"South Dakota","Jackson County",1,73,19,10,9
050,46,071,"South Dakota","Jackson County",1,74,15,7,8
050,46,071,"South Dakota","Jackson County",1,75,13,8,5
050,46,071,"South Dakota","Jackson County",1,76,13,5,8
050,46,071,"South Dakota","Jackson County",1,77,16,9,7
050,46,071,"South Dakota","Jackson County",1,78,11,7,4
050,46,071,"South Dakota","Jackson County",1,79,8,4,4
050,46,071,"South Dakota","Jackson County",1,80,11,4,7
050,46,071,"South Dakota","Jackson County",1,81,15,8,7
050,46,071,"South Dakota","Jackson County",1,82,18,8,10
050,46,071,"South Dakota","Jackson County",1,83,9,5,4
050,46,071,"South Dakota","Jackson County",1,84,8,5,3
050,46,071,"South Dakota","Jackson County",1,85,60,24,36
050,46,071,"South Dakota","Jackson County",2,0,60,34,26
050,46,071,"South Dakota","Jackson County",2,1,58,32,26
050,46,071,"South Dakota","Jackson County",2,2,69,31,38
050,46,071,"South Dakota","Jackson County",2,3,70,31,39
050,46,071,"South Dakota","Jackson County",2,4,45,20,25
050,46,071,"South Dakota","Jackson County",2,5,51,25,26
050,46,071,"South Dakota","Jackson County",2,6,62,30,32
050,46,071,"South Dakota","Jackson County",2,7,65,29,36
050,46,071,"South Dakota","Jackson County",2,8,51,24,27
050,46,071,"South Dakota","Jackson County",2,9,47,28,19
050,46,071,"South Dakota","Jackson County",2,10,51,28,23
050,46,071,"South Dakota","Jackson County",2,11,43,20,23
050,46,071,"South Dakota","Jackson County",2,12,52,24,28
050,46,071,"South Dakota","Jackson County",2,13,48,22,26
050,46,071,"South Dakota","Jackson County",2,14,48,24,24
050,46,071,"South Dakota","Jackson County",2,15,56,29,27
050,46,071,"South Dakota","Jackson County",2,16,50,27,23
050,46,071,"South Dakota","Jackson County",2,17,43,25,18
050,46,071,"South Dakota","Jackson County",2,18,39,19,20
050,46,071,"South Dakota","Jackson County",2,19,32,14,18
050,46,071,"South Dakota","Jackson County",2,20,37,21,16
050,46,071,"South Dakota","Jackson County",2,21,38,21,17
050,46,071,"South Dakota","Jackson County",2,22,37,15,22
050,46,071,"South Dakota","Jackson County",2,23,35,14,21
050,46,071,"South Dakota","Jackson County",2,24,27,14,13
050,46,071,"South Dakota","Jackson County",2,25,26,14,12
050,46,071,"South Dakota","Jackson County",2,26,35,15,20
050,46,071,"South Dakota","Jackson County",2,27,39,21,18
050,46,071,"South Dakota","Jackson County",2,28,35,20,15
050,46,071,"South Dakota","Jackson County",2,29,28,12,16
050,46,071,"South Dakota","Jackson County",2,30,28,13,15
050,46,071,"South Dakota","Jackson County",2,31,35,19,16
050,46,071,"South Dakota","Jackson County",2,32,35,15,20
050,46,071,"South Dakota","Jackson County",2,33,36,16,20
050,46,071,"South Dakota","Jackson County",2,34,28,14,14
050,46,071,"South Dakota","Jackson County",2,35,25,12,13
050,46,071,"South Dakota","Jackson County",2,36,31,15,16
050,46,071,"South Dakota","Jackson County",2,37,28,12,16
050,46,071,"South Dakota","Jackson County",2,38,29,13,16
050,46,071,"South Dakota","Jackson County",2,39,30,15,15
050,46,071,"South Dakota","Jackson County",2,40,28,17,11
050,46,071,"South Dakota","Jackson County",2,41,24,12,12
050,46,071,"South Dakota","Jackson County",2,42,25,13,12
050,46,071,"South Dakota","Jackson County",2,43,27,14,13
050,46,071,"South Dakota","Jackson County",2,44,28,17,11
050,46,071,"South Dakota","Jackson County",2,45,24,12,12
050,46,071,"South Dakota","Jackson County",2,46,22,10,12
050,46,071,"South Dakota","Jackson County",2,47,25,12,13
050,46,071,"South Dakota","Jackson County",2,48,32,14,18
050,46,071,"South Dakota","Jackson County",2,49,28,13,15
050,46,071,"South Dakota","Jackson County",2,50,23,9,14
050,46,071,"South Dakota","Jackson County",2,51,22,9,13
050,46,071,"South Dakota","Jackson County",2,52,25,11,14
050,46,071,"South Dakota","Jackson County",2,53,36,18,18
050,46,071,"South Dakota","Jackson County",2,54,34,18,16
050,46,071,"South Dakota","Jackson County",2,55,31,19,12
050,46,071,"South Dakota","Jackson County",2,56,28,18,10
050,46,071,"South Dakota","Jackson County",2,57,24,13,11
050,46,071,"South Dakota","Jackson County",2,58,30,14,16
050,46,071,"South Dakota","Jackson County",2,59,40,17,23
050,46,071,"South Dakota","Jackson County",2,60,42,21,21
050,46,071,"South Dakota","Jackson County",2,61,29,14,15
050,46,071,"South Dakota","Jackson County",2,62,29,15,14
050,46,071,"South Dakota","Jackson County",2,63,35,20,15
050,46,071,"South Dakota","Jackson County",2,64,30,16,14
050,46,071,"South Dakota","Jackson County",2,65,25,14,11
050,46,071,"South Dakota","Jackson County",2,66,27,14,13
050,46,071,"South Dakota","Jackson County",2,67,26,15,11
050,46,071,"South Dakota","Jackson County",2,68,23,12,11
050,46,071,"South Dakota","Jackson County",2,69,22,11,11
050,46,071,"South Dakota","Jackson County",2,70,24,10,14
050,46,071,"South Dakota","Jackson County",2,71,15,4,11
050,46,071,"South Dakota","Jackson County",2,72,19,9,10
050,46,071,"South Dakota","Jackson County",2,73,21,11,10
050,46,071,"South Dakota","Jackson County",2,74,15,7,8
050,46,071,"South Dakota","Jackson County",2,75,14,8,6
050,46,071,"South Dakota","Jackson County",2,76,14,6,8
050,46,071,"South Dakota","Jackson County",2,77,15,8,7
050,46,071,"South Dakota","Jackson County",2,78,12,7,5
050,46,071,"South Dakota","Jackson County",2,79,6,2,4
050,46,071,"South Dakota","Jackson County",2,80,10,4,6
050,46,071,"South Dakota","Jackson County",2,81,14,7,7
050,46,071,"South Dakota","Jackson County",2,82,18,8,10
050,46,071,"South Dakota","Jackson County",2,83,9,6,3
050,46,071,"South Dakota","Jackson County",2,84,8,5,3
050,46,071,"South Dakota","Jackson County",2,85,59,23,36
050,46,071,"South Dakota","Jackson County",3,0,89,40,49
050,46,071,"South Dakota","Jackson County",3,1,59,32,27
050,46,071,"South Dakota","Jackson County",3,2,59,29,30
050,46,071,"South Dakota","Jackson County",3,3,66,32,34
050,46,071,"South Dakota","Jackson County",3,4,73,32,41
050,46,071,"South Dakota","Jackson County",3,5,54,22,32
050,46,071,"South Dakota","Jackson County",3,6,53,25,28
050,46,071,"South Dakota","Jackson County",3,7,64,31,33
050,46,071,"South Dakota","Jackson County",3,8,71,32,39
050,46,071,"South Dakota","Jackson County",3,9,57,27,30
050,46,071,"South Dakota","Jackson County",3,10,43,26,17
050,46,071,"South Dakota","Jackson County",3,11,50,27,23
050,46,071,"South Dakota","Jackson County",3,12,44,21,23
050,46,071,"South Dakota","Jackson County",3,13,53,26,27
050,46,071,"South Dakota","Jackson County",3,14,49,24,25
050,46,071,"South Dakota","Jackson County",3,15,47,24,23
050,46,071,"South Dakota","Jackson County",3,16,56,29,27
050,46,071,"South Dakota","Jackson County",3,17,53,30,23
050,46,071,"South Dakota","Jackson County",3,18,40,23,17
050,46,071,"South Dakota","Jackson County",3,19,35,17,18
050,46,071,"South Dakota","Jackson County",3,20,34,16,18
050,46,071,"South Dakota","Jackson County",3,21,37,19,18
050,46,071,"South Dakota","Jackson County",3,22,42,23,19
050,46,071,"South Dakota","Jackson County",3,23,42,18,24
050,46,071,"South Dakota","Jackson County",3,24,35,15,20
050,46,071,"South Dakota","Jackson County",3,25,26,14,12
050,46,071,"South Dakota","Jackson County",3,26,20,6,14
050,46,071,"South Dakota","Jackson County",3,27,37,17,20
050,46,071,"South Dakota","Jackson County",3,28,42,24,18
050,46,071,"South Dakota","Jackson County",3,29,37,20,17
050,46,071,"South Dakota","Jackson County",3,30,30,12,18
050,46,071,"South Dakota","Jackson County",3,31,26,12,14
050,46,071,"South Dakota","Jackson County",3,32,34,19,15
050,46,071,"South Dakota","Jackson County",3,33,33,15,18
050,46,071,"South Dakota","Jackson County",3,34,37,16,21
050,46,071,"South Dakota","Jackson County",3,35,29,15,14
050,46,071,"South Dakota","Jackson County",3,36,25,12,13
050,46,071,"South Dakota","Jackson County",3,37,28,11,17
050,46,071,"South Dakota","Jackson County",3,38,32,15,17
050,46,071,"South Dakota","Jackson County",3,39,28,14,14
050,46,071,"South Dakota","Jackson County",3,40,31,15,16
050,46,071,"South Dakota","Jackson County",3,41,23,12,11
050,46,071,"South Dakota","Jackson County",3,42,24,12,12
050,46,071,"South Dakota","Jackson County",3,43,22,12,10
050,46,071,"South Dakota","Jackson County",3,44,27,13,14
050,46,071,"South Dakota","Jackson County",3,45,26,17,9
050,46,071,"South Dakota","Jackson County",3,46,24,12,12
050,46,071,"South Dakota","Jackson County",3,47,17,8,9
050,46,071,"South Dakota","Jackson County",3,48,25,12,13
050,46,071,"South Dakota","Jackson County",3,49,30,13,17
050,46,071,"South Dakota","Jackson County",3,50,28,13,15
050,46,071,"South Dakota","Jackson County",3,51,22,9,13
050,46,071,"South Dakota","Jackson County",3,52,21,8,13
050,46,071,"South Dakota","Jackson County",3,53,24,10,14
050,46,071,"South Dakota","Jackson County",3,54,37,19,18
050,46,071,"South Dakota","Jackson County",3,55,34,18,16
050,46,071,"South Dakota","Jackson County",3,56,33,19,14
050,46,071,"South Dakota","Jackson County",3,57,29,19,10
050,46,071,"South Dakota","Jackson County",3,58,25,13,12
050,46,071,"South Dakota","Jackson County",3,59,34,18,16
050,46,071,"South Dakota","Jackson County",3,60,40,17,23
050,46,071,"South Dakota","Jackson County",3,61,41,23,18
050,46,071,"South Dakota","Jackson County",3,62,29,16,13
050,46,071,"South Dakota","Jackson County",3,63,31,17,14
050,46,071,"South Dakota","Jackson County",3,64,33,19,14
050,46,071,"South Dakota","Jackson County",3,65,28,14,14
050,46,071,"South Dakota","Jackson County",3,66,22,11,11
050,46,071,"South Dakota","Jackson County",3,67,25,13,12
050,46,071,"South Dakota","Jackson County",3,68,27,16,11
050,46,071,"South Dakota","Jackson County",3,69,23,12,11
050,46,071,"South Dakota","Jackson County",3,70,22,11,11
050,46,071,"South Dakota","Jackson County",3,71,18,6,12
050,46,071,"South Dakota","Jackson County",3,72,13,2,11
050,46,071,"South Dakota","Jackson County",3,73,17,9,8
050,46,071,"South Dakota","Jackson County",3,74,16,7,9
050,46,071,"South Dakota","Jackson County",3,75,15,7,8
050,46,071,"South Dakota","Jackson County",3,76,14,7,7
050,46,071,"South Dakota","Jackson County",3,77,15,7,8
050,46,071,"South Dakota","Jackson County",3,78,13,6,7
050,46,071,"South Dakota","Jackson County",3,79,12,7,5
050,46,071,"South Dakota","Jackson County",3,80,6,2,4
050,46,071,"South Dakota","Jackson County",3,81,10,4,6
050,46,071,"South Dakota","Jackson County",3,82,11,7,4
050,46,071,"South Dakota","Jackson County",3,83,18,8,10
050,46,071,"South Dakota","Jackson County",3,84,6,5,1
050,46,071,"South Dakota","Jackson County",3,85,54,19,35
050,46,071,"South Dakota","Jackson County",4,0,63,30,33
050,46,071,"South Dakota","Jackson County",4,1,73,27,46
050,46,071,"South Dakota","Jackson County",4,2,60,32,28
050,46,071,"South Dakota","Jackson County",4,3,65,33,32
050,46,071,"South Dakota","Jackson County",4,4,62,31,31
050,46,071,"South Dakota","Jackson County",4,5,69,29,40
050,46,071,"South Dakota","Jackson County",4,6,48,19,29
050,46,071,"South Dakota","Jackson County",4,7,54,24,30
050,46,071,"South Dakota","Jackson County",4,8,60,27,33
050,46,071,"South Dakota","Jackson County",4,9,66,27,39
050,46,071,"South Dakota","Jackson County",4,10,57,26,31
050,46,071,"South Dakota","Jackson County",4,11,43,26,17
050,46,071,"South Dakota","Jackson County",4,12,56,32,24
050,46,071,"South Dakota","Jackson County",4,13,43,21,22
050,46,071,"South Dakota","Jackson County",4,14,56,26,30
050,46,071,"South Dakota","Jackson County",4,15,51,22,29
050,46,071,"South Dakota","Jackson County",4,16,44,24,20
050,46,071,"South Dakota","Jackson County",4,17,55,28,27
050,46,071,"South Dakota","Jackson County",4,18,39,22,17
050,46,071,"South Dakota","Jackson County",4,19,36,20,16
050,46,071,"South Dakota","Jackson County",4,20,37,18,19
050,46,071,"South Dakota","Jackson County",4,21,31,14,17
050,46,071,"South Dakota","Jackson County",4,22,37,19,18
050,46,071,"South Dakota","Jackson County",4,23,42,23,19
050,46,071,"South Dakota","Jackson County",4,24,41,17,24
050,46,071,"South Dakota","Jackson County",4,25,30,13,17
050,46,071,"South Dakota","Jackson County",4,26,23,13,10
050,46,071,"South Dakota","Jackson County",4,27,26,9,17
050,46,071,"South Dakota","Jackson County",4,28,35,18,17
050,46,071,"South Dakota","Jackson County",4,29,40,24,16
050,46,071,"South Dakota","Jackson County",4,30,34,21,13
050,46,071,"South Dakota","Jackson County",4,31,29,11,18
050,46,071,"South Dakota","Jackson County",4,32,28,14,14
050,46,071,"South Dakota","Jackson County",4,33,36,20,16
050,46,071,"South Dakota","Jackson County",4,34,34,15,19
050,46,071,"South Dakota","Jackson County",4,35,36,16,20
050,46,071,"South Dakota","Jackson County",4,36,28,15,13
050,46,071,"South Dakota","Jackson County",4,37,28,15,13
050,46,071,"South Dakota","Jackson County",4,38,31,12,19
050,46,071,"South Dakota","Jackson County",4,39,30,14,16
050,46,071,"South Dakota","Jackson County",4,40,29,16,13
050,46,071,"South Dakota","Jackson County",4,41,32,15,17
050,46,071,"South Dakota","Jackson County",4,42,23,12,11
050,46,071,"South Dakota","Jackson County",4,43,25,12,13
050,46,071,"South Dakota","Jackson County",4,44,23,12,11
050,46,071,"South Dakota","Jackson County",4,45,27,13,14
050,46,071,"South Dakota","Jackson County",4,46,25,16,9
050,46,071,"South Dakota","Jackson County",4,47,22,12,10
050,46,071,"South Dakota","Jackson County",4,48,17,8,9
050,46,071,"South Dakota","Jackson County",4,49,24,12,12
050,46,071,"South Dakota","Jackson County",4,50,30,13,17
050,46,071,"South Dakota","Jackson County",4,51,28,13,15
050,46,071,"South Dakota","Jackson County",4,52,23,8,15
050,46,071,"South Dakota","Jackson County",4,53,19,7,12
050,46,071,"South Dakota","Jackson County",4,54,24,11,13
050,46,071,"South Dakota","Jackson County",4,55,39,19,20
050,46,071,"South Dakota","Jackson County",4,56,35,19,16
050,46,071,"South Dakota","Jackson County",4,57,34,18,16
050,46,071,"South Dakota","Jackson County",4,58,23,17,6
050,46,071,"South Dakota","Jackson County",4,59,24,13,11
050,46,071,"South Dakota","Jackson County",4,60,30,17,13
050,46,071,"South Dakota","Jackson County",4,61,38,17,21
050,46,071,"South Dakota","Jackson County",4,62,41,23,18
050,46,071,"South Dakota","Jackson County",4,63,29,16,13
050,46,071,"South Dakota","Jackson County",4,64,32,18,14
050,46,071,"South Dakota","Jackson County",4,65,27,13,14
050,46,071,"South Dakota","Jackson County",4,66,25,12,13
050,46,071,"South Dakota","Jackson County",4,67,21,10,11
050,46,071,"South Dakota","Jackson County",4,68,20,11,9
050,46,071,"South Dakota","Jackson County",4,69,25,14,11
050,46,071,"South Dakota","Jackson County",4,70,25,12,13
050,46,071,"South Dakota","Jackson County",4,71,21,10,11
050,46,071,"South Dakota","Jackson County",4,72,18,7,11
050,46,071,"South Dakota","Jackson County",4,73,10,1,9
050,46,071,"South Dakota","Jackson County",4,74,15,8,7
050,46,071,"South Dakota","Jackson County",4,75,15,6,9
050,46,071,"South Dakota","Jackson County",4,76,13,7,6
050,46,071,"South Dakota","Jackson County",4,77,15,8,7
050,46,071,"South Dakota","Jackson County",4,78,13,5,8
050,46,071,"South Dakota","Jackson County",4,79,15,7,8
050,46,071,"South Dakota","Jackson County",4,80,12,7,5
050,46,071,"South Dakota","Jackson County",4,81,6,2,4
050,46,071,"South Dakota","Jackson County",4,82,10,4,6
050,46,071,"South Dakota","Jackson County",4,83,11,7,4
050,46,071,"South Dakota","Jackson County",4,84,18,8,10
050,46,071,"South Dakota","Jackson County",4,85,45,16,29
050,46,071,"South Dakota","Jackson County",5,0,62,28,34
050,46,071,"South Dakota","Jackson County",5,1,69,35,34
050,46,071,"South Dakota","Jackson County",5,2,68,27,41
050,46,071,"South Dakota","Jackson County",5,3,54,25,29
050,46,071,"South Dakota","Jackson County",5,4,54,23,31
050,46,071,"South Dakota","Jackson County",5,5,53,25,28
050,46,071,"South Dakota","Jackson County",5,6,69,29,40
050,46,071,"South Dakota","Jackson County",5,7,46,18,28
050,46,071,"South Dakota","Jackson County",5,8,55,25,30
050,46,071,"South Dakota","Jackson County",5,9,50,18,32
050,46,071,"South Dakota","Jackson County",5,10,61,28,33
050,46,071,"South Dakota","Jackson County",5,11,50,25,25
050,46,071,"South Dakota","Jackson County",5,12,44,27,17
050,46,071,"South Dakota","Jackson County",5,13,51,30,21
050,46,071,"South Dakota","Jackson County",5,14,43,21,22
050,46,071,"South Dakota","Jackson County",5,15,53,25,28
050,46,071,"South Dakota","Jackson County",5,16,54,22,32
050,46,071,"South Dakota","Jackson County",5,17,41,22,19
050,46,071,"South Dakota","Jackson County",5,18,47,24,23
050,46,071,"South Dakota","Jackson County",5,19,34,20,14
050,46,071,"South Dakota","Jackson County",5,20,34,15,19
050,46,071,"South Dakota","Jackson County",5,21,42,23,19
050,46,071,"South Dakota","Jackson County",5,22,34,16,18
050,46,071,"South Dakota","Jackson County",5,23,39,21,18
050,46,071,"South Dakota","Jackson County",5,24,41,27,14
050,46,071,"South Dakota","Jackson County",5,25,35,18,17
050,46,071,"South Dakota","Jackson County",5,26,31,13,18
050,46,071,"South Dakota","Jackson County",5,27,22,10,12
050,46,071,"South Dakota","Jackson County",5,28,21,8,13
050,46,071,"South Dakota","Jackson County",5,29,33,17,16
050,46,071,"South Dakota","Jackson County",5,30,35,22,13
050,46,071,"South Dakota","Jackson County",5,31,33,20,13
050,46,071,"South Dakota","Jackson County",5,32,29,11,18
050,46,071,"South Dakota","Jackson County",5,33,26,12,14
050,46,071,"South Dakota","Jackson County",5,34,38,23,15
050,46,071,"South Dakota","Jackson County",5,35,31,12,19
050,46,071,"South Dakota","Jackson County",5,36,35,15,20
050,46,071,"South Dakota","Jackson County",5,37,26,14,12
050,46,071,"South Dakota","Jackson County",5,38,26,13,13
050,46,071,"South Dakota","Jackson County",5,39,30,12,18
050,46,071,"South Dakota","Jackson County",5,40,31,15,16
050,46,071,"South Dakota","Jackson County",5,41,31,16,15
050,46,071,"South Dakota","Jackson County",5,42,33,15,18
050,46,071,"South Dakota","Jackson County",5,43,22,12,10
050,46,071,"South Dakota","Jackson County",5,44,27,11,16
050,46,071,"South Dakota","Jackson County",5,45,23,12,11
050,46,071,"South Dakota","Jackson County",5,46,29,15,14
050,46,071,"South Dakota","Jackson County",5,47,24,16,8
050,46,071,"South Dakota","Jackson County",5,48,22,12,10
050,46,071,"South Dakota","Jackson County",5,49,14,7,7
050,46,071,"South Dakota","Jackson County",5,50,25,14,11
050,46,071,"South Dakota","Jackson County",5,51,28,13,15
050,46,071,"South Dakota","Jackson County",5,52,31,13,18
050,46,071,"South Dakota","Jackson County",5,53,22,7,15
050,46,071,"South Dakota","Jackson County",5,54,21,9,12
050,46,071,"South Dakota","Jackson County",5,55,24,11,13
050,46,071,"South Dakota","Jackson County",5,56,38,18,20
050,46,071,"South Dakota","Jackson County",5,57,36,20,16
050,46,071,"South Dakota","Jackson County",5,58,36,20,16
050,46,071,"South Dakota","Jackson County",5,59,22,17,5
050,46,071,"South Dakota","Jackson County",5,60,24,13,11
050,46,071,"South Dakota","Jackson County",5,61,32,19,13
050,46,071,"South Dakota","Jackson County",5,62,39,16,23
050,46,071,"South Dakota","Jackson County",5,63,37,20,17
050,46,071,"South Dakota","Jackson County",5,64,27,14,13
050,46,071,"South Dakota","Jackson County",5,65,28,15,13
050,46,071,"South Dakota","Jackson County",5,66,22,9,13
050,46,071,"South Dakota","Jackson County",5,67,23,10,13
050,46,071,"South Dakota","Jackson County",5,68,20,10,10
050,46,071,"South Dakota","Jackson County",5,69,19,10,9
050,46,071,"South Dakota","Jackson County",5,70,25,15,10
050,46,071,"South Dakota","Jackson County",5,71,19,9,10
050,46,071,"South Dakota","Jackson County",5,72,20,9,11
050,46,071,"South Dakota","Jackson County",5,73,18,6,12
050,46,071,"South Dakota","Jackson County",5,74,10,1,9
050,46,071,"South Dakota","Jackson County",5,75,14,7,7
050,46,071,"South Dakota","Jackson County",5,76,16,5,11
050,46,071,"South Dakota","Jackson County",5,77,15,8,7
050,46,071,"South Dakota","Jackson County",5,78,13,6,7
050,46,071,"South Dakota","Jackson County",5,79,13,5,8
050,46,071,"South Dakota","Jackson County",5,80,15,6,9
050,46,071,"South Dakota","Jackson County",5,81,12,7,5
050,46,071,"South Dakota","Jackson County",5,82,6,2,4
050,46,071,"South Dakota","Jackson County",5,83,9,4,5
050,46,071,"South Dakota","Jackson County",5,84,10,6,4
050,46,071,"South Dakota","Jackson County",5,85,52,17,35
050,46,073,"South Dakota","Jerauld County",1,0,23,12,11
050,46,073,"South Dakota","Jerauld County",1,1,20,9,11
050,46,073,"South Dakota","Jerauld County",1,2,19,9,10
050,46,073,"South Dakota","Jerauld County",1,3,17,6,11
050,46,073,"South Dakota","Jerauld County",1,4,17,7,10
050,46,073,"South Dakota","Jerauld County",1,5,21,13,8
050,46,073,"South Dakota","Jerauld County",1,6,22,11,11
050,46,073,"South Dakota","Jerauld County",1,7,20,13,7
050,46,073,"South Dakota","Jerauld County",1,8,25,14,11
050,46,073,"South Dakota","Jerauld County",1,9,17,8,9
050,46,073,"South Dakota","Jerauld County",1,10,15,10,5
050,46,073,"South Dakota","Jerauld County",1,11,28,17,11
050,46,073,"South Dakota","Jerauld County",1,12,25,15,10
050,46,073,"South Dakota","Jerauld County",1,13,22,10,12
050,46,073,"South Dakota","Jerauld County",1,14,21,11,10
050,46,073,"South Dakota","Jerauld County",1,15,16,7,9
050,46,073,"South Dakota","Jerauld County",1,16,18,10,8
050,46,073,"South Dakota","Jerauld County",1,17,20,11,9
050,46,073,"South Dakota","Jerauld County",1,18,19,12,7
050,46,073,"South Dakota","Jerauld County",1,19,11,5,6
050,46,073,"South Dakota","Jerauld County",1,20,11,6,5
050,46,073,"South Dakota","Jerauld County",1,21,11,7,4
050,46,073,"South Dakota","Jerauld County",1,22,8,4,4
050,46,073,"South Dakota","Jerauld County",1,23,11,7,4
050,46,073,"South Dakota","Jerauld County",1,24,14,8,6
050,46,073,"South Dakota","Jerauld County",1,25,19,11,8
050,46,073,"South Dakota","Jerauld County",1,26,13,7,6
050,46,073,"South Dakota","Jerauld County",1,27,19,7,12
050,46,073,"South Dakota","Jerauld County",1,28,18,13,5
050,46,073,"South Dakota","Jerauld County",1,29,11,8,3
050,46,073,"South Dakota","Jerauld County",1,30,7,4,3
050,46,073,"South Dakota","Jerauld County",1,31,10,4,6
050,46,073,"South Dakota","Jerauld County",1,32,16,5,11
050,46,073,"South Dakota","Jerauld County",1,33,14,8,6
050,46,073,"South Dakota","Jerauld County",1,34,17,8,9
050,46,073,"South Dakota","Jerauld County",1,35,21,10,11
050,46,073,"South Dakota","Jerauld County",1,36,16,10,6
050,46,073,"South Dakota","Jerauld County",1,37,19,12,7
050,46,073,"South Dakota","Jerauld County",1,38,23,10,13
050,46,073,"South Dakota","Jerauld County",1,39,23,11,12
050,46,073,"South Dakota","Jerauld County",1,40,20,8,12
050,46,073,"South Dakota","Jerauld County",1,41,17,11,6
050,46,073,"South Dakota","Jerauld County",1,42,20,12,8
050,46,073,"South Dakota","Jerauld County",1,43,15,9,6
050,46,073,"South Dakota","Jerauld County",1,44,12,6,6
050,46,073,"South Dakota","Jerauld County",1,45,18,11,7
050,46,073,"South Dakota","Jerauld County",1,46,21,14,7
050,46,073,"South Dakota","Jerauld County",1,47,19,14,5
050,46,073,"South Dakota","Jerauld County",1,48,15,9,6
050,46,073,"South Dakota","Jerauld County",1,49,17,8,9
050,46,073,"South Dakota","Jerauld County",1,50,13,7,6
050,46,073,"South Dakota","Jerauld County",1,51,13,6,7
050,46,073,"South Dakota","Jerauld County",1,52,14,6,8
050,46,073,"South Dakota","Jerauld County",1,53,20,12,8
050,46,073,"South Dakota","Jerauld County",1,54,21,11,10
050,46,073,"South Dakota","Jerauld County",1,55,16,7,9
050,46,073,"South Dakota","Jerauld County",1,56,20,10,10
050,46,073,"South Dakota","Jerauld County",1,57,23,9,14
050,46,073,"South Dakota","Jerauld County",1,58,22,8,14
050,46,073,"South Dakota","Jerauld County",1,59,22,12,10
050,46,073,"South Dakota","Jerauld County",1,60,21,10,11
050,46,073,"South Dakota","Jerauld County",1,61,26,15,11
050,46,073,"South Dakota","Jerauld County",1,62,25,13,12
050,46,073,"South Dakota","Jerauld County",1,63,30,17,13
050,46,073,"South Dakota","Jerauld County",1,64,28,16,12
050,46,073,"South Dakota","Jerauld County",1,65,23,10,13
050,46,073,"South Dakota","Jerauld County",1,66,31,16,15
050,46,073,"South Dakota","Jerauld County",1,67,39,21,18
050,46,073,"South Dakota","Jerauld County",1,68,38,20,18
050,46,073,"South Dakota","Jerauld County",1,69,29,14,15
050,46,073,"South Dakota","Jerauld County",1,70,24,11,13
050,46,073,"South Dakota","Jerauld County",1,71,22,11,11
050,46,073,"South Dakota","Jerauld County",1,72,20,11,9
050,46,073,"South Dakota","Jerauld County",1,73,23,12,11
050,46,073,"South Dakota","Jerauld County",1,74,20,10,10
050,46,073,"South Dakota","Jerauld County",1,75,20,9,11
050,46,073,"South Dakota","Jerauld County",1,76,15,6,9
050,46,073,"South Dakota","Jerauld County",1,77,14,6,8
050,46,073,"South Dakota","Jerauld County",1,78,17,9,8
050,46,073,"South Dakota","Jerauld County",1,79,14,6,8
050,46,073,"South Dakota","Jerauld County",1,80,12,5,7
050,46,073,"South Dakota","Jerauld County",1,81,15,7,8
050,46,073,"South Dakota","Jerauld County",1,82,6,2,4
050,46,073,"South Dakota","Jerauld County",1,83,10,3,7
050,46,073,"South Dakota","Jerauld County",1,84,7,2,5
050,46,073,"South Dakota","Jerauld County",1,85,79,21,58
050,46,073,"South Dakota","Jerauld County",2,0,20,11,9
050,46,073,"South Dakota","Jerauld County",2,1,20,9,11
050,46,073,"South Dakota","Jerauld County",2,2,19,9,10
050,46,073,"South Dakota","Jerauld County",2,3,17,7,10
050,46,073,"South Dakota","Jerauld County",2,4,17,7,10
050,46,073,"South Dakota","Jerauld County",2,5,19,11,8
050,46,073,"South Dakota","Jerauld County",2,6,23,12,11
050,46,073,"South Dakota","Jerauld County",2,7,21,13,8
050,46,073,"South Dakota","Jerauld County",2,8,23,14,9
050,46,073,"South Dakota","Jerauld County",2,9,19,10,9
050,46,073,"South Dakota","Jerauld County",2,10,15,9,6
050,46,073,"South Dakota","Jerauld County",2,11,25,15,10
050,46,073,"South Dakota","Jerauld County",2,12,25,15,10
050,46,073,"South Dakota","Jerauld County",2,13,22,11,11
050,46,073,"South Dakota","Jerauld County",2,14,21,11,10
050,46,073,"South Dakota","Jerauld County",2,15,17,8,9
050,46,073,"South Dakota","Jerauld County",2,16,17,9,8
050,46,073,"South Dakota","Jerauld County",2,17,20,11,9
050,46,073,"South Dakota","Jerauld County",2,18,18,11,7
050,46,073,"South Dakota","Jerauld County",2,19,11,6,5
050,46,073,"South Dakota","Jerauld County",2,20,11,6,5
050,46,073,"South Dakota","Jerauld County",2,21,11,6,5
050,46,073,"South Dakota","Jerauld County",2,22,9,5,4
050,46,073,"South Dakota","Jerauld County",2,23,10,6,4
050,46,073,"South Dakota","Jerauld County",2,24,14,8,6
050,46,073,"South Dakota","Jerauld County",2,25,18,11,7
050,46,073,"South Dakota","Jerauld County",2,26,15,8,7
050,46,073,"South Dakota","Jerauld County",2,27,18,7,11
050,46,073,"South Dakota","Jerauld County",2,28,18,12,6
050,46,073,"South Dakota","Jerauld County",2,29,11,8,3
050,46,073,"South Dakota","Jerauld County",2,30,8,5,3
050,46,073,"South Dakota","Jerauld County",2,31,9,4,5
050,46,073,"South Dakota","Jerauld County",2,32,15,5,10
050,46,073,"South Dakota","Jerauld County",2,33,14,7,7
050,46,073,"South Dakota","Jerauld County",2,34,16,8,8
050,46,073,"South Dakota","Jerauld County",2,35,21,10,11
050,46,073,"South Dakota","Jerauld County",2,36,17,10,7
050,46,073,"South Dakota","Jerauld County",2,37,19,12,7
050,46,073,"South Dakota","Jerauld County",2,38,22,10,12
050,46,073,"South Dakota","Jerauld County",2,39,23,11,12
050,46,073,"South Dakota","Jerauld County",2,40,21,9,12
050,46,073,"South Dakota","Jerauld County",2,41,18,11,7
050,46,073,"South Dakota","Jerauld County",2,42,20,12,8
050,46,073,"South Dakota","Jerauld County",2,43,16,10,6
050,46,073,"South Dakota","Jerauld County",2,44,13,7,6
050,46,073,"South Dakota","Jerauld County",2,45,17,10,7
050,46,073,"South Dakota","Jerauld County",2,46,20,13,7
050,46,073,"South Dakota","Jerauld County",2,47,19,14,5
050,46,073,"South Dakota","Jerauld County",2,48,16,10,6
050,46,073,"South Dakota","Jerauld County",2,49,16,8,8
050,46,073,"South Dakota","Jerauld County",2,50,14,7,7
050,46,073,"South Dakota","Jerauld County",2,51,13,6,7
050,46,073,"South Dakota","Jerauld County",2,52,14,6,8
050,46,073,"South Dakota","Jerauld County",2,53,19,11,8
050,46,073,"South Dakota","Jerauld County",2,54,21,11,10
050,46,073,"South Dakota","Jerauld County",2,55,17,8,9
050,46,073,"South Dakota","Jerauld County",2,56,19,9,10
050,46,073,"South Dakota","Jerauld County",2,57,21,8,13
050,46,073,"South Dakota","Jerauld County",2,58,22,8,14
050,46,073,"South Dakota","Jerauld County",2,59,22,11,11
050,46,073,"South Dakota","Jerauld County",2,60,20,10,10
050,46,073,"South Dakota","Jerauld County",2,61,25,14,11
050,46,073,"South Dakota","Jerauld County",2,62,25,13,12
050,46,073,"South Dakota","Jerauld County",2,63,29,16,13
050,46,073,"South Dakota","Jerauld County",2,64,28,16,12
050,46,073,"South Dakota","Jerauld County",2,65,25,12,13
050,46,073,"South Dakota","Jerauld County",2,66,29,14,15
050,46,073,"South Dakota","Jerauld County",2,67,37,20,17
050,46,073,"South Dakota","Jerauld County",2,68,37,20,17
050,46,073,"South Dakota","Jerauld County",2,69,32,16,16
050,46,073,"South Dakota","Jerauld County",2,70,26,12,14
050,46,073,"South Dakota","Jerauld County",2,71,23,11,12
050,46,073,"South Dakota","Jerauld County",2,72,20,11,9
050,46,073,"South Dakota","Jerauld County",2,73,23,12,11
050,46,073,"South Dakota","Jerauld County",2,74,19,10,9
050,46,073,"South Dakota","Jerauld County",2,75,18,8,10
050,46,073,"South Dakota","Jerauld County",2,76,16,7,9
050,46,073,"South Dakota","Jerauld County",2,77,14,6,8
050,46,073,"South Dakota","Jerauld County",2,78,16,8,8
050,46,073,"South Dakota","Jerauld County",2,79,15,7,8
050,46,073,"South Dakota","Jerauld County",2,80,12,5,7
050,46,073,"South Dakota","Jerauld County",2,81,14,6,8
050,46,073,"South Dakota","Jerauld County",2,82,7,3,4
050,46,073,"South Dakota","Jerauld County",2,83,10,3,7
050,46,073,"South Dakota","Jerauld County",2,84,6,2,4
050,46,073,"South Dakota","Jerauld County",2,85,76,20,56
050,46,073,"South Dakota","Jerauld County",3,0,17,4,13
050,46,073,"South Dakota","Jerauld County",3,1,21,8,13
050,46,073,"South Dakota","Jerauld County",3,2,21,9,12
050,46,073,"South Dakota","Jerauld County",3,3,16,7,9
050,46,073,"South Dakota","Jerauld County",3,4,18,7,11
050,46,073,"South Dakota","Jerauld County",3,5,18,8,10
050,46,073,"South Dakota","Jerauld County",3,6,16,7,9
050,46,073,"South Dakota","Jerauld County",3,7,26,13,13
050,46,073,"South Dakota","Jerauld County",3,8,19,13,6
050,46,073,"South Dakota","Jerauld County",3,9,23,14,9
050,46,073,"South Dakota","Jerauld County",3,10,21,11,10
050,46,073,"South Dakota","Jerauld County",3,11,16,10,6
050,46,073,"South Dakota","Jerauld County",3,12,23,14,9
050,46,073,"South Dakota","Jerauld County",3,13,24,12,12
050,46,073,"South Dakota","Jerauld County",3,14,23,12,11
050,46,073,"South Dakota","Jerauld County",3,15,22,11,11
050,46,073,"South Dakota","Jerauld County",3,16,15,9,6
050,46,073,"South Dakota","Jerauld County",3,17,15,8,7
050,46,073,"South Dakota","Jerauld County",3,18,18,11,7
050,46,073,"South Dakota","Jerauld County",3,19,15,9,6
050,46,073,"South Dakota","Jerauld County",3,20,12,6,6
050,46,073,"South Dakota","Jerauld County",3,21,11,6,5
050,46,073,"South Dakota","Jerauld County",3,22,11,6,5
050,46,073,"South Dakota","Jerauld County",3,23,9,5,4
050,46,073,"South Dakota","Jerauld County",3,24,10,5,5
050,46,073,"South Dakota","Jerauld County",3,25,12,5,7
050,46,073,"South Dakota","Jerauld County",3,26,19,12,7
050,46,073,"South Dakota","Jerauld County",3,27,16,8,8
050,46,073,"South Dakota","Jerauld County",3,28,17,7,10
050,46,073,"South Dakota","Jerauld County",3,29,18,11,7
050,46,073,"South Dakota","Jerauld County",3,30,12,8,4
050,46,073,"South Dakota","Jerauld County",3,31,9,6,3
050,46,073,"South Dakota","Jerauld County",3,32,14,7,7
050,46,073,"South Dakota","Jerauld County",3,33,15,5,10
050,46,073,"South Dakota","Jerauld County",3,34,19,11,8
050,46,073,"South Dakota","Jerauld County",3,35,14,6,8
050,46,073,"South Dakota","Jerauld County",3,36,19,9,10
050,46,073,"South Dakota","Jerauld County",3,37,19,11,8
050,46,073,"South Dakota","Jerauld County",3,38,18,11,7
050,46,073,"South Dakota","Jerauld County",3,39,21,10,11
050,46,073,"South Dakota","Jerauld County",3,40,22,11,11
050,46,073,"South Dakota","Jerauld County",3,41,22,9,13
050,46,073,"South Dakota","Jerauld County",3,42,17,10,7
050,46,073,"South Dakota","Jerauld County",3,43,21,12,9
050,46,073,"South Dakota","Jerauld County",3,44,16,10,6
050,46,073,"South Dakota","Jerauld County",3,45,10,7,3
050,46,073,"South Dakota","Jerauld County",3,46,17,10,7
050,46,073,"South Dakota","Jerauld County",3,47,19,13,6
050,46,073,"South Dakota","Jerauld County",3,48,18,13,5
050,46,073,"South Dakota","Jerauld County",3,49,16,10,6
050,46,073,"South Dakota","Jerauld County",3,50,17,9,8
050,46,073,"South Dakota","Jerauld County",3,51,15,7,8
050,46,073,"South Dakota","Jerauld County",3,52,17,9,8
050,46,073,"South Dakota","Jerauld County",3,53,15,6,9
050,46,073,"South Dakota","Jerauld County",3,54,19,11,8
050,46,073,"South Dakota","Jerauld County",3,55,19,11,8
050,46,073,"South Dakota","Jerauld County",3,56,19,10,9
050,46,073,"South Dakota","Jerauld County",3,57,19,8,11
050,46,073,"South Dakota","Jerauld County",3,58,21,8,13
050,46,073,"South Dakota","Jerauld County",3,59,21,8,13
050,46,073,"South Dakota","Jerauld County",3,60,22,12,10
050,46,073,"South Dakota","Jerauld County",3,61,20,10,10
050,46,073,"South Dakota","Jerauld County",3,62,25,14,11
050,46,073,"South Dakota","Jerauld County",3,63,26,13,13
050,46,073,"South Dakota","Jerauld County",3,64,29,16,13
050,46,073,"South Dakota","Jerauld County",3,65,27,16,11
050,46,073,"South Dakota","Jerauld County",3,66,26,11,15
050,46,073,"South Dakota","Jerauld County",3,67,31,14,17
050,46,073,"South Dakota","Jerauld County",3,68,37,21,16
050,46,073,"South Dakota","Jerauld County",3,69,39,21,18
050,46,073,"South Dakota","Jerauld County",3,70,32,15,17
050,46,073,"South Dakota","Jerauld County",3,71,25,11,14
050,46,073,"South Dakota","Jerauld County",3,72,22,11,11
050,46,073,"South Dakota","Jerauld County",3,73,20,11,9
050,46,073,"South Dakota","Jerauld County",3,74,23,12,11
050,46,073,"South Dakota","Jerauld County",3,75,17,9,8
050,46,073,"South Dakota","Jerauld County",3,76,17,8,9
050,46,073,"South Dakota","Jerauld County",3,77,15,6,9
050,46,073,"South Dakota","Jerauld County",3,78,16,6,10
050,46,073,"South Dakota","Jerauld County",3,79,12,6,6
050,46,073,"South Dakota","Jerauld County",3,80,16,7,9
050,46,073,"South Dakota","Jerauld County",3,81,9,1,8
050,46,073,"South Dakota","Jerauld County",3,82,11,5,6
050,46,073,"South Dakota","Jerauld County",3,83,9,3,6
050,46,073,"South Dakota","Jerauld County",3,84,7,3,4
050,46,073,"South Dakota","Jerauld County",3,85,70,17,53
050,46,073,"South Dakota","Jerauld County",4,0,19,10,9
050,46,073,"South Dakota","Jerauld County",4,1,17,4,13
050,46,073,"South Dakota","Jerauld County",4,2,19,8,11
050,46,073,"South Dakota","Jerauld County",4,3,18,9,9
050,46,073,"South Dakota","Jerauld County",4,4,20,8,12
050,46,073,"South Dakota","Jerauld County",4,5,18,7,11
050,46,073,"South Dakota","Jerauld County",4,6,15,7,8
050,46,073,"South Dakota","Jerauld County",4,7,20,10,10
050,46,073,"South Dakota","Jerauld County",4,8,27,14,13
050,46,073,"South Dakota","Jerauld County",4,9,20,14,6
050,46,073,"South Dakota","Jerauld County",4,10,25,16,9
050,46,073,"South Dakota","Jerauld County",4,11,28,12,16
050,46,073,"South Dakota","Jerauld County",4,12,18,11,7
050,46,073,"South Dakota","Jerauld County",4,13,28,15,13
050,46,073,"South Dakota","Jerauld County",4,14,28,13,15
050,46,073,"South Dakota","Jerauld County",4,15,22,11,11
050,46,073,"South Dakota","Jerauld County",4,16,21,11,10
050,46,073,"South Dakota","Jerauld County",4,17,14,8,6
050,46,073,"South Dakota","Jerauld County",4,18,12,7,5
050,46,073,"South Dakota","Jerauld County",4,19,12,7,5
050,46,073,"South Dakota","Jerauld County",4,20,19,11,8
050,46,073,"South Dakota","Jerauld County",4,21,12,6,6
050,46,073,"South Dakota","Jerauld County",4,22,13,7,6
050,46,073,"South Dakota","Jerauld County",4,23,7,6,1
050,46,073,"South Dakota","Jerauld County",4,24,7,5,2
050,46,073,"South Dakota","Jerauld County",4,25,11,4,7
050,46,073,"South Dakota","Jerauld County",4,26,12,5,7
050,46,073,"South Dakota","Jerauld County",4,27,21,12,9
050,46,073,"South Dakota","Jerauld County",4,28,13,9,4
050,46,073,"South Dakota","Jerauld County",4,29,18,8,10
050,46,073,"South Dakota","Jerauld County",4,30,17,9,8
050,46,073,"South Dakota","Jerauld County",4,31,12,8,4
050,46,073,"South Dakota","Jerauld County",4,32,10,5,5
050,46,073,"South Dakota","Jerauld County",4,33,12,7,5
050,46,073,"South Dakota","Jerauld County",4,34,14,4,10
050,46,073,"South Dakota","Jerauld County",4,35,19,11,8
050,46,073,"South Dakota","Jerauld County",4,36,14,6,8
050,46,073,"South Dakota","Jerauld County",4,37,18,8,10
050,46,073,"South Dakota","Jerauld County",4,38,17,12,5
050,46,073,"South Dakota","Jerauld County",4,39,17,10,7
050,46,073,"South Dakota","Jerauld County",4,40,22,11,11
050,46,073,"South Dakota","Jerauld County",4,41,23,12,11
050,46,073,"South Dakota","Jerauld County",4,42,21,9,12
050,46,073,"South Dakota","Jerauld County",4,43,17,10,7
050,46,073,"South Dakota","Jerauld County",4,44,21,12,9
050,46,073,"South Dakota","Jerauld County",4,45,20,13,7
050,46,073,"South Dakota","Jerauld County",4,46,11,8,3
050,46,073,"South Dakota","Jerauld County",4,47,16,10,6
050,46,073,"South Dakota","Jerauld County",4,48,21,15,6
050,46,073,"South Dakota","Jerauld County",4,49,18,13,5
050,46,073,"South Dakota","Jerauld County",4,50,14,9,5
050,46,073,"South Dakota","Jerauld County",4,51,17,9,8
050,46,073,"South Dakota","Jerauld County",4,52,14,7,7
050,46,073,"South Dakota","Jerauld County",4,53,15,9,6
050,46,073,"South Dakota","Jerauld County",4,54,15,6,9
050,46,073,"South Dakota","Jerauld County",4,55,19,11,8
050,46,073,"South Dakota","Jerauld County",4,56,18,10,8
050,46,073,"South Dakota","Jerauld County",4,57,20,11,9
050,46,073,"South Dakota","Jerauld County",4,58,19,8,11
050,46,073,"South Dakota","Jerauld County",4,59,20,7,13
050,46,073,"South Dakota","Jerauld County",4,60,23,10,13
050,46,073,"South Dakota","Jerauld County",4,61,22,12,10
050,46,073,"South Dakota","Jerauld County",4,62,22,11,11
050,46,073,"South Dakota","Jerauld County",4,63,26,14,12
050,46,073,"South Dakota","Jerauld County",4,64,27,14,13
050,46,073,"South Dakota","Jerauld County",4,65,30,17,13
050,46,073,"South Dakota","Jerauld County",4,66,26,16,10
050,46,073,"South Dakota","Jerauld County",4,67,28,11,17
050,46,073,"South Dakota","Jerauld County",4,68,30,14,16
050,46,073,"South Dakota","Jerauld County",4,69,37,21,16
050,46,073,"South Dakota","Jerauld County",4,70,39,21,18
050,46,073,"South Dakota","Jerauld County",4,71,30,15,15
050,46,073,"South Dakota","Jerauld County",4,72,24,11,13
050,46,073,"South Dakota","Jerauld County",4,73,22,10,12
050,46,073,"South Dakota","Jerauld County",4,74,22,11,11
050,46,073,"South Dakota","Jerauld County",4,75,22,11,11
050,46,073,"South Dakota","Jerauld County",4,76,17,9,8
050,46,073,"South Dakota","Jerauld County",4,77,16,8,8
050,46,073,"South Dakota","Jerauld County",4,78,17,7,10
050,46,073,"South Dakota","Jerauld County",4,79,14,5,9
050,46,073,"South Dakota","Jerauld County",4,80,13,7,6
050,46,073,"South Dakota","Jerauld County",4,81,17,5,12
050,46,073,"South Dakota","Jerauld County",4,82,6,0,6
050,46,073,"South Dakota","Jerauld County",4,83,12,4,8
050,46,073,"South Dakota","Jerauld County",4,84,7,3,4
050,46,073,"South Dakota","Jerauld County",4,85,68,14,54
050,46,073,"South Dakota","Jerauld County",5,0,18,9,9
050,46,073,"South Dakota","Jerauld County",5,1,21,12,9
050,46,073,"South Dakota","Jerauld County",5,2,18,5,13
050,46,073,"South Dakota","Jerauld County",5,3,22,8,14
050,46,073,"South Dakota","Jerauld County",5,4,20,9,11
050,46,073,"South Dakota","Jerauld County",5,5,19,9,10
050,46,073,"South Dakota","Jerauld County",5,6,17,6,11
050,46,073,"South Dakota","Jerauld County",5,7,17,9,8
050,46,073,"South Dakota","Jerauld County",5,8,18,8,10
050,46,073,"South Dakota","Jerauld County",5,9,26,13,13
050,46,073,"South Dakota","Jerauld County",5,10,20,16,4
050,46,073,"South Dakota","Jerauld County",5,11,26,16,10
050,46,073,"South Dakota","Jerauld County",5,12,26,12,14
050,46,073,"South Dakota","Jerauld County",5,13,19,10,9
050,46,073,"South Dakota","Jerauld County",5,14,27,15,12
050,46,073,"South Dakota","Jerauld County",5,15,28,14,14
050,46,073,"South Dakota","Jerauld County",5,16,23,12,11
050,46,073,"South Dakota","Jerauld County",5,17,20,10,10
050,46,073,"South Dakota","Jerauld County",5,18,14,8,6
050,46,073,"South Dakota","Jerauld County",5,19,8,5,3
050,46,073,"South Dakota","Jerauld County",5,20,12,8,4
050,46,073,"South Dakota","Jerauld County",5,21,19,12,7
050,46,073,"South Dakota","Jerauld County",5,22,10,6,4
050,46,073,"South Dakota","Jerauld County",5,23,15,7,8
050,46,073,"South Dakota","Jerauld County",5,24,6,5,1
050,46,073,"South Dakota","Jerauld County",5,25,7,4,3
050,46,073,"South Dakota","Jerauld County",5,26,10,4,6
050,46,073,"South Dakota","Jerauld County",5,27,11,5,6
050,46,073,"South Dakota","Jerauld County",5,28,17,12,5
050,46,073,"South Dakota","Jerauld County",5,29,9,6,3
050,46,073,"South Dakota","Jerauld County",5,30,17,7,10
050,46,073,"South Dakota","Jerauld County",5,31,20,11,9
050,46,073,"South Dakota","Jerauld County",5,32,16,8,8
050,46,073,"South Dakota","Jerauld County",5,33,13,8,5
050,46,073,"South Dakota","Jerauld County",5,34,13,8,5
050,46,073,"South Dakota","Jerauld County",5,35,15,4,11
050,46,073,"South Dakota","Jerauld County",5,36,21,13,8
050,46,073,"South Dakota","Jerauld County",5,37,14,6,8
050,46,073,"South Dakota","Jerauld County",5,38,16,8,8
050,46,073,"South Dakota","Jerauld County",5,39,21,12,9
050,46,073,"South Dakota","Jerauld County",5,40,16,10,6
050,46,073,"South Dakota","Jerauld County",5,41,22,11,11
050,46,073,"South Dakota","Jerauld County",5,42,22,11,11
050,46,073,"South Dakota","Jerauld County",5,43,21,9,12
050,46,073,"South Dakota","Jerauld County",5,44,17,10,7
050,46,073,"South Dakota","Jerauld County",5,45,22,12,10
050,46,073,"South Dakota","Jerauld County",5,46,20,13,7
050,46,073,"South Dakota","Jerauld County",5,47,12,9,3
050,46,073,"South Dakota","Jerauld County",5,48,16,10,6
050,46,073,"South Dakota","Jerauld County",5,49,17,11,6
050,46,073,"South Dakota","Jerauld County",5,50,17,13,4
050,46,073,"South Dakota","Jerauld County",5,51,13,8,5
050,46,073,"South Dakota","Jerauld County",5,52,17,9,8
050,46,073,"South Dakota","Jerauld County",5,53,12,5,7
050,46,073,"South Dakota","Jerauld County",5,54,14,8,6
050,46,073,"South Dakota","Jerauld County",5,55,16,7,9
050,46,073,"South Dakota","Jerauld County",5,56,20,11,9
050,46,073,"South Dakota","Jerauld County",5,57,18,10,8
050,46,073,"South Dakota","Jerauld County",5,58,19,10,9
050,46,073,"South Dakota","Jerauld County",5,59,18,8,10
050,46,073,"South Dakota","Jerauld County",5,60,20,7,13
050,46,073,"South Dakota","Jerauld County",5,61,23,10,13
050,46,073,"South Dakota","Jerauld County",5,62,22,12,10
050,46,073,"South Dakota","Jerauld County",5,63,24,13,11
050,46,073,"South Dakota","Jerauld County",5,64,27,14,13
050,46,073,"South Dakota","Jerauld County",5,65,29,15,14
050,46,073,"South Dakota","Jerauld County",5,66,30,18,12
050,46,073,"South Dakota","Jerauld County",5,67,25,15,10
050,46,073,"South Dakota","Jerauld County",5,68,27,11,16
050,46,073,"South Dakota","Jerauld County",5,69,31,15,16
050,46,073,"South Dakota","Jerauld County",5,70,37,21,16
050,46,073,"South Dakota","Jerauld County",5,71,39,21,18
050,46,073,"South Dakota","Jerauld County",5,72,28,16,12
050,46,073,"South Dakota","Jerauld County",5,73,24,11,13
050,46,073,"South Dakota","Jerauld County",5,74,22,10,12
050,46,073,"South Dakota","Jerauld County",5,75,21,10,11
050,46,073,"South Dakota","Jerauld County",5,76,22,11,11
050,46,073,"South Dakota","Jerauld County",5,77,16,9,7
050,46,073,"South Dakota","Jerauld County",5,78,18,9,9
050,46,073,"South Dakota","Jerauld County",5,79,13,6,7
050,46,073,"South Dakota","Jerauld County",5,80,13,6,7
050,46,073,"South Dakota","Jerauld County",5,81,15,7,8
050,46,073,"South Dakota","Jerauld County",5,82,9,2,7
050,46,073,"South Dakota","Jerauld County",5,83,8,0,8
050,46,073,"South Dakota","Jerauld County",5,84,10,4,6
050,46,073,"South Dakota","Jerauld County",5,85,69,15,54
050,46,075,"South Dakota","Jones County",1,0,14,7,7
050,46,075,"South Dakota","Jones County",1,1,13,7,6
050,46,075,"South Dakota","Jones County",1,2,11,5,6
050,46,075,"South Dakota","Jones County",1,3,7,5,2
050,46,075,"South Dakota","Jones County",1,4,12,6,6
050,46,075,"South Dakota","Jones County",1,5,13,5,8
050,46,075,"South Dakota","Jones County",1,6,11,6,5
050,46,075,"South Dakota","Jones County",1,7,7,6,1
050,46,075,"South Dakota","Jones County",1,8,14,8,6
050,46,075,"South Dakota","Jones County",1,9,14,9,5
050,46,075,"South Dakota","Jones County",1,10,12,5,7
050,46,075,"South Dakota","Jones County",1,11,14,7,7
050,46,075,"South Dakota","Jones County",1,12,11,7,4
050,46,075,"South Dakota","Jones County",1,13,9,4,5
050,46,075,"South Dakota","Jones County",1,14,12,6,6
050,46,075,"South Dakota","Jones County",1,15,12,5,7
050,46,075,"South Dakota","Jones County",1,16,11,6,5
050,46,075,"South Dakota","Jones County",1,17,10,7,3
050,46,075,"South Dakota","Jones County",1,18,8,4,4
050,46,075,"South Dakota","Jones County",1,19,7,4,3
050,46,075,"South Dakota","Jones County",1,20,4,2,2
050,46,075,"South Dakota","Jones County",1,21,7,3,4
050,46,075,"South Dakota","Jones County",1,22,6,2,4
050,46,075,"South Dakota","Jones County",1,23,6,3,3
050,46,075,"South Dakota","Jones County",1,24,8,3,5
050,46,075,"South Dakota","Jones County",1,25,9,5,4
050,46,075,"South Dakota","Jones County",1,26,5,3,2
050,46,075,"South Dakota","Jones County",1,27,4,2,2
050,46,075,"South Dakota","Jones County",1,28,13,7,6
050,46,075,"South Dakota","Jones County",1,29,12,4,8
050,46,075,"South Dakota","Jones County",1,30,6,2,4
050,46,075,"South Dakota","Jones County",1,31,9,4,5
050,46,075,"South Dakota","Jones County",1,32,10,5,5
050,46,075,"South Dakota","Jones County",1,33,11,8,3
050,46,075,"South Dakota","Jones County",1,34,9,6,3
050,46,075,"South Dakota","Jones County",1,35,11,6,5
050,46,075,"South Dakota","Jones County",1,36,10,6,4
050,46,075,"South Dakota","Jones County",1,37,8,5,3
050,46,075,"South Dakota","Jones County",1,38,10,4,6
050,46,075,"South Dakota","Jones County",1,39,9,5,4
050,46,075,"South Dakota","Jones County",1,40,9,5,4
050,46,075,"South Dakota","Jones County",1,41,5,1,4
050,46,075,"South Dakota","Jones County",1,42,6,2,4
050,46,075,"South Dakota","Jones County",1,43,8,3,5
050,46,075,"South Dakota","Jones County",1,44,7,4,3
050,46,075,"South Dakota","Jones County",1,45,7,4,3
050,46,075,"South Dakota","Jones County",1,46,8,3,5
050,46,075,"South Dakota","Jones County",1,47,10,5,5
050,46,075,"South Dakota","Jones County",1,48,17,8,9
050,46,075,"South Dakota","Jones County",1,49,14,8,6
050,46,075,"South Dakota","Jones County",1,50,10,4,6
050,46,075,"South Dakota","Jones County",1,51,9,6,3
050,46,075,"South Dakota","Jones County",1,52,12,4,8
050,46,075,"South Dakota","Jones County",1,53,13,6,7
050,46,075,"South Dakota","Jones County",1,54,12,7,5
050,46,075,"South Dakota","Jones County",1,55,8,4,4
050,46,075,"South Dakota","Jones County",1,56,10,5,5
050,46,075,"South Dakota","Jones County",1,57,10,3,7
050,46,075,"South Dakota","Jones County",1,58,14,5,9
050,46,075,"South Dakota","Jones County",1,59,20,9,11
050,46,075,"South Dakota","Jones County",1,60,22,11,11
050,46,075,"South Dakota","Jones County",1,61,19,8,11
050,46,075,"South Dakota","Jones County",1,62,17,9,8
050,46,075,"South Dakota","Jones County",1,63,14,8,6
050,46,075,"South Dakota","Jones County",1,64,13,7,6
050,46,075,"South Dakota","Jones County",1,65,20,11,9
050,46,075,"South Dakota","Jones County",1,66,16,9,7
050,46,075,"South Dakota","Jones County",1,67,16,12,4
050,46,075,"South Dakota","Jones County",1,68,15,8,7
050,46,075,"South Dakota","Jones County",1,69,12,6,6
050,46,075,"South Dakota","Jones County",1,70,11,5,6
050,46,075,"South Dakota","Jones County",1,71,14,9,5
050,46,075,"South Dakota","Jones County",1,72,11,5,6
050,46,075,"South Dakota","Jones County",1,73,10,6,4
050,46,075,"South Dakota","Jones County",1,74,9,5,4
050,46,075,"South Dakota","Jones County",1,75,11,6,5
050,46,075,"South Dakota","Jones County",1,76,11,5,6
050,46,075,"South Dakota","Jones County",1,77,8,4,4
050,46,075,"South Dakota","Jones County",1,78,6,4,2
050,46,075,"South Dakota","Jones County",1,79,5,2,3
050,46,075,"South Dakota","Jones County",1,80,8,5,3
050,46,075,"South Dakota","Jones County",1,81,8,4,4
050,46,075,"South Dakota","Jones County",1,82,6,3,3
050,46,075,"South Dakota","Jones County",1,83,5,3,2
050,46,075,"South Dakota","Jones County",1,84,7,4,3
050,46,075,"South Dakota","Jones County",1,85,28,13,15
050,46,075,"South Dakota","Jones County",2,0,14,7,7
050,46,075,"South Dakota","Jones County",2,1,13,7,6
050,46,075,"South Dakota","Jones County",2,2,11,5,6
050,46,075,"South Dakota","Jones County",2,3,8,5,3
050,46,075,"South Dakota","Jones County",2,4,12,6,6
050,46,075,"South Dakota","Jones County",2,5,13,5,8
050,46,075,"South Dakota","Jones County",2,6,11,6,5
050,46,075,"South Dakota","Jones County",2,7,9,7,2
050,46,075,"South Dakota","Jones County",2,8,12,7,5
050,46,075,"South Dakota","Jones County",2,9,15,9,6
050,46,075,"South Dakota","Jones County",2,10,13,6,7
050,46,075,"South Dakota","Jones County",2,11,14,7,7
050,46,075,"South Dakota","Jones County",2,12,11,7,4
050,46,075,"South Dakota","Jones County",2,13,9,4,5
050,46,075,"South Dakota","Jones County",2,14,11,5,6
050,46,075,"South Dakota","Jones County",2,15,12,5,7
050,46,075,"South Dakota","Jones County",2,16,12,7,5
050,46,075,"South Dakota","Jones County",2,17,11,7,4
050,46,075,"South Dakota","Jones County",2,18,8,4,4
050,46,075,"South Dakota","Jones County",2,19,7,4,3
050,46,075,"South Dakota","Jones County",2,20,6,3,3
050,46,075,"South Dakota","Jones County",2,21,7,3,4
050,46,075,"South Dakota","Jones County",2,22,6,2,4
050,46,075,"South Dakota","Jones County",2,23,6,3,3
050,46,075,"South Dakota","Jones County",2,24,8,3,5
050,46,075,"South Dakota","Jones County",2,25,9,5,4
050,46,075,"South Dakota","Jones County",2,26,5,3,2
050,46,075,"South Dakota","Jones County",2,27,4,2,2
050,46,075,"South Dakota","Jones County",2,28,11,6,5
050,46,075,"South Dakota","Jones County",2,29,13,5,8
050,46,075,"South Dakota","Jones County",2,30,8,3,5
050,46,075,"South Dakota","Jones County",2,31,8,3,5
050,46,075,"South Dakota","Jones County",2,32,10,5,5
050,46,075,"South Dakota","Jones County",2,33,11,8,3
050,46,075,"South Dakota","Jones County",2,34,10,7,3
050,46,075,"South Dakota","Jones County",2,35,11,6,5
050,46,075,"South Dakota","Jones County",2,36,10,6,4
050,46,075,"South Dakota","Jones County",2,37,9,5,4
050,46,075,"South Dakota","Jones County",2,38,10,4,6
050,46,075,"South Dakota","Jones County",2,39,10,5,5
050,46,075,"South Dakota","Jones County",2,40,9,5,4
050,46,075,"South Dakota","Jones County",2,41,6,2,4
050,46,075,"South Dakota","Jones County",2,42,6,2,4
050,46,075,"South Dakota","Jones County",2,43,8,3,5
050,46,075,"South Dakota","Jones County",2,44,7,4,3
050,46,075,"South Dakota","Jones County",2,45,7,4,3
050,46,075,"South Dakota","Jones County",2,46,8,3,5
050,46,075,"South Dakota","Jones County",2,47,9,4,5
050,46,075,"South Dakota","Jones County",2,48,16,8,8
050,46,075,"South Dakota","Jones County",2,49,15,8,7
050,46,075,"South Dakota","Jones County",2,50,11,5,6
050,46,075,"South Dakota","Jones County",2,51,9,5,4
050,46,075,"South Dakota","Jones County",2,52,11,4,7
050,46,075,"South Dakota","Jones County",2,53,13,6,7
050,46,075,"South Dakota","Jones County",2,54,12,7,5
050,46,075,"South Dakota","Jones County",2,55,8,4,4
050,46,075,"South Dakota","Jones County",2,56,10,5,5
050,46,075,"South Dakota","Jones County",2,57,10,3,7
050,46,075,"South Dakota","Jones County",2,58,12,4,8
050,46,075,"South Dakota","Jones County",2,59,18,8,10
050,46,075,"South Dakota","Jones County",2,60,21,10,11
050,46,075,"South Dakota","Jones County",2,61,19,8,11
050,46,075,"South Dakota","Jones County",2,62,18,9,9
050,46,075,"South Dakota","Jones County",2,63,14,8,6
050,46,075,"South Dakota","Jones County",2,64,13,7,6
050,46,075,"South Dakota","Jones County",2,65,18,10,8
050,46,075,"South Dakota","Jones County",2,66,18,10,8
050,46,075,"South Dakota","Jones County",2,67,16,11,5
050,46,075,"South Dakota","Jones County",2,68,15,9,6
050,46,075,"South Dakota","Jones County",2,69,13,7,6
050,46,075,"South Dakota","Jones County",2,70,11,5,6
050,46,075,"South Dakota","Jones County",2,71,13,8,5
050,46,075,"South Dakota","Jones County",2,72,12,6,6
050,46,075,"South Dakota","Jones County",2,73,10,6,4
050,46,075,"South Dakota","Jones County",2,74,9,5,4
050,46,075,"South Dakota","Jones County",2,75,11,6,5
050,46,075,"South Dakota","Jones County",2,76,12,6,6
050,46,075,"South Dakota","Jones County",2,77,8,4,4
050,46,075,"South Dakota","Jones County",2,78,6,4,2
050,46,075,"South Dakota","Jones County",2,79,5,2,3
050,46,075,"South Dakota","Jones County",2,80,7,4,3
050,46,075,"South Dakota","Jones County",2,81,8,4,4
050,46,075,"South Dakota","Jones County",2,82,5,3,2
050,46,075,"South Dakota","Jones County",2,83,5,3,2
050,46,075,"South Dakota","Jones County",2,84,7,4,3
050,46,075,"South Dakota","Jones County",2,85,29,14,15
050,46,075,"South Dakota","Jones County",3,0,8,5,3
050,46,075,"South Dakota","Jones County",3,1,13,7,6
050,46,075,"South Dakota","Jones County",3,2,11,6,5
050,46,075,"South Dakota","Jones County",3,3,10,5,5
050,46,075,"South Dakota","Jones County",3,4,7,4,3
050,46,075,"South Dakota","Jones County",3,5,12,6,6
050,46,075,"South Dakota","Jones County",3,6,13,6,7
050,46,075,"South Dakota","Jones County",3,7,11,6,5
050,46,075,"South Dakota","Jones County",3,8,11,6,5
050,46,075,"South Dakota","Jones County",3,9,10,6,4
050,46,075,"South Dakota","Jones County",3,10,16,11,5
050,46,075,"South Dakota","Jones County",3,11,12,6,6
050,46,075,"South Dakota","Jones County",3,12,15,8,7
050,46,075,"South Dakota","Jones County",3,13,11,7,4
050,46,075,"South Dakota","Jones County",3,14,9,4,5
050,46,075,"South Dakota","Jones County",3,15,9,4,5
050,46,075,"South Dakota","Jones County",3,16,10,4,6
050,46,075,"South Dakota","Jones County",3,17,10,6,4
050,46,075,"South Dakota","Jones County",3,18,8,5,3
050,46,075,"South Dakota","Jones County",3,19,5,3,2
050,46,075,"South Dakota","Jones County",3,20,6,4,2
050,46,075,"South Dakota","Jones County",3,21,5,3,2
050,46,075,"South Dakota","Jones County",3,22,7,4,3
050,46,075,"South Dakota","Jones County",3,23,3,0,3
050,46,075,"South Dakota","Jones County",3,24,5,2,3
050,46,075,"South Dakota","Jones County",3,25,8,3,5
050,46,075,"South Dakota","Jones County",3,26,8,4,4
050,46,075,"South Dakota","Jones County",3,27,5,3,2
050,46,075,"South Dakota","Jones County",3,28,4,2,2
050,46,075,"South Dakota","Jones County",3,29,10,5,5
050,46,075,"South Dakota","Jones County",3,30,11,5,6
050,46,075,"South Dakota","Jones County",3,31,10,5,5
050,46,075,"South Dakota","Jones County",3,32,9,3,6
050,46,075,"South Dakota","Jones County",3,33,9,5,4
050,46,075,"South Dakota","Jones County",3,34,12,8,4
050,46,075,"South Dakota","Jones County",3,35,10,7,3
050,46,075,"South Dakota","Jones County",3,36,11,7,4
050,46,075,"South Dakota","Jones County",3,37,10,6,4
050,46,075,"South Dakota","Jones County",3,38,10,6,4
050,46,075,"South Dakota","Jones County",3,39,9,4,5
050,46,075,"South Dakota","Jones County",3,40,8,5,3
050,46,075,"South Dakota","Jones County",3,41,8,5,3
050,46,075,"South Dakota","Jones County",3,42,5,2,3
050,46,075,"South Dakota","Jones County",3,43,7,3,4
050,46,075,"South Dakota","Jones County",3,44,8,3,5
050,46,075,"South Dakota","Jones County",3,45,4,3,1
050,46,075,"South Dakota","Jones County",3,46,7,4,3
050,46,075,"South Dakota","Jones County",3,47,8,3,5
050,46,075,"South Dakota","Jones County",3,48,7,4,3
050,46,075,"South Dakota","Jones County",3,49,16,8,8
050,46,075,"South Dakota","Jones County",3,50,13,8,5
050,46,075,"South Dakota","Jones County",3,51,11,5,6
050,46,075,"South Dakota","Jones County",3,52,8,4,4
050,46,075,"South Dakota","Jones County",3,53,10,3,7
050,46,075,"South Dakota","Jones County",3,54,13,6,7
050,46,075,"South Dakota","Jones County",3,55,10,7,3
050,46,075,"South Dakota","Jones County",3,56,9,4,5
050,46,075,"South Dakota","Jones County",3,57,10,5,5
050,46,075,"South Dakota","Jones County",3,58,11,3,8
050,46,075,"South Dakota","Jones County",3,59,12,5,7
050,46,075,"South Dakota","Jones County",3,60,18,8,10
050,46,075,"South Dakota","Jones County",3,61,21,10,11
050,46,075,"South Dakota","Jones County",3,62,16,6,10
050,46,075,"South Dakota","Jones County",3,63,18,9,9
050,46,075,"South Dakota","Jones County",3,64,14,8,6
050,46,075,"South Dakota","Jones County",3,65,13,7,6
050,46,075,"South Dakota","Jones County",3,66,18,10,8
050,46,075,"South Dakota","Jones County",3,67,16,10,6
050,46,075,"South Dakota","Jones County",3,68,16,11,5
050,46,075,"South Dakota","Jones County",3,69,15,9,6
050,46,075,"South Dakota","Jones County",3,70,12,7,5
050,46,075,"South Dakota","Jones County",3,71,11,5,6
050,46,075,"South Dakota","Jones County",3,72,12,8,4
050,46,075,"South Dakota","Jones County",3,73,11,5,6
050,46,075,"South Dakota","Jones County",3,74,10,6,4
050,46,075,"South Dakota","Jones County",3,75,9,5,4
050,46,075,"South Dakota","Jones County",3,76,10,6,4
050,46,075,"South Dakota","Jones County",3,77,12,6,6
050,46,075,"South Dakota","Jones County",3,78,7,3,4
050,46,075,"South Dakota","Jones County",3,79,3,2,1
050,46,075,"South Dakota","Jones County",3,80,2,2,0
050,46,075,"South Dakota","Jones County",3,81,7,4,3
050,46,075,"South Dakota","Jones County",3,82,8,4,4
050,46,075,"South Dakota","Jones County",3,83,5,3,2
050,46,075,"South Dakota","Jones County",3,84,3,1,2
050,46,075,"South Dakota","Jones County",3,85,34,15,19
050,46,075,"South Dakota","Jones County",4,0,9,3,6
050,46,075,"South Dakota","Jones County",4,1,8,5,3
050,46,075,"South Dakota","Jones County",4,2,13,7,6
050,46,075,"South Dakota","Jones County",4,3,11,7,4
050,46,075,"South Dakota","Jones County",4,4,10,5,5
050,46,075,"South Dakota","Jones County",4,5,7,4,3
050,46,075,"South Dakota","Jones County",4,6,12,5,7
050,46,075,"South Dakota","Jones County",4,7,15,7,8
050,46,075,"South Dakota","Jones County",4,8,12,6,6
050,46,075,"South Dakota","Jones County",4,9,11,5,6
050,46,075,"South Dakota","Jones County",4,10,10,6,4
050,46,075,"South Dakota","Jones County",4,11,16,10,6
050,46,075,"South Dakota","Jones County",4,12,14,7,7
050,46,075,"South Dakota","Jones County",4,13,14,7,7
050,46,075,"South Dakota","Jones County",4,14,10,6,4
050,46,075,"South Dakota","Jones County",4,15,7,4,3
050,46,075,"South Dakota","Jones County",4,16,12,7,5
050,46,075,"South Dakota","Jones County",4,17,10,5,5
050,46,075,"South Dakota","Jones County",4,18,8,6,2
050,46,075,"South Dakota","Jones County",4,19,6,4,2
050,46,075,"South Dakota","Jones County",4,20,5,3,2
050,46,075,"South Dakota","Jones County",4,21,6,4,2
050,46,075,"South Dakota","Jones County",4,22,5,2,3
050,46,075,"South Dakota","Jones County",4,23,5,4,1
050,46,075,"South Dakota","Jones County",4,24,4,1,3
050,46,075,"South Dakota","Jones County",4,25,5,1,4
050,46,075,"South Dakota","Jones County",4,26,8,3,5
050,46,075,"South Dakota","Jones County",4,27,8,4,4
050,46,075,"South Dakota","Jones County",4,28,5,3,2
050,46,075,"South Dakota","Jones County",4,29,7,4,3
050,46,075,"South Dakota","Jones County",4,30,10,6,4
050,46,075,"South Dakota","Jones County",4,31,11,5,6
050,46,075,"South Dakota","Jones County",4,32,9,4,5
050,46,075,"South Dakota","Jones County",4,33,9,3,6
050,46,075,"South Dakota","Jones County",4,34,11,6,5
050,46,075,"South Dakota","Jones County",4,35,12,8,4
050,46,075,"South Dakota","Jones County",4,36,10,7,3
050,46,075,"South Dakota","Jones County",4,37,10,6,4
050,46,075,"South Dakota","Jones County",4,38,10,6,4
050,46,075,"South Dakota","Jones County",4,39,8,4,4
050,46,075,"South Dakota","Jones County",4,40,8,4,4
050,46,075,"South Dakota","Jones County",4,41,4,2,2
050,46,075,"South Dakota","Jones County",4,42,7,5,2
050,46,075,"South Dakota","Jones County",4,43,5,2,3
050,46,075,"South Dakota","Jones County",4,44,7,3,4
050,46,075,"South Dakota","Jones County",4,45,9,4,5
050,46,075,"South Dakota","Jones County",4,46,4,3,1
050,46,075,"South Dakota","Jones County",4,47,9,5,4
050,46,075,"South Dakota","Jones County",4,48,8,3,5
050,46,075,"South Dakota","Jones County",4,49,8,5,3
050,46,075,"South Dakota","Jones County",4,50,16,8,8
050,46,075,"South Dakota","Jones County",4,51,13,8,5
050,46,075,"South Dakota","Jones County",4,52,11,5,6
050,46,075,"South Dakota","Jones County",4,53,9,4,5
050,46,075,"South Dakota","Jones County",4,54,12,4,8
050,46,075,"South Dakota","Jones County",4,55,12,5,7
050,46,075,"South Dakota","Jones County",4,56,11,8,3
050,46,075,"South Dakota","Jones County",4,57,8,4,4
050,46,075,"South Dakota","Jones County",4,58,10,5,5
050,46,075,"South Dakota","Jones County",4,59,11,3,8
050,46,075,"South Dakota","Jones County",4,60,10,4,6
050,46,075,"South Dakota","Jones County",4,61,16,8,8
050,46,075,"South Dakota","Jones County",4,62,21,10,11
050,46,075,"South Dakota","Jones County",4,63,17,7,10
050,46,075,"South Dakota","Jones County",4,64,19,9,10
050,46,075,"South Dakota","Jones County",4,65,14,8,6
050,46,075,"South Dakota","Jones County",4,66,15,7,8
050,46,075,"South Dakota","Jones County",4,67,18,10,8
050,46,075,"South Dakota","Jones County",4,68,16,10,6
050,46,075,"South Dakota","Jones County",4,69,16,11,5
050,46,075,"South Dakota","Jones County",4,70,13,8,5
050,46,075,"South Dakota","Jones County",4,71,12,7,5
050,46,075,"South Dakota","Jones County",4,72,10,5,5
050,46,075,"South Dakota","Jones County",4,73,12,8,4
050,46,075,"South Dakota","Jones County",4,74,11,5,6
050,46,075,"South Dakota","Jones County",4,75,10,6,4
050,46,075,"South Dakota","Jones County",4,76,9,5,4
050,46,075,"South Dakota","Jones County",4,77,9,6,3
050,46,075,"South Dakota","Jones County",4,78,12,6,6
050,46,075,"South Dakota","Jones County",4,79,5,1,4
050,46,075,"South Dakota","Jones County",4,80,2,2,0
050,46,075,"South Dakota","Jones County",4,81,0,0,0
050,46,075,"South Dakota","Jones County",4,82,7,4,3
050,46,075,"South Dakota","Jones County",4,83,8,4,4
050,46,075,"South Dakota","Jones County",4,84,4,2,2
050,46,075,"South Dakota","Jones County",4,85,34,15,19
050,46,075,"South Dakota","Jones County",5,0,8,3,5
050,46,075,"South Dakota","Jones County",5,1,7,3,4
050,46,075,"South Dakota","Jones County",5,2,6,2,4
050,46,075,"South Dakota","Jones County",5,3,13,7,6
050,46,075,"South Dakota","Jones County",5,4,11,7,4
050,46,075,"South Dakota","Jones County",5,5,11,5,6
050,46,075,"South Dakota","Jones County",5,6,7,4,3
050,46,075,"South Dakota","Jones County",5,7,12,5,7
050,46,075,"South Dakota","Jones County",5,8,13,5,8
050,46,075,"South Dakota","Jones County",5,9,12,6,6
050,46,075,"South Dakota","Jones County",5,10,12,6,6
050,46,075,"South Dakota","Jones County",5,11,10,6,4
050,46,075,"South Dakota","Jones County",5,12,16,10,6
050,46,075,"South Dakota","Jones County",5,13,11,6,5
050,46,075,"South Dakota","Jones County",5,14,15,8,7
050,46,075,"South Dakota","Jones County",5,15,10,6,4
050,46,075,"South Dakota","Jones County",5,16,7,4,3
050,46,075,"South Dakota","Jones County",5,17,10,5,5
050,46,075,"South Dakota","Jones County",5,18,7,3,4
050,46,075,"South Dakota","Jones County",5,19,6,5,1
050,46,075,"South Dakota","Jones County",5,20,6,4,2
050,46,075,"South Dakota","Jones County",5,21,5,3,2
050,46,075,"South Dakota","Jones County",5,22,8,4,4
050,46,075,"South Dakota","Jones County",5,23,2,1,1
050,46,075,"South Dakota","Jones County",5,24,7,4,3
050,46,075,"South Dakota","Jones County",5,25,3,0,3
050,46,075,"South Dakota","Jones County",5,26,7,1,6
050,46,075,"South Dakota","Jones County",5,27,5,0,5
050,46,075,"South Dakota","Jones County",5,28,12,7,5
050,46,075,"South Dakota","Jones County",5,29,4,2,2
050,46,075,"South Dakota","Jones County",5,30,5,2,3
050,46,075,"South Dakota","Jones County",5,31,11,6,5
050,46,075,"South Dakota","Jones County",5,32,10,4,6
050,46,075,"South Dakota","Jones County",5,33,10,4,6
050,46,075,"South Dakota","Jones County",5,34,7,3,4
050,46,075,"South Dakota","Jones County",5,35,11,6,5
050,46,075,"South Dakota","Jones County",5,36,13,9,4
050,46,075,"South Dakota","Jones County",5,37,10,7,3
050,46,075,"South Dakota","Jones County",5,38,10,6,4
050,46,075,"South Dakota","Jones County",5,39,10,6,4
050,46,075,"South Dakota","Jones County",5,40,8,4,4
050,46,075,"South Dakota","Jones County",5,41,8,4,4
050,46,075,"South Dakota","Jones County",5,42,5,2,3
050,46,075,"South Dakota","Jones County",5,43,8,5,3
050,46,075,"South Dakota","Jones County",5,44,5,2,3
050,46,075,"South Dakota","Jones County",5,45,4,3,1
050,46,075,"South Dakota","Jones County",5,46,9,4,5
050,46,075,"South Dakota","Jones County",5,47,5,3,2
050,46,075,"South Dakota","Jones County",5,48,9,5,4
050,46,075,"South Dakota","Jones County",5,49,5,1,4
050,46,075,"South Dakota","Jones County",5,50,9,5,4
050,46,075,"South Dakota","Jones County",5,51,16,8,8
050,46,075,"South Dakota","Jones County",5,52,15,10,5
050,46,075,"South Dakota","Jones County",5,53,11,5,6
050,46,075,"South Dakota","Jones County",5,54,11,6,5
050,46,075,"South Dakota","Jones County",5,55,11,4,7
050,46,075,"South Dakota","Jones County",5,56,12,5,7
050,46,075,"South Dakota","Jones County",5,57,11,8,3
050,46,075,"South Dakota","Jones County",5,58,8,4,4
050,46,075,"South Dakota","Jones County",5,59,10,5,5
050,46,075,"South Dakota","Jones County",5,60,12,3,9
050,46,075,"South Dakota","Jones County",5,61,10,4,6
050,46,075,"South Dakota","Jones County",5,62,15,7,8
050,46,075,"South Dakota","Jones County",5,63,21,10,11
050,46,075,"South Dakota","Jones County",5,64,14,5,9
050,46,075,"South Dakota","Jones County",5,65,17,9,8
050,46,075,"South Dakota","Jones County",5,66,14,8,6
050,46,075,"South Dakota","Jones County",5,67,15,7,8
050,46,075,"South Dakota","Jones County",5,68,19,11,8
050,46,075,"South Dakota","Jones County",5,69,17,11,6
050,46,075,"South Dakota","Jones County",5,70,14,10,4
050,46,075,"South Dakota","Jones County",5,71,13,8,5
050,46,075,"South Dakota","Jones County",5,72,11,7,4
050,46,075,"South Dakota","Jones County",5,73,10,5,5
050,46,075,"South Dakota","Jones County",5,74,12,8,4
050,46,075,"South Dakota","Jones County",5,75,11,5,6
050,46,075,"South Dakota","Jones County",5,76,9,5,4
050,46,075,"South Dakota","Jones County",5,77,8,5,3
050,46,075,"South Dakota","Jones County",5,78,9,6,3
050,46,075,"South Dakota","Jones County",5,79,10,4,6
050,46,075,"South Dakota","Jones County",5,80,4,1,3
050,46,075,"South Dakota","Jones County",5,81,2,2,0
050,46,075,"South Dakota","Jones County",5,82,0,0,0
050,46,075,"South Dakota","Jones County",5,83,6,3,3
050,46,075,"South Dakota","Jones County",5,84,7,3,4
050,46,075,"South Dakota","Jones County",5,85,35,15,20
050,46,077,"South Dakota","Kingsbury County",1,0,65,32,33
050,46,077,"South Dakota","Kingsbury County",1,1,71,33,38
050,46,077,"South Dakota","Kingsbury County",1,2,74,32,42
050,46,077,"South Dakota","Kingsbury County",1,3,75,40,35
050,46,077,"South Dakota","Kingsbury County",1,4,70,31,39
050,46,077,"South Dakota","Kingsbury County",1,5,74,41,33
050,46,077,"South Dakota","Kingsbury County",1,6,58,33,25
050,46,077,"South Dakota","Kingsbury County",1,7,75,37,38
050,46,077,"South Dakota","Kingsbury County",1,8,64,33,31
050,46,077,"South Dakota","Kingsbury County",1,9,71,33,38
050,46,077,"South Dakota","Kingsbury County",1,10,63,29,34
050,46,077,"South Dakota","Kingsbury County",1,11,73,37,36
050,46,077,"South Dakota","Kingsbury County",1,12,73,32,41
050,46,077,"South Dakota","Kingsbury County",1,13,62,29,33
050,46,077,"South Dakota","Kingsbury County",1,14,65,33,32
050,46,077,"South Dakota","Kingsbury County",1,15,73,39,34
050,46,077,"South Dakota","Kingsbury County",1,16,68,42,26
050,46,077,"South Dakota","Kingsbury County",1,17,58,38,20
050,46,077,"South Dakota","Kingsbury County",1,18,55,30,25
050,46,077,"South Dakota","Kingsbury County",1,19,39,19,20
050,46,077,"South Dakota","Kingsbury County",1,20,45,20,25
050,46,077,"South Dakota","Kingsbury County",1,21,46,24,22
050,46,077,"South Dakota","Kingsbury County",1,22,53,28,25
050,46,077,"South Dakota","Kingsbury County",1,23,47,25,22
050,46,077,"South Dakota","Kingsbury County",1,24,59,28,31
050,46,077,"South Dakota","Kingsbury County",1,25,57,29,28
050,46,077,"South Dakota","Kingsbury County",1,26,52,28,24
050,46,077,"South Dakota","Kingsbury County",1,27,54,30,24
050,46,077,"South Dakota","Kingsbury County",1,28,59,31,28
050,46,077,"South Dakota","Kingsbury County",1,29,50,32,18
050,46,077,"South Dakota","Kingsbury County",1,30,55,28,27
050,46,077,"South Dakota","Kingsbury County",1,31,51,25,26
050,46,077,"South Dakota","Kingsbury County",1,32,51,31,20
050,46,077,"South Dakota","Kingsbury County",1,33,48,25,23
050,46,077,"South Dakota","Kingsbury County",1,34,51,27,24
050,46,077,"South Dakota","Kingsbury County",1,35,57,31,26
050,46,077,"South Dakota","Kingsbury County",1,36,43,18,25
050,46,077,"South Dakota","Kingsbury County",1,37,57,28,29
050,46,077,"South Dakota","Kingsbury County",1,38,54,30,24
050,46,077,"South Dakota","Kingsbury County",1,39,58,29,29
050,46,077,"South Dakota","Kingsbury County",1,40,71,33,38
050,46,077,"South Dakota","Kingsbury County",1,41,65,33,32
050,46,077,"South Dakota","Kingsbury County",1,42,55,29,26
050,46,077,"South Dakota","Kingsbury County",1,43,48,26,22
050,46,077,"South Dakota","Kingsbury County",1,44,53,30,23
050,46,077,"South Dakota","Kingsbury County",1,45,52,27,25
050,46,077,"South Dakota","Kingsbury County",1,46,45,24,21
050,46,077,"South Dakota","Kingsbury County",1,47,49,31,18
050,46,077,"South Dakota","Kingsbury County",1,48,49,25,24
050,46,077,"South Dakota","Kingsbury County",1,49,49,24,25
050,46,077,"South Dakota","Kingsbury County",1,50,52,24,28
050,46,077,"South Dakota","Kingsbury County",1,51,50,22,28
050,46,077,"South Dakota","Kingsbury County",1,52,50,24,26
050,46,077,"South Dakota","Kingsbury County",1,53,56,30,26
050,46,077,"South Dakota","Kingsbury County",1,54,52,30,22
050,46,077,"South Dakota","Kingsbury County",1,55,70,36,34
050,46,077,"South Dakota","Kingsbury County",1,56,77,36,41
050,46,077,"South Dakota","Kingsbury County",1,57,83,43,40
050,46,077,"South Dakota","Kingsbury County",1,58,87,47,40
050,46,077,"South Dakota","Kingsbury County",1,59,103,46,57
050,46,077,"South Dakota","Kingsbury County",1,60,90,46,44
050,46,077,"South Dakota","Kingsbury County",1,61,85,55,30
050,46,077,"South Dakota","Kingsbury County",1,62,77,50,27
050,46,077,"South Dakota","Kingsbury County",1,63,71,39,32
050,46,077,"South Dakota","Kingsbury County",1,64,79,41,38
050,46,077,"South Dakota","Kingsbury County",1,65,75,45,30
050,46,077,"South Dakota","Kingsbury County",1,66,80,46,34
050,46,077,"South Dakota","Kingsbury County",1,67,79,37,42
050,46,077,"South Dakota","Kingsbury County",1,68,72,33,39
050,46,077,"South Dakota","Kingsbury County",1,69,72,39,33
050,46,077,"South Dakota","Kingsbury County",1,70,63,34,29
050,46,077,"South Dakota","Kingsbury County",1,71,68,37,31
050,46,077,"South Dakota","Kingsbury County",1,72,56,34,22
050,46,077,"South Dakota","Kingsbury County",1,73,47,24,23
050,46,077,"South Dakota","Kingsbury County",1,74,45,24,21
050,46,077,"South Dakota","Kingsbury County",1,75,46,24,22
050,46,077,"South Dakota","Kingsbury County",1,76,38,17,21
050,46,077,"South Dakota","Kingsbury County",1,77,37,21,16
050,46,077,"South Dakota","Kingsbury County",1,78,40,17,23
050,46,077,"South Dakota","Kingsbury County",1,79,35,13,22
050,46,077,"South Dakota","Kingsbury County",1,80,34,15,19
050,46,077,"South Dakota","Kingsbury County",1,81,26,16,10
050,46,077,"South Dakota","Kingsbury County",1,82,25,17,8
050,46,077,"South Dakota","Kingsbury County",1,83,28,13,15
050,46,077,"South Dakota","Kingsbury County",1,84,32,15,17
050,46,077,"South Dakota","Kingsbury County",1,85,191,56,135
050,46,077,"South Dakota","Kingsbury County",2,0,67,35,32
050,46,077,"South Dakota","Kingsbury County",2,1,71,34,37
050,46,077,"South Dakota","Kingsbury County",2,2,74,33,41
050,46,077,"South Dakota","Kingsbury County",2,3,75,38,37
050,46,077,"South Dakota","Kingsbury County",2,4,71,34,37
050,46,077,"South Dakota","Kingsbury County",2,5,73,40,33
050,46,077,"South Dakota","Kingsbury County",2,6,62,34,28
050,46,077,"South Dakota","Kingsbury County",2,7,72,37,35
050,46,077,"South Dakota","Kingsbury County",2,8,67,34,33
050,46,077,"South Dakota","Kingsbury County",2,9,71,34,37
050,46,077,"South Dakota","Kingsbury County",2,10,63,28,35
050,46,077,"South Dakota","Kingsbury County",2,11,69,35,34
050,46,077,"South Dakota","Kingsbury County",2,12,73,34,39
050,46,077,"South Dakota","Kingsbury County",2,13,65,29,36
050,46,077,"South Dakota","Kingsbury County",2,14,65,33,32
050,46,077,"South Dakota","Kingsbury County",2,15,70,37,33
050,46,077,"South Dakota","Kingsbury County",2,16,69,41,28
050,46,077,"South Dakota","Kingsbury County",2,17,60,39,21
050,46,077,"South Dakota","Kingsbury County",2,18,55,31,24
050,46,077,"South Dakota","Kingsbury County",2,19,41,21,20
050,46,077,"South Dakota","Kingsbury County",2,20,45,21,24
050,46,077,"South Dakota","Kingsbury County",2,21,46,23,23
050,46,077,"South Dakota","Kingsbury County",2,22,51,27,24
050,46,077,"South Dakota","Kingsbury County",2,23,49,26,23
050,46,077,"South Dakota","Kingsbury County",2,24,57,28,29
050,46,077,"South Dakota","Kingsbury County",2,25,58,30,28
050,46,077,"South Dakota","Kingsbury County",2,26,54,29,25
050,46,077,"South Dakota","Kingsbury County",2,27,55,30,25
050,46,077,"South Dakota","Kingsbury County",2,28,59,32,27
050,46,077,"South Dakota","Kingsbury County",2,29,52,31,21
050,46,077,"South Dakota","Kingsbury County",2,30,56,30,26
050,46,077,"South Dakota","Kingsbury County",2,31,51,26,25
050,46,077,"South Dakota","Kingsbury County",2,32,52,31,21
050,46,077,"South Dakota","Kingsbury County",2,33,50,26,24
050,46,077,"South Dakota","Kingsbury County",2,34,51,28,23
050,46,077,"South Dakota","Kingsbury County",2,35,54,28,26
050,46,077,"South Dakota","Kingsbury County",2,36,46,20,26
050,46,077,"South Dakota","Kingsbury County",2,37,54,26,28
050,46,077,"South Dakota","Kingsbury County",2,38,55,30,25
050,46,077,"South Dakota","Kingsbury County",2,39,59,30,29
050,46,077,"South Dakota","Kingsbury County",2,40,68,32,36
050,46,077,"South Dakota","Kingsbury County",2,41,65,32,33
050,46,077,"South Dakota","Kingsbury County",2,42,58,30,28
050,46,077,"South Dakota","Kingsbury County",2,43,52,28,24
050,46,077,"South Dakota","Kingsbury County",2,44,52,29,23
050,46,077,"South Dakota","Kingsbury County",2,45,52,28,24
050,46,077,"South Dakota","Kingsbury County",2,46,46,24,22
050,46,077,"South Dakota","Kingsbury County",2,47,49,30,19
050,46,077,"South Dakota","Kingsbury County",2,48,49,26,23
050,46,077,"South Dakota","Kingsbury County",2,49,51,25,26
050,46,077,"South Dakota","Kingsbury County",2,50,50,22,28
050,46,077,"South Dakota","Kingsbury County",2,51,49,22,27
050,46,077,"South Dakota","Kingsbury County",2,52,51,24,27
050,46,077,"South Dakota","Kingsbury County",2,53,55,29,26
050,46,077,"South Dakota","Kingsbury County",2,54,53,30,23
050,46,077,"South Dakota","Kingsbury County",2,55,66,35,31
050,46,077,"South Dakota","Kingsbury County",2,56,75,35,40
050,46,077,"South Dakota","Kingsbury County",2,57,83,43,40
050,46,077,"South Dakota","Kingsbury County",2,58,87,46,41
050,46,077,"South Dakota","Kingsbury County",2,59,99,47,52
050,46,077,"South Dakota","Kingsbury County",2,60,93,46,47
050,46,077,"South Dakota","Kingsbury County",2,61,86,53,33
050,46,077,"South Dakota","Kingsbury County",2,62,80,52,28
050,46,077,"South Dakota","Kingsbury County",2,63,72,41,31
050,46,077,"South Dakota","Kingsbury County",2,64,76,40,36
050,46,077,"South Dakota","Kingsbury County",2,65,75,43,32
050,46,077,"South Dakota","Kingsbury County",2,66,80,46,34
050,46,077,"South Dakota","Kingsbury County",2,67,78,39,39
050,46,077,"South Dakota","Kingsbury County",2,68,74,35,39
050,46,077,"South Dakota","Kingsbury County",2,69,73,38,35
050,46,077,"South Dakota","Kingsbury County",2,70,65,36,29
050,46,077,"South Dakota","Kingsbury County",2,71,66,36,30
050,46,077,"South Dakota","Kingsbury County",2,72,57,33,24
050,46,077,"South Dakota","Kingsbury County",2,73,51,28,23
050,46,077,"South Dakota","Kingsbury County",2,74,42,22,20
050,46,077,"South Dakota","Kingsbury County",2,75,47,25,22
050,46,077,"South Dakota","Kingsbury County",2,76,39,18,21
050,46,077,"South Dakota","Kingsbury County",2,77,38,21,17
050,46,077,"South Dakota","Kingsbury County",2,78,37,16,21
050,46,077,"South Dakota","Kingsbury County",2,79,35,14,21
050,46,077,"South Dakota","Kingsbury County",2,80,34,14,20
050,46,077,"South Dakota","Kingsbury County",2,81,28,16,12
050,46,077,"South Dakota","Kingsbury County",2,82,26,17,9
050,46,077,"South Dakota","Kingsbury County",2,83,27,14,13
050,46,077,"South Dakota","Kingsbury County",2,84,30,14,16
050,46,077,"South Dakota","Kingsbury County",2,85,193,58,135
050,46,077,"South Dakota","Kingsbury County",3,0,75,35,40
050,46,077,"South Dakota","Kingsbury County",3,1,74,34,40
050,46,077,"South Dakota","Kingsbury County",3,2,73,35,38
050,46,077,"South Dakota","Kingsbury County",3,3,77,34,43
050,46,077,"South Dakota","Kingsbury County",3,4,74,36,38
050,46,077,"South Dakota","Kingsbury County",3,5,74,40,34
050,46,077,"South Dakota","Kingsbury County",3,6,72,38,34
050,46,077,"South Dakota","Kingsbury County",3,7,67,36,31
050,46,077,"South Dakota","Kingsbury County",3,8,74,39,35
050,46,077,"South Dakota","Kingsbury County",3,9,72,36,36
050,46,077,"South Dakota","Kingsbury County",3,10,66,30,36
050,46,077,"South Dakota","Kingsbury County",3,11,68,34,34
050,46,077,"South Dakota","Kingsbury County",3,12,69,35,34
050,46,077,"South Dakota","Kingsbury County",3,13,74,31,43
050,46,077,"South Dakota","Kingsbury County",3,14,63,30,33
050,46,077,"South Dakota","Kingsbury County",3,15,68,35,33
050,46,077,"South Dakota","Kingsbury County",3,16,71,34,37
050,46,077,"South Dakota","Kingsbury County",3,17,67,40,27
050,46,077,"South Dakota","Kingsbury County",3,18,58,37,21
050,46,077,"South Dakota","Kingsbury County",3,19,35,22,13
050,46,077,"South Dakota","Kingsbury County",3,20,44,24,20
050,46,077,"South Dakota","Kingsbury County",3,21,48,24,24
050,46,077,"South Dakota","Kingsbury County",3,22,45,22,23
050,46,077,"South Dakota","Kingsbury County",3,23,48,29,19
050,46,077,"South Dakota","Kingsbury County",3,24,53,29,24
050,46,077,"South Dakota","Kingsbury County",3,25,51,22,29
050,46,077,"South Dakota","Kingsbury County",3,26,66,34,32
050,46,077,"South Dakota","Kingsbury County",3,27,56,32,24
050,46,077,"South Dakota","Kingsbury County",3,28,50,30,20
050,46,077,"South Dakota","Kingsbury County",3,29,61,32,29
050,46,077,"South Dakota","Kingsbury County",3,30,52,30,22
050,46,077,"South Dakota","Kingsbury County",3,31,55,34,21
050,46,077,"South Dakota","Kingsbury County",3,32,47,24,23
050,46,077,"South Dakota","Kingsbury County",3,33,50,27,23
050,46,077,"South Dakota","Kingsbury County",3,34,52,28,24
050,46,077,"South Dakota","Kingsbury County",3,35,49,24,25
050,46,077,"South Dakota","Kingsbury County",3,36,60,29,31
050,46,077,"South Dakota","Kingsbury County",3,37,43,20,23
050,46,077,"South Dakota","Kingsbury County",3,38,55,28,27
050,46,077,"South Dakota","Kingsbury County",3,39,60,32,28
050,46,077,"South Dakota","Kingsbury County",3,40,66,32,34
050,46,077,"South Dakota","Kingsbury County",3,41,67,32,35
050,46,077,"South Dakota","Kingsbury County",3,42,63,32,31
050,46,077,"South Dakota","Kingsbury County",3,43,59,30,29
050,46,077,"South Dakota","Kingsbury County",3,44,52,28,24
050,46,077,"South Dakota","Kingsbury County",3,45,54,29,25
050,46,077,"South Dakota","Kingsbury County",3,46,53,31,22
050,46,077,"South Dakota","Kingsbury County",3,47,46,27,19
050,46,077,"South Dakota","Kingsbury County",3,48,53,32,21
050,46,077,"South Dakota","Kingsbury County",3,49,53,26,27
050,46,077,"South Dakota","Kingsbury County",3,50,51,23,28
050,46,077,"South Dakota","Kingsbury County",3,51,47,22,25
050,46,077,"South Dakota","Kingsbury County",3,52,47,22,25
050,46,077,"South Dakota","Kingsbury County",3,53,48,22,26
050,46,077,"South Dakota","Kingsbury County",3,54,50,25,25
050,46,077,"South Dakota","Kingsbury County",3,55,55,31,24
050,46,077,"South Dakota","Kingsbury County",3,56,63,31,32
050,46,077,"South Dakota","Kingsbury County",3,57,77,39,38
050,46,077,"South Dakota","Kingsbury County",3,58,76,38,38
050,46,077,"South Dakota","Kingsbury County",3,59,82,44,38
050,46,077,"South Dakota","Kingsbury County",3,60,96,45,51
050,46,077,"South Dakota","Kingsbury County",3,61,90,46,44
050,46,077,"South Dakota","Kingsbury County",3,62,81,51,30
050,46,077,"South Dakota","Kingsbury County",3,63,80,50,30
050,46,077,"South Dakota","Kingsbury County",3,64,70,39,31
050,46,077,"South Dakota","Kingsbury County",3,65,78,44,34
050,46,077,"South Dakota","Kingsbury County",3,66,74,42,32
050,46,077,"South Dakota","Kingsbury County",3,67,78,44,34
050,46,077,"South Dakota","Kingsbury County",3,68,71,35,36
050,46,077,"South Dakota","Kingsbury County",3,69,69,31,38
050,46,077,"South Dakota","Kingsbury County",3,70,72,39,33
050,46,077,"South Dakota","Kingsbury County",3,71,62,34,28
050,46,077,"South Dakota","Kingsbury County",3,72,63,32,31
050,46,077,"South Dakota","Kingsbury County",3,73,59,35,24
050,46,077,"South Dakota","Kingsbury County",3,74,49,26,23
050,46,077,"South Dakota","Kingsbury County",3,75,45,24,21
050,46,077,"South Dakota","Kingsbury County",3,76,46,24,22
050,46,077,"South Dakota","Kingsbury County",3,77,37,17,20
050,46,077,"South Dakota","Kingsbury County",3,78,39,19,20
050,46,077,"South Dakota","Kingsbury County",3,79,33,16,17
050,46,077,"South Dakota","Kingsbury County",3,80,31,13,18
050,46,077,"South Dakota","Kingsbury County",3,81,34,16,18
050,46,077,"South Dakota","Kingsbury County",3,82,28,15,13
050,46,077,"South Dakota","Kingsbury County",3,83,28,16,12
050,46,077,"South Dakota","Kingsbury County",3,84,29,16,13
050,46,077,"South Dakota","Kingsbury County",3,85,181,57,124
050,46,077,"South Dakota","Kingsbury County",4,0,68,34,34
050,46,077,"South Dakota","Kingsbury County",4,1,77,33,44
050,46,077,"South Dakota","Kingsbury County",4,2,72,37,35
050,46,077,"South Dakota","Kingsbury County",4,3,77,39,38
050,46,077,"South Dakota","Kingsbury County",4,4,77,32,45
050,46,077,"South Dakota","Kingsbury County",4,5,77,41,36
050,46,077,"South Dakota","Kingsbury County",4,6,77,42,35
050,46,077,"South Dakota","Kingsbury County",4,7,79,40,39
050,46,077,"South Dakota","Kingsbury County",4,8,72,42,30
050,46,077,"South Dakota","Kingsbury County",4,9,80,39,41
050,46,077,"South Dakota","Kingsbury County",4,10,67,34,33
050,46,077,"South Dakota","Kingsbury County",4,11,75,34,41
050,46,077,"South Dakota","Kingsbury County",4,12,69,34,35
050,46,077,"South Dakota","Kingsbury County",4,13,78,37,41
050,46,077,"South Dakota","Kingsbury County",4,14,73,33,40
050,46,077,"South Dakota","Kingsbury County",4,15,65,31,34
050,46,077,"South Dakota","Kingsbury County",4,16,66,34,32
050,46,077,"South Dakota","Kingsbury County",4,17,70,34,36
050,46,077,"South Dakota","Kingsbury County",4,18,59,35,24
050,46,077,"South Dakota","Kingsbury County",4,19,46,28,18
050,46,077,"South Dakota","Kingsbury County",4,20,44,28,16
050,46,077,"South Dakota","Kingsbury County",4,21,40,20,20
050,46,077,"South Dakota","Kingsbury County",4,22,53,31,22
050,46,077,"South Dakota","Kingsbury County",4,23,38,20,18
050,46,077,"South Dakota","Kingsbury County",4,24,50,28,22
050,46,077,"South Dakota","Kingsbury County",4,25,50,26,24
050,46,077,"South Dakota","Kingsbury County",4,26,54,21,33
050,46,077,"South Dakota","Kingsbury County",4,27,68,35,33
050,46,077,"South Dakota","Kingsbury County",4,28,64,34,30
050,46,077,"South Dakota","Kingsbury County",4,29,50,29,21
050,46,077,"South Dakota","Kingsbury County",4,30,58,28,30
050,46,077,"South Dakota","Kingsbury County",4,31,49,29,20
050,46,077,"South Dakota","Kingsbury County",4,32,56,36,20
050,46,077,"South Dakota","Kingsbury County",4,33,54,28,26
050,46,077,"South Dakota","Kingsbury County",4,34,53,31,22
050,46,077,"South Dakota","Kingsbury County",4,35,54,25,29
050,46,077,"South Dakota","Kingsbury County",4,36,52,24,28
050,46,077,"South Dakota","Kingsbury County",4,37,57,28,29
050,46,077,"South Dakota","Kingsbury County",4,38,40,20,20
050,46,077,"South Dakota","Kingsbury County",4,39,57,29,28
050,46,077,"South Dakota","Kingsbury County",4,40,63,33,30
050,46,077,"South Dakota","Kingsbury County",4,41,66,31,35
050,46,077,"South Dakota","Kingsbury County",4,42,66,30,36
050,46,077,"South Dakota","Kingsbury County",4,43,69,36,33
050,46,077,"South Dakota","Kingsbury County",4,44,59,29,30
050,46,077,"South Dakota","Kingsbury County",4,45,52,28,24
050,46,077,"South Dakota","Kingsbury County",4,46,56,30,26
050,46,077,"South Dakota","Kingsbury County",4,47,52,33,19
050,46,077,"South Dakota","Kingsbury County",4,48,47,27,20
050,46,077,"South Dakota","Kingsbury County",4,49,52,33,19
050,46,077,"South Dakota","Kingsbury County",4,50,54,25,29
050,46,077,"South Dakota","Kingsbury County",4,51,49,23,26
050,46,077,"South Dakota","Kingsbury County",4,52,50,25,25
050,46,077,"South Dakota","Kingsbury County",4,53,52,25,27
050,46,077,"South Dakota","Kingsbury County",4,54,49,22,27
050,46,077,"South Dakota","Kingsbury County",4,55,55,27,28
050,46,077,"South Dakota","Kingsbury County",4,56,54,30,24
050,46,077,"South Dakota","Kingsbury County",4,57,70,38,32
050,46,077,"South Dakota","Kingsbury County",4,58,78,37,41
050,46,077,"South Dakota","Kingsbury County",4,59,79,39,40
050,46,077,"South Dakota","Kingsbury County",4,60,85,45,40
050,46,077,"South Dakota","Kingsbury County",4,61,89,41,48
050,46,077,"South Dakota","Kingsbury County",4,62,96,48,48
050,46,077,"South Dakota","Kingsbury County",4,63,80,50,30
050,46,077,"South Dakota","Kingsbury County",4,64,80,49,31
050,46,077,"South Dakota","Kingsbury County",4,65,71,41,30
050,46,077,"South Dakota","Kingsbury County",4,66,80,43,37
050,46,077,"South Dakota","Kingsbury County",4,67,76,45,31
050,46,077,"South Dakota","Kingsbury County",4,68,78,43,35
050,46,077,"South Dakota","Kingsbury County",4,69,71,36,35
050,46,077,"South Dakota","Kingsbury County",4,70,70,32,38
050,46,077,"South Dakota","Kingsbury County",4,71,65,35,30
050,46,077,"South Dakota","Kingsbury County",4,72,59,31,28
050,46,077,"South Dakota","Kingsbury County",4,73,60,29,31
050,46,077,"South Dakota","Kingsbury County",4,74,55,32,23
050,46,077,"South Dakota","Kingsbury County",4,75,47,25,22
050,46,077,"South Dakota","Kingsbury County",4,76,39,20,19
050,46,077,"South Dakota","Kingsbury County",4,77,40,22,18
050,46,077,"South Dakota","Kingsbury County",4,78,38,15,23
050,46,077,"South Dakota","Kingsbury County",4,79,34,17,17
050,46,077,"South Dakota","Kingsbury County",4,80,30,14,16
050,46,077,"South Dakota","Kingsbury County",4,81,29,13,16
050,46,077,"South Dakota","Kingsbury County",4,82,32,14,18
050,46,077,"South Dakota","Kingsbury County",4,83,32,14,18
050,46,077,"South Dakota","Kingsbury County",4,84,31,19,12
050,46,077,"South Dakota","Kingsbury County",4,85,175,61,114
050,46,077,"South Dakota","Kingsbury County",5,0,68,32,36
050,46,077,"South Dakota","Kingsbury County",5,1,81,39,42
050,46,077,"South Dakota","Kingsbury County",5,2,67,30,37
050,46,077,"South Dakota","Kingsbury County",5,3,78,43,35
050,46,077,"South Dakota","Kingsbury County",5,4,74,39,35
050,46,077,"South Dakota","Kingsbury County",5,5,81,38,43
050,46,077,"South Dakota","Kingsbury County",5,6,78,39,39
050,46,077,"South Dakota","Kingsbury County",5,7,81,40,41
050,46,077,"South Dakota","Kingsbury County",5,8,79,42,37
050,46,077,"South Dakota","Kingsbury County",5,9,73,42,31
050,46,077,"South Dakota","Kingsbury County",5,10,78,38,40
050,46,077,"South Dakota","Kingsbury County",5,11,67,34,33
050,46,077,"South Dakota","Kingsbury County",5,12,78,36,42
050,46,077,"South Dakota","Kingsbury County",5,13,71,34,37
050,46,077,"South Dakota","Kingsbury County",5,14,78,40,38
050,46,077,"South Dakota","Kingsbury County",5,15,72,31,41
050,46,077,"South Dakota","Kingsbury County",5,16,64,31,33
050,46,077,"South Dakota","Kingsbury County",5,17,61,31,30
050,46,077,"South Dakota","Kingsbury County",5,18,55,26,29
050,46,077,"South Dakota","Kingsbury County",5,19,40,24,16
050,46,077,"South Dakota","Kingsbury County",5,20,47,28,19
050,46,077,"South Dakota","Kingsbury County",5,21,45,25,20
050,46,077,"South Dakota","Kingsbury County",5,22,47,25,22
050,46,077,"South Dakota","Kingsbury County",5,23,62,36,26
050,46,077,"South Dakota","Kingsbury County",5,24,45,24,21
050,46,077,"South Dakota","Kingsbury County",5,25,51,31,20
050,46,077,"South Dakota","Kingsbury County",5,26,48,24,24
050,46,077,"South Dakota","Kingsbury County",5,27,59,26,33
050,46,077,"South Dakota","Kingsbury County",5,28,67,35,32
050,46,077,"South Dakota","Kingsbury County",5,29,62,34,28
050,46,077,"South Dakota","Kingsbury County",5,30,51,28,23
050,46,077,"South Dakota","Kingsbury County",5,31,56,27,29
050,46,077,"South Dakota","Kingsbury County",5,32,51,31,20
050,46,077,"South Dakota","Kingsbury County",5,33,57,35,22
050,46,077,"South Dakota","Kingsbury County",5,34,56,32,24
050,46,077,"South Dakota","Kingsbury County",5,35,53,25,28
050,46,077,"South Dakota","Kingsbury County",5,36,55,25,30
050,46,077,"South Dakota","Kingsbury County",5,37,52,28,24
050,46,077,"South Dakota","Kingsbury County",5,38,62,30,32
050,46,077,"South Dakota","Kingsbury County",5,39,44,20,24
050,46,077,"South Dakota","Kingsbury County",5,40,60,30,30
050,46,077,"South Dakota","Kingsbury County",5,41,62,33,29
050,46,077,"South Dakota","Kingsbury County",5,42,65,30,35
050,46,077,"South Dakota","Kingsbury County",5,43,66,29,37
050,46,077,"South Dakota","Kingsbury County",5,44,72,36,36
050,46,077,"South Dakota","Kingsbury County",5,45,59,29,30
050,46,077,"South Dakota","Kingsbury County",5,46,51,28,23
050,46,077,"South Dakota","Kingsbury County",5,47,56,31,25
050,46,077,"South Dakota","Kingsbury County",5,48,52,32,20
050,46,077,"South Dakota","Kingsbury County",5,49,43,23,20
050,46,077,"South Dakota","Kingsbury County",5,50,51,33,18
050,46,077,"South Dakota","Kingsbury County",5,51,51,24,27
050,46,077,"South Dakota","Kingsbury County",5,52,50,23,27
050,46,077,"South Dakota","Kingsbury County",5,53,52,26,26
050,46,077,"South Dakota","Kingsbury County",5,54,48,23,25
050,46,077,"South Dakota","Kingsbury County",5,55,50,23,27
050,46,077,"South Dakota","Kingsbury County",5,56,53,26,27
050,46,077,"South Dakota","Kingsbury County",5,57,55,32,23
050,46,077,"South Dakota","Kingsbury County",5,58,68,35,33
050,46,077,"South Dakota","Kingsbury County",5,59,79,37,42
050,46,077,"South Dakota","Kingsbury County",5,60,76,37,39
050,46,077,"South Dakota","Kingsbury County",5,61,78,42,36
050,46,077,"South Dakota","Kingsbury County",5,62,85,43,42
050,46,077,"South Dakota","Kingsbury County",5,63,93,45,48
050,46,077,"South Dakota","Kingsbury County",5,64,85,51,34
050,46,077,"South Dakota","Kingsbury County",5,65,81,49,32
050,46,077,"South Dakota","Kingsbury County",5,66,73,42,31
050,46,077,"South Dakota","Kingsbury County",5,67,80,43,37
050,46,077,"South Dakota","Kingsbury County",5,68,70,41,29
050,46,077,"South Dakota","Kingsbury County",5,69,73,40,33
050,46,077,"South Dakota","Kingsbury County",5,70,69,34,35
050,46,077,"South Dakota","Kingsbury County",5,71,65,29,36
050,46,077,"South Dakota","Kingsbury County",5,72,65,35,30
050,46,077,"South Dakota","Kingsbury County",5,73,53,27,26
050,46,077,"South Dakota","Kingsbury County",5,74,55,27,28
050,46,077,"South Dakota","Kingsbury County",5,75,57,34,23
050,46,077,"South Dakota","Kingsbury County",5,76,43,22,21
050,46,077,"South Dakota","Kingsbury County",5,77,37,19,18
050,46,077,"South Dakota","Kingsbury County",5,78,41,20,21
050,46,077,"South Dakota","Kingsbury County",5,79,31,12,19
050,46,077,"South Dakota","Kingsbury County",5,80,30,14,16
050,46,077,"South Dakota","Kingsbury County",5,81,34,18,16
050,46,077,"South Dakota","Kingsbury County",5,82,25,11,14
050,46,077,"South Dakota","Kingsbury County",5,83,31,13,18
050,46,077,"South Dakota","Kingsbury County",5,84,34,17,17
050,46,077,"South Dakota","Kingsbury County",5,85,175,70,105
050,46,079,"South Dakota","Lake County",1,0,112,59,53
050,46,079,"South Dakota","Lake County",1,1,128,70,58
050,46,079,"South Dakota","Lake County",1,2,124,60,64
050,46,079,"South Dakota","Lake County",1,3,127,67,60
050,46,079,"South Dakota","Lake County",1,4,126,70,56
050,46,079,"South Dakota","Lake County",1,5,119,60,59
050,46,079,"South Dakota","Lake County",1,6,126,68,58
050,46,079,"South Dakota","Lake County",1,7,129,73,56
050,46,079,"South Dakota","Lake County",1,8,127,72,55
050,46,079,"South Dakota","Lake County",1,9,117,55,62
050,46,079,"South Dakota","Lake County",1,10,128,66,62
050,46,079,"South Dakota","Lake County",1,11,140,68,72
050,46,079,"South Dakota","Lake County",1,12,143,78,65
050,46,079,"South Dakota","Lake County",1,13,126,59,67
050,46,079,"South Dakota","Lake County",1,14,121,56,65
050,46,079,"South Dakota","Lake County",1,15,128,63,65
050,46,079,"South Dakota","Lake County",1,16,135,72,63
050,46,079,"South Dakota","Lake County",1,17,143,77,66
050,46,079,"South Dakota","Lake County",1,18,176,105,71
050,46,079,"South Dakota","Lake County",1,19,252,142,110
050,46,079,"South Dakota","Lake County",1,20,186,99,87
050,46,079,"South Dakota","Lake County",1,21,156,95,61
050,46,079,"South Dakota","Lake County",1,22,148,83,65
050,46,079,"South Dakota","Lake County",1,23,123,71,52
050,46,079,"South Dakota","Lake County",1,24,112,72,40
050,46,079,"South Dakota","Lake County",1,25,106,63,43
050,46,079,"South Dakota","Lake County",1,26,107,63,44
050,46,079,"South Dakota","Lake County",1,27,96,49,47
050,46,079,"South Dakota","Lake County",1,28,99,59,40
050,46,079,"South Dakota","Lake County",1,29,106,64,42
050,46,079,"South Dakota","Lake County",1,30,93,46,47
050,46,079,"South Dakota","Lake County",1,31,92,51,41
050,46,079,"South Dakota","Lake County",1,32,100,50,50
050,46,079,"South Dakota","Lake County",1,33,102,47,55
050,46,079,"South Dakota","Lake County",1,34,122,67,55
050,46,079,"South Dakota","Lake County",1,35,119,63,56
050,46,079,"South Dakota","Lake County",1,36,121,66,55
050,46,079,"South Dakota","Lake County",1,37,124,65,59
050,46,079,"South Dakota","Lake County",1,38,130,69,61
050,46,079,"South Dakota","Lake County",1,39,122,70,52
050,46,079,"South Dakota","Lake County",1,40,128,68,60
050,46,079,"South Dakota","Lake County",1,41,119,65,54
050,46,079,"South Dakota","Lake County",1,42,110,55,55
050,46,079,"South Dakota","Lake County",1,43,113,63,50
050,46,079,"South Dakota","Lake County",1,44,112,67,45
050,46,079,"South Dakota","Lake County",1,45,104,54,50
050,46,079,"South Dakota","Lake County",1,46,83,40,43
050,46,079,"South Dakota","Lake County",1,47,86,41,45
050,46,079,"South Dakota","Lake County",1,48,106,58,48
050,46,079,"South Dakota","Lake County",1,49,113,64,49
050,46,079,"South Dakota","Lake County",1,50,98,49,49
050,46,079,"South Dakota","Lake County",1,51,115,69,46
050,46,079,"South Dakota","Lake County",1,52,103,54,49
050,46,079,"South Dakota","Lake County",1,53,128,66,62
050,46,079,"South Dakota","Lake County",1,54,121,66,55
050,46,079,"South Dakota","Lake County",1,55,139,72,67
050,46,079,"South Dakota","Lake County",1,56,162,84,78
050,46,079,"South Dakota","Lake County",1,57,154,76,78
050,46,079,"South Dakota","Lake County",1,58,176,82,94
050,46,079,"South Dakota","Lake County",1,59,180,86,94
050,46,079,"South Dakota","Lake County",1,60,202,93,109
050,46,079,"South Dakota","Lake County",1,61,191,91,100
050,46,079,"South Dakota","Lake County",1,62,200,104,96
050,46,079,"South Dakota","Lake County",1,63,199,94,105
050,46,079,"South Dakota","Lake County",1,64,203,90,113
050,46,079,"South Dakota","Lake County",1,65,190,102,88
050,46,079,"South Dakota","Lake County",1,66,227,118,109
050,46,079,"South Dakota","Lake County",1,67,227,126,101
050,46,079,"South Dakota","Lake County",1,68,203,111,92
050,46,079,"South Dakota","Lake County",1,69,188,103,85
050,46,079,"South Dakota","Lake County",1,70,185,99,86
050,46,079,"South Dakota","Lake County",1,71,168,99,69
050,46,079,"South Dakota","Lake County",1,72,171,95,76
050,46,079,"South Dakota","Lake County",1,73,145,82,63
050,46,079,"South Dakota","Lake County",1,74,94,50,44
050,46,079,"South Dakota","Lake County",1,75,86,45,41
050,46,079,"South Dakota","Lake County",1,76,74,40,34
050,46,079,"South Dakota","Lake County",1,77,74,43,31
050,46,079,"South Dakota","Lake County",1,78,62,31,31
050,46,079,"South Dakota","Lake County",1,79,46,25,21
050,46,079,"South Dakota","Lake County",1,80,41,19,22
050,46,079,"South Dakota","Lake County",1,81,41,22,19
050,46,079,"South Dakota","Lake County",1,82,35,15,20
050,46,079,"South Dakota","Lake County",1,83,40,17,23
050,46,079,"South Dakota","Lake County",1,84,31,13,18
050,46,079,"South Dakota","Lake County",1,85,203,71,132
050,46,079,"South Dakota","Lake County",2,0,124,63,61
050,46,079,"South Dakota","Lake County",2,1,122,66,56
050,46,079,"South Dakota","Lake County",2,2,124,62,62
050,46,079,"South Dakota","Lake County",2,3,123,63,60
050,46,079,"South Dakota","Lake County",2,4,124,67,57
050,46,079,"South Dakota","Lake County",2,5,120,62,58
050,46,079,"South Dakota","Lake County",2,6,124,66,58
050,46,079,"South Dakota","Lake County",2,7,128,72,56
050,46,079,"South Dakota","Lake County",2,8,125,72,53
050,46,079,"South Dakota","Lake County",2,9,118,58,60
050,46,079,"South Dakota","Lake County",2,10,122,61,61
050,46,079,"South Dakota","Lake County",2,11,137,67,70
050,46,079,"South Dakota","Lake County",2,12,143,77,66
050,46,079,"South Dakota","Lake County",2,13,131,66,65
050,46,079,"South Dakota","Lake County",2,14,120,57,63
050,46,079,"South Dakota","Lake County",2,15,127,61,66
050,46,079,"South Dakota","Lake County",2,16,133,70,63
050,46,079,"South Dakota","Lake County",2,17,141,76,65
050,46,079,"South Dakota","Lake County",2,18,177,106,71
050,46,079,"South Dakota","Lake County",2,19,250,140,110
050,46,079,"South Dakota","Lake County",2,20,192,104,88
050,46,079,"South Dakota","Lake County",2,21,154,94,60
050,46,079,"South Dakota","Lake County",2,22,146,82,64
050,46,079,"South Dakota","Lake County",2,23,124,72,52
050,46,079,"South Dakota","Lake County",2,24,114,71,43
050,46,079,"South Dakota","Lake County",2,25,108,66,42
050,46,079,"South Dakota","Lake County",2,26,105,61,44
050,46,079,"South Dakota","Lake County",2,27,101,55,46
050,46,079,"South Dakota","Lake County",2,28,99,58,41
050,46,079,"South Dakota","Lake County",2,29,106,63,43
050,46,079,"South Dakota","Lake County",2,30,95,49,46
050,46,079,"South Dakota","Lake County",2,31,93,50,43
050,46,079,"South Dakota","Lake County",2,32,97,49,48
050,46,079,"South Dakota","Lake County",2,33,100,48,52
050,46,079,"South Dakota","Lake County",2,34,113,60,53
050,46,079,"South Dakota","Lake County",2,35,119,64,55
050,46,079,"South Dakota","Lake County",2,36,121,65,56
050,46,079,"South Dakota","Lake County",2,37,122,64,58
050,46,079,"South Dakota","Lake County",2,38,128,67,61
050,46,079,"South Dakota","Lake County",2,39,124,69,55
050,46,079,"South Dakota","Lake County",2,40,125,67,58
050,46,079,"South Dakota","Lake County",2,41,119,64,55
050,46,079,"South Dakota","Lake County",2,42,110,57,53
050,46,079,"South Dakota","Lake County",2,43,112,61,51
050,46,079,"South Dakota","Lake County",2,44,112,65,47
050,46,079,"South Dakota","Lake County",2,45,107,57,50
050,46,079,"South Dakota","Lake County",2,46,87,43,44
050,46,079,"South Dakota","Lake County",2,47,86,41,45
050,46,079,"South Dakota","Lake County",2,48,101,54,47
050,46,079,"South Dakota","Lake County",2,49,109,60,49
050,46,079,"South Dakota","Lake County",2,50,99,52,47
050,46,079,"South Dakota","Lake County",2,51,110,65,45
050,46,079,"South Dakota","Lake County",2,52,107,58,49
050,46,079,"South Dakota","Lake County",2,53,122,62,60
050,46,079,"South Dakota","Lake County",2,54,121,65,56
050,46,079,"South Dakota","Lake County",2,55,133,69,64
050,46,079,"South Dakota","Lake County",2,56,156,81,75
050,46,079,"South Dakota","Lake County",2,57,154,76,78
050,46,079,"South Dakota","Lake County",2,58,171,81,90
050,46,079,"South Dakota","Lake County",2,59,180,86,94
050,46,079,"South Dakota","Lake County",2,60,196,91,105
050,46,079,"South Dakota","Lake County",2,61,190,91,99
050,46,079,"South Dakota","Lake County",2,62,198,102,96
050,46,079,"South Dakota","Lake County",2,63,198,95,103
050,46,079,"South Dakota","Lake County",2,64,198,89,109
050,46,079,"South Dakota","Lake County",2,65,193,100,93
050,46,079,"South Dakota","Lake County",2,66,216,113,103
050,46,079,"South Dakota","Lake County",2,67,222,122,100
050,46,079,"South Dakota","Lake County",2,68,205,112,93
050,46,079,"South Dakota","Lake County",2,69,191,105,86
050,46,079,"South Dakota","Lake County",2,70,182,98,84
050,46,079,"South Dakota","Lake County",2,71,172,98,74
050,46,079,"South Dakota","Lake County",2,72,165,92,73
050,46,079,"South Dakota","Lake County",2,73,158,89,69
050,46,079,"South Dakota","Lake County",2,74,98,53,45
050,46,079,"South Dakota","Lake County",2,75,89,47,42
050,46,079,"South Dakota","Lake County",2,76,75,40,35
050,46,079,"South Dakota","Lake County",2,77,74,41,33
050,46,079,"South Dakota","Lake County",2,78,63,33,30
050,46,079,"South Dakota","Lake County",2,79,48,25,23
050,46,079,"South Dakota","Lake County",2,80,41,20,21
050,46,079,"South Dakota","Lake County",2,81,41,21,20
050,46,079,"South Dakota","Lake County",2,82,35,16,19
050,46,079,"South Dakota","Lake County",2,83,38,16,22
050,46,079,"South Dakota","Lake County",2,84,33,14,19
050,46,079,"South Dakota","Lake County",2,85,203,69,134
050,46,079,"South Dakota","Lake County",3,0,118,69,49
050,46,079,"South Dakota","Lake County",3,1,110,63,47
050,46,079,"South Dakota","Lake County",3,2,111,58,53
050,46,079,"South Dakota","Lake County",3,3,125,61,64
050,46,079,"South Dakota","Lake County",3,4,114,57,57
050,46,079,"South Dakota","Lake County",3,5,125,67,58
050,46,079,"South Dakota","Lake County",3,6,116,58,58
050,46,079,"South Dakota","Lake County",3,7,122,60,62
050,46,079,"South Dakota","Lake County",3,8,126,64,62
050,46,079,"South Dakota","Lake County",3,9,118,66,52
050,46,079,"South Dakota","Lake County",3,10,114,55,59
050,46,079,"South Dakota","Lake County",3,11,128,66,62
050,46,079,"South Dakota","Lake County",3,12,132,66,66
050,46,079,"South Dakota","Lake County",3,13,141,76,65
050,46,079,"South Dakota","Lake County",3,14,124,69,55
050,46,079,"South Dakota","Lake County",3,15,120,55,65
050,46,079,"South Dakota","Lake County",3,16,130,65,65
050,46,079,"South Dakota","Lake County",3,17,133,69,64
050,46,079,"South Dakota","Lake County",3,18,179,102,77
050,46,079,"South Dakota","Lake County",3,19,252,140,112
050,46,079,"South Dakota","Lake County",3,20,189,100,89
050,46,079,"South Dakota","Lake County",3,21,154,95,59
050,46,079,"South Dakota","Lake County",3,22,135,80,55
050,46,079,"South Dakota","Lake County",3,23,132,77,55
050,46,079,"South Dakota","Lake County",3,24,120,67,53
050,46,079,"South Dakota","Lake County",3,25,113,66,47
050,46,079,"South Dakota","Lake County",3,26,94,58,36
050,46,079,"South Dakota","Lake County",3,27,98,59,39
050,46,079,"South Dakota","Lake County",3,28,89,51,38
050,46,079,"South Dakota","Lake County",3,29,97,51,46
050,46,079,"South Dakota","Lake County",3,30,110,69,41
050,46,079,"South Dakota","Lake County",3,31,92,52,40
050,46,079,"South Dakota","Lake County",3,32,98,47,51
050,46,079,"South Dakota","Lake County",3,33,87,46,41
050,46,079,"South Dakota","Lake County",3,34,100,52,48
050,46,079,"South Dakota","Lake County",3,35,111,58,53
050,46,079,"South Dakota","Lake County",3,36,122,63,59
050,46,079,"South Dakota","Lake County",3,37,123,65,58
050,46,079,"South Dakota","Lake County",3,38,118,60,58
050,46,079,"South Dakota","Lake County",3,39,122,66,56
050,46,079,"South Dakota","Lake County",3,40,123,71,52
050,46,079,"South Dakota","Lake County",3,41,120,66,54
050,46,079,"South Dakota","Lake County",3,42,125,67,58
050,46,079,"South Dakota","Lake County",3,43,101,51,50
050,46,079,"South Dakota","Lake County",3,44,109,60,49
050,46,079,"South Dakota","Lake County",3,45,113,66,47
050,46,079,"South Dakota","Lake County",3,46,105,56,49
050,46,079,"South Dakota","Lake County",3,47,84,41,43
050,46,079,"South Dakota","Lake County",3,48,80,40,40
050,46,079,"South Dakota","Lake County",3,49,105,55,50
050,46,079,"South Dakota","Lake County",3,50,106,60,46
050,46,079,"South Dakota","Lake County",3,51,94,49,45
050,46,079,"South Dakota","Lake County",3,52,105,62,43
050,46,079,"South Dakota","Lake County",3,53,112,56,56
050,46,079,"South Dakota","Lake County",3,54,124,66,58
050,46,079,"South Dakota","Lake County",3,55,118,63,55
050,46,079,"South Dakota","Lake County",3,56,130,68,62
050,46,079,"South Dakota","Lake County",3,57,160,82,78
050,46,079,"South Dakota","Lake County",3,58,153,76,77
050,46,079,"South Dakota","Lake County",3,59,173,83,90
050,46,079,"South Dakota","Lake County",3,60,183,85,98
050,46,079,"South Dakota","Lake County",3,61,196,92,104
050,46,079,"South Dakota","Lake County",3,62,194,96,98
050,46,079,"South Dakota","Lake County",3,63,195,100,95
050,46,079,"South Dakota","Lake County",3,64,198,92,106
050,46,079,"South Dakota","Lake County",3,65,196,89,107
050,46,079,"South Dakota","Lake County",3,66,185,93,92
050,46,079,"South Dakota","Lake County",3,67,211,111,100
050,46,079,"South Dakota","Lake County",3,68,214,119,95
050,46,079,"South Dakota","Lake County",3,69,207,114,93
050,46,079,"South Dakota","Lake County",3,70,188,101,87
050,46,079,"South Dakota","Lake County",3,71,179,99,80
050,46,079,"South Dakota","Lake County",3,72,167,95,72
050,46,079,"South Dakota","Lake County",3,73,153,87,66
050,46,079,"South Dakota","Lake County",3,74,153,87,66
050,46,079,"South Dakota","Lake County",3,75,98,53,45
050,46,079,"South Dakota","Lake County",3,76,83,43,40
050,46,079,"South Dakota","Lake County",3,77,73,39,34
050,46,079,"South Dakota","Lake County",3,78,63,34,29
050,46,079,"South Dakota","Lake County",3,79,58,30,28
050,46,079,"South Dakota","Lake County",3,80,46,22,24
050,46,079,"South Dakota","Lake County",3,81,38,18,20
050,46,079,"South Dakota","Lake County",3,82,38,19,19
050,46,079,"South Dakota","Lake County",3,83,39,16,23
050,46,079,"South Dakota","Lake County",3,84,31,12,19
050,46,079,"South Dakota","Lake County",3,85,196,69,127
050,46,079,"South Dakota","Lake County",4,0,110,62,48
050,46,079,"South Dakota","Lake County",4,1,109,57,52
050,46,079,"South Dakota","Lake County",4,2,121,68,53
050,46,079,"South Dakota","Lake County",4,3,114,58,56
050,46,079,"South Dakota","Lake County",4,4,129,61,68
050,46,079,"South Dakota","Lake County",4,5,115,60,55
050,46,079,"South Dakota","Lake County",4,6,126,69,57
050,46,079,"South Dakota","Lake County",4,7,117,58,59
050,46,079,"South Dakota","Lake County",4,8,118,61,57
050,46,079,"South Dakota","Lake County",4,9,126,65,61
050,46,079,"South Dakota","Lake County",4,10,126,69,57
050,46,079,"South Dakota","Lake County",4,11,118,57,61
050,46,079,"South Dakota","Lake County",4,12,133,69,64
050,46,079,"South Dakota","Lake County",4,13,137,69,68
050,46,079,"South Dakota","Lake County",4,14,144,73,71
050,46,079,"South Dakota","Lake County",4,15,134,74,60
050,46,079,"South Dakota","Lake County",4,16,123,54,69
050,46,079,"South Dakota","Lake County",4,17,123,63,60
050,46,079,"South Dakota","Lake County",4,18,178,103,75
050,46,079,"South Dakota","Lake County",4,19,252,140,112
050,46,079,"South Dakota","Lake County",4,20,190,102,88
050,46,079,"South Dakota","Lake County",4,21,145,88,57
050,46,079,"South Dakota","Lake County",4,22,145,87,58
050,46,079,"South Dakota","Lake County",4,23,116,69,47
050,46,079,"South Dakota","Lake County",4,24,125,64,61
050,46,079,"South Dakota","Lake County",4,25,124,71,53
050,46,079,"South Dakota","Lake County",4,26,100,60,40
050,46,079,"South Dakota","Lake County",4,27,94,54,40
050,46,079,"South Dakota","Lake County",4,28,102,60,42
050,46,079,"South Dakota","Lake County",4,29,99,57,42
050,46,079,"South Dakota","Lake County",4,30,88,47,41
050,46,079,"South Dakota","Lake County",4,31,113,71,42
050,46,079,"South Dakota","Lake County",4,32,99,54,45
050,46,079,"South Dakota","Lake County",4,33,94,43,51
050,46,079,"South Dakota","Lake County",4,34,95,50,45
050,46,079,"South Dakota","Lake County",4,35,100,50,50
050,46,079,"South Dakota","Lake County",4,36,121,61,60
050,46,079,"South Dakota","Lake County",4,37,123,62,61
050,46,079,"South Dakota","Lake County",4,38,131,69,62
050,46,079,"South Dakota","Lake County",4,39,125,66,59
050,46,079,"South Dakota","Lake County",4,40,117,59,58
050,46,079,"South Dakota","Lake County",4,41,123,70,53
050,46,079,"South Dakota","Lake County",4,42,123,69,54
050,46,079,"South Dakota","Lake County",4,43,125,64,61
050,46,079,"South Dakota","Lake County",4,44,108,57,51
050,46,079,"South Dakota","Lake County",4,45,112,62,50
050,46,079,"South Dakota","Lake County",4,46,109,62,47
050,46,079,"South Dakota","Lake County",4,47,111,63,48
050,46,079,"South Dakota","Lake County",4,48,83,42,41
050,46,079,"South Dakota","Lake County",4,49,89,38,51
050,46,079,"South Dakota","Lake County",4,50,105,55,50
050,46,079,"South Dakota","Lake County",4,51,103,58,45
050,46,079,"South Dakota","Lake County",4,52,95,49,46
050,46,079,"South Dakota","Lake County",4,53,104,62,42
050,46,079,"South Dakota","Lake County",4,54,113,60,53
050,46,079,"South Dakota","Lake County",4,55,125,66,59
050,46,079,"South Dakota","Lake County",4,56,124,66,58
050,46,079,"South Dakota","Lake County",4,57,130,68,62
050,46,079,"South Dakota","Lake County",4,58,158,84,74
050,46,079,"South Dakota","Lake County",4,59,151,71,80
050,46,079,"South Dakota","Lake County",4,60,170,82,88
050,46,079,"South Dakota","Lake County",4,61,181,87,94
050,46,079,"South Dakota","Lake County",4,62,200,96,104
050,46,079,"South Dakota","Lake County",4,63,186,93,93
050,46,079,"South Dakota","Lake County",4,64,191,96,95
050,46,079,"South Dakota","Lake County",4,65,203,95,108
050,46,079,"South Dakota","Lake County",4,66,197,88,109
050,46,079,"South Dakota","Lake County",4,67,192,95,97
050,46,079,"South Dakota","Lake County",4,68,205,109,96
050,46,079,"South Dakota","Lake County",4,69,218,119,99
050,46,079,"South Dakota","Lake County",4,70,202,113,89
050,46,079,"South Dakota","Lake County",4,71,184,100,84
050,46,079,"South Dakota","Lake County",4,72,179,102,77
050,46,079,"South Dakota","Lake County",4,73,162,93,69
050,46,079,"South Dakota","Lake County",4,74,143,81,62
050,46,079,"South Dakota","Lake County",4,75,144,84,60
050,46,079,"South Dakota","Lake County",4,76,88,47,41
050,46,079,"South Dakota","Lake County",4,77,79,40,39
050,46,079,"South Dakota","Lake County",4,78,69,35,34
050,46,079,"South Dakota","Lake County",4,79,60,33,27
050,46,079,"South Dakota","Lake County",4,80,55,28,27
050,46,079,"South Dakota","Lake County",4,81,42,21,21
050,46,079,"South Dakota","Lake County",4,82,37,16,21
050,46,079,"South Dakota","Lake County",4,83,41,17,24
050,46,079,"South Dakota","Lake County",4,84,38,17,21
050,46,079,"South Dakota","Lake County",4,85,184,62,122
050,46,079,"South Dakota","Lake County",5,0,110,61,49
050,46,079,"South Dakota","Lake County",5,1,107,54,53
050,46,079,"South Dakota","Lake County",5,2,115,64,51
050,46,079,"South Dakota","Lake County",5,3,125,68,57
050,46,079,"South Dakota","Lake County",5,4,116,57,59
050,46,079,"South Dakota","Lake County",5,5,139,68,71
050,46,079,"South Dakota","Lake County",5,6,116,58,58
050,46,079,"South Dakota","Lake County",5,7,128,69,59
050,46,079,"South Dakota","Lake County",5,8,118,58,60
050,46,079,"South Dakota","Lake County",5,9,122,58,64
050,46,079,"South Dakota","Lake County",5,10,127,64,63
050,46,079,"South Dakota","Lake County",5,11,132,71,61
050,46,079,"South Dakota","Lake County",5,12,125,62,63
050,46,079,"South Dakota","Lake County",5,13,135,68,67
050,46,079,"South Dakota","Lake County",5,14,135,71,64
050,46,079,"South Dakota","Lake County",5,15,154,79,75
050,46,079,"South Dakota","Lake County",5,16,134,77,57
050,46,079,"South Dakota","Lake County",5,17,127,57,70
050,46,079,"South Dakota","Lake County",5,18,167,93,74
050,46,079,"South Dakota","Lake County",5,19,254,140,114
050,46,079,"South Dakota","Lake County",5,20,198,103,95
050,46,079,"South Dakota","Lake County",5,21,149,93,56
050,46,079,"South Dakota","Lake County",5,22,128,69,59
050,46,079,"South Dakota","Lake County",5,23,146,85,61
050,46,079,"South Dakota","Lake County",5,24,120,81,39
050,46,079,"South Dakota","Lake County",5,25,132,69,63
050,46,079,"South Dakota","Lake County",5,26,107,64,43
050,46,079,"South Dakota","Lake County",5,27,105,62,43
050,46,079,"South Dakota","Lake County",5,28,101,59,42
050,46,079,"South Dakota","Lake County",5,29,113,64,49
050,46,079,"South Dakota","Lake County",5,30,102,58,44
050,46,079,"South Dakota","Lake County",5,31,89,45,44
050,46,079,"South Dakota","Lake County",5,32,106,62,44
050,46,079,"South Dakota","Lake County",5,33,97,60,37
050,46,079,"South Dakota","Lake County",5,34,92,41,51
050,46,079,"South Dakota","Lake County",5,35,94,50,44
050,46,079,"South Dakota","Lake County",5,36,107,53,54
050,46,079,"South Dakota","Lake County",5,37,119,59,60
050,46,079,"South Dakota","Lake County",5,38,119,59,60
050,46,079,"South Dakota","Lake County",5,39,127,67,60
050,46,079,"South Dakota","Lake County",5,40,126,63,63
050,46,079,"South Dakota","Lake County",5,41,117,61,56
050,46,079,"South Dakota","Lake County",5,42,128,70,58
050,46,079,"South Dakota","Lake County",5,43,119,65,54
050,46,079,"South Dakota","Lake County",5,44,129,68,61
050,46,079,"South Dakota","Lake County",5,45,111,59,52
050,46,079,"South Dakota","Lake County",5,46,110,62,48
050,46,079,"South Dakota","Lake County",5,47,110,64,46
050,46,079,"South Dakota","Lake County",5,48,107,61,46
050,46,079,"South Dakota","Lake County",5,49,84,41,43
050,46,079,"South Dakota","Lake County",5,50,83,35,48
050,46,079,"South Dakota","Lake County",5,51,111,59,52
050,46,079,"South Dakota","Lake County",5,52,105,54,51
050,46,079,"South Dakota","Lake County",5,53,98,51,47
050,46,079,"South Dakota","Lake County",5,54,106,66,40
050,46,079,"South Dakota","Lake County",5,55,106,57,49
050,46,079,"South Dakota","Lake County",5,56,123,65,58
050,46,079,"South Dakota","Lake County",5,57,127,67,60
050,46,079,"South Dakota","Lake County",5,58,130,69,61
050,46,079,"South Dakota","Lake County",5,59,159,84,75
050,46,079,"South Dakota","Lake County",5,60,159,75,84
050,46,079,"South Dakota","Lake County",5,61,171,85,86
050,46,079,"South Dakota","Lake County",5,62,184,90,94
050,46,079,"South Dakota","Lake County",5,63,202,99,103
050,46,079,"South Dakota","Lake County",5,64,187,95,92
050,46,079,"South Dakota","Lake County",5,65,193,99,94
050,46,079,"South Dakota","Lake County",5,66,202,93,109
050,46,079,"South Dakota","Lake County",5,67,196,91,105
050,46,079,"South Dakota","Lake County",5,68,186,91,95
050,46,079,"South Dakota","Lake County",5,69,204,107,97
050,46,079,"South Dakota","Lake County",5,70,209,113,96
050,46,079,"South Dakota","Lake County",5,71,199,110,89
050,46,079,"South Dakota","Lake County",5,72,182,102,80
050,46,079,"South Dakota","Lake County",5,73,177,102,75
050,46,079,"South Dakota","Lake County",5,74,151,87,64
050,46,079,"South Dakota","Lake County",5,75,135,81,54
050,46,079,"South Dakota","Lake County",5,76,136,75,61
050,46,079,"South Dakota","Lake County",5,77,84,45,39
050,46,079,"South Dakota","Lake County",5,78,76,37,39
050,46,079,"South Dakota","Lake County",5,79,65,34,31
050,46,079,"South Dakota","Lake County",5,80,55,28,27
050,46,079,"South Dakota","Lake County",5,81,53,28,25
050,46,079,"South Dakota","Lake County",5,82,38,18,20
050,46,079,"South Dakota","Lake County",5,83,38,15,23
050,46,079,"South Dakota","Lake County",5,84,37,17,20
050,46,079,"South Dakota","Lake County",5,85,186,65,121
050,46,081,"South Dakota","Lawrence County",1,0,195,99,96
050,46,081,"South Dakota","Lawrence County",1,1,202,103,99
050,46,081,"South Dakota","Lawrence County",1,2,209,112,97
050,46,081,"South Dakota","Lawrence County",1,3,207,113,94
050,46,081,"South Dakota","Lawrence County",1,4,233,126,107
050,46,081,"South Dakota","Lawrence County",1,5,220,122,98
050,46,081,"South Dakota","Lawrence County",1,6,228,124,104
050,46,081,"South Dakota","Lawrence County",1,7,230,115,115
050,46,081,"South Dakota","Lawrence County",1,8,243,125,118
050,46,081,"South Dakota","Lawrence County",1,9,268,140,128
050,46,081,"South Dakota","Lawrence County",1,10,263,144,119
050,46,081,"South Dakota","Lawrence County",1,11,280,136,144
050,46,081,"South Dakota","Lawrence County",1,12,316,161,155
050,46,081,"South Dakota","Lawrence County",1,13,299,151,148
050,46,081,"South Dakota","Lawrence County",1,14,285,146,139
050,46,081,"South Dakota","Lawrence County",1,15,274,145,129
050,46,081,"South Dakota","Lawrence County",1,16,288,142,146
050,46,081,"South Dakota","Lawrence County",1,17,262,126,136
050,46,081,"South Dakota","Lawrence County",1,18,362,158,204
050,46,081,"South Dakota","Lawrence County",1,19,558,269,289
050,46,081,"South Dakota","Lawrence County",1,20,505,233,272
050,46,081,"South Dakota","Lawrence County",1,21,398,168,230
050,46,081,"South Dakota","Lawrence County",1,22,411,188,223
050,46,081,"South Dakota","Lawrence County",1,23,324,179,145
050,46,081,"South Dakota","Lawrence County",1,24,294,144,150
050,46,081,"South Dakota","Lawrence County",1,25,266,138,128
050,46,081,"South Dakota","Lawrence County",1,26,287,141,146
050,46,081,"South Dakota","Lawrence County",1,27,288,146,142
050,46,081,"South Dakota","Lawrence County",1,28,308,166,142
050,46,081,"South Dakota","Lawrence County",1,29,297,151,146
050,46,081,"South Dakota","Lawrence County",1,30,285,155,130
050,46,081,"South Dakota","Lawrence County",1,31,275,152,123
050,46,081,"South Dakota","Lawrence County",1,32,302,156,146
050,46,081,"South Dakota","Lawrence County",1,33,316,164,152
050,46,081,"South Dakota","Lawrence County",1,34,321,181,140
050,46,081,"South Dakota","Lawrence County",1,35,314,164,150
050,46,081,"South Dakota","Lawrence County",1,36,314,150,164
050,46,081,"South Dakota","Lawrence County",1,37,319,170,149
050,46,081,"South Dakota","Lawrence County",1,38,317,176,141
050,46,081,"South Dakota","Lawrence County",1,39,290,170,120
050,46,081,"South Dakota","Lawrence County",1,40,305,157,148
050,46,081,"South Dakota","Lawrence County",1,41,282,144,138
050,46,081,"South Dakota","Lawrence County",1,42,262,140,122
050,46,081,"South Dakota","Lawrence County",1,43,262,134,128
050,46,081,"South Dakota","Lawrence County",1,44,267,132,135
050,46,081,"South Dakota","Lawrence County",1,45,255,124,131
050,46,081,"South Dakota","Lawrence County",1,46,248,132,116
050,46,081,"South Dakota","Lawrence County",1,47,226,115,111
050,46,081,"South Dakota","Lawrence County",1,48,254,136,118
050,46,081,"South Dakota","Lawrence County",1,49,277,158,119
050,46,081,"South Dakota","Lawrence County",1,50,277,142,135
050,46,081,"South Dakota","Lawrence County",1,51,292,148,144
050,46,081,"South Dakota","Lawrence County",1,52,296,151,145
050,46,081,"South Dakota","Lawrence County",1,53,295,146,149
050,46,081,"South Dakota","Lawrence County",1,54,275,137,138
050,46,081,"South Dakota","Lawrence County",1,55,326,167,159
050,46,081,"South Dakota","Lawrence County",1,56,332,165,167
050,46,081,"South Dakota","Lawrence County",1,57,362,179,183
050,46,081,"South Dakota","Lawrence County",1,58,373,181,192
050,46,081,"South Dakota","Lawrence County",1,59,385,186,199
050,46,081,"South Dakota","Lawrence County",1,60,423,199,224
050,46,081,"South Dakota","Lawrence County",1,61,421,197,224
050,46,081,"South Dakota","Lawrence County",1,62,437,216,221
050,46,081,"South Dakota","Lawrence County",1,63,446,216,230
050,46,081,"South Dakota","Lawrence County",1,64,444,227,217
050,46,081,"South Dakota","Lawrence County",1,65,441,230,211
050,46,081,"South Dakota","Lawrence County",1,66,439,237,202
050,46,081,"South Dakota","Lawrence County",1,67,461,250,211
050,46,081,"South Dakota","Lawrence County",1,68,440,226,214
050,46,081,"South Dakota","Lawrence County",1,69,395,191,204
050,46,081,"South Dakota","Lawrence County",1,70,359,187,172
050,46,081,"South Dakota","Lawrence County",1,71,345,185,160
050,46,081,"South Dakota","Lawrence County",1,72,333,176,157
050,46,081,"South Dakota","Lawrence County",1,73,320,170,150
050,46,081,"South Dakota","Lawrence County",1,74,203,97,106
050,46,081,"South Dakota","Lawrence County",1,75,209,109,100
050,46,081,"South Dakota","Lawrence County",1,76,206,103,103
050,46,081,"South Dakota","Lawrence County",1,77,197,100,97
050,46,081,"South Dakota","Lawrence County",1,78,162,89,73
050,46,081,"South Dakota","Lawrence County",1,79,150,72,78
050,46,081,"South Dakota","Lawrence County",1,80,141,63,78
050,46,081,"South Dakota","Lawrence County",1,81,129,54,75
050,46,081,"South Dakota","Lawrence County",1,82,106,50,56
050,46,081,"South Dakota","Lawrence County",1,83,93,40,53
050,46,081,"South Dakota","Lawrence County",1,84,98,41,57
050,46,081,"South Dakota","Lawrence County",1,85,669,242,427
050,46,081,"South Dakota","Lawrence County",2,0,205,103,102
050,46,081,"South Dakota","Lawrence County",2,1,201,103,98
050,46,081,"South Dakota","Lawrence County",2,2,209,111,98
050,46,081,"South Dakota","Lawrence County",2,3,210,115,95
050,46,081,"South Dakota","Lawrence County",2,4,229,124,105
050,46,081,"South Dakota","Lawrence County",2,5,222,123,99
050,46,081,"South Dakota","Lawrence County",2,6,227,125,102
050,46,081,"South Dakota","Lawrence County",2,7,229,116,113
050,46,081,"South Dakota","Lawrence County",2,8,240,122,118
050,46,081,"South Dakota","Lawrence County",2,9,261,134,127
050,46,081,"South Dakota","Lawrence County",2,10,264,143,121
050,46,081,"South Dakota","Lawrence County",2,11,278,139,139
050,46,081,"South Dakota","Lawrence County",2,12,311,156,155
050,46,081,"South Dakota","Lawrence County",2,13,304,154,150
050,46,081,"South Dakota","Lawrence County",2,14,289,148,141
050,46,081,"South Dakota","Lawrence County",2,15,274,143,131
050,46,081,"South Dakota","Lawrence County",2,16,286,142,144
050,46,081,"South Dakota","Lawrence County",2,17,268,129,139
050,46,081,"South Dakota","Lawrence County",2,18,355,154,201
050,46,081,"South Dakota","Lawrence County",2,19,559,269,290
050,46,081,"South Dakota","Lawrence County",2,20,502,230,272
050,46,081,"South Dakota","Lawrence County",2,21,399,172,227
050,46,081,"South Dakota","Lawrence County",2,22,400,184,216
050,46,081,"South Dakota","Lawrence County",2,23,329,177,152
050,46,081,"South Dakota","Lawrence County",2,24,288,143,145
050,46,081,"South Dakota","Lawrence County",2,25,268,138,130
050,46,081,"South Dakota","Lawrence County",2,26,280,140,140
050,46,081,"South Dakota","Lawrence County",2,27,285,142,143
050,46,081,"South Dakota","Lawrence County",2,28,306,162,144
050,46,081,"South Dakota","Lawrence County",2,29,300,155,145
050,46,081,"South Dakota","Lawrence County",2,30,288,154,134
050,46,081,"South Dakota","Lawrence County",2,31,274,151,123
050,46,081,"South Dakota","Lawrence County",2,32,297,155,142
050,46,081,"South Dakota","Lawrence County",2,33,317,165,152
050,46,081,"South Dakota","Lawrence County",2,34,325,181,144
050,46,081,"South Dakota","Lawrence County",2,35,317,168,149
050,46,081,"South Dakota","Lawrence County",2,36,311,153,158
050,46,081,"South Dakota","Lawrence County",2,37,321,167,154
050,46,081,"South Dakota","Lawrence County",2,38,322,177,145
050,46,081,"South Dakota","Lawrence County",2,39,300,174,126
050,46,081,"South Dakota","Lawrence County",2,40,305,161,144
050,46,081,"South Dakota","Lawrence County",2,41,288,148,140
050,46,081,"South Dakota","Lawrence County",2,42,266,141,125
050,46,081,"South Dakota","Lawrence County",2,43,264,137,127
050,46,081,"South Dakota","Lawrence County",2,44,264,132,132
050,46,081,"South Dakota","Lawrence County",2,45,260,126,134
050,46,081,"South Dakota","Lawrence County",2,46,249,130,119
050,46,081,"South Dakota","Lawrence County",2,47,232,120,112
050,46,081,"South Dakota","Lawrence County",2,48,247,132,115
050,46,081,"South Dakota","Lawrence County",2,49,270,151,119
050,46,081,"South Dakota","Lawrence County",2,50,280,148,132
050,46,081,"South Dakota","Lawrence County",2,51,290,148,142
050,46,081,"South Dakota","Lawrence County",2,52,297,151,146
050,46,081,"South Dakota","Lawrence County",2,53,295,146,149
050,46,081,"South Dakota","Lawrence County",2,54,281,140,141
050,46,081,"South Dakota","Lawrence County",2,55,313,160,153
050,46,081,"South Dakota","Lawrence County",2,56,335,168,167
050,46,081,"South Dakota","Lawrence County",2,57,354,174,180
050,46,081,"South Dakota","Lawrence County",2,58,367,179,188
050,46,081,"South Dakota","Lawrence County",2,59,388,188,200
050,46,081,"South Dakota","Lawrence County",2,60,418,199,219
050,46,081,"South Dakota","Lawrence County",2,61,426,201,225
050,46,081,"South Dakota","Lawrence County",2,62,439,214,225
050,46,081,"South Dakota","Lawrence County",2,63,452,221,231
050,46,081,"South Dakota","Lawrence County",2,64,447,226,221
050,46,081,"South Dakota","Lawrence County",2,65,446,232,214
050,46,081,"South Dakota","Lawrence County",2,66,445,238,207
050,46,081,"South Dakota","Lawrence County",2,67,456,247,209
050,46,081,"South Dakota","Lawrence County",2,68,440,229,211
050,46,081,"South Dakota","Lawrence County",2,69,409,201,208
050,46,081,"South Dakota","Lawrence County",2,70,369,190,179
050,46,081,"South Dakota","Lawrence County",2,71,349,185,164
050,46,081,"South Dakota","Lawrence County",2,72,329,176,153
050,46,081,"South Dakota","Lawrence County",2,73,339,180,159
050,46,081,"South Dakota","Lawrence County",2,74,215,106,109
050,46,081,"South Dakota","Lawrence County",2,75,208,105,103
050,46,081,"South Dakota","Lawrence County",2,76,200,99,101
050,46,081,"South Dakota","Lawrence County",2,77,201,101,100
050,46,081,"South Dakota","Lawrence County",2,78,165,88,77
050,46,081,"South Dakota","Lawrence County",2,79,151,74,77
050,46,081,"South Dakota","Lawrence County",2,80,143,64,79
050,46,081,"South Dakota","Lawrence County",2,81,127,54,73
050,46,081,"South Dakota","Lawrence County",2,82,111,50,61
050,46,081,"South Dakota","Lawrence County",2,83,94,41,53
050,46,081,"South Dakota","Lawrence County",2,84,95,40,55
050,46,081,"South Dakota","Lawrence County",2,85,675,246,429
050,46,081,"South Dakota","Lawrence County",3,0,200,98,102
050,46,081,"South Dakota","Lawrence County",3,1,218,115,103
050,46,081,"South Dakota","Lawrence County",3,2,206,106,100
050,46,081,"South Dakota","Lawrence County",3,3,225,121,104
050,46,081,"South Dakota","Lawrence County",3,4,211,115,96
050,46,081,"South Dakota","Lawrence County",3,5,219,116,103
050,46,081,"South Dakota","Lawrence County",3,6,232,129,103
050,46,081,"South Dakota","Lawrence County",3,7,218,119,99
050,46,081,"South Dakota","Lawrence County",3,8,233,115,118
050,46,081,"South Dakota","Lawrence County",3,9,238,118,120
050,46,081,"South Dakota","Lawrence County",3,10,263,130,133
050,46,081,"South Dakota","Lawrence County",3,11,264,147,117
050,46,081,"South Dakota","Lawrence County",3,12,285,149,136
050,46,081,"South Dakota","Lawrence County",3,13,302,145,157
050,46,081,"South Dakota","Lawrence County",3,14,315,161,154
050,46,081,"South Dakota","Lawrence County",3,15,287,148,139
050,46,081,"South Dakota","Lawrence County",3,16,277,149,128
050,46,081,"South Dakota","Lawrence County",3,17,300,147,153
050,46,081,"South Dakota","Lawrence County",3,18,360,162,198
050,46,081,"South Dakota","Lawrence County",3,19,555,271,284
050,46,081,"South Dakota","Lawrence County",3,20,482,223,259
050,46,081,"South Dakota","Lawrence County",3,21,429,191,238
050,46,081,"South Dakota","Lawrence County",3,22,402,190,212
050,46,081,"South Dakota","Lawrence County",3,23,356,174,182
050,46,081,"South Dakota","Lawrence County",3,24,285,157,128
050,46,081,"South Dakota","Lawrence County",3,25,264,125,139
050,46,081,"South Dakota","Lawrence County",3,26,264,137,127
050,46,081,"South Dakota","Lawrence County",3,27,253,133,120
050,46,081,"South Dakota","Lawrence County",3,28,294,140,154
050,46,081,"South Dakota","Lawrence County",3,29,296,154,142
050,46,081,"South Dakota","Lawrence County",3,30,301,154,147
050,46,081,"South Dakota","Lawrence County",3,31,288,158,130
050,46,081,"South Dakota","Lawrence County",3,32,284,154,130
050,46,081,"South Dakota","Lawrence County",3,33,297,154,143
050,46,081,"South Dakota","Lawrence County",3,34,332,179,153
050,46,081,"South Dakota","Lawrence County",3,35,332,175,157
050,46,081,"South Dakota","Lawrence County",3,36,312,164,148
050,46,081,"South Dakota","Lawrence County",3,37,311,159,152
050,46,081,"South Dakota","Lawrence County",3,38,328,172,156
050,46,081,"South Dakota","Lawrence County",3,39,326,180,146
050,46,081,"South Dakota","Lawrence County",3,40,314,181,133
050,46,081,"South Dakota","Lawrence County",3,41,323,172,151
050,46,081,"South Dakota","Lawrence County",3,42,293,154,139
050,46,081,"South Dakota","Lawrence County",3,43,273,140,133
050,46,081,"South Dakota","Lawrence County",3,44,275,143,132
050,46,081,"South Dakota","Lawrence County",3,45,264,136,128
050,46,081,"South Dakota","Lawrence County",3,46,255,120,135
050,46,081,"South Dakota","Lawrence County",3,47,253,126,127
050,46,081,"South Dakota","Lawrence County",3,48,239,122,117
050,46,081,"South Dakota","Lawrence County",3,49,253,132,121
050,46,081,"South Dakota","Lawrence County",3,50,269,146,123
050,46,081,"South Dakota","Lawrence County",3,51,284,148,136
050,46,081,"South Dakota","Lawrence County",3,52,298,151,147
050,46,081,"South Dakota","Lawrence County",3,53,300,153,147
050,46,081,"South Dakota","Lawrence County",3,54,298,142,156
050,46,081,"South Dakota","Lawrence County",3,55,289,145,144
050,46,081,"South Dakota","Lawrence County",3,56,320,167,153
050,46,081,"South Dakota","Lawrence County",3,57,346,177,169
050,46,081,"South Dakota","Lawrence County",3,58,369,178,191
050,46,081,"South Dakota","Lawrence County",3,59,393,188,205
050,46,081,"South Dakota","Lawrence County",3,60,403,193,210
050,46,081,"South Dakota","Lawrence County",3,61,426,202,224
050,46,081,"South Dakota","Lawrence County",3,62,444,210,234
050,46,081,"South Dakota","Lawrence County",3,63,461,216,245
050,46,081,"South Dakota","Lawrence County",3,64,460,225,235
050,46,081,"South Dakota","Lawrence County",3,65,457,229,228
050,46,081,"South Dakota","Lawrence County",3,66,464,243,221
050,46,081,"South Dakota","Lawrence County",3,67,447,235,212
050,46,081,"South Dakota","Lawrence County",3,68,450,249,201
050,46,081,"South Dakota","Lawrence County",3,69,445,228,217
050,46,081,"South Dakota","Lawrence County",3,70,407,207,200
050,46,081,"South Dakota","Lawrence County",3,71,366,186,180
050,46,081,"South Dakota","Lawrence County",3,72,334,174,160
050,46,081,"South Dakota","Lawrence County",3,73,333,181,152
050,46,081,"South Dakota","Lawrence County",3,74,345,181,164
050,46,081,"South Dakota","Lawrence County",3,75,210,103,107
050,46,081,"South Dakota","Lawrence County",3,76,202,108,94
050,46,081,"South Dakota","Lawrence County",3,77,193,93,100
050,46,081,"South Dakota","Lawrence County",3,78,188,95,93
050,46,081,"South Dakota","Lawrence County",3,79,157,77,80
050,46,081,"South Dakota","Lawrence County",3,80,142,67,75
050,46,081,"South Dakota","Lawrence County",3,81,129,59,70
050,46,081,"South Dakota","Lawrence County",3,82,114,53,61
050,46,081,"South Dakota","Lawrence County",3,83,103,43,60
050,46,081,"South Dakota","Lawrence County",3,84,83,34,49
050,46,081,"South Dakota","Lawrence County",3,85,647,239,408
050,46,081,"South Dakota","Lawrence County",4,0,200,98,102
050,46,081,"South Dakota","Lawrence County",4,1,203,99,104
050,46,081,"South Dakota","Lawrence County",4,2,232,125,107
050,46,081,"South Dakota","Lawrence County",4,3,212,109,103
050,46,081,"South Dakota","Lawrence County",4,4,227,113,114
050,46,081,"South Dakota","Lawrence County",4,5,208,110,98
050,46,081,"South Dakota","Lawrence County",4,6,224,118,106
050,46,081,"South Dakota","Lawrence County",4,7,229,127,102
050,46,081,"South Dakota","Lawrence County",4,8,244,130,114
050,46,081,"South Dakota","Lawrence County",4,9,257,129,128
050,46,081,"South Dakota","Lawrence County",4,10,254,123,131
050,46,081,"South Dakota","Lawrence County",4,11,273,137,136
050,46,081,"South Dakota","Lawrence County",4,12,273,152,121
050,46,081,"South Dakota","Lawrence County",4,13,315,167,148
050,46,081,"South Dakota","Lawrence County",4,14,313,153,160
050,46,081,"South Dakota","Lawrence County",4,15,319,160,159
050,46,081,"South Dakota","Lawrence County",4,16,307,161,146
050,46,081,"South Dakota","Lawrence County",4,17,285,151,134
050,46,081,"South Dakota","Lawrence County",4,18,375,170,205
050,46,081,"South Dakota","Lawrence County",4,19,533,252,281
050,46,081,"South Dakota","Lawrence County",4,20,495,238,257
050,46,081,"South Dakota","Lawrence County",4,21,410,182,228
050,46,081,"South Dakota","Lawrence County",4,22,411,201,210
050,46,081,"South Dakota","Lawrence County",4,23,351,181,170
050,46,081,"South Dakota","Lawrence County",4,24,310,140,170
050,46,081,"South Dakota","Lawrence County",4,25,278,144,134
050,46,081,"South Dakota","Lawrence County",4,26,259,119,140
050,46,081,"South Dakota","Lawrence County",4,27,250,131,119
050,46,081,"South Dakota","Lawrence County",4,28,263,138,125
050,46,081,"South Dakota","Lawrence County",4,29,306,156,150
050,46,081,"South Dakota","Lawrence County",4,30,319,171,148
050,46,081,"South Dakota","Lawrence County",4,31,326,161,165
050,46,081,"South Dakota","Lawrence County",4,32,294,157,137
050,46,081,"South Dakota","Lawrence County",4,33,297,163,134
050,46,081,"South Dakota","Lawrence County",4,34,302,157,145
050,46,081,"South Dakota","Lawrence County",4,35,350,192,158
050,46,081,"South Dakota","Lawrence County",4,36,343,183,160
050,46,081,"South Dakota","Lawrence County",4,37,322,170,152
050,46,081,"South Dakota","Lawrence County",4,38,338,177,161
050,46,081,"South Dakota","Lawrence County",4,39,361,193,168
050,46,081,"South Dakota","Lawrence County",4,40,337,180,157
050,46,081,"South Dakota","Lawrence County",4,41,349,198,151
050,46,081,"South Dakota","Lawrence County",4,42,339,175,164
050,46,081,"South Dakota","Lawrence County",4,43,318,162,156
050,46,081,"South Dakota","Lawrence County",4,44,294,153,141
050,46,081,"South Dakota","Lawrence County",4,45,294,158,136
050,46,081,"South Dakota","Lawrence County",4,46,291,148,143
050,46,081,"South Dakota","Lawrence County",4,47,267,128,139
050,46,081,"South Dakota","Lawrence County",4,48,277,144,133
050,46,081,"South Dakota","Lawrence County",4,49,258,129,129
050,46,081,"South Dakota","Lawrence County",4,50,276,141,135
050,46,081,"South Dakota","Lawrence County",4,51,276,156,120
050,46,081,"South Dakota","Lawrence County",4,52,315,166,149
050,46,081,"South Dakota","Lawrence County",4,53,320,161,159
050,46,081,"South Dakota","Lawrence County",4,54,311,161,150
050,46,081,"South Dakota","Lawrence County",4,55,323,154,169
050,46,081,"South Dakota","Lawrence County",4,56,308,156,152
050,46,081,"South Dakota","Lawrence County",4,57,377,198,179
050,46,081,"South Dakota","Lawrence County",4,58,376,189,187
050,46,081,"South Dakota","Lawrence County",4,59,412,203,209
050,46,081,"South Dakota","Lawrence County",4,60,412,206,206
050,46,081,"South Dakota","Lawrence County",4,61,413,199,214
050,46,081,"South Dakota","Lawrence County",4,62,457,221,236
050,46,081,"South Dakota","Lawrence County",4,63,480,223,257
050,46,081,"South Dakota","Lawrence County",4,64,488,240,248
050,46,081,"South Dakota","Lawrence County",4,65,479,235,244
050,46,081,"South Dakota","Lawrence County",4,66,485,246,239
050,46,081,"South Dakota","Lawrence County",4,67,473,245,228
050,46,081,"South Dakota","Lawrence County",4,68,460,249,211
050,46,081,"South Dakota","Lawrence County",4,69,467,253,214
050,46,081,"South Dakota","Lawrence County",4,70,442,226,216
050,46,081,"South Dakota","Lawrence County",4,71,417,207,210
050,46,081,"South Dakota","Lawrence County",4,72,360,177,183
050,46,081,"South Dakota","Lawrence County",4,73,342,185,157
050,46,081,"South Dakota","Lawrence County",4,74,329,175,154
050,46,081,"South Dakota","Lawrence County",4,75,352,181,171
050,46,081,"South Dakota","Lawrence County",4,76,204,104,100
050,46,081,"South Dakota","Lawrence County",4,77,194,101,93
050,46,081,"South Dakota","Lawrence County",4,78,190,94,96
050,46,081,"South Dakota","Lawrence County",4,79,191,91,100
050,46,081,"South Dakota","Lawrence County",4,80,145,68,77
050,46,081,"South Dakota","Lawrence County",4,81,132,64,68
050,46,081,"South Dakota","Lawrence County",4,82,124,59,65
050,46,081,"South Dakota","Lawrence County",4,83,106,48,58
050,46,081,"South Dakota","Lawrence County",4,84,99,38,61
050,46,081,"South Dakota","Lawrence County",4,85,613,232,381
050,46,081,"South Dakota","Lawrence County",5,0,201,101,100
050,46,081,"South Dakota","Lawrence County",5,1,196,98,98
050,46,081,"South Dakota","Lawrence County",5,2,198,102,96
050,46,081,"South Dakota","Lawrence County",5,3,228,127,101
050,46,081,"South Dakota","Lawrence County",5,4,211,104,107
050,46,081,"South Dakota","Lawrence County",5,5,244,130,114
050,46,081,"South Dakota","Lawrence County",5,6,221,121,100
050,46,081,"South Dakota","Lawrence County",5,7,240,130,110
050,46,081,"South Dakota","Lawrence County",5,8,245,134,111
050,46,081,"South Dakota","Lawrence County",5,9,247,134,113
050,46,081,"South Dakota","Lawrence County",5,10,264,128,136
050,46,081,"South Dakota","Lawrence County",5,11,252,118,134
050,46,081,"South Dakota","Lawrence County",5,12,282,139,143
050,46,081,"South Dakota","Lawrence County",5,13,284,167,117
050,46,081,"South Dakota","Lawrence County",5,14,306,158,148
050,46,081,"South Dakota","Lawrence County",5,15,315,157,158
050,46,081,"South Dakota","Lawrence County",5,16,334,168,166
050,46,081,"South Dakota","Lawrence County",5,17,313,166,147
050,46,081,"South Dakota","Lawrence County",5,18,357,170,187
050,46,081,"South Dakota","Lawrence County",5,19,553,265,288
050,46,081,"South Dakota","Lawrence County",5,20,481,225,256
050,46,081,"South Dakota","Lawrence County",5,21,401,189,212
050,46,081,"South Dakota","Lawrence County",5,22,441,200,241
050,46,081,"South Dakota","Lawrence County",5,23,349,184,165
050,46,081,"South Dakota","Lawrence County",5,24,294,147,147
050,46,081,"South Dakota","Lawrence County",5,25,295,136,159
050,46,081,"South Dakota","Lawrence County",5,26,265,141,124
050,46,081,"South Dakota","Lawrence County",5,27,259,111,148
050,46,081,"South Dakota","Lawrence County",5,28,260,137,123
050,46,081,"South Dakota","Lawrence County",5,29,269,143,126
050,46,081,"South Dakota","Lawrence County",5,30,290,152,138
050,46,081,"South Dakota","Lawrence County",5,31,337,173,164
050,46,081,"South Dakota","Lawrence County",5,32,311,168,143
050,46,081,"South Dakota","Lawrence County",5,33,310,168,142
050,46,081,"South Dakota","Lawrence County",5,34,298,163,135
050,46,081,"South Dakota","Lawrence County",5,35,307,162,145
050,46,081,"South Dakota","Lawrence County",5,36,365,191,174
050,46,081,"South Dakota","Lawrence County",5,37,356,186,170
050,46,081,"South Dakota","Lawrence County",5,38,349,184,165
050,46,081,"South Dakota","Lawrence County",5,39,355,179,176
050,46,081,"South Dakota","Lawrence County",5,40,371,202,169
050,46,081,"South Dakota","Lawrence County",5,41,351,186,165
050,46,081,"South Dakota","Lawrence County",5,42,374,211,163
050,46,081,"South Dakota","Lawrence County",5,43,351,182,169
050,46,081,"South Dakota","Lawrence County",5,44,340,173,167
050,46,081,"South Dakota","Lawrence County",5,45,310,156,154
050,46,081,"South Dakota","Lawrence County",5,46,313,171,142
050,46,081,"South Dakota","Lawrence County",5,47,292,146,146
050,46,081,"South Dakota","Lawrence County",5,48,282,136,146
050,46,081,"South Dakota","Lawrence County",5,49,287,150,137
050,46,081,"South Dakota","Lawrence County",5,50,274,134,140
050,46,081,"South Dakota","Lawrence County",5,51,287,145,142
050,46,081,"South Dakota","Lawrence County",5,52,298,165,133
050,46,081,"South Dakota","Lawrence County",5,53,342,181,161
050,46,081,"South Dakota","Lawrence County",5,54,353,180,173
050,46,081,"South Dakota","Lawrence County",5,55,326,161,165
050,46,081,"South Dakota","Lawrence County",5,56,352,173,179
050,46,081,"South Dakota","Lawrence County",5,57,340,173,167
050,46,081,"South Dakota","Lawrence County",5,58,396,205,191
050,46,081,"South Dakota","Lawrence County",5,59,415,207,208
050,46,081,"South Dakota","Lawrence County",5,60,433,225,208
050,46,081,"South Dakota","Lawrence County",5,61,440,221,219
050,46,081,"South Dakota","Lawrence County",5,62,443,222,221
050,46,081,"South Dakota","Lawrence County",5,63,494,225,269
050,46,081,"South Dakota","Lawrence County",5,64,493,234,259
050,46,081,"South Dakota","Lawrence County",5,65,536,269,267
050,46,081,"South Dakota","Lawrence County",5,66,505,246,259
050,46,081,"South Dakota","Lawrence County",5,67,495,251,244
050,46,081,"South Dakota","Lawrence County",5,68,482,251,231
050,46,081,"South Dakota","Lawrence County",5,69,471,253,218
050,46,081,"South Dakota","Lawrence County",5,70,460,257,203
050,46,081,"South Dakota","Lawrence County",5,71,450,232,218
050,46,081,"South Dakota","Lawrence County",5,72,418,204,214
050,46,081,"South Dakota","Lawrence County",5,73,358,182,176
050,46,081,"South Dakota","Lawrence County",5,74,333,176,157
050,46,081,"South Dakota","Lawrence County",5,75,319,167,152
050,46,081,"South Dakota","Lawrence County",5,76,341,176,165
050,46,081,"South Dakota","Lawrence County",5,77,201,103,98
050,46,081,"South Dakota","Lawrence County",5,78,182,97,85
050,46,081,"South Dakota","Lawrence County",5,79,198,94,104
050,46,081,"South Dakota","Lawrence County",5,80,182,86,96
050,46,081,"South Dakota","Lawrence County",5,81,135,64,71
050,46,081,"South Dakota","Lawrence County",5,82,123,61,62
050,46,081,"South Dakota","Lawrence County",5,83,112,51,61
050,46,081,"South Dakota","Lawrence County",5,84,98,42,56
050,46,081,"South Dakota","Lawrence County",5,85,614,225,389
050,46,083,"South Dakota","Lincoln County",1,0,861,437,424
050,46,083,"South Dakota","Lincoln County",1,1,895,460,435
050,46,083,"South Dakota","Lincoln County",1,2,916,473,443
050,46,083,"South Dakota","Lincoln County",1,3,964,512,452
050,46,083,"South Dakota","Lincoln County",1,4,951,488,463
050,46,083,"South Dakota","Lincoln County",1,5,948,500,448
050,46,083,"South Dakota","Lincoln County",1,6,1004,509,495
050,46,083,"South Dakota","Lincoln County",1,7,1013,539,474
050,46,083,"South Dakota","Lincoln County",1,8,1042,540,502
050,46,083,"South Dakota","Lincoln County",1,9,1033,529,504
050,46,083,"South Dakota","Lincoln County",1,10,1123,582,541
050,46,083,"South Dakota","Lincoln County",1,11,1119,580,539
050,46,083,"South Dakota","Lincoln County",1,12,1111,588,523
050,46,083,"South Dakota","Lincoln County",1,13,1129,571,558
050,46,083,"South Dakota","Lincoln County",1,14,1085,555,530
050,46,083,"South Dakota","Lincoln County",1,15,976,503,473
050,46,083,"South Dakota","Lincoln County",1,16,955,487,468
050,46,083,"South Dakota","Lincoln County",1,17,881,441,440
050,46,083,"South Dakota","Lincoln County",1,18,748,378,370
050,46,083,"South Dakota","Lincoln County",1,19,543,291,252
050,46,083,"South Dakota","Lincoln County",1,20,576,297,279
050,46,083,"South Dakota","Lincoln County",1,21,586,294,292
050,46,083,"South Dakota","Lincoln County",1,22,667,345,322
050,46,083,"South Dakota","Lincoln County",1,23,784,374,410
050,46,083,"South Dakota","Lincoln County",1,24,856,404,452
050,46,083,"South Dakota","Lincoln County",1,25,871,409,462
050,46,083,"South Dakota","Lincoln County",1,26,949,450,499
050,46,083,"South Dakota","Lincoln County",1,27,910,466,444
050,46,083,"South Dakota","Lincoln County",1,28,908,446,462
050,46,083,"South Dakota","Lincoln County",1,29,876,433,443
050,46,083,"South Dakota","Lincoln County",1,30,901,443,458
050,46,083,"South Dakota","Lincoln County",1,31,917,439,478
050,46,083,"South Dakota","Lincoln County",1,32,924,454,470
050,46,083,"South Dakota","Lincoln County",1,33,1015,502,513
050,46,083,"South Dakota","Lincoln County",1,34,1050,541,509
050,46,083,"South Dakota","Lincoln County",1,35,1016,542,474
050,46,083,"South Dakota","Lincoln County",1,36,1007,506,501
050,46,083,"South Dakota","Lincoln County",1,37,1045,516,529
050,46,083,"South Dakota","Lincoln County",1,38,1076,550,526
050,46,083,"South Dakota","Lincoln County",1,39,1042,540,502
050,46,083,"South Dakota","Lincoln County",1,40,1009,511,498
050,46,083,"South Dakota","Lincoln County",1,41,947,475,472
050,46,083,"South Dakota","Lincoln County",1,42,900,454,446
050,46,083,"South Dakota","Lincoln County",1,43,890,474,416
050,46,083,"South Dakota","Lincoln County",1,44,858,442,416
050,46,083,"South Dakota","Lincoln County",1,45,771,378,393
050,46,083,"South Dakota","Lincoln County",1,46,803,405,398
050,46,083,"South Dakota","Lincoln County",1,47,785,389,396
050,46,083,"South Dakota","Lincoln County",1,48,771,367,404
050,46,083,"South Dakota","Lincoln County",1,49,805,406,399
050,46,083,"South Dakota","Lincoln County",1,50,763,376,387
050,46,083,"South Dakota","Lincoln County",1,51,735,366,369
050,46,083,"South Dakota","Lincoln County",1,52,668,351,317
050,46,083,"South Dakota","Lincoln County",1,53,688,364,324
050,46,083,"South Dakota","Lincoln County",1,54,693,351,342
050,46,083,"South Dakota","Lincoln County",1,55,682,329,353
050,46,083,"South Dakota","Lincoln County",1,56,719,354,365
050,46,083,"South Dakota","Lincoln County",1,57,741,357,384
050,46,083,"South Dakota","Lincoln County",1,58,746,363,383
050,46,083,"South Dakota","Lincoln County",1,59,766,371,395
050,46,083,"South Dakota","Lincoln County",1,60,667,321,346
050,46,083,"South Dakota","Lincoln County",1,61,694,345,349
050,46,083,"South Dakota","Lincoln County",1,62,663,330,333
050,46,083,"South Dakota","Lincoln County",1,63,659,337,322
050,46,083,"South Dakota","Lincoln County",1,64,651,329,322
050,46,083,"South Dakota","Lincoln County",1,65,632,293,339
050,46,083,"South Dakota","Lincoln County",1,66,653,302,351
050,46,083,"South Dakota","Lincoln County",1,67,656,314,342
050,46,083,"South Dakota","Lincoln County",1,68,635,293,342
050,46,083,"South Dakota","Lincoln County",1,69,565,270,295
050,46,083,"South Dakota","Lincoln County",1,70,562,270,292
050,46,083,"South Dakota","Lincoln County",1,71,552,271,281
050,46,083,"South Dakota","Lincoln County",1,72,516,253,263
050,46,083,"South Dakota","Lincoln County",1,73,471,219,252
050,46,083,"South Dakota","Lincoln County",1,74,341,162,179
050,46,083,"South Dakota","Lincoln County",1,75,341,169,172
050,46,083,"South Dakota","Lincoln County",1,76,330,160,170
050,46,083,"South Dakota","Lincoln County",1,77,332,147,185
050,46,083,"South Dakota","Lincoln County",1,78,263,123,140
050,46,083,"South Dakota","Lincoln County",1,79,217,105,112
050,46,083,"South Dakota","Lincoln County",1,80,178,83,95
050,46,083,"South Dakota","Lincoln County",1,81,178,80,98
050,46,083,"South Dakota","Lincoln County",1,82,153,63,90
050,46,083,"South Dakota","Lincoln County",1,83,149,62,87
050,46,083,"South Dakota","Lincoln County",1,84,142,60,82
050,46,083,"South Dakota","Lincoln County",1,85,945,336,609
050,46,083,"South Dakota","Lincoln County",2,0,860,436,424
050,46,083,"South Dakota","Lincoln County",2,1,888,456,432
050,46,083,"South Dakota","Lincoln County",2,2,922,476,446
050,46,083,"South Dakota","Lincoln County",2,3,960,504,456
050,46,083,"South Dakota","Lincoln County",2,4,959,497,462
050,46,083,"South Dakota","Lincoln County",2,5,957,501,456
050,46,083,"South Dakota","Lincoln County",2,6,1001,513,488
050,46,083,"South Dakota","Lincoln County",2,7,1013,531,482
050,46,083,"South Dakota","Lincoln County",2,8,1037,539,498
050,46,083,"South Dakota","Lincoln County",2,9,1038,535,503
050,46,083,"South Dakota","Lincoln County",2,10,1101,570,531
050,46,083,"South Dakota","Lincoln County",2,11,1115,579,536
050,46,083,"South Dakota","Lincoln County",2,12,1121,591,530
050,46,083,"South Dakota","Lincoln County",2,13,1123,575,548
050,46,083,"South Dakota","Lincoln County",2,14,1099,559,540
050,46,083,"South Dakota","Lincoln County",2,15,1009,520,489
050,46,083,"South Dakota","Lincoln County",2,16,964,495,469
050,46,083,"South Dakota","Lincoln County",2,17,902,452,450
050,46,083,"South Dakota","Lincoln County",2,18,743,378,365
050,46,083,"South Dakota","Lincoln County",2,19,567,299,268
050,46,083,"South Dakota","Lincoln County",2,20,586,302,284
050,46,083,"South Dakota","Lincoln County",2,21,601,302,299
050,46,083,"South Dakota","Lincoln County",2,22,679,343,336
050,46,083,"South Dakota","Lincoln County",2,23,787,379,408
050,46,083,"South Dakota","Lincoln County",2,24,845,400,445
050,46,083,"South Dakota","Lincoln County",2,25,883,416,467
050,46,083,"South Dakota","Lincoln County",2,26,941,449,492
050,46,083,"South Dakota","Lincoln County",2,27,925,464,461
050,46,083,"South Dakota","Lincoln County",2,28,912,455,457
050,46,083,"South Dakota","Lincoln County",2,29,885,435,450
050,46,083,"South Dakota","Lincoln County",2,30,908,444,464
050,46,083,"South Dakota","Lincoln County",2,31,918,445,473
050,46,083,"South Dakota","Lincoln County",2,32,932,456,476
050,46,083,"South Dakota","Lincoln County",2,33,1008,499,509
050,46,083,"South Dakota","Lincoln County",2,34,1043,533,510
050,46,083,"South Dakota","Lincoln County",2,35,1035,546,489
050,46,083,"South Dakota","Lincoln County",2,36,1013,515,498
050,46,083,"South Dakota","Lincoln County",2,37,1040,515,525
050,46,083,"South Dakota","Lincoln County",2,38,1077,549,528
050,46,083,"South Dakota","Lincoln County",2,39,1052,544,508
050,46,083,"South Dakota","Lincoln County",2,40,1020,517,503
050,46,083,"South Dakota","Lincoln County",2,41,966,486,480
050,46,083,"South Dakota","Lincoln County",2,42,909,461,448
050,46,083,"South Dakota","Lincoln County",2,43,900,475,425
050,46,083,"South Dakota","Lincoln County",2,44,857,444,413
050,46,083,"South Dakota","Lincoln County",2,45,796,396,400
050,46,083,"South Dakota","Lincoln County",2,46,792,397,395
050,46,083,"South Dakota","Lincoln County",2,47,786,388,398
050,46,083,"South Dakota","Lincoln County",2,48,773,373,400
050,46,083,"South Dakota","Lincoln County",2,49,803,400,403
050,46,083,"South Dakota","Lincoln County",2,50,780,387,393
050,46,083,"South Dakota","Lincoln County",2,51,738,366,372
050,46,083,"South Dakota","Lincoln County",2,52,679,350,329
050,46,083,"South Dakota","Lincoln County",2,53,687,362,325
050,46,083,"South Dakota","Lincoln County",2,54,691,354,337
050,46,083,"South Dakota","Lincoln County",2,55,691,338,353
050,46,083,"South Dakota","Lincoln County",2,56,715,350,365
050,46,083,"South Dakota","Lincoln County",2,57,738,356,382
050,46,083,"South Dakota","Lincoln County",2,58,751,364,387
050,46,083,"South Dakota","Lincoln County",2,59,768,374,394
050,46,083,"South Dakota","Lincoln County",2,60,691,335,356
050,46,083,"South Dakota","Lincoln County",2,61,686,337,349
050,46,083,"South Dakota","Lincoln County",2,62,677,337,340
050,46,083,"South Dakota","Lincoln County",2,63,672,343,329
050,46,083,"South Dakota","Lincoln County",2,64,651,328,323
050,46,083,"South Dakota","Lincoln County",2,65,642,303,339
050,46,083,"South Dakota","Lincoln County",2,66,653,304,349
050,46,083,"South Dakota","Lincoln County",2,67,658,313,345
050,46,083,"South Dakota","Lincoln County",2,68,638,298,340
050,46,083,"South Dakota","Lincoln County",2,69,591,280,311
050,46,083,"South Dakota","Lincoln County",2,70,564,271,293
050,46,083,"South Dakota","Lincoln County",2,71,563,274,289
050,46,083,"South Dakota","Lincoln County",2,72,521,256,265
050,46,083,"South Dakota","Lincoln County",2,73,510,242,268
050,46,083,"South Dakota","Lincoln County",2,74,353,167,186
050,46,083,"South Dakota","Lincoln County",2,75,342,167,175
050,46,083,"South Dakota","Lincoln County",2,76,330,160,170
050,46,083,"South Dakota","Lincoln County",2,77,340,153,187
050,46,083,"South Dakota","Lincoln County",2,78,277,128,149
050,46,083,"South Dakota","Lincoln County",2,79,226,111,115
050,46,083,"South Dakota","Lincoln County",2,80,186,87,99
050,46,083,"South Dakota","Lincoln County",2,81,177,80,97
050,46,083,"South Dakota","Lincoln County",2,82,161,67,94
050,46,083,"South Dakota","Lincoln County",2,83,148,61,87
050,46,083,"South Dakota","Lincoln County",2,84,142,59,83
050,46,083,"South Dakota","Lincoln County",2,85,960,344,616
050,46,083,"South Dakota","Lincoln County",3,0,766,410,356
050,46,083,"South Dakota","Lincoln County",3,1,924,457,467
050,46,083,"South Dakota","Lincoln County",3,2,949,478,471
050,46,083,"South Dakota","Lincoln County",3,3,975,514,461
050,46,083,"South Dakota","Lincoln County",3,4,1004,526,478
050,46,083,"South Dakota","Lincoln County",3,5,987,512,475
050,46,083,"South Dakota","Lincoln County",3,6,984,519,465
050,46,083,"South Dakota","Lincoln County",3,7,1009,515,494
050,46,083,"South Dakota","Lincoln County",3,8,1031,541,490
050,46,083,"South Dakota","Lincoln County",3,9,1055,555,500
050,46,083,"South Dakota","Lincoln County",3,10,1049,545,504
050,46,083,"South Dakota","Lincoln County",3,11,1123,578,545
050,46,083,"South Dakota","Lincoln County",3,12,1148,598,550
050,46,083,"South Dakota","Lincoln County",3,13,1127,589,538
050,46,083,"South Dakota","Lincoln County",3,14,1144,581,563
050,46,083,"South Dakota","Lincoln County",3,15,1114,570,544
050,46,083,"South Dakota","Lincoln County",3,16,998,520,478
050,46,083,"South Dakota","Lincoln County",3,17,959,489,470
050,46,083,"South Dakota","Lincoln County",3,18,795,410,385
050,46,083,"South Dakota","Lincoln County",3,19,586,303,283
050,46,083,"South Dakota","Lincoln County",3,20,650,329,321
050,46,083,"South Dakota","Lincoln County",3,21,681,340,341
050,46,083,"South Dakota","Lincoln County",3,22,709,340,369
050,46,083,"South Dakota","Lincoln County",3,23,867,407,460
050,46,083,"South Dakota","Lincoln County",3,24,919,459,460
050,46,083,"South Dakota","Lincoln County",3,25,909,434,475
050,46,083,"South Dakota","Lincoln County",3,26,929,449,480
050,46,083,"South Dakota","Lincoln County",3,27,993,481,512
050,46,083,"South Dakota","Lincoln County",3,28,945,489,456
050,46,083,"South Dakota","Lincoln County",3,29,947,481,466
050,46,083,"South Dakota","Lincoln County",3,30,930,466,464
050,46,083,"South Dakota","Lincoln County",3,31,931,456,475
050,46,083,"South Dakota","Lincoln County",3,32,958,463,495
050,46,083,"South Dakota","Lincoln County",3,33,969,487,482
050,46,083,"South Dakota","Lincoln County",3,34,1033,509,524
050,46,083,"South Dakota","Lincoln County",3,35,1048,530,518
050,46,083,"South Dakota","Lincoln County",3,36,1075,569,506
050,46,083,"South Dakota","Lincoln County",3,37,1034,526,508
050,46,083,"South Dakota","Lincoln County",3,38,1076,541,535
050,46,083,"South Dakota","Lincoln County",3,39,1077,542,535
050,46,083,"South Dakota","Lincoln County",3,40,1086,554,532
050,46,083,"South Dakota","Lincoln County",3,41,1029,522,507
050,46,083,"South Dakota","Lincoln County",3,42,994,507,487
050,46,083,"South Dakota","Lincoln County",3,43,897,453,444
050,46,083,"South Dakota","Lincoln County",3,44,903,467,436
050,46,083,"South Dakota","Lincoln County",3,45,860,442,418
050,46,083,"South Dakota","Lincoln County",3,46,810,403,407
050,46,083,"South Dakota","Lincoln County",3,47,847,423,424
050,46,083,"South Dakota","Lincoln County",3,48,811,404,407
050,46,083,"South Dakota","Lincoln County",3,49,796,385,411
050,46,083,"South Dakota","Lincoln County",3,50,798,401,397
050,46,083,"South Dakota","Lincoln County",3,51,787,387,400
050,46,083,"South Dakota","Lincoln County",3,52,749,369,380
050,46,083,"South Dakota","Lincoln County",3,53,675,354,321
050,46,083,"South Dakota","Lincoln County",3,54,700,373,327
050,46,083,"South Dakota","Lincoln County",3,55,709,361,348
050,46,083,"South Dakota","Lincoln County",3,56,685,338,347
050,46,083,"South Dakota","Lincoln County",3,57,748,362,386
050,46,083,"South Dakota","Lincoln County",3,58,732,353,379
050,46,083,"South Dakota","Lincoln County",3,59,768,372,396
050,46,083,"South Dakota","Lincoln County",3,60,771,362,409
050,46,083,"South Dakota","Lincoln County",3,61,725,351,374
050,46,083,"South Dakota","Lincoln County",3,62,718,354,364
050,46,083,"South Dakota","Lincoln County",3,63,682,343,339
050,46,083,"South Dakota","Lincoln County",3,64,676,344,332
050,46,083,"South Dakota","Lincoln County",3,65,672,328,344
050,46,083,"South Dakota","Lincoln County",3,66,680,315,365
050,46,083,"South Dakota","Lincoln County",3,67,656,304,352
050,46,083,"South Dakota","Lincoln County",3,68,675,312,363
050,46,083,"South Dakota","Lincoln County",3,69,657,300,357
050,46,083,"South Dakota","Lincoln County",3,70,612,292,320
050,46,083,"South Dakota","Lincoln County",3,71,575,278,297
050,46,083,"South Dakota","Lincoln County",3,72,568,280,288
050,46,083,"South Dakota","Lincoln County",3,73,532,264,268
050,46,083,"South Dakota","Lincoln County",3,74,521,242,279
050,46,083,"South Dakota","Lincoln County",3,75,356,165,191
050,46,083,"South Dakota","Lincoln County",3,76,327,161,166
050,46,083,"South Dakota","Lincoln County",3,77,334,158,176
050,46,083,"South Dakota","Lincoln County",3,78,336,148,188
050,46,083,"South Dakota","Lincoln County",3,79,270,128,142
050,46,083,"South Dakota","Lincoln County",3,80,224,111,113
050,46,083,"South Dakota","Lincoln County",3,81,184,84,100
050,46,083,"South Dakota","Lincoln County",3,82,177,77,100
050,46,083,"South Dakota","Lincoln County",3,83,150,58,92
050,46,083,"South Dakota","Lincoln County",3,84,137,53,84
050,46,083,"South Dakota","Lincoln County",3,85,986,360,626
050,46,083,"South Dakota","Lincoln County",4,0,839,446,393
050,46,083,"South Dakota","Lincoln County",4,1,901,427,474
050,46,083,"South Dakota","Lincoln County",4,2,1011,483,528
050,46,083,"South Dakota","Lincoln County",4,3,1011,508,503
050,46,083,"South Dakota","Lincoln County",4,4,1008,523,485
050,46,083,"South Dakota","Lincoln County",4,5,1017,532,485
050,46,083,"South Dakota","Lincoln County",4,6,1006,530,476
050,46,083,"South Dakota","Lincoln County",4,7,1003,522,481
050,46,083,"South Dakota","Lincoln County",4,8,1055,541,514
050,46,083,"South Dakota","Lincoln County",4,9,1051,558,493
050,46,083,"South Dakota","Lincoln County",4,10,1096,574,522
050,46,083,"South Dakota","Lincoln County",4,11,1089,570,519
050,46,083,"South Dakota","Lincoln County",4,12,1156,601,555
050,46,083,"South Dakota","Lincoln County",4,13,1195,624,571
050,46,083,"South Dakota","Lincoln County",4,14,1179,618,561
050,46,083,"South Dakota","Lincoln County",4,15,1169,602,567
050,46,083,"South Dakota","Lincoln County",4,16,1147,588,559
050,46,083,"South Dakota","Lincoln County",4,17,1020,525,495
050,46,083,"South Dakota","Lincoln County",4,18,814,428,386
050,46,083,"South Dakota","Lincoln County",4,19,606,309,297
050,46,083,"South Dakota","Lincoln County",4,20,681,348,333
050,46,083,"South Dakota","Lincoln County",4,21,740,379,361
050,46,083,"South Dakota","Lincoln County",4,22,795,367,428
050,46,083,"South Dakota","Lincoln County",4,23,899,436,463
050,46,083,"South Dakota","Lincoln County",4,24,974,476,498
050,46,083,"South Dakota","Lincoln County",4,25,991,503,488
050,46,083,"South Dakota","Lincoln County",4,26,907,442,465
050,46,083,"South Dakota","Lincoln County",4,27,982,464,518
050,46,083,"South Dakota","Lincoln County",4,28,1015,500,515
050,46,083,"South Dakota","Lincoln County",4,29,998,508,490
050,46,083,"South Dakota","Lincoln County",4,30,978,481,497
050,46,083,"South Dakota","Lincoln County",4,31,1011,512,499
050,46,083,"South Dakota","Lincoln County",4,32,948,468,480
050,46,083,"South Dakota","Lincoln County",4,33,1012,503,509
050,46,083,"South Dakota","Lincoln County",4,34,1035,532,503
050,46,083,"South Dakota","Lincoln County",4,35,1082,543,539
050,46,083,"South Dakota","Lincoln County",4,36,1078,546,532
050,46,083,"South Dakota","Lincoln County",4,37,1103,588,515
050,46,083,"South Dakota","Lincoln County",4,38,1077,537,540
050,46,083,"South Dakota","Lincoln County",4,39,1114,550,564
050,46,083,"South Dakota","Lincoln County",4,40,1120,562,558
050,46,083,"South Dakota","Lincoln County",4,41,1097,561,536
050,46,083,"South Dakota","Lincoln County",4,42,1044,519,525
050,46,083,"South Dakota","Lincoln County",4,43,1007,513,494
050,46,083,"South Dakota","Lincoln County",4,44,916,460,456
050,46,083,"South Dakota","Lincoln County",4,45,937,490,447
050,46,083,"South Dakota","Lincoln County",4,46,882,453,429
050,46,083,"South Dakota","Lincoln County",4,47,835,419,416
050,46,083,"South Dakota","Lincoln County",4,48,857,427,430
050,46,083,"South Dakota","Lincoln County",4,49,806,404,402
050,46,083,"South Dakota","Lincoln County",4,50,805,386,419
050,46,083,"South Dakota","Lincoln County",4,51,823,415,408
050,46,083,"South Dakota","Lincoln County",4,52,829,410,419
050,46,083,"South Dakota","Lincoln County",4,53,766,383,383
050,46,083,"South Dakota","Lincoln County",4,54,683,361,322
050,46,083,"South Dakota","Lincoln County",4,55,707,374,333
050,46,083,"South Dakota","Lincoln County",4,56,703,368,335
050,46,083,"South Dakota","Lincoln County",4,57,698,346,352
050,46,083,"South Dakota","Lincoln County",4,58,758,360,398
050,46,083,"South Dakota","Lincoln County",4,59,753,361,392
050,46,083,"South Dakota","Lincoln County",4,60,798,382,416
050,46,083,"South Dakota","Lincoln County",4,61,809,369,440
050,46,083,"South Dakota","Lincoln County",4,62,736,359,377
050,46,083,"South Dakota","Lincoln County",4,63,719,377,342
050,46,083,"South Dakota","Lincoln County",4,64,691,343,348
050,46,083,"South Dakota","Lincoln County",4,65,705,347,358
050,46,083,"South Dakota","Lincoln County",4,66,692,335,357
050,46,083,"South Dakota","Lincoln County",4,67,682,317,365
050,46,083,"South Dakota","Lincoln County",4,68,660,300,360
050,46,083,"South Dakota","Lincoln County",4,69,695,318,377
050,46,083,"South Dakota","Lincoln County",4,70,667,306,361
050,46,083,"South Dakota","Lincoln County",4,71,648,305,343
050,46,083,"South Dakota","Lincoln County",4,72,595,293,302
050,46,083,"South Dakota","Lincoln County",4,73,581,278,303
050,46,083,"South Dakota","Lincoln County",4,74,551,273,278
050,46,083,"South Dakota","Lincoln County",4,75,542,244,298
050,46,083,"South Dakota","Lincoln County",4,76,361,162,199
050,46,083,"South Dakota","Lincoln County",4,77,345,172,173
050,46,083,"South Dakota","Lincoln County",4,78,348,160,188
050,46,083,"South Dakota","Lincoln County",4,79,342,156,186
050,46,083,"South Dakota","Lincoln County",4,80,279,136,143
050,46,083,"South Dakota","Lincoln County",4,81,225,111,114
050,46,083,"South Dakota","Lincoln County",4,82,182,77,105
050,46,083,"South Dakota","Lincoln County",4,83,164,72,92
050,46,083,"South Dakota","Lincoln County",4,84,139,49,90
050,46,083,"South Dakota","Lincoln County",4,85,1049,379,670
050,46,083,"South Dakota","Lincoln County",5,0,833,446,387
050,46,083,"South Dakota","Lincoln County",5,1,933,488,445
050,46,083,"South Dakota","Lincoln County",5,2,940,441,499
050,46,083,"South Dakota","Lincoln County",5,3,1011,482,529
050,46,083,"South Dakota","Lincoln County",5,4,999,501,498
050,46,083,"South Dakota","Lincoln County",5,5,1042,540,502
050,46,083,"South Dakota","Lincoln County",5,6,1020,533,487
050,46,083,"South Dakota","Lincoln County",5,7,1036,543,493
050,46,083,"South Dakota","Lincoln County",5,8,1022,531,491
050,46,083,"South Dakota","Lincoln County",5,9,1072,557,515
050,46,083,"South Dakota","Lincoln County",5,10,1075,586,489
050,46,083,"South Dakota","Lincoln County",5,11,1127,575,552
050,46,083,"South Dakota","Lincoln County",5,12,1097,573,524
050,46,083,"South Dakota","Lincoln County",5,13,1187,611,576
050,46,083,"South Dakota","Lincoln County",5,14,1202,626,576
050,46,083,"South Dakota","Lincoln County",5,15,1184,623,561
050,46,083,"South Dakota","Lincoln County",5,16,1169,606,563
050,46,083,"South Dakota","Lincoln County",5,17,1128,573,555
050,46,083,"South Dakota","Lincoln County",5,18,860,456,404
050,46,083,"South Dakota","Lincoln County",5,19,644,339,305
050,46,083,"South Dakota","Lincoln County",5,20,687,348,339
050,46,083,"South Dakota","Lincoln County",5,21,801,415,386
050,46,083,"South Dakota","Lincoln County",5,22,897,444,453
050,46,083,"South Dakota","Lincoln County",5,23,963,418,545
050,46,083,"South Dakota","Lincoln County",5,24,1028,489,539
050,46,083,"South Dakota","Lincoln County",5,25,1111,547,564
050,46,083,"South Dakota","Lincoln County",5,26,1057,538,519
050,46,083,"South Dakota","Lincoln County",5,27,982,478,504
050,46,083,"South Dakota","Lincoln County",5,28,954,451,503
050,46,083,"South Dakota","Lincoln County",5,29,1030,520,510
050,46,083,"South Dakota","Lincoln County",5,30,1034,517,517
050,46,083,"South Dakota","Lincoln County",5,31,959,460,499
050,46,083,"South Dakota","Lincoln County",5,32,1054,534,520
050,46,083,"South Dakota","Lincoln County",5,33,973,489,484
050,46,083,"South Dakota","Lincoln County",5,34,1056,523,533
050,46,083,"South Dakota","Lincoln County",5,35,1068,563,505
050,46,083,"South Dakota","Lincoln County",5,36,1087,543,544
050,46,083,"South Dakota","Lincoln County",5,37,1089,545,544
050,46,083,"South Dakota","Lincoln County",5,38,1113,599,514
050,46,083,"South Dakota","Lincoln County",5,39,1072,544,528
050,46,083,"South Dakota","Lincoln County",5,40,1125,554,571
050,46,083,"South Dakota","Lincoln County",5,41,1154,588,566
050,46,083,"South Dakota","Lincoln County",5,42,1101,565,536
050,46,083,"South Dakota","Lincoln County",5,43,1061,532,529
050,46,083,"South Dakota","Lincoln County",5,44,1006,516,490
050,46,083,"South Dakota","Lincoln County",5,45,944,467,477
050,46,083,"South Dakota","Lincoln County",5,46,947,496,451
050,46,083,"South Dakota","Lincoln County",5,47,901,466,435
050,46,083,"South Dakota","Lincoln County",5,48,843,421,422
050,46,083,"South Dakota","Lincoln County",5,49,869,440,429
050,46,083,"South Dakota","Lincoln County",5,50,823,405,418
050,46,083,"South Dakota","Lincoln County",5,51,812,390,422
050,46,083,"South Dakota","Lincoln County",5,52,831,410,421
050,46,083,"South Dakota","Lincoln County",5,53,841,416,425
050,46,083,"South Dakota","Lincoln County",5,54,778,388,390
050,46,083,"South Dakota","Lincoln County",5,55,684,360,324
050,46,083,"South Dakota","Lincoln County",5,56,724,382,342
050,46,083,"South Dakota","Lincoln County",5,57,714,372,342
050,46,083,"South Dakota","Lincoln County",5,58,715,340,375
050,46,083,"South Dakota","Lincoln County",5,59,774,371,403
050,46,083,"South Dakota","Lincoln County",5,60,788,373,415
050,46,083,"South Dakota","Lincoln County",5,61,821,394,427
050,46,083,"South Dakota","Lincoln County",5,62,839,382,457
050,46,083,"South Dakota","Lincoln County",5,63,742,369,373
050,46,083,"South Dakota","Lincoln County",5,64,712,372,340
050,46,083,"South Dakota","Lincoln County",5,65,725,352,373
050,46,083,"South Dakota","Lincoln County",5,66,727,361,366
050,46,083,"South Dakota","Lincoln County",5,67,710,344,366
050,46,083,"South Dakota","Lincoln County",5,68,695,328,367
050,46,083,"South Dakota","Lincoln County",5,69,661,298,363
050,46,083,"South Dakota","Lincoln County",5,70,712,327,385
050,46,083,"South Dakota","Lincoln County",5,71,681,312,369
050,46,083,"South Dakota","Lincoln County",5,72,639,294,345
050,46,083,"South Dakota","Lincoln County",5,73,587,288,299
050,46,083,"South Dakota","Lincoln County",5,74,594,283,311
050,46,083,"South Dakota","Lincoln County",5,75,542,268,274
050,46,083,"South Dakota","Lincoln County",5,76,532,242,290
050,46,083,"South Dakota","Lincoln County",5,77,365,165,200
050,46,083,"South Dakota","Lincoln County",5,78,328,157,171
050,46,083,"South Dakota","Lincoln County",5,79,350,158,192
050,46,083,"South Dakota","Lincoln County",5,80,334,155,179
050,46,083,"South Dakota","Lincoln County",5,81,278,139,139
050,46,083,"South Dakota","Lincoln County",5,82,213,103,110
050,46,083,"South Dakota","Lincoln County",5,83,166,68,98
050,46,083,"South Dakota","Lincoln County",5,84,162,68,94
050,46,083,"South Dakota","Lincoln County",5,85,1092,391,701
050,46,085,"South Dakota","Lyman County",1,0,63,33,30
050,46,085,"South Dakota","Lyman County",1,1,62,30,32
050,46,085,"South Dakota","Lyman County",1,2,60,36,24
050,46,085,"South Dakota","Lyman County",1,3,71,47,24
050,46,085,"South Dakota","Lyman County",1,4,59,34,25
050,46,085,"South Dakota","Lyman County",1,5,56,30,26
050,46,085,"South Dakota","Lyman County",1,6,60,36,24
050,46,085,"South Dakota","Lyman County",1,7,54,29,25
050,46,085,"South Dakota","Lyman County",1,8,62,28,34
050,46,085,"South Dakota","Lyman County",1,9,65,28,37
050,46,085,"South Dakota","Lyman County",1,10,47,15,32
050,46,085,"South Dakota","Lyman County",1,11,51,27,24
050,46,085,"South Dakota","Lyman County",1,12,55,34,21
050,46,085,"South Dakota","Lyman County",1,13,53,33,20
050,46,085,"South Dakota","Lyman County",1,14,63,33,30
050,46,085,"South Dakota","Lyman County",1,15,57,28,29
050,46,085,"South Dakota","Lyman County",1,16,69,38,31
050,46,085,"South Dakota","Lyman County",1,17,56,31,25
050,46,085,"South Dakota","Lyman County",1,18,45,26,19
050,46,085,"South Dakota","Lyman County",1,19,39,23,16
050,46,085,"South Dakota","Lyman County",1,20,46,22,24
050,46,085,"South Dakota","Lyman County",1,21,46,26,20
050,46,085,"South Dakota","Lyman County",1,22,34,20,14
050,46,085,"South Dakota","Lyman County",1,23,44,26,18
050,46,085,"South Dakota","Lyman County",1,24,47,25,22
050,46,085,"South Dakota","Lyman County",1,25,37,17,20
050,46,085,"South Dakota","Lyman County",1,26,37,22,15
050,46,085,"South Dakota","Lyman County",1,27,39,22,17
050,46,085,"South Dakota","Lyman County",1,28,51,32,19
050,46,085,"South Dakota","Lyman County",1,29,36,19,17
050,46,085,"South Dakota","Lyman County",1,30,39,20,19
050,46,085,"South Dakota","Lyman County",1,31,43,19,24
050,46,085,"South Dakota","Lyman County",1,32,50,23,27
050,46,085,"South Dakota","Lyman County",1,33,41,22,19
050,46,085,"South Dakota","Lyman County",1,34,34,23,11
050,46,085,"South Dakota","Lyman County",1,35,38,20,18
050,46,085,"South Dakota","Lyman County",1,36,40,24,16
050,46,085,"South Dakota","Lyman County",1,37,48,20,28
050,46,085,"South Dakota","Lyman County",1,38,46,21,25
050,46,085,"South Dakota","Lyman County",1,39,43,20,23
050,46,085,"South Dakota","Lyman County",1,40,37,23,14
050,46,085,"South Dakota","Lyman County",1,41,46,21,25
050,46,085,"South Dakota","Lyman County",1,42,37,17,20
050,46,085,"South Dakota","Lyman County",1,43,40,23,17
050,46,085,"South Dakota","Lyman County",1,44,45,25,20
050,46,085,"South Dakota","Lyman County",1,45,39,27,12
050,46,085,"South Dakota","Lyman County",1,46,36,25,11
050,46,085,"South Dakota","Lyman County",1,47,31,17,14
050,46,085,"South Dakota","Lyman County",1,48,32,18,14
050,46,085,"South Dakota","Lyman County",1,49,29,19,10
050,46,085,"South Dakota","Lyman County",1,50,41,25,16
050,46,085,"South Dakota","Lyman County",1,51,34,13,21
050,46,085,"South Dakota","Lyman County",1,52,39,18,21
050,46,085,"South Dakota","Lyman County",1,53,35,19,16
050,46,085,"South Dakota","Lyman County",1,54,37,21,16
050,46,085,"South Dakota","Lyman County",1,55,36,18,18
050,46,085,"South Dakota","Lyman County",1,56,42,21,21
050,46,085,"South Dakota","Lyman County",1,57,47,25,22
050,46,085,"South Dakota","Lyman County",1,58,50,21,29
050,46,085,"South Dakota","Lyman County",1,59,60,28,32
050,46,085,"South Dakota","Lyman County",1,60,65,37,28
050,46,085,"South Dakota","Lyman County",1,61,60,36,24
050,46,085,"South Dakota","Lyman County",1,62,54,29,25
050,46,085,"South Dakota","Lyman County",1,63,54,29,25
050,46,085,"South Dakota","Lyman County",1,64,58,30,28
050,46,085,"South Dakota","Lyman County",1,65,55,30,25
050,46,085,"South Dakota","Lyman County",1,66,48,28,20
050,46,085,"South Dakota","Lyman County",1,67,37,26,11
050,46,085,"South Dakota","Lyman County",1,68,39,24,15
050,46,085,"South Dakota","Lyman County",1,69,38,20,18
050,46,085,"South Dakota","Lyman County",1,70,34,18,16
050,46,085,"South Dakota","Lyman County",1,71,35,16,19
050,46,085,"South Dakota","Lyman County",1,72,31,17,14
050,46,085,"South Dakota","Lyman County",1,73,32,15,17
050,46,085,"South Dakota","Lyman County",1,74,19,9,10
050,46,085,"South Dakota","Lyman County",1,75,22,13,9
050,46,085,"South Dakota","Lyman County",1,76,30,11,19
050,46,085,"South Dakota","Lyman County",1,77,28,11,17
050,46,085,"South Dakota","Lyman County",1,78,26,11,15
050,46,085,"South Dakota","Lyman County",1,79,21,11,10
050,46,085,"South Dakota","Lyman County",1,80,14,8,6
050,46,085,"South Dakota","Lyman County",1,81,19,11,8
050,46,085,"South Dakota","Lyman County",1,82,21,8,13
050,46,085,"South Dakota","Lyman County",1,83,19,7,12
050,46,085,"South Dakota","Lyman County",1,84,13,6,7
050,46,085,"South Dakota","Lyman County",1,85,66,24,42
050,46,085,"South Dakota","Lyman County",2,0,55,30,25
050,46,085,"South Dakota","Lyman County",2,1,63,31,32
050,46,085,"South Dakota","Lyman County",2,2,59,34,25
050,46,085,"South Dakota","Lyman County",2,3,68,44,24
050,46,085,"South Dakota","Lyman County",2,4,62,37,25
050,46,085,"South Dakota","Lyman County",2,5,57,31,26
050,46,085,"South Dakota","Lyman County",2,6,57,33,24
050,46,085,"South Dakota","Lyman County",2,7,53,29,24
050,46,085,"South Dakota","Lyman County",2,8,60,28,32
050,46,085,"South Dakota","Lyman County",2,9,64,28,36
050,46,085,"South Dakota","Lyman County",2,10,51,19,32
050,46,085,"South Dakota","Lyman County",2,11,50,24,26
050,46,085,"South Dakota","Lyman County",2,12,53,32,21
050,46,085,"South Dakota","Lyman County",2,13,54,33,21
050,46,085,"South Dakota","Lyman County",2,14,59,32,27
050,46,085,"South Dakota","Lyman County",2,15,60,30,30
050,46,085,"South Dakota","Lyman County",2,16,66,36,30
050,46,085,"South Dakota","Lyman County",2,17,58,32,26
050,46,085,"South Dakota","Lyman County",2,18,46,27,19
050,46,085,"South Dakota","Lyman County",2,19,38,22,16
050,46,085,"South Dakota","Lyman County",2,20,46,23,23
050,46,085,"South Dakota","Lyman County",2,21,45,26,19
050,46,085,"South Dakota","Lyman County",2,22,37,22,15
050,46,085,"South Dakota","Lyman County",2,23,42,25,17
050,46,085,"South Dakota","Lyman County",2,24,46,25,21
050,46,085,"South Dakota","Lyman County",2,25,39,19,20
050,46,085,"South Dakota","Lyman County",2,26,36,20,16
050,46,085,"South Dakota","Lyman County",2,27,39,22,17
050,46,085,"South Dakota","Lyman County",2,28,47,29,18
050,46,085,"South Dakota","Lyman County",2,29,40,22,18
050,46,085,"South Dakota","Lyman County",2,30,39,20,19
050,46,085,"South Dakota","Lyman County",2,31,43,20,23
050,46,085,"South Dakota","Lyman County",2,32,47,22,25
050,46,085,"South Dakota","Lyman County",2,33,42,22,20
050,46,085,"South Dakota","Lyman County",2,34,35,22,13
050,46,085,"South Dakota","Lyman County",2,35,36,20,16
050,46,085,"South Dakota","Lyman County",2,36,41,24,17
050,46,085,"South Dakota","Lyman County",2,37,46,20,26
050,46,085,"South Dakota","Lyman County",2,38,46,21,25
050,46,085,"South Dakota","Lyman County",2,39,45,21,24
050,46,085,"South Dakota","Lyman County",2,40,41,23,18
050,46,085,"South Dakota","Lyman County",2,41,43,21,22
050,46,085,"South Dakota","Lyman County",2,42,38,17,21
050,46,085,"South Dakota","Lyman County",2,43,41,22,19
050,46,085,"South Dakota","Lyman County",2,44,43,24,19
050,46,085,"South Dakota","Lyman County",2,45,41,27,14
050,46,085,"South Dakota","Lyman County",2,46,38,26,12
050,46,085,"South Dakota","Lyman County",2,47,33,19,14
050,46,085,"South Dakota","Lyman County",2,48,31,17,14
050,46,085,"South Dakota","Lyman County",2,49,30,19,11
050,46,085,"South Dakota","Lyman County",2,50,40,25,15
050,46,085,"South Dakota","Lyman County",2,51,34,15,19
050,46,085,"South Dakota","Lyman County",2,52,37,17,20
050,46,085,"South Dakota","Lyman County",2,53,35,18,17
050,46,085,"South Dakota","Lyman County",2,54,37,21,16
050,46,085,"South Dakota","Lyman County",2,55,36,19,17
050,46,085,"South Dakota","Lyman County",2,56,42,21,21
050,46,085,"South Dakota","Lyman County",2,57,46,25,21
050,46,085,"South Dakota","Lyman County",2,58,49,22,27
050,46,085,"South Dakota","Lyman County",2,59,57,26,31
050,46,085,"South Dakota","Lyman County",2,60,63,35,28
050,46,085,"South Dakota","Lyman County",2,61,60,35,25
050,46,085,"South Dakota","Lyman County",2,62,56,30,26
050,46,085,"South Dakota","Lyman County",2,63,54,29,25
050,46,085,"South Dakota","Lyman County",2,64,57,29,28
050,46,085,"South Dakota","Lyman County",2,65,56,30,26
050,46,085,"South Dakota","Lyman County",2,66,50,29,21
050,46,085,"South Dakota","Lyman County",2,67,38,25,13
050,46,085,"South Dakota","Lyman County",2,68,38,24,14
050,46,085,"South Dakota","Lyman County",2,69,39,21,18
050,46,085,"South Dakota","Lyman County",2,70,34,18,16
050,46,085,"South Dakota","Lyman County",2,71,33,14,19
050,46,085,"South Dakota","Lyman County",2,72,31,16,15
050,46,085,"South Dakota","Lyman County",2,73,33,16,17
050,46,085,"South Dakota","Lyman County",2,74,19,8,11
050,46,085,"South Dakota","Lyman County",2,75,22,12,10
050,46,085,"South Dakota","Lyman County",2,76,27,11,16
050,46,085,"South Dakota","Lyman County",2,77,30,12,18
050,46,085,"South Dakota","Lyman County",2,78,26,11,15
050,46,085,"South Dakota","Lyman County",2,79,22,11,11
050,46,085,"South Dakota","Lyman County",2,80,16,9,7
050,46,085,"South Dakota","Lyman County",2,81,17,10,7
050,46,085,"South Dakota","Lyman County",2,82,22,9,13
050,46,085,"South Dakota","Lyman County",2,83,18,6,12
050,46,085,"South Dakota","Lyman County",2,84,14,6,8
050,46,085,"South Dakota","Lyman County",2,85,67,25,42
050,46,085,"South Dakota","Lyman County",3,0,71,39,32
050,46,085,"South Dakota","Lyman County",3,1,59,32,27
050,46,085,"South Dakota","Lyman County",3,2,61,32,29
050,46,085,"South Dakota","Lyman County",3,3,57,31,26
050,46,085,"South Dakota","Lyman County",3,4,69,44,25
050,46,085,"South Dakota","Lyman County",3,5,62,37,25
050,46,085,"South Dakota","Lyman County",3,6,58,32,26
050,46,085,"South Dakota","Lyman County",3,7,53,29,24
050,46,085,"South Dakota","Lyman County",3,8,60,33,27
050,46,085,"South Dakota","Lyman County",3,9,57,25,32
050,46,085,"South Dakota","Lyman County",3,10,65,29,36
050,46,085,"South Dakota","Lyman County",3,11,54,20,34
050,46,085,"South Dakota","Lyman County",3,12,45,21,24
050,46,085,"South Dakota","Lyman County",3,13,56,33,23
050,46,085,"South Dakota","Lyman County",3,14,54,33,21
050,46,085,"South Dakota","Lyman County",3,15,60,33,27
050,46,085,"South Dakota","Lyman County",3,16,61,28,33
050,46,085,"South Dakota","Lyman County",3,17,63,36,27
050,46,085,"South Dakota","Lyman County",3,18,51,26,25
050,46,085,"South Dakota","Lyman County",3,19,38,24,14
050,46,085,"South Dakota","Lyman County",3,20,42,26,16
050,46,085,"South Dakota","Lyman County",3,21,47,25,22
050,46,085,"South Dakota","Lyman County",3,22,44,23,21
050,46,085,"South Dakota","Lyman County",3,23,41,24,17
050,46,085,"South Dakota","Lyman County",3,24,43,27,16
050,46,085,"South Dakota","Lyman County",3,25,46,26,20
050,46,085,"South Dakota","Lyman County",3,26,42,22,20
050,46,085,"South Dakota","Lyman County",3,27,38,20,18
050,46,085,"South Dakota","Lyman County",3,28,43,25,18
050,46,085,"South Dakota","Lyman County",3,29,49,31,18
050,46,085,"South Dakota","Lyman County",3,30,39,24,15
050,46,085,"South Dakota","Lyman County",3,31,37,17,20
050,46,085,"South Dakota","Lyman County",3,32,45,21,24
050,46,085,"South Dakota","Lyman County",3,33,48,24,24
050,46,085,"South Dakota","Lyman County",3,34,46,26,20
050,46,085,"South Dakota","Lyman County",3,35,40,25,15
050,46,085,"South Dakota","Lyman County",3,36,33,17,16
050,46,085,"South Dakota","Lyman County",3,37,37,19,18
050,46,085,"South Dakota","Lyman County",3,38,49,22,27
050,46,085,"South Dakota","Lyman County",3,39,45,21,24
050,46,085,"South Dakota","Lyman County",3,40,45,21,24
050,46,085,"South Dakota","Lyman County",3,41,37,21,16
050,46,085,"South Dakota","Lyman County",3,42,44,23,21
050,46,085,"South Dakota","Lyman County",3,43,38,17,21
050,46,085,"South Dakota","Lyman County",3,44,43,24,19
050,46,085,"South Dakota","Lyman County",3,45,41,23,18
050,46,085,"South Dakota","Lyman County",3,46,43,28,15
050,46,085,"South Dakota","Lyman County",3,47,37,26,11
050,46,085,"South Dakota","Lyman County",3,48,29,18,11
050,46,085,"South Dakota","Lyman County",3,49,31,17,14
050,46,085,"South Dakota","Lyman County",3,50,32,20,12
050,46,085,"South Dakota","Lyman County",3,51,36,22,14
050,46,085,"South Dakota","Lyman County",3,52,37,17,20
050,46,085,"South Dakota","Lyman County",3,53,38,19,19
050,46,085,"South Dakota","Lyman County",3,54,38,18,20
050,46,085,"South Dakota","Lyman County",3,55,38,21,17
050,46,085,"South Dakota","Lyman County",3,56,38,19,19
050,46,085,"South Dakota","Lyman County",3,57,41,20,21
050,46,085,"South Dakota","Lyman County",3,58,46,25,21
050,46,085,"South Dakota","Lyman County",3,59,51,24,27
050,46,085,"South Dakota","Lyman County",3,60,58,26,32
050,46,085,"South Dakota","Lyman County",3,61,61,33,28
050,46,085,"South Dakota","Lyman County",3,62,62,35,27
050,46,085,"South Dakota","Lyman County",3,63,57,30,27
050,46,085,"South Dakota","Lyman County",3,64,56,32,24
050,46,085,"South Dakota","Lyman County",3,65,56,28,28
050,46,085,"South Dakota","Lyman County",3,66,55,29,26
050,46,085,"South Dakota","Lyman County",3,67,50,29,21
050,46,085,"South Dakota","Lyman County",3,68,40,25,15
050,46,085,"South Dakota","Lyman County",3,69,36,22,14
050,46,085,"South Dakota","Lyman County",3,70,36,20,16
050,46,085,"South Dakota","Lyman County",3,71,36,19,17
050,46,085,"South Dakota","Lyman County",3,72,33,14,19
050,46,085,"South Dakota","Lyman County",3,73,30,16,14
050,46,085,"South Dakota","Lyman County",3,74,32,16,16
050,46,085,"South Dakota","Lyman County",3,75,18,7,11
050,46,085,"South Dakota","Lyman County",3,76,22,12,10
050,46,085,"South Dakota","Lyman County",3,77,26,11,15
050,46,085,"South Dakota","Lyman County",3,78,29,12,17
050,46,085,"South Dakota","Lyman County",3,79,25,11,14
050,46,085,"South Dakota","Lyman County",3,80,21,10,11
050,46,085,"South Dakota","Lyman County",3,81,14,8,6
050,46,085,"South Dakota","Lyman County",3,82,17,10,7
050,46,085,"South Dakota","Lyman County",3,83,18,8,10
050,46,085,"South Dakota","Lyman County",3,84,17,6,11
050,46,085,"South Dakota","Lyman County",3,85,67,24,43
050,46,085,"South Dakota","Lyman County",4,0,67,37,30
050,46,085,"South Dakota","Lyman County",4,1,73,38,35
050,46,085,"South Dakota","Lyman County",4,2,60,33,27
050,46,085,"South Dakota","Lyman County",4,3,58,31,27
050,46,085,"South Dakota","Lyman County",4,4,54,27,27
050,46,085,"South Dakota","Lyman County",4,5,70,44,26
050,46,085,"South Dakota","Lyman County",4,6,58,33,25
050,46,085,"South Dakota","Lyman County",4,7,60,34,26
050,46,085,"South Dakota","Lyman County",4,8,51,27,24
050,46,085,"South Dakota","Lyman County",4,9,57,29,28
050,46,085,"South Dakota","Lyman County",4,10,54,24,30
050,46,085,"South Dakota","Lyman County",4,11,62,28,34
050,46,085,"South Dakota","Lyman County",4,12,50,18,32
050,46,085,"South Dakota","Lyman County",4,13,50,27,23
050,46,085,"South Dakota","Lyman County",4,14,54,33,21
050,46,085,"South Dakota","Lyman County",4,15,51,33,18
050,46,085,"South Dakota","Lyman County",4,16,58,33,25
050,46,085,"South Dakota","Lyman County",4,17,64,30,34
050,46,085,"South Dakota","Lyman County",4,18,53,32,21
050,46,085,"South Dakota","Lyman County",4,19,41,22,19
050,46,085,"South Dakota","Lyman County",4,20,36,25,11
050,46,085,"South Dakota","Lyman County",4,21,42,27,15
050,46,085,"South Dakota","Lyman County",4,22,45,23,22
050,46,085,"South Dakota","Lyman County",4,23,47,22,25
050,46,085,"South Dakota","Lyman County",4,24,52,23,29
050,46,085,"South Dakota","Lyman County",4,25,42,26,16
050,46,085,"South Dakota","Lyman County",4,26,41,24,17
050,46,085,"South Dakota","Lyman County",4,27,45,25,20
050,46,085,"South Dakota","Lyman County",4,28,36,17,19
050,46,085,"South Dakota","Lyman County",4,29,42,23,19
050,46,085,"South Dakota","Lyman County",4,30,48,29,19
050,46,085,"South Dakota","Lyman County",4,31,36,22,14
050,46,085,"South Dakota","Lyman County",4,32,37,17,20
050,46,085,"South Dakota","Lyman County",4,33,37,16,21
050,46,085,"South Dakota","Lyman County",4,34,48,24,24
050,46,085,"South Dakota","Lyman County",4,35,44,25,19
050,46,085,"South Dakota","Lyman County",4,36,42,28,14
050,46,085,"South Dakota","Lyman County",4,37,32,18,14
050,46,085,"South Dakota","Lyman County",4,38,39,20,19
050,46,085,"South Dakota","Lyman County",4,39,42,20,22
050,46,085,"South Dakota","Lyman County",4,40,42,19,23
050,46,085,"South Dakota","Lyman County",4,41,41,19,22
050,46,085,"South Dakota","Lyman County",4,42,36,21,15
050,46,085,"South Dakota","Lyman County",4,43,44,23,21
050,46,085,"South Dakota","Lyman County",4,44,39,17,22
050,46,085,"South Dakota","Lyman County",4,45,38,21,17
050,46,085,"South Dakota","Lyman County",4,46,44,24,20
050,46,085,"South Dakota","Lyman County",4,47,43,29,14
050,46,085,"South Dakota","Lyman County",4,48,39,25,14
050,46,085,"South Dakota","Lyman County",4,49,28,20,8
050,46,085,"South Dakota","Lyman County",4,50,31,17,14
050,46,085,"South Dakota","Lyman County",4,51,29,19,10
050,46,085,"South Dakota","Lyman County",4,52,36,20,16
050,46,085,"South Dakota","Lyman County",4,53,37,17,20
050,46,085,"South Dakota","Lyman County",4,54,39,20,19
050,46,085,"South Dakota","Lyman County",4,55,35,16,19
050,46,085,"South Dakota","Lyman County",4,56,38,21,17
050,46,085,"South Dakota","Lyman County",4,57,37,20,17
050,46,085,"South Dakota","Lyman County",4,58,41,20,21
050,46,085,"South Dakota","Lyman County",4,59,47,27,20
050,46,085,"South Dakota","Lyman County",4,60,51,25,26
050,46,085,"South Dakota","Lyman County",4,61,54,27,27
050,46,085,"South Dakota","Lyman County",4,62,59,33,26
050,46,085,"South Dakota","Lyman County",4,63,61,35,26
050,46,085,"South Dakota","Lyman County",4,64,55,30,25
050,46,085,"South Dakota","Lyman County",4,65,55,31,24
050,46,085,"South Dakota","Lyman County",4,66,54,26,28
050,46,085,"South Dakota","Lyman County",4,67,51,28,23
050,46,085,"South Dakota","Lyman County",4,68,44,26,18
050,46,085,"South Dakota","Lyman County",4,69,37,23,14
050,46,085,"South Dakota","Lyman County",4,70,37,23,14
050,46,085,"South Dakota","Lyman County",4,71,35,20,15
050,46,085,"South Dakota","Lyman County",4,72,36,18,18
050,46,085,"South Dakota","Lyman County",4,73,31,13,18
050,46,085,"South Dakota","Lyman County",4,74,30,16,14
050,46,085,"South Dakota","Lyman County",4,75,30,14,16
050,46,085,"South Dakota","Lyman County",4,76,17,6,11
050,46,085,"South Dakota","Lyman County",4,77,19,12,7
050,46,085,"South Dakota","Lyman County",4,78,24,11,13
050,46,085,"South Dakota","Lyman County",4,79,27,11,16
050,46,085,"South Dakota","Lyman County",4,80,22,11,11
050,46,085,"South Dakota","Lyman County",4,81,21,10,11
050,46,085,"South Dakota","Lyman County",4,82,15,8,7
050,46,085,"South Dakota","Lyman County",4,83,15,8,7
050,46,085,"South Dakota","Lyman County",4,84,18,8,10
050,46,085,"South Dakota","Lyman County",4,85,65,26,39
050,46,085,"South Dakota","Lyman County",5,0,70,38,32
050,46,085,"South Dakota","Lyman County",5,1,56,29,27
050,46,085,"South Dakota","Lyman County",5,2,59,33,26
050,46,085,"South Dakota","Lyman County",5,3,55,31,24
050,46,085,"South Dakota","Lyman County",5,4,57,33,24
050,46,085,"South Dakota","Lyman County",5,5,48,23,25
050,46,085,"South Dakota","Lyman County",5,6,67,43,24
050,46,085,"South Dakota","Lyman County",5,7,60,31,29
050,46,085,"South Dakota","Lyman County",5,8,57,31,26
050,46,085,"South Dakota","Lyman County",5,9,51,26,25
050,46,085,"South Dakota","Lyman County",5,10,56,29,27
050,46,085,"South Dakota","Lyman County",5,11,50,22,28
050,46,085,"South Dakota","Lyman County",5,12,63,29,34
050,46,085,"South Dakota","Lyman County",5,13,49,17,32
050,46,085,"South Dakota","Lyman County",5,14,50,27,23
050,46,085,"South Dakota","Lyman County",5,15,58,32,26
050,46,085,"South Dakota","Lyman County",5,16,50,31,19
050,46,085,"South Dakota","Lyman County",5,17,60,33,27
050,46,085,"South Dakota","Lyman County",5,18,59,29,30
050,46,085,"South Dakota","Lyman County",5,19,46,28,18
050,46,085,"South Dakota","Lyman County",5,20,42,23,19
050,46,085,"South Dakota","Lyman County",5,21,38,27,11
050,46,085,"South Dakota","Lyman County",5,22,43,26,17
050,46,085,"South Dakota","Lyman County",5,23,51,25,26
050,46,085,"South Dakota","Lyman County",5,24,51,20,31
050,46,085,"South Dakota","Lyman County",5,25,40,22,18
050,46,085,"South Dakota","Lyman County",5,26,47,27,20
050,46,085,"South Dakota","Lyman County",5,27,43,26,17
050,46,085,"South Dakota","Lyman County",5,28,40,24,16
050,46,085,"South Dakota","Lyman County",5,29,41,19,22
050,46,085,"South Dakota","Lyman County",5,30,41,25,16
050,46,085,"South Dakota","Lyman County",5,31,41,25,16
050,46,085,"South Dakota","Lyman County",5,32,33,23,10
050,46,085,"South Dakota","Lyman County",5,33,37,17,20
050,46,085,"South Dakota","Lyman County",5,34,40,19,21
050,46,085,"South Dakota","Lyman County",5,35,35,13,22
050,46,085,"South Dakota","Lyman County",5,36,38,22,16
050,46,085,"South Dakota","Lyman County",5,37,38,25,13
050,46,085,"South Dakota","Lyman County",5,38,37,24,13
050,46,085,"South Dakota","Lyman County",5,39,38,19,19
050,46,085,"South Dakota","Lyman County",5,40,44,20,24
050,46,085,"South Dakota","Lyman County",5,41,40,16,24
050,46,085,"South Dakota","Lyman County",5,42,44,19,25
050,46,085,"South Dakota","Lyman County",5,43,39,22,17
050,46,085,"South Dakota","Lyman County",5,44,43,24,19
050,46,085,"South Dakota","Lyman County",5,45,40,15,25
050,46,085,"South Dakota","Lyman County",5,46,42,24,18
050,46,085,"South Dakota","Lyman County",5,47,46,25,21
050,46,085,"South Dakota","Lyman County",5,48,42,28,14
050,46,085,"South Dakota","Lyman County",5,49,38,24,14
050,46,085,"South Dakota","Lyman County",5,50,37,25,12
050,46,085,"South Dakota","Lyman County",5,51,28,15,13
050,46,085,"South Dakota","Lyman County",5,52,29,19,10
050,46,085,"South Dakota","Lyman County",5,53,35,20,15
050,46,085,"South Dakota","Lyman County",5,54,40,19,21
050,46,085,"South Dakota","Lyman County",5,55,37,18,19
050,46,085,"South Dakota","Lyman County",5,56,41,20,21
050,46,085,"South Dakota","Lyman County",5,57,38,21,17
050,46,085,"South Dakota","Lyman County",5,58,39,22,17
050,46,085,"South Dakota","Lyman County",5,59,45,22,23
050,46,085,"South Dakota","Lyman County",5,60,44,25,19
050,46,085,"South Dakota","Lyman County",5,61,51,25,26
050,46,085,"South Dakota","Lyman County",5,62,52,27,25
050,46,085,"South Dakota","Lyman County",5,63,61,35,26
050,46,085,"South Dakota","Lyman County",5,64,60,35,25
050,46,085,"South Dakota","Lyman County",5,65,55,29,26
050,46,085,"South Dakota","Lyman County",5,66,55,31,24
050,46,085,"South Dakota","Lyman County",5,67,54,26,28
050,46,085,"South Dakota","Lyman County",5,68,51,28,23
050,46,085,"South Dakota","Lyman County",5,69,43,25,18
050,46,085,"South Dakota","Lyman County",5,70,38,23,15
050,46,085,"South Dakota","Lyman County",5,71,37,23,14
050,46,085,"South Dakota","Lyman County",5,72,37,22,15
050,46,085,"South Dakota","Lyman County",5,73,35,17,18
050,46,085,"South Dakota","Lyman County",5,74,31,13,18
050,46,085,"South Dakota","Lyman County",5,75,31,17,14
050,46,085,"South Dakota","Lyman County",5,76,30,14,16
050,46,085,"South Dakota","Lyman County",5,77,15,6,9
050,46,085,"South Dakota","Lyman County",5,78,18,12,6
050,46,085,"South Dakota","Lyman County",5,79,24,12,12
050,46,085,"South Dakota","Lyman County",5,80,23,11,12
050,46,085,"South Dakota","Lyman County",5,81,23,12,11
050,46,085,"South Dakota","Lyman County",5,82,21,10,11
050,46,085,"South Dakota","Lyman County",5,83,11,4,7
050,46,085,"South Dakota","Lyman County",5,84,15,8,7
050,46,085,"South Dakota","Lyman County",5,85,68,31,37
050,46,087,"South Dakota","McCook County",1,0,95,49,46
050,46,087,"South Dakota","McCook County",1,1,91,52,39
050,46,087,"South Dakota","McCook County",1,2,99,41,58
050,46,087,"South Dakota","McCook County",1,3,79,39,40
050,46,087,"South Dakota","McCook County",1,4,101,56,45
050,46,087,"South Dakota","McCook County",1,5,82,47,35
050,46,087,"South Dakota","McCook County",1,6,80,40,40
050,46,087,"South Dakota","McCook County",1,7,87,41,46
050,46,087,"South Dakota","McCook County",1,8,78,44,34
050,46,087,"South Dakota","McCook County",1,9,99,53,46
050,46,087,"South Dakota","McCook County",1,10,99,56,43
050,46,087,"South Dakota","McCook County",1,11,82,40,42
050,46,087,"South Dakota","McCook County",1,12,90,42,48
050,46,087,"South Dakota","McCook County",1,13,88,48,40
050,46,087,"South Dakota","McCook County",1,14,86,52,34
050,46,087,"South Dakota","McCook County",1,15,90,49,41
050,46,087,"South Dakota","McCook County",1,16,88,40,48
050,46,087,"South Dakota","McCook County",1,17,81,36,45
050,46,087,"South Dakota","McCook County",1,18,65,27,38
050,46,087,"South Dakota","McCook County",1,19,52,25,27
050,46,087,"South Dakota","McCook County",1,20,56,26,30
050,46,087,"South Dakota","McCook County",1,21,52,27,25
050,46,087,"South Dakota","McCook County",1,22,53,27,26
050,46,087,"South Dakota","McCook County",1,23,59,30,29
050,46,087,"South Dakota","McCook County",1,24,59,34,25
050,46,087,"South Dakota","McCook County",1,25,52,28,24
050,46,087,"South Dakota","McCook County",1,26,55,29,26
050,46,087,"South Dakota","McCook County",1,27,59,33,26
050,46,087,"South Dakota","McCook County",1,28,55,31,24
050,46,087,"South Dakota","McCook County",1,29,49,21,28
050,46,087,"South Dakota","McCook County",1,30,53,27,26
050,46,087,"South Dakota","McCook County",1,31,58,35,23
050,46,087,"South Dakota","McCook County",1,32,55,28,27
050,46,087,"South Dakota","McCook County",1,33,69,31,38
050,46,087,"South Dakota","McCook County",1,34,65,33,32
050,46,087,"South Dakota","McCook County",1,35,53,29,24
050,46,087,"South Dakota","McCook County",1,36,63,27,36
050,46,087,"South Dakota","McCook County",1,37,72,39,33
050,46,087,"South Dakota","McCook County",1,38,77,43,34
050,46,087,"South Dakota","McCook County",1,39,73,40,33
050,46,087,"South Dakota","McCook County",1,40,67,39,28
050,46,087,"South Dakota","McCook County",1,41,61,38,23
050,46,087,"South Dakota","McCook County",1,42,67,34,33
050,46,087,"South Dakota","McCook County",1,43,65,33,32
050,46,087,"South Dakota","McCook County",1,44,61,29,32
050,46,087,"South Dakota","McCook County",1,45,56,26,30
050,46,087,"South Dakota","McCook County",1,46,63,29,34
050,46,087,"South Dakota","McCook County",1,47,63,32,31
050,46,087,"South Dakota","McCook County",1,48,67,30,37
050,46,087,"South Dakota","McCook County",1,49,69,31,38
050,46,087,"South Dakota","McCook County",1,50,68,40,28
050,46,087,"South Dakota","McCook County",1,51,63,35,28
050,46,087,"South Dakota","McCook County",1,52,63,43,20
050,46,087,"South Dakota","McCook County",1,53,64,38,26
050,46,087,"South Dakota","McCook County",1,54,70,36,34
050,46,087,"South Dakota","McCook County",1,55,67,38,29
050,46,087,"South Dakota","McCook County",1,56,68,35,33
050,46,087,"South Dakota","McCook County",1,57,69,34,35
050,46,087,"South Dakota","McCook County",1,58,80,38,42
050,46,087,"South Dakota","McCook County",1,59,86,45,41
050,46,087,"South Dakota","McCook County",1,60,85,52,33
050,46,087,"South Dakota","McCook County",1,61,82,47,35
050,46,087,"South Dakota","McCook County",1,62,87,51,36
050,46,087,"South Dakota","McCook County",1,63,70,36,34
050,46,087,"South Dakota","McCook County",1,64,83,44,39
050,46,087,"South Dakota","McCook County",1,65,78,37,41
050,46,087,"South Dakota","McCook County",1,66,68,28,40
050,46,087,"South Dakota","McCook County",1,67,73,36,37
050,46,087,"South Dakota","McCook County",1,68,71,36,35
050,46,087,"South Dakota","McCook County",1,69,58,29,29
050,46,087,"South Dakota","McCook County",1,70,51,22,29
050,46,087,"South Dakota","McCook County",1,71,50,27,23
050,46,087,"South Dakota","McCook County",1,72,44,21,23
050,46,087,"South Dakota","McCook County",1,73,55,22,33
050,46,087,"South Dakota","McCook County",1,74,39,19,20
050,46,087,"South Dakota","McCook County",1,75,37,17,20
050,46,087,"South Dakota","McCook County",1,76,36,15,21
050,46,087,"South Dakota","McCook County",1,77,42,20,22
050,46,087,"South Dakota","McCook County",1,78,38,14,24
050,46,087,"South Dakota","McCook County",1,79,32,14,18
050,46,087,"South Dakota","McCook County",1,80,35,17,18
050,46,087,"South Dakota","McCook County",1,81,35,16,19
050,46,087,"South Dakota","McCook County",1,82,34,18,16
050,46,087,"South Dakota","McCook County",1,83,23,12,11
050,46,087,"South Dakota","McCook County",1,84,12,6,6
050,46,087,"South Dakota","McCook County",1,85,125,35,90
050,46,087,"South Dakota","McCook County",2,0,99,50,49
050,46,087,"South Dakota","McCook County",2,1,90,50,40
050,46,087,"South Dakota","McCook County",2,2,98,44,54
050,46,087,"South Dakota","McCook County",2,3,83,39,44
050,46,087,"South Dakota","McCook County",2,4,97,53,44
050,46,087,"South Dakota","McCook County",2,5,85,47,38
050,46,087,"South Dakota","McCook County",2,6,80,41,39
050,46,087,"South Dakota","McCook County",2,7,83,40,43
050,46,087,"South Dakota","McCook County",2,8,81,44,37
050,46,087,"South Dakota","McCook County",2,9,94,51,43
050,46,087,"South Dakota","McCook County",2,10,99,54,45
050,46,087,"South Dakota","McCook County",2,11,85,42,43
050,46,087,"South Dakota","McCook County",2,12,87,41,46
050,46,087,"South Dakota","McCook County",2,13,88,46,42
050,46,087,"South Dakota","McCook County",2,14,86,51,35
050,46,087,"South Dakota","McCook County",2,15,91,50,41
050,46,087,"South Dakota","McCook County",2,16,88,42,46
050,46,087,"South Dakota","McCook County",2,17,81,36,45
050,46,087,"South Dakota","McCook County",2,18,66,28,38
050,46,087,"South Dakota","McCook County",2,19,52,24,28
050,46,087,"South Dakota","McCook County",2,20,58,28,30
050,46,087,"South Dakota","McCook County",2,21,52,26,26
050,46,087,"South Dakota","McCook County",2,22,52,26,26
050,46,087,"South Dakota","McCook County",2,23,58,30,28
050,46,087,"South Dakota","McCook County",2,24,58,32,26
050,46,087,"South Dakota","McCook County",2,25,50,28,22
050,46,087,"South Dakota","McCook County",2,26,53,27,26
050,46,087,"South Dakota","McCook County",2,27,59,33,26
050,46,087,"South Dakota","McCook County",2,28,56,32,24
050,46,087,"South Dakota","McCook County",2,29,48,22,26
050,46,087,"South Dakota","McCook County",2,30,53,26,27
050,46,087,"South Dakota","McCook County",2,31,57,33,24
050,46,087,"South Dakota","McCook County",2,32,56,30,26
050,46,087,"South Dakota","McCook County",2,33,66,30,36
050,46,087,"South Dakota","McCook County",2,34,65,32,33
050,46,087,"South Dakota","McCook County",2,35,57,31,26
050,46,087,"South Dakota","McCook County",2,36,60,28,32
050,46,087,"South Dakota","McCook County",2,37,69,36,33
050,46,087,"South Dakota","McCook County",2,38,76,42,34
050,46,087,"South Dakota","McCook County",2,39,74,41,33
050,46,087,"South Dakota","McCook County",2,40,68,40,28
050,46,087,"South Dakota","McCook County",2,41,61,37,24
050,46,087,"South Dakota","McCook County",2,42,66,35,31
050,46,087,"South Dakota","McCook County",2,43,65,32,33
050,46,087,"South Dakota","McCook County",2,44,62,30,32
050,46,087,"South Dakota","McCook County",2,45,57,27,30
050,46,087,"South Dakota","McCook County",2,46,61,28,33
050,46,087,"South Dakota","McCook County",2,47,65,32,33
050,46,087,"South Dakota","McCook County",2,48,67,31,36
050,46,087,"South Dakota","McCook County",2,49,67,30,37
050,46,087,"South Dakota","McCook County",2,50,69,38,31
050,46,087,"South Dakota","McCook County",2,51,64,36,28
050,46,087,"South Dakota","McCook County",2,52,64,42,22
050,46,087,"South Dakota","McCook County",2,53,61,37,24
050,46,087,"South Dakota","McCook County",2,54,69,37,32
050,46,087,"South Dakota","McCook County",2,55,68,38,30
050,46,087,"South Dakota","McCook County",2,56,67,35,32
050,46,087,"South Dakota","McCook County",2,57,69,34,35
050,46,087,"South Dakota","McCook County",2,58,77,37,40
050,46,087,"South Dakota","McCook County",2,59,85,43,42
050,46,087,"South Dakota","McCook County",2,60,85,50,35
050,46,087,"South Dakota","McCook County",2,61,84,49,35
050,46,087,"South Dakota","McCook County",2,62,85,50,35
050,46,087,"South Dakota","McCook County",2,63,75,40,35
050,46,087,"South Dakota","McCook County",2,64,80,42,38
050,46,087,"South Dakota","McCook County",2,65,78,38,40
050,46,087,"South Dakota","McCook County",2,66,72,31,41
050,46,087,"South Dakota","McCook County",2,67,72,34,38
050,46,087,"South Dakota","McCook County",2,68,71,36,35
050,46,087,"South Dakota","McCook County",2,69,63,32,31
050,46,087,"South Dakota","McCook County",2,70,52,23,29
050,46,087,"South Dakota","McCook County",2,71,49,25,24
050,46,087,"South Dakota","McCook County",2,72,43,22,21
050,46,087,"South Dakota","McCook County",2,73,55,23,32
050,46,087,"South Dakota","McCook County",2,74,39,18,21
050,46,087,"South Dakota","McCook County",2,75,38,18,20
050,46,087,"South Dakota","McCook County",2,76,35,15,20
050,46,087,"South Dakota","McCook County",2,77,39,19,20
050,46,087,"South Dakota","McCook County",2,78,38,15,23
050,46,087,"South Dakota","McCook County",2,79,33,14,19
050,46,087,"South Dakota","McCook County",2,80,32,16,16
050,46,087,"South Dakota","McCook County",2,81,35,16,19
050,46,087,"South Dakota","McCook County",2,82,34,18,16
050,46,087,"South Dakota","McCook County",2,83,24,12,12
050,46,087,"South Dakota","McCook County",2,84,14,7,7
050,46,087,"South Dakota","McCook County",2,85,123,35,88
050,46,087,"South Dakota","McCook County",3,0,79,39,40
050,46,087,"South Dakota","McCook County",3,1,104,51,53
050,46,087,"South Dakota","McCook County",3,2,99,55,44
050,46,087,"South Dakota","McCook County",3,3,98,40,58
050,46,087,"South Dakota","McCook County",3,4,89,38,51
050,46,087,"South Dakota","McCook County",3,5,98,50,48
050,46,087,"South Dakota","McCook County",3,6,94,46,48
050,46,087,"South Dakota","McCook County",3,7,83,43,40
050,46,087,"South Dakota","McCook County",3,8,87,43,44
050,46,087,"South Dakota","McCook County",3,9,84,48,36
050,46,087,"South Dakota","McCook County",3,10,90,46,44
050,46,087,"South Dakota","McCook County",3,11,96,50,46
050,46,087,"South Dakota","McCook County",3,12,81,41,40
050,46,087,"South Dakota","McCook County",3,13,89,45,44
050,46,087,"South Dakota","McCook County",3,14,88,47,41
050,46,087,"South Dakota","McCook County",3,15,82,45,37
050,46,087,"South Dakota","McCook County",3,16,90,51,39
050,46,087,"South Dakota","McCook County",3,17,83,41,42
050,46,087,"South Dakota","McCook County",3,18,71,31,40
050,46,087,"South Dakota","McCook County",3,19,52,21,31
050,46,087,"South Dakota","McCook County",3,20,55,26,29
050,46,087,"South Dakota","McCook County",3,21,60,32,28
050,46,087,"South Dakota","McCook County",3,22,56,30,26
050,46,087,"South Dakota","McCook County",3,23,59,34,25
050,46,087,"South Dakota","McCook County",3,24,68,39,29
050,46,087,"South Dakota","McCook County",3,25,59,32,27
050,46,087,"South Dakota","McCook County",3,26,46,22,24
050,46,087,"South Dakota","McCook County",3,27,61,33,28
050,46,087,"South Dakota","McCook County",3,28,61,32,29
050,46,087,"South Dakota","McCook County",3,29,58,35,23
050,46,087,"South Dakota","McCook County",3,30,55,29,26
050,46,087,"South Dakota","McCook County",3,31,52,24,28
050,46,087,"South Dakota","McCook County",3,32,58,29,29
050,46,087,"South Dakota","McCook County",3,33,60,32,28
050,46,087,"South Dakota","McCook County",3,34,67,31,36
050,46,087,"South Dakota","McCook County",3,35,70,35,35
050,46,087,"South Dakota","McCook County",3,36,59,33,26
050,46,087,"South Dakota","McCook County",3,37,67,34,33
050,46,087,"South Dakota","McCook County",3,38,69,35,34
050,46,087,"South Dakota","McCook County",3,39,79,48,31
050,46,087,"South Dakota","McCook County",3,40,71,40,31
050,46,087,"South Dakota","McCook County",3,41,64,34,30
050,46,087,"South Dakota","McCook County",3,42,62,39,23
050,46,087,"South Dakota","McCook County",3,43,65,34,31
050,46,087,"South Dakota","McCook County",3,44,66,31,35
050,46,087,"South Dakota","McCook County",3,45,59,32,27
050,46,087,"South Dakota","McCook County",3,46,56,28,28
050,46,087,"South Dakota","McCook County",3,47,58,28,30
050,46,087,"South Dakota","McCook County",3,48,67,33,34
050,46,087,"South Dakota","McCook County",3,49,64,29,35
050,46,087,"South Dakota","McCook County",3,50,66,28,38
050,46,087,"South Dakota","McCook County",3,51,66,37,29
050,46,087,"South Dakota","McCook County",3,52,66,39,27
050,46,087,"South Dakota","McCook County",3,53,65,42,23
050,46,087,"South Dakota","McCook County",3,54,63,37,26
050,46,087,"South Dakota","McCook County",3,55,65,36,29
050,46,087,"South Dakota","McCook County",3,56,63,36,27
050,46,087,"South Dakota","McCook County",3,57,72,42,30
050,46,087,"South Dakota","McCook County",3,58,66,32,34
050,46,087,"South Dakota","McCook County",3,59,73,34,39
050,46,087,"South Dakota","McCook County",3,60,86,44,42
050,46,087,"South Dakota","McCook County",3,61,87,53,34
050,46,087,"South Dakota","McCook County",3,62,79,48,31
050,46,087,"South Dakota","McCook County",3,63,87,51,36
050,46,087,"South Dakota","McCook County",3,64,79,41,38
050,46,087,"South Dakota","McCook County",3,65,75,37,38
050,46,087,"South Dakota","McCook County",3,66,84,41,43
050,46,087,"South Dakota","McCook County",3,67,69,29,40
050,46,087,"South Dakota","McCook County",3,68,69,33,36
050,46,087,"South Dakota","McCook County",3,69,70,37,33
050,46,087,"South Dakota","McCook County",3,70,60,29,31
050,46,087,"South Dakota","McCook County",3,71,52,24,28
050,46,087,"South Dakota","McCook County",3,72,47,23,24
050,46,087,"South Dakota","McCook County",3,73,40,18,22
050,46,087,"South Dakota","McCook County",3,74,51,21,30
050,46,087,"South Dakota","McCook County",3,75,41,19,22
050,46,087,"South Dakota","McCook County",3,76,27,13,14
050,46,087,"South Dakota","McCook County",3,77,35,16,19
050,46,087,"South Dakota","McCook County",3,78,33,13,20
050,46,087,"South Dakota","McCook County",3,79,34,14,20
050,46,087,"South Dakota","McCook County",3,80,31,16,15
050,46,087,"South Dakota","McCook County",3,81,31,14,17
050,46,087,"South Dakota","McCook County",3,82,33,16,17
050,46,087,"South Dakota","McCook County",3,83,35,17,18
050,46,087,"South Dakota","McCook County",3,84,20,10,10
050,46,087,"South Dakota","McCook County",3,85,110,31,79
050,46,087,"South Dakota","McCook County",4,0,87,37,50
050,46,087,"South Dakota","McCook County",4,1,76,35,41
050,46,087,"South Dakota","McCook County",4,2,108,54,54
050,46,087,"South Dakota","McCook County",4,3,96,54,42
050,46,087,"South Dakota","McCook County",4,4,97,45,52
050,46,087,"South Dakota","McCook County",4,5,95,39,56
050,46,087,"South Dakota","McCook County",4,6,103,54,49
050,46,087,"South Dakota","McCook County",4,7,96,49,47
050,46,087,"South Dakota","McCook County",4,8,84,44,40
050,46,087,"South Dakota","McCook County",4,9,88,43,45
050,46,087,"South Dakota","McCook County",4,10,84,46,38
050,46,087,"South Dakota","McCook County",4,11,92,47,45
050,46,087,"South Dakota","McCook County",4,12,96,48,48
050,46,087,"South Dakota","McCook County",4,13,85,46,39
050,46,087,"South Dakota","McCook County",4,14,89,45,44
050,46,087,"South Dakota","McCook County",4,15,88,46,42
050,46,087,"South Dakota","McCook County",4,16,82,48,34
050,46,087,"South Dakota","McCook County",4,17,89,51,38
050,46,087,"South Dakota","McCook County",4,18,64,32,32
050,46,087,"South Dakota","McCook County",4,19,54,26,28
050,46,087,"South Dakota","McCook County",4,20,53,25,28
050,46,087,"South Dakota","McCook County",4,21,57,22,35
050,46,087,"South Dakota","McCook County",4,22,56,31,25
050,46,087,"South Dakota","McCook County",4,23,63,34,29
050,46,087,"South Dakota","McCook County",4,24,59,35,24
050,46,087,"South Dakota","McCook County",4,25,67,37,30
050,46,087,"South Dakota","McCook County",4,26,53,23,30
050,46,087,"South Dakota","McCook County",4,27,49,24,25
050,46,087,"South Dakota","McCook County",4,28,60,36,24
050,46,087,"South Dakota","McCook County",4,29,61,36,25
050,46,087,"South Dakota","McCook County",4,30,56,35,21
050,46,087,"South Dakota","McCook County",4,31,51,26,25
050,46,087,"South Dakota","McCook County",4,32,64,28,36
050,46,087,"South Dakota","McCook County",4,33,60,28,32
050,46,087,"South Dakota","McCook County",4,34,60,31,29
050,46,087,"South Dakota","McCook County",4,35,74,37,37
050,46,087,"South Dakota","McCook County",4,36,74,39,35
050,46,087,"South Dakota","McCook County",4,37,64,38,26
050,46,087,"South Dakota","McCook County",4,38,65,32,33
050,46,087,"South Dakota","McCook County",4,39,68,35,33
050,46,087,"South Dakota","McCook County",4,40,82,48,34
050,46,087,"South Dakota","McCook County",4,41,72,40,32
050,46,087,"South Dakota","McCook County",4,42,64,33,31
050,46,087,"South Dakota","McCook County",4,43,60,38,22
050,46,087,"South Dakota","McCook County",4,44,64,35,29
050,46,087,"South Dakota","McCook County",4,45,61,30,31
050,46,087,"South Dakota","McCook County",4,46,61,33,28
050,46,087,"South Dakota","McCook County",4,47,58,28,30
050,46,087,"South Dakota","McCook County",4,48,62,32,30
050,46,087,"South Dakota","McCook County",4,49,69,34,35
050,46,087,"South Dakota","McCook County",4,50,63,30,33
050,46,087,"South Dakota","McCook County",4,51,65,28,37
050,46,087,"South Dakota","McCook County",4,52,65,37,28
050,46,087,"South Dakota","McCook County",4,53,70,40,30
050,46,087,"South Dakota","McCook County",4,54,68,40,28
050,46,087,"South Dakota","McCook County",4,55,64,40,24
050,46,087,"South Dakota","McCook County",4,56,67,36,31
050,46,087,"South Dakota","McCook County",4,57,68,37,31
050,46,087,"South Dakota","McCook County",4,58,69,41,28
050,46,087,"South Dakota","McCook County",4,59,65,30,35
050,46,087,"South Dakota","McCook County",4,60,74,34,40
050,46,087,"South Dakota","McCook County",4,61,87,44,43
050,46,087,"South Dakota","McCook County",4,62,84,51,33
050,46,087,"South Dakota","McCook County",4,63,82,50,32
050,46,087,"South Dakota","McCook County",4,64,91,54,37
050,46,087,"South Dakota","McCook County",4,65,77,37,40
050,46,087,"South Dakota","McCook County",4,66,79,39,40
050,46,087,"South Dakota","McCook County",4,67,82,39,43
050,46,087,"South Dakota","McCook County",4,68,70,32,38
050,46,087,"South Dakota","McCook County",4,69,68,34,34
050,46,087,"South Dakota","McCook County",4,70,65,33,32
050,46,087,"South Dakota","McCook County",4,71,62,29,33
050,46,087,"South Dakota","McCook County",4,72,48,21,27
050,46,087,"South Dakota","McCook County",4,73,49,24,25
050,46,087,"South Dakota","McCook County",4,74,36,16,20
050,46,087,"South Dakota","McCook County",4,75,51,21,30
050,46,087,"South Dakota","McCook County",4,76,35,18,17
050,46,087,"South Dakota","McCook County",4,77,30,17,13
050,46,087,"South Dakota","McCook County",4,78,31,12,19
050,46,087,"South Dakota","McCook County",4,79,29,10,19
050,46,087,"South Dakota","McCook County",4,80,32,15,17
050,46,087,"South Dakota","McCook County",4,81,30,14,16
050,46,087,"South Dakota","McCook County",4,82,28,14,14
050,46,087,"South Dakota","McCook County",4,83,33,16,17
050,46,087,"South Dakota","McCook County",4,84,30,15,15
050,46,087,"South Dakota","McCook County",4,85,101,25,76
050,46,087,"South Dakota","McCook County",5,0,84,36,48
050,46,087,"South Dakota","McCook County",5,1,82,36,46
050,46,087,"South Dakota","McCook County",5,2,78,40,38
050,46,087,"South Dakota","McCook County",5,3,102,54,48
050,46,087,"South Dakota","McCook County",5,4,97,55,42
050,46,087,"South Dakota","McCook County",5,5,96,45,51
050,46,087,"South Dakota","McCook County",5,6,88,38,50
050,46,087,"South Dakota","McCook County",5,7,109,52,57
050,46,087,"South Dakota","McCook County",5,8,96,51,45
050,46,087,"South Dakota","McCook County",5,9,96,45,51
050,46,087,"South Dakota","McCook County",5,10,97,49,48
050,46,087,"South Dakota","McCook County",5,11,92,53,39
050,46,087,"South Dakota","McCook County",5,12,94,46,48
050,46,087,"South Dakota","McCook County",5,13,95,49,46
050,46,087,"South Dakota","McCook County",5,14,87,45,42
050,46,087,"South Dakota","McCook County",5,15,90,45,45
050,46,087,"South Dakota","McCook County",5,16,89,45,44
050,46,087,"South Dakota","McCook County",5,17,88,52,36
050,46,087,"South Dakota","McCook County",5,18,75,44,31
050,46,087,"South Dakota","McCook County",5,19,50,26,24
050,46,087,"South Dakota","McCook County",5,20,57,27,30
050,46,087,"South Dakota","McCook County",5,21,53,24,29
050,46,087,"South Dakota","McCook County",5,22,51,24,27
050,46,087,"South Dakota","McCook County",5,23,52,26,26
050,46,087,"South Dakota","McCook County",5,24,59,34,25
050,46,087,"South Dakota","McCook County",5,25,60,37,23
050,46,087,"South Dakota","McCook County",5,26,64,34,30
050,46,087,"South Dakota","McCook County",5,27,51,24,27
050,46,087,"South Dakota","McCook County",5,28,51,27,24
050,46,087,"South Dakota","McCook County",5,29,63,34,29
050,46,087,"South Dakota","McCook County",5,30,60,36,24
050,46,087,"South Dakota","McCook County",5,31,54,28,26
050,46,087,"South Dakota","McCook County",5,32,52,23,29
050,46,087,"South Dakota","McCook County",5,33,66,31,35
050,46,087,"South Dakota","McCook County",5,34,51,25,26
050,46,087,"South Dakota","McCook County",5,35,62,32,30
050,46,087,"South Dakota","McCook County",5,36,71,35,36
050,46,087,"South Dakota","McCook County",5,37,80,44,36
050,46,087,"South Dakota","McCook County",5,38,71,40,31
050,46,087,"South Dakota","McCook County",5,39,71,31,40
050,46,087,"South Dakota","McCook County",5,40,71,36,35
050,46,087,"South Dakota","McCook County",5,41,85,51,34
050,46,087,"South Dakota","McCook County",5,42,75,41,34
050,46,087,"South Dakota","McCook County",5,43,72,37,35
050,46,087,"South Dakota","McCook County",5,44,59,39,20
050,46,087,"South Dakota","McCook County",5,45,69,37,32
050,46,087,"South Dakota","McCook County",5,46,61,30,31
050,46,087,"South Dakota","McCook County",5,47,62,34,28
050,46,087,"South Dakota","McCook County",5,48,61,30,31
050,46,087,"South Dakota","McCook County",5,49,63,31,32
050,46,087,"South Dakota","McCook County",5,50,67,32,35
050,46,087,"South Dakota","McCook County",5,51,63,31,32
050,46,087,"South Dakota","McCook County",5,52,65,29,36
050,46,087,"South Dakota","McCook County",5,53,69,40,29
050,46,087,"South Dakota","McCook County",5,54,70,40,30
050,46,087,"South Dakota","McCook County",5,55,65,39,26
050,46,087,"South Dakota","McCook County",5,56,61,39,22
050,46,087,"South Dakota","McCook County",5,57,66,34,32
050,46,087,"South Dakota","McCook County",5,58,71,40,31
050,46,087,"South Dakota","McCook County",5,59,67,38,29
050,46,087,"South Dakota","McCook County",5,60,64,26,38
050,46,087,"South Dakota","McCook County",5,61,77,36,41
050,46,087,"South Dakota","McCook County",5,62,87,45,42
050,46,087,"South Dakota","McCook County",5,63,80,47,33
050,46,087,"South Dakota","McCook County",5,64,80,48,32
050,46,087,"South Dakota","McCook County",5,65,84,48,36
050,46,087,"South Dakota","McCook County",5,66,77,37,40
050,46,087,"South Dakota","McCook County",5,67,81,40,41
050,46,087,"South Dakota","McCook County",5,68,81,40,41
050,46,087,"South Dakota","McCook County",5,69,69,33,36
050,46,087,"South Dakota","McCook County",5,70,64,31,33
050,46,087,"South Dakota","McCook County",5,71,67,35,32
050,46,087,"South Dakota","McCook County",5,72,59,27,32
050,46,087,"South Dakota","McCook County",5,73,48,22,26
050,46,087,"South Dakota","McCook County",5,74,44,22,22
050,46,087,"South Dakota","McCook County",5,75,40,18,22
050,46,087,"South Dakota","McCook County",5,76,42,21,21
050,46,087,"South Dakota","McCook County",5,77,38,20,18
050,46,087,"South Dakota","McCook County",5,78,24,12,12
050,46,087,"South Dakota","McCook County",5,79,27,11,16
050,46,087,"South Dakota","McCook County",5,80,28,11,17
050,46,087,"South Dakota","McCook County",5,81,31,13,18
050,46,087,"South Dakota","McCook County",5,82,28,14,14
050,46,087,"South Dakota","McCook County",5,83,30,14,16
050,46,087,"South Dakota","McCook County",5,84,28,14,14
050,46,087,"South Dakota","McCook County",5,85,105,30,75
050,46,089,"South Dakota","McPherson County",1,0,28,14,14
050,46,089,"South Dakota","McPherson County",1,1,28,13,15
050,46,089,"South Dakota","McPherson County",1,2,26,13,13
050,46,089,"South Dakota","McPherson County",1,3,32,13,19
050,46,089,"South Dakota","McPherson County",1,4,27,15,12
050,46,089,"South Dakota","McPherson County",1,5,31,18,13
050,46,089,"South Dakota","McPherson County",1,6,39,22,17
050,46,089,"South Dakota","McPherson County",1,7,35,16,19
050,46,089,"South Dakota","McPherson County",1,8,28,14,14
050,46,089,"South Dakota","McPherson County",1,9,35,17,18
050,46,089,"South Dakota","McPherson County",1,10,32,14,18
050,46,089,"South Dakota","McPherson County",1,11,34,18,16
050,46,089,"South Dakota","McPherson County",1,12,26,15,11
050,46,089,"South Dakota","McPherson County",1,13,31,17,14
050,46,089,"South Dakota","McPherson County",1,14,31,21,10
050,46,089,"South Dakota","McPherson County",1,15,29,14,15
050,46,089,"South Dakota","McPherson County",1,16,27,15,12
050,46,089,"South Dakota","McPherson County",1,17,28,14,14
050,46,089,"South Dakota","McPherson County",1,18,23,9,14
050,46,089,"South Dakota","McPherson County",1,19,24,14,10
050,46,089,"South Dakota","McPherson County",1,20,18,9,9
050,46,089,"South Dakota","McPherson County",1,21,20,8,12
050,46,089,"South Dakota","McPherson County",1,22,21,11,10
050,46,089,"South Dakota","McPherson County",1,23,15,10,5
050,46,089,"South Dakota","McPherson County",1,24,16,7,9
050,46,089,"South Dakota","McPherson County",1,25,22,12,10
050,46,089,"South Dakota","McPherson County",1,26,18,13,5
050,46,089,"South Dakota","McPherson County",1,27,15,9,6
050,46,089,"South Dakota","McPherson County",1,28,23,12,11
050,46,089,"South Dakota","McPherson County",1,29,21,9,12
050,46,089,"South Dakota","McPherson County",1,30,17,9,8
050,46,089,"South Dakota","McPherson County",1,31,22,9,13
050,46,089,"South Dakota","McPherson County",1,32,17,8,9
050,46,089,"South Dakota","McPherson County",1,33,21,10,11
050,46,089,"South Dakota","McPherson County",1,34,25,14,11
050,46,089,"South Dakota","McPherson County",1,35,20,11,9
050,46,089,"South Dakota","McPherson County",1,36,23,12,11
050,46,089,"South Dakota","McPherson County",1,37,23,8,15
050,46,089,"South Dakota","McPherson County",1,38,31,17,14
050,46,089,"South Dakota","McPherson County",1,39,21,12,9
050,46,089,"South Dakota","McPherson County",1,40,22,15,7
050,46,089,"South Dakota","McPherson County",1,41,22,12,10
050,46,089,"South Dakota","McPherson County",1,42,20,11,9
050,46,089,"South Dakota","McPherson County",1,43,21,13,8
050,46,089,"South Dakota","McPherson County",1,44,25,13,12
050,46,089,"South Dakota","McPherson County",1,45,25,9,16
050,46,089,"South Dakota","McPherson County",1,46,19,11,8
050,46,089,"South Dakota","McPherson County",1,47,19,7,12
050,46,089,"South Dakota","McPherson County",1,48,26,9,17
050,46,089,"South Dakota","McPherson County",1,49,25,13,12
050,46,089,"South Dakota","McPherson County",1,50,22,11,11
050,46,089,"South Dakota","McPherson County",1,51,23,10,13
050,46,089,"South Dakota","McPherson County",1,52,25,13,12
050,46,089,"South Dakota","McPherson County",1,53,28,15,13
050,46,089,"South Dakota","McPherson County",1,54,21,8,13
050,46,089,"South Dakota","McPherson County",1,55,28,13,15
050,46,089,"South Dakota","McPherson County",1,56,33,18,15
050,46,089,"South Dakota","McPherson County",1,57,39,22,17
050,46,089,"South Dakota","McPherson County",1,58,28,14,14
050,46,089,"South Dakota","McPherson County",1,59,31,16,15
050,46,089,"South Dakota","McPherson County",1,60,34,22,12
050,46,089,"South Dakota","McPherson County",1,61,40,22,18
050,46,089,"South Dakota","McPherson County",1,62,45,23,22
050,46,089,"South Dakota","McPherson County",1,63,45,21,24
050,46,089,"South Dakota","McPherson County",1,64,33,19,14
050,46,089,"South Dakota","McPherson County",1,65,38,20,18
050,46,089,"South Dakota","McPherson County",1,66,34,17,17
050,46,089,"South Dakota","McPherson County",1,67,41,21,20
050,46,089,"South Dakota","McPherson County",1,68,41,20,21
050,46,089,"South Dakota","McPherson County",1,69,38,22,16
050,46,089,"South Dakota","McPherson County",1,70,29,14,15
050,46,089,"South Dakota","McPherson County",1,71,29,14,15
050,46,089,"South Dakota","McPherson County",1,72,31,17,14
050,46,089,"South Dakota","McPherson County",1,73,27,17,10
050,46,089,"South Dakota","McPherson County",1,74,25,9,16
050,46,089,"South Dakota","McPherson County",1,75,21,11,10
050,46,089,"South Dakota","McPherson County",1,76,23,9,14
050,46,089,"South Dakota","McPherson County",1,77,24,12,12
050,46,089,"South Dakota","McPherson County",1,78,26,10,16
050,46,089,"South Dakota","McPherson County",1,79,16,7,9
050,46,089,"South Dakota","McPherson County",1,80,19,11,8
050,46,089,"South Dakota","McPherson County",1,81,28,13,15
050,46,089,"South Dakota","McPherson County",1,82,23,10,13
050,46,089,"South Dakota","McPherson County",1,83,19,9,10
050,46,089,"South Dakota","McPherson County",1,84,25,12,13
050,46,089,"South Dakota","McPherson County",1,85,150,45,105
050,46,089,"South Dakota","McPherson County",2,0,27,16,11
050,46,089,"South Dakota","McPherson County",2,1,28,13,15
050,46,089,"South Dakota","McPherson County",2,2,27,14,13
050,46,089,"South Dakota","McPherson County",2,3,31,13,18
050,46,089,"South Dakota","McPherson County",2,4,28,14,14
050,46,089,"South Dakota","McPherson County",2,5,29,17,12
050,46,089,"South Dakota","McPherson County",2,6,37,21,16
050,46,089,"South Dakota","McPherson County",2,7,35,17,18
050,46,089,"South Dakota","McPherson County",2,8,28,14,14
050,46,089,"South Dakota","McPherson County",2,9,33,16,17
050,46,089,"South Dakota","McPherson County",2,10,34,15,19
050,46,089,"South Dakota","McPherson County",2,11,34,17,17
050,46,089,"South Dakota","McPherson County",2,12,29,17,12
050,46,089,"South Dakota","McPherson County",2,13,29,16,13
050,46,089,"South Dakota","McPherson County",2,14,31,20,11
050,46,089,"South Dakota","McPherson County",2,15,28,15,13
050,46,089,"South Dakota","McPherson County",2,16,27,15,12
050,46,089,"South Dakota","McPherson County",2,17,27,13,14
050,46,089,"South Dakota","McPherson County",2,18,24,10,14
050,46,089,"South Dakota","McPherson County",2,19,22,12,10
050,46,089,"South Dakota","McPherson County",2,20,20,10,10
050,46,089,"South Dakota","McPherson County",2,21,21,9,12
050,46,089,"South Dakota","McPherson County",2,22,21,10,11
050,46,089,"South Dakota","McPherson County",2,23,16,10,6
050,46,089,"South Dakota","McPherson County",2,24,18,9,9
050,46,089,"South Dakota","McPherson County",2,25,19,10,9
050,46,089,"South Dakota","McPherson County",2,26,19,13,6
050,46,089,"South Dakota","McPherson County",2,27,16,10,6
050,46,089,"South Dakota","McPherson County",2,28,22,12,10
050,46,089,"South Dakota","McPherson County",2,29,21,10,11
050,46,089,"South Dakota","McPherson County",2,30,18,9,9
050,46,089,"South Dakota","McPherson County",2,31,21,10,11
050,46,089,"South Dakota","McPherson County",2,32,17,8,9
050,46,089,"South Dakota","McPherson County",2,33,20,10,10
050,46,089,"South Dakota","McPherson County",2,34,25,14,11
050,46,089,"South Dakota","McPherson County",2,35,21,11,10
050,46,089,"South Dakota","McPherson County",2,36,21,11,10
050,46,089,"South Dakota","McPherson County",2,37,24,10,14
050,46,089,"South Dakota","McPherson County",2,38,28,14,14
050,46,089,"South Dakota","McPherson County",2,39,23,13,10
050,46,089,"South Dakota","McPherson County",2,40,22,15,7
050,46,089,"South Dakota","McPherson County",2,41,21,13,8
050,46,089,"South Dakota","McPherson County",2,42,22,12,10
050,46,089,"South Dakota","McPherson County",2,43,20,12,8
050,46,089,"South Dakota","McPherson County",2,44,24,13,11
050,46,089,"South Dakota","McPherson County",2,45,25,10,15
050,46,089,"South Dakota","McPherson County",2,46,19,10,9
050,46,089,"South Dakota","McPherson County",2,47,19,8,11
050,46,089,"South Dakota","McPherson County",2,48,24,9,15
050,46,089,"South Dakota","McPherson County",2,49,26,12,14
050,46,089,"South Dakota","McPherson County",2,50,22,11,11
050,46,089,"South Dakota","McPherson County",2,51,22,10,12
050,46,089,"South Dakota","McPherson County",2,52,24,12,12
050,46,089,"South Dakota","McPherson County",2,53,28,15,13
050,46,089,"South Dakota","McPherson County",2,54,23,10,13
050,46,089,"South Dakota","McPherson County",2,55,27,12,15
050,46,089,"South Dakota","McPherson County",2,56,33,18,15
050,46,089,"South Dakota","McPherson County",2,57,36,20,16
050,46,089,"South Dakota","McPherson County",2,58,31,16,15
050,46,089,"South Dakota","McPherson County",2,59,30,15,15
050,46,089,"South Dakota","McPherson County",2,60,33,21,12
050,46,089,"South Dakota","McPherson County",2,61,39,22,17
050,46,089,"South Dakota","McPherson County",2,62,44,23,21
050,46,089,"South Dakota","McPherson County",2,63,46,22,24
050,46,089,"South Dakota","McPherson County",2,64,37,20,17
050,46,089,"South Dakota","McPherson County",2,65,37,20,17
050,46,089,"South Dakota","McPherson County",2,66,35,18,17
050,46,089,"South Dakota","McPherson County",2,67,40,20,20
050,46,089,"South Dakota","McPherson County",2,68,40,20,20
050,46,089,"South Dakota","McPherson County",2,69,38,21,17
050,46,089,"South Dakota","McPherson County",2,70,31,16,15
050,46,089,"South Dakota","McPherson County",2,71,29,14,15
050,46,089,"South Dakota","McPherson County",2,72,29,16,13
050,46,089,"South Dakota","McPherson County",2,73,29,18,11
050,46,089,"South Dakota","McPherson County",2,74,25,11,14
050,46,089,"South Dakota","McPherson County",2,75,21,10,11
050,46,089,"South Dakota","McPherson County",2,76,22,9,13
050,46,089,"South Dakota","McPherson County",2,77,25,12,13
050,46,089,"South Dakota","McPherson County",2,78,25,10,15
050,46,089,"South Dakota","McPherson County",2,79,17,7,10
050,46,089,"South Dakota","McPherson County",2,80,18,10,8
050,46,089,"South Dakota","McPherson County",2,81,27,13,14
050,46,089,"South Dakota","McPherson County",2,82,24,11,13
050,46,089,"South Dakota","McPherson County",2,83,18,8,10
050,46,089,"South Dakota","McPherson County",2,84,24,11,13
050,46,089,"South Dakota","McPherson County",2,85,152,46,106
050,46,089,"South Dakota","McPherson County",3,0,26,12,14
050,46,089,"South Dakota","McPherson County",3,1,25,13,12
050,46,089,"South Dakota","McPherson County",3,2,30,15,15
050,46,089,"South Dakota","McPherson County",3,3,29,14,15
050,46,089,"South Dakota","McPherson County",3,4,32,15,17
050,46,089,"South Dakota","McPherson County",3,5,27,15,12
050,46,089,"South Dakota","McPherson County",3,6,30,15,15
050,46,089,"South Dakota","McPherson County",3,7,39,22,17
050,46,089,"South Dakota","McPherson County",3,8,35,17,18
050,46,089,"South Dakota","McPherson County",3,9,31,15,16
050,46,089,"South Dakota","McPherson County",3,10,33,17,16
050,46,089,"South Dakota","McPherson County",3,11,33,14,19
050,46,089,"South Dakota","McPherson County",3,12,37,21,16
050,46,089,"South Dakota","McPherson County",3,13,30,17,13
050,46,089,"South Dakota","McPherson County",3,14,30,14,16
050,46,089,"South Dakota","McPherson County",3,15,30,18,12
050,46,089,"South Dakota","McPherson County",3,16,27,13,14
050,46,089,"South Dakota","McPherson County",3,17,24,12,12
050,46,089,"South Dakota","McPherson County",3,18,23,10,13
050,46,089,"South Dakota","McPherson County",3,19,16,7,9
050,46,089,"South Dakota","McPherson County",3,20,21,11,10
050,46,089,"South Dakota","McPherson County",3,21,17,10,7
050,46,089,"South Dakota","McPherson County",3,22,16,7,9
050,46,089,"South Dakota","McPherson County",3,23,19,8,11
050,46,089,"South Dakota","McPherson County",3,24,20,13,7
050,46,089,"South Dakota","McPherson County",3,25,17,9,8
050,46,089,"South Dakota","McPherson County",3,26,20,9,11
050,46,089,"South Dakota","McPherson County",3,27,23,17,6
050,46,089,"South Dakota","McPherson County",3,28,18,10,8
050,46,089,"South Dakota","McPherson County",3,29,21,12,9
050,46,089,"South Dakota","McPherson County",3,30,20,9,11
050,46,089,"South Dakota","McPherson County",3,31,21,9,12
050,46,089,"South Dakota","McPherson County",3,32,21,10,11
050,46,089,"South Dakota","McPherson County",3,33,18,9,9
050,46,089,"South Dakota","McPherson County",3,34,21,9,12
050,46,089,"South Dakota","McPherson County",3,35,28,16,12
050,46,089,"South Dakota","McPherson County",3,36,23,13,10
050,46,089,"South Dakota","McPherson County",3,37,20,9,11
050,46,089,"South Dakota","McPherson County",3,38,28,12,16
050,46,089,"South Dakota","McPherson County",3,39,28,14,14
050,46,089,"South Dakota","McPherson County",3,40,26,16,10
050,46,089,"South Dakota","McPherson County",3,41,24,17,7
050,46,089,"South Dakota","McPherson County",3,42,18,10,8
050,46,089,"South Dakota","McPherson County",3,43,20,10,10
050,46,089,"South Dakota","McPherson County",3,44,20,14,6
050,46,089,"South Dakota","McPherson County",3,45,23,12,11
050,46,089,"South Dakota","McPherson County",3,46,23,10,13
050,46,089,"South Dakota","McPherson County",3,47,21,11,10
050,46,089,"South Dakota","McPherson County",3,48,21,10,11
050,46,089,"South Dakota","McPherson County",3,49,23,9,14
050,46,089,"South Dakota","McPherson County",3,50,25,11,14
050,46,089,"South Dakota","McPherson County",3,51,25,12,13
050,46,089,"South Dakota","McPherson County",3,52,24,11,13
050,46,089,"South Dakota","McPherson County",3,53,23,11,12
050,46,089,"South Dakota","McPherson County",3,54,26,16,10
050,46,089,"South Dakota","McPherson County",3,55,24,10,14
050,46,089,"South Dakota","McPherson County",3,56,29,14,15
050,46,089,"South Dakota","McPherson County",3,57,34,20,14
050,46,089,"South Dakota","McPherson County",3,58,35,18,17
050,46,089,"South Dakota","McPherson County",3,59,33,18,15
050,46,089,"South Dakota","McPherson County",3,60,33,18,15
050,46,089,"South Dakota","McPherson County",3,61,32,20,12
050,46,089,"South Dakota","McPherson County",3,62,42,25,17
050,46,089,"South Dakota","McPherson County",3,63,43,22,21
050,46,089,"South Dakota","McPherson County",3,64,48,23,25
050,46,089,"South Dakota","McPherson County",3,65,39,21,18
050,46,089,"South Dakota","McPherson County",3,66,37,19,18
050,46,089,"South Dakota","McPherson County",3,67,40,20,20
050,46,089,"South Dakota","McPherson County",3,68,36,18,18
050,46,089,"South Dakota","McPherson County",3,69,39,19,20
050,46,089,"South Dakota","McPherson County",3,70,35,20,15
050,46,089,"South Dakota","McPherson County",3,71,31,17,14
050,46,089,"South Dakota","McPherson County",3,72,27,11,16
050,46,089,"South Dakota","McPherson County",3,73,28,16,12
050,46,089,"South Dakota","McPherson County",3,74,29,17,12
050,46,089,"South Dakota","McPherson County",3,75,22,9,13
050,46,089,"South Dakota","McPherson County",3,76,22,11,11
050,46,089,"South Dakota","McPherson County",3,77,26,12,14
050,46,089,"South Dakota","McPherson County",3,78,23,10,13
050,46,089,"South Dakota","McPherson County",3,79,25,9,16
050,46,089,"South Dakota","McPherson County",3,80,15,6,9
050,46,089,"South Dakota","McPherson County",3,81,22,10,12
050,46,089,"South Dakota","McPherson County",3,82,22,13,9
050,46,089,"South Dakota","McPherson County",3,83,19,9,10
050,46,089,"South Dakota","McPherson County",3,84,19,7,12
050,46,089,"South Dakota","McPherson County",3,85,158,51,107
050,46,089,"South Dakota","McPherson County",4,0,25,16,9
050,46,089,"South Dakota","McPherson County",4,1,19,4,15
050,46,089,"South Dakota","McPherson County",4,2,24,15,9
050,46,089,"South Dakota","McPherson County",4,3,26,14,12
050,46,089,"South Dakota","McPherson County",4,4,32,13,19
050,46,089,"South Dakota","McPherson County",4,5,30,16,14
050,46,089,"South Dakota","McPherson County",4,6,27,13,14
050,46,089,"South Dakota","McPherson County",4,7,29,15,14
050,46,089,"South Dakota","McPherson County",4,8,38,21,17
050,46,089,"South Dakota","McPherson County",4,9,41,19,22
050,46,089,"South Dakota","McPherson County",4,10,30,16,14
050,46,089,"South Dakota","McPherson County",4,11,33,15,18
050,46,089,"South Dakota","McPherson County",4,12,35,17,18
050,46,089,"South Dakota","McPherson County",4,13,35,18,17
050,46,089,"South Dakota","McPherson County",4,14,29,17,12
050,46,089,"South Dakota","McPherson County",4,15,28,12,16
050,46,089,"South Dakota","McPherson County",4,16,28,18,10
050,46,089,"South Dakota","McPherson County",4,17,30,14,16
050,46,089,"South Dakota","McPherson County",4,18,24,13,11
050,46,089,"South Dakota","McPherson County",4,19,18,8,10
050,46,089,"South Dakota","McPherson County",4,20,14,6,8
050,46,089,"South Dakota","McPherson County",4,21,23,11,12
050,46,089,"South Dakota","McPherson County",4,22,20,11,9
050,46,089,"South Dakota","McPherson County",4,23,18,9,9
050,46,089,"South Dakota","McPherson County",4,24,21,11,10
050,46,089,"South Dakota","McPherson County",4,25,16,10,6
050,46,089,"South Dakota","McPherson County",4,26,20,12,8
050,46,089,"South Dakota","McPherson County",4,27,19,10,9
050,46,089,"South Dakota","McPherson County",4,28,22,16,6
050,46,089,"South Dakota","McPherson County",4,29,17,10,7
050,46,089,"South Dakota","McPherson County",4,30,21,12,9
050,46,089,"South Dakota","McPherson County",4,31,20,10,10
050,46,089,"South Dakota","McPherson County",4,32,18,7,11
050,46,089,"South Dakota","McPherson County",4,33,21,10,11
050,46,089,"South Dakota","McPherson County",4,34,20,9,11
050,46,089,"South Dakota","McPherson County",4,35,20,9,11
050,46,089,"South Dakota","McPherson County",4,36,28,16,12
050,46,089,"South Dakota","McPherson County",4,37,24,14,10
050,46,089,"South Dakota","McPherson County",4,38,20,9,11
050,46,089,"South Dakota","McPherson County",4,39,23,9,14
050,46,089,"South Dakota","McPherson County",4,40,30,16,14
050,46,089,"South Dakota","McPherson County",4,41,25,15,10
050,46,089,"South Dakota","McPherson County",4,42,24,16,8
050,46,089,"South Dakota","McPherson County",4,43,17,9,8
050,46,089,"South Dakota","McPherson County",4,44,24,11,13
050,46,089,"South Dakota","McPherson County",4,45,18,12,6
050,46,089,"South Dakota","McPherson County",4,46,23,12,11
050,46,089,"South Dakota","McPherson County",4,47,24,10,14
050,46,089,"South Dakota","McPherson County",4,48,22,12,10
050,46,089,"South Dakota","McPherson County",4,49,24,13,11
050,46,089,"South Dakota","McPherson County",4,50,23,8,15
050,46,089,"South Dakota","McPherson County",4,51,25,12,13
050,46,089,"South Dakota","McPherson County",4,52,26,12,14
050,46,089,"South Dakota","McPherson County",4,53,23,10,13
050,46,089,"South Dakota","McPherson County",4,54,23,11,12
050,46,089,"South Dakota","McPherson County",4,55,26,16,10
050,46,089,"South Dakota","McPherson County",4,56,26,11,15
050,46,089,"South Dakota","McPherson County",4,57,30,15,15
050,46,089,"South Dakota","McPherson County",4,58,33,18,15
050,46,089,"South Dakota","McPherson County",4,59,34,17,17
050,46,089,"South Dakota","McPherson County",4,60,34,20,14
050,46,089,"South Dakota","McPherson County",4,61,33,18,15
050,46,089,"South Dakota","McPherson County",4,62,34,22,12
050,46,089,"South Dakota","McPherson County",4,63,44,27,17
050,46,089,"South Dakota","McPherson County",4,64,39,21,18
050,46,089,"South Dakota","McPherson County",4,65,50,24,26
050,46,089,"South Dakota","McPherson County",4,66,37,19,18
050,46,089,"South Dakota","McPherson County",4,67,43,22,21
050,46,089,"South Dakota","McPherson County",4,68,36,18,18
050,46,089,"South Dakota","McPherson County",4,69,36,17,19
050,46,089,"South Dakota","McPherson County",4,70,37,19,18
050,46,089,"South Dakota","McPherson County",4,71,37,22,15
050,46,089,"South Dakota","McPherson County",4,72,30,15,15
050,46,089,"South Dakota","McPherson County",4,73,26,10,16
050,46,089,"South Dakota","McPherson County",4,74,30,16,14
050,46,089,"South Dakota","McPherson County",4,75,25,15,10
050,46,089,"South Dakota","McPherson County",4,76,21,9,12
050,46,089,"South Dakota","McPherson County",4,77,25,14,11
050,46,089,"South Dakota","McPherson County",4,78,24,9,15
050,46,089,"South Dakota","McPherson County",4,79,19,7,12
050,46,089,"South Dakota","McPherson County",4,80,21,9,12
050,46,089,"South Dakota","McPherson County",4,81,20,7,13
050,46,089,"South Dakota","McPherson County",4,82,19,11,8
050,46,089,"South Dakota","McPherson County",4,83,18,11,7
050,46,089,"South Dakota","McPherson County",4,84,21,9,12
050,46,089,"South Dakota","McPherson County",4,85,151,48,103
050,46,089,"South Dakota","McPherson County",5,0,22,14,8
050,46,089,"South Dakota","McPherson County",5,1,24,14,10
050,46,089,"South Dakota","McPherson County",5,2,16,3,13
050,46,089,"South Dakota","McPherson County",5,3,26,15,11
050,46,089,"South Dakota","McPherson County",5,4,30,15,15
050,46,089,"South Dakota","McPherson County",5,5,27,12,15
050,46,089,"South Dakota","McPherson County",5,6,31,15,16
050,46,089,"South Dakota","McPherson County",5,7,26,12,14
050,46,089,"South Dakota","McPherson County",5,8,27,15,12
050,46,089,"South Dakota","McPherson County",5,9,36,18,18
050,46,089,"South Dakota","McPherson County",5,10,38,20,18
050,46,089,"South Dakota","McPherson County",5,11,30,14,16
050,46,089,"South Dakota","McPherson County",5,12,33,16,17
050,46,089,"South Dakota","McPherson County",5,13,32,13,19
050,46,089,"South Dakota","McPherson County",5,14,32,18,14
050,46,089,"South Dakota","McPherson County",5,15,26,14,12
050,46,089,"South Dakota","McPherson County",5,16,28,13,15
050,46,089,"South Dakota","McPherson County",5,17,24,14,10
050,46,089,"South Dakota","McPherson County",5,18,22,9,13
050,46,089,"South Dakota","McPherson County",5,19,18,10,8
050,46,089,"South Dakota","McPherson County",5,20,19,8,11
050,46,089,"South Dakota","McPherson County",5,21,15,7,8
050,46,089,"South Dakota","McPherson County",5,22,27,12,15
050,46,089,"South Dakota","McPherson County",5,23,20,13,7
050,46,089,"South Dakota","McPherson County",5,24,17,10,7
050,46,089,"South Dakota","McPherson County",5,25,16,10,6
050,46,089,"South Dakota","McPherson County",5,26,13,8,5
050,46,089,"South Dakota","McPherson County",5,27,21,11,10
050,46,089,"South Dakota","McPherson County",5,28,23,13,10
050,46,089,"South Dakota","McPherson County",5,29,22,17,5
050,46,089,"South Dakota","McPherson County",5,30,18,9,9
050,46,089,"South Dakota","McPherson County",5,31,26,15,11
050,46,089,"South Dakota","McPherson County",5,32,20,9,11
050,46,089,"South Dakota","McPherson County",5,33,19,8,11
050,46,089,"South Dakota","McPherson County",5,34,23,10,13
050,46,089,"South Dakota","McPherson County",5,35,17,9,8
050,46,089,"South Dakota","McPherson County",5,36,18,9,9
050,46,089,"South Dakota","McPherson County",5,37,30,17,13
050,46,089,"South Dakota","McPherson County",5,38,26,16,10
050,46,089,"South Dakota","McPherson County",5,39,17,6,11
050,46,089,"South Dakota","McPherson County",5,40,25,12,13
050,46,089,"South Dakota","McPherson County",5,41,29,15,14
050,46,089,"South Dakota","McPherson County",5,42,25,13,12
050,46,089,"South Dakota","McPherson County",5,43,23,15,8
050,46,089,"South Dakota","McPherson County",5,44,17,10,7
050,46,089,"South Dakota","McPherson County",5,45,22,11,11
050,46,089,"South Dakota","McPherson County",5,46,17,11,6
050,46,089,"South Dakota","McPherson County",5,47,21,12,9
050,46,089,"South Dakota","McPherson County",5,48,25,12,13
050,46,089,"South Dakota","McPherson County",5,49,22,13,9
050,46,089,"South Dakota","McPherson County",5,50,21,11,10
050,46,089,"South Dakota","McPherson County",5,51,23,9,14
050,46,089,"South Dakota","McPherson County",5,52,26,12,14
050,46,089,"South Dakota","McPherson County",5,53,24,11,13
050,46,089,"South Dakota","McPherson County",5,54,22,10,12
050,46,089,"South Dakota","McPherson County",5,55,24,11,13
050,46,089,"South Dakota","McPherson County",5,56,27,17,10
050,46,089,"South Dakota","McPherson County",5,57,26,13,13
050,46,089,"South Dakota","McPherson County",5,58,31,14,17
050,46,089,"South Dakota","McPherson County",5,59,32,18,14
050,46,089,"South Dakota","McPherson County",5,60,33,18,15
050,46,089,"South Dakota","McPherson County",5,61,33,19,14
050,46,089,"South Dakota","McPherson County",5,62,34,19,15
050,46,089,"South Dakota","McPherson County",5,63,33,21,12
050,46,089,"South Dakota","McPherson County",5,64,41,25,16
050,46,089,"South Dakota","McPherson County",5,65,39,23,16
050,46,089,"South Dakota","McPherson County",5,66,50,22,28
050,46,089,"South Dakota","McPherson County",5,67,37,19,18
050,46,089,"South Dakota","McPherson County",5,68,39,20,19
050,46,089,"South Dakota","McPherson County",5,69,37,17,20
050,46,089,"South Dakota","McPherson County",5,70,33,18,15
050,46,089,"South Dakota","McPherson County",5,71,37,20,17
050,46,089,"South Dakota","McPherson County",5,72,35,21,14
050,46,089,"South Dakota","McPherson County",5,73,26,14,12
050,46,089,"South Dakota","McPherson County",5,74,29,11,18
050,46,089,"South Dakota","McPherson County",5,75,26,13,13
050,46,089,"South Dakota","McPherson County",5,76,25,15,10
050,46,089,"South Dakota","McPherson County",5,77,24,12,12
050,46,089,"South Dakota","McPherson County",5,78,23,11,12
050,46,089,"South Dakota","McPherson County",5,79,21,8,13
050,46,089,"South Dakota","McPherson County",5,80,16,7,9
050,46,089,"South Dakota","McPherson County",5,81,26,10,16
050,46,089,"South Dakota","McPherson County",5,82,15,7,8
050,46,089,"South Dakota","McPherson County",5,83,14,8,6
050,46,089,"South Dakota","McPherson County",5,84,19,11,8
050,46,089,"South Dakota","McPherson County",5,85,152,50,102
050,46,091,"South Dakota","Marshall County",1,0,67,31,36
050,46,091,"South Dakota","Marshall County",1,1,54,30,24
050,46,091,"South Dakota","Marshall County",1,2,61,34,27
050,46,091,"South Dakota","Marshall County",1,3,67,33,34
050,46,091,"South Dakota","Marshall County",1,4,59,30,29
050,46,091,"South Dakota","Marshall County",1,5,68,37,31
050,46,091,"South Dakota","Marshall County",1,6,55,26,29
050,46,091,"South Dakota","Marshall County",1,7,52,22,30
050,46,091,"South Dakota","Marshall County",1,8,50,27,23
050,46,091,"South Dakota","Marshall County",1,9,51,28,23
050,46,091,"South Dakota","Marshall County",1,10,51,24,27
050,46,091,"South Dakota","Marshall County",1,11,55,25,30
050,46,091,"South Dakota","Marshall County",1,12,53,24,29
050,46,091,"South Dakota","Marshall County",1,13,55,26,29
050,46,091,"South Dakota","Marshall County",1,14,45,22,23
050,46,091,"South Dakota","Marshall County",1,15,53,28,25
050,46,091,"South Dakota","Marshall County",1,16,54,30,24
050,46,091,"South Dakota","Marshall County",1,17,47,31,16
050,46,091,"South Dakota","Marshall County",1,18,45,26,19
050,46,091,"South Dakota","Marshall County",1,19,34,17,17
050,46,091,"South Dakota","Marshall County",1,20,37,23,14
050,46,091,"South Dakota","Marshall County",1,21,33,20,13
050,46,091,"South Dakota","Marshall County",1,22,40,24,16
050,46,091,"South Dakota","Marshall County",1,23,43,21,22
050,46,091,"South Dakota","Marshall County",1,24,41,23,18
050,46,091,"South Dakota","Marshall County",1,25,43,22,21
050,46,091,"South Dakota","Marshall County",1,26,48,29,19
050,46,091,"South Dakota","Marshall County",1,27,51,27,24
050,46,091,"South Dakota","Marshall County",1,28,48,26,22
050,46,091,"South Dakota","Marshall County",1,29,35,20,15
050,46,091,"South Dakota","Marshall County",1,30,42,21,21
050,46,091,"South Dakota","Marshall County",1,31,50,25,25
050,46,091,"South Dakota","Marshall County",1,32,42,26,16
050,46,091,"South Dakota","Marshall County",1,33,54,33,21
050,46,091,"South Dakota","Marshall County",1,34,73,49,24
050,46,091,"South Dakota","Marshall County",1,35,60,35,25
050,46,091,"South Dakota","Marshall County",1,36,43,21,22
050,46,091,"South Dakota","Marshall County",1,37,52,27,25
050,46,091,"South Dakota","Marshall County",1,38,49,29,20
050,46,091,"South Dakota","Marshall County",1,39,53,34,19
050,46,091,"South Dakota","Marshall County",1,40,42,25,17
050,46,091,"South Dakota","Marshall County",1,41,46,24,22
050,46,091,"South Dakota","Marshall County",1,42,45,25,20
050,46,091,"South Dakota","Marshall County",1,43,45,24,21
050,46,091,"South Dakota","Marshall County",1,44,42,29,13
050,46,091,"South Dakota","Marshall County",1,45,41,28,13
050,46,091,"South Dakota","Marshall County",1,46,38,24,14
050,46,091,"South Dakota","Marshall County",1,47,32,17,15
050,46,091,"South Dakota","Marshall County",1,48,41,22,19
050,46,091,"South Dakota","Marshall County",1,49,49,32,17
050,46,091,"South Dakota","Marshall County",1,50,44,25,19
050,46,091,"South Dakota","Marshall County",1,51,47,25,22
050,46,091,"South Dakota","Marshall County",1,52,44,20,24
050,46,091,"South Dakota","Marshall County",1,53,47,28,19
050,46,091,"South Dakota","Marshall County",1,54,61,32,29
050,46,091,"South Dakota","Marshall County",1,55,66,34,32
050,46,091,"South Dakota","Marshall County",1,56,67,32,35
050,46,091,"South Dakota","Marshall County",1,57,66,36,30
050,46,091,"South Dakota","Marshall County",1,58,66,37,29
050,46,091,"South Dakota","Marshall County",1,59,73,38,35
050,46,091,"South Dakota","Marshall County",1,60,64,28,36
050,46,091,"South Dakota","Marshall County",1,61,54,25,29
050,46,091,"South Dakota","Marshall County",1,62,64,34,30
050,46,091,"South Dakota","Marshall County",1,63,63,38,25
050,46,091,"South Dakota","Marshall County",1,64,76,44,32
050,46,091,"South Dakota","Marshall County",1,65,80,47,33
050,46,091,"South Dakota","Marshall County",1,66,65,39,26
050,46,091,"South Dakota","Marshall County",1,67,61,37,24
050,46,091,"South Dakota","Marshall County",1,68,61,33,28
050,46,091,"South Dakota","Marshall County",1,69,68,33,35
050,46,091,"South Dakota","Marshall County",1,70,61,33,28
050,46,091,"South Dakota","Marshall County",1,71,50,23,27
050,46,091,"South Dakota","Marshall County",1,72,50,27,23
050,46,091,"South Dakota","Marshall County",1,73,51,27,24
050,46,091,"South Dakota","Marshall County",1,74,34,20,14
050,46,091,"South Dakota","Marshall County",1,75,39,23,16
050,46,091,"South Dakota","Marshall County",1,76,39,19,20
050,46,091,"South Dakota","Marshall County",1,77,28,13,15
050,46,091,"South Dakota","Marshall County",1,78,27,12,15
050,46,091,"South Dakota","Marshall County",1,79,19,8,11
050,46,091,"South Dakota","Marshall County",1,80,29,13,16
050,46,091,"South Dakota","Marshall County",1,81,26,16,10
050,46,091,"South Dakota","Marshall County",1,82,20,12,8
050,46,091,"South Dakota","Marshall County",1,83,20,9,11
050,46,091,"South Dakota","Marshall County",1,84,18,9,9
050,46,091,"South Dakota","Marshall County",1,85,128,39,89
050,46,091,"South Dakota","Marshall County",2,0,68,30,38
050,46,091,"South Dakota","Marshall County",2,1,54,30,24
050,46,091,"South Dakota","Marshall County",2,2,58,33,25
050,46,091,"South Dakota","Marshall County",2,3,64,32,32
050,46,091,"South Dakota","Marshall County",2,4,61,32,29
050,46,091,"South Dakota","Marshall County",2,5,69,38,31
050,46,091,"South Dakota","Marshall County",2,6,56,26,30
050,46,091,"South Dakota","Marshall County",2,7,53,24,29
050,46,091,"South Dakota","Marshall County",2,8,50,27,23
050,46,091,"South Dakota","Marshall County",2,9,50,27,23
050,46,091,"South Dakota","Marshall County",2,10,52,25,27
050,46,091,"South Dakota","Marshall County",2,11,56,26,30
050,46,091,"South Dakota","Marshall County",2,12,54,24,30
050,46,091,"South Dakota","Marshall County",2,13,54,25,29
050,46,091,"South Dakota","Marshall County",2,14,46,22,24
050,46,091,"South Dakota","Marshall County",2,15,51,27,24
050,46,091,"South Dakota","Marshall County",2,16,55,31,24
050,46,091,"South Dakota","Marshall County",2,17,48,31,17
050,46,091,"South Dakota","Marshall County",2,18,46,27,19
050,46,091,"South Dakota","Marshall County",2,19,32,16,16
050,46,091,"South Dakota","Marshall County",2,20,39,23,16
050,46,091,"South Dakota","Marshall County",2,21,33,20,13
050,46,091,"South Dakota","Marshall County",2,22,39,24,15
050,46,091,"South Dakota","Marshall County",2,23,43,21,22
050,46,091,"South Dakota","Marshall County",2,24,41,23,18
050,46,091,"South Dakota","Marshall County",2,25,43,23,20
050,46,091,"South Dakota","Marshall County",2,26,49,29,20
050,46,091,"South Dakota","Marshall County",2,27,50,27,23
050,46,091,"South Dakota","Marshall County",2,28,47,26,21
050,46,091,"South Dakota","Marshall County",2,29,38,20,18
050,46,091,"South Dakota","Marshall County",2,30,40,20,20
050,46,091,"South Dakota","Marshall County",2,31,48,24,24
050,46,091,"South Dakota","Marshall County",2,32,43,26,17
050,46,091,"South Dakota","Marshall County",2,33,52,32,20
050,46,091,"South Dakota","Marshall County",2,34,70,45,25
050,46,091,"South Dakota","Marshall County",2,35,62,37,25
050,46,091,"South Dakota","Marshall County",2,36,45,22,23
050,46,091,"South Dakota","Marshall County",2,37,51,27,24
050,46,091,"South Dakota","Marshall County",2,38,48,28,20
050,46,091,"South Dakota","Marshall County",2,39,51,33,18
050,46,091,"South Dakota","Marshall County",2,40,47,28,19
050,46,091,"South Dakota","Marshall County",2,41,44,23,21
050,46,091,"South Dakota","Marshall County",2,42,45,25,20
050,46,091,"South Dakota","Marshall County",2,43,46,25,21
050,46,091,"South Dakota","Marshall County",2,44,43,29,14
050,46,091,"South Dakota","Marshall County",2,45,41,28,13
050,46,091,"South Dakota","Marshall County",2,46,38,24,14
050,46,091,"South Dakota","Marshall County",2,47,32,18,14
050,46,091,"South Dakota","Marshall County",2,48,38,21,17
050,46,091,"South Dakota","Marshall County",2,49,48,31,17
050,46,091,"South Dakota","Marshall County",2,50,46,27,19
050,46,091,"South Dakota","Marshall County",2,51,46,24,22
050,46,091,"South Dakota","Marshall County",2,52,44,20,24
050,46,091,"South Dakota","Marshall County",2,53,46,26,20
050,46,091,"South Dakota","Marshall County",2,54,57,30,27
050,46,091,"South Dakota","Marshall County",2,55,66,34,32
050,46,091,"South Dakota","Marshall County",2,56,68,33,35
050,46,091,"South Dakota","Marshall County",2,57,67,36,31
050,46,091,"South Dakota","Marshall County",2,58,65,36,29
050,46,091,"South Dakota","Marshall County",2,59,71,38,33
050,46,091,"South Dakota","Marshall County",2,60,66,31,35
050,46,091,"South Dakota","Marshall County",2,61,57,26,31
050,46,091,"South Dakota","Marshall County",2,62,62,32,30
050,46,091,"South Dakota","Marshall County",2,63,64,38,26
050,46,091,"South Dakota","Marshall County",2,64,71,41,30
050,46,091,"South Dakota","Marshall County",2,65,78,46,32
050,46,091,"South Dakota","Marshall County",2,66,69,41,28
050,46,091,"South Dakota","Marshall County",2,67,62,38,24
050,46,091,"South Dakota","Marshall County",2,68,62,35,27
050,46,091,"South Dakota","Marshall County",2,69,67,32,35
050,46,091,"South Dakota","Marshall County",2,70,61,32,29
050,46,091,"South Dakota","Marshall County",2,71,52,25,27
050,46,091,"South Dakota","Marshall County",2,72,49,26,23
050,46,091,"South Dakota","Marshall County",2,73,50,28,22
050,46,091,"South Dakota","Marshall County",2,74,36,21,15
050,46,091,"South Dakota","Marshall County",2,75,38,23,15
050,46,091,"South Dakota","Marshall County",2,76,37,19,18
050,46,091,"South Dakota","Marshall County",2,77,32,15,17
050,46,091,"South Dakota","Marshall County",2,78,27,12,15
050,46,091,"South Dakota","Marshall County",2,79,21,9,12
050,46,091,"South Dakota","Marshall County",2,80,28,12,16
050,46,091,"South Dakota","Marshall County",2,81,25,15,10
050,46,091,"South Dakota","Marshall County",2,82,20,11,9
050,46,091,"South Dakota","Marshall County",2,83,19,9,10
050,46,091,"South Dakota","Marshall County",2,84,18,9,9
050,46,091,"South Dakota","Marshall County",2,85,130,39,91
050,46,091,"South Dakota","Marshall County",3,0,77,40,37
050,46,091,"South Dakota","Marshall County",3,1,67,33,34
050,46,091,"South Dakota","Marshall County",3,2,55,33,22
050,46,091,"South Dakota","Marshall County",3,3,60,32,28
050,46,091,"South Dakota","Marshall County",3,4,58,29,29
050,46,091,"South Dakota","Marshall County",3,5,65,33,32
050,46,091,"South Dakota","Marshall County",3,6,60,26,34
050,46,091,"South Dakota","Marshall County",3,7,59,29,30
050,46,091,"South Dakota","Marshall County",3,8,55,30,25
050,46,091,"South Dakota","Marshall County",3,9,47,24,23
050,46,091,"South Dakota","Marshall County",3,10,55,30,25
050,46,091,"South Dakota","Marshall County",3,11,53,24,29
050,46,091,"South Dakota","Marshall County",3,12,63,28,35
050,46,091,"South Dakota","Marshall County",3,13,54,24,30
050,46,091,"South Dakota","Marshall County",3,14,52,25,27
050,46,091,"South Dakota","Marshall County",3,15,47,22,25
050,46,091,"South Dakota","Marshall County",3,16,57,29,28
050,46,091,"South Dakota","Marshall County",3,17,48,28,20
050,46,091,"South Dakota","Marshall County",3,18,48,31,17
050,46,091,"South Dakota","Marshall County",3,19,35,20,15
050,46,091,"South Dakota","Marshall County",3,20,30,18,12
050,46,091,"South Dakota","Marshall County",3,21,41,24,17
050,46,091,"South Dakota","Marshall County",3,22,30,18,12
050,46,091,"South Dakota","Marshall County",3,23,38,18,20
050,46,091,"South Dakota","Marshall County",3,24,42,26,16
050,46,091,"South Dakota","Marshall County",3,25,43,22,21
050,46,091,"South Dakota","Marshall County",3,26,42,24,18
050,46,091,"South Dakota","Marshall County",3,27,43,27,16
050,46,091,"South Dakota","Marshall County",3,28,48,28,20
050,46,091,"South Dakota","Marshall County",3,29,46,23,23
050,46,091,"South Dakota","Marshall County",3,30,38,20,18
050,46,091,"South Dakota","Marshall County",3,31,42,19,23
050,46,091,"South Dakota","Marshall County",3,32,46,24,22
050,46,091,"South Dakota","Marshall County",3,33,39,26,13
050,46,091,"South Dakota","Marshall County",3,34,57,34,23
050,46,091,"South Dakota","Marshall County",3,35,66,40,26
050,46,091,"South Dakota","Marshall County",3,36,62,38,24
050,46,091,"South Dakota","Marshall County",3,37,43,22,21
050,46,091,"South Dakota","Marshall County",3,38,52,28,24
050,46,091,"South Dakota","Marshall County",3,39,48,26,22
050,46,091,"South Dakota","Marshall County",3,40,52,33,19
050,46,091,"South Dakota","Marshall County",3,41,48,26,22
050,46,091,"South Dakota","Marshall County",3,42,42,22,20
050,46,091,"South Dakota","Marshall County",3,43,46,25,21
050,46,091,"South Dakota","Marshall County",3,44,50,28,22
050,46,091,"South Dakota","Marshall County",3,45,43,29,14
050,46,091,"South Dakota","Marshall County",3,46,40,25,15
050,46,091,"South Dakota","Marshall County",3,47,37,24,13
050,46,091,"South Dakota","Marshall County",3,48,31,16,15
050,46,091,"South Dakota","Marshall County",3,49,37,22,15
050,46,091,"South Dakota","Marshall County",3,50,48,30,18
050,46,091,"South Dakota","Marshall County",3,51,51,28,23
050,46,091,"South Dakota","Marshall County",3,52,46,23,23
050,46,091,"South Dakota","Marshall County",3,53,45,22,23
050,46,091,"South Dakota","Marshall County",3,54,50,26,24
050,46,091,"South Dakota","Marshall County",3,55,55,29,26
050,46,091,"South Dakota","Marshall County",3,56,71,36,35
050,46,091,"South Dakota","Marshall County",3,57,70,36,34
050,46,091,"South Dakota","Marshall County",3,58,66,37,29
050,46,091,"South Dakota","Marshall County",3,59,63,35,28
050,46,091,"South Dakota","Marshall County",3,60,70,37,33
050,46,091,"South Dakota","Marshall County",3,61,65,30,35
050,46,091,"South Dakota","Marshall County",3,62,52,25,27
050,46,091,"South Dakota","Marshall County",3,63,66,33,33
050,46,091,"South Dakota","Marshall County",3,64,63,36,27
050,46,091,"South Dakota","Marshall County",3,65,71,42,29
050,46,091,"South Dakota","Marshall County",3,66,76,46,30
050,46,091,"South Dakota","Marshall County",3,67,71,43,28
050,46,091,"South Dakota","Marshall County",3,68,61,37,24
050,46,091,"South Dakota","Marshall County",3,69,62,33,29
050,46,091,"South Dakota","Marshall County",3,70,66,34,32
050,46,091,"South Dakota","Marshall County",3,71,57,29,28
050,46,091,"South Dakota","Marshall County",3,72,53,26,27
050,46,091,"South Dakota","Marshall County",3,73,48,24,24
050,46,091,"South Dakota","Marshall County",3,74,50,27,23
050,46,091,"South Dakota","Marshall County",3,75,35,21,14
050,46,091,"South Dakota","Marshall County",3,76,35,20,15
050,46,091,"South Dakota","Marshall County",3,77,36,19,17
050,46,091,"South Dakota","Marshall County",3,78,36,17,19
050,46,091,"South Dakota","Marshall County",3,79,22,10,12
050,46,091,"South Dakota","Marshall County",3,80,23,8,15
050,46,091,"South Dakota","Marshall County",3,81,25,13,12
050,46,091,"South Dakota","Marshall County",3,82,20,12,8
050,46,091,"South Dakota","Marshall County",3,83,20,9,11
050,46,091,"South Dakota","Marshall County",3,84,16,10,6
050,46,091,"South Dakota","Marshall County",3,85,123,38,85
050,46,091,"South Dakota","Marshall County",4,0,69,38,31
050,46,091,"South Dakota","Marshall County",4,1,75,43,32
050,46,091,"South Dakota","Marshall County",4,2,67,34,33
050,46,091,"South Dakota","Marshall County",4,3,58,31,27
050,46,091,"South Dakota","Marshall County",4,4,57,33,24
050,46,091,"South Dakota","Marshall County",4,5,66,34,32
050,46,091,"South Dakota","Marshall County",4,6,61,26,35
050,46,091,"South Dakota","Marshall County",4,7,63,25,38
050,46,091,"South Dakota","Marshall County",4,8,60,34,26
050,46,091,"South Dakota","Marshall County",4,9,47,24,23
050,46,091,"South Dakota","Marshall County",4,10,47,26,21
050,46,091,"South Dakota","Marshall County",4,11,62,35,27
050,46,091,"South Dakota","Marshall County",4,12,62,27,35
050,46,091,"South Dakota","Marshall County",4,13,62,28,34
050,46,091,"South Dakota","Marshall County",4,14,50,26,24
050,46,091,"South Dakota","Marshall County",4,15,56,28,28
050,46,091,"South Dakota","Marshall County",4,16,50,23,27
050,46,091,"South Dakota","Marshall County",4,17,51,26,25
050,46,091,"South Dakota","Marshall County",4,18,43,26,17
050,46,091,"South Dakota","Marshall County",4,19,34,23,11
050,46,091,"South Dakota","Marshall County",4,20,33,21,12
050,46,091,"South Dakota","Marshall County",4,21,35,22,13
050,46,091,"South Dakota","Marshall County",4,22,35,21,14
050,46,091,"South Dakota","Marshall County",4,23,31,16,15
050,46,091,"South Dakota","Marshall County",4,24,40,21,19
050,46,091,"South Dakota","Marshall County",4,25,41,27,14
050,46,091,"South Dakota","Marshall County",4,26,47,25,22
050,46,091,"South Dakota","Marshall County",4,27,48,23,25
050,46,091,"South Dakota","Marshall County",4,28,37,25,12
050,46,091,"South Dakota","Marshall County",4,29,49,28,21
050,46,091,"South Dakota","Marshall County",4,30,45,24,21
050,46,091,"South Dakota","Marshall County",4,31,40,21,19
050,46,091,"South Dakota","Marshall County",4,32,39,20,19
050,46,091,"South Dakota","Marshall County",4,33,47,24,23
050,46,091,"South Dakota","Marshall County",4,34,46,28,18
050,46,091,"South Dakota","Marshall County",4,35,57,33,24
050,46,091,"South Dakota","Marshall County",4,36,65,40,25
050,46,091,"South Dakota","Marshall County",4,37,59,38,21
050,46,091,"South Dakota","Marshall County",4,38,45,23,22
050,46,091,"South Dakota","Marshall County",4,39,54,28,26
050,46,091,"South Dakota","Marshall County",4,40,51,29,22
050,46,091,"South Dakota","Marshall County",4,41,48,30,18
050,46,091,"South Dakota","Marshall County",4,42,48,28,20
050,46,091,"South Dakota","Marshall County",4,43,41,22,19
050,46,091,"South Dakota","Marshall County",4,44,49,27,22
050,46,091,"South Dakota","Marshall County",4,45,47,27,20
050,46,091,"South Dakota","Marshall County",4,46,47,29,18
050,46,091,"South Dakota","Marshall County",4,47,41,24,17
050,46,091,"South Dakota","Marshall County",4,48,37,24,13
050,46,091,"South Dakota","Marshall County",4,49,33,20,13
050,46,091,"South Dakota","Marshall County",4,50,41,22,19
050,46,091,"South Dakota","Marshall County",4,51,49,30,19
050,46,091,"South Dakota","Marshall County",4,52,48,26,22
050,46,091,"South Dakota","Marshall County",4,53,47,25,22
050,46,091,"South Dakota","Marshall County",4,54,48,24,24
050,46,091,"South Dakota","Marshall County",4,55,52,26,26
050,46,091,"South Dakota","Marshall County",4,56,59,31,28
050,46,091,"South Dakota","Marshall County",4,57,69,39,30
050,46,091,"South Dakota","Marshall County",4,58,68,34,34
050,46,091,"South Dakota","Marshall County",4,59,70,39,31
050,46,091,"South Dakota","Marshall County",4,60,69,39,30
050,46,091,"South Dakota","Marshall County",4,61,68,36,32
050,46,091,"South Dakota","Marshall County",4,62,70,32,38
050,46,091,"South Dakota","Marshall County",4,63,56,29,27
050,46,091,"South Dakota","Marshall County",4,64,69,34,35
050,46,091,"South Dakota","Marshall County",4,65,61,34,27
050,46,091,"South Dakota","Marshall County",4,66,70,41,29
050,46,091,"South Dakota","Marshall County",4,67,78,46,32
050,46,091,"South Dakota","Marshall County",4,68,72,44,28
050,46,091,"South Dakota","Marshall County",4,69,59,33,26
050,46,091,"South Dakota","Marshall County",4,70,63,35,28
050,46,091,"South Dakota","Marshall County",4,71,62,33,29
050,46,091,"South Dakota","Marshall County",4,72,57,29,28
050,46,091,"South Dakota","Marshall County",4,73,47,23,24
050,46,091,"South Dakota","Marshall County",4,74,48,25,23
050,46,091,"South Dakota","Marshall County",4,75,48,25,23
050,46,091,"South Dakota","Marshall County",4,76,31,18,13
050,46,091,"South Dakota","Marshall County",4,77,30,17,13
050,46,091,"South Dakota","Marshall County",4,78,41,22,19
050,46,091,"South Dakota","Marshall County",4,79,28,13,15
050,46,091,"South Dakota","Marshall County",4,80,21,7,14
050,46,091,"South Dakota","Marshall County",4,81,20,9,11
050,46,091,"South Dakota","Marshall County",4,82,22,12,10
050,46,091,"South Dakota","Marshall County",4,83,17,9,8
050,46,091,"South Dakota","Marshall County",4,84,17,10,7
050,46,091,"South Dakota","Marshall County",4,85,113,33,80
050,46,091,"South Dakota","Marshall County",5,0,72,39,33
050,46,091,"South Dakota","Marshall County",5,1,70,40,30
050,46,091,"South Dakota","Marshall County",5,2,75,44,31
050,46,091,"South Dakota","Marshall County",5,3,67,32,35
050,46,091,"South Dakota","Marshall County",5,4,54,30,24
050,46,091,"South Dakota","Marshall County",5,5,64,38,26
050,46,091,"South Dakota","Marshall County",5,6,58,26,32
050,46,091,"South Dakota","Marshall County",5,7,66,29,37
050,46,091,"South Dakota","Marshall County",5,8,62,28,34
050,46,091,"South Dakota","Marshall County",5,9,60,31,29
050,46,091,"South Dakota","Marshall County",5,10,52,28,24
050,46,091,"South Dakota","Marshall County",5,11,48,25,23
050,46,091,"South Dakota","Marshall County",5,12,64,36,28
050,46,091,"South Dakota","Marshall County",5,13,62,27,35
050,46,091,"South Dakota","Marshall County",5,14,61,28,33
050,46,091,"South Dakota","Marshall County",5,15,50,27,23
050,46,091,"South Dakota","Marshall County",5,16,63,32,31
050,46,091,"South Dakota","Marshall County",5,17,48,20,28
050,46,091,"South Dakota","Marshall County",5,18,46,23,23
050,46,091,"South Dakota","Marshall County",5,19,32,19,13
050,46,091,"South Dakota","Marshall County",5,20,39,25,14
050,46,091,"South Dakota","Marshall County",5,21,35,24,11
050,46,091,"South Dakota","Marshall County",5,22,30,20,10
050,46,091,"South Dakota","Marshall County",5,23,36,17,19
050,46,091,"South Dakota","Marshall County",5,24,33,18,15
050,46,091,"South Dakota","Marshall County",5,25,36,21,15
050,46,091,"South Dakota","Marshall County",5,26,49,32,17
050,46,091,"South Dakota","Marshall County",5,27,44,22,22
050,46,091,"South Dakota","Marshall County",5,28,41,21,20
050,46,091,"South Dakota","Marshall County",5,29,35,22,13
050,46,091,"South Dakota","Marshall County",5,30,47,26,21
050,46,091,"South Dakota","Marshall County",5,31,46,21,25
050,46,091,"South Dakota","Marshall County",5,32,37,21,16
050,46,091,"South Dakota","Marshall County",5,33,37,18,19
050,46,091,"South Dakota","Marshall County",5,34,52,27,25
050,46,091,"South Dakota","Marshall County",5,35,45,27,18
050,46,091,"South Dakota","Marshall County",5,36,57,32,25
050,46,091,"South Dakota","Marshall County",5,37,65,40,25
050,46,091,"South Dakota","Marshall County",5,38,62,40,22
050,46,091,"South Dakota","Marshall County",5,39,45,23,22
050,46,091,"South Dakota","Marshall County",5,40,61,30,31
050,46,091,"South Dakota","Marshall County",5,41,53,29,24
050,46,091,"South Dakota","Marshall County",5,42,47,29,18
050,46,091,"South Dakota","Marshall County",5,43,51,31,20
050,46,091,"South Dakota","Marshall County",5,44,45,24,21
050,46,091,"South Dakota","Marshall County",5,45,51,27,24
050,46,091,"South Dakota","Marshall County",5,46,47,26,21
050,46,091,"South Dakota","Marshall County",5,47,49,31,18
050,46,091,"South Dakota","Marshall County",5,48,42,25,17
050,46,091,"South Dakota","Marshall County",5,49,36,25,11
050,46,091,"South Dakota","Marshall County",5,50,28,18,10
050,46,091,"South Dakota","Marshall County",5,51,43,23,20
050,46,091,"South Dakota","Marshall County",5,52,44,27,17
050,46,091,"South Dakota","Marshall County",5,53,57,32,25
050,46,091,"South Dakota","Marshall County",5,54,45,22,23
050,46,091,"South Dakota","Marshall County",5,55,50,22,28
050,46,091,"South Dakota","Marshall County",5,56,45,23,22
050,46,091,"South Dakota","Marshall County",5,57,60,33,27
050,46,091,"South Dakota","Marshall County",5,58,66,36,30
050,46,091,"South Dakota","Marshall County",5,59,68,33,35
050,46,091,"South Dakota","Marshall County",5,60,72,40,32
050,46,091,"South Dakota","Marshall County",5,61,68,38,30
050,46,091,"South Dakota","Marshall County",5,62,68,37,31
050,46,091,"South Dakota","Marshall County",5,63,72,33,39
050,46,091,"South Dakota","Marshall County",5,64,60,28,32
050,46,091,"South Dakota","Marshall County",5,65,64,33,31
050,46,091,"South Dakota","Marshall County",5,66,60,34,26
050,46,091,"South Dakota","Marshall County",5,67,73,43,30
050,46,091,"South Dakota","Marshall County",5,68,76,45,31
050,46,091,"South Dakota","Marshall County",5,69,72,43,29
050,46,091,"South Dakota","Marshall County",5,70,59,34,25
050,46,091,"South Dakota","Marshall County",5,71,58,32,26
050,46,091,"South Dakota","Marshall County",5,72,64,34,30
050,46,091,"South Dakota","Marshall County",5,73,53,27,26
050,46,091,"South Dakota","Marshall County",5,74,47,23,24
050,46,091,"South Dakota","Marshall County",5,75,43,24,19
050,46,091,"South Dakota","Marshall County",5,76,46,22,24
050,46,091,"South Dakota","Marshall County",5,77,27,16,11
050,46,091,"South Dakota","Marshall County",5,78,35,20,15
050,46,091,"South Dakota","Marshall County",5,79,35,19,16
050,46,091,"South Dakota","Marshall County",5,80,28,10,18
050,46,091,"South Dakota","Marshall County",5,81,19,8,11
050,46,091,"South Dakota","Marshall County",5,82,17,8,9
050,46,091,"South Dakota","Marshall County",5,83,21,12,9
050,46,091,"South Dakota","Marshall County",5,84,12,9,3
050,46,091,"South Dakota","Marshall County",5,85,108,29,79
050,46,093,"South Dakota","Meade County",1,0,247,127,120
050,46,093,"South Dakota","Meade County",1,1,285,141,144
050,46,093,"South Dakota","Meade County",1,2,293,146,147
050,46,093,"South Dakota","Meade County",1,3,321,173,148
050,46,093,"South Dakota","Meade County",1,4,362,197,165
050,46,093,"South Dakota","Meade County",1,5,382,202,180
050,46,093,"South Dakota","Meade County",1,6,369,189,180
050,46,093,"South Dakota","Meade County",1,7,390,197,193
050,46,093,"South Dakota","Meade County",1,8,392,207,185
050,46,093,"South Dakota","Meade County",1,9,379,198,181
050,46,093,"South Dakota","Meade County",1,10,425,224,201
050,46,093,"South Dakota","Meade County",1,11,408,217,191
050,46,093,"South Dakota","Meade County",1,12,432,228,204
050,46,093,"South Dakota","Meade County",1,13,442,216,226
050,46,093,"South Dakota","Meade County",1,14,428,223,205
050,46,093,"South Dakota","Meade County",1,15,392,201,191
050,46,093,"South Dakota","Meade County",1,16,373,180,193
050,46,093,"South Dakota","Meade County",1,17,329,160,169
050,46,093,"South Dakota","Meade County",1,18,329,177,152
050,46,093,"South Dakota","Meade County",1,19,398,273,125
050,46,093,"South Dakota","Meade County",1,20,536,374,162
050,46,093,"South Dakota","Meade County",1,21,591,406,185
050,46,093,"South Dakota","Meade County",1,22,527,336,191
050,46,093,"South Dakota","Meade County",1,23,486,296,190
050,46,093,"South Dakota","Meade County",1,24,460,272,188
050,46,093,"South Dakota","Meade County",1,25,436,259,177
050,46,093,"South Dakota","Meade County",1,26,427,246,181
050,46,093,"South Dakota","Meade County",1,27,441,242,199
050,46,093,"South Dakota","Meade County",1,28,418,230,188
050,46,093,"South Dakota","Meade County",1,29,376,187,189
050,46,093,"South Dakota","Meade County",1,30,421,208,213
050,46,093,"South Dakota","Meade County",1,31,437,213,224
050,46,093,"South Dakota","Meade County",1,32,423,202,221
050,46,093,"South Dakota","Meade County",1,33,438,220,218
050,46,093,"South Dakota","Meade County",1,34,431,223,208
050,46,093,"South Dakota","Meade County",1,35,425,220,205
050,46,093,"South Dakota","Meade County",1,36,409,209,200
050,46,093,"South Dakota","Meade County",1,37,430,223,207
050,46,093,"South Dakota","Meade County",1,38,442,231,211
050,46,093,"South Dakota","Meade County",1,39,411,200,211
050,46,093,"South Dakota","Meade County",1,40,406,199,207
050,46,093,"South Dakota","Meade County",1,41,376,189,187
050,46,093,"South Dakota","Meade County",1,42,334,164,170
050,46,093,"South Dakota","Meade County",1,43,311,158,153
050,46,093,"South Dakota","Meade County",1,44,309,168,141
050,46,093,"South Dakota","Meade County",1,45,297,156,141
050,46,093,"South Dakota","Meade County",1,46,299,159,140
050,46,093,"South Dakota","Meade County",1,47,308,163,145
050,46,093,"South Dakota","Meade County",1,48,299,162,137
050,46,093,"South Dakota","Meade County",1,49,313,151,162
050,46,093,"South Dakota","Meade County",1,50,322,156,166
050,46,093,"South Dakota","Meade County",1,51,292,150,142
050,46,093,"South Dakota","Meade County",1,52,297,158,139
050,46,093,"South Dakota","Meade County",1,53,300,146,154
050,46,093,"South Dakota","Meade County",1,54,311,148,163
050,46,093,"South Dakota","Meade County",1,55,349,165,184
050,46,093,"South Dakota","Meade County",1,56,382,182,200
050,46,093,"South Dakota","Meade County",1,57,410,208,202
050,46,093,"South Dakota","Meade County",1,58,427,217,210
050,46,093,"South Dakota","Meade County",1,59,411,211,200
050,46,093,"South Dakota","Meade County",1,60,428,216,212
050,46,093,"South Dakota","Meade County",1,61,387,198,189
050,46,093,"South Dakota","Meade County",1,62,424,216,208
050,46,093,"South Dakota","Meade County",1,63,404,199,205
050,46,093,"South Dakota","Meade County",1,64,377,180,197
050,46,093,"South Dakota","Meade County",1,65,359,183,176
050,46,093,"South Dakota","Meade County",1,66,363,177,186
050,46,093,"South Dakota","Meade County",1,67,356,177,179
050,46,093,"South Dakota","Meade County",1,68,350,189,161
050,46,093,"South Dakota","Meade County",1,69,292,151,141
050,46,093,"South Dakota","Meade County",1,70,294,147,147
050,46,093,"South Dakota","Meade County",1,71,306,165,141
050,46,093,"South Dakota","Meade County",1,72,254,140,114
050,46,093,"South Dakota","Meade County",1,73,259,127,132
050,46,093,"South Dakota","Meade County",1,74,191,100,91
050,46,093,"South Dakota","Meade County",1,75,177,88,89
050,46,093,"South Dakota","Meade County",1,76,171,84,87
050,46,093,"South Dakota","Meade County",1,77,169,81,88
050,46,093,"South Dakota","Meade County",1,78,156,76,80
050,46,093,"South Dakota","Meade County",1,79,103,54,49
050,46,093,"South Dakota","Meade County",1,80,104,54,50
050,46,093,"South Dakota","Meade County",1,81,100,49,51
050,46,093,"South Dakota","Meade County",1,82,89,39,50
050,46,093,"South Dakota","Meade County",1,83,78,40,38
050,46,093,"South Dakota","Meade County",1,84,87,37,50
050,46,093,"South Dakota","Meade County",1,85,475,171,304
050,46,093,"South Dakota","Meade County",2,0,253,131,122
050,46,093,"South Dakota","Meade County",2,1,273,136,137
050,46,093,"South Dakota","Meade County",2,2,293,146,147
050,46,093,"South Dakota","Meade County",2,3,318,169,149
050,46,093,"South Dakota","Meade County",2,4,356,192,164
050,46,093,"South Dakota","Meade County",2,5,378,202,176
050,46,093,"South Dakota","Meade County",2,6,373,191,182
050,46,093,"South Dakota","Meade County",2,7,385,196,189
050,46,093,"South Dakota","Meade County",2,8,387,204,183
050,46,093,"South Dakota","Meade County",2,9,382,201,181
050,46,093,"South Dakota","Meade County",2,10,412,216,196
050,46,093,"South Dakota","Meade County",2,11,409,218,191
050,46,093,"South Dakota","Meade County",2,12,425,222,203
050,46,093,"South Dakota","Meade County",2,13,437,218,219
050,46,093,"South Dakota","Meade County",2,14,428,221,207
050,46,093,"South Dakota","Meade County",2,15,398,207,191
050,46,093,"South Dakota","Meade County",2,16,373,184,189
050,46,093,"South Dakota","Meade County",2,17,340,166,174
050,46,093,"South Dakota","Meade County",2,18,331,180,151
050,46,093,"South Dakota","Meade County",2,19,410,277,133
050,46,093,"South Dakota","Meade County",2,20,538,373,165
050,46,093,"South Dakota","Meade County",2,21,572,392,180
050,46,093,"South Dakota","Meade County",2,22,536,343,193
050,46,093,"South Dakota","Meade County",2,23,491,299,192
050,46,093,"South Dakota","Meade County",2,24,458,271,187
050,46,093,"South Dakota","Meade County",2,25,440,261,179
050,46,093,"South Dakota","Meade County",2,26,428,246,182
050,46,093,"South Dakota","Meade County",2,27,431,236,195
050,46,093,"South Dakota","Meade County",2,28,419,226,193
050,46,093,"South Dakota","Meade County",2,29,389,200,189
050,46,093,"South Dakota","Meade County",2,30,416,207,209
050,46,093,"South Dakota","Meade County",2,31,434,212,222
050,46,093,"South Dakota","Meade County",2,32,426,206,220
050,46,093,"South Dakota","Meade County",2,33,438,218,220
050,46,093,"South Dakota","Meade County",2,34,438,224,214
050,46,093,"South Dakota","Meade County",2,35,432,224,208
050,46,093,"South Dakota","Meade County",2,36,413,212,201
050,46,093,"South Dakota","Meade County",2,37,422,217,205
050,46,093,"South Dakota","Meade County",2,38,437,228,209
050,46,093,"South Dakota","Meade County",2,39,415,204,211
050,46,093,"South Dakota","Meade County",2,40,410,198,212
050,46,093,"South Dakota","Meade County",2,41,382,188,194
050,46,093,"South Dakota","Meade County",2,42,340,166,174
050,46,093,"South Dakota","Meade County",2,43,315,158,157
050,46,093,"South Dakota","Meade County",2,44,304,163,141
050,46,093,"South Dakota","Meade County",2,45,301,160,141
050,46,093,"South Dakota","Meade County",2,46,298,158,140
050,46,093,"South Dakota","Meade County",2,47,307,162,145
050,46,093,"South Dakota","Meade County",2,48,298,160,138
050,46,093,"South Dakota","Meade County",2,49,312,154,158
050,46,093,"South Dakota","Meade County",2,50,320,156,164
050,46,093,"South Dakota","Meade County",2,51,300,152,148
050,46,093,"South Dakota","Meade County",2,52,295,156,139
050,46,093,"South Dakota","Meade County",2,53,302,150,152
050,46,093,"South Dakota","Meade County",2,54,307,147,160
050,46,093,"South Dakota","Meade County",2,55,336,157,179
050,46,093,"South Dakota","Meade County",2,56,379,179,200
050,46,093,"South Dakota","Meade County",2,57,406,204,202
050,46,093,"South Dakota","Meade County",2,58,424,214,210
050,46,093,"South Dakota","Meade County",2,59,419,216,203
050,46,093,"South Dakota","Meade County",2,60,421,213,208
050,46,093,"South Dakota","Meade County",2,61,399,204,195
050,46,093,"South Dakota","Meade County",2,62,416,213,203
050,46,093,"South Dakota","Meade County",2,63,412,207,205
050,46,093,"South Dakota","Meade County",2,64,382,186,196
050,46,093,"South Dakota","Meade County",2,65,366,184,182
050,46,093,"South Dakota","Meade County",2,66,362,180,182
050,46,093,"South Dakota","Meade County",2,67,359,179,180
050,46,093,"South Dakota","Meade County",2,68,347,184,163
050,46,093,"South Dakota","Meade County",2,69,309,161,148
050,46,093,"South Dakota","Meade County",2,70,291,146,145
050,46,093,"South Dakota","Meade County",2,71,301,159,142
050,46,093,"South Dakota","Meade County",2,72,259,142,117
050,46,093,"South Dakota","Meade County",2,73,267,133,134
050,46,093,"South Dakota","Meade County",2,74,192,100,92
050,46,093,"South Dakota","Meade County",2,75,180,90,90
050,46,093,"South Dakota","Meade County",2,76,173,85,88
050,46,093,"South Dakota","Meade County",2,77,173,82,91
050,46,093,"South Dakota","Meade County",2,78,154,75,79
050,46,093,"South Dakota","Meade County",2,79,113,58,55
050,46,093,"South Dakota","Meade County",2,80,105,55,50
050,46,093,"South Dakota","Meade County",2,81,98,48,50
050,46,093,"South Dakota","Meade County",2,82,90,40,50
050,46,093,"South Dakota","Meade County",2,83,79,39,40
050,46,093,"South Dakota","Meade County",2,84,84,37,47
050,46,093,"South Dakota","Meade County",2,85,478,170,308
050,46,093,"South Dakota","Meade County",3,0,252,125,127
050,46,093,"South Dakota","Meade County",3,1,254,126,128
050,46,093,"South Dakota","Meade County",3,2,307,164,143
050,46,093,"South Dakota","Meade County",3,3,311,152,159
050,46,093,"South Dakota","Meade County",3,4,320,167,153
050,46,093,"South Dakota","Meade County",3,5,365,193,172
050,46,093,"South Dakota","Meade County",3,6,388,211,177
050,46,093,"South Dakota","Meade County",3,7,376,185,191
050,46,093,"South Dakota","Meade County",3,8,385,205,180
050,46,093,"South Dakota","Meade County",3,9,397,210,187
050,46,093,"South Dakota","Meade County",3,10,376,198,178
050,46,093,"South Dakota","Meade County",3,11,416,218,198
050,46,093,"South Dakota","Meade County",3,12,391,209,182
050,46,093,"South Dakota","Meade County",3,13,418,211,207
050,46,093,"South Dakota","Meade County",3,14,451,231,220
050,46,093,"South Dakota","Meade County",3,15,425,217,208
050,46,093,"South Dakota","Meade County",3,16,392,206,186
050,46,093,"South Dakota","Meade County",3,17,376,183,193
050,46,093,"South Dakota","Meade County",3,18,324,171,153
050,46,093,"South Dakota","Meade County",3,19,407,274,133
050,46,093,"South Dakota","Meade County",3,20,564,378,186
050,46,093,"South Dakota","Meade County",3,21,533,366,167
050,46,093,"South Dakota","Meade County",3,22,547,362,185
050,46,093,"South Dakota","Meade County",3,23,505,303,202
050,46,093,"South Dakota","Meade County",3,24,449,260,189
050,46,093,"South Dakota","Meade County",3,25,428,256,172
050,46,093,"South Dakota","Meade County",3,26,422,253,169
050,46,093,"South Dakota","Meade County",3,27,432,232,200
050,46,093,"South Dakota","Meade County",3,28,428,243,185
050,46,093,"South Dakota","Meade County",3,29,400,217,183
050,46,093,"South Dakota","Meade County",3,30,413,198,215
050,46,093,"South Dakota","Meade County",3,31,429,218,211
050,46,093,"South Dakota","Meade County",3,32,456,224,232
050,46,093,"South Dakota","Meade County",3,33,452,226,226
050,46,093,"South Dakota","Meade County",3,34,463,226,237
050,46,093,"South Dakota","Meade County",3,35,455,224,231
050,46,093,"South Dakota","Meade County",3,36,440,234,206
050,46,093,"South Dakota","Meade County",3,37,444,239,205
050,46,093,"South Dakota","Meade County",3,38,432,221,211
050,46,093,"South Dakota","Meade County",3,39,435,220,215
050,46,093,"South Dakota","Meade County",3,40,417,213,204
050,46,093,"South Dakota","Meade County",3,41,413,198,215
050,46,093,"South Dakota","Meade County",3,42,372,189,183
050,46,093,"South Dakota","Meade County",3,43,355,180,175
050,46,093,"South Dakota","Meade County",3,44,324,161,163
050,46,093,"South Dakota","Meade County",3,45,300,156,144
050,46,093,"South Dakota","Meade County",3,46,305,160,145
050,46,093,"South Dakota","Meade County",3,47,308,165,143
050,46,093,"South Dakota","Meade County",3,48,305,165,140
050,46,093,"South Dakota","Meade County",3,49,302,165,137
050,46,093,"South Dakota","Meade County",3,50,324,155,169
050,46,093,"South Dakota","Meade County",3,51,324,159,165
050,46,093,"South Dakota","Meade County",3,52,298,146,152
050,46,093,"South Dakota","Meade County",3,53,306,161,145
050,46,093,"South Dakota","Meade County",3,54,316,159,157
050,46,093,"South Dakota","Meade County",3,55,305,144,161
050,46,093,"South Dakota","Meade County",3,56,333,156,177
050,46,093,"South Dakota","Meade County",3,57,370,184,186
050,46,093,"South Dakota","Meade County",3,58,410,203,207
050,46,093,"South Dakota","Meade County",3,59,430,223,207
050,46,093,"South Dakota","Meade County",3,60,436,217,219
050,46,093,"South Dakota","Meade County",3,61,406,206,200
050,46,093,"South Dakota","Meade County",3,62,391,198,193
050,46,093,"South Dakota","Meade County",3,63,404,206,198
050,46,093,"South Dakota","Meade County",3,64,405,208,197
050,46,093,"South Dakota","Meade County",3,65,381,182,199
050,46,093,"South Dakota","Meade County",3,66,362,182,180
050,46,093,"South Dakota","Meade County",3,67,355,173,182
050,46,093,"South Dakota","Meade County",3,68,363,181,182
050,46,093,"South Dakota","Meade County",3,69,345,179,166
050,46,093,"South Dakota","Meade County",3,70,303,157,146
050,46,093,"South Dakota","Meade County",3,71,292,145,147
050,46,093,"South Dakota","Meade County",3,72,281,149,132
050,46,093,"South Dakota","Meade County",3,73,261,141,120
050,46,093,"South Dakota","Meade County",3,74,255,129,126
050,46,093,"South Dakota","Meade County",3,75,188,96,92
050,46,093,"South Dakota","Meade County",3,76,178,88,90
050,46,093,"South Dakota","Meade County",3,77,157,74,83
050,46,093,"South Dakota","Meade County",3,78,165,79,86
050,46,093,"South Dakota","Meade County",3,79,143,71,72
050,46,093,"South Dakota","Meade County",3,80,113,56,57
050,46,093,"South Dakota","Meade County",3,81,97,49,48
050,46,093,"South Dakota","Meade County",3,82,90,44,46
050,46,093,"South Dakota","Meade County",3,83,84,36,48
050,46,093,"South Dakota","Meade County",3,84,77,37,40
050,46,093,"South Dakota","Meade County",3,85,482,172,310
050,46,093,"South Dakota","Meade County",4,0,266,141,125
050,46,093,"South Dakota","Meade County",4,1,274,135,139
050,46,093,"South Dakota","Meade County",4,2,266,132,134
050,46,093,"South Dakota","Meade County",4,3,318,166,152
050,46,093,"South Dakota","Meade County",4,4,313,155,158
050,46,093,"South Dakota","Meade County",4,5,325,158,167
050,46,093,"South Dakota","Meade County",4,6,366,193,173
050,46,093,"South Dakota","Meade County",4,7,389,207,182
050,46,093,"South Dakota","Meade County",4,8,388,187,201
050,46,093,"South Dakota","Meade County",4,9,387,206,181
050,46,093,"South Dakota","Meade County",4,10,388,210,178
050,46,093,"South Dakota","Meade County",4,11,383,193,190
050,46,093,"South Dakota","Meade County",4,12,417,212,205
050,46,093,"South Dakota","Meade County",4,13,392,200,192
050,46,093,"South Dakota","Meade County",4,14,393,195,198
050,46,093,"South Dakota","Meade County",4,15,430,224,206
050,46,093,"South Dakota","Meade County",4,16,414,216,198
050,46,093,"South Dakota","Meade County",4,17,384,202,182
050,46,093,"South Dakota","Meade County",4,18,336,172,164
050,46,093,"South Dakota","Meade County",4,19,405,264,141
050,46,093,"South Dakota","Meade County",4,20,570,392,178
050,46,093,"South Dakota","Meade County",4,21,588,396,192
050,46,093,"South Dakota","Meade County",4,22,525,337,188
050,46,093,"South Dakota","Meade County",4,23,496,324,172
050,46,093,"South Dakota","Meade County",4,24,453,253,200
050,46,093,"South Dakota","Meade County",4,25,459,266,193
050,46,093,"South Dakota","Meade County",4,26,444,256,188
050,46,093,"South Dakota","Meade County",4,27,393,222,171
050,46,093,"South Dakota","Meade County",4,28,434,225,209
050,46,093,"South Dakota","Meade County",4,29,426,226,200
050,46,093,"South Dakota","Meade County",4,30,409,214,195
050,46,093,"South Dakota","Meade County",4,31,420,205,215
050,46,093,"South Dakota","Meade County",4,32,429,216,213
050,46,093,"South Dakota","Meade County",4,33,459,237,222
050,46,093,"South Dakota","Meade County",4,34,441,217,224
050,46,093,"South Dakota","Meade County",4,35,491,233,258
050,46,093,"South Dakota","Meade County",4,36,460,229,231
050,46,093,"South Dakota","Meade County",4,37,443,237,206
050,46,093,"South Dakota","Meade County",4,38,460,256,204
050,46,093,"South Dakota","Meade County",4,39,432,218,214
050,46,093,"South Dakota","Meade County",4,40,429,224,205
050,46,093,"South Dakota","Meade County",4,41,412,208,204
050,46,093,"South Dakota","Meade County",4,42,419,196,223
050,46,093,"South Dakota","Meade County",4,43,380,193,187
050,46,093,"South Dakota","Meade County",4,44,349,169,180
050,46,093,"South Dakota","Meade County",4,45,333,170,163
050,46,093,"South Dakota","Meade County",4,46,323,167,156
050,46,093,"South Dakota","Meade County",4,47,311,161,150
050,46,093,"South Dakota","Meade County",4,48,312,168,144
050,46,093,"South Dakota","Meade County",4,49,291,150,141
050,46,093,"South Dakota","Meade County",4,50,327,187,140
050,46,093,"South Dakota","Meade County",4,51,335,153,182
050,46,093,"South Dakota","Meade County",4,52,336,171,165
050,46,093,"South Dakota","Meade County",4,53,307,157,150
050,46,093,"South Dakota","Meade County",4,54,311,164,147
050,46,093,"South Dakota","Meade County",4,55,317,165,152
050,46,093,"South Dakota","Meade County",4,56,315,147,168
050,46,093,"South Dakota","Meade County",4,57,332,162,170
050,46,093,"South Dakota","Meade County",4,58,376,180,196
050,46,093,"South Dakota","Meade County",4,59,412,202,210
050,46,093,"South Dakota","Meade County",4,60,433,217,216
050,46,093,"South Dakota","Meade County",4,61,433,216,217
050,46,093,"South Dakota","Meade County",4,62,419,214,205
050,46,093,"South Dakota","Meade County",4,63,387,192,195
050,46,093,"South Dakota","Meade County",4,64,418,217,201
050,46,093,"South Dakota","Meade County",4,65,407,210,197
050,46,093,"South Dakota","Meade County",4,66,384,187,197
050,46,093,"South Dakota","Meade County",4,67,367,182,185
050,46,093,"South Dakota","Meade County",4,68,360,179,181
050,46,093,"South Dakota","Meade County",4,69,372,183,189
050,46,093,"South Dakota","Meade County",4,70,341,171,170
050,46,093,"South Dakota","Meade County",4,71,306,158,148
050,46,093,"South Dakota","Meade County",4,72,282,140,142
050,46,093,"South Dakota","Meade County",4,73,274,146,128
050,46,093,"South Dakota","Meade County",4,74,255,138,117
050,46,093,"South Dakota","Meade County",4,75,248,126,122
050,46,093,"South Dakota","Meade County",4,76,184,91,93
050,46,093,"South Dakota","Meade County",4,77,166,80,86
050,46,093,"South Dakota","Meade County",4,78,149,72,77
050,46,093,"South Dakota","Meade County",4,79,149,72,77
050,46,093,"South Dakota","Meade County",4,80,138,63,75
050,46,093,"South Dakota","Meade County",4,81,107,55,52
050,46,093,"South Dakota","Meade County",4,82,89,46,43
050,46,093,"South Dakota","Meade County",4,83,84,41,43
050,46,093,"South Dakota","Meade County",4,84,80,34,46
050,46,093,"South Dakota","Meade County",4,85,477,176,301
050,46,093,"South Dakota","Meade County",5,0,262,135,127
050,46,093,"South Dakota","Meade County",5,1,315,164,151
050,46,093,"South Dakota","Meade County",5,2,299,147,152
050,46,093,"South Dakota","Meade County",5,3,286,141,145
050,46,093,"South Dakota","Meade County",5,4,321,165,156
050,46,093,"South Dakota","Meade County",5,5,325,164,161
050,46,093,"South Dakota","Meade County",5,6,335,167,168
050,46,093,"South Dakota","Meade County",5,7,362,193,169
050,46,093,"South Dakota","Meade County",5,8,413,218,195
050,46,093,"South Dakota","Meade County",5,9,371,180,191
050,46,093,"South Dakota","Meade County",5,10,396,206,190
050,46,093,"South Dakota","Meade County",5,11,359,183,176
050,46,093,"South Dakota","Meade County",5,12,385,202,183
050,46,093,"South Dakota","Meade County",5,13,389,201,188
050,46,093,"South Dakota","Meade County",5,14,375,196,179
050,46,093,"South Dakota","Meade County",5,15,391,196,195
050,46,093,"South Dakota","Meade County",5,16,418,215,203
050,46,093,"South Dakota","Meade County",5,17,406,213,193
050,46,093,"South Dakota","Meade County",5,18,351,198,153
050,46,093,"South Dakota","Meade County",5,19,415,271,144
050,46,093,"South Dakota","Meade County",5,20,537,357,180
050,46,093,"South Dakota","Meade County",5,21,584,398,186
050,46,093,"South Dakota","Meade County",5,22,533,344,189
050,46,093,"South Dakota","Meade County",5,23,531,316,215
050,46,093,"South Dakota","Meade County",5,24,492,316,176
050,46,093,"South Dakota","Meade County",5,25,432,248,184
050,46,093,"South Dakota","Meade County",5,26,452,255,197
050,46,093,"South Dakota","Meade County",5,27,416,220,196
050,46,093,"South Dakota","Meade County",5,28,377,202,175
050,46,093,"South Dakota","Meade County",5,29,413,224,189
050,46,093,"South Dakota","Meade County",5,30,417,218,199
050,46,093,"South Dakota","Meade County",5,31,415,220,195
050,46,093,"South Dakota","Meade County",5,32,414,202,212
050,46,093,"South Dakota","Meade County",5,33,439,223,216
050,46,093,"South Dakota","Meade County",5,34,471,242,229
050,46,093,"South Dakota","Meade County",5,35,455,222,233
050,46,093,"South Dakota","Meade County",5,36,488,249,239
050,46,093,"South Dakota","Meade County",5,37,450,222,228
050,46,093,"South Dakota","Meade County",5,38,459,243,216
050,46,093,"South Dakota","Meade County",5,39,449,239,210
050,46,093,"South Dakota","Meade County",5,40,436,223,213
050,46,093,"South Dakota","Meade County",5,41,419,217,202
050,46,093,"South Dakota","Meade County",5,42,431,221,210
050,46,093,"South Dakota","Meade County",5,43,435,202,233
050,46,093,"South Dakota","Meade County",5,44,391,205,186
050,46,093,"South Dakota","Meade County",5,45,354,167,187
050,46,093,"South Dakota","Meade County",5,46,339,173,166
050,46,093,"South Dakota","Meade County",5,47,325,169,156
050,46,093,"South Dakota","Meade County",5,48,312,159,153
050,46,093,"South Dakota","Meade County",5,49,308,165,143
050,46,093,"South Dakota","Meade County",5,50,298,156,142
050,46,093,"South Dakota","Meade County",5,51,326,185,141
050,46,093,"South Dakota","Meade County",5,52,330,151,179
050,46,093,"South Dakota","Meade County",5,53,350,182,168
050,46,093,"South Dakota","Meade County",5,54,318,158,160
050,46,093,"South Dakota","Meade County",5,55,316,171,145
050,46,093,"South Dakota","Meade County",5,56,325,168,157
050,46,093,"South Dakota","Meade County",5,57,318,152,166
050,46,093,"South Dakota","Meade County",5,58,328,160,168
050,46,093,"South Dakota","Meade County",5,59,370,177,193
050,46,093,"South Dakota","Meade County",5,60,406,200,206
050,46,093,"South Dakota","Meade County",5,61,440,219,221
050,46,093,"South Dakota","Meade County",5,62,437,225,212
050,46,093,"South Dakota","Meade County",5,63,416,208,208
050,46,093,"South Dakota","Meade County",5,64,394,198,196
050,46,093,"South Dakota","Meade County",5,65,421,223,198
050,46,093,"South Dakota","Meade County",5,66,402,204,198
050,46,093,"South Dakota","Meade County",5,67,369,175,194
050,46,093,"South Dakota","Meade County",5,68,361,182,179
050,46,093,"South Dakota","Meade County",5,69,364,177,187
050,46,093,"South Dakota","Meade County",5,70,372,178,194
050,46,093,"South Dakota","Meade County",5,71,342,173,169
050,46,093,"South Dakota","Meade County",5,72,290,146,144
050,46,093,"South Dakota","Meade County",5,73,281,139,142
050,46,093,"South Dakota","Meade County",5,74,263,143,120
050,46,093,"South Dakota","Meade County",5,75,247,131,116
050,46,093,"South Dakota","Meade County",5,76,232,116,116
050,46,093,"South Dakota","Meade County",5,77,174,88,86
050,46,093,"South Dakota","Meade County",5,78,155,74,81
050,46,093,"South Dakota","Meade County",5,79,132,64,68
050,46,093,"South Dakota","Meade County",5,80,138,59,79
050,46,093,"South Dakota","Meade County",5,81,130,60,70
050,46,093,"South Dakota","Meade County",5,82,94,49,45
050,46,093,"South Dakota","Meade County",5,83,86,44,42
050,46,093,"South Dakota","Meade County",5,84,83,41,42
050,46,093,"South Dakota","Meade County",5,85,498,190,308
050,46,095,"South Dakota","Mellette County",1,0,27,13,14
050,46,095,"South Dakota","Mellette County",1,1,30,12,18
050,46,095,"South Dakota","Mellette County",1,2,46,19,27
050,46,095,"South Dakota","Mellette County",1,3,42,17,25
050,46,095,"South Dakota","Mellette County",1,4,38,14,24
050,46,095,"South Dakota","Mellette County",1,5,35,20,15
050,46,095,"South Dakota","Mellette County",1,6,25,17,8
050,46,095,"South Dakota","Mellette County",1,7,26,14,12
050,46,095,"South Dakota","Mellette County",1,8,21,14,7
050,46,095,"South Dakota","Mellette County",1,9,25,15,10
050,46,095,"South Dakota","Mellette County",1,10,32,21,11
050,46,095,"South Dakota","Mellette County",1,11,27,15,12
050,46,095,"South Dakota","Mellette County",1,12,37,14,23
050,46,095,"South Dakota","Mellette County",1,13,40,19,21
050,46,095,"South Dakota","Mellette County",1,14,35,24,11
050,46,095,"South Dakota","Mellette County",1,15,40,27,13
050,46,095,"South Dakota","Mellette County",1,16,34,19,15
050,46,095,"South Dakota","Mellette County",1,17,22,13,9
050,46,095,"South Dakota","Mellette County",1,18,21,10,11
050,46,095,"South Dakota","Mellette County",1,19,29,16,13
050,46,095,"South Dakota","Mellette County",1,20,27,13,14
050,46,095,"South Dakota","Mellette County",1,21,25,14,11
050,46,095,"South Dakota","Mellette County",1,22,22,12,10
050,46,095,"South Dakota","Mellette County",1,23,24,11,13
050,46,095,"South Dakota","Mellette County",1,24,24,8,16
050,46,095,"South Dakota","Mellette County",1,25,27,10,17
050,46,095,"South Dakota","Mellette County",1,26,30,14,16
050,46,095,"South Dakota","Mellette County",1,27,22,11,11
050,46,095,"South Dakota","Mellette County",1,28,18,12,6
050,46,095,"South Dakota","Mellette County",1,29,18,9,9
050,46,095,"South Dakota","Mellette County",1,30,25,13,12
050,46,095,"South Dakota","Mellette County",1,31,33,17,16
050,46,095,"South Dakota","Mellette County",1,32,16,10,6
050,46,095,"South Dakota","Mellette County",1,33,18,10,8
050,46,095,"South Dakota","Mellette County",1,34,22,10,12
050,46,095,"South Dakota","Mellette County",1,35,14,8,6
050,46,095,"South Dakota","Mellette County",1,36,8,2,6
050,46,095,"South Dakota","Mellette County",1,37,16,6,10
050,46,095,"South Dakota","Mellette County",1,38,18,6,12
050,46,095,"South Dakota","Mellette County",1,39,19,4,15
050,46,095,"South Dakota","Mellette County",1,40,15,6,9
050,46,095,"South Dakota","Mellette County",1,41,22,9,13
050,46,095,"South Dakota","Mellette County",1,42,18,8,10
050,46,095,"South Dakota","Mellette County",1,43,20,8,12
050,46,095,"South Dakota","Mellette County",1,44,20,12,8
050,46,095,"South Dakota","Mellette County",1,45,21,13,8
050,46,095,"South Dakota","Mellette County",1,46,18,11,7
050,46,095,"South Dakota","Mellette County",1,47,20,14,6
050,46,095,"South Dakota","Mellette County",1,48,16,7,9
050,46,095,"South Dakota","Mellette County",1,49,17,8,9
050,46,095,"South Dakota","Mellette County",1,50,22,11,11
050,46,095,"South Dakota","Mellette County",1,51,24,13,11
050,46,095,"South Dakota","Mellette County",1,52,21,11,10
050,46,095,"South Dakota","Mellette County",1,53,22,11,11
050,46,095,"South Dakota","Mellette County",1,54,22,11,11
050,46,095,"South Dakota","Mellette County",1,55,25,10,15
050,46,095,"South Dakota","Mellette County",1,56,27,15,12
050,46,095,"South Dakota","Mellette County",1,57,28,12,16
050,46,095,"South Dakota","Mellette County",1,58,32,16,16
050,46,095,"South Dakota","Mellette County",1,59,25,14,11
050,46,095,"South Dakota","Mellette County",1,60,27,15,12
050,46,095,"South Dakota","Mellette County",1,61,20,9,11
050,46,095,"South Dakota","Mellette County",1,62,27,11,16
050,46,095,"South Dakota","Mellette County",1,63,26,12,14
050,46,095,"South Dakota","Mellette County",1,64,26,13,13
050,46,095,"South Dakota","Mellette County",1,65,21,15,6
050,46,095,"South Dakota","Mellette County",1,66,24,17,7
050,46,095,"South Dakota","Mellette County",1,67,16,10,6
050,46,095,"South Dakota","Mellette County",1,68,19,10,9
050,46,095,"South Dakota","Mellette County",1,69,17,10,7
050,46,095,"South Dakota","Mellette County",1,70,20,10,10
050,46,095,"South Dakota","Mellette County",1,71,20,12,8
050,46,095,"South Dakota","Mellette County",1,72,19,10,9
050,46,095,"South Dakota","Mellette County",1,73,18,9,9
050,46,095,"South Dakota","Mellette County",1,74,14,5,9
050,46,095,"South Dakota","Mellette County",1,75,12,6,6
050,46,095,"South Dakota","Mellette County",1,76,15,8,7
050,46,095,"South Dakota","Mellette County",1,77,11,4,7
050,46,095,"South Dakota","Mellette County",1,78,8,3,5
050,46,095,"South Dakota","Mellette County",1,79,4,3,1
050,46,095,"South Dakota","Mellette County",1,80,9,5,4
050,46,095,"South Dakota","Mellette County",1,81,9,4,5
050,46,095,"South Dakota","Mellette County",1,82,9,6,3
050,46,095,"South Dakota","Mellette County",1,83,9,4,5
050,46,095,"South Dakota","Mellette County",1,84,2,2,0
050,46,095,"South Dakota","Mellette County",1,85,24,11,13
050,46,095,"South Dakota","Mellette County",2,0,27,13,14
050,46,095,"South Dakota","Mellette County",2,1,30,12,18
050,46,095,"South Dakota","Mellette County",2,2,42,18,24
050,46,095,"South Dakota","Mellette County",2,3,44,18,26
050,46,095,"South Dakota","Mellette County",2,4,38,14,24
050,46,095,"South Dakota","Mellette County",2,5,37,19,18
050,46,095,"South Dakota","Mellette County",2,6,27,17,10
050,46,095,"South Dakota","Mellette County",2,7,26,14,12
050,46,095,"South Dakota","Mellette County",2,8,22,14,8
050,46,095,"South Dakota","Mellette County",2,9,24,15,9
050,46,095,"South Dakota","Mellette County",2,10,32,20,12
050,46,095,"South Dakota","Mellette County",2,11,26,15,11
050,46,095,"South Dakota","Mellette County",2,12,36,15,21
050,46,095,"South Dakota","Mellette County",2,13,40,17,23
050,46,095,"South Dakota","Mellette County",2,14,37,24,13
050,46,095,"South Dakota","Mellette County",2,15,39,26,13
050,46,095,"South Dakota","Mellette County",2,16,35,21,14
050,46,095,"South Dakota","Mellette County",2,17,24,14,10
050,46,095,"South Dakota","Mellette County",2,18,20,11,9
050,46,095,"South Dakota","Mellette County",2,19,27,14,13
050,46,095,"South Dakota","Mellette County",2,20,28,14,14
050,46,095,"South Dakota","Mellette County",2,21,26,14,12
050,46,095,"South Dakota","Mellette County",2,22,21,11,10
050,46,095,"South Dakota","Mellette County",2,23,23,10,13
050,46,095,"South Dakota","Mellette County",2,24,25,8,17
050,46,095,"South Dakota","Mellette County",2,25,28,10,18
050,46,095,"South Dakota","Mellette County",2,26,30,14,16
050,46,095,"South Dakota","Mellette County",2,27,22,11,11
050,46,095,"South Dakota","Mellette County",2,28,19,12,7
050,46,095,"South Dakota","Mellette County",2,29,18,10,8
050,46,095,"South Dakota","Mellette County",2,30,24,12,12
050,46,095,"South Dakota","Mellette County",2,31,30,15,15
050,46,095,"South Dakota","Mellette County",2,32,20,12,8
050,46,095,"South Dakota","Mellette County",2,33,18,10,8
050,46,095,"South Dakota","Mellette County",2,34,21,10,11
050,46,095,"South Dakota","Mellette County",2,35,16,9,7
050,46,095,"South Dakota","Mellette County",2,36,9,3,6
050,46,095,"South Dakota","Mellette County",2,37,16,6,10
050,46,095,"South Dakota","Mellette County",2,38,17,6,11
050,46,095,"South Dakota","Mellette County",2,39,19,5,14
050,46,095,"South Dakota","Mellette County",2,40,17,6,11
050,46,095,"South Dakota","Mellette County",2,41,21,9,12
050,46,095,"South Dakota","Mellette County",2,42,18,7,11
050,46,095,"South Dakota","Mellette County",2,43,20,8,12
050,46,095,"South Dakota","Mellette County",2,44,21,12,9
050,46,095,"South Dakota","Mellette County",2,45,22,13,9
050,46,095,"South Dakota","Mellette County",2,46,19,12,7
050,46,095,"South Dakota","Mellette County",2,47,19,13,6
050,46,095,"South Dakota","Mellette County",2,48,17,9,8
050,46,095,"South Dakota","Mellette County",2,49,17,8,9
050,46,095,"South Dakota","Mellette County",2,50,21,10,11
050,46,095,"South Dakota","Mellette County",2,51,23,13,10
050,46,095,"South Dakota","Mellette County",2,52,21,11,10
050,46,095,"South Dakota","Mellette County",2,53,22,11,11
050,46,095,"South Dakota","Mellette County",2,54,21,10,11
050,46,095,"South Dakota","Mellette County",2,55,22,10,12
050,46,095,"South Dakota","Mellette County",2,56,27,14,13
050,46,095,"South Dakota","Mellette County",2,57,27,12,15
050,46,095,"South Dakota","Mellette County",2,58,31,15,16
050,46,095,"South Dakota","Mellette County",2,59,27,14,13
050,46,095,"South Dakota","Mellette County",2,60,27,15,12
050,46,095,"South Dakota","Mellette County",2,61,21,9,12
050,46,095,"South Dakota","Mellette County",2,62,24,9,15
050,46,095,"South Dakota","Mellette County",2,63,27,12,15
050,46,095,"South Dakota","Mellette County",2,64,26,13,13
050,46,095,"South Dakota","Mellette County",2,65,21,14,7
050,46,095,"South Dakota","Mellette County",2,66,23,16,7
050,46,095,"South Dakota","Mellette County",2,67,18,12,6
050,46,095,"South Dakota","Mellette County",2,68,19,10,9
050,46,095,"South Dakota","Mellette County",2,69,18,10,8
050,46,095,"South Dakota","Mellette County",2,70,18,9,9
050,46,095,"South Dakota","Mellette County",2,71,21,12,9
050,46,095,"South Dakota","Mellette County",2,72,18,10,8
050,46,095,"South Dakota","Mellette County",2,73,19,10,9
050,46,095,"South Dakota","Mellette County",2,74,14,5,9
050,46,095,"South Dakota","Mellette County",2,75,12,6,6
050,46,095,"South Dakota","Mellette County",2,76,15,9,6
050,46,095,"South Dakota","Mellette County",2,77,11,4,7
050,46,095,"South Dakota","Mellette County",2,78,8,3,5
050,46,095,"South Dakota","Mellette County",2,79,5,3,2
050,46,095,"South Dakota","Mellette County",2,80,8,4,4
050,46,095,"South Dakota","Mellette County",2,81,8,3,5
050,46,095,"South Dakota","Mellette County",2,82,10,6,4
050,46,095,"South Dakota","Mellette County",2,83,6,4,2
050,46,095,"South Dakota","Mellette County",2,84,3,2,1
050,46,095,"South Dakota","Mellette County",2,85,24,11,13
050,46,095,"South Dakota","Mellette County",3,0,28,20,8
050,46,095,"South Dakota","Mellette County",3,1,34,18,16
050,46,095,"South Dakota","Mellette County",3,2,33,13,20
050,46,095,"South Dakota","Mellette County",3,3,40,20,20
050,46,095,"South Dakota","Mellette County",3,4,46,19,27
050,46,095,"South Dakota","Mellette County",3,5,41,15,26
050,46,095,"South Dakota","Mellette County",3,6,40,22,18
050,46,095,"South Dakota","Mellette County",3,7,23,13,10
050,46,095,"South Dakota","Mellette County",3,8,26,12,14
050,46,095,"South Dakota","Mellette County",3,9,22,14,8
050,46,095,"South Dakota","Mellette County",3,10,23,12,11
050,46,095,"South Dakota","Mellette County",3,11,33,21,12
050,46,095,"South Dakota","Mellette County",3,12,28,15,13
050,46,095,"South Dakota","Mellette County",3,13,36,16,20
050,46,095,"South Dakota","Mellette County",3,14,35,16,19
050,46,095,"South Dakota","Mellette County",3,15,38,25,13
050,46,095,"South Dakota","Mellette County",3,16,40,27,13
050,46,095,"South Dakota","Mellette County",3,17,36,20,16
050,46,095,"South Dakota","Mellette County",3,18,21,14,7
050,46,095,"South Dakota","Mellette County",3,19,19,9,10
050,46,095,"South Dakota","Mellette County",3,20,26,14,12
050,46,095,"South Dakota","Mellette County",3,21,24,13,11
050,46,095,"South Dakota","Mellette County",3,22,26,14,12
050,46,095,"South Dakota","Mellette County",3,23,18,11,7
050,46,095,"South Dakota","Mellette County",3,24,27,14,13
050,46,095,"South Dakota","Mellette County",3,25,20,8,12
050,46,095,"South Dakota","Mellette County",3,26,29,11,18
050,46,095,"South Dakota","Mellette County",3,27,31,15,16
050,46,095,"South Dakota","Mellette County",3,28,26,14,12
050,46,095,"South Dakota","Mellette County",3,29,16,9,7
050,46,095,"South Dakota","Mellette County",3,30,17,7,10
050,46,095,"South Dakota","Mellette County",3,31,21,11,10
050,46,095,"South Dakota","Mellette County",3,32,33,16,17
050,46,095,"South Dakota","Mellette County",3,33,20,12,8
050,46,095,"South Dakota","Mellette County",3,34,21,12,9
050,46,095,"South Dakota","Mellette County",3,35,21,12,9
050,46,095,"South Dakota","Mellette County",3,36,14,9,5
050,46,095,"South Dakota","Mellette County",3,37,10,4,6
050,46,095,"South Dakota","Mellette County",3,38,16,6,10
050,46,095,"South Dakota","Mellette County",3,39,16,7,9
050,46,095,"South Dakota","Mellette County",3,40,15,5,10
050,46,095,"South Dakota","Mellette County",3,41,18,7,11
050,46,095,"South Dakota","Mellette County",3,42,20,8,12
050,46,095,"South Dakota","Mellette County",3,43,17,6,11
050,46,095,"South Dakota","Mellette County",3,44,20,8,12
050,46,095,"South Dakota","Mellette County",3,45,21,12,9
050,46,095,"South Dakota","Mellette County",3,46,22,13,9
050,46,095,"South Dakota","Mellette County",3,47,13,5,8
050,46,095,"South Dakota","Mellette County",3,48,17,12,5
050,46,095,"South Dakota","Mellette County",3,49,19,11,8
050,46,095,"South Dakota","Mellette County",3,50,15,7,8
050,46,095,"South Dakota","Mellette County",3,51,21,10,11
050,46,095,"South Dakota","Mellette County",3,52,25,12,13
050,46,095,"South Dakota","Mellette County",3,53,20,10,10
050,46,095,"South Dakota","Mellette County",3,54,20,11,9
050,46,095,"South Dakota","Mellette County",3,55,19,8,11
050,46,095,"South Dakota","Mellette County",3,56,21,11,10
050,46,095,"South Dakota","Mellette County",3,57,25,13,12
050,46,095,"South Dakota","Mellette County",3,58,26,12,14
050,46,095,"South Dakota","Mellette County",3,59,28,13,15
050,46,095,"South Dakota","Mellette County",3,60,25,14,11
050,46,095,"South Dakota","Mellette County",3,61,23,12,11
050,46,095,"South Dakota","Mellette County",3,62,22,9,13
050,46,095,"South Dakota","Mellette County",3,63,28,11,17
050,46,095,"South Dakota","Mellette County",3,64,24,11,13
050,46,095,"South Dakota","Mellette County",3,65,24,11,13
050,46,095,"South Dakota","Mellette County",3,66,22,15,7
050,46,095,"South Dakota","Mellette County",3,67,21,14,7
050,46,095,"South Dakota","Mellette County",3,68,17,10,7
050,46,095,"South Dakota","Mellette County",3,69,18,10,8
050,46,095,"South Dakota","Mellette County",3,70,15,9,6
050,46,095,"South Dakota","Mellette County",3,71,16,8,8
050,46,095,"South Dakota","Mellette County",3,72,22,12,10
050,46,095,"South Dakota","Mellette County",3,73,18,10,8
050,46,095,"South Dakota","Mellette County",3,74,20,11,9
050,46,095,"South Dakota","Mellette County",3,75,13,5,8
050,46,095,"South Dakota","Mellette County",3,76,14,8,6
050,46,095,"South Dakota","Mellette County",3,77,12,6,6
050,46,095,"South Dakota","Mellette County",3,78,10,3,7
050,46,095,"South Dakota","Mellette County",3,79,8,3,5
050,46,095,"South Dakota","Mellette County",3,80,7,4,3
050,46,095,"South Dakota","Mellette County",3,81,4,2,2
050,46,095,"South Dakota","Mellette County",3,82,10,6,4
050,46,095,"South Dakota","Mellette County",3,83,7,5,2
050,46,095,"South Dakota","Mellette County",3,84,4,3,1
050,46,095,"South Dakota","Mellette County",3,85,18,9,9
050,46,095,"South Dakota","Mellette County",4,0,29,18,11
050,46,095,"South Dakota","Mellette County",4,1,26,16,10
050,46,095,"South Dakota","Mellette County",4,2,33,17,16
050,46,095,"South Dakota","Mellette County",4,3,33,14,19
050,46,095,"South Dakota","Mellette County",4,4,40,21,19
050,46,095,"South Dakota","Mellette County",4,5,42,17,25
050,46,095,"South Dakota","Mellette County",4,6,42,15,27
050,46,095,"South Dakota","Mellette County",4,7,38,20,18
050,46,095,"South Dakota","Mellette County",4,8,22,12,10
050,46,095,"South Dakota","Mellette County",4,9,26,12,14
050,46,095,"South Dakota","Mellette County",4,10,24,14,10
050,46,095,"South Dakota","Mellette County",4,11,23,12,11
050,46,095,"South Dakota","Mellette County",4,12,33,20,13
050,46,095,"South Dakota","Mellette County",4,13,26,15,11
050,46,095,"South Dakota","Mellette County",4,14,37,16,21
050,46,095,"South Dakota","Mellette County",4,15,32,15,17
050,46,095,"South Dakota","Mellette County",4,16,34,23,11
050,46,095,"South Dakota","Mellette County",4,17,42,29,13
050,46,095,"South Dakota","Mellette County",4,18,30,16,14
050,46,095,"South Dakota","Mellette County",4,19,19,12,7
050,46,095,"South Dakota","Mellette County",4,20,19,8,11
050,46,095,"South Dakota","Mellette County",4,21,26,14,12
050,46,095,"South Dakota","Mellette County",4,22,24,13,11
050,46,095,"South Dakota","Mellette County",4,23,29,13,16
050,46,095,"South Dakota","Mellette County",4,24,19,12,7
050,46,095,"South Dakota","Mellette County",4,25,26,15,11
050,46,095,"South Dakota","Mellette County",4,26,25,11,14
050,46,095,"South Dakota","Mellette County",4,27,30,13,17
050,46,095,"South Dakota","Mellette County",4,28,30,13,17
050,46,095,"South Dakota","Mellette County",4,29,24,13,11
050,46,095,"South Dakota","Mellette County",4,30,17,8,9
050,46,095,"South Dakota","Mellette County",4,31,17,8,9
050,46,095,"South Dakota","Mellette County",4,32,20,9,11
050,46,095,"South Dakota","Mellette County",4,33,29,13,16
050,46,095,"South Dakota","Mellette County",4,34,25,15,10
050,46,095,"South Dakota","Mellette County",4,35,15,10,5
050,46,095,"South Dakota","Mellette County",4,36,22,15,7
050,46,095,"South Dakota","Mellette County",4,37,12,6,6
050,46,095,"South Dakota","Mellette County",4,38,9,3,6
050,46,095,"South Dakota","Mellette County",4,39,17,6,11
050,46,095,"South Dakota","Mellette County",4,40,16,7,9
050,46,095,"South Dakota","Mellette County",4,41,17,6,11
050,46,095,"South Dakota","Mellette County",4,42,12,4,8
050,46,095,"South Dakota","Mellette County",4,43,20,8,12
050,46,095,"South Dakota","Mellette County",4,44,17,6,11
050,46,095,"South Dakota","Mellette County",4,45,20,8,12
050,46,095,"South Dakota","Mellette County",4,46,21,12,9
050,46,095,"South Dakota","Mellette County",4,47,24,12,12
050,46,095,"South Dakota","Mellette County",4,48,12,5,7
050,46,095,"South Dakota","Mellette County",4,49,15,10,5
050,46,095,"South Dakota","Mellette County",4,50,19,12,7
050,46,095,"South Dakota","Mellette County",4,51,16,8,8
050,46,095,"South Dakota","Mellette County",4,52,20,9,11
050,46,095,"South Dakota","Mellette County",4,53,25,12,13
050,46,095,"South Dakota","Mellette County",4,54,18,10,8
050,46,095,"South Dakota","Mellette County",4,55,14,5,9
050,46,095,"South Dakota","Mellette County",4,56,20,9,11
050,46,095,"South Dakota","Mellette County",4,57,20,10,10
050,46,095,"South Dakota","Mellette County",4,58,28,16,12
050,46,095,"South Dakota","Mellette County",4,59,24,11,13
050,46,095,"South Dakota","Mellette County",4,60,30,15,15
050,46,095,"South Dakota","Mellette County",4,61,25,14,11
050,46,095,"South Dakota","Mellette County",4,62,23,11,12
050,46,095,"South Dakota","Mellette County",4,63,24,11,13
050,46,095,"South Dakota","Mellette County",4,64,25,10,15
050,46,095,"South Dakota","Mellette County",4,65,22,10,12
050,46,095,"South Dakota","Mellette County",4,66,23,10,13
050,46,095,"South Dakota","Mellette County",4,67,21,14,7
050,46,095,"South Dakota","Mellette County",4,68,21,12,9
050,46,095,"South Dakota","Mellette County",4,69,17,11,6
050,46,095,"South Dakota","Mellette County",4,70,12,6,6
050,46,095,"South Dakota","Mellette County",4,71,15,9,6
050,46,095,"South Dakota","Mellette County",4,72,16,8,8
050,46,095,"South Dakota","Mellette County",4,73,18,9,9
050,46,095,"South Dakota","Mellette County",4,74,17,9,8
050,46,095,"South Dakota","Mellette County",4,75,19,11,8
050,46,095,"South Dakota","Mellette County",4,76,15,7,8
050,46,095,"South Dakota","Mellette County",4,77,12,6,6
050,46,095,"South Dakota","Mellette County",4,78,12,6,6
050,46,095,"South Dakota","Mellette County",4,79,10,3,7
050,46,095,"South Dakota","Mellette County",4,80,10,4,6
050,46,095,"South Dakota","Mellette County",4,81,5,2,3
050,46,095,"South Dakota","Mellette County",4,82,7,5,2
050,46,095,"South Dakota","Mellette County",4,83,10,5,5
050,46,095,"South Dakota","Mellette County",4,84,5,4,1
050,46,095,"South Dakota","Mellette County",4,85,15,7,8
050,46,095,"South Dakota","Mellette County",5,0,30,19,11
050,46,095,"South Dakota","Mellette County",5,1,26,15,11
050,46,095,"South Dakota","Mellette County",5,2,26,15,11
050,46,095,"South Dakota","Mellette County",5,3,31,16,15
050,46,095,"South Dakota","Mellette County",5,4,29,14,15
050,46,095,"South Dakota","Mellette County",5,5,39,21,18
050,46,095,"South Dakota","Mellette County",5,6,43,17,26
050,46,095,"South Dakota","Mellette County",5,7,43,17,26
050,46,095,"South Dakota","Mellette County",5,8,31,15,16
050,46,095,"South Dakota","Mellette County",5,9,22,12,10
050,46,095,"South Dakota","Mellette County",5,10,26,12,14
050,46,095,"South Dakota","Mellette County",5,11,23,13,10
050,46,095,"South Dakota","Mellette County",5,12,23,12,11
050,46,095,"South Dakota","Mellette County",5,13,35,22,13
050,46,095,"South Dakota","Mellette County",5,14,27,15,12
050,46,095,"South Dakota","Mellette County",5,15,37,16,21
050,46,095,"South Dakota","Mellette County",5,16,34,16,18
050,46,095,"South Dakota","Mellette County",5,17,35,23,12
050,46,095,"South Dakota","Mellette County",5,18,35,23,12
050,46,095,"South Dakota","Mellette County",5,19,29,16,13
050,46,095,"South Dakota","Mellette County",5,20,16,11,5
050,46,095,"South Dakota","Mellette County",5,21,15,8,7
050,46,095,"South Dakota","Mellette County",5,22,25,13,12
050,46,095,"South Dakota","Mellette County",5,23,25,13,12
050,46,095,"South Dakota","Mellette County",5,24,31,14,17
050,46,095,"South Dakota","Mellette County",5,25,17,14,3
050,46,095,"South Dakota","Mellette County",5,26,23,14,9
050,46,095,"South Dakota","Mellette County",5,27,19,6,13
050,46,095,"South Dakota","Mellette County",5,28,33,13,20
050,46,095,"South Dakota","Mellette County",5,29,33,15,18
050,46,095,"South Dakota","Mellette County",5,30,24,12,12
050,46,095,"South Dakota","Mellette County",5,31,19,11,8
050,46,095,"South Dakota","Mellette County",5,32,13,4,9
050,46,095,"South Dakota","Mellette County",5,33,19,8,11
050,46,095,"South Dakota","Mellette County",5,34,30,14,16
050,46,095,"South Dakota","Mellette County",5,35,20,12,8
050,46,095,"South Dakota","Mellette County",5,36,16,12,4
050,46,095,"South Dakota","Mellette County",5,37,18,13,5
050,46,095,"South Dakota","Mellette County",5,38,9,4,5
050,46,095,"South Dakota","Mellette County",5,39,9,3,6
050,46,095,"South Dakota","Mellette County",5,40,18,8,10
050,46,095,"South Dakota","Mellette County",5,41,17,7,10
050,46,095,"South Dakota","Mellette County",5,42,15,5,10
050,46,095,"South Dakota","Mellette County",5,43,14,6,8
050,46,095,"South Dakota","Mellette County",5,44,20,8,12
050,46,095,"South Dakota","Mellette County",5,45,17,6,11
050,46,095,"South Dakota","Mellette County",5,46,20,8,12
050,46,095,"South Dakota","Mellette County",5,47,22,12,10
050,46,095,"South Dakota","Mellette County",5,48,23,12,11
050,46,095,"South Dakota","Mellette County",5,49,12,5,7
050,46,095,"South Dakota","Mellette County",5,50,19,13,6
050,46,095,"South Dakota","Mellette County",5,51,20,13,7
050,46,095,"South Dakota","Mellette County",5,52,14,7,7
050,46,095,"South Dakota","Mellette County",5,53,20,9,11
050,46,095,"South Dakota","Mellette County",5,54,25,12,13
050,46,095,"South Dakota","Mellette County",5,55,17,9,8
050,46,095,"South Dakota","Mellette County",5,56,17,8,9
050,46,095,"South Dakota","Mellette County",5,57,19,6,13
050,46,095,"South Dakota","Mellette County",5,58,19,11,8
050,46,095,"South Dakota","Mellette County",5,59,25,15,10
050,46,095,"South Dakota","Mellette County",5,60,24,11,13
050,46,095,"South Dakota","Mellette County",5,61,30,15,15
050,46,095,"South Dakota","Mellette County",5,62,26,14,12
050,46,095,"South Dakota","Mellette County",5,63,25,15,10
050,46,095,"South Dakota","Mellette County",5,64,22,10,12
050,46,095,"South Dakota","Mellette County",5,65,23,10,13
050,46,095,"South Dakota","Mellette County",5,66,22,11,11
050,46,095,"South Dakota","Mellette County",5,67,23,10,13
050,46,095,"South Dakota","Mellette County",5,68,21,13,8
050,46,095,"South Dakota","Mellette County",5,69,22,13,9
050,46,095,"South Dakota","Mellette County",5,70,13,8,5
050,46,095,"South Dakota","Mellette County",5,71,12,6,6
050,46,095,"South Dakota","Mellette County",5,72,15,9,6
050,46,095,"South Dakota","Mellette County",5,73,15,7,8
050,46,095,"South Dakota","Mellette County",5,74,18,8,10
050,46,095,"South Dakota","Mellette County",5,75,19,11,8
050,46,095,"South Dakota","Mellette County",5,76,20,12,8
050,46,095,"South Dakota","Mellette County",5,77,13,5,8
050,46,095,"South Dakota","Mellette County",5,78,12,6,6
050,46,095,"South Dakota","Mellette County",5,79,12,6,6
050,46,095,"South Dakota","Mellette County",5,80,12,4,8
050,46,095,"South Dakota","Mellette County",5,81,8,2,6
050,46,095,"South Dakota","Mellette County",5,82,7,5,2
050,46,095,"South Dakota","Mellette County",5,83,7,4,3
050,46,095,"South Dakota","Mellette County",5,84,7,4,3
050,46,095,"South Dakota","Mellette County",5,85,12,6,6
050,46,097,"South Dakota","Miner County",1,0,24,12,12
050,46,097,"South Dakota","Miner County",1,1,26,14,12
050,46,097,"South Dakota","Miner County",1,2,28,13,15
050,46,097,"South Dakota","Miner County",1,3,17,9,8
050,46,097,"South Dakota","Miner County",1,4,32,21,11
050,46,097,"South Dakota","Miner County",1,5,36,21,15
050,46,097,"South Dakota","Miner County",1,6,23,10,13
050,46,097,"South Dakota","Miner County",1,7,25,13,12
050,46,097,"South Dakota","Miner County",1,8,25,14,11
050,46,097,"South Dakota","Miner County",1,9,34,17,17
050,46,097,"South Dakota","Miner County",1,10,31,19,12
050,46,097,"South Dakota","Miner County",1,11,27,15,12
050,46,097,"South Dakota","Miner County",1,12,34,18,16
050,46,097,"South Dakota","Miner County",1,13,35,19,16
050,46,097,"South Dakota","Miner County",1,14,40,21,19
050,46,097,"South Dakota","Miner County",1,15,37,21,16
050,46,097,"South Dakota","Miner County",1,16,39,20,19
050,46,097,"South Dakota","Miner County",1,17,31,18,13
050,46,097,"South Dakota","Miner County",1,18,28,14,14
050,46,097,"South Dakota","Miner County",1,19,27,15,12
050,46,097,"South Dakota","Miner County",1,20,23,9,14
050,46,097,"South Dakota","Miner County",1,21,24,12,12
050,46,097,"South Dakota","Miner County",1,22,17,9,8
050,46,097,"South Dakota","Miner County",1,23,28,16,12
050,46,097,"South Dakota","Miner County",1,24,28,17,11
050,46,097,"South Dakota","Miner County",1,25,28,16,12
050,46,097,"South Dakota","Miner County",1,26,19,11,8
050,46,097,"South Dakota","Miner County",1,27,25,11,14
050,46,097,"South Dakota","Miner County",1,28,17,10,7
050,46,097,"South Dakota","Miner County",1,29,16,10,6
050,46,097,"South Dakota","Miner County",1,30,24,8,16
050,46,097,"South Dakota","Miner County",1,31,16,8,8
050,46,097,"South Dakota","Miner County",1,32,15,6,9
050,46,097,"South Dakota","Miner County",1,33,16,10,6
050,46,097,"South Dakota","Miner County",1,34,21,9,12
050,46,097,"South Dakota","Miner County",1,35,30,13,17
050,46,097,"South Dakota","Miner County",1,36,20,14,6
050,46,097,"South Dakota","Miner County",1,37,21,12,9
050,46,097,"South Dakota","Miner County",1,38,17,8,9
050,46,097,"South Dakota","Miner County",1,39,21,9,12
050,46,097,"South Dakota","Miner County",1,40,25,12,13
050,46,097,"South Dakota","Miner County",1,41,21,9,12
050,46,097,"South Dakota","Miner County",1,42,23,13,10
050,46,097,"South Dakota","Miner County",1,43,23,13,10
050,46,097,"South Dakota","Miner County",1,44,22,11,11
050,46,097,"South Dakota","Miner County",1,45,21,11,10
050,46,097,"South Dakota","Miner County",1,46,25,13,12
050,46,097,"South Dakota","Miner County",1,47,21,13,8
050,46,097,"South Dakota","Miner County",1,48,19,10,9
050,46,097,"South Dakota","Miner County",1,49,18,7,11
050,46,097,"South Dakota","Miner County",1,50,15,5,10
050,46,097,"South Dakota","Miner County",1,51,22,11,11
050,46,097,"South Dakota","Miner County",1,52,26,14,12
050,46,097,"South Dakota","Miner County",1,53,26,12,14
050,46,097,"South Dakota","Miner County",1,54,33,18,15
050,46,097,"South Dakota","Miner County",1,55,38,17,21
050,46,097,"South Dakota","Miner County",1,56,40,21,19
050,46,097,"South Dakota","Miner County",1,57,43,27,16
050,46,097,"South Dakota","Miner County",1,58,41,24,17
050,46,097,"South Dakota","Miner County",1,59,47,23,24
050,46,097,"South Dakota","Miner County",1,60,42,17,25
050,46,097,"South Dakota","Miner County",1,61,37,22,15
050,46,097,"South Dakota","Miner County",1,62,43,23,20
050,46,097,"South Dakota","Miner County",1,63,40,22,18
050,46,097,"South Dakota","Miner County",1,64,38,18,20
050,46,097,"South Dakota","Miner County",1,65,45,20,25
050,46,097,"South Dakota","Miner County",1,66,42,22,20
050,46,097,"South Dakota","Miner County",1,67,35,22,13
050,46,097,"South Dakota","Miner County",1,68,26,16,10
050,46,097,"South Dakota","Miner County",1,69,28,20,8
050,46,097,"South Dakota","Miner County",1,70,25,18,7
050,46,097,"South Dakota","Miner County",1,71,28,15,13
050,46,097,"South Dakota","Miner County",1,72,14,8,6
050,46,097,"South Dakota","Miner County",1,73,16,8,8
050,46,097,"South Dakota","Miner County",1,74,19,10,9
050,46,097,"South Dakota","Miner County",1,75,24,13,11
050,46,097,"South Dakota","Miner County",1,76,14,7,7
050,46,097,"South Dakota","Miner County",1,77,20,9,11
050,46,097,"South Dakota","Miner County",1,78,16,7,9
050,46,097,"South Dakota","Miner County",1,79,13,8,5
050,46,097,"South Dakota","Miner County",1,80,16,4,12
050,46,097,"South Dakota","Miner County",1,81,10,1,9
050,46,097,"South Dakota","Miner County",1,82,12,5,7
050,46,097,"South Dakota","Miner County",1,83,16,9,7
050,46,097,"South Dakota","Miner County",1,84,11,7,4
050,46,097,"South Dakota","Miner County",1,85,96,35,61
050,46,097,"South Dakota","Miner County",2,0,27,13,14
050,46,097,"South Dakota","Miner County",2,1,26,14,12
050,46,097,"South Dakota","Miner County",2,2,27,13,14
050,46,097,"South Dakota","Miner County",2,3,20,10,10
050,46,097,"South Dakota","Miner County",2,4,29,18,11
050,46,097,"South Dakota","Miner County",2,5,35,21,14
050,46,097,"South Dakota","Miner County",2,6,27,13,14
050,46,097,"South Dakota","Miner County",2,7,25,13,12
050,46,097,"South Dakota","Miner County",2,8,24,13,11
050,46,097,"South Dakota","Miner County",2,9,31,16,15
050,46,097,"South Dakota","Miner County",2,10,32,19,13
050,46,097,"South Dakota","Miner County",2,11,26,15,11
050,46,097,"South Dakota","Miner County",2,12,33,18,15
050,46,097,"South Dakota","Miner County",2,13,34,18,16
050,46,097,"South Dakota","Miner County",2,14,40,21,19
050,46,097,"South Dakota","Miner County",2,15,38,21,17
050,46,097,"South Dakota","Miner County",2,16,39,21,18
050,46,097,"South Dakota","Miner County",2,17,33,18,15
050,46,097,"South Dakota","Miner County",2,18,28,15,13
050,46,097,"South Dakota","Miner County",2,19,26,14,12
050,46,097,"South Dakota","Miner County",2,20,24,11,13
050,46,097,"South Dakota","Miner County",2,21,24,11,13
050,46,097,"South Dakota","Miner County",2,22,18,9,9
050,46,097,"South Dakota","Miner County",2,23,25,14,11
050,46,097,"South Dakota","Miner County",2,24,28,16,12
050,46,097,"South Dakota","Miner County",2,25,26,15,11
050,46,097,"South Dakota","Miner County",2,26,21,12,9
050,46,097,"South Dakota","Miner County",2,27,24,11,13
050,46,097,"South Dakota","Miner County",2,28,19,11,8
050,46,097,"South Dakota","Miner County",2,29,17,10,7
050,46,097,"South Dakota","Miner County",2,30,22,8,14
050,46,097,"South Dakota","Miner County",2,31,18,8,10
050,46,097,"South Dakota","Miner County",2,32,14,6,8
050,46,097,"South Dakota","Miner County",2,33,16,9,7
050,46,097,"South Dakota","Miner County",2,34,19,9,10
050,46,097,"South Dakota","Miner County",2,35,29,13,16
050,46,097,"South Dakota","Miner County",2,36,22,14,8
050,46,097,"South Dakota","Miner County",2,37,20,12,8
050,46,097,"South Dakota","Miner County",2,38,18,9,9
050,46,097,"South Dakota","Miner County",2,39,20,9,11
050,46,097,"South Dakota","Miner County",2,40,24,11,13
050,46,097,"South Dakota","Miner County",2,41,22,10,12
050,46,097,"South Dakota","Miner County",2,42,22,12,10
050,46,097,"South Dakota","Miner County",2,43,23,13,10
050,46,097,"South Dakota","Miner County",2,44,21,11,10
050,46,097,"South Dakota","Miner County",2,45,23,12,11
050,46,097,"South Dakota","Miner County",2,46,23,12,11
050,46,097,"South Dakota","Miner County",2,47,22,13,9
050,46,097,"South Dakota","Miner County",2,48,20,11,9
050,46,097,"South Dakota","Miner County",2,49,18,8,10
050,46,097,"South Dakota","Miner County",2,50,16,6,10
050,46,097,"South Dakota","Miner County",2,51,21,10,11
050,46,097,"South Dakota","Miner County",2,52,25,13,12
050,46,097,"South Dakota","Miner County",2,53,26,12,14
050,46,097,"South Dakota","Miner County",2,54,32,17,15
050,46,097,"South Dakota","Miner County",2,55,36,17,19
050,46,097,"South Dakota","Miner County",2,56,39,20,19
050,46,097,"South Dakota","Miner County",2,57,43,26,17
050,46,097,"South Dakota","Miner County",2,58,42,25,17
050,46,097,"South Dakota","Miner County",2,59,46,23,23
050,46,097,"South Dakota","Miner County",2,60,43,18,25
050,46,097,"South Dakota","Miner County",2,61,38,21,17
050,46,097,"South Dakota","Miner County",2,62,41,22,19
050,46,097,"South Dakota","Miner County",2,63,41,22,19
050,46,097,"South Dakota","Miner County",2,64,36,17,19
050,46,097,"South Dakota","Miner County",2,65,43,19,24
050,46,097,"South Dakota","Miner County",2,66,43,22,21
050,46,097,"South Dakota","Miner County",2,67,37,22,15
050,46,097,"South Dakota","Miner County",2,68,29,18,11
050,46,097,"South Dakota","Miner County",2,69,28,19,9
050,46,097,"South Dakota","Miner County",2,70,25,18,7
050,46,097,"South Dakota","Miner County",2,71,28,16,12
050,46,097,"South Dakota","Miner County",2,72,17,10,7
050,46,097,"South Dakota","Miner County",2,73,16,8,8
050,46,097,"South Dakota","Miner County",2,74,18,9,9
050,46,097,"South Dakota","Miner County",2,75,24,13,11
050,46,097,"South Dakota","Miner County",2,76,16,8,8
050,46,097,"South Dakota","Miner County",2,77,19,9,10
050,46,097,"South Dakota","Miner County",2,78,16,7,9
050,46,097,"South Dakota","Miner County",2,79,14,8,6
050,46,097,"South Dakota","Miner County",2,80,16,5,11
050,46,097,"South Dakota","Miner County",2,81,11,2,9
050,46,097,"South Dakota","Miner County",2,82,12,5,7
050,46,097,"South Dakota","Miner County",2,83,15,8,7
050,46,097,"South Dakota","Miner County",2,84,13,8,5
050,46,097,"South Dakota","Miner County",2,85,97,35,62
050,46,097,"South Dakota","Miner County",3,0,26,15,11
050,46,097,"South Dakota","Miner County",3,1,27,13,14
050,46,097,"South Dakota","Miner County",3,2,27,16,11
050,46,097,"South Dakota","Miner County",3,3,30,15,15
050,46,097,"South Dakota","Miner County",3,4,22,10,12
050,46,097,"South Dakota","Miner County",3,5,30,20,10
050,46,097,"South Dakota","Miner County",3,6,40,26,14
050,46,097,"South Dakota","Miner County",3,7,28,14,14
050,46,097,"South Dakota","Miner County",3,8,27,14,13
050,46,097,"South Dakota","Miner County",3,9,26,14,12
050,46,097,"South Dakota","Miner County",3,10,31,16,15
050,46,097,"South Dakota","Miner County",3,11,31,20,11
050,46,097,"South Dakota","Miner County",3,12,25,14,11
050,46,097,"South Dakota","Miner County",3,13,34,18,16
050,46,097,"South Dakota","Miner County",3,14,31,17,14
050,46,097,"South Dakota","Miner County",3,15,39,20,19
050,46,097,"South Dakota","Miner County",3,16,36,19,17
050,46,097,"South Dakota","Miner County",3,17,41,22,19
050,46,097,"South Dakota","Miner County",3,18,28,16,12
050,46,097,"South Dakota","Miner County",3,19,22,13,9
050,46,097,"South Dakota","Miner County",3,20,24,16,8
050,46,097,"South Dakota","Miner County",3,21,29,15,14
050,46,097,"South Dakota","Miner County",3,22,26,12,14
050,46,097,"South Dakota","Miner County",3,23,19,9,10
050,46,097,"South Dakota","Miner County",3,24,22,11,11
050,46,097,"South Dakota","Miner County",3,25,32,21,11
050,46,097,"South Dakota","Miner County",3,26,26,14,12
050,46,097,"South Dakota","Miner County",3,27,25,13,12
050,46,097,"South Dakota","Miner County",3,28,29,14,15
050,46,097,"South Dakota","Miner County",3,29,20,12,8
050,46,097,"South Dakota","Miner County",3,30,18,11,7
050,46,097,"South Dakota","Miner County",3,31,23,9,14
050,46,097,"South Dakota","Miner County",3,32,15,8,7
050,46,097,"South Dakota","Miner County",3,33,16,6,10
050,46,097,"South Dakota","Miner County",3,34,15,8,7
050,46,097,"South Dakota","Miner County",3,35,21,11,10
050,46,097,"South Dakota","Miner County",3,36,32,14,18
050,46,097,"South Dakota","Miner County",3,37,19,13,6
050,46,097,"South Dakota","Miner County",3,38,21,14,7
050,46,097,"South Dakota","Miner County",3,39,20,10,10
050,46,097,"South Dakota","Miner County",3,40,18,7,11
050,46,097,"South Dakota","Miner County",3,41,25,12,13
050,46,097,"South Dakota","Miner County",3,42,23,10,13
050,46,097,"South Dakota","Miner County",3,43,22,12,10
050,46,097,"South Dakota","Miner County",3,44,23,12,11
050,46,097,"South Dakota","Miner County",3,45,21,11,10
050,46,097,"South Dakota","Miner County",3,46,21,12,9
050,46,097,"South Dakota","Miner County",3,47,24,12,12
050,46,097,"South Dakota","Miner County",3,48,22,14,8
050,46,097,"South Dakota","Miner County",3,49,19,10,9
050,46,097,"South Dakota","Miner County",3,50,18,8,10
050,46,097,"South Dakota","Miner County",3,51,16,6,10
050,46,097,"South Dakota","Miner County",3,52,20,9,11
050,46,097,"South Dakota","Miner County",3,53,23,13,10
050,46,097,"South Dakota","Miner County",3,54,25,11,14
050,46,097,"South Dakota","Miner County",3,55,35,17,18
050,46,097,"South Dakota","Miner County",3,56,35,16,19
050,46,097,"South Dakota","Miner County",3,57,40,22,18
050,46,097,"South Dakota","Miner County",3,58,48,32,16
050,46,097,"South Dakota","Miner County",3,59,42,25,17
050,46,097,"South Dakota","Miner County",3,60,44,20,24
050,46,097,"South Dakota","Miner County",3,61,44,20,24
050,46,097,"South Dakota","Miner County",3,62,36,19,17
050,46,097,"South Dakota","Miner County",3,63,44,24,20
050,46,097,"South Dakota","Miner County",3,64,38,20,18
050,46,097,"South Dakota","Miner County",3,65,37,17,20
050,46,097,"South Dakota","Miner County",3,66,42,19,23
050,46,097,"South Dakota","Miner County",3,67,38,18,20
050,46,097,"South Dakota","Miner County",3,68,36,22,14
050,46,097,"South Dakota","Miner County",3,69,31,19,12
050,46,097,"South Dakota","Miner County",3,70,25,16,9
050,46,097,"South Dakota","Miner County",3,71,27,17,10
050,46,097,"South Dakota","Miner County",3,72,25,15,10
050,46,097,"South Dakota","Miner County",3,73,12,9,3
050,46,097,"South Dakota","Miner County",3,74,17,9,8
050,46,097,"South Dakota","Miner County",3,75,17,9,8
050,46,097,"South Dakota","Miner County",3,76,22,11,11
050,46,097,"South Dakota","Miner County",3,77,16,8,8
050,46,097,"South Dakota","Miner County",3,78,16,8,8
050,46,097,"South Dakota","Miner County",3,79,15,7,8
050,46,097,"South Dakota","Miner County",3,80,14,7,7
050,46,097,"South Dakota","Miner County",3,81,12,5,7
050,46,097,"South Dakota","Miner County",3,82,13,4,9
050,46,097,"South Dakota","Miner County",3,83,11,4,7
050,46,097,"South Dakota","Miner County",3,84,15,8,7
050,46,097,"South Dakota","Miner County",3,85,91,35,56
050,46,097,"South Dakota","Miner County",4,0,26,20,6
050,46,097,"South Dakota","Miner County",4,1,28,17,11
050,46,097,"South Dakota","Miner County",4,2,29,13,16
050,46,097,"South Dakota","Miner County",4,3,29,18,11
050,46,097,"South Dakota","Miner County",4,4,32,15,17
050,46,097,"South Dakota","Miner County",4,5,21,8,13
050,46,097,"South Dakota","Miner County",4,6,28,20,8
050,46,097,"South Dakota","Miner County",4,7,39,25,14
050,46,097,"South Dakota","Miner County",4,8,27,14,13
050,46,097,"South Dakota","Miner County",4,9,27,14,13
050,46,097,"South Dakota","Miner County",4,10,26,14,12
050,46,097,"South Dakota","Miner County",4,11,32,17,15
050,46,097,"South Dakota","Miner County",4,12,32,21,11
050,46,097,"South Dakota","Miner County",4,13,26,14,12
050,46,097,"South Dakota","Miner County",4,14,32,18,14
050,46,097,"South Dakota","Miner County",4,15,29,17,12
050,46,097,"South Dakota","Miner County",4,16,37,18,19
050,46,097,"South Dakota","Miner County",4,17,36,19,17
050,46,097,"South Dakota","Miner County",4,18,30,19,11
050,46,097,"South Dakota","Miner County",4,19,20,12,8
050,46,097,"South Dakota","Miner County",4,20,19,10,9
050,46,097,"South Dakota","Miner County",4,21,24,15,9
050,46,097,"South Dakota","Miner County",4,22,27,12,15
050,46,097,"South Dakota","Miner County",4,23,25,15,10
050,46,097,"South Dakota","Miner County",4,24,10,6,4
050,46,097,"South Dakota","Miner County",4,25,22,10,12
050,46,097,"South Dakota","Miner County",4,26,25,18,7
050,46,097,"South Dakota","Miner County",4,27,26,11,15
050,46,097,"South Dakota","Miner County",4,28,32,14,18
050,46,097,"South Dakota","Miner County",4,29,27,12,15
050,46,097,"South Dakota","Miner County",4,30,25,17,8
050,46,097,"South Dakota","Miner County",4,31,20,13,7
050,46,097,"South Dakota","Miner County",4,32,25,12,13
050,46,097,"South Dakota","Miner County",4,33,18,11,7
050,46,097,"South Dakota","Miner County",4,34,16,6,10
050,46,097,"South Dakota","Miner County",4,35,17,9,8
050,46,097,"South Dakota","Miner County",4,36,21,10,11
050,46,097,"South Dakota","Miner County",4,37,33,15,18
050,46,097,"South Dakota","Miner County",4,38,18,12,6
050,46,097,"South Dakota","Miner County",4,39,19,13,6
050,46,097,"South Dakota","Miner County",4,40,20,10,10
050,46,097,"South Dakota","Miner County",4,41,17,7,10
050,46,097,"South Dakota","Miner County",4,42,25,12,13
050,46,097,"South Dakota","Miner County",4,43,22,11,11
050,46,097,"South Dakota","Miner County",4,44,22,13,9
050,46,097,"South Dakota","Miner County",4,45,23,12,11
050,46,097,"South Dakota","Miner County",4,46,21,11,10
050,46,097,"South Dakota","Miner County",4,47,21,12,9
050,46,097,"South Dakota","Miner County",4,48,24,12,12
050,46,097,"South Dakota","Miner County",4,49,22,14,8
050,46,097,"South Dakota","Miner County",4,50,17,9,8
050,46,097,"South Dakota","Miner County",4,51,18,8,10
050,46,097,"South Dakota","Miner County",4,52,18,7,11
050,46,097,"South Dakota","Miner County",4,53,21,9,12
050,46,097,"South Dakota","Miner County",4,54,25,15,10
050,46,097,"South Dakota","Miner County",4,55,27,11,16
050,46,097,"South Dakota","Miner County",4,56,37,17,20
050,46,097,"South Dakota","Miner County",4,57,34,15,19
050,46,097,"South Dakota","Miner County",4,58,46,26,20
050,46,097,"South Dakota","Miner County",4,59,49,33,16
050,46,097,"South Dakota","Miner County",4,60,38,23,15
050,46,097,"South Dakota","Miner County",4,61,46,22,24
050,46,097,"South Dakota","Miner County",4,62,42,18,24
050,46,097,"South Dakota","Miner County",4,63,39,23,16
050,46,097,"South Dakota","Miner County",4,64,41,22,19
050,46,097,"South Dakota","Miner County",4,65,42,20,22
050,46,097,"South Dakota","Miner County",4,66,32,16,16
050,46,097,"South Dakota","Miner County",4,67,37,17,20
050,46,097,"South Dakota","Miner County",4,68,37,18,19
050,46,097,"South Dakota","Miner County",4,69,36,22,14
050,46,097,"South Dakota","Miner County",4,70,29,17,12
050,46,097,"South Dakota","Miner County",4,71,29,17,12
050,46,097,"South Dakota","Miner County",4,72,21,15,6
050,46,097,"South Dakota","Miner County",4,73,22,14,8
050,46,097,"South Dakota","Miner County",4,74,11,8,3
050,46,097,"South Dakota","Miner County",4,75,18,11,7
050,46,097,"South Dakota","Miner County",4,76,14,7,7
050,46,097,"South Dakota","Miner County",4,77,23,11,12
050,46,097,"South Dakota","Miner County",4,78,15,8,7
050,46,097,"South Dakota","Miner County",4,79,15,7,8
050,46,097,"South Dakota","Miner County",4,80,16,6,10
050,46,097,"South Dakota","Miner County",4,81,12,7,5
050,46,097,"South Dakota","Miner County",4,82,13,5,8
050,46,097,"South Dakota","Miner County",4,83,10,3,7
050,46,097,"South Dakota","Miner County",4,84,12,5,7
050,46,097,"South Dakota","Miner County",4,85,91,35,56
050,46,097,"South Dakota","Miner County",5,0,27,21,6
050,46,097,"South Dakota","Miner County",5,1,30,22,8
050,46,097,"South Dakota","Miner County",5,2,29,18,11
050,46,097,"South Dakota","Miner County",5,3,29,13,16
050,46,097,"South Dakota","Miner County",5,4,31,19,12
050,46,097,"South Dakota","Miner County",5,5,29,14,15
050,46,097,"South Dakota","Miner County",5,6,24,8,16
050,46,097,"South Dakota","Miner County",5,7,28,20,8
050,46,097,"South Dakota","Miner County",5,8,36,25,11
050,46,097,"South Dakota","Miner County",5,9,27,14,13
050,46,097,"South Dakota","Miner County",5,10,26,13,13
050,46,097,"South Dakota","Miner County",5,11,28,14,14
050,46,097,"South Dakota","Miner County",5,12,32,16,16
050,46,097,"South Dakota","Miner County",5,13,31,20,11
050,46,097,"South Dakota","Miner County",5,14,29,15,14
050,46,097,"South Dakota","Miner County",5,15,32,18,14
050,46,097,"South Dakota","Miner County",5,16,30,18,12
050,46,097,"South Dakota","Miner County",5,17,38,18,20
050,46,097,"South Dakota","Miner County",5,18,31,17,14
050,46,097,"South Dakota","Miner County",5,19,24,16,8
050,46,097,"South Dakota","Miner County",5,20,23,15,8
050,46,097,"South Dakota","Miner County",5,21,16,8,8
050,46,097,"South Dakota","Miner County",5,22,22,13,9
050,46,097,"South Dakota","Miner County",5,23,23,12,11
050,46,097,"South Dakota","Miner County",5,24,29,16,13
050,46,097,"South Dakota","Miner County",5,25,12,6,6
050,46,097,"South Dakota","Miner County",5,26,22,10,12
050,46,097,"South Dakota","Miner County",5,27,20,13,7
050,46,097,"South Dakota","Miner County",5,28,24,11,13
050,46,097,"South Dakota","Miner County",5,29,29,14,15
050,46,097,"South Dakota","Miner County",5,30,24,10,14
050,46,097,"South Dakota","Miner County",5,31,21,13,8
050,46,097,"South Dakota","Miner County",5,32,21,13,8
050,46,097,"South Dakota","Miner County",5,33,27,13,14
050,46,097,"South Dakota","Miner County",5,34,19,10,9
050,46,097,"South Dakota","Miner County",5,35,18,9,9
050,46,097,"South Dakota","Miner County",5,36,21,9,12
050,46,097,"South Dakota","Miner County",5,37,23,10,13
050,46,097,"South Dakota","Miner County",5,38,34,17,17
050,46,097,"South Dakota","Miner County",5,39,17,11,6
050,46,097,"South Dakota","Miner County",5,40,19,13,6
050,46,097,"South Dakota","Miner County",5,41,22,11,11
050,46,097,"South Dakota","Miner County",5,42,17,7,10
050,46,097,"South Dakota","Miner County",5,43,25,12,13
050,46,097,"South Dakota","Miner County",5,44,24,12,12
050,46,097,"South Dakota","Miner County",5,45,21,12,9
050,46,097,"South Dakota","Miner County",5,46,24,12,12
050,46,097,"South Dakota","Miner County",5,47,21,11,10
050,46,097,"South Dakota","Miner County",5,48,23,14,9
050,46,097,"South Dakota","Miner County",5,49,25,12,13
050,46,097,"South Dakota","Miner County",5,50,20,13,7
050,46,097,"South Dakota","Miner County",5,51,15,9,6
050,46,097,"South Dakota","Miner County",5,52,20,10,10
050,46,097,"South Dakota","Miner County",5,53,20,9,11
050,46,097,"South Dakota","Miner County",5,54,19,9,10
050,46,097,"South Dakota","Miner County",5,55,24,16,8
050,46,097,"South Dakota","Miner County",5,56,27,11,16
050,46,097,"South Dakota","Miner County",5,57,34,15,19
050,46,097,"South Dakota","Miner County",5,58,35,16,19
050,46,097,"South Dakota","Miner County",5,59,47,27,20
050,46,097,"South Dakota","Miner County",5,60,47,31,16
050,46,097,"South Dakota","Miner County",5,61,39,25,14
050,46,097,"South Dakota","Miner County",5,62,44,20,24
050,46,097,"South Dakota","Miner County",5,63,45,20,25
050,46,097,"South Dakota","Miner County",5,64,33,20,13
050,46,097,"South Dakota","Miner County",5,65,42,22,20
050,46,097,"South Dakota","Miner County",5,66,38,18,20
050,46,097,"South Dakota","Miner County",5,67,30,14,16
050,46,097,"South Dakota","Miner County",5,68,37,17,20
050,46,097,"South Dakota","Miner County",5,69,35,17,18
050,46,097,"South Dakota","Miner County",5,70,34,20,14
050,46,097,"South Dakota","Miner County",5,71,33,18,15
050,46,097,"South Dakota","Miner County",5,72,26,17,9
050,46,097,"South Dakota","Miner County",5,73,18,14,4
050,46,097,"South Dakota","Miner County",5,74,23,13,10
050,46,097,"South Dakota","Miner County",5,75,13,10,3
050,46,097,"South Dakota","Miner County",5,76,15,9,6
050,46,097,"South Dakota","Miner County",5,77,15,8,7
050,46,097,"South Dakota","Miner County",5,78,22,11,11
050,46,097,"South Dakota","Miner County",5,79,15,7,8
050,46,097,"South Dakota","Miner County",5,80,16,6,10
050,46,097,"South Dakota","Miner County",5,81,14,6,8
050,46,097,"South Dakota","Miner County",5,82,14,9,5
050,46,097,"South Dakota","Miner County",5,83,14,5,9
050,46,097,"South Dakota","Miner County",5,84,10,4,6
050,46,097,"South Dakota","Miner County",5,85,90,33,57
050,46,099,"South Dakota","Minnehaha County",1,0,2845,1457,1388
050,46,099,"South Dakota","Minnehaha County",1,1,2887,1474,1413
050,46,099,"South Dakota","Minnehaha County",1,2,3021,1549,1472
050,46,099,"South Dakota","Minnehaha County",1,3,2957,1521,1436
050,46,099,"South Dakota","Minnehaha County",1,4,2984,1565,1419
050,46,099,"South Dakota","Minnehaha County",1,5,2989,1523,1466
050,46,099,"South Dakota","Minnehaha County",1,6,2892,1453,1439
050,46,099,"South Dakota","Minnehaha County",1,7,2852,1496,1356
050,46,099,"South Dakota","Minnehaha County",1,8,2813,1411,1402
050,46,099,"South Dakota","Minnehaha County",1,9,2811,1438,1373
050,46,099,"South Dakota","Minnehaha County",1,10,2903,1512,1391
050,46,099,"South Dakota","Minnehaha County",1,11,2888,1500,1388
050,46,099,"South Dakota","Minnehaha County",1,12,2787,1441,1346
050,46,099,"South Dakota","Minnehaha County",1,13,2758,1429,1329
050,46,099,"South Dakota","Minnehaha County",1,14,2642,1332,1310
050,46,099,"South Dakota","Minnehaha County",1,15,2652,1386,1266
050,46,099,"South Dakota","Minnehaha County",1,16,2626,1353,1273
050,46,099,"South Dakota","Minnehaha County",1,17,2551,1315,1236
050,46,099,"South Dakota","Minnehaha County",1,18,2174,1154,1020
050,46,099,"South Dakota","Minnehaha County",1,19,2059,1084,975
050,46,099,"South Dakota","Minnehaha County",1,20,2151,1107,1044
050,46,099,"South Dakota","Minnehaha County",1,21,2229,1163,1066
050,46,099,"South Dakota","Minnehaha County",1,22,2317,1179,1138
050,46,099,"South Dakota","Minnehaha County",1,23,2480,1194,1286
050,46,099,"South Dakota","Minnehaha County",1,24,2674,1310,1364
050,46,099,"South Dakota","Minnehaha County",1,25,2789,1388,1401
050,46,099,"South Dakota","Minnehaha County",1,26,2926,1507,1419
050,46,099,"South Dakota","Minnehaha County",1,27,2978,1536,1442
050,46,099,"South Dakota","Minnehaha County",1,28,3026,1617,1409
050,46,099,"South Dakota","Minnehaha County",1,29,3012,1570,1442
050,46,099,"South Dakota","Minnehaha County",1,30,3013,1521,1492
050,46,099,"South Dakota","Minnehaha County",1,31,3097,1638,1459
050,46,099,"South Dakota","Minnehaha County",1,32,3074,1582,1492
050,46,099,"South Dakota","Minnehaha County",1,33,3114,1659,1455
050,46,099,"South Dakota","Minnehaha County",1,34,3127,1681,1446
050,46,099,"South Dakota","Minnehaha County",1,35,3068,1667,1401
050,46,099,"South Dakota","Minnehaha County",1,36,3099,1682,1417
050,46,099,"South Dakota","Minnehaha County",1,37,2955,1528,1427
050,46,099,"South Dakota","Minnehaha County",1,38,2885,1513,1372
050,46,099,"South Dakota","Minnehaha County",1,39,2905,1568,1337
050,46,099,"South Dakota","Minnehaha County",1,40,2738,1460,1278
050,46,099,"South Dakota","Minnehaha County",1,41,2569,1342,1227
050,46,099,"South Dakota","Minnehaha County",1,42,2470,1281,1189
050,46,099,"South Dakota","Minnehaha County",1,43,2462,1284,1178
050,46,099,"South Dakota","Minnehaha County",1,44,2178,1169,1009
050,46,099,"South Dakota","Minnehaha County",1,45,2184,1141,1043
050,46,099,"South Dakota","Minnehaha County",1,46,2103,1101,1002
050,46,099,"South Dakota","Minnehaha County",1,47,2164,1111,1053
050,46,099,"South Dakota","Minnehaha County",1,48,2217,1180,1037
050,46,099,"South Dakota","Minnehaha County",1,49,2325,1187,1138
050,46,099,"South Dakota","Minnehaha County",1,50,2260,1176,1084
050,46,099,"South Dakota","Minnehaha County",1,51,2143,1117,1026
050,46,099,"South Dakota","Minnehaha County",1,52,2164,1144,1020
050,46,099,"South Dakota","Minnehaha County",1,53,2202,1126,1076
050,46,099,"South Dakota","Minnehaha County",1,54,2233,1146,1087
050,46,099,"South Dakota","Minnehaha County",1,55,2400,1258,1142
050,46,099,"South Dakota","Minnehaha County",1,56,2481,1252,1229
050,46,099,"South Dakota","Minnehaha County",1,57,2569,1287,1282
050,46,099,"South Dakota","Minnehaha County",1,58,2547,1258,1289
050,46,099,"South Dakota","Minnehaha County",1,59,2492,1225,1267
050,46,099,"South Dakota","Minnehaha County",1,60,2485,1247,1238
050,46,099,"South Dakota","Minnehaha County",1,61,2471,1241,1230
050,46,099,"South Dakota","Minnehaha County",1,62,2442,1232,1210
050,46,099,"South Dakota","Minnehaha County",1,63,2360,1153,1207
050,46,099,"South Dakota","Minnehaha County",1,64,2270,1123,1147
050,46,099,"South Dakota","Minnehaha County",1,65,2217,1087,1130
050,46,099,"South Dakota","Minnehaha County",1,66,2151,1042,1109
050,46,099,"South Dakota","Minnehaha County",1,67,2012,1020,992
050,46,099,"South Dakota","Minnehaha County",1,68,1949,962,987
050,46,099,"South Dakota","Minnehaha County",1,69,1795,900,895
050,46,099,"South Dakota","Minnehaha County",1,70,1662,838,824
050,46,099,"South Dakota","Minnehaha County",1,71,1542,745,797
050,46,099,"South Dakota","Minnehaha County",1,72,1500,758,742
050,46,099,"South Dakota","Minnehaha County",1,73,1350,677,673
050,46,099,"South Dakota","Minnehaha County",1,74,905,425,480
050,46,099,"South Dakota","Minnehaha County",1,75,873,403,470
050,46,099,"South Dakota","Minnehaha County",1,76,836,382,454
050,46,099,"South Dakota","Minnehaha County",1,77,790,362,428
050,46,099,"South Dakota","Minnehaha County",1,78,664,287,377
050,46,099,"South Dakota","Minnehaha County",1,79,571,237,334
050,46,099,"South Dakota","Minnehaha County",1,80,572,229,343
050,46,099,"South Dakota","Minnehaha County",1,81,498,207,291
050,46,099,"South Dakota","Minnehaha County",1,82,452,180,272
050,46,099,"South Dakota","Minnehaha County",1,83,442,159,283
050,46,099,"South Dakota","Minnehaha County",1,84,465,165,300
050,46,099,"South Dakota","Minnehaha County",1,85,3022,1006,2016
050,46,099,"South Dakota","Minnehaha County",2,0,2847,1435,1412
050,46,099,"South Dakota","Minnehaha County",2,1,2876,1466,1410
050,46,099,"South Dakota","Minnehaha County",2,2,2977,1525,1452
050,46,099,"South Dakota","Minnehaha County",2,3,2965,1526,1439
050,46,099,"South Dakota","Minnehaha County",2,4,2989,1559,1430
050,46,099,"South Dakota","Minnehaha County",2,5,2972,1529,1443
050,46,099,"South Dakota","Minnehaha County",2,6,2935,1480,1455
050,46,099,"South Dakota","Minnehaha County",2,7,2864,1491,1373
050,46,099,"South Dakota","Minnehaha County",2,8,2812,1422,1390
050,46,099,"South Dakota","Minnehaha County",2,9,2809,1434,1375
050,46,099,"South Dakota","Minnehaha County",2,10,2876,1492,1384
050,46,099,"South Dakota","Minnehaha County",2,11,2889,1501,1388
050,46,099,"South Dakota","Minnehaha County",2,12,2818,1458,1360
050,46,099,"South Dakota","Minnehaha County",2,13,2765,1431,1334
050,46,099,"South Dakota","Minnehaha County",2,14,2668,1357,1311
050,46,099,"South Dakota","Minnehaha County",2,15,2658,1383,1275
050,46,099,"South Dakota","Minnehaha County",2,16,2644,1370,1274
050,46,099,"South Dakota","Minnehaha County",2,17,2579,1330,1249
050,46,099,"South Dakota","Minnehaha County",2,18,2185,1153,1032
050,46,099,"South Dakota","Minnehaha County",2,19,2075,1093,982
050,46,099,"South Dakota","Minnehaha County",2,20,2173,1123,1050
050,46,099,"South Dakota","Minnehaha County",2,21,2230,1168,1062
050,46,099,"South Dakota","Minnehaha County",2,22,2342,1193,1149
050,46,099,"South Dakota","Minnehaha County",2,23,2473,1200,1273
050,46,099,"South Dakota","Minnehaha County",2,24,2653,1300,1353
050,46,099,"South Dakota","Minnehaha County",2,25,2766,1372,1394
050,46,099,"South Dakota","Minnehaha County",2,26,2907,1492,1415
050,46,099,"South Dakota","Minnehaha County",2,27,2954,1528,1426
050,46,099,"South Dakota","Minnehaha County",2,28,3018,1591,1427
050,46,099,"South Dakota","Minnehaha County",2,29,3029,1588,1441
050,46,099,"South Dakota","Minnehaha County",2,30,3023,1534,1489
050,46,099,"South Dakota","Minnehaha County",2,31,3066,1608,1458
050,46,099,"South Dakota","Minnehaha County",2,32,3067,1581,1486
050,46,099,"South Dakota","Minnehaha County",2,33,3113,1645,1468
050,46,099,"South Dakota","Minnehaha County",2,34,3126,1673,1453
050,46,099,"South Dakota","Minnehaha County",2,35,3095,1680,1415
050,46,099,"South Dakota","Minnehaha County",2,36,3075,1673,1402
050,46,099,"South Dakota","Minnehaha County",2,37,2984,1562,1422
050,46,099,"South Dakota","Minnehaha County",2,38,2917,1524,1393
050,46,099,"South Dakota","Minnehaha County",2,39,2881,1547,1334
050,46,099,"South Dakota","Minnehaha County",2,40,2800,1501,1299
050,46,099,"South Dakota","Minnehaha County",2,41,2589,1356,1233
050,46,099,"South Dakota","Minnehaha County",2,42,2480,1287,1193
050,46,099,"South Dakota","Minnehaha County",2,43,2485,1295,1190
050,46,099,"South Dakota","Minnehaha County",2,44,2225,1188,1037
050,46,099,"South Dakota","Minnehaha County",2,45,2189,1153,1036
050,46,099,"South Dakota","Minnehaha County",2,46,2128,1117,1011
050,46,099,"South Dakota","Minnehaha County",2,47,2145,1106,1039
050,46,099,"South Dakota","Minnehaha County",2,48,2207,1160,1047
050,46,099,"South Dakota","Minnehaha County",2,49,2305,1186,1119
050,46,099,"South Dakota","Minnehaha County",2,50,2280,1181,1099
050,46,099,"South Dakota","Minnehaha County",2,51,2162,1128,1034
050,46,099,"South Dakota","Minnehaha County",2,52,2161,1138,1023
050,46,099,"South Dakota","Minnehaha County",2,53,2200,1139,1061
050,46,099,"South Dakota","Minnehaha County",2,54,2218,1142,1076
050,46,099,"South Dakota","Minnehaha County",2,55,2353,1222,1131
050,46,099,"South Dakota","Minnehaha County",2,56,2479,1263,1216
050,46,099,"South Dakota","Minnehaha County",2,57,2551,1286,1265
050,46,099,"South Dakota","Minnehaha County",2,58,2556,1267,1289
050,46,099,"South Dakota","Minnehaha County",2,59,2524,1243,1281
050,46,099,"South Dakota","Minnehaha County",2,60,2474,1234,1240
050,46,099,"South Dakota","Minnehaha County",2,61,2473,1240,1233
050,46,099,"South Dakota","Minnehaha County",2,62,2461,1244,1217
050,46,099,"South Dakota","Minnehaha County",2,63,2400,1182,1218
050,46,099,"South Dakota","Minnehaha County",2,64,2285,1126,1159
050,46,099,"South Dakota","Minnehaha County",2,65,2250,1098,1152
050,46,099,"South Dakota","Minnehaha County",2,66,2160,1049,1111
050,46,099,"South Dakota","Minnehaha County",2,67,2030,1016,1014
050,46,099,"South Dakota","Minnehaha County",2,68,1935,965,970
050,46,099,"South Dakota","Minnehaha County",2,69,1833,915,918
050,46,099,"South Dakota","Minnehaha County",2,70,1679,847,832
050,46,099,"South Dakota","Minnehaha County",2,71,1550,761,789
050,46,099,"South Dakota","Minnehaha County",2,72,1478,734,744
050,46,099,"South Dakota","Minnehaha County",2,73,1434,718,716
050,46,099,"South Dakota","Minnehaha County",2,74,942,454,488
050,46,099,"South Dakota","Minnehaha County",2,75,870,402,468
050,46,099,"South Dakota","Minnehaha County",2,76,830,375,455
050,46,099,"South Dakota","Minnehaha County",2,77,809,369,440
050,46,099,"South Dakota","Minnehaha County",2,78,679,295,384
050,46,099,"South Dakota","Minnehaha County",2,79,590,247,343
050,46,099,"South Dakota","Minnehaha County",2,80,557,223,334
050,46,099,"South Dakota","Minnehaha County",2,81,499,206,293
050,46,099,"South Dakota","Minnehaha County",2,82,455,183,272
050,46,099,"South Dakota","Minnehaha County",2,83,430,158,272
050,46,099,"South Dakota","Minnehaha County",2,84,453,161,292
050,46,099,"South Dakota","Minnehaha County",2,85,3007,999,2008
050,46,099,"South Dakota","Minnehaha County",3,0,2689,1342,1347
050,46,099,"South Dakota","Minnehaha County",3,1,2797,1425,1372
050,46,099,"South Dakota","Minnehaha County",3,2,2857,1468,1389
050,46,099,"South Dakota","Minnehaha County",3,3,2955,1532,1423
050,46,099,"South Dakota","Minnehaha County",3,4,2968,1524,1444
050,46,099,"South Dakota","Minnehaha County",3,5,2979,1551,1428
050,46,099,"South Dakota","Minnehaha County",3,6,2964,1512,1452
050,46,099,"South Dakota","Minnehaha County",3,7,2924,1479,1445
050,46,099,"South Dakota","Minnehaha County",3,8,2852,1473,1379
050,46,099,"South Dakota","Minnehaha County",3,9,2842,1445,1397
050,46,099,"South Dakota","Minnehaha County",3,10,2822,1450,1372
050,46,099,"South Dakota","Minnehaha County",3,11,2927,1528,1399
050,46,099,"South Dakota","Minnehaha County",3,12,2889,1499,1390
050,46,099,"South Dakota","Minnehaha County",3,13,2833,1449,1384
050,46,099,"South Dakota","Minnehaha County",3,14,2766,1430,1336
050,46,099,"South Dakota","Minnehaha County",3,15,2718,1381,1337
050,46,099,"South Dakota","Minnehaha County",3,16,2691,1407,1284
050,46,099,"South Dakota","Minnehaha County",3,17,2678,1378,1300
050,46,099,"South Dakota","Minnehaha County",3,18,2283,1211,1072
050,46,099,"South Dakota","Minnehaha County",3,19,2093,1095,998
050,46,099,"South Dakota","Minnehaha County",3,20,2217,1160,1057
050,46,099,"South Dakota","Minnehaha County",3,21,2245,1180,1065
050,46,099,"South Dakota","Minnehaha County",3,22,2458,1245,1213
050,46,099,"South Dakota","Minnehaha County",3,23,2542,1285,1257
050,46,099,"South Dakota","Minnehaha County",3,24,2661,1319,1342
050,46,099,"South Dakota","Minnehaha County",3,25,2811,1408,1403
050,46,099,"South Dakota","Minnehaha County",3,26,2881,1472,1409
050,46,099,"South Dakota","Minnehaha County",3,27,2925,1508,1417
050,46,099,"South Dakota","Minnehaha County",3,28,2980,1538,1442
050,46,099,"South Dakota","Minnehaha County",3,29,2992,1590,1402
050,46,099,"South Dakota","Minnehaha County",3,30,3005,1552,1453
050,46,099,"South Dakota","Minnehaha County",3,31,3086,1607,1479
050,46,099,"South Dakota","Minnehaha County",3,32,3069,1593,1476
050,46,099,"South Dakota","Minnehaha County",3,33,3085,1613,1472
050,46,099,"South Dakota","Minnehaha County",3,34,3152,1685,1467
050,46,099,"South Dakota","Minnehaha County",3,35,3115,1644,1471
050,46,099,"South Dakota","Minnehaha County",3,36,3109,1667,1442
050,46,099,"South Dakota","Minnehaha County",3,37,3079,1648,1431
050,46,099,"South Dakota","Minnehaha County",3,38,2998,1552,1446
050,46,099,"South Dakota","Minnehaha County",3,39,2901,1529,1372
050,46,099,"South Dakota","Minnehaha County",3,40,2898,1550,1348
050,46,099,"South Dakota","Minnehaha County",3,41,2823,1526,1297
050,46,099,"South Dakota","Minnehaha County",3,42,2602,1357,1245
050,46,099,"South Dakota","Minnehaha County",3,43,2491,1291,1200
050,46,099,"South Dakota","Minnehaha County",3,44,2517,1316,1201
050,46,099,"South Dakota","Minnehaha County",3,45,2254,1206,1048
050,46,099,"South Dakota","Minnehaha County",3,46,2213,1168,1045
050,46,099,"South Dakota","Minnehaha County",3,47,2118,1101,1017
050,46,099,"South Dakota","Minnehaha County",3,48,2128,1100,1028
050,46,099,"South Dakota","Minnehaha County",3,49,2218,1156,1062
050,46,099,"South Dakota","Minnehaha County",3,50,2308,1201,1107
050,46,099,"South Dakota","Minnehaha County",3,51,2307,1197,1110
050,46,099,"South Dakota","Minnehaha County",3,52,2147,1112,1035
050,46,099,"South Dakota","Minnehaha County",3,53,2210,1181,1029
050,46,099,"South Dakota","Minnehaha County",3,54,2170,1120,1050
050,46,099,"South Dakota","Minnehaha County",3,55,2232,1156,1076
050,46,099,"South Dakota","Minnehaha County",3,56,2390,1246,1144
050,46,099,"South Dakota","Minnehaha County",3,57,2461,1254,1207
050,46,099,"South Dakota","Minnehaha County",3,58,2563,1271,1292
050,46,099,"South Dakota","Minnehaha County",3,59,2557,1268,1289
050,46,099,"South Dakota","Minnehaha County",3,60,2506,1236,1270
050,46,099,"South Dakota","Minnehaha County",3,61,2448,1218,1230
050,46,099,"South Dakota","Minnehaha County",3,62,2463,1216,1247
050,46,099,"South Dakota","Minnehaha County",3,63,2490,1254,1236
050,46,099,"South Dakota","Minnehaha County",3,64,2381,1173,1208
050,46,099,"South Dakota","Minnehaha County",3,65,2280,1114,1166
050,46,099,"South Dakota","Minnehaha County",3,66,2194,1054,1140
050,46,099,"South Dakota","Minnehaha County",3,67,2122,1041,1081
050,46,099,"South Dakota","Minnehaha County",3,68,1975,998,977
050,46,099,"South Dakota","Minnehaha County",3,69,1872,932,940
050,46,099,"South Dakota","Minnehaha County",3,70,1767,875,892
050,46,099,"South Dakota","Minnehaha County",3,71,1601,801,800
050,46,099,"South Dakota","Minnehaha County",3,72,1498,737,761
050,46,099,"South Dakota","Minnehaha County",3,73,1407,697,710
050,46,099,"South Dakota","Minnehaha County",3,74,1382,700,682
050,46,099,"South Dakota","Minnehaha County",3,75,895,436,459
050,46,099,"South Dakota","Minnehaha County",3,76,829,371,458
050,46,099,"South Dakota","Minnehaha County",3,77,759,342,417
050,46,099,"South Dakota","Minnehaha County",3,78,742,325,417
050,46,099,"South Dakota","Minnehaha County",3,79,635,267,368
050,46,099,"South Dakota","Minnehaha County",3,80,566,239,327
050,46,099,"South Dakota","Minnehaha County",3,81,486,189,297
050,46,099,"South Dakota","Minnehaha County",3,82,458,181,277
050,46,099,"South Dakota","Minnehaha County",3,83,418,159,259
050,46,099,"South Dakota","Minnehaha County",3,84,405,140,265
050,46,099,"South Dakota","Minnehaha County",3,85,2880,928,1952
050,46,099,"South Dakota","Minnehaha County",4,0,2796,1420,1376
050,46,099,"South Dakota","Minnehaha County",4,1,2680,1342,1338
050,46,099,"South Dakota","Minnehaha County",4,2,2894,1478,1416
050,46,099,"South Dakota","Minnehaha County",4,3,2887,1489,1398
050,46,099,"South Dakota","Minnehaha County",4,4,2976,1551,1425
050,46,099,"South Dakota","Minnehaha County",4,5,2986,1511,1475
050,46,099,"South Dakota","Minnehaha County",4,6,3039,1552,1487
050,46,099,"South Dakota","Minnehaha County",4,7,2985,1536,1449
050,46,099,"South Dakota","Minnehaha County",4,8,2920,1462,1458
050,46,099,"South Dakota","Minnehaha County",4,9,2903,1506,1397
050,46,099,"South Dakota","Minnehaha County",4,10,2883,1483,1400
050,46,099,"South Dakota","Minnehaha County",4,11,2890,1479,1411
050,46,099,"South Dakota","Minnehaha County",4,12,2950,1544,1406
050,46,099,"South Dakota","Minnehaha County",4,13,2862,1484,1378
050,46,099,"South Dakota","Minnehaha County",4,14,2886,1474,1412
050,46,099,"South Dakota","Minnehaha County",4,15,2823,1471,1352
050,46,099,"South Dakota","Minnehaha County",4,16,2746,1396,1350
050,46,099,"South Dakota","Minnehaha County",4,17,2704,1407,1297
050,46,099,"South Dakota","Minnehaha County",4,18,2357,1217,1140
050,46,099,"South Dakota","Minnehaha County",4,19,2163,1127,1036
050,46,099,"South Dakota","Minnehaha County",4,20,2197,1143,1054
050,46,099,"South Dakota","Minnehaha County",4,21,2324,1232,1092
050,46,099,"South Dakota","Minnehaha County",4,22,2482,1296,1186
050,46,099,"South Dakota","Minnehaha County",4,23,2689,1335,1354
050,46,099,"South Dakota","Minnehaha County",4,24,2786,1416,1370
050,46,099,"South Dakota","Minnehaha County",4,25,2844,1461,1383
050,46,099,"South Dakota","Minnehaha County",4,26,3015,1544,1471
050,46,099,"South Dakota","Minnehaha County",4,27,2982,1519,1463
050,46,099,"South Dakota","Minnehaha County",4,28,2963,1530,1433
050,46,099,"South Dakota","Minnehaha County",4,29,3079,1592,1487
050,46,099,"South Dakota","Minnehaha County",4,30,3091,1642,1449
050,46,099,"South Dakota","Minnehaha County",4,31,3092,1626,1466
050,46,099,"South Dakota","Minnehaha County",4,32,3078,1571,1507
050,46,099,"South Dakota","Minnehaha County",4,33,3113,1634,1479
050,46,099,"South Dakota","Minnehaha County",4,34,3136,1645,1491
050,46,099,"South Dakota","Minnehaha County",4,35,3167,1682,1485
050,46,099,"South Dakota","Minnehaha County",4,36,3127,1650,1477
050,46,099,"South Dakota","Minnehaha County",4,37,3087,1634,1453
050,46,099,"South Dakota","Minnehaha County",4,38,3124,1662,1462
050,46,099,"South Dakota","Minnehaha County",4,39,2990,1537,1453
050,46,099,"South Dakota","Minnehaha County",4,40,2961,1555,1406
050,46,099,"South Dakota","Minnehaha County",4,41,2934,1580,1354
050,46,099,"South Dakota","Minnehaha County",4,42,2853,1564,1289
050,46,099,"South Dakota","Minnehaha County",4,43,2675,1397,1278
050,46,099,"South Dakota","Minnehaha County",4,44,2553,1337,1216
050,46,099,"South Dakota","Minnehaha County",4,45,2516,1324,1192
050,46,099,"South Dakota","Minnehaha County",4,46,2289,1226,1063
050,46,099,"South Dakota","Minnehaha County",4,47,2229,1180,1049
050,46,099,"South Dakota","Minnehaha County",4,48,2133,1113,1020
050,46,099,"South Dakota","Minnehaha County",4,49,2152,1095,1057
050,46,099,"South Dakota","Minnehaha County",4,50,2230,1178,1052
050,46,099,"South Dakota","Minnehaha County",4,51,2300,1198,1102
050,46,099,"South Dakota","Minnehaha County",4,52,2353,1196,1157
050,46,099,"South Dakota","Minnehaha County",4,53,2209,1143,1066
050,46,099,"South Dakota","Minnehaha County",4,54,2231,1184,1047
050,46,099,"South Dakota","Minnehaha County",4,55,2200,1132,1068
050,46,099,"South Dakota","Minnehaha County",4,56,2257,1148,1109
050,46,099,"South Dakota","Minnehaha County",4,57,2429,1252,1177
050,46,099,"South Dakota","Minnehaha County",4,58,2498,1251,1247
050,46,099,"South Dakota","Minnehaha County",4,59,2581,1283,1298
050,46,099,"South Dakota","Minnehaha County",4,60,2558,1261,1297
050,46,099,"South Dakota","Minnehaha County",4,61,2489,1225,1264
050,46,099,"South Dakota","Minnehaha County",4,62,2465,1236,1229
050,46,099,"South Dakota","Minnehaha County",4,63,2474,1217,1257
050,46,099,"South Dakota","Minnehaha County",4,64,2461,1246,1215
050,46,099,"South Dakota","Minnehaha County",4,65,2367,1160,1207
050,46,099,"South Dakota","Minnehaha County",4,66,2222,1085,1137
050,46,099,"South Dakota","Minnehaha County",4,67,2160,1044,1116
050,46,099,"South Dakota","Minnehaha County",4,68,2088,1030,1058
050,46,099,"South Dakota","Minnehaha County",4,69,1938,978,960
050,46,099,"South Dakota","Minnehaha County",4,70,1796,900,896
050,46,099,"South Dakota","Minnehaha County",4,71,1710,857,853
050,46,099,"South Dakota","Minnehaha County",4,72,1537,755,782
050,46,099,"South Dakota","Minnehaha County",4,73,1440,720,720
050,46,099,"South Dakota","Minnehaha County",4,74,1366,676,690
050,46,099,"South Dakota","Minnehaha County",4,75,1300,652,648
050,46,099,"South Dakota","Minnehaha County",4,76,839,406,433
050,46,099,"South Dakota","Minnehaha County",4,77,789,347,442
050,46,099,"South Dakota","Minnehaha County",4,78,683,291,392
050,46,099,"South Dakota","Minnehaha County",4,79,693,305,388
050,46,099,"South Dakota","Minnehaha County",4,80,589,242,347
050,46,099,"South Dakota","Minnehaha County",4,81,502,215,287
050,46,099,"South Dakota","Minnehaha County",4,82,455,176,279
050,46,099,"South Dakota","Minnehaha County",4,83,430,163,267
050,46,099,"South Dakota","Minnehaha County",4,84,392,136,256
050,46,099,"South Dakota","Minnehaha County",4,85,2823,903,1920
050,46,099,"South Dakota","Minnehaha County",5,0,2788,1420,1368
050,46,099,"South Dakota","Minnehaha County",5,1,2820,1442,1378
050,46,099,"South Dakota","Minnehaha County",5,2,2698,1363,1335
050,46,099,"South Dakota","Minnehaha County",5,3,2881,1489,1392
050,46,099,"South Dakota","Minnehaha County",5,4,2942,1515,1427
050,46,099,"South Dakota","Minnehaha County",5,5,2972,1555,1417
050,46,099,"South Dakota","Minnehaha County",5,6,3016,1504,1512
050,46,099,"South Dakota","Minnehaha County",5,7,3056,1591,1465
050,46,099,"South Dakota","Minnehaha County",5,8,3018,1542,1476
050,46,099,"South Dakota","Minnehaha County",5,9,2935,1490,1445
050,46,099,"South Dakota","Minnehaha County",5,10,2930,1514,1416
050,46,099,"South Dakota","Minnehaha County",5,11,2866,1480,1386
050,46,099,"South Dakota","Minnehaha County",5,12,2883,1485,1398
050,46,099,"South Dakota","Minnehaha County",5,13,2931,1541,1390
050,46,099,"South Dakota","Minnehaha County",5,14,2880,1485,1395
050,46,099,"South Dakota","Minnehaha County",5,15,2958,1523,1435
050,46,099,"South Dakota","Minnehaha County",5,16,2896,1497,1399
050,46,099,"South Dakota","Minnehaha County",5,17,2765,1416,1349
050,46,099,"South Dakota","Minnehaha County",5,18,2354,1255,1099
050,46,099,"South Dakota","Minnehaha County",5,19,2227,1142,1085
050,46,099,"South Dakota","Minnehaha County",5,20,2332,1218,1114
050,46,099,"South Dakota","Minnehaha County",5,21,2319,1229,1090
050,46,099,"South Dakota","Minnehaha County",5,22,2523,1310,1213
050,46,099,"South Dakota","Minnehaha County",5,23,2774,1407,1367
050,46,099,"South Dakota","Minnehaha County",5,24,2842,1423,1419
050,46,099,"South Dakota","Minnehaha County",5,25,2897,1487,1410
050,46,099,"South Dakota","Minnehaha County",5,26,3018,1596,1422
050,46,099,"South Dakota","Minnehaha County",5,27,3034,1570,1464
050,46,099,"South Dakota","Minnehaha County",5,28,3066,1561,1505
050,46,099,"South Dakota","Minnehaha County",5,29,3060,1592,1468
050,46,099,"South Dakota","Minnehaha County",5,30,3098,1590,1508
050,46,099,"South Dakota","Minnehaha County",5,31,3152,1715,1437
050,46,099,"South Dakota","Minnehaha County",5,32,3070,1592,1478
050,46,099,"South Dakota","Minnehaha County",5,33,3112,1588,1524
050,46,099,"South Dakota","Minnehaha County",5,34,3135,1646,1489
050,46,099,"South Dakota","Minnehaha County",5,35,3144,1640,1504
050,46,099,"South Dakota","Minnehaha County",5,36,3167,1689,1478
050,46,099,"South Dakota","Minnehaha County",5,37,3123,1641,1482
050,46,099,"South Dakota","Minnehaha County",5,38,3197,1691,1506
050,46,099,"South Dakota","Minnehaha County",5,39,3128,1662,1466
050,46,099,"South Dakota","Minnehaha County",5,40,3038,1537,1501
050,46,099,"South Dakota","Minnehaha County",5,41,2949,1555,1394
050,46,099,"South Dakota","Minnehaha County",5,42,2959,1596,1363
050,46,099,"South Dakota","Minnehaha County",5,43,2874,1576,1298
050,46,099,"South Dakota","Minnehaha County",5,44,2707,1428,1279
050,46,099,"South Dakota","Minnehaha County",5,45,2573,1348,1225
050,46,099,"South Dakota","Minnehaha County",5,46,2497,1311,1186
050,46,099,"South Dakota","Minnehaha County",5,47,2292,1226,1066
050,46,099,"South Dakota","Minnehaha County",5,48,2242,1200,1042
050,46,099,"South Dakota","Minnehaha County",5,49,2111,1101,1010
050,46,099,"South Dakota","Minnehaha County",5,50,2142,1090,1052
050,46,099,"South Dakota","Minnehaha County",5,51,2221,1166,1055
050,46,099,"South Dakota","Minnehaha County",5,52,2296,1190,1106
050,46,099,"South Dakota","Minnehaha County",5,53,2365,1217,1148
050,46,099,"South Dakota","Minnehaha County",5,54,2202,1131,1071
050,46,099,"South Dakota","Minnehaha County",5,55,2234,1194,1040
050,46,099,"South Dakota","Minnehaha County",5,56,2227,1146,1081
050,46,099,"South Dakota","Minnehaha County",5,57,2270,1162,1108
050,46,099,"South Dakota","Minnehaha County",5,58,2457,1256,1201
050,46,099,"South Dakota","Minnehaha County",5,59,2515,1264,1251
050,46,099,"South Dakota","Minnehaha County",5,60,2534,1259,1275
050,46,099,"South Dakota","Minnehaha County",5,61,2573,1272,1301
050,46,099,"South Dakota","Minnehaha County",5,62,2503,1243,1260
050,46,099,"South Dakota","Minnehaha County",5,63,2498,1240,1258
050,46,099,"South Dakota","Minnehaha County",5,64,2459,1202,1257
050,46,099,"South Dakota","Minnehaha County",5,65,2441,1223,1218
050,46,099,"South Dakota","Minnehaha County",5,66,2324,1145,1179
050,46,099,"South Dakota","Minnehaha County",5,67,2144,1055,1089
050,46,099,"South Dakota","Minnehaha County",5,68,2089,1005,1084
050,46,099,"South Dakota","Minnehaha County",5,69,2046,1011,1035
050,46,099,"South Dakota","Minnehaha County",5,70,1853,933,920
050,46,099,"South Dakota","Minnehaha County",5,71,1724,852,872
050,46,099,"South Dakota","Minnehaha County",5,72,1647,804,843
050,46,099,"South Dakota","Minnehaha County",5,73,1476,744,732
050,46,099,"South Dakota","Minnehaha County",5,74,1375,694,681
050,46,099,"South Dakota","Minnehaha County",5,75,1308,646,662
050,46,099,"South Dakota","Minnehaha County",5,76,1230,609,621
050,46,099,"South Dakota","Minnehaha County",5,77,794,382,412
050,46,099,"South Dakota","Minnehaha County",5,78,748,312,436
050,46,099,"South Dakota","Minnehaha County",5,79,660,286,374
050,46,099,"South Dakota","Minnehaha County",5,80,676,301,375
050,46,099,"South Dakota","Minnehaha County",5,81,525,210,315
050,46,099,"South Dakota","Minnehaha County",5,82,474,199,275
050,46,099,"South Dakota","Minnehaha County",5,83,439,162,277
050,46,099,"South Dakota","Minnehaha County",5,84,409,148,261
050,46,099,"South Dakota","Minnehaha County",5,85,2803,887,1916
050,46,101,"South Dakota","Moody County",1,0,85,41,44
050,46,101,"South Dakota","Moody County",1,1,85,36,49
050,46,101,"South Dakota","Moody County",1,2,90,45,45
050,46,101,"South Dakota","Moody County",1,3,102,50,52
050,46,101,"South Dakota","Moody County",1,4,98,49,49
050,46,101,"South Dakota","Moody County",1,5,93,50,43
050,46,101,"South Dakota","Moody County",1,6,108,57,51
050,46,101,"South Dakota","Moody County",1,7,84,41,43
050,46,101,"South Dakota","Moody County",1,8,87,39,48
050,46,101,"South Dakota","Moody County",1,9,93,50,43
050,46,101,"South Dakota","Moody County",1,10,93,47,46
050,46,101,"South Dakota","Moody County",1,11,90,38,52
050,46,101,"South Dakota","Moody County",1,12,92,43,49
050,46,101,"South Dakota","Moody County",1,13,99,51,48
050,46,101,"South Dakota","Moody County",1,14,108,60,48
050,46,101,"South Dakota","Moody County",1,15,89,46,43
050,46,101,"South Dakota","Moody County",1,16,80,44,36
050,46,101,"South Dakota","Moody County",1,17,98,53,45
050,46,101,"South Dakota","Moody County",1,18,84,46,38
050,46,101,"South Dakota","Moody County",1,19,58,30,28
050,46,101,"South Dakota","Moody County",1,20,66,33,33
050,46,101,"South Dakota","Moody County",1,21,59,34,25
050,46,101,"South Dakota","Moody County",1,22,61,28,33
050,46,101,"South Dakota","Moody County",1,23,72,40,32
050,46,101,"South Dakota","Moody County",1,24,66,33,33
050,46,101,"South Dakota","Moody County",1,25,59,42,17
050,46,101,"South Dakota","Moody County",1,26,60,36,24
050,46,101,"South Dakota","Moody County",1,27,62,33,29
050,46,101,"South Dakota","Moody County",1,28,63,32,31
050,46,101,"South Dakota","Moody County",1,29,58,26,32
050,46,101,"South Dakota","Moody County",1,30,51,29,22
050,46,101,"South Dakota","Moody County",1,31,51,26,25
050,46,101,"South Dakota","Moody County",1,32,64,30,34
050,46,101,"South Dakota","Moody County",1,33,66,34,32
050,46,101,"South Dakota","Moody County",1,34,59,27,32
050,46,101,"South Dakota","Moody County",1,35,67,30,37
050,46,101,"South Dakota","Moody County",1,36,63,29,34
050,46,101,"South Dakota","Moody County",1,37,92,47,45
050,46,101,"South Dakota","Moody County",1,38,97,55,42
050,46,101,"South Dakota","Moody County",1,39,80,44,36
050,46,101,"South Dakota","Moody County",1,40,75,36,39
050,46,101,"South Dakota","Moody County",1,41,79,40,39
050,46,101,"South Dakota","Moody County",1,42,73,37,36
050,46,101,"South Dakota","Moody County",1,43,62,35,27
050,46,101,"South Dakota","Moody County",1,44,66,30,36
050,46,101,"South Dakota","Moody County",1,45,56,26,30
050,46,101,"South Dakota","Moody County",1,46,60,33,27
050,46,101,"South Dakota","Moody County",1,47,58,31,27
050,46,101,"South Dakota","Moody County",1,48,52,26,26
050,46,101,"South Dakota","Moody County",1,49,61,32,29
050,46,101,"South Dakota","Moody County",1,50,80,45,35
050,46,101,"South Dakota","Moody County",1,51,79,39,40
050,46,101,"South Dakota","Moody County",1,52,82,43,39
050,46,101,"South Dakota","Moody County",1,53,83,45,38
050,46,101,"South Dakota","Moody County",1,54,72,34,38
050,46,101,"South Dakota","Moody County",1,55,82,38,44
050,46,101,"South Dakota","Moody County",1,56,81,41,40
050,46,101,"South Dakota","Moody County",1,57,95,54,41
050,46,101,"South Dakota","Moody County",1,58,109,60,49
050,46,101,"South Dakota","Moody County",1,59,108,57,51
050,46,101,"South Dakota","Moody County",1,60,101,50,51
050,46,101,"South Dakota","Moody County",1,61,100,49,51
050,46,101,"South Dakota","Moody County",1,62,88,44,44
050,46,101,"South Dakota","Moody County",1,63,82,44,38
050,46,101,"South Dakota","Moody County",1,64,87,45,42
050,46,101,"South Dakota","Moody County",1,65,100,47,53
050,46,101,"South Dakota","Moody County",1,66,80,32,48
050,46,101,"South Dakota","Moody County",1,67,83,39,44
050,46,101,"South Dakota","Moody County",1,68,67,33,34
050,46,101,"South Dakota","Moody County",1,69,70,39,31
050,46,101,"South Dakota","Moody County",1,70,80,48,32
050,46,101,"South Dakota","Moody County",1,71,67,41,26
050,46,101,"South Dakota","Moody County",1,72,68,39,29
050,46,101,"South Dakota","Moody County",1,73,59,30,29
050,46,101,"South Dakota","Moody County",1,74,33,16,17
050,46,101,"South Dakota","Moody County",1,75,38,13,25
050,46,101,"South Dakota","Moody County",1,76,48,21,27
050,46,101,"South Dakota","Moody County",1,77,45,18,27
050,46,101,"South Dakota","Moody County",1,78,43,22,21
050,46,101,"South Dakota","Moody County",1,79,33,14,19
050,46,101,"South Dakota","Moody County",1,80,35,14,21
050,46,101,"South Dakota","Moody County",1,81,40,18,22
050,46,101,"South Dakota","Moody County",1,82,35,14,21
050,46,101,"South Dakota","Moody County",1,83,25,8,17
050,46,101,"South Dakota","Moody County",1,84,26,9,17
050,46,101,"South Dakota","Moody County",1,85,154,59,95
050,46,101,"South Dakota","Moody County",2,0,90,44,46
050,46,101,"South Dakota","Moody County",2,1,83,36,47
050,46,101,"South Dakota","Moody County",2,2,91,44,47
050,46,101,"South Dakota","Moody County",2,3,100,49,51
050,46,101,"South Dakota","Moody County",2,4,102,51,51
050,46,101,"South Dakota","Moody County",2,5,95,50,45
050,46,101,"South Dakota","Moody County",2,6,103,54,49
050,46,101,"South Dakota","Moody County",2,7,90,45,45
050,46,101,"South Dakota","Moody County",2,8,87,41,46
050,46,101,"South Dakota","Moody County",2,9,89,46,43
050,46,101,"South Dakota","Moody County",2,10,90,46,44
050,46,101,"South Dakota","Moody County",2,11,89,40,49
050,46,101,"South Dakota","Moody County",2,12,90,41,49
050,46,101,"South Dakota","Moody County",2,13,97,49,48
050,46,101,"South Dakota","Moody County",2,14,105,57,48
050,46,101,"South Dakota","Moody County",2,15,94,49,45
050,46,101,"South Dakota","Moody County",2,16,83,46,37
050,46,101,"South Dakota","Moody County",2,17,92,51,41
050,46,101,"South Dakota","Moody County",2,18,83,47,36
050,46,101,"South Dakota","Moody County",2,19,59,31,28
050,46,101,"South Dakota","Moody County",2,20,65,32,33
050,46,101,"South Dakota","Moody County",2,21,62,34,28
050,46,101,"South Dakota","Moody County",2,22,60,29,31
050,46,101,"South Dakota","Moody County",2,23,71,38,33
050,46,101,"South Dakota","Moody County",2,24,66,35,31
050,46,101,"South Dakota","Moody County",2,25,60,39,21
050,46,101,"South Dakota","Moody County",2,26,60,37,23
050,46,101,"South Dakota","Moody County",2,27,61,34,27
050,46,101,"South Dakota","Moody County",2,28,61,30,31
050,46,101,"South Dakota","Moody County",2,29,59,26,33
050,46,101,"South Dakota","Moody County",2,30,54,29,25
050,46,101,"South Dakota","Moody County",2,31,51,27,24
050,46,101,"South Dakota","Moody County",2,32,62,30,32
050,46,101,"South Dakota","Moody County",2,33,66,33,33
050,46,101,"South Dakota","Moody County",2,34,61,29,32
050,46,101,"South Dakota","Moody County",2,35,65,29,36
050,46,101,"South Dakota","Moody County",2,36,64,29,35
050,46,101,"South Dakota","Moody County",2,37,87,44,43
050,46,101,"South Dakota","Moody County",2,38,95,53,42
050,46,101,"South Dakota","Moody County",2,39,83,45,38
050,46,101,"South Dakota","Moody County",2,40,76,37,39
050,46,101,"South Dakota","Moody County",2,41,77,39,38
050,46,101,"South Dakota","Moody County",2,42,73,37,36
050,46,101,"South Dakota","Moody County",2,43,63,35,28
050,46,101,"South Dakota","Moody County",2,44,64,31,33
050,46,101,"South Dakota","Moody County",2,45,58,27,31
050,46,101,"South Dakota","Moody County",2,46,60,32,28
050,46,101,"South Dakota","Moody County",2,47,56,30,26
050,46,101,"South Dakota","Moody County",2,48,55,28,27
050,46,101,"South Dakota","Moody County",2,49,60,31,29
050,46,101,"South Dakota","Moody County",2,50,76,42,34
050,46,101,"South Dakota","Moody County",2,51,79,41,38
050,46,101,"South Dakota","Moody County",2,52,82,42,40
050,46,101,"South Dakota","Moody County",2,53,85,47,38
050,46,101,"South Dakota","Moody County",2,54,75,37,38
050,46,101,"South Dakota","Moody County",2,55,81,38,43
050,46,101,"South Dakota","Moody County",2,56,80,40,40
050,46,101,"South Dakota","Moody County",2,57,92,51,41
050,46,101,"South Dakota","Moody County",2,58,106,59,47
050,46,101,"South Dakota","Moody County",2,59,109,58,51
050,46,101,"South Dakota","Moody County",2,60,102,51,51
050,46,101,"South Dakota","Moody County",2,61,101,50,51
050,46,101,"South Dakota","Moody County",2,62,92,45,47
050,46,101,"South Dakota","Moody County",2,63,84,44,40
050,46,101,"South Dakota","Moody County",2,64,86,45,41
050,46,101,"South Dakota","Moody County",2,65,97,47,50
050,46,101,"South Dakota","Moody County",2,66,86,36,50
050,46,101,"South Dakota","Moody County",2,67,82,37,45
050,46,101,"South Dakota","Moody County",2,68,69,34,35
050,46,101,"South Dakota","Moody County",2,69,71,38,33
050,46,101,"South Dakota","Moody County",2,70,76,45,31
050,46,101,"South Dakota","Moody County",2,71,70,43,27
050,46,101,"South Dakota","Moody County",2,72,66,38,28
050,46,101,"South Dakota","Moody County",2,73,62,32,30
050,46,101,"South Dakota","Moody County",2,74,36,18,18
050,46,101,"South Dakota","Moody County",2,75,37,13,24
050,46,101,"South Dakota","Moody County",2,76,45,19,26
050,46,101,"South Dakota","Moody County",2,77,48,19,29
050,46,101,"South Dakota","Moody County",2,78,42,21,21
050,46,101,"South Dakota","Moody County",2,79,34,15,19
050,46,101,"South Dakota","Moody County",2,80,34,14,20
050,46,101,"South Dakota","Moody County",2,81,38,17,21
050,46,101,"South Dakota","Moody County",2,82,38,15,23
050,46,101,"South Dakota","Moody County",2,83,25,9,16
050,46,101,"South Dakota","Moody County",2,84,28,9,19
050,46,101,"South Dakota","Moody County",2,85,154,59,95
050,46,101,"South Dakota","Moody County",3,0,78,47,31
050,46,101,"South Dakota","Moody County",3,1,82,42,40
050,46,101,"South Dakota","Moody County",3,2,88,38,50
050,46,101,"South Dakota","Moody County",3,3,89,43,46
050,46,101,"South Dakota","Moody County",3,4,101,52,49
050,46,101,"South Dakota","Moody County",3,5,101,51,50
050,46,101,"South Dakota","Moody County",3,6,90,49,41
050,46,101,"South Dakota","Moody County",3,7,104,54,50
050,46,101,"South Dakota","Moody County",3,8,96,50,46
050,46,101,"South Dakota","Moody County",3,9,85,41,44
050,46,101,"South Dakota","Moody County",3,10,87,48,39
050,46,101,"South Dakota","Moody County",3,11,92,46,46
050,46,101,"South Dakota","Moody County",3,12,89,40,49
050,46,101,"South Dakota","Moody County",3,13,87,40,47
050,46,101,"South Dakota","Moody County",3,14,98,50,48
050,46,101,"South Dakota","Moody County",3,15,104,58,46
050,46,101,"South Dakota","Moody County",3,16,93,50,43
050,46,101,"South Dakota","Moody County",3,17,83,45,38
050,46,101,"South Dakota","Moody County",3,18,79,43,36
050,46,101,"South Dakota","Moody County",3,19,67,39,28
050,46,101,"South Dakota","Moody County",3,20,62,33,29
050,46,101,"South Dakota","Moody County",3,21,67,35,32
050,46,101,"South Dakota","Moody County",3,22,61,35,26
050,46,101,"South Dakota","Moody County",3,23,57,30,27
050,46,101,"South Dakota","Moody County",3,24,72,38,34
050,46,101,"South Dakota","Moody County",3,25,67,36,31
050,46,101,"South Dakota","Moody County",3,26,61,39,22
050,46,101,"South Dakota","Moody County",3,27,63,41,22
050,46,101,"South Dakota","Moody County",3,28,58,28,30
050,46,101,"South Dakota","Moody County",3,29,71,37,34
050,46,101,"South Dakota","Moody County",3,30,61,31,30
050,46,101,"South Dakota","Moody County",3,31,57,31,26
050,46,101,"South Dakota","Moody County",3,32,55,29,26
050,46,101,"South Dakota","Moody County",3,33,59,28,31
050,46,101,"South Dakota","Moody County",3,34,69,36,33
050,46,101,"South Dakota","Moody County",3,35,66,31,35
050,46,101,"South Dakota","Moody County",3,36,65,31,34
050,46,101,"South Dakota","Moody County",3,37,63,29,34
050,46,101,"South Dakota","Moody County",3,38,91,45,46
050,46,101,"South Dakota","Moody County",3,39,95,53,42
050,46,101,"South Dakota","Moody County",3,40,81,45,36
050,46,101,"South Dakota","Moody County",3,41,74,36,38
050,46,101,"South Dakota","Moody County",3,42,72,36,36
050,46,101,"South Dakota","Moody County",3,43,73,35,38
050,46,101,"South Dakota","Moody County",3,44,65,36,29
050,46,101,"South Dakota","Moody County",3,45,63,31,32
050,46,101,"South Dakota","Moody County",3,46,57,27,30
050,46,101,"South Dakota","Moody County",3,47,58,31,27
050,46,101,"South Dakota","Moody County",3,48,58,32,26
050,46,101,"South Dakota","Moody County",3,49,59,30,29
050,46,101,"South Dakota","Moody County",3,50,61,34,27
050,46,101,"South Dakota","Moody County",3,51,75,41,34
050,46,101,"South Dakota","Moody County",3,52,77,39,38
050,46,101,"South Dakota","Moody County",3,53,83,42,41
050,46,101,"South Dakota","Moody County",3,54,84,46,38
050,46,101,"South Dakota","Moody County",3,55,74,35,39
050,46,101,"South Dakota","Moody County",3,56,78,35,43
050,46,101,"South Dakota","Moody County",3,57,78,38,40
050,46,101,"South Dakota","Moody County",3,58,92,54,38
050,46,101,"South Dakota","Moody County",3,59,110,61,49
050,46,101,"South Dakota","Moody County",3,60,100,54,46
050,46,101,"South Dakota","Moody County",3,61,100,49,51
050,46,101,"South Dakota","Moody County",3,62,96,47,49
050,46,101,"South Dakota","Moody County",3,63,93,44,49
050,46,101,"South Dakota","Moody County",3,64,80,43,37
050,46,101,"South Dakota","Moody County",3,65,83,43,40
050,46,101,"South Dakota","Moody County",3,66,93,46,47
050,46,101,"South Dakota","Moody County",3,67,85,37,48
050,46,101,"South Dakota","Moody County",3,68,78,34,44
050,46,101,"South Dakota","Moody County",3,69,68,33,35
050,46,101,"South Dakota","Moody County",3,70,65,36,29
050,46,101,"South Dakota","Moody County",3,71,74,44,30
050,46,101,"South Dakota","Moody County",3,72,72,42,30
050,46,101,"South Dakota","Moody County",3,73,59,36,23
050,46,101,"South Dakota","Moody County",3,74,62,33,29
050,46,101,"South Dakota","Moody County",3,75,37,17,20
050,46,101,"South Dakota","Moody County",3,76,33,11,22
050,46,101,"South Dakota","Moody County",3,77,49,20,29
050,46,101,"South Dakota","Moody County",3,78,47,21,26
050,46,101,"South Dakota","Moody County",3,79,36,17,19
050,46,101,"South Dakota","Moody County",3,80,32,13,19
050,46,101,"South Dakota","Moody County",3,81,24,5,19
050,46,101,"South Dakota","Moody County",3,82,41,17,24
050,46,101,"South Dakota","Moody County",3,83,32,14,18
050,46,101,"South Dakota","Moody County",3,84,28,6,22
050,46,101,"South Dakota","Moody County",3,85,153,57,96
050,46,101,"South Dakota","Moody County",4,0,96,49,47
050,46,101,"South Dakota","Moody County",4,1,76,45,31
050,46,101,"South Dakota","Moody County",4,2,84,42,42
050,46,101,"South Dakota","Moody County",4,3,90,37,53
050,46,101,"South Dakota","Moody County",4,4,93,47,46
050,46,101,"South Dakota","Moody County",4,5,103,50,53
050,46,101,"South Dakota","Moody County",4,6,98,52,46
050,46,101,"South Dakota","Moody County",4,7,95,50,45
050,46,101,"South Dakota","Moody County",4,8,102,55,47
050,46,101,"South Dakota","Moody County",4,9,97,50,47
050,46,101,"South Dakota","Moody County",4,10,79,37,42
050,46,101,"South Dakota","Moody County",4,11,86,45,41
050,46,101,"South Dakota","Moody County",4,12,90,44,46
050,46,101,"South Dakota","Moody County",4,13,85,39,46
050,46,101,"South Dakota","Moody County",4,14,87,41,46
050,46,101,"South Dakota","Moody County",4,15,106,53,53
050,46,101,"South Dakota","Moody County",4,16,107,61,46
050,46,101,"South Dakota","Moody County",4,17,99,61,38
050,46,101,"South Dakota","Moody County",4,18,75,42,33
050,46,101,"South Dakota","Moody County",4,19,65,37,28
050,46,101,"South Dakota","Moody County",4,20,67,39,28
050,46,101,"South Dakota","Moody County",4,21,56,32,24
050,46,101,"South Dakota","Moody County",4,22,60,32,28
050,46,101,"South Dakota","Moody County",4,23,64,36,28
050,46,101,"South Dakota","Moody County",4,24,61,32,29
050,46,101,"South Dakota","Moody County",4,25,75,40,35
050,46,101,"South Dakota","Moody County",4,26,69,37,32
050,46,101,"South Dakota","Moody County",4,27,63,37,26
050,46,101,"South Dakota","Moody County",4,28,67,44,23
050,46,101,"South Dakota","Moody County",4,29,67,35,32
050,46,101,"South Dakota","Moody County",4,30,69,37,32
050,46,101,"South Dakota","Moody County",4,31,69,38,31
050,46,101,"South Dakota","Moody County",4,32,57,32,25
050,46,101,"South Dakota","Moody County",4,33,59,33,26
050,46,101,"South Dakota","Moody County",4,34,57,26,31
050,46,101,"South Dakota","Moody County",4,35,73,40,33
050,46,101,"South Dakota","Moody County",4,36,66,32,34
050,46,101,"South Dakota","Moody County",4,37,73,33,40
050,46,101,"South Dakota","Moody County",4,38,66,29,37
050,46,101,"South Dakota","Moody County",4,39,92,44,48
050,46,101,"South Dakota","Moody County",4,40,96,54,42
050,46,101,"South Dakota","Moody County",4,41,82,44,38
050,46,101,"South Dakota","Moody County",4,42,76,41,35
050,46,101,"South Dakota","Moody County",4,43,68,34,34
050,46,101,"South Dakota","Moody County",4,44,73,36,37
050,46,101,"South Dakota","Moody County",4,45,67,37,30
050,46,101,"South Dakota","Moody County",4,46,64,30,34
050,46,101,"South Dakota","Moody County",4,47,59,28,31
050,46,101,"South Dakota","Moody County",4,48,57,31,26
050,46,101,"South Dakota","Moody County",4,49,58,33,25
050,46,101,"South Dakota","Moody County",4,50,59,29,30
050,46,101,"South Dakota","Moody County",4,51,66,39,27
050,46,101,"South Dakota","Moody County",4,52,73,40,33
050,46,101,"South Dakota","Moody County",4,53,77,39,38
050,46,101,"South Dakota","Moody County",4,54,80,38,42
050,46,101,"South Dakota","Moody County",4,55,84,45,39
050,46,101,"South Dakota","Moody County",4,56,78,39,39
050,46,101,"South Dakota","Moody County",4,57,72,33,39
050,46,101,"South Dakota","Moody County",4,58,81,38,43
050,46,101,"South Dakota","Moody County",4,59,97,56,41
050,46,101,"South Dakota","Moody County",4,60,102,55,47
050,46,101,"South Dakota","Moody County",4,61,101,57,44
050,46,101,"South Dakota","Moody County",4,62,98,46,52
050,46,101,"South Dakota","Moody County",4,63,100,50,50
050,46,101,"South Dakota","Moody County",4,64,95,46,49
050,46,101,"South Dakota","Moody County",4,65,80,45,35
050,46,101,"South Dakota","Moody County",4,66,79,41,38
050,46,101,"South Dakota","Moody County",4,67,95,47,48
050,46,101,"South Dakota","Moody County",4,68,83,34,49
050,46,101,"South Dakota","Moody County",4,69,82,36,46
050,46,101,"South Dakota","Moody County",4,70,66,34,32
050,46,101,"South Dakota","Moody County",4,71,63,36,27
050,46,101,"South Dakota","Moody County",4,72,74,42,32
050,46,101,"South Dakota","Moody County",4,73,66,40,26
050,46,101,"South Dakota","Moody County",4,74,60,36,24
050,46,101,"South Dakota","Moody County",4,75,62,32,30
050,46,101,"South Dakota","Moody County",4,76,30,14,16
050,46,101,"South Dakota","Moody County",4,77,34,10,24
050,46,101,"South Dakota","Moody County",4,78,46,22,24
050,46,101,"South Dakota","Moody County",4,79,41,18,23
050,46,101,"South Dakota","Moody County",4,80,32,13,19
050,46,101,"South Dakota","Moody County",4,81,28,12,16
050,46,101,"South Dakota","Moody County",4,82,25,5,20
050,46,101,"South Dakota","Moody County",4,83,35,16,19
050,46,101,"South Dakota","Moody County",4,84,40,15,25
050,46,101,"South Dakota","Moody County",4,85,155,55,100
050,46,101,"South Dakota","Moody County",5,0,94,45,49
050,46,101,"South Dakota","Moody County",5,1,103,57,46
050,46,101,"South Dakota","Moody County",5,2,77,43,34
050,46,101,"South Dakota","Moody County",5,3,87,45,42
050,46,101,"South Dakota","Moody County",5,4,92,37,55
050,46,101,"South Dakota","Moody County",5,5,101,50,51
050,46,101,"South Dakota","Moody County",5,6,101,50,51
050,46,101,"South Dakota","Moody County",5,7,103,55,48
050,46,101,"South Dakota","Moody County",5,8,96,50,46
050,46,101,"South Dakota","Moody County",5,9,106,57,49
050,46,101,"South Dakota","Moody County",5,10,96,51,45
050,46,101,"South Dakota","Moody County",5,11,83,38,45
050,46,101,"South Dakota","Moody County",5,12,85,45,40
050,46,101,"South Dakota","Moody County",5,13,89,43,46
050,46,101,"South Dakota","Moody County",5,14,87,40,47
050,46,101,"South Dakota","Moody County",5,15,89,43,46
050,46,101,"South Dakota","Moody County",5,16,108,55,53
050,46,101,"South Dakota","Moody County",5,17,111,63,48
050,46,101,"South Dakota","Moody County",5,18,90,57,33
050,46,101,"South Dakota","Moody County",5,19,56,32,24
050,46,101,"South Dakota","Moody County",5,20,60,33,27
050,46,101,"South Dakota","Moody County",5,21,66,38,28
050,46,101,"South Dakota","Moody County",5,22,51,26,25
050,46,101,"South Dakota","Moody County",5,23,60,32,28
050,46,101,"South Dakota","Moody County",5,24,68,41,27
050,46,101,"South Dakota","Moody County",5,25,64,36,28
050,46,101,"South Dakota","Moody County",5,26,82,39,43
050,46,101,"South Dakota","Moody County",5,27,74,37,37
050,46,101,"South Dakota","Moody County",5,28,61,36,25
050,46,101,"South Dakota","Moody County",5,29,73,48,25
050,46,101,"South Dakota","Moody County",5,30,76,40,36
050,46,101,"South Dakota","Moody County",5,31,75,42,33
050,46,101,"South Dakota","Moody County",5,32,72,39,33
050,46,101,"South Dakota","Moody County",5,33,60,33,27
050,46,101,"South Dakota","Moody County",5,34,58,30,28
050,46,101,"South Dakota","Moody County",5,35,61,28,33
050,46,101,"South Dakota","Moody County",5,36,74,41,33
050,46,101,"South Dakota","Moody County",5,37,66,33,33
050,46,101,"South Dakota","Moody County",5,38,77,33,44
050,46,101,"South Dakota","Moody County",5,39,63,27,36
050,46,101,"South Dakota","Moody County",5,40,92,46,46
050,46,101,"South Dakota","Moody County",5,41,102,58,44
050,46,101,"South Dakota","Moody County",5,42,83,46,37
050,46,101,"South Dakota","Moody County",5,43,80,43,37
050,46,101,"South Dakota","Moody County",5,44,63,30,33
050,46,101,"South Dakota","Moody County",5,45,72,35,37
050,46,101,"South Dakota","Moody County",5,46,70,38,32
050,46,101,"South Dakota","Moody County",5,47,64,30,34
050,46,101,"South Dakota","Moody County",5,48,56,27,29
050,46,101,"South Dakota","Moody County",5,49,55,30,25
050,46,101,"South Dakota","Moody County",5,50,58,32,26
050,46,101,"South Dakota","Moody County",5,51,61,31,30
050,46,101,"South Dakota","Moody County",5,52,62,35,27
050,46,101,"South Dakota","Moody County",5,53,67,39,28
050,46,101,"South Dakota","Moody County",5,54,75,38,37
050,46,101,"South Dakota","Moody County",5,55,80,38,42
050,46,101,"South Dakota","Moody County",5,56,82,44,38
050,46,101,"South Dakota","Moody County",5,57,77,37,40
050,46,101,"South Dakota","Moody County",5,58,77,36,41
050,46,101,"South Dakota","Moody County",5,59,85,40,45
050,46,101,"South Dakota","Moody County",5,60,94,54,40
050,46,101,"South Dakota","Moody County",5,61,100,53,47
050,46,101,"South Dakota","Moody County",5,62,95,52,43
050,46,101,"South Dakota","Moody County",5,63,94,42,52
050,46,101,"South Dakota","Moody County",5,64,99,49,50
050,46,101,"South Dakota","Moody County",5,65,96,47,49
050,46,101,"South Dakota","Moody County",5,66,78,44,34
050,46,101,"South Dakota","Moody County",5,67,78,40,38
050,46,101,"South Dakota","Moody County",5,68,95,48,47
050,46,101,"South Dakota","Moody County",5,69,84,34,50
050,46,101,"South Dakota","Moody County",5,70,79,35,44
050,46,101,"South Dakota","Moody County",5,71,61,33,28
050,46,101,"South Dakota","Moody County",5,72,64,34,30
050,46,101,"South Dakota","Moody County",5,73,64,38,26
050,46,101,"South Dakota","Moody County",5,74,60,34,26
050,46,101,"South Dakota","Moody County",5,75,63,36,27
050,46,101,"South Dakota","Moody County",5,76,54,26,28
050,46,101,"South Dakota","Moody County",5,77,32,13,19
050,46,101,"South Dakota","Moody County",5,78,32,12,20
050,46,101,"South Dakota","Moody County",5,79,44,19,25
050,46,101,"South Dakota","Moody County",5,80,36,13,23
050,46,101,"South Dakota","Moody County",5,81,28,12,16
050,46,101,"South Dakota","Moody County",5,82,29,12,17
050,46,101,"South Dakota","Moody County",5,83,22,6,16
050,46,101,"South Dakota","Moody County",5,84,41,16,25
050,46,101,"South Dakota","Moody County",5,85,172,60,112
050,46,102,"South Dakota","Oglala Lakota County",1,0,237,121,116
050,46,102,"South Dakota","Oglala Lakota County",1,1,243,125,118
050,46,102,"South Dakota","Oglala Lakota County",1,2,243,124,119
050,46,102,"South Dakota","Oglala Lakota County",1,3,259,132,127
050,46,102,"South Dakota","Oglala Lakota County",1,4,261,137,124
050,46,102,"South Dakota","Oglala Lakota County",1,5,280,141,139
050,46,102,"South Dakota","Oglala Lakota County",1,6,286,155,131
050,46,102,"South Dakota","Oglala Lakota County",1,7,297,147,150
050,46,102,"South Dakota","Oglala Lakota County",1,8,295,152,143
050,46,102,"South Dakota","Oglala Lakota County",1,9,293,142,151
050,46,102,"South Dakota","Oglala Lakota County",1,10,286,144,142
050,46,102,"South Dakota","Oglala Lakota County",1,11,283,142,141
050,46,102,"South Dakota","Oglala Lakota County",1,12,305,159,146
050,46,102,"South Dakota","Oglala Lakota County",1,13,306,156,150
050,46,102,"South Dakota","Oglala Lakota County",1,14,287,147,140
050,46,102,"South Dakota","Oglala Lakota County",1,15,278,136,142
050,46,102,"South Dakota","Oglala Lakota County",1,16,263,133,130
050,46,102,"South Dakota","Oglala Lakota County",1,17,241,123,118
050,46,102,"South Dakota","Oglala Lakota County",1,18,214,111,103
050,46,102,"South Dakota","Oglala Lakota County",1,19,228,129,99
050,46,102,"South Dakota","Oglala Lakota County",1,20,228,127,101
050,46,102,"South Dakota","Oglala Lakota County",1,21,210,115,95
050,46,102,"South Dakota","Oglala Lakota County",1,22,223,116,107
050,46,102,"South Dakota","Oglala Lakota County",1,23,231,124,107
050,46,102,"South Dakota","Oglala Lakota County",1,24,201,116,85
050,46,102,"South Dakota","Oglala Lakota County",1,25,199,102,97
050,46,102,"South Dakota","Oglala Lakota County",1,26,235,133,102
050,46,102,"South Dakota","Oglala Lakota County",1,27,239,115,124
050,46,102,"South Dakota","Oglala Lakota County",1,28,205,98,107
050,46,102,"South Dakota","Oglala Lakota County",1,29,209,108,101
050,46,102,"South Dakota","Oglala Lakota County",1,30,207,106,101
050,46,102,"South Dakota","Oglala Lakota County",1,31,220,105,115
050,46,102,"South Dakota","Oglala Lakota County",1,32,219,107,112
050,46,102,"South Dakota","Oglala Lakota County",1,33,212,116,96
050,46,102,"South Dakota","Oglala Lakota County",1,34,205,115,90
050,46,102,"South Dakota","Oglala Lakota County",1,35,168,101,67
050,46,102,"South Dakota","Oglala Lakota County",1,36,164,81,83
050,46,102,"South Dakota","Oglala Lakota County",1,37,182,88,94
050,46,102,"South Dakota","Oglala Lakota County",1,38,172,86,86
050,46,102,"South Dakota","Oglala Lakota County",1,39,155,73,82
050,46,102,"South Dakota","Oglala Lakota County",1,40,148,71,77
050,46,102,"South Dakota","Oglala Lakota County",1,41,142,76,66
050,46,102,"South Dakota","Oglala Lakota County",1,42,130,66,64
050,46,102,"South Dakota","Oglala Lakota County",1,43,140,71,69
050,46,102,"South Dakota","Oglala Lakota County",1,44,131,68,63
050,46,102,"South Dakota","Oglala Lakota County",1,45,132,59,73
050,46,102,"South Dakota","Oglala Lakota County",1,46,112,50,62
050,46,102,"South Dakota","Oglala Lakota County",1,47,122,66,56
050,46,102,"South Dakota","Oglala Lakota County",1,48,147,76,71
050,46,102,"South Dakota","Oglala Lakota County",1,49,143,67,76
050,46,102,"South Dakota","Oglala Lakota County",1,50,142,73,69
050,46,102,"South Dakota","Oglala Lakota County",1,51,137,70,67
050,46,102,"South Dakota","Oglala Lakota County",1,52,135,72,63
050,46,102,"South Dakota","Oglala Lakota County",1,53,143,71,72
050,46,102,"South Dakota","Oglala Lakota County",1,54,136,70,66
050,46,102,"South Dakota","Oglala Lakota County",1,55,129,61,68
050,46,102,"South Dakota","Oglala Lakota County",1,56,139,58,81
050,46,102,"South Dakota","Oglala Lakota County",1,57,135,77,58
050,46,102,"South Dakota","Oglala Lakota County",1,58,121,67,54
050,46,102,"South Dakota","Oglala Lakota County",1,59,127,60,67
050,46,102,"South Dakota","Oglala Lakota County",1,60,121,55,66
050,46,102,"South Dakota","Oglala Lakota County",1,61,107,52,55
050,46,102,"South Dakota","Oglala Lakota County",1,62,104,47,57
050,46,102,"South Dakota","Oglala Lakota County",1,63,108,52,56
050,46,102,"South Dakota","Oglala Lakota County",1,64,95,45,50
050,46,102,"South Dakota","Oglala Lakota County",1,65,87,38,49
050,46,102,"South Dakota","Oglala Lakota County",1,66,83,36,47
050,46,102,"South Dakota","Oglala Lakota County",1,67,82,34,48
050,46,102,"South Dakota","Oglala Lakota County",1,68,78,33,45
050,46,102,"South Dakota","Oglala Lakota County",1,69,70,22,48
050,46,102,"South Dakota","Oglala Lakota County",1,70,59,19,40
050,46,102,"South Dakota","Oglala Lakota County",1,71,42,15,27
050,46,102,"South Dakota","Oglala Lakota County",1,72,42,17,25
050,46,102,"South Dakota","Oglala Lakota County",1,73,57,25,32
050,46,102,"South Dakota","Oglala Lakota County",1,74,39,17,22
050,46,102,"South Dakota","Oglala Lakota County",1,75,36,15,21
050,46,102,"South Dakota","Oglala Lakota County",1,76,39,12,27
050,46,102,"South Dakota","Oglala Lakota County",1,77,35,12,23
050,46,102,"South Dakota","Oglala Lakota County",1,78,37,12,25
050,46,102,"South Dakota","Oglala Lakota County",1,79,30,10,20
050,46,102,"South Dakota","Oglala Lakota County",1,80,22,8,14
050,46,102,"South Dakota","Oglala Lakota County",1,81,26,11,15
050,46,102,"South Dakota","Oglala Lakota County",1,82,18,6,12
050,46,102,"South Dakota","Oglala Lakota County",1,83,11,5,6
050,46,102,"South Dakota","Oglala Lakota County",1,84,14,8,6
050,46,102,"South Dakota","Oglala Lakota County",1,85,69,20,49
050,46,102,"South Dakota","Oglala Lakota County",2,0,235,120,115
050,46,102,"South Dakota","Oglala Lakota County",2,1,241,126,115
050,46,102,"South Dakota","Oglala Lakota County",2,2,239,122,117
050,46,102,"South Dakota","Oglala Lakota County",2,3,254,129,125
050,46,102,"South Dakota","Oglala Lakota County",2,4,260,135,125
050,46,102,"South Dakota","Oglala Lakota County",2,5,274,140,134
050,46,102,"South Dakota","Oglala Lakota County",2,6,286,153,133
050,46,102,"South Dakota","Oglala Lakota County",2,7,295,150,145
050,46,102,"South Dakota","Oglala Lakota County",2,8,293,150,143
050,46,102,"South Dakota","Oglala Lakota County",2,9,292,145,147
050,46,102,"South Dakota","Oglala Lakota County",2,10,287,143,144
050,46,102,"South Dakota","Oglala Lakota County",2,11,283,142,141
050,46,102,"South Dakota","Oglala Lakota County",2,12,303,158,145
050,46,102,"South Dakota","Oglala Lakota County",2,13,304,156,148
050,46,102,"South Dakota","Oglala Lakota County",2,14,292,150,142
050,46,102,"South Dakota","Oglala Lakota County",2,15,283,139,144
050,46,102,"South Dakota","Oglala Lakota County",2,16,268,135,133
050,46,102,"South Dakota","Oglala Lakota County",2,17,242,124,118
050,46,102,"South Dakota","Oglala Lakota County",2,18,217,113,104
050,46,102,"South Dakota","Oglala Lakota County",2,19,223,125,98
050,46,102,"South Dakota","Oglala Lakota County",2,20,230,130,100
050,46,102,"South Dakota","Oglala Lakota County",2,21,211,116,95
050,46,102,"South Dakota","Oglala Lakota County",2,22,219,114,105
050,46,102,"South Dakota","Oglala Lakota County",2,23,228,121,107
050,46,102,"South Dakota","Oglala Lakota County",2,24,200,114,86
050,46,102,"South Dakota","Oglala Lakota County",2,25,200,105,95
050,46,102,"South Dakota","Oglala Lakota County",2,26,225,124,101
050,46,102,"South Dakota","Oglala Lakota County",2,27,234,117,117
050,46,102,"South Dakota","Oglala Lakota County",2,28,214,102,112
050,46,102,"South Dakota","Oglala Lakota County",2,29,209,105,104
050,46,102,"South Dakota","Oglala Lakota County",2,30,210,108,102
050,46,102,"South Dakota","Oglala Lakota County",2,31,215,105,110
050,46,102,"South Dakota","Oglala Lakota County",2,32,220,108,112
050,46,102,"South Dakota","Oglala Lakota County",2,33,213,113,100
050,46,102,"South Dakota","Oglala Lakota County",2,34,205,115,90
050,46,102,"South Dakota","Oglala Lakota County",2,35,177,104,73
050,46,102,"South Dakota","Oglala Lakota County",2,36,165,86,79
050,46,102,"South Dakota","Oglala Lakota County",2,37,176,86,90
050,46,102,"South Dakota","Oglala Lakota County",2,38,174,86,88
050,46,102,"South Dakota","Oglala Lakota County",2,39,155,73,82
050,46,102,"South Dakota","Oglala Lakota County",2,40,153,73,80
050,46,102,"South Dakota","Oglala Lakota County",2,41,143,74,69
050,46,102,"South Dakota","Oglala Lakota County",2,42,131,67,64
050,46,102,"South Dakota","Oglala Lakota County",2,43,140,72,68
050,46,102,"South Dakota","Oglala Lakota County",2,44,132,68,64
050,46,102,"South Dakota","Oglala Lakota County",2,45,132,62,70
050,46,102,"South Dakota","Oglala Lakota County",2,46,116,53,63
050,46,102,"South Dakota","Oglala Lakota County",2,47,119,61,58
050,46,102,"South Dakota","Oglala Lakota County",2,48,139,73,66
050,46,102,"South Dakota","Oglala Lakota County",2,49,143,69,74
050,46,102,"South Dakota","Oglala Lakota County",2,50,144,72,72
050,46,102,"South Dakota","Oglala Lakota County",2,51,136,69,67
050,46,102,"South Dakota","Oglala Lakota County",2,52,132,70,62
050,46,102,"South Dakota","Oglala Lakota County",2,53,137,71,66
050,46,102,"South Dakota","Oglala Lakota County",2,54,135,70,65
050,46,102,"South Dakota","Oglala Lakota County",2,55,131,63,68
050,46,102,"South Dakota","Oglala Lakota County",2,56,136,59,77
050,46,102,"South Dakota","Oglala Lakota County",2,57,135,72,63
050,46,102,"South Dakota","Oglala Lakota County",2,58,123,70,53
050,46,102,"South Dakota","Oglala Lakota County",2,59,125,62,63
050,46,102,"South Dakota","Oglala Lakota County",2,60,121,55,66
050,46,102,"South Dakota","Oglala Lakota County",2,61,109,51,58
050,46,102,"South Dakota","Oglala Lakota County",2,62,104,48,56
050,46,102,"South Dakota","Oglala Lakota County",2,63,107,50,57
050,46,102,"South Dakota","Oglala Lakota County",2,64,96,45,51
050,46,102,"South Dakota","Oglala Lakota County",2,65,88,39,49
050,46,102,"South Dakota","Oglala Lakota County",2,66,83,36,47
050,46,102,"South Dakota","Oglala Lakota County",2,67,81,35,46
050,46,102,"South Dakota","Oglala Lakota County",2,68,77,33,44
050,46,102,"South Dakota","Oglala Lakota County",2,69,70,23,47
050,46,102,"South Dakota","Oglala Lakota County",2,70,60,19,41
050,46,102,"South Dakota","Oglala Lakota County",2,71,45,16,29
050,46,102,"South Dakota","Oglala Lakota County",2,72,41,16,25
050,46,102,"South Dakota","Oglala Lakota County",2,73,55,24,31
050,46,102,"South Dakota","Oglala Lakota County",2,74,41,18,23
050,46,102,"South Dakota","Oglala Lakota County",2,75,36,15,21
050,46,102,"South Dakota","Oglala Lakota County",2,76,37,13,24
050,46,102,"South Dakota","Oglala Lakota County",2,77,35,12,23
050,46,102,"South Dakota","Oglala Lakota County",2,78,34,12,22
050,46,102,"South Dakota","Oglala Lakota County",2,79,32,11,21
050,46,102,"South Dakota","Oglala Lakota County",2,80,24,9,15
050,46,102,"South Dakota","Oglala Lakota County",2,81,25,10,15
050,46,102,"South Dakota","Oglala Lakota County",2,82,20,7,13
050,46,102,"South Dakota","Oglala Lakota County",2,83,12,5,7
050,46,102,"South Dakota","Oglala Lakota County",2,84,13,7,6
050,46,102,"South Dakota","Oglala Lakota County",2,85,69,21,48
050,46,102,"South Dakota","Oglala Lakota County",3,0,246,133,113
050,46,102,"South Dakota","Oglala Lakota County",3,1,233,117,116
050,46,102,"South Dakota","Oglala Lakota County",3,2,235,123,112
050,46,102,"South Dakota","Oglala Lakota County",3,3,254,129,125
050,46,102,"South Dakota","Oglala Lakota County",3,4,257,131,126
050,46,102,"South Dakota","Oglala Lakota County",3,5,243,128,115
050,46,102,"South Dakota","Oglala Lakota County",3,6,283,145,138
050,46,102,"South Dakota","Oglala Lakota County",3,7,297,155,142
050,46,102,"South Dakota","Oglala Lakota County",3,8,284,146,138
050,46,102,"South Dakota","Oglala Lakota County",3,9,285,147,138
050,46,102,"South Dakota","Oglala Lakota County",3,10,295,145,150
050,46,102,"South Dakota","Oglala Lakota County",3,11,294,145,149
050,46,102,"South Dakota","Oglala Lakota County",3,12,286,146,140
050,46,102,"South Dakota","Oglala Lakota County",3,13,298,155,143
050,46,102,"South Dakota","Oglala Lakota County",3,14,302,144,158
050,46,102,"South Dakota","Oglala Lakota County",3,15,291,147,144
050,46,102,"South Dakota","Oglala Lakota County",3,16,270,135,135
050,46,102,"South Dakota","Oglala Lakota County",3,17,262,133,129
050,46,102,"South Dakota","Oglala Lakota County",3,18,219,116,103
050,46,102,"South Dakota","Oglala Lakota County",3,19,205,114,91
050,46,102,"South Dakota","Oglala Lakota County",3,20,221,129,92
050,46,102,"South Dakota","Oglala Lakota County",3,21,217,116,101
050,46,102,"South Dakota","Oglala Lakota County",3,22,211,103,108
050,46,102,"South Dakota","Oglala Lakota County",3,23,222,113,109
050,46,102,"South Dakota","Oglala Lakota County",3,24,223,120,103
050,46,102,"South Dakota","Oglala Lakota County",3,25,193,110,83
050,46,102,"South Dakota","Oglala Lakota County",3,26,200,104,96
050,46,102,"South Dakota","Oglala Lakota County",3,27,224,128,96
050,46,102,"South Dakota","Oglala Lakota County",3,28,216,111,105
050,46,102,"South Dakota","Oglala Lakota County",3,29,215,106,109
050,46,102,"South Dakota","Oglala Lakota County",3,30,210,113,97
050,46,102,"South Dakota","Oglala Lakota County",3,31,207,107,100
050,46,102,"South Dakota","Oglala Lakota County",3,32,217,100,117
050,46,102,"South Dakota","Oglala Lakota County",3,33,213,106,107
050,46,102,"South Dakota","Oglala Lakota County",3,34,201,103,98
050,46,102,"South Dakota","Oglala Lakota County",3,35,200,115,85
050,46,102,"South Dakota","Oglala Lakota County",3,36,174,103,71
050,46,102,"South Dakota","Oglala Lakota County",3,37,153,81,72
050,46,102,"South Dakota","Oglala Lakota County",3,38,167,80,87
050,46,102,"South Dakota","Oglala Lakota County",3,39,167,82,85
050,46,102,"South Dakota","Oglala Lakota County",3,40,162,73,89
050,46,102,"South Dakota","Oglala Lakota County",3,41,150,71,79
050,46,102,"South Dakota","Oglala Lakota County",3,42,141,72,69
050,46,102,"South Dakota","Oglala Lakota County",3,43,127,69,58
050,46,102,"South Dakota","Oglala Lakota County",3,44,136,69,67
050,46,102,"South Dakota","Oglala Lakota County",3,45,129,67,62
050,46,102,"South Dakota","Oglala Lakota County",3,46,127,59,68
050,46,102,"South Dakota","Oglala Lakota County",3,47,114,52,62
050,46,102,"South Dakota","Oglala Lakota County",3,48,120,64,56
050,46,102,"South Dakota","Oglala Lakota County",3,49,134,72,62
050,46,102,"South Dakota","Oglala Lakota County",3,50,139,67,72
050,46,102,"South Dakota","Oglala Lakota County",3,51,138,68,70
050,46,102,"South Dakota","Oglala Lakota County",3,52,135,66,69
050,46,102,"South Dakota","Oglala Lakota County",3,53,122,60,62
050,46,102,"South Dakota","Oglala Lakota County",3,54,130,68,62
050,46,102,"South Dakota","Oglala Lakota County",3,55,126,64,62
050,46,102,"South Dakota","Oglala Lakota County",3,56,126,59,67
050,46,102,"South Dakota","Oglala Lakota County",3,57,136,61,75
050,46,102,"South Dakota","Oglala Lakota County",3,58,124,66,58
050,46,102,"South Dakota","Oglala Lakota County",3,59,118,65,53
050,46,102,"South Dakota","Oglala Lakota County",3,60,122,59,63
050,46,102,"South Dakota","Oglala Lakota County",3,61,118,56,62
050,46,102,"South Dakota","Oglala Lakota County",3,62,102,47,55
050,46,102,"South Dakota","Oglala Lakota County",3,63,98,45,53
050,46,102,"South Dakota","Oglala Lakota County",3,64,109,51,58
050,46,102,"South Dakota","Oglala Lakota County",3,65,92,44,48
050,46,102,"South Dakota","Oglala Lakota County",3,66,82,35,47
050,46,102,"South Dakota","Oglala Lakota County",3,67,79,35,44
050,46,102,"South Dakota","Oglala Lakota County",3,68,76,31,45
050,46,102,"South Dakota","Oglala Lakota County",3,69,71,28,43
050,46,102,"South Dakota","Oglala Lakota County",3,70,68,20,48
050,46,102,"South Dakota","Oglala Lakota County",3,71,56,17,39
050,46,102,"South Dakota","Oglala Lakota County",3,72,37,12,25
050,46,102,"South Dakota","Oglala Lakota County",3,73,37,13,24
050,46,102,"South Dakota","Oglala Lakota County",3,74,50,20,30
050,46,102,"South Dakota","Oglala Lakota County",3,75,40,17,23
050,46,102,"South Dakota","Oglala Lakota County",3,76,29,13,16
050,46,102,"South Dakota","Oglala Lakota County",3,77,33,12,21
050,46,102,"South Dakota","Oglala Lakota County",3,78,29,10,19
050,46,102,"South Dakota","Oglala Lakota County",3,79,31,10,21
050,46,102,"South Dakota","Oglala Lakota County",3,80,32,11,21
050,46,102,"South Dakota","Oglala Lakota County",3,81,24,10,14
050,46,102,"South Dakota","Oglala Lakota County",3,82,22,8,14
050,46,102,"South Dakota","Oglala Lakota County",3,83,20,8,12
050,46,102,"South Dakota","Oglala Lakota County",3,84,11,4,7
050,46,102,"South Dakota","Oglala Lakota County",3,85,67,24,43
050,46,102,"South Dakota","Oglala Lakota County",4,0,236,139,97
050,46,102,"South Dakota","Oglala Lakota County",4,1,241,133,108
050,46,102,"South Dakota","Oglala Lakota County",4,2,230,115,115
050,46,102,"South Dakota","Oglala Lakota County",4,3,223,119,104
050,46,102,"South Dakota","Oglala Lakota County",4,4,235,120,115
050,46,102,"South Dakota","Oglala Lakota County",4,5,242,128,114
050,46,102,"South Dakota","Oglala Lakota County",4,6,251,134,117
050,46,102,"South Dakota","Oglala Lakota County",4,7,280,145,135
050,46,102,"South Dakota","Oglala Lakota County",4,8,296,149,147
050,46,102,"South Dakota","Oglala Lakota County",4,9,286,147,139
050,46,102,"South Dakota","Oglala Lakota County",4,10,286,145,141
050,46,102,"South Dakota","Oglala Lakota County",4,11,294,142,152
050,46,102,"South Dakota","Oglala Lakota County",4,12,292,148,144
050,46,102,"South Dakota","Oglala Lakota County",4,13,290,152,138
050,46,102,"South Dakota","Oglala Lakota County",4,14,305,154,151
050,46,102,"South Dakota","Oglala Lakota County",4,15,299,147,152
050,46,102,"South Dakota","Oglala Lakota County",4,16,291,149,142
050,46,102,"South Dakota","Oglala Lakota County",4,17,268,135,133
050,46,102,"South Dakota","Oglala Lakota County",4,18,238,127,111
050,46,102,"South Dakota","Oglala Lakota County",4,19,219,126,93
050,46,102,"South Dakota","Oglala Lakota County",4,20,214,120,94
050,46,102,"South Dakota","Oglala Lakota County",4,21,214,128,86
050,46,102,"South Dakota","Oglala Lakota County",4,22,215,106,109
050,46,102,"South Dakota","Oglala Lakota County",4,23,196,96,100
050,46,102,"South Dakota","Oglala Lakota County",4,24,216,112,104
050,46,102,"South Dakota","Oglala Lakota County",4,25,221,121,100
050,46,102,"South Dakota","Oglala Lakota County",4,26,183,104,79
050,46,102,"South Dakota","Oglala Lakota County",4,27,189,97,92
050,46,102,"South Dakota","Oglala Lakota County",4,28,212,119,93
050,46,102,"South Dakota","Oglala Lakota County",4,29,217,112,105
050,46,102,"South Dakota","Oglala Lakota County",4,30,195,95,100
050,46,102,"South Dakota","Oglala Lakota County",4,31,203,107,96
050,46,102,"South Dakota","Oglala Lakota County",4,32,197,108,89
050,46,102,"South Dakota","Oglala Lakota County",4,33,211,99,112
050,46,102,"South Dakota","Oglala Lakota County",4,34,208,102,106
050,46,102,"South Dakota","Oglala Lakota County",4,35,202,105,97
050,46,102,"South Dakota","Oglala Lakota County",4,36,192,108,84
050,46,102,"South Dakota","Oglala Lakota County",4,37,166,99,67
050,46,102,"South Dakota","Oglala Lakota County",4,38,163,86,77
050,46,102,"South Dakota","Oglala Lakota County",4,39,171,85,86
050,46,102,"South Dakota","Oglala Lakota County",4,40,165,84,81
050,46,102,"South Dakota","Oglala Lakota County",4,41,154,67,87
050,46,102,"South Dakota","Oglala Lakota County",4,42,147,68,79
050,46,102,"South Dakota","Oglala Lakota County",4,43,138,68,70
050,46,102,"South Dakota","Oglala Lakota County",4,44,131,66,65
050,46,102,"South Dakota","Oglala Lakota County",4,45,131,67,64
050,46,102,"South Dakota","Oglala Lakota County",4,46,119,62,57
050,46,102,"South Dakota","Oglala Lakota County",4,47,134,58,76
050,46,102,"South Dakota","Oglala Lakota County",4,48,121,52,69
050,46,102,"South Dakota","Oglala Lakota County",4,49,114,62,52
050,46,102,"South Dakota","Oglala Lakota County",4,50,130,72,58
050,46,102,"South Dakota","Oglala Lakota County",4,51,136,67,69
050,46,102,"South Dakota","Oglala Lakota County",4,52,136,69,67
050,46,102,"South Dakota","Oglala Lakota County",4,53,130,65,65
050,46,102,"South Dakota","Oglala Lakota County",4,54,118,56,62
050,46,102,"South Dakota","Oglala Lakota County",4,55,129,69,60
050,46,102,"South Dakota","Oglala Lakota County",4,56,127,63,64
050,46,102,"South Dakota","Oglala Lakota County",4,57,124,60,64
050,46,102,"South Dakota","Oglala Lakota County",4,58,130,59,71
050,46,102,"South Dakota","Oglala Lakota County",4,59,124,66,58
050,46,102,"South Dakota","Oglala Lakota County",4,60,119,61,58
050,46,102,"South Dakota","Oglala Lakota County",4,61,124,57,67
050,46,102,"South Dakota","Oglala Lakota County",4,62,118,58,60
050,46,102,"South Dakota","Oglala Lakota County",4,63,100,45,55
050,46,102,"South Dakota","Oglala Lakota County",4,64,94,42,52
050,46,102,"South Dakota","Oglala Lakota County",4,65,99,44,55
050,46,102,"South Dakota","Oglala Lakota County",4,66,87,40,47
050,46,102,"South Dakota","Oglala Lakota County",4,67,80,32,48
050,46,102,"South Dakota","Oglala Lakota County",4,68,72,33,39
050,46,102,"South Dakota","Oglala Lakota County",4,69,74,29,45
050,46,102,"South Dakota","Oglala Lakota County",4,70,69,25,44
050,46,102,"South Dakota","Oglala Lakota County",4,71,66,19,47
050,46,102,"South Dakota","Oglala Lakota County",4,72,51,13,38
050,46,102,"South Dakota","Oglala Lakota County",4,73,35,10,25
050,46,102,"South Dakota","Oglala Lakota County",4,74,34,11,23
050,46,102,"South Dakota","Oglala Lakota County",4,75,49,18,31
050,46,102,"South Dakota","Oglala Lakota County",4,76,35,16,19
050,46,102,"South Dakota","Oglala Lakota County",4,77,30,14,16
050,46,102,"South Dakota","Oglala Lakota County",4,78,30,11,19
050,46,102,"South Dakota","Oglala Lakota County",4,79,28,9,19
050,46,102,"South Dakota","Oglala Lakota County",4,80,30,9,21
050,46,102,"South Dakota","Oglala Lakota County",4,81,31,12,19
050,46,102,"South Dakota","Oglala Lakota County",4,82,20,6,14
050,46,102,"South Dakota","Oglala Lakota County",4,83,22,8,14
050,46,102,"South Dakota","Oglala Lakota County",4,84,19,7,12
050,46,102,"South Dakota","Oglala Lakota County",4,85,67,22,45
050,46,102,"South Dakota","Oglala Lakota County",5,0,235,138,97
050,46,102,"South Dakota","Oglala Lakota County",5,1,228,133,95
050,46,102,"South Dakota","Oglala Lakota County",5,2,242,131,111
050,46,102,"South Dakota","Oglala Lakota County",5,3,239,116,123
050,46,102,"South Dakota","Oglala Lakota County",5,4,227,122,105
050,46,102,"South Dakota","Oglala Lakota County",5,5,233,119,114
050,46,102,"South Dakota","Oglala Lakota County",5,6,246,130,116
050,46,102,"South Dakota","Oglala Lakota County",5,7,248,130,118
050,46,102,"South Dakota","Oglala Lakota County",5,8,282,146,136
050,46,102,"South Dakota","Oglala Lakota County",5,9,291,155,136
050,46,102,"South Dakota","Oglala Lakota County",5,10,290,145,145
050,46,102,"South Dakota","Oglala Lakota County",5,11,289,148,141
050,46,102,"South Dakota","Oglala Lakota County",5,12,289,136,153
050,46,102,"South Dakota","Oglala Lakota County",5,13,282,142,140
050,46,102,"South Dakota","Oglala Lakota County",5,14,290,147,143
050,46,102,"South Dakota","Oglala Lakota County",5,15,289,144,145
050,46,102,"South Dakota","Oglala Lakota County",5,16,297,145,152
050,46,102,"South Dakota","Oglala Lakota County",5,17,285,143,142
050,46,102,"South Dakota","Oglala Lakota County",5,18,245,126,119
050,46,102,"South Dakota","Oglala Lakota County",5,19,234,128,106
050,46,102,"South Dakota","Oglala Lakota County",5,20,218,125,93
050,46,102,"South Dakota","Oglala Lakota County",5,21,207,112,95
050,46,102,"South Dakota","Oglala Lakota County",5,22,212,121,91
050,46,102,"South Dakota","Oglala Lakota County",5,23,192,93,99
050,46,102,"South Dakota","Oglala Lakota County",5,24,187,93,94
050,46,102,"South Dakota","Oglala Lakota County",5,25,219,117,102
050,46,102,"South Dakota","Oglala Lakota County",5,26,215,121,94
050,46,102,"South Dakota","Oglala Lakota County",5,27,176,100,76
050,46,102,"South Dakota","Oglala Lakota County",5,28,193,102,91
050,46,102,"South Dakota","Oglala Lakota County",5,29,211,111,100
050,46,102,"South Dakota","Oglala Lakota County",5,30,215,104,111
050,46,102,"South Dakota","Oglala Lakota County",5,31,187,93,94
050,46,102,"South Dakota","Oglala Lakota County",5,32,200,104,96
050,46,102,"South Dakota","Oglala Lakota County",5,33,189,100,89
050,46,102,"South Dakota","Oglala Lakota County",5,34,206,99,107
050,46,102,"South Dakota","Oglala Lakota County",5,35,210,105,105
050,46,102,"South Dakota","Oglala Lakota County",5,36,199,105,94
050,46,102,"South Dakota","Oglala Lakota County",5,37,192,107,85
050,46,102,"South Dakota","Oglala Lakota County",5,38,169,99,70
050,46,102,"South Dakota","Oglala Lakota County",5,39,165,89,76
050,46,102,"South Dakota","Oglala Lakota County",5,40,164,81,83
050,46,102,"South Dakota","Oglala Lakota County",5,41,157,80,77
050,46,102,"South Dakota","Oglala Lakota County",5,42,147,62,85
050,46,102,"South Dakota","Oglala Lakota County",5,43,148,71,77
050,46,102,"South Dakota","Oglala Lakota County",5,44,135,63,72
050,46,102,"South Dakota","Oglala Lakota County",5,45,122,61,61
050,46,102,"South Dakota","Oglala Lakota County",5,46,127,63,64
050,46,102,"South Dakota","Oglala Lakota County",5,47,115,59,56
050,46,102,"South Dakota","Oglala Lakota County",5,48,127,55,72
050,46,102,"South Dakota","Oglala Lakota County",5,49,108,48,60
050,46,102,"South Dakota","Oglala Lakota County",5,50,117,63,54
050,46,102,"South Dakota","Oglala Lakota County",5,51,126,69,57
050,46,102,"South Dakota","Oglala Lakota County",5,52,130,66,64
050,46,102,"South Dakota","Oglala Lakota County",5,53,130,63,67
050,46,102,"South Dakota","Oglala Lakota County",5,54,130,65,65
050,46,102,"South Dakota","Oglala Lakota County",5,55,122,60,62
050,46,102,"South Dakota","Oglala Lakota County",5,56,128,71,57
050,46,102,"South Dakota","Oglala Lakota County",5,57,126,65,61
050,46,102,"South Dakota","Oglala Lakota County",5,58,123,58,65
050,46,102,"South Dakota","Oglala Lakota County",5,59,120,53,67
050,46,102,"South Dakota","Oglala Lakota County",5,60,114,61,53
050,46,102,"South Dakota","Oglala Lakota County",5,61,122,65,57
050,46,102,"South Dakota","Oglala Lakota County",5,62,121,56,65
050,46,102,"South Dakota","Oglala Lakota County",5,63,109,53,56
050,46,102,"South Dakota","Oglala Lakota County",5,64,101,46,55
050,46,102,"South Dakota","Oglala Lakota County",5,65,88,40,48
050,46,102,"South Dakota","Oglala Lakota County",5,66,93,39,54
050,46,102,"South Dakota","Oglala Lakota County",5,67,85,38,47
050,46,102,"South Dakota","Oglala Lakota County",5,68,72,31,41
050,46,102,"South Dakota","Oglala Lakota County",5,69,69,31,38
050,46,102,"South Dakota","Oglala Lakota County",5,70,70,27,43
050,46,102,"South Dakota","Oglala Lakota County",5,71,63,22,41
050,46,102,"South Dakota","Oglala Lakota County",5,72,60,15,45
050,46,102,"South Dakota","Oglala Lakota County",5,73,45,9,36
050,46,102,"South Dakota","Oglala Lakota County",5,74,32,9,23
050,46,102,"South Dakota","Oglala Lakota County",5,75,33,10,23
050,46,102,"South Dakota","Oglala Lakota County",5,76,42,16,26
050,46,102,"South Dakota","Oglala Lakota County",5,77,34,16,18
050,46,102,"South Dakota","Oglala Lakota County",5,78,27,13,14
050,46,102,"South Dakota","Oglala Lakota County",5,79,30,11,19
050,46,102,"South Dakota","Oglala Lakota County",5,80,29,9,20
050,46,102,"South Dakota","Oglala Lakota County",5,81,30,10,20
050,46,102,"South Dakota","Oglala Lakota County",5,82,28,10,18
050,46,102,"South Dakota","Oglala Lakota County",5,83,20,6,14
050,46,102,"South Dakota","Oglala Lakota County",5,84,20,8,12
050,46,102,"South Dakota","Oglala Lakota County",5,85,72,22,50
050,46,103,"South Dakota","Pennington County",1,0,1369,701,668
050,46,103,"South Dakota","Pennington County",1,1,1349,697,652
050,46,103,"South Dakota","Pennington County",1,2,1346,681,665
050,46,103,"South Dakota","Pennington County",1,3,1296,654,642
050,46,103,"South Dakota","Pennington County",1,4,1339,699,640
050,46,103,"South Dakota","Pennington County",1,5,1367,714,653
050,46,103,"South Dakota","Pennington County",1,6,1366,722,644
050,46,103,"South Dakota","Pennington County",1,7,1369,711,658
050,46,103,"South Dakota","Pennington County",1,8,1327,710,617
050,46,103,"South Dakota","Pennington County",1,9,1308,674,634
050,46,103,"South Dakota","Pennington County",1,10,1394,700,694
050,46,103,"South Dakota","Pennington County",1,11,1440,757,683
050,46,103,"South Dakota","Pennington County",1,12,1468,760,708
050,46,103,"South Dakota","Pennington County",1,13,1423,712,711
050,46,103,"South Dakota","Pennington County",1,14,1339,692,647
050,46,103,"South Dakota","Pennington County",1,15,1347,726,621
050,46,103,"South Dakota","Pennington County",1,16,1389,719,670
050,46,103,"South Dakota","Pennington County",1,17,1317,660,657
050,46,103,"South Dakota","Pennington County",1,18,1269,716,553
050,46,103,"South Dakota","Pennington County",1,19,1311,786,525
050,46,103,"South Dakota","Pennington County",1,20,1246,761,485
050,46,103,"South Dakota","Pennington County",1,21,1148,601,547
050,46,103,"South Dakota","Pennington County",1,22,1277,667,610
050,46,103,"South Dakota","Pennington County",1,23,1390,766,624
050,46,103,"South Dakota","Pennington County",1,24,1328,732,596
050,46,103,"South Dakota","Pennington County",1,25,1379,740,639
050,46,103,"South Dakota","Pennington County",1,26,1413,750,663
050,46,103,"South Dakota","Pennington County",1,27,1443,777,666
050,46,103,"South Dakota","Pennington County",1,28,1416,731,685
050,46,103,"South Dakota","Pennington County",1,29,1411,768,643
050,46,103,"South Dakota","Pennington County",1,30,1470,777,693
050,46,103,"South Dakota","Pennington County",1,31,1450,749,701
050,46,103,"South Dakota","Pennington County",1,32,1414,718,696
050,46,103,"South Dakota","Pennington County",1,33,1407,730,677
050,46,103,"South Dakota","Pennington County",1,34,1358,703,655
050,46,103,"South Dakota","Pennington County",1,35,1334,686,648
050,46,103,"South Dakota","Pennington County",1,36,1328,688,640
050,46,103,"South Dakota","Pennington County",1,37,1364,684,680
050,46,103,"South Dakota","Pennington County",1,38,1408,738,670
050,46,103,"South Dakota","Pennington County",1,39,1401,751,650
050,46,103,"South Dakota","Pennington County",1,40,1355,667,688
050,46,103,"South Dakota","Pennington County",1,41,1277,648,629
050,46,103,"South Dakota","Pennington County",1,42,1239,650,589
050,46,103,"South Dakota","Pennington County",1,43,1199,597,602
050,46,103,"South Dakota","Pennington County",1,44,1135,581,554
050,46,103,"South Dakota","Pennington County",1,45,1121,569,552
050,46,103,"South Dakota","Pennington County",1,46,1094,539,555
050,46,103,"South Dakota","Pennington County",1,47,1132,591,541
050,46,103,"South Dakota","Pennington County",1,48,1200,595,605
050,46,103,"South Dakota","Pennington County",1,49,1247,621,626
050,46,103,"South Dakota","Pennington County",1,50,1143,607,536
050,46,103,"South Dakota","Pennington County",1,51,1142,584,558
050,46,103,"South Dakota","Pennington County",1,52,1129,571,558
050,46,103,"South Dakota","Pennington County",1,53,1189,615,574
050,46,103,"South Dakota","Pennington County",1,54,1286,646,640
050,46,103,"South Dakota","Pennington County",1,55,1351,677,674
050,46,103,"South Dakota","Pennington County",1,56,1486,750,736
050,46,103,"South Dakota","Pennington County",1,57,1501,741,760
050,46,103,"South Dakota","Pennington County",1,58,1543,782,761
050,46,103,"South Dakota","Pennington County",1,59,1616,800,816
050,46,103,"South Dakota","Pennington County",1,60,1624,805,819
050,46,103,"South Dakota","Pennington County",1,61,1664,820,844
050,46,103,"South Dakota","Pennington County",1,62,1764,887,877
050,46,103,"South Dakota","Pennington County",1,63,1762,872,890
050,46,103,"South Dakota","Pennington County",1,64,1692,811,881
050,46,103,"South Dakota","Pennington County",1,65,1714,851,863
050,46,103,"South Dakota","Pennington County",1,66,1659,836,823
050,46,103,"South Dakota","Pennington County",1,67,1572,799,773
050,46,103,"South Dakota","Pennington County",1,68,1528,750,778
050,46,103,"South Dakota","Pennington County",1,69,1369,687,682
050,46,103,"South Dakota","Pennington County",1,70,1316,649,667
050,46,103,"South Dakota","Pennington County",1,71,1174,592,582
050,46,103,"South Dakota","Pennington County",1,72,1137,595,542
050,46,103,"South Dakota","Pennington County",1,73,1082,583,499
050,46,103,"South Dakota","Pennington County",1,74,747,389,358
050,46,103,"South Dakota","Pennington County",1,75,709,343,366
050,46,103,"South Dakota","Pennington County",1,76,717,339,378
050,46,103,"South Dakota","Pennington County",1,77,671,316,355
050,46,103,"South Dakota","Pennington County",1,78,551,255,296
050,46,103,"South Dakota","Pennington County",1,79,504,234,270
050,46,103,"South Dakota","Pennington County",1,80,469,211,258
050,46,103,"South Dakota","Pennington County",1,81,443,198,245
050,46,103,"South Dakota","Pennington County",1,82,377,156,221
050,46,103,"South Dakota","Pennington County",1,83,358,161,197
050,46,103,"South Dakota","Pennington County",1,84,339,135,204
050,46,103,"South Dakota","Pennington County",1,85,2381,805,1576
050,46,103,"South Dakota","Pennington County",2,0,1370,703,667
050,46,103,"South Dakota","Pennington County",2,1,1343,693,650
050,46,103,"South Dakota","Pennington County",2,2,1340,681,659
050,46,103,"South Dakota","Pennington County",2,3,1304,658,646
050,46,103,"South Dakota","Pennington County",2,4,1332,688,644
050,46,103,"South Dakota","Pennington County",2,5,1355,706,649
050,46,103,"South Dakota","Pennington County",2,6,1364,719,645
050,46,103,"South Dakota","Pennington County",2,7,1364,712,652
050,46,103,"South Dakota","Pennington County",2,8,1339,711,628
050,46,103,"South Dakota","Pennington County",2,9,1317,680,637
050,46,103,"South Dakota","Pennington County",2,10,1378,697,681
050,46,103,"South Dakota","Pennington County",2,11,1426,740,686
050,46,103,"South Dakota","Pennington County",2,12,1462,762,700
050,46,103,"South Dakota","Pennington County",2,13,1431,723,708
050,46,103,"South Dakota","Pennington County",2,14,1354,698,656
050,46,103,"South Dakota","Pennington County",2,15,1350,719,631
050,46,103,"South Dakota","Pennington County",2,16,1382,725,657
050,46,103,"South Dakota","Pennington County",2,17,1338,676,662
050,46,103,"South Dakota","Pennington County",2,18,1267,712,555
050,46,103,"South Dakota","Pennington County",2,19,1322,793,529
050,46,103,"South Dakota","Pennington County",2,20,1252,758,494
050,46,103,"South Dakota","Pennington County",2,21,1152,610,542
050,46,103,"South Dakota","Pennington County",2,22,1278,665,613
050,46,103,"South Dakota","Pennington County",2,23,1379,756,623
050,46,103,"South Dakota","Pennington County",2,24,1340,734,606
050,46,103,"South Dakota","Pennington County",2,25,1369,734,635
050,46,103,"South Dakota","Pennington County",2,26,1398,746,652
050,46,103,"South Dakota","Pennington County",2,27,1432,769,663
050,46,103,"South Dakota","Pennington County",2,28,1422,740,682
050,46,103,"South Dakota","Pennington County",2,29,1420,770,650
050,46,103,"South Dakota","Pennington County",2,30,1453,766,687
050,46,103,"South Dakota","Pennington County",2,31,1443,752,691
050,46,103,"South Dakota","Pennington County",2,32,1416,722,694
050,46,103,"South Dakota","Pennington County",2,33,1403,721,682
050,46,103,"South Dakota","Pennington County",2,34,1366,709,657
050,46,103,"South Dakota","Pennington County",2,35,1346,693,653
050,46,103,"South Dakota","Pennington County",2,36,1318,684,634
050,46,103,"South Dakota","Pennington County",2,37,1362,691,671
050,46,103,"South Dakota","Pennington County",2,38,1411,734,677
050,46,103,"South Dakota","Pennington County",2,39,1387,738,649
050,46,103,"South Dakota","Pennington County",2,40,1362,687,675
050,46,103,"South Dakota","Pennington County",2,41,1296,653,643
050,46,103,"South Dakota","Pennington County",2,42,1251,653,598
050,46,103,"South Dakota","Pennington County",2,43,1214,615,599
050,46,103,"South Dakota","Pennington County",2,44,1136,575,561
050,46,103,"South Dakota","Pennington County",2,45,1130,574,556
050,46,103,"South Dakota","Pennington County",2,46,1101,550,551
050,46,103,"South Dakota","Pennington County",2,47,1128,584,544
050,46,103,"South Dakota","Pennington County",2,48,1184,597,587
050,46,103,"South Dakota","Pennington County",2,49,1243,620,623
050,46,103,"South Dakota","Pennington County",2,50,1178,620,558
050,46,103,"South Dakota","Pennington County",2,51,1136,584,552
050,46,103,"South Dakota","Pennington County",2,52,1131,573,558
050,46,103,"South Dakota","Pennington County",2,53,1186,610,576
050,46,103,"South Dakota","Pennington County",2,54,1264,637,627
050,46,103,"South Dakota","Pennington County",2,55,1340,668,672
050,46,103,"South Dakota","Pennington County",2,56,1468,739,729
050,46,103,"South Dakota","Pennington County",2,57,1504,746,758
050,46,103,"South Dakota","Pennington County",2,58,1542,775,767
050,46,103,"South Dakota","Pennington County",2,59,1620,809,811
050,46,103,"South Dakota","Pennington County",2,60,1631,806,825
050,46,103,"South Dakota","Pennington County",2,61,1678,829,849
050,46,103,"South Dakota","Pennington County",2,62,1763,882,881
050,46,103,"South Dakota","Pennington County",2,63,1799,891,908
050,46,103,"South Dakota","Pennington County",2,64,1725,832,893
050,46,103,"South Dakota","Pennington County",2,65,1730,851,879
050,46,103,"South Dakota","Pennington County",2,66,1680,844,836
050,46,103,"South Dakota","Pennington County",2,67,1602,810,792
050,46,103,"South Dakota","Pennington County",2,68,1534,763,771
050,46,103,"South Dakota","Pennington County",2,69,1424,712,712
050,46,103,"South Dakota","Pennington County",2,70,1319,657,662
050,46,103,"South Dakota","Pennington County",2,71,1204,608,596
050,46,103,"South Dakota","Pennington County",2,72,1110,576,534
050,46,103,"South Dakota","Pennington County",2,73,1146,612,534
050,46,103,"South Dakota","Pennington County",2,74,772,407,365
050,46,103,"South Dakota","Pennington County",2,75,709,346,363
050,46,103,"South Dakota","Pennington County",2,76,705,334,371
050,46,103,"South Dakota","Pennington County",2,77,694,326,368
050,46,103,"South Dakota","Pennington County",2,78,564,262,302
050,46,103,"South Dakota","Pennington County",2,79,502,231,271
050,46,103,"South Dakota","Pennington County",2,80,476,220,256
050,46,103,"South Dakota","Pennington County",2,81,438,197,241
050,46,103,"South Dakota","Pennington County",2,82,390,165,225
050,46,103,"South Dakota","Pennington County",2,83,358,159,199
050,46,103,"South Dakota","Pennington County",2,84,331,133,198
050,46,103,"South Dakota","Pennington County",2,85,2383,803,1580
050,46,103,"South Dakota","Pennington County",3,0,1433,753,680
050,46,103,"South Dakota","Pennington County",3,1,1325,677,648
050,46,103,"South Dakota","Pennington County",3,2,1364,706,658
050,46,103,"South Dakota","Pennington County",3,3,1386,705,681
050,46,103,"South Dakota","Pennington County",3,4,1330,695,635
050,46,103,"South Dakota","Pennington County",3,5,1357,700,657
050,46,103,"South Dakota","Pennington County",3,6,1330,701,629
050,46,103,"South Dakota","Pennington County",3,7,1363,718,645
050,46,103,"South Dakota","Pennington County",3,8,1382,731,651
050,46,103,"South Dakota","Pennington County",3,9,1385,730,655
050,46,103,"South Dakota","Pennington County",3,10,1312,672,640
050,46,103,"South Dakota","Pennington County",3,11,1384,694,690
050,46,103,"South Dakota","Pennington County",3,12,1454,747,707
050,46,103,"South Dakota","Pennington County",3,13,1462,754,708
050,46,103,"South Dakota","Pennington County",3,14,1452,740,712
050,46,103,"South Dakota","Pennington County",3,15,1367,714,653
050,46,103,"South Dakota","Pennington County",3,16,1381,740,641
050,46,103,"South Dakota","Pennington County",3,17,1414,730,684
050,46,103,"South Dakota","Pennington County",3,18,1307,733,574
050,46,103,"South Dakota","Pennington County",3,19,1365,799,566
050,46,103,"South Dakota","Pennington County",3,20,1264,742,522
050,46,103,"South Dakota","Pennington County",3,21,1210,660,550
050,46,103,"South Dakota","Pennington County",3,22,1305,702,603
050,46,103,"South Dakota","Pennington County",3,23,1380,744,636
050,46,103,"South Dakota","Pennington County",3,24,1404,761,643
050,46,103,"South Dakota","Pennington County",3,25,1431,765,666
050,46,103,"South Dakota","Pennington County",3,26,1412,768,644
050,46,103,"South Dakota","Pennington County",3,27,1455,779,676
050,46,103,"South Dakota","Pennington County",3,28,1444,746,698
050,46,103,"South Dakota","Pennington County",3,29,1468,772,696
050,46,103,"South Dakota","Pennington County",3,30,1420,767,653
050,46,103,"South Dakota","Pennington County",3,31,1506,783,723
050,46,103,"South Dakota","Pennington County",3,32,1489,784,705
050,46,103,"South Dakota","Pennington County",3,33,1420,708,712
050,46,103,"South Dakota","Pennington County",3,34,1432,734,698
050,46,103,"South Dakota","Pennington County",3,35,1382,718,664
050,46,103,"South Dakota","Pennington County",3,36,1383,718,665
050,46,103,"South Dakota","Pennington County",3,37,1360,713,647
050,46,103,"South Dakota","Pennington County",3,38,1426,723,703
050,46,103,"South Dakota","Pennington County",3,39,1363,719,644
050,46,103,"South Dakota","Pennington County",3,40,1393,719,674
050,46,103,"South Dakota","Pennington County",3,41,1372,707,665
050,46,103,"South Dakota","Pennington County",3,42,1337,689,648
050,46,103,"South Dakota","Pennington County",3,43,1270,664,606
050,46,103,"South Dakota","Pennington County",3,44,1212,604,608
050,46,103,"South Dakota","Pennington County",3,45,1127,557,570
050,46,103,"South Dakota","Pennington County",3,46,1163,593,570
050,46,103,"South Dakota","Pennington County",3,47,1131,589,542
050,46,103,"South Dakota","Pennington County",3,48,1173,601,572
050,46,103,"South Dakota","Pennington County",3,49,1204,602,602
050,46,103,"South Dakota","Pennington County",3,50,1266,651,615
050,46,103,"South Dakota","Pennington County",3,51,1208,619,589
050,46,103,"South Dakota","Pennington County",3,52,1162,593,569
050,46,103,"South Dakota","Pennington County",3,53,1170,594,576
050,46,103,"South Dakota","Pennington County",3,54,1229,617,612
050,46,103,"South Dakota","Pennington County",3,55,1320,654,666
050,46,103,"South Dakota","Pennington County",3,56,1411,731,680
050,46,103,"South Dakota","Pennington County",3,57,1529,756,773
050,46,103,"South Dakota","Pennington County",3,58,1555,775,780
050,46,103,"South Dakota","Pennington County",3,59,1580,792,788
050,46,103,"South Dakota","Pennington County",3,60,1670,840,830
050,46,103,"South Dakota","Pennington County",3,61,1684,866,818
050,46,103,"South Dakota","Pennington County",3,62,1686,833,853
050,46,103,"South Dakota","Pennington County",3,63,1810,903,907
050,46,103,"South Dakota","Pennington County",3,64,1812,902,910
050,46,103,"South Dakota","Pennington County",3,65,1765,844,921
050,46,103,"South Dakota","Pennington County",3,66,1748,857,891
050,46,103,"South Dakota","Pennington County",3,67,1698,850,848
050,46,103,"South Dakota","Pennington County",3,68,1591,805,786
050,46,103,"South Dakota","Pennington County",3,69,1502,752,750
050,46,103,"South Dakota","Pennington County",3,70,1377,694,683
050,46,103,"South Dakota","Pennington County",3,71,1271,641,630
050,46,103,"South Dakota","Pennington County",3,72,1173,593,580
050,46,103,"South Dakota","Pennington County",3,73,1106,571,535
050,46,103,"South Dakota","Pennington County",3,74,1102,594,508
050,46,103,"South Dakota","Pennington County",3,75,727,378,349
050,46,103,"South Dakota","Pennington County",3,76,689,336,353
050,46,103,"South Dakota","Pennington County",3,77,667,315,352
050,46,103,"South Dakota","Pennington County",3,78,637,291,346
050,46,103,"South Dakota","Pennington County",3,79,553,250,303
050,46,103,"South Dakota","Pennington County",3,80,466,218,248
050,46,103,"South Dakota","Pennington County",3,81,431,201,230
050,46,103,"South Dakota","Pennington County",3,82,411,184,227
050,46,103,"South Dakota","Pennington County",3,83,351,152,199
050,46,103,"South Dakota","Pennington County",3,84,321,132,189
050,46,103,"South Dakota","Pennington County",3,85,2319,756,1563
050,46,103,"South Dakota","Pennington County",4,0,1442,744,698
050,46,103,"South Dakota","Pennington County",4,1,1341,686,655
050,46,103,"South Dakota","Pennington County",4,2,1298,652,646
050,46,103,"South Dakota","Pennington County",4,3,1381,709,672
050,46,103,"South Dakota","Pennington County",4,4,1415,712,703
050,46,103,"South Dakota","Pennington County",4,5,1368,708,660
050,46,103,"South Dakota","Pennington County",4,6,1405,720,685
050,46,103,"South Dakota","Pennington County",4,7,1366,702,664
050,46,103,"South Dakota","Pennington County",4,8,1387,734,653
050,46,103,"South Dakota","Pennington County",4,9,1395,736,659
050,46,103,"South Dakota","Pennington County",4,10,1408,733,675
050,46,103,"South Dakota","Pennington County",4,11,1347,686,661
050,46,103,"South Dakota","Pennington County",4,12,1424,725,699
050,46,103,"South Dakota","Pennington County",4,13,1443,731,712
050,46,103,"South Dakota","Pennington County",4,14,1482,781,701
050,46,103,"South Dakota","Pennington County",4,15,1442,736,706
050,46,103,"South Dakota","Pennington County",4,16,1373,708,665
050,46,103,"South Dakota","Pennington County",4,17,1409,754,655
050,46,103,"South Dakota","Pennington County",4,18,1364,773,591
050,46,103,"South Dakota","Pennington County",4,19,1353,815,538
050,46,103,"South Dakota","Pennington County",4,20,1274,738,536
050,46,103,"South Dakota","Pennington County",4,21,1195,634,561
050,46,103,"South Dakota","Pennington County",4,22,1332,728,604
050,46,103,"South Dakota","Pennington County",4,23,1461,801,660
050,46,103,"South Dakota","Pennington County",4,24,1413,756,657
050,46,103,"South Dakota","Pennington County",4,25,1408,748,660
050,46,103,"South Dakota","Pennington County",4,26,1469,814,655
050,46,103,"South Dakota","Pennington County",4,27,1452,805,647
050,46,103,"South Dakota","Pennington County",4,28,1448,759,689
050,46,103,"South Dakota","Pennington County",4,29,1487,793,694
050,46,103,"South Dakota","Pennington County",4,30,1515,792,723
050,46,103,"South Dakota","Pennington County",4,31,1429,752,677
050,46,103,"South Dakota","Pennington County",4,32,1567,808,759
050,46,103,"South Dakota","Pennington County",4,33,1475,776,699
050,46,103,"South Dakota","Pennington County",4,34,1415,707,708
050,46,103,"South Dakota","Pennington County",4,35,1413,716,697
050,46,103,"South Dakota","Pennington County",4,36,1408,734,674
050,46,103,"South Dakota","Pennington County",4,37,1395,719,676
050,46,103,"South Dakota","Pennington County",4,38,1391,719,672
050,46,103,"South Dakota","Pennington County",4,39,1420,714,706
050,46,103,"South Dakota","Pennington County",4,40,1348,699,649
050,46,103,"South Dakota","Pennington County",4,41,1397,711,686
050,46,103,"South Dakota","Pennington County",4,42,1430,753,677
050,46,103,"South Dakota","Pennington County",4,43,1339,699,640
050,46,103,"South Dakota","Pennington County",4,44,1268,652,616
050,46,103,"South Dakota","Pennington County",4,45,1219,606,613
050,46,103,"South Dakota","Pennington County",4,46,1177,595,582
050,46,103,"South Dakota","Pennington County",4,47,1214,622,592
050,46,103,"South Dakota","Pennington County",4,48,1183,595,588
050,46,103,"South Dakota","Pennington County",4,49,1190,613,577
050,46,103,"South Dakota","Pennington County",4,50,1218,618,600
050,46,103,"South Dakota","Pennington County",4,51,1309,668,641
050,46,103,"South Dakota","Pennington County",4,52,1239,642,597
050,46,103,"South Dakota","Pennington County",4,53,1193,600,593
050,46,103,"South Dakota","Pennington County",4,54,1226,612,614
050,46,103,"South Dakota","Pennington County",4,55,1262,632,630
050,46,103,"South Dakota","Pennington County",4,56,1400,696,704
050,46,103,"South Dakota","Pennington County",4,57,1460,756,704
050,46,103,"South Dakota","Pennington County",4,58,1610,771,839
050,46,103,"South Dakota","Pennington County",4,59,1621,817,804
050,46,103,"South Dakota","Pennington County",4,60,1671,832,839
050,46,103,"South Dakota","Pennington County",4,61,1787,909,878
050,46,103,"South Dakota","Pennington County",4,62,1765,916,849
050,46,103,"South Dakota","Pennington County",4,63,1788,896,892
050,46,103,"South Dakota","Pennington County",4,64,1855,919,936
050,46,103,"South Dakota","Pennington County",4,65,1872,928,944
050,46,103,"South Dakota","Pennington County",4,66,1772,861,911
050,46,103,"South Dakota","Pennington County",4,67,1787,896,891
050,46,103,"South Dakota","Pennington County",4,68,1718,866,852
050,46,103,"South Dakota","Pennington County",4,69,1566,797,769
050,46,103,"South Dakota","Pennington County",4,70,1473,756,717
050,46,103,"South Dakota","Pennington County",4,71,1361,689,672
050,46,103,"South Dakota","Pennington County",4,72,1201,607,594
050,46,103,"South Dakota","Pennington County",4,73,1142,561,581
050,46,103,"South Dakota","Pennington County",4,74,1082,553,529
050,46,103,"South Dakota","Pennington County",4,75,1041,562,479
050,46,103,"South Dakota","Pennington County",4,76,705,362,343
050,46,103,"South Dakota","Pennington County",4,77,635,313,322
050,46,103,"South Dakota","Pennington County",4,78,610,283,327
050,46,103,"South Dakota","Pennington County",4,79,632,282,350
050,46,103,"South Dakota","Pennington County",4,80,531,242,289
050,46,103,"South Dakota","Pennington County",4,81,421,192,229
050,46,103,"South Dakota","Pennington County",4,82,413,186,227
050,46,103,"South Dakota","Pennington County",4,83,376,170,206
050,46,103,"South Dakota","Pennington County",4,84,323,130,193
050,46,103,"South Dakota","Pennington County",4,85,2266,747,1519
050,46,103,"South Dakota","Pennington County",5,0,1438,746,692
050,46,103,"South Dakota","Pennington County",5,1,1413,719,694
050,46,103,"South Dakota","Pennington County",5,2,1299,664,635
050,46,103,"South Dakota","Pennington County",5,3,1308,664,644
050,46,103,"South Dakota","Pennington County",5,4,1373,718,655
050,46,103,"South Dakota","Pennington County",5,5,1455,734,721
050,46,103,"South Dakota","Pennington County",5,6,1379,721,658
050,46,103,"South Dakota","Pennington County",5,7,1422,713,709
050,46,103,"South Dakota","Pennington County",5,8,1367,706,661
050,46,103,"South Dakota","Pennington County",5,9,1425,749,676
050,46,103,"South Dakota","Pennington County",5,10,1439,771,668
050,46,103,"South Dakota","Pennington County",5,11,1428,730,698
050,46,103,"South Dakota","Pennington County",5,12,1351,677,674
050,46,103,"South Dakota","Pennington County",5,13,1461,737,724
050,46,103,"South Dakota","Pennington County",5,14,1473,757,716
050,46,103,"South Dakota","Pennington County",5,15,1498,784,714
050,46,103,"South Dakota","Pennington County",5,16,1464,741,723
050,46,103,"South Dakota","Pennington County",5,17,1381,712,669
050,46,103,"South Dakota","Pennington County",5,18,1372,801,571
050,46,103,"South Dakota","Pennington County",5,19,1415,845,570
050,46,103,"South Dakota","Pennington County",5,20,1307,776,531
050,46,103,"South Dakota","Pennington County",5,21,1186,623,563
050,46,103,"South Dakota","Pennington County",5,22,1368,721,647
050,46,103,"South Dakota","Pennington County",5,23,1395,782,613
050,46,103,"South Dakota","Pennington County",5,24,1457,773,684
050,46,103,"South Dakota","Pennington County",5,25,1428,749,679
050,46,103,"South Dakota","Pennington County",5,26,1410,764,646
050,46,103,"South Dakota","Pennington County",5,27,1509,838,671
050,46,103,"South Dakota","Pennington County",5,28,1476,805,671
050,46,103,"South Dakota","Pennington County",5,29,1487,777,710
050,46,103,"South Dakota","Pennington County",5,30,1507,805,702
050,46,103,"South Dakota","Pennington County",5,31,1536,782,754
050,46,103,"South Dakota","Pennington County",5,32,1469,768,701
050,46,103,"South Dakota","Pennington County",5,33,1542,805,737
050,46,103,"South Dakota","Pennington County",5,34,1488,781,707
050,46,103,"South Dakota","Pennington County",5,35,1422,690,732
050,46,103,"South Dakota","Pennington County",5,36,1422,722,700
050,46,103,"South Dakota","Pennington County",5,37,1443,761,682
050,46,103,"South Dakota","Pennington County",5,38,1440,730,710
050,46,103,"South Dakota","Pennington County",5,39,1402,724,678
050,46,103,"South Dakota","Pennington County",5,40,1428,712,716
050,46,103,"South Dakota","Pennington County",5,41,1367,711,656
050,46,103,"South Dakota","Pennington County",5,42,1445,747,698
050,46,103,"South Dakota","Pennington County",5,43,1418,736,682
050,46,103,"South Dakota","Pennington County",5,44,1319,677,642
050,46,103,"South Dakota","Pennington County",5,45,1279,648,631
050,46,103,"South Dakota","Pennington County",5,46,1246,621,625
050,46,103,"South Dakota","Pennington County",5,47,1205,616,589
050,46,103,"South Dakota","Pennington County",5,48,1240,650,590
050,46,103,"South Dakota","Pennington County",5,49,1173,572,601
050,46,103,"South Dakota","Pennington County",5,50,1237,641,596
050,46,103,"South Dakota","Pennington County",5,51,1228,621,607
050,46,103,"South Dakota","Pennington County",5,52,1342,682,660
050,46,103,"South Dakota","Pennington County",5,53,1262,640,622
050,46,103,"South Dakota","Pennington County",5,54,1208,606,602
050,46,103,"South Dakota","Pennington County",5,55,1219,609,610
050,46,103,"South Dakota","Pennington County",5,56,1325,671,654
050,46,103,"South Dakota","Pennington County",5,57,1421,718,703
050,46,103,"South Dakota","Pennington County",5,58,1496,761,735
050,46,103,"South Dakota","Pennington County",5,59,1638,790,848
050,46,103,"South Dakota","Pennington County",5,60,1643,824,819
050,46,103,"South Dakota","Pennington County",5,61,1739,881,858
050,46,103,"South Dakota","Pennington County",5,62,1847,940,907
050,46,103,"South Dakota","Pennington County",5,63,1806,956,850
050,46,103,"South Dakota","Pennington County",5,64,1795,909,886
050,46,103,"South Dakota","Pennington County",5,65,1844,912,932
050,46,103,"South Dakota","Pennington County",5,66,1845,920,925
050,46,103,"South Dakota","Pennington County",5,67,1796,877,919
050,46,103,"South Dakota","Pennington County",5,68,1763,889,874
050,46,103,"South Dakota","Pennington County",5,69,1656,839,817
050,46,103,"South Dakota","Pennington County",5,70,1506,770,736
050,46,103,"South Dakota","Pennington County",5,71,1443,741,702
050,46,103,"South Dakota","Pennington County",5,72,1299,653,646
050,46,103,"South Dakota","Pennington County",5,73,1171,589,582
050,46,103,"South Dakota","Pennington County",5,74,1093,535,558
050,46,103,"South Dakota","Pennington County",5,75,1032,521,511
050,46,103,"South Dakota","Pennington County",5,76,984,532,452
050,46,103,"South Dakota","Pennington County",5,77,657,335,322
050,46,103,"South Dakota","Pennington County",5,78,594,281,313
050,46,103,"South Dakota","Pennington County",5,79,590,268,322
050,46,103,"South Dakota","Pennington County",5,80,608,277,331
050,46,103,"South Dakota","Pennington County",5,81,476,215,261
050,46,103,"South Dakota","Pennington County",5,82,406,176,230
050,46,103,"South Dakota","Pennington County",5,83,373,172,201
050,46,103,"South Dakota","Pennington County",5,84,339,139,200
050,46,103,"South Dakota","Pennington County",5,85,2247,732,1515
050,46,105,"South Dakota","Perkins County",1,0,39,20,19
050,46,105,"South Dakota","Perkins County",1,1,30,17,13
050,46,105,"South Dakota","Perkins County",1,2,40,20,20
050,46,105,"South Dakota","Perkins County",1,3,40,14,26
050,46,105,"South Dakota","Perkins County",1,4,34,18,16
050,46,105,"South Dakota","Perkins County",1,5,33,16,17
050,46,105,"South Dakota","Perkins County",1,6,33,18,15
050,46,105,"South Dakota","Perkins County",1,7,29,12,17
050,46,105,"South Dakota","Perkins County",1,8,31,14,17
050,46,105,"South Dakota","Perkins County",1,9,27,12,15
050,46,105,"South Dakota","Perkins County",1,10,42,20,22
050,46,105,"South Dakota","Perkins County",1,11,44,19,25
050,46,105,"South Dakota","Perkins County",1,12,42,19,23
050,46,105,"South Dakota","Perkins County",1,13,32,21,11
050,46,105,"South Dakota","Perkins County",1,14,34,14,20
050,46,105,"South Dakota","Perkins County",1,15,25,14,11
050,46,105,"South Dakota","Perkins County",1,16,36,18,18
050,46,105,"South Dakota","Perkins County",1,17,41,22,19
050,46,105,"South Dakota","Perkins County",1,18,30,16,14
050,46,105,"South Dakota","Perkins County",1,19,22,13,9
050,46,105,"South Dakota","Perkins County",1,20,26,15,11
050,46,105,"South Dakota","Perkins County",1,21,26,16,10
050,46,105,"South Dakota","Perkins County",1,22,22,13,9
050,46,105,"South Dakota","Perkins County",1,23,27,15,12
050,46,105,"South Dakota","Perkins County",1,24,24,14,10
050,46,105,"South Dakota","Perkins County",1,25,27,14,13
050,46,105,"South Dakota","Perkins County",1,26,27,16,11
050,46,105,"South Dakota","Perkins County",1,27,27,15,12
050,46,105,"South Dakota","Perkins County",1,28,32,16,16
050,46,105,"South Dakota","Perkins County",1,29,20,10,10
050,46,105,"South Dakota","Perkins County",1,30,24,11,13
050,46,105,"South Dakota","Perkins County",1,31,21,12,9
050,46,105,"South Dakota","Perkins County",1,32,17,8,9
050,46,105,"South Dakota","Perkins County",1,33,18,10,8
050,46,105,"South Dakota","Perkins County",1,34,16,7,9
050,46,105,"South Dakota","Perkins County",1,35,31,14,17
050,46,105,"South Dakota","Perkins County",1,36,33,15,18
050,46,105,"South Dakota","Perkins County",1,37,34,21,13
050,46,105,"South Dakota","Perkins County",1,38,37,21,16
050,46,105,"South Dakota","Perkins County",1,39,33,21,12
050,46,105,"South Dakota","Perkins County",1,40,29,17,12
050,46,105,"South Dakota","Perkins County",1,41,27,12,15
050,46,105,"South Dakota","Perkins County",1,42,31,15,16
050,46,105,"South Dakota","Perkins County",1,43,32,15,17
050,46,105,"South Dakota","Perkins County",1,44,23,11,12
050,46,105,"South Dakota","Perkins County",1,45,33,16,17
050,46,105,"South Dakota","Perkins County",1,46,32,17,15
050,46,105,"South Dakota","Perkins County",1,47,27,14,13
050,46,105,"South Dakota","Perkins County",1,48,17,8,9
050,46,105,"South Dakota","Perkins County",1,49,26,14,12
050,46,105,"South Dakota","Perkins County",1,50,38,22,16
050,46,105,"South Dakota","Perkins County",1,51,25,11,14
050,46,105,"South Dakota","Perkins County",1,52,30,11,19
050,46,105,"South Dakota","Perkins County",1,53,31,15,16
050,46,105,"South Dakota","Perkins County",1,54,39,19,20
050,46,105,"South Dakota","Perkins County",1,55,34,17,17
050,46,105,"South Dakota","Perkins County",1,56,42,19,23
050,46,105,"South Dakota","Perkins County",1,57,49,23,26
050,46,105,"South Dakota","Perkins County",1,58,41,22,19
050,46,105,"South Dakota","Perkins County",1,59,48,23,25
050,46,105,"South Dakota","Perkins County",1,60,55,28,27
050,46,105,"South Dakota","Perkins County",1,61,55,29,26
050,46,105,"South Dakota","Perkins County",1,62,46,26,20
050,46,105,"South Dakota","Perkins County",1,63,50,25,25
050,46,105,"South Dakota","Perkins County",1,64,53,28,25
050,46,105,"South Dakota","Perkins County",1,65,47,25,22
050,46,105,"South Dakota","Perkins County",1,66,50,23,27
050,46,105,"South Dakota","Perkins County",1,67,49,29,20
050,46,105,"South Dakota","Perkins County",1,68,37,23,14
050,46,105,"South Dakota","Perkins County",1,69,40,22,18
050,46,105,"South Dakota","Perkins County",1,70,35,17,18
050,46,105,"South Dakota","Perkins County",1,71,33,14,19
050,46,105,"South Dakota","Perkins County",1,72,39,16,23
050,46,105,"South Dakota","Perkins County",1,73,36,21,15
050,46,105,"South Dakota","Perkins County",1,74,29,16,13
050,46,105,"South Dakota","Perkins County",1,75,26,14,12
050,46,105,"South Dakota","Perkins County",1,76,32,18,14
050,46,105,"South Dakota","Perkins County",1,77,26,19,7
050,46,105,"South Dakota","Perkins County",1,78,19,11,8
050,46,105,"South Dakota","Perkins County",1,79,22,12,10
050,46,105,"South Dakota","Perkins County",1,80,19,9,10
050,46,105,"South Dakota","Perkins County",1,81,22,12,10
050,46,105,"South Dakota","Perkins County",1,82,9,4,5
050,46,105,"South Dakota","Perkins County",1,83,16,7,9
050,46,105,"South Dakota","Perkins County",1,84,14,8,6
050,46,105,"South Dakota","Perkins County",1,85,123,42,81
050,46,105,"South Dakota","Perkins County",2,0,39,21,18
050,46,105,"South Dakota","Perkins County",2,1,31,17,14
050,46,105,"South Dakota","Perkins County",2,2,37,19,18
050,46,105,"South Dakota","Perkins County",2,3,38,15,23
050,46,105,"South Dakota","Perkins County",2,4,35,17,18
050,46,105,"South Dakota","Perkins County",2,5,33,17,16
050,46,105,"South Dakota","Perkins County",2,6,33,17,16
050,46,105,"South Dakota","Perkins County",2,7,31,14,17
050,46,105,"South Dakota","Perkins County",2,8,32,14,18
050,46,105,"South Dakota","Perkins County",2,9,28,12,16
050,46,105,"South Dakota","Perkins County",2,10,40,18,22
050,46,105,"South Dakota","Perkins County",2,11,43,19,24
050,46,105,"South Dakota","Perkins County",2,12,44,20,24
050,46,105,"South Dakota","Perkins County",2,13,33,20,13
050,46,105,"South Dakota","Perkins County",2,14,35,16,19
050,46,105,"South Dakota","Perkins County",2,15,27,14,13
050,46,105,"South Dakota","Perkins County",2,16,34,17,17
050,46,105,"South Dakota","Perkins County",2,17,39,21,18
050,46,105,"South Dakota","Perkins County",2,18,31,16,15
050,46,105,"South Dakota","Perkins County",2,19,22,13,9
050,46,105,"South Dakota","Perkins County",2,20,26,15,11
050,46,105,"South Dakota","Perkins County",2,21,26,16,10
050,46,105,"South Dakota","Perkins County",2,22,23,14,9
050,46,105,"South Dakota","Perkins County",2,23,26,15,11
050,46,105,"South Dakota","Perkins County",2,24,25,14,11
050,46,105,"South Dakota","Perkins County",2,25,26,14,12
050,46,105,"South Dakota","Perkins County",2,26,28,16,12
050,46,105,"South Dakota","Perkins County",2,27,27,15,12
050,46,105,"South Dakota","Perkins County",2,28,31,16,15
050,46,105,"South Dakota","Perkins County",2,29,23,11,12
050,46,105,"South Dakota","Perkins County",2,30,21,10,11
050,46,105,"South Dakota","Perkins County",2,31,22,12,10
050,46,105,"South Dakota","Perkins County",2,32,19,10,9
050,46,105,"South Dakota","Perkins County",2,33,17,9,8
050,46,105,"South Dakota","Perkins County",2,34,16,7,9
050,46,105,"South Dakota","Perkins County",2,35,27,12,15
050,46,105,"South Dakota","Perkins County",2,36,33,15,18
050,46,105,"South Dakota","Perkins County",2,37,34,20,14
050,46,105,"South Dakota","Perkins County",2,38,37,21,16
050,46,105,"South Dakota","Perkins County",2,39,34,21,13
050,46,105,"South Dakota","Perkins County",2,40,30,18,12
050,46,105,"South Dakota","Perkins County",2,41,27,13,14
050,46,105,"South Dakota","Perkins County",2,42,30,14,16
050,46,105,"South Dakota","Perkins County",2,43,33,15,18
050,46,105,"South Dakota","Perkins County",2,44,25,12,13
050,46,105,"South Dakota","Perkins County",2,45,30,14,16
050,46,105,"South Dakota","Perkins County",2,46,31,16,15
050,46,105,"South Dakota","Perkins County",2,47,28,15,13
050,46,105,"South Dakota","Perkins County",2,48,19,9,10
050,46,105,"South Dakota","Perkins County",2,49,25,14,11
050,46,105,"South Dakota","Perkins County",2,50,37,21,16
050,46,105,"South Dakota","Perkins County",2,51,28,13,15
050,46,105,"South Dakota","Perkins County",2,52,29,11,18
050,46,105,"South Dakota","Perkins County",2,53,31,14,17
050,46,105,"South Dakota","Perkins County",2,54,37,18,19
050,46,105,"South Dakota","Perkins County",2,55,36,18,18
050,46,105,"South Dakota","Perkins County",2,56,40,18,22
050,46,105,"South Dakota","Perkins County",2,57,49,23,26
050,46,105,"South Dakota","Perkins County",2,58,41,21,20
050,46,105,"South Dakota","Perkins County",2,59,46,23,23
050,46,105,"South Dakota","Perkins County",2,60,53,27,26
050,46,105,"South Dakota","Perkins County",2,61,54,29,25
050,46,105,"South Dakota","Perkins County",2,62,48,27,21
050,46,105,"South Dakota","Perkins County",2,63,49,25,24
050,46,105,"South Dakota","Perkins County",2,64,51,27,24
050,46,105,"South Dakota","Perkins County",2,65,49,26,23
050,46,105,"South Dakota","Perkins County",2,66,50,24,26
050,46,105,"South Dakota","Perkins County",2,67,48,27,21
050,46,105,"South Dakota","Perkins County",2,68,40,24,16
050,46,105,"South Dakota","Perkins County",2,69,40,23,17
050,46,105,"South Dakota","Perkins County",2,70,36,18,18
050,46,105,"South Dakota","Perkins County",2,71,34,15,19
050,46,105,"South Dakota","Perkins County",2,72,35,15,20
050,46,105,"South Dakota","Perkins County",2,73,38,21,17
050,46,105,"South Dakota","Perkins County",2,74,29,16,13
050,46,105,"South Dakota","Perkins County",2,75,27,15,12
050,46,105,"South Dakota","Perkins County",2,76,30,17,13
050,46,105,"South Dakota","Perkins County",2,77,29,20,9
050,46,105,"South Dakota","Perkins County",2,78,20,12,8
050,46,105,"South Dakota","Perkins County",2,79,20,11,9
050,46,105,"South Dakota","Perkins County",2,80,19,10,9
050,46,105,"South Dakota","Perkins County",2,81,21,11,10
050,46,105,"South Dakota","Perkins County",2,82,12,6,6
050,46,105,"South Dakota","Perkins County",2,83,14,6,8
050,46,105,"South Dakota","Perkins County",2,84,14,7,7
050,46,105,"South Dakota","Perkins County",2,85,124,42,82
050,46,105,"South Dakota","Perkins County",3,0,38,9,29
050,46,105,"South Dakota","Perkins County",3,1,39,23,16
050,46,105,"South Dakota","Perkins County",3,2,33,18,15
050,46,105,"South Dakota","Perkins County",3,3,40,22,18
050,46,105,"South Dakota","Perkins County",3,4,38,15,23
050,46,105,"South Dakota","Perkins County",3,5,32,17,15
050,46,105,"South Dakota","Perkins County",3,6,32,15,17
050,46,105,"South Dakota","Perkins County",3,7,33,17,16
050,46,105,"South Dakota","Perkins County",3,8,28,12,16
050,46,105,"South Dakota","Perkins County",3,9,34,15,19
050,46,105,"South Dakota","Perkins County",3,10,29,12,17
050,46,105,"South Dakota","Perkins County",3,11,38,17,21
050,46,105,"South Dakota","Perkins County",3,12,42,20,22
050,46,105,"South Dakota","Perkins County",3,13,43,21,22
050,46,105,"South Dakota","Perkins County",3,14,33,19,14
050,46,105,"South Dakota","Perkins County",3,15,34,19,15
050,46,105,"South Dakota","Perkins County",3,16,29,15,14
050,46,105,"South Dakota","Perkins County",3,17,32,17,15
050,46,105,"South Dakota","Perkins County",3,18,37,20,17
050,46,105,"South Dakota","Perkins County",3,19,24,14,10
050,46,105,"South Dakota","Perkins County",3,20,23,13,10
050,46,105,"South Dakota","Perkins County",3,21,25,16,9
050,46,105,"South Dakota","Perkins County",3,22,21,12,9
050,46,105,"South Dakota","Perkins County",3,23,23,12,11
050,46,105,"South Dakota","Perkins County",3,24,32,16,16
050,46,105,"South Dakota","Perkins County",3,25,28,17,11
050,46,105,"South Dakota","Perkins County",3,26,22,12,10
050,46,105,"South Dakota","Perkins County",3,27,30,15,15
050,46,105,"South Dakota","Perkins County",3,28,25,13,12
050,46,105,"South Dakota","Perkins County",3,29,33,16,17
050,46,105,"South Dakota","Perkins County",3,30,21,11,10
050,46,105,"South Dakota","Perkins County",3,31,20,10,10
050,46,105,"South Dakota","Perkins County",3,32,25,12,13
050,46,105,"South Dakota","Perkins County",3,33,19,10,9
050,46,105,"South Dakota","Perkins County",3,34,18,9,9
050,46,105,"South Dakota","Perkins County",3,35,17,7,10
050,46,105,"South Dakota","Perkins County",3,36,27,12,15
050,46,105,"South Dakota","Perkins County",3,37,35,16,19
050,46,105,"South Dakota","Perkins County",3,38,35,22,13
050,46,105,"South Dakota","Perkins County",3,39,38,22,16
050,46,105,"South Dakota","Perkins County",3,40,34,20,14
050,46,105,"South Dakota","Perkins County",3,41,30,18,12
050,46,105,"South Dakota","Perkins County",3,42,27,14,13
050,46,105,"South Dakota","Perkins County",3,43,31,14,17
050,46,105,"South Dakota","Perkins County",3,44,34,16,18
050,46,105,"South Dakota","Perkins County",3,45,25,12,13
050,46,105,"South Dakota","Perkins County",3,46,29,14,15
050,46,105,"South Dakota","Perkins County",3,47,35,17,18
050,46,105,"South Dakota","Perkins County",3,48,25,13,12
050,46,105,"South Dakota","Perkins County",3,49,19,9,10
050,46,105,"South Dakota","Perkins County",3,50,25,13,12
050,46,105,"South Dakota","Perkins County",3,51,37,21,16
050,46,105,"South Dakota","Perkins County",3,52,28,13,15
050,46,105,"South Dakota","Perkins County",3,53,27,10,17
050,46,105,"South Dakota","Perkins County",3,54,33,15,18
050,46,105,"South Dakota","Perkins County",3,55,36,18,18
050,46,105,"South Dakota","Perkins County",3,56,34,16,18
050,46,105,"South Dakota","Perkins County",3,57,43,20,23
050,46,105,"South Dakota","Perkins County",3,58,48,23,25
050,46,105,"South Dakota","Perkins County",3,59,41,21,20
050,46,105,"South Dakota","Perkins County",3,60,44,22,22
050,46,105,"South Dakota","Perkins County",3,61,54,27,27
050,46,105,"South Dakota","Perkins County",3,62,54,29,25
050,46,105,"South Dakota","Perkins County",3,63,49,27,22
050,46,105,"South Dakota","Perkins County",3,64,47,24,23
050,46,105,"South Dakota","Perkins County",3,65,48,25,23
050,46,105,"South Dakota","Perkins County",3,66,45,24,21
050,46,105,"South Dakota","Perkins County",3,67,49,22,27
050,46,105,"South Dakota","Perkins County",3,68,47,26,21
050,46,105,"South Dakota","Perkins County",3,69,41,25,16
050,46,105,"South Dakota","Perkins County",3,70,38,22,16
050,46,105,"South Dakota","Perkins County",3,71,34,15,19
050,46,105,"South Dakota","Perkins County",3,72,32,15,17
050,46,105,"South Dakota","Perkins County",3,73,34,15,19
050,46,105,"South Dakota","Perkins County",3,74,35,19,16
050,46,105,"South Dakota","Perkins County",3,75,31,16,15
050,46,105,"South Dakota","Perkins County",3,76,26,14,12
050,46,105,"South Dakota","Perkins County",3,77,30,18,12
050,46,105,"South Dakota","Perkins County",3,78,27,18,9
050,46,105,"South Dakota","Perkins County",3,79,22,13,9
050,46,105,"South Dakota","Perkins County",3,80,20,11,9
050,46,105,"South Dakota","Perkins County",3,81,18,9,9
050,46,105,"South Dakota","Perkins County",3,82,14,6,8
050,46,105,"South Dakota","Perkins County",3,83,14,7,7
050,46,105,"South Dakota","Perkins County",3,84,12,5,7
050,46,105,"South Dakota","Perkins County",3,85,114,37,77
050,46,105,"South Dakota","Perkins County",4,0,30,10,20
050,46,105,"South Dakota","Perkins County",4,1,36,8,28
050,46,105,"South Dakota","Perkins County",4,2,38,20,18
050,46,105,"South Dakota","Perkins County",4,3,33,19,14
050,46,105,"South Dakota","Perkins County",4,4,41,22,19
050,46,105,"South Dakota","Perkins County",4,5,33,13,20
050,46,105,"South Dakota","Perkins County",4,6,32,16,16
050,46,105,"South Dakota","Perkins County",4,7,35,17,18
050,46,105,"South Dakota","Perkins County",4,8,31,15,16
050,46,105,"South Dakota","Perkins County",4,9,28,13,15
050,46,105,"South Dakota","Perkins County",4,10,35,15,20
050,46,105,"South Dakota","Perkins County",4,11,29,12,17
050,46,105,"South Dakota","Perkins County",4,12,39,18,21
050,46,105,"South Dakota","Perkins County",4,13,40,18,22
050,46,105,"South Dakota","Perkins County",4,14,45,22,23
050,46,105,"South Dakota","Perkins County",4,15,34,20,14
050,46,105,"South Dakota","Perkins County",4,16,38,21,17
050,46,105,"South Dakota","Perkins County",4,17,29,16,13
050,46,105,"South Dakota","Perkins County",4,18,28,15,13
050,46,105,"South Dakota","Perkins County",4,19,26,14,12
050,46,105,"South Dakota","Perkins County",4,20,20,8,12
050,46,105,"South Dakota","Perkins County",4,21,21,13,8
050,46,105,"South Dakota","Perkins County",4,22,20,9,11
050,46,105,"South Dakota","Perkins County",4,23,20,11,9
050,46,105,"South Dakota","Perkins County",4,24,21,12,9
050,46,105,"South Dakota","Perkins County",4,25,31,13,18
050,46,105,"South Dakota","Perkins County",4,26,25,16,9
050,46,105,"South Dakota","Perkins County",4,27,22,11,11
050,46,105,"South Dakota","Perkins County",4,28,32,14,18
050,46,105,"South Dakota","Perkins County",4,29,27,14,13
050,46,105,"South Dakota","Perkins County",4,30,34,17,17
050,46,105,"South Dakota","Perkins County",4,31,24,14,10
050,46,105,"South Dakota","Perkins County",4,32,22,10,12
050,46,105,"South Dakota","Perkins County",4,33,24,12,12
050,46,105,"South Dakota","Perkins County",4,34,22,12,10
050,46,105,"South Dakota","Perkins County",4,35,15,8,7
050,46,105,"South Dakota","Perkins County",4,36,18,8,10
050,46,105,"South Dakota","Perkins County",4,37,29,14,15
050,46,105,"South Dakota","Perkins County",4,38,33,15,18
050,46,105,"South Dakota","Perkins County",4,39,33,21,12
050,46,105,"South Dakota","Perkins County",4,40,39,23,16
050,46,105,"South Dakota","Perkins County",4,41,33,20,13
050,46,105,"South Dakota","Perkins County",4,42,30,18,12
050,46,105,"South Dakota","Perkins County",4,43,25,13,12
050,46,105,"South Dakota","Perkins County",4,44,34,14,20
050,46,105,"South Dakota","Perkins County",4,45,34,16,18
050,46,105,"South Dakota","Perkins County",4,46,27,13,14
050,46,105,"South Dakota","Perkins County",4,47,31,16,15
050,46,105,"South Dakota","Perkins County",4,48,33,15,18
050,46,105,"South Dakota","Perkins County",4,49,30,14,16
050,46,105,"South Dakota","Perkins County",4,50,19,9,10
050,46,105,"South Dakota","Perkins County",4,51,26,13,13
050,46,105,"South Dakota","Perkins County",4,52,39,23,16
050,46,105,"South Dakota","Perkins County",4,53,27,13,14
050,46,105,"South Dakota","Perkins County",4,54,31,14,17
050,46,105,"South Dakota","Perkins County",4,55,35,17,18
050,46,105,"South Dakota","Perkins County",4,56,35,17,18
050,46,105,"South Dakota","Perkins County",4,57,33,15,18
050,46,105,"South Dakota","Perkins County",4,58,41,18,23
050,46,105,"South Dakota","Perkins County",4,59,48,23,25
050,46,105,"South Dakota","Perkins County",4,60,41,21,20
050,46,105,"South Dakota","Perkins County",4,61,46,22,24
050,46,105,"South Dakota","Perkins County",4,62,52,27,25
050,46,105,"South Dakota","Perkins County",4,63,57,32,25
050,46,105,"South Dakota","Perkins County",4,64,46,27,19
050,46,105,"South Dakota","Perkins County",4,65,48,23,25
050,46,105,"South Dakota","Perkins County",4,66,47,25,22
050,46,105,"South Dakota","Perkins County",4,67,43,24,19
050,46,105,"South Dakota","Perkins County",4,68,46,21,25
050,46,105,"South Dakota","Perkins County",4,69,45,26,19
050,46,105,"South Dakota","Perkins County",4,70,39,23,16
050,46,105,"South Dakota","Perkins County",4,71,39,23,16
050,46,105,"South Dakota","Perkins County",4,72,33,15,18
050,46,105,"South Dakota","Perkins County",4,73,33,15,18
050,46,105,"South Dakota","Perkins County",4,74,33,14,19
050,46,105,"South Dakota","Perkins County",4,75,32,18,14
050,46,105,"South Dakota","Perkins County",4,76,29,16,13
050,46,105,"South Dakota","Perkins County",4,77,25,14,11
050,46,105,"South Dakota","Perkins County",4,78,31,18,13
050,46,105,"South Dakota","Perkins County",4,79,28,19,9
050,46,105,"South Dakota","Perkins County",4,80,22,13,9
050,46,105,"South Dakota","Perkins County",4,81,18,11,7
050,46,105,"South Dakota","Perkins County",4,82,17,9,8
050,46,105,"South Dakota","Perkins County",4,83,16,7,9
050,46,105,"South Dakota","Perkins County",4,84,11,6,5
050,46,105,"South Dakota","Perkins County",4,85,109,33,76
050,46,105,"South Dakota","Perkins County",5,0,36,11,25
050,46,105,"South Dakota","Perkins County",5,1,33,9,24
050,46,105,"South Dakota","Perkins County",5,2,37,9,28
050,46,105,"South Dakota","Perkins County",5,3,37,20,17
050,46,105,"South Dakota","Perkins County",5,4,35,20,15
050,46,105,"South Dakota","Perkins County",5,5,42,24,18
050,46,105,"South Dakota","Perkins County",5,6,30,12,18
050,46,105,"South Dakota","Perkins County",5,7,35,16,19
050,46,105,"South Dakota","Perkins County",5,8,36,18,18
050,46,105,"South Dakota","Perkins County",5,9,36,16,20
050,46,105,"South Dakota","Perkins County",5,10,33,14,19
050,46,105,"South Dakota","Perkins County",5,11,35,16,19
050,46,105,"South Dakota","Perkins County",5,12,31,13,18
050,46,105,"South Dakota","Perkins County",5,13,40,18,22
050,46,105,"South Dakota","Perkins County",5,14,42,19,23
050,46,105,"South Dakota","Perkins County",5,15,48,25,23
050,46,105,"South Dakota","Perkins County",5,16,42,24,18
050,46,105,"South Dakota","Perkins County",5,17,34,19,15
050,46,105,"South Dakota","Perkins County",5,18,26,14,12
050,46,105,"South Dakota","Perkins County",5,19,22,12,10
050,46,105,"South Dakota","Perkins County",5,20,28,14,14
050,46,105,"South Dakota","Perkins County",5,21,20,11,9
050,46,105,"South Dakota","Perkins County",5,22,16,9,7
050,46,105,"South Dakota","Perkins County",5,23,24,11,13
050,46,105,"South Dakota","Perkins County",5,24,17,13,4
050,46,105,"South Dakota","Perkins County",5,25,18,11,7
050,46,105,"South Dakota","Perkins County",5,26,28,11,17
050,46,105,"South Dakota","Perkins County",5,27,23,14,9
050,46,105,"South Dakota","Perkins County",5,28,24,13,11
050,46,105,"South Dakota","Perkins County",5,29,24,10,14
050,46,105,"South Dakota","Perkins County",5,30,28,13,15
050,46,105,"South Dakota","Perkins County",5,31,31,15,16
050,46,105,"South Dakota","Perkins County",5,32,24,14,10
050,46,105,"South Dakota","Perkins County",5,33,24,10,14
050,46,105,"South Dakota","Perkins County",5,34,22,11,11
050,46,105,"South Dakota","Perkins County",5,35,22,12,10
050,46,105,"South Dakota","Perkins County",5,36,16,8,8
050,46,105,"South Dakota","Perkins County",5,37,21,9,12
050,46,105,"South Dakota","Perkins County",5,38,33,17,16
050,46,105,"South Dakota","Perkins County",5,39,34,16,18
050,46,105,"South Dakota","Perkins County",5,40,32,21,11
050,46,105,"South Dakota","Perkins County",5,41,41,24,17
050,46,105,"South Dakota","Perkins County",5,42,37,23,14
050,46,105,"South Dakota","Perkins County",5,43,38,21,17
050,46,105,"South Dakota","Perkins County",5,44,24,12,12
050,46,105,"South Dakota","Perkins County",5,45,34,14,20
050,46,105,"South Dakota","Perkins County",5,46,34,16,18
050,46,105,"South Dakota","Perkins County",5,47,29,15,14
050,46,105,"South Dakota","Perkins County",5,48,28,13,15
050,46,105,"South Dakota","Perkins County",5,49,32,15,17
050,46,105,"South Dakota","Perkins County",5,50,31,15,16
050,46,105,"South Dakota","Perkins County",5,51,19,9,10
050,46,105,"South Dakota","Perkins County",5,52,23,12,11
050,46,105,"South Dakota","Perkins County",5,53,35,20,15
050,46,105,"South Dakota","Perkins County",5,54,30,16,14
050,46,105,"South Dakota","Perkins County",5,55,32,14,18
050,46,105,"South Dakota","Perkins County",5,56,36,17,19
050,46,105,"South Dakota","Perkins County",5,57,35,16,19
050,46,105,"South Dakota","Perkins County",5,58,30,13,17
050,46,105,"South Dakota","Perkins County",5,59,37,16,21
050,46,105,"South Dakota","Perkins County",5,60,49,23,26
050,46,105,"South Dakota","Perkins County",5,61,42,21,21
050,46,105,"South Dakota","Perkins County",5,62,46,21,25
050,46,105,"South Dakota","Perkins County",5,63,57,29,28
050,46,105,"South Dakota","Perkins County",5,64,57,31,26
050,46,105,"South Dakota","Perkins County",5,65,45,26,19
050,46,105,"South Dakota","Perkins County",5,66,48,23,25
050,46,105,"South Dakota","Perkins County",5,67,46,24,22
050,46,105,"South Dakota","Perkins County",5,68,41,22,19
050,46,105,"South Dakota","Perkins County",5,69,44,21,23
050,46,105,"South Dakota","Perkins County",5,70,45,26,19
050,46,105,"South Dakota","Perkins County",5,71,41,23,18
050,46,105,"South Dakota","Perkins County",5,72,39,23,16
050,46,105,"South Dakota","Perkins County",5,73,31,15,16
050,46,105,"South Dakota","Perkins County",5,74,32,14,18
050,46,105,"South Dakota","Perkins County",5,75,33,14,19
050,46,105,"South Dakota","Perkins County",5,76,32,17,15
050,46,105,"South Dakota","Perkins County",5,77,28,16,12
050,46,105,"South Dakota","Perkins County",5,78,25,13,12
050,46,105,"South Dakota","Perkins County",5,79,30,16,14
050,46,105,"South Dakota","Perkins County",5,80,26,19,7
050,46,105,"South Dakota","Perkins County",5,81,21,11,10
050,46,105,"South Dakota","Perkins County",5,82,16,10,6
050,46,105,"South Dakota","Perkins County",5,83,19,10,9
050,46,105,"South Dakota","Perkins County",5,84,11,6,5
050,46,105,"South Dakota","Perkins County",5,85,106,33,73
050,46,107,"South Dakota","Potter County",1,0,25,14,11
050,46,107,"South Dakota","Potter County",1,1,24,12,12
050,46,107,"South Dakota","Potter County",1,2,21,4,17
050,46,107,"South Dakota","Potter County",1,3,28,12,16
050,46,107,"South Dakota","Potter County",1,4,35,20,15
050,46,107,"South Dakota","Potter County",1,5,26,18,8
050,46,107,"South Dakota","Potter County",1,6,28,19,9
050,46,107,"South Dakota","Potter County",1,7,30,11,19
050,46,107,"South Dakota","Potter County",1,8,33,16,17
050,46,107,"South Dakota","Potter County",1,9,27,13,14
050,46,107,"South Dakota","Potter County",1,10,30,17,13
050,46,107,"South Dakota","Potter County",1,11,35,17,18
050,46,107,"South Dakota","Potter County",1,12,41,21,20
050,46,107,"South Dakota","Potter County",1,13,37,20,17
050,46,107,"South Dakota","Potter County",1,14,31,12,19
050,46,107,"South Dakota","Potter County",1,15,32,14,18
050,46,107,"South Dakota","Potter County",1,16,34,17,17
050,46,107,"South Dakota","Potter County",1,17,39,23,16
050,46,107,"South Dakota","Potter County",1,18,26,11,15
050,46,107,"South Dakota","Potter County",1,19,18,9,9
050,46,107,"South Dakota","Potter County",1,20,20,8,12
050,46,107,"South Dakota","Potter County",1,21,19,7,12
050,46,107,"South Dakota","Potter County",1,22,16,8,8
050,46,107,"South Dakota","Potter County",1,23,16,9,7
050,46,107,"South Dakota","Potter County",1,24,21,10,11
050,46,107,"South Dakota","Potter County",1,25,22,11,11
050,46,107,"South Dakota","Potter County",1,26,25,10,15
050,46,107,"South Dakota","Potter County",1,27,27,13,14
050,46,107,"South Dakota","Potter County",1,28,24,12,12
050,46,107,"South Dakota","Potter County",1,29,22,12,10
050,46,107,"South Dakota","Potter County",1,30,21,10,11
050,46,107,"South Dakota","Potter County",1,31,22,7,15
050,46,107,"South Dakota","Potter County",1,32,24,12,12
050,46,107,"South Dakota","Potter County",1,33,26,14,12
050,46,107,"South Dakota","Potter County",1,34,25,15,10
050,46,107,"South Dakota","Potter County",1,35,17,9,8
050,46,107,"South Dakota","Potter County",1,36,18,9,9
050,46,107,"South Dakota","Potter County",1,37,18,9,9
050,46,107,"South Dakota","Potter County",1,38,22,10,12
050,46,107,"South Dakota","Potter County",1,39,30,18,12
050,46,107,"South Dakota","Potter County",1,40,30,16,14
050,46,107,"South Dakota","Potter County",1,41,35,16,19
050,46,107,"South Dakota","Potter County",1,42,23,13,10
050,46,107,"South Dakota","Potter County",1,43,22,11,11
050,46,107,"South Dakota","Potter County",1,44,23,12,11
050,46,107,"South Dakota","Potter County",1,45,16,9,7
050,46,107,"South Dakota","Potter County",1,46,16,10,6
050,46,107,"South Dakota","Potter County",1,47,19,11,8
050,46,107,"South Dakota","Potter County",1,48,15,6,9
050,46,107,"South Dakota","Potter County",1,49,27,12,15
050,46,107,"South Dakota","Potter County",1,50,26,12,14
050,46,107,"South Dakota","Potter County",1,51,29,14,15
050,46,107,"South Dakota","Potter County",1,52,32,14,18
050,46,107,"South Dakota","Potter County",1,53,30,11,19
050,46,107,"South Dakota","Potter County",1,54,27,12,15
050,46,107,"South Dakota","Potter County",1,55,30,15,15
050,46,107,"South Dakota","Potter County",1,56,31,13,18
050,46,107,"South Dakota","Potter County",1,57,39,18,21
050,46,107,"South Dakota","Potter County",1,58,40,23,17
050,46,107,"South Dakota","Potter County",1,59,46,25,21
050,46,107,"South Dakota","Potter County",1,60,47,30,17
050,46,107,"South Dakota","Potter County",1,61,42,23,19
050,46,107,"South Dakota","Potter County",1,62,41,24,17
050,46,107,"South Dakota","Potter County",1,63,35,21,14
050,46,107,"South Dakota","Potter County",1,64,33,14,19
050,46,107,"South Dakota","Potter County",1,65,35,17,18
050,46,107,"South Dakota","Potter County",1,66,33,18,15
050,46,107,"South Dakota","Potter County",1,67,34,18,16
050,46,107,"South Dakota","Potter County",1,68,31,11,20
050,46,107,"South Dakota","Potter County",1,69,45,21,24
050,46,107,"South Dakota","Potter County",1,70,50,24,26
050,46,107,"South Dakota","Potter County",1,71,48,22,26
050,46,107,"South Dakota","Potter County",1,72,37,18,19
050,46,107,"South Dakota","Potter County",1,73,31,16,15
050,46,107,"South Dakota","Potter County",1,74,26,11,15
050,46,107,"South Dakota","Potter County",1,75,32,15,17
050,46,107,"South Dakota","Potter County",1,76,30,18,12
050,46,107,"South Dakota","Potter County",1,77,26,16,10
050,46,107,"South Dakota","Potter County",1,78,23,12,11
050,46,107,"South Dakota","Potter County",1,79,21,9,12
050,46,107,"South Dakota","Potter County",1,80,16,8,8
050,46,107,"South Dakota","Potter County",1,81,17,8,9
050,46,107,"South Dakota","Potter County",1,82,21,12,9
050,46,107,"South Dakota","Potter County",1,83,21,10,11
050,46,107,"South Dakota","Potter County",1,84,20,7,13
050,46,107,"South Dakota","Potter County",1,85,87,28,59
050,46,107,"South Dakota","Potter County",2,0,26,12,14
050,46,107,"South Dakota","Potter County",2,1,24,12,12
050,46,107,"South Dakota","Potter County",2,2,23,6,17
050,46,107,"South Dakota","Potter County",2,3,28,11,17
050,46,107,"South Dakota","Potter County",2,4,34,19,15
050,46,107,"South Dakota","Potter County",2,5,28,19,9
050,46,107,"South Dakota","Potter County",2,6,28,19,9
050,46,107,"South Dakota","Potter County",2,7,31,13,18
050,46,107,"South Dakota","Potter County",2,8,32,15,17
050,46,107,"South Dakota","Potter County",2,9,28,14,14
050,46,107,"South Dakota","Potter County",2,10,30,16,14
050,46,107,"South Dakota","Potter County",2,11,34,17,17
050,46,107,"South Dakota","Potter County",2,12,39,20,19
050,46,107,"South Dakota","Potter County",2,13,38,20,18
050,46,107,"South Dakota","Potter County",2,14,31,13,18
050,46,107,"South Dakota","Potter County",2,15,33,14,19
050,46,107,"South Dakota","Potter County",2,16,35,16,19
050,46,107,"South Dakota","Potter County",2,17,37,21,16
050,46,107,"South Dakota","Potter County",2,18,28,13,15
050,46,107,"South Dakota","Potter County",2,19,18,9,9
050,46,107,"South Dakota","Potter County",2,20,20,8,12
050,46,107,"South Dakota","Potter County",2,21,19,7,12
050,46,107,"South Dakota","Potter County",2,22,16,8,8
050,46,107,"South Dakota","Potter County",2,23,17,9,8
050,46,107,"South Dakota","Potter County",2,24,20,10,10
050,46,107,"South Dakota","Potter County",2,25,22,10,12
050,46,107,"South Dakota","Potter County",2,26,24,10,14
050,46,107,"South Dakota","Potter County",2,27,26,12,14
050,46,107,"South Dakota","Potter County",2,28,24,12,12
050,46,107,"South Dakota","Potter County",2,29,23,12,11
050,46,107,"South Dakota","Potter County",2,30,21,11,10
050,46,107,"South Dakota","Potter County",2,31,24,9,15
050,46,107,"South Dakota","Potter County",2,32,24,12,12
050,46,107,"South Dakota","Potter County",2,33,25,13,12
050,46,107,"South Dakota","Potter County",2,34,26,15,11
050,46,107,"South Dakota","Potter County",2,35,20,11,9
050,46,107,"South Dakota","Potter County",2,36,18,9,9
050,46,107,"South Dakota","Potter County",2,37,17,8,9
050,46,107,"South Dakota","Potter County",2,38,21,10,11
050,46,107,"South Dakota","Potter County",2,39,27,15,12
050,46,107,"South Dakota","Potter County",2,40,30,16,14
050,46,107,"South Dakota","Potter County",2,41,33,16,17
050,46,107,"South Dakota","Potter County",2,42,26,14,12
050,46,107,"South Dakota","Potter County",2,43,23,12,11
050,46,107,"South Dakota","Potter County",2,44,22,11,11
050,46,107,"South Dakota","Potter County",2,45,18,10,8
050,46,107,"South Dakota","Potter County",2,46,16,10,6
050,46,107,"South Dakota","Potter County",2,47,18,11,7
050,46,107,"South Dakota","Potter County",2,48,16,7,9
050,46,107,"South Dakota","Potter County",2,49,24,11,13
050,46,107,"South Dakota","Potter County",2,50,27,12,15
050,46,107,"South Dakota","Potter County",2,51,28,14,14
050,46,107,"South Dakota","Potter County",2,52,31,14,17
050,46,107,"South Dakota","Potter County",2,53,31,12,19
050,46,107,"South Dakota","Potter County",2,54,27,11,16
050,46,107,"South Dakota","Potter County",2,55,29,14,15
050,46,107,"South Dakota","Potter County",2,56,30,13,17
050,46,107,"South Dakota","Potter County",2,57,38,17,21
050,46,107,"South Dakota","Potter County",2,58,40,22,18
050,46,107,"South Dakota","Potter County",2,59,44,24,20
050,46,107,"South Dakota","Potter County",2,60,47,29,18
050,46,107,"South Dakota","Potter County",2,61,42,24,18
050,46,107,"South Dakota","Potter County",2,62,41,24,17
050,46,107,"South Dakota","Potter County",2,63,37,22,15
050,46,107,"South Dakota","Potter County",2,64,33,15,18
050,46,107,"South Dakota","Potter County",2,65,34,16,18
050,46,107,"South Dakota","Potter County",2,66,34,18,16
050,46,107,"South Dakota","Potter County",2,67,34,18,16
050,46,107,"South Dakota","Potter County",2,68,31,12,19
050,46,107,"South Dakota","Potter County",2,69,42,19,23
050,46,107,"South Dakota","Potter County",2,70,48,22,26
050,46,107,"South Dakota","Potter County",2,71,48,23,25
050,46,107,"South Dakota","Potter County",2,72,38,18,20
050,46,107,"South Dakota","Potter County",2,73,34,17,17
050,46,107,"South Dakota","Potter County",2,74,27,12,15
050,46,107,"South Dakota","Potter County",2,75,30,14,16
050,46,107,"South Dakota","Potter County",2,76,31,17,14
050,46,107,"South Dakota","Potter County",2,77,28,18,10
050,46,107,"South Dakota","Potter County",2,78,23,13,10
050,46,107,"South Dakota","Potter County",2,79,21,9,12
050,46,107,"South Dakota","Potter County",2,80,17,8,9
050,46,107,"South Dakota","Potter County",2,81,17,8,9
050,46,107,"South Dakota","Potter County",2,82,20,11,9
050,46,107,"South Dakota","Potter County",2,83,22,11,11
050,46,107,"South Dakota","Potter County",2,84,20,7,13
050,46,107,"South Dakota","Potter County",2,85,84,26,58
050,46,107,"South Dakota","Potter County",3,0,22,10,12
050,46,107,"South Dakota","Potter County",3,1,24,12,12
050,46,107,"South Dakota","Potter County",3,2,25,11,14
050,46,107,"South Dakota","Potter County",3,3,24,8,16
050,46,107,"South Dakota","Potter County",3,4,29,11,18
050,46,107,"South Dakota","Potter County",3,5,35,19,16
050,46,107,"South Dakota","Potter County",3,6,28,19,9
050,46,107,"South Dakota","Potter County",3,7,29,19,10
050,46,107,"South Dakota","Potter County",3,8,31,13,18
050,46,107,"South Dakota","Potter County",3,9,37,17,20
050,46,107,"South Dakota","Potter County",3,10,29,15,14
050,46,107,"South Dakota","Potter County",3,11,35,20,15
050,46,107,"South Dakota","Potter County",3,12,35,18,17
050,46,107,"South Dakota","Potter County",3,13,42,23,19
050,46,107,"South Dakota","Potter County",3,14,40,20,20
050,46,107,"South Dakota","Potter County",3,15,30,13,17
050,46,107,"South Dakota","Potter County",3,16,33,15,18
050,46,107,"South Dakota","Potter County",3,17,35,19,16
050,46,107,"South Dakota","Potter County",3,18,30,19,11
050,46,107,"South Dakota","Potter County",3,19,21,10,11
050,46,107,"South Dakota","Potter County",3,20,21,10,11
050,46,107,"South Dakota","Potter County",3,21,21,9,12
050,46,107,"South Dakota","Potter County",3,22,21,8,13
050,46,107,"South Dakota","Potter County",3,23,21,10,11
050,46,107,"South Dakota","Potter County",3,24,22,13,9
050,46,107,"South Dakota","Potter County",3,25,20,9,11
050,46,107,"South Dakota","Potter County",3,26,20,10,10
050,46,107,"South Dakota","Potter County",3,27,19,5,14
050,46,107,"South Dakota","Potter County",3,28,25,12,13
050,46,107,"South Dakota","Potter County",3,29,21,11,10
050,46,107,"South Dakota","Potter County",3,30,24,12,12
050,46,107,"South Dakota","Potter County",3,31,19,9,10
050,46,107,"South Dakota","Potter County",3,32,24,8,16
050,46,107,"South Dakota","Potter County",3,33,23,11,12
050,46,107,"South Dakota","Potter County",3,34,28,16,12
050,46,107,"South Dakota","Potter County",3,35,25,15,10
050,46,107,"South Dakota","Potter County",3,36,18,9,9
050,46,107,"South Dakota","Potter County",3,37,19,10,9
050,46,107,"South Dakota","Potter County",3,38,18,8,10
050,46,107,"South Dakota","Potter County",3,39,24,10,14
050,46,107,"South Dakota","Potter County",3,40,26,15,11
050,46,107,"South Dakota","Potter County",3,41,30,16,14
050,46,107,"South Dakota","Potter County",3,42,33,16,17
050,46,107,"South Dakota","Potter County",3,43,28,15,13
050,46,107,"South Dakota","Potter County",3,44,23,12,11
050,46,107,"South Dakota","Potter County",3,45,23,11,12
050,46,107,"South Dakota","Potter County",3,46,17,9,8
050,46,107,"South Dakota","Potter County",3,47,16,10,6
050,46,107,"South Dakota","Potter County",3,48,17,10,7
050,46,107,"South Dakota","Potter County",3,49,16,7,9
050,46,107,"South Dakota","Potter County",3,50,26,13,13
050,46,107,"South Dakota","Potter County",3,51,28,12,16
050,46,107,"South Dakota","Potter County",3,52,29,14,15
050,46,107,"South Dakota","Potter County",3,53,30,14,16
050,46,107,"South Dakota","Potter County",3,54,35,14,21
050,46,107,"South Dakota","Potter County",3,55,25,11,14
050,46,107,"South Dakota","Potter County",3,56,33,16,17
050,46,107,"South Dakota","Potter County",3,57,30,12,18
050,46,107,"South Dakota","Potter County",3,58,40,19,21
050,46,107,"South Dakota","Potter County",3,59,42,23,19
050,46,107,"South Dakota","Potter County",3,60,43,24,19
050,46,107,"South Dakota","Potter County",3,61,48,28,20
050,46,107,"South Dakota","Potter County",3,62,40,23,17
050,46,107,"South Dakota","Potter County",3,63,42,25,17
050,46,107,"South Dakota","Potter County",3,64,41,24,17
050,46,107,"South Dakota","Potter County",3,65,35,18,17
050,46,107,"South Dakota","Potter County",3,66,31,16,15
050,46,107,"South Dakota","Potter County",3,67,34,18,16
050,46,107,"South Dakota","Potter County",3,68,29,18,11
050,46,107,"South Dakota","Potter County",3,69,30,11,19
050,46,107,"South Dakota","Potter County",3,70,42,18,24
050,46,107,"South Dakota","Potter County",3,71,48,22,26
050,46,107,"South Dakota","Potter County",3,72,46,22,24
050,46,107,"South Dakota","Potter County",3,73,36,16,20
050,46,107,"South Dakota","Potter County",3,74,34,17,17
050,46,107,"South Dakota","Potter County",3,75,21,8,13
050,46,107,"South Dakota","Potter County",3,76,27,12,15
050,46,107,"South Dakota","Potter County",3,77,29,15,14
050,46,107,"South Dakota","Potter County",3,78,26,17,9
050,46,107,"South Dakota","Potter County",3,79,23,12,11
050,46,107,"South Dakota","Potter County",3,80,18,7,11
050,46,107,"South Dakota","Potter County",3,81,15,8,7
050,46,107,"South Dakota","Potter County",3,82,16,8,8
050,46,107,"South Dakota","Potter County",3,83,18,9,9
050,46,107,"South Dakota","Potter County",3,84,21,9,12
050,46,107,"South Dakota","Potter County",3,85,84,26,58
050,46,107,"South Dakota","Potter County",4,0,21,8,13
050,46,107,"South Dakota","Potter County",4,1,22,10,12
050,46,107,"South Dakota","Potter County",4,2,24,12,12
050,46,107,"South Dakota","Potter County",4,3,26,12,14
050,46,107,"South Dakota","Potter County",4,4,24,8,16
050,46,107,"South Dakota","Potter County",4,5,27,11,16
050,46,107,"South Dakota","Potter County",4,6,34,20,14
050,46,107,"South Dakota","Potter County",4,7,31,20,11
050,46,107,"South Dakota","Potter County",4,8,28,19,9
050,46,107,"South Dakota","Potter County",4,9,29,13,16
050,46,107,"South Dakota","Potter County",4,10,37,17,20
050,46,107,"South Dakota","Potter County",4,11,29,15,14
050,46,107,"South Dakota","Potter County",4,12,34,20,14
050,46,107,"South Dakota","Potter County",4,13,33,16,17
050,46,107,"South Dakota","Potter County",4,14,41,22,19
050,46,107,"South Dakota","Potter County",4,15,34,18,16
050,46,107,"South Dakota","Potter County",4,16,31,13,18
050,46,107,"South Dakota","Potter County",4,17,32,15,17
050,46,107,"South Dakota","Potter County",4,18,30,18,12
050,46,107,"South Dakota","Potter County",4,19,24,15,9
050,46,107,"South Dakota","Potter County",4,20,21,10,11
050,46,107,"South Dakota","Potter County",4,21,25,11,14
050,46,107,"South Dakota","Potter County",4,22,22,11,11
050,46,107,"South Dakota","Potter County",4,23,19,7,12
050,46,107,"South Dakota","Potter County",4,24,16,8,8
050,46,107,"South Dakota","Potter County",4,25,27,14,13
050,46,107,"South Dakota","Potter County",4,26,16,8,8
050,46,107,"South Dakota","Potter County",4,27,19,10,9
050,46,107,"South Dakota","Potter County",4,28,20,6,14
050,46,107,"South Dakota","Potter County",4,29,26,13,13
050,46,107,"South Dakota","Potter County",4,30,22,11,11
050,46,107,"South Dakota","Potter County",4,31,25,13,12
050,46,107,"South Dakota","Potter County",4,32,14,7,7
050,46,107,"South Dakota","Potter County",4,33,26,8,18
050,46,107,"South Dakota","Potter County",4,34,24,11,13
050,46,107,"South Dakota","Potter County",4,35,28,17,11
050,46,107,"South Dakota","Potter County",4,36,23,15,8
050,46,107,"South Dakota","Potter County",4,37,18,9,9
050,46,107,"South Dakota","Potter County",4,38,17,9,8
050,46,107,"South Dakota","Potter County",4,39,19,9,10
050,46,107,"South Dakota","Potter County",4,40,26,10,16
050,46,107,"South Dakota","Potter County",4,41,27,16,11
050,46,107,"South Dakota","Potter County",4,42,32,18,14
050,46,107,"South Dakota","Potter County",4,43,38,19,19
050,46,107,"South Dakota","Potter County",4,44,27,14,13
050,46,107,"South Dakota","Potter County",4,45,21,10,11
050,46,107,"South Dakota","Potter County",4,46,27,14,13
050,46,107,"South Dakota","Potter County",4,47,17,9,8
050,46,107,"South Dakota","Potter County",4,48,17,11,6
050,46,107,"South Dakota","Potter County",4,49,16,9,7
050,46,107,"South Dakota","Potter County",4,50,18,7,11
050,46,107,"South Dakota","Potter County",4,51,26,13,13
050,46,107,"South Dakota","Potter County",4,52,30,13,17
050,46,107,"South Dakota","Potter County",4,53,27,15,12
050,46,107,"South Dakota","Potter County",4,54,29,12,17
050,46,107,"South Dakota","Potter County",4,55,35,14,21
050,46,107,"South Dakota","Potter County",4,56,24,10,14
050,46,107,"South Dakota","Potter County",4,57,36,19,17
050,46,107,"South Dakota","Potter County",4,58,30,12,18
050,46,107,"South Dakota","Potter County",4,59,40,19,21
050,46,107,"South Dakota","Potter County",4,60,40,22,18
050,46,107,"South Dakota","Potter County",4,61,42,24,18
050,46,107,"South Dakota","Potter County",4,62,48,28,20
050,46,107,"South Dakota","Potter County",4,63,42,24,18
050,46,107,"South Dakota","Potter County",4,64,41,24,17
050,46,107,"South Dakota","Potter County",4,65,38,24,14
050,46,107,"South Dakota","Potter County",4,66,37,19,18
050,46,107,"South Dakota","Potter County",4,67,31,16,15
050,46,107,"South Dakota","Potter County",4,68,35,18,17
050,46,107,"South Dakota","Potter County",4,69,29,18,11
050,46,107,"South Dakota","Potter County",4,70,30,11,19
050,46,107,"South Dakota","Potter County",4,71,40,17,23
050,46,107,"South Dakota","Potter County",4,72,46,20,26
050,46,107,"South Dakota","Potter County",4,73,45,21,24
050,46,107,"South Dakota","Potter County",4,74,36,16,20
050,46,107,"South Dakota","Potter County",4,75,31,15,16
050,46,107,"South Dakota","Potter County",4,76,22,8,14
050,46,107,"South Dakota","Potter County",4,77,28,13,15
050,46,107,"South Dakota","Potter County",4,78,27,15,12
050,46,107,"South Dakota","Potter County",4,79,28,16,12
050,46,107,"South Dakota","Potter County",4,80,20,11,9
050,46,107,"South Dakota","Potter County",4,81,17,7,10
050,46,107,"South Dakota","Potter County",4,82,14,8,6
050,46,107,"South Dakota","Potter County",4,83,17,8,9
050,46,107,"South Dakota","Potter County",4,84,19,10,9
050,46,107,"South Dakota","Potter County",4,85,82,26,56
050,46,107,"South Dakota","Potter County",5,0,23,9,14
050,46,107,"South Dakota","Potter County",5,1,23,8,15
050,46,107,"South Dakota","Potter County",5,2,18,7,11
050,46,107,"South Dakota","Potter County",5,3,24,12,12
050,46,107,"South Dakota","Potter County",5,4,23,11,12
050,46,107,"South Dakota","Potter County",5,5,24,8,16
050,46,107,"South Dakota","Potter County",5,6,26,9,17
050,46,107,"South Dakota","Potter County",5,7,33,19,14
050,46,107,"South Dakota","Potter County",5,8,32,20,12
050,46,107,"South Dakota","Potter County",5,9,28,19,9
050,46,107,"South Dakota","Potter County",5,10,31,15,16
050,46,107,"South Dakota","Potter County",5,11,35,17,18
050,46,107,"South Dakota","Potter County",5,12,29,15,14
050,46,107,"South Dakota","Potter County",5,13,34,20,14
050,46,107,"South Dakota","Potter County",5,14,33,17,16
050,46,107,"South Dakota","Potter County",5,15,41,22,19
050,46,107,"South Dakota","Potter County",5,16,36,18,18
050,46,107,"South Dakota","Potter County",5,17,31,13,18
050,46,107,"South Dakota","Potter County",5,18,27,14,13
050,46,107,"South Dakota","Potter County",5,19,23,12,11
050,46,107,"South Dakota","Potter County",5,20,25,15,10
050,46,107,"South Dakota","Potter County",5,21,20,12,8
050,46,107,"South Dakota","Potter County",5,22,22,11,11
050,46,107,"South Dakota","Potter County",5,23,18,11,7
050,46,107,"South Dakota","Potter County",5,24,20,5,15
050,46,107,"South Dakota","Potter County",5,25,15,7,8
050,46,107,"South Dakota","Potter County",5,26,29,16,13
050,46,107,"South Dakota","Potter County",5,27,18,9,9
050,46,107,"South Dakota","Potter County",5,28,19,10,9
050,46,107,"South Dakota","Potter County",5,29,20,5,15
050,46,107,"South Dakota","Potter County",5,30,25,12,13
050,46,107,"South Dakota","Potter County",5,31,18,11,7
050,46,107,"South Dakota","Potter County",5,32,25,13,12
050,46,107,"South Dakota","Potter County",5,33,13,6,7
050,46,107,"South Dakota","Potter County",5,34,27,8,19
050,46,107,"South Dakota","Potter County",5,35,23,10,13
050,46,107,"South Dakota","Potter County",5,36,28,17,11
050,46,107,"South Dakota","Potter County",5,37,23,15,8
050,46,107,"South Dakota","Potter County",5,38,20,10,10
050,46,107,"South Dakota","Potter County",5,39,16,8,8
050,46,107,"South Dakota","Potter County",5,40,19,9,10
050,46,107,"South Dakota","Potter County",5,41,26,10,16
050,46,107,"South Dakota","Potter County",5,42,26,15,11
050,46,107,"South Dakota","Potter County",5,43,31,17,14
050,46,107,"South Dakota","Potter County",5,44,38,20,18
050,46,107,"South Dakota","Potter County",5,45,27,14,13
050,46,107,"South Dakota","Potter County",5,46,22,11,11
050,46,107,"South Dakota","Potter County",5,47,25,14,11
050,46,107,"South Dakota","Potter County",5,48,17,9,8
050,46,107,"South Dakota","Potter County",5,49,16,11,5
050,46,107,"South Dakota","Potter County",5,50,16,9,7
050,46,107,"South Dakota","Potter County",5,51,18,7,11
050,46,107,"South Dakota","Potter County",5,52,29,14,15
050,46,107,"South Dakota","Potter County",5,53,28,12,16
050,46,107,"South Dakota","Potter County",5,54,28,15,13
050,46,107,"South Dakota","Potter County",5,55,29,12,17
050,46,107,"South Dakota","Potter County",5,56,33,14,19
050,46,107,"South Dakota","Potter County",5,57,24,11,13
050,46,107,"South Dakota","Potter County",5,58,35,17,18
050,46,107,"South Dakota","Potter County",5,59,30,11,19
050,46,107,"South Dakota","Potter County",5,60,40,19,21
050,46,107,"South Dakota","Potter County",5,61,40,22,18
050,46,107,"South Dakota","Potter County",5,62,44,25,19
050,46,107,"South Dakota","Potter County",5,63,52,32,20
050,46,107,"South Dakota","Potter County",5,64,41,23,18
050,46,107,"South Dakota","Potter County",5,65,41,24,17
050,46,107,"South Dakota","Potter County",5,66,37,24,13
050,46,107,"South Dakota","Potter County",5,67,38,20,18
050,46,107,"South Dakota","Potter County",5,68,35,19,16
050,46,107,"South Dakota","Potter County",5,69,34,18,16
050,46,107,"South Dakota","Potter County",5,70,28,18,10
050,46,107,"South Dakota","Potter County",5,71,30,11,19
050,46,107,"South Dakota","Potter County",5,72,37,16,21
050,46,107,"South Dakota","Potter County",5,73,44,19,25
050,46,107,"South Dakota","Potter County",5,74,45,21,24
050,46,107,"South Dakota","Potter County",5,75,36,16,20
050,46,107,"South Dakota","Potter County",5,76,30,14,16
050,46,107,"South Dakota","Potter County",5,77,21,8,13
050,46,107,"South Dakota","Potter County",5,78,26,13,13
050,46,107,"South Dakota","Potter County",5,79,28,14,14
050,46,107,"South Dakota","Potter County",5,80,24,14,10
050,46,107,"South Dakota","Potter County",5,81,19,11,8
050,46,107,"South Dakota","Potter County",5,82,16,7,9
050,46,107,"South Dakota","Potter County",5,83,15,8,7
050,46,107,"South Dakota","Potter County",5,84,18,8,10
050,46,107,"South Dakota","Potter County",5,85,79,29,50
050,46,109,"South Dakota","Roberts County",1,0,161,80,81
050,46,109,"South Dakota","Roberts County",1,1,149,68,81
050,46,109,"South Dakota","Roberts County",1,2,157,78,79
050,46,109,"South Dakota","Roberts County",1,3,170,95,75
050,46,109,"South Dakota","Roberts County",1,4,183,94,89
050,46,109,"South Dakota","Roberts County",1,5,180,95,85
050,46,109,"South Dakota","Roberts County",1,6,180,90,90
050,46,109,"South Dakota","Roberts County",1,7,174,93,81
050,46,109,"South Dakota","Roberts County",1,8,182,98,84
050,46,109,"South Dakota","Roberts County",1,9,160,84,76
050,46,109,"South Dakota","Roberts County",1,10,141,68,73
050,46,109,"South Dakota","Roberts County",1,11,169,95,74
050,46,109,"South Dakota","Roberts County",1,12,173,89,84
050,46,109,"South Dakota","Roberts County",1,13,159,75,84
050,46,109,"South Dakota","Roberts County",1,14,168,84,84
050,46,109,"South Dakota","Roberts County",1,15,148,81,67
050,46,109,"South Dakota","Roberts County",1,16,147,76,71
050,46,109,"South Dakota","Roberts County",1,17,150,76,74
050,46,109,"South Dakota","Roberts County",1,18,118,64,54
050,46,109,"South Dakota","Roberts County",1,19,96,54,42
050,46,109,"South Dakota","Roberts County",1,20,91,46,45
050,46,109,"South Dakota","Roberts County",1,21,104,59,45
050,46,109,"South Dakota","Roberts County",1,22,131,79,52
050,46,109,"South Dakota","Roberts County",1,23,114,65,49
050,46,109,"South Dakota","Roberts County",1,24,112,61,51
050,46,109,"South Dakota","Roberts County",1,25,125,66,59
050,46,109,"South Dakota","Roberts County",1,26,114,55,59
050,46,109,"South Dakota","Roberts County",1,27,119,59,60
050,46,109,"South Dakota","Roberts County",1,28,110,55,55
050,46,109,"South Dakota","Roberts County",1,29,101,49,52
050,46,109,"South Dakota","Roberts County",1,30,100,51,49
050,46,109,"South Dakota","Roberts County",1,31,90,45,45
050,46,109,"South Dakota","Roberts County",1,32,96,45,51
050,46,109,"South Dakota","Roberts County",1,33,89,42,47
050,46,109,"South Dakota","Roberts County",1,34,96,46,50
050,46,109,"South Dakota","Roberts County",1,35,106,57,49
050,46,109,"South Dakota","Roberts County",1,36,111,64,47
050,46,109,"South Dakota","Roberts County",1,37,105,58,47
050,46,109,"South Dakota","Roberts County",1,38,96,50,46
050,46,109,"South Dakota","Roberts County",1,39,99,47,52
050,46,109,"South Dakota","Roberts County",1,40,104,47,57
050,46,109,"South Dakota","Roberts County",1,41,107,52,55
050,46,109,"South Dakota","Roberts County",1,42,98,47,51
050,46,109,"South Dakota","Roberts County",1,43,103,58,45
050,46,109,"South Dakota","Roberts County",1,44,101,59,42
050,46,109,"South Dakota","Roberts County",1,45,91,43,48
050,46,109,"South Dakota","Roberts County",1,46,85,38,47
050,46,109,"South Dakota","Roberts County",1,47,103,57,46
050,46,109,"South Dakota","Roberts County",1,48,104,57,47
050,46,109,"South Dakota","Roberts County",1,49,108,61,47
050,46,109,"South Dakota","Roberts County",1,50,113,60,53
050,46,109,"South Dakota","Roberts County",1,51,99,56,43
050,46,109,"South Dakota","Roberts County",1,52,109,53,56
050,46,109,"South Dakota","Roberts County",1,53,126,59,67
050,46,109,"South Dakota","Roberts County",1,54,134,65,69
050,46,109,"South Dakota","Roberts County",1,55,121,59,62
050,46,109,"South Dakota","Roberts County",1,56,139,75,64
050,46,109,"South Dakota","Roberts County",1,57,138,73,65
050,46,109,"South Dakota","Roberts County",1,58,138,75,63
050,46,109,"South Dakota","Roberts County",1,59,141,72,69
050,46,109,"South Dakota","Roberts County",1,60,128,67,61
050,46,109,"South Dakota","Roberts County",1,61,133,66,67
050,46,109,"South Dakota","Roberts County",1,62,146,86,60
050,46,109,"South Dakota","Roberts County",1,63,129,76,53
050,46,109,"South Dakota","Roberts County",1,64,141,74,67
050,46,109,"South Dakota","Roberts County",1,65,126,64,62
050,46,109,"South Dakota","Roberts County",1,66,128,67,61
050,46,109,"South Dakota","Roberts County",1,67,134,65,69
050,46,109,"South Dakota","Roberts County",1,68,141,66,75
050,46,109,"South Dakota","Roberts County",1,69,134,70,64
050,46,109,"South Dakota","Roberts County",1,70,110,54,56
050,46,109,"South Dakota","Roberts County",1,71,94,49,45
050,46,109,"South Dakota","Roberts County",1,72,105,60,45
050,46,109,"South Dakota","Roberts County",1,73,117,64,53
050,46,109,"South Dakota","Roberts County",1,74,90,45,45
050,46,109,"South Dakota","Roberts County",1,75,84,44,40
050,46,109,"South Dakota","Roberts County",1,76,79,37,42
050,46,109,"South Dakota","Roberts County",1,77,74,32,42
050,46,109,"South Dakota","Roberts County",1,78,58,32,26
050,46,109,"South Dakota","Roberts County",1,79,52,27,25
050,46,109,"South Dakota","Roberts County",1,80,63,28,35
050,46,109,"South Dakota","Roberts County",1,81,65,37,28
050,46,109,"South Dakota","Roberts County",1,82,44,24,20
050,46,109,"South Dakota","Roberts County",1,83,39,21,18
050,46,109,"South Dakota","Roberts County",1,84,39,19,20
050,46,109,"South Dakota","Roberts County",1,85,282,103,179
050,46,109,"South Dakota","Roberts County",2,0,151,76,75
050,46,109,"South Dakota","Roberts County",2,1,152,71,81
050,46,109,"South Dakota","Roberts County",2,2,155,77,78
050,46,109,"South Dakota","Roberts County",2,3,167,91,76
050,46,109,"South Dakota","Roberts County",2,4,181,95,86
050,46,109,"South Dakota","Roberts County",2,5,178,93,85
050,46,109,"South Dakota","Roberts County",2,6,180,91,89
050,46,109,"South Dakota","Roberts County",2,7,176,93,83
050,46,109,"South Dakota","Roberts County",2,8,180,96,84
050,46,109,"South Dakota","Roberts County",2,9,162,87,75
050,46,109,"South Dakota","Roberts County",2,10,145,72,73
050,46,109,"South Dakota","Roberts County",2,11,159,87,72
050,46,109,"South Dakota","Roberts County",2,12,172,90,82
050,46,109,"South Dakota","Roberts County",2,13,162,79,83
050,46,109,"South Dakota","Roberts County",2,14,166,83,83
050,46,109,"South Dakota","Roberts County",2,15,150,80,70
050,46,109,"South Dakota","Roberts County",2,16,151,78,73
050,46,109,"South Dakota","Roberts County",2,17,149,76,73
050,46,109,"South Dakota","Roberts County",2,18,120,64,56
050,46,109,"South Dakota","Roberts County",2,19,98,54,44
050,46,109,"South Dakota","Roberts County",2,20,92,47,45
050,46,109,"South Dakota","Roberts County",2,21,100,56,44
050,46,109,"South Dakota","Roberts County",2,22,125,74,51
050,46,109,"South Dakota","Roberts County",2,23,119,69,50
050,46,109,"South Dakota","Roberts County",2,24,113,62,51
050,46,109,"South Dakota","Roberts County",2,25,120,64,56
050,46,109,"South Dakota","Roberts County",2,26,117,58,59
050,46,109,"South Dakota","Roberts County",2,27,117,58,59
050,46,109,"South Dakota","Roberts County",2,28,111,56,55
050,46,109,"South Dakota","Roberts County",2,29,104,50,54
050,46,109,"South Dakota","Roberts County",2,30,99,50,49
050,46,109,"South Dakota","Roberts County",2,31,92,46,46
050,46,109,"South Dakota","Roberts County",2,32,91,44,47
050,46,109,"South Dakota","Roberts County",2,33,91,43,48
050,46,109,"South Dakota","Roberts County",2,34,96,46,50
050,46,109,"South Dakota","Roberts County",2,35,105,55,50
050,46,109,"South Dakota","Roberts County",2,36,110,63,47
050,46,109,"South Dakota","Roberts County",2,37,107,60,47
050,46,109,"South Dakota","Roberts County",2,38,98,52,46
050,46,109,"South Dakota","Roberts County",2,39,99,49,50
050,46,109,"South Dakota","Roberts County",2,40,104,48,56
050,46,109,"South Dakota","Roberts County",2,41,106,52,54
050,46,109,"South Dakota","Roberts County",2,42,98,48,50
050,46,109,"South Dakota","Roberts County",2,43,103,56,47
050,46,109,"South Dakota","Roberts County",2,44,102,59,43
050,46,109,"South Dakota","Roberts County",2,45,93,47,46
050,46,109,"South Dakota","Roberts County",2,46,85,38,47
050,46,109,"South Dakota","Roberts County",2,47,98,52,46
050,46,109,"South Dakota","Roberts County",2,48,103,56,47
050,46,109,"South Dakota","Roberts County",2,49,106,60,46
050,46,109,"South Dakota","Roberts County",2,50,109,59,50
050,46,109,"South Dakota","Roberts County",2,51,102,57,45
050,46,109,"South Dakota","Roberts County",2,52,107,54,53
050,46,109,"South Dakota","Roberts County",2,53,122,57,65
050,46,109,"South Dakota","Roberts County",2,54,131,64,67
050,46,109,"South Dakota","Roberts County",2,55,125,61,64
050,46,109,"South Dakota","Roberts County",2,56,135,72,63
050,46,109,"South Dakota","Roberts County",2,57,139,74,65
050,46,109,"South Dakota","Roberts County",2,58,136,73,63
050,46,109,"South Dakota","Roberts County",2,59,142,73,69
050,46,109,"South Dakota","Roberts County",2,60,131,68,63
050,46,109,"South Dakota","Roberts County",2,61,133,67,66
050,46,109,"South Dakota","Roberts County",2,62,142,81,61
050,46,109,"South Dakota","Roberts County",2,63,134,79,55
050,46,109,"South Dakota","Roberts County",2,64,136,73,63
050,46,109,"South Dakota","Roberts County",2,65,129,66,63
050,46,109,"South Dakota","Roberts County",2,66,128,66,62
050,46,109,"South Dakota","Roberts County",2,67,130,63,67
050,46,109,"South Dakota","Roberts County",2,68,139,66,73
050,46,109,"South Dakota","Roberts County",2,69,137,69,68
050,46,109,"South Dakota","Roberts County",2,70,118,59,59
050,46,109,"South Dakota","Roberts County",2,71,99,50,49
050,46,109,"South Dakota","Roberts County",2,72,100,56,44
050,46,109,"South Dakota","Roberts County",2,73,120,66,54
050,46,109,"South Dakota","Roberts County",2,74,91,47,44
050,46,109,"South Dakota","Roberts County",2,75,85,44,41
050,46,109,"South Dakota","Roberts County",2,76,76,36,40
050,46,109,"South Dakota","Roberts County",2,77,76,34,42
050,46,109,"South Dakota","Roberts County",2,78,58,30,28
050,46,109,"South Dakota","Roberts County",2,79,54,28,26
050,46,109,"South Dakota","Roberts County",2,80,57,25,32
050,46,109,"South Dakota","Roberts County",2,81,63,34,29
050,46,109,"South Dakota","Roberts County",2,82,48,26,22
050,46,109,"South Dakota","Roberts County",2,83,38,20,18
050,46,109,"South Dakota","Roberts County",2,84,38,18,20
050,46,109,"South Dakota","Roberts County",2,85,284,103,181
050,46,109,"South Dakota","Roberts County",3,0,136,67,69
050,46,109,"South Dakota","Roberts County",3,1,153,73,80
050,46,109,"South Dakota","Roberts County",3,2,142,67,75
050,46,109,"South Dakota","Roberts County",3,3,157,79,78
050,46,109,"South Dakota","Roberts County",3,4,169,91,78
050,46,109,"South Dakota","Roberts County",3,5,175,92,83
050,46,109,"South Dakota","Roberts County",3,6,179,95,84
050,46,109,"South Dakota","Roberts County",3,7,185,94,91
050,46,109,"South Dakota","Roberts County",3,8,177,96,81
050,46,109,"South Dakota","Roberts County",3,9,175,94,81
050,46,109,"South Dakota","Roberts County",3,10,157,87,70
050,46,109,"South Dakota","Roberts County",3,11,148,75,73
050,46,109,"South Dakota","Roberts County",3,12,150,81,69
050,46,109,"South Dakota","Roberts County",3,13,174,94,80
050,46,109,"South Dakota","Roberts County",3,14,164,81,83
050,46,109,"South Dakota","Roberts County",3,15,159,82,77
050,46,109,"South Dakota","Roberts County",3,16,136,73,63
050,46,109,"South Dakota","Roberts County",3,17,149,80,69
050,46,109,"South Dakota","Roberts County",3,18,130,68,62
050,46,109,"South Dakota","Roberts County",3,19,104,57,47
050,46,109,"South Dakota","Roberts County",3,20,96,51,45
050,46,109,"South Dakota","Roberts County",3,21,91,46,45
050,46,109,"South Dakota","Roberts County",3,22,104,58,46
050,46,109,"South Dakota","Roberts County",3,23,122,71,51
050,46,109,"South Dakota","Roberts County",3,24,125,79,46
050,46,109,"South Dakota","Roberts County",3,25,110,60,50
050,46,109,"South Dakota","Roberts County",3,26,121,67,54
050,46,109,"South Dakota","Roberts County",3,27,120,59,61
050,46,109,"South Dakota","Roberts County",3,28,113,58,55
050,46,109,"South Dakota","Roberts County",3,29,110,54,56
050,46,109,"South Dakota","Roberts County",3,30,96,45,51
050,46,109,"South Dakota","Roberts County",3,31,94,47,47
050,46,109,"South Dakota","Roberts County",3,32,87,45,42
050,46,109,"South Dakota","Roberts County",3,33,96,49,47
050,46,109,"South Dakota","Roberts County",3,34,87,43,44
050,46,109,"South Dakota","Roberts County",3,35,95,45,50
050,46,109,"South Dakota","Roberts County",3,36,111,59,52
050,46,109,"South Dakota","Roberts County",3,37,106,60,46
050,46,109,"South Dakota","Roberts County",3,38,105,61,44
050,46,109,"South Dakota","Roberts County",3,39,102,53,49
050,46,109,"South Dakota","Roberts County",3,40,91,45,46
050,46,109,"South Dakota","Roberts County",3,41,103,45,58
050,46,109,"South Dakota","Roberts County",3,42,101,51,50
050,46,109,"South Dakota","Roberts County",3,43,100,49,51
050,46,109,"South Dakota","Roberts County",3,44,101,55,46
050,46,109,"South Dakota","Roberts County",3,45,100,56,44
050,46,109,"South Dakota","Roberts County",3,46,97,48,49
050,46,109,"South Dakota","Roberts County",3,47,87,40,47
050,46,109,"South Dakota","Roberts County",3,48,98,51,47
050,46,109,"South Dakota","Roberts County",3,49,102,57,45
050,46,109,"South Dakota","Roberts County",3,50,101,58,43
050,46,109,"South Dakota","Roberts County",3,51,114,59,55
050,46,109,"South Dakota","Roberts County",3,52,99,54,45
050,46,109,"South Dakota","Roberts County",3,53,111,54,57
050,46,109,"South Dakota","Roberts County",3,54,114,56,58
050,46,109,"South Dakota","Roberts County",3,55,132,65,67
050,46,109,"South Dakota","Roberts County",3,56,121,60,61
050,46,109,"South Dakota","Roberts County",3,57,136,70,66
050,46,109,"South Dakota","Roberts County",3,58,134,70,64
050,46,109,"South Dakota","Roberts County",3,59,133,70,63
050,46,109,"South Dakota","Roberts County",3,60,148,77,71
050,46,109,"South Dakota","Roberts County",3,61,140,74,66
050,46,109,"South Dakota","Roberts County",3,62,126,63,63
050,46,109,"South Dakota","Roberts County",3,63,141,80,61
050,46,109,"South Dakota","Roberts County",3,64,140,81,59
050,46,109,"South Dakota","Roberts County",3,65,137,73,64
050,46,109,"South Dakota","Roberts County",3,66,124,67,57
050,46,109,"South Dakota","Roberts County",3,67,124,64,60
050,46,109,"South Dakota","Roberts County",3,68,134,65,69
050,46,109,"South Dakota","Roberts County",3,69,133,63,70
050,46,109,"South Dakota","Roberts County",3,70,135,68,67
050,46,109,"South Dakota","Roberts County",3,71,115,56,59
050,46,109,"South Dakota","Roberts County",3,72,95,50,45
050,46,109,"South Dakota","Roberts County",3,73,100,55,45
050,46,109,"South Dakota","Roberts County",3,74,116,62,54
050,46,109,"South Dakota","Roberts County",3,75,91,50,41
050,46,109,"South Dakota","Roberts County",3,76,81,42,39
050,46,109,"South Dakota","Roberts County",3,77,75,33,42
050,46,109,"South Dakota","Roberts County",3,78,70,32,38
050,46,109,"South Dakota","Roberts County",3,79,56,28,28
050,46,109,"South Dakota","Roberts County",3,80,51,25,26
050,46,109,"South Dakota","Roberts County",3,81,53,24,29
050,46,109,"South Dakota","Roberts County",3,82,56,29,27
050,46,109,"South Dakota","Roberts County",3,83,44,24,20
050,46,109,"South Dakota","Roberts County",3,84,37,19,18
050,46,109,"South Dakota","Roberts County",3,85,265,96,169
050,46,109,"South Dakota","Roberts County",4,0,136,63,73
050,46,109,"South Dakota","Roberts County",4,1,139,65,74
050,46,109,"South Dakota","Roberts County",4,2,160,74,86
050,46,109,"South Dakota","Roberts County",4,3,150,73,77
050,46,109,"South Dakota","Roberts County",4,4,159,78,81
050,46,109,"South Dakota","Roberts County",4,5,171,90,81
050,46,109,"South Dakota","Roberts County",4,6,182,97,85
050,46,109,"South Dakota","Roberts County",4,7,174,86,88
050,46,109,"South Dakota","Roberts County",4,8,182,91,91
050,46,109,"South Dakota","Roberts County",4,9,170,98,72
050,46,109,"South Dakota","Roberts County",4,10,172,95,77
050,46,109,"South Dakota","Roberts County",4,11,154,85,69
050,46,109,"South Dakota","Roberts County",4,12,148,73,75
050,46,109,"South Dakota","Roberts County",4,13,154,83,71
050,46,109,"South Dakota","Roberts County",4,14,172,92,80
050,46,109,"South Dakota","Roberts County",4,15,166,79,87
050,46,109,"South Dakota","Roberts County",4,16,158,82,76
050,46,109,"South Dakota","Roberts County",4,17,140,74,66
050,46,109,"South Dakota","Roberts County",4,18,135,72,63
050,46,109,"South Dakota","Roberts County",4,19,107,60,47
050,46,109,"South Dakota","Roberts County",4,20,91,53,38
050,46,109,"South Dakota","Roberts County",4,21,94,52,42
050,46,109,"South Dakota","Roberts County",4,22,94,52,42
050,46,109,"South Dakota","Roberts County",4,23,97,52,45
050,46,109,"South Dakota","Roberts County",4,24,117,65,52
050,46,109,"South Dakota","Roberts County",4,25,130,78,52
050,46,109,"South Dakota","Roberts County",4,26,114,54,60
050,46,109,"South Dakota","Roberts County",4,27,115,60,55
050,46,109,"South Dakota","Roberts County",4,28,122,63,59
050,46,109,"South Dakota","Roberts County",4,29,107,57,50
050,46,109,"South Dakota","Roberts County",4,30,100,49,51
050,46,109,"South Dakota","Roberts County",4,31,90,45,45
050,46,109,"South Dakota","Roberts County",4,32,92,51,41
050,46,109,"South Dakota","Roberts County",4,33,80,38,42
050,46,109,"South Dakota","Roberts County",4,34,96,48,48
050,46,109,"South Dakota","Roberts County",4,35,95,45,50
050,46,109,"South Dakota","Roberts County",4,36,96,46,50
050,46,109,"South Dakota","Roberts County",4,37,114,61,53
050,46,109,"South Dakota","Roberts County",4,38,100,56,44
050,46,109,"South Dakota","Roberts County",4,39,109,65,44
050,46,109,"South Dakota","Roberts County",4,40,96,51,45
050,46,109,"South Dakota","Roberts County",4,41,96,45,51
050,46,109,"South Dakota","Roberts County",4,42,101,45,56
050,46,109,"South Dakota","Roberts County",4,43,104,52,52
050,46,109,"South Dakota","Roberts County",4,44,101,48,53
050,46,109,"South Dakota","Roberts County",4,45,101,55,46
050,46,109,"South Dakota","Roberts County",4,46,98,56,42
050,46,109,"South Dakota","Roberts County",4,47,101,49,52
050,46,109,"South Dakota","Roberts County",4,48,86,38,48
050,46,109,"South Dakota","Roberts County",4,49,97,53,44
050,46,109,"South Dakota","Roberts County",4,50,98,54,44
050,46,109,"South Dakota","Roberts County",4,51,100,56,44
050,46,109,"South Dakota","Roberts County",4,52,115,58,57
050,46,109,"South Dakota","Roberts County",4,53,102,55,47
050,46,109,"South Dakota","Roberts County",4,54,115,56,59
050,46,109,"South Dakota","Roberts County",4,55,117,55,62
050,46,109,"South Dakota","Roberts County",4,56,133,64,69
050,46,109,"South Dakota","Roberts County",4,57,119,61,58
050,46,109,"South Dakota","Roberts County",4,58,135,67,68
050,46,109,"South Dakota","Roberts County",4,59,132,71,61
050,46,109,"South Dakota","Roberts County",4,60,133,70,63
050,46,109,"South Dakota","Roberts County",4,61,149,75,74
050,46,109,"South Dakota","Roberts County",4,62,140,79,61
050,46,109,"South Dakota","Roberts County",4,63,127,64,63
050,46,109,"South Dakota","Roberts County",4,64,145,81,64
050,46,109,"South Dakota","Roberts County",4,65,140,79,61
050,46,109,"South Dakota","Roberts County",4,66,133,71,62
050,46,109,"South Dakota","Roberts County",4,67,127,69,58
050,46,109,"South Dakota","Roberts County",4,68,125,65,60
050,46,109,"South Dakota","Roberts County",4,69,128,63,65
050,46,109,"South Dakota","Roberts County",4,70,126,60,66
050,46,109,"South Dakota","Roberts County",4,71,130,64,66
050,46,109,"South Dakota","Roberts County",4,72,112,55,57
050,46,109,"South Dakota","Roberts County",4,73,96,46,50
050,46,109,"South Dakota","Roberts County",4,74,99,54,45
050,46,109,"South Dakota","Roberts County",4,75,112,61,51
050,46,109,"South Dakota","Roberts County",4,76,82,44,38
050,46,109,"South Dakota","Roberts County",4,77,83,42,41
050,46,109,"South Dakota","Roberts County",4,78,70,32,38
050,46,109,"South Dakota","Roberts County",4,79,65,27,38
050,46,109,"South Dakota","Roberts County",4,80,53,26,27
050,46,109,"South Dakota","Roberts County",4,81,45,22,23
050,46,109,"South Dakota","Roberts County",4,82,47,19,28
050,46,109,"South Dakota","Roberts County",4,83,50,28,22
050,46,109,"South Dakota","Roberts County",4,84,42,20,22
050,46,109,"South Dakota","Roberts County",4,85,251,89,162
050,46,109,"South Dakota","Roberts County",5,0,141,66,75
050,46,109,"South Dakota","Roberts County",5,1,139,57,82
050,46,109,"South Dakota","Roberts County",5,2,155,73,82
050,46,109,"South Dakota","Roberts County",5,3,152,71,81
050,46,109,"South Dakota","Roberts County",5,4,162,78,84
050,46,109,"South Dakota","Roberts County",5,5,161,79,82
050,46,109,"South Dakota","Roberts County",5,6,171,88,83
050,46,109,"South Dakota","Roberts County",5,7,177,95,82
050,46,109,"South Dakota","Roberts County",5,8,174,85,89
050,46,109,"South Dakota","Roberts County",5,9,187,99,88
050,46,109,"South Dakota","Roberts County",5,10,166,93,73
050,46,109,"South Dakota","Roberts County",5,11,181,102,79
050,46,109,"South Dakota","Roberts County",5,12,152,82,70
050,46,109,"South Dakota","Roberts County",5,13,156,77,79
050,46,109,"South Dakota","Roberts County",5,14,151,79,72
050,46,109,"South Dakota","Roberts County",5,15,172,92,80
050,46,109,"South Dakota","Roberts County",5,16,157,74,83
050,46,109,"South Dakota","Roberts County",5,17,164,84,80
050,46,109,"South Dakota","Roberts County",5,18,121,69,52
050,46,109,"South Dakota","Roberts County",5,19,106,56,50
050,46,109,"South Dakota","Roberts County",5,20,107,56,51
050,46,109,"South Dakota","Roberts County",5,21,90,54,36
050,46,109,"South Dakota","Roberts County",5,22,102,56,46
050,46,109,"South Dakota","Roberts County",5,23,96,53,43
050,46,109,"South Dakota","Roberts County",5,24,101,53,48
050,46,109,"South Dakota","Roberts County",5,25,132,73,59
050,46,109,"South Dakota","Roberts County",5,26,126,80,46
050,46,109,"South Dakota","Roberts County",5,27,118,54,64
050,46,109,"South Dakota","Roberts County",5,28,119,64,55
050,46,109,"South Dakota","Roberts County",5,29,115,57,58
050,46,109,"South Dakota","Roberts County",5,30,107,53,54
050,46,109,"South Dakota","Roberts County",5,31,94,43,51
050,46,109,"South Dakota","Roberts County",5,32,86,39,47
050,46,109,"South Dakota","Roberts County",5,33,95,47,48
050,46,109,"South Dakota","Roberts County",5,34,83,39,44
050,46,109,"South Dakota","Roberts County",5,35,96,45,51
050,46,109,"South Dakota","Roberts County",5,36,95,43,52
050,46,109,"South Dakota","Roberts County",5,37,102,52,50
050,46,109,"South Dakota","Roberts County",5,38,111,61,50
050,46,109,"South Dakota","Roberts County",5,39,109,62,47
050,46,109,"South Dakota","Roberts County",5,40,103,60,43
050,46,109,"South Dakota","Roberts County",5,41,91,48,43
050,46,109,"South Dakota","Roberts County",5,42,91,44,47
050,46,109,"South Dakota","Roberts County",5,43,104,46,58
050,46,109,"South Dakota","Roberts County",5,44,103,50,53
050,46,109,"South Dakota","Roberts County",5,45,96,45,51
050,46,109,"South Dakota","Roberts County",5,46,98,54,44
050,46,109,"South Dakota","Roberts County",5,47,102,57,45
050,46,109,"South Dakota","Roberts County",5,48,99,46,53
050,46,109,"South Dakota","Roberts County",5,49,93,43,50
050,46,109,"South Dakota","Roberts County",5,50,95,50,45
050,46,109,"South Dakota","Roberts County",5,51,100,56,44
050,46,109,"South Dakota","Roberts County",5,52,101,56,45
050,46,109,"South Dakota","Roberts County",5,53,120,61,59
050,46,109,"South Dakota","Roberts County",5,54,105,57,48
050,46,109,"South Dakota","Roberts County",5,55,121,57,64
050,46,109,"South Dakota","Roberts County",5,56,127,57,70
050,46,109,"South Dakota","Roberts County",5,57,139,68,71
050,46,109,"South Dakota","Roberts County",5,58,120,62,58
050,46,109,"South Dakota","Roberts County",5,59,132,64,68
050,46,109,"South Dakota","Roberts County",5,60,129,66,63
050,46,109,"South Dakota","Roberts County",5,61,136,72,64
050,46,109,"South Dakota","Roberts County",5,62,149,78,71
050,46,109,"South Dakota","Roberts County",5,63,135,76,59
050,46,109,"South Dakota","Roberts County",5,64,129,65,64
050,46,109,"South Dakota","Roberts County",5,65,145,83,62
050,46,109,"South Dakota","Roberts County",5,66,140,80,60
050,46,109,"South Dakota","Roberts County",5,67,131,70,61
050,46,109,"South Dakota","Roberts County",5,68,129,72,57
050,46,109,"South Dakota","Roberts County",5,69,125,63,62
050,46,109,"South Dakota","Roberts County",5,70,124,63,61
050,46,109,"South Dakota","Roberts County",5,71,122,56,66
050,46,109,"South Dakota","Roberts County",5,72,122,59,63
050,46,109,"South Dakota","Roberts County",5,73,107,54,53
050,46,109,"South Dakota","Roberts County",5,74,97,46,51
050,46,109,"South Dakota","Roberts County",5,75,93,51,42
050,46,109,"South Dakota","Roberts County",5,76,100,53,47
050,46,109,"South Dakota","Roberts County",5,77,85,44,41
050,46,109,"South Dakota","Roberts County",5,78,75,39,36
050,46,109,"South Dakota","Roberts County",5,79,69,30,39
050,46,109,"South Dakota","Roberts County",5,80,62,24,38
050,46,109,"South Dakota","Roberts County",5,81,48,22,26
050,46,109,"South Dakota","Roberts County",5,82,42,18,24
050,46,109,"South Dakota","Roberts County",5,83,42,16,26
050,46,109,"South Dakota","Roberts County",5,84,49,27,22
050,46,109,"South Dakota","Roberts County",5,85,252,88,164
050,46,111,"South Dakota","Sanborn County",1,0,36,18,18
050,46,111,"South Dakota","Sanborn County",1,1,36,19,17
050,46,111,"South Dakota","Sanborn County",1,2,26,11,15
050,46,111,"South Dakota","Sanborn County",1,3,39,18,21
050,46,111,"South Dakota","Sanborn County",1,4,36,16,20
050,46,111,"South Dakota","Sanborn County",1,5,34,16,18
050,46,111,"South Dakota","Sanborn County",1,6,35,20,15
050,46,111,"South Dakota","Sanborn County",1,7,38,18,20
050,46,111,"South Dakota","Sanborn County",1,8,27,18,9
050,46,111,"South Dakota","Sanborn County",1,9,30,16,14
050,46,111,"South Dakota","Sanborn County",1,10,23,14,9
050,46,111,"South Dakota","Sanborn County",1,11,21,11,10
050,46,111,"South Dakota","Sanborn County",1,12,37,20,17
050,46,111,"South Dakota","Sanborn County",1,13,26,16,10
050,46,111,"South Dakota","Sanborn County",1,14,26,15,11
050,46,111,"South Dakota","Sanborn County",1,15,32,18,14
050,46,111,"South Dakota","Sanborn County",1,16,25,10,15
050,46,111,"South Dakota","Sanborn County",1,17,24,12,12
050,46,111,"South Dakota","Sanborn County",1,18,24,11,13
050,46,111,"South Dakota","Sanborn County",1,19,18,12,6
050,46,111,"South Dakota","Sanborn County",1,20,16,9,7
050,46,111,"South Dakota","Sanborn County",1,21,17,11,6
050,46,111,"South Dakota","Sanborn County",1,22,16,10,6
050,46,111,"South Dakota","Sanborn County",1,23,22,12,10
050,46,111,"South Dakota","Sanborn County",1,24,17,6,11
050,46,111,"South Dakota","Sanborn County",1,25,24,13,11
050,46,111,"South Dakota","Sanborn County",1,26,32,15,17
050,46,111,"South Dakota","Sanborn County",1,27,26,10,16
050,46,111,"South Dakota","Sanborn County",1,28,19,7,12
050,46,111,"South Dakota","Sanborn County",1,29,19,12,7
050,46,111,"South Dakota","Sanborn County",1,30,21,13,8
050,46,111,"South Dakota","Sanborn County",1,31,24,15,9
050,46,111,"South Dakota","Sanborn County",1,32,27,15,12
050,46,111,"South Dakota","Sanborn County",1,33,28,13,15
050,46,111,"South Dakota","Sanborn County",1,34,30,14,16
050,46,111,"South Dakota","Sanborn County",1,35,39,27,12
050,46,111,"South Dakota","Sanborn County",1,36,34,21,13
050,46,111,"South Dakota","Sanborn County",1,37,25,13,12
050,46,111,"South Dakota","Sanborn County",1,38,30,13,17
050,46,111,"South Dakota","Sanborn County",1,39,25,11,14
050,46,111,"South Dakota","Sanborn County",1,40,36,17,19
050,46,111,"South Dakota","Sanborn County",1,41,32,17,15
050,46,111,"South Dakota","Sanborn County",1,42,30,15,15
050,46,111,"South Dakota","Sanborn County",1,43,24,14,10
050,46,111,"South Dakota","Sanborn County",1,44,26,15,11
050,46,111,"South Dakota","Sanborn County",1,45,25,16,9
050,46,111,"South Dakota","Sanborn County",1,46,25,19,6
050,46,111,"South Dakota","Sanborn County",1,47,18,12,6
050,46,111,"South Dakota","Sanborn County",1,48,20,10,10
050,46,111,"South Dakota","Sanborn County",1,49,25,12,13
050,46,111,"South Dakota","Sanborn County",1,50,19,11,8
050,46,111,"South Dakota","Sanborn County",1,51,25,12,13
050,46,111,"South Dakota","Sanborn County",1,52,23,8,15
050,46,111,"South Dakota","Sanborn County",1,53,17,9,8
050,46,111,"South Dakota","Sanborn County",1,54,22,12,10
050,46,111,"South Dakota","Sanborn County",1,55,29,15,14
050,46,111,"South Dakota","Sanborn County",1,56,31,14,17
050,46,111,"South Dakota","Sanborn County",1,57,39,18,21
050,46,111,"South Dakota","Sanborn County",1,58,52,29,23
050,46,111,"South Dakota","Sanborn County",1,59,51,25,26
050,46,111,"South Dakota","Sanborn County",1,60,35,13,22
050,46,111,"South Dakota","Sanborn County",1,61,35,20,15
050,46,111,"South Dakota","Sanborn County",1,62,37,20,17
050,46,111,"South Dakota","Sanborn County",1,63,37,20,17
050,46,111,"South Dakota","Sanborn County",1,64,46,26,20
050,46,111,"South Dakota","Sanborn County",1,65,39,22,17
050,46,111,"South Dakota","Sanborn County",1,66,38,21,17
050,46,111,"South Dakota","Sanborn County",1,67,41,21,20
050,46,111,"South Dakota","Sanborn County",1,68,40,22,18
050,46,111,"South Dakota","Sanborn County",1,69,35,17,18
050,46,111,"South Dakota","Sanborn County",1,70,28,13,15
050,46,111,"South Dakota","Sanborn County",1,71,25,15,10
050,46,111,"South Dakota","Sanborn County",1,72,31,14,17
050,46,111,"South Dakota","Sanborn County",1,73,24,11,13
050,46,111,"South Dakota","Sanborn County",1,74,17,11,6
050,46,111,"South Dakota","Sanborn County",1,75,13,9,4
050,46,111,"South Dakota","Sanborn County",1,76,8,3,5
050,46,111,"South Dakota","Sanborn County",1,77,8,3,5
050,46,111,"South Dakota","Sanborn County",1,78,16,6,10
050,46,111,"South Dakota","Sanborn County",1,79,11,6,5
050,46,111,"South Dakota","Sanborn County",1,80,11,6,5
050,46,111,"South Dakota","Sanborn County",1,81,18,9,9
050,46,111,"South Dakota","Sanborn County",1,82,12,6,6
050,46,111,"South Dakota","Sanborn County",1,83,11,5,6
050,46,111,"South Dakota","Sanborn County",1,84,7,5,2
050,46,111,"South Dakota","Sanborn County",1,85,55,14,41
050,46,111,"South Dakota","Sanborn County",2,0,35,16,19
050,46,111,"South Dakota","Sanborn County",2,1,35,18,17
050,46,111,"South Dakota","Sanborn County",2,2,29,13,16
050,46,111,"South Dakota","Sanborn County",2,3,36,16,20
050,46,111,"South Dakota","Sanborn County",2,4,36,17,19
050,46,111,"South Dakota","Sanborn County",2,5,35,16,19
050,46,111,"South Dakota","Sanborn County",2,6,35,20,15
050,46,111,"South Dakota","Sanborn County",2,7,37,18,19
050,46,111,"South Dakota","Sanborn County",2,8,29,18,11
050,46,111,"South Dakota","Sanborn County",2,9,28,16,12
050,46,111,"South Dakota","Sanborn County",2,10,24,15,9
050,46,111,"South Dakota","Sanborn County",2,11,22,12,10
050,46,111,"South Dakota","Sanborn County",2,12,33,18,15
050,46,111,"South Dakota","Sanborn County",2,13,29,17,12
050,46,111,"South Dakota","Sanborn County",2,14,26,15,11
050,46,111,"South Dakota","Sanborn County",2,15,30,17,13
050,46,111,"South Dakota","Sanborn County",2,16,26,11,15
050,46,111,"South Dakota","Sanborn County",2,17,24,12,12
050,46,111,"South Dakota","Sanborn County",2,18,23,11,12
050,46,111,"South Dakota","Sanborn County",2,19,18,11,7
050,46,111,"South Dakota","Sanborn County",2,20,17,9,8
050,46,111,"South Dakota","Sanborn County",2,21,15,10,5
050,46,111,"South Dakota","Sanborn County",2,22,17,11,6
050,46,111,"South Dakota","Sanborn County",2,23,21,11,10
050,46,111,"South Dakota","Sanborn County",2,24,18,8,10
050,46,111,"South Dakota","Sanborn County",2,25,22,11,11
050,46,111,"South Dakota","Sanborn County",2,26,29,14,15
050,46,111,"South Dakota","Sanborn County",2,27,28,11,17
050,46,111,"South Dakota","Sanborn County",2,28,21,8,13
050,46,111,"South Dakota","Sanborn County",2,29,20,11,9
050,46,111,"South Dakota","Sanborn County",2,30,20,13,7
050,46,111,"South Dakota","Sanborn County",2,31,24,15,9
050,46,111,"South Dakota","Sanborn County",2,32,26,14,12
050,46,111,"South Dakota","Sanborn County",2,33,28,14,14
050,46,111,"South Dakota","Sanborn County",2,34,28,13,15
050,46,111,"South Dakota","Sanborn County",2,35,37,24,13
050,46,111,"South Dakota","Sanborn County",2,36,34,22,12
050,46,111,"South Dakota","Sanborn County",2,37,27,15,12
050,46,111,"South Dakota","Sanborn County",2,38,29,13,16
050,46,111,"South Dakota","Sanborn County",2,39,26,11,15
050,46,111,"South Dakota","Sanborn County",2,40,33,16,17
050,46,111,"South Dakota","Sanborn County",2,41,34,17,17
050,46,111,"South Dakota","Sanborn County",2,42,29,15,14
050,46,111,"South Dakota","Sanborn County",2,43,25,14,11
050,46,111,"South Dakota","Sanborn County",2,44,25,14,11
050,46,111,"South Dakota","Sanborn County",2,45,26,16,10
050,46,111,"South Dakota","Sanborn County",2,46,25,18,7
050,46,111,"South Dakota","Sanborn County",2,47,19,13,6
050,46,111,"South Dakota","Sanborn County",2,48,19,10,9
050,46,111,"South Dakota","Sanborn County",2,49,23,11,12
050,46,111,"South Dakota","Sanborn County",2,50,20,11,9
050,46,111,"South Dakota","Sanborn County",2,51,24,12,12
050,46,111,"South Dakota","Sanborn County",2,52,23,8,15
050,46,111,"South Dakota","Sanborn County",2,53,19,9,10
050,46,111,"South Dakota","Sanborn County",2,54,21,11,10
050,46,111,"South Dakota","Sanborn County",2,55,29,16,13
050,46,111,"South Dakota","Sanborn County",2,56,31,14,17
050,46,111,"South Dakota","Sanborn County",2,57,37,17,20
050,46,111,"South Dakota","Sanborn County",2,58,50,27,23
050,46,111,"South Dakota","Sanborn County",2,59,53,27,26
050,46,111,"South Dakota","Sanborn County",2,60,39,16,23
050,46,111,"South Dakota","Sanborn County",2,61,34,18,16
050,46,111,"South Dakota","Sanborn County",2,62,37,20,17
050,46,111,"South Dakota","Sanborn County",2,63,38,21,17
050,46,111,"South Dakota","Sanborn County",2,64,44,25,19
050,46,111,"South Dakota","Sanborn County",2,65,40,22,18
050,46,111,"South Dakota","Sanborn County",2,66,39,22,17
050,46,111,"South Dakota","Sanborn County",2,67,39,20,19
050,46,111,"South Dakota","Sanborn County",2,68,40,22,18
050,46,111,"South Dakota","Sanborn County",2,69,37,19,18
050,46,111,"South Dakota","Sanborn County",2,70,30,14,16
050,46,111,"South Dakota","Sanborn County",2,71,26,15,11
050,46,111,"South Dakota","Sanborn County",2,72,28,13,15
050,46,111,"South Dakota","Sanborn County",2,73,28,13,15
050,46,111,"South Dakota","Sanborn County",2,74,17,10,7
050,46,111,"South Dakota","Sanborn County",2,75,13,9,4
050,46,111,"South Dakota","Sanborn County",2,76,8,3,5
050,46,111,"South Dakota","Sanborn County",2,77,8,3,5
050,46,111,"South Dakota","Sanborn County",2,78,13,5,8
050,46,111,"South Dakota","Sanborn County",2,79,12,6,6
050,46,111,"South Dakota","Sanborn County",2,80,11,6,5
050,46,111,"South Dakota","Sanborn County",2,81,17,9,8
050,46,111,"South Dakota","Sanborn County",2,82,12,6,6
050,46,111,"South Dakota","Sanborn County",2,83,11,5,6
050,46,111,"South Dakota","Sanborn County",2,84,8,6,2
050,46,111,"South Dakota","Sanborn County",2,85,55,14,41
050,46,111,"South Dakota","Sanborn County",3,0,24,12,12
050,46,111,"South Dakota","Sanborn County",3,1,37,18,19
050,46,111,"South Dakota","Sanborn County",3,2,34,17,17
050,46,111,"South Dakota","Sanborn County",3,3,28,13,15
050,46,111,"South Dakota","Sanborn County",3,4,42,17,25
050,46,111,"South Dakota","Sanborn County",3,5,34,17,17
050,46,111,"South Dakota","Sanborn County",3,6,35,16,19
050,46,111,"South Dakota","Sanborn County",3,7,38,24,14
050,46,111,"South Dakota","Sanborn County",3,8,38,20,18
050,46,111,"South Dakota","Sanborn County",3,9,31,19,12
050,46,111,"South Dakota","Sanborn County",3,10,29,18,11
050,46,111,"South Dakota","Sanborn County",3,11,27,16,11
050,46,111,"South Dakota","Sanborn County",3,12,24,13,11
050,46,111,"South Dakota","Sanborn County",3,13,34,18,16
050,46,111,"South Dakota","Sanborn County",3,14,30,16,14
050,46,111,"South Dakota","Sanborn County",3,15,26,15,11
050,46,111,"South Dakota","Sanborn County",3,16,31,17,14
050,46,111,"South Dakota","Sanborn County",3,17,27,13,14
050,46,111,"South Dakota","Sanborn County",3,18,22,12,10
050,46,111,"South Dakota","Sanborn County",3,19,17,8,9
050,46,111,"South Dakota","Sanborn County",3,20,21,13,8
050,46,111,"South Dakota","Sanborn County",3,21,19,10,9
050,46,111,"South Dakota","Sanborn County",3,22,16,11,5
050,46,111,"South Dakota","Sanborn County",3,23,21,11,10
050,46,111,"South Dakota","Sanborn County",3,24,21,14,7
050,46,111,"South Dakota","Sanborn County",3,25,20,10,10
050,46,111,"South Dakota","Sanborn County",3,26,19,10,9
050,46,111,"South Dakota","Sanborn County",3,27,27,14,13
050,46,111,"South Dakota","Sanborn County",3,28,32,14,18
050,46,111,"South Dakota","Sanborn County",3,29,22,6,16
050,46,111,"South Dakota","Sanborn County",3,30,20,10,10
050,46,111,"South Dakota","Sanborn County",3,31,22,15,7
050,46,111,"South Dakota","Sanborn County",3,32,25,15,10
050,46,111,"South Dakota","Sanborn County",3,33,30,14,16
050,46,111,"South Dakota","Sanborn County",3,34,28,15,13
050,46,111,"South Dakota","Sanborn County",3,35,28,15,13
050,46,111,"South Dakota","Sanborn County",3,36,35,22,13
050,46,111,"South Dakota","Sanborn County",3,37,36,23,13
050,46,111,"South Dakota","Sanborn County",3,38,27,17,10
050,46,111,"South Dakota","Sanborn County",3,39,32,15,17
050,46,111,"South Dakota","Sanborn County",3,40,26,11,15
050,46,111,"South Dakota","Sanborn County",3,41,33,16,17
050,46,111,"South Dakota","Sanborn County",3,42,35,18,17
050,46,111,"South Dakota","Sanborn County",3,43,28,14,14
050,46,111,"South Dakota","Sanborn County",3,44,26,14,12
050,46,111,"South Dakota","Sanborn County",3,45,25,14,11
050,46,111,"South Dakota","Sanborn County",3,46,26,16,10
050,46,111,"South Dakota","Sanborn County",3,47,28,20,8
050,46,111,"South Dakota","Sanborn County",3,48,18,11,7
050,46,111,"South Dakota","Sanborn County",3,49,19,10,9
050,46,111,"South Dakota","Sanborn County",3,50,24,11,13
050,46,111,"South Dakota","Sanborn County",3,51,20,11,9
050,46,111,"South Dakota","Sanborn County",3,52,24,12,12
050,46,111,"South Dakota","Sanborn County",3,53,21,8,13
050,46,111,"South Dakota","Sanborn County",3,54,20,9,11
050,46,111,"South Dakota","Sanborn County",3,55,23,12,11
050,46,111,"South Dakota","Sanborn County",3,56,29,16,13
050,46,111,"South Dakota","Sanborn County",3,57,30,13,17
050,46,111,"South Dakota","Sanborn County",3,58,37,17,20
050,46,111,"South Dakota","Sanborn County",3,59,53,28,25
050,46,111,"South Dakota","Sanborn County",3,60,52,26,26
050,46,111,"South Dakota","Sanborn County",3,61,42,19,23
050,46,111,"South Dakota","Sanborn County",3,62,36,20,16
050,46,111,"South Dakota","Sanborn County",3,63,38,20,18
050,46,111,"South Dakota","Sanborn County",3,64,41,24,17
050,46,111,"South Dakota","Sanborn County",3,65,44,24,20
050,46,111,"South Dakota","Sanborn County",3,66,40,23,17
050,46,111,"South Dakota","Sanborn County",3,67,37,21,16
050,46,111,"South Dakota","Sanborn County",3,68,36,19,17
050,46,111,"South Dakota","Sanborn County",3,69,38,20,18
050,46,111,"South Dakota","Sanborn County",3,70,39,18,21
050,46,111,"South Dakota","Sanborn County",3,71,29,15,14
050,46,111,"South Dakota","Sanborn County",3,72,25,14,11
050,46,111,"South Dakota","Sanborn County",3,73,29,13,16
050,46,111,"South Dakota","Sanborn County",3,74,27,13,14
050,46,111,"South Dakota","Sanborn County",3,75,15,9,6
050,46,111,"South Dakota","Sanborn County",3,76,13,9,4
050,46,111,"South Dakota","Sanborn County",3,77,5,2,3
050,46,111,"South Dakota","Sanborn County",3,78,8,3,5
050,46,111,"South Dakota","Sanborn County",3,79,14,6,8
050,46,111,"South Dakota","Sanborn County",3,80,12,6,6
050,46,111,"South Dakota","Sanborn County",3,81,12,7,5
050,46,111,"South Dakota","Sanborn County",3,82,10,5,5
050,46,111,"South Dakota","Sanborn County",3,83,11,5,6
050,46,111,"South Dakota","Sanborn County",3,84,11,7,4
050,46,111,"South Dakota","Sanborn County",3,85,55,14,41
050,46,111,"South Dakota","Sanborn County",4,0,35,20,15
050,46,111,"South Dakota","Sanborn County",4,1,23,11,12
050,46,111,"South Dakota","Sanborn County",4,2,40,19,21
050,46,111,"South Dakota","Sanborn County",4,3,39,15,24
050,46,111,"South Dakota","Sanborn County",4,4,31,16,15
050,46,111,"South Dakota","Sanborn County",4,5,40,19,21
050,46,111,"South Dakota","Sanborn County",4,6,38,17,21
050,46,111,"South Dakota","Sanborn County",4,7,36,17,19
050,46,111,"South Dakota","Sanborn County",4,8,39,24,15
050,46,111,"South Dakota","Sanborn County",4,9,40,21,19
050,46,111,"South Dakota","Sanborn County",4,10,33,20,13
050,46,111,"South Dakota","Sanborn County",4,11,29,18,11
050,46,111,"South Dakota","Sanborn County",4,12,30,18,12
050,46,111,"South Dakota","Sanborn County",4,13,26,14,12
050,46,111,"South Dakota","Sanborn County",4,14,34,19,15
050,46,111,"South Dakota","Sanborn County",4,15,32,16,16
050,46,111,"South Dakota","Sanborn County",4,16,26,14,12
050,46,111,"South Dakota","Sanborn County",4,17,33,19,14
050,46,111,"South Dakota","Sanborn County",4,18,24,12,12
050,46,111,"South Dakota","Sanborn County",4,19,17,10,7
050,46,111,"South Dakota","Sanborn County",4,20,16,7,9
050,46,111,"South Dakota","Sanborn County",4,21,20,11,9
050,46,111,"South Dakota","Sanborn County",4,22,20,11,9
050,46,111,"South Dakota","Sanborn County",4,23,15,9,6
050,46,111,"South Dakota","Sanborn County",4,24,23,11,12
050,46,111,"South Dakota","Sanborn County",4,25,21,13,8
050,46,111,"South Dakota","Sanborn County",4,26,21,7,14
050,46,111,"South Dakota","Sanborn County",4,27,21,10,11
050,46,111,"South Dakota","Sanborn County",4,28,24,11,13
050,46,111,"South Dakota","Sanborn County",4,29,33,13,20
050,46,111,"South Dakota","Sanborn County",4,30,21,6,15
050,46,111,"South Dakota","Sanborn County",4,31,22,12,10
050,46,111,"South Dakota","Sanborn County",4,32,25,16,9
050,46,111,"South Dakota","Sanborn County",4,33,27,15,12
050,46,111,"South Dakota","Sanborn County",4,34,31,15,16
050,46,111,"South Dakota","Sanborn County",4,35,29,17,12
050,46,111,"South Dakota","Sanborn County",4,36,28,16,12
050,46,111,"South Dakota","Sanborn County",4,37,39,24,15
050,46,111,"South Dakota","Sanborn County",4,38,38,25,13
050,46,111,"South Dakota","Sanborn County",4,39,29,17,12
050,46,111,"South Dakota","Sanborn County",4,40,34,17,17
050,46,111,"South Dakota","Sanborn County",4,41,24,11,13
050,46,111,"South Dakota","Sanborn County",4,42,32,16,16
050,46,111,"South Dakota","Sanborn County",4,43,34,18,16
050,46,111,"South Dakota","Sanborn County",4,44,28,15,13
050,46,111,"South Dakota","Sanborn County",4,45,28,16,12
050,46,111,"South Dakota","Sanborn County",4,46,26,14,12
050,46,111,"South Dakota","Sanborn County",4,47,25,15,10
050,46,111,"South Dakota","Sanborn County",4,48,27,19,8
050,46,111,"South Dakota","Sanborn County",4,49,19,11,8
050,46,111,"South Dakota","Sanborn County",4,50,18,9,9
050,46,111,"South Dakota","Sanborn County",4,51,22,10,12
050,46,111,"South Dakota","Sanborn County",4,52,21,10,11
050,46,111,"South Dakota","Sanborn County",4,53,22,10,12
050,46,111,"South Dakota","Sanborn County",4,54,21,8,13
050,46,111,"South Dakota","Sanborn County",4,55,20,9,11
050,46,111,"South Dakota","Sanborn County",4,56,18,10,8
050,46,111,"South Dakota","Sanborn County",4,57,29,16,13
050,46,111,"South Dakota","Sanborn County",4,58,30,13,17
050,46,111,"South Dakota","Sanborn County",4,59,36,17,19
050,46,111,"South Dakota","Sanborn County",4,60,52,28,24
050,46,111,"South Dakota","Sanborn County",4,61,52,26,26
050,46,111,"South Dakota","Sanborn County",4,62,38,15,23
050,46,111,"South Dakota","Sanborn County",4,63,36,20,16
050,46,111,"South Dakota","Sanborn County",4,64,38,20,18
050,46,111,"South Dakota","Sanborn County",4,65,39,23,16
050,46,111,"South Dakota","Sanborn County",4,66,43,24,19
050,46,111,"South Dakota","Sanborn County",4,67,40,23,17
050,46,111,"South Dakota","Sanborn County",4,68,37,21,16
050,46,111,"South Dakota","Sanborn County",4,69,33,16,17
050,46,111,"South Dakota","Sanborn County",4,70,41,21,20
050,46,111,"South Dakota","Sanborn County",4,71,35,17,18
050,46,111,"South Dakota","Sanborn County",4,72,30,16,14
050,46,111,"South Dakota","Sanborn County",4,73,27,13,14
050,46,111,"South Dakota","Sanborn County",4,74,26,13,13
050,46,111,"South Dakota","Sanborn County",4,75,22,13,9
050,46,111,"South Dakota","Sanborn County",4,76,16,8,8
050,46,111,"South Dakota","Sanborn County",4,77,12,9,3
050,46,111,"South Dakota","Sanborn County",4,78,5,2,3
050,46,111,"South Dakota","Sanborn County",4,79,9,4,5
050,46,111,"South Dakota","Sanborn County",4,80,14,6,8
050,46,111,"South Dakota","Sanborn County",4,81,13,7,6
050,46,111,"South Dakota","Sanborn County",4,82,6,2,4
050,46,111,"South Dakota","Sanborn County",4,83,8,3,5
050,46,111,"South Dakota","Sanborn County",4,84,12,8,4
050,46,111,"South Dakota","Sanborn County",4,85,57,17,40
050,46,111,"South Dakota","Sanborn County",5,0,35,20,15
050,46,111,"South Dakota","Sanborn County",5,1,37,22,15
050,46,111,"South Dakota","Sanborn County",5,2,23,9,14
050,46,111,"South Dakota","Sanborn County",5,3,36,16,20
050,46,111,"South Dakota","Sanborn County",5,4,39,16,23
050,46,111,"South Dakota","Sanborn County",5,5,29,15,14
050,46,111,"South Dakota","Sanborn County",5,6,41,19,22
050,46,111,"South Dakota","Sanborn County",5,7,36,16,20
050,46,111,"South Dakota","Sanborn County",5,8,34,15,19
050,46,111,"South Dakota","Sanborn County",5,9,39,24,15
050,46,111,"South Dakota","Sanborn County",5,10,40,21,19
050,46,111,"South Dakota","Sanborn County",5,11,33,20,13
050,46,111,"South Dakota","Sanborn County",5,12,30,18,12
050,46,111,"South Dakota","Sanborn County",5,13,30,18,12
050,46,111,"South Dakota","Sanborn County",5,14,27,14,13
050,46,111,"South Dakota","Sanborn County",5,15,32,18,14
050,46,111,"South Dakota","Sanborn County",5,16,33,17,16
050,46,111,"South Dakota","Sanborn County",5,17,24,15,9
050,46,111,"South Dakota","Sanborn County",5,18,28,18,10
050,46,111,"South Dakota","Sanborn County",5,19,20,10,10
050,46,111,"South Dakota","Sanborn County",5,20,18,10,8
050,46,111,"South Dakota","Sanborn County",5,21,18,8,10
050,46,111,"South Dakota","Sanborn County",5,22,21,11,10
050,46,111,"South Dakota","Sanborn County",5,23,18,9,9
050,46,111,"South Dakota","Sanborn County",5,24,12,8,4
050,46,111,"South Dakota","Sanborn County",5,25,22,10,12
050,46,111,"South Dakota","Sanborn County",5,26,22,13,9
050,46,111,"South Dakota","Sanborn County",5,27,17,7,10
050,46,111,"South Dakota","Sanborn County",5,28,21,9,12
050,46,111,"South Dakota","Sanborn County",5,29,25,13,12
050,46,111,"South Dakota","Sanborn County",5,30,37,16,21
050,46,111,"South Dakota","Sanborn County",5,31,20,7,13
050,46,111,"South Dakota","Sanborn County",5,32,23,12,11
050,46,111,"South Dakota","Sanborn County",5,33,27,18,9
050,46,111,"South Dakota","Sanborn County",5,34,32,20,12
050,46,111,"South Dakota","Sanborn County",5,35,30,15,15
050,46,111,"South Dakota","Sanborn County",5,36,28,16,12
050,46,111,"South Dakota","Sanborn County",5,37,29,16,13
050,46,111,"South Dakota","Sanborn County",5,38,40,24,16
050,46,111,"South Dakota","Sanborn County",5,39,36,25,11
050,46,111,"South Dakota","Sanborn County",5,40,29,17,12
050,46,111,"South Dakota","Sanborn County",5,41,36,18,18
050,46,111,"South Dakota","Sanborn County",5,42,28,11,17
050,46,111,"South Dakota","Sanborn County",5,43,30,14,16
050,46,111,"South Dakota","Sanborn County",5,44,32,16,16
050,46,111,"South Dakota","Sanborn County",5,45,30,16,14
050,46,111,"South Dakota","Sanborn County",5,46,26,16,10
050,46,111,"South Dakota","Sanborn County",5,47,24,12,12
050,46,111,"South Dakota","Sanborn County",5,48,24,15,9
050,46,111,"South Dakota","Sanborn County",5,49,28,20,8
050,46,111,"South Dakota","Sanborn County",5,50,18,10,8
050,46,111,"South Dakota","Sanborn County",5,51,18,9,9
050,46,111,"South Dakota","Sanborn County",5,52,22,10,12
050,46,111,"South Dakota","Sanborn County",5,53,22,11,11
050,46,111,"South Dakota","Sanborn County",5,54,22,10,12
050,46,111,"South Dakota","Sanborn County",5,55,22,7,15
050,46,111,"South Dakota","Sanborn County",5,56,20,9,11
050,46,111,"South Dakota","Sanborn County",5,57,18,10,8
050,46,111,"South Dakota","Sanborn County",5,58,30,17,13
050,46,111,"South Dakota","Sanborn County",5,59,27,12,15
050,46,111,"South Dakota","Sanborn County",5,60,36,17,19
050,46,111,"South Dakota","Sanborn County",5,61,52,28,24
050,46,111,"South Dakota","Sanborn County",5,62,51,25,26
050,46,111,"South Dakota","Sanborn County",5,63,37,14,23
050,46,111,"South Dakota","Sanborn County",5,64,37,20,17
050,46,111,"South Dakota","Sanborn County",5,65,38,19,19
050,46,111,"South Dakota","Sanborn County",5,66,40,25,15
050,46,111,"South Dakota","Sanborn County",5,67,42,23,19
050,46,111,"South Dakota","Sanborn County",5,68,41,23,18
050,46,111,"South Dakota","Sanborn County",5,69,32,18,14
050,46,111,"South Dakota","Sanborn County",5,70,34,14,20
050,46,111,"South Dakota","Sanborn County",5,71,38,20,18
050,46,111,"South Dakota","Sanborn County",5,72,36,17,19
050,46,111,"South Dakota","Sanborn County",5,73,31,15,16
050,46,111,"South Dakota","Sanborn County",5,74,24,13,11
050,46,111,"South Dakota","Sanborn County",5,75,23,13,10
050,46,111,"South Dakota","Sanborn County",5,76,23,13,10
050,46,111,"South Dakota","Sanborn County",5,77,14,9,5
050,46,111,"South Dakota","Sanborn County",5,78,12,9,3
050,46,111,"South Dakota","Sanborn County",5,79,6,3,3
050,46,111,"South Dakota","Sanborn County",5,80,9,4,5
050,46,111,"South Dakota","Sanborn County",5,81,14,6,8
050,46,111,"South Dakota","Sanborn County",5,82,8,3,5
050,46,111,"South Dakota","Sanborn County",5,83,6,0,6
050,46,111,"South Dakota","Sanborn County",5,84,8,5,3
050,46,111,"South Dakota","Sanborn County",5,85,59,19,40
050,46,115,"South Dakota","Spink County",1,0,88,46,42
050,46,115,"South Dakota","Spink County",1,1,96,52,44
050,46,115,"South Dakota","Spink County",1,2,86,47,39
050,46,115,"South Dakota","Spink County",1,3,85,40,45
050,46,115,"South Dakota","Spink County",1,4,64,28,36
050,46,115,"South Dakota","Spink County",1,5,69,30,39
050,46,115,"South Dakota","Spink County",1,6,84,38,46
050,46,115,"South Dakota","Spink County",1,7,69,33,36
050,46,115,"South Dakota","Spink County",1,8,71,36,35
050,46,115,"South Dakota","Spink County",1,9,74,39,35
050,46,115,"South Dakota","Spink County",1,10,63,32,31
050,46,115,"South Dakota","Spink County",1,11,75,36,39
050,46,115,"South Dakota","Spink County",1,12,81,37,44
050,46,115,"South Dakota","Spink County",1,13,78,42,36
050,46,115,"South Dakota","Spink County",1,14,89,50,39
050,46,115,"South Dakota","Spink County",1,15,87,44,43
050,46,115,"South Dakota","Spink County",1,16,82,42,40
050,46,115,"South Dakota","Spink County",1,17,77,35,42
050,46,115,"South Dakota","Spink County",1,18,62,31,31
050,46,115,"South Dakota","Spink County",1,19,41,23,18
050,46,115,"South Dakota","Spink County",1,20,48,25,23
050,46,115,"South Dakota","Spink County",1,21,47,23,24
050,46,115,"South Dakota","Spink County",1,22,53,30,23
050,46,115,"South Dakota","Spink County",1,23,59,29,30
050,46,115,"South Dakota","Spink County",1,24,50,20,30
050,46,115,"South Dakota","Spink County",1,25,45,22,23
050,46,115,"South Dakota","Spink County",1,26,72,34,38
050,46,115,"South Dakota","Spink County",1,27,70,36,34
050,46,115,"South Dakota","Spink County",1,28,65,33,32
050,46,115,"South Dakota","Spink County",1,29,68,38,30
050,46,115,"South Dakota","Spink County",1,30,68,34,34
050,46,115,"South Dakota","Spink County",1,31,66,32,34
050,46,115,"South Dakota","Spink County",1,32,73,40,33
050,46,115,"South Dakota","Spink County",1,33,72,47,25
050,46,115,"South Dakota","Spink County",1,34,80,48,32
050,46,115,"South Dakota","Spink County",1,35,76,39,37
050,46,115,"South Dakota","Spink County",1,36,80,39,41
050,46,115,"South Dakota","Spink County",1,37,86,50,36
050,46,115,"South Dakota","Spink County",1,38,90,48,42
050,46,115,"South Dakota","Spink County",1,39,86,43,43
050,46,115,"South Dakota","Spink County",1,40,62,34,28
050,46,115,"South Dakota","Spink County",1,41,73,37,36
050,46,115,"South Dakota","Spink County",1,42,61,28,33
050,46,115,"South Dakota","Spink County",1,43,54,21,33
050,46,115,"South Dakota","Spink County",1,44,56,26,30
050,46,115,"South Dakota","Spink County",1,45,61,33,28
050,46,115,"South Dakota","Spink County",1,46,56,26,30
050,46,115,"South Dakota","Spink County",1,47,58,27,31
050,46,115,"South Dakota","Spink County",1,48,74,35,39
050,46,115,"South Dakota","Spink County",1,49,74,40,34
050,46,115,"South Dakota","Spink County",1,50,64,30,34
050,46,115,"South Dakota","Spink County",1,51,71,31,40
050,46,115,"South Dakota","Spink County",1,52,68,35,33
050,46,115,"South Dakota","Spink County",1,53,78,40,38
050,46,115,"South Dakota","Spink County",1,54,76,37,39
050,46,115,"South Dakota","Spink County",1,55,85,39,46
050,46,115,"South Dakota","Spink County",1,56,97,53,44
050,46,115,"South Dakota","Spink County",1,57,109,59,50
050,46,115,"South Dakota","Spink County",1,58,96,50,46
050,46,115,"South Dakota","Spink County",1,59,115,63,52
050,46,115,"South Dakota","Spink County",1,60,115,59,56
050,46,115,"South Dakota","Spink County",1,61,113,50,63
050,46,115,"South Dakota","Spink County",1,62,103,52,51
050,46,115,"South Dakota","Spink County",1,63,98,52,46
050,46,115,"South Dakota","Spink County",1,64,106,61,45
050,46,115,"South Dakota","Spink County",1,65,98,54,44
050,46,115,"South Dakota","Spink County",1,66,93,57,36
050,46,115,"South Dakota","Spink County",1,67,96,46,50
050,46,115,"South Dakota","Spink County",1,68,82,36,46
050,46,115,"South Dakota","Spink County",1,69,86,40,46
050,46,115,"South Dakota","Spink County",1,70,68,38,30
050,46,115,"South Dakota","Spink County",1,71,67,36,31
050,46,115,"South Dakota","Spink County",1,72,60,30,30
050,46,115,"South Dakota","Spink County",1,73,61,32,29
050,46,115,"South Dakota","Spink County",1,74,41,20,21
050,46,115,"South Dakota","Spink County",1,75,47,25,22
050,46,115,"South Dakota","Spink County",1,76,43,24,19
050,46,115,"South Dakota","Spink County",1,77,39,16,23
050,46,115,"South Dakota","Spink County",1,78,45,17,28
050,46,115,"South Dakota","Spink County",1,79,56,21,35
050,46,115,"South Dakota","Spink County",1,80,40,17,23
050,46,115,"South Dakota","Spink County",1,81,41,16,25
050,46,115,"South Dakota","Spink County",1,82,35,13,22
050,46,115,"South Dakota","Spink County",1,83,41,16,25
050,46,115,"South Dakota","Spink County",1,84,39,17,22
050,46,115,"South Dakota","Spink County",1,85,279,84,195
050,46,115,"South Dakota","Spink County",2,0,90,51,39
050,46,115,"South Dakota","Spink County",2,1,92,49,43
050,46,115,"South Dakota","Spink County",2,2,87,49,38
050,46,115,"South Dakota","Spink County",2,3,84,40,44
050,46,115,"South Dakota","Spink County",2,4,69,31,38
050,46,115,"South Dakota","Spink County",2,5,68,29,39
050,46,115,"South Dakota","Spink County",2,6,81,37,44
050,46,115,"South Dakota","Spink County",2,7,71,33,38
050,46,115,"South Dakota","Spink County",2,8,69,35,34
050,46,115,"South Dakota","Spink County",2,9,74,39,35
050,46,115,"South Dakota","Spink County",2,10,65,32,33
050,46,115,"South Dakota","Spink County",2,11,72,35,37
050,46,115,"South Dakota","Spink County",2,12,80,36,44
050,46,115,"South Dakota","Spink County",2,13,79,42,37
050,46,115,"South Dakota","Spink County",2,14,88,49,39
050,46,115,"South Dakota","Spink County",2,15,87,45,42
050,46,115,"South Dakota","Spink County",2,16,82,42,40
050,46,115,"South Dakota","Spink County",2,17,79,37,42
050,46,115,"South Dakota","Spink County",2,18,64,32,32
050,46,115,"South Dakota","Spink County",2,19,43,23,20
050,46,115,"South Dakota","Spink County",2,20,47,25,22
050,46,115,"South Dakota","Spink County",2,21,47,24,23
050,46,115,"South Dakota","Spink County",2,22,51,28,23
050,46,115,"South Dakota","Spink County",2,23,57,29,28
050,46,115,"South Dakota","Spink County",2,24,48,20,28
050,46,115,"South Dakota","Spink County",2,25,45,21,24
050,46,115,"South Dakota","Spink County",2,26,65,31,34
050,46,115,"South Dakota","Spink County",2,27,70,34,36
050,46,115,"South Dakota","Spink County",2,28,64,33,31
050,46,115,"South Dakota","Spink County",2,29,70,38,32
050,46,115,"South Dakota","Spink County",2,30,67,34,33
050,46,115,"South Dakota","Spink County",2,31,64,32,32
050,46,115,"South Dakota","Spink County",2,32,73,38,35
050,46,115,"South Dakota","Spink County",2,33,70,45,25
050,46,115,"South Dakota","Spink County",2,34,79,48,31
050,46,115,"South Dakota","Spink County",2,35,79,43,36
050,46,115,"South Dakota","Spink County",2,36,80,40,40
050,46,115,"South Dakota","Spink County",2,37,85,47,38
050,46,115,"South Dakota","Spink County",2,38,89,49,40
050,46,115,"South Dakota","Spink County",2,39,89,46,43
050,46,115,"South Dakota","Spink County",2,40,67,36,31
050,46,115,"South Dakota","Spink County",2,41,72,37,35
050,46,115,"South Dakota","Spink County",2,42,62,30,32
050,46,115,"South Dakota","Spink County",2,43,56,22,34
050,46,115,"South Dakota","Spink County",2,44,55,25,30
050,46,115,"South Dakota","Spink County",2,45,61,32,29
050,46,115,"South Dakota","Spink County",2,46,56,27,29
050,46,115,"South Dakota","Spink County",2,47,56,26,30
050,46,115,"South Dakota","Spink County",2,48,69,32,37
050,46,115,"South Dakota","Spink County",2,49,74,39,35
050,46,115,"South Dakota","Spink County",2,50,66,32,34
050,46,115,"South Dakota","Spink County",2,51,69,31,38
050,46,115,"South Dakota","Spink County",2,52,68,34,34
050,46,115,"South Dakota","Spink County",2,53,76,39,37
050,46,115,"South Dakota","Spink County",2,54,74,36,38
050,46,115,"South Dakota","Spink County",2,55,83,38,45
050,46,115,"South Dakota","Spink County",2,56,94,49,45
050,46,115,"South Dakota","Spink County",2,57,107,59,48
050,46,115,"South Dakota","Spink County",2,58,99,53,46
050,46,115,"South Dakota","Spink County",2,59,112,61,51
050,46,115,"South Dakota","Spink County",2,60,112,57,55
050,46,115,"South Dakota","Spink County",2,61,112,51,61
050,46,115,"South Dakota","Spink County",2,62,106,53,53
050,46,115,"South Dakota","Spink County",2,63,100,52,48
050,46,115,"South Dakota","Spink County",2,64,103,59,44
050,46,115,"South Dakota","Spink County",2,65,100,56,44
050,46,115,"South Dakota","Spink County",2,66,94,56,38
050,46,115,"South Dakota","Spink County",2,67,95,48,47
050,46,115,"South Dakota","Spink County",2,68,85,38,47
050,46,115,"South Dakota","Spink County",2,69,84,38,46
050,46,115,"South Dakota","Spink County",2,70,70,39,31
050,46,115,"South Dakota","Spink County",2,71,67,36,31
050,46,115,"South Dakota","Spink County",2,72,60,31,29
050,46,115,"South Dakota","Spink County",2,73,64,33,31
050,46,115,"South Dakota","Spink County",2,74,43,21,22
050,46,115,"South Dakota","Spink County",2,75,45,24,21
050,46,115,"South Dakota","Spink County",2,76,45,25,20
050,46,115,"South Dakota","Spink County",2,77,39,17,22
050,46,115,"South Dakota","Spink County",2,78,44,17,27
050,46,115,"South Dakota","Spink County",2,79,55,21,34
050,46,115,"South Dakota","Spink County",2,80,41,17,24
050,46,115,"South Dakota","Spink County",2,81,41,16,25
050,46,115,"South Dakota","Spink County",2,82,36,13,23
050,46,115,"South Dakota","Spink County",2,83,41,16,25
050,46,115,"South Dakota","Spink County",2,84,40,17,23
050,46,115,"South Dakota","Spink County",2,85,279,86,193
050,46,115,"South Dakota","Spink County",3,0,75,42,33
050,46,115,"South Dakota","Spink County",3,1,93,54,39
050,46,115,"South Dakota","Spink County",3,2,96,52,44
050,46,115,"South Dakota","Spink County",3,3,87,48,39
050,46,115,"South Dakota","Spink County",3,4,87,41,46
050,46,115,"South Dakota","Spink County",3,5,71,32,39
050,46,115,"South Dakota","Spink County",3,6,69,31,38
050,46,115,"South Dakota","Spink County",3,7,75,32,43
050,46,115,"South Dakota","Spink County",3,8,68,35,33
050,46,115,"South Dakota","Spink County",3,9,77,40,37
050,46,115,"South Dakota","Spink County",3,10,67,32,35
050,46,115,"South Dakota","Spink County",3,11,67,34,33
050,46,115,"South Dakota","Spink County",3,12,68,30,38
050,46,115,"South Dakota","Spink County",3,13,77,37,40
050,46,115,"South Dakota","Spink County",3,14,83,42,41
050,46,115,"South Dakota","Spink County",3,15,83,46,37
050,46,115,"South Dakota","Spink County",3,16,79,38,41
050,46,115,"South Dakota","Spink County",3,17,79,43,36
050,46,115,"South Dakota","Spink County",3,18,68,34,34
050,46,115,"South Dakota","Spink County",3,19,44,20,24
050,46,115,"South Dakota","Spink County",3,20,46,27,19
050,46,115,"South Dakota","Spink County",3,21,49,25,24
050,46,115,"South Dakota","Spink County",3,22,50,18,32
050,46,115,"South Dakota","Spink County",3,23,48,28,20
050,46,115,"South Dakota","Spink County",3,24,57,32,25
050,46,115,"South Dakota","Spink County",3,25,46,21,25
050,46,115,"South Dakota","Spink County",3,26,46,21,25
050,46,115,"South Dakota","Spink County",3,27,70,32,38
050,46,115,"South Dakota","Spink County",3,28,69,36,33
050,46,115,"South Dakota","Spink County",3,29,70,33,37
050,46,115,"South Dakota","Spink County",3,30,63,34,29
050,46,115,"South Dakota","Spink County",3,31,59,31,28
050,46,115,"South Dakota","Spink County",3,32,68,31,37
050,46,115,"South Dakota","Spink County",3,33,69,39,30
050,46,115,"South Dakota","Spink County",3,34,72,43,29
050,46,115,"South Dakota","Spink County",3,35,76,45,31
050,46,115,"South Dakota","Spink County",3,36,80,42,38
050,46,115,"South Dakota","Spink County",3,37,83,40,43
050,46,115,"South Dakota","Spink County",3,38,80,46,34
050,46,115,"South Dakota","Spink County",3,39,90,49,41
050,46,115,"South Dakota","Spink County",3,40,85,49,36
050,46,115,"South Dakota","Spink County",3,41,69,37,32
050,46,115,"South Dakota","Spink County",3,42,65,35,30
050,46,115,"South Dakota","Spink County",3,43,64,30,34
050,46,115,"South Dakota","Spink County",3,44,55,24,31
050,46,115,"South Dakota","Spink County",3,45,49,24,25
050,46,115,"South Dakota","Spink County",3,46,61,29,32
050,46,115,"South Dakota","Spink County",3,47,49,26,23
050,46,115,"South Dakota","Spink County",3,48,58,29,29
050,46,115,"South Dakota","Spink County",3,49,71,32,39
050,46,115,"South Dakota","Spink County",3,50,72,39,33
050,46,115,"South Dakota","Spink County",3,51,66,30,36
050,46,115,"South Dakota","Spink County",3,52,69,32,37
050,46,115,"South Dakota","Spink County",3,53,75,37,38
050,46,115,"South Dakota","Spink County",3,54,71,36,35
050,46,115,"South Dakota","Spink County",3,55,75,36,39
050,46,115,"South Dakota","Spink County",3,56,85,35,50
050,46,115,"South Dakota","Spink County",3,57,97,55,42
050,46,115,"South Dakota","Spink County",3,58,107,60,47
050,46,115,"South Dakota","Spink County",3,59,100,56,44
050,46,115,"South Dakota","Spink County",3,60,101,53,48
050,46,115,"South Dakota","Spink County",3,61,110,55,55
050,46,115,"South Dakota","Spink County",3,62,114,53,61
050,46,115,"South Dakota","Spink County",3,63,101,50,51
050,46,115,"South Dakota","Spink County",3,64,101,56,45
050,46,115,"South Dakota","Spink County",3,65,103,59,44
050,46,115,"South Dakota","Spink County",3,66,102,58,44
050,46,115,"South Dakota","Spink County",3,67,93,51,42
050,46,115,"South Dakota","Spink County",3,68,91,45,46
050,46,115,"South Dakota","Spink County",3,69,82,36,46
050,46,115,"South Dakota","Spink County",3,70,80,41,39
050,46,115,"South Dakota","Spink County",3,71,66,35,31
050,46,115,"South Dakota","Spink County",3,72,68,39,29
050,46,115,"South Dakota","Spink County",3,73,56,30,26
050,46,115,"South Dakota","Spink County",3,74,58,27,31
050,46,115,"South Dakota","Spink County",3,75,39,19,20
050,46,115,"South Dakota","Spink County",3,76,48,28,20
050,46,115,"South Dakota","Spink County",3,77,38,20,18
050,46,115,"South Dakota","Spink County",3,78,44,17,27
050,46,115,"South Dakota","Spink County",3,79,51,20,31
050,46,115,"South Dakota","Spink County",3,80,40,15,25
050,46,115,"South Dakota","Spink County",3,81,41,20,21
050,46,115,"South Dakota","Spink County",3,82,37,12,25
050,46,115,"South Dakota","Spink County",3,83,41,15,26
050,46,115,"South Dakota","Spink County",3,84,36,14,22
050,46,115,"South Dakota","Spink County",3,85,273,84,189
050,46,115,"South Dakota","Spink County",4,0,84,37,47
050,46,115,"South Dakota","Spink County",4,1,79,44,35
050,46,115,"South Dakota","Spink County",4,2,85,52,33
050,46,115,"South Dakota","Spink County",4,3,96,51,45
050,46,115,"South Dakota","Spink County",4,4,83,46,37
050,46,115,"South Dakota","Spink County",4,5,94,43,51
050,46,115,"South Dakota","Spink County",4,6,69,34,35
050,46,115,"South Dakota","Spink County",4,7,68,28,40
050,46,115,"South Dakota","Spink County",4,8,75,34,41
050,46,115,"South Dakota","Spink County",4,9,76,39,37
050,46,115,"South Dakota","Spink County",4,10,72,34,38
050,46,115,"South Dakota","Spink County",4,11,76,40,36
050,46,115,"South Dakota","Spink County",4,12,62,29,33
050,46,115,"South Dakota","Spink County",4,13,75,37,38
050,46,115,"South Dakota","Spink County",4,14,87,40,47
050,46,115,"South Dakota","Spink County",4,15,76,39,37
050,46,115,"South Dakota","Spink County",4,16,80,42,38
050,46,115,"South Dakota","Spink County",4,17,79,38,41
050,46,115,"South Dakota","Spink County",4,18,66,37,29
050,46,115,"South Dakota","Spink County",4,19,44,19,25
050,46,115,"South Dakota","Spink County",4,20,44,21,23
050,46,115,"South Dakota","Spink County",4,21,48,27,21
050,46,115,"South Dakota","Spink County",4,22,46,23,23
050,46,115,"South Dakota","Spink County",4,23,51,21,30
050,46,115,"South Dakota","Spink County",4,24,44,25,19
050,46,115,"South Dakota","Spink County",4,25,50,29,21
050,46,115,"South Dakota","Spink County",4,26,42,18,24
050,46,115,"South Dakota","Spink County",4,27,49,23,26
050,46,115,"South Dakota","Spink County",4,28,72,39,33
050,46,115,"South Dakota","Spink County",4,29,71,37,34
050,46,115,"South Dakota","Spink County",4,30,71,31,40
050,46,115,"South Dakota","Spink County",4,31,55,31,24
050,46,115,"South Dakota","Spink County",4,32,68,34,34
050,46,115,"South Dakota","Spink County",4,33,58,31,27
050,46,115,"South Dakota","Spink County",4,34,64,32,32
050,46,115,"South Dakota","Spink County",4,35,66,40,26
050,46,115,"South Dakota","Spink County",4,36,79,46,33
050,46,115,"South Dakota","Spink County",4,37,81,38,43
050,46,115,"South Dakota","Spink County",4,38,81,44,37
050,46,115,"South Dakota","Spink County",4,39,84,44,40
050,46,115,"South Dakota","Spink County",4,40,84,48,36
050,46,115,"South Dakota","Spink County",4,41,92,52,40
050,46,115,"South Dakota","Spink County",4,42,64,35,29
050,46,115,"South Dakota","Spink County",4,43,70,36,34
050,46,115,"South Dakota","Spink County",4,44,67,34,33
050,46,115,"South Dakota","Spink County",4,45,56,26,30
050,46,115,"South Dakota","Spink County",4,46,47,21,26
050,46,115,"South Dakota","Spink County",4,47,62,30,32
050,46,115,"South Dakota","Spink County",4,48,50,27,23
050,46,115,"South Dakota","Spink County",4,49,61,32,29
050,46,115,"South Dakota","Spink County",4,50,70,31,39
050,46,115,"South Dakota","Spink County",4,51,67,35,32
050,46,115,"South Dakota","Spink County",4,52,66,30,36
050,46,115,"South Dakota","Spink County",4,53,70,34,36
050,46,115,"South Dakota","Spink County",4,54,70,34,36
050,46,115,"South Dakota","Spink County",4,55,74,37,37
050,46,115,"South Dakota","Spink County",4,56,75,35,40
050,46,115,"South Dakota","Spink County",4,57,89,40,49
050,46,115,"South Dakota","Spink County",4,58,103,60,43
050,46,115,"South Dakota","Spink County",4,59,105,62,43
050,46,115,"South Dakota","Spink County",4,60,92,48,44
050,46,115,"South Dakota","Spink County",4,61,96,53,43
050,46,115,"South Dakota","Spink County",4,62,112,57,55
050,46,115,"South Dakota","Spink County",4,63,115,52,63
050,46,115,"South Dakota","Spink County",4,64,102,50,52
050,46,115,"South Dakota","Spink County",4,65,99,54,45
050,46,115,"South Dakota","Spink County",4,66,104,62,42
050,46,115,"South Dakota","Spink County",4,67,99,52,47
050,46,115,"South Dakota","Spink County",4,68,98,52,46
050,46,115,"South Dakota","Spink County",4,69,96,45,51
050,46,115,"South Dakota","Spink County",4,70,75,37,38
050,46,115,"South Dakota","Spink County",4,71,80,39,41
050,46,115,"South Dakota","Spink County",4,72,64,35,29
050,46,115,"South Dakota","Spink County",4,73,62,35,27
050,46,115,"South Dakota","Spink County",4,74,54,26,28
050,46,115,"South Dakota","Spink County",4,75,55,26,29
050,46,115,"South Dakota","Spink County",4,76,41,22,19
050,46,115,"South Dakota","Spink County",4,77,47,24,23
050,46,115,"South Dakota","Spink County",4,78,39,18,21
050,46,115,"South Dakota","Spink County",4,79,41,14,27
050,46,115,"South Dakota","Spink County",4,80,33,15,18
050,46,115,"South Dakota","Spink County",4,81,44,18,26
050,46,115,"South Dakota","Spink County",4,82,35,15,20
050,46,115,"South Dakota","Spink County",4,83,41,15,26
050,46,115,"South Dakota","Spink County",4,84,39,12,27
050,46,115,"South Dakota","Spink County",4,85,273,79,194
050,46,115,"South Dakota","Spink County",5,0,82,38,44
050,46,115,"South Dakota","Spink County",5,1,91,40,51
050,46,115,"South Dakota","Spink County",5,2,81,47,34
050,46,115,"South Dakota","Spink County",5,3,76,42,34
050,46,115,"South Dakota","Spink County",5,4,92,54,38
050,46,115,"South Dakota","Spink County",5,5,93,49,44
050,46,115,"South Dakota","Spink County",5,6,89,40,49
050,46,115,"South Dakota","Spink County",5,7,66,28,38
050,46,115,"South Dakota","Spink County",5,8,65,32,33
050,46,115,"South Dakota","Spink County",5,9,75,36,39
050,46,115,"South Dakota","Spink County",5,10,72,34,38
050,46,115,"South Dakota","Spink County",5,11,70,34,36
050,46,115,"South Dakota","Spink County",5,12,68,33,35
050,46,115,"South Dakota","Spink County",5,13,64,33,31
050,46,115,"South Dakota","Spink County",5,14,74,36,38
050,46,115,"South Dakota","Spink County",5,15,78,37,41
050,46,115,"South Dakota","Spink County",5,16,72,34,38
050,46,115,"South Dakota","Spink County",5,17,85,46,39
050,46,115,"South Dakota","Spink County",5,18,66,31,35
050,46,115,"South Dakota","Spink County",5,19,48,27,21
050,46,115,"South Dakota","Spink County",5,20,50,24,26
050,46,115,"South Dakota","Spink County",5,21,52,26,26
050,46,115,"South Dakota","Spink County",5,22,49,26,23
050,46,115,"South Dakota","Spink County",5,23,51,27,24
050,46,115,"South Dakota","Spink County",5,24,49,23,26
050,46,115,"South Dakota","Spink County",5,25,45,26,19
050,46,115,"South Dakota","Spink County",5,26,56,32,24
050,46,115,"South Dakota","Spink County",5,27,43,16,27
050,46,115,"South Dakota","Spink County",5,28,49,25,24
050,46,115,"South Dakota","Spink County",5,29,72,37,35
050,46,115,"South Dakota","Spink County",5,30,73,37,36
050,46,115,"South Dakota","Spink County",5,31,63,28,35
050,46,115,"South Dakota","Spink County",5,32,59,31,28
050,46,115,"South Dakota","Spink County",5,33,60,30,30
050,46,115,"South Dakota","Spink County",5,34,55,29,26
050,46,115,"South Dakota","Spink County",5,35,61,32,29
050,46,115,"South Dakota","Spink County",5,36,67,37,30
050,46,115,"South Dakota","Spink County",5,37,80,45,35
050,46,115,"South Dakota","Spink County",5,38,81,43,38
050,46,115,"South Dakota","Spink County",5,39,83,44,39
050,46,115,"South Dakota","Spink County",5,40,79,43,36
050,46,115,"South Dakota","Spink County",5,41,88,49,39
050,46,115,"South Dakota","Spink County",5,42,89,52,37
050,46,115,"South Dakota","Spink County",5,43,60,29,31
050,46,115,"South Dakota","Spink County",5,44,63,35,28
050,46,115,"South Dakota","Spink County",5,45,70,35,35
050,46,115,"South Dakota","Spink County",5,46,55,22,33
050,46,115,"South Dakota","Spink County",5,47,45,20,25
050,46,115,"South Dakota","Spink County",5,48,60,30,30
050,46,115,"South Dakota","Spink County",5,49,50,29,21
050,46,115,"South Dakota","Spink County",5,50,58,29,29
050,46,115,"South Dakota","Spink County",5,51,71,30,41
050,46,115,"South Dakota","Spink County",5,52,67,34,33
050,46,115,"South Dakota","Spink County",5,53,70,32,38
050,46,115,"South Dakota","Spink County",5,54,65,32,33
050,46,115,"South Dakota","Spink County",5,55,77,35,42
050,46,115,"South Dakota","Spink County",5,56,74,36,38
050,46,115,"South Dakota","Spink County",5,57,80,41,39
050,46,115,"South Dakota","Spink County",5,58,89,41,48
050,46,115,"South Dakota","Spink County",5,59,106,63,43
050,46,115,"South Dakota","Spink County",5,60,98,54,44
050,46,115,"South Dakota","Spink County",5,61,94,50,44
050,46,115,"South Dakota","Spink County",5,62,95,54,41
050,46,115,"South Dakota","Spink County",5,63,112,55,57
050,46,115,"South Dakota","Spink County",5,64,116,55,61
050,46,115,"South Dakota","Spink County",5,65,99,48,51
050,46,115,"South Dakota","Spink County",5,66,99,54,45
050,46,115,"South Dakota","Spink County",5,67,98,55,43
050,46,115,"South Dakota","Spink County",5,68,100,52,48
050,46,115,"South Dakota","Spink County",5,69,101,51,50
050,46,115,"South Dakota","Spink County",5,70,90,47,43
050,46,115,"South Dakota","Spink County",5,71,71,32,39
050,46,115,"South Dakota","Spink County",5,72,72,37,35
050,46,115,"South Dakota","Spink County",5,73,61,34,27
050,46,115,"South Dakota","Spink County",5,74,63,33,30
050,46,115,"South Dakota","Spink County",5,75,51,24,27
050,46,115,"South Dakota","Spink County",5,76,55,30,25
050,46,115,"South Dakota","Spink County",5,77,37,18,19
050,46,115,"South Dakota","Spink County",5,78,45,21,24
050,46,115,"South Dakota","Spink County",5,79,45,19,26
050,46,115,"South Dakota","Spink County",5,80,21,6,15
050,46,115,"South Dakota","Spink County",5,81,37,17,20
050,46,115,"South Dakota","Spink County",5,82,36,11,25
050,46,115,"South Dakota","Spink County",5,83,42,20,22
050,46,115,"South Dakota","Spink County",5,84,34,11,23
050,46,115,"South Dakota","Spink County",5,85,273,76,197
050,46,117,"South Dakota","Stanley County",1,0,35,18,17
050,46,117,"South Dakota","Stanley County",1,1,35,17,18
050,46,117,"South Dakota","Stanley County",1,2,43,15,28
050,46,117,"South Dakota","Stanley County",1,3,42,23,19
050,46,117,"South Dakota","Stanley County",1,4,47,25,22
050,46,117,"South Dakota","Stanley County",1,5,35,14,21
050,46,117,"South Dakota","Stanley County",1,6,39,18,21
050,46,117,"South Dakota","Stanley County",1,7,39,17,22
050,46,117,"South Dakota","Stanley County",1,8,42,20,22
050,46,117,"South Dakota","Stanley County",1,9,41,24,17
050,46,117,"South Dakota","Stanley County",1,10,43,24,19
050,46,117,"South Dakota","Stanley County",1,11,29,16,13
050,46,117,"South Dakota","Stanley County",1,12,34,17,17
050,46,117,"South Dakota","Stanley County",1,13,48,24,24
050,46,117,"South Dakota","Stanley County",1,14,44,23,21
050,46,117,"South Dakota","Stanley County",1,15,43,18,25
050,46,117,"South Dakota","Stanley County",1,16,45,21,24
050,46,117,"South Dakota","Stanley County",1,17,43,26,17
050,46,117,"South Dakota","Stanley County",1,18,35,22,13
050,46,117,"South Dakota","Stanley County",1,19,28,16,12
050,46,117,"South Dakota","Stanley County",1,20,25,16,9
050,46,117,"South Dakota","Stanley County",1,21,25,12,13
050,46,117,"South Dakota","Stanley County",1,22,23,9,14
050,46,117,"South Dakota","Stanley County",1,23,27,14,13
050,46,117,"South Dakota","Stanley County",1,24,24,15,9
050,46,117,"South Dakota","Stanley County",1,25,28,15,13
050,46,117,"South Dakota","Stanley County",1,26,25,17,8
050,46,117,"South Dakota","Stanley County",1,27,37,14,23
050,46,117,"South Dakota","Stanley County",1,28,33,17,16
050,46,117,"South Dakota","Stanley County",1,29,31,16,15
050,46,117,"South Dakota","Stanley County",1,30,38,22,16
050,46,117,"South Dakota","Stanley County",1,31,29,14,15
050,46,117,"South Dakota","Stanley County",1,32,28,13,15
050,46,117,"South Dakota","Stanley County",1,33,22,8,14
050,46,117,"South Dakota","Stanley County",1,34,31,17,14
050,46,117,"South Dakota","Stanley County",1,35,34,19,15
050,46,117,"South Dakota","Stanley County",1,36,34,18,16
050,46,117,"South Dakota","Stanley County",1,37,34,17,17
050,46,117,"South Dakota","Stanley County",1,38,43,25,18
050,46,117,"South Dakota","Stanley County",1,39,44,28,16
050,46,117,"South Dakota","Stanley County",1,40,33,16,17
050,46,117,"South Dakota","Stanley County",1,41,34,13,21
050,46,117,"South Dakota","Stanley County",1,42,34,16,18
050,46,117,"South Dakota","Stanley County",1,43,38,23,15
050,46,117,"South Dakota","Stanley County",1,44,44,27,17
050,46,117,"South Dakota","Stanley County",1,45,36,22,14
050,46,117,"South Dakota","Stanley County",1,46,26,10,16
050,46,117,"South Dakota","Stanley County",1,47,27,12,15
050,46,117,"South Dakota","Stanley County",1,48,30,15,15
050,46,117,"South Dakota","Stanley County",1,49,35,15,20
050,46,117,"South Dakota","Stanley County",1,50,39,20,19
050,46,117,"South Dakota","Stanley County",1,51,41,22,19
050,46,117,"South Dakota","Stanley County",1,52,38,18,20
050,46,117,"South Dakota","Stanley County",1,53,32,16,16
050,46,117,"South Dakota","Stanley County",1,54,31,16,15
050,46,117,"South Dakota","Stanley County",1,55,37,19,18
050,46,117,"South Dakota","Stanley County",1,56,43,23,20
050,46,117,"South Dakota","Stanley County",1,57,37,17,20
050,46,117,"South Dakota","Stanley County",1,58,52,25,27
050,46,117,"South Dakota","Stanley County",1,59,46,21,25
050,46,117,"South Dakota","Stanley County",1,60,35,16,19
050,46,117,"South Dakota","Stanley County",1,61,31,16,15
050,46,117,"South Dakota","Stanley County",1,62,46,26,20
050,46,117,"South Dakota","Stanley County",1,63,42,17,25
050,46,117,"South Dakota","Stanley County",1,64,43,19,24
050,46,117,"South Dakota","Stanley County",1,65,41,18,23
050,46,117,"South Dakota","Stanley County",1,66,41,22,19
050,46,117,"South Dakota","Stanley County",1,67,36,22,14
050,46,117,"South Dakota","Stanley County",1,68,42,25,17
050,46,117,"South Dakota","Stanley County",1,69,40,21,19
050,46,117,"South Dakota","Stanley County",1,70,44,20,24
050,46,117,"South Dakota","Stanley County",1,71,35,17,18
050,46,117,"South Dakota","Stanley County",1,72,29,15,14
050,46,117,"South Dakota","Stanley County",1,73,34,14,20
050,46,117,"South Dakota","Stanley County",1,74,24,11,13
050,46,117,"South Dakota","Stanley County",1,75,28,10,18
050,46,117,"South Dakota","Stanley County",1,76,36,18,18
050,46,117,"South Dakota","Stanley County",1,77,34,15,19
050,46,117,"South Dakota","Stanley County",1,78,23,9,14
050,46,117,"South Dakota","Stanley County",1,79,24,11,13
050,46,117,"South Dakota","Stanley County",1,80,19,9,10
050,46,117,"South Dakota","Stanley County",1,81,15,9,6
050,46,117,"South Dakota","Stanley County",1,82,15,9,6
050,46,117,"South Dakota","Stanley County",1,83,11,6,5
050,46,117,"South Dakota","Stanley County",1,84,10,4,6
050,46,117,"South Dakota","Stanley County",1,85,65,32,33
050,46,117,"South Dakota","Stanley County",2,0,27,14,13
050,46,117,"South Dakota","Stanley County",2,1,36,18,18
050,46,117,"South Dakota","Stanley County",2,2,40,15,25
050,46,117,"South Dakota","Stanley County",2,3,43,21,22
050,46,117,"South Dakota","Stanley County",2,4,44,22,22
050,46,117,"South Dakota","Stanley County",2,5,38,17,21
050,46,117,"South Dakota","Stanley County",2,6,36,16,20
050,46,117,"South Dakota","Stanley County",2,7,38,17,21
050,46,117,"South Dakota","Stanley County",2,8,40,19,21
050,46,117,"South Dakota","Stanley County",2,9,43,24,19
050,46,117,"South Dakota","Stanley County",2,10,41,23,18
050,46,117,"South Dakota","Stanley County",2,11,32,17,15
050,46,117,"South Dakota","Stanley County",2,12,34,17,17
050,46,117,"South Dakota","Stanley County",2,13,44,22,22
050,46,117,"South Dakota","Stanley County",2,14,44,23,21
050,46,117,"South Dakota","Stanley County",2,15,44,19,25
050,46,117,"South Dakota","Stanley County",2,16,45,21,24
050,46,117,"South Dakota","Stanley County",2,17,43,25,18
050,46,117,"South Dakota","Stanley County",2,18,36,22,14
050,46,117,"South Dakota","Stanley County",2,19,28,16,12
050,46,117,"South Dakota","Stanley County",2,20,26,16,10
050,46,117,"South Dakota","Stanley County",2,21,24,13,11
050,46,117,"South Dakota","Stanley County",2,22,23,9,14
050,46,117,"South Dakota","Stanley County",2,23,28,14,14
050,46,117,"South Dakota","Stanley County",2,24,25,15,10
050,46,117,"South Dakota","Stanley County",2,25,26,15,11
050,46,117,"South Dakota","Stanley County",2,26,27,17,10
050,46,117,"South Dakota","Stanley County",2,27,33,14,19
050,46,117,"South Dakota","Stanley County",2,28,35,16,19
050,46,117,"South Dakota","Stanley County",2,29,32,17,15
050,46,117,"South Dakota","Stanley County",2,30,36,20,16
050,46,117,"South Dakota","Stanley County",2,31,31,16,15
050,46,117,"South Dakota","Stanley County",2,32,29,13,16
050,46,117,"South Dakota","Stanley County",2,33,22,8,14
050,46,117,"South Dakota","Stanley County",2,34,29,15,14
050,46,117,"South Dakota","Stanley County",2,35,32,18,14
050,46,117,"South Dakota","Stanley County",2,36,35,19,16
050,46,117,"South Dakota","Stanley County",2,37,35,18,17
050,46,117,"South Dakota","Stanley County",2,38,41,23,18
050,46,117,"South Dakota","Stanley County",2,39,43,27,16
050,46,117,"South Dakota","Stanley County",2,40,36,19,17
050,46,117,"South Dakota","Stanley County",2,41,34,14,20
050,46,117,"South Dakota","Stanley County",2,42,34,15,19
050,46,117,"South Dakota","Stanley County",2,43,38,22,16
050,46,117,"South Dakota","Stanley County",2,44,42,26,16
050,46,117,"South Dakota","Stanley County",2,45,38,24,14
050,46,117,"South Dakota","Stanley County",2,46,28,12,16
050,46,117,"South Dakota","Stanley County",2,47,27,12,15
050,46,117,"South Dakota","Stanley County",2,48,29,14,15
050,46,117,"South Dakota","Stanley County",2,49,33,15,18
050,46,117,"South Dakota","Stanley County",2,50,39,19,20
050,46,117,"South Dakota","Stanley County",2,51,40,21,19
050,46,117,"South Dakota","Stanley County",2,52,38,19,19
050,46,117,"South Dakota","Stanley County",2,53,34,17,17
050,46,117,"South Dakota","Stanley County",2,54,31,16,15
050,46,117,"South Dakota","Stanley County",2,55,35,18,17
050,46,117,"South Dakota","Stanley County",2,56,41,22,19
050,46,117,"South Dakota","Stanley County",2,57,40,19,21
050,46,117,"South Dakota","Stanley County",2,58,49,23,26
050,46,117,"South Dakota","Stanley County",2,59,47,21,26
050,46,117,"South Dakota","Stanley County",2,60,38,18,20
050,46,117,"South Dakota","Stanley County",2,61,31,15,16
050,46,117,"South Dakota","Stanley County",2,62,42,23,19
050,46,117,"South Dakota","Stanley County",2,63,43,19,24
050,46,117,"South Dakota","Stanley County",2,64,42,18,24
050,46,117,"South Dakota","Stanley County",2,65,43,19,24
050,46,117,"South Dakota","Stanley County",2,66,41,21,20
050,46,117,"South Dakota","Stanley County",2,67,37,22,15
050,46,117,"South Dakota","Stanley County",2,68,40,23,17
050,46,117,"South Dakota","Stanley County",2,69,40,21,19
050,46,117,"South Dakota","Stanley County",2,70,43,21,22
050,46,117,"South Dakota","Stanley County",2,71,37,18,19
050,46,117,"South Dakota","Stanley County",2,72,31,16,15
050,46,117,"South Dakota","Stanley County",2,73,34,15,19
050,46,117,"South Dakota","Stanley County",2,74,26,12,14
050,46,117,"South Dakota","Stanley County",2,75,27,10,17
050,46,117,"South Dakota","Stanley County",2,76,33,15,18
050,46,117,"South Dakota","Stanley County",2,77,35,16,19
050,46,117,"South Dakota","Stanley County",2,78,24,9,15
050,46,117,"South Dakota","Stanley County",2,79,23,10,13
050,46,117,"South Dakota","Stanley County",2,80,20,9,11
050,46,117,"South Dakota","Stanley County",2,81,16,9,7
050,46,117,"South Dakota","Stanley County",2,82,15,9,6
050,46,117,"South Dakota","Stanley County",2,83,11,6,5
050,46,117,"South Dakota","Stanley County",2,84,10,4,6
050,46,117,"South Dakota","Stanley County",2,85,68,33,35
050,46,117,"South Dakota","Stanley County",3,0,30,14,16
050,46,117,"South Dakota","Stanley County",3,1,22,9,13
050,46,117,"South Dakota","Stanley County",3,2,34,17,17
050,46,117,"South Dakota","Stanley County",3,3,40,17,23
050,46,117,"South Dakota","Stanley County",3,4,47,20,27
050,46,117,"South Dakota","Stanley County",3,5,44,24,20
050,46,117,"South Dakota","Stanley County",3,6,39,19,20
050,46,117,"South Dakota","Stanley County",3,7,40,18,22
050,46,117,"South Dakota","Stanley County",3,8,43,18,25
050,46,117,"South Dakota","Stanley County",3,9,43,18,25
050,46,117,"South Dakota","Stanley County",3,10,47,26,21
050,46,117,"South Dakota","Stanley County",3,11,44,24,20
050,46,117,"South Dakota","Stanley County",3,12,28,17,11
050,46,117,"South Dakota","Stanley County",3,13,35,18,17
050,46,117,"South Dakota","Stanley County",3,14,43,21,22
050,46,117,"South Dakota","Stanley County",3,15,45,23,22
050,46,117,"South Dakota","Stanley County",3,16,46,20,26
050,46,117,"South Dakota","Stanley County",3,17,51,29,22
050,46,117,"South Dakota","Stanley County",3,18,34,19,15
050,46,117,"South Dakota","Stanley County",3,19,34,20,14
050,46,117,"South Dakota","Stanley County",3,20,25,14,11
050,46,117,"South Dakota","Stanley County",3,21,31,20,11
050,46,117,"South Dakota","Stanley County",3,22,26,15,11
050,46,117,"South Dakota","Stanley County",3,23,26,10,16
050,46,117,"South Dakota","Stanley County",3,24,31,12,19
050,46,117,"South Dakota","Stanley County",3,25,23,12,11
050,46,117,"South Dakota","Stanley County",3,26,28,15,13
050,46,117,"South Dakota","Stanley County",3,27,36,27,9
050,46,117,"South Dakota","Stanley County",3,28,42,19,23
050,46,117,"South Dakota","Stanley County",3,29,34,15,19
050,46,117,"South Dakota","Stanley County",3,30,36,18,18
050,46,117,"South Dakota","Stanley County",3,31,39,24,15
050,46,117,"South Dakota","Stanley County",3,32,36,21,15
050,46,117,"South Dakota","Stanley County",3,33,27,12,15
050,46,117,"South Dakota","Stanley County",3,34,25,9,16
050,46,117,"South Dakota","Stanley County",3,35,26,12,14
050,46,117,"South Dakota","Stanley County",3,36,40,20,20
050,46,117,"South Dakota","Stanley County",3,37,35,19,16
050,46,117,"South Dakota","Stanley County",3,38,36,18,18
050,46,117,"South Dakota","Stanley County",3,39,39,20,19
050,46,117,"South Dakota","Stanley County",3,40,42,26,16
050,46,117,"South Dakota","Stanley County",3,41,38,20,18
050,46,117,"South Dakota","Stanley County",3,42,33,14,19
050,46,117,"South Dakota","Stanley County",3,43,32,15,17
050,46,117,"South Dakota","Stanley County",3,44,39,22,17
050,46,117,"South Dakota","Stanley County",3,45,41,26,15
050,46,117,"South Dakota","Stanley County",3,46,37,22,15
050,46,117,"South Dakota","Stanley County",3,47,30,13,17
050,46,117,"South Dakota","Stanley County",3,48,28,14,14
050,46,117,"South Dakota","Stanley County",3,49,29,16,13
050,46,117,"South Dakota","Stanley County",3,50,30,13,17
050,46,117,"South Dakota","Stanley County",3,51,40,19,21
050,46,117,"South Dakota","Stanley County",3,52,36,20,16
050,46,117,"South Dakota","Stanley County",3,53,36,17,19
050,46,117,"South Dakota","Stanley County",3,54,32,15,17
050,46,117,"South Dakota","Stanley County",3,55,33,18,15
050,46,117,"South Dakota","Stanley County",3,56,37,19,18
050,46,117,"South Dakota","Stanley County",3,57,41,22,19
050,46,117,"South Dakota","Stanley County",3,58,41,19,22
050,46,117,"South Dakota","Stanley County",3,59,50,23,27
050,46,117,"South Dakota","Stanley County",3,60,47,23,24
050,46,117,"South Dakota","Stanley County",3,61,40,18,22
050,46,117,"South Dakota","Stanley County",3,62,31,15,16
050,46,117,"South Dakota","Stanley County",3,63,41,24,17
050,46,117,"South Dakota","Stanley County",3,64,43,21,22
050,46,117,"South Dakota","Stanley County",3,65,38,16,22
050,46,117,"South Dakota","Stanley County",3,66,43,17,26
050,46,117,"South Dakota","Stanley County",3,67,39,19,20
050,46,117,"South Dakota","Stanley County",3,68,36,22,14
050,46,117,"South Dakota","Stanley County",3,69,41,26,15
050,46,117,"South Dakota","Stanley County",3,70,42,21,21
050,46,117,"South Dakota","Stanley County",3,71,43,21,22
050,46,117,"South Dakota","Stanley County",3,72,38,19,19
050,46,117,"South Dakota","Stanley County",3,73,32,17,15
050,46,117,"South Dakota","Stanley County",3,74,33,15,18
050,46,117,"South Dakota","Stanley County",3,75,27,12,15
050,46,117,"South Dakota","Stanley County",3,76,21,10,11
050,46,117,"South Dakota","Stanley County",3,77,32,14,18
050,46,117,"South Dakota","Stanley County",3,78,33,15,18
050,46,117,"South Dakota","Stanley County",3,79,24,9,15
050,46,117,"South Dakota","Stanley County",3,80,23,10,13
050,46,117,"South Dakota","Stanley County",3,81,19,8,11
050,46,117,"South Dakota","Stanley County",3,82,14,8,6
050,46,117,"South Dakota","Stanley County",3,83,16,9,7
050,46,117,"South Dakota","Stanley County",3,84,10,6,4
050,46,117,"South Dakota","Stanley County",3,85,74,35,39
050,46,117,"South Dakota","Stanley County",4,0,30,16,14
050,46,117,"South Dakota","Stanley County",4,1,34,16,18
050,46,117,"South Dakota","Stanley County",4,2,25,13,12
050,46,117,"South Dakota","Stanley County",4,3,31,15,16
050,46,117,"South Dakota","Stanley County",4,4,36,15,21
050,46,117,"South Dakota","Stanley County",4,5,40,20,20
050,46,117,"South Dakota","Stanley County",4,6,44,24,20
050,46,117,"South Dakota","Stanley County",4,7,37,20,17
050,46,117,"South Dakota","Stanley County",4,8,40,20,20
050,46,117,"South Dakota","Stanley County",4,9,42,17,25
050,46,117,"South Dakota","Stanley County",4,10,43,18,25
050,46,117,"South Dakota","Stanley County",4,11,42,25,17
050,46,117,"South Dakota","Stanley County",4,12,45,26,19
050,46,117,"South Dakota","Stanley County",4,13,27,15,12
050,46,117,"South Dakota","Stanley County",4,14,36,19,17
050,46,117,"South Dakota","Stanley County",4,15,43,19,24
050,46,117,"South Dakota","Stanley County",4,16,49,25,24
050,46,117,"South Dakota","Stanley County",4,17,48,18,30
050,46,117,"South Dakota","Stanley County",4,18,39,25,14
050,46,117,"South Dakota","Stanley County",4,19,24,14,10
050,46,117,"South Dakota","Stanley County",4,20,31,19,12
050,46,117,"South Dakota","Stanley County",4,21,24,13,11
050,46,117,"South Dakota","Stanley County",4,22,32,19,13
050,46,117,"South Dakota","Stanley County",4,23,28,18,10
050,46,117,"South Dakota","Stanley County",4,24,29,12,17
050,46,117,"South Dakota","Stanley County",4,25,37,17,20
050,46,117,"South Dakota","Stanley County",4,26,28,14,14
050,46,117,"South Dakota","Stanley County",4,27,27,14,13
050,46,117,"South Dakota","Stanley County",4,28,29,24,5
050,46,117,"South Dakota","Stanley County",4,29,39,19,20
050,46,117,"South Dakota","Stanley County",4,30,31,14,17
050,46,117,"South Dakota","Stanley County",4,31,34,17,17
050,46,117,"South Dakota","Stanley County",4,32,36,24,12
050,46,117,"South Dakota","Stanley County",4,33,37,21,16
050,46,117,"South Dakota","Stanley County",4,34,28,12,16
050,46,117,"South Dakota","Stanley County",4,35,31,13,18
050,46,117,"South Dakota","Stanley County",4,36,30,16,14
050,46,117,"South Dakota","Stanley County",4,37,38,19,19
050,46,117,"South Dakota","Stanley County",4,38,38,18,20
050,46,117,"South Dakota","Stanley County",4,39,36,20,16
050,46,117,"South Dakota","Stanley County",4,40,40,22,18
050,46,117,"South Dakota","Stanley County",4,41,46,27,19
050,46,117,"South Dakota","Stanley County",4,42,36,20,16
050,46,117,"South Dakota","Stanley County",4,43,31,15,16
050,46,117,"South Dakota","Stanley County",4,44,38,18,20
050,46,117,"South Dakota","Stanley County",4,45,37,21,16
050,46,117,"South Dakota","Stanley County",4,46,38,23,15
050,46,117,"South Dakota","Stanley County",4,47,32,17,15
050,46,117,"South Dakota","Stanley County",4,48,27,11,16
050,46,117,"South Dakota","Stanley County",4,49,28,14,14
050,46,117,"South Dakota","Stanley County",4,50,31,17,14
050,46,117,"South Dakota","Stanley County",4,51,34,17,17
050,46,117,"South Dakota","Stanley County",4,52,40,19,21
050,46,117,"South Dakota","Stanley County",4,53,37,21,16
050,46,117,"South Dakota","Stanley County",4,54,36,18,18
050,46,117,"South Dakota","Stanley County",4,55,31,13,18
050,46,117,"South Dakota","Stanley County",4,56,30,17,13
050,46,117,"South Dakota","Stanley County",4,57,44,22,22
050,46,117,"South Dakota","Stanley County",4,58,41,20,21
050,46,117,"South Dakota","Stanley County",4,59,42,19,23
050,46,117,"South Dakota","Stanley County",4,60,50,22,28
050,46,117,"South Dakota","Stanley County",4,61,48,23,25
050,46,117,"South Dakota","Stanley County",4,62,43,21,22
050,46,117,"South Dakota","Stanley County",4,63,31,16,15
050,46,117,"South Dakota","Stanley County",4,64,40,21,19
050,46,117,"South Dakota","Stanley County",4,65,42,21,21
050,46,117,"South Dakota","Stanley County",4,66,39,18,21
050,46,117,"South Dakota","Stanley County",4,67,44,18,26
050,46,117,"South Dakota","Stanley County",4,68,37,17,20
050,46,117,"South Dakota","Stanley County",4,69,38,23,15
050,46,117,"South Dakota","Stanley County",4,70,40,26,14
050,46,117,"South Dakota","Stanley County",4,71,40,20,20
050,46,117,"South Dakota","Stanley County",4,72,42,20,22
050,46,117,"South Dakota","Stanley County",4,73,36,18,18
050,46,117,"South Dakota","Stanley County",4,74,33,17,16
050,46,117,"South Dakota","Stanley County",4,75,32,15,17
050,46,117,"South Dakota","Stanley County",4,76,25,13,12
050,46,117,"South Dakota","Stanley County",4,77,17,8,9
050,46,117,"South Dakota","Stanley County",4,78,33,13,20
050,46,117,"South Dakota","Stanley County",4,79,31,13,18
050,46,117,"South Dakota","Stanley County",4,80,19,6,13
050,46,117,"South Dakota","Stanley County",4,81,22,10,12
050,46,117,"South Dakota","Stanley County",4,82,17,7,10
050,46,117,"South Dakota","Stanley County",4,83,12,6,6
050,46,117,"South Dakota","Stanley County",4,84,16,10,6
050,46,117,"South Dakota","Stanley County",4,85,73,34,39
050,46,117,"South Dakota","Stanley County",5,0,28,15,13
050,46,117,"South Dakota","Stanley County",5,1,31,13,18
050,46,117,"South Dakota","Stanley County",5,2,37,16,21
050,46,117,"South Dakota","Stanley County",5,3,32,14,18
050,46,117,"South Dakota","Stanley County",5,4,30,14,16
050,46,117,"South Dakota","Stanley County",5,5,34,14,20
050,46,117,"South Dakota","Stanley County",5,6,42,20,22
050,46,117,"South Dakota","Stanley County",5,7,43,24,19
050,46,117,"South Dakota","Stanley County",5,8,36,16,20
050,46,117,"South Dakota","Stanley County",5,9,43,22,21
050,46,117,"South Dakota","Stanley County",5,10,38,15,23
050,46,117,"South Dakota","Stanley County",5,11,42,18,24
050,46,117,"South Dakota","Stanley County",5,12,42,23,19
050,46,117,"South Dakota","Stanley County",5,13,45,27,18
050,46,117,"South Dakota","Stanley County",5,14,31,20,11
050,46,117,"South Dakota","Stanley County",5,15,34,18,16
050,46,117,"South Dakota","Stanley County",5,16,45,21,24
050,46,117,"South Dakota","Stanley County",5,17,49,25,24
050,46,117,"South Dakota","Stanley County",5,18,37,16,21
050,46,117,"South Dakota","Stanley County",5,19,30,20,10
050,46,117,"South Dakota","Stanley County",5,20,26,14,12
050,46,117,"South Dakota","Stanley County",5,21,28,17,11
050,46,117,"South Dakota","Stanley County",5,22,20,13,7
050,46,117,"South Dakota","Stanley County",5,23,32,18,14
050,46,117,"South Dakota","Stanley County",5,24,29,21,8
050,46,117,"South Dakota","Stanley County",5,25,26,13,13
050,46,117,"South Dakota","Stanley County",5,26,33,14,19
050,46,117,"South Dakota","Stanley County",5,27,31,15,16
050,46,117,"South Dakota","Stanley County",5,28,29,15,14
050,46,117,"South Dakota","Stanley County",5,29,30,24,6
050,46,117,"South Dakota","Stanley County",5,30,41,19,22
050,46,117,"South Dakota","Stanley County",5,31,36,19,17
050,46,117,"South Dakota","Stanley County",5,32,40,22,18
050,46,117,"South Dakota","Stanley County",5,33,34,22,12
050,46,117,"South Dakota","Stanley County",5,34,44,21,23
050,46,117,"South Dakota","Stanley County",5,35,31,13,18
050,46,117,"South Dakota","Stanley County",5,36,30,12,18
050,46,117,"South Dakota","Stanley County",5,37,30,17,13
050,46,117,"South Dakota","Stanley County",5,38,39,19,20
050,46,117,"South Dakota","Stanley County",5,39,39,19,20
050,46,117,"South Dakota","Stanley County",5,40,36,20,16
050,46,117,"South Dakota","Stanley County",5,41,39,22,17
050,46,117,"South Dakota","Stanley County",5,42,46,27,19
050,46,117,"South Dakota","Stanley County",5,43,38,21,17
050,46,117,"South Dakota","Stanley County",5,44,32,15,17
050,46,117,"South Dakota","Stanley County",5,45,36,17,19
050,46,117,"South Dakota","Stanley County",5,46,42,24,18
050,46,117,"South Dakota","Stanley County",5,47,36,21,15
050,46,117,"South Dakota","Stanley County",5,48,33,18,15
050,46,117,"South Dakota","Stanley County",5,49,27,11,16
050,46,117,"South Dakota","Stanley County",5,50,31,17,14
050,46,117,"South Dakota","Stanley County",5,51,29,17,12
050,46,117,"South Dakota","Stanley County",5,52,32,16,16
050,46,117,"South Dakota","Stanley County",5,53,40,19,21
050,46,117,"South Dakota","Stanley County",5,54,38,21,17
050,46,117,"South Dakota","Stanley County",5,55,37,18,19
050,46,117,"South Dakota","Stanley County",5,56,31,13,18
050,46,117,"South Dakota","Stanley County",5,57,31,18,13
050,46,117,"South Dakota","Stanley County",5,58,42,19,23
050,46,117,"South Dakota","Stanley County",5,59,45,21,24
050,46,117,"South Dakota","Stanley County",5,60,42,19,23
050,46,117,"South Dakota","Stanley County",5,61,52,23,29
050,46,117,"South Dakota","Stanley County",5,62,46,21,25
050,46,117,"South Dakota","Stanley County",5,63,46,24,22
050,46,117,"South Dakota","Stanley County",5,64,35,16,19
050,46,117,"South Dakota","Stanley County",5,65,37,20,17
050,46,117,"South Dakota","Stanley County",5,66,41,21,20
050,46,117,"South Dakota","Stanley County",5,67,44,18,26
050,46,117,"South Dakota","Stanley County",5,68,45,19,26
050,46,117,"South Dakota","Stanley County",5,69,39,18,21
050,46,117,"South Dakota","Stanley County",5,70,38,23,15
050,46,117,"South Dakota","Stanley County",5,71,42,27,15
050,46,117,"South Dakota","Stanley County",5,72,40,20,20
050,46,117,"South Dakota","Stanley County",5,73,39,18,21
050,46,117,"South Dakota","Stanley County",5,74,34,17,17
050,46,117,"South Dakota","Stanley County",5,75,32,17,15
050,46,117,"South Dakota","Stanley County",5,76,30,14,16
050,46,117,"South Dakota","Stanley County",5,77,25,13,12
050,46,117,"South Dakota","Stanley County",5,78,14,7,7
050,46,117,"South Dakota","Stanley County",5,79,34,13,21
050,46,117,"South Dakota","Stanley County",5,80,26,11,15
050,46,117,"South Dakota","Stanley County",5,81,18,6,12
050,46,117,"South Dakota","Stanley County",5,82,20,9,11
050,46,117,"South Dakota","Stanley County",5,83,16,6,10
050,46,117,"South Dakota","Stanley County",5,84,13,6,7
050,46,117,"South Dakota","Stanley County",5,85,77,37,40
050,46,119,"South Dakota","Sully County",1,0,17,8,9
050,46,119,"South Dakota","Sully County",1,1,24,13,11
050,46,119,"South Dakota","Sully County",1,2,16,10,6
050,46,119,"South Dakota","Sully County",1,3,16,5,11
050,46,119,"South Dakota","Sully County",1,4,15,6,9
050,46,119,"South Dakota","Sully County",1,5,13,6,7
050,46,119,"South Dakota","Sully County",1,6,17,6,11
050,46,119,"South Dakota","Sully County",1,7,20,8,12
050,46,119,"South Dakota","Sully County",1,8,18,9,9
050,46,119,"South Dakota","Sully County",1,9,17,12,5
050,46,119,"South Dakota","Sully County",1,10,13,9,4
050,46,119,"South Dakota","Sully County",1,11,13,9,4
050,46,119,"South Dakota","Sully County",1,12,20,10,10
050,46,119,"South Dakota","Sully County",1,13,21,10,11
050,46,119,"South Dakota","Sully County",1,14,22,10,12
050,46,119,"South Dakota","Sully County",1,15,17,9,8
050,46,119,"South Dakota","Sully County",1,16,23,13,10
050,46,119,"South Dakota","Sully County",1,17,21,13,8
050,46,119,"South Dakota","Sully County",1,18,17,6,11
050,46,119,"South Dakota","Sully County",1,19,6,2,4
050,46,119,"South Dakota","Sully County",1,20,13,7,6
050,46,119,"South Dakota","Sully County",1,21,11,6,5
050,46,119,"South Dakota","Sully County",1,22,11,6,5
050,46,119,"South Dakota","Sully County",1,23,15,9,6
050,46,119,"South Dakota","Sully County",1,24,11,4,7
050,46,119,"South Dakota","Sully County",1,25,11,4,7
050,46,119,"South Dakota","Sully County",1,26,9,6,3
050,46,119,"South Dakota","Sully County",1,27,12,8,4
050,46,119,"South Dakota","Sully County",1,28,12,8,4
050,46,119,"South Dakota","Sully County",1,29,12,6,6
050,46,119,"South Dakota","Sully County",1,30,12,7,5
050,46,119,"South Dakota","Sully County",1,31,13,6,7
050,46,119,"South Dakota","Sully County",1,32,14,6,8
050,46,119,"South Dakota","Sully County",1,33,14,8,6
050,46,119,"South Dakota","Sully County",1,34,13,9,4
050,46,119,"South Dakota","Sully County",1,35,14,8,6
050,46,119,"South Dakota","Sully County",1,36,17,10,7
050,46,119,"South Dakota","Sully County",1,37,12,5,7
050,46,119,"South Dakota","Sully County",1,38,15,5,10
050,46,119,"South Dakota","Sully County",1,39,18,11,7
050,46,119,"South Dakota","Sully County",1,40,19,10,9
050,46,119,"South Dakota","Sully County",1,41,15,7,8
050,46,119,"South Dakota","Sully County",1,42,17,11,6
050,46,119,"South Dakota","Sully County",1,43,15,10,5
050,46,119,"South Dakota","Sully County",1,44,11,4,7
050,46,119,"South Dakota","Sully County",1,45,11,4,7
050,46,119,"South Dakota","Sully County",1,46,18,10,8
050,46,119,"South Dakota","Sully County",1,47,9,5,4
050,46,119,"South Dakota","Sully County",1,48,15,8,7
050,46,119,"South Dakota","Sully County",1,49,15,8,7
050,46,119,"South Dakota","Sully County",1,50,9,3,6
050,46,119,"South Dakota","Sully County",1,51,21,11,10
050,46,119,"South Dakota","Sully County",1,52,17,10,7
050,46,119,"South Dakota","Sully County",1,53,18,8,10
050,46,119,"South Dakota","Sully County",1,54,21,10,11
050,46,119,"South Dakota","Sully County",1,55,21,12,9
050,46,119,"South Dakota","Sully County",1,56,26,15,11
050,46,119,"South Dakota","Sully County",1,57,24,12,12
050,46,119,"South Dakota","Sully County",1,58,26,14,12
050,46,119,"South Dakota","Sully County",1,59,22,12,10
050,46,119,"South Dakota","Sully County",1,60,23,12,11
050,46,119,"South Dakota","Sully County",1,61,27,16,11
050,46,119,"South Dakota","Sully County",1,62,30,15,15
050,46,119,"South Dakota","Sully County",1,63,30,17,13
050,46,119,"South Dakota","Sully County",1,64,25,13,12
050,46,119,"South Dakota","Sully County",1,65,22,13,9
050,46,119,"South Dakota","Sully County",1,66,23,12,11
050,46,119,"South Dakota","Sully County",1,67,24,16,8
050,46,119,"South Dakota","Sully County",1,68,25,17,8
050,46,119,"South Dakota","Sully County",1,69,30,22,8
050,46,119,"South Dakota","Sully County",1,70,23,13,10
050,46,119,"South Dakota","Sully County",1,71,20,10,10
050,46,119,"South Dakota","Sully County",1,72,17,9,8
050,46,119,"South Dakota","Sully County",1,73,16,9,7
050,46,119,"South Dakota","Sully County",1,74,10,5,5
050,46,119,"South Dakota","Sully County",1,75,12,6,6
050,46,119,"South Dakota","Sully County",1,76,16,10,6
050,46,119,"South Dakota","Sully County",1,77,14,8,6
050,46,119,"South Dakota","Sully County",1,78,9,5,4
050,46,119,"South Dakota","Sully County",1,79,11,4,7
050,46,119,"South Dakota","Sully County",1,80,6,4,2
050,46,119,"South Dakota","Sully County",1,81,9,4,5
050,46,119,"South Dakota","Sully County",1,82,9,5,4
050,46,119,"South Dakota","Sully County",1,83,5,2,3
050,46,119,"South Dakota","Sully County",1,84,5,3,2
050,46,119,"South Dakota","Sully County",1,85,50,16,34
050,46,119,"South Dakota","Sully County",2,0,18,10,8
050,46,119,"South Dakota","Sully County",2,1,23,12,11
050,46,119,"South Dakota","Sully County",2,2,18,11,7
050,46,119,"South Dakota","Sully County",2,3,16,6,10
050,46,119,"South Dakota","Sully County",2,4,15,6,9
050,46,119,"South Dakota","Sully County",2,5,14,6,8
050,46,119,"South Dakota","Sully County",2,6,17,6,11
050,46,119,"South Dakota","Sully County",2,7,20,8,12
050,46,119,"South Dakota","Sully County",2,8,19,9,10
050,46,119,"South Dakota","Sully County",2,9,17,11,6
050,46,119,"South Dakota","Sully County",2,10,13,9,4
050,46,119,"South Dakota","Sully County",2,11,12,8,4
050,46,119,"South Dakota","Sully County",2,12,18,9,9
050,46,119,"South Dakota","Sully County",2,13,22,10,12
050,46,119,"South Dakota","Sully County",2,14,21,10,11
050,46,119,"South Dakota","Sully County",2,15,19,10,9
050,46,119,"South Dakota","Sully County",2,16,22,12,10
050,46,119,"South Dakota","Sully County",2,17,21,13,8
050,46,119,"South Dakota","Sully County",2,18,17,7,10
050,46,119,"South Dakota","Sully County",2,19,9,3,6
050,46,119,"South Dakota","Sully County",2,20,12,6,6
050,46,119,"South Dakota","Sully County",2,21,11,6,5
050,46,119,"South Dakota","Sully County",2,22,11,6,5
050,46,119,"South Dakota","Sully County",2,23,15,9,6
050,46,119,"South Dakota","Sully County",2,24,12,5,7
050,46,119,"South Dakota","Sully County",2,25,11,4,7
050,46,119,"South Dakota","Sully County",2,26,10,6,4
050,46,119,"South Dakota","Sully County",2,27,13,9,4
050,46,119,"South Dakota","Sully County",2,28,12,8,4
050,46,119,"South Dakota","Sully County",2,29,12,6,6
050,46,119,"South Dakota","Sully County",2,30,12,7,5
050,46,119,"South Dakota","Sully County",2,31,12,6,6
050,46,119,"South Dakota","Sully County",2,32,15,7,8
050,46,119,"South Dakota","Sully County",2,33,13,7,6
050,46,119,"South Dakota","Sully County",2,34,14,9,5
050,46,119,"South Dakota","Sully County",2,35,14,9,5
050,46,119,"South Dakota","Sully County",2,36,16,9,7
050,46,119,"South Dakota","Sully County",2,37,14,7,7
050,46,119,"South Dakota","Sully County",2,38,15,5,10
050,46,119,"South Dakota","Sully County",2,39,18,10,8
050,46,119,"South Dakota","Sully County",2,40,18,10,8
050,46,119,"South Dakota","Sully County",2,41,16,7,9
050,46,119,"South Dakota","Sully County",2,42,17,10,7
050,46,119,"South Dakota","Sully County",2,43,15,10,5
050,46,119,"South Dakota","Sully County",2,44,12,5,7
050,46,119,"South Dakota","Sully County",2,45,11,4,7
050,46,119,"South Dakota","Sully County",2,46,16,8,8
050,46,119,"South Dakota","Sully County",2,47,11,6,5
050,46,119,"South Dakota","Sully County",2,48,14,7,7
050,46,119,"South Dakota","Sully County",2,49,15,8,7
050,46,119,"South Dakota","Sully County",2,50,10,4,6
050,46,119,"South Dakota","Sully County",2,51,19,10,9
050,46,119,"South Dakota","Sully County",2,52,17,10,7
050,46,119,"South Dakota","Sully County",2,53,19,9,10
050,46,119,"South Dakota","Sully County",2,54,20,9,11
050,46,119,"South Dakota","Sully County",2,55,20,11,9
050,46,119,"South Dakota","Sully County",2,56,24,14,10
050,46,119,"South Dakota","Sully County",2,57,25,13,12
050,46,119,"South Dakota","Sully County",2,58,25,13,12
050,46,119,"South Dakota","Sully County",2,59,22,12,10
050,46,119,"South Dakota","Sully County",2,60,23,12,11
050,46,119,"South Dakota","Sully County",2,61,26,15,11
050,46,119,"South Dakota","Sully County",2,62,29,15,14
050,46,119,"South Dakota","Sully County",2,63,30,17,13
050,46,119,"South Dakota","Sully County",2,64,26,14,12
050,46,119,"South Dakota","Sully County",2,65,23,13,10
050,46,119,"South Dakota","Sully County",2,66,23,12,11
050,46,119,"South Dakota","Sully County",2,67,23,15,8
050,46,119,"South Dakota","Sully County",2,68,25,17,8
050,46,119,"South Dakota","Sully County",2,69,28,20,8
050,46,119,"South Dakota","Sully County",2,70,24,15,9
050,46,119,"South Dakota","Sully County",2,71,21,11,10
050,46,119,"South Dakota","Sully County",2,72,17,9,8
050,46,119,"South Dakota","Sully County",2,73,16,8,8
050,46,119,"South Dakota","Sully County",2,74,11,6,5
050,46,119,"South Dakota","Sully County",2,75,12,6,6
050,46,119,"South Dakota","Sully County",2,76,15,9,6
050,46,119,"South Dakota","Sully County",2,77,14,9,5
050,46,119,"South Dakota","Sully County",2,78,10,6,4
050,46,119,"South Dakota","Sully County",2,79,10,4,6
050,46,119,"South Dakota","Sully County",2,80,7,4,3
050,46,119,"South Dakota","Sully County",2,81,8,4,4
050,46,119,"South Dakota","Sully County",2,82,9,5,4
050,46,119,"South Dakota","Sully County",2,83,6,3,3
050,46,119,"South Dakota","Sully County",2,84,5,3,2
050,46,119,"South Dakota","Sully County",2,85,51,16,35
050,46,119,"South Dakota","Sully County",3,0,19,8,11
050,46,119,"South Dakota","Sully County",3,1,16,6,10
050,46,119,"South Dakota","Sully County",3,2,23,11,12
050,46,119,"South Dakota","Sully County",3,3,20,13,7
050,46,119,"South Dakota","Sully County",3,4,14,5,9
050,46,119,"South Dakota","Sully County",3,5,14,7,7
050,46,119,"South Dakota","Sully County",3,6,12,6,6
050,46,119,"South Dakota","Sully County",3,7,21,10,11
050,46,119,"South Dakota","Sully County",3,8,18,8,10
050,46,119,"South Dakota","Sully County",3,9,19,9,10
050,46,119,"South Dakota","Sully County",3,10,20,14,6
050,46,119,"South Dakota","Sully County",3,11,14,10,4
050,46,119,"South Dakota","Sully County",3,12,15,8,7
050,46,119,"South Dakota","Sully County",3,13,18,9,9
050,46,119,"South Dakota","Sully County",3,14,21,10,11
050,46,119,"South Dakota","Sully County",3,15,18,10,8
050,46,119,"South Dakota","Sully County",3,16,16,7,9
050,46,119,"South Dakota","Sully County",3,17,22,12,10
050,46,119,"South Dakota","Sully County",3,18,17,11,6
050,46,119,"South Dakota","Sully County",3,19,12,5,7
050,46,119,"South Dakota","Sully County",3,20,10,4,6
050,46,119,"South Dakota","Sully County",3,21,13,5,8
050,46,119,"South Dakota","Sully County",3,22,13,8,5
050,46,119,"South Dakota","Sully County",3,23,13,8,5
050,46,119,"South Dakota","Sully County",3,24,15,8,7
050,46,119,"South Dakota","Sully County",3,25,13,6,7
050,46,119,"South Dakota","Sully County",3,26,13,6,7
050,46,119,"South Dakota","Sully County",3,27,13,7,6
050,46,119,"South Dakota","Sully County",3,28,14,9,5
050,46,119,"South Dakota","Sully County",3,29,15,9,6
050,46,119,"South Dakota","Sully County",3,30,12,6,6
050,46,119,"South Dakota","Sully County",3,31,14,7,7
050,46,119,"South Dakota","Sully County",3,32,11,6,5
050,46,119,"South Dakota","Sully County",3,33,15,7,8
050,46,119,"South Dakota","Sully County",3,34,12,7,5
050,46,119,"South Dakota","Sully County",3,35,15,10,5
050,46,119,"South Dakota","Sully County",3,36,13,9,4
050,46,119,"South Dakota","Sully County",3,37,15,9,6
050,46,119,"South Dakota","Sully County",3,38,13,7,6
050,46,119,"South Dakota","Sully County",3,39,16,6,10
050,46,119,"South Dakota","Sully County",3,40,18,9,9
050,46,119,"South Dakota","Sully County",3,41,16,8,8
050,46,119,"South Dakota","Sully County",3,42,15,7,8
050,46,119,"South Dakota","Sully County",3,43,17,10,7
050,46,119,"South Dakota","Sully County",3,44,15,10,5
050,46,119,"South Dakota","Sully County",3,45,12,5,7
050,46,119,"South Dakota","Sully County",3,46,14,7,7
050,46,119,"South Dakota","Sully County",3,47,15,7,8
050,46,119,"South Dakota","Sully County",3,48,13,8,5
050,46,119,"South Dakota","Sully County",3,49,13,7,6
050,46,119,"South Dakota","Sully County",3,50,16,8,8
050,46,119,"South Dakota","Sully County",3,51,10,4,6
050,46,119,"South Dakota","Sully County",3,52,20,10,10
050,46,119,"South Dakota","Sully County",3,53,18,10,8
050,46,119,"South Dakota","Sully County",3,54,19,9,10
050,46,119,"South Dakota","Sully County",3,55,19,9,10
050,46,119,"South Dakota","Sully County",3,56,19,10,9
050,46,119,"South Dakota","Sully County",3,57,25,14,11
050,46,119,"South Dakota","Sully County",3,58,24,13,11
050,46,119,"South Dakota","Sully County",3,59,25,14,11
050,46,119,"South Dakota","Sully County",3,60,24,13,11
050,46,119,"South Dakota","Sully County",3,61,26,12,14
050,46,119,"South Dakota","Sully County",3,62,26,15,11
050,46,119,"South Dakota","Sully County",3,63,28,15,13
050,46,119,"South Dakota","Sully County",3,64,29,16,13
050,46,119,"South Dakota","Sully County",3,65,26,14,12
050,46,119,"South Dakota","Sully County",3,66,27,15,12
050,46,119,"South Dakota","Sully County",3,67,24,13,11
050,46,119,"South Dakota","Sully County",3,68,24,16,8
050,46,119,"South Dakota","Sully County",3,69,25,18,7
050,46,119,"South Dakota","Sully County",3,70,26,19,7
050,46,119,"South Dakota","Sully County",3,71,22,13,9
050,46,119,"South Dakota","Sully County",3,72,21,11,10
050,46,119,"South Dakota","Sully County",3,73,17,8,9
050,46,119,"South Dakota","Sully County",3,74,16,8,8
050,46,119,"South Dakota","Sully County",3,75,11,6,5
050,46,119,"South Dakota","Sully County",3,76,12,6,6
050,46,119,"South Dakota","Sully County",3,77,15,9,6
050,46,119,"South Dakota","Sully County",3,78,14,9,5
050,46,119,"South Dakota","Sully County",3,79,9,5,4
050,46,119,"South Dakota","Sully County",3,80,7,3,4
050,46,119,"South Dakota","Sully County",3,81,8,4,4
050,46,119,"South Dakota","Sully County",3,82,8,4,4
050,46,119,"South Dakota","Sully County",3,83,5,1,4
050,46,119,"South Dakota","Sully County",3,84,6,3,3
050,46,119,"South Dakota","Sully County",3,85,55,19,36
050,46,119,"South Dakota","Sully County",4,0,12,4,8
050,46,119,"South Dakota","Sully County",4,1,16,5,11
050,46,119,"South Dakota","Sully County",4,2,16,6,10
050,46,119,"South Dakota","Sully County",4,3,20,9,11
050,46,119,"South Dakota","Sully County",4,4,19,12,7
050,46,119,"South Dakota","Sully County",4,5,14,5,9
050,46,119,"South Dakota","Sully County",4,6,12,6,6
050,46,119,"South Dakota","Sully County",4,7,13,7,6
050,46,119,"South Dakota","Sully County",4,8,21,10,11
050,46,119,"South Dakota","Sully County",4,9,16,7,9
050,46,119,"South Dakota","Sully County",4,10,19,9,10
050,46,119,"South Dakota","Sully County",4,11,18,12,6
050,46,119,"South Dakota","Sully County",4,12,13,8,5
050,46,119,"South Dakota","Sully County",4,13,16,9,7
050,46,119,"South Dakota","Sully County",4,14,19,10,9
050,46,119,"South Dakota","Sully County",4,15,23,12,11
050,46,119,"South Dakota","Sully County",4,16,19,9,10
050,46,119,"South Dakota","Sully County",4,17,16,7,9
050,46,119,"South Dakota","Sully County",4,18,20,12,8
050,46,119,"South Dakota","Sully County",4,19,11,8,3
050,46,119,"South Dakota","Sully County",4,20,12,5,7
050,46,119,"South Dakota","Sully County",4,21,9,4,5
050,46,119,"South Dakota","Sully County",4,22,16,6,10
050,46,119,"South Dakota","Sully County",4,23,13,8,5
050,46,119,"South Dakota","Sully County",4,24,12,7,5
050,46,119,"South Dakota","Sully County",4,25,18,9,9
050,46,119,"South Dakota","Sully County",4,26,25,19,6
050,46,119,"South Dakota","Sully County",4,27,13,6,7
050,46,119,"South Dakota","Sully County",4,28,15,8,7
050,46,119,"South Dakota","Sully County",4,29,13,9,4
050,46,119,"South Dakota","Sully County",4,30,12,8,4
050,46,119,"South Dakota","Sully County",4,31,12,6,6
050,46,119,"South Dakota","Sully County",4,32,15,7,8
050,46,119,"South Dakota","Sully County",4,33,12,6,6
050,46,119,"South Dakota","Sully County",4,34,16,6,10
050,46,119,"South Dakota","Sully County",4,35,12,8,4
050,46,119,"South Dakota","Sully County",4,36,15,10,5
050,46,119,"South Dakota","Sully County",4,37,13,9,4
050,46,119,"South Dakota","Sully County",4,38,15,9,6
050,46,119,"South Dakota","Sully County",4,39,11,5,6
050,46,119,"South Dakota","Sully County",4,40,15,6,9
050,46,119,"South Dakota","Sully County",4,41,17,8,9
050,46,119,"South Dakota","Sully County",4,42,18,10,8
050,46,119,"South Dakota","Sully County",4,43,15,7,8
050,46,119,"South Dakota","Sully County",4,44,17,10,7
050,46,119,"South Dakota","Sully County",4,45,16,10,6
050,46,119,"South Dakota","Sully County",4,46,13,6,7
050,46,119,"South Dakota","Sully County",4,47,15,7,8
050,46,119,"South Dakota","Sully County",4,48,15,7,8
050,46,119,"South Dakota","Sully County",4,49,14,9,5
050,46,119,"South Dakota","Sully County",4,50,14,7,7
050,46,119,"South Dakota","Sully County",4,51,16,8,8
050,46,119,"South Dakota","Sully County",4,52,10,4,6
050,46,119,"South Dakota","Sully County",4,53,23,10,13
050,46,119,"South Dakota","Sully County",4,54,19,10,9
050,46,119,"South Dakota","Sully County",4,55,18,9,9
050,46,119,"South Dakota","Sully County",4,56,20,9,11
050,46,119,"South Dakota","Sully County",4,57,19,10,9
050,46,119,"South Dakota","Sully County",4,58,24,14,10
050,46,119,"South Dakota","Sully County",4,59,24,13,11
050,46,119,"South Dakota","Sully County",4,60,27,15,12
050,46,119,"South Dakota","Sully County",4,61,24,13,11
050,46,119,"South Dakota","Sully County",4,62,26,12,14
050,46,119,"South Dakota","Sully County",4,63,24,13,11
050,46,119,"South Dakota","Sully County",4,64,26,14,12
050,46,119,"South Dakota","Sully County",4,65,29,16,13
050,46,119,"South Dakota","Sully County",4,66,31,17,14
050,46,119,"South Dakota","Sully County",4,67,27,15,12
050,46,119,"South Dakota","Sully County",4,68,25,13,12
050,46,119,"South Dakota","Sully County",4,69,26,18,8
050,46,119,"South Dakota","Sully County",4,70,25,18,7
050,46,119,"South Dakota","Sully County",4,71,25,17,8
050,46,119,"South Dakota","Sully County",4,72,25,15,10
050,46,119,"South Dakota","Sully County",4,73,21,11,10
050,46,119,"South Dakota","Sully County",4,74,17,8,9
050,46,119,"South Dakota","Sully County",4,75,16,7,9
050,46,119,"South Dakota","Sully County",4,76,12,6,6
050,46,119,"South Dakota","Sully County",4,77,12,6,6
050,46,119,"South Dakota","Sully County",4,78,15,10,5
050,46,119,"South Dakota","Sully County",4,79,13,8,5
050,46,119,"South Dakota","Sully County",4,80,7,4,3
050,46,119,"South Dakota","Sully County",4,81,7,3,4
050,46,119,"South Dakota","Sully County",4,82,8,4,4
050,46,119,"South Dakota","Sully County",4,83,6,3,3
050,46,119,"South Dakota","Sully County",4,84,5,1,4
050,46,119,"South Dakota","Sully County",4,85,49,19,30
050,46,119,"South Dakota","Sully County",5,0,12,5,7
050,46,119,"South Dakota","Sully County",5,1,4,3,1
050,46,119,"South Dakota","Sully County",5,2,16,5,11
050,46,119,"South Dakota","Sully County",5,3,17,7,10
050,46,119,"South Dakota","Sully County",5,4,23,8,15
050,46,119,"South Dakota","Sully County",5,5,16,10,6
050,46,119,"South Dakota","Sully County",5,6,14,6,8
050,46,119,"South Dakota","Sully County",5,7,11,5,6
050,46,119,"South Dakota","Sully County",5,8,13,6,7
050,46,119,"South Dakota","Sully County",5,9,21,10,11
050,46,119,"South Dakota","Sully County",5,10,19,10,9
050,46,119,"South Dakota","Sully County",5,11,21,10,11
050,46,119,"South Dakota","Sully County",5,12,21,15,6
050,46,119,"South Dakota","Sully County",5,13,15,9,6
050,46,119,"South Dakota","Sully County",5,14,15,8,7
050,46,119,"South Dakota","Sully County",5,15,19,11,8
050,46,119,"South Dakota","Sully County",5,16,23,12,11
050,46,119,"South Dakota","Sully County",5,17,19,7,12
050,46,119,"South Dakota","Sully County",5,18,13,6,7
050,46,119,"South Dakota","Sully County",5,19,18,11,7
050,46,119,"South Dakota","Sully County",5,20,10,6,4
050,46,119,"South Dakota","Sully County",5,21,14,6,8
050,46,119,"South Dakota","Sully County",5,22,8,4,4
050,46,119,"South Dakota","Sully County",5,23,19,9,10
050,46,119,"South Dakota","Sully County",5,24,11,8,3
050,46,119,"South Dakota","Sully County",5,25,11,7,4
050,46,119,"South Dakota","Sully County",5,26,27,18,9
050,46,119,"South Dakota","Sully County",5,27,25,20,5
050,46,119,"South Dakota","Sully County",5,28,16,9,7
050,46,119,"South Dakota","Sully County",5,29,19,11,8
050,46,119,"South Dakota","Sully County",5,30,12,9,3
050,46,119,"South Dakota","Sully County",5,31,11,7,4
050,46,119,"South Dakota","Sully County",5,32,12,6,6
050,46,119,"South Dakota","Sully County",5,33,15,6,9
050,46,119,"South Dakota","Sully County",5,34,12,6,6
050,46,119,"South Dakota","Sully County",5,35,17,6,11
050,46,119,"South Dakota","Sully County",5,36,16,8,8
050,46,119,"South Dakota","Sully County",5,37,11,6,5
050,46,119,"South Dakota","Sully County",5,38,13,10,3
050,46,119,"South Dakota","Sully County",5,39,17,11,6
050,46,119,"South Dakota","Sully County",5,40,11,6,5
050,46,119,"South Dakota","Sully County",5,41,14,6,8
050,46,119,"South Dakota","Sully County",5,42,17,8,9
050,46,119,"South Dakota","Sully County",5,43,17,10,7
050,46,119,"South Dakota","Sully County",5,44,17,8,9
050,46,119,"South Dakota","Sully County",5,45,17,10,7
050,46,119,"South Dakota","Sully County",5,46,17,10,7
050,46,119,"South Dakota","Sully County",5,47,13,6,7
050,46,119,"South Dakota","Sully County",5,48,15,7,8
050,46,119,"South Dakota","Sully County",5,49,16,8,8
050,46,119,"South Dakota","Sully County",5,50,14,9,5
050,46,119,"South Dakota","Sully County",5,51,13,7,6
050,46,119,"South Dakota","Sully County",5,52,16,8,8
050,46,119,"South Dakota","Sully County",5,53,11,5,6
050,46,119,"South Dakota","Sully County",5,54,22,10,12
050,46,119,"South Dakota","Sully County",5,55,19,10,9
050,46,119,"South Dakota","Sully County",5,56,17,8,9
050,46,119,"South Dakota","Sully County",5,57,18,7,11
050,46,119,"South Dakota","Sully County",5,58,20,11,9
050,46,119,"South Dakota","Sully County",5,59,23,14,9
050,46,119,"South Dakota","Sully County",5,60,26,14,12
050,46,119,"South Dakota","Sully County",5,61,26,14,12
050,46,119,"South Dakota","Sully County",5,62,22,11,11
050,46,119,"South Dakota","Sully County",5,63,26,12,14
050,46,119,"South Dakota","Sully County",5,64,22,13,9
050,46,119,"South Dakota","Sully County",5,65,27,14,13
050,46,119,"South Dakota","Sully County",5,66,29,16,13
050,46,119,"South Dakota","Sully County",5,67,31,18,13
050,46,119,"South Dakota","Sully County",5,68,25,14,11
050,46,119,"South Dakota","Sully County",5,69,27,13,14
050,46,119,"South Dakota","Sully County",5,70,28,19,9
050,46,119,"South Dakota","Sully County",5,71,24,17,7
050,46,119,"South Dakota","Sully County",5,72,25,17,8
050,46,119,"South Dakota","Sully County",5,73,24,15,9
050,46,119,"South Dakota","Sully County",5,74,22,11,11
050,46,119,"South Dakota","Sully County",5,75,16,7,9
050,46,119,"South Dakota","Sully County",5,76,16,7,9
050,46,119,"South Dakota","Sully County",5,77,12,6,6
050,46,119,"South Dakota","Sully County",5,78,12,6,6
050,46,119,"South Dakota","Sully County",5,79,14,9,5
050,46,119,"South Dakota","Sully County",5,80,11,7,4
050,46,119,"South Dakota","Sully County",5,81,7,4,3
050,46,119,"South Dakota","Sully County",5,82,6,3,3
050,46,119,"South Dakota","Sully County",5,83,8,4,4
050,46,119,"South Dakota","Sully County",5,84,6,3,3
050,46,119,"South Dakota","Sully County",5,85,49,19,30
050,46,121,"South Dakota","Todd County",1,0,218,108,110
050,46,121,"South Dakota","Todd County",1,1,210,99,111
050,46,121,"South Dakota","Todd County",1,2,192,95,97
050,46,121,"South Dakota","Todd County",1,3,221,105,116
050,46,121,"South Dakota","Todd County",1,4,237,124,113
050,46,121,"South Dakota","Todd County",1,5,243,127,116
050,46,121,"South Dakota","Todd County",1,6,249,136,113
050,46,121,"South Dakota","Todd County",1,7,223,124,99
050,46,121,"South Dakota","Todd County",1,8,223,122,101
050,46,121,"South Dakota","Todd County",1,9,233,116,117
050,46,121,"South Dakota","Todd County",1,10,214,114,100
050,46,121,"South Dakota","Todd County",1,11,217,105,112
050,46,121,"South Dakota","Todd County",1,12,224,99,125
050,46,121,"South Dakota","Todd County",1,13,226,102,124
050,46,121,"South Dakota","Todd County",1,14,197,92,105
050,46,121,"South Dakota","Todd County",1,15,191,95,96
050,46,121,"South Dakota","Todd County",1,16,197,95,102
050,46,121,"South Dakota","Todd County",1,17,190,97,93
050,46,121,"South Dakota","Todd County",1,18,181,104,77
050,46,121,"South Dakota","Todd County",1,19,141,68,73
050,46,121,"South Dakota","Todd County",1,20,128,65,63
050,46,121,"South Dakota","Todd County",1,21,140,75,65
050,46,121,"South Dakota","Todd County",1,22,113,63,50
050,46,121,"South Dakota","Todd County",1,23,126,68,58
050,46,121,"South Dakota","Todd County",1,24,130,60,70
050,46,121,"South Dakota","Todd County",1,25,125,58,67
050,46,121,"South Dakota","Todd County",1,26,123,53,70
050,46,121,"South Dakota","Todd County",1,27,119,49,70
050,46,121,"South Dakota","Todd County",1,28,139,76,63
050,46,121,"South Dakota","Todd County",1,29,129,67,62
050,46,121,"South Dakota","Todd County",1,30,130,70,60
050,46,121,"South Dakota","Todd County",1,31,110,51,59
050,46,121,"South Dakota","Todd County",1,32,116,54,62
050,46,121,"South Dakota","Todd County",1,33,88,35,53
050,46,121,"South Dakota","Todd County",1,34,107,53,54
050,46,121,"South Dakota","Todd County",1,35,118,56,62
050,46,121,"South Dakota","Todd County",1,36,129,58,71
050,46,121,"South Dakota","Todd County",1,37,112,56,56
050,46,121,"South Dakota","Todd County",1,38,106,53,53
050,46,121,"South Dakota","Todd County",1,39,105,52,53
050,46,121,"South Dakota","Todd County",1,40,92,44,48
050,46,121,"South Dakota","Todd County",1,41,76,39,37
050,46,121,"South Dakota","Todd County",1,42,85,35,50
050,46,121,"South Dakota","Todd County",1,43,103,52,51
050,46,121,"South Dakota","Todd County",1,44,76,36,40
050,46,121,"South Dakota","Todd County",1,45,90,41,49
050,46,121,"South Dakota","Todd County",1,46,87,39,48
050,46,121,"South Dakota","Todd County",1,47,77,34,43
050,46,121,"South Dakota","Todd County",1,48,74,33,41
050,46,121,"South Dakota","Todd County",1,49,84,35,49
050,46,121,"South Dakota","Todd County",1,50,71,37,34
050,46,121,"South Dakota","Todd County",1,51,77,36,41
050,46,121,"South Dakota","Todd County",1,52,82,38,44
050,46,121,"South Dakota","Todd County",1,53,77,38,39
050,46,121,"South Dakota","Todd County",1,54,79,32,47
050,46,121,"South Dakota","Todd County",1,55,83,39,44
050,46,121,"South Dakota","Todd County",1,56,95,43,52
050,46,121,"South Dakota","Todd County",1,57,85,45,40
050,46,121,"South Dakota","Todd County",1,58,79,41,38
050,46,121,"South Dakota","Todd County",1,59,77,39,38
050,46,121,"South Dakota","Todd County",1,60,68,35,33
050,46,121,"South Dakota","Todd County",1,61,77,37,40
050,46,121,"South Dakota","Todd County",1,62,82,38,44
050,46,121,"South Dakota","Todd County",1,63,72,35,37
050,46,121,"South Dakota","Todd County",1,64,73,37,36
050,46,121,"South Dakota","Todd County",1,65,73,35,38
050,46,121,"South Dakota","Todd County",1,66,64,26,38
050,46,121,"South Dakota","Todd County",1,67,53,21,32
050,46,121,"South Dakota","Todd County",1,68,46,17,29
050,46,121,"South Dakota","Todd County",1,69,38,14,24
050,46,121,"South Dakota","Todd County",1,70,53,20,33
050,46,121,"South Dakota","Todd County",1,71,45,20,25
050,46,121,"South Dakota","Todd County",1,72,39,16,23
050,46,121,"South Dakota","Todd County",1,73,36,17,19
050,46,121,"South Dakota","Todd County",1,74,22,12,10
050,46,121,"South Dakota","Todd County",1,75,20,10,10
050,46,121,"South Dakota","Todd County",1,76,24,13,11
050,46,121,"South Dakota","Todd County",1,77,24,12,12
050,46,121,"South Dakota","Todd County",1,78,12,7,5
050,46,121,"South Dakota","Todd County",1,79,13,6,7
050,46,121,"South Dakota","Todd County",1,80,12,7,5
050,46,121,"South Dakota","Todd County",1,81,10,5,5
050,46,121,"South Dakota","Todd County",1,82,14,4,10
050,46,121,"South Dakota","Todd County",1,83,10,4,6
050,46,121,"South Dakota","Todd County",1,84,9,4,5
050,46,121,"South Dakota","Todd County",1,85,66,25,41
050,46,121,"South Dakota","Todd County",2,0,211,109,102
050,46,121,"South Dakota","Todd County",2,1,210,100,110
050,46,121,"South Dakota","Todd County",2,2,194,95,99
050,46,121,"South Dakota","Todd County",2,3,214,105,109
050,46,121,"South Dakota","Todd County",2,4,234,120,114
050,46,121,"South Dakota","Todd County",2,5,241,127,114
050,46,121,"South Dakota","Todd County",2,6,248,134,114
050,46,121,"South Dakota","Todd County",2,7,228,126,102
050,46,121,"South Dakota","Todd County",2,8,222,121,101
050,46,121,"South Dakota","Todd County",2,9,230,119,111
050,46,121,"South Dakota","Todd County",2,10,217,113,104
050,46,121,"South Dakota","Todd County",2,11,215,107,108
050,46,121,"South Dakota","Todd County",2,12,225,102,123
050,46,121,"South Dakota","Todd County",2,13,224,102,122
050,46,121,"South Dakota","Todd County",2,14,204,93,111
050,46,121,"South Dakota","Todd County",2,15,195,94,101
050,46,121,"South Dakota","Todd County",2,16,197,95,102
050,46,121,"South Dakota","Todd County",2,17,189,96,93
050,46,121,"South Dakota","Todd County",2,18,181,101,80
050,46,121,"South Dakota","Todd County",2,19,143,72,71
050,46,121,"South Dakota","Todd County",2,20,131,65,66
050,46,121,"South Dakota","Todd County",2,21,137,73,64
050,46,121,"South Dakota","Todd County",2,22,123,67,56
050,46,121,"South Dakota","Todd County",2,23,123,67,56
050,46,121,"South Dakota","Todd County",2,24,129,62,67
050,46,121,"South Dakota","Todd County",2,25,127,58,69
050,46,121,"South Dakota","Todd County",2,26,123,55,68
050,46,121,"South Dakota","Todd County",2,27,118,50,68
050,46,121,"South Dakota","Todd County",2,28,133,69,64
050,46,121,"South Dakota","Todd County",2,29,130,67,63
050,46,121,"South Dakota","Todd County",2,30,129,69,60
050,46,121,"South Dakota","Todd County",2,31,111,54,57
050,46,121,"South Dakota","Todd County",2,32,112,53,59
050,46,121,"South Dakota","Todd County",2,33,92,38,54
050,46,121,"South Dakota","Todd County",2,34,102,49,53
050,46,121,"South Dakota","Todd County",2,35,117,56,61
050,46,121,"South Dakota","Todd County",2,36,124,57,67
050,46,121,"South Dakota","Todd County",2,37,115,55,60
050,46,121,"South Dakota","Todd County",2,38,109,55,54
050,46,121,"South Dakota","Todd County",2,39,103,50,53
050,46,121,"South Dakota","Todd County",2,40,96,47,49
050,46,121,"South Dakota","Todd County",2,41,80,41,39
050,46,121,"South Dakota","Todd County",2,42,82,36,46
050,46,121,"South Dakota","Todd County",2,43,100,49,51
050,46,121,"South Dakota","Todd County",2,44,81,39,42
050,46,121,"South Dakota","Todd County",2,45,88,40,48
050,46,121,"South Dakota","Todd County",2,46,87,39,48
050,46,121,"South Dakota","Todd County",2,47,80,36,44
050,46,121,"South Dakota","Todd County",2,48,74,32,42
050,46,121,"South Dakota","Todd County",2,49,81,35,46
050,46,121,"South Dakota","Todd County",2,50,74,36,38
050,46,121,"South Dakota","Todd County",2,51,75,37,38
050,46,121,"South Dakota","Todd County",2,52,81,38,43
050,46,121,"South Dakota","Todd County",2,53,78,37,41
050,46,121,"South Dakota","Todd County",2,54,78,33,45
050,46,121,"South Dakota","Todd County",2,55,82,37,45
050,46,121,"South Dakota","Todd County",2,56,91,40,51
050,46,121,"South Dakota","Todd County",2,57,89,46,43
050,46,121,"South Dakota","Todd County",2,58,78,41,37
050,46,121,"South Dakota","Todd County",2,59,78,40,38
050,46,121,"South Dakota","Todd County",2,60,72,37,35
050,46,121,"South Dakota","Todd County",2,61,76,36,40
050,46,121,"South Dakota","Todd County",2,62,80,38,42
050,46,121,"South Dakota","Todd County",2,63,76,37,39
050,46,121,"South Dakota","Todd County",2,64,73,37,36
050,46,121,"South Dakota","Todd County",2,65,72,35,37
050,46,121,"South Dakota","Todd County",2,66,66,28,38
050,46,121,"South Dakota","Todd County",2,67,56,22,34
050,46,121,"South Dakota","Todd County",2,68,46,17,29
050,46,121,"South Dakota","Todd County",2,69,39,14,25
050,46,121,"South Dakota","Todd County",2,70,50,19,31
050,46,121,"South Dakota","Todd County",2,71,47,20,27
050,46,121,"South Dakota","Todd County",2,72,37,14,23
050,46,121,"South Dakota","Todd County",2,73,38,18,20
050,46,121,"South Dakota","Todd County",2,74,23,12,11
050,46,121,"South Dakota","Todd County",2,75,19,9,10
050,46,121,"South Dakota","Todd County",2,76,22,12,10
050,46,121,"South Dakota","Todd County",2,77,24,12,12
050,46,121,"South Dakota","Todd County",2,78,13,7,6
050,46,121,"South Dakota","Todd County",2,79,11,6,5
050,46,121,"South Dakota","Todd County",2,80,12,7,5
050,46,121,"South Dakota","Todd County",2,81,10,5,5
050,46,121,"South Dakota","Todd County",2,82,14,4,10
050,46,121,"South Dakota","Todd County",2,83,11,4,7
050,46,121,"South Dakota","Todd County",2,84,9,4,5
050,46,121,"South Dakota","Todd County",2,85,64,23,41
050,46,121,"South Dakota","Todd County",3,0,204,103,101
050,46,121,"South Dakota","Todd County",3,1,207,105,102
050,46,121,"South Dakota","Todd County",3,2,208,102,106
050,46,121,"South Dakota","Todd County",3,3,192,90,102
050,46,121,"South Dakota","Todd County",3,4,205,100,105
050,46,121,"South Dakota","Todd County",3,5,224,109,115
050,46,121,"South Dakota","Todd County",3,6,235,120,115
050,46,121,"South Dakota","Todd County",3,7,248,135,113
050,46,121,"South Dakota","Todd County",3,8,233,126,107
050,46,121,"South Dakota","Todd County",3,9,219,119,100
050,46,121,"South Dakota","Todd County",3,10,232,121,111
050,46,121,"South Dakota","Todd County",3,11,211,109,102
050,46,121,"South Dakota","Todd County",3,12,222,113,109
050,46,121,"South Dakota","Todd County",3,13,218,100,118
050,46,121,"South Dakota","Todd County",3,14,227,101,126
050,46,121,"South Dakota","Todd County",3,15,204,94,110
050,46,121,"South Dakota","Todd County",3,16,194,89,105
050,46,121,"South Dakota","Todd County",3,17,199,96,103
050,46,121,"South Dakota","Todd County",3,18,188,101,87
050,46,121,"South Dakota","Todd County",3,19,144,76,68
050,46,121,"South Dakota","Todd County",3,20,134,66,68
050,46,121,"South Dakota","Todd County",3,21,129,62,67
050,46,121,"South Dakota","Todd County",3,22,120,66,54
050,46,121,"South Dakota","Todd County",3,23,124,62,62
050,46,121,"South Dakota","Todd County",3,24,117,63,54
050,46,121,"South Dakota","Todd County",3,25,125,66,59
050,46,121,"South Dakota","Todd County",3,26,132,63,69
050,46,121,"South Dakota","Todd County",3,27,119,53,66
050,46,121,"South Dakota","Todd County",3,28,113,47,66
050,46,121,"South Dakota","Todd County",3,29,139,68,71
050,46,121,"South Dakota","Todd County",3,30,123,60,63
050,46,121,"South Dakota","Todd County",3,31,127,68,59
050,46,121,"South Dakota","Todd County",3,32,111,57,54
050,46,121,"South Dakota","Todd County",3,33,103,47,56
050,46,121,"South Dakota","Todd County",3,34,93,42,51
050,46,121,"South Dakota","Todd County",3,35,108,53,55
050,46,121,"South Dakota","Todd County",3,36,113,55,58
050,46,121,"South Dakota","Todd County",3,37,122,57,65
050,46,121,"South Dakota","Todd County",3,38,119,59,60
050,46,121,"South Dakota","Todd County",3,39,108,56,52
050,46,121,"South Dakota","Todd County",3,40,109,53,56
050,46,121,"South Dakota","Todd County",3,41,92,44,48
050,46,121,"South Dakota","Todd County",3,42,75,40,35
050,46,121,"South Dakota","Todd County",3,43,76,32,44
050,46,121,"South Dakota","Todd County",3,44,102,51,51
050,46,121,"South Dakota","Todd County",3,45,78,40,38
050,46,121,"South Dakota","Todd County",3,46,79,32,47
050,46,121,"South Dakota","Todd County",3,47,86,43,43
050,46,121,"South Dakota","Todd County",3,48,83,39,44
050,46,121,"South Dakota","Todd County",3,49,68,25,43
050,46,121,"South Dakota","Todd County",3,50,81,36,45
050,46,121,"South Dakota","Todd County",3,51,78,39,39
050,46,121,"South Dakota","Todd County",3,52,69,34,35
050,46,121,"South Dakota","Todd County",3,53,81,38,43
050,46,121,"South Dakota","Todd County",3,54,77,35,42
050,46,121,"South Dakota","Todd County",3,55,73,31,42
050,46,121,"South Dakota","Todd County",3,56,82,39,43
050,46,121,"South Dakota","Todd County",3,57,89,40,49
050,46,121,"South Dakota","Todd County",3,58,84,42,42
050,46,121,"South Dakota","Todd County",3,59,77,40,37
050,46,121,"South Dakota","Todd County",3,60,75,38,37
050,46,121,"South Dakota","Todd County",3,61,67,32,35
050,46,121,"South Dakota","Todd County",3,62,77,35,42
050,46,121,"South Dakota","Todd County",3,63,72,37,35
050,46,121,"South Dakota","Todd County",3,64,74,36,38
050,46,121,"South Dakota","Todd County",3,65,68,32,36
050,46,121,"South Dakota","Todd County",3,66,63,30,33
050,46,121,"South Dakota","Todd County",3,67,68,30,38
050,46,121,"South Dakota","Todd County",3,68,55,23,32
050,46,121,"South Dakota","Todd County",3,69,45,18,27
050,46,121,"South Dakota","Todd County",3,70,34,11,23
050,46,121,"South Dakota","Todd County",3,71,45,15,30
050,46,121,"South Dakota","Todd County",3,72,47,20,27
050,46,121,"South Dakota","Todd County",3,73,34,11,23
050,46,121,"South Dakota","Todd County",3,74,35,16,19
050,46,121,"South Dakota","Todd County",3,75,22,11,11
050,46,121,"South Dakota","Todd County",3,76,17,7,10
050,46,121,"South Dakota","Todd County",3,77,22,11,11
050,46,121,"South Dakota","Todd County",3,78,23,12,11
050,46,121,"South Dakota","Todd County",3,79,12,6,6
050,46,121,"South Dakota","Todd County",3,80,10,5,5
050,46,121,"South Dakota","Todd County",3,81,9,6,3
050,46,121,"South Dakota","Todd County",3,82,10,5,5
050,46,121,"South Dakota","Todd County",3,83,10,4,6
050,46,121,"South Dakota","Todd County",3,84,11,4,7
050,46,121,"South Dakota","Todd County",3,85,64,25,39
050,46,121,"South Dakota","Todd County",4,0,197,103,94
050,46,121,"South Dakota","Todd County",4,1,201,105,96
050,46,121,"South Dakota","Todd County",4,2,206,110,96
050,46,121,"South Dakota","Todd County",4,3,201,100,101
050,46,121,"South Dakota","Todd County",4,4,189,89,100
050,46,121,"South Dakota","Todd County",4,5,209,101,108
050,46,121,"South Dakota","Todd County",4,6,208,107,101
050,46,121,"South Dakota","Todd County",4,7,229,114,115
050,46,121,"South Dakota","Todd County",4,8,247,131,116
050,46,121,"South Dakota","Todd County",4,9,229,126,103
050,46,121,"South Dakota","Todd County",4,10,224,125,99
050,46,121,"South Dakota","Todd County",4,11,222,119,103
050,46,121,"South Dakota","Todd County",4,12,207,112,95
050,46,121,"South Dakota","Todd County",4,13,214,108,106
050,46,121,"South Dakota","Todd County",4,14,212,92,120
050,46,121,"South Dakota","Todd County",4,15,223,99,124
050,46,121,"South Dakota","Todd County",4,16,201,93,108
050,46,121,"South Dakota","Todd County",4,17,187,83,104
050,46,121,"South Dakota","Todd County",4,18,193,99,94
050,46,121,"South Dakota","Todd County",4,19,141,74,67
050,46,121,"South Dakota","Todd County",4,20,145,79,66
050,46,121,"South Dakota","Todd County",4,21,146,78,68
050,46,121,"South Dakota","Todd County",4,22,113,50,63
050,46,121,"South Dakota","Todd County",4,23,120,63,57
050,46,121,"South Dakota","Todd County",4,24,124,62,62
050,46,121,"South Dakota","Todd County",4,25,118,62,56
050,46,121,"South Dakota","Todd County",4,26,121,67,54
050,46,121,"South Dakota","Todd County",4,27,126,57,69
050,46,121,"South Dakota","Todd County",4,28,126,64,62
050,46,121,"South Dakota","Todd County",4,29,100,38,62
050,46,121,"South Dakota","Todd County",4,30,126,64,62
050,46,121,"South Dakota","Todd County",4,31,121,57,64
050,46,121,"South Dakota","Todd County",4,32,132,72,60
050,46,121,"South Dakota","Todd County",4,33,108,53,55
050,46,121,"South Dakota","Todd County",4,34,101,48,53
050,46,121,"South Dakota","Todd County",4,35,97,42,55
050,46,121,"South Dakota","Todd County",4,36,100,49,51
050,46,121,"South Dakota","Todd County",4,37,110,47,63
050,46,121,"South Dakota","Todd County",4,38,137,57,80
050,46,121,"South Dakota","Todd County",4,39,119,57,62
050,46,121,"South Dakota","Todd County",4,40,103,53,50
050,46,121,"South Dakota","Todd County",4,41,106,52,54
050,46,121,"South Dakota","Todd County",4,42,91,46,45
050,46,121,"South Dakota","Todd County",4,43,76,41,35
050,46,121,"South Dakota","Todd County",4,44,79,33,46
050,46,121,"South Dakota","Todd County",4,45,104,50,54
050,46,121,"South Dakota","Todd County",4,46,69,34,35
050,46,121,"South Dakota","Todd County",4,47,73,31,42
050,46,121,"South Dakota","Todd County",4,48,82,45,37
050,46,121,"South Dakota","Todd County",4,49,80,38,42
050,46,121,"South Dakota","Todd County",4,50,71,27,44
050,46,121,"South Dakota","Todd County",4,51,86,39,47
050,46,121,"South Dakota","Todd County",4,52,76,39,37
050,46,121,"South Dakota","Todd County",4,53,69,33,36
050,46,121,"South Dakota","Todd County",4,54,77,34,43
050,46,121,"South Dakota","Todd County",4,55,71,31,40
050,46,121,"South Dakota","Todd County",4,56,69,29,40
050,46,121,"South Dakota","Todd County",4,57,80,37,43
050,46,121,"South Dakota","Todd County",4,58,89,40,49
050,46,121,"South Dakota","Todd County",4,59,79,38,41
050,46,121,"South Dakota","Todd County",4,60,73,37,36
050,46,121,"South Dakota","Todd County",4,61,69,36,33
050,46,121,"South Dakota","Todd County",4,62,64,30,34
050,46,121,"South Dakota","Todd County",4,63,72,35,37
050,46,121,"South Dakota","Todd County",4,64,66,35,31
050,46,121,"South Dakota","Todd County",4,65,70,34,36
050,46,121,"South Dakota","Todd County",4,66,65,30,35
050,46,121,"South Dakota","Todd County",4,67,60,30,30
050,46,121,"South Dakota","Todd County",4,68,66,29,37
050,46,121,"South Dakota","Todd County",4,69,52,23,29
050,46,121,"South Dakota","Todd County",4,70,45,16,29
050,46,121,"South Dakota","Todd County",4,71,34,12,22
050,46,121,"South Dakota","Todd County",4,72,41,13,28
050,46,121,"South Dakota","Todd County",4,73,44,18,26
050,46,121,"South Dakota","Todd County",4,74,31,11,20
050,46,121,"South Dakota","Todd County",4,75,33,15,18
050,46,121,"South Dakota","Todd County",4,76,20,10,10
050,46,121,"South Dakota","Todd County",4,77,15,5,10
050,46,121,"South Dakota","Todd County",4,78,21,10,11
050,46,121,"South Dakota","Todd County",4,79,19,9,10
050,46,121,"South Dakota","Todd County",4,80,12,6,6
050,46,121,"South Dakota","Todd County",4,81,10,5,5
050,46,121,"South Dakota","Todd County",4,82,8,5,3
050,46,121,"South Dakota","Todd County",4,83,7,4,3
050,46,121,"South Dakota","Todd County",4,84,10,4,6
050,46,121,"South Dakota","Todd County",4,85,66,26,40
050,46,121,"South Dakota","Todd County",5,0,193,100,93
050,46,121,"South Dakota","Todd County",5,1,189,104,85
050,46,121,"South Dakota","Todd County",5,2,204,105,99
050,46,121,"South Dakota","Todd County",5,3,198,108,90
050,46,121,"South Dakota","Todd County",5,4,204,100,104
050,46,121,"South Dakota","Todd County",5,5,191,91,100
050,46,121,"South Dakota","Todd County",5,6,200,95,105
050,46,121,"South Dakota","Todd County",5,7,207,107,100
050,46,121,"South Dakota","Todd County",5,8,229,118,111
050,46,121,"South Dakota","Todd County",5,9,242,130,112
050,46,121,"South Dakota","Todd County",5,10,228,120,108
050,46,121,"South Dakota","Todd County",5,11,222,122,100
050,46,121,"South Dakota","Todd County",5,12,226,119,107
050,46,121,"South Dakota","Todd County",5,13,204,111,93
050,46,121,"South Dakota","Todd County",5,14,209,104,105
050,46,121,"South Dakota","Todd County",5,15,214,93,121
050,46,121,"South Dakota","Todd County",5,16,226,101,125
050,46,121,"South Dakota","Todd County",5,17,202,92,110
050,46,121,"South Dakota","Todd County",5,18,182,87,95
050,46,121,"South Dakota","Todd County",5,19,158,76,82
050,46,121,"South Dakota","Todd County",5,20,145,76,69
050,46,121,"South Dakota","Todd County",5,21,146,84,62
050,46,121,"South Dakota","Todd County",5,22,134,63,71
050,46,121,"South Dakota","Todd County",5,23,109,45,64
050,46,121,"South Dakota","Todd County",5,24,119,65,54
050,46,121,"South Dakota","Todd County",5,25,113,58,55
050,46,121,"South Dakota","Todd County",5,26,122,70,52
050,46,121,"South Dakota","Todd County",5,27,115,61,54
050,46,121,"South Dakota","Todd County",5,28,126,58,68
050,46,121,"South Dakota","Todd County",5,29,110,50,60
050,46,121,"South Dakota","Todd County",5,30,102,43,59
050,46,121,"South Dakota","Todd County",5,31,123,61,62
050,46,121,"South Dakota","Todd County",5,32,123,61,62
050,46,121,"South Dakota","Todd County",5,33,129,68,61
050,46,121,"South Dakota","Todd County",5,34,104,51,53
050,46,121,"South Dakota","Todd County",5,35,113,54,59
050,46,121,"South Dakota","Todd County",5,36,89,41,48
050,46,121,"South Dakota","Todd County",5,37,96,45,51
050,46,121,"South Dakota","Todd County",5,38,119,48,71
050,46,121,"South Dakota","Todd County",5,39,133,56,77
050,46,121,"South Dakota","Todd County",5,40,117,55,62
050,46,121,"South Dakota","Todd County",5,41,100,50,50
050,46,121,"South Dakota","Todd County",5,42,100,46,54
050,46,121,"South Dakota","Todd County",5,43,90,45,45
050,46,121,"South Dakota","Todd County",5,44,73,39,34
050,46,121,"South Dakota","Todd County",5,45,77,32,45
050,46,121,"South Dakota","Todd County",5,46,95,45,50
050,46,121,"South Dakota","Todd County",5,47,70,34,36
050,46,121,"South Dakota","Todd County",5,48,71,30,41
050,46,121,"South Dakota","Todd County",5,49,81,40,41
050,46,121,"South Dakota","Todd County",5,50,75,37,38
050,46,121,"South Dakota","Todd County",5,51,68,23,45
050,46,121,"South Dakota","Todd County",5,52,81,35,46
050,46,121,"South Dakota","Todd County",5,53,73,38,35
050,46,121,"South Dakota","Todd County",5,54,65,29,36
050,46,121,"South Dakota","Todd County",5,55,74,31,43
050,46,121,"South Dakota","Todd County",5,56,73,31,42
050,46,121,"South Dakota","Todd County",5,57,68,29,39
050,46,121,"South Dakota","Todd County",5,58,76,34,42
050,46,121,"South Dakota","Todd County",5,59,89,39,50
050,46,121,"South Dakota","Todd County",5,60,75,34,41
050,46,121,"South Dakota","Todd County",5,61,67,32,35
050,46,121,"South Dakota","Todd County",5,62,69,37,32
050,46,121,"South Dakota","Todd County",5,63,63,29,34
050,46,121,"South Dakota","Todd County",5,64,65,34,31
050,46,121,"South Dakota","Todd County",5,65,63,33,30
050,46,121,"South Dakota","Todd County",5,66,66,33,33
050,46,121,"South Dakota","Todd County",5,67,63,29,34
050,46,121,"South Dakota","Todd County",5,68,58,29,29
050,46,121,"South Dakota","Todd County",5,69,62,28,34
050,46,121,"South Dakota","Todd County",5,70,51,22,29
050,46,121,"South Dakota","Todd County",5,71,42,16,26
050,46,121,"South Dakota","Todd County",5,72,30,11,19
050,46,121,"South Dakota","Todd County",5,73,37,11,26
050,46,121,"South Dakota","Todd County",5,74,43,18,25
050,46,121,"South Dakota","Todd County",5,75,29,10,19
050,46,121,"South Dakota","Todd County",5,76,30,14,16
050,46,121,"South Dakota","Todd County",5,77,19,9,10
050,46,121,"South Dakota","Todd County",5,78,15,5,10
050,46,121,"South Dakota","Todd County",5,79,21,10,11
050,46,121,"South Dakota","Todd County",5,80,18,9,9
050,46,121,"South Dakota","Todd County",5,81,10,6,4
050,46,121,"South Dakota","Todd County",5,82,10,5,5
050,46,121,"South Dakota","Todd County",5,83,5,4,1
050,46,121,"South Dakota","Todd County",5,84,6,3,3
050,46,121,"South Dakota","Todd County",5,85,68,27,41
050,46,123,"South Dakota","Tripp County",1,0,86,44,42
050,46,123,"South Dakota","Tripp County",1,1,76,39,37
050,46,123,"South Dakota","Tripp County",1,2,84,44,40
050,46,123,"South Dakota","Tripp County",1,3,74,35,39
050,46,123,"South Dakota","Tripp County",1,4,74,39,35
050,46,123,"South Dakota","Tripp County",1,5,71,35,36
050,46,123,"South Dakota","Tripp County",1,6,71,39,32
050,46,123,"South Dakota","Tripp County",1,7,67,32,35
050,46,123,"South Dakota","Tripp County",1,8,72,38,34
050,46,123,"South Dakota","Tripp County",1,9,59,33,26
050,46,123,"South Dakota","Tripp County",1,10,64,31,33
050,46,123,"South Dakota","Tripp County",1,11,65,33,32
050,46,123,"South Dakota","Tripp County",1,12,67,34,33
050,46,123,"South Dakota","Tripp County",1,13,74,37,37
050,46,123,"South Dakota","Tripp County",1,14,68,33,35
050,46,123,"South Dakota","Tripp County",1,15,76,39,37
050,46,123,"South Dakota","Tripp County",1,16,67,35,32
050,46,123,"South Dakota","Tripp County",1,17,78,40,38
050,46,123,"South Dakota","Tripp County",1,18,64,33,31
050,46,123,"South Dakota","Tripp County",1,19,55,29,26
050,46,123,"South Dakota","Tripp County",1,20,64,35,29
050,46,123,"South Dakota","Tripp County",1,21,62,37,25
050,46,123,"South Dakota","Tripp County",1,22,61,31,30
050,46,123,"South Dakota","Tripp County",1,23,55,29,26
050,46,123,"South Dakota","Tripp County",1,24,73,40,33
050,46,123,"South Dakota","Tripp County",1,25,68,33,35
050,46,123,"South Dakota","Tripp County",1,26,62,34,28
050,46,123,"South Dakota","Tripp County",1,27,64,34,30
050,46,123,"South Dakota","Tripp County",1,28,52,30,22
050,46,123,"South Dakota","Tripp County",1,29,55,31,24
050,46,123,"South Dakota","Tripp County",1,30,62,34,28
050,46,123,"South Dakota","Tripp County",1,31,52,29,23
050,46,123,"South Dakota","Tripp County",1,32,56,33,23
050,46,123,"South Dakota","Tripp County",1,33,62,33,29
050,46,123,"South Dakota","Tripp County",1,34,55,29,26
050,46,123,"South Dakota","Tripp County",1,35,64,32,32
050,46,123,"South Dakota","Tripp County",1,36,59,33,26
050,46,123,"South Dakota","Tripp County",1,37,43,24,19
050,46,123,"South Dakota","Tripp County",1,38,52,28,24
050,46,123,"South Dakota","Tripp County",1,39,52,29,23
050,46,123,"South Dakota","Tripp County",1,40,46,19,27
050,46,123,"South Dakota","Tripp County",1,41,52,20,32
050,46,123,"South Dakota","Tripp County",1,42,54,26,28
050,46,123,"South Dakota","Tripp County",1,43,64,34,30
050,46,123,"South Dakota","Tripp County",1,44,57,31,26
050,46,123,"South Dakota","Tripp County",1,45,54,34,20
050,46,123,"South Dakota","Tripp County",1,46,51,29,22
050,46,123,"South Dakota","Tripp County",1,47,65,32,33
050,46,123,"South Dakota","Tripp County",1,48,66,38,28
050,46,123,"South Dakota","Tripp County",1,49,61,32,29
050,46,123,"South Dakota","Tripp County",1,50,54,30,24
050,46,123,"South Dakota","Tripp County",1,51,54,28,26
050,46,123,"South Dakota","Tripp County",1,52,54,24,30
050,46,123,"South Dakota","Tripp County",1,53,59,26,33
050,46,123,"South Dakota","Tripp County",1,54,75,35,40
050,46,123,"South Dakota","Tripp County",1,55,82,39,43
050,46,123,"South Dakota","Tripp County",1,56,88,44,44
050,46,123,"South Dakota","Tripp County",1,57,83,47,36
050,46,123,"South Dakota","Tripp County",1,58,87,44,43
050,46,123,"South Dakota","Tripp County",1,59,96,54,42
050,46,123,"South Dakota","Tripp County",1,60,95,47,48
050,46,123,"South Dakota","Tripp County",1,61,99,52,47
050,46,123,"South Dakota","Tripp County",1,62,82,43,39
050,46,123,"South Dakota","Tripp County",1,63,78,41,37
050,46,123,"South Dakota","Tripp County",1,64,74,38,36
050,46,123,"South Dakota","Tripp County",1,65,73,39,34
050,46,123,"South Dakota","Tripp County",1,66,74,44,30
050,46,123,"South Dakota","Tripp County",1,67,83,45,38
050,46,123,"South Dakota","Tripp County",1,68,78,41,37
050,46,123,"South Dakota","Tripp County",1,69,60,32,28
050,46,123,"South Dakota","Tripp County",1,70,67,34,33
050,46,123,"South Dakota","Tripp County",1,71,56,26,30
050,46,123,"South Dakota","Tripp County",1,72,61,30,31
050,46,123,"South Dakota","Tripp County",1,73,67,32,35
050,46,123,"South Dakota","Tripp County",1,74,57,24,33
050,46,123,"South Dakota","Tripp County",1,75,47,17,30
050,46,123,"South Dakota","Tripp County",1,76,55,22,33
050,46,123,"South Dakota","Tripp County",1,77,52,23,29
050,46,123,"South Dakota","Tripp County",1,78,34,18,16
050,46,123,"South Dakota","Tripp County",1,79,34,16,18
050,46,123,"South Dakota","Tripp County",1,80,42,20,22
050,46,123,"South Dakota","Tripp County",1,81,41,14,27
050,46,123,"South Dakota","Tripp County",1,82,43,16,27
050,46,123,"South Dakota","Tripp County",1,83,28,12,16
050,46,123,"South Dakota","Tripp County",1,84,25,14,11
050,46,123,"South Dakota","Tripp County",1,85,237,80,157
050,46,123,"South Dakota","Tripp County",2,0,78,42,36
050,46,123,"South Dakota","Tripp County",2,1,79,41,38
050,46,123,"South Dakota","Tripp County",2,2,81,42,39
050,46,123,"South Dakota","Tripp County",2,3,75,37,38
050,46,123,"South Dakota","Tripp County",2,4,74,37,37
050,46,123,"South Dakota","Tripp County",2,5,70,35,35
050,46,123,"South Dakota","Tripp County",2,6,69,37,32
050,46,123,"South Dakota","Tripp County",2,7,69,34,35
050,46,123,"South Dakota","Tripp County",2,8,70,36,34
050,46,123,"South Dakota","Tripp County",2,9,63,35,28
050,46,123,"South Dakota","Tripp County",2,10,63,31,32
050,46,123,"South Dakota","Tripp County",2,11,64,33,31
050,46,123,"South Dakota","Tripp County",2,12,68,34,34
050,46,123,"South Dakota","Tripp County",2,13,72,36,36
050,46,123,"South Dakota","Tripp County",2,14,69,34,35
050,46,123,"South Dakota","Tripp County",2,15,73,38,35
050,46,123,"South Dakota","Tripp County",2,16,69,36,33
050,46,123,"South Dakota","Tripp County",2,17,75,39,36
050,46,123,"South Dakota","Tripp County",2,18,65,33,32
050,46,123,"South Dakota","Tripp County",2,19,57,30,27
050,46,123,"South Dakota","Tripp County",2,20,62,34,28
050,46,123,"South Dakota","Tripp County",2,21,64,39,25
050,46,123,"South Dakota","Tripp County",2,22,62,32,30
050,46,123,"South Dakota","Tripp County",2,23,57,30,27
050,46,123,"South Dakota","Tripp County",2,24,68,38,30
050,46,123,"South Dakota","Tripp County",2,25,68,33,35
050,46,123,"South Dakota","Tripp County",2,26,64,35,29
050,46,123,"South Dakota","Tripp County",2,27,62,32,30
050,46,123,"South Dakota","Tripp County",2,28,55,32,23
050,46,123,"South Dakota","Tripp County",2,29,53,30,23
050,46,123,"South Dakota","Tripp County",2,30,60,33,27
050,46,123,"South Dakota","Tripp County",2,31,53,30,23
050,46,123,"South Dakota","Tripp County",2,32,57,34,23
050,46,123,"South Dakota","Tripp County",2,33,61,32,29
050,46,123,"South Dakota","Tripp County",2,34,56,30,26
050,46,123,"South Dakota","Tripp County",2,35,60,31,29
050,46,123,"South Dakota","Tripp County",2,36,59,32,27
050,46,123,"South Dakota","Tripp County",2,37,48,27,21
050,46,123,"South Dakota","Tripp County",2,38,51,28,23
050,46,123,"South Dakota","Tripp County",2,39,51,28,23
050,46,123,"South Dakota","Tripp County",2,40,48,21,27
050,46,123,"South Dakota","Tripp County",2,41,49,19,30
050,46,123,"South Dakota","Tripp County",2,42,54,25,29
050,46,123,"South Dakota","Tripp County",2,43,62,32,30
050,46,123,"South Dakota","Tripp County",2,44,58,32,26
050,46,123,"South Dakota","Tripp County",2,45,54,32,22
050,46,123,"South Dakota","Tripp County",2,46,52,30,22
050,46,123,"South Dakota","Tripp County",2,47,63,32,31
050,46,123,"South Dakota","Tripp County",2,48,66,37,29
050,46,123,"South Dakota","Tripp County",2,49,61,33,28
050,46,123,"South Dakota","Tripp County",2,50,54,30,24
050,46,123,"South Dakota","Tripp County",2,51,54,29,25
050,46,123,"South Dakota","Tripp County",2,52,53,24,29
050,46,123,"South Dakota","Tripp County",2,53,58,26,32
050,46,123,"South Dakota","Tripp County",2,54,70,32,38
050,46,123,"South Dakota","Tripp County",2,55,80,38,42
050,46,123,"South Dakota","Tripp County",2,56,87,43,44
050,46,123,"South Dakota","Tripp County",2,57,85,47,38
050,46,123,"South Dakota","Tripp County",2,58,86,45,41
050,46,123,"South Dakota","Tripp County",2,59,94,52,42
050,46,123,"South Dakota","Tripp County",2,60,96,49,47
050,46,123,"South Dakota","Tripp County",2,61,97,50,47
050,46,123,"South Dakota","Tripp County",2,62,84,44,40
050,46,123,"South Dakota","Tripp County",2,63,81,43,38
050,46,123,"South Dakota","Tripp County",2,64,74,38,36
050,46,123,"South Dakota","Tripp County",2,65,73,38,35
050,46,123,"South Dakota","Tripp County",2,66,74,43,31
050,46,123,"South Dakota","Tripp County",2,67,80,44,36
050,46,123,"South Dakota","Tripp County",2,68,79,42,37
050,46,123,"South Dakota","Tripp County",2,69,66,35,31
050,46,123,"South Dakota","Tripp County",2,70,66,34,32
050,46,123,"South Dakota","Tripp County",2,71,58,27,31
050,46,123,"South Dakota","Tripp County",2,72,61,30,31
050,46,123,"South Dakota","Tripp County",2,73,68,33,35
050,46,123,"South Dakota","Tripp County",2,74,55,24,31
050,46,123,"South Dakota","Tripp County",2,75,48,18,30
050,46,123,"South Dakota","Tripp County",2,76,51,19,32
050,46,123,"South Dakota","Tripp County",2,77,55,24,31
050,46,123,"South Dakota","Tripp County",2,78,37,18,19
050,46,123,"South Dakota","Tripp County",2,79,34,16,18
050,46,123,"South Dakota","Tripp County",2,80,41,20,21
050,46,123,"South Dakota","Tripp County",2,81,41,15,26
050,46,123,"South Dakota","Tripp County",2,82,45,17,28
050,46,123,"South Dakota","Tripp County",2,83,29,12,17
050,46,123,"South Dakota","Tripp County",2,84,25,13,12
050,46,123,"South Dakota","Tripp County",2,85,231,81,150
050,46,123,"South Dakota","Tripp County",3,0,70,41,29
050,46,123,"South Dakota","Tripp County",3,1,68,33,35
050,46,123,"South Dakota","Tripp County",3,2,79,42,37
050,46,123,"South Dakota","Tripp County",3,3,74,37,37
050,46,123,"South Dakota","Tripp County",3,4,73,38,35
050,46,123,"South Dakota","Tripp County",3,5,75,37,38
050,46,123,"South Dakota","Tripp County",3,6,74,38,36
050,46,123,"South Dakota","Tripp County",3,7,70,35,35
050,46,123,"South Dakota","Tripp County",3,8,70,33,37
050,46,123,"South Dakota","Tripp County",3,9,70,35,35
050,46,123,"South Dakota","Tripp County",3,10,64,35,29
050,46,123,"South Dakota","Tripp County",3,11,66,33,33
050,46,123,"South Dakota","Tripp County",3,12,67,36,31
050,46,123,"South Dakota","Tripp County",3,13,70,36,34
050,46,123,"South Dakota","Tripp County",3,14,72,34,38
050,46,123,"South Dakota","Tripp County",3,15,71,37,34
050,46,123,"South Dakota","Tripp County",3,16,77,39,38
050,46,123,"South Dakota","Tripp County",3,17,72,39,33
050,46,123,"South Dakota","Tripp County",3,18,63,32,31
050,46,123,"South Dakota","Tripp County",3,19,56,31,25
050,46,123,"South Dakota","Tripp County",3,20,59,30,29
050,46,123,"South Dakota","Tripp County",3,21,58,35,23
050,46,123,"South Dakota","Tripp County",3,22,70,40,30
050,46,123,"South Dakota","Tripp County",3,23,67,38,29
050,46,123,"South Dakota","Tripp County",3,24,52,32,20
050,46,123,"South Dakota","Tripp County",3,25,51,25,26
050,46,123,"South Dakota","Tripp County",3,26,67,33,34
050,46,123,"South Dakota","Tripp County",3,27,60,26,34
050,46,123,"South Dakota","Tripp County",3,28,66,34,32
050,46,123,"South Dakota","Tripp County",3,29,57,33,24
050,46,123,"South Dakota","Tripp County",3,30,51,27,24
050,46,123,"South Dakota","Tripp County",3,31,58,30,28
050,46,123,"South Dakota","Tripp County",3,32,58,33,25
050,46,123,"South Dakota","Tripp County",3,33,63,32,31
050,46,123,"South Dakota","Tripp County",3,34,55,31,24
050,46,123,"South Dakota","Tripp County",3,35,50,27,23
050,46,123,"South Dakota","Tripp County",3,36,60,32,28
050,46,123,"South Dakota","Tripp County",3,37,65,36,29
050,46,123,"South Dakota","Tripp County",3,38,48,27,21
050,46,123,"South Dakota","Tripp County",3,39,49,25,24
050,46,123,"South Dakota","Tripp County",3,40,52,29,23
050,46,123,"South Dakota","Tripp County",3,41,42,18,24
050,46,123,"South Dakota","Tripp County",3,42,57,25,32
050,46,123,"South Dakota","Tripp County",3,43,53,24,29
050,46,123,"South Dakota","Tripp County",3,44,60,33,27
050,46,123,"South Dakota","Tripp County",3,45,56,29,27
050,46,123,"South Dakota","Tripp County",3,46,56,32,24
050,46,123,"South Dakota","Tripp County",3,47,59,34,25
050,46,123,"South Dakota","Tripp County",3,48,64,32,32
050,46,123,"South Dakota","Tripp County",3,49,61,34,27
050,46,123,"South Dakota","Tripp County",3,50,61,33,28
050,46,123,"South Dakota","Tripp County",3,51,54,30,24
050,46,123,"South Dakota","Tripp County",3,52,54,29,25
050,46,123,"South Dakota","Tripp County",3,53,51,23,28
050,46,123,"South Dakota","Tripp County",3,54,60,24,36
050,46,123,"South Dakota","Tripp County",3,55,73,34,39
050,46,123,"South Dakota","Tripp County",3,56,80,38,42
050,46,123,"South Dakota","Tripp County",3,57,86,42,44
050,46,123,"South Dakota","Tripp County",3,58,85,48,37
050,46,123,"South Dakota","Tripp County",3,59,84,46,38
050,46,123,"South Dakota","Tripp County",3,60,93,53,40
050,46,123,"South Dakota","Tripp County",3,61,96,49,47
050,46,123,"South Dakota","Tripp County",3,62,94,50,44
050,46,123,"South Dakota","Tripp County",3,63,88,48,40
050,46,123,"South Dakota","Tripp County",3,64,80,39,41
050,46,123,"South Dakota","Tripp County",3,65,74,38,36
050,46,123,"South Dakota","Tripp County",3,66,74,38,36
050,46,123,"South Dakota","Tripp County",3,67,71,42,29
050,46,123,"South Dakota","Tripp County",3,68,78,43,35
050,46,123,"South Dakota","Tripp County",3,69,75,40,35
050,46,123,"South Dakota","Tripp County",3,70,69,37,32
050,46,123,"South Dakota","Tripp County",3,71,63,31,32
050,46,123,"South Dakota","Tripp County",3,72,57,29,28
050,46,123,"South Dakota","Tripp County",3,73,56,25,31
050,46,123,"South Dakota","Tripp County",3,74,67,29,38
050,46,123,"South Dakota","Tripp County",3,75,51,23,28
050,46,123,"South Dakota","Tripp County",3,76,45,16,29
050,46,123,"South Dakota","Tripp County",3,77,54,23,31
050,46,123,"South Dakota","Tripp County",3,78,48,18,30
050,46,123,"South Dakota","Tripp County",3,79,38,18,20
050,46,123,"South Dakota","Tripp County",3,80,35,19,16
050,46,123,"South Dakota","Tripp County",3,81,36,16,20
050,46,123,"South Dakota","Tripp County",3,82,45,19,26
050,46,123,"South Dakota","Tripp County",3,83,37,14,23
050,46,123,"South Dakota","Tripp County",3,84,23,7,16
050,46,123,"South Dakota","Tripp County",3,85,220,79,141
050,46,123,"South Dakota","Tripp County",4,0,65,35,30
050,46,123,"South Dakota","Tripp County",4,1,71,41,30
050,46,123,"South Dakota","Tripp County",4,2,69,34,35
050,46,123,"South Dakota","Tripp County",4,3,78,41,37
050,46,123,"South Dakota","Tripp County",4,4,67,32,35
050,46,123,"South Dakota","Tripp County",4,5,72,37,35
050,46,123,"South Dakota","Tripp County",4,6,74,34,40
050,46,123,"South Dakota","Tripp County",4,7,71,38,33
050,46,123,"South Dakota","Tripp County",4,8,68,33,35
050,46,123,"South Dakota","Tripp County",4,9,68,34,34
050,46,123,"South Dakota","Tripp County",4,10,68,34,34
050,46,123,"South Dakota","Tripp County",4,11,66,37,29
050,46,123,"South Dakota","Tripp County",4,12,67,33,34
050,46,123,"South Dakota","Tripp County",4,13,69,39,30
050,46,123,"South Dakota","Tripp County",4,14,68,34,34
050,46,123,"South Dakota","Tripp County",4,15,78,39,39
050,46,123,"South Dakota","Tripp County",4,16,77,40,37
050,46,123,"South Dakota","Tripp County",4,17,75,39,36
050,46,123,"South Dakota","Tripp County",4,18,62,33,29
050,46,123,"South Dakota","Tripp County",4,19,60,34,26
050,46,123,"South Dakota","Tripp County",4,20,60,32,28
050,46,123,"South Dakota","Tripp County",4,21,60,34,26
050,46,123,"South Dakota","Tripp County",4,22,57,33,24
050,46,123,"South Dakota","Tripp County",4,23,74,43,31
050,46,123,"South Dakota","Tripp County",4,24,75,42,33
050,46,123,"South Dakota","Tripp County",4,25,44,25,19
050,46,123,"South Dakota","Tripp County",4,26,64,32,32
050,46,123,"South Dakota","Tripp County",4,27,60,28,32
050,46,123,"South Dakota","Tripp County",4,28,56,24,32
050,46,123,"South Dakota","Tripp County",4,29,63,34,29
050,46,123,"South Dakota","Tripp County",4,30,53,30,23
050,46,123,"South Dakota","Tripp County",4,31,57,31,26
050,46,123,"South Dakota","Tripp County",4,32,61,33,28
050,46,123,"South Dakota","Tripp County",4,33,61,28,33
050,46,123,"South Dakota","Tripp County",4,34,61,33,28
050,46,123,"South Dakota","Tripp County",4,35,52,29,23
050,46,123,"South Dakota","Tripp County",4,36,51,27,24
050,46,123,"South Dakota","Tripp County",4,37,62,34,28
050,46,123,"South Dakota","Tripp County",4,38,63,34,29
050,46,123,"South Dakota","Tripp County",4,39,45,23,22
050,46,123,"South Dakota","Tripp County",4,40,53,27,26
050,46,123,"South Dakota","Tripp County",4,41,49,28,21
050,46,123,"South Dakota","Tripp County",4,42,47,18,29
050,46,123,"South Dakota","Tripp County",4,43,54,22,32
050,46,123,"South Dakota","Tripp County",4,44,54,25,29
050,46,123,"South Dakota","Tripp County",4,45,59,32,27
050,46,123,"South Dakota","Tripp County",4,46,57,29,28
050,46,123,"South Dakota","Tripp County",4,47,62,36,26
050,46,123,"South Dakota","Tripp County",4,48,59,35,24
050,46,123,"South Dakota","Tripp County",4,49,58,31,27
050,46,123,"South Dakota","Tripp County",4,50,57,31,26
050,46,123,"South Dakota","Tripp County",4,51,61,33,28
050,46,123,"South Dakota","Tripp County",4,52,54,30,24
050,46,123,"South Dakota","Tripp County",4,53,59,33,26
050,46,123,"South Dakota","Tripp County",4,54,53,24,29
050,46,123,"South Dakota","Tripp County",4,55,60,26,34
050,46,123,"South Dakota","Tripp County",4,56,71,34,37
050,46,123,"South Dakota","Tripp County",4,57,79,37,42
050,46,123,"South Dakota","Tripp County",4,58,85,41,44
050,46,123,"South Dakota","Tripp County",4,59,83,46,37
050,46,123,"South Dakota","Tripp County",4,60,84,47,37
050,46,123,"South Dakota","Tripp County",4,61,90,50,40
050,46,123,"South Dakota","Tripp County",4,62,96,50,46
050,46,123,"South Dakota","Tripp County",4,63,97,54,43
050,46,123,"South Dakota","Tripp County",4,64,83,44,39
050,46,123,"South Dakota","Tripp County",4,65,79,40,39
050,46,123,"South Dakota","Tripp County",4,66,71,37,34
050,46,123,"South Dakota","Tripp County",4,67,71,35,36
050,46,123,"South Dakota","Tripp County",4,68,70,42,28
050,46,123,"South Dakota","Tripp County",4,69,79,43,36
050,46,123,"South Dakota","Tripp County",4,70,76,41,35
050,46,123,"South Dakota","Tripp County",4,71,66,33,33
050,46,123,"South Dakota","Tripp County",4,72,67,35,32
050,46,123,"South Dakota","Tripp County",4,73,54,26,28
050,46,123,"South Dakota","Tripp County",4,74,58,23,35
050,46,123,"South Dakota","Tripp County",4,75,61,27,34
050,46,123,"South Dakota","Tripp County",4,76,48,20,28
050,46,123,"South Dakota","Tripp County",4,77,49,20,29
050,46,123,"South Dakota","Tripp County",4,78,49,17,32
050,46,123,"South Dakota","Tripp County",4,79,49,17,32
050,46,123,"South Dakota","Tripp County",4,80,36,18,18
050,46,123,"South Dakota","Tripp County",4,81,33,16,17
050,46,123,"South Dakota","Tripp County",4,82,41,20,21
050,46,123,"South Dakota","Tripp County",4,83,37,15,22
050,46,123,"South Dakota","Tripp County",4,84,32,10,22
050,46,123,"South Dakota","Tripp County",4,85,217,77,140
050,46,123,"South Dakota","Tripp County",5,0,65,34,31
050,46,123,"South Dakota","Tripp County",5,1,67,35,32
050,46,123,"South Dakota","Tripp County",5,2,79,43,36
050,46,123,"South Dakota","Tripp County",5,3,69,36,33
050,46,123,"South Dakota","Tripp County",5,4,93,47,46
050,46,123,"South Dakota","Tripp County",5,5,68,34,34
050,46,123,"South Dakota","Tripp County",5,6,72,37,35
050,46,123,"South Dakota","Tripp County",5,7,73,35,38
050,46,123,"South Dakota","Tripp County",5,8,71,39,32
050,46,123,"South Dakota","Tripp County",5,9,70,35,35
050,46,123,"South Dakota","Tripp County",5,10,68,34,34
050,46,123,"South Dakota","Tripp County",5,11,68,34,34
050,46,123,"South Dakota","Tripp County",5,12,69,39,30
050,46,123,"South Dakota","Tripp County",5,13,64,33,31
050,46,123,"South Dakota","Tripp County",5,14,67,36,31
050,46,123,"South Dakota","Tripp County",5,15,64,31,33
050,46,123,"South Dakota","Tripp County",5,16,79,39,40
050,46,123,"South Dakota","Tripp County",5,17,74,39,35
050,46,123,"South Dakota","Tripp County",5,18,65,34,31
050,46,123,"South Dakota","Tripp County",5,19,55,31,24
050,46,123,"South Dakota","Tripp County",5,20,60,31,29
050,46,123,"South Dakota","Tripp County",5,21,58,32,26
050,46,123,"South Dakota","Tripp County",5,22,59,34,25
050,46,123,"South Dakota","Tripp County",5,23,65,40,25
050,46,123,"South Dakota","Tripp County",5,24,74,41,33
050,46,123,"South Dakota","Tripp County",5,25,66,34,32
050,46,123,"South Dakota","Tripp County",5,26,43,28,15
050,46,123,"South Dakota","Tripp County",5,27,58,29,29
050,46,123,"South Dakota","Tripp County",5,28,59,30,29
050,46,123,"South Dakota","Tripp County",5,29,56,27,29
050,46,123,"South Dakota","Tripp County",5,30,59,31,28
050,46,123,"South Dakota","Tripp County",5,31,56,33,23
050,46,123,"South Dakota","Tripp County",5,32,60,34,26
050,46,123,"South Dakota","Tripp County",5,33,66,32,34
050,46,123,"South Dakota","Tripp County",5,34,57,29,28
050,46,123,"South Dakota","Tripp County",5,35,56,33,23
050,46,123,"South Dakota","Tripp County",5,36,55,30,25
050,46,123,"South Dakota","Tripp County",5,37,61,34,27
050,46,123,"South Dakota","Tripp County",5,38,63,32,31
050,46,123,"South Dakota","Tripp County",5,39,61,35,26
050,46,123,"South Dakota","Tripp County",5,40,54,29,25
050,46,123,"South Dakota","Tripp County",5,41,51,26,25
050,46,123,"South Dakota","Tripp County",5,42,50,30,20
050,46,123,"South Dakota","Tripp County",5,43,45,17,28
050,46,123,"South Dakota","Tripp County",5,44,53,22,31
050,46,123,"South Dakota","Tripp County",5,45,53,20,33
050,46,123,"South Dakota","Tripp County",5,46,62,32,30
050,46,123,"South Dakota","Tripp County",5,47,66,36,30
050,46,123,"South Dakota","Tripp County",5,48,65,39,26
050,46,123,"South Dakota","Tripp County",5,49,55,33,22
050,46,123,"South Dakota","Tripp County",5,50,55,29,26
050,46,123,"South Dakota","Tripp County",5,51,63,34,29
050,46,123,"South Dakota","Tripp County",5,52,61,33,28
050,46,123,"South Dakota","Tripp County",5,53,59,34,25
050,46,123,"South Dakota","Tripp County",5,54,56,31,25
050,46,123,"South Dakota","Tripp County",5,55,55,26,29
050,46,123,"South Dakota","Tripp County",5,56,58,26,32
050,46,123,"South Dakota","Tripp County",5,57,70,33,37
050,46,123,"South Dakota","Tripp County",5,58,79,38,41
050,46,123,"South Dakota","Tripp County",5,59,84,39,45
050,46,123,"South Dakota","Tripp County",5,60,83,46,37
050,46,123,"South Dakota","Tripp County",5,61,82,46,36
050,46,123,"South Dakota","Tripp County",5,62,92,50,42
050,46,123,"South Dakota","Tripp County",5,63,99,54,45
050,46,123,"South Dakota","Tripp County",5,64,94,49,45
050,46,123,"South Dakota","Tripp County",5,65,84,45,39
050,46,123,"South Dakota","Tripp County",5,66,80,40,40
050,46,123,"South Dakota","Tripp County",5,67,70,35,35
050,46,123,"South Dakota","Tripp County",5,68,72,36,36
050,46,123,"South Dakota","Tripp County",5,69,70,42,28
050,46,123,"South Dakota","Tripp County",5,70,82,45,37
050,46,123,"South Dakota","Tripp County",5,71,73,38,35
050,46,123,"South Dakota","Tripp County",5,72,70,39,31
050,46,123,"South Dakota","Tripp County",5,73,64,32,32
050,46,123,"South Dakota","Tripp County",5,74,57,25,32
050,46,123,"South Dakota","Tripp County",5,75,56,23,33
050,46,123,"South Dakota","Tripp County",5,76,56,23,33
050,46,123,"South Dakota","Tripp County",5,77,51,24,27
050,46,123,"South Dakota","Tripp County",5,78,43,15,28
050,46,123,"South Dakota","Tripp County",5,79,51,16,35
050,46,123,"South Dakota","Tripp County",5,80,47,16,31
050,46,123,"South Dakota","Tripp County",5,81,31,12,19
050,46,123,"South Dakota","Tripp County",5,82,37,19,18
050,46,123,"South Dakota","Tripp County",5,83,34,16,18
050,46,123,"South Dakota","Tripp County",5,84,33,11,22
050,46,123,"South Dakota","Tripp County",5,85,224,77,147
050,46,125,"South Dakota","Turner County",1,0,98,49,49
050,46,125,"South Dakota","Turner County",1,1,105,48,57
050,46,125,"South Dakota","Turner County",1,2,97,44,53
050,46,125,"South Dakota","Turner County",1,3,99,39,60
050,46,125,"South Dakota","Turner County",1,4,121,64,57
050,46,125,"South Dakota","Turner County",1,5,141,73,68
050,46,125,"South Dakota","Turner County",1,6,114,59,55
050,46,125,"South Dakota","Turner County",1,7,106,54,52
050,46,125,"South Dakota","Turner County",1,8,132,58,74
050,46,125,"South Dakota","Turner County",1,9,135,69,66
050,46,125,"South Dakota","Turner County",1,10,135,72,63
050,46,125,"South Dakota","Turner County",1,11,141,73,68
050,46,125,"South Dakota","Turner County",1,12,134,67,67
050,46,125,"South Dakota","Turner County",1,13,130,70,60
050,46,125,"South Dakota","Turner County",1,14,140,76,64
050,46,125,"South Dakota","Turner County",1,15,125,66,59
050,46,125,"South Dakota","Turner County",1,16,121,62,59
050,46,125,"South Dakota","Turner County",1,17,131,73,58
050,46,125,"South Dakota","Turner County",1,18,107,53,54
050,46,125,"South Dakota","Turner County",1,19,74,40,34
050,46,125,"South Dakota","Turner County",1,20,76,45,31
050,46,125,"South Dakota","Turner County",1,21,80,39,41
050,46,125,"South Dakota","Turner County",1,22,76,37,39
050,46,125,"South Dakota","Turner County",1,23,60,30,30
050,46,125,"South Dakota","Turner County",1,24,77,40,37
050,46,125,"South Dakota","Turner County",1,25,69,34,35
050,46,125,"South Dakota","Turner County",1,26,79,41,38
050,46,125,"South Dakota","Turner County",1,27,91,55,36
050,46,125,"South Dakota","Turner County",1,28,83,38,45
050,46,125,"South Dakota","Turner County",1,29,87,47,40
050,46,125,"South Dakota","Turner County",1,30,94,57,37
050,46,125,"South Dakota","Turner County",1,31,65,27,38
050,46,125,"South Dakota","Turner County",1,32,92,38,54
050,46,125,"South Dakota","Turner County",1,33,102,48,54
050,46,125,"South Dakota","Turner County",1,34,113,63,50
050,46,125,"South Dakota","Turner County",1,35,95,48,47
050,46,125,"South Dakota","Turner County",1,36,105,51,54
050,46,125,"South Dakota","Turner County",1,37,112,57,55
050,46,125,"South Dakota","Turner County",1,38,128,72,56
050,46,125,"South Dakota","Turner County",1,39,110,62,48
050,46,125,"South Dakota","Turner County",1,40,110,59,51
050,46,125,"South Dakota","Turner County",1,41,113,57,56
050,46,125,"South Dakota","Turner County",1,42,118,52,66
050,46,125,"South Dakota","Turner County",1,43,104,53,51
050,46,125,"South Dakota","Turner County",1,44,114,65,49
050,46,125,"South Dakota","Turner County",1,45,91,48,43
050,46,125,"South Dakota","Turner County",1,46,82,42,40
050,46,125,"South Dakota","Turner County",1,47,105,47,58
050,46,125,"South Dakota","Turner County",1,48,107,57,50
050,46,125,"South Dakota","Turner County",1,49,101,54,47
050,46,125,"South Dakota","Turner County",1,50,97,52,45
050,46,125,"South Dakota","Turner County",1,51,99,52,47
050,46,125,"South Dakota","Turner County",1,52,88,44,44
050,46,125,"South Dakota","Turner County",1,53,93,47,46
050,46,125,"South Dakota","Turner County",1,54,90,50,40
050,46,125,"South Dakota","Turner County",1,55,111,53,58
050,46,125,"South Dakota","Turner County",1,56,126,62,64
050,46,125,"South Dakota","Turner County",1,57,117,60,57
050,46,125,"South Dakota","Turner County",1,58,122,69,53
050,46,125,"South Dakota","Turner County",1,59,128,69,59
050,46,125,"South Dakota","Turner County",1,60,133,72,61
050,46,125,"South Dakota","Turner County",1,61,126,65,61
050,46,125,"South Dakota","Turner County",1,62,124,64,60
050,46,125,"South Dakota","Turner County",1,63,112,54,58
050,46,125,"South Dakota","Turner County",1,64,119,62,57
050,46,125,"South Dakota","Turner County",1,65,129,66,63
050,46,125,"South Dakota","Turner County",1,66,118,55,63
050,46,125,"South Dakota","Turner County",1,67,112,62,50
050,46,125,"South Dakota","Turner County",1,68,121,67,54
050,46,125,"South Dakota","Turner County",1,69,110,56,54
050,46,125,"South Dakota","Turner County",1,70,92,48,44
050,46,125,"South Dakota","Turner County",1,71,90,52,38
050,46,125,"South Dakota","Turner County",1,72,80,40,40
050,46,125,"South Dakota","Turner County",1,73,86,48,38
050,46,125,"South Dakota","Turner County",1,74,64,33,31
050,46,125,"South Dakota","Turner County",1,75,64,26,38
050,46,125,"South Dakota","Turner County",1,76,65,26,39
050,46,125,"South Dakota","Turner County",1,77,54,23,31
050,46,125,"South Dakota","Turner County",1,78,48,19,29
050,46,125,"South Dakota","Turner County",1,79,51,20,31
050,46,125,"South Dakota","Turner County",1,80,44,18,26
050,46,125,"South Dakota","Turner County",1,81,43,22,21
050,46,125,"South Dakota","Turner County",1,82,34,18,16
050,46,125,"South Dakota","Turner County",1,83,39,18,21
050,46,125,"South Dakota","Turner County",1,84,38,13,25
050,46,125,"South Dakota","Turner County",1,85,271,94,177
050,46,125,"South Dakota","Turner County",2,0,93,47,46
050,46,125,"South Dakota","Turner County",2,1,104,48,56
050,46,125,"South Dakota","Turner County",2,2,101,45,56
050,46,125,"South Dakota","Turner County",2,3,98,41,57
050,46,125,"South Dakota","Turner County",2,4,117,59,58
050,46,125,"South Dakota","Turner County",2,5,136,71,65
050,46,125,"South Dakota","Turner County",2,6,120,62,58
050,46,125,"South Dakota","Turner County",2,7,110,57,53
050,46,125,"South Dakota","Turner County",2,8,126,58,68
050,46,125,"South Dakota","Turner County",2,9,134,65,69
050,46,125,"South Dakota","Turner County",2,10,135,71,64
050,46,125,"South Dakota","Turner County",2,11,140,73,67
050,46,125,"South Dakota","Turner County",2,12,137,69,68
050,46,125,"South Dakota","Turner County",2,13,132,70,62
050,46,125,"South Dakota","Turner County",2,14,139,75,64
050,46,125,"South Dakota","Turner County",2,15,131,70,61
050,46,125,"South Dakota","Turner County",2,16,124,64,60
050,46,125,"South Dakota","Turner County",2,17,129,70,59
050,46,125,"South Dakota","Turner County",2,18,105,55,50
050,46,125,"South Dakota","Turner County",2,19,75,39,36
050,46,125,"South Dakota","Turner County",2,20,77,44,33
050,46,125,"South Dakota","Turner County",2,21,80,40,40
050,46,125,"South Dakota","Turner County",2,22,75,36,39
050,46,125,"South Dakota","Turner County",2,23,65,32,33
050,46,125,"South Dakota","Turner County",2,24,72,37,35
050,46,125,"South Dakota","Turner County",2,25,70,36,34
050,46,125,"South Dakota","Turner County",2,26,77,40,37
050,46,125,"South Dakota","Turner County",2,27,87,52,35
050,46,125,"South Dakota","Turner County",2,28,86,43,43
050,46,125,"South Dakota","Turner County",2,29,88,46,42
050,46,125,"South Dakota","Turner County",2,30,89,53,36
050,46,125,"South Dakota","Turner County",2,31,72,33,39
050,46,125,"South Dakota","Turner County",2,32,88,37,51
050,46,125,"South Dakota","Turner County",2,33,99,45,54
050,46,125,"South Dakota","Turner County",2,34,112,61,51
050,46,125,"South Dakota","Turner County",2,35,103,54,49
050,46,125,"South Dakota","Turner County",2,36,102,51,51
050,46,125,"South Dakota","Turner County",2,37,112,57,55
050,46,125,"South Dakota","Turner County",2,38,125,69,56
050,46,125,"South Dakota","Turner County",2,39,115,65,50
050,46,125,"South Dakota","Turner County",2,40,114,63,51
050,46,125,"South Dakota","Turner County",2,41,112,57,55
050,46,125,"South Dakota","Turner County",2,42,116,52,64
050,46,125,"South Dakota","Turner County",2,43,109,55,54
050,46,125,"South Dakota","Turner County",2,44,111,62,49
050,46,125,"South Dakota","Turner County",2,45,99,53,46
050,46,125,"South Dakota","Turner County",2,46,83,43,40
050,46,125,"South Dakota","Turner County",2,47,98,45,53
050,46,125,"South Dakota","Turner County",2,48,105,55,50
050,46,125,"South Dakota","Turner County",2,49,104,55,49
050,46,125,"South Dakota","Turner County",2,50,97,52,45
050,46,125,"South Dakota","Turner County",2,51,97,51,46
050,46,125,"South Dakota","Turner County",2,52,91,46,45
050,46,125,"South Dakota","Turner County",2,53,92,46,46
050,46,125,"South Dakota","Turner County",2,54,89,48,41
050,46,125,"South Dakota","Turner County",2,55,106,52,54
050,46,125,"South Dakota","Turner County",2,56,123,60,63
050,46,125,"South Dakota","Turner County",2,57,118,59,59
050,46,125,"South Dakota","Turner County",2,58,121,67,54
050,46,125,"South Dakota","Turner County",2,59,127,70,57
050,46,125,"South Dakota","Turner County",2,60,132,72,60
050,46,125,"South Dakota","Turner County",2,61,127,66,61
050,46,125,"South Dakota","Turner County",2,62,124,64,60
050,46,125,"South Dakota","Turner County",2,63,115,56,59
050,46,125,"South Dakota","Turner County",2,64,116,60,56
050,46,125,"South Dakota","Turner County",2,65,127,65,62
050,46,125,"South Dakota","Turner County",2,66,121,58,63
050,46,125,"South Dakota","Turner County",2,67,113,60,53
050,46,125,"South Dakota","Turner County",2,68,118,65,53
050,46,125,"South Dakota","Turner County",2,69,115,60,55
050,46,125,"South Dakota","Turner County",2,70,96,49,47
050,46,125,"South Dakota","Turner County",2,71,92,52,40
050,46,125,"South Dakota","Turner County",2,72,80,41,39
050,46,125,"South Dakota","Turner County",2,73,89,49,40
050,46,125,"South Dakota","Turner County",2,74,64,34,30
050,46,125,"South Dakota","Turner County",2,75,64,28,36
050,46,125,"South Dakota","Turner County",2,76,65,27,38
050,46,125,"South Dakota","Turner County",2,77,57,22,35
050,46,125,"South Dakota","Turner County",2,78,47,19,28
050,46,125,"South Dakota","Turner County",2,79,50,20,30
050,46,125,"South Dakota","Turner County",2,80,44,17,27
050,46,125,"South Dakota","Turner County",2,81,43,21,22
050,46,125,"South Dakota","Turner County",2,82,36,19,17
050,46,125,"South Dakota","Turner County",2,83,39,18,21
050,46,125,"South Dakota","Turner County",2,84,36,13,23
050,46,125,"South Dakota","Turner County",2,85,273,94,179
050,46,125,"South Dakota","Turner County",3,0,91,46,45
050,46,125,"South Dakota","Turner County",3,1,106,50,56
050,46,125,"South Dakota","Turner County",3,2,107,46,61
050,46,125,"South Dakota","Turner County",3,3,102,46,56
050,46,125,"South Dakota","Turner County",3,4,100,46,54
050,46,125,"South Dakota","Turner County",3,5,117,55,62
050,46,125,"South Dakota","Turner County",3,6,129,69,60
050,46,125,"South Dakota","Turner County",3,7,124,66,58
050,46,125,"South Dakota","Turner County",3,8,107,58,49
050,46,125,"South Dakota","Turner County",3,9,132,60,72
050,46,125,"South Dakota","Turner County",3,10,132,66,66
050,46,125,"South Dakota","Turner County",3,11,134,71,63
050,46,125,"South Dakota","Turner County",3,12,138,77,61
050,46,125,"South Dakota","Turner County",3,13,139,67,72
050,46,125,"South Dakota","Turner County",3,14,133,70,63
050,46,125,"South Dakota","Turner County",3,15,135,71,64
050,46,125,"South Dakota","Turner County",3,16,148,79,69
050,46,125,"South Dakota","Turner County",3,17,130,66,64
050,46,125,"South Dakota","Turner County",3,18,106,60,46
050,46,125,"South Dakota","Turner County",3,19,81,44,37
050,46,125,"South Dakota","Turner County",3,20,75,41,34
050,46,125,"South Dakota","Turner County",3,21,78,43,35
050,46,125,"South Dakota","Turner County",3,22,79,40,39
050,46,125,"South Dakota","Turner County",3,23,77,41,36
050,46,125,"South Dakota","Turner County",3,24,65,33,32
050,46,125,"South Dakota","Turner County",3,25,75,34,41
050,46,125,"South Dakota","Turner County",3,26,68,33,35
050,46,125,"South Dakota","Turner County",3,27,88,44,44
050,46,125,"South Dakota","Turner County",3,28,94,61,33
050,46,125,"South Dakota","Turner County",3,29,97,51,46
050,46,125,"South Dakota","Turner County",3,30,83,45,38
050,46,125,"South Dakota","Turner County",3,31,94,54,40
050,46,125,"South Dakota","Turner County",3,32,75,32,43
050,46,125,"South Dakota","Turner County",3,33,98,43,55
050,46,125,"South Dakota","Turner County",3,34,106,47,59
050,46,125,"South Dakota","Turner County",3,35,113,62,51
050,46,125,"South Dakota","Turner County",3,36,103,53,50
050,46,125,"South Dakota","Turner County",3,37,109,53,56
050,46,125,"South Dakota","Turner County",3,38,106,56,50
050,46,125,"South Dakota","Turner County",3,39,122,65,57
050,46,125,"South Dakota","Turner County",3,40,116,63,53
050,46,125,"South Dakota","Turner County",3,41,118,65,53
050,46,125,"South Dakota","Turner County",3,42,118,57,61
050,46,125,"South Dakota","Turner County",3,43,113,52,61
050,46,125,"South Dakota","Turner County",3,44,117,61,56
050,46,125,"South Dakota","Turner County",3,45,109,63,46
050,46,125,"South Dakota","Turner County",3,46,101,54,47
050,46,125,"South Dakota","Turner County",3,47,80,43,37
050,46,125,"South Dakota","Turner County",3,48,95,42,53
050,46,125,"South Dakota","Turner County",3,49,105,53,52
050,46,125,"South Dakota","Turner County",3,50,101,52,49
050,46,125,"South Dakota","Turner County",3,51,99,55,44
050,46,125,"South Dakota","Turner County",3,52,98,53,45
050,46,125,"South Dakota","Turner County",3,53,96,48,48
050,46,125,"South Dakota","Turner County",3,54,93,45,48
050,46,125,"South Dakota","Turner County",3,55,97,53,44
050,46,125,"South Dakota","Turner County",3,56,114,59,55
050,46,125,"South Dakota","Turner County",3,57,122,59,63
050,46,125,"South Dakota","Turner County",3,58,120,61,59
050,46,125,"South Dakota","Turner County",3,59,116,64,52
050,46,125,"South Dakota","Turner County",3,60,123,68,55
050,46,125,"South Dakota","Turner County",3,61,133,72,61
050,46,125,"South Dakota","Turner County",3,62,124,63,61
050,46,125,"South Dakota","Turner County",3,63,125,67,58
050,46,125,"South Dakota","Turner County",3,64,115,55,60
050,46,125,"South Dakota","Turner County",3,65,118,60,58
050,46,125,"South Dakota","Turner County",3,66,124,63,61
050,46,125,"South Dakota","Turner County",3,67,111,56,55
050,46,125,"South Dakota","Turner County",3,68,106,59,47
050,46,125,"South Dakota","Turner County",3,69,116,63,53
050,46,125,"South Dakota","Turner County",3,70,105,54,51
050,46,125,"South Dakota","Turner County",3,71,94,48,46
050,46,125,"South Dakota","Turner County",3,72,83,49,34
050,46,125,"South Dakota","Turner County",3,73,75,40,35
050,46,125,"South Dakota","Turner County",3,74,81,44,37
050,46,125,"South Dakota","Turner County",3,75,61,33,28
050,46,125,"South Dakota","Turner County",3,76,68,31,37
050,46,125,"South Dakota","Turner County",3,77,56,19,37
050,46,125,"South Dakota","Turner County",3,78,50,18,32
050,46,125,"South Dakota","Turner County",3,79,47,19,28
050,46,125,"South Dakota","Turner County",3,80,45,18,27
050,46,125,"South Dakota","Turner County",3,81,46,19,27
050,46,125,"South Dakota","Turner County",3,82,41,21,20
050,46,125,"South Dakota","Turner County",3,83,35,16,19
050,46,125,"South Dakota","Turner County",3,84,30,11,19
050,46,125,"South Dakota","Turner County",3,85,243,84,159
050,46,125,"South Dakota","Turner County",4,0,97,48,49
050,46,125,"South Dakota","Turner County",4,1,114,52,62
050,46,125,"South Dakota","Turner County",4,2,100,44,56
050,46,125,"South Dakota","Turner County",4,3,105,44,61
050,46,125,"South Dakota","Turner County",4,4,108,47,61
050,46,125,"South Dakota","Turner County",4,5,113,55,58
050,46,125,"South Dakota","Turner County",4,6,126,60,66
050,46,125,"South Dakota","Turner County",4,7,131,67,64
050,46,125,"South Dakota","Turner County",4,8,130,67,63
050,46,125,"South Dakota","Turner County",4,9,120,57,63
050,46,125,"South Dakota","Turner County",4,10,139,66,73
050,46,125,"South Dakota","Turner County",4,11,136,67,69
050,46,125,"South Dakota","Turner County",4,12,135,70,65
050,46,125,"South Dakota","Turner County",4,13,143,79,64
050,46,125,"South Dakota","Turner County",4,14,150,74,76
050,46,125,"South Dakota","Turner County",4,15,138,74,64
050,46,125,"South Dakota","Turner County",4,16,136,71,65
050,46,125,"South Dakota","Turner County",4,17,141,74,67
050,46,125,"South Dakota","Turner County",4,18,104,57,47
050,46,125,"South Dakota","Turner County",4,19,77,44,33
050,46,125,"South Dakota","Turner County",4,20,86,47,39
050,46,125,"South Dakota","Turner County",4,21,85,43,42
050,46,125,"South Dakota","Turner County",4,22,89,48,41
050,46,125,"South Dakota","Turner County",4,23,77,36,41
050,46,125,"South Dakota","Turner County",4,24,69,37,32
050,46,125,"South Dakota","Turner County",4,25,60,34,26
050,46,125,"South Dakota","Turner County",4,26,74,35,39
050,46,125,"South Dakota","Turner County",4,27,73,34,39
050,46,125,"South Dakota","Turner County",4,28,90,46,44
050,46,125,"South Dakota","Turner County",4,29,98,59,39
050,46,125,"South Dakota","Turner County",4,30,104,54,50
050,46,125,"South Dakota","Turner County",4,31,93,47,46
050,46,125,"South Dakota","Turner County",4,32,107,60,47
050,46,125,"South Dakota","Turner County",4,33,89,43,46
050,46,125,"South Dakota","Turner County",4,34,108,48,60
050,46,125,"South Dakota","Turner County",4,35,111,51,60
050,46,125,"South Dakota","Turner County",4,36,120,68,52
050,46,125,"South Dakota","Turner County",4,37,113,55,58
050,46,125,"South Dakota","Turner County",4,38,112,55,57
050,46,125,"South Dakota","Turner County",4,39,107,57,50
050,46,125,"South Dakota","Turner County",4,40,132,70,62
050,46,125,"South Dakota","Turner County",4,41,120,69,51
050,46,125,"South Dakota","Turner County",4,42,126,68,58
050,46,125,"South Dakota","Turner County",4,43,113,54,59
050,46,125,"South Dakota","Turner County",4,44,118,55,63
050,46,125,"South Dakota","Turner County",4,45,120,65,55
050,46,125,"South Dakota","Turner County",4,46,112,62,50
050,46,125,"South Dakota","Turner County",4,47,99,54,45
050,46,125,"South Dakota","Turner County",4,48,83,43,40
050,46,125,"South Dakota","Turner County",4,49,102,46,56
050,46,125,"South Dakota","Turner County",4,50,106,55,51
050,46,125,"South Dakota","Turner County",4,51,104,55,49
050,46,125,"South Dakota","Turner County",4,52,97,54,43
050,46,125,"South Dakota","Turner County",4,53,96,52,44
050,46,125,"South Dakota","Turner County",4,54,94,45,49
050,46,125,"South Dakota","Turner County",4,55,93,46,47
050,46,125,"South Dakota","Turner County",4,56,113,63,50
050,46,125,"South Dakota","Turner County",4,57,112,55,57
050,46,125,"South Dakota","Turner County",4,58,121,57,64
050,46,125,"South Dakota","Turner County",4,59,122,62,60
050,46,125,"South Dakota","Turner County",4,60,116,64,52
050,46,125,"South Dakota","Turner County",4,61,132,77,55
050,46,125,"South Dakota","Turner County",4,62,132,69,63
050,46,125,"South Dakota","Turner County",4,63,123,64,59
050,46,125,"South Dakota","Turner County",4,64,127,64,63
050,46,125,"South Dakota","Turner County",4,65,117,59,58
050,46,125,"South Dakota","Turner County",4,66,122,62,60
050,46,125,"South Dakota","Turner County",4,67,123,63,60
050,46,125,"South Dakota","Turner County",4,68,112,56,56
050,46,125,"South Dakota","Turner County",4,69,110,62,48
050,46,125,"South Dakota","Turner County",4,70,111,58,53
050,46,125,"South Dakota","Turner County",4,71,100,51,49
050,46,125,"South Dakota","Turner County",4,72,89,45,44
050,46,125,"South Dakota","Turner County",4,73,73,46,27
050,46,125,"South Dakota","Turner County",4,74,73,36,37
050,46,125,"South Dakota","Turner County",4,75,72,40,32
050,46,125,"South Dakota","Turner County",4,76,63,34,29
050,46,125,"South Dakota","Turner County",4,77,63,26,37
050,46,125,"South Dakota","Turner County",4,78,51,17,34
050,46,125,"South Dakota","Turner County",4,79,53,20,33
050,46,125,"South Dakota","Turner County",4,80,39,14,25
050,46,125,"South Dakota","Turner County",4,81,45,18,27
050,46,125,"South Dakota","Turner County",4,82,45,21,24
050,46,125,"South Dakota","Turner County",4,83,41,20,21
050,46,125,"South Dakota","Turner County",4,84,27,10,17
050,46,125,"South Dakota","Turner County",4,85,238,83,155
050,46,125,"South Dakota","Turner County",5,0,95,47,48
050,46,125,"South Dakota","Turner County",5,1,107,53,54
050,46,125,"South Dakota","Turner County",5,2,113,50,63
050,46,125,"South Dakota","Turner County",5,3,104,47,57
050,46,125,"South Dakota","Turner County",5,4,119,46,73
050,46,125,"South Dakota","Turner County",5,5,108,48,60
050,46,125,"South Dakota","Turner County",5,6,124,64,60
050,46,125,"South Dakota","Turner County",5,7,131,61,70
050,46,125,"South Dakota","Turner County",5,8,125,62,63
050,46,125,"South Dakota","Turner County",5,9,131,66,65
050,46,125,"South Dakota","Turner County",5,10,125,57,68
050,46,125,"South Dakota","Turner County",5,11,138,67,71
050,46,125,"South Dakota","Turner County",5,12,142,71,71
050,46,125,"South Dakota","Turner County",5,13,136,72,64
050,46,125,"South Dakota","Turner County",5,14,150,84,66
050,46,125,"South Dakota","Turner County",5,15,158,77,81
050,46,125,"South Dakota","Turner County",5,16,140,74,66
050,46,125,"South Dakota","Turner County",5,17,133,69,64
050,46,125,"South Dakota","Turner County",5,18,120,68,52
050,46,125,"South Dakota","Turner County",5,19,77,39,38
050,46,125,"South Dakota","Turner County",5,20,75,41,34
050,46,125,"South Dakota","Turner County",5,21,92,50,42
050,46,125,"South Dakota","Turner County",5,22,100,54,46
050,46,125,"South Dakota","Turner County",5,23,94,60,34
050,46,125,"South Dakota","Turner County",5,24,78,37,41
050,46,125,"South Dakota","Turner County",5,25,66,34,32
050,46,125,"South Dakota","Turner County",5,26,56,34,22
050,46,125,"South Dakota","Turner County",5,27,69,31,38
050,46,125,"South Dakota","Turner County",5,28,82,37,45
050,46,125,"South Dakota","Turner County",5,29,97,50,47
050,46,125,"South Dakota","Turner County",5,30,101,60,41
050,46,125,"South Dakota","Turner County",5,31,104,54,50
050,46,125,"South Dakota","Turner County",5,32,94,45,49
050,46,125,"South Dakota","Turner County",5,33,119,69,50
050,46,125,"South Dakota","Turner County",5,34,90,44,46
050,46,125,"South Dakota","Turner County",5,35,109,48,61
050,46,125,"South Dakota","Turner County",5,36,120,56,64
050,46,125,"South Dakota","Turner County",5,37,123,70,53
050,46,125,"South Dakota","Turner County",5,38,116,56,60
050,46,125,"South Dakota","Turner County",5,39,116,57,59
050,46,125,"South Dakota","Turner County",5,40,113,61,52
050,46,125,"South Dakota","Turner County",5,41,131,70,61
050,46,125,"South Dakota","Turner County",5,42,123,69,54
050,46,125,"South Dakota","Turner County",5,43,127,67,60
050,46,125,"South Dakota","Turner County",5,44,118,55,63
050,46,125,"South Dakota","Turner County",5,45,118,52,66
050,46,125,"South Dakota","Turner County",5,46,123,69,54
050,46,125,"South Dakota","Turner County",5,47,115,66,49
050,46,125,"South Dakota","Turner County",5,48,99,57,42
050,46,125,"South Dakota","Turner County",5,49,85,43,42
050,46,125,"South Dakota","Turner County",5,50,99,46,53
050,46,125,"South Dakota","Turner County",5,51,111,55,56
050,46,125,"South Dakota","Turner County",5,52,106,56,50
050,46,125,"South Dakota","Turner County",5,53,95,52,43
050,46,125,"South Dakota","Turner County",5,54,88,44,44
050,46,125,"South Dakota","Turner County",5,55,102,50,52
050,46,125,"South Dakota","Turner County",5,56,101,51,50
050,46,125,"South Dakota","Turner County",5,57,110,64,46
050,46,125,"South Dakota","Turner County",5,58,106,51,55
050,46,125,"South Dakota","Turner County",5,59,126,60,66
050,46,125,"South Dakota","Turner County",5,60,127,64,63
050,46,125,"South Dakota","Turner County",5,61,118,65,53
050,46,125,"South Dakota","Turner County",5,62,133,76,57
050,46,125,"South Dakota","Turner County",5,63,133,71,62
050,46,125,"South Dakota","Turner County",5,64,126,67,59
050,46,125,"South Dakota","Turner County",5,65,127,63,64
050,46,125,"South Dakota","Turner County",5,66,117,58,59
050,46,125,"South Dakota","Turner County",5,67,114,59,55
050,46,125,"South Dakota","Turner County",5,68,122,63,59
050,46,125,"South Dakota","Turner County",5,69,112,56,56
050,46,125,"South Dakota","Turner County",5,70,110,61,49
050,46,125,"South Dakota","Turner County",5,71,110,56,54
050,46,125,"South Dakota","Turner County",5,72,94,49,45
050,46,125,"South Dakota","Turner County",5,73,87,43,44
050,46,125,"South Dakota","Turner County",5,74,75,44,31
050,46,125,"South Dakota","Turner County",5,75,67,31,36
050,46,125,"South Dakota","Turner County",5,76,76,41,35
050,46,125,"South Dakota","Turner County",5,77,57,28,29
050,46,125,"South Dakota","Turner County",5,78,57,26,31
050,46,125,"South Dakota","Turner County",5,79,49,17,32
050,46,125,"South Dakota","Turner County",5,80,47,18,29
050,46,125,"South Dakota","Turner County",5,81,40,14,26
050,46,125,"South Dakota","Turner County",5,82,43,19,24
050,46,125,"South Dakota","Turner County",5,83,44,19,25
050,46,125,"South Dakota","Turner County",5,84,33,14,19
050,46,125,"South Dakota","Turner County",5,85,236,81,155
050,46,127,"South Dakota","Union County",1,0,189,89,100
050,46,127,"South Dakota","Union County",1,1,188,92,96
050,46,127,"South Dakota","Union County",1,2,220,113,107
050,46,127,"South Dakota","Union County",1,3,210,90,120
050,46,127,"South Dakota","Union County",1,4,235,104,131
050,46,127,"South Dakota","Union County",1,5,202,94,108
050,46,127,"South Dakota","Union County",1,6,218,104,114
050,46,127,"South Dakota","Union County",1,7,231,116,115
050,46,127,"South Dakota","Union County",1,8,247,118,129
050,46,127,"South Dakota","Union County",1,9,241,123,118
050,46,127,"South Dakota","Union County",1,10,253,138,115
050,46,127,"South Dakota","Union County",1,11,246,128,118
050,46,127,"South Dakota","Union County",1,12,248,137,111
050,46,127,"South Dakota","Union County",1,13,259,133,126
050,46,127,"South Dakota","Union County",1,14,263,145,118
050,46,127,"South Dakota","Union County",1,15,246,131,115
050,46,127,"South Dakota","Union County",1,16,241,122,119
050,46,127,"South Dakota","Union County",1,17,228,112,116
050,46,127,"South Dakota","Union County",1,18,193,101,92
050,46,127,"South Dakota","Union County",1,19,161,85,76
050,46,127,"South Dakota","Union County",1,20,167,96,71
050,46,127,"South Dakota","Union County",1,21,159,88,71
050,46,127,"South Dakota","Union County",1,22,172,90,82
050,46,127,"South Dakota","Union County",1,23,178,95,83
050,46,127,"South Dakota","Union County",1,24,185,103,82
050,46,127,"South Dakota","Union County",1,25,185,107,78
050,46,127,"South Dakota","Union County",1,26,182,100,82
050,46,127,"South Dakota","Union County",1,27,195,117,78
050,46,127,"South Dakota","Union County",1,28,202,113,89
050,46,127,"South Dakota","Union County",1,29,204,105,99
050,46,127,"South Dakota","Union County",1,30,215,109,106
050,46,127,"South Dakota","Union County",1,31,207,98,109
050,46,127,"South Dakota","Union County",1,32,191,95,96
050,46,127,"South Dakota","Union County",1,33,201,100,101
050,46,127,"South Dakota","Union County",1,34,203,101,102
050,46,127,"South Dakota","Union County",1,35,211,107,104
050,46,127,"South Dakota","Union County",1,36,204,103,101
050,46,127,"South Dakota","Union County",1,37,203,101,102
050,46,127,"South Dakota","Union County",1,38,211,117,94
050,46,127,"South Dakota","Union County",1,39,222,109,113
050,46,127,"South Dakota","Union County",1,40,224,116,108
050,46,127,"South Dakota","Union County",1,41,201,95,106
050,46,127,"South Dakota","Union County",1,42,223,106,117
050,46,127,"South Dakota","Union County",1,43,207,106,101
050,46,127,"South Dakota","Union County",1,44,212,109,103
050,46,127,"South Dakota","Union County",1,45,218,112,106
050,46,127,"South Dakota","Union County",1,46,201,95,106
050,46,127,"South Dakota","Union County",1,47,194,102,92
050,46,127,"South Dakota","Union County",1,48,184,100,84
050,46,127,"South Dakota","Union County",1,49,196,95,101
050,46,127,"South Dakota","Union County",1,50,200,107,93
050,46,127,"South Dakota","Union County",1,51,205,112,93
050,46,127,"South Dakota","Union County",1,52,230,121,109
050,46,127,"South Dakota","Union County",1,53,203,103,100
050,46,127,"South Dakota","Union County",1,54,211,113,98
050,46,127,"South Dakota","Union County",1,55,220,123,97
050,46,127,"South Dakota","Union County",1,56,218,117,101
050,46,127,"South Dakota","Union County",1,57,231,105,126
050,46,127,"South Dakota","Union County",1,58,229,108,121
050,46,127,"South Dakota","Union County",1,59,235,118,117
050,46,127,"South Dakota","Union County",1,60,218,118,100
050,46,127,"South Dakota","Union County",1,61,221,117,104
050,46,127,"South Dakota","Union County",1,62,216,115,101
050,46,127,"South Dakota","Union County",1,63,227,113,114
050,46,127,"South Dakota","Union County",1,64,229,111,118
050,46,127,"South Dakota","Union County",1,65,229,115,114
050,46,127,"South Dakota","Union County",1,66,218,109,109
050,46,127,"South Dakota","Union County",1,67,217,105,112
050,46,127,"South Dakota","Union County",1,68,223,114,109
050,46,127,"South Dakota","Union County",1,69,215,116,99
050,46,127,"South Dakota","Union County",1,70,204,111,93
050,46,127,"South Dakota","Union County",1,71,169,91,78
050,46,127,"South Dakota","Union County",1,72,159,76,83
050,46,127,"South Dakota","Union County",1,73,150,76,74
050,46,127,"South Dakota","Union County",1,74,113,61,52
050,46,127,"South Dakota","Union County",1,75,116,57,59
050,46,127,"South Dakota","Union County",1,76,106,45,61
050,46,127,"South Dakota","Union County",1,77,109,54,55
050,46,127,"South Dakota","Union County",1,78,107,54,53
050,46,127,"South Dakota","Union County",1,79,86,42,44
050,46,127,"South Dakota","Union County",1,80,79,37,42
050,46,127,"South Dakota","Union County",1,81,74,31,43
050,46,127,"South Dakota","Union County",1,82,52,23,29
050,46,127,"South Dakota","Union County",1,83,44,19,25
050,46,127,"South Dakota","Union County",1,84,48,18,30
050,46,127,"South Dakota","Union County",1,85,331,115,216
050,46,127,"South Dakota","Union County",2,0,190,94,96
050,46,127,"South Dakota","Union County",2,1,190,94,96
050,46,127,"South Dakota","Union County",2,2,212,108,104
050,46,127,"South Dakota","Union County",2,3,211,95,116
050,46,127,"South Dakota","Union County",2,4,232,101,131
050,46,127,"South Dakota","Union County",2,5,211,96,115
050,46,127,"South Dakota","Union County",2,6,217,104,113
050,46,127,"South Dakota","Union County",2,7,228,112,116
050,46,127,"South Dakota","Union County",2,8,244,119,125
050,46,127,"South Dakota","Union County",2,9,242,122,120
050,46,127,"South Dakota","Union County",2,10,249,135,114
050,46,127,"South Dakota","Union County",2,11,248,130,118
050,46,127,"South Dakota","Union County",2,12,253,137,116
050,46,127,"South Dakota","Union County",2,13,256,136,120
050,46,127,"South Dakota","Union County",2,14,264,143,121
050,46,127,"South Dakota","Union County",2,15,248,133,115
050,46,127,"South Dakota","Union County",2,16,244,124,120
050,46,127,"South Dakota","Union County",2,17,232,114,118
050,46,127,"South Dakota","Union County",2,18,191,99,92
050,46,127,"South Dakota","Union County",2,19,161,85,76
050,46,127,"South Dakota","Union County",2,20,171,96,75
050,46,127,"South Dakota","Union County",2,21,164,91,73
050,46,127,"South Dakota","Union County",2,22,171,91,80
050,46,127,"South Dakota","Union County",2,23,180,96,84
050,46,127,"South Dakota","Union County",2,24,183,102,81
050,46,127,"South Dakota","Union County",2,25,185,106,79
050,46,127,"South Dakota","Union County",2,26,182,100,82
050,46,127,"South Dakota","Union County",2,27,190,111,79
050,46,127,"South Dakota","Union County",2,28,200,112,88
050,46,127,"South Dakota","Union County",2,29,203,107,96
050,46,127,"South Dakota","Union County",2,30,215,109,106
050,46,127,"South Dakota","Union County",2,31,210,101,109
050,46,127,"South Dakota","Union County",2,32,194,95,99
050,46,127,"South Dakota","Union County",2,33,200,99,101
050,46,127,"South Dakota","Union County",2,34,205,102,103
050,46,127,"South Dakota","Union County",2,35,211,107,104
050,46,127,"South Dakota","Union County",2,36,205,103,102
050,46,127,"South Dakota","Union County",2,37,204,103,101
050,46,127,"South Dakota","Union County",2,38,211,113,98
050,46,127,"South Dakota","Union County",2,39,221,113,108
050,46,127,"South Dakota","Union County",2,40,226,117,109
050,46,127,"South Dakota","Union County",2,41,209,102,107
050,46,127,"South Dakota","Union County",2,42,218,103,115
050,46,127,"South Dakota","Union County",2,43,214,107,107
050,46,127,"South Dakota","Union County",2,44,209,107,102
050,46,127,"South Dakota","Union County",2,45,219,113,106
050,46,127,"South Dakota","Union County",2,46,205,99,106
050,46,127,"South Dakota","Union County",2,47,194,100,94
050,46,127,"South Dakota","Union County",2,48,188,101,87
050,46,127,"South Dakota","Union County",2,49,195,97,98
050,46,127,"South Dakota","Union County",2,50,200,105,95
050,46,127,"South Dakota","Union County",2,51,200,108,92
050,46,127,"South Dakota","Union County",2,52,222,119,103
050,46,127,"South Dakota","Union County",2,53,212,108,104
050,46,127,"South Dakota","Union County",2,54,209,110,99
050,46,127,"South Dakota","Union County",2,55,217,120,97
050,46,127,"South Dakota","Union County",2,56,220,118,102
050,46,127,"South Dakota","Union County",2,57,229,109,120
050,46,127,"South Dakota","Union County",2,58,230,109,121
050,46,127,"South Dakota","Union County",2,59,234,115,119
050,46,127,"South Dakota","Union County",2,60,223,120,103
050,46,127,"South Dakota","Union County",2,61,216,116,100
050,46,127,"South Dakota","Union County",2,62,216,115,101
050,46,127,"South Dakota","Union County",2,63,228,115,113
050,46,127,"South Dakota","Union County",2,64,227,111,116
050,46,127,"South Dakota","Union County",2,65,228,115,113
050,46,127,"South Dakota","Union County",2,66,219,108,111
050,46,127,"South Dakota","Union County",2,67,216,105,111
050,46,127,"South Dakota","Union County",2,68,221,112,109
050,46,127,"South Dakota","Union County",2,69,219,117,102
050,46,127,"South Dakota","Union County",2,70,206,112,94
050,46,127,"South Dakota","Union County",2,71,178,95,83
050,46,127,"South Dakota","Union County",2,72,157,78,79
050,46,127,"South Dakota","Union County",2,73,157,78,79
050,46,127,"South Dakota","Union County",2,74,114,60,54
050,46,127,"South Dakota","Union County",2,75,115,58,57
050,46,127,"South Dakota","Union County",2,76,105,47,58
050,46,127,"South Dakota","Union County",2,77,110,52,58
050,46,127,"South Dakota","Union County",2,78,105,52,53
050,46,127,"South Dakota","Union County",2,79,88,43,45
050,46,127,"South Dakota","Union County",2,80,82,38,44
050,46,127,"South Dakota","Union County",2,81,73,30,43
050,46,127,"South Dakota","Union County",2,82,56,24,32
050,46,127,"South Dakota","Union County",2,83,42,19,23
050,46,127,"South Dakota","Union County",2,84,47,18,29
050,46,127,"South Dakota","Union County",2,85,334,115,219
050,46,127,"South Dakota","Union County",3,0,171,89,82
050,46,127,"South Dakota","Union County",3,1,176,84,92
050,46,127,"South Dakota","Union County",3,2,183,90,93
050,46,127,"South Dakota","Union County",3,3,203,100,103
050,46,127,"South Dakota","Union County",3,4,218,104,114
050,46,127,"South Dakota","Union County",3,5,218,95,123
050,46,127,"South Dakota","Union County",3,6,203,94,109
050,46,127,"South Dakota","Union County",3,7,220,109,111
050,46,127,"South Dakota","Union County",3,8,231,109,122
050,46,127,"South Dakota","Union County",3,9,244,109,135
050,46,127,"South Dakota","Union County",3,10,232,121,111
050,46,127,"South Dakota","Union County",3,11,243,125,118
050,46,127,"South Dakota","Union County",3,12,258,129,129
050,46,127,"South Dakota","Union County",3,13,250,135,115
050,46,127,"South Dakota","Union County",3,14,263,137,126
050,46,127,"South Dakota","Union County",3,15,265,146,119
050,46,127,"South Dakota","Union County",3,16,257,134,123
050,46,127,"South Dakota","Union County",3,17,251,127,124
050,46,127,"South Dakota","Union County",3,18,183,99,84
050,46,127,"South Dakota","Union County",3,19,149,77,72
050,46,127,"South Dakota","Union County",3,20,172,93,79
050,46,127,"South Dakota","Union County",3,21,172,95,77
050,46,127,"South Dakota","Union County",3,22,175,98,77
050,46,127,"South Dakota","Union County",3,23,176,96,80
050,46,127,"South Dakota","Union County",3,24,187,108,79
050,46,127,"South Dakota","Union County",3,25,177,105,72
050,46,127,"South Dakota","Union County",3,26,189,103,86
050,46,127,"South Dakota","Union County",3,27,190,109,81
050,46,127,"South Dakota","Union County",3,28,197,113,84
050,46,127,"South Dakota","Union County",3,29,195,110,85
050,46,127,"South Dakota","Union County",3,30,211,113,98
050,46,127,"South Dakota","Union County",3,31,200,106,94
050,46,127,"South Dakota","Union County",3,32,208,99,109
050,46,127,"South Dakota","Union County",3,33,202,97,105
050,46,127,"South Dakota","Union County",3,34,209,104,105
050,46,127,"South Dakota","Union County",3,35,199,98,101
050,46,127,"South Dakota","Union County",3,36,215,112,103
050,46,127,"South Dakota","Union County",3,37,208,110,98
050,46,127,"South Dakota","Union County",3,38,194,92,102
050,46,127,"South Dakota","Union County",3,39,220,116,104
050,46,127,"South Dakota","Union County",3,40,224,113,111
050,46,127,"South Dakota","Union County",3,41,247,127,120
050,46,127,"South Dakota","Union County",3,42,217,107,110
050,46,127,"South Dakota","Union County",3,43,217,107,110
050,46,127,"South Dakota","Union County",3,44,209,104,105
050,46,127,"South Dakota","Union County",3,45,198,104,94
050,46,127,"South Dakota","Union County",3,46,222,109,113
050,46,127,"South Dakota","Union County",3,47,206,101,105
050,46,127,"South Dakota","Union County",3,48,190,99,91
050,46,127,"South Dakota","Union County",3,49,186,103,83
050,46,127,"South Dakota","Union County",3,50,206,104,102
050,46,127,"South Dakota","Union County",3,51,202,103,99
050,46,127,"South Dakota","Union County",3,52,201,106,95
050,46,127,"South Dakota","Union County",3,53,225,124,101
050,46,127,"South Dakota","Union County",3,54,210,107,103
050,46,127,"South Dakota","Union County",3,55,204,107,97
050,46,127,"South Dakota","Union County",3,56,225,125,100
050,46,127,"South Dakota","Union County",3,57,226,118,108
050,46,127,"South Dakota","Union County",3,58,229,108,121
050,46,127,"South Dakota","Union County",3,59,230,110,120
050,46,127,"South Dakota","Union County",3,60,238,116,122
050,46,127,"South Dakota","Union County",3,61,224,124,100
050,46,127,"South Dakota","Union County",3,62,225,120,105
050,46,127,"South Dakota","Union County",3,63,219,118,101
050,46,127,"South Dakota","Union County",3,64,224,111,113
050,46,127,"South Dakota","Union County",3,65,216,108,108
050,46,127,"South Dakota","Union County",3,66,222,110,112
050,46,127,"South Dakota","Union County",3,67,214,108,106
050,46,127,"South Dakota","Union County",3,68,216,104,112
050,46,127,"South Dakota","Union County",3,69,216,109,107
050,46,127,"South Dakota","Union County",3,70,215,115,100
050,46,127,"South Dakota","Union County",3,71,208,108,100
050,46,127,"South Dakota","Union County",3,72,176,91,85
050,46,127,"South Dakota","Union County",3,73,151,76,75
050,46,127,"South Dakota","Union County",3,74,154,78,76
050,46,127,"South Dakota","Union County",3,75,110,56,54
050,46,127,"South Dakota","Union County",3,76,114,58,56
050,46,127,"South Dakota","Union County",3,77,100,44,56
050,46,127,"South Dakota","Union County",3,78,109,51,58
050,46,127,"South Dakota","Union County",3,79,94,50,44
050,46,127,"South Dakota","Union County",3,80,83,40,43
050,46,127,"South Dakota","Union County",3,81,71,31,40
050,46,127,"South Dakota","Union County",3,82,70,24,46
050,46,127,"South Dakota","Union County",3,83,51,24,27
050,46,127,"South Dakota","Union County",3,84,43,20,23
050,46,127,"South Dakota","Union County",3,85,325,105,220
050,46,127,"South Dakota","Union County",4,0,160,71,89
050,46,127,"South Dakota","Union County",4,1,162,83,79
050,46,127,"South Dakota","Union County",4,2,186,90,96
050,46,127,"South Dakota","Union County",4,3,188,90,98
050,46,127,"South Dakota","Union County",4,4,225,113,112
050,46,127,"South Dakota","Union County",4,5,213,93,120
050,46,127,"South Dakota","Union County",4,6,232,105,127
050,46,127,"South Dakota","Union County",4,7,208,94,114
050,46,127,"South Dakota","Union County",4,8,234,117,117
050,46,127,"South Dakota","Union County",4,9,229,109,120
050,46,127,"South Dakota","Union County",4,10,243,112,131
050,46,127,"South Dakota","Union County",4,11,234,120,114
050,46,127,"South Dakota","Union County",4,12,251,134,117
050,46,127,"South Dakota","Union County",4,13,252,128,124
050,46,127,"South Dakota","Union County",4,14,260,138,122
050,46,127,"South Dakota","Union County",4,15,261,136,125
050,46,127,"South Dakota","Union County",4,16,279,154,125
050,46,127,"South Dakota","Union County",4,17,243,130,113
050,46,127,"South Dakota","Union County",4,18,215,116,99
050,46,127,"South Dakota","Union County",4,19,140,75,65
050,46,127,"South Dakota","Union County",4,20,152,71,81
050,46,127,"South Dakota","Union County",4,21,182,97,85
050,46,127,"South Dakota","Union County",4,22,172,85,87
050,46,127,"South Dakota","Union County",4,23,190,102,88
050,46,127,"South Dakota","Union County",4,24,179,91,88
050,46,127,"South Dakota","Union County",4,25,196,117,79
050,46,127,"South Dakota","Union County",4,26,181,107,74
050,46,127,"South Dakota","Union County",4,27,173,90,83
050,46,127,"South Dakota","Union County",4,28,196,112,84
050,46,127,"South Dakota","Union County",4,29,214,119,95
050,46,127,"South Dakota","Union County",4,30,205,113,92
050,46,127,"South Dakota","Union County",4,31,209,112,97
050,46,127,"South Dakota","Union County",4,32,198,102,96
050,46,127,"South Dakota","Union County",4,33,212,99,113
050,46,127,"South Dakota","Union County",4,34,212,101,111
050,46,127,"South Dakota","Union County",4,35,217,111,106
050,46,127,"South Dakota","Union County",4,36,202,103,99
050,46,127,"South Dakota","Union County",4,37,217,114,103
050,46,127,"South Dakota","Union County",4,38,206,113,93
050,46,127,"South Dakota","Union County",4,39,195,90,105
050,46,127,"South Dakota","Union County",4,40,227,117,110
050,46,127,"South Dakota","Union County",4,41,246,124,122
050,46,127,"South Dakota","Union County",4,42,245,120,125
050,46,127,"South Dakota","Union County",4,43,217,104,113
050,46,127,"South Dakota","Union County",4,44,227,110,117
050,46,127,"South Dakota","Union County",4,45,207,102,105
050,46,127,"South Dakota","Union County",4,46,215,115,100
050,46,127,"South Dakota","Union County",4,47,217,108,109
050,46,127,"South Dakota","Union County",4,48,213,103,110
050,46,127,"South Dakota","Union County",4,49,201,103,98
050,46,127,"South Dakota","Union County",4,50,192,111,81
050,46,127,"South Dakota","Union County",4,51,199,99,100
050,46,127,"South Dakota","Union County",4,52,202,103,99
050,46,127,"South Dakota","Union County",4,53,202,111,91
050,46,127,"South Dakota","Union County",4,54,222,121,101
050,46,127,"South Dakota","Union County",4,55,208,101,107
050,46,127,"South Dakota","Union County",4,56,206,105,101
050,46,127,"South Dakota","Union County",4,57,223,120,103
050,46,127,"South Dakota","Union County",4,58,224,116,108
050,46,127,"South Dakota","Union County",4,59,229,104,125
050,46,127,"South Dakota","Union County",4,60,226,111,115
050,46,127,"South Dakota","Union County",4,61,240,121,119
050,46,127,"South Dakota","Union County",4,62,224,123,101
050,46,127,"South Dakota","Union County",4,63,224,120,104
050,46,127,"South Dakota","Union County",4,64,225,120,105
050,46,127,"South Dakota","Union County",4,65,214,108,106
050,46,127,"South Dakota","Union County",4,66,208,103,105
050,46,127,"South Dakota","Union County",4,67,220,109,111
050,46,127,"South Dakota","Union County",4,68,220,110,110
050,46,127,"South Dakota","Union County",4,69,221,103,118
050,46,127,"South Dakota","Union County",4,70,202,101,101
050,46,127,"South Dakota","Union County",4,71,224,117,107
050,46,127,"South Dakota","Union County",4,72,204,107,97
050,46,127,"South Dakota","Union County",4,73,166,84,82
050,46,127,"South Dakota","Union County",4,74,148,74,74
050,46,127,"South Dakota","Union County",4,75,151,78,73
050,46,127,"South Dakota","Union County",4,76,108,54,54
050,46,127,"South Dakota","Union County",4,77,106,53,53
050,46,127,"South Dakota","Union County",4,78,102,46,56
050,46,127,"South Dakota","Union County",4,79,103,48,55
050,46,127,"South Dakota","Union County",4,80,95,49,46
050,46,127,"South Dakota","Union County",4,81,74,34,40
050,46,127,"South Dakota","Union County",4,82,70,29,41
050,46,127,"South Dakota","Union County",4,83,62,24,38
050,46,127,"South Dakota","Union County",4,84,55,25,30
050,46,127,"South Dakota","Union County",4,85,326,99,227
050,46,127,"South Dakota","Union County",5,0,194,86,108
050,46,127,"South Dakota","Union County",5,1,159,72,87
050,46,127,"South Dakota","Union County",5,2,177,89,88
050,46,127,"South Dakota","Union County",5,3,191,90,101
050,46,127,"South Dakota","Union County",5,4,192,92,100
050,46,127,"South Dakota","Union County",5,5,227,113,114
050,46,127,"South Dakota","Union County",5,6,216,97,119
050,46,127,"South Dakota","Union County",5,7,235,105,130
050,46,127,"South Dakota","Union County",5,8,212,99,113
050,46,127,"South Dakota","Union County",5,9,235,121,114
050,46,127,"South Dakota","Union County",5,10,239,115,124
050,46,127,"South Dakota","Union County",5,11,245,115,130
050,46,127,"South Dakota","Union County",5,12,225,120,105
050,46,127,"South Dakota","Union County",5,13,249,136,113
050,46,127,"South Dakota","Union County",5,14,254,128,126
050,46,127,"South Dakota","Union County",5,15,261,135,126
050,46,127,"South Dakota","Union County",5,16,281,137,144
050,46,127,"South Dakota","Union County",5,17,290,168,122
050,46,127,"South Dakota","Union County",5,18,210,115,95
050,46,127,"South Dakota","Union County",5,19,161,88,73
050,46,127,"South Dakota","Union County",5,20,145,76,69
050,46,127,"South Dakota","Union County",5,21,152,75,77
050,46,127,"South Dakota","Union County",5,22,195,102,93
050,46,127,"South Dakota","Union County",5,23,196,103,93
050,46,127,"South Dakota","Union County",5,24,183,98,85
050,46,127,"South Dakota","Union County",5,25,160,84,76
050,46,127,"South Dakota","Union County",5,26,205,122,83
050,46,127,"South Dakota","Union County",5,27,173,97,76
050,46,127,"South Dakota","Union County",5,28,169,87,82
050,46,127,"South Dakota","Union County",5,29,206,114,92
050,46,127,"South Dakota","Union County",5,30,211,122,89
050,46,127,"South Dakota","Union County",5,31,208,113,95
050,46,127,"South Dakota","Union County",5,32,215,114,101
050,46,127,"South Dakota","Union County",5,33,206,102,104
050,46,127,"South Dakota","Union County",5,34,226,111,115
050,46,127,"South Dakota","Union County",5,35,212,99,113
050,46,127,"South Dakota","Union County",5,36,224,118,106
050,46,127,"South Dakota","Union County",5,37,191,99,92
050,46,127,"South Dakota","Union County",5,38,218,114,104
050,46,127,"South Dakota","Union County",5,39,218,116,102
050,46,127,"South Dakota","Union County",5,40,188,87,101
050,46,127,"South Dakota","Union County",5,41,227,116,111
050,46,127,"South Dakota","Union County",5,42,255,132,123
050,46,127,"South Dakota","Union County",5,43,255,125,130
050,46,127,"South Dakota","Union County",5,44,209,97,112
050,46,127,"South Dakota","Union County",5,45,226,114,112
050,46,127,"South Dakota","Union County",5,46,211,108,103
050,46,127,"South Dakota","Union County",5,47,214,113,101
050,46,127,"South Dakota","Union County",5,48,227,111,116
050,46,127,"South Dakota","Union County",5,49,218,106,112
050,46,127,"South Dakota","Union County",5,50,207,107,100
050,46,127,"South Dakota","Union County",5,51,190,105,85
050,46,127,"South Dakota","Union County",5,52,199,104,95
050,46,127,"South Dakota","Union County",5,53,203,108,95
050,46,127,"South Dakota","Union County",5,54,208,111,97
050,46,127,"South Dakota","Union County",5,55,209,114,95
050,46,127,"South Dakota","Union County",5,56,208,99,109
050,46,127,"South Dakota","Union County",5,57,196,104,92
050,46,127,"South Dakota","Union County",5,58,217,118,99
050,46,127,"South Dakota","Union County",5,59,231,116,115
050,46,127,"South Dakota","Union County",5,60,226,101,125
050,46,127,"South Dakota","Union County",5,61,215,103,112
050,46,127,"South Dakota","Union County",5,62,245,126,119
050,46,127,"South Dakota","Union County",5,63,218,119,99
050,46,127,"South Dakota","Union County",5,64,221,117,104
050,46,127,"South Dakota","Union County",5,65,224,118,106
050,46,127,"South Dakota","Union County",5,66,213,108,105
050,46,127,"South Dakota","Union County",5,67,203,101,102
050,46,127,"South Dakota","Union County",5,68,224,112,112
050,46,127,"South Dakota","Union County",5,69,220,110,110
050,46,127,"South Dakota","Union County",5,70,210,98,112
050,46,127,"South Dakota","Union County",5,71,204,99,105
050,46,127,"South Dakota","Union County",5,72,214,110,104
050,46,127,"South Dakota","Union County",5,73,200,105,95
050,46,127,"South Dakota","Union County",5,74,165,82,83
050,46,127,"South Dakota","Union County",5,75,145,74,71
050,46,127,"South Dakota","Union County",5,76,149,79,70
050,46,127,"South Dakota","Union County",5,77,96,46,50
050,46,127,"South Dakota","Union County",5,78,109,55,54
050,46,127,"South Dakota","Union County",5,79,101,46,55
050,46,127,"South Dakota","Union County",5,80,102,47,55
050,46,127,"South Dakota","Union County",5,81,87,44,43
050,46,127,"South Dakota","Union County",5,82,68,30,38
050,46,127,"South Dakota","Union County",5,83,59,27,32
050,46,127,"South Dakota","Union County",5,84,61,25,36
050,46,127,"South Dakota","Union County",5,85,340,111,229
050,46,129,"South Dakota","Walworth County",1,0,66,31,35
050,46,129,"South Dakota","Walworth County",1,1,70,29,41
050,46,129,"South Dakota","Walworth County",1,2,76,44,32
050,46,129,"South Dakota","Walworth County",1,3,78,41,37
050,46,129,"South Dakota","Walworth County",1,4,77,38,39
050,46,129,"South Dakota","Walworth County",1,5,87,44,43
050,46,129,"South Dakota","Walworth County",1,6,77,40,37
050,46,129,"South Dakota","Walworth County",1,7,55,23,32
050,46,129,"South Dakota","Walworth County",1,8,62,36,26
050,46,129,"South Dakota","Walworth County",1,9,62,33,29
050,46,129,"South Dakota","Walworth County",1,10,56,25,31
050,46,129,"South Dakota","Walworth County",1,11,60,27,33
050,46,129,"South Dakota","Walworth County",1,12,73,30,43
050,46,129,"South Dakota","Walworth County",1,13,87,40,47
050,46,129,"South Dakota","Walworth County",1,14,67,36,31
050,46,129,"South Dakota","Walworth County",1,15,67,35,32
050,46,129,"South Dakota","Walworth County",1,16,75,43,32
050,46,129,"South Dakota","Walworth County",1,17,63,34,29
050,46,129,"South Dakota","Walworth County",1,18,55,31,24
050,46,129,"South Dakota","Walworth County",1,19,52,28,24
050,46,129,"South Dakota","Walworth County",1,20,53,33,20
050,46,129,"South Dakota","Walworth County",1,21,46,25,21
050,46,129,"South Dakota","Walworth County",1,22,59,31,28
050,46,129,"South Dakota","Walworth County",1,23,56,27,29
050,46,129,"South Dakota","Walworth County",1,24,49,22,27
050,46,129,"South Dakota","Walworth County",1,25,53,25,28
050,46,129,"South Dakota","Walworth County",1,26,49,27,22
050,46,129,"South Dakota","Walworth County",1,27,50,27,23
050,46,129,"South Dakota","Walworth County",1,28,59,30,29
050,46,129,"South Dakota","Walworth County",1,29,58,31,27
050,46,129,"South Dakota","Walworth County",1,30,59,33,26
050,46,129,"South Dakota","Walworth County",1,31,61,34,27
050,46,129,"South Dakota","Walworth County",1,32,71,40,31
050,46,129,"South Dakota","Walworth County",1,33,68,41,27
050,46,129,"South Dakota","Walworth County",1,34,70,39,31
050,46,129,"South Dakota","Walworth County",1,35,53,29,24
050,46,129,"South Dakota","Walworth County",1,36,57,35,22
050,46,129,"South Dakota","Walworth County",1,37,56,32,24
050,46,129,"South Dakota","Walworth County",1,38,67,31,36
050,46,129,"South Dakota","Walworth County",1,39,57,25,32
050,46,129,"South Dakota","Walworth County",1,40,53,23,30
050,46,129,"South Dakota","Walworth County",1,41,39,20,19
050,46,129,"South Dakota","Walworth County",1,42,46,26,20
050,46,129,"South Dakota","Walworth County",1,43,56,31,25
050,46,129,"South Dakota","Walworth County",1,44,58,29,29
050,46,129,"South Dakota","Walworth County",1,45,64,32,32
050,46,129,"South Dakota","Walworth County",1,46,55,27,28
050,46,129,"South Dakota","Walworth County",1,47,43,21,22
050,46,129,"South Dakota","Walworth County",1,48,50,27,23
050,46,129,"South Dakota","Walworth County",1,49,52,33,19
050,46,129,"South Dakota","Walworth County",1,50,53,26,27
050,46,129,"South Dakota","Walworth County",1,51,53,28,25
050,46,129,"South Dakota","Walworth County",1,52,49,26,23
050,46,129,"South Dakota","Walworth County",1,53,55,27,28
050,46,129,"South Dakota","Walworth County",1,54,59,28,31
050,46,129,"South Dakota","Walworth County",1,55,57,26,31
050,46,129,"South Dakota","Walworth County",1,56,78,33,45
050,46,129,"South Dakota","Walworth County",1,57,81,37,44
050,46,129,"South Dakota","Walworth County",1,58,80,41,39
050,46,129,"South Dakota","Walworth County",1,59,77,44,33
050,46,129,"South Dakota","Walworth County",1,60,66,37,29
050,46,129,"South Dakota","Walworth County",1,61,75,41,34
050,46,129,"South Dakota","Walworth County",1,62,80,40,40
050,46,129,"South Dakota","Walworth County",1,63,82,40,42
050,46,129,"South Dakota","Walworth County",1,64,86,45,41
050,46,129,"South Dakota","Walworth County",1,65,84,38,46
050,46,129,"South Dakota","Walworth County",1,66,78,35,43
050,46,129,"South Dakota","Walworth County",1,67,71,32,39
050,46,129,"South Dakota","Walworth County",1,68,73,39,34
050,46,129,"South Dakota","Walworth County",1,69,81,45,36
050,46,129,"South Dakota","Walworth County",1,70,68,35,33
050,46,129,"South Dakota","Walworth County",1,71,73,36,37
050,46,129,"South Dakota","Walworth County",1,72,72,36,36
050,46,129,"South Dakota","Walworth County",1,73,65,33,32
050,46,129,"South Dakota","Walworth County",1,74,44,22,22
050,46,129,"South Dakota","Walworth County",1,75,50,30,20
050,46,129,"South Dakota","Walworth County",1,76,42,18,24
050,46,129,"South Dakota","Walworth County",1,77,39,19,20
050,46,129,"South Dakota","Walworth County",1,78,40,19,21
050,46,129,"South Dakota","Walworth County",1,79,34,17,17
050,46,129,"South Dakota","Walworth County",1,80,34,16,18
050,46,129,"South Dakota","Walworth County",1,81,35,14,21
050,46,129,"South Dakota","Walworth County",1,82,33,16,17
050,46,129,"South Dakota","Walworth County",1,83,34,16,18
050,46,129,"South Dakota","Walworth County",1,84,33,20,13
050,46,129,"South Dakota","Walworth County",1,85,172,66,106
050,46,129,"South Dakota","Walworth County",2,0,62,31,31
050,46,129,"South Dakota","Walworth County",2,1,69,29,40
050,46,129,"South Dakota","Walworth County",2,2,74,40,34
050,46,129,"South Dakota","Walworth County",2,3,77,41,36
050,46,129,"South Dakota","Walworth County",2,4,77,38,39
050,46,129,"South Dakota","Walworth County",2,5,84,43,41
050,46,129,"South Dakota","Walworth County",2,6,79,41,38
050,46,129,"South Dakota","Walworth County",2,7,61,27,34
050,46,129,"South Dakota","Walworth County",2,8,60,32,28
050,46,129,"South Dakota","Walworth County",2,9,61,33,28
050,46,129,"South Dakota","Walworth County",2,10,56,26,30
050,46,129,"South Dakota","Walworth County",2,11,57,26,31
050,46,129,"South Dakota","Walworth County",2,12,73,30,43
050,46,129,"South Dakota","Walworth County",2,13,83,37,46
050,46,129,"South Dakota","Walworth County",2,14,71,36,35
050,46,129,"South Dakota","Walworth County",2,15,65,33,32
050,46,129,"South Dakota","Walworth County",2,16,72,40,32
050,46,129,"South Dakota","Walworth County",2,17,67,36,31
050,46,129,"South Dakota","Walworth County",2,18,54,30,24
050,46,129,"South Dakota","Walworth County",2,19,49,26,23
050,46,129,"South Dakota","Walworth County",2,20,53,31,22
050,46,129,"South Dakota","Walworth County",2,21,48,27,21
050,46,129,"South Dakota","Walworth County",2,22,56,30,26
050,46,129,"South Dakota","Walworth County",2,23,55,27,28
050,46,129,"South Dakota","Walworth County",2,24,53,25,28
050,46,129,"South Dakota","Walworth County",2,25,51,24,27
050,46,129,"South Dakota","Walworth County",2,26,49,27,22
050,46,129,"South Dakota","Walworth County",2,27,50,27,23
050,46,129,"South Dakota","Walworth County",2,28,55,29,26
050,46,129,"South Dakota","Walworth County",2,29,57,30,27
050,46,129,"South Dakota","Walworth County",2,30,59,33,26
050,46,129,"South Dakota","Walworth County",2,31,60,33,27
050,46,129,"South Dakota","Walworth County",2,32,69,38,31
050,46,129,"South Dakota","Walworth County",2,33,68,40,28
050,46,129,"South Dakota","Walworth County",2,34,69,39,30
050,46,129,"South Dakota","Walworth County",2,35,57,31,26
050,46,129,"South Dakota","Walworth County",2,36,54,32,22
050,46,129,"South Dakota","Walworth County",2,37,56,32,24
050,46,129,"South Dakota","Walworth County",2,38,65,32,33
050,46,129,"South Dakota","Walworth County",2,39,58,26,32
050,46,129,"South Dakota","Walworth County",2,40,53,23,30
050,46,129,"South Dakota","Walworth County",2,41,42,21,21
050,46,129,"South Dakota","Walworth County",2,42,45,25,20
050,46,129,"South Dakota","Walworth County",2,43,54,30,24
050,46,129,"South Dakota","Walworth County",2,44,57,29,28
050,46,129,"South Dakota","Walworth County",2,45,63,31,32
050,46,129,"South Dakota","Walworth County",2,46,57,29,28
050,46,129,"South Dakota","Walworth County",2,47,47,23,24
050,46,129,"South Dakota","Walworth County",2,48,48,25,23
050,46,129,"South Dakota","Walworth County",2,49,51,31,20
050,46,129,"South Dakota","Walworth County",2,50,53,28,25
050,46,129,"South Dakota","Walworth County",2,51,52,27,25
050,46,129,"South Dakota","Walworth County",2,52,50,27,23
050,46,129,"South Dakota","Walworth County",2,53,53,26,27
050,46,129,"South Dakota","Walworth County",2,54,57,28,29
050,46,129,"South Dakota","Walworth County",2,55,58,27,31
050,46,129,"South Dakota","Walworth County",2,56,73,31,42
050,46,129,"South Dakota","Walworth County",2,57,80,36,44
050,46,129,"South Dakota","Walworth County",2,58,80,40,40
050,46,129,"South Dakota","Walworth County",2,59,79,44,35
050,46,129,"South Dakota","Walworth County",2,60,68,38,30
050,46,129,"South Dakota","Walworth County",2,61,73,40,33
050,46,129,"South Dakota","Walworth County",2,62,80,41,39
050,46,129,"South Dakota","Walworth County",2,63,83,40,43
050,46,129,"South Dakota","Walworth County",2,64,83,43,40
050,46,129,"South Dakota","Walworth County",2,65,83,40,43
050,46,129,"South Dakota","Walworth County",2,66,80,36,44
050,46,129,"South Dakota","Walworth County",2,67,73,32,41
050,46,129,"South Dakota","Walworth County",2,68,72,37,35
050,46,129,"South Dakota","Walworth County",2,69,78,43,35
050,46,129,"South Dakota","Walworth County",2,70,71,37,34
050,46,129,"South Dakota","Walworth County",2,71,72,36,36
050,46,129,"South Dakota","Walworth County",2,72,70,35,35
050,46,129,"South Dakota","Walworth County",2,73,70,35,35
050,46,129,"South Dakota","Walworth County",2,74,46,23,23
050,46,129,"South Dakota","Walworth County",2,75,50,29,21
050,46,129,"South Dakota","Walworth County",2,76,43,20,23
050,46,129,"South Dakota","Walworth County",2,77,40,18,22
050,46,129,"South Dakota","Walworth County",2,78,39,18,21
050,46,129,"South Dakota","Walworth County",2,79,35,17,18
050,46,129,"South Dakota","Walworth County",2,80,34,16,18
050,46,129,"South Dakota","Walworth County",2,81,35,15,20
050,46,129,"South Dakota","Walworth County",2,82,33,15,18
050,46,129,"South Dakota","Walworth County",2,83,34,16,18
050,46,129,"South Dakota","Walworth County",2,84,33,19,14
050,46,129,"South Dakota","Walworth County",2,85,171,66,105
050,46,129,"South Dakota","Walworth County",3,0,66,38,28
050,46,129,"South Dakota","Walworth County",3,1,70,33,37
050,46,129,"South Dakota","Walworth County",3,2,74,30,44
050,46,129,"South Dakota","Walworth County",3,3,68,37,31
050,46,129,"South Dakota","Walworth County",3,4,70,40,30
050,46,129,"South Dakota","Walworth County",3,5,70,36,34
050,46,129,"South Dakota","Walworth County",3,6,81,43,38
050,46,129,"South Dakota","Walworth County",3,7,73,39,34
050,46,129,"South Dakota","Walworth County",3,8,60,27,33
050,46,129,"South Dakota","Walworth County",3,9,56,29,27
050,46,129,"South Dakota","Walworth County",3,10,62,34,28
050,46,129,"South Dakota","Walworth County",3,11,53,25,28
050,46,129,"South Dakota","Walworth County",3,12,60,28,32
050,46,129,"South Dakota","Walworth County",3,13,74,32,42
050,46,129,"South Dakota","Walworth County",3,14,77,32,45
050,46,129,"South Dakota","Walworth County",3,15,67,34,33
050,46,129,"South Dakota","Walworth County",3,16,61,30,31
050,46,129,"South Dakota","Walworth County",3,17,73,42,31
050,46,129,"South Dakota","Walworth County",3,18,59,33,26
050,46,129,"South Dakota","Walworth County",3,19,46,23,23
050,46,129,"South Dakota","Walworth County",3,20,52,29,23
050,46,129,"South Dakota","Walworth County",3,21,59,33,26
050,46,129,"South Dakota","Walworth County",3,22,58,28,30
050,46,129,"South Dakota","Walworth County",3,23,58,31,27
050,46,129,"South Dakota","Walworth County",3,24,58,26,32
050,46,129,"South Dakota","Walworth County",3,25,53,27,26
050,46,129,"South Dakota","Walworth County",3,26,52,27,25
050,46,129,"South Dakota","Walworth County",3,27,61,32,29
050,46,129,"South Dakota","Walworth County",3,28,49,28,21
050,46,129,"South Dakota","Walworth County",3,29,52,26,26
050,46,129,"South Dakota","Walworth County",3,30,54,30,24
050,46,129,"South Dakota","Walworth County",3,31,60,33,27
050,46,129,"South Dakota","Walworth County",3,32,60,35,25
050,46,129,"South Dakota","Walworth County",3,33,70,39,31
050,46,129,"South Dakota","Walworth County",3,34,64,35,29
050,46,129,"South Dakota","Walworth County",3,35,70,39,31
050,46,129,"South Dakota","Walworth County",3,36,56,30,26
050,46,129,"South Dakota","Walworth County",3,37,53,30,23
050,46,129,"South Dakota","Walworth County",3,38,53,33,20
050,46,129,"South Dakota","Walworth County",3,39,65,32,33
050,46,129,"South Dakota","Walworth County",3,40,58,24,34
050,46,129,"South Dakota","Walworth County",3,41,54,23,31
050,46,129,"South Dakota","Walworth County",3,42,42,23,19
050,46,129,"South Dakota","Walworth County",3,43,45,25,20
050,46,129,"South Dakota","Walworth County",3,44,51,28,23
050,46,129,"South Dakota","Walworth County",3,45,57,28,29
050,46,129,"South Dakota","Walworth County",3,46,66,33,33
050,46,129,"South Dakota","Walworth County",3,47,57,28,29
050,46,129,"South Dakota","Walworth County",3,48,48,23,25
050,46,129,"South Dakota","Walworth County",3,49,49,28,21
050,46,129,"South Dakota","Walworth County",3,50,50,30,20
050,46,129,"South Dakota","Walworth County",3,51,50,28,22
050,46,129,"South Dakota","Walworth County",3,52,51,26,25
050,46,129,"South Dakota","Walworth County",3,53,51,28,23
050,46,129,"South Dakota","Walworth County",3,54,54,26,28
050,46,129,"South Dakota","Walworth County",3,55,57,28,29
050,46,129,"South Dakota","Walworth County",3,56,60,28,32
050,46,129,"South Dakota","Walworth County",3,57,74,32,42
050,46,129,"South Dakota","Walworth County",3,58,79,37,42
050,46,129,"South Dakota","Walworth County",3,59,82,43,39
050,46,129,"South Dakota","Walworth County",3,60,79,44,35
050,46,129,"South Dakota","Walworth County",3,61,67,37,30
050,46,129,"South Dakota","Walworth County",3,62,78,46,32
050,46,129,"South Dakota","Walworth County",3,63,79,40,39
050,46,129,"South Dakota","Walworth County",3,64,78,37,41
050,46,129,"South Dakota","Walworth County",3,65,83,43,40
050,46,129,"South Dakota","Walworth County",3,66,80,38,42
050,46,129,"South Dakota","Walworth County",3,67,83,38,45
050,46,129,"South Dakota","Walworth County",3,68,73,33,40
050,46,129,"South Dakota","Walworth County",3,69,71,33,38
050,46,129,"South Dakota","Walworth County",3,70,79,44,35
050,46,129,"South Dakota","Walworth County",3,71,69,34,35
050,46,129,"South Dakota","Walworth County",3,72,68,35,33
050,46,129,"South Dakota","Walworth County",3,73,72,36,36
050,46,129,"South Dakota","Walworth County",3,74,63,31,32
050,46,129,"South Dakota","Walworth County",3,75,42,22,20
050,46,129,"South Dakota","Walworth County",3,76,48,28,20
050,46,129,"South Dakota","Walworth County",3,77,41,18,23
050,46,129,"South Dakota","Walworth County",3,78,39,17,22
050,46,129,"South Dakota","Walworth County",3,79,35,15,20
050,46,129,"South Dakota","Walworth County",3,80,31,15,16
050,46,129,"South Dakota","Walworth County",3,81,32,14,18
050,46,129,"South Dakota","Walworth County",3,82,34,15,19
050,46,129,"South Dakota","Walworth County",3,83,34,14,20
050,46,129,"South Dakota","Walworth County",3,84,24,10,14
050,46,129,"South Dakota","Walworth County",3,85,166,70,96
050,46,129,"South Dakota","Walworth County",4,0,78,42,36
050,46,129,"South Dakota","Walworth County",4,1,69,44,25
050,46,129,"South Dakota","Walworth County",4,2,76,34,42
050,46,129,"South Dakota","Walworth County",4,3,73,28,45
050,46,129,"South Dakota","Walworth County",4,4,62,35,27
050,46,129,"South Dakota","Walworth County",4,5,73,37,36
050,46,129,"South Dakota","Walworth County",4,6,69,35,34
050,46,129,"South Dakota","Walworth County",4,7,77,40,37
050,46,129,"South Dakota","Walworth County",4,8,74,39,35
050,46,129,"South Dakota","Walworth County",4,9,62,27,35
050,46,129,"South Dakota","Walworth County",4,10,56,29,27
050,46,129,"South Dakota","Walworth County",4,11,65,34,31
050,46,129,"South Dakota","Walworth County",4,12,54,26,28
050,46,129,"South Dakota","Walworth County",4,13,67,35,32
050,46,129,"South Dakota","Walworth County",4,14,74,32,42
050,46,129,"South Dakota","Walworth County",4,15,86,34,52
050,46,129,"South Dakota","Walworth County",4,16,66,34,32
050,46,129,"South Dakota","Walworth County",4,17,63,33,30
050,46,129,"South Dakota","Walworth County",4,18,66,36,30
050,46,129,"South Dakota","Walworth County",4,19,46,23,23
050,46,129,"South Dakota","Walworth County",4,20,49,27,22
050,46,129,"South Dakota","Walworth County",4,21,49,27,22
050,46,129,"South Dakota","Walworth County",4,22,56,31,25
050,46,129,"South Dakota","Walworth County",4,23,59,30,29
050,46,129,"South Dakota","Walworth County",4,24,63,34,29
050,46,129,"South Dakota","Walworth County",4,25,58,31,27
050,46,129,"South Dakota","Walworth County",4,26,52,30,22
050,46,129,"South Dakota","Walworth County",4,27,49,24,25
050,46,129,"South Dakota","Walworth County",4,28,59,32,27
050,46,129,"South Dakota","Walworth County",4,29,44,24,20
050,46,129,"South Dakota","Walworth County",4,30,59,28,31
050,46,129,"South Dakota","Walworth County",4,31,54,29,25
050,46,129,"South Dakota","Walworth County",4,32,62,34,28
050,46,129,"South Dakota","Walworth County",4,33,59,34,25
050,46,129,"South Dakota","Walworth County",4,34,67,38,29
050,46,129,"South Dakota","Walworth County",4,35,58,34,24
050,46,129,"South Dakota","Walworth County",4,36,66,36,30
050,46,129,"South Dakota","Walworth County",4,37,56,29,27
050,46,129,"South Dakota","Walworth County",4,38,53,32,21
050,46,129,"South Dakota","Walworth County",4,39,52,33,19
050,46,129,"South Dakota","Walworth County",4,40,65,30,35
050,46,129,"South Dakota","Walworth County",4,41,56,22,34
050,46,129,"South Dakota","Walworth County",4,42,53,22,31
050,46,129,"South Dakota","Walworth County",4,43,46,24,22
050,46,129,"South Dakota","Walworth County",4,44,43,25,18
050,46,129,"South Dakota","Walworth County",4,45,51,28,23
050,46,129,"South Dakota","Walworth County",4,46,62,32,30
050,46,129,"South Dakota","Walworth County",4,47,63,34,29
050,46,129,"South Dakota","Walworth County",4,48,61,31,30
050,46,129,"South Dakota","Walworth County",4,49,43,23,20
050,46,129,"South Dakota","Walworth County",4,50,53,29,24
050,46,129,"South Dakota","Walworth County",4,51,51,31,20
050,46,129,"South Dakota","Walworth County",4,52,47,26,21
050,46,129,"South Dakota","Walworth County",4,53,52,26,26
050,46,129,"South Dakota","Walworth County",4,54,52,28,24
050,46,129,"South Dakota","Walworth County",4,55,54,26,28
050,46,129,"South Dakota","Walworth County",4,56,62,32,30
050,46,129,"South Dakota","Walworth County",4,57,65,31,34
050,46,129,"South Dakota","Walworth County",4,58,73,31,42
050,46,129,"South Dakota","Walworth County",4,59,76,36,40
050,46,129,"South Dakota","Walworth County",4,60,79,43,36
050,46,129,"South Dakota","Walworth County",4,61,86,46,40
050,46,129,"South Dakota","Walworth County",4,62,74,41,33
050,46,129,"South Dakota","Walworth County",4,63,73,42,31
050,46,129,"South Dakota","Walworth County",4,64,78,38,40
050,46,129,"South Dakota","Walworth County",4,65,77,36,41
050,46,129,"South Dakota","Walworth County",4,66,83,42,41
050,46,129,"South Dakota","Walworth County",4,67,86,41,45
050,46,129,"South Dakota","Walworth County",4,68,85,38,47
050,46,129,"South Dakota","Walworth County",4,69,69,29,40
050,46,129,"South Dakota","Walworth County",4,70,72,34,38
050,46,129,"South Dakota","Walworth County",4,71,76,42,34
050,46,129,"South Dakota","Walworth County",4,72,67,33,34
050,46,129,"South Dakota","Walworth County",4,73,69,35,34
050,46,129,"South Dakota","Walworth County",4,74,67,33,34
050,46,129,"South Dakota","Walworth County",4,75,57,29,28
050,46,129,"South Dakota","Walworth County",4,76,40,21,19
050,46,129,"South Dakota","Walworth County",4,77,50,28,22
050,46,129,"South Dakota","Walworth County",4,78,41,17,24
050,46,129,"South Dakota","Walworth County",4,79,37,18,19
050,46,129,"South Dakota","Walworth County",4,80,36,15,21
050,46,129,"South Dakota","Walworth County",4,81,30,14,16
050,46,129,"South Dakota","Walworth County",4,82,32,13,19
050,46,129,"South Dakota","Walworth County",4,83,35,15,20
050,46,129,"South Dakota","Walworth County",4,84,28,10,18
050,46,129,"South Dakota","Walworth County",4,85,151,61,90
050,46,129,"South Dakota","Walworth County",5,0,76,39,37
050,46,129,"South Dakota","Walworth County",5,1,71,43,28
050,46,129,"South Dakota","Walworth County",5,2,63,37,26
050,46,129,"South Dakota","Walworth County",5,3,76,32,44
050,46,129,"South Dakota","Walworth County",5,4,77,30,47
050,46,129,"South Dakota","Walworth County",5,5,64,35,29
050,46,129,"South Dakota","Walworth County",5,6,67,33,34
050,46,129,"South Dakota","Walworth County",5,7,70,38,32
050,46,129,"South Dakota","Walworth County",5,8,83,39,44
050,46,129,"South Dakota","Walworth County",5,9,74,39,35
050,46,129,"South Dakota","Walworth County",5,10,62,26,36
050,46,129,"South Dakota","Walworth County",5,11,58,30,28
050,46,129,"South Dakota","Walworth County",5,12,66,34,32
050,46,129,"South Dakota","Walworth County",5,13,57,28,29
050,46,129,"South Dakota","Walworth County",5,14,66,33,33
050,46,129,"South Dakota","Walworth County",5,15,80,36,44
050,46,129,"South Dakota","Walworth County",5,16,85,35,50
050,46,129,"South Dakota","Walworth County",5,17,65,34,31
050,46,129,"South Dakota","Walworth County",5,18,55,28,27
050,46,129,"South Dakota","Walworth County",5,19,49,28,21
050,46,129,"South Dakota","Walworth County",5,20,49,24,25
050,46,129,"South Dakota","Walworth County",5,21,45,21,24
050,46,129,"South Dakota","Walworth County",5,22,56,28,28
050,46,129,"South Dakota","Walworth County",5,23,61,33,28
050,46,129,"South Dakota","Walworth County",5,24,53,28,25
050,46,129,"South Dakota","Walworth County",5,25,64,35,29
050,46,129,"South Dakota","Walworth County",5,26,59,27,32
050,46,129,"South Dakota","Walworth County",5,27,53,33,20
050,46,129,"South Dakota","Walworth County",5,28,48,20,28
050,46,129,"South Dakota","Walworth County",5,29,54,30,24
050,46,129,"South Dakota","Walworth County",5,30,43,24,19
050,46,129,"South Dakota","Walworth County",5,31,62,32,30
050,46,129,"South Dakota","Walworth County",5,32,53,29,24
050,46,129,"South Dakota","Walworth County",5,33,62,35,27
050,46,129,"South Dakota","Walworth County",5,34,60,34,26
050,46,129,"South Dakota","Walworth County",5,35,68,37,31
050,46,129,"South Dakota","Walworth County",5,36,60,35,25
050,46,129,"South Dakota","Walworth County",5,37,62,33,29
050,46,129,"South Dakota","Walworth County",5,38,60,31,29
050,46,129,"South Dakota","Walworth County",5,39,55,34,21
050,46,129,"South Dakota","Walworth County",5,40,53,33,20
050,46,129,"South Dakota","Walworth County",5,41,65,31,34
050,46,129,"South Dakota","Walworth County",5,42,56,22,34
050,46,129,"South Dakota","Walworth County",5,43,52,22,30
050,46,129,"South Dakota","Walworth County",5,44,41,23,18
050,46,129,"South Dakota","Walworth County",5,45,44,26,18
050,46,129,"South Dakota","Walworth County",5,46,56,31,25
050,46,129,"South Dakota","Walworth County",5,47,62,31,31
050,46,129,"South Dakota","Walworth County",5,48,64,35,29
050,46,129,"South Dakota","Walworth County",5,49,60,31,29
050,46,129,"South Dakota","Walworth County",5,50,43,25,18
050,46,129,"South Dakota","Walworth County",5,51,52,26,26
050,46,129,"South Dakota","Walworth County",5,52,47,29,18
050,46,129,"South Dakota","Walworth County",5,53,48,26,22
050,46,129,"South Dakota","Walworth County",5,54,52,26,26
050,46,129,"South Dakota","Walworth County",5,55,50,25,25
050,46,129,"South Dakota","Walworth County",5,56,55,27,28
050,46,129,"South Dakota","Walworth County",5,57,60,32,28
050,46,129,"South Dakota","Walworth County",5,58,66,33,33
050,46,129,"South Dakota","Walworth County",5,59,76,33,43
050,46,129,"South Dakota","Walworth County",5,60,75,34,41
050,46,129,"South Dakota","Walworth County",5,61,86,49,37
050,46,129,"South Dakota","Walworth County",5,62,87,46,41
050,46,129,"South Dakota","Walworth County",5,63,72,38,34
050,46,129,"South Dakota","Walworth County",5,64,71,40,31
050,46,129,"South Dakota","Walworth County",5,65,77,38,39
050,46,129,"South Dakota","Walworth County",5,66,74,35,39
050,46,129,"South Dakota","Walworth County",5,67,82,43,39
050,46,129,"South Dakota","Walworth County",5,68,82,39,43
050,46,129,"South Dakota","Walworth County",5,69,81,33,48
050,46,129,"South Dakota","Walworth County",5,70,68,29,39
050,46,129,"South Dakota","Walworth County",5,71,71,32,39
050,46,129,"South Dakota","Walworth County",5,72,67,37,30
050,46,129,"South Dakota","Walworth County",5,73,66,32,34
050,46,129,"South Dakota","Walworth County",5,74,67,34,33
050,46,129,"South Dakota","Walworth County",5,75,64,32,32
050,46,129,"South Dakota","Walworth County",5,76,53,26,27
050,46,129,"South Dakota","Walworth County",5,77,37,18,19
050,46,129,"South Dakota","Walworth County",5,78,49,27,22
050,46,129,"South Dakota","Walworth County",5,79,39,19,20
050,46,129,"South Dakota","Walworth County",5,80,37,17,20
050,46,129,"South Dakota","Walworth County",5,81,36,14,22
050,46,129,"South Dakota","Walworth County",5,82,29,12,17
050,46,129,"South Dakota","Walworth County",5,83,30,11,19
050,46,129,"South Dakota","Walworth County",5,84,29,11,18
050,46,129,"South Dakota","Walworth County",5,85,147,57,90
050,46,135,"South Dakota","Yankton County",1,0,252,129,123
050,46,135,"South Dakota","Yankton County",1,1,257,134,123
050,46,135,"South Dakota","Yankton County",1,2,289,161,128
050,46,135,"South Dakota","Yankton County",1,3,295,156,139
050,46,135,"South Dakota","Yankton County",1,4,286,137,149
050,46,135,"South Dakota","Yankton County",1,5,278,136,142
050,46,135,"South Dakota","Yankton County",1,6,258,122,136
050,46,135,"South Dakota","Yankton County",1,7,261,130,131
050,46,135,"South Dakota","Yankton County",1,8,264,133,131
050,46,135,"South Dakota","Yankton County",1,9,265,138,127
050,46,135,"South Dakota","Yankton County",1,10,273,140,133
050,46,135,"South Dakota","Yankton County",1,11,307,139,168
050,46,135,"South Dakota","Yankton County",1,12,310,153,157
050,46,135,"South Dakota","Yankton County",1,13,308,160,148
050,46,135,"South Dakota","Yankton County",1,14,297,148,149
050,46,135,"South Dakota","Yankton County",1,15,292,149,143
050,46,135,"South Dakota","Yankton County",1,16,296,163,133
050,46,135,"South Dakota","Yankton County",1,17,284,136,148
050,46,135,"South Dakota","Yankton County",1,18,272,139,133
050,46,135,"South Dakota","Yankton County",1,19,274,137,137
050,46,135,"South Dakota","Yankton County",1,20,322,151,171
050,46,135,"South Dakota","Yankton County",1,21,307,151,156
050,46,135,"South Dakota","Yankton County",1,22,283,150,133
050,46,135,"South Dakota","Yankton County",1,23,273,141,132
050,46,135,"South Dakota","Yankton County",1,24,298,158,140
050,46,135,"South Dakota","Yankton County",1,25,263,149,114
050,46,135,"South Dakota","Yankton County",1,26,256,141,115
050,46,135,"South Dakota","Yankton County",1,27,286,165,121
050,46,135,"South Dakota","Yankton County",1,28,293,173,120
050,46,135,"South Dakota","Yankton County",1,29,284,161,123
050,46,135,"South Dakota","Yankton County",1,30,260,154,106
050,46,135,"South Dakota","Yankton County",1,31,274,166,108
050,46,135,"South Dakota","Yankton County",1,32,266,155,111
050,46,135,"South Dakota","Yankton County",1,33,276,158,118
050,46,135,"South Dakota","Yankton County",1,34,284,166,118
050,46,135,"South Dakota","Yankton County",1,35,285,154,131
050,46,135,"South Dakota","Yankton County",1,36,314,182,132
050,46,135,"South Dakota","Yankton County",1,37,269,153,116
050,46,135,"South Dakota","Yankton County",1,38,266,165,101
050,46,135,"South Dakota","Yankton County",1,39,288,173,115
050,46,135,"South Dakota","Yankton County",1,40,300,170,130
050,46,135,"South Dakota","Yankton County",1,41,255,147,108
050,46,135,"South Dakota","Yankton County",1,42,279,153,126
050,46,135,"South Dakota","Yankton County",1,43,245,138,107
050,46,135,"South Dakota","Yankton County",1,44,259,134,125
050,46,135,"South Dakota","Yankton County",1,45,252,134,118
050,46,135,"South Dakota","Yankton County",1,46,234,129,105
050,46,135,"South Dakota","Yankton County",1,47,249,141,108
050,46,135,"South Dakota","Yankton County",1,48,277,152,125
050,46,135,"South Dakota","Yankton County",1,49,286,152,134
050,46,135,"South Dakota","Yankton County",1,50,271,149,122
050,46,135,"South Dakota","Yankton County",1,51,276,146,130
050,46,135,"South Dakota","Yankton County",1,52,270,143,127
050,46,135,"South Dakota","Yankton County",1,53,285,160,125
050,46,135,"South Dakota","Yankton County",1,54,284,145,139
050,46,135,"South Dakota","Yankton County",1,55,310,168,142
050,46,135,"South Dakota","Yankton County",1,56,338,190,148
050,46,135,"South Dakota","Yankton County",1,57,341,185,156
050,46,135,"South Dakota","Yankton County",1,58,323,159,164
050,46,135,"South Dakota","Yankton County",1,59,341,158,183
050,46,135,"South Dakota","Yankton County",1,60,341,172,169
050,46,135,"South Dakota","Yankton County",1,61,342,175,167
050,46,135,"South Dakota","Yankton County",1,62,355,181,174
050,46,135,"South Dakota","Yankton County",1,63,343,182,161
050,46,135,"South Dakota","Yankton County",1,64,327,164,163
050,46,135,"South Dakota","Yankton County",1,65,335,172,163
050,46,135,"South Dakota","Yankton County",1,66,329,167,162
050,46,135,"South Dakota","Yankton County",1,67,310,162,148
050,46,135,"South Dakota","Yankton County",1,68,292,143,149
050,46,135,"South Dakota","Yankton County",1,69,268,137,131
050,46,135,"South Dakota","Yankton County",1,70,267,133,134
050,46,135,"South Dakota","Yankton County",1,71,233,112,121
050,46,135,"South Dakota","Yankton County",1,72,222,106,116
050,46,135,"South Dakota","Yankton County",1,73,241,109,132
050,46,135,"South Dakota","Yankton County",1,74,165,80,85
050,46,135,"South Dakota","Yankton County",1,75,155,75,80
050,46,135,"South Dakota","Yankton County",1,76,176,79,97
050,46,135,"South Dakota","Yankton County",1,77,179,83,96
050,46,135,"South Dakota","Yankton County",1,78,150,73,77
050,46,135,"South Dakota","Yankton County",1,79,129,67,62
050,46,135,"South Dakota","Yankton County",1,80,111,53,58
050,46,135,"South Dakota","Yankton County",1,81,117,46,71
050,46,135,"South Dakota","Yankton County",1,82,102,46,56
050,46,135,"South Dakota","Yankton County",1,83,98,33,65
050,46,135,"South Dakota","Yankton County",1,84,94,32,62
050,46,135,"South Dakota","Yankton County",1,85,692,231,461
050,46,135,"South Dakota","Yankton County",2,0,259,131,128
050,46,135,"South Dakota","Yankton County",2,1,254,131,123
050,46,135,"South Dakota","Yankton County",2,2,281,155,126
050,46,135,"South Dakota","Yankton County",2,3,293,158,135
050,46,135,"South Dakota","Yankton County",2,4,287,141,146
050,46,135,"South Dakota","Yankton County",2,5,279,135,144
050,46,135,"South Dakota","Yankton County",2,6,263,126,137
050,46,135,"South Dakota","Yankton County",2,7,262,129,133
050,46,135,"South Dakota","Yankton County",2,8,263,133,130
050,46,135,"South Dakota","Yankton County",2,9,263,136,127
050,46,135,"South Dakota","Yankton County",2,10,274,140,134
050,46,135,"South Dakota","Yankton County",2,11,300,139,161
050,46,135,"South Dakota","Yankton County",2,12,310,149,161
050,46,135,"South Dakota","Yankton County",2,13,305,156,149
050,46,135,"South Dakota","Yankton County",2,14,296,150,146
050,46,135,"South Dakota","Yankton County",2,15,291,148,143
050,46,135,"South Dakota","Yankton County",2,16,295,160,135
050,46,135,"South Dakota","Yankton County",2,17,285,141,144
050,46,135,"South Dakota","Yankton County",2,18,269,137,132
050,46,135,"South Dakota","Yankton County",2,19,278,136,142
050,46,135,"South Dakota","Yankton County",2,20,321,151,170
050,46,135,"South Dakota","Yankton County",2,21,306,151,155
050,46,135,"South Dakota","Yankton County",2,22,286,152,134
050,46,135,"South Dakota","Yankton County",2,23,270,139,131
050,46,135,"South Dakota","Yankton County",2,24,285,150,135
050,46,135,"South Dakota","Yankton County",2,25,268,151,117
050,46,135,"South Dakota","Yankton County",2,26,256,143,113
050,46,135,"South Dakota","Yankton County",2,27,286,165,121
050,46,135,"South Dakota","Yankton County",2,28,294,172,122
050,46,135,"South Dakota","Yankton County",2,29,288,165,123
050,46,135,"South Dakota","Yankton County",2,30,269,159,110
050,46,135,"South Dakota","Yankton County",2,31,266,161,105
050,46,135,"South Dakota","Yankton County",2,32,265,157,108
050,46,135,"South Dakota","Yankton County",2,33,268,153,115
050,46,135,"South Dakota","Yankton County",2,34,282,166,116
050,46,135,"South Dakota","Yankton County",2,35,285,157,128
050,46,135,"South Dakota","Yankton County",2,36,303,172,131
050,46,135,"South Dakota","Yankton County",2,37,280,161,119
050,46,135,"South Dakota","Yankton County",2,38,269,165,104
050,46,135,"South Dakota","Yankton County",2,39,280,170,110
050,46,135,"South Dakota","Yankton County",2,40,297,171,126
050,46,135,"South Dakota","Yankton County",2,41,262,149,113
050,46,135,"South Dakota","Yankton County",2,42,272,150,122
050,46,135,"South Dakota","Yankton County",2,43,256,144,112
050,46,135,"South Dakota","Yankton County",2,44,255,135,120
050,46,135,"South Dakota","Yankton County",2,45,254,132,122
050,46,135,"South Dakota","Yankton County",2,46,235,130,105
050,46,135,"South Dakota","Yankton County",2,47,245,139,106
050,46,135,"South Dakota","Yankton County",2,48,270,148,122
050,46,135,"South Dakota","Yankton County",2,49,284,151,133
050,46,135,"South Dakota","Yankton County",2,50,270,148,122
050,46,135,"South Dakota","Yankton County",2,51,272,144,128
050,46,135,"South Dakota","Yankton County",2,52,271,143,128
050,46,135,"South Dakota","Yankton County",2,53,284,160,124
050,46,135,"South Dakota","Yankton County",2,54,286,148,138
050,46,135,"South Dakota","Yankton County",2,55,301,162,139
050,46,135,"South Dakota","Yankton County",2,56,329,184,145
050,46,135,"South Dakota","Yankton County",2,57,342,186,156
050,46,135,"South Dakota","Yankton County",2,58,329,165,164
050,46,135,"South Dakota","Yankton County",2,59,339,159,180
050,46,135,"South Dakota","Yankton County",2,60,336,167,169
050,46,135,"South Dakota","Yankton County",2,61,342,174,168
050,46,135,"South Dakota","Yankton County",2,62,352,180,172
050,46,135,"South Dakota","Yankton County",2,63,348,184,164
050,46,135,"South Dakota","Yankton County",2,64,328,167,161
050,46,135,"South Dakota","Yankton County",2,65,330,167,163
050,46,135,"South Dakota","Yankton County",2,66,331,170,161
050,46,135,"South Dakota","Yankton County",2,67,313,162,151
050,46,135,"South Dakota","Yankton County",2,68,290,143,147
050,46,135,"South Dakota","Yankton County",2,69,276,140,136
050,46,135,"South Dakota","Yankton County",2,70,265,133,132
050,46,135,"South Dakota","Yankton County",2,71,242,118,124
050,46,135,"South Dakota","Yankton County",2,72,219,105,114
050,46,135,"South Dakota","Yankton County",2,73,250,114,136
050,46,135,"South Dakota","Yankton County",2,74,171,81,90
050,46,135,"South Dakota","Yankton County",2,75,156,76,80
050,46,135,"South Dakota","Yankton County",2,76,172,80,92
050,46,135,"South Dakota","Yankton County",2,77,180,83,97
050,46,135,"South Dakota","Yankton County",2,78,154,74,80
050,46,135,"South Dakota","Yankton County",2,79,133,67,66
050,46,135,"South Dakota","Yankton County",2,80,117,58,59
050,46,135,"South Dakota","Yankton County",2,81,112,45,67
050,46,135,"South Dakota","Yankton County",2,82,102,44,58
050,46,135,"South Dakota","Yankton County",2,83,98,36,62
050,46,135,"South Dakota","Yankton County",2,84,93,30,63
050,46,135,"South Dakota","Yankton County",2,85,689,227,462
050,46,135,"South Dakota","Yankton County",3,0,250,136,114
050,46,135,"South Dakota","Yankton County",3,1,273,131,142
050,46,135,"South Dakota","Yankton County",3,2,260,141,119
050,46,135,"South Dakota","Yankton County",3,3,288,159,129
050,46,135,"South Dakota","Yankton County",3,4,304,162,142
050,46,135,"South Dakota","Yankton County",3,5,286,143,143
050,46,135,"South Dakota","Yankton County",3,6,288,138,150
050,46,135,"South Dakota","Yankton County",3,7,258,126,132
050,46,135,"South Dakota","Yankton County",3,8,267,131,136
050,46,135,"South Dakota","Yankton County",3,9,255,136,119
050,46,135,"South Dakota","Yankton County",3,10,272,140,132
050,46,135,"South Dakota","Yankton County",3,11,268,136,132
050,46,135,"South Dakota","Yankton County",3,12,302,141,161
050,46,135,"South Dakota","Yankton County",3,13,311,156,155
050,46,135,"South Dakota","Yankton County",3,14,293,152,141
050,46,135,"South Dakota","Yankton County",3,15,304,163,141
050,46,135,"South Dakota","Yankton County",3,16,287,147,140
050,46,135,"South Dakota","Yankton County",3,17,299,159,140
050,46,135,"South Dakota","Yankton County",3,18,271,140,131
050,46,135,"South Dakota","Yankton County",3,19,293,129,164
050,46,135,"South Dakota","Yankton County",3,20,307,136,171
050,46,135,"South Dakota","Yankton County",3,21,297,151,146
050,46,135,"South Dakota","Yankton County",3,22,296,159,137
050,46,135,"South Dakota","Yankton County",3,23,267,146,121
050,46,135,"South Dakota","Yankton County",3,24,272,149,123
050,46,135,"South Dakota","Yankton County",3,25,254,142,112
050,46,135,"South Dakota","Yankton County",3,26,267,155,112
050,46,135,"South Dakota","Yankton County",3,27,275,160,115
050,46,135,"South Dakota","Yankton County",3,28,280,164,116
050,46,135,"South Dakota","Yankton County",3,29,301,175,126
050,46,135,"South Dakota","Yankton County",3,30,283,165,118
050,46,135,"South Dakota","Yankton County",3,31,260,152,108
050,46,135,"South Dakota","Yankton County",3,32,269,162,107
050,46,135,"South Dakota","Yankton County",3,33,261,145,116
050,46,135,"South Dakota","Yankton County",3,34,272,153,119
050,46,135,"South Dakota","Yankton County",3,35,274,160,114
050,46,135,"South Dakota","Yankton County",3,36,289,150,139
050,46,135,"South Dakota","Yankton County",3,37,306,170,136
050,46,135,"South Dakota","Yankton County",3,38,297,176,121
050,46,135,"South Dakota","Yankton County",3,39,267,163,104
050,46,135,"South Dakota","Yankton County",3,40,275,166,109
050,46,135,"South Dakota","Yankton County",3,41,278,152,126
050,46,135,"South Dakota","Yankton County",3,42,270,150,120
050,46,135,"South Dakota","Yankton County",3,43,267,150,117
050,46,135,"South Dakota","Yankton County",3,44,260,149,111
050,46,135,"South Dakota","Yankton County",3,45,254,128,126
050,46,135,"South Dakota","Yankton County",3,46,251,134,117
050,46,135,"South Dakota","Yankton County",3,47,231,126,105
050,46,135,"South Dakota","Yankton County",3,48,252,146,106
050,46,135,"South Dakota","Yankton County",3,49,271,145,126
050,46,135,"South Dakota","Yankton County",3,50,274,144,130
050,46,135,"South Dakota","Yankton County",3,51,265,146,119
050,46,135,"South Dakota","Yankton County",3,52,281,145,136
050,46,135,"South Dakota","Yankton County",3,53,280,151,129
050,46,135,"South Dakota","Yankton County",3,54,286,150,136
050,46,135,"South Dakota","Yankton County",3,55,286,152,134
050,46,135,"South Dakota","Yankton County",3,56,281,156,125
050,46,135,"South Dakota","Yankton County",3,57,329,183,146
050,46,135,"South Dakota","Yankton County",3,58,338,186,152
050,46,135,"South Dakota","Yankton County",3,59,330,162,168
050,46,135,"South Dakota","Yankton County",3,60,339,160,179
050,46,135,"South Dakota","Yankton County",3,61,334,163,171
050,46,135,"South Dakota","Yankton County",3,62,343,177,166
050,46,135,"South Dakota","Yankton County",3,63,351,176,175
050,46,135,"South Dakota","Yankton County",3,64,359,184,175
050,46,135,"South Dakota","Yankton County",3,65,321,159,162
050,46,135,"South Dakota","Yankton County",3,66,328,164,164
050,46,135,"South Dakota","Yankton County",3,67,328,173,155
050,46,135,"South Dakota","Yankton County",3,68,308,155,153
050,46,135,"South Dakota","Yankton County",3,69,296,151,145
050,46,135,"South Dakota","Yankton County",3,70,263,131,132
050,46,135,"South Dakota","Yankton County",3,71,269,135,134
050,46,135,"South Dakota","Yankton County",3,72,231,111,120
050,46,135,"South Dakota","Yankton County",3,73,234,108,126
050,46,135,"South Dakota","Yankton County",3,74,250,116,134
050,46,135,"South Dakota","Yankton County",3,75,154,71,83
050,46,135,"South Dakota","Yankton County",3,76,165,80,85
050,46,135,"South Dakota","Yankton County",3,77,153,73,80
050,46,135,"South Dakota","Yankton County",3,78,174,80,94
050,46,135,"South Dakota","Yankton County",3,79,144,65,79
050,46,135,"South Dakota","Yankton County",3,80,134,68,66
050,46,135,"South Dakota","Yankton County",3,81,110,52,58
050,46,135,"South Dakota","Yankton County",3,82,107,42,65
050,46,135,"South Dakota","Yankton County",3,83,102,42,60
050,46,135,"South Dakota","Yankton County",3,84,91,28,63
050,46,135,"South Dakota","Yankton County",3,85,683,220,463
050,46,135,"South Dakota","Yankton County",4,0,245,139,106
050,46,135,"South Dakota","Yankton County",4,1,251,141,110
050,46,135,"South Dakota","Yankton County",4,2,264,129,135
050,46,135,"South Dakota","Yankton County",4,3,271,149,122
050,46,135,"South Dakota","Yankton County",4,4,290,158,132
050,46,135,"South Dakota","Yankton County",4,5,297,165,132
050,46,135,"South Dakota","Yankton County",4,6,288,140,148
050,46,135,"South Dakota","Yankton County",4,7,292,145,147
050,46,135,"South Dakota","Yankton County",4,8,260,125,135
050,46,135,"South Dakota","Yankton County",4,9,259,127,132
050,46,135,"South Dakota","Yankton County",4,10,256,137,119
050,46,135,"South Dakota","Yankton County",4,11,273,146,127
050,46,135,"South Dakota","Yankton County",4,12,273,137,136
050,46,135,"South Dakota","Yankton County",4,13,304,146,158
050,46,135,"South Dakota","Yankton County",4,14,301,151,150
050,46,135,"South Dakota","Yankton County",4,15,298,152,146
050,46,135,"South Dakota","Yankton County",4,16,287,154,133
050,46,135,"South Dakota","Yankton County",4,17,289,147,142
050,46,135,"South Dakota","Yankton County",4,18,283,157,126
050,46,135,"South Dakota","Yankton County",4,19,286,126,160
050,46,135,"South Dakota","Yankton County",4,20,319,138,181
050,46,135,"South Dakota","Yankton County",4,21,286,147,139
050,46,135,"South Dakota","Yankton County",4,22,286,151,135
050,46,135,"South Dakota","Yankton County",4,23,268,145,123
050,46,135,"South Dakota","Yankton County",4,24,268,141,127
050,46,135,"South Dakota","Yankton County",4,25,273,147,126
050,46,135,"South Dakota","Yankton County",4,26,252,146,106
050,46,135,"South Dakota","Yankton County",4,27,279,169,110
050,46,135,"South Dakota","Yankton County",4,28,275,167,108
050,46,135,"South Dakota","Yankton County",4,29,279,150,129
050,46,135,"South Dakota","Yankton County",4,30,292,170,122
050,46,135,"South Dakota","Yankton County",4,31,282,167,115
050,46,135,"South Dakota","Yankton County",4,32,262,156,106
050,46,135,"South Dakota","Yankton County",4,33,280,167,113
050,46,135,"South Dakota","Yankton County",4,34,263,147,116
050,46,135,"South Dakota","Yankton County",4,35,263,140,123
050,46,135,"South Dakota","Yankton County",4,36,279,160,119
050,46,135,"South Dakota","Yankton County",4,37,295,155,140
050,46,135,"South Dakota","Yankton County",4,38,313,177,136
050,46,135,"South Dakota","Yankton County",4,39,292,175,117
050,46,135,"South Dakota","Yankton County",4,40,275,166,109
050,46,135,"South Dakota","Yankton County",4,41,256,144,112
050,46,135,"South Dakota","Yankton County",4,42,281,151,130
050,46,135,"South Dakota","Yankton County",4,43,270,154,116
050,46,135,"South Dakota","Yankton County",4,44,262,146,116
050,46,135,"South Dakota","Yankton County",4,45,261,141,120
050,46,135,"South Dakota","Yankton County",4,46,249,135,114
050,46,135,"South Dakota","Yankton County",4,47,254,138,116
050,46,135,"South Dakota","Yankton County",4,48,232,123,109
050,46,135,"South Dakota","Yankton County",4,49,263,152,111
050,46,135,"South Dakota","Yankton County",4,50,274,140,134
050,46,135,"South Dakota","Yankton County",4,51,277,149,128
050,46,135,"South Dakota","Yankton County",4,52,256,135,121
050,46,135,"South Dakota","Yankton County",4,53,290,157,133
050,46,135,"South Dakota","Yankton County",4,54,285,144,141
050,46,135,"South Dakota","Yankton County",4,55,279,144,135
050,46,135,"South Dakota","Yankton County",4,56,285,153,132
050,46,135,"South Dakota","Yankton County",4,57,282,150,132
050,46,135,"South Dakota","Yankton County",4,58,324,182,142
050,46,135,"South Dakota","Yankton County",4,59,344,182,162
050,46,135,"South Dakota","Yankton County",4,60,325,161,164
050,46,135,"South Dakota","Yankton County",4,61,337,157,180
050,46,135,"South Dakota","Yankton County",4,62,337,166,171
050,46,135,"South Dakota","Yankton County",4,63,342,174,168
050,46,135,"South Dakota","Yankton County",4,64,350,173,177
050,46,135,"South Dakota","Yankton County",4,65,344,176,168
050,46,135,"South Dakota","Yankton County",4,66,326,160,166
050,46,135,"South Dakota","Yankton County",4,67,329,159,170
050,46,135,"South Dakota","Yankton County",4,68,328,173,155
050,46,135,"South Dakota","Yankton County",4,69,309,159,150
050,46,135,"South Dakota","Yankton County",4,70,283,143,140
050,46,135,"South Dakota","Yankton County",4,71,261,131,130
050,46,135,"South Dakota","Yankton County",4,72,264,132,132
050,46,135,"South Dakota","Yankton County",4,73,246,117,129
050,46,135,"South Dakota","Yankton County",4,74,233,111,122
050,46,135,"South Dakota","Yankton County",4,75,240,107,133
050,46,135,"South Dakota","Yankton County",4,76,161,74,87
050,46,135,"South Dakota","Yankton County",4,77,151,74,77
050,46,135,"South Dakota","Yankton County",4,78,145,68,77
050,46,135,"South Dakota","Yankton County",4,79,161,69,92
050,46,135,"South Dakota","Yankton County",4,80,142,62,80
050,46,135,"South Dakota","Yankton County",4,81,126,64,62
050,46,135,"South Dakota","Yankton County",4,82,98,46,52
050,46,135,"South Dakota","Yankton County",4,83,110,40,70
050,46,135,"South Dakota","Yankton County",4,84,100,37,63
050,46,135,"South Dakota","Yankton County",4,85,692,218,474
050,46,135,"South Dakota","Yankton County",5,0,243,139,104
050,46,135,"South Dakota","Yankton County",5,1,244,129,115
050,46,135,"South Dakota","Yankton County",5,2,243,135,108
050,46,135,"South Dakota","Yankton County",5,3,259,126,133
050,46,135,"South Dakota","Yankton County",5,4,266,141,125
050,46,135,"South Dakota","Yankton County",5,5,288,158,130
050,46,135,"South Dakota","Yankton County",5,6,309,170,139
050,46,135,"South Dakota","Yankton County",5,7,283,140,143
050,46,135,"South Dakota","Yankton County",5,8,299,151,148
050,46,135,"South Dakota","Yankton County",5,9,254,128,126
050,46,135,"South Dakota","Yankton County",5,10,269,128,141
050,46,135,"South Dakota","Yankton County",5,11,254,140,114
050,46,135,"South Dakota","Yankton County",5,12,272,141,131
050,46,135,"South Dakota","Yankton County",5,13,269,139,130
050,46,135,"South Dakota","Yankton County",5,14,306,145,161
050,46,135,"South Dakota","Yankton County",5,15,294,151,143
050,46,135,"South Dakota","Yankton County",5,16,296,154,142
050,46,135,"South Dakota","Yankton County",5,17,295,161,134
050,46,135,"South Dakota","Yankton County",5,18,264,142,122
050,46,135,"South Dakota","Yankton County",5,19,298,143,155
050,46,135,"South Dakota","Yankton County",5,20,318,131,187
050,46,135,"South Dakota","Yankton County",5,21,297,141,156
050,46,135,"South Dakota","Yankton County",5,22,275,156,119
050,46,135,"South Dakota","Yankton County",5,23,277,144,133
050,46,135,"South Dakota","Yankton County",5,24,256,142,114
050,46,135,"South Dakota","Yankton County",5,25,256,135,121
050,46,135,"South Dakota","Yankton County",5,26,273,149,124
050,46,135,"South Dakota","Yankton County",5,27,288,171,117
050,46,135,"South Dakota","Yankton County",5,28,281,174,107
050,46,135,"South Dakota","Yankton County",5,29,291,177,114
050,46,135,"South Dakota","Yankton County",5,30,275,152,123
050,46,135,"South Dakota","Yankton County",5,31,290,166,124
050,46,135,"South Dakota","Yankton County",5,32,283,164,119
050,46,135,"South Dakota","Yankton County",5,33,269,155,114
050,46,135,"South Dakota","Yankton County",5,34,276,168,108
050,46,135,"South Dakota","Yankton County",5,35,237,127,110
050,46,135,"South Dakota","Yankton County",5,36,268,141,127
050,46,135,"South Dakota","Yankton County",5,37,279,158,121
050,46,135,"South Dakota","Yankton County",5,38,302,167,135
050,46,135,"South Dakota","Yankton County",5,39,309,179,130
050,46,135,"South Dakota","Yankton County",5,40,298,171,127
050,46,135,"South Dakota","Yankton County",5,41,268,158,110
050,46,135,"South Dakota","Yankton County",5,42,279,153,126
050,46,135,"South Dakota","Yankton County",5,43,282,154,128
050,46,135,"South Dakota","Yankton County",5,44,270,152,118
050,46,135,"South Dakota","Yankton County",5,45,274,148,126
050,46,135,"South Dakota","Yankton County",5,46,260,150,110
050,46,135,"South Dakota","Yankton County",5,47,257,146,111
050,46,135,"South Dakota","Yankton County",5,48,247,133,114
050,46,135,"South Dakota","Yankton County",5,49,239,123,116
050,46,135,"South Dakota","Yankton County",5,50,256,148,108
050,46,135,"South Dakota","Yankton County",5,51,272,140,132
050,46,135,"South Dakota","Yankton County",5,52,271,140,131
050,46,135,"South Dakota","Yankton County",5,53,254,142,112
050,46,135,"South Dakota","Yankton County",5,54,299,158,141
050,46,135,"South Dakota","Yankton County",5,55,278,146,132
050,46,135,"South Dakota","Yankton County",5,56,275,140,135
050,46,135,"South Dakota","Yankton County",5,57,286,147,139
050,46,135,"South Dakota","Yankton County",5,58,280,144,136
050,46,135,"South Dakota","Yankton County",5,59,317,172,145
050,46,135,"South Dakota","Yankton County",5,60,342,188,154
050,46,135,"South Dakota","Yankton County",5,61,321,151,170
050,46,135,"South Dakota","Yankton County",5,62,339,158,181
050,46,135,"South Dakota","Yankton County",5,63,338,165,173
050,46,135,"South Dakota","Yankton County",5,64,351,180,171
050,46,135,"South Dakota","Yankton County",5,65,340,168,172
050,46,135,"South Dakota","Yankton County",5,66,339,173,166
050,46,135,"South Dakota","Yankton County",5,67,328,159,169
050,46,135,"South Dakota","Yankton County",5,68,327,153,174
050,46,135,"South Dakota","Yankton County",5,69,331,177,154
050,46,135,"South Dakota","Yankton County",5,70,298,153,145
050,46,135,"South Dakota","Yankton County",5,71,275,139,136
050,46,135,"South Dakota","Yankton County",5,72,254,129,125
050,46,135,"South Dakota","Yankton County",5,73,282,137,145
050,46,135,"South Dakota","Yankton County",5,74,245,120,125
050,46,135,"South Dakota","Yankton County",5,75,222,103,119
050,46,135,"South Dakota","Yankton County",5,76,251,112,139
050,46,135,"South Dakota","Yankton County",5,77,152,70,82
050,46,135,"South Dakota","Yankton County",5,78,142,69,73
050,46,135,"South Dakota","Yankton County",5,79,136,61,75
050,46,135,"South Dakota","Yankton County",5,80,162,68,94
050,46,135,"South Dakota","Yankton County",5,81,136,57,79
050,46,135,"South Dakota","Yankton County",5,82,114,55,59
050,46,135,"South Dakota","Yankton County",5,83,102,44,58
050,46,135,"South Dakota","Yankton County",5,84,107,35,72
050,46,135,"South Dakota","Yankton County",5,85,716,230,486
050,46,137,"South Dakota","Ziebach County",1,0,32,16,16
050,46,137,"South Dakota","Ziebach County",1,1,22,8,14
050,46,137,"South Dakota","Ziebach County",1,2,30,17,13
050,46,137,"South Dakota","Ziebach County",1,3,19,10,9
050,46,137,"South Dakota","Ziebach County",1,4,28,18,10
050,46,137,"South Dakota","Ziebach County",1,5,33,17,16
050,46,137,"South Dakota","Ziebach County",1,6,33,18,15
050,46,137,"South Dakota","Ziebach County",1,7,25,17,8
050,46,137,"South Dakota","Ziebach County",1,8,24,12,12
050,46,137,"South Dakota","Ziebach County",1,9,24,12,12
050,46,137,"South Dakota","Ziebach County",1,10,42,20,22
050,46,137,"South Dakota","Ziebach County",1,11,42,19,23
050,46,137,"South Dakota","Ziebach County",1,12,47,25,22
050,46,137,"South Dakota","Ziebach County",1,13,47,21,26
050,46,137,"South Dakota","Ziebach County",1,14,52,21,31
050,46,137,"South Dakota","Ziebach County",1,15,45,17,28
050,46,137,"South Dakota","Ziebach County",1,16,46,17,29
050,46,137,"South Dakota","Ziebach County",1,17,52,20,32
050,46,137,"South Dakota","Ziebach County",1,18,54,26,28
050,46,137,"South Dakota","Ziebach County",1,19,46,26,20
050,46,137,"South Dakota","Ziebach County",1,20,61,29,32
050,46,137,"South Dakota","Ziebach County",1,21,38,21,17
050,46,137,"South Dakota","Ziebach County",1,22,36,14,22
050,46,137,"South Dakota","Ziebach County",1,23,28,10,18
050,46,137,"South Dakota","Ziebach County",1,24,47,22,25
050,46,137,"South Dakota","Ziebach County",1,25,41,24,17
050,46,137,"South Dakota","Ziebach County",1,26,40,21,19
050,46,137,"South Dakota","Ziebach County",1,27,40,29,11
050,46,137,"South Dakota","Ziebach County",1,28,28,20,8
050,46,137,"South Dakota","Ziebach County",1,29,24,10,14
050,46,137,"South Dakota","Ziebach County",1,30,19,4,15
050,46,137,"South Dakota","Ziebach County",1,31,14,4,10
050,46,137,"South Dakota","Ziebach County",1,32,10,6,4
050,46,137,"South Dakota","Ziebach County",1,33,27,14,13
050,46,137,"South Dakota","Ziebach County",1,34,29,12,17
050,46,137,"South Dakota","Ziebach County",1,35,38,16,22
050,46,137,"South Dakota","Ziebach County",1,36,12,8,4
050,46,137,"South Dakota","Ziebach County",1,37,28,18,10
050,46,137,"South Dakota","Ziebach County",1,38,41,21,20
050,46,137,"South Dakota","Ziebach County",1,39,41,29,12
050,46,137,"South Dakota","Ziebach County",1,40,40,30,10
050,46,137,"South Dakota","Ziebach County",1,41,38,18,20
050,46,137,"South Dakota","Ziebach County",1,42,35,11,24
050,46,137,"South Dakota","Ziebach County",1,43,24,11,13
050,46,137,"South Dakota","Ziebach County",1,44,25,9,16
050,46,137,"South Dakota","Ziebach County",1,45,40,21,19
050,46,137,"South Dakota","Ziebach County",1,46,33,20,13
050,46,137,"South Dakota","Ziebach County",1,47,36,23,13
050,46,137,"South Dakota","Ziebach County",1,48,21,11,10
050,46,137,"South Dakota","Ziebach County",1,49,28,11,17
050,46,137,"South Dakota","Ziebach County",1,50,28,16,12
050,46,137,"South Dakota","Ziebach County",1,51,22,10,12
050,46,137,"South Dakota","Ziebach County",1,52,22,5,17
050,46,137,"South Dakota","Ziebach County",1,53,19,5,14
050,46,137,"South Dakota","Ziebach County",1,54,24,11,13
050,46,137,"South Dakota","Ziebach County",1,55,25,13,12
050,46,137,"South Dakota","Ziebach County",1,56,36,19,17
050,46,137,"South Dakota","Ziebach County",1,57,35,22,13
050,46,137,"South Dakota","Ziebach County",1,58,40,19,21
050,46,137,"South Dakota","Ziebach County",1,59,32,18,14
050,46,137,"South Dakota","Ziebach County",1,60,52,29,23
050,46,137,"South Dakota","Ziebach County",1,61,46,21,25
050,46,137,"South Dakota","Ziebach County",1,62,23,13,10
050,46,137,"South Dakota","Ziebach County",1,63,18,8,10
050,46,137,"South Dakota","Ziebach County",1,64,17,10,7
050,46,137,"South Dakota","Ziebach County",1,65,21,13,8
050,46,137,"South Dakota","Ziebach County",1,66,20,7,13
050,46,137,"South Dakota","Ziebach County",1,67,19,9,10
050,46,137,"South Dakota","Ziebach County",1,68,15,8,7
050,46,137,"South Dakota","Ziebach County",1,69,18,7,11
050,46,137,"South Dakota","Ziebach County",1,70,15,10,5
050,46,137,"South Dakota","Ziebach County",1,71,15,9,6
050,46,137,"South Dakota","Ziebach County",1,72,15,6,9
050,46,137,"South Dakota","Ziebach County",1,73,12,4,8
050,46,137,"South Dakota","Ziebach County",1,74,16,8,8
050,46,137,"South Dakota","Ziebach County",1,75,8,3,5
050,46,137,"South Dakota","Ziebach County",1,76,10,4,6
050,46,137,"South Dakota","Ziebach County",1,77,11,6,5
050,46,137,"South Dakota","Ziebach County",1,78,8,4,4
050,46,137,"South Dakota","Ziebach County",1,79,7,4,3
050,46,137,"South Dakota","Ziebach County",1,80,8,5,3
050,46,137,"South Dakota","Ziebach County",1,81,5,3,2
050,46,137,"South Dakota","Ziebach County",1,82,9,3,6
050,46,137,"South Dakota","Ziebach County",1,83,6,2,4
050,46,137,"South Dakota","Ziebach County",1,84,2,1,1
050,46,137,"South Dakota","Ziebach County",1,85,30,16,14
050,46,137,"South Dakota","Ziebach County",2,0,34,19,15
050,46,137,"South Dakota","Ziebach County",2,1,23,9,14
050,46,137,"South Dakota","Ziebach County",2,2,28,15,13
050,46,137,"South Dakota","Ziebach County",2,3,22,12,10
050,46,137,"South Dakota","Ziebach County",2,4,25,15,10
050,46,137,"South Dakota","Ziebach County",2,5,30,16,14
050,46,137,"South Dakota","Ziebach County",2,6,32,17,15
050,46,137,"South Dakota","Ziebach County",2,7,26,17,9
050,46,137,"South Dakota","Ziebach County",2,8,24,12,12
050,46,137,"South Dakota","Ziebach County",2,9,24,11,13
050,46,137,"South Dakota","Ziebach County",2,10,38,18,20
050,46,137,"South Dakota","Ziebach County",2,11,43,20,23
050,46,137,"South Dakota","Ziebach County",2,12,47,24,23
050,46,137,"South Dakota","Ziebach County",2,13,46,22,24
050,46,137,"South Dakota","Ziebach County",2,14,48,20,28
050,46,137,"South Dakota","Ziebach County",2,15,47,18,29
050,46,137,"South Dakota","Ziebach County",2,16,45,16,29
050,46,137,"South Dakota","Ziebach County",2,17,50,19,31
050,46,137,"South Dakota","Ziebach County",2,18,53,25,28
050,46,137,"South Dakota","Ziebach County",2,19,48,26,22
050,46,137,"South Dakota","Ziebach County",2,20,58,28,30
050,46,137,"South Dakota","Ziebach County",2,21,43,22,21
050,46,137,"South Dakota","Ziebach County",2,22,37,15,22
050,46,137,"South Dakota","Ziebach County",2,23,29,11,18
050,46,137,"South Dakota","Ziebach County",2,24,42,19,23
050,46,137,"South Dakota","Ziebach County",2,25,44,24,20
050,46,137,"South Dakota","Ziebach County",2,26,40,23,17
050,46,137,"South Dakota","Ziebach County",2,27,38,26,12
050,46,137,"South Dakota","Ziebach County",2,28,31,23,8
050,46,137,"South Dakota","Ziebach County",2,29,24,12,12
050,46,137,"South Dakota","Ziebach County",2,30,20,5,15
050,46,137,"South Dakota","Ziebach County",2,31,15,4,11
050,46,137,"South Dakota","Ziebach County",2,32,11,5,6
050,46,137,"South Dakota","Ziebach County",2,33,22,12,10
050,46,137,"South Dakota","Ziebach County",2,34,29,12,17
050,46,137,"South Dakota","Ziebach County",2,35,34,13,21
050,46,137,"South Dakota","Ziebach County",2,36,18,9,9
050,46,137,"South Dakota","Ziebach County",2,37,24,16,8
050,46,137,"South Dakota","Ziebach County",2,38,39,21,18
050,46,137,"South Dakota","Ziebach County",2,39,41,27,14
050,46,137,"South Dakota","Ziebach County",2,40,42,31,11
050,46,137,"South Dakota","Ziebach County",2,41,37,20,17
050,46,137,"South Dakota","Ziebach County",2,42,33,12,21
050,46,137,"South Dakota","Ziebach County",2,43,26,11,15
050,46,137,"South Dakota","Ziebach County",2,44,25,10,15
050,46,137,"South Dakota","Ziebach County",2,45,36,18,18
050,46,137,"South Dakota","Ziebach County",2,46,33,19,14
050,46,137,"South Dakota","Ziebach County",2,47,33,21,12
050,46,137,"South Dakota","Ziebach County",2,48,23,13,10
050,46,137,"South Dakota","Ziebach County",2,49,25,11,14
050,46,137,"South Dakota","Ziebach County",2,50,28,15,13
050,46,137,"South Dakota","Ziebach County",2,51,23,11,12
050,46,137,"South Dakota","Ziebach County",2,52,21,6,15
050,46,137,"South Dakota","Ziebach County",2,53,19,5,14
050,46,137,"South Dakota","Ziebach County",2,54,23,10,13
050,46,137,"South Dakota","Ziebach County",2,55,26,13,13
050,46,137,"South Dakota","Ziebach County",2,56,34,18,16
050,46,137,"South Dakota","Ziebach County",2,57,35,21,14
050,46,137,"South Dakota","Ziebach County",2,58,39,20,19
050,46,137,"South Dakota","Ziebach County",2,59,35,19,16
050,46,137,"South Dakota","Ziebach County",2,60,47,26,21
050,46,137,"South Dakota","Ziebach County",2,61,46,22,24
050,46,137,"South Dakota","Ziebach County",2,62,28,14,14
050,46,137,"South Dakota","Ziebach County",2,63,19,9,10
050,46,137,"South Dakota","Ziebach County",2,64,16,9,7
050,46,137,"South Dakota","Ziebach County",2,65,21,13,8
050,46,137,"South Dakota","Ziebach County",2,66,20,8,12
050,46,137,"South Dakota","Ziebach County",2,67,18,8,10
050,46,137,"South Dakota","Ziebach County",2,68,16,8,8
050,46,137,"South Dakota","Ziebach County",2,69,18,8,10
050,46,137,"South Dakota","Ziebach County",2,70,15,9,6
050,46,137,"South Dakota","Ziebach County",2,71,15,9,6
050,46,137,"South Dakota","Ziebach County",2,72,15,7,8
050,46,137,"South Dakota","Ziebach County",2,73,13,5,8
050,46,137,"South Dakota","Ziebach County",2,74,14,6,8
050,46,137,"South Dakota","Ziebach County",2,75,11,5,6
050,46,137,"South Dakota","Ziebach County",2,76,9,4,5
050,46,137,"South Dakota","Ziebach County",2,77,11,6,5
050,46,137,"South Dakota","Ziebach County",2,78,8,4,4
050,46,137,"South Dakota","Ziebach County",2,79,8,4,4
050,46,137,"South Dakota","Ziebach County",2,80,8,5,3
050,46,137,"South Dakota","Ziebach County",2,81,5,3,2
050,46,137,"South Dakota","Ziebach County",2,82,9,3,6
050,46,137,"South Dakota","Ziebach County",2,83,6,2,4
050,46,137,"South Dakota","Ziebach County",2,84,2,1,1
050,46,137,"South Dakota","Ziebach County",2,85,29,15,14
050,46,137,"South Dakota","Ziebach County",3,0,30,15,15
050,46,137,"South Dakota","Ziebach County",3,1,34,18,16
050,46,137,"South Dakota","Ziebach County",3,2,27,11,16
050,46,137,"South Dakota","Ziebach County",3,3,24,14,10
050,46,137,"South Dakota","Ziebach County",3,4,28,14,14
050,46,137,"South Dakota","Ziebach County",3,5,25,14,11
050,46,137,"South Dakota","Ziebach County",3,6,30,16,14
050,46,137,"South Dakota","Ziebach County",3,7,33,18,15
050,46,137,"South Dakota","Ziebach County",3,8,26,17,9
050,46,137,"South Dakota","Ziebach County",3,9,23,12,11
050,46,137,"South Dakota","Ziebach County",3,10,22,9,13
050,46,137,"South Dakota","Ziebach County",3,11,30,10,20
050,46,137,"South Dakota","Ziebach County",3,12,44,19,25
050,46,137,"South Dakota","Ziebach County",3,13,47,26,21
050,46,137,"South Dakota","Ziebach County",3,14,48,22,26
050,46,137,"South Dakota","Ziebach County",3,15,53,20,33
050,46,137,"South Dakota","Ziebach County",3,16,50,21,29
050,46,137,"South Dakota","Ziebach County",3,17,42,13,29
050,46,137,"South Dakota","Ziebach County",3,18,44,17,27
050,46,137,"South Dakota","Ziebach County",3,19,47,21,26
050,46,137,"South Dakota","Ziebach County",3,20,57,28,29
050,46,137,"South Dakota","Ziebach County",3,21,58,28,30
050,46,137,"South Dakota","Ziebach County",3,22,45,23,22
050,46,137,"South Dakota","Ziebach County",3,23,36,16,20
050,46,137,"South Dakota","Ziebach County",3,24,16,11,5
050,46,137,"South Dakota","Ziebach County",3,25,40,15,25
050,46,137,"South Dakota","Ziebach County",3,26,46,24,22
050,46,137,"South Dakota","Ziebach County",3,27,38,21,17
050,46,137,"South Dakota","Ziebach County",3,28,35,26,9
050,46,137,"South Dakota","Ziebach County",3,29,35,24,11
050,46,137,"South Dakota","Ziebach County",3,30,25,14,11
050,46,137,"South Dakota","Ziebach County",3,31,22,5,17
050,46,137,"South Dakota","Ziebach County",3,32,18,7,11
050,46,137,"South Dakota","Ziebach County",3,33,13,8,5
050,46,137,"South Dakota","Ziebach County",3,34,24,12,12
050,46,137,"South Dakota","Ziebach County",3,35,34,16,18
050,46,137,"South Dakota","Ziebach County",3,36,32,15,17
050,46,137,"South Dakota","Ziebach County",3,37,15,9,6
050,46,137,"South Dakota","Ziebach County",3,38,19,12,7
050,46,137,"South Dakota","Ziebach County",3,39,37,19,18
050,46,137,"South Dakota","Ziebach County",3,40,39,26,13
050,46,137,"South Dakota","Ziebach County",3,41,43,32,11
050,46,137,"South Dakota","Ziebach County",3,42,39,21,18
050,46,137,"South Dakota","Ziebach County",3,43,31,9,22
050,46,137,"South Dakota","Ziebach County",3,44,25,11,14
050,46,137,"South Dakota","Ziebach County",3,45,22,7,15
050,46,137,"South Dakota","Ziebach County",3,46,37,18,19
050,46,137,"South Dakota","Ziebach County",3,47,35,21,14
050,46,137,"South Dakota","Ziebach County",3,48,30,18,12
050,46,137,"South Dakota","Ziebach County",3,49,23,13,10
050,46,137,"South Dakota","Ziebach County",3,50,23,11,12
050,46,137,"South Dakota","Ziebach County",3,51,26,15,11
050,46,137,"South Dakota","Ziebach County",3,52,23,12,11
050,46,137,"South Dakota","Ziebach County",3,53,20,5,15
050,46,137,"South Dakota","Ziebach County",3,54,19,5,14
050,46,137,"South Dakota","Ziebach County",3,55,21,9,12
050,46,137,"South Dakota","Ziebach County",3,56,26,13,13
050,46,137,"South Dakota","Ziebach County",3,57,34,18,16
050,46,137,"South Dakota","Ziebach County",3,58,36,22,14
050,46,137,"South Dakota","Ziebach County",3,59,41,21,20
050,46,137,"South Dakota","Ziebach County",3,60,34,18,16
050,46,137,"South Dakota","Ziebach County",3,61,49,27,22
050,46,137,"South Dakota","Ziebach County",3,62,47,22,25
050,46,137,"South Dakota","Ziebach County",3,63,28,14,14
050,46,137,"South Dakota","Ziebach County",3,64,17,8,9
050,46,137,"South Dakota","Ziebach County",3,65,12,6,6
050,46,137,"South Dakota","Ziebach County",3,66,21,13,8
050,46,137,"South Dakota","Ziebach County",3,67,17,5,12
050,46,137,"South Dakota","Ziebach County",3,68,18,8,10
050,46,137,"South Dakota","Ziebach County",3,69,14,7,7
050,46,137,"South Dakota","Ziebach County",3,70,17,7,10
050,46,137,"South Dakota","Ziebach County",3,71,14,9,5
050,46,137,"South Dakota","Ziebach County",3,72,15,9,6
050,46,137,"South Dakota","Ziebach County",3,73,14,7,7
050,46,137,"South Dakota","Ziebach County",3,74,12,4,8
050,46,137,"South Dakota","Ziebach County",3,75,11,3,8
050,46,137,"South Dakota","Ziebach County",3,76,10,5,5
050,46,137,"South Dakota","Ziebach County",3,77,9,4,5
050,46,137,"South Dakota","Ziebach County",3,78,11,6,5
050,46,137,"South Dakota","Ziebach County",3,79,8,4,4
050,46,137,"South Dakota","Ziebach County",3,80,7,3,4
050,46,137,"South Dakota","Ziebach County",3,81,8,5,3
050,46,137,"South Dakota","Ziebach County",3,82,6,4,2
050,46,137,"South Dakota","Ziebach County",3,83,9,3,6
050,46,137,"South Dakota","Ziebach County",3,84,6,2,4
050,46,137,"South Dakota","Ziebach County",3,85,26,14,12
050,46,137,"South Dakota","Ziebach County",4,0,44,19,25
050,46,137,"South Dakota","Ziebach County",4,1,33,16,17
050,46,137,"South Dakota","Ziebach County",4,2,32,16,16
050,46,137,"South Dakota","Ziebach County",4,3,25,14,11
050,46,137,"South Dakota","Ziebach County",4,4,27,16,11
050,46,137,"South Dakota","Ziebach County",4,5,28,14,14
050,46,137,"South Dakota","Ziebach County",4,6,22,14,8
050,46,137,"South Dakota","Ziebach County",4,7,28,16,12
050,46,137,"South Dakota","Ziebach County",4,8,35,19,16
050,46,137,"South Dakota","Ziebach County",4,9,25,17,8
050,46,137,"South Dakota","Ziebach County",4,10,24,14,10
050,46,137,"South Dakota","Ziebach County",4,11,27,10,17
050,46,137,"South Dakota","Ziebach County",4,12,35,14,21
050,46,137,"South Dakota","Ziebach County",4,13,43,20,23
050,46,137,"South Dakota","Ziebach County",4,14,47,27,20
050,46,137,"South Dakota","Ziebach County",4,15,49,24,25
050,46,137,"South Dakota","Ziebach County",4,16,48,19,29
050,46,137,"South Dakota","Ziebach County",4,17,48,19,29
050,46,137,"South Dakota","Ziebach County",4,18,35,10,25
050,46,137,"South Dakota","Ziebach County",4,19,36,17,19
050,46,137,"South Dakota","Ziebach County",4,20,37,19,18
050,46,137,"South Dakota","Ziebach County",4,21,40,20,20
050,46,137,"South Dakota","Ziebach County",4,22,55,28,27
050,46,137,"South Dakota","Ziebach County",4,23,48,23,25
050,46,137,"South Dakota","Ziebach County",4,24,38,16,22
050,46,137,"South Dakota","Ziebach County",4,25,17,12,5
050,46,137,"South Dakota","Ziebach County",4,26,43,17,26
050,46,137,"South Dakota","Ziebach County",4,27,41,24,17
050,46,137,"South Dakota","Ziebach County",4,28,36,23,13
050,46,137,"South Dakota","Ziebach County",4,29,32,18,14
050,46,137,"South Dakota","Ziebach County",4,30,31,20,11
050,46,137,"South Dakota","Ziebach County",4,31,31,15,16
050,46,137,"South Dakota","Ziebach County",4,32,21,5,16
050,46,137,"South Dakota","Ziebach County",4,33,19,8,11
050,46,137,"South Dakota","Ziebach County",4,34,14,8,6
050,46,137,"South Dakota","Ziebach County",4,35,26,14,12
050,46,137,"South Dakota","Ziebach County",4,36,34,15,19
050,46,137,"South Dakota","Ziebach County",4,37,37,19,18
050,46,137,"South Dakota","Ziebach County",4,38,14,9,5
050,46,137,"South Dakota","Ziebach County",4,39,23,14,9
050,46,137,"South Dakota","Ziebach County",4,40,39,20,19
050,46,137,"South Dakota","Ziebach County",4,41,39,26,13
050,46,137,"South Dakota","Ziebach County",4,42,45,32,13
050,46,137,"South Dakota","Ziebach County",4,43,41,22,19
050,46,137,"South Dakota","Ziebach County",4,44,31,6,25
050,46,137,"South Dakota","Ziebach County",4,45,25,11,14
050,46,137,"South Dakota","Ziebach County",4,46,23,7,16
050,46,137,"South Dakota","Ziebach County",4,47,40,20,20
050,46,137,"South Dakota","Ziebach County",4,48,35,20,15
050,46,137,"South Dakota","Ziebach County",4,49,31,19,12
050,46,137,"South Dakota","Ziebach County",4,50,21,12,9
050,46,137,"South Dakota","Ziebach County",4,51,25,13,12
050,46,137,"South Dakota","Ziebach County",4,52,25,14,11
050,46,137,"South Dakota","Ziebach County",4,53,23,12,11
050,46,137,"South Dakota","Ziebach County",4,54,20,5,15
050,46,137,"South Dakota","Ziebach County",4,55,18,5,13
050,46,137,"South Dakota","Ziebach County",4,56,20,9,11
050,46,137,"South Dakota","Ziebach County",4,57,26,13,13
050,46,137,"South Dakota","Ziebach County",4,58,35,19,16
050,46,137,"South Dakota","Ziebach County",4,59,36,22,14
050,46,137,"South Dakota","Ziebach County",4,60,43,22,21
050,46,137,"South Dakota","Ziebach County",4,61,33,17,16
050,46,137,"South Dakota","Ziebach County",4,62,52,29,23
050,46,137,"South Dakota","Ziebach County",4,63,48,22,26
050,46,137,"South Dakota","Ziebach County",4,64,28,14,14
050,46,137,"South Dakota","Ziebach County",4,65,17,8,9
050,46,137,"South Dakota","Ziebach County",4,66,10,6,4
050,46,137,"South Dakota","Ziebach County",4,67,21,13,8
050,46,137,"South Dakota","Ziebach County",4,68,17,5,12
050,46,137,"South Dakota","Ziebach County",4,69,18,8,10
050,46,137,"South Dakota","Ziebach County",4,70,12,6,6
050,46,137,"South Dakota","Ziebach County",4,71,17,6,11
050,46,137,"South Dakota","Ziebach County",4,72,14,9,5
050,46,137,"South Dakota","Ziebach County",4,73,14,9,5
050,46,137,"South Dakota","Ziebach County",4,74,13,7,6
050,46,137,"South Dakota","Ziebach County",4,75,12,3,9
050,46,137,"South Dakota","Ziebach County",4,76,11,3,8
050,46,137,"South Dakota","Ziebach County",4,77,10,5,5
050,46,137,"South Dakota","Ziebach County",4,78,9,4,5
050,46,137,"South Dakota","Ziebach County",4,79,11,6,5
050,46,137,"South Dakota","Ziebach County",4,80,7,3,4
050,46,137,"South Dakota","Ziebach County",4,81,7,3,4
050,46,137,"South Dakota","Ziebach County",4,82,8,5,3
050,46,137,"South Dakota","Ziebach County",4,83,6,4,2
050,46,137,"South Dakota","Ziebach County",4,84,6,3,3
050,46,137,"South Dakota","Ziebach County",4,85,24,10,14
050,46,137,"South Dakota","Ziebach County",5,0,43,19,24
050,46,137,"South Dakota","Ziebach County",5,1,39,11,28
050,46,137,"South Dakota","Ziebach County",5,2,29,17,12
050,46,137,"South Dakota","Ziebach County",5,3,27,16,11
050,46,137,"South Dakota","Ziebach County",5,4,24,12,12
050,46,137,"South Dakota","Ziebach County",5,5,24,12,12
050,46,137,"South Dakota","Ziebach County",5,6,23,11,12
050,46,137,"South Dakota","Ziebach County",5,7,22,14,8
050,46,137,"South Dakota","Ziebach County",5,8,29,16,13
050,46,137,"South Dakota","Ziebach County",5,9,30,14,16
050,46,137,"South Dakota","Ziebach County",5,10,25,17,8
050,46,137,"South Dakota","Ziebach County",5,11,23,13,10
050,46,137,"South Dakota","Ziebach County",5,12,28,12,16
050,46,137,"South Dakota","Ziebach County",5,13,35,13,22
050,46,137,"South Dakota","Ziebach County",5,14,39,20,19
050,46,137,"South Dakota","Ziebach County",5,15,44,24,20
050,46,137,"South Dakota","Ziebach County",5,16,45,21,24
050,46,137,"South Dakota","Ziebach County",5,17,49,18,31
050,46,137,"South Dakota","Ziebach County",5,18,45,18,27
050,46,137,"South Dakota","Ziebach County",5,19,28,5,23
050,46,137,"South Dakota","Ziebach County",5,20,32,16,16
050,46,137,"South Dakota","Ziebach County",5,21,39,19,20
050,46,137,"South Dakota","Ziebach County",5,22,40,21,19
050,46,137,"South Dakota","Ziebach County",5,23,51,29,22
050,46,137,"South Dakota","Ziebach County",5,24,36,17,19
050,46,137,"South Dakota","Ziebach County",5,25,36,17,19
050,46,137,"South Dakota","Ziebach County",5,26,18,12,6
050,46,137,"South Dakota","Ziebach County",5,27,46,17,29
050,46,137,"South Dakota","Ziebach County",5,28,41,22,19
050,46,137,"South Dakota","Ziebach County",5,29,36,21,15
050,46,137,"South Dakota","Ziebach County",5,30,34,18,16
050,46,137,"South Dakota","Ziebach County",5,31,31,20,11
050,46,137,"South Dakota","Ziebach County",5,32,20,10,10
050,46,137,"South Dakota","Ziebach County",5,33,21,5,16
050,46,137,"South Dakota","Ziebach County",5,34,19,8,11
050,46,137,"South Dakota","Ziebach County",5,35,12,6,6
050,46,137,"South Dakota","Ziebach County",5,36,25,14,11
050,46,137,"South Dakota","Ziebach County",5,37,34,15,19
050,46,137,"South Dakota","Ziebach County",5,38,35,18,17
050,46,137,"South Dakota","Ziebach County",5,39,14,9,5
050,46,137,"South Dakota","Ziebach County",5,40,20,11,9
050,46,137,"South Dakota","Ziebach County",5,41,39,20,19
050,46,137,"South Dakota","Ziebach County",5,42,43,26,17
050,46,137,"South Dakota","Ziebach County",5,43,45,32,13
050,46,137,"South Dakota","Ziebach County",5,44,42,24,18
050,46,137,"South Dakota","Ziebach County",5,45,29,6,23
050,46,137,"South Dakota","Ziebach County",5,46,24,10,14
050,46,137,"South Dakota","Ziebach County",5,47,24,8,16
050,46,137,"South Dakota","Ziebach County",5,48,38,18,20
050,46,137,"South Dakota","Ziebach County",5,49,35,20,15
050,46,137,"South Dakota","Ziebach County",5,50,31,19,12
050,46,137,"South Dakota","Ziebach County",5,51,20,11,9
050,46,137,"South Dakota","Ziebach County",5,52,23,12,11
050,46,137,"South Dakota","Ziebach County",5,53,25,14,11
050,46,137,"South Dakota","Ziebach County",5,54,23,12,11
050,46,137,"South Dakota","Ziebach County",5,55,21,5,16
050,46,137,"South Dakota","Ziebach County",5,56,18,5,13
050,46,137,"South Dakota","Ziebach County",5,57,20,9,11
050,46,137,"South Dakota","Ziebach County",5,58,25,12,13
050,46,137,"South Dakota","Ziebach County",5,59,34,18,16
050,46,137,"South Dakota","Ziebach County",5,60,32,23,9
050,46,137,"South Dakota","Ziebach County",5,61,38,17,21
050,46,137,"South Dakota","Ziebach County",5,62,33,17,16
050,46,137,"South Dakota","Ziebach County",5,63,52,29,23
050,46,137,"South Dakota","Ziebach County",5,64,49,22,27
050,46,137,"South Dakota","Ziebach County",5,65,23,13,10
050,46,137,"South Dakota","Ziebach County",5,66,18,8,10
050,46,137,"South Dakota","Ziebach County",5,67,11,6,5
050,46,137,"South Dakota","Ziebach County",5,68,21,13,8
050,46,137,"South Dakota","Ziebach County",5,69,15,5,10
050,46,137,"South Dakota","Ziebach County",5,70,14,6,8
050,46,137,"South Dakota","Ziebach County",5,71,12,6,6
050,46,137,"South Dakota","Ziebach County",5,72,17,6,11
050,46,137,"South Dakota","Ziebach County",5,73,13,9,4
050,46,137,"South Dakota","Ziebach County",5,74,13,8,5
050,46,137,"South Dakota","Ziebach County",5,75,10,4,6
050,46,137,"South Dakota","Ziebach County",5,76,12,3,9
050,46,137,"South Dakota","Ziebach County",5,77,11,3,8
050,46,137,"South Dakota","Ziebach County",5,78,10,5,5
050,46,137,"South Dakota","Ziebach County",5,79,9,4,5
050,46,137,"South Dakota","Ziebach County",5,80,10,5,5
050,46,137,"South Dakota","Ziebach County",5,81,7,3,4
050,46,137,"South Dakota","Ziebach County",5,82,7,3,4
050,46,137,"South Dakota","Ziebach County",5,83,8,5,3
050,46,137,"South Dakota","Ziebach County",5,84,5,4,1
050,46,137,"South Dakota","Ziebach County",5,85,22,10,12

