"SUMLEV","STATE","COUNTY","STNAME","CTYNAME","YEAR","AGE","TOT_POP","TOT_MALE","TOT_FEMALE"
050,28,001,"Mississippi","Adams County",1,0,331,170,161
050,28,001,"Mississippi","Adams County",1,1,336,170,166
050,28,001,"Mississippi","Adams County",1,2,353,167,186
050,28,001,"Mississippi","Adams County",1,3,340,171,169
050,28,001,"Mississippi","Adams County",1,4,355,164,191
050,28,001,"Mississippi","Adams County",1,5,376,178,198
050,28,001,"Mississippi","Adams County",1,6,350,182,168
050,28,001,"Mississippi","Adams County",1,7,286,132,154
050,28,001,"Mississippi","Adams County",1,8,327,162,165
050,28,001,"Mississippi","Adams County",1,9,325,176,149
050,28,001,"Mississippi","Adams County",1,10,341,172,169
050,28,001,"Mississippi","Adams County",1,11,350,178,172
050,28,001,"Mississippi","Adams County",1,12,354,188,166
050,28,001,"Mississippi","Adams County",1,13,366,176,190
050,28,001,"Mississippi","Adams County",1,14,372,191,181
050,28,001,"Mississippi","Adams County",1,15,371,175,196
050,28,001,"Mississippi","Adams County",1,16,353,185,168
050,28,001,"Mississippi","Adams County",1,17,367,178,189
050,28,001,"Mississippi","Adams County",1,18,328,166,162
050,28,001,"Mississippi","Adams County",1,19,290,154,136
050,28,001,"Mississippi","Adams County",1,20,302,152,150
050,28,001,"Mississippi","Adams County",1,21,320,173,147
050,28,001,"Mississippi","Adams County",1,22,327,172,155
050,28,001,"Mississippi","Adams County",1,23,301,168,133
050,28,001,"Mississippi","Adams County",1,24,326,168,158
050,28,001,"Mississippi","Adams County",1,25,346,177,169
050,28,001,"Mississippi","Adams County",1,26,367,189,178
050,28,001,"Mississippi","Adams County",1,27,370,191,179
050,28,001,"Mississippi","Adams County",1,28,343,179,164
050,28,001,"Mississippi","Adams County",1,29,369,193,176
050,28,001,"Mississippi","Adams County",1,30,376,208,168
050,28,001,"Mississippi","Adams County",1,31,381,210,171
050,28,001,"Mississippi","Adams County",1,32,324,179,145
050,28,001,"Mississippi","Adams County",1,33,303,153,150
050,28,001,"Mississippi","Adams County",1,34,342,182,160
050,28,001,"Mississippi","Adams County",1,35,379,196,183
050,28,001,"Mississippi","Adams County",1,36,348,187,161
050,28,001,"Mississippi","Adams County",1,37,370,226,144
050,28,001,"Mississippi","Adams County",1,38,382,231,151
050,28,001,"Mississippi","Adams County",1,39,409,245,164
050,28,001,"Mississippi","Adams County",1,40,378,221,157
050,28,001,"Mississippi","Adams County",1,41,328,182,146
050,28,001,"Mississippi","Adams County",1,42,334,177,157
050,28,001,"Mississippi","Adams County",1,43,344,182,162
050,28,001,"Mississippi","Adams County",1,44,348,178,170
050,28,001,"Mississippi","Adams County",1,45,332,173,159
050,28,001,"Mississippi","Adams County",1,46,321,170,151
050,28,001,"Mississippi","Adams County",1,47,324,184,140
050,28,001,"Mississippi","Adams County",1,48,316,150,166
050,28,001,"Mississippi","Adams County",1,49,335,168,167
050,28,001,"Mississippi","Adams County",1,50,319,163,156
050,28,001,"Mississippi","Adams County",1,51,303,162,141
050,28,001,"Mississippi","Adams County",1,52,325,154,171
050,28,001,"Mississippi","Adams County",1,53,338,181,157
050,28,001,"Mississippi","Adams County",1,54,367,184,183
050,28,001,"Mississippi","Adams County",1,55,405,196,209
050,28,001,"Mississippi","Adams County",1,56,413,203,210
050,28,001,"Mississippi","Adams County",1,57,428,225,203
050,28,001,"Mississippi","Adams County",1,58,448,221,227
050,28,001,"Mississippi","Adams County",1,59,466,225,241
050,28,001,"Mississippi","Adams County",1,60,496,237,259
050,28,001,"Mississippi","Adams County",1,61,515,252,263
050,28,001,"Mississippi","Adams County",1,62,507,247,260
050,28,001,"Mississippi","Adams County",1,63,461,202,259
050,28,001,"Mississippi","Adams County",1,64,466,217,249
050,28,001,"Mississippi","Adams County",1,65,465,217,248
050,28,001,"Mississippi","Adams County",1,66,445,208,237
050,28,001,"Mississippi","Adams County",1,67,414,180,234
050,28,001,"Mississippi","Adams County",1,68,412,191,221
050,28,001,"Mississippi","Adams County",1,69,369,180,189
050,28,001,"Mississippi","Adams County",1,70,368,168,200
050,28,001,"Mississippi","Adams County",1,71,356,157,199
050,28,001,"Mississippi","Adams County",1,72,312,153,159
050,28,001,"Mississippi","Adams County",1,73,324,158,166
050,28,001,"Mississippi","Adams County",1,74,216,98,118
050,28,001,"Mississippi","Adams County",1,75,212,89,123
050,28,001,"Mississippi","Adams County",1,76,213,97,116
050,28,001,"Mississippi","Adams County",1,77,208,96,112
050,28,001,"Mississippi","Adams County",1,78,167,69,98
050,28,001,"Mississippi","Adams County",1,79,186,76,110
050,28,001,"Mississippi","Adams County",1,80,171,61,110
050,28,001,"Mississippi","Adams County",1,81,161,63,98
050,28,001,"Mississippi","Adams County",1,82,128,52,76
050,28,001,"Mississippi","Adams County",1,83,141,58,83
050,28,001,"Mississippi","Adams County",1,84,125,38,87
050,28,001,"Mississippi","Adams County",1,85,672,196,476
050,28,001,"Mississippi","Adams County",2,0,325,171,154
050,28,001,"Mississippi","Adams County",2,1,336,171,165
050,28,001,"Mississippi","Adams County",2,2,348,166,182
050,28,001,"Mississippi","Adams County",2,3,343,170,173
050,28,001,"Mississippi","Adams County",2,4,349,164,185
050,28,001,"Mississippi","Adams County",2,5,368,172,196
050,28,001,"Mississippi","Adams County",2,6,354,179,175
050,28,001,"Mississippi","Adams County",2,7,304,146,158
050,28,001,"Mississippi","Adams County",2,8,316,155,161
050,28,001,"Mississippi","Adams County",2,9,323,172,151
050,28,001,"Mississippi","Adams County",2,10,334,171,163
050,28,001,"Mississippi","Adams County",2,11,347,176,171
050,28,001,"Mississippi","Adams County",2,12,355,186,169
050,28,001,"Mississippi","Adams County",2,13,360,178,182
050,28,001,"Mississippi","Adams County",2,14,370,186,184
050,28,001,"Mississippi","Adams County",2,15,371,179,192
050,28,001,"Mississippi","Adams County",2,16,359,182,177
050,28,001,"Mississippi","Adams County",2,17,365,179,186
050,28,001,"Mississippi","Adams County",2,18,326,165,161
050,28,001,"Mississippi","Adams County",2,19,293,153,140
050,28,001,"Mississippi","Adams County",2,20,309,156,153
050,28,001,"Mississippi","Adams County",2,21,315,166,149
050,28,001,"Mississippi","Adams County",2,22,326,173,153
050,28,001,"Mississippi","Adams County",2,23,305,168,137
050,28,001,"Mississippi","Adams County",2,24,316,166,150
050,28,001,"Mississippi","Adams County",2,25,339,174,165
050,28,001,"Mississippi","Adams County",2,26,363,189,174
050,28,001,"Mississippi","Adams County",2,27,360,183,177
050,28,001,"Mississippi","Adams County",2,28,346,180,166
050,28,001,"Mississippi","Adams County",2,29,364,191,173
050,28,001,"Mississippi","Adams County",2,30,376,206,170
050,28,001,"Mississippi","Adams County",2,31,378,210,168
050,28,001,"Mississippi","Adams County",2,32,330,180,150
050,28,001,"Mississippi","Adams County",2,33,309,161,148
050,28,001,"Mississippi","Adams County",2,34,330,173,157
050,28,001,"Mississippi","Adams County",2,35,375,198,177
050,28,001,"Mississippi","Adams County",2,36,351,185,166
050,28,001,"Mississippi","Adams County",2,37,363,215,148
050,28,001,"Mississippi","Adams County",2,38,386,235,151
050,28,001,"Mississippi","Adams County",2,39,400,242,158
050,28,001,"Mississippi","Adams County",2,40,384,223,161
050,28,001,"Mississippi","Adams County",2,41,339,194,145
050,28,001,"Mississippi","Adams County",2,42,325,174,151
050,28,001,"Mississippi","Adams County",2,43,348,186,162
050,28,001,"Mississippi","Adams County",2,44,342,177,165
050,28,001,"Mississippi","Adams County",2,45,331,171,160
050,28,001,"Mississippi","Adams County",2,46,325,172,153
050,28,001,"Mississippi","Adams County",2,47,323,180,143
050,28,001,"Mississippi","Adams County",2,48,314,155,159
050,28,001,"Mississippi","Adams County",2,49,333,165,168
050,28,001,"Mississippi","Adams County",2,50,323,165,158
050,28,001,"Mississippi","Adams County",2,51,302,158,144
050,28,001,"Mississippi","Adams County",2,52,320,155,165
050,28,001,"Mississippi","Adams County",2,53,334,174,160
050,28,001,"Mississippi","Adams County",2,54,359,182,177
050,28,001,"Mississippi","Adams County",2,55,394,191,203
050,28,001,"Mississippi","Adams County",2,56,410,202,208
050,28,001,"Mississippi","Adams County",2,57,425,221,204
050,28,001,"Mississippi","Adams County",2,58,435,218,217
050,28,001,"Mississippi","Adams County",2,59,455,221,234
050,28,001,"Mississippi","Adams County",2,60,487,233,254
050,28,001,"Mississippi","Adams County",2,61,509,248,261
050,28,001,"Mississippi","Adams County",2,62,498,242,256
050,28,001,"Mississippi","Adams County",2,63,476,214,262
050,28,001,"Mississippi","Adams County",2,64,462,211,251
050,28,001,"Mississippi","Adams County",2,65,463,217,246
050,28,001,"Mississippi","Adams County",2,66,448,208,240
050,28,001,"Mississippi","Adams County",2,67,420,185,235
050,28,001,"Mississippi","Adams County",2,68,409,187,222
050,28,001,"Mississippi","Adams County",2,69,380,183,197
050,28,001,"Mississippi","Adams County",2,70,366,170,196
050,28,001,"Mississippi","Adams County",2,71,356,157,199
050,28,001,"Mississippi","Adams County",2,72,315,150,165
050,28,001,"Mississippi","Adams County",2,73,332,163,169
050,28,001,"Mississippi","Adams County",2,74,228,105,123
050,28,001,"Mississippi","Adams County",2,75,210,90,120
050,28,001,"Mississippi","Adams County",2,76,208,91,117
050,28,001,"Mississippi","Adams County",2,77,208,96,112
050,28,001,"Mississippi","Adams County",2,78,170,72,98
050,28,001,"Mississippi","Adams County",2,79,175,72,103
050,28,001,"Mississippi","Adams County",2,80,173,64,109
050,28,001,"Mississippi","Adams County",2,81,159,63,96
050,28,001,"Mississippi","Adams County",2,82,134,54,80
050,28,001,"Mississippi","Adams County",2,83,135,56,79
050,28,001,"Mississippi","Adams County",2,84,129,43,86
050,28,001,"Mississippi","Adams County",2,85,665,193,472
050,28,001,"Mississippi","Adams County",3,0,313,161,152
050,28,001,"Mississippi","Adams County",3,1,332,177,155
050,28,001,"Mississippi","Adams County",3,2,327,165,162
050,28,001,"Mississippi","Adams County",3,3,324,153,171
050,28,001,"Mississippi","Adams County",3,4,326,161,165
050,28,001,"Mississippi","Adams County",3,5,345,165,180
050,28,001,"Mississippi","Adams County",3,6,344,164,180
050,28,001,"Mississippi","Adams County",3,7,343,171,172
050,28,001,"Mississippi","Adams County",3,8,291,137,154
050,28,001,"Mississippi","Adams County",3,9,304,147,157
050,28,001,"Mississippi","Adams County",3,10,312,165,147
050,28,001,"Mississippi","Adams County",3,11,320,164,156
050,28,001,"Mississippi","Adams County",3,12,344,174,170
050,28,001,"Mississippi","Adams County",3,13,338,173,165
050,28,001,"Mississippi","Adams County",3,14,373,189,184
050,28,001,"Mississippi","Adams County",3,15,377,191,186
050,28,001,"Mississippi","Adams County",3,16,364,181,183
050,28,001,"Mississippi","Adams County",3,17,359,180,179
050,28,001,"Mississippi","Adams County",3,18,323,165,158
050,28,001,"Mississippi","Adams County",3,19,295,155,140
050,28,001,"Mississippi","Adams County",3,20,313,159,154
050,28,001,"Mississippi","Adams County",3,21,301,151,150
050,28,001,"Mississippi","Adams County",3,22,311,169,142
050,28,001,"Mississippi","Adams County",3,23,327,179,148
050,28,001,"Mississippi","Adams County",3,24,314,171,143
050,28,001,"Mississippi","Adams County",3,25,310,163,147
050,28,001,"Mississippi","Adams County",3,26,338,177,161
050,28,001,"Mississippi","Adams County",3,27,327,172,155
050,28,001,"Mississippi","Adams County",3,28,330,176,154
050,28,001,"Mississippi","Adams County",3,29,347,195,152
050,28,001,"Mississippi","Adams County",3,30,346,181,165
050,28,001,"Mississippi","Adams County",3,31,368,207,161
050,28,001,"Mississippi","Adams County",3,32,351,191,160
050,28,001,"Mississippi","Adams County",3,33,324,178,146
050,28,001,"Mississippi","Adams County",3,34,285,144,141
050,28,001,"Mississippi","Adams County",3,35,349,197,152
050,28,001,"Mississippi","Adams County",3,36,349,184,165
050,28,001,"Mississippi","Adams County",3,37,347,173,174
050,28,001,"Mississippi","Adams County",3,38,363,219,144
050,28,001,"Mississippi","Adams County",3,39,386,237,149
050,28,001,"Mississippi","Adams County",3,40,374,212,162
050,28,001,"Mississippi","Adams County",3,41,389,231,158
050,28,001,"Mississippi","Adams County",3,42,320,176,144
050,28,001,"Mississippi","Adams County",3,43,343,195,148
050,28,001,"Mississippi","Adams County",3,44,342,175,167
050,28,001,"Mississippi","Adams County",3,45,321,161,160
050,28,001,"Mississippi","Adams County",3,46,330,180,150
050,28,001,"Mississippi","Adams County",3,47,318,170,148
050,28,001,"Mississippi","Adams County",3,48,295,157,138
050,28,001,"Mississippi","Adams County",3,49,314,154,160
050,28,001,"Mississippi","Adams County",3,50,332,161,171
050,28,001,"Mississippi","Adams County",3,51,327,161,166
050,28,001,"Mississippi","Adams County",3,52,311,160,151
050,28,001,"Mississippi","Adams County",3,53,315,159,156
050,28,001,"Mississippi","Adams County",3,54,330,166,164
050,28,001,"Mississippi","Adams County",3,55,346,171,175
050,28,001,"Mississippi","Adams County",3,56,385,187,198
050,28,001,"Mississippi","Adams County",3,57,400,193,207
050,28,001,"Mississippi","Adams County",3,58,418,212,206
050,28,001,"Mississippi","Adams County",3,59,442,214,228
050,28,001,"Mississippi","Adams County",3,60,452,213,239
050,28,001,"Mississippi","Adams County",3,61,491,236,255
050,28,001,"Mississippi","Adams County",3,62,495,242,253
050,28,001,"Mississippi","Adams County",3,63,490,237,253
050,28,001,"Mississippi","Adams County",3,64,465,204,261
050,28,001,"Mississippi","Adams County",3,65,454,208,246
050,28,001,"Mississippi","Adams County",3,66,439,202,237
050,28,001,"Mississippi","Adams County",3,67,431,196,235
050,28,001,"Mississippi","Adams County",3,68,414,185,229
050,28,001,"Mississippi","Adams County",3,69,385,173,212
050,28,001,"Mississippi","Adams County",3,70,366,177,189
050,28,001,"Mississippi","Adams County",3,71,356,161,195
050,28,001,"Mississippi","Adams County",3,72,335,148,187
050,28,001,"Mississippi","Adams County",3,73,311,150,161
050,28,001,"Mississippi","Adams County",3,74,321,154,167
050,28,001,"Mississippi","Adams County",3,75,213,101,112
050,28,001,"Mississippi","Adams County",3,76,203,84,119
050,28,001,"Mississippi","Adams County",3,77,193,86,107
050,28,001,"Mississippi","Adams County",3,78,200,93,107
050,28,001,"Mississippi","Adams County",3,79,152,65,87
050,28,001,"Mississippi","Adams County",3,80,158,63,95
050,28,001,"Mississippi","Adams County",3,81,165,62,103
050,28,001,"Mississippi","Adams County",3,82,146,57,89
050,28,001,"Mississippi","Adams County",3,83,118,47,71
050,28,001,"Mississippi","Adams County",3,84,128,52,76
050,28,001,"Mississippi","Adams County",3,85,673,197,476
050,28,001,"Mississippi","Adams County",4,0,303,166,137
050,28,001,"Mississippi","Adams County",4,1,309,167,142
050,28,001,"Mississippi","Adams County",4,2,336,184,152
050,28,001,"Mississippi","Adams County",4,3,323,165,158
050,28,001,"Mississippi","Adams County",4,4,321,152,169
050,28,001,"Mississippi","Adams County",4,5,318,153,165
050,28,001,"Mississippi","Adams County",4,6,329,154,175
050,28,001,"Mississippi","Adams County",4,7,329,159,170
050,28,001,"Mississippi","Adams County",4,8,328,162,166
050,28,001,"Mississippi","Adams County",4,9,287,126,161
050,28,001,"Mississippi","Adams County",4,10,301,141,160
050,28,001,"Mississippi","Adams County",4,11,300,159,141
050,28,001,"Mississippi","Adams County",4,12,313,158,155
050,28,001,"Mississippi","Adams County",4,13,339,173,166
050,28,001,"Mississippi","Adams County",4,14,352,176,176
050,28,001,"Mississippi","Adams County",4,15,367,187,180
050,28,001,"Mississippi","Adams County",4,16,370,186,184
050,28,001,"Mississippi","Adams County",4,17,358,176,182
050,28,001,"Mississippi","Adams County",4,18,317,162,155
050,28,001,"Mississippi","Adams County",4,19,288,149,139
050,28,001,"Mississippi","Adams County",4,20,307,168,139
050,28,001,"Mississippi","Adams County",4,21,302,157,145
050,28,001,"Mississippi","Adams County",4,22,318,168,150
050,28,001,"Mississippi","Adams County",4,23,334,181,153
050,28,001,"Mississippi","Adams County",4,24,315,176,139
050,28,001,"Mississippi","Adams County",4,25,311,176,135
050,28,001,"Mississippi","Adams County",4,26,338,185,153
050,28,001,"Mississippi","Adams County",4,27,317,161,156
050,28,001,"Mississippi","Adams County",4,28,329,177,152
050,28,001,"Mississippi","Adams County",4,29,368,206,162
050,28,001,"Mississippi","Adams County",4,30,355,203,152
050,28,001,"Mississippi","Adams County",4,31,346,187,159
050,28,001,"Mississippi","Adams County",4,32,341,189,152
050,28,001,"Mississippi","Adams County",4,33,353,195,158
050,28,001,"Mississippi","Adams County",4,34,316,175,141
050,28,001,"Mississippi","Adams County",4,35,302,160,142
050,28,001,"Mississippi","Adams County",4,36,347,187,160
050,28,001,"Mississippi","Adams County",4,37,334,182,152
050,28,001,"Mississippi","Adams County",4,38,361,190,171
050,28,001,"Mississippi","Adams County",4,39,355,211,144
050,28,001,"Mississippi","Adams County",4,40,379,222,157
050,28,001,"Mississippi","Adams County",4,41,365,210,155
050,28,001,"Mississippi","Adams County",4,42,380,217,163
050,28,001,"Mississippi","Adams County",4,43,326,186,140
050,28,001,"Mississippi","Adams County",4,44,331,183,148
050,28,001,"Mississippi","Adams County",4,45,331,164,167
050,28,001,"Mississippi","Adams County",4,46,328,172,156
050,28,001,"Mississippi","Adams County",4,47,335,183,152
050,28,001,"Mississippi","Adams County",4,48,301,157,144
050,28,001,"Mississippi","Adams County",4,49,305,167,138
050,28,001,"Mississippi","Adams County",4,50,317,154,163
050,28,001,"Mississippi","Adams County",4,51,330,160,170
050,28,001,"Mississippi","Adams County",4,52,316,157,159
050,28,001,"Mississippi","Adams County",4,53,304,156,148
050,28,001,"Mississippi","Adams County",4,54,300,144,156
050,28,001,"Mississippi","Adams County",4,55,313,158,155
050,28,001,"Mississippi","Adams County",4,56,352,172,180
050,28,001,"Mississippi","Adams County",4,57,370,180,190
050,28,001,"Mississippi","Adams County",4,58,396,196,200
050,28,001,"Mississippi","Adams County",4,59,416,215,201
050,28,001,"Mississippi","Adams County",4,60,422,199,223
050,28,001,"Mississippi","Adams County",4,61,451,217,234
050,28,001,"Mississippi","Adams County",4,62,456,219,237
050,28,001,"Mississippi","Adams County",4,63,488,235,253
050,28,001,"Mississippi","Adams County",4,64,486,229,257
050,28,001,"Mississippi","Adams County",4,65,449,195,254
050,28,001,"Mississippi","Adams County",4,66,448,203,245
050,28,001,"Mississippi","Adams County",4,67,428,195,233
050,28,001,"Mississippi","Adams County",4,68,417,195,222
050,28,001,"Mississippi","Adams County",4,69,401,175,226
050,28,001,"Mississippi","Adams County",4,70,378,167,211
050,28,001,"Mississippi","Adams County",4,71,360,175,185
050,28,001,"Mississippi","Adams County",4,72,334,149,185
050,28,001,"Mississippi","Adams County",4,73,332,146,186
050,28,001,"Mississippi","Adams County",4,74,297,142,155
050,28,001,"Mississippi","Adams County",4,75,312,150,162
050,28,001,"Mississippi","Adams County",4,76,198,91,107
050,28,001,"Mississippi","Adams County",4,77,193,81,112
050,28,001,"Mississippi","Adams County",4,78,194,89,105
050,28,001,"Mississippi","Adams County",4,79,188,91,97
050,28,001,"Mississippi","Adams County",4,80,134,56,78
050,28,001,"Mississippi","Adams County",4,81,145,56,89
050,28,001,"Mississippi","Adams County",4,82,150,57,93
050,28,001,"Mississippi","Adams County",4,83,131,48,83
050,28,001,"Mississippi","Adams County",4,84,105,39,66
050,28,001,"Mississippi","Adams County",4,85,688,209,479
050,28,001,"Mississippi","Adams County",5,0,310,171,139
050,28,001,"Mississippi","Adams County",5,1,300,170,130
050,28,001,"Mississippi","Adams County",5,2,313,170,143
050,28,001,"Mississippi","Adams County",5,3,332,184,148
050,28,001,"Mississippi","Adams County",5,4,321,165,156
050,28,001,"Mississippi","Adams County",5,5,311,147,164
050,28,001,"Mississippi","Adams County",5,6,328,162,166
050,28,001,"Mississippi","Adams County",5,7,327,158,169
050,28,001,"Mississippi","Adams County",5,8,333,150,183
050,28,001,"Mississippi","Adams County",5,9,329,160,169
050,28,001,"Mississippi","Adams County",5,10,285,129,156
050,28,001,"Mississippi","Adams County",5,11,298,145,153
050,28,001,"Mississippi","Adams County",5,12,308,166,142
050,28,001,"Mississippi","Adams County",5,13,305,155,150
050,28,001,"Mississippi","Adams County",5,14,351,182,169
050,28,001,"Mississippi","Adams County",5,15,335,174,161
050,28,001,"Mississippi","Adams County",5,16,368,183,185
050,28,001,"Mississippi","Adams County",5,17,373,188,185
050,28,001,"Mississippi","Adams County",5,18,319,165,154
050,28,001,"Mississippi","Adams County",5,19,300,163,137
050,28,001,"Mississippi","Adams County",5,20,337,196,141
050,28,001,"Mississippi","Adams County",5,21,330,186,144
050,28,001,"Mississippi","Adams County",5,22,349,197,152
050,28,001,"Mississippi","Adams County",5,23,351,200,151
050,28,001,"Mississippi","Adams County",5,24,358,206,152
050,28,001,"Mississippi","Adams County",5,25,320,181,139
050,28,001,"Mississippi","Adams County",5,26,348,216,132
050,28,001,"Mississippi","Adams County",5,27,322,178,144
050,28,001,"Mississippi","Adams County",5,28,335,179,156
050,28,001,"Mississippi","Adams County",5,29,381,233,148
050,28,001,"Mississippi","Adams County",5,30,394,230,164
050,28,001,"Mississippi","Adams County",5,31,350,201,149
050,28,001,"Mississippi","Adams County",5,32,342,182,160
050,28,001,"Mississippi","Adams County",5,33,353,196,157
050,28,001,"Mississippi","Adams County",5,34,357,198,159
050,28,001,"Mississippi","Adams County",5,35,338,201,137
050,28,001,"Mississippi","Adams County",5,36,309,161,148
050,28,001,"Mississippi","Adams County",5,37,349,189,160
050,28,001,"Mississippi","Adams County",5,38,358,207,151
050,28,001,"Mississippi","Adams County",5,39,365,191,174
050,28,001,"Mississippi","Adams County",5,40,342,197,145
050,28,001,"Mississippi","Adams County",5,41,391,236,155
050,28,001,"Mississippi","Adams County",5,42,380,215,165
050,28,001,"Mississippi","Adams County",5,43,378,224,154
050,28,001,"Mississippi","Adams County",5,44,305,167,138
050,28,001,"Mississippi","Adams County",5,45,315,173,142
050,28,001,"Mississippi","Adams County",5,46,335,173,162
050,28,001,"Mississippi","Adams County",5,47,340,185,155
050,28,001,"Mississippi","Adams County",5,48,322,174,148
050,28,001,"Mississippi","Adams County",5,49,309,163,146
050,28,001,"Mississippi","Adams County",5,50,306,167,139
050,28,001,"Mississippi","Adams County",5,51,309,147,162
050,28,001,"Mississippi","Adams County",5,52,318,148,170
050,28,001,"Mississippi","Adams County",5,53,333,167,166
050,28,001,"Mississippi","Adams County",5,54,294,150,144
050,28,001,"Mississippi","Adams County",5,55,290,134,156
050,28,001,"Mississippi","Adams County",5,56,322,162,160
050,28,001,"Mississippi","Adams County",5,57,342,161,181
050,28,001,"Mississippi","Adams County",5,58,376,184,192
050,28,001,"Mississippi","Adams County",5,59,391,197,194
050,28,001,"Mississippi","Adams County",5,60,417,215,202
050,28,001,"Mississippi","Adams County",5,61,423,203,220
050,28,001,"Mississippi","Adams County",5,62,431,208,223
050,28,001,"Mississippi","Adams County",5,63,450,217,233
050,28,001,"Mississippi","Adams County",5,64,467,223,244
050,28,001,"Mississippi","Adams County",5,65,474,221,253
050,28,001,"Mississippi","Adams County",5,66,448,191,257
050,28,001,"Mississippi","Adams County",5,67,448,199,249
050,28,001,"Mississippi","Adams County",5,68,424,191,233
050,28,001,"Mississippi","Adams County",5,69,411,191,220
050,28,001,"Mississippi","Adams County",5,70,390,169,221
050,28,001,"Mississippi","Adams County",5,71,378,166,212
050,28,001,"Mississippi","Adams County",5,72,336,166,170
050,28,001,"Mississippi","Adams County",5,73,323,147,176
050,28,001,"Mississippi","Adams County",5,74,318,137,181
050,28,001,"Mississippi","Adams County",5,75,290,141,149
050,28,001,"Mississippi","Adams County",5,76,299,142,157
050,28,001,"Mississippi","Adams County",5,77,186,87,99
050,28,001,"Mississippi","Adams County",5,78,195,81,114
050,28,001,"Mississippi","Adams County",5,79,176,84,92
050,28,001,"Mississippi","Adams County",5,80,170,81,89
050,28,001,"Mississippi","Adams County",5,81,128,54,74
050,28,001,"Mississippi","Adams County",5,82,129,50,79
050,28,001,"Mississippi","Adams County",5,83,138,49,89
050,28,001,"Mississippi","Adams County",5,84,121,43,78
050,28,001,"Mississippi","Adams County",5,85,686,208,478
050,28,003,"Mississippi","Alcorn County",1,0,384,199,185
050,28,003,"Mississippi","Alcorn County",1,1,395,204,191
050,28,003,"Mississippi","Alcorn County",1,2,413,197,216
050,28,003,"Mississippi","Alcorn County",1,3,398,197,201
050,28,003,"Mississippi","Alcorn County",1,4,420,211,209
050,28,003,"Mississippi","Alcorn County",1,5,434,208,226
050,28,003,"Mississippi","Alcorn County",1,6,402,209,193
050,28,003,"Mississippi","Alcorn County",1,7,421,215,206
050,28,003,"Mississippi","Alcorn County",1,8,419,191,228
050,28,003,"Mississippi","Alcorn County",1,9,429,229,200
050,28,003,"Mississippi","Alcorn County",1,10,451,239,212
050,28,003,"Mississippi","Alcorn County",1,11,447,239,208
050,28,003,"Mississippi","Alcorn County",1,12,480,231,249
050,28,003,"Mississippi","Alcorn County",1,13,524,263,261
050,28,003,"Mississippi","Alcorn County",1,14,492,250,242
050,28,003,"Mississippi","Alcorn County",1,15,469,234,235
050,28,003,"Mississippi","Alcorn County",1,16,482,258,224
050,28,003,"Mississippi","Alcorn County",1,17,488,255,233
050,28,003,"Mississippi","Alcorn County",1,18,426,223,203
050,28,003,"Mississippi","Alcorn County",1,19,355,199,156
050,28,003,"Mississippi","Alcorn County",1,20,372,195,177
050,28,003,"Mississippi","Alcorn County",1,21,389,216,173
050,28,003,"Mississippi","Alcorn County",1,22,418,216,202
050,28,003,"Mississippi","Alcorn County",1,23,400,212,188
050,28,003,"Mississippi","Alcorn County",1,24,389,201,188
050,28,003,"Mississippi","Alcorn County",1,25,386,192,194
050,28,003,"Mississippi","Alcorn County",1,26,423,201,222
050,28,003,"Mississippi","Alcorn County",1,27,453,215,238
050,28,003,"Mississippi","Alcorn County",1,28,464,219,245
050,28,003,"Mississippi","Alcorn County",1,29,480,244,236
050,28,003,"Mississippi","Alcorn County",1,30,473,238,235
050,28,003,"Mississippi","Alcorn County",1,31,397,199,198
050,28,003,"Mississippi","Alcorn County",1,32,386,187,199
050,28,003,"Mississippi","Alcorn County",1,33,392,204,188
050,28,003,"Mississippi","Alcorn County",1,34,409,214,195
050,28,003,"Mississippi","Alcorn County",1,35,432,225,207
050,28,003,"Mississippi","Alcorn County",1,36,421,212,209
050,28,003,"Mississippi","Alcorn County",1,37,392,190,202
050,28,003,"Mississippi","Alcorn County",1,38,424,205,219
050,28,003,"Mississippi","Alcorn County",1,39,439,206,233
050,28,003,"Mississippi","Alcorn County",1,40,449,221,228
050,28,003,"Mississippi","Alcorn County",1,41,430,213,217
050,28,003,"Mississippi","Alcorn County",1,42,427,218,209
050,28,003,"Mississippi","Alcorn County",1,43,426,225,201
050,28,003,"Mississippi","Alcorn County",1,44,417,214,203
050,28,003,"Mississippi","Alcorn County",1,45,414,198,216
050,28,003,"Mississippi","Alcorn County",1,46,423,214,209
050,28,003,"Mississippi","Alcorn County",1,47,467,236,231
050,28,003,"Mississippi","Alcorn County",1,48,469,227,242
050,28,003,"Mississippi","Alcorn County",1,49,489,256,233
050,28,003,"Mississippi","Alcorn County",1,50,485,233,252
050,28,003,"Mississippi","Alcorn County",1,51,449,225,224
050,28,003,"Mississippi","Alcorn County",1,52,437,215,222
050,28,003,"Mississippi","Alcorn County",1,53,443,232,211
050,28,003,"Mississippi","Alcorn County",1,54,446,235,211
050,28,003,"Mississippi","Alcorn County",1,55,451,233,218
050,28,003,"Mississippi","Alcorn County",1,56,489,257,232
050,28,003,"Mississippi","Alcorn County",1,57,495,259,236
050,28,003,"Mississippi","Alcorn County",1,58,496,239,257
050,28,003,"Mississippi","Alcorn County",1,59,462,224,238
050,28,003,"Mississippi","Alcorn County",1,60,434,203,231
050,28,003,"Mississippi","Alcorn County",1,61,462,203,259
050,28,003,"Mississippi","Alcorn County",1,62,453,199,254
050,28,003,"Mississippi","Alcorn County",1,63,445,229,216
050,28,003,"Mississippi","Alcorn County",1,64,420,206,214
050,28,003,"Mississippi","Alcorn County",1,65,412,194,218
050,28,003,"Mississippi","Alcorn County",1,66,389,172,217
050,28,003,"Mississippi","Alcorn County",1,67,413,194,219
050,28,003,"Mississippi","Alcorn County",1,68,395,170,225
050,28,003,"Mississippi","Alcorn County",1,69,353,153,200
050,28,003,"Mississippi","Alcorn County",1,70,333,153,180
050,28,003,"Mississippi","Alcorn County",1,71,361,163,198
050,28,003,"Mississippi","Alcorn County",1,72,408,183,225
050,28,003,"Mississippi","Alcorn County",1,73,394,175,219
050,28,003,"Mississippi","Alcorn County",1,74,263,107,156
050,28,003,"Mississippi","Alcorn County",1,75,282,122,160
050,28,003,"Mississippi","Alcorn County",1,76,272,114,158
050,28,003,"Mississippi","Alcorn County",1,77,268,112,156
050,28,003,"Mississippi","Alcorn County",1,78,249,112,137
050,28,003,"Mississippi","Alcorn County",1,79,199,82,117
050,28,003,"Mississippi","Alcorn County",1,80,175,72,103
050,28,003,"Mississippi","Alcorn County",1,81,173,79,94
050,28,003,"Mississippi","Alcorn County",1,82,154,71,83
050,28,003,"Mississippi","Alcorn County",1,83,136,59,77
050,28,003,"Mississippi","Alcorn County",1,84,121,55,66
050,28,003,"Mississippi","Alcorn County",1,85,650,221,429
050,28,003,"Mississippi","Alcorn County",2,0,394,196,198
050,28,003,"Mississippi","Alcorn County",2,1,393,202,191
050,28,003,"Mississippi","Alcorn County",2,2,411,199,212
050,28,003,"Mississippi","Alcorn County",2,3,401,194,207
050,28,003,"Mississippi","Alcorn County",2,4,415,205,210
050,28,003,"Mississippi","Alcorn County",2,5,429,207,222
050,28,003,"Mississippi","Alcorn County",2,6,412,211,201
050,28,003,"Mississippi","Alcorn County",2,7,415,213,202
050,28,003,"Mississippi","Alcorn County",2,8,420,197,223
050,28,003,"Mississippi","Alcorn County",2,9,424,219,205
050,28,003,"Mississippi","Alcorn County",2,10,444,236,208
050,28,003,"Mississippi","Alcorn County",2,11,445,236,209
050,28,003,"Mississippi","Alcorn County",2,12,473,234,239
050,28,003,"Mississippi","Alcorn County",2,13,511,254,257
050,28,003,"Mississippi","Alcorn County",2,14,496,251,245
050,28,003,"Mississippi","Alcorn County",2,15,474,238,236
050,28,003,"Mississippi","Alcorn County",2,16,485,258,227
050,28,003,"Mississippi","Alcorn County",2,17,488,256,232
050,28,003,"Mississippi","Alcorn County",2,18,422,223,199
050,28,003,"Mississippi","Alcorn County",2,19,354,194,160
050,28,003,"Mississippi","Alcorn County",2,20,380,202,178
050,28,003,"Mississippi","Alcorn County",2,21,389,213,176
050,28,003,"Mississippi","Alcorn County",2,22,417,217,200
050,28,003,"Mississippi","Alcorn County",2,23,407,214,193
050,28,003,"Mississippi","Alcorn County",2,24,391,204,187
050,28,003,"Mississippi","Alcorn County",2,25,389,196,193
050,28,003,"Mississippi","Alcorn County",2,26,421,202,219
050,28,003,"Mississippi","Alcorn County",2,27,451,212,239
050,28,003,"Mississippi","Alcorn County",2,28,459,218,241
050,28,003,"Mississippi","Alcorn County",2,29,480,240,240
050,28,003,"Mississippi","Alcorn County",2,30,470,237,233
050,28,003,"Mississippi","Alcorn County",2,31,411,205,206
050,28,003,"Mississippi","Alcorn County",2,32,390,190,200
050,28,003,"Mississippi","Alcorn County",2,33,389,200,189
050,28,003,"Mississippi","Alcorn County",2,34,403,213,190
050,28,003,"Mississippi","Alcorn County",2,35,429,221,208
050,28,003,"Mississippi","Alcorn County",2,36,419,213,206
050,28,003,"Mississippi","Alcorn County",2,37,397,194,203
050,28,003,"Mississippi","Alcorn County",2,38,419,201,218
050,28,003,"Mississippi","Alcorn County",2,39,435,208,227
050,28,003,"Mississippi","Alcorn County",2,40,445,216,229
050,28,003,"Mississippi","Alcorn County",2,41,435,217,218
050,28,003,"Mississippi","Alcorn County",2,42,424,215,209
050,28,003,"Mississippi","Alcorn County",2,43,432,226,206
050,28,003,"Mississippi","Alcorn County",2,44,415,213,202
050,28,003,"Mississippi","Alcorn County",2,45,413,202,211
050,28,003,"Mississippi","Alcorn County",2,46,421,212,209
050,28,003,"Mississippi","Alcorn County",2,47,456,229,227
050,28,003,"Mississippi","Alcorn County",2,48,471,232,239
050,28,003,"Mississippi","Alcorn County",2,49,485,248,237
050,28,003,"Mississippi","Alcorn County",2,50,486,237,249
050,28,003,"Mississippi","Alcorn County",2,51,452,224,228
050,28,003,"Mississippi","Alcorn County",2,52,439,220,219
050,28,003,"Mississippi","Alcorn County",2,53,439,226,213
050,28,003,"Mississippi","Alcorn County",2,54,445,237,208
050,28,003,"Mississippi","Alcorn County",2,55,447,232,215
050,28,003,"Mississippi","Alcorn County",2,56,480,252,228
050,28,003,"Mississippi","Alcorn County",2,57,495,259,236
050,28,003,"Mississippi","Alcorn County",2,58,497,243,254
050,28,003,"Mississippi","Alcorn County",2,59,472,229,243
050,28,003,"Mississippi","Alcorn County",2,60,439,206,233
050,28,003,"Mississippi","Alcorn County",2,61,455,203,252
050,28,003,"Mississippi","Alcorn County",2,62,451,196,255
050,28,003,"Mississippi","Alcorn County",2,63,448,223,225
050,28,003,"Mississippi","Alcorn County",2,64,421,209,212
050,28,003,"Mississippi","Alcorn County",2,65,414,197,217
050,28,003,"Mississippi","Alcorn County",2,66,391,176,215
050,28,003,"Mississippi","Alcorn County",2,67,403,187,216
050,28,003,"Mississippi","Alcorn County",2,68,397,174,223
050,28,003,"Mississippi","Alcorn County",2,69,362,156,206
050,28,003,"Mississippi","Alcorn County",2,70,335,152,183
050,28,003,"Mississippi","Alcorn County",2,71,351,160,191
050,28,003,"Mississippi","Alcorn County",2,72,387,173,214
050,28,003,"Mississippi","Alcorn County",2,73,411,184,227
050,28,003,"Mississippi","Alcorn County",2,74,277,114,163
050,28,003,"Mississippi","Alcorn County",2,75,276,120,156
050,28,003,"Mississippi","Alcorn County",2,76,273,116,157
050,28,003,"Mississippi","Alcorn County",2,77,272,113,159
050,28,003,"Mississippi","Alcorn County",2,78,247,108,139
050,28,003,"Mississippi","Alcorn County",2,79,209,89,120
050,28,003,"Mississippi","Alcorn County",2,80,175,71,104
050,28,003,"Mississippi","Alcorn County",2,81,171,75,96
050,28,003,"Mississippi","Alcorn County",2,82,154,71,83
050,28,003,"Mississippi","Alcorn County",2,83,138,60,78
050,28,003,"Mississippi","Alcorn County",2,84,122,54,68
050,28,003,"Mississippi","Alcorn County",2,85,653,228,425
050,28,003,"Mississippi","Alcorn County",3,0,385,188,197
050,28,003,"Mississippi","Alcorn County",3,1,379,186,193
050,28,003,"Mississippi","Alcorn County",3,2,383,202,181
050,28,003,"Mississippi","Alcorn County",3,3,413,209,204
050,28,003,"Mississippi","Alcorn County",3,4,395,199,196
050,28,003,"Mississippi","Alcorn County",3,5,416,210,206
050,28,003,"Mississippi","Alcorn County",3,6,418,206,212
050,28,003,"Mississippi","Alcorn County",3,7,419,216,203
050,28,003,"Mississippi","Alcorn County",3,8,399,206,193
050,28,003,"Mississippi","Alcorn County",3,9,413,197,216
050,28,003,"Mississippi","Alcorn County",3,10,426,226,200
050,28,003,"Mississippi","Alcorn County",3,11,436,238,198
050,28,003,"Mississippi","Alcorn County",3,12,432,230,202
050,28,003,"Mississippi","Alcorn County",3,13,479,241,238
050,28,003,"Mississippi","Alcorn County",3,14,498,247,251
050,28,003,"Mississippi","Alcorn County",3,15,499,252,247
050,28,003,"Mississippi","Alcorn County",3,16,483,245,238
050,28,003,"Mississippi","Alcorn County",3,17,478,247,231
050,28,003,"Mississippi","Alcorn County",3,18,413,226,187
050,28,003,"Mississippi","Alcorn County",3,19,347,184,163
050,28,003,"Mississippi","Alcorn County",3,20,402,220,182
050,28,003,"Mississippi","Alcorn County",3,21,403,216,187
050,28,003,"Mississippi","Alcorn County",3,22,391,206,185
050,28,003,"Mississippi","Alcorn County",3,23,446,233,213
050,28,003,"Mississippi","Alcorn County",3,24,408,215,193
050,28,003,"Mississippi","Alcorn County",3,25,386,196,190
050,28,003,"Mississippi","Alcorn County",3,26,372,188,184
050,28,003,"Mississippi","Alcorn County",3,27,420,200,220
050,28,003,"Mississippi","Alcorn County",3,28,436,207,229
050,28,003,"Mississippi","Alcorn County",3,29,479,232,247
050,28,003,"Mississippi","Alcorn County",3,30,505,254,251
050,28,003,"Mississippi","Alcorn County",3,31,457,224,233
050,28,003,"Mississippi","Alcorn County",3,32,419,209,210
050,28,003,"Mississippi","Alcorn County",3,33,388,196,192
050,28,003,"Mississippi","Alcorn County",3,34,379,206,173
050,28,003,"Mississippi","Alcorn County",3,35,393,206,187
050,28,003,"Mississippi","Alcorn County",3,36,432,224,208
050,28,003,"Mississippi","Alcorn County",3,37,421,216,205
050,28,003,"Mississippi","Alcorn County",3,38,393,190,203
050,28,003,"Mississippi","Alcorn County",3,39,425,208,217
050,28,003,"Mississippi","Alcorn County",3,40,420,199,221
050,28,003,"Mississippi","Alcorn County",3,41,451,220,231
050,28,003,"Mississippi","Alcorn County",3,42,405,202,203
050,28,003,"Mississippi","Alcorn County",3,43,423,222,201
050,28,003,"Mississippi","Alcorn County",3,44,442,239,203
050,28,003,"Mississippi","Alcorn County",3,45,406,206,200
050,28,003,"Mississippi","Alcorn County",3,46,418,202,216
050,28,003,"Mississippi","Alcorn County",3,47,402,196,206
050,28,003,"Mississippi","Alcorn County",3,48,449,228,221
050,28,003,"Mississippi","Alcorn County",3,49,461,222,239
050,28,003,"Mississippi","Alcorn County",3,50,465,234,231
050,28,003,"Mississippi","Alcorn County",3,51,470,229,241
050,28,003,"Mississippi","Alcorn County",3,52,444,214,230
050,28,003,"Mississippi","Alcorn County",3,53,432,209,223
050,28,003,"Mississippi","Alcorn County",3,54,441,231,210
050,28,003,"Mississippi","Alcorn County",3,55,427,225,202
050,28,003,"Mississippi","Alcorn County",3,56,445,224,221
050,28,003,"Mississippi","Alcorn County",3,57,473,251,222
050,28,003,"Mississippi","Alcorn County",3,58,495,262,233
050,28,003,"Mississippi","Alcorn County",3,59,491,237,254
050,28,003,"Mississippi","Alcorn County",3,60,449,212,237
050,28,003,"Mississippi","Alcorn County",3,61,444,206,238
050,28,003,"Mississippi","Alcorn County",3,62,451,204,247
050,28,003,"Mississippi","Alcorn County",3,63,451,195,256
050,28,003,"Mississippi","Alcorn County",3,64,441,215,226
050,28,003,"Mississippi","Alcorn County",3,65,416,202,214
050,28,003,"Mississippi","Alcorn County",3,66,403,189,214
050,28,003,"Mississippi","Alcorn County",3,67,382,173,209
050,28,003,"Mississippi","Alcorn County",3,68,384,175,209
050,28,003,"Mississippi","Alcorn County",3,69,395,170,225
050,28,003,"Mississippi","Alcorn County",3,70,351,149,202
050,28,003,"Mississippi","Alcorn County",3,71,329,149,180
050,28,003,"Mississippi","Alcorn County",3,72,348,161,187
050,28,003,"Mississippi","Alcorn County",3,73,368,160,208
050,28,003,"Mississippi","Alcorn County",3,74,407,177,230
050,28,003,"Mississippi","Alcorn County",3,75,254,108,146
050,28,003,"Mississippi","Alcorn County",3,76,267,116,151
050,28,003,"Mississippi","Alcorn County",3,77,246,105,141
050,28,003,"Mississippi","Alcorn County",3,78,257,103,154
050,28,003,"Mississippi","Alcorn County",3,79,224,95,129
050,28,003,"Mississippi","Alcorn County",3,80,193,84,109
050,28,003,"Mississippi","Alcorn County",3,81,158,63,95
050,28,003,"Mississippi","Alcorn County",3,82,156,71,85
050,28,003,"Mississippi","Alcorn County",3,83,143,64,79
050,28,003,"Mississippi","Alcorn County",3,84,110,46,64
050,28,003,"Mississippi","Alcorn County",3,85,645,236,409
050,28,003,"Mississippi","Alcorn County",4,0,377,192,185
050,28,003,"Mississippi","Alcorn County",4,1,404,193,211
050,28,003,"Mississippi","Alcorn County",4,2,381,185,196
050,28,003,"Mississippi","Alcorn County",4,3,367,194,173
050,28,003,"Mississippi","Alcorn County",4,4,417,214,203
050,28,003,"Mississippi","Alcorn County",4,5,393,198,195
050,28,003,"Mississippi","Alcorn County",4,6,403,197,206
050,28,003,"Mississippi","Alcorn County",4,7,417,205,212
050,28,003,"Mississippi","Alcorn County",4,8,415,213,202
050,28,003,"Mississippi","Alcorn County",4,9,393,194,199
050,28,003,"Mississippi","Alcorn County",4,10,413,203,210
050,28,003,"Mississippi","Alcorn County",4,11,422,219,203
050,28,003,"Mississippi","Alcorn County",4,12,433,226,207
050,28,003,"Mississippi","Alcorn County",4,13,441,236,205
050,28,003,"Mississippi","Alcorn County",4,14,475,237,238
050,28,003,"Mississippi","Alcorn County",4,15,497,249,248
050,28,003,"Mississippi","Alcorn County",4,16,520,263,257
050,28,003,"Mississippi","Alcorn County",4,17,480,238,242
050,28,003,"Mississippi","Alcorn County",4,18,412,224,188
050,28,003,"Mississippi","Alcorn County",4,19,321,178,143
050,28,003,"Mississippi","Alcorn County",4,20,378,198,180
050,28,003,"Mississippi","Alcorn County",4,21,412,225,187
050,28,003,"Mississippi","Alcorn County",4,22,419,212,207
050,28,003,"Mississippi","Alcorn County",4,23,401,224,177
050,28,003,"Mississippi","Alcorn County",4,24,427,221,206
050,28,003,"Mississippi","Alcorn County",4,25,383,195,188
050,28,003,"Mississippi","Alcorn County",4,26,378,195,183
050,28,003,"Mississippi","Alcorn County",4,27,380,202,178
050,28,003,"Mississippi","Alcorn County",4,28,411,198,213
050,28,003,"Mississippi","Alcorn County",4,29,427,205,222
050,28,003,"Mississippi","Alcorn County",4,30,468,228,240
050,28,003,"Mississippi","Alcorn County",4,31,501,251,250
050,28,003,"Mississippi","Alcorn County",4,32,462,228,234
050,28,003,"Mississippi","Alcorn County",4,33,422,212,210
050,28,003,"Mississippi","Alcorn County",4,34,390,206,184
050,28,003,"Mississippi","Alcorn County",4,35,377,201,176
050,28,003,"Mississippi","Alcorn County",4,36,394,202,192
050,28,003,"Mississippi","Alcorn County",4,37,414,213,201
050,28,003,"Mississippi","Alcorn County",4,38,419,212,207
050,28,003,"Mississippi","Alcorn County",4,39,386,191,195
050,28,003,"Mississippi","Alcorn County",4,40,427,205,222
050,28,003,"Mississippi","Alcorn County",4,41,415,195,220
050,28,003,"Mississippi","Alcorn County",4,42,445,215,230
050,28,003,"Mississippi","Alcorn County",4,43,407,199,208
050,28,003,"Mississippi","Alcorn County",4,44,423,223,200
050,28,003,"Mississippi","Alcorn County",4,45,445,238,207
050,28,003,"Mississippi","Alcorn County",4,46,403,202,201
050,28,003,"Mississippi","Alcorn County",4,47,413,198,215
050,28,003,"Mississippi","Alcorn County",4,48,413,206,207
050,28,003,"Mississippi","Alcorn County",4,49,446,223,223
050,28,003,"Mississippi","Alcorn County",4,50,447,214,233
050,28,003,"Mississippi","Alcorn County",4,51,466,237,229
050,28,003,"Mississippi","Alcorn County",4,52,472,226,246
050,28,003,"Mississippi","Alcorn County",4,53,431,206,225
050,28,003,"Mississippi","Alcorn County",4,54,441,217,224
050,28,003,"Mississippi","Alcorn County",4,55,433,220,213
050,28,003,"Mississippi","Alcorn County",4,56,421,216,205
050,28,003,"Mississippi","Alcorn County",4,57,445,225,220
050,28,003,"Mississippi","Alcorn County",4,58,454,240,214
050,28,003,"Mississippi","Alcorn County",4,59,486,257,229
050,28,003,"Mississippi","Alcorn County",4,60,483,233,250
050,28,003,"Mississippi","Alcorn County",4,61,448,213,235
050,28,003,"Mississippi","Alcorn County",4,62,439,199,240
050,28,003,"Mississippi","Alcorn County",4,63,442,198,244
050,28,003,"Mississippi","Alcorn County",4,64,439,186,253
050,28,003,"Mississippi","Alcorn County",4,65,436,214,222
050,28,003,"Mississippi","Alcorn County",4,66,412,197,215
050,28,003,"Mississippi","Alcorn County",4,67,389,183,206
050,28,003,"Mississippi","Alcorn County",4,68,367,159,208
050,28,003,"Mississippi","Alcorn County",4,69,364,166,198
050,28,003,"Mississippi","Alcorn County",4,70,394,170,224
050,28,003,"Mississippi","Alcorn County",4,71,354,153,201
050,28,003,"Mississippi","Alcorn County",4,72,324,146,178
050,28,003,"Mississippi","Alcorn County",4,73,333,154,179
050,28,003,"Mississippi","Alcorn County",4,74,362,148,214
050,28,003,"Mississippi","Alcorn County",4,75,376,167,209
050,28,003,"Mississippi","Alcorn County",4,76,250,107,143
050,28,003,"Mississippi","Alcorn County",4,77,253,106,147
050,28,003,"Mississippi","Alcorn County",4,78,242,104,138
050,28,003,"Mississippi","Alcorn County",4,79,234,90,144
050,28,003,"Mississippi","Alcorn County",4,80,216,88,128
050,28,003,"Mississippi","Alcorn County",4,81,178,81,97
050,28,003,"Mississippi","Alcorn County",4,82,140,57,83
050,28,003,"Mississippi","Alcorn County",4,83,139,62,77
050,28,003,"Mississippi","Alcorn County",4,84,125,56,69
050,28,003,"Mississippi","Alcorn County",4,85,645,233,412
050,28,003,"Mississippi","Alcorn County",5,0,380,194,186
050,28,003,"Mississippi","Alcorn County",5,1,375,182,193
050,28,003,"Mississippi","Alcorn County",5,2,394,188,206
050,28,003,"Mississippi","Alcorn County",5,3,392,193,199
050,28,003,"Mississippi","Alcorn County",5,4,389,205,184
050,28,003,"Mississippi","Alcorn County",5,5,411,207,204
050,28,003,"Mississippi","Alcorn County",5,6,397,199,198
050,28,003,"Mississippi","Alcorn County",5,7,415,209,206
050,28,003,"Mississippi","Alcorn County",5,8,430,217,213
050,28,003,"Mississippi","Alcorn County",5,9,425,220,205
050,28,003,"Mississippi","Alcorn County",5,10,409,213,196
050,28,003,"Mississippi","Alcorn County",5,11,418,196,222
050,28,003,"Mississippi","Alcorn County",5,12,433,221,212
050,28,003,"Mississippi","Alcorn County",5,13,426,221,205
050,28,003,"Mississippi","Alcorn County",5,14,433,232,201
050,28,003,"Mississippi","Alcorn County",5,15,475,237,238
050,28,003,"Mississippi","Alcorn County",5,16,498,258,240
050,28,003,"Mississippi","Alcorn County",5,17,500,251,249
050,28,003,"Mississippi","Alcorn County",5,18,401,209,192
050,28,003,"Mississippi","Alcorn County",5,19,326,175,151
050,28,003,"Mississippi","Alcorn County",5,20,358,195,163
050,28,003,"Mississippi","Alcorn County",5,21,395,210,185
050,28,003,"Mississippi","Alcorn County",5,22,431,231,200
050,28,003,"Mississippi","Alcorn County",5,23,432,216,216
050,28,003,"Mississippi","Alcorn County",5,24,400,219,181
050,28,003,"Mississippi","Alcorn County",5,25,432,220,212
050,28,003,"Mississippi","Alcorn County",5,26,386,198,188
050,28,003,"Mississippi","Alcorn County",5,27,396,203,193
050,28,003,"Mississippi","Alcorn County",5,28,381,198,183
050,28,003,"Mississippi","Alcorn County",5,29,414,203,211
050,28,003,"Mississippi","Alcorn County",5,30,424,215,209
050,28,003,"Mississippi","Alcorn County",5,31,470,223,247
050,28,003,"Mississippi","Alcorn County",5,32,500,256,244
050,28,003,"Mississippi","Alcorn County",5,33,444,222,222
050,28,003,"Mississippi","Alcorn County",5,34,440,237,203
050,28,003,"Mississippi","Alcorn County",5,35,379,194,185
050,28,003,"Mississippi","Alcorn County",5,36,368,196,172
050,28,003,"Mississippi","Alcorn County",5,37,386,190,196
050,28,003,"Mississippi","Alcorn County",5,38,427,215,212
050,28,003,"Mississippi","Alcorn County",5,39,428,220,208
050,28,003,"Mississippi","Alcorn County",5,40,375,183,192
050,28,003,"Mississippi","Alcorn County",5,41,410,200,210
050,28,003,"Mississippi","Alcorn County",5,42,401,176,225
050,28,003,"Mississippi","Alcorn County",5,43,437,212,225
050,28,003,"Mississippi","Alcorn County",5,44,413,205,208
050,28,003,"Mississippi","Alcorn County",5,45,418,221,197
050,28,003,"Mississippi","Alcorn County",5,46,443,240,203
050,28,003,"Mississippi","Alcorn County",5,47,398,193,205
050,28,003,"Mississippi","Alcorn County",5,48,424,211,213
050,28,003,"Mississippi","Alcorn County",5,49,420,209,211
050,28,003,"Mississippi","Alcorn County",5,50,450,226,224
050,28,003,"Mississippi","Alcorn County",5,51,450,220,230
050,28,003,"Mississippi","Alcorn County",5,52,473,245,228
050,28,003,"Mississippi","Alcorn County",5,53,465,223,242
050,28,003,"Mississippi","Alcorn County",5,54,442,220,222
050,28,003,"Mississippi","Alcorn County",5,55,433,213,220
050,28,003,"Mississippi","Alcorn County",5,56,423,214,209
050,28,003,"Mississippi","Alcorn County",5,57,421,220,201
050,28,003,"Mississippi","Alcorn County",5,58,431,217,214
050,28,003,"Mississippi","Alcorn County",5,59,431,229,202
050,28,003,"Mississippi","Alcorn County",5,60,475,246,229
050,28,003,"Mississippi","Alcorn County",5,61,485,230,255
050,28,003,"Mississippi","Alcorn County",5,62,439,205,234
050,28,003,"Mississippi","Alcorn County",5,63,427,195,232
050,28,003,"Mississippi","Alcorn County",5,64,438,200,238
050,28,003,"Mississippi","Alcorn County",5,65,443,185,258
050,28,003,"Mississippi","Alcorn County",5,66,430,210,220
050,28,003,"Mississippi","Alcorn County",5,67,409,193,216
050,28,003,"Mississippi","Alcorn County",5,68,384,175,209
050,28,003,"Mississippi","Alcorn County",5,69,363,158,205
050,28,003,"Mississippi","Alcorn County",5,70,361,162,199
050,28,003,"Mississippi","Alcorn County",5,71,388,170,218
050,28,003,"Mississippi","Alcorn County",5,72,344,149,195
050,28,003,"Mississippi","Alcorn County",5,73,308,139,169
050,28,003,"Mississippi","Alcorn County",5,74,333,148,185
050,28,003,"Mississippi","Alcorn County",5,75,338,146,192
050,28,003,"Mississippi","Alcorn County",5,76,371,163,208
050,28,003,"Mississippi","Alcorn County",5,77,233,99,134
050,28,003,"Mississippi","Alcorn County",5,78,253,102,151
050,28,003,"Mississippi","Alcorn County",5,79,221,92,129
050,28,003,"Mississippi","Alcorn County",5,80,220,85,135
050,28,003,"Mississippi","Alcorn County",5,81,208,85,123
050,28,003,"Mississippi","Alcorn County",5,82,162,76,86
050,28,003,"Mississippi","Alcorn County",5,83,130,49,81
050,28,003,"Mississippi","Alcorn County",5,84,124,54,70
050,28,003,"Mississippi","Alcorn County",5,85,672,251,421
050,28,005,"Mississippi","Amite County",1,0,124,63,61
050,28,005,"Mississippi","Amite County",1,1,115,62,53
050,28,005,"Mississippi","Amite County",1,2,128,59,69
050,28,005,"Mississippi","Amite County",1,3,124,59,65
050,28,005,"Mississippi","Amite County",1,4,140,68,72
050,28,005,"Mississippi","Amite County",1,5,144,71,73
050,28,005,"Mississippi","Amite County",1,6,142,64,78
050,28,005,"Mississippi","Amite County",1,7,131,65,66
050,28,005,"Mississippi","Amite County",1,8,145,67,78
050,28,005,"Mississippi","Amite County",1,9,145,79,66
050,28,005,"Mississippi","Amite County",1,10,150,84,66
050,28,005,"Mississippi","Amite County",1,11,166,93,73
050,28,005,"Mississippi","Amite County",1,12,173,83,90
050,28,005,"Mississippi","Amite County",1,13,173,88,85
050,28,005,"Mississippi","Amite County",1,14,143,69,74
050,28,005,"Mississippi","Amite County",1,15,148,68,80
050,28,005,"Mississippi","Amite County",1,16,158,81,77
050,28,005,"Mississippi","Amite County",1,17,149,70,79
050,28,005,"Mississippi","Amite County",1,18,139,68,71
050,28,005,"Mississippi","Amite County",1,19,99,52,47
050,28,005,"Mississippi","Amite County",1,20,118,58,60
050,28,005,"Mississippi","Amite County",1,21,112,62,50
050,28,005,"Mississippi","Amite County",1,22,121,61,60
050,28,005,"Mississippi","Amite County",1,23,107,56,51
050,28,005,"Mississippi","Amite County",1,24,121,65,56
050,28,005,"Mississippi","Amite County",1,25,136,72,64
050,28,005,"Mississippi","Amite County",1,26,147,78,69
050,28,005,"Mississippi","Amite County",1,27,131,63,68
050,28,005,"Mississippi","Amite County",1,28,134,74,60
050,28,005,"Mississippi","Amite County",1,29,138,82,56
050,28,005,"Mississippi","Amite County",1,30,126,63,63
050,28,005,"Mississippi","Amite County",1,31,114,51,63
050,28,005,"Mississippi","Amite County",1,32,131,71,60
050,28,005,"Mississippi","Amite County",1,33,110,49,61
050,28,005,"Mississippi","Amite County",1,34,128,55,73
050,28,005,"Mississippi","Amite County",1,35,123,64,59
050,28,005,"Mississippi","Amite County",1,36,123,55,68
050,28,005,"Mississippi","Amite County",1,37,127,63,64
050,28,005,"Mississippi","Amite County",1,38,135,59,76
050,28,005,"Mississippi","Amite County",1,39,135,68,67
050,28,005,"Mississippi","Amite County",1,40,130,62,68
050,28,005,"Mississippi","Amite County",1,41,112,57,55
050,28,005,"Mississippi","Amite County",1,42,135,68,67
050,28,005,"Mississippi","Amite County",1,43,146,73,73
050,28,005,"Mississippi","Amite County",1,44,127,52,75
050,28,005,"Mississippi","Amite County",1,45,129,59,70
050,28,005,"Mississippi","Amite County",1,46,118,67,51
050,28,005,"Mississippi","Amite County",1,47,134,71,63
050,28,005,"Mississippi","Amite County",1,48,154,81,73
050,28,005,"Mississippi","Amite County",1,49,149,68,81
050,28,005,"Mississippi","Amite County",1,50,151,72,79
050,28,005,"Mississippi","Amite County",1,51,145,67,78
050,28,005,"Mississippi","Amite County",1,52,146,78,68
050,28,005,"Mississippi","Amite County",1,53,146,67,79
050,28,005,"Mississippi","Amite County",1,54,176,87,89
050,28,005,"Mississippi","Amite County",1,55,189,84,105
050,28,005,"Mississippi","Amite County",1,56,194,83,111
050,28,005,"Mississippi","Amite County",1,57,218,95,123
050,28,005,"Mississippi","Amite County",1,58,218,102,116
050,28,005,"Mississippi","Amite County",1,59,220,116,104
050,28,005,"Mississippi","Amite County",1,60,230,112,118
050,28,005,"Mississippi","Amite County",1,61,213,108,105
050,28,005,"Mississippi","Amite County",1,62,228,110,118
050,28,005,"Mississippi","Amite County",1,63,230,96,134
050,28,005,"Mississippi","Amite County",1,64,235,103,132
050,28,005,"Mississippi","Amite County",1,65,235,122,113
050,28,005,"Mississippi","Amite County",1,66,214,111,103
050,28,005,"Mississippi","Amite County",1,67,191,96,95
050,28,005,"Mississippi","Amite County",1,68,188,98,90
050,28,005,"Mississippi","Amite County",1,69,187,90,97
050,28,005,"Mississippi","Amite County",1,70,192,97,95
050,28,005,"Mississippi","Amite County",1,71,160,79,81
050,28,005,"Mississippi","Amite County",1,72,150,72,78
050,28,005,"Mississippi","Amite County",1,73,168,77,91
050,28,005,"Mississippi","Amite County",1,74,109,46,63
050,28,005,"Mississippi","Amite County",1,75,112,49,63
050,28,005,"Mississippi","Amite County",1,76,134,67,67
050,28,005,"Mississippi","Amite County",1,77,129,65,64
050,28,005,"Mississippi","Amite County",1,78,111,43,68
050,28,005,"Mississippi","Amite County",1,79,102,40,62
050,28,005,"Mississippi","Amite County",1,80,90,39,51
050,28,005,"Mississippi","Amite County",1,81,78,35,43
050,28,005,"Mississippi","Amite County",1,82,72,36,36
050,28,005,"Mississippi","Amite County",1,83,67,36,31
050,28,005,"Mississippi","Amite County",1,84,59,26,33
050,28,005,"Mississippi","Amite County",1,85,347,116,231
050,28,005,"Mississippi","Amite County",2,0,121,63,58
050,28,005,"Mississippi","Amite County",2,1,116,61,55
050,28,005,"Mississippi","Amite County",2,2,124,58,66
050,28,005,"Mississippi","Amite County",2,3,124,59,65
050,28,005,"Mississippi","Amite County",2,4,134,64,70
050,28,005,"Mississippi","Amite County",2,5,144,70,74
050,28,005,"Mississippi","Amite County",2,6,141,65,76
050,28,005,"Mississippi","Amite County",2,7,133,65,68
050,28,005,"Mississippi","Amite County",2,8,141,67,74
050,28,005,"Mississippi","Amite County",2,9,145,75,70
050,28,005,"Mississippi","Amite County",2,10,150,83,67
050,28,005,"Mississippi","Amite County",2,11,161,90,71
050,28,005,"Mississippi","Amite County",2,12,174,87,87
050,28,005,"Mississippi","Amite County",2,13,171,85,86
050,28,005,"Mississippi","Amite County",2,14,151,74,77
050,28,005,"Mississippi","Amite County",2,15,150,70,80
050,28,005,"Mississippi","Amite County",2,16,155,77,78
050,28,005,"Mississippi","Amite County",2,17,151,72,79
050,28,005,"Mississippi","Amite County",2,18,131,64,67
050,28,005,"Mississippi","Amite County",2,19,102,52,50
050,28,005,"Mississippi","Amite County",2,20,114,57,57
050,28,005,"Mississippi","Amite County",2,21,112,60,52
050,28,005,"Mississippi","Amite County",2,22,122,63,59
050,28,005,"Mississippi","Amite County",2,23,111,58,53
050,28,005,"Mississippi","Amite County",2,24,116,62,54
050,28,005,"Mississippi","Amite County",2,25,133,71,62
050,28,005,"Mississippi","Amite County",2,26,144,77,67
050,28,005,"Mississippi","Amite County",2,27,135,67,68
050,28,005,"Mississippi","Amite County",2,28,131,71,60
050,28,005,"Mississippi","Amite County",2,29,137,80,57
050,28,005,"Mississippi","Amite County",2,30,129,67,62
050,28,005,"Mississippi","Amite County",2,31,115,53,62
050,28,005,"Mississippi","Amite County",2,32,125,65,60
050,28,005,"Mississippi","Amite County",2,33,114,54,60
050,28,005,"Mississippi","Amite County",2,34,126,55,71
050,28,005,"Mississippi","Amite County",2,35,126,62,64
050,28,005,"Mississippi","Amite County",2,36,121,56,65
050,28,005,"Mississippi","Amite County",2,37,129,62,67
050,28,005,"Mississippi","Amite County",2,38,132,59,73
050,28,005,"Mississippi","Amite County",2,39,134,64,70
050,28,005,"Mississippi","Amite County",2,40,128,62,66
050,28,005,"Mississippi","Amite County",2,41,116,58,58
050,28,005,"Mississippi","Amite County",2,42,130,67,63
050,28,005,"Mississippi","Amite County",2,43,144,72,72
050,28,005,"Mississippi","Amite County",2,44,131,57,74
050,28,005,"Mississippi","Amite County",2,45,129,58,71
050,28,005,"Mississippi","Amite County",2,46,120,64,56
050,28,005,"Mississippi","Amite County",2,47,131,70,61
050,28,005,"Mississippi","Amite County",2,48,149,79,70
050,28,005,"Mississippi","Amite County",2,49,149,70,79
050,28,005,"Mississippi","Amite County",2,50,149,70,79
050,28,005,"Mississippi","Amite County",2,51,144,67,77
050,28,005,"Mississippi","Amite County",2,52,148,77,71
050,28,005,"Mississippi","Amite County",2,53,146,70,76
050,28,005,"Mississippi","Amite County",2,54,169,82,87
050,28,005,"Mississippi","Amite County",2,55,187,85,102
050,28,005,"Mississippi","Amite County",2,56,198,86,112
050,28,005,"Mississippi","Amite County",2,57,211,91,120
050,28,005,"Mississippi","Amite County",2,58,216,100,116
050,28,005,"Mississippi","Amite County",2,59,221,114,107
050,28,005,"Mississippi","Amite County",2,60,227,112,115
050,28,005,"Mississippi","Amite County",2,61,217,109,108
050,28,005,"Mississippi","Amite County",2,62,223,109,114
050,28,005,"Mississippi","Amite County",2,63,233,101,132
050,28,005,"Mississippi","Amite County",2,64,233,102,131
050,28,005,"Mississippi","Amite County",2,65,237,119,118
050,28,005,"Mississippi","Amite County",2,66,222,115,107
050,28,005,"Mississippi","Amite County",2,67,197,100,97
050,28,005,"Mississippi","Amite County",2,68,188,97,91
050,28,005,"Mississippi","Amite County",2,69,185,90,95
050,28,005,"Mississippi","Amite County",2,70,189,95,94
050,28,005,"Mississippi","Amite County",2,71,168,83,85
050,28,005,"Mississippi","Amite County",2,72,151,74,77
050,28,005,"Mississippi","Amite County",2,73,171,80,91
050,28,005,"Mississippi","Amite County",2,74,116,50,66
050,28,005,"Mississippi","Amite County",2,75,112,49,63
050,28,005,"Mississippi","Amite County",2,76,125,61,64
050,28,005,"Mississippi","Amite County",2,77,131,66,65
050,28,005,"Mississippi","Amite County",2,78,113,48,65
050,28,005,"Mississippi","Amite County",2,79,101,41,60
050,28,005,"Mississippi","Amite County",2,80,91,39,52
050,28,005,"Mississippi","Amite County",2,81,80,35,45
050,28,005,"Mississippi","Amite County",2,82,70,35,35
050,28,005,"Mississippi","Amite County",2,83,68,36,32
050,28,005,"Mississippi","Amite County",2,84,60,26,34
050,28,005,"Mississippi","Amite County",2,85,351,119,232
050,28,005,"Mississippi","Amite County",3,0,119,59,60
050,28,005,"Mississippi","Amite County",3,1,134,68,66
050,28,005,"Mississippi","Amite County",3,2,128,62,66
050,28,005,"Mississippi","Amite County",3,3,122,57,65
050,28,005,"Mississippi","Amite County",3,4,133,66,67
050,28,005,"Mississippi","Amite County",3,5,137,65,72
050,28,005,"Mississippi","Amite County",3,6,146,76,70
050,28,005,"Mississippi","Amite County",3,7,132,61,71
050,28,005,"Mississippi","Amite County",3,8,120,65,55
050,28,005,"Mississippi","Amite County",3,9,138,68,70
050,28,005,"Mississippi","Amite County",3,10,152,79,73
050,28,005,"Mississippi","Amite County",3,11,147,80,67
050,28,005,"Mississippi","Amite County",3,12,171,96,75
050,28,005,"Mississippi","Amite County",3,13,170,83,87
050,28,005,"Mississippi","Amite County",3,14,176,89,87
050,28,005,"Mississippi","Amite County",3,15,155,78,77
050,28,005,"Mississippi","Amite County",3,16,147,66,81
050,28,005,"Mississippi","Amite County",3,17,152,78,74
050,28,005,"Mississippi","Amite County",3,18,127,63,64
050,28,005,"Mississippi","Amite County",3,19,102,51,51
050,28,005,"Mississippi","Amite County",3,20,114,61,53
050,28,005,"Mississippi","Amite County",3,21,116,60,56
050,28,005,"Mississippi","Amite County",3,22,122,63,59
050,28,005,"Mississippi","Amite County",3,23,119,61,58
050,28,005,"Mississippi","Amite County",3,24,114,60,54
050,28,005,"Mississippi","Amite County",3,25,112,60,52
050,28,005,"Mississippi","Amite County",3,26,130,65,65
050,28,005,"Mississippi","Amite County",3,27,142,72,70
050,28,005,"Mississippi","Amite County",3,28,141,68,73
050,28,005,"Mississippi","Amite County",3,29,122,68,54
050,28,005,"Mississippi","Amite County",3,30,138,82,56
050,28,005,"Mississippi","Amite County",3,31,133,65,68
050,28,005,"Mississippi","Amite County",3,32,121,58,63
050,28,005,"Mississippi","Amite County",3,33,128,68,60
050,28,005,"Mississippi","Amite County",3,34,118,53,65
050,28,005,"Mississippi","Amite County",3,35,129,60,69
050,28,005,"Mississippi","Amite County",3,36,133,64,69
050,28,005,"Mississippi","Amite County",3,37,125,61,64
050,28,005,"Mississippi","Amite County",3,38,132,61,71
050,28,005,"Mississippi","Amite County",3,39,130,58,72
050,28,005,"Mississippi","Amite County",3,40,133,65,68
050,28,005,"Mississippi","Amite County",3,41,125,64,61
050,28,005,"Mississippi","Amite County",3,42,111,60,51
050,28,005,"Mississippi","Amite County",3,43,127,64,63
050,28,005,"Mississippi","Amite County",3,44,141,69,72
050,28,005,"Mississippi","Amite County",3,45,136,59,77
050,28,005,"Mississippi","Amite County",3,46,121,53,68
050,28,005,"Mississippi","Amite County",3,47,124,63,61
050,28,005,"Mississippi","Amite County",3,48,131,68,63
050,28,005,"Mississippi","Amite County",3,49,155,84,71
050,28,005,"Mississippi","Amite County",3,50,141,70,71
050,28,005,"Mississippi","Amite County",3,51,150,71,79
050,28,005,"Mississippi","Amite County",3,52,137,64,73
050,28,005,"Mississippi","Amite County",3,53,150,73,77
050,28,005,"Mississippi","Amite County",3,54,146,69,77
050,28,005,"Mississippi","Amite County",3,55,170,85,85
050,28,005,"Mississippi","Amite County",3,56,189,82,107
050,28,005,"Mississippi","Amite County",3,57,196,84,112
050,28,005,"Mississippi","Amite County",3,58,211,86,125
050,28,005,"Mississippi","Amite County",3,59,207,95,112
050,28,005,"Mississippi","Amite County",3,60,224,115,109
050,28,005,"Mississippi","Amite County",3,61,222,111,111
050,28,005,"Mississippi","Amite County",3,62,209,103,106
050,28,005,"Mississippi","Amite County",3,63,220,106,114
050,28,005,"Mississippi","Amite County",3,64,231,99,132
050,28,005,"Mississippi","Amite County",3,65,229,100,129
050,28,005,"Mississippi","Amite County",3,66,231,122,109
050,28,005,"Mississippi","Amite County",3,67,216,109,107
050,28,005,"Mississippi","Amite County",3,68,199,101,98
050,28,005,"Mississippi","Amite County",3,69,176,90,86
050,28,005,"Mississippi","Amite County",3,70,182,89,93
050,28,005,"Mississippi","Amite County",3,71,181,90,91
050,28,005,"Mississippi","Amite County",3,72,161,80,81
050,28,005,"Mississippi","Amite County",3,73,147,73,74
050,28,005,"Mississippi","Amite County",3,74,166,76,90
050,28,005,"Mississippi","Amite County",3,75,106,50,56
050,28,005,"Mississippi","Amite County",3,76,106,46,60
050,28,005,"Mississippi","Amite County",3,77,117,56,61
050,28,005,"Mississippi","Amite County",3,78,128,64,64
050,28,005,"Mississippi","Amite County",3,79,103,44,59
050,28,005,"Mississippi","Amite County",3,80,92,37,55
050,28,005,"Mississippi","Amite County",3,81,89,33,56
050,28,005,"Mississippi","Amite County",3,82,75,34,41
050,28,005,"Mississippi","Amite County",3,83,59,28,31
050,28,005,"Mississippi","Amite County",3,84,66,33,33
050,28,005,"Mississippi","Amite County",3,85,359,127,232
050,28,005,"Mississippi","Amite County",4,0,110,57,53
050,28,005,"Mississippi","Amite County",4,1,132,68,64
050,28,005,"Mississippi","Amite County",4,2,132,67,65
050,28,005,"Mississippi","Amite County",4,3,128,59,69
050,28,005,"Mississippi","Amite County",4,4,122,59,63
050,28,005,"Mississippi","Amite County",4,5,132,66,66
050,28,005,"Mississippi","Amite County",4,6,139,69,70
050,28,005,"Mississippi","Amite County",4,7,146,72,74
050,28,005,"Mississippi","Amite County",4,8,138,62,76
050,28,005,"Mississippi","Amite County",4,9,133,69,64
050,28,005,"Mississippi","Amite County",4,10,149,69,80
050,28,005,"Mississippi","Amite County",4,11,151,77,74
050,28,005,"Mississippi","Amite County",4,12,145,77,68
050,28,005,"Mississippi","Amite County",4,13,162,93,69
050,28,005,"Mississippi","Amite County",4,14,170,82,88
050,28,005,"Mississippi","Amite County",4,15,177,89,88
050,28,005,"Mississippi","Amite County",4,16,146,69,77
050,28,005,"Mississippi","Amite County",4,17,155,71,84
050,28,005,"Mississippi","Amite County",4,18,133,69,64
050,28,005,"Mississippi","Amite County",4,19,95,48,47
050,28,005,"Mississippi","Amite County",4,20,108,55,53
050,28,005,"Mississippi","Amite County",4,21,128,70,58
050,28,005,"Mississippi","Amite County",4,22,120,63,57
050,28,005,"Mississippi","Amite County",4,23,108,57,51
050,28,005,"Mississippi","Amite County",4,24,120,62,58
050,28,005,"Mississippi","Amite County",4,25,114,61,53
050,28,005,"Mississippi","Amite County",4,26,117,63,54
050,28,005,"Mississippi","Amite County",4,27,124,60,64
050,28,005,"Mississippi","Amite County",4,28,134,72,62
050,28,005,"Mississippi","Amite County",4,29,151,73,78
050,28,005,"Mississippi","Amite County",4,30,127,68,59
050,28,005,"Mississippi","Amite County",4,31,122,74,48
050,28,005,"Mississippi","Amite County",4,32,139,65,74
050,28,005,"Mississippi","Amite County",4,33,112,53,59
050,28,005,"Mississippi","Amite County",4,34,131,67,64
050,28,005,"Mississippi","Amite County",4,35,130,60,70
050,28,005,"Mississippi","Amite County",4,36,120,57,63
050,28,005,"Mississippi","Amite County",4,37,136,64,72
050,28,005,"Mississippi","Amite County",4,38,125,61,64
050,28,005,"Mississippi","Amite County",4,39,131,59,72
050,28,005,"Mississippi","Amite County",4,40,128,55,73
050,28,005,"Mississippi","Amite County",4,41,131,65,66
050,28,005,"Mississippi","Amite County",4,42,120,58,62
050,28,005,"Mississippi","Amite County",4,43,116,66,50
050,28,005,"Mississippi","Amite County",4,44,123,62,61
050,28,005,"Mississippi","Amite County",4,45,137,69,68
050,28,005,"Mississippi","Amite County",4,46,136,56,80
050,28,005,"Mississippi","Amite County",4,47,128,56,72
050,28,005,"Mississippi","Amite County",4,48,115,61,54
050,28,005,"Mississippi","Amite County",4,49,132,69,63
050,28,005,"Mississippi","Amite County",4,50,157,88,69
050,28,005,"Mississippi","Amite County",4,51,148,74,74
050,28,005,"Mississippi","Amite County",4,52,148,66,82
050,28,005,"Mississippi","Amite County",4,53,140,65,75
050,28,005,"Mississippi","Amite County",4,54,140,69,71
050,28,005,"Mississippi","Amite County",4,55,154,77,77
050,28,005,"Mississippi","Amite County",4,56,180,91,89
050,28,005,"Mississippi","Amite County",4,57,185,82,103
050,28,005,"Mississippi","Amite County",4,58,194,84,110
050,28,005,"Mississippi","Amite County",4,59,206,84,122
050,28,005,"Mississippi","Amite County",4,60,201,94,107
050,28,005,"Mississippi","Amite County",4,61,220,111,109
050,28,005,"Mississippi","Amite County",4,62,215,104,111
050,28,005,"Mississippi","Amite County",4,63,214,107,107
050,28,005,"Mississippi","Amite County",4,64,208,99,109
050,28,005,"Mississippi","Amite County",4,65,234,102,132
050,28,005,"Mississippi","Amite County",4,66,225,97,128
050,28,005,"Mississippi","Amite County",4,67,240,125,115
050,28,005,"Mississippi","Amite County",4,68,220,111,109
050,28,005,"Mississippi","Amite County",4,69,193,102,91
050,28,005,"Mississippi","Amite County",4,70,176,89,87
050,28,005,"Mississippi","Amite County",4,71,172,84,88
050,28,005,"Mississippi","Amite County",4,72,173,91,82
050,28,005,"Mississippi","Amite County",4,73,160,78,82
050,28,005,"Mississippi","Amite County",4,74,144,69,75
050,28,005,"Mississippi","Amite County",4,75,163,76,87
050,28,005,"Mississippi","Amite County",4,76,99,47,52
050,28,005,"Mississippi","Amite County",4,77,102,43,59
050,28,005,"Mississippi","Amite County",4,78,111,56,55
050,28,005,"Mississippi","Amite County",4,79,122,62,60
050,28,005,"Mississippi","Amite County",4,80,96,44,52
050,28,005,"Mississippi","Amite County",4,81,82,29,53
050,28,005,"Mississippi","Amite County",4,82,82,30,52
050,28,005,"Mississippi","Amite County",4,83,66,29,37
050,28,005,"Mississippi","Amite County",4,84,53,24,29
050,28,005,"Mississippi","Amite County",4,85,378,145,233
050,28,005,"Mississippi","Amite County",5,0,111,58,53
050,28,005,"Mississippi","Amite County",5,1,114,55,59
050,28,005,"Mississippi","Amite County",5,2,121,58,63
050,28,005,"Mississippi","Amite County",5,3,128,68,60
050,28,005,"Mississippi","Amite County",5,4,122,55,67
050,28,005,"Mississippi","Amite County",5,5,127,62,65
050,28,005,"Mississippi","Amite County",5,6,128,62,66
050,28,005,"Mississippi","Amite County",5,7,136,66,70
050,28,005,"Mississippi","Amite County",5,8,139,76,63
050,28,005,"Mississippi","Amite County",5,9,142,66,76
050,28,005,"Mississippi","Amite County",5,10,131,68,63
050,28,005,"Mississippi","Amite County",5,11,151,76,75
050,28,005,"Mississippi","Amite County",5,12,147,78,69
050,28,005,"Mississippi","Amite County",5,13,144,76,68
050,28,005,"Mississippi","Amite County",5,14,162,93,69
050,28,005,"Mississippi","Amite County",5,15,168,81,87
050,28,005,"Mississippi","Amite County",5,16,168,80,88
050,28,005,"Mississippi","Amite County",5,17,142,68,74
050,28,005,"Mississippi","Amite County",5,18,129,62,67
050,28,005,"Mississippi","Amite County",5,19,108,52,56
050,28,005,"Mississippi","Amite County",5,20,113,56,57
050,28,005,"Mississippi","Amite County",5,21,119,55,64
050,28,005,"Mississippi","Amite County",5,22,132,71,61
050,28,005,"Mississippi","Amite County",5,23,131,67,64
050,28,005,"Mississippi","Amite County",5,24,111,58,53
050,28,005,"Mississippi","Amite County",5,25,131,65,66
050,28,005,"Mississippi","Amite County",5,26,107,58,49
050,28,005,"Mississippi","Amite County",5,27,112,59,53
050,28,005,"Mississippi","Amite County",5,28,123,58,65
050,28,005,"Mississippi","Amite County",5,29,135,69,66
050,28,005,"Mississippi","Amite County",5,30,147,69,78
050,28,005,"Mississippi","Amite County",5,31,113,60,53
050,28,005,"Mississippi","Amite County",5,32,126,73,53
050,28,005,"Mississippi","Amite County",5,33,140,68,72
050,28,005,"Mississippi","Amite County",5,34,117,49,68
050,28,005,"Mississippi","Amite County",5,35,137,72,65
050,28,005,"Mississippi","Amite County",5,36,119,56,63
050,28,005,"Mississippi","Amite County",5,37,117,54,63
050,28,005,"Mississippi","Amite County",5,38,134,65,69
050,28,005,"Mississippi","Amite County",5,39,127,55,72
050,28,005,"Mississippi","Amite County",5,40,124,54,70
050,28,005,"Mississippi","Amite County",5,41,133,60,73
050,28,005,"Mississippi","Amite County",5,42,137,68,69
050,28,005,"Mississippi","Amite County",5,43,124,62,62
050,28,005,"Mississippi","Amite County",5,44,125,64,61
050,28,005,"Mississippi","Amite County",5,45,120,58,62
050,28,005,"Mississippi","Amite County",5,46,136,66,70
050,28,005,"Mississippi","Amite County",5,47,136,55,81
050,28,005,"Mississippi","Amite County",5,48,129,55,74
050,28,005,"Mississippi","Amite County",5,49,115,58,57
050,28,005,"Mississippi","Amite County",5,50,134,74,60
050,28,005,"Mississippi","Amite County",5,51,156,88,68
050,28,005,"Mississippi","Amite County",5,52,142,70,72
050,28,005,"Mississippi","Amite County",5,53,144,68,76
050,28,005,"Mississippi","Amite County",5,54,131,62,69
050,28,005,"Mississippi","Amite County",5,55,139,69,70
050,28,005,"Mississippi","Amite County",5,56,161,82,79
050,28,005,"Mississippi","Amite County",5,57,176,88,88
050,28,005,"Mississippi","Amite County",5,58,177,79,98
050,28,005,"Mississippi","Amite County",5,59,186,77,109
050,28,005,"Mississippi","Amite County",5,60,203,84,119
050,28,005,"Mississippi","Amite County",5,61,204,95,109
050,28,005,"Mississippi","Amite County",5,62,215,110,105
050,28,005,"Mississippi","Amite County",5,63,210,97,113
050,28,005,"Mississippi","Amite County",5,64,204,100,104
050,28,005,"Mississippi","Amite County",5,65,210,100,110
050,28,005,"Mississippi","Amite County",5,66,230,99,131
050,28,005,"Mississippi","Amite County",5,67,228,98,130
050,28,005,"Mississippi","Amite County",5,68,245,130,115
050,28,005,"Mississippi","Amite County",5,69,216,110,106
050,28,005,"Mississippi","Amite County",5,70,191,98,93
050,28,005,"Mississippi","Amite County",5,71,168,85,83
050,28,005,"Mississippi","Amite County",5,72,164,83,81
050,28,005,"Mississippi","Amite County",5,73,169,90,79
050,28,005,"Mississippi","Amite County",5,74,155,74,81
050,28,005,"Mississippi","Amite County",5,75,137,67,70
050,28,005,"Mississippi","Amite County",5,76,156,71,85
050,28,005,"Mississippi","Amite County",5,77,98,46,52
050,28,005,"Mississippi","Amite County",5,78,98,43,55
050,28,005,"Mississippi","Amite County",5,79,104,56,48
050,28,005,"Mississippi","Amite County",5,80,112,60,52
050,28,005,"Mississippi","Amite County",5,81,89,36,53
050,28,005,"Mississippi","Amite County",5,82,79,29,50
050,28,005,"Mississippi","Amite County",5,83,71,23,48
050,28,005,"Mississippi","Amite County",5,84,62,25,37
050,28,005,"Mississippi","Amite County",5,85,390,155,235
050,28,007,"Mississippi","Attala County",1,0,215,110,105
050,28,007,"Mississippi","Attala County",1,1,195,99,96
050,28,007,"Mississippi","Attala County",1,2,252,131,121
050,28,007,"Mississippi","Attala County",1,3,232,123,109
050,28,007,"Mississippi","Attala County",1,4,236,112,124
050,28,007,"Mississippi","Attala County",1,5,245,112,133
050,28,007,"Mississippi","Attala County",1,6,235,115,120
050,28,007,"Mississippi","Attala County",1,7,235,119,116
050,28,007,"Mississippi","Attala County",1,8,240,109,131
050,28,007,"Mississippi","Attala County",1,9,255,130,125
050,28,007,"Mississippi","Attala County",1,10,264,134,130
050,28,007,"Mississippi","Attala County",1,11,289,153,136
050,28,007,"Mississippi","Attala County",1,12,311,166,145
050,28,007,"Mississippi","Attala County",1,13,297,138,159
050,28,007,"Mississippi","Attala County",1,14,264,125,139
050,28,007,"Mississippi","Attala County",1,15,270,129,141
050,28,007,"Mississippi","Attala County",1,16,262,122,140
050,28,007,"Mississippi","Attala County",1,17,243,116,127
050,28,007,"Mississippi","Attala County",1,18,204,100,104
050,28,007,"Mississippi","Attala County",1,19,189,92,97
050,28,007,"Mississippi","Attala County",1,20,201,108,93
050,28,007,"Mississippi","Attala County",1,21,196,109,87
050,28,007,"Mississippi","Attala County",1,22,195,105,90
050,28,007,"Mississippi","Attala County",1,23,206,108,98
050,28,007,"Mississippi","Attala County",1,24,214,115,99
050,28,007,"Mississippi","Attala County",1,25,216,112,104
050,28,007,"Mississippi","Attala County",1,26,206,106,100
050,28,007,"Mississippi","Attala County",1,27,202,100,102
050,28,007,"Mississippi","Attala County",1,28,207,92,115
050,28,007,"Mississippi","Attala County",1,29,215,96,119
050,28,007,"Mississippi","Attala County",1,30,204,93,111
050,28,007,"Mississippi","Attala County",1,31,200,82,118
050,28,007,"Mississippi","Attala County",1,32,191,79,112
050,28,007,"Mississippi","Attala County",1,33,196,100,96
050,28,007,"Mississippi","Attala County",1,34,184,84,100
050,28,007,"Mississippi","Attala County",1,35,214,101,113
050,28,007,"Mississippi","Attala County",1,36,192,91,101
050,28,007,"Mississippi","Attala County",1,37,198,95,103
050,28,007,"Mississippi","Attala County",1,38,216,103,113
050,28,007,"Mississippi","Attala County",1,39,220,102,118
050,28,007,"Mississippi","Attala County",1,40,207,98,109
050,28,007,"Mississippi","Attala County",1,41,178,85,93
050,28,007,"Mississippi","Attala County",1,42,201,93,108
050,28,007,"Mississippi","Attala County",1,43,222,104,118
050,28,007,"Mississippi","Attala County",1,44,170,88,82
050,28,007,"Mississippi","Attala County",1,45,180,97,83
050,28,007,"Mississippi","Attala County",1,46,197,98,99
050,28,007,"Mississippi","Attala County",1,47,193,86,107
050,28,007,"Mississippi","Attala County",1,48,203,87,116
050,28,007,"Mississippi","Attala County",1,49,235,110,125
050,28,007,"Mississippi","Attala County",1,50,234,116,118
050,28,007,"Mississippi","Attala County",1,51,229,116,113
050,28,007,"Mississippi","Attala County",1,52,216,96,120
050,28,007,"Mississippi","Attala County",1,53,215,98,117
050,28,007,"Mississippi","Attala County",1,54,231,104,127
050,28,007,"Mississippi","Attala County",1,55,230,109,121
050,28,007,"Mississippi","Attala County",1,56,240,126,114
050,28,007,"Mississippi","Attala County",1,57,234,108,126
050,28,007,"Mississippi","Attala County",1,58,244,115,129
050,28,007,"Mississippi","Attala County",1,59,220,110,110
050,28,007,"Mississippi","Attala County",1,60,224,105,119
050,28,007,"Mississippi","Attala County",1,61,221,107,114
050,28,007,"Mississippi","Attala County",1,62,246,122,124
050,28,007,"Mississippi","Attala County",1,63,240,122,118
050,28,007,"Mississippi","Attala County",1,64,252,131,121
050,28,007,"Mississippi","Attala County",1,65,229,96,133
050,28,007,"Mississippi","Attala County",1,66,212,85,127
050,28,007,"Mississippi","Attala County",1,67,230,105,125
050,28,007,"Mississippi","Attala County",1,68,205,95,110
050,28,007,"Mississippi","Attala County",1,69,186,88,98
050,28,007,"Mississippi","Attala County",1,70,169,86,83
050,28,007,"Mississippi","Attala County",1,71,201,104,97
050,28,007,"Mississippi","Attala County",1,72,186,85,101
050,28,007,"Mississippi","Attala County",1,73,207,92,115
050,28,007,"Mississippi","Attala County",1,74,142,58,84
050,28,007,"Mississippi","Attala County",1,75,143,65,78
050,28,007,"Mississippi","Attala County",1,76,132,61,71
050,28,007,"Mississippi","Attala County",1,77,128,59,69
050,28,007,"Mississippi","Attala County",1,78,114,49,65
050,28,007,"Mississippi","Attala County",1,79,98,44,54
050,28,007,"Mississippi","Attala County",1,80,103,48,55
050,28,007,"Mississippi","Attala County",1,81,108,49,59
050,28,007,"Mississippi","Attala County",1,82,90,38,52
050,28,007,"Mississippi","Attala County",1,83,79,39,40
050,28,007,"Mississippi","Attala County",1,84,73,31,42
050,28,007,"Mississippi","Attala County",1,85,383,114,269
050,28,007,"Mississippi","Attala County",2,0,202,109,93
050,28,007,"Mississippi","Attala County",2,1,199,102,97
050,28,007,"Mississippi","Attala County",2,2,238,123,115
050,28,007,"Mississippi","Attala County",2,3,238,125,113
050,28,007,"Mississippi","Attala County",2,4,236,116,120
050,28,007,"Mississippi","Attala County",2,5,242,113,129
050,28,007,"Mississippi","Attala County",2,6,235,113,122
050,28,007,"Mississippi","Attala County",2,7,235,117,118
050,28,007,"Mississippi","Attala County",2,8,239,112,127
050,28,007,"Mississippi","Attala County",2,9,251,126,125
050,28,007,"Mississippi","Attala County",2,10,262,134,128
050,28,007,"Mississippi","Attala County",2,11,282,149,133
050,28,007,"Mississippi","Attala County",2,12,307,163,144
050,28,007,"Mississippi","Attala County",2,13,298,145,153
050,28,007,"Mississippi","Attala County",2,14,273,130,143
050,28,007,"Mississippi","Attala County",2,15,267,127,140
050,28,007,"Mississippi","Attala County",2,16,262,123,139
050,28,007,"Mississippi","Attala County",2,17,244,117,127
050,28,007,"Mississippi","Attala County",2,18,203,100,103
050,28,007,"Mississippi","Attala County",2,19,185,90,95
050,28,007,"Mississippi","Attala County",2,20,202,106,96
050,28,007,"Mississippi","Attala County",2,21,198,110,88
050,28,007,"Mississippi","Attala County",2,22,197,107,90
050,28,007,"Mississippi","Attala County",2,23,206,109,97
050,28,007,"Mississippi","Attala County",2,24,214,115,99
050,28,007,"Mississippi","Attala County",2,25,215,112,103
050,28,007,"Mississippi","Attala County",2,26,208,107,101
050,28,007,"Mississippi","Attala County",2,27,199,98,101
050,28,007,"Mississippi","Attala County",2,28,205,93,112
050,28,007,"Mississippi","Attala County",2,29,211,94,117
050,28,007,"Mississippi","Attala County",2,30,207,93,114
050,28,007,"Mississippi","Attala County",2,31,200,86,114
050,28,007,"Mississippi","Attala County",2,32,194,80,114
050,28,007,"Mississippi","Attala County",2,33,196,95,101
050,28,007,"Mississippi","Attala County",2,34,186,87,99
050,28,007,"Mississippi","Attala County",2,35,207,96,111
050,28,007,"Mississippi","Attala County",2,36,195,93,102
050,28,007,"Mississippi","Attala County",2,37,198,94,104
050,28,007,"Mississippi","Attala County",2,38,211,101,110
050,28,007,"Mississippi","Attala County",2,39,217,100,117
050,28,007,"Mississippi","Attala County",2,40,212,99,113
050,28,007,"Mississippi","Attala County",2,41,184,89,95
050,28,007,"Mississippi","Attala County",2,42,194,92,102
050,28,007,"Mississippi","Attala County",2,43,219,103,116
050,28,007,"Mississippi","Attala County",2,44,178,89,89
050,28,007,"Mississippi","Attala County",2,45,179,96,83
050,28,007,"Mississippi","Attala County",2,46,192,97,95
050,28,007,"Mississippi","Attala County",2,47,195,90,105
050,28,007,"Mississippi","Attala County",2,48,202,88,114
050,28,007,"Mississippi","Attala County",2,49,226,103,123
050,28,007,"Mississippi","Attala County",2,50,233,113,120
050,28,007,"Mississippi","Attala County",2,51,226,115,111
050,28,007,"Mississippi","Attala County",2,52,221,102,119
050,28,007,"Mississippi","Attala County",2,53,215,98,117
050,28,007,"Mississippi","Attala County",2,54,225,101,124
050,28,007,"Mississippi","Attala County",2,55,230,108,122
050,28,007,"Mississippi","Attala County",2,56,235,120,115
050,28,007,"Mississippi","Attala County",2,57,232,111,121
050,28,007,"Mississippi","Attala County",2,58,243,114,129
050,28,007,"Mississippi","Attala County",2,59,227,111,116
050,28,007,"Mississippi","Attala County",2,60,224,107,117
050,28,007,"Mississippi","Attala County",2,61,220,106,114
050,28,007,"Mississippi","Attala County",2,62,238,119,119
050,28,007,"Mississippi","Attala County",2,63,243,123,120
050,28,007,"Mississippi","Attala County",2,64,246,127,119
050,28,007,"Mississippi","Attala County",2,65,230,101,129
050,28,007,"Mississippi","Attala County",2,66,216,88,128
050,28,007,"Mississippi","Attala County",2,67,226,101,125
050,28,007,"Mississippi","Attala County",2,68,209,97,112
050,28,007,"Mississippi","Attala County",2,69,188,86,102
050,28,007,"Mississippi","Attala County",2,70,173,87,86
050,28,007,"Mississippi","Attala County",2,71,192,99,93
050,28,007,"Mississippi","Attala County",2,72,186,88,98
050,28,007,"Mississippi","Attala County",2,73,209,92,117
050,28,007,"Mississippi","Attala County",2,74,149,62,87
050,28,007,"Mississippi","Attala County",2,75,138,61,77
050,28,007,"Mississippi","Attala County",2,76,136,64,72
050,28,007,"Mississippi","Attala County",2,77,126,57,69
050,28,007,"Mississippi","Attala County",2,78,111,50,61
050,28,007,"Mississippi","Attala County",2,79,100,44,56
050,28,007,"Mississippi","Attala County",2,80,101,47,54
050,28,007,"Mississippi","Attala County",2,81,106,48,58
050,28,007,"Mississippi","Attala County",2,82,92,40,52
050,28,007,"Mississippi","Attala County",2,83,81,38,43
050,28,007,"Mississippi","Attala County",2,84,73,33,40
050,28,007,"Mississippi","Attala County",2,85,373,110,263
050,28,007,"Mississippi","Attala County",3,0,208,102,106
050,28,007,"Mississippi","Attala County",3,1,196,102,94
050,28,007,"Mississippi","Attala County",3,2,214,109,105
050,28,007,"Mississippi","Attala County",3,3,242,128,114
050,28,007,"Mississippi","Attala County",3,4,242,133,109
050,28,007,"Mississippi","Attala County",3,5,235,119,116
050,28,007,"Mississippi","Attala County",3,6,243,121,122
050,28,007,"Mississippi","Attala County",3,7,235,113,122
050,28,007,"Mississippi","Attala County",3,8,231,117,114
050,28,007,"Mississippi","Attala County",3,9,234,110,124
050,28,007,"Mississippi","Attala County",3,10,253,128,125
050,28,007,"Mississippi","Attala County",3,11,263,129,134
050,28,007,"Mississippi","Attala County",3,12,286,148,138
050,28,007,"Mississippi","Attala County",3,13,312,170,142
050,28,007,"Mississippi","Attala County",3,14,293,140,153
050,28,007,"Mississippi","Attala County",3,15,272,130,142
050,28,007,"Mississippi","Attala County",3,16,269,128,141
050,28,007,"Mississippi","Attala County",3,17,258,123,135
050,28,007,"Mississippi","Attala County",3,18,215,104,111
050,28,007,"Mississippi","Attala County",3,19,174,82,92
050,28,007,"Mississippi","Attala County",3,20,194,96,98
050,28,007,"Mississippi","Attala County",3,21,215,112,103
050,28,007,"Mississippi","Attala County",3,22,211,118,93
050,28,007,"Mississippi","Attala County",3,23,199,106,93
050,28,007,"Mississippi","Attala County",3,24,204,109,95
050,28,007,"Mississippi","Attala County",3,25,212,120,92
050,28,007,"Mississippi","Attala County",3,26,199,103,96
050,28,007,"Mississippi","Attala County",3,27,210,110,100
050,28,007,"Mississippi","Attala County",3,28,208,105,103
050,28,007,"Mississippi","Attala County",3,29,202,93,109
050,28,007,"Mississippi","Attala County",3,30,206,88,118
050,28,007,"Mississippi","Attala County",3,31,206,91,115
050,28,007,"Mississippi","Attala County",3,32,202,90,112
050,28,007,"Mississippi","Attala County",3,33,204,84,120
050,28,007,"Mississippi","Attala County",3,34,190,90,100
050,28,007,"Mississippi","Attala County",3,35,184,85,99
050,28,007,"Mississippi","Attala County",3,36,213,99,114
050,28,007,"Mississippi","Attala County",3,37,194,93,101
050,28,007,"Mississippi","Attala County",3,38,197,96,101
050,28,007,"Mississippi","Attala County",3,39,207,97,110
050,28,007,"Mississippi","Attala County",3,40,218,105,113
050,28,007,"Mississippi","Attala County",3,41,206,97,109
050,28,007,"Mississippi","Attala County",3,42,189,95,94
050,28,007,"Mississippi","Attala County",3,43,201,96,105
050,28,007,"Mississippi","Attala County",3,44,220,106,114
050,28,007,"Mississippi","Attala County",3,45,183,90,93
050,28,007,"Mississippi","Attala County",3,46,177,94,83
050,28,007,"Mississippi","Attala County",3,47,190,95,95
050,28,007,"Mississippi","Attala County",3,48,188,84,104
050,28,007,"Mississippi","Attala County",3,49,198,83,115
050,28,007,"Mississippi","Attala County",3,50,216,98,118
050,28,007,"Mississippi","Attala County",3,51,227,109,118
050,28,007,"Mississippi","Attala County",3,52,222,111,111
050,28,007,"Mississippi","Attala County",3,53,230,106,124
050,28,007,"Mississippi","Attala County",3,54,212,97,115
050,28,007,"Mississippi","Attala County",3,55,223,99,124
050,28,007,"Mississippi","Attala County",3,56,227,105,122
050,28,007,"Mississippi","Attala County",3,57,229,116,113
050,28,007,"Mississippi","Attala County",3,58,223,107,116
050,28,007,"Mississippi","Attala County",3,59,231,108,123
050,28,007,"Mississippi","Attala County",3,60,231,115,116
050,28,007,"Mississippi","Attala County",3,61,220,109,111
050,28,007,"Mississippi","Attala County",3,62,215,101,114
050,28,007,"Mississippi","Attala County",3,63,246,122,124
050,28,007,"Mississippi","Attala County",3,64,241,119,122
050,28,007,"Mississippi","Attala County",3,65,235,115,120
050,28,007,"Mississippi","Attala County",3,66,222,96,126
050,28,007,"Mississippi","Attala County",3,67,201,77,124
050,28,007,"Mississippi","Attala County",3,68,226,102,124
050,28,007,"Mississippi","Attala County",3,69,196,89,107
050,28,007,"Mississippi","Attala County",3,70,190,88,102
050,28,007,"Mississippi","Attala County",3,71,164,82,82
050,28,007,"Mississippi","Attala County",3,72,187,95,92
050,28,007,"Mississippi","Attala County",3,73,176,81,95
050,28,007,"Mississippi","Attala County",3,74,193,85,108
050,28,007,"Mississippi","Attala County",3,75,139,60,79
050,28,007,"Mississippi","Attala County",3,76,127,58,69
050,28,007,"Mississippi","Attala County",3,77,126,55,71
050,28,007,"Mississippi","Attala County",3,78,113,50,63
050,28,007,"Mississippi","Attala County",3,79,103,43,60
050,28,007,"Mississippi","Attala County",3,80,92,44,48
050,28,007,"Mississippi","Attala County",3,81,94,45,49
050,28,007,"Mississippi","Attala County",3,82,94,39,55
050,28,007,"Mississippi","Attala County",3,83,88,40,48
050,28,007,"Mississippi","Attala County",3,84,85,45,40
050,28,007,"Mississippi","Attala County",3,85,369,109,260
050,28,007,"Mississippi","Attala County",4,0,217,107,110
050,28,007,"Mississippi","Attala County",4,1,191,89,102
050,28,007,"Mississippi","Attala County",4,2,190,107,83
050,28,007,"Mississippi","Attala County",4,3,211,106,105
050,28,007,"Mississippi","Attala County",4,4,238,123,115
050,28,007,"Mississippi","Attala County",4,5,243,135,108
050,28,007,"Mississippi","Attala County",4,6,225,108,117
050,28,007,"Mississippi","Attala County",4,7,238,115,123
050,28,007,"Mississippi","Attala County",4,8,236,115,121
050,28,007,"Mississippi","Attala County",4,9,243,121,122
050,28,007,"Mississippi","Attala County",4,10,236,111,125
050,28,007,"Mississippi","Attala County",4,11,253,121,132
050,28,007,"Mississippi","Attala County",4,12,262,131,131
050,28,007,"Mississippi","Attala County",4,13,290,151,139
050,28,007,"Mississippi","Attala County",4,14,313,165,148
050,28,007,"Mississippi","Attala County",4,15,294,140,154
050,28,007,"Mississippi","Attala County",4,16,268,124,144
050,28,007,"Mississippi","Attala County",4,17,268,131,137
050,28,007,"Mississippi","Attala County",4,18,222,110,112
050,28,007,"Mississippi","Attala County",4,19,169,84,85
050,28,007,"Mississippi","Attala County",4,20,188,86,102
050,28,007,"Mississippi","Attala County",4,21,205,110,95
050,28,007,"Mississippi","Attala County",4,22,217,114,103
050,28,007,"Mississippi","Attala County",4,23,206,119,87
050,28,007,"Mississippi","Attala County",4,24,194,105,89
050,28,007,"Mississippi","Attala County",4,25,202,108,94
050,28,007,"Mississippi","Attala County",4,26,216,116,100
050,28,007,"Mississippi","Attala County",4,27,203,110,93
050,28,007,"Mississippi","Attala County",4,28,210,111,99
050,28,007,"Mississippi","Attala County",4,29,197,95,102
050,28,007,"Mississippi","Attala County",4,30,201,93,108
050,28,007,"Mississippi","Attala County",4,31,202,92,110
050,28,007,"Mississippi","Attala County",4,32,202,91,111
050,28,007,"Mississippi","Attala County",4,33,187,80,107
050,28,007,"Mississippi","Attala County",4,34,197,77,120
050,28,007,"Mississippi","Attala County",4,35,188,83,105
050,28,007,"Mississippi","Attala County",4,36,179,80,99
050,28,007,"Mississippi","Attala County",4,37,209,97,112
050,28,007,"Mississippi","Attala County",4,38,203,101,102
050,28,007,"Mississippi","Attala County",4,39,195,92,103
050,28,007,"Mississippi","Attala County",4,40,206,101,105
050,28,007,"Mississippi","Attala County",4,41,215,105,110
050,28,007,"Mississippi","Attala County",4,42,205,95,110
050,28,007,"Mississippi","Attala County",4,43,190,95,95
050,28,007,"Mississippi","Attala County",4,44,200,94,106
050,28,007,"Mississippi","Attala County",4,45,216,98,118
050,28,007,"Mississippi","Attala County",4,46,181,90,91
050,28,007,"Mississippi","Attala County",4,47,182,97,85
050,28,007,"Mississippi","Attala County",4,48,186,94,92
050,28,007,"Mississippi","Attala County",4,49,186,81,105
050,28,007,"Mississippi","Attala County",4,50,190,79,111
050,28,007,"Mississippi","Attala County",4,51,214,98,116
050,28,007,"Mississippi","Attala County",4,52,229,112,117
050,28,007,"Mississippi","Attala County",4,53,215,113,102
050,28,007,"Mississippi","Attala County",4,54,228,107,121
050,28,007,"Mississippi","Attala County",4,55,217,96,121
050,28,007,"Mississippi","Attala County",4,56,219,99,120
050,28,007,"Mississippi","Attala County",4,57,223,105,118
050,28,007,"Mississippi","Attala County",4,58,229,114,115
050,28,007,"Mississippi","Attala County",4,59,221,110,111
050,28,007,"Mississippi","Attala County",4,60,228,106,122
050,28,007,"Mississippi","Attala County",4,61,226,112,114
050,28,007,"Mississippi","Attala County",4,62,224,108,116
050,28,007,"Mississippi","Attala County",4,63,211,101,110
050,28,007,"Mississippi","Attala County",4,64,241,124,117
050,28,007,"Mississippi","Attala County",4,65,229,110,119
050,28,007,"Mississippi","Attala County",4,66,233,109,124
050,28,007,"Mississippi","Attala County",4,67,217,94,123
050,28,007,"Mississippi","Attala County",4,68,196,79,117
050,28,007,"Mississippi","Attala County",4,69,215,97,118
050,28,007,"Mississippi","Attala County",4,70,194,90,104
050,28,007,"Mississippi","Attala County",4,71,178,81,97
050,28,007,"Mississippi","Attala County",4,72,161,82,79
050,28,007,"Mississippi","Attala County",4,73,175,84,91
050,28,007,"Mississippi","Attala County",4,74,173,78,95
050,28,007,"Mississippi","Attala County",4,75,182,81,101
050,28,007,"Mississippi","Attala County",4,76,132,58,74
050,28,007,"Mississippi","Attala County",4,77,110,46,64
050,28,007,"Mississippi","Attala County",4,78,115,47,68
050,28,007,"Mississippi","Attala County",4,79,105,45,60
050,28,007,"Mississippi","Attala County",4,80,93,40,53
050,28,007,"Mississippi","Attala County",4,81,90,41,49
050,28,007,"Mississippi","Attala County",4,82,82,35,47
050,28,007,"Mississippi","Attala County",4,83,87,36,51
050,28,007,"Mississippi","Attala County",4,84,91,46,45
050,28,007,"Mississippi","Attala County",4,85,382,125,257
050,28,007,"Mississippi","Attala County",5,0,211,104,107
050,28,007,"Mississippi","Attala County",5,1,211,108,103
050,28,007,"Mississippi","Attala County",5,2,188,84,104
050,28,007,"Mississippi","Attala County",5,3,203,107,96
050,28,007,"Mississippi","Attala County",5,4,204,106,98
050,28,007,"Mississippi","Attala County",5,5,230,120,110
050,28,007,"Mississippi","Attala County",5,6,243,132,111
050,28,007,"Mississippi","Attala County",5,7,226,112,114
050,28,007,"Mississippi","Attala County",5,8,247,130,117
050,28,007,"Mississippi","Attala County",5,9,243,122,121
050,28,007,"Mississippi","Attala County",5,10,239,120,119
050,28,007,"Mississippi","Attala County",5,11,245,114,131
050,28,007,"Mississippi","Attala County",5,12,251,121,130
050,28,007,"Mississippi","Attala County",5,13,255,125,130
050,28,007,"Mississippi","Attala County",5,14,279,148,131
050,28,007,"Mississippi","Attala County",5,15,309,169,140
050,28,007,"Mississippi","Attala County",5,16,292,140,152
050,28,007,"Mississippi","Attala County",5,17,268,128,140
050,28,007,"Mississippi","Attala County",5,18,230,115,115
050,28,007,"Mississippi","Attala County",5,19,183,88,95
050,28,007,"Mississippi","Attala County",5,20,181,90,91
050,28,007,"Mississippi","Attala County",5,21,190,86,104
050,28,007,"Mississippi","Attala County",5,22,206,113,93
050,28,007,"Mississippi","Attala County",5,23,219,119,100
050,28,007,"Mississippi","Attala County",5,24,209,113,96
050,28,007,"Mississippi","Attala County",5,25,178,99,79
050,28,007,"Mississippi","Attala County",5,26,176,95,81
050,28,007,"Mississippi","Attala County",5,27,214,111,103
050,28,007,"Mississippi","Attala County",5,28,186,103,83
050,28,007,"Mississippi","Attala County",5,29,213,108,105
050,28,007,"Mississippi","Attala County",5,30,194,88,106
050,28,007,"Mississippi","Attala County",5,31,196,88,108
050,28,007,"Mississippi","Attala County",5,32,213,95,118
050,28,007,"Mississippi","Attala County",5,33,206,96,110
050,28,007,"Mississippi","Attala County",5,34,184,82,102
050,28,007,"Mississippi","Attala County",5,35,194,73,121
050,28,007,"Mississippi","Attala County",5,36,191,87,104
050,28,007,"Mississippi","Attala County",5,37,180,83,97
050,28,007,"Mississippi","Attala County",5,38,213,96,117
050,28,007,"Mississippi","Attala County",5,39,193,91,102
050,28,007,"Mississippi","Attala County",5,40,199,97,102
050,28,007,"Mississippi","Attala County",5,41,203,98,105
050,28,007,"Mississippi","Attala County",5,42,217,101,116
050,28,007,"Mississippi","Attala County",5,43,211,97,114
050,28,007,"Mississippi","Attala County",5,44,187,92,95
050,28,007,"Mississippi","Attala County",5,45,193,92,101
050,28,007,"Mississippi","Attala County",5,46,216,96,120
050,28,007,"Mississippi","Attala County",5,47,181,89,92
050,28,007,"Mississippi","Attala County",5,48,182,100,82
050,28,007,"Mississippi","Attala County",5,49,182,88,94
050,28,007,"Mississippi","Attala County",5,50,184,83,101
050,28,007,"Mississippi","Attala County",5,51,186,77,109
050,28,007,"Mississippi","Attala County",5,52,223,101,122
050,28,007,"Mississippi","Attala County",5,53,223,109,114
050,28,007,"Mississippi","Attala County",5,54,219,118,101
050,28,007,"Mississippi","Attala County",5,55,229,108,121
050,28,007,"Mississippi","Attala County",5,56,216,97,119
050,28,007,"Mississippi","Attala County",5,57,217,96,121
050,28,007,"Mississippi","Attala County",5,58,228,105,123
050,28,007,"Mississippi","Attala County",5,59,217,108,109
050,28,007,"Mississippi","Attala County",5,60,207,104,103
050,28,007,"Mississippi","Attala County",5,61,216,102,114
050,28,007,"Mississippi","Attala County",5,62,218,107,111
050,28,007,"Mississippi","Attala County",5,63,230,111,119
050,28,007,"Mississippi","Attala County",5,64,208,103,105
050,28,007,"Mississippi","Attala County",5,65,229,111,118
050,28,007,"Mississippi","Attala County",5,66,220,100,120
050,28,007,"Mississippi","Attala County",5,67,228,107,121
050,28,007,"Mississippi","Attala County",5,68,218,95,123
050,28,007,"Mississippi","Attala County",5,69,181,73,108
050,28,007,"Mississippi","Attala County",5,70,213,96,117
050,28,007,"Mississippi","Attala County",5,71,191,88,103
050,28,007,"Mississippi","Attala County",5,72,182,80,102
050,28,007,"Mississippi","Attala County",5,73,148,73,75
050,28,007,"Mississippi","Attala County",5,74,171,82,89
050,28,007,"Mississippi","Attala County",5,75,161,71,90
050,28,007,"Mississippi","Attala County",5,76,173,77,96
050,28,007,"Mississippi","Attala County",5,77,120,48,72
050,28,007,"Mississippi","Attala County",5,78,101,39,62
050,28,007,"Mississippi","Attala County",5,79,109,42,67
050,28,007,"Mississippi","Attala County",5,80,95,44,51
050,28,007,"Mississippi","Attala County",5,81,90,39,51
050,28,007,"Mississippi","Attala County",5,82,77,30,47
050,28,007,"Mississippi","Attala County",5,83,75,34,41
050,28,007,"Mississippi","Attala County",5,84,91,44,47
050,28,007,"Mississippi","Attala County",5,85,401,135,266
050,28,009,"Mississippi","Benton County",1,0,75,38,37
050,28,009,"Mississippi","Benton County",1,1,86,41,45
050,28,009,"Mississippi","Benton County",1,2,101,51,50
050,28,009,"Mississippi","Benton County",1,3,91,43,48
050,28,009,"Mississippi","Benton County",1,4,85,45,40
050,28,009,"Mississippi","Benton County",1,5,92,52,40
050,28,009,"Mississippi","Benton County",1,6,98,49,49
050,28,009,"Mississippi","Benton County",1,7,91,41,50
050,28,009,"Mississippi","Benton County",1,8,73,34,39
050,28,009,"Mississippi","Benton County",1,9,76,42,34
050,28,009,"Mississippi","Benton County",1,10,83,46,37
050,28,009,"Mississippi","Benton County",1,11,99,54,45
050,28,009,"Mississippi","Benton County",1,12,102,59,43
050,28,009,"Mississippi","Benton County",1,13,98,53,45
050,28,009,"Mississippi","Benton County",1,14,98,52,46
050,28,009,"Mississippi","Benton County",1,15,96,51,45
050,28,009,"Mississippi","Benton County",1,16,88,45,43
050,28,009,"Mississippi","Benton County",1,17,107,52,55
050,28,009,"Mississippi","Benton County",1,18,94,49,45
050,28,009,"Mississippi","Benton County",1,19,77,38,39
050,28,009,"Mississippi","Benton County",1,20,75,39,36
050,28,009,"Mississippi","Benton County",1,21,83,44,39
050,28,009,"Mississippi","Benton County",1,22,93,48,45
050,28,009,"Mississippi","Benton County",1,23,87,42,45
050,28,009,"Mississippi","Benton County",1,24,90,46,44
050,28,009,"Mississippi","Benton County",1,25,81,42,39
050,28,009,"Mississippi","Benton County",1,26,98,51,47
050,28,009,"Mississippi","Benton County",1,27,101,51,50
050,28,009,"Mississippi","Benton County",1,28,103,56,47
050,28,009,"Mississippi","Benton County",1,29,83,41,42
050,28,009,"Mississippi","Benton County",1,30,87,42,45
050,28,009,"Mississippi","Benton County",1,31,109,61,48
050,28,009,"Mississippi","Benton County",1,32,87,43,44
050,28,009,"Mississippi","Benton County",1,33,83,38,45
050,28,009,"Mississippi","Benton County",1,34,89,44,45
050,28,009,"Mississippi","Benton County",1,35,78,42,36
050,28,009,"Mississippi","Benton County",1,36,84,42,42
050,28,009,"Mississippi","Benton County",1,37,81,36,45
050,28,009,"Mississippi","Benton County",1,38,77,38,39
050,28,009,"Mississippi","Benton County",1,39,93,46,47
050,28,009,"Mississippi","Benton County",1,40,87,44,43
050,28,009,"Mississippi","Benton County",1,41,90,40,50
050,28,009,"Mississippi","Benton County",1,42,98,44,54
050,28,009,"Mississippi","Benton County",1,43,86,44,42
050,28,009,"Mississippi","Benton County",1,44,98,55,43
050,28,009,"Mississippi","Benton County",1,45,92,50,42
050,28,009,"Mississippi","Benton County",1,46,85,43,42
050,28,009,"Mississippi","Benton County",1,47,89,49,40
050,28,009,"Mississippi","Benton County",1,48,103,49,54
050,28,009,"Mississippi","Benton County",1,49,110,47,63
050,28,009,"Mississippi","Benton County",1,50,92,36,56
050,28,009,"Mississippi","Benton County",1,51,108,50,58
050,28,009,"Mississippi","Benton County",1,52,109,59,50
050,28,009,"Mississippi","Benton County",1,53,120,60,60
050,28,009,"Mississippi","Benton County",1,54,118,67,51
050,28,009,"Mississippi","Benton County",1,55,109,57,52
050,28,009,"Mississippi","Benton County",1,56,120,60,60
050,28,009,"Mississippi","Benton County",1,57,110,63,47
050,28,009,"Mississippi","Benton County",1,58,112,60,52
050,28,009,"Mississippi","Benton County",1,59,132,67,65
050,28,009,"Mississippi","Benton County",1,60,125,63,62
050,28,009,"Mississippi","Benton County",1,61,100,52,48
050,28,009,"Mississippi","Benton County",1,62,128,57,71
050,28,009,"Mississippi","Benton County",1,63,103,50,53
050,28,009,"Mississippi","Benton County",1,64,107,56,51
050,28,009,"Mississippi","Benton County",1,65,97,45,52
050,28,009,"Mississippi","Benton County",1,66,95,47,48
050,28,009,"Mississippi","Benton County",1,67,82,45,37
050,28,009,"Mississippi","Benton County",1,68,78,36,42
050,28,009,"Mississippi","Benton County",1,69,81,39,42
050,28,009,"Mississippi","Benton County",1,70,87,44,43
050,28,009,"Mississippi","Benton County",1,71,87,47,40
050,28,009,"Mississippi","Benton County",1,72,96,49,47
050,28,009,"Mississippi","Benton County",1,73,91,34,57
050,28,009,"Mississippi","Benton County",1,74,62,26,36
050,28,009,"Mississippi","Benton County",1,75,51,18,33
050,28,009,"Mississippi","Benton County",1,76,44,25,19
050,28,009,"Mississippi","Benton County",1,77,64,31,33
050,28,009,"Mississippi","Benton County",1,78,60,29,31
050,28,009,"Mississippi","Benton County",1,79,56,24,32
050,28,009,"Mississippi","Benton County",1,80,44,21,23
050,28,009,"Mississippi","Benton County",1,81,33,14,19
050,28,009,"Mississippi","Benton County",1,82,32,12,20
050,28,009,"Mississippi","Benton County",1,83,26,13,13
050,28,009,"Mississippi","Benton County",1,84,22,10,12
050,28,009,"Mississippi","Benton County",1,85,155,54,101
050,28,009,"Mississippi","Benton County",2,0,77,38,39
050,28,009,"Mississippi","Benton County",2,1,83,41,42
050,28,009,"Mississippi","Benton County",2,2,99,49,50
050,28,009,"Mississippi","Benton County",2,3,95,46,49
050,28,009,"Mississippi","Benton County",2,4,87,45,42
050,28,009,"Mississippi","Benton County",2,5,94,52,42
050,28,009,"Mississippi","Benton County",2,6,97,51,46
050,28,009,"Mississippi","Benton County",2,7,90,42,48
050,28,009,"Mississippi","Benton County",2,8,79,37,42
050,28,009,"Mississippi","Benton County",2,9,76,40,36
050,28,009,"Mississippi","Benton County",2,10,79,44,35
050,28,009,"Mississippi","Benton County",2,11,93,52,41
050,28,009,"Mississippi","Benton County",2,12,101,57,44
050,28,009,"Mississippi","Benton County",2,13,99,54,45
050,28,009,"Mississippi","Benton County",2,14,98,52,46
050,28,009,"Mississippi","Benton County",2,15,97,51,46
050,28,009,"Mississippi","Benton County",2,16,92,48,44
050,28,009,"Mississippi","Benton County",2,17,103,51,52
050,28,009,"Mississippi","Benton County",2,18,94,48,46
050,28,009,"Mississippi","Benton County",2,19,78,38,40
050,28,009,"Mississippi","Benton County",2,20,79,41,38
050,28,009,"Mississippi","Benton County",2,21,84,44,40
050,28,009,"Mississippi","Benton County",2,22,91,48,43
050,28,009,"Mississippi","Benton County",2,23,90,44,46
050,28,009,"Mississippi","Benton County",2,24,91,47,44
050,28,009,"Mississippi","Benton County",2,25,85,42,43
050,28,009,"Mississippi","Benton County",2,26,94,47,47
050,28,009,"Mississippi","Benton County",2,27,99,50,49
050,28,009,"Mississippi","Benton County",2,28,104,56,48
050,28,009,"Mississippi","Benton County",2,29,87,44,43
050,28,009,"Mississippi","Benton County",2,30,89,43,46
050,28,009,"Mississippi","Benton County",2,31,102,56,46
050,28,009,"Mississippi","Benton County",2,32,92,48,44
050,28,009,"Mississippi","Benton County",2,33,85,40,45
050,28,009,"Mississippi","Benton County",2,34,86,42,44
050,28,009,"Mississippi","Benton County",2,35,81,43,38
050,28,009,"Mississippi","Benton County",2,36,83,42,41
050,28,009,"Mississippi","Benton County",2,37,79,37,42
050,28,009,"Mississippi","Benton County",2,38,78,37,41
050,28,009,"Mississippi","Benton County",2,39,89,44,45
050,28,009,"Mississippi","Benton County",2,40,89,45,44
050,28,009,"Mississippi","Benton County",2,41,88,39,49
050,28,009,"Mississippi","Benton County",2,42,94,41,53
050,28,009,"Mississippi","Benton County",2,43,91,45,46
050,28,009,"Mississippi","Benton County",2,44,96,53,43
050,28,009,"Mississippi","Benton County",2,45,95,51,44
050,28,009,"Mississippi","Benton County",2,46,87,45,42
050,28,009,"Mississippi","Benton County",2,47,91,48,43
050,28,009,"Mississippi","Benton County",2,48,100,49,51
050,28,009,"Mississippi","Benton County",2,49,110,49,61
050,28,009,"Mississippi","Benton County",2,50,95,38,57
050,28,009,"Mississippi","Benton County",2,51,102,45,57
050,28,009,"Mississippi","Benton County",2,52,109,57,52
050,28,009,"Mississippi","Benton County",2,53,118,61,57
050,28,009,"Mississippi","Benton County",2,54,119,66,53
050,28,009,"Mississippi","Benton County",2,55,112,59,53
050,28,009,"Mississippi","Benton County",2,56,118,59,59
050,28,009,"Mississippi","Benton County",2,57,111,62,49
050,28,009,"Mississippi","Benton County",2,58,112,61,51
050,28,009,"Mississippi","Benton County",2,59,128,66,62
050,28,009,"Mississippi","Benton County",2,60,126,64,62
050,28,009,"Mississippi","Benton County",2,61,104,54,50
050,28,009,"Mississippi","Benton County",2,62,121,55,66
050,28,009,"Mississippi","Benton County",2,63,108,50,58
050,28,009,"Mississippi","Benton County",2,64,104,54,50
050,28,009,"Mississippi","Benton County",2,65,101,48,53
050,28,009,"Mississippi","Benton County",2,66,98,48,50
050,28,009,"Mississippi","Benton County",2,67,84,45,39
050,28,009,"Mississippi","Benton County",2,68,77,36,41
050,28,009,"Mississippi","Benton County",2,69,82,39,43
050,28,009,"Mississippi","Benton County",2,70,86,43,43
050,28,009,"Mississippi","Benton County",2,71,87,46,41
050,28,009,"Mississippi","Benton County",2,72,91,47,44
050,28,009,"Mississippi","Benton County",2,73,97,40,57
050,28,009,"Mississippi","Benton County",2,74,64,26,38
050,28,009,"Mississippi","Benton County",2,75,54,20,34
050,28,009,"Mississippi","Benton County",2,76,44,22,22
050,28,009,"Mississippi","Benton County",2,77,61,31,30
050,28,009,"Mississippi","Benton County",2,78,58,29,29
050,28,009,"Mississippi","Benton County",2,79,56,24,32
050,28,009,"Mississippi","Benton County",2,80,47,22,25
050,28,009,"Mississippi","Benton County",2,81,32,14,18
050,28,009,"Mississippi","Benton County",2,82,32,12,20
050,28,009,"Mississippi","Benton County",2,83,26,12,14
050,28,009,"Mississippi","Benton County",2,84,23,11,12
050,28,009,"Mississippi","Benton County",2,85,157,56,101
050,28,009,"Mississippi","Benton County",3,0,82,49,33
050,28,009,"Mississippi","Benton County",3,1,78,41,37
050,28,009,"Mississippi","Benton County",3,2,93,47,46
050,28,009,"Mississippi","Benton County",3,3,96,48,48
050,28,009,"Mississippi","Benton County",3,4,85,41,44
050,28,009,"Mississippi","Benton County",3,5,82,39,43
050,28,009,"Mississippi","Benton County",3,6,95,50,45
050,28,009,"Mississippi","Benton County",3,7,98,52,46
050,28,009,"Mississippi","Benton County",3,8,93,43,50
050,28,009,"Mississippi","Benton County",3,9,82,37,45
050,28,009,"Mississippi","Benton County",3,10,77,37,40
050,28,009,"Mississippi","Benton County",3,11,80,43,37
050,28,009,"Mississippi","Benton County",3,12,97,50,47
050,28,009,"Mississippi","Benton County",3,13,101,53,48
050,28,009,"Mississippi","Benton County",3,14,100,52,48
050,28,009,"Mississippi","Benton County",3,15,96,47,49
050,28,009,"Mississippi","Benton County",3,16,92,50,42
050,28,009,"Mississippi","Benton County",3,17,94,47,47
050,28,009,"Mississippi","Benton County",3,18,86,41,45
050,28,009,"Mississippi","Benton County",3,19,84,44,40
050,28,009,"Mississippi","Benton County",3,20,87,40,47
050,28,009,"Mississippi","Benton County",3,21,83,43,40
050,28,009,"Mississippi","Benton County",3,22,98,50,48
050,28,009,"Mississippi","Benton County",3,23,101,54,47
050,28,009,"Mississippi","Benton County",3,24,92,46,46
050,28,009,"Mississippi","Benton County",3,25,90,44,46
050,28,009,"Mississippi","Benton County",3,26,96,48,48
050,28,009,"Mississippi","Benton County",3,27,95,47,48
050,28,009,"Mississippi","Benton County",3,28,97,53,44
050,28,009,"Mississippi","Benton County",3,29,102,54,48
050,28,009,"Mississippi","Benton County",3,30,91,42,49
050,28,009,"Mississippi","Benton County",3,31,84,38,46
050,28,009,"Mississippi","Benton County",3,32,94,50,44
050,28,009,"Mississippi","Benton County",3,33,95,50,45
050,28,009,"Mississippi","Benton County",3,34,86,41,45
050,28,009,"Mississippi","Benton County",3,35,82,42,40
050,28,009,"Mississippi","Benton County",3,36,86,45,41
050,28,009,"Mississippi","Benton County",3,37,82,40,42
050,28,009,"Mississippi","Benton County",3,38,80,34,46
050,28,009,"Mississippi","Benton County",3,39,82,39,43
050,28,009,"Mississippi","Benton County",3,40,93,45,48
050,28,009,"Mississippi","Benton County",3,41,89,47,42
050,28,009,"Mississippi","Benton County",3,42,95,42,53
050,28,009,"Mississippi","Benton County",3,43,81,36,45
050,28,009,"Mississippi","Benton County",3,44,89,41,48
050,28,009,"Mississippi","Benton County",3,45,94,50,44
050,28,009,"Mississippi","Benton County",3,46,96,52,44
050,28,009,"Mississippi","Benton County",3,47,93,51,42
050,28,009,"Mississippi","Benton County",3,48,94,50,44
050,28,009,"Mississippi","Benton County",3,49,98,48,50
050,28,009,"Mississippi","Benton County",3,50,104,45,59
050,28,009,"Mississippi","Benton County",3,51,95,38,57
050,28,009,"Mississippi","Benton County",3,52,104,46,58
050,28,009,"Mississippi","Benton County",3,53,102,50,52
050,28,009,"Mississippi","Benton County",3,54,116,59,57
050,28,009,"Mississippi","Benton County",3,55,117,64,53
050,28,009,"Mississippi","Benton County",3,56,113,60,53
050,28,009,"Mississippi","Benton County",3,57,114,56,58
050,28,009,"Mississippi","Benton County",3,58,109,63,46
050,28,009,"Mississippi","Benton County",3,59,112,61,51
050,28,009,"Mississippi","Benton County",3,60,125,68,57
050,28,009,"Mississippi","Benton County",3,61,130,69,61
050,28,009,"Mississippi","Benton County",3,62,98,51,47
050,28,009,"Mississippi","Benton County",3,63,120,52,68
050,28,009,"Mississippi","Benton County",3,64,111,55,56
050,28,009,"Mississippi","Benton County",3,65,103,54,49
050,28,009,"Mississippi","Benton County",3,66,94,46,48
050,28,009,"Mississippi","Benton County",3,67,94,44,50
050,28,009,"Mississippi","Benton County",3,68,83,42,41
050,28,009,"Mississippi","Benton County",3,69,74,35,39
050,28,009,"Mississippi","Benton County",3,70,80,38,42
050,28,009,"Mississippi","Benton County",3,71,85,43,42
050,28,009,"Mississippi","Benton County",3,72,84,44,40
050,28,009,"Mississippi","Benton County",3,73,84,43,41
050,28,009,"Mississippi","Benton County",3,74,95,39,56
050,28,009,"Mississippi","Benton County",3,75,57,25,32
050,28,009,"Mississippi","Benton County",3,76,48,18,30
050,28,009,"Mississippi","Benton County",3,77,45,23,22
050,28,009,"Mississippi","Benton County",3,78,51,23,28
050,28,009,"Mississippi","Benton County",3,79,56,29,27
050,28,009,"Mississippi","Benton County",3,80,52,22,30
050,28,009,"Mississippi","Benton County",3,81,37,16,21
050,28,009,"Mississippi","Benton County",3,82,29,14,15
050,28,009,"Mississippi","Benton County",3,83,29,9,20
050,28,009,"Mississippi","Benton County",3,84,25,12,13
050,28,009,"Mississippi","Benton County",3,85,147,55,92
050,28,009,"Mississippi","Benton County",4,0,73,42,31
050,28,009,"Mississippi","Benton County",4,1,87,51,36
050,28,009,"Mississippi","Benton County",4,2,74,40,34
050,28,009,"Mississippi","Benton County",4,3,89,45,44
050,28,009,"Mississippi","Benton County",4,4,94,46,48
050,28,009,"Mississippi","Benton County",4,5,89,38,51
050,28,009,"Mississippi","Benton County",4,6,84,39,45
050,28,009,"Mississippi","Benton County",4,7,92,50,42
050,28,009,"Mississippi","Benton County",4,8,96,54,42
050,28,009,"Mississippi","Benton County",4,9,86,40,46
050,28,009,"Mississippi","Benton County",4,10,77,38,39
050,28,009,"Mississippi","Benton County",4,11,72,32,40
050,28,009,"Mississippi","Benton County",4,12,77,41,36
050,28,009,"Mississippi","Benton County",4,13,92,47,45
050,28,009,"Mississippi","Benton County",4,14,94,49,45
050,28,009,"Mississippi","Benton County",4,15,101,55,46
050,28,009,"Mississippi","Benton County",4,16,92,49,43
050,28,009,"Mississippi","Benton County",4,17,96,52,44
050,28,009,"Mississippi","Benton County",4,18,81,41,40
050,28,009,"Mississippi","Benton County",4,19,72,36,36
050,28,009,"Mississippi","Benton County",4,20,91,48,43
050,28,009,"Mississippi","Benton County",4,21,85,39,46
050,28,009,"Mississippi","Benton County",4,22,90,45,45
050,28,009,"Mississippi","Benton County",4,23,100,51,49
050,28,009,"Mississippi","Benton County",4,24,103,56,47
050,28,009,"Mississippi","Benton County",4,25,95,47,48
050,28,009,"Mississippi","Benton County",4,26,88,45,43
050,28,009,"Mississippi","Benton County",4,27,88,43,45
050,28,009,"Mississippi","Benton County",4,28,84,42,42
050,28,009,"Mississippi","Benton County",4,29,99,52,47
050,28,009,"Mississippi","Benton County",4,30,115,61,54
050,28,009,"Mississippi","Benton County",4,31,98,44,54
050,28,009,"Mississippi","Benton County",4,32,84,41,43
050,28,009,"Mississippi","Benton County",4,33,95,49,46
050,28,009,"Mississippi","Benton County",4,34,90,47,43
050,28,009,"Mississippi","Benton County",4,35,81,35,46
050,28,009,"Mississippi","Benton County",4,36,80,42,38
050,28,009,"Mississippi","Benton County",4,37,81,45,36
050,28,009,"Mississippi","Benton County",4,38,87,39,48
050,28,009,"Mississippi","Benton County",4,39,75,30,45
050,28,009,"Mississippi","Benton County",4,40,75,35,40
050,28,009,"Mississippi","Benton County",4,41,96,49,47
050,28,009,"Mississippi","Benton County",4,42,89,48,41
050,28,009,"Mississippi","Benton County",4,43,87,40,47
050,28,009,"Mississippi","Benton County",4,44,86,41,45
050,28,009,"Mississippi","Benton County",4,45,87,39,48
050,28,009,"Mississippi","Benton County",4,46,97,51,46
050,28,009,"Mississippi","Benton County",4,47,93,48,45
050,28,009,"Mississippi","Benton County",4,48,86,45,41
050,28,009,"Mississippi","Benton County",4,49,100,55,45
050,28,009,"Mississippi","Benton County",4,50,90,43,47
050,28,009,"Mississippi","Benton County",4,51,110,46,64
050,28,009,"Mississippi","Benton County",4,52,97,39,58
050,28,009,"Mississippi","Benton County",4,53,103,47,56
050,28,009,"Mississippi","Benton County",4,54,100,47,53
050,28,009,"Mississippi","Benton County",4,55,112,54,58
050,28,009,"Mississippi","Benton County",4,56,115,62,53
050,28,009,"Mississippi","Benton County",4,57,111,60,51
050,28,009,"Mississippi","Benton County",4,58,114,57,57
050,28,009,"Mississippi","Benton County",4,59,108,61,47
050,28,009,"Mississippi","Benton County",4,60,111,62,49
050,28,009,"Mississippi","Benton County",4,61,120,67,53
050,28,009,"Mississippi","Benton County",4,62,125,64,61
050,28,009,"Mississippi","Benton County",4,63,101,51,50
050,28,009,"Mississippi","Benton County",4,64,121,55,66
050,28,009,"Mississippi","Benton County",4,65,102,48,54
050,28,009,"Mississippi","Benton County",4,66,101,57,44
050,28,009,"Mississippi","Benton County",4,67,87,42,45
050,28,009,"Mississippi","Benton County",4,68,101,43,58
050,28,009,"Mississippi","Benton County",4,69,86,42,44
050,28,009,"Mississippi","Benton County",4,70,73,36,37
050,28,009,"Mississippi","Benton County",4,71,88,44,44
050,28,009,"Mississippi","Benton County",4,72,81,39,42
050,28,009,"Mississippi","Benton County",4,73,79,41,38
050,28,009,"Mississippi","Benton County",4,74,87,45,42
050,28,009,"Mississippi","Benton County",4,75,92,38,54
050,28,009,"Mississippi","Benton County",4,76,52,23,29
050,28,009,"Mississippi","Benton County",4,77,48,21,27
050,28,009,"Mississippi","Benton County",4,78,39,19,20
050,28,009,"Mississippi","Benton County",4,79,49,24,25
050,28,009,"Mississippi","Benton County",4,80,51,27,24
050,28,009,"Mississippi","Benton County",4,81,50,20,30
050,28,009,"Mississippi","Benton County",4,82,34,16,18
050,28,009,"Mississippi","Benton County",4,83,29,12,17
050,28,009,"Mississippi","Benton County",4,84,26,8,18
050,28,009,"Mississippi","Benton County",4,85,140,60,80
050,28,009,"Mississippi","Benton County",5,0,68,39,29
050,28,009,"Mississippi","Benton County",5,1,82,52,30
050,28,009,"Mississippi","Benton County",5,2,86,54,32
050,28,009,"Mississippi","Benton County",5,3,58,31,27
050,28,009,"Mississippi","Benton County",5,4,87,42,45
050,28,009,"Mississippi","Benton County",5,5,87,41,46
050,28,009,"Mississippi","Benton County",5,6,88,39,49
050,28,009,"Mississippi","Benton County",5,7,81,40,41
050,28,009,"Mississippi","Benton County",5,8,87,42,45
050,28,009,"Mississippi","Benton County",5,9,95,50,45
050,28,009,"Mississippi","Benton County",5,10,85,39,46
050,28,009,"Mississippi","Benton County",5,11,79,43,36
050,28,009,"Mississippi","Benton County",5,12,79,32,47
050,28,009,"Mississippi","Benton County",5,13,79,40,39
050,28,009,"Mississippi","Benton County",5,14,98,45,53
050,28,009,"Mississippi","Benton County",5,15,94,49,45
050,28,009,"Mississippi","Benton County",5,16,99,50,49
050,28,009,"Mississippi","Benton County",5,17,95,50,45
050,28,009,"Mississippi","Benton County",5,18,76,41,35
050,28,009,"Mississippi","Benton County",5,19,63,31,32
050,28,009,"Mississippi","Benton County",5,20,75,39,36
050,28,009,"Mississippi","Benton County",5,21,90,49,41
050,28,009,"Mississippi","Benton County",5,22,104,51,53
050,28,009,"Mississippi","Benton County",5,23,79,43,36
050,28,009,"Mississippi","Benton County",5,24,97,53,44
050,28,009,"Mississippi","Benton County",5,25,101,55,46
050,28,009,"Mississippi","Benton County",5,26,90,44,46
050,28,009,"Mississippi","Benton County",5,27,82,40,42
050,28,009,"Mississippi","Benton County",5,28,74,39,35
050,28,009,"Mississippi","Benton County",5,29,81,40,41
050,28,009,"Mississippi","Benton County",5,30,103,52,51
050,28,009,"Mississippi","Benton County",5,31,114,58,56
050,28,009,"Mississippi","Benton County",5,32,86,40,46
050,28,009,"Mississippi","Benton County",5,33,86,41,45
050,28,009,"Mississippi","Benton County",5,34,86,45,41
050,28,009,"Mississippi","Benton County",5,35,86,46,40
050,28,009,"Mississippi","Benton County",5,36,77,37,40
050,28,009,"Mississippi","Benton County",5,37,75,40,35
050,28,009,"Mississippi","Benton County",5,38,79,41,38
050,28,009,"Mississippi","Benton County",5,39,87,42,45
050,28,009,"Mississippi","Benton County",5,40,78,29,49
050,28,009,"Mississippi","Benton County",5,41,77,39,38
050,28,009,"Mississippi","Benton County",5,42,98,50,48
050,28,009,"Mississippi","Benton County",5,43,80,42,38
050,28,009,"Mississippi","Benton County",5,44,83,40,43
050,28,009,"Mississippi","Benton County",5,45,86,43,43
050,28,009,"Mississippi","Benton County",5,46,90,40,50
050,28,009,"Mississippi","Benton County",5,47,98,53,45
050,28,009,"Mississippi","Benton County",5,48,97,50,47
050,28,009,"Mississippi","Benton County",5,49,88,47,41
050,28,009,"Mississippi","Benton County",5,50,99,49,50
050,28,009,"Mississippi","Benton County",5,51,92,41,51
050,28,009,"Mississippi","Benton County",5,52,109,47,62
050,28,009,"Mississippi","Benton County",5,53,100,42,58
050,28,009,"Mississippi","Benton County",5,54,103,48,55
050,28,009,"Mississippi","Benton County",5,55,98,45,53
050,28,009,"Mississippi","Benton County",5,56,107,55,52
050,28,009,"Mississippi","Benton County",5,57,117,61,56
050,28,009,"Mississippi","Benton County",5,58,116,62,54
050,28,009,"Mississippi","Benton County",5,59,115,57,58
050,28,009,"Mississippi","Benton County",5,60,108,60,48
050,28,009,"Mississippi","Benton County",5,61,107,60,47
050,28,009,"Mississippi","Benton County",5,62,117,66,51
050,28,009,"Mississippi","Benton County",5,63,124,64,60
050,28,009,"Mississippi","Benton County",5,64,105,54,51
050,28,009,"Mississippi","Benton County",5,65,116,52,64
050,28,009,"Mississippi","Benton County",5,66,96,48,48
050,28,009,"Mississippi","Benton County",5,67,98,53,45
050,28,009,"Mississippi","Benton County",5,68,87,40,47
050,28,009,"Mississippi","Benton County",5,69,99,43,56
050,28,009,"Mississippi","Benton County",5,70,86,44,42
050,28,009,"Mississippi","Benton County",5,71,74,37,37
050,28,009,"Mississippi","Benton County",5,72,87,42,45
050,28,009,"Mississippi","Benton County",5,73,79,37,42
050,28,009,"Mississippi","Benton County",5,74,76,42,34
050,28,009,"Mississippi","Benton County",5,75,82,42,40
050,28,009,"Mississippi","Benton County",5,76,90,36,54
050,28,009,"Mississippi","Benton County",5,77,53,25,28
050,28,009,"Mississippi","Benton County",5,78,43,17,26
050,28,009,"Mississippi","Benton County",5,79,36,18,18
050,28,009,"Mississippi","Benton County",5,80,41,19,22
050,28,009,"Mississippi","Benton County",5,81,47,24,23
050,28,009,"Mississippi","Benton County",5,82,46,20,26
050,28,009,"Mississippi","Benton County",5,83,31,13,18
050,28,009,"Mississippi","Benton County",5,84,27,11,16
050,28,009,"Mississippi","Benton County",5,85,134,57,77
050,28,011,"Mississippi","Bolivar County",1,0,405,204,201
050,28,011,"Mississippi","Bolivar County",1,1,395,201,194
050,28,011,"Mississippi","Bolivar County",1,2,407,211,196
050,28,011,"Mississippi","Bolivar County",1,3,423,226,197
050,28,011,"Mississippi","Bolivar County",1,4,409,212,197
050,28,011,"Mississippi","Bolivar County",1,5,417,199,218
050,28,011,"Mississippi","Bolivar County",1,6,422,224,198
050,28,011,"Mississippi","Bolivar County",1,7,451,235,216
050,28,011,"Mississippi","Bolivar County",1,8,466,232,234
050,28,011,"Mississippi","Bolivar County",1,9,472,243,229
050,28,011,"Mississippi","Bolivar County",1,10,443,240,203
050,28,011,"Mississippi","Bolivar County",1,11,429,213,216
050,28,011,"Mississippi","Bolivar County",1,12,450,217,233
050,28,011,"Mississippi","Bolivar County",1,13,470,244,226
050,28,011,"Mississippi","Bolivar County",1,14,432,209,223
050,28,011,"Mississippi","Bolivar County",1,15,409,204,205
050,28,011,"Mississippi","Bolivar County",1,16,392,198,194
050,28,011,"Mississippi","Bolivar County",1,17,387,173,214
050,28,011,"Mississippi","Bolivar County",1,18,421,203,218
050,28,011,"Mississippi","Bolivar County",1,19,457,201,256
050,28,011,"Mississippi","Bolivar County",1,20,441,205,236
050,28,011,"Mississippi","Bolivar County",1,21,446,215,231
050,28,011,"Mississippi","Bolivar County",1,22,437,224,213
050,28,011,"Mississippi","Bolivar County",1,23,417,203,214
050,28,011,"Mississippi","Bolivar County",1,24,373,188,185
050,28,011,"Mississippi","Bolivar County",1,25,383,198,185
050,28,011,"Mississippi","Bolivar County",1,26,377,190,187
050,28,011,"Mississippi","Bolivar County",1,27,395,202,193
050,28,011,"Mississippi","Bolivar County",1,28,423,206,217
050,28,011,"Mississippi","Bolivar County",1,29,437,210,227
050,28,011,"Mississippi","Bolivar County",1,30,453,239,214
050,28,011,"Mississippi","Bolivar County",1,31,431,199,232
050,28,011,"Mississippi","Bolivar County",1,32,417,205,212
050,28,011,"Mississippi","Bolivar County",1,33,411,202,209
050,28,011,"Mississippi","Bolivar County",1,34,383,182,201
050,28,011,"Mississippi","Bolivar County",1,35,361,171,190
050,28,011,"Mississippi","Bolivar County",1,36,420,217,203
050,28,011,"Mississippi","Bolivar County",1,37,381,182,199
050,28,011,"Mississippi","Bolivar County",1,38,390,180,210
050,28,011,"Mississippi","Bolivar County",1,39,397,200,197
050,28,011,"Mississippi","Bolivar County",1,40,353,172,181
050,28,011,"Mississippi","Bolivar County",1,41,355,168,187
050,28,011,"Mississippi","Bolivar County",1,42,344,168,176
050,28,011,"Mississippi","Bolivar County",1,43,309,138,171
050,28,011,"Mississippi","Bolivar County",1,44,292,131,161
050,28,011,"Mississippi","Bolivar County",1,45,324,152,172
050,28,011,"Mississippi","Bolivar County",1,46,330,144,186
050,28,011,"Mississippi","Bolivar County",1,47,345,160,185
050,28,011,"Mississippi","Bolivar County",1,48,384,179,205
050,28,011,"Mississippi","Bolivar County",1,49,377,166,211
050,28,011,"Mississippi","Bolivar County",1,50,353,161,192
050,28,011,"Mississippi","Bolivar County",1,51,365,176,189
050,28,011,"Mississippi","Bolivar County",1,52,369,170,199
050,28,011,"Mississippi","Bolivar County",1,53,346,162,184
050,28,011,"Mississippi","Bolivar County",1,54,361,168,193
050,28,011,"Mississippi","Bolivar County",1,55,393,181,212
050,28,011,"Mississippi","Bolivar County",1,56,405,190,215
050,28,011,"Mississippi","Bolivar County",1,57,395,178,217
050,28,011,"Mississippi","Bolivar County",1,58,383,177,206
050,28,011,"Mississippi","Bolivar County",1,59,424,192,232
050,28,011,"Mississippi","Bolivar County",1,60,422,198,224
050,28,011,"Mississippi","Bolivar County",1,61,373,164,209
050,28,011,"Mississippi","Bolivar County",1,62,369,164,205
050,28,011,"Mississippi","Bolivar County",1,63,377,160,217
050,28,011,"Mississippi","Bolivar County",1,64,379,168,211
050,28,011,"Mississippi","Bolivar County",1,65,375,177,198
050,28,011,"Mississippi","Bolivar County",1,66,347,144,203
050,28,011,"Mississippi","Bolivar County",1,67,346,154,192
050,28,011,"Mississippi","Bolivar County",1,68,377,166,211
050,28,011,"Mississippi","Bolivar County",1,69,343,157,186
050,28,011,"Mississippi","Bolivar County",1,70,310,129,181
050,28,011,"Mississippi","Bolivar County",1,71,332,147,185
050,28,011,"Mississippi","Bolivar County",1,72,315,129,186
050,28,011,"Mississippi","Bolivar County",1,73,309,140,169
050,28,011,"Mississippi","Bolivar County",1,74,222,98,124
050,28,011,"Mississippi","Bolivar County",1,75,189,70,119
050,28,011,"Mississippi","Bolivar County",1,76,186,75,111
050,28,011,"Mississippi","Bolivar County",1,77,206,88,118
050,28,011,"Mississippi","Bolivar County",1,78,157,67,90
050,28,011,"Mississippi","Bolivar County",1,79,137,54,83
050,28,011,"Mississippi","Bolivar County",1,80,124,56,68
050,28,011,"Mississippi","Bolivar County",1,81,127,50,77
050,28,011,"Mississippi","Bolivar County",1,82,103,41,62
050,28,011,"Mississippi","Bolivar County",1,83,81,40,41
050,28,011,"Mississippi","Bolivar County",1,84,74,25,49
050,28,011,"Mississippi","Bolivar County",1,85,463,100,363
050,28,011,"Mississippi","Bolivar County",2,0,396,196,200
050,28,011,"Mississippi","Bolivar County",2,1,396,201,195
050,28,011,"Mississippi","Bolivar County",2,2,407,211,196
050,28,011,"Mississippi","Bolivar County",2,3,417,220,197
050,28,011,"Mississippi","Bolivar County",2,4,411,214,197
050,28,011,"Mississippi","Bolivar County",2,5,415,201,214
050,28,011,"Mississippi","Bolivar County",2,6,419,218,201
050,28,011,"Mississippi","Bolivar County",2,7,437,229,208
050,28,011,"Mississippi","Bolivar County",2,8,458,232,226
050,28,011,"Mississippi","Bolivar County",2,9,468,240,228
050,28,011,"Mississippi","Bolivar County",2,10,447,239,208
050,28,011,"Mississippi","Bolivar County",2,11,427,215,212
050,28,011,"Mississippi","Bolivar County",2,12,446,217,229
050,28,011,"Mississippi","Bolivar County",2,13,466,238,228
050,28,011,"Mississippi","Bolivar County",2,14,438,217,221
050,28,011,"Mississippi","Bolivar County",2,15,412,204,208
050,28,011,"Mississippi","Bolivar County",2,16,397,199,198
050,28,011,"Mississippi","Bolivar County",2,17,386,178,208
050,28,011,"Mississippi","Bolivar County",2,18,416,197,219
050,28,011,"Mississippi","Bolivar County",2,19,450,198,252
050,28,011,"Mississippi","Bolivar County",2,20,449,207,242
050,28,011,"Mississippi","Bolivar County",2,21,444,213,231
050,28,011,"Mississippi","Bolivar County",2,22,442,224,218
050,28,011,"Mississippi","Bolivar County",2,23,416,205,211
050,28,011,"Mississippi","Bolivar County",2,24,377,189,188
050,28,011,"Mississippi","Bolivar County",2,25,372,190,182
050,28,011,"Mississippi","Bolivar County",2,26,375,191,184
050,28,011,"Mississippi","Bolivar County",2,27,386,198,188
050,28,011,"Mississippi","Bolivar County",2,28,412,203,209
050,28,011,"Mississippi","Bolivar County",2,29,430,209,221
050,28,011,"Mississippi","Bolivar County",2,30,447,231,216
050,28,011,"Mississippi","Bolivar County",2,31,431,204,227
050,28,011,"Mississippi","Bolivar County",2,32,416,201,215
050,28,011,"Mississippi","Bolivar County",2,33,408,201,207
050,28,011,"Mississippi","Bolivar County",2,34,385,185,200
050,28,011,"Mississippi","Bolivar County",2,35,363,171,192
050,28,011,"Mississippi","Bolivar County",2,36,404,207,197
050,28,011,"Mississippi","Bolivar County",2,37,386,186,200
050,28,011,"Mississippi","Bolivar County",2,38,391,184,207
050,28,011,"Mississippi","Bolivar County",2,39,388,193,195
050,28,011,"Mississippi","Bolivar County",2,40,364,179,185
050,28,011,"Mississippi","Bolivar County",2,41,353,169,184
050,28,011,"Mississippi","Bolivar County",2,42,342,166,176
050,28,011,"Mississippi","Bolivar County",2,43,319,145,174
050,28,011,"Mississippi","Bolivar County",2,44,289,131,158
050,28,011,"Mississippi","Bolivar County",2,45,318,149,169
050,28,011,"Mississippi","Bolivar County",2,46,329,147,182
050,28,011,"Mississippi","Bolivar County",2,47,336,154,182
050,28,011,"Mississippi","Bolivar County",2,48,370,172,198
050,28,011,"Mississippi","Bolivar County",2,49,380,170,210
050,28,011,"Mississippi","Bolivar County",2,50,354,159,195
050,28,011,"Mississippi","Bolivar County",2,51,357,171,186
050,28,011,"Mississippi","Bolivar County",2,52,368,169,199
050,28,011,"Mississippi","Bolivar County",2,53,353,167,186
050,28,011,"Mississippi","Bolivar County",2,54,355,164,191
050,28,011,"Mississippi","Bolivar County",2,55,382,178,204
050,28,011,"Mississippi","Bolivar County",2,56,403,189,214
050,28,011,"Mississippi","Bolivar County",2,57,399,180,219
050,28,011,"Mississippi","Bolivar County",2,58,382,177,205
050,28,011,"Mississippi","Bolivar County",2,59,413,186,227
050,28,011,"Mississippi","Bolivar County",2,60,419,195,224
050,28,011,"Mississippi","Bolivar County",2,61,387,175,212
050,28,011,"Mississippi","Bolivar County",2,62,360,158,202
050,28,011,"Mississippi","Bolivar County",2,63,376,163,213
050,28,011,"Mississippi","Bolivar County",2,64,373,164,209
050,28,011,"Mississippi","Bolivar County",2,65,370,171,199
050,28,011,"Mississippi","Bolivar County",2,66,358,154,204
050,28,011,"Mississippi","Bolivar County",2,67,340,150,190
050,28,011,"Mississippi","Bolivar County",2,68,364,161,203
050,28,011,"Mississippi","Bolivar County",2,69,348,156,192
050,28,011,"Mississippi","Bolivar County",2,70,312,133,179
050,28,011,"Mississippi","Bolivar County",2,71,319,139,180
050,28,011,"Mississippi","Bolivar County",2,72,310,128,182
050,28,011,"Mississippi","Bolivar County",2,73,320,142,178
050,28,011,"Mississippi","Bolivar County",2,74,230,102,128
050,28,011,"Mississippi","Bolivar County",2,75,196,76,120
050,28,011,"Mississippi","Bolivar County",2,76,179,71,108
050,28,011,"Mississippi","Bolivar County",2,77,203,86,117
050,28,011,"Mississippi","Bolivar County",2,78,159,68,91
050,28,011,"Mississippi","Bolivar County",2,79,144,58,86
050,28,011,"Mississippi","Bolivar County",2,80,124,54,70
050,28,011,"Mississippi","Bolivar County",2,81,126,52,74
050,28,011,"Mississippi","Bolivar County",2,82,106,43,63
050,28,011,"Mississippi","Bolivar County",2,83,83,39,44
050,28,011,"Mississippi","Bolivar County",2,84,70,25,45
050,28,011,"Mississippi","Bolivar County",2,85,462,95,367
050,28,011,"Mississippi","Bolivar County",3,0,403,205,198
050,28,011,"Mississippi","Bolivar County",3,1,362,176,186
050,28,011,"Mississippi","Bolivar County",3,2,369,182,187
050,28,011,"Mississippi","Bolivar County",3,3,377,196,181
050,28,011,"Mississippi","Bolivar County",3,4,391,204,187
050,28,011,"Mississippi","Bolivar County",3,5,431,220,211
050,28,011,"Mississippi","Bolivar County",3,6,405,189,216
050,28,011,"Mississippi","Bolivar County",3,7,401,207,194
050,28,011,"Mississippi","Bolivar County",3,8,440,227,213
050,28,011,"Mississippi","Bolivar County",3,9,448,229,219
050,28,011,"Mississippi","Bolivar County",3,10,458,232,226
050,28,011,"Mississippi","Bolivar County",3,11,449,233,216
050,28,011,"Mississippi","Bolivar County",3,12,430,208,222
050,28,011,"Mississippi","Bolivar County",3,13,447,218,229
050,28,011,"Mississippi","Bolivar County",3,14,461,234,227
050,28,011,"Mississippi","Bolivar County",3,15,420,207,213
050,28,011,"Mississippi","Bolivar County",3,16,399,205,194
050,28,011,"Mississippi","Bolivar County",3,17,391,187,204
050,28,011,"Mississippi","Bolivar County",3,18,403,193,210
050,28,011,"Mississippi","Bolivar County",3,19,415,190,225
050,28,011,"Mississippi","Bolivar County",3,20,445,205,240
050,28,011,"Mississippi","Bolivar County",3,21,454,213,241
050,28,011,"Mississippi","Bolivar County",3,22,437,226,211
050,28,011,"Mississippi","Bolivar County",3,23,417,220,197
050,28,011,"Mississippi","Bolivar County",3,24,400,191,209
050,28,011,"Mississippi","Bolivar County",3,25,350,178,172
050,28,011,"Mississippi","Bolivar County",3,26,359,179,180
050,28,011,"Mississippi","Bolivar County",3,27,352,178,174
050,28,011,"Mississippi","Bolivar County",3,28,377,188,189
050,28,011,"Mississippi","Bolivar County",3,29,416,204,212
050,28,011,"Mississippi","Bolivar County",3,30,412,202,210
050,28,011,"Mississippi","Bolivar County",3,31,411,200,211
050,28,011,"Mississippi","Bolivar County",3,32,426,216,210
050,28,011,"Mississippi","Bolivar County",3,33,405,195,210
050,28,011,"Mississippi","Bolivar County",3,34,393,196,197
050,28,011,"Mississippi","Bolivar County",3,35,376,178,198
050,28,011,"Mississippi","Bolivar County",3,36,366,173,193
050,28,011,"Mississippi","Bolivar County",3,37,389,194,195
050,28,011,"Mississippi","Bolivar County",3,38,374,188,186
050,28,011,"Mississippi","Bolivar County",3,39,382,177,205
050,28,011,"Mississippi","Bolivar County",3,40,380,190,190
050,28,011,"Mississippi","Bolivar County",3,41,351,165,186
050,28,011,"Mississippi","Bolivar County",3,42,343,161,182
050,28,011,"Mississippi","Bolivar County",3,43,336,157,179
050,28,011,"Mississippi","Bolivar County",3,44,312,149,163
050,28,011,"Mississippi","Bolivar County",3,45,282,125,157
050,28,011,"Mississippi","Bolivar County",3,46,328,155,173
050,28,011,"Mississippi","Bolivar County",3,47,322,142,180
050,28,011,"Mississippi","Bolivar County",3,48,330,151,179
050,28,011,"Mississippi","Bolivar County",3,49,363,171,192
050,28,011,"Mississippi","Bolivar County",3,50,377,169,208
050,28,011,"Mississippi","Bolivar County",3,51,339,159,180
050,28,011,"Mississippi","Bolivar County",3,52,350,160,190
050,28,011,"Mississippi","Bolivar County",3,53,365,170,195
050,28,011,"Mississippi","Bolivar County",3,54,334,153,181
050,28,011,"Mississippi","Bolivar County",3,55,340,155,185
050,28,011,"Mississippi","Bolivar County",3,56,375,172,203
050,28,011,"Mississippi","Bolivar County",3,57,384,171,213
050,28,011,"Mississippi","Bolivar County",3,58,382,174,208
050,28,011,"Mississippi","Bolivar County",3,59,369,168,201
050,28,011,"Mississippi","Bolivar County",3,60,391,174,217
050,28,011,"Mississippi","Bolivar County",3,61,407,190,217
050,28,011,"Mississippi","Bolivar County",3,62,376,165,211
050,28,011,"Mississippi","Bolivar County",3,63,351,151,200
050,28,011,"Mississippi","Bolivar County",3,64,363,156,207
050,28,011,"Mississippi","Bolivar County",3,65,354,149,205
050,28,011,"Mississippi","Bolivar County",3,66,351,160,191
050,28,011,"Mississippi","Bolivar County",3,67,340,145,195
050,28,011,"Mississippi","Bolivar County",3,68,328,144,184
050,28,011,"Mississippi","Bolivar County",3,69,355,157,198
050,28,011,"Mississippi","Bolivar County",3,70,331,143,188
050,28,011,"Mississippi","Bolivar County",3,71,291,120,171
050,28,011,"Mississippi","Bolivar County",3,72,292,130,162
050,28,011,"Mississippi","Bolivar County",3,73,291,114,177
050,28,011,"Mississippi","Bolivar County",3,74,298,131,167
050,28,011,"Mississippi","Bolivar County",3,75,219,98,121
050,28,011,"Mississippi","Bolivar County",3,76,173,67,106
050,28,011,"Mississippi","Bolivar County",3,77,173,71,102
050,28,011,"Mississippi","Bolivar County",3,78,190,77,113
050,28,011,"Mississippi","Bolivar County",3,79,155,65,90
050,28,011,"Mississippi","Bolivar County",3,80,119,45,74
050,28,011,"Mississippi","Bolivar County",3,81,123,50,73
050,28,011,"Mississippi","Bolivar County",3,82,111,52,59
050,28,011,"Mississippi","Bolivar County",3,83,99,39,60
050,28,011,"Mississippi","Bolivar County",3,84,67,35,32
050,28,011,"Mississippi","Bolivar County",3,85,450,88,362
050,28,011,"Mississippi","Bolivar County",4,0,397,188,209
050,28,011,"Mississippi","Bolivar County",4,1,393,202,191
050,28,011,"Mississippi","Bolivar County",4,2,339,164,175
050,28,011,"Mississippi","Bolivar County",4,3,359,170,189
050,28,011,"Mississippi","Bolivar County",4,4,360,187,173
050,28,011,"Mississippi","Bolivar County",4,5,379,196,183
050,28,011,"Mississippi","Bolivar County",4,6,412,215,197
050,28,011,"Mississippi","Bolivar County",4,7,397,196,201
050,28,011,"Mississippi","Bolivar County",4,8,389,206,183
050,28,011,"Mississippi","Bolivar County",4,9,425,222,203
050,28,011,"Mississippi","Bolivar County",4,10,439,217,222
050,28,011,"Mississippi","Bolivar County",4,11,441,225,216
050,28,011,"Mississippi","Bolivar County",4,12,431,223,208
050,28,011,"Mississippi","Bolivar County",4,13,429,210,219
050,28,011,"Mississippi","Bolivar County",4,14,442,212,230
050,28,011,"Mississippi","Bolivar County",4,15,458,230,228
050,28,011,"Mississippi","Bolivar County",4,16,395,195,200
050,28,011,"Mississippi","Bolivar County",4,17,392,200,192
050,28,011,"Mississippi","Bolivar County",4,18,400,192,208
050,28,011,"Mississippi","Bolivar County",4,19,398,174,224
050,28,011,"Mississippi","Bolivar County",4,20,391,189,202
050,28,011,"Mississippi","Bolivar County",4,21,436,202,234
050,28,011,"Mississippi","Bolivar County",4,22,443,217,226
050,28,011,"Mississippi","Bolivar County",4,23,423,224,199
050,28,011,"Mississippi","Bolivar County",4,24,390,200,190
050,28,011,"Mississippi","Bolivar County",4,25,369,170,199
050,28,011,"Mississippi","Bolivar County",4,26,339,176,163
050,28,011,"Mississippi","Bolivar County",4,27,336,168,168
050,28,011,"Mississippi","Bolivar County",4,28,328,164,164
050,28,011,"Mississippi","Bolivar County",4,29,365,181,184
050,28,011,"Mississippi","Bolivar County",4,30,398,190,208
050,28,011,"Mississippi","Bolivar County",4,31,385,185,200
050,28,011,"Mississippi","Bolivar County",4,32,412,206,206
050,28,011,"Mississippi","Bolivar County",4,33,389,190,199
050,28,011,"Mississippi","Bolivar County",4,34,376,178,198
050,28,011,"Mississippi","Bolivar County",4,35,372,180,192
050,28,011,"Mississippi","Bolivar County",4,36,377,189,188
050,28,011,"Mississippi","Bolivar County",4,37,355,161,194
050,28,011,"Mississippi","Bolivar County",4,38,372,185,187
050,28,011,"Mississippi","Bolivar County",4,39,369,184,185
050,28,011,"Mississippi","Bolivar County",4,40,370,169,201
050,28,011,"Mississippi","Bolivar County",4,41,378,190,188
050,28,011,"Mississippi","Bolivar County",4,42,348,165,183
050,28,011,"Mississippi","Bolivar County",4,43,329,145,184
050,28,011,"Mississippi","Bolivar County",4,44,326,155,171
050,28,011,"Mississippi","Bolivar County",4,45,304,139,165
050,28,011,"Mississippi","Bolivar County",4,46,282,127,155
050,28,011,"Mississippi","Bolivar County",4,47,315,155,160
050,28,011,"Mississippi","Bolivar County",4,48,306,136,170
050,28,011,"Mississippi","Bolivar County",4,49,328,152,176
050,28,011,"Mississippi","Bolivar County",4,50,336,152,184
050,28,011,"Mississippi","Bolivar County",4,51,372,169,203
050,28,011,"Mississippi","Bolivar County",4,52,342,149,193
050,28,011,"Mississippi","Bolivar County",4,53,342,165,177
050,28,011,"Mississippi","Bolivar County",4,54,353,161,192
050,28,011,"Mississippi","Bolivar County",4,55,316,143,173
050,28,011,"Mississippi","Bolivar County",4,56,343,158,185
050,28,011,"Mississippi","Bolivar County",4,57,370,163,207
050,28,011,"Mississippi","Bolivar County",4,58,372,170,202
050,28,011,"Mississippi","Bolivar County",4,59,372,163,209
050,28,011,"Mississippi","Bolivar County",4,60,360,164,196
050,28,011,"Mississippi","Bolivar County",4,61,374,167,207
050,28,011,"Mississippi","Bolivar County",4,62,392,174,218
050,28,011,"Mississippi","Bolivar County",4,63,360,162,198
050,28,011,"Mississippi","Bolivar County",4,64,338,142,196
050,28,011,"Mississippi","Bolivar County",4,65,334,139,195
050,28,011,"Mississippi","Bolivar County",4,66,348,151,197
050,28,011,"Mississippi","Bolivar County",4,67,335,147,188
050,28,011,"Mississippi","Bolivar County",4,68,331,140,191
050,28,011,"Mississippi","Bolivar County",4,69,319,138,181
050,28,011,"Mississippi","Bolivar County",4,70,339,144,195
050,28,011,"Mississippi","Bolivar County",4,71,329,142,187
050,28,011,"Mississippi","Bolivar County",4,72,271,109,162
050,28,011,"Mississippi","Bolivar County",4,73,279,119,160
050,28,011,"Mississippi","Bolivar County",4,74,272,105,167
050,28,011,"Mississippi","Bolivar County",4,75,282,118,164
050,28,011,"Mississippi","Bolivar County",4,76,196,92,104
050,28,011,"Mississippi","Bolivar County",4,77,171,68,103
050,28,011,"Mississippi","Bolivar County",4,78,157,62,95
050,28,011,"Mississippi","Bolivar County",4,79,188,75,113
050,28,011,"Mississippi","Bolivar County",4,80,130,52,78
050,28,011,"Mississippi","Bolivar County",4,81,126,47,79
050,28,011,"Mississippi","Bolivar County",4,82,110,50,60
050,28,011,"Mississippi","Bolivar County",4,83,102,45,57
050,28,011,"Mississippi","Bolivar County",4,84,80,30,50
050,28,011,"Mississippi","Bolivar County",4,85,434,95,339
050,28,011,"Mississippi","Bolivar County",5,0,400,188,212
050,28,011,"Mississippi","Bolivar County",5,1,393,198,195
050,28,011,"Mississippi","Bolivar County",5,2,380,188,192
050,28,011,"Mississippi","Bolivar County",5,3,352,165,187
050,28,011,"Mississippi","Bolivar County",5,4,364,173,191
050,28,011,"Mississippi","Bolivar County",5,5,357,189,168
050,28,011,"Mississippi","Bolivar County",5,6,365,188,177
050,28,011,"Mississippi","Bolivar County",5,7,397,207,190
050,28,011,"Mississippi","Bolivar County",5,8,385,193,192
050,28,011,"Mississippi","Bolivar County",5,9,380,199,181
050,28,011,"Mississippi","Bolivar County",5,10,419,221,198
050,28,011,"Mississippi","Bolivar County",5,11,427,213,214
050,28,011,"Mississippi","Bolivar County",5,12,422,218,204
050,28,011,"Mississippi","Bolivar County",5,13,429,224,205
050,28,011,"Mississippi","Bolivar County",5,14,413,208,205
050,28,011,"Mississippi","Bolivar County",5,15,430,201,229
050,28,011,"Mississippi","Bolivar County",5,16,448,221,227
050,28,011,"Mississippi","Bolivar County",5,17,370,182,188
050,28,011,"Mississippi","Bolivar County",5,18,398,201,197
050,28,011,"Mississippi","Bolivar County",5,19,396,175,221
050,28,011,"Mississippi","Bolivar County",5,20,393,174,219
050,28,011,"Mississippi","Bolivar County",5,21,387,190,197
050,28,011,"Mississippi","Bolivar County",5,22,432,209,223
050,28,011,"Mississippi","Bolivar County",5,23,417,186,231
050,28,011,"Mississippi","Bolivar County",5,24,386,197,189
050,28,011,"Mississippi","Bolivar County",5,25,365,188,177
050,28,011,"Mississippi","Bolivar County",5,26,365,174,191
050,28,011,"Mississippi","Bolivar County",5,27,304,151,153
050,28,011,"Mississippi","Bolivar County",5,28,317,152,165
050,28,011,"Mississippi","Bolivar County",5,29,325,169,156
050,28,011,"Mississippi","Bolivar County",5,30,351,170,181
050,28,011,"Mississippi","Bolivar County",5,31,381,179,202
050,28,011,"Mississippi","Bolivar County",5,32,379,185,194
050,28,011,"Mississippi","Bolivar County",5,33,392,199,193
050,28,011,"Mississippi","Bolivar County",5,34,373,176,197
050,28,011,"Mississippi","Bolivar County",5,35,366,168,198
050,28,011,"Mississippi","Bolivar County",5,36,397,204,193
050,28,011,"Mississippi","Bolivar County",5,37,347,171,176
050,28,011,"Mississippi","Bolivar County",5,38,355,166,189
050,28,011,"Mississippi","Bolivar County",5,39,359,179,180
050,28,011,"Mississippi","Bolivar County",5,40,369,186,183
050,28,011,"Mississippi","Bolivar County",5,41,374,166,208
050,28,011,"Mississippi","Bolivar County",5,42,371,188,183
050,28,011,"Mississippi","Bolivar County",5,43,344,153,191
050,28,011,"Mississippi","Bolivar County",5,44,322,143,179
050,28,011,"Mississippi","Bolivar County",5,45,313,144,169
050,28,011,"Mississippi","Bolivar County",5,46,297,138,159
050,28,011,"Mississippi","Bolivar County",5,47,262,117,145
050,28,011,"Mississippi","Bolivar County",5,48,306,147,159
050,28,011,"Mississippi","Bolivar County",5,49,313,142,171
050,28,011,"Mississippi","Bolivar County",5,50,314,142,172
050,28,011,"Mississippi","Bolivar County",5,51,331,154,177
050,28,011,"Mississippi","Bolivar County",5,52,373,158,215
050,28,011,"Mississippi","Bolivar County",5,53,336,159,177
050,28,011,"Mississippi","Bolivar County",5,54,331,156,175
050,28,011,"Mississippi","Bolivar County",5,55,345,153,192
050,28,011,"Mississippi","Bolivar County",5,56,314,145,169
050,28,011,"Mississippi","Bolivar County",5,57,342,151,191
050,28,011,"Mississippi","Bolivar County",5,58,367,165,202
050,28,011,"Mississippi","Bolivar County",5,59,361,160,201
050,28,011,"Mississippi","Bolivar County",5,60,364,157,207
050,28,011,"Mississippi","Bolivar County",5,61,354,163,191
050,28,011,"Mississippi","Bolivar County",5,62,365,159,206
050,28,011,"Mississippi","Bolivar County",5,63,392,172,220
050,28,011,"Mississippi","Bolivar County",5,64,353,160,193
050,28,011,"Mississippi","Bolivar County",5,65,318,133,185
050,28,011,"Mississippi","Bolivar County",5,66,326,137,189
050,28,011,"Mississippi","Bolivar County",5,67,328,141,187
050,28,011,"Mississippi","Bolivar County",5,68,327,144,183
050,28,011,"Mississippi","Bolivar County",5,69,320,131,189
050,28,011,"Mississippi","Bolivar County",5,70,303,126,177
050,28,011,"Mississippi","Bolivar County",5,71,325,138,187
050,28,011,"Mississippi","Bolivar County",5,72,312,134,178
050,28,011,"Mississippi","Bolivar County",5,73,266,101,165
050,28,011,"Mississippi","Bolivar County",5,74,261,112,149
050,28,011,"Mississippi","Bolivar County",5,75,259,94,165
050,28,011,"Mississippi","Bolivar County",5,76,258,112,146
050,28,011,"Mississippi","Bolivar County",5,77,191,90,101
050,28,011,"Mississippi","Bolivar County",5,78,150,57,93
050,28,011,"Mississippi","Bolivar County",5,79,162,63,99
050,28,011,"Mississippi","Bolivar County",5,80,162,61,101
050,28,011,"Mississippi","Bolivar County",5,81,132,51,81
050,28,011,"Mississippi","Bolivar County",5,82,110,48,62
050,28,011,"Mississippi","Bolivar County",5,83,101,42,59
050,28,011,"Mississippi","Bolivar County",5,84,84,37,47
050,28,011,"Mississippi","Bolivar County",5,85,444,101,343
050,28,013,"Mississippi","Calhoun County",1,0,154,80,74
050,28,013,"Mississippi","Calhoun County",1,1,152,83,69
050,28,013,"Mississippi","Calhoun County",1,2,136,64,72
050,28,013,"Mississippi","Calhoun County",1,3,128,67,61
050,28,013,"Mississippi","Calhoun County",1,4,159,87,72
050,28,013,"Mississippi","Calhoun County",1,5,149,72,77
050,28,013,"Mississippi","Calhoun County",1,6,148,72,76
050,28,013,"Mississippi","Calhoun County",1,7,158,71,87
050,28,013,"Mississippi","Calhoun County",1,8,165,88,77
050,28,013,"Mississippi","Calhoun County",1,9,154,81,73
050,28,013,"Mississippi","Calhoun County",1,10,173,91,82
050,28,013,"Mississippi","Calhoun County",1,11,181,97,84
050,28,013,"Mississippi","Calhoun County",1,12,186,107,79
050,28,013,"Mississippi","Calhoun County",1,13,204,110,94
050,28,013,"Mississippi","Calhoun County",1,14,191,109,82
050,28,013,"Mississippi","Calhoun County",1,15,178,94,84
050,28,013,"Mississippi","Calhoun County",1,16,198,98,100
050,28,013,"Mississippi","Calhoun County",1,17,196,106,90
050,28,013,"Mississippi","Calhoun County",1,18,166,91,75
050,28,013,"Mississippi","Calhoun County",1,19,126,59,67
050,28,013,"Mississippi","Calhoun County",1,20,141,73,68
050,28,013,"Mississippi","Calhoun County",1,21,149,74,75
050,28,013,"Mississippi","Calhoun County",1,22,153,84,69
050,28,013,"Mississippi","Calhoun County",1,23,153,75,78
050,28,013,"Mississippi","Calhoun County",1,24,140,71,69
050,28,013,"Mississippi","Calhoun County",1,25,149,79,70
050,28,013,"Mississippi","Calhoun County",1,26,157,78,79
050,28,013,"Mississippi","Calhoun County",1,27,147,68,79
050,28,013,"Mississippi","Calhoun County",1,28,148,72,76
050,28,013,"Mississippi","Calhoun County",1,29,155,77,78
050,28,013,"Mississippi","Calhoun County",1,30,151,73,78
050,28,013,"Mississippi","Calhoun County",1,31,142,70,72
050,28,013,"Mississippi","Calhoun County",1,32,147,78,69
050,28,013,"Mississippi","Calhoun County",1,33,131,66,65
050,28,013,"Mississippi","Calhoun County",1,34,134,71,63
050,28,013,"Mississippi","Calhoun County",1,35,143,76,67
050,28,013,"Mississippi","Calhoun County",1,36,139,71,68
050,28,013,"Mississippi","Calhoun County",1,37,165,87,78
050,28,013,"Mississippi","Calhoun County",1,38,157,83,74
050,28,013,"Mississippi","Calhoun County",1,39,164,76,88
050,28,013,"Mississippi","Calhoun County",1,40,144,66,78
050,28,013,"Mississippi","Calhoun County",1,41,137,69,68
050,28,013,"Mississippi","Calhoun County",1,42,145,74,71
050,28,013,"Mississippi","Calhoun County",1,43,149,67,82
050,28,013,"Mississippi","Calhoun County",1,44,155,72,83
050,28,013,"Mississippi","Calhoun County",1,45,155,78,77
050,28,013,"Mississippi","Calhoun County",1,46,165,82,83
050,28,013,"Mississippi","Calhoun County",1,47,172,77,95
050,28,013,"Mississippi","Calhoun County",1,48,185,94,91
050,28,013,"Mississippi","Calhoun County",1,49,191,99,92
050,28,013,"Mississippi","Calhoun County",1,50,185,89,96
050,28,013,"Mississippi","Calhoun County",1,51,183,77,106
050,28,013,"Mississippi","Calhoun County",1,52,201,88,113
050,28,013,"Mississippi","Calhoun County",1,53,194,101,93
050,28,013,"Mississippi","Calhoun County",1,54,168,84,84
050,28,013,"Mississippi","Calhoun County",1,55,169,80,89
050,28,013,"Mississippi","Calhoun County",1,56,177,73,104
050,28,013,"Mississippi","Calhoun County",1,57,184,84,100
050,28,013,"Mississippi","Calhoun County",1,58,191,90,101
050,28,013,"Mississippi","Calhoun County",1,59,180,80,100
050,28,013,"Mississippi","Calhoun County",1,60,183,84,99
050,28,013,"Mississippi","Calhoun County",1,61,196,97,99
050,28,013,"Mississippi","Calhoun County",1,62,176,80,96
050,28,013,"Mississippi","Calhoun County",1,63,187,96,91
050,28,013,"Mississippi","Calhoun County",1,64,192,87,105
050,28,013,"Mississippi","Calhoun County",1,65,177,85,92
050,28,013,"Mississippi","Calhoun County",1,66,181,84,97
050,28,013,"Mississippi","Calhoun County",1,67,160,75,85
050,28,013,"Mississippi","Calhoun County",1,68,167,87,80
050,28,013,"Mississippi","Calhoun County",1,69,150,73,77
050,28,013,"Mississippi","Calhoun County",1,70,155,81,74
050,28,013,"Mississippi","Calhoun County",1,71,150,76,74
050,28,013,"Mississippi","Calhoun County",1,72,126,55,71
050,28,013,"Mississippi","Calhoun County",1,73,124,56,68
050,28,013,"Mississippi","Calhoun County",1,74,91,48,43
050,28,013,"Mississippi","Calhoun County",1,75,91,37,54
050,28,013,"Mississippi","Calhoun County",1,76,92,39,53
050,28,013,"Mississippi","Calhoun County",1,77,111,45,66
050,28,013,"Mississippi","Calhoun County",1,78,93,41,52
050,28,013,"Mississippi","Calhoun County",1,79,85,36,49
050,28,013,"Mississippi","Calhoun County",1,80,76,30,46
050,28,013,"Mississippi","Calhoun County",1,81,76,24,52
050,28,013,"Mississippi","Calhoun County",1,82,61,23,38
050,28,013,"Mississippi","Calhoun County",1,83,53,19,34
050,28,013,"Mississippi","Calhoun County",1,84,57,24,33
050,28,013,"Mississippi","Calhoun County",1,85,356,99,257
050,28,013,"Mississippi","Calhoun County",2,0,148,82,66
050,28,013,"Mississippi","Calhoun County",2,1,153,83,70
050,28,013,"Mississippi","Calhoun County",2,2,139,68,71
050,28,013,"Mississippi","Calhoun County",2,3,130,68,62
050,28,013,"Mississippi","Calhoun County",2,4,151,83,68
050,28,013,"Mississippi","Calhoun County",2,5,150,75,75
050,28,013,"Mississippi","Calhoun County",2,6,151,73,78
050,28,013,"Mississippi","Calhoun County",2,7,154,71,83
050,28,013,"Mississippi","Calhoun County",2,8,160,82,78
050,28,013,"Mississippi","Calhoun County",2,9,156,83,73
050,28,013,"Mississippi","Calhoun County",2,10,166,87,79
050,28,013,"Mississippi","Calhoun County",2,11,177,95,82
050,28,013,"Mississippi","Calhoun County",2,12,186,106,80
050,28,013,"Mississippi","Calhoun County",2,13,197,108,89
050,28,013,"Mississippi","Calhoun County",2,14,192,108,84
050,28,013,"Mississippi","Calhoun County",2,15,180,95,85
050,28,013,"Mississippi","Calhoun County",2,16,194,97,97
050,28,013,"Mississippi","Calhoun County",2,17,196,104,92
050,28,013,"Mississippi","Calhoun County",2,18,168,92,76
050,28,013,"Mississippi","Calhoun County",2,19,129,63,66
050,28,013,"Mississippi","Calhoun County",2,20,144,74,70
050,28,013,"Mississippi","Calhoun County",2,21,147,73,74
050,28,013,"Mississippi","Calhoun County",2,22,155,81,74
050,28,013,"Mississippi","Calhoun County",2,23,155,78,77
050,28,013,"Mississippi","Calhoun County",2,24,142,73,69
050,28,013,"Mississippi","Calhoun County",2,25,148,78,70
050,28,013,"Mississippi","Calhoun County",2,26,154,75,79
050,28,013,"Mississippi","Calhoun County",2,27,148,70,78
050,28,013,"Mississippi","Calhoun County",2,28,151,73,78
050,28,013,"Mississippi","Calhoun County",2,29,152,75,77
050,28,013,"Mississippi","Calhoun County",2,30,152,74,78
050,28,013,"Mississippi","Calhoun County",2,31,145,71,74
050,28,013,"Mississippi","Calhoun County",2,32,145,76,69
050,28,013,"Mississippi","Calhoun County",2,33,133,68,65
050,28,013,"Mississippi","Calhoun County",2,34,132,69,63
050,28,013,"Mississippi","Calhoun County",2,35,143,77,66
050,28,013,"Mississippi","Calhoun County",2,36,138,71,67
050,28,013,"Mississippi","Calhoun County",2,37,158,83,75
050,28,013,"Mississippi","Calhoun County",2,38,158,83,75
050,28,013,"Mississippi","Calhoun County",2,39,160,76,84
050,28,013,"Mississippi","Calhoun County",2,40,148,68,80
050,28,013,"Mississippi","Calhoun County",2,41,137,67,70
050,28,013,"Mississippi","Calhoun County",2,42,143,72,71
050,28,013,"Mississippi","Calhoun County",2,43,151,71,80
050,28,013,"Mississippi","Calhoun County",2,44,150,69,81
050,28,013,"Mississippi","Calhoun County",2,45,153,75,78
050,28,013,"Mississippi","Calhoun County",2,46,160,79,81
050,28,013,"Mississippi","Calhoun County",2,47,168,77,91
050,28,013,"Mississippi","Calhoun County",2,48,183,90,93
050,28,013,"Mississippi","Calhoun County",2,49,190,99,91
050,28,013,"Mississippi","Calhoun County",2,50,187,91,96
050,28,013,"Mississippi","Calhoun County",2,51,180,79,101
050,28,013,"Mississippi","Calhoun County",2,52,197,86,111
050,28,013,"Mississippi","Calhoun County",2,53,195,97,98
050,28,013,"Mississippi","Calhoun County",2,54,176,88,88
050,28,013,"Mississippi","Calhoun County",2,55,168,80,88
050,28,013,"Mississippi","Calhoun County",2,56,177,75,102
050,28,013,"Mississippi","Calhoun County",2,57,183,83,100
050,28,013,"Mississippi","Calhoun County",2,58,189,89,100
050,28,013,"Mississippi","Calhoun County",2,59,185,83,102
050,28,013,"Mississippi","Calhoun County",2,60,179,79,100
050,28,013,"Mississippi","Calhoun County",2,61,190,92,98
050,28,013,"Mississippi","Calhoun County",2,62,179,83,96
050,28,013,"Mississippi","Calhoun County",2,63,188,95,93
050,28,013,"Mississippi","Calhoun County",2,64,189,88,101
050,28,013,"Mississippi","Calhoun County",2,65,179,85,94
050,28,013,"Mississippi","Calhoun County",2,66,180,84,96
050,28,013,"Mississippi","Calhoun County",2,67,162,76,86
050,28,013,"Mississippi","Calhoun County",2,68,163,82,81
050,28,013,"Mississippi","Calhoun County",2,69,156,77,79
050,28,013,"Mississippi","Calhoun County",2,70,154,79,75
050,28,013,"Mississippi","Calhoun County",2,71,152,77,75
050,28,013,"Mississippi","Calhoun County",2,72,128,58,70
050,28,013,"Mississippi","Calhoun County",2,73,127,58,69
050,28,013,"Mississippi","Calhoun County",2,74,89,43,46
050,28,013,"Mississippi","Calhoun County",2,75,90,38,52
050,28,013,"Mississippi","Calhoun County",2,76,87,37,50
050,28,013,"Mississippi","Calhoun County",2,77,109,44,65
050,28,013,"Mississippi","Calhoun County",2,78,93,40,53
050,28,013,"Mississippi","Calhoun County",2,79,86,36,50
050,28,013,"Mississippi","Calhoun County",2,80,77,32,45
050,28,013,"Mississippi","Calhoun County",2,81,75,24,51
050,28,013,"Mississippi","Calhoun County",2,82,62,23,39
050,28,013,"Mississippi","Calhoun County",2,83,56,20,36
050,28,013,"Mississippi","Calhoun County",2,84,53,23,30
050,28,013,"Mississippi","Calhoun County",2,85,359,101,258
050,28,013,"Mississippi","Calhoun County",3,0,152,77,75
050,28,013,"Mississippi","Calhoun County",3,1,140,77,63
050,28,013,"Mississippi","Calhoun County",3,2,143,76,67
050,28,013,"Mississippi","Calhoun County",3,3,129,64,65
050,28,013,"Mississippi","Calhoun County",3,4,124,64,60
050,28,013,"Mississippi","Calhoun County",3,5,146,84,62
050,28,013,"Mississippi","Calhoun County",3,6,150,73,77
050,28,013,"Mississippi","Calhoun County",3,7,147,70,77
050,28,013,"Mississippi","Calhoun County",3,8,151,77,74
050,28,013,"Mississippi","Calhoun County",3,9,157,79,78
050,28,013,"Mississippi","Calhoun County",3,10,155,85,70
050,28,013,"Mississippi","Calhoun County",3,11,163,83,80
050,28,013,"Mississippi","Calhoun County",3,12,177,95,82
050,28,013,"Mississippi","Calhoun County",3,13,186,100,86
050,28,013,"Mississippi","Calhoun County",3,14,195,106,89
050,28,013,"Mississippi","Calhoun County",3,15,187,106,81
050,28,013,"Mississippi","Calhoun County",3,16,182,96,86
050,28,013,"Mississippi","Calhoun County",3,17,195,98,97
050,28,013,"Mississippi","Calhoun County",3,18,166,89,77
050,28,013,"Mississippi","Calhoun County",3,19,143,82,61
050,28,013,"Mississippi","Calhoun County",3,20,142,74,68
050,28,013,"Mississippi","Calhoun County",3,21,141,70,71
050,28,013,"Mississippi","Calhoun County",3,22,149,74,75
050,28,013,"Mississippi","Calhoun County",3,23,149,77,72
050,28,013,"Mississippi","Calhoun County",3,24,158,85,73
050,28,013,"Mississippi","Calhoun County",3,25,131,73,58
050,28,013,"Mississippi","Calhoun County",3,26,140,67,73
050,28,013,"Mississippi","Calhoun County",3,27,153,69,84
050,28,013,"Mississippi","Calhoun County",3,28,152,77,75
050,28,013,"Mississippi","Calhoun County",3,29,138,66,72
050,28,013,"Mississippi","Calhoun County",3,30,149,76,73
050,28,013,"Mississippi","Calhoun County",3,31,138,64,74
050,28,013,"Mississippi","Calhoun County",3,32,140,69,71
050,28,013,"Mississippi","Calhoun County",3,33,149,80,69
050,28,013,"Mississippi","Calhoun County",3,34,132,67,65
050,28,013,"Mississippi","Calhoun County",3,35,132,71,61
050,28,013,"Mississippi","Calhoun County",3,36,128,69,59
050,28,013,"Mississippi","Calhoun County",3,37,137,73,64
050,28,013,"Mississippi","Calhoun County",3,38,155,80,75
050,28,013,"Mississippi","Calhoun County",3,39,154,81,73
050,28,013,"Mississippi","Calhoun County",3,40,164,79,85
050,28,013,"Mississippi","Calhoun County",3,41,143,67,76
050,28,013,"Mississippi","Calhoun County",3,42,140,71,69
050,28,013,"Mississippi","Calhoun County",3,43,147,73,74
050,28,013,"Mississippi","Calhoun County",3,44,142,67,75
050,28,013,"Mississippi","Calhoun County",3,45,154,71,83
050,28,013,"Mississippi","Calhoun County",3,46,144,71,73
050,28,013,"Mississippi","Calhoun County",3,47,159,79,80
050,28,013,"Mississippi","Calhoun County",3,48,168,76,92
050,28,013,"Mississippi","Calhoun County",3,49,179,92,87
050,28,013,"Mississippi","Calhoun County",3,50,185,97,88
050,28,013,"Mississippi","Calhoun County",3,51,186,90,96
050,28,013,"Mississippi","Calhoun County",3,52,176,80,96
050,28,013,"Mississippi","Calhoun County",3,53,191,83,108
050,28,013,"Mississippi","Calhoun County",3,54,198,99,99
050,28,013,"Mississippi","Calhoun County",3,55,173,87,86
050,28,013,"Mississippi","Calhoun County",3,56,164,77,87
050,28,013,"Mississippi","Calhoun County",3,57,173,75,98
050,28,013,"Mississippi","Calhoun County",3,58,181,79,102
050,28,013,"Mississippi","Calhoun County",3,59,189,87,102
050,28,013,"Mississippi","Calhoun County",3,60,172,77,95
050,28,013,"Mississippi","Calhoun County",3,61,179,76,103
050,28,013,"Mississippi","Calhoun County",3,62,180,85,95
050,28,013,"Mississippi","Calhoun County",3,63,177,86,91
050,28,013,"Mississippi","Calhoun County",3,64,181,87,94
050,28,013,"Mississippi","Calhoun County",3,65,183,86,97
050,28,013,"Mississippi","Calhoun County",3,66,174,83,91
050,28,013,"Mississippi","Calhoun County",3,67,165,77,88
050,28,013,"Mississippi","Calhoun County",3,68,156,73,83
050,28,013,"Mississippi","Calhoun County",3,69,169,84,85
050,28,013,"Mississippi","Calhoun County",3,70,153,76,77
050,28,013,"Mississippi","Calhoun County",3,71,154,77,77
050,28,013,"Mississippi","Calhoun County",3,72,136,67,69
050,28,013,"Mississippi","Calhoun County",3,73,123,55,68
050,28,013,"Mississippi","Calhoun County",3,74,121,54,67
050,28,013,"Mississippi","Calhoun County",3,75,87,38,49
050,28,013,"Mississippi","Calhoun County",3,76,81,35,46
050,28,013,"Mississippi","Calhoun County",3,77,88,36,52
050,28,013,"Mississippi","Calhoun County",3,78,90,37,53
050,28,013,"Mississippi","Calhoun County",3,79,95,37,58
050,28,013,"Mississippi","Calhoun County",3,80,76,34,42
050,28,013,"Mississippi","Calhoun County",3,81,76,28,48
050,28,013,"Mississippi","Calhoun County",3,82,64,20,44
050,28,013,"Mississippi","Calhoun County",3,83,62,20,42
050,28,013,"Mississippi","Calhoun County",3,84,44,20,24
050,28,013,"Mississippi","Calhoun County",3,85,364,106,258
050,28,013,"Mississippi","Calhoun County",4,0,163,88,75
050,28,013,"Mississippi","Calhoun County",4,1,163,84,79
050,28,013,"Mississippi","Calhoun County",4,2,135,74,61
050,28,013,"Mississippi","Calhoun County",4,3,146,81,65
050,28,013,"Mississippi","Calhoun County",4,4,132,60,72
050,28,013,"Mississippi","Calhoun County",4,5,121,62,59
050,28,013,"Mississippi","Calhoun County",4,6,154,87,67
050,28,013,"Mississippi","Calhoun County",4,7,147,72,75
050,28,013,"Mississippi","Calhoun County",4,8,145,69,76
050,28,013,"Mississippi","Calhoun County",4,9,141,72,69
050,28,013,"Mississippi","Calhoun County",4,10,152,75,77
050,28,013,"Mississippi","Calhoun County",4,11,156,88,68
050,28,013,"Mississippi","Calhoun County",4,12,161,83,78
050,28,013,"Mississippi","Calhoun County",4,13,176,94,82
050,28,013,"Mississippi","Calhoun County",4,14,182,96,86
050,28,013,"Mississippi","Calhoun County",4,15,191,104,87
050,28,013,"Mississippi","Calhoun County",4,16,188,106,82
050,28,013,"Mississippi","Calhoun County",4,17,182,96,86
050,28,013,"Mississippi","Calhoun County",4,18,157,80,77
050,28,013,"Mississippi","Calhoun County",4,19,131,69,62
050,28,013,"Mississippi","Calhoun County",4,20,164,94,70
050,28,013,"Mississippi","Calhoun County",4,21,145,72,73
050,28,013,"Mississippi","Calhoun County",4,22,148,77,71
050,28,013,"Mississippi","Calhoun County",4,23,144,70,74
050,28,013,"Mississippi","Calhoun County",4,24,154,78,76
050,28,013,"Mississippi","Calhoun County",4,25,166,88,78
050,28,013,"Mississippi","Calhoun County",4,26,122,66,56
050,28,013,"Mississippi","Calhoun County",4,27,139,71,68
050,28,013,"Mississippi","Calhoun County",4,28,154,74,80
050,28,013,"Mississippi","Calhoun County",4,29,147,66,81
050,28,013,"Mississippi","Calhoun County",4,30,136,66,70
050,28,013,"Mississippi","Calhoun County",4,31,146,75,71
050,28,013,"Mississippi","Calhoun County",4,32,130,60,70
050,28,013,"Mississippi","Calhoun County",4,33,138,66,72
050,28,013,"Mississippi","Calhoun County",4,34,146,78,68
050,28,013,"Mississippi","Calhoun County",4,35,135,71,64
050,28,013,"Mississippi","Calhoun County",4,36,129,72,57
050,28,013,"Mississippi","Calhoun County",4,37,128,66,62
050,28,013,"Mississippi","Calhoun County",4,38,141,73,68
050,28,013,"Mississippi","Calhoun County",4,39,153,79,74
050,28,013,"Mississippi","Calhoun County",4,40,158,82,76
050,28,013,"Mississippi","Calhoun County",4,41,159,76,83
050,28,013,"Mississippi","Calhoun County",4,42,140,62,78
050,28,013,"Mississippi","Calhoun County",4,43,153,81,72
050,28,013,"Mississippi","Calhoun County",4,44,132,66,66
050,28,013,"Mississippi","Calhoun County",4,45,151,74,77
050,28,013,"Mississippi","Calhoun County",4,46,144,66,78
050,28,013,"Mississippi","Calhoun County",4,47,144,68,76
050,28,013,"Mississippi","Calhoun County",4,48,160,78,82
050,28,013,"Mississippi","Calhoun County",4,49,166,77,89
050,28,013,"Mississippi","Calhoun County",4,50,182,95,87
050,28,013,"Mississippi","Calhoun County",4,51,185,95,90
050,28,013,"Mississippi","Calhoun County",4,52,187,88,99
050,28,013,"Mississippi","Calhoun County",4,53,171,81,90
050,28,013,"Mississippi","Calhoun County",4,54,191,84,107
050,28,013,"Mississippi","Calhoun County",4,55,191,97,94
050,28,013,"Mississippi","Calhoun County",4,56,170,83,87
050,28,013,"Mississippi","Calhoun County",4,57,169,84,85
050,28,013,"Mississippi","Calhoun County",4,58,176,71,105
050,28,013,"Mississippi","Calhoun County",4,59,178,82,96
050,28,013,"Mississippi","Calhoun County",4,60,176,80,96
050,28,013,"Mississippi","Calhoun County",4,61,176,78,98
050,28,013,"Mississippi","Calhoun County",4,62,177,72,105
050,28,013,"Mississippi","Calhoun County",4,63,181,87,94
050,28,013,"Mississippi","Calhoun County",4,64,166,75,91
050,28,013,"Mississippi","Calhoun County",4,65,171,80,91
050,28,013,"Mississippi","Calhoun County",4,66,178,81,97
050,28,013,"Mississippi","Calhoun County",4,67,164,78,86
050,28,013,"Mississippi","Calhoun County",4,68,166,78,88
050,28,013,"Mississippi","Calhoun County",4,69,156,76,80
050,28,013,"Mississippi","Calhoun County",4,70,158,76,82
050,28,013,"Mississippi","Calhoun County",4,71,151,75,76
050,28,013,"Mississippi","Calhoun County",4,72,137,69,68
050,28,013,"Mississippi","Calhoun County",4,73,137,68,69
050,28,013,"Mississippi","Calhoun County",4,74,119,53,66
050,28,013,"Mississippi","Calhoun County",4,75,123,51,72
050,28,013,"Mississippi","Calhoun County",4,76,79,36,43
050,28,013,"Mississippi","Calhoun County",4,77,81,32,49
050,28,013,"Mississippi","Calhoun County",4,78,80,34,46
050,28,013,"Mississippi","Calhoun County",4,79,87,32,55
050,28,013,"Mississippi","Calhoun County",4,80,82,34,48
050,28,013,"Mississippi","Calhoun County",4,81,74,31,43
050,28,013,"Mississippi","Calhoun County",4,82,65,25,40
050,28,013,"Mississippi","Calhoun County",4,83,64,17,47
050,28,013,"Mississippi","Calhoun County",4,84,51,21,30
050,28,013,"Mississippi","Calhoun County",4,85,352,104,248
050,28,013,"Mississippi","Calhoun County",5,0,168,89,79
050,28,013,"Mississippi","Calhoun County",5,1,165,86,79
050,28,013,"Mississippi","Calhoun County",5,2,157,78,79
050,28,013,"Mississippi","Calhoun County",5,3,136,70,66
050,28,013,"Mississippi","Calhoun County",5,4,148,80,68
050,28,013,"Mississippi","Calhoun County",5,5,128,59,69
050,28,013,"Mississippi","Calhoun County",5,6,120,64,56
050,28,013,"Mississippi","Calhoun County",5,7,152,87,65
050,28,013,"Mississippi","Calhoun County",5,8,141,65,76
050,28,013,"Mississippi","Calhoun County",5,9,144,64,80
050,28,013,"Mississippi","Calhoun County",5,10,145,73,72
050,28,013,"Mississippi","Calhoun County",5,11,150,78,72
050,28,013,"Mississippi","Calhoun County",5,12,156,89,67
050,28,013,"Mississippi","Calhoun County",5,13,153,77,76
050,28,013,"Mississippi","Calhoun County",5,14,167,85,82
050,28,013,"Mississippi","Calhoun County",5,15,176,97,79
050,28,013,"Mississippi","Calhoun County",5,16,187,103,84
050,28,013,"Mississippi","Calhoun County",5,17,181,101,80
050,28,013,"Mississippi","Calhoun County",5,18,153,83,70
050,28,013,"Mississippi","Calhoun County",5,19,129,66,63
050,28,013,"Mississippi","Calhoun County",5,20,155,92,63
050,28,013,"Mississippi","Calhoun County",5,21,171,93,78
050,28,013,"Mississippi","Calhoun County",5,22,151,77,74
050,28,013,"Mississippi","Calhoun County",5,23,147,76,71
050,28,013,"Mississippi","Calhoun County",5,24,128,65,63
050,28,013,"Mississippi","Calhoun County",5,25,153,80,73
050,28,013,"Mississippi","Calhoun County",5,26,154,83,71
050,28,013,"Mississippi","Calhoun County",5,27,125,68,57
050,28,013,"Mississippi","Calhoun County",5,28,143,72,71
050,28,013,"Mississippi","Calhoun County",5,29,145,69,76
050,28,013,"Mississippi","Calhoun County",5,30,151,69,82
050,28,013,"Mississippi","Calhoun County",5,31,138,61,77
050,28,013,"Mississippi","Calhoun County",5,32,148,76,72
050,28,013,"Mississippi","Calhoun County",5,33,124,60,64
050,28,013,"Mississippi","Calhoun County",5,34,139,70,69
050,28,013,"Mississippi","Calhoun County",5,35,146,76,70
050,28,013,"Mississippi","Calhoun County",5,36,132,69,63
050,28,013,"Mississippi","Calhoun County",5,37,136,76,60
050,28,013,"Mississippi","Calhoun County",5,38,123,64,59
050,28,013,"Mississippi","Calhoun County",5,39,143,74,69
050,28,013,"Mississippi","Calhoun County",5,40,151,77,74
050,28,013,"Mississippi","Calhoun County",5,41,147,73,74
050,28,013,"Mississippi","Calhoun County",5,42,163,80,83
050,28,013,"Mississippi","Calhoun County",5,43,147,69,78
050,28,013,"Mississippi","Calhoun County",5,44,139,72,67
050,28,013,"Mississippi","Calhoun County",5,45,132,71,61
050,28,013,"Mississippi","Calhoun County",5,46,145,70,75
050,28,013,"Mississippi","Calhoun County",5,47,150,70,80
050,28,013,"Mississippi","Calhoun County",5,48,146,65,81
050,28,013,"Mississippi","Calhoun County",5,49,159,77,82
050,28,013,"Mississippi","Calhoun County",5,50,164,77,87
050,28,013,"Mississippi","Calhoun County",5,51,175,90,85
050,28,013,"Mississippi","Calhoun County",5,52,181,89,92
050,28,013,"Mississippi","Calhoun County",5,53,188,91,97
050,28,013,"Mississippi","Calhoun County",5,54,171,78,93
050,28,013,"Mississippi","Calhoun County",5,55,176,76,100
050,28,013,"Mississippi","Calhoun County",5,56,196,98,98
050,28,013,"Mississippi","Calhoun County",5,57,165,86,79
050,28,013,"Mississippi","Calhoun County",5,58,170,89,81
050,28,013,"Mississippi","Calhoun County",5,59,173,70,103
050,28,013,"Mississippi","Calhoun County",5,60,165,75,90
050,28,013,"Mississippi","Calhoun County",5,61,178,80,98
050,28,013,"Mississippi","Calhoun County",5,62,168,74,94
050,28,013,"Mississippi","Calhoun County",5,63,171,73,98
050,28,013,"Mississippi","Calhoun County",5,64,169,80,89
050,28,013,"Mississippi","Calhoun County",5,65,158,71,87
050,28,013,"Mississippi","Calhoun County",5,66,167,76,91
050,28,013,"Mississippi","Calhoun County",5,67,169,77,92
050,28,013,"Mississippi","Calhoun County",5,68,163,77,86
050,28,013,"Mississippi","Calhoun County",5,69,167,79,88
050,28,013,"Mississippi","Calhoun County",5,70,149,71,78
050,28,013,"Mississippi","Calhoun County",5,71,158,75,83
050,28,013,"Mississippi","Calhoun County",5,72,137,69,68
050,28,013,"Mississippi","Calhoun County",5,73,136,68,68
050,28,013,"Mississippi","Calhoun County",5,74,129,64,65
050,28,013,"Mississippi","Calhoun County",5,75,119,50,69
050,28,013,"Mississippi","Calhoun County",5,76,107,46,61
050,28,013,"Mississippi","Calhoun County",5,77,80,33,47
050,28,013,"Mississippi","Calhoun County",5,78,73,29,44
050,28,013,"Mississippi","Calhoun County",5,79,81,30,51
050,28,013,"Mississippi","Calhoun County",5,80,72,27,45
050,28,013,"Mississippi","Calhoun County",5,81,82,33,49
050,28,013,"Mississippi","Calhoun County",5,82,63,28,35
050,28,013,"Mississippi","Calhoun County",5,83,66,22,44
050,28,013,"Mississippi","Calhoun County",5,84,53,18,35
050,28,013,"Mississippi","Calhoun County",5,85,359,105,254
050,28,015,"Mississippi","Carroll County",1,0,86,44,42
050,28,015,"Mississippi","Carroll County",1,1,90,48,42
050,28,015,"Mississippi","Carroll County",1,2,76,39,37
050,28,015,"Mississippi","Carroll County",1,3,85,46,39
050,28,015,"Mississippi","Carroll County",1,4,83,37,46
050,28,015,"Mississippi","Carroll County",1,5,82,35,47
050,28,015,"Mississippi","Carroll County",1,6,88,42,46
050,28,015,"Mississippi","Carroll County",1,7,88,49,39
050,28,015,"Mississippi","Carroll County",1,8,93,47,46
050,28,015,"Mississippi","Carroll County",1,9,99,51,48
050,28,015,"Mississippi","Carroll County",1,10,101,52,49
050,28,015,"Mississippi","Carroll County",1,11,117,62,55
050,28,015,"Mississippi","Carroll County",1,12,122,62,60
050,28,015,"Mississippi","Carroll County",1,13,121,61,60
050,28,015,"Mississippi","Carroll County",1,14,124,62,62
050,28,015,"Mississippi","Carroll County",1,15,121,58,63
050,28,015,"Mississippi","Carroll County",1,16,124,56,68
050,28,015,"Mississippi","Carroll County",1,17,120,58,62
050,28,015,"Mississippi","Carroll County",1,18,101,52,49
050,28,015,"Mississippi","Carroll County",1,19,71,36,35
050,28,015,"Mississippi","Carroll County",1,20,83,48,35
050,28,015,"Mississippi","Carroll County",1,21,111,66,45
050,28,015,"Mississippi","Carroll County",1,22,133,80,53
050,28,015,"Mississippi","Carroll County",1,23,119,70,49
050,28,015,"Mississippi","Carroll County",1,24,117,72,45
050,28,015,"Mississippi","Carroll County",1,25,103,62,41
050,28,015,"Mississippi","Carroll County",1,26,121,74,47
050,28,015,"Mississippi","Carroll County",1,27,123,67,56
050,28,015,"Mississippi","Carroll County",1,28,123,72,51
050,28,015,"Mississippi","Carroll County",1,29,107,62,45
050,28,015,"Mississippi","Carroll County",1,30,131,84,47
050,28,015,"Mississippi","Carroll County",1,31,114,67,47
050,28,015,"Mississippi","Carroll County",1,32,126,80,46
050,28,015,"Mississippi","Carroll County",1,33,107,71,36
050,28,015,"Mississippi","Carroll County",1,34,103,58,45
050,28,015,"Mississippi","Carroll County",1,35,99,59,40
050,28,015,"Mississippi","Carroll County",1,36,105,53,52
050,28,015,"Mississippi","Carroll County",1,37,108,53,55
050,28,015,"Mississippi","Carroll County",1,38,119,69,50
050,28,015,"Mississippi","Carroll County",1,39,112,64,48
050,28,015,"Mississippi","Carroll County",1,40,142,81,61
050,28,015,"Mississippi","Carroll County",1,41,136,68,68
050,28,015,"Mississippi","Carroll County",1,42,118,57,61
050,28,015,"Mississippi","Carroll County",1,43,117,57,60
050,28,015,"Mississippi","Carroll County",1,44,113,59,54
050,28,015,"Mississippi","Carroll County",1,45,110,58,52
050,28,015,"Mississippi","Carroll County",1,46,118,64,54
050,28,015,"Mississippi","Carroll County",1,47,134,75,59
050,28,015,"Mississippi","Carroll County",1,48,121,68,53
050,28,015,"Mississippi","Carroll County",1,49,137,73,64
050,28,015,"Mississippi","Carroll County",1,50,119,60,59
050,28,015,"Mississippi","Carroll County",1,51,112,56,56
050,28,015,"Mississippi","Carroll County",1,52,134,74,60
050,28,015,"Mississippi","Carroll County",1,53,129,71,58
050,28,015,"Mississippi","Carroll County",1,54,130,62,68
050,28,015,"Mississippi","Carroll County",1,55,131,61,70
050,28,015,"Mississippi","Carroll County",1,56,141,69,72
050,28,015,"Mississippi","Carroll County",1,57,151,78,73
050,28,015,"Mississippi","Carroll County",1,58,162,74,88
050,28,015,"Mississippi","Carroll County",1,59,153,76,77
050,28,015,"Mississippi","Carroll County",1,60,153,83,70
050,28,015,"Mississippi","Carroll County",1,61,167,88,79
050,28,015,"Mississippi","Carroll County",1,62,155,76,79
050,28,015,"Mississippi","Carroll County",1,63,143,66,77
050,28,015,"Mississippi","Carroll County",1,64,156,74,82
050,28,015,"Mississippi","Carroll County",1,65,154,80,74
050,28,015,"Mississippi","Carroll County",1,66,153,82,71
050,28,015,"Mississippi","Carroll County",1,67,142,78,64
050,28,015,"Mississippi","Carroll County",1,68,146,68,78
050,28,015,"Mississippi","Carroll County",1,69,123,58,65
050,28,015,"Mississippi","Carroll County",1,70,128,66,62
050,28,015,"Mississippi","Carroll County",1,71,145,75,70
050,28,015,"Mississippi","Carroll County",1,72,137,70,67
050,28,015,"Mississippi","Carroll County",1,73,138,72,66
050,28,015,"Mississippi","Carroll County",1,74,99,49,50
050,28,015,"Mississippi","Carroll County",1,75,114,56,58
050,28,015,"Mississippi","Carroll County",1,76,95,44,51
050,28,015,"Mississippi","Carroll County",1,77,103,45,58
050,28,015,"Mississippi","Carroll County",1,78,87,41,46
050,28,015,"Mississippi","Carroll County",1,79,79,39,40
050,28,015,"Mississippi","Carroll County",1,80,65,30,35
050,28,015,"Mississippi","Carroll County",1,81,63,25,38
050,28,015,"Mississippi","Carroll County",1,82,53,25,28
050,28,015,"Mississippi","Carroll County",1,83,51,24,27
050,28,015,"Mississippi","Carroll County",1,84,50,25,25
050,28,015,"Mississippi","Carroll County",1,85,236,96,140
050,28,015,"Mississippi","Carroll County",2,0,75,39,36
050,28,015,"Mississippi","Carroll County",2,1,88,48,40
050,28,015,"Mississippi","Carroll County",2,2,79,41,38
050,28,015,"Mississippi","Carroll County",2,3,83,44,39
050,28,015,"Mississippi","Carroll County",2,4,83,39,44
050,28,015,"Mississippi","Carroll County",2,5,81,34,47
050,28,015,"Mississippi","Carroll County",2,6,85,41,44
050,28,015,"Mississippi","Carroll County",2,7,87,47,40
050,28,015,"Mississippi","Carroll County",2,8,92,47,45
050,28,015,"Mississippi","Carroll County",2,9,97,50,47
050,28,015,"Mississippi","Carroll County",2,10,101,52,49
050,28,015,"Mississippi","Carroll County",2,11,111,58,53
050,28,015,"Mississippi","Carroll County",2,12,120,62,58
050,28,015,"Mississippi","Carroll County",2,13,122,63,59
050,28,015,"Mississippi","Carroll County",2,14,124,63,61
050,28,015,"Mississippi","Carroll County",2,15,120,58,62
050,28,015,"Mississippi","Carroll County",2,16,123,57,66
050,28,015,"Mississippi","Carroll County",2,17,118,56,62
050,28,015,"Mississippi","Carroll County",2,18,97,49,48
050,28,015,"Mississippi","Carroll County",2,19,73,38,35
050,28,015,"Mississippi","Carroll County",2,20,83,46,37
050,28,015,"Mississippi","Carroll County",2,21,108,64,44
050,28,015,"Mississippi","Carroll County",2,22,134,82,52
050,28,015,"Mississippi","Carroll County",2,23,119,68,51
050,28,015,"Mississippi","Carroll County",2,24,117,74,43
050,28,015,"Mississippi","Carroll County",2,25,101,59,42
050,28,015,"Mississippi","Carroll County",2,26,120,75,45
050,28,015,"Mississippi","Carroll County",2,27,120,67,53
050,28,015,"Mississippi","Carroll County",2,28,122,71,51
050,28,015,"Mississippi","Carroll County",2,29,109,62,47
050,28,015,"Mississippi","Carroll County",2,30,129,83,46
050,28,015,"Mississippi","Carroll County",2,31,114,67,47
050,28,015,"Mississippi","Carroll County",2,32,126,80,46
050,28,015,"Mississippi","Carroll County",2,33,112,73,39
050,28,015,"Mississippi","Carroll County",2,34,99,57,42
050,28,015,"Mississippi","Carroll County",2,35,100,57,43
050,28,015,"Mississippi","Carroll County",2,36,102,53,49
050,28,015,"Mississippi","Carroll County",2,37,107,53,54
050,28,015,"Mississippi","Carroll County",2,38,121,69,52
050,28,015,"Mississippi","Carroll County",2,39,112,63,49
050,28,015,"Mississippi","Carroll County",2,40,137,79,58
050,28,015,"Mississippi","Carroll County",2,41,138,71,67
050,28,015,"Mississippi","Carroll County",2,42,123,61,62
050,28,015,"Mississippi","Carroll County",2,43,116,57,59
050,28,015,"Mississippi","Carroll County",2,44,115,60,55
050,28,015,"Mississippi","Carroll County",2,45,110,57,53
050,28,015,"Mississippi","Carroll County",2,46,115,62,53
050,28,015,"Mississippi","Carroll County",2,47,131,74,57
050,28,015,"Mississippi","Carroll County",2,48,121,66,55
050,28,015,"Mississippi","Carroll County",2,49,132,72,60
050,28,015,"Mississippi","Carroll County",2,50,122,64,58
050,28,015,"Mississippi","Carroll County",2,51,112,55,57
050,28,015,"Mississippi","Carroll County",2,52,128,69,59
050,28,015,"Mississippi","Carroll County",2,53,130,71,59
050,28,015,"Mississippi","Carroll County",2,54,131,66,65
050,28,015,"Mississippi","Carroll County",2,55,130,60,70
050,28,015,"Mississippi","Carroll County",2,56,138,67,71
050,28,015,"Mississippi","Carroll County",2,57,149,76,73
050,28,015,"Mississippi","Carroll County",2,58,158,74,84
050,28,015,"Mississippi","Carroll County",2,59,155,76,79
050,28,015,"Mississippi","Carroll County",2,60,151,81,70
050,28,015,"Mississippi","Carroll County",2,61,161,86,75
050,28,015,"Mississippi","Carroll County",2,62,156,77,79
050,28,015,"Mississippi","Carroll County",2,63,148,69,79
050,28,015,"Mississippi","Carroll County",2,64,150,71,79
050,28,015,"Mississippi","Carroll County",2,65,153,79,74
050,28,015,"Mississippi","Carroll County",2,66,153,81,72
050,28,015,"Mississippi","Carroll County",2,67,140,75,65
050,28,015,"Mississippi","Carroll County",2,68,142,69,73
050,28,015,"Mississippi","Carroll County",2,69,129,61,68
050,28,015,"Mississippi","Carroll County",2,70,127,64,63
050,28,015,"Mississippi","Carroll County",2,71,143,74,69
050,28,015,"Mississippi","Carroll County",2,72,135,69,66
050,28,015,"Mississippi","Carroll County",2,73,144,75,69
050,28,015,"Mississippi","Carroll County",2,74,103,52,51
050,28,015,"Mississippi","Carroll County",2,75,110,55,55
050,28,015,"Mississippi","Carroll County",2,76,99,47,52
050,28,015,"Mississippi","Carroll County",2,77,101,44,57
050,28,015,"Mississippi","Carroll County",2,78,89,40,49
050,28,015,"Mississippi","Carroll County",2,79,81,40,41
050,28,015,"Mississippi","Carroll County",2,80,68,32,36
050,28,015,"Mississippi","Carroll County",2,81,61,24,37
050,28,015,"Mississippi","Carroll County",2,82,54,24,30
050,28,015,"Mississippi","Carroll County",2,83,51,23,28
050,28,015,"Mississippi","Carroll County",2,84,47,23,24
050,28,015,"Mississippi","Carroll County",2,85,233,98,135
050,28,015,"Mississippi","Carroll County",3,0,71,33,38
050,28,015,"Mississippi","Carroll County",3,1,85,39,46
050,28,015,"Mississippi","Carroll County",3,2,90,50,40
050,28,015,"Mississippi","Carroll County",3,3,82,38,44
050,28,015,"Mississippi","Carroll County",3,4,71,42,29
050,28,015,"Mississippi","Carroll County",3,5,83,39,44
050,28,015,"Mississippi","Carroll County",3,6,84,36,48
050,28,015,"Mississippi","Carroll County",3,7,89,40,49
050,28,015,"Mississippi","Carroll County",3,8,86,44,42
050,28,015,"Mississippi","Carroll County",3,9,91,48,43
050,28,015,"Mississippi","Carroll County",3,10,100,53,47
050,28,015,"Mississippi","Carroll County",3,11,95,48,47
050,28,015,"Mississippi","Carroll County",3,12,105,59,46
050,28,015,"Mississippi","Carroll County",3,13,128,65,63
050,28,015,"Mississippi","Carroll County",3,14,125,66,59
050,28,015,"Mississippi","Carroll County",3,15,116,60,56
050,28,015,"Mississippi","Carroll County",3,16,117,55,62
050,28,015,"Mississippi","Carroll County",3,17,116,53,63
050,28,015,"Mississippi","Carroll County",3,18,94,50,44
050,28,015,"Mississippi","Carroll County",3,19,76,36,40
050,28,015,"Mississippi","Carroll County",3,20,79,38,41
050,28,015,"Mississippi","Carroll County",3,21,103,60,43
050,28,015,"Mississippi","Carroll County",3,22,138,90,48
050,28,015,"Mississippi","Carroll County",3,23,114,66,48
050,28,015,"Mississippi","Carroll County",3,24,120,77,43
050,28,015,"Mississippi","Carroll County",3,25,97,58,39
050,28,015,"Mississippi","Carroll County",3,26,120,77,43
050,28,015,"Mississippi","Carroll County",3,27,109,65,44
050,28,015,"Mississippi","Carroll County",3,28,119,68,51
050,28,015,"Mississippi","Carroll County",3,29,100,57,43
050,28,015,"Mississippi","Carroll County",3,30,130,84,46
050,28,015,"Mississippi","Carroll County",3,31,106,64,42
050,28,015,"Mississippi","Carroll County",3,32,122,77,45
050,28,015,"Mississippi","Carroll County",3,33,124,76,48
050,28,015,"Mississippi","Carroll County",3,34,103,61,42
050,28,015,"Mississippi","Carroll County",3,35,99,53,46
050,28,015,"Mississippi","Carroll County",3,36,92,50,42
050,28,015,"Mississippi","Carroll County",3,37,106,58,48
050,28,015,"Mississippi","Carroll County",3,38,118,64,54
050,28,015,"Mississippi","Carroll County",3,39,107,57,50
050,28,015,"Mississippi","Carroll County",3,40,123,71,52
050,28,015,"Mississippi","Carroll County",3,41,128,74,54
050,28,015,"Mississippi","Carroll County",3,42,140,77,63
050,28,015,"Mississippi","Carroll County",3,43,120,59,61
050,28,015,"Mississippi","Carroll County",3,44,123,68,55
050,28,015,"Mississippi","Carroll County",3,45,111,53,58
050,28,015,"Mississippi","Carroll County",3,46,109,54,55
050,28,015,"Mississippi","Carroll County",3,47,131,72,59
050,28,015,"Mississippi","Carroll County",3,48,118,62,56
050,28,015,"Mississippi","Carroll County",3,49,119,64,55
050,28,015,"Mississippi","Carroll County",3,50,144,78,66
050,28,015,"Mississippi","Carroll County",3,51,121,61,60
050,28,015,"Mississippi","Carroll County",3,52,112,54,58
050,28,015,"Mississippi","Carroll County",3,53,132,71,61
050,28,015,"Mississippi","Carroll County",3,54,136,75,61
050,28,015,"Mississippi","Carroll County",3,55,121,60,61
050,28,015,"Mississippi","Carroll County",3,56,131,61,70
050,28,015,"Mississippi","Carroll County",3,57,142,71,71
050,28,015,"Mississippi","Carroll County",3,58,146,74,72
050,28,015,"Mississippi","Carroll County",3,59,152,74,78
050,28,015,"Mississippi","Carroll County",3,60,159,78,81
050,28,015,"Mississippi","Carroll County",3,61,147,80,67
050,28,015,"Mississippi","Carroll County",3,62,159,79,80
050,28,015,"Mississippi","Carroll County",3,63,151,76,75
050,28,015,"Mississippi","Carroll County",3,64,146,67,79
050,28,015,"Mississippi","Carroll County",3,65,153,76,77
050,28,015,"Mississippi","Carroll County",3,66,147,74,73
050,28,015,"Mississippi","Carroll County",3,67,146,77,69
050,28,015,"Mississippi","Carroll County",3,68,140,74,66
050,28,015,"Mississippi","Carroll County",3,69,137,66,71
050,28,015,"Mississippi","Carroll County",3,70,127,59,68
050,28,015,"Mississippi","Carroll County",3,71,123,60,63
050,28,015,"Mississippi","Carroll County",3,72,136,71,65
050,28,015,"Mississippi","Carroll County",3,73,128,67,61
050,28,015,"Mississippi","Carroll County",3,74,142,72,70
050,28,015,"Mississippi","Carroll County",3,75,103,53,50
050,28,015,"Mississippi","Carroll County",3,76,102,50,52
050,28,015,"Mississippi","Carroll County",3,77,94,43,51
050,28,015,"Mississippi","Carroll County",3,78,98,44,54
050,28,015,"Mississippi","Carroll County",3,79,79,35,44
050,28,015,"Mississippi","Carroll County",3,80,73,34,39
050,28,015,"Mississippi","Carroll County",3,81,67,30,37
050,28,015,"Mississippi","Carroll County",3,82,55,24,31
050,28,015,"Mississippi","Carroll County",3,83,52,20,32
050,28,015,"Mississippi","Carroll County",3,84,48,22,26
050,28,015,"Mississippi","Carroll County",3,85,241,106,135
050,28,015,"Mississippi","Carroll County",4,0,70,41,29
050,28,015,"Mississippi","Carroll County",4,1,65,32,33
050,28,015,"Mississippi","Carroll County",4,2,89,47,42
050,28,015,"Mississippi","Carroll County",4,3,89,48,41
050,28,015,"Mississippi","Carroll County",4,4,83,38,45
050,28,015,"Mississippi","Carroll County",4,5,76,41,35
050,28,015,"Mississippi","Carroll County",4,6,81,39,42
050,28,015,"Mississippi","Carroll County",4,7,79,38,41
050,28,015,"Mississippi","Carroll County",4,8,84,39,45
050,28,015,"Mississippi","Carroll County",4,9,85,47,38
050,28,015,"Mississippi","Carroll County",4,10,87,48,39
050,28,015,"Mississippi","Carroll County",4,11,100,53,47
050,28,015,"Mississippi","Carroll County",4,12,97,48,49
050,28,015,"Mississippi","Carroll County",4,13,106,59,47
050,28,015,"Mississippi","Carroll County",4,14,121,65,56
050,28,015,"Mississippi","Carroll County",4,15,132,71,61
050,28,015,"Mississippi","Carroll County",4,16,117,60,57
050,28,015,"Mississippi","Carroll County",4,17,121,55,66
050,28,015,"Mississippi","Carroll County",4,18,105,53,52
050,28,015,"Mississippi","Carroll County",4,19,75,40,35
050,28,015,"Mississippi","Carroll County",4,20,89,42,47
050,28,015,"Mississippi","Carroll County",4,21,95,52,43
050,28,015,"Mississippi","Carroll County",4,22,122,85,37
050,28,015,"Mississippi","Carroll County",4,23,121,71,50
050,28,015,"Mississippi","Carroll County",4,24,124,79,45
050,28,015,"Mississippi","Carroll County",4,25,106,65,41
050,28,015,"Mississippi","Carroll County",4,26,119,79,40
050,28,015,"Mississippi","Carroll County",4,27,113,70,43
050,28,015,"Mississippi","Carroll County",4,28,114,72,42
050,28,015,"Mississippi","Carroll County",4,29,106,52,54
050,28,015,"Mississippi","Carroll County",4,30,135,86,49
050,28,015,"Mississippi","Carroll County",4,31,108,66,42
050,28,015,"Mississippi","Carroll County",4,32,122,77,45
050,28,015,"Mississippi","Carroll County",4,33,119,70,49
050,28,015,"Mississippi","Carroll County",4,34,117,63,54
050,28,015,"Mississippi","Carroll County",4,35,92,55,37
050,28,015,"Mississippi","Carroll County",4,36,95,50,45
050,28,015,"Mississippi","Carroll County",4,37,97,50,47
050,28,015,"Mississippi","Carroll County",4,38,112,63,49
050,28,015,"Mississippi","Carroll County",4,39,111,56,55
050,28,015,"Mississippi","Carroll County",4,40,112,60,52
050,28,015,"Mississippi","Carroll County",4,41,130,73,57
050,28,015,"Mississippi","Carroll County",4,42,124,76,48
050,28,015,"Mississippi","Carroll County",4,43,130,66,64
050,28,015,"Mississippi","Carroll County",4,44,126,64,62
050,28,015,"Mississippi","Carroll County",4,45,117,59,58
050,28,015,"Mississippi","Carroll County",4,46,110,51,59
050,28,015,"Mississippi","Carroll County",4,47,127,69,58
050,28,015,"Mississippi","Carroll County",4,48,120,61,59
050,28,015,"Mississippi","Carroll County",4,49,116,60,56
050,28,015,"Mississippi","Carroll County",4,50,118,62,56
050,28,015,"Mississippi","Carroll County",4,51,140,76,64
050,28,015,"Mississippi","Carroll County",4,52,114,56,58
050,28,015,"Mississippi","Carroll County",4,53,109,53,56
050,28,015,"Mississippi","Carroll County",4,54,131,72,59
050,28,015,"Mississippi","Carroll County",4,55,128,70,58
050,28,015,"Mississippi","Carroll County",4,56,124,61,63
050,28,015,"Mississippi","Carroll County",4,57,131,63,68
050,28,015,"Mississippi","Carroll County",4,58,136,67,69
050,28,015,"Mississippi","Carroll County",4,59,139,71,68
050,28,015,"Mississippi","Carroll County",4,60,142,67,75
050,28,015,"Mississippi","Carroll County",4,61,158,77,81
050,28,015,"Mississippi","Carroll County",4,62,145,81,64
050,28,015,"Mississippi","Carroll County",4,63,151,79,72
050,28,015,"Mississippi","Carroll County",4,64,146,72,74
050,28,015,"Mississippi","Carroll County",4,65,150,71,79
050,28,015,"Mississippi","Carroll County",4,66,152,74,78
050,28,015,"Mississippi","Carroll County",4,67,147,76,71
050,28,015,"Mississippi","Carroll County",4,68,144,77,67
050,28,015,"Mississippi","Carroll County",4,69,134,72,62
050,28,015,"Mississippi","Carroll County",4,70,133,65,68
050,28,015,"Mississippi","Carroll County",4,71,126,58,68
050,28,015,"Mississippi","Carroll County",4,72,120,58,62
050,28,015,"Mississippi","Carroll County",4,73,126,71,55
050,28,015,"Mississippi","Carroll County",4,74,124,60,64
050,28,015,"Mississippi","Carroll County",4,75,140,74,66
050,28,015,"Mississippi","Carroll County",4,76,103,52,51
050,28,015,"Mississippi","Carroll County",4,77,97,48,49
050,28,015,"Mississippi","Carroll County",4,78,87,40,47
050,28,015,"Mississippi","Carroll County",4,79,94,43,51
050,28,015,"Mississippi","Carroll County",4,80,70,28,42
050,28,015,"Mississippi","Carroll County",4,81,70,30,40
050,28,015,"Mississippi","Carroll County",4,82,63,29,34
050,28,015,"Mississippi","Carroll County",4,83,50,21,29
050,28,015,"Mississippi","Carroll County",4,84,48,18,30
050,28,015,"Mississippi","Carroll County",4,85,255,114,141
050,28,015,"Mississippi","Carroll County",5,0,70,41,29
050,28,015,"Mississippi","Carroll County",5,1,65,37,28
050,28,015,"Mississippi","Carroll County",5,2,62,32,30
050,28,015,"Mississippi","Carroll County",5,3,83,42,41
050,28,015,"Mississippi","Carroll County",5,4,85,45,40
050,28,015,"Mississippi","Carroll County",5,5,73,32,41
050,28,015,"Mississippi","Carroll County",5,6,78,44,34
050,28,015,"Mississippi","Carroll County",5,7,83,39,44
050,28,015,"Mississippi","Carroll County",5,8,77,38,39
050,28,015,"Mississippi","Carroll County",5,9,85,40,45
050,28,015,"Mississippi","Carroll County",5,10,89,48,41
050,28,015,"Mississippi","Carroll County",5,11,86,46,40
050,28,015,"Mississippi","Carroll County",5,12,102,55,47
050,28,015,"Mississippi","Carroll County",5,13,107,58,49
050,28,015,"Mississippi","Carroll County",5,14,98,53,45
050,28,015,"Mississippi","Carroll County",5,15,126,68,58
050,28,015,"Mississippi","Carroll County",5,16,126,68,58
050,28,015,"Mississippi","Carroll County",5,17,107,53,54
050,28,015,"Mississippi","Carroll County",5,18,93,46,47
050,28,015,"Mississippi","Carroll County",5,19,89,46,43
050,28,015,"Mississippi","Carroll County",5,20,75,41,34
050,28,015,"Mississippi","Carroll County",5,21,98,53,45
050,28,015,"Mississippi","Carroll County",5,22,125,79,46
050,28,015,"Mississippi","Carroll County",5,23,92,57,35
050,28,015,"Mississippi","Carroll County",5,24,128,79,49
050,28,015,"Mississippi","Carroll County",5,25,101,60,41
050,28,015,"Mississippi","Carroll County",5,26,118,80,38
050,28,015,"Mississippi","Carroll County",5,27,110,71,39
050,28,015,"Mississippi","Carroll County",5,28,114,72,42
050,28,015,"Mississippi","Carroll County",5,29,95,51,44
050,28,015,"Mississippi","Carroll County",5,30,125,73,52
050,28,015,"Mississippi","Carroll County",5,31,112,68,44
050,28,015,"Mississippi","Carroll County",5,32,120,79,41
050,28,015,"Mississippi","Carroll County",5,33,116,72,44
050,28,015,"Mississippi","Carroll County",5,34,106,60,46
050,28,015,"Mississippi","Carroll County",5,35,114,61,53
050,28,015,"Mississippi","Carroll County",5,36,88,51,37
050,28,015,"Mississippi","Carroll County",5,37,89,44,45
050,28,015,"Mississippi","Carroll County",5,38,109,58,51
050,28,015,"Mississippi","Carroll County",5,39,99,52,47
050,28,015,"Mississippi","Carroll County",5,40,116,62,54
050,28,015,"Mississippi","Carroll County",5,41,110,56,54
050,28,015,"Mississippi","Carroll County",5,42,128,78,50
050,28,015,"Mississippi","Carroll County",5,43,117,68,49
050,28,015,"Mississippi","Carroll County",5,44,141,75,66
050,28,015,"Mississippi","Carroll County",5,45,111,56,55
050,28,015,"Mississippi","Carroll County",5,46,108,53,55
050,28,015,"Mississippi","Carroll County",5,47,123,65,58
050,28,015,"Mississippi","Carroll County",5,48,110,52,58
050,28,015,"Mississippi","Carroll County",5,49,120,62,58
050,28,015,"Mississippi","Carroll County",5,50,118,62,56
050,28,015,"Mississippi","Carroll County",5,51,117,59,58
050,28,015,"Mississippi","Carroll County",5,52,142,78,64
050,28,015,"Mississippi","Carroll County",5,53,115,57,58
050,28,015,"Mississippi","Carroll County",5,54,112,56,56
050,28,015,"Mississippi","Carroll County",5,55,129,70,59
050,28,015,"Mississippi","Carroll County",5,56,134,73,61
050,28,015,"Mississippi","Carroll County",5,57,123,64,59
050,28,015,"Mississippi","Carroll County",5,58,122,58,64
050,28,015,"Mississippi","Carroll County",5,59,135,66,69
050,28,015,"Mississippi","Carroll County",5,60,130,67,63
050,28,015,"Mississippi","Carroll County",5,61,142,68,74
050,28,015,"Mississippi","Carroll County",5,62,155,76,79
050,28,015,"Mississippi","Carroll County",5,63,141,78,63
050,28,015,"Mississippi","Carroll County",5,64,140,72,68
050,28,015,"Mississippi","Carroll County",5,65,149,76,73
050,28,015,"Mississippi","Carroll County",5,66,146,68,78
050,28,015,"Mississippi","Carroll County",5,67,144,71,73
050,28,015,"Mississippi","Carroll County",5,68,146,74,72
050,28,015,"Mississippi","Carroll County",5,69,143,78,65
050,28,015,"Mississippi","Carroll County",5,70,133,71,62
050,28,015,"Mississippi","Carroll County",5,71,134,65,69
050,28,015,"Mississippi","Carroll County",5,72,120,55,65
050,28,015,"Mississippi","Carroll County",5,73,111,56,55
050,28,015,"Mississippi","Carroll County",5,74,124,67,57
050,28,015,"Mississippi","Carroll County",5,75,126,64,62
050,28,015,"Mississippi","Carroll County",5,76,132,69,63
050,28,015,"Mississippi","Carroll County",5,77,101,50,51
050,28,015,"Mississippi","Carroll County",5,78,93,47,46
050,28,015,"Mississippi","Carroll County",5,79,85,38,47
050,28,015,"Mississippi","Carroll County",5,80,86,36,50
050,28,015,"Mississippi","Carroll County",5,81,71,27,44
050,28,015,"Mississippi","Carroll County",5,82,66,30,36
050,28,015,"Mississippi","Carroll County",5,83,57,26,31
050,28,015,"Mississippi","Carroll County",5,84,47,19,28
050,28,015,"Mississippi","Carroll County",5,85,264,117,147
050,28,017,"Mississippi","Chickasaw County",1,0,223,114,109
050,28,017,"Mississippi","Chickasaw County",1,1,235,118,117
050,28,017,"Mississippi","Chickasaw County",1,2,241,125,116
050,28,017,"Mississippi","Chickasaw County",1,3,235,124,111
050,28,017,"Mississippi","Chickasaw County",1,4,234,116,118
050,28,017,"Mississippi","Chickasaw County",1,5,253,132,121
050,28,017,"Mississippi","Chickasaw County",1,6,221,112,109
050,28,017,"Mississippi","Chickasaw County",1,7,225,117,108
050,28,017,"Mississippi","Chickasaw County",1,8,228,120,108
050,28,017,"Mississippi","Chickasaw County",1,9,230,119,111
050,28,017,"Mississippi","Chickasaw County",1,10,247,118,129
050,28,017,"Mississippi","Chickasaw County",1,11,250,130,120
050,28,017,"Mississippi","Chickasaw County",1,12,274,139,135
050,28,017,"Mississippi","Chickasaw County",1,13,237,120,117
050,28,017,"Mississippi","Chickasaw County",1,14,231,120,111
050,28,017,"Mississippi","Chickasaw County",1,15,223,108,115
050,28,017,"Mississippi","Chickasaw County",1,16,249,118,131
050,28,017,"Mississippi","Chickasaw County",1,17,221,107,114
050,28,017,"Mississippi","Chickasaw County",1,18,211,123,88
050,28,017,"Mississippi","Chickasaw County",1,19,196,102,94
050,28,017,"Mississippi","Chickasaw County",1,20,193,115,78
050,28,017,"Mississippi","Chickasaw County",1,21,184,103,81
050,28,017,"Mississippi","Chickasaw County",1,22,208,122,86
050,28,017,"Mississippi","Chickasaw County",1,23,213,116,97
050,28,017,"Mississippi","Chickasaw County",1,24,231,119,112
050,28,017,"Mississippi","Chickasaw County",1,25,241,123,118
050,28,017,"Mississippi","Chickasaw County",1,26,223,120,103
050,28,017,"Mississippi","Chickasaw County",1,27,221,103,118
050,28,017,"Mississippi","Chickasaw County",1,28,226,112,114
050,28,017,"Mississippi","Chickasaw County",1,29,235,113,122
050,28,017,"Mississippi","Chickasaw County",1,30,254,118,136
050,28,017,"Mississippi","Chickasaw County",1,31,211,113,98
050,28,017,"Mississippi","Chickasaw County",1,32,206,108,98
050,28,017,"Mississippi","Chickasaw County",1,33,193,95,98
050,28,017,"Mississippi","Chickasaw County",1,34,192,98,94
050,28,017,"Mississippi","Chickasaw County",1,35,195,101,94
050,28,017,"Mississippi","Chickasaw County",1,36,209,112,97
050,28,017,"Mississippi","Chickasaw County",1,37,204,109,95
050,28,017,"Mississippi","Chickasaw County",1,38,203,97,106
050,28,017,"Mississippi","Chickasaw County",1,39,201,105,96
050,28,017,"Mississippi","Chickasaw County",1,40,195,109,86
050,28,017,"Mississippi","Chickasaw County",1,41,221,126,95
050,28,017,"Mississippi","Chickasaw County",1,42,176,87,89
050,28,017,"Mississippi","Chickasaw County",1,43,208,102,106
050,28,017,"Mississippi","Chickasaw County",1,44,182,95,87
050,28,017,"Mississippi","Chickasaw County",1,45,181,94,87
050,28,017,"Mississippi","Chickasaw County",1,46,172,81,91
050,28,017,"Mississippi","Chickasaw County",1,47,182,90,92
050,28,017,"Mississippi","Chickasaw County",1,48,195,107,88
050,28,017,"Mississippi","Chickasaw County",1,49,198,100,98
050,28,017,"Mississippi","Chickasaw County",1,50,201,103,98
050,28,017,"Mississippi","Chickasaw County",1,51,221,111,110
050,28,017,"Mississippi","Chickasaw County",1,52,212,100,112
050,28,017,"Mississippi","Chickasaw County",1,53,192,81,111
050,28,017,"Mississippi","Chickasaw County",1,54,206,95,111
050,28,017,"Mississippi","Chickasaw County",1,55,236,117,119
050,28,017,"Mississippi","Chickasaw County",1,56,218,111,107
050,28,017,"Mississippi","Chickasaw County",1,57,226,105,121
050,28,017,"Mississippi","Chickasaw County",1,58,238,106,132
050,28,017,"Mississippi","Chickasaw County",1,59,205,98,107
050,28,017,"Mississippi","Chickasaw County",1,60,215,96,119
050,28,017,"Mississippi","Chickasaw County",1,61,204,98,106
050,28,017,"Mississippi","Chickasaw County",1,62,219,99,120
050,28,017,"Mississippi","Chickasaw County",1,63,213,98,115
050,28,017,"Mississippi","Chickasaw County",1,64,225,109,116
050,28,017,"Mississippi","Chickasaw County",1,65,212,100,112
050,28,017,"Mississippi","Chickasaw County",1,66,189,92,97
050,28,017,"Mississippi","Chickasaw County",1,67,204,99,105
050,28,017,"Mississippi","Chickasaw County",1,68,176,89,87
050,28,017,"Mississippi","Chickasaw County",1,69,181,88,93
050,28,017,"Mississippi","Chickasaw County",1,70,181,83,98
050,28,017,"Mississippi","Chickasaw County",1,71,167,79,88
050,28,017,"Mississippi","Chickasaw County",1,72,154,80,74
050,28,017,"Mississippi","Chickasaw County",1,73,159,74,85
050,28,017,"Mississippi","Chickasaw County",1,74,133,54,79
050,28,017,"Mississippi","Chickasaw County",1,75,118,45,73
050,28,017,"Mississippi","Chickasaw County",1,76,133,57,76
050,28,017,"Mississippi","Chickasaw County",1,77,134,52,82
050,28,017,"Mississippi","Chickasaw County",1,78,102,46,56
050,28,017,"Mississippi","Chickasaw County",1,79,84,35,49
050,28,017,"Mississippi","Chickasaw County",1,80,84,37,47
050,28,017,"Mississippi","Chickasaw County",1,81,80,38,42
050,28,017,"Mississippi","Chickasaw County",1,82,82,31,51
050,28,017,"Mississippi","Chickasaw County",1,83,67,22,45
050,28,017,"Mississippi","Chickasaw County",1,84,72,30,42
050,28,017,"Mississippi","Chickasaw County",1,85,350,112,238
050,28,017,"Mississippi","Chickasaw County",2,0,220,116,104
050,28,017,"Mississippi","Chickasaw County",2,1,232,117,115
050,28,017,"Mississippi","Chickasaw County",2,2,241,123,118
050,28,017,"Mississippi","Chickasaw County",2,3,238,124,114
050,28,017,"Mississippi","Chickasaw County",2,4,237,119,118
050,28,017,"Mississippi","Chickasaw County",2,5,251,129,122
050,28,017,"Mississippi","Chickasaw County",2,6,228,117,111
050,28,017,"Mississippi","Chickasaw County",2,7,223,117,106
050,28,017,"Mississippi","Chickasaw County",2,8,225,118,107
050,28,017,"Mississippi","Chickasaw County",2,9,228,118,110
050,28,017,"Mississippi","Chickasaw County",2,10,242,119,123
050,28,017,"Mississippi","Chickasaw County",2,11,249,127,122
050,28,017,"Mississippi","Chickasaw County",2,12,267,137,130
050,28,017,"Mississippi","Chickasaw County",2,13,244,124,120
050,28,017,"Mississippi","Chickasaw County",2,14,233,121,112
050,28,017,"Mississippi","Chickasaw County",2,15,226,112,114
050,28,017,"Mississippi","Chickasaw County",2,16,243,116,127
050,28,017,"Mississippi","Chickasaw County",2,17,230,111,119
050,28,017,"Mississippi","Chickasaw County",2,18,206,115,91
050,28,017,"Mississippi","Chickasaw County",2,19,194,105,89
050,28,017,"Mississippi","Chickasaw County",2,20,201,117,84
050,28,017,"Mississippi","Chickasaw County",2,21,185,104,81
050,28,017,"Mississippi","Chickasaw County",2,22,206,121,85
050,28,017,"Mississippi","Chickasaw County",2,23,215,118,97
050,28,017,"Mississippi","Chickasaw County",2,24,228,119,109
050,28,017,"Mississippi","Chickasaw County",2,25,236,120,116
050,28,017,"Mississippi","Chickasaw County",2,26,228,123,105
050,28,017,"Mississippi","Chickasaw County",2,27,219,105,114
050,28,017,"Mississippi","Chickasaw County",2,28,229,114,115
050,28,017,"Mississippi","Chickasaw County",2,29,234,113,121
050,28,017,"Mississippi","Chickasaw County",2,30,253,119,134
050,28,017,"Mississippi","Chickasaw County",2,31,213,107,106
050,28,017,"Mississippi","Chickasaw County",2,32,210,112,98
050,28,017,"Mississippi","Chickasaw County",2,33,196,97,99
050,28,017,"Mississippi","Chickasaw County",2,34,194,99,95
050,28,017,"Mississippi","Chickasaw County",2,35,194,99,95
050,28,017,"Mississippi","Chickasaw County",2,36,204,109,95
050,28,017,"Mississippi","Chickasaw County",2,37,204,108,96
050,28,017,"Mississippi","Chickasaw County",2,38,204,99,105
050,28,017,"Mississippi","Chickasaw County",2,39,203,106,97
050,28,017,"Mississippi","Chickasaw County",2,40,197,107,90
050,28,017,"Mississippi","Chickasaw County",2,41,218,125,93
050,28,017,"Mississippi","Chickasaw County",2,42,179,91,88
050,28,017,"Mississippi","Chickasaw County",2,43,205,101,104
050,28,017,"Mississippi","Chickasaw County",2,44,183,94,89
050,28,017,"Mississippi","Chickasaw County",2,45,181,94,87
050,28,017,"Mississippi","Chickasaw County",2,46,173,84,89
050,28,017,"Mississippi","Chickasaw County",2,47,174,85,89
050,28,017,"Mississippi","Chickasaw County",2,48,190,103,87
050,28,017,"Mississippi","Chickasaw County",2,49,199,101,98
050,28,017,"Mississippi","Chickasaw County",2,50,201,103,98
050,28,017,"Mississippi","Chickasaw County",2,51,212,107,105
050,28,017,"Mississippi","Chickasaw County",2,52,213,102,111
050,28,017,"Mississippi","Chickasaw County",2,53,195,85,110
050,28,017,"Mississippi","Chickasaw County",2,54,201,92,109
050,28,017,"Mississippi","Chickasaw County",2,55,228,112,116
050,28,017,"Mississippi","Chickasaw County",2,56,221,111,110
050,28,017,"Mississippi","Chickasaw County",2,57,225,107,118
050,28,017,"Mississippi","Chickasaw County",2,58,235,106,129
050,28,017,"Mississippi","Chickasaw County",2,59,212,100,112
050,28,017,"Mississippi","Chickasaw County",2,60,210,96,114
050,28,017,"Mississippi","Chickasaw County",2,61,205,98,107
050,28,017,"Mississippi","Chickasaw County",2,62,214,99,115
050,28,017,"Mississippi","Chickasaw County",2,63,215,98,117
050,28,017,"Mississippi","Chickasaw County",2,64,219,105,114
050,28,017,"Mississippi","Chickasaw County",2,65,212,100,112
050,28,017,"Mississippi","Chickasaw County",2,66,195,94,101
050,28,017,"Mississippi","Chickasaw County",2,67,199,97,102
050,28,017,"Mississippi","Chickasaw County",2,68,179,90,89
050,28,017,"Mississippi","Chickasaw County",2,69,178,87,91
050,28,017,"Mississippi","Chickasaw County",2,70,180,83,97
050,28,017,"Mississippi","Chickasaw County",2,71,169,79,90
050,28,017,"Mississippi","Chickasaw County",2,72,156,79,77
050,28,017,"Mississippi","Chickasaw County",2,73,163,78,85
050,28,017,"Mississippi","Chickasaw County",2,74,129,52,77
050,28,017,"Mississippi","Chickasaw County",2,75,121,47,74
050,28,017,"Mississippi","Chickasaw County",2,76,125,52,73
050,28,017,"Mississippi","Chickasaw County",2,77,137,55,82
050,28,017,"Mississippi","Chickasaw County",2,78,107,47,60
050,28,017,"Mississippi","Chickasaw County",2,79,87,37,50
050,28,017,"Mississippi","Chickasaw County",2,80,83,35,48
050,28,017,"Mississippi","Chickasaw County",2,81,77,36,41
050,28,017,"Mississippi","Chickasaw County",2,82,81,31,50
050,28,017,"Mississippi","Chickasaw County",2,83,68,23,45
050,28,017,"Mississippi","Chickasaw County",2,84,71,29,42
050,28,017,"Mississippi","Chickasaw County",2,85,351,112,239
050,28,017,"Mississippi","Chickasaw County",3,0,222,113,109
050,28,017,"Mississippi","Chickasaw County",3,1,234,124,110
050,28,017,"Mississippi","Chickasaw County",3,2,222,113,109
050,28,017,"Mississippi","Chickasaw County",3,3,235,121,114
050,28,017,"Mississippi","Chickasaw County",3,4,238,128,110
050,28,017,"Mississippi","Chickasaw County",3,5,234,121,113
050,28,017,"Mississippi","Chickasaw County",3,6,247,123,124
050,28,017,"Mississippi","Chickasaw County",3,7,216,108,108
050,28,017,"Mississippi","Chickasaw County",3,8,228,112,116
050,28,017,"Mississippi","Chickasaw County",3,9,218,114,104
050,28,017,"Mississippi","Chickasaw County",3,10,218,116,102
050,28,017,"Mississippi","Chickasaw County",3,11,249,121,128
050,28,017,"Mississippi","Chickasaw County",3,12,248,121,127
050,28,017,"Mississippi","Chickasaw County",3,13,261,138,123
050,28,017,"Mississippi","Chickasaw County",3,14,238,117,121
050,28,017,"Mississippi","Chickasaw County",3,15,227,122,105
050,28,017,"Mississippi","Chickasaw County",3,16,216,105,111
050,28,017,"Mississippi","Chickasaw County",3,17,242,115,127
050,28,017,"Mississippi","Chickasaw County",3,18,206,99,107
050,28,017,"Mississippi","Chickasaw County",3,19,179,97,82
050,28,017,"Mississippi","Chickasaw County",3,20,212,113,99
050,28,017,"Mississippi","Chickasaw County",3,21,188,109,79
050,28,017,"Mississippi","Chickasaw County",3,22,205,117,88
050,28,017,"Mississippi","Chickasaw County",3,23,216,118,98
050,28,017,"Mississippi","Chickasaw County",3,24,230,123,107
050,28,017,"Mississippi","Chickasaw County",3,25,208,105,103
050,28,017,"Mississippi","Chickasaw County",3,26,236,130,106
050,28,017,"Mississippi","Chickasaw County",3,27,220,110,110
050,28,017,"Mississippi","Chickasaw County",3,28,234,125,109
050,28,017,"Mississippi","Chickasaw County",3,29,224,109,115
050,28,017,"Mississippi","Chickasaw County",3,30,252,123,129
050,28,017,"Mississippi","Chickasaw County",3,31,233,104,129
050,28,017,"Mississippi","Chickasaw County",3,32,206,110,96
050,28,017,"Mississippi","Chickasaw County",3,33,197,102,95
050,28,017,"Mississippi","Chickasaw County",3,34,201,104,97
050,28,017,"Mississippi","Chickasaw County",3,35,180,86,94
050,28,017,"Mississippi","Chickasaw County",3,36,203,112,91
050,28,017,"Mississippi","Chickasaw County",3,37,192,96,96
050,28,017,"Mississippi","Chickasaw County",3,38,201,100,101
050,28,017,"Mississippi","Chickasaw County",3,39,211,107,104
050,28,017,"Mississippi","Chickasaw County",3,40,189,96,93
050,28,017,"Mississippi","Chickasaw County",3,41,209,119,90
050,28,017,"Mississippi","Chickasaw County",3,42,189,100,89
050,28,017,"Mississippi","Chickasaw County",3,43,193,98,95
050,28,017,"Mississippi","Chickasaw County",3,44,196,98,98
050,28,017,"Mississippi","Chickasaw County",3,45,178,93,85
050,28,017,"Mississippi","Chickasaw County",3,46,187,97,90
050,28,017,"Mississippi","Chickasaw County",3,47,175,84,91
050,28,017,"Mississippi","Chickasaw County",3,48,170,81,89
050,28,017,"Mississippi","Chickasaw County",3,49,180,92,88
050,28,017,"Mississippi","Chickasaw County",3,50,199,103,96
050,28,017,"Mississippi","Chickasaw County",3,51,209,107,102
050,28,017,"Mississippi","Chickasaw County",3,52,199,102,97
050,28,017,"Mississippi","Chickasaw County",3,53,215,104,111
050,28,017,"Mississippi","Chickasaw County",3,54,192,83,109
050,28,017,"Mississippi","Chickasaw County",3,55,212,99,113
050,28,017,"Mississippi","Chickasaw County",3,56,222,103,119
050,28,017,"Mississippi","Chickasaw County",3,57,217,110,107
050,28,017,"Mississippi","Chickasaw County",3,58,221,105,116
050,28,017,"Mississippi","Chickasaw County",3,59,236,102,134
050,28,017,"Mississippi","Chickasaw County",3,60,219,103,116
050,28,017,"Mississippi","Chickasaw County",3,61,208,94,114
050,28,017,"Mississippi","Chickasaw County",3,62,203,98,105
050,28,017,"Mississippi","Chickasaw County",3,63,211,98,113
050,28,017,"Mississippi","Chickasaw County",3,64,209,92,117
050,28,017,"Mississippi","Chickasaw County",3,65,215,107,108
050,28,017,"Mississippi","Chickasaw County",3,66,207,97,110
050,28,017,"Mississippi","Chickasaw County",3,67,195,96,99
050,28,017,"Mississippi","Chickasaw County",3,68,199,96,103
050,28,017,"Mississippi","Chickasaw County",3,69,169,84,85
050,28,017,"Mississippi","Chickasaw County",3,70,175,83,92
050,28,017,"Mississippi","Chickasaw County",3,71,179,84,95
050,28,017,"Mississippi","Chickasaw County",3,72,170,76,94
050,28,017,"Mississippi","Chickasaw County",3,73,150,77,73
050,28,017,"Mississippi","Chickasaw County",3,74,162,74,88
050,28,017,"Mississippi","Chickasaw County",3,75,122,50,72
050,28,017,"Mississippi","Chickasaw County",3,76,119,46,73
050,28,017,"Mississippi","Chickasaw County",3,77,122,48,74
050,28,017,"Mississippi","Chickasaw County",3,78,126,53,73
050,28,017,"Mississippi","Chickasaw County",3,79,107,47,60
050,28,017,"Mississippi","Chickasaw County",3,80,82,33,49
050,28,017,"Mississippi","Chickasaw County",3,81,70,29,41
050,28,017,"Mississippi","Chickasaw County",3,82,76,36,40
050,28,017,"Mississippi","Chickasaw County",3,83,78,32,46
050,28,017,"Mississippi","Chickasaw County",3,84,63,22,41
050,28,017,"Mississippi","Chickasaw County",3,85,356,121,235
050,28,017,"Mississippi","Chickasaw County",4,0,223,109,114
050,28,017,"Mississippi","Chickasaw County",4,1,215,108,107
050,28,017,"Mississippi","Chickasaw County",4,2,218,116,102
050,28,017,"Mississippi","Chickasaw County",4,3,228,118,110
050,28,017,"Mississippi","Chickasaw County",4,4,234,121,113
050,28,017,"Mississippi","Chickasaw County",4,5,240,128,112
050,28,017,"Mississippi","Chickasaw County",4,6,222,106,116
050,28,017,"Mississippi","Chickasaw County",4,7,226,103,123
050,28,017,"Mississippi","Chickasaw County",4,8,216,111,105
050,28,017,"Mississippi","Chickasaw County",4,9,229,118,111
050,28,017,"Mississippi","Chickasaw County",4,10,220,110,110
050,28,017,"Mississippi","Chickasaw County",4,11,232,124,108
050,28,017,"Mississippi","Chickasaw County",4,12,251,123,128
050,28,017,"Mississippi","Chickasaw County",4,13,243,121,122
050,28,017,"Mississippi","Chickasaw County",4,14,263,140,123
050,28,017,"Mississippi","Chickasaw County",4,15,245,123,122
050,28,017,"Mississippi","Chickasaw County",4,16,232,125,107
050,28,017,"Mississippi","Chickasaw County",4,17,218,106,112
050,28,017,"Mississippi","Chickasaw County",4,18,214,108,106
050,28,017,"Mississippi","Chickasaw County",4,19,173,84,89
050,28,017,"Mississippi","Chickasaw County",4,20,186,104,82
050,28,017,"Mississippi","Chickasaw County",4,21,205,103,102
050,28,017,"Mississippi","Chickasaw County",4,22,206,122,84
050,28,017,"Mississippi","Chickasaw County",4,23,217,124,93
050,28,017,"Mississippi","Chickasaw County",4,24,208,114,94
050,28,017,"Mississippi","Chickasaw County",4,25,209,110,99
050,28,017,"Mississippi","Chickasaw County",4,26,212,105,107
050,28,017,"Mississippi","Chickasaw County",4,27,222,115,107
050,28,017,"Mississippi","Chickasaw County",4,28,228,113,115
050,28,017,"Mississippi","Chickasaw County",4,29,215,120,95
050,28,017,"Mississippi","Chickasaw County",4,30,233,111,122
050,28,017,"Mississippi","Chickasaw County",4,31,222,100,122
050,28,017,"Mississippi","Chickasaw County",4,32,240,107,133
050,28,017,"Mississippi","Chickasaw County",4,33,196,107,89
050,28,017,"Mississippi","Chickasaw County",4,34,213,117,96
050,28,017,"Mississippi","Chickasaw County",4,35,193,99,94
050,28,017,"Mississippi","Chickasaw County",4,36,180,91,89
050,28,017,"Mississippi","Chickasaw County",4,37,188,97,91
050,28,017,"Mississippi","Chickasaw County",4,38,191,86,105
050,28,017,"Mississippi","Chickasaw County",4,39,219,122,97
050,28,017,"Mississippi","Chickasaw County",4,40,205,103,102
050,28,017,"Mississippi","Chickasaw County",4,41,210,111,99
050,28,017,"Mississippi","Chickasaw County",4,42,183,91,92
050,28,017,"Mississippi","Chickasaw County",4,43,200,102,98
050,28,017,"Mississippi","Chickasaw County",4,44,186,93,93
050,28,017,"Mississippi","Chickasaw County",4,45,181,90,91
050,28,017,"Mississippi","Chickasaw County",4,46,180,95,85
050,28,017,"Mississippi","Chickasaw County",4,47,193,102,91
050,28,017,"Mississippi","Chickasaw County",4,48,166,74,92
050,28,017,"Mississippi","Chickasaw County",4,49,166,77,89
050,28,017,"Mississippi","Chickasaw County",4,50,176,88,88
050,28,017,"Mississippi","Chickasaw County",4,51,207,106,101
050,28,017,"Mississippi","Chickasaw County",4,52,206,105,101
050,28,017,"Mississippi","Chickasaw County",4,53,197,98,99
050,28,017,"Mississippi","Chickasaw County",4,54,216,106,110
050,28,017,"Mississippi","Chickasaw County",4,55,189,82,107
050,28,017,"Mississippi","Chickasaw County",4,56,203,97,106
050,28,017,"Mississippi","Chickasaw County",4,57,217,103,114
050,28,017,"Mississippi","Chickasaw County",4,58,217,109,108
050,28,017,"Mississippi","Chickasaw County",4,59,217,101,116
050,28,017,"Mississippi","Chickasaw County",4,60,230,99,131
050,28,017,"Mississippi","Chickasaw County",4,61,210,96,114
050,28,017,"Mississippi","Chickasaw County",4,62,205,95,110
050,28,017,"Mississippi","Chickasaw County",4,63,198,97,101
050,28,017,"Mississippi","Chickasaw County",4,64,210,94,116
050,28,017,"Mississippi","Chickasaw County",4,65,200,89,111
050,28,017,"Mississippi","Chickasaw County",4,66,209,107,102
050,28,017,"Mississippi","Chickasaw County",4,67,196,91,105
050,28,017,"Mississippi","Chickasaw County",4,68,192,92,100
050,28,017,"Mississippi","Chickasaw County",4,69,190,93,97
050,28,017,"Mississippi","Chickasaw County",4,70,164,74,90
050,28,017,"Mississippi","Chickasaw County",4,71,173,82,91
050,28,017,"Mississippi","Chickasaw County",4,72,179,78,101
050,28,017,"Mississippi","Chickasaw County",4,73,157,75,82
050,28,017,"Mississippi","Chickasaw County",4,74,141,69,72
050,28,017,"Mississippi","Chickasaw County",4,75,156,74,82
050,28,017,"Mississippi","Chickasaw County",4,76,113,46,67
050,28,017,"Mississippi","Chickasaw County",4,77,112,41,71
050,28,017,"Mississippi","Chickasaw County",4,78,113,43,70
050,28,017,"Mississippi","Chickasaw County",4,79,124,55,69
050,28,017,"Mississippi","Chickasaw County",4,80,102,42,60
050,28,017,"Mississippi","Chickasaw County",4,81,72,28,44
050,28,017,"Mississippi","Chickasaw County",4,82,66,25,41
050,28,017,"Mississippi","Chickasaw County",4,83,69,34,35
050,28,017,"Mississippi","Chickasaw County",4,84,75,32,43
050,28,017,"Mississippi","Chickasaw County",4,85,367,128,239
050,28,017,"Mississippi","Chickasaw County",5,0,230,112,118
050,28,017,"Mississippi","Chickasaw County",5,1,220,109,111
050,28,017,"Mississippi","Chickasaw County",5,2,215,105,110
050,28,017,"Mississippi","Chickasaw County",5,3,220,120,100
050,28,017,"Mississippi","Chickasaw County",5,4,232,116,116
050,28,017,"Mississippi","Chickasaw County",5,5,242,126,116
050,28,017,"Mississippi","Chickasaw County",5,6,233,131,102
050,28,017,"Mississippi","Chickasaw County",5,7,228,111,117
050,28,017,"Mississippi","Chickasaw County",5,8,231,109,122
050,28,017,"Mississippi","Chickasaw County",5,9,216,118,98
050,28,017,"Mississippi","Chickasaw County",5,10,223,111,112
050,28,017,"Mississippi","Chickasaw County",5,11,214,108,106
050,28,017,"Mississippi","Chickasaw County",5,12,216,110,106
050,28,017,"Mississippi","Chickasaw County",5,13,260,131,129
050,28,017,"Mississippi","Chickasaw County",5,14,245,124,121
050,28,017,"Mississippi","Chickasaw County",5,15,261,140,121
050,28,017,"Mississippi","Chickasaw County",5,16,237,116,121
050,28,017,"Mississippi","Chickasaw County",5,17,237,129,108
050,28,017,"Mississippi","Chickasaw County",5,18,198,102,96
050,28,017,"Mississippi","Chickasaw County",5,19,180,93,87
050,28,017,"Mississippi","Chickasaw County",5,20,194,98,96
050,28,017,"Mississippi","Chickasaw County",5,21,179,97,82
050,28,017,"Mississippi","Chickasaw County",5,22,223,117,106
050,28,017,"Mississippi","Chickasaw County",5,23,219,127,92
050,28,017,"Mississippi","Chickasaw County",5,24,209,121,88
050,28,017,"Mississippi","Chickasaw County",5,25,194,98,96
050,28,017,"Mississippi","Chickasaw County",5,26,202,107,95
050,28,017,"Mississippi","Chickasaw County",5,27,215,101,114
050,28,017,"Mississippi","Chickasaw County",5,28,238,130,108
050,28,017,"Mississippi","Chickasaw County",5,29,224,117,107
050,28,017,"Mississippi","Chickasaw County",5,30,225,125,100
050,28,017,"Mississippi","Chickasaw County",5,31,207,96,111
050,28,017,"Mississippi","Chickasaw County",5,32,227,112,115
050,28,017,"Mississippi","Chickasaw County",5,33,230,100,130
050,28,017,"Mississippi","Chickasaw County",5,34,208,113,95
050,28,017,"Mississippi","Chickasaw County",5,35,203,107,96
050,28,017,"Mississippi","Chickasaw County",5,36,211,116,95
050,28,017,"Mississippi","Chickasaw County",5,37,166,75,91
050,28,017,"Mississippi","Chickasaw County",5,38,188,96,92
050,28,017,"Mississippi","Chickasaw County",5,39,199,102,97
050,28,017,"Mississippi","Chickasaw County",5,40,207,109,98
050,28,017,"Mississippi","Chickasaw County",5,41,230,122,108
050,28,017,"Mississippi","Chickasaw County",5,42,195,92,103
050,28,017,"Mississippi","Chickasaw County",5,43,194,96,98
050,28,017,"Mississippi","Chickasaw County",5,44,184,97,87
050,28,017,"Mississippi","Chickasaw County",5,45,186,95,91
050,28,017,"Mississippi","Chickasaw County",5,46,177,89,88
050,28,017,"Mississippi","Chickasaw County",5,47,177,94,83
050,28,017,"Mississippi","Chickasaw County",5,48,196,103,93
050,28,017,"Mississippi","Chickasaw County",5,49,170,72,98
050,28,017,"Mississippi","Chickasaw County",5,50,167,76,91
050,28,017,"Mississippi","Chickasaw County",5,51,190,93,97
050,28,017,"Mississippi","Chickasaw County",5,52,201,103,98
050,28,017,"Mississippi","Chickasaw County",5,53,207,102,105
050,28,017,"Mississippi","Chickasaw County",5,54,202,102,100
050,28,017,"Mississippi","Chickasaw County",5,55,220,113,107
050,28,017,"Mississippi","Chickasaw County",5,56,189,82,107
050,28,017,"Mississippi","Chickasaw County",5,57,201,98,103
050,28,017,"Mississippi","Chickasaw County",5,58,213,99,114
050,28,017,"Mississippi","Chickasaw County",5,59,214,105,109
050,28,017,"Mississippi","Chickasaw County",5,60,213,97,116
050,28,017,"Mississippi","Chickasaw County",5,61,226,95,131
050,28,017,"Mississippi","Chickasaw County",5,62,205,95,110
050,28,017,"Mississippi","Chickasaw County",5,63,198,93,105
050,28,017,"Mississippi","Chickasaw County",5,64,192,91,101
050,28,017,"Mississippi","Chickasaw County",5,65,208,94,114
050,28,017,"Mississippi","Chickasaw County",5,66,196,86,110
050,28,017,"Mississippi","Chickasaw County",5,67,199,102,97
050,28,017,"Mississippi","Chickasaw County",5,68,197,92,105
050,28,017,"Mississippi","Chickasaw County",5,69,182,88,94
050,28,017,"Mississippi","Chickasaw County",5,70,186,89,97
050,28,017,"Mississippi","Chickasaw County",5,71,164,76,88
050,28,017,"Mississippi","Chickasaw County",5,72,169,75,94
050,28,017,"Mississippi","Chickasaw County",5,73,168,75,93
050,28,017,"Mississippi","Chickasaw County",5,74,151,68,83
050,28,017,"Mississippi","Chickasaw County",5,75,132,68,64
050,28,017,"Mississippi","Chickasaw County",5,76,153,74,79
050,28,017,"Mississippi","Chickasaw County",5,77,109,43,66
050,28,017,"Mississippi","Chickasaw County",5,78,102,35,67
050,28,017,"Mississippi","Chickasaw County",5,79,108,44,64
050,28,017,"Mississippi","Chickasaw County",5,80,112,46,66
050,28,017,"Mississippi","Chickasaw County",5,81,90,37,53
050,28,017,"Mississippi","Chickasaw County",5,82,69,25,44
050,28,017,"Mississippi","Chickasaw County",5,83,60,23,37
050,28,017,"Mississippi","Chickasaw County",5,84,65,33,32
050,28,017,"Mississippi","Chickasaw County",5,85,393,141,252
050,28,019,"Mississippi","Choctaw County",1,0,77,41,36
050,28,019,"Mississippi","Choctaw County",1,1,94,50,44
050,28,019,"Mississippi","Choctaw County",1,2,92,49,43
050,28,019,"Mississippi","Choctaw County",1,3,86,38,48
050,28,019,"Mississippi","Choctaw County",1,4,89,42,47
050,28,019,"Mississippi","Choctaw County",1,5,92,57,35
050,28,019,"Mississippi","Choctaw County",1,6,98,53,45
050,28,019,"Mississippi","Choctaw County",1,7,94,48,46
050,28,019,"Mississippi","Choctaw County",1,8,86,47,39
050,28,019,"Mississippi","Choctaw County",1,9,99,52,47
050,28,019,"Mississippi","Choctaw County",1,10,109,56,53
050,28,019,"Mississippi","Choctaw County",1,11,119,55,64
050,28,019,"Mississippi","Choctaw County",1,12,116,60,56
050,28,019,"Mississippi","Choctaw County",1,13,111,58,53
050,28,019,"Mississippi","Choctaw County",1,14,113,63,50
050,28,019,"Mississippi","Choctaw County",1,15,108,61,47
050,28,019,"Mississippi","Choctaw County",1,16,105,58,47
050,28,019,"Mississippi","Choctaw County",1,17,101,58,43
050,28,019,"Mississippi","Choctaw County",1,18,81,42,39
050,28,019,"Mississippi","Choctaw County",1,19,67,36,31
050,28,019,"Mississippi","Choctaw County",1,20,85,47,38
050,28,019,"Mississippi","Choctaw County",1,21,88,45,43
050,28,019,"Mississippi","Choctaw County",1,22,91,45,46
050,28,019,"Mississippi","Choctaw County",1,23,72,39,33
050,28,019,"Mississippi","Choctaw County",1,24,98,43,55
050,28,019,"Mississippi","Choctaw County",1,25,93,39,54
050,28,019,"Mississippi","Choctaw County",1,26,88,42,46
050,28,019,"Mississippi","Choctaw County",1,27,86,41,45
050,28,019,"Mississippi","Choctaw County",1,28,91,45,46
050,28,019,"Mississippi","Choctaw County",1,29,93,43,50
050,28,019,"Mississippi","Choctaw County",1,30,108,50,58
050,28,019,"Mississippi","Choctaw County",1,31,102,56,46
050,28,019,"Mississippi","Choctaw County",1,32,87,47,40
050,28,019,"Mississippi","Choctaw County",1,33,85,42,43
050,28,019,"Mississippi","Choctaw County",1,34,97,48,49
050,28,019,"Mississippi","Choctaw County",1,35,93,37,56
050,28,019,"Mississippi","Choctaw County",1,36,71,30,41
050,28,019,"Mississippi","Choctaw County",1,37,78,38,40
050,28,019,"Mississippi","Choctaw County",1,38,92,42,50
050,28,019,"Mississippi","Choctaw County",1,39,86,46,40
050,28,019,"Mississippi","Choctaw County",1,40,91,50,41
050,28,019,"Mississippi","Choctaw County",1,41,104,52,52
050,28,019,"Mississippi","Choctaw County",1,42,94,39,55
050,28,019,"Mississippi","Choctaw County",1,43,97,46,51
050,28,019,"Mississippi","Choctaw County",1,44,95,47,48
050,28,019,"Mississippi","Choctaw County",1,45,84,43,41
050,28,019,"Mississippi","Choctaw County",1,46,86,46,40
050,28,019,"Mississippi","Choctaw County",1,47,100,50,50
050,28,019,"Mississippi","Choctaw County",1,48,106,51,55
050,28,019,"Mississippi","Choctaw County",1,49,100,45,55
050,28,019,"Mississippi","Choctaw County",1,50,101,48,53
050,28,019,"Mississippi","Choctaw County",1,51,108,53,55
050,28,019,"Mississippi","Choctaw County",1,52,105,55,50
050,28,019,"Mississippi","Choctaw County",1,53,100,51,49
050,28,019,"Mississippi","Choctaw County",1,54,108,61,47
050,28,019,"Mississippi","Choctaw County",1,55,114,54,60
050,28,019,"Mississippi","Choctaw County",1,56,125,65,60
050,28,019,"Mississippi","Choctaw County",1,57,115,64,51
050,28,019,"Mississippi","Choctaw County",1,58,118,60,58
050,28,019,"Mississippi","Choctaw County",1,59,137,74,63
050,28,019,"Mississippi","Choctaw County",1,60,131,66,65
050,28,019,"Mississippi","Choctaw County",1,61,121,48,73
050,28,019,"Mississippi","Choctaw County",1,62,110,59,51
050,28,019,"Mississippi","Choctaw County",1,63,112,60,52
050,28,019,"Mississippi","Choctaw County",1,64,106,60,46
050,28,019,"Mississippi","Choctaw County",1,65,122,58,64
050,28,019,"Mississippi","Choctaw County",1,66,123,60,63
050,28,019,"Mississippi","Choctaw County",1,67,101,49,52
050,28,019,"Mississippi","Choctaw County",1,68,100,42,58
050,28,019,"Mississippi","Choctaw County",1,69,113,51,62
050,28,019,"Mississippi","Choctaw County",1,70,107,45,62
050,28,019,"Mississippi","Choctaw County",1,71,92,39,53
050,28,019,"Mississippi","Choctaw County",1,72,106,55,51
050,28,019,"Mississippi","Choctaw County",1,73,92,43,49
050,28,019,"Mississippi","Choctaw County",1,74,61,33,28
050,28,019,"Mississippi","Choctaw County",1,75,79,39,40
050,28,019,"Mississippi","Choctaw County",1,76,88,39,49
050,28,019,"Mississippi","Choctaw County",1,77,93,38,55
050,28,019,"Mississippi","Choctaw County",1,78,61,21,40
050,28,019,"Mississippi","Choctaw County",1,79,56,17,39
050,28,019,"Mississippi","Choctaw County",1,80,53,19,34
050,28,019,"Mississippi","Choctaw County",1,81,57,18,39
050,28,019,"Mississippi","Choctaw County",1,82,59,27,32
050,28,019,"Mississippi","Choctaw County",1,83,47,19,28
050,28,019,"Mississippi","Choctaw County",1,84,42,16,26
050,28,019,"Mississippi","Choctaw County",1,85,208,83,125
050,28,019,"Mississippi","Choctaw County",2,0,78,42,36
050,28,019,"Mississippi","Choctaw County",2,1,91,48,43
050,28,019,"Mississippi","Choctaw County",2,2,94,51,43
050,28,019,"Mississippi","Choctaw County",2,3,86,39,47
050,28,019,"Mississippi","Choctaw County",2,4,87,41,46
050,28,019,"Mississippi","Choctaw County",2,5,92,54,38
050,28,019,"Mississippi","Choctaw County",2,6,97,54,43
050,28,019,"Mississippi","Choctaw County",2,7,94,48,46
050,28,019,"Mississippi","Choctaw County",2,8,87,48,39
050,28,019,"Mississippi","Choctaw County",2,9,96,51,45
050,28,019,"Mississippi","Choctaw County",2,10,105,54,51
050,28,019,"Mississippi","Choctaw County",2,11,116,55,61
050,28,019,"Mississippi","Choctaw County",2,12,116,59,57
050,28,019,"Mississippi","Choctaw County",2,13,111,58,53
050,28,019,"Mississippi","Choctaw County",2,14,112,60,52
050,28,019,"Mississippi","Choctaw County",2,15,107,60,47
050,28,019,"Mississippi","Choctaw County",2,16,104,58,46
050,28,019,"Mississippi","Choctaw County",2,17,101,57,44
050,28,019,"Mississippi","Choctaw County",2,18,81,44,37
050,28,019,"Mississippi","Choctaw County",2,19,67,34,33
050,28,019,"Mississippi","Choctaw County",2,20,83,45,38
050,28,019,"Mississippi","Choctaw County",2,21,90,47,43
050,28,019,"Mississippi","Choctaw County",2,22,89,43,46
050,28,019,"Mississippi","Choctaw County",2,23,76,39,37
050,28,019,"Mississippi","Choctaw County",2,24,91,42,49
050,28,019,"Mississippi","Choctaw County",2,25,95,42,53
050,28,019,"Mississippi","Choctaw County",2,26,88,41,47
050,28,019,"Mississippi","Choctaw County",2,27,87,41,46
050,28,019,"Mississippi","Choctaw County",2,28,90,44,46
050,28,019,"Mississippi","Choctaw County",2,29,95,44,51
050,28,019,"Mississippi","Choctaw County",2,30,105,48,57
050,28,019,"Mississippi","Choctaw County",2,31,102,54,48
050,28,019,"Mississippi","Choctaw County",2,32,91,50,41
050,28,019,"Mississippi","Choctaw County",2,33,85,42,43
050,28,019,"Mississippi","Choctaw County",2,34,94,47,47
050,28,019,"Mississippi","Choctaw County",2,35,93,39,54
050,28,019,"Mississippi","Choctaw County",2,36,74,30,44
050,28,019,"Mississippi","Choctaw County",2,37,76,37,39
050,28,019,"Mississippi","Choctaw County",2,38,88,41,47
050,28,019,"Mississippi","Choctaw County",2,39,83,42,41
050,28,019,"Mississippi","Choctaw County",2,40,90,49,41
050,28,019,"Mississippi","Choctaw County",2,41,102,52,50
050,28,019,"Mississippi","Choctaw County",2,42,96,42,54
050,28,019,"Mississippi","Choctaw County",2,43,99,46,53
050,28,019,"Mississippi","Choctaw County",2,44,94,46,48
050,28,019,"Mississippi","Choctaw County",2,45,87,44,43
050,28,019,"Mississippi","Choctaw County",2,46,86,45,41
050,28,019,"Mississippi","Choctaw County",2,47,96,49,47
050,28,019,"Mississippi","Choctaw County",2,48,105,51,54
050,28,019,"Mississippi","Choctaw County",2,49,103,47,56
050,28,019,"Mississippi","Choctaw County",2,50,101,48,53
050,28,019,"Mississippi","Choctaw County",2,51,104,50,54
050,28,019,"Mississippi","Choctaw County",2,52,105,54,51
050,28,019,"Mississippi","Choctaw County",2,53,102,52,50
050,28,019,"Mississippi","Choctaw County",2,54,105,58,47
050,28,019,"Mississippi","Choctaw County",2,55,112,55,57
050,28,019,"Mississippi","Choctaw County",2,56,120,61,59
050,28,019,"Mississippi","Choctaw County",2,57,116,63,53
050,28,019,"Mississippi","Choctaw County",2,58,116,60,56
050,28,019,"Mississippi","Choctaw County",2,59,132,70,62
050,28,019,"Mississippi","Choctaw County",2,60,131,67,64
050,28,019,"Mississippi","Choctaw County",2,61,122,51,71
050,28,019,"Mississippi","Choctaw County",2,62,112,56,56
050,28,019,"Mississippi","Choctaw County",2,63,111,59,52
050,28,019,"Mississippi","Choctaw County",2,64,106,60,46
050,28,019,"Mississippi","Choctaw County",2,65,116,58,58
050,28,019,"Mississippi","Choctaw County",2,66,121,58,63
050,28,019,"Mississippi","Choctaw County",2,67,108,53,55
050,28,019,"Mississippi","Choctaw County",2,68,97,42,55
050,28,019,"Mississippi","Choctaw County",2,69,110,49,61
050,28,019,"Mississippi","Choctaw County",2,70,109,46,63
050,28,019,"Mississippi","Choctaw County",2,71,95,40,55
050,28,019,"Mississippi","Choctaw County",2,72,101,50,51
050,28,019,"Mississippi","Choctaw County",2,73,100,48,52
050,28,019,"Mississippi","Choctaw County",2,74,62,32,30
050,28,019,"Mississippi","Choctaw County",2,75,75,37,38
050,28,019,"Mississippi","Choctaw County",2,76,83,39,44
050,28,019,"Mississippi","Choctaw County",2,77,95,40,55
050,28,019,"Mississippi","Choctaw County",2,78,66,22,44
050,28,019,"Mississippi","Choctaw County",2,79,56,17,39
050,28,019,"Mississippi","Choctaw County",2,80,54,17,37
050,28,019,"Mississippi","Choctaw County",2,81,55,18,37
050,28,019,"Mississippi","Choctaw County",2,82,57,24,33
050,28,019,"Mississippi","Choctaw County",2,83,50,22,28
050,28,019,"Mississippi","Choctaw County",2,84,42,14,28
050,28,019,"Mississippi","Choctaw County",2,85,209,86,123
050,28,019,"Mississippi","Choctaw County",3,0,80,46,34
050,28,019,"Mississippi","Choctaw County",3,1,72,41,31
050,28,019,"Mississippi","Choctaw County",3,2,92,49,43
050,28,019,"Mississippi","Choctaw County",3,3,94,48,46
050,28,019,"Mississippi","Choctaw County",3,4,88,45,43
050,28,019,"Mississippi","Choctaw County",3,5,88,40,48
050,28,019,"Mississippi","Choctaw County",3,6,93,54,39
050,28,019,"Mississippi","Choctaw County",3,7,99,52,47
050,28,019,"Mississippi","Choctaw County",3,8,87,46,41
050,28,019,"Mississippi","Choctaw County",3,9,88,47,41
050,28,019,"Mississippi","Choctaw County",3,10,98,47,51
050,28,019,"Mississippi","Choctaw County",3,11,98,51,47
050,28,019,"Mississippi","Choctaw County",3,12,117,57,60
050,28,019,"Mississippi","Choctaw County",3,13,115,59,56
050,28,019,"Mississippi","Choctaw County",3,14,112,60,52
050,28,019,"Mississippi","Choctaw County",3,15,114,58,56
050,28,019,"Mississippi","Choctaw County",3,16,108,58,50
050,28,019,"Mississippi","Choctaw County",3,17,101,55,46
050,28,019,"Mississippi","Choctaw County",3,18,83,51,32
050,28,019,"Mississippi","Choctaw County",3,19,65,36,29
050,28,019,"Mississippi","Choctaw County",3,20,74,38,36
050,28,019,"Mississippi","Choctaw County",3,21,81,40,41
050,28,019,"Mississippi","Choctaw County",3,22,94,45,49
050,28,019,"Mississippi","Choctaw County",3,23,97,47,50
050,28,019,"Mississippi","Choctaw County",3,24,86,47,39
050,28,019,"Mississippi","Choctaw County",3,25,91,44,47
050,28,019,"Mississippi","Choctaw County",3,26,86,40,46
050,28,019,"Mississippi","Choctaw County",3,27,84,39,45
050,28,019,"Mississippi","Choctaw County",3,28,93,45,48
050,28,019,"Mississippi","Choctaw County",3,29,87,37,50
050,28,019,"Mississippi","Choctaw County",3,30,99,45,54
050,28,019,"Mississippi","Choctaw County",3,31,109,52,57
050,28,019,"Mississippi","Choctaw County",3,32,96,54,42
050,28,019,"Mississippi","Choctaw County",3,33,96,52,44
050,28,019,"Mississippi","Choctaw County",3,34,82,41,41
050,28,019,"Mississippi","Choctaw County",3,35,96,51,45
050,28,019,"Mississippi","Choctaw County",3,36,92,41,51
050,28,019,"Mississippi","Choctaw County",3,37,78,34,44
050,28,019,"Mississippi","Choctaw County",3,38,77,37,40
050,28,019,"Mississippi","Choctaw County",3,39,88,43,45
050,28,019,"Mississippi","Choctaw County",3,40,81,43,38
050,28,019,"Mississippi","Choctaw County",3,41,89,45,44
050,28,019,"Mississippi","Choctaw County",3,42,102,49,53
050,28,019,"Mississippi","Choctaw County",3,43,97,44,53
050,28,019,"Mississippi","Choctaw County",3,44,94,43,51
050,28,019,"Mississippi","Choctaw County",3,45,95,48,47
050,28,019,"Mississippi","Choctaw County",3,46,89,45,44
050,28,019,"Mississippi","Choctaw County",3,47,81,42,39
050,28,019,"Mississippi","Choctaw County",3,48,96,48,48
050,28,019,"Mississippi","Choctaw County",3,49,111,54,57
050,28,019,"Mississippi","Choctaw County",3,50,99,47,52
050,28,019,"Mississippi","Choctaw County",3,51,94,46,48
050,28,019,"Mississippi","Choctaw County",3,52,100,46,54
050,28,019,"Mississippi","Choctaw County",3,53,106,52,54
050,28,019,"Mississippi","Choctaw County",3,54,103,56,47
050,28,019,"Mississippi","Choctaw County",3,55,107,55,52
050,28,019,"Mississippi","Choctaw County",3,56,107,56,51
050,28,019,"Mississippi","Choctaw County",3,57,119,59,60
050,28,019,"Mississippi","Choctaw County",3,58,120,68,52
050,28,019,"Mississippi","Choctaw County",3,59,109,55,54
050,28,019,"Mississippi","Choctaw County",3,60,130,71,59
050,28,019,"Mississippi","Choctaw County",3,61,125,64,61
050,28,019,"Mississippi","Choctaw County",3,62,120,49,71
050,28,019,"Mississippi","Choctaw County",3,63,111,54,57
050,28,019,"Mississippi","Choctaw County",3,64,110,60,50
050,28,019,"Mississippi","Choctaw County",3,65,101,56,45
050,28,019,"Mississippi","Choctaw County",3,66,113,57,56
050,28,019,"Mississippi","Choctaw County",3,67,123,57,66
050,28,019,"Mississippi","Choctaw County",3,68,99,47,52
050,28,019,"Mississippi","Choctaw County",3,69,96,45,51
050,28,019,"Mississippi","Choctaw County",3,70,109,43,66
050,28,019,"Mississippi","Choctaw County",3,71,104,45,59
050,28,019,"Mississippi","Choctaw County",3,72,87,38,49
050,28,019,"Mississippi","Choctaw County",3,73,91,44,47
050,28,019,"Mississippi","Choctaw County",3,74,96,45,51
050,28,019,"Mississippi","Choctaw County",3,75,64,30,34
050,28,019,"Mississippi","Choctaw County",3,76,71,37,34
050,28,019,"Mississippi","Choctaw County",3,77,83,40,43
050,28,019,"Mississippi","Choctaw County",3,78,91,35,56
050,28,019,"Mississippi","Choctaw County",3,79,58,18,40
050,28,019,"Mississippi","Choctaw County",3,80,59,19,40
050,28,019,"Mississippi","Choctaw County",3,81,53,16,37
050,28,019,"Mississippi","Choctaw County",3,82,48,16,32
050,28,019,"Mississippi","Choctaw County",3,83,53,26,27
050,28,019,"Mississippi","Choctaw County",3,84,50,16,34
050,28,019,"Mississippi","Choctaw County",3,85,215,88,127
050,28,019,"Mississippi","Choctaw County",4,0,90,48,42
050,28,019,"Mississippi","Choctaw County",4,1,69,37,32
050,28,019,"Mississippi","Choctaw County",4,2,78,46,32
050,28,019,"Mississippi","Choctaw County",4,3,92,44,48
050,28,019,"Mississippi","Choctaw County",4,4,94,53,41
050,28,019,"Mississippi","Choctaw County",4,5,83,45,38
050,28,019,"Mississippi","Choctaw County",4,6,92,44,48
050,28,019,"Mississippi","Choctaw County",4,7,90,49,41
050,28,019,"Mississippi","Choctaw County",4,8,90,49,41
050,28,019,"Mississippi","Choctaw County",4,9,86,45,41
050,28,019,"Mississippi","Choctaw County",4,10,87,47,40
050,28,019,"Mississippi","Choctaw County",4,11,102,46,56
050,28,019,"Mississippi","Choctaw County",4,12,101,54,47
050,28,019,"Mississippi","Choctaw County",4,13,119,59,60
050,28,019,"Mississippi","Choctaw County",4,14,118,63,55
050,28,019,"Mississippi","Choctaw County",4,15,109,59,50
050,28,019,"Mississippi","Choctaw County",4,16,121,56,65
050,28,019,"Mississippi","Choctaw County",4,17,104,55,49
050,28,019,"Mississippi","Choctaw County",4,18,84,46,38
050,28,019,"Mississippi","Choctaw County",4,19,63,38,25
050,28,019,"Mississippi","Choctaw County",4,20,69,38,31
050,28,019,"Mississippi","Choctaw County",4,21,77,36,41
050,28,019,"Mississippi","Choctaw County",4,22,88,41,47
050,28,019,"Mississippi","Choctaw County",4,23,96,49,47
050,28,019,"Mississippi","Choctaw County",4,24,99,47,52
050,28,019,"Mississippi","Choctaw County",4,25,80,46,34
050,28,019,"Mississippi","Choctaw County",4,26,87,39,48
050,28,019,"Mississippi","Choctaw County",4,27,83,39,44
050,28,019,"Mississippi","Choctaw County",4,28,85,41,44
050,28,019,"Mississippi","Choctaw County",4,29,89,39,50
050,28,019,"Mississippi","Choctaw County",4,30,78,32,46
050,28,019,"Mississippi","Choctaw County",4,31,105,50,55
050,28,019,"Mississippi","Choctaw County",4,32,104,48,56
050,28,019,"Mississippi","Choctaw County",4,33,92,55,37
050,28,019,"Mississippi","Choctaw County",4,34,101,55,46
050,28,019,"Mississippi","Choctaw County",4,35,81,39,42
050,28,019,"Mississippi","Choctaw County",4,36,94,48,46
050,28,019,"Mississippi","Choctaw County",4,37,97,45,52
050,28,019,"Mississippi","Choctaw County",4,38,82,32,50
050,28,019,"Mississippi","Choctaw County",4,39,78,39,39
050,28,019,"Mississippi","Choctaw County",4,40,90,44,46
050,28,019,"Mississippi","Choctaw County",4,41,86,45,41
050,28,019,"Mississippi","Choctaw County",4,42,90,44,46
050,28,019,"Mississippi","Choctaw County",4,43,103,51,52
050,28,019,"Mississippi","Choctaw County",4,44,91,40,51
050,28,019,"Mississippi","Choctaw County",4,45,95,46,49
050,28,019,"Mississippi","Choctaw County",4,46,99,50,49
050,28,019,"Mississippi","Choctaw County",4,47,87,48,39
050,28,019,"Mississippi","Choctaw County",4,48,82,42,40
050,28,019,"Mississippi","Choctaw County",4,49,99,49,50
050,28,019,"Mississippi","Choctaw County",4,50,107,55,52
050,28,019,"Mississippi","Choctaw County",4,51,99,43,56
050,28,019,"Mississippi","Choctaw County",4,52,90,44,46
050,28,019,"Mississippi","Choctaw County",4,53,99,45,54
050,28,019,"Mississippi","Choctaw County",4,54,105,53,52
050,28,019,"Mississippi","Choctaw County",4,55,102,51,51
050,28,019,"Mississippi","Choctaw County",4,56,104,57,47
050,28,019,"Mississippi","Choctaw County",4,57,104,54,50
050,28,019,"Mississippi","Choctaw County",4,58,117,57,60
050,28,019,"Mississippi","Choctaw County",4,59,121,67,54
050,28,019,"Mississippi","Choctaw County",4,60,109,59,50
050,28,019,"Mississippi","Choctaw County",4,61,131,71,60
050,28,019,"Mississippi","Choctaw County",4,62,124,65,59
050,28,019,"Mississippi","Choctaw County",4,63,122,48,74
050,28,019,"Mississippi","Choctaw County",4,64,106,53,53
050,28,019,"Mississippi","Choctaw County",4,65,106,58,48
050,28,019,"Mississippi","Choctaw County",4,66,102,57,45
050,28,019,"Mississippi","Choctaw County",4,67,120,59,61
050,28,019,"Mississippi","Choctaw County",4,68,118,54,64
050,28,019,"Mississippi","Choctaw County",4,69,98,49,49
050,28,019,"Mississippi","Choctaw County",4,70,96,39,57
050,28,019,"Mississippi","Choctaw County",4,71,103,42,61
050,28,019,"Mississippi","Choctaw County",4,72,103,45,58
050,28,019,"Mississippi","Choctaw County",4,73,77,32,45
050,28,019,"Mississippi","Choctaw County",4,74,92,43,49
050,28,019,"Mississippi","Choctaw County",4,75,94,41,53
050,28,019,"Mississippi","Choctaw County",4,76,59,30,29
050,28,019,"Mississippi","Choctaw County",4,77,74,38,36
050,28,019,"Mississippi","Choctaw County",4,78,82,36,46
050,28,019,"Mississippi","Choctaw County",4,79,83,31,52
050,28,019,"Mississippi","Choctaw County",4,80,59,16,43
050,28,019,"Mississippi","Choctaw County",4,81,59,17,42
050,28,019,"Mississippi","Choctaw County",4,82,45,14,31
050,28,019,"Mississippi","Choctaw County",4,83,45,18,27
050,28,019,"Mississippi","Choctaw County",4,84,52,21,31
050,28,019,"Mississippi","Choctaw County",4,85,229,90,139
050,28,019,"Mississippi","Choctaw County",5,0,91,49,42
050,28,019,"Mississippi","Choctaw County",5,1,85,41,44
050,28,019,"Mississippi","Choctaw County",5,2,71,36,35
050,28,019,"Mississippi","Choctaw County",5,3,84,47,37
050,28,019,"Mississippi","Choctaw County",5,4,100,52,48
050,28,019,"Mississippi","Choctaw County",5,5,101,54,47
050,28,019,"Mississippi","Choctaw County",5,6,81,43,38
050,28,019,"Mississippi","Choctaw County",5,7,101,43,58
050,28,019,"Mississippi","Choctaw County",5,8,86,54,32
050,28,019,"Mississippi","Choctaw County",5,9,98,54,44
050,28,019,"Mississippi","Choctaw County",5,10,82,43,39
050,28,019,"Mississippi","Choctaw County",5,11,92,54,38
050,28,019,"Mississippi","Choctaw County",5,12,99,48,51
050,28,019,"Mississippi","Choctaw County",5,13,108,60,48
050,28,019,"Mississippi","Choctaw County",5,14,111,55,56
050,28,019,"Mississippi","Choctaw County",5,15,119,62,57
050,28,019,"Mississippi","Choctaw County",5,16,110,58,52
050,28,019,"Mississippi","Choctaw County",5,17,117,54,63
050,28,019,"Mississippi","Choctaw County",5,18,84,48,36
050,28,019,"Mississippi","Choctaw County",5,19,65,36,29
050,28,019,"Mississippi","Choctaw County",5,20,69,41,28
050,28,019,"Mississippi","Choctaw County",5,21,70,36,34
050,28,019,"Mississippi","Choctaw County",5,22,80,40,40
050,28,019,"Mississippi","Choctaw County",5,23,97,48,49
050,28,019,"Mississippi","Choctaw County",5,24,95,49,46
050,28,019,"Mississippi","Choctaw County",5,25,89,42,47
050,28,019,"Mississippi","Choctaw County",5,26,83,46,37
050,28,019,"Mississippi","Choctaw County",5,27,92,40,52
050,28,019,"Mississippi","Choctaw County",5,28,80,37,43
050,28,019,"Mississippi","Choctaw County",5,29,85,42,43
050,28,019,"Mississippi","Choctaw County",5,30,87,37,50
050,28,019,"Mississippi","Choctaw County",5,31,85,41,44
050,28,019,"Mississippi","Choctaw County",5,32,93,40,53
050,28,019,"Mississippi","Choctaw County",5,33,106,46,60
050,28,019,"Mississippi","Choctaw County",5,34,91,57,34
050,28,019,"Mississippi","Choctaw County",5,35,101,53,48
050,28,019,"Mississippi","Choctaw County",5,36,80,41,39
050,28,019,"Mississippi","Choctaw County",5,37,98,51,47
050,28,019,"Mississippi","Choctaw County",5,38,96,43,53
050,28,019,"Mississippi","Choctaw County",5,39,79,32,47
050,28,019,"Mississippi","Choctaw County",5,40,73,37,36
050,28,019,"Mississippi","Choctaw County",5,41,96,47,49
050,28,019,"Mississippi","Choctaw County",5,42,92,45,47
050,28,019,"Mississippi","Choctaw County",5,43,91,49,42
050,28,019,"Mississippi","Choctaw County",5,44,101,50,51
050,28,019,"Mississippi","Choctaw County",5,45,97,45,52
050,28,019,"Mississippi","Choctaw County",5,46,94,45,49
050,28,019,"Mississippi","Choctaw County",5,47,86,45,41
050,28,019,"Mississippi","Choctaw County",5,48,85,48,37
050,28,019,"Mississippi","Choctaw County",5,49,85,43,42
050,28,019,"Mississippi","Choctaw County",5,50,97,47,50
050,28,019,"Mississippi","Choctaw County",5,51,107,53,54
050,28,019,"Mississippi","Choctaw County",5,52,100,46,54
050,28,019,"Mississippi","Choctaw County",5,53,90,44,46
050,28,019,"Mississippi","Choctaw County",5,54,97,45,52
050,28,019,"Mississippi","Choctaw County",5,55,107,51,56
050,28,019,"Mississippi","Choctaw County",5,56,100,52,48
050,28,019,"Mississippi","Choctaw County",5,57,103,57,46
050,28,019,"Mississippi","Choctaw County",5,58,112,59,53
050,28,019,"Mississippi","Choctaw County",5,59,118,55,63
050,28,019,"Mississippi","Choctaw County",5,60,121,70,51
050,28,019,"Mississippi","Choctaw County",5,61,106,58,48
050,28,019,"Mississippi","Choctaw County",5,62,123,67,56
050,28,019,"Mississippi","Choctaw County",5,63,122,63,59
050,28,019,"Mississippi","Choctaw County",5,64,119,47,72
050,28,019,"Mississippi","Choctaw County",5,65,105,52,53
050,28,019,"Mississippi","Choctaw County",5,66,107,58,49
050,28,019,"Mississippi","Choctaw County",5,67,105,56,49
050,28,019,"Mississippi","Choctaw County",5,68,115,57,58
050,28,019,"Mississippi","Choctaw County",5,69,118,57,61
050,28,019,"Mississippi","Choctaw County",5,70,98,43,55
050,28,019,"Mississippi","Choctaw County",5,71,90,39,51
050,28,019,"Mississippi","Choctaw County",5,72,100,40,60
050,28,019,"Mississippi","Choctaw County",5,73,97,40,57
050,28,019,"Mississippi","Choctaw County",5,74,76,31,45
050,28,019,"Mississippi","Choctaw County",5,75,90,39,51
050,28,019,"Mississippi","Choctaw County",5,76,88,40,48
050,28,019,"Mississippi","Choctaw County",5,77,62,32,30
050,28,019,"Mississippi","Choctaw County",5,78,71,34,37
050,28,019,"Mississippi","Choctaw County",5,79,75,33,42
050,28,019,"Mississippi","Choctaw County",5,80,83,29,54
050,28,019,"Mississippi","Choctaw County",5,81,56,14,42
050,28,019,"Mississippi","Choctaw County",5,82,49,14,35
050,28,019,"Mississippi","Choctaw County",5,83,43,16,27
050,28,019,"Mississippi","Choctaw County",5,84,45,13,32
050,28,019,"Mississippi","Choctaw County",5,85,252,103,149
050,28,021,"Mississippi","Claiborne County",1,0,118,60,58
050,28,021,"Mississippi","Claiborne County",1,1,118,60,58
050,28,021,"Mississippi","Claiborne County",1,2,121,60,61
050,28,021,"Mississippi","Claiborne County",1,3,106,55,51
050,28,021,"Mississippi","Claiborne County",1,4,115,57,58
050,28,021,"Mississippi","Claiborne County",1,5,108,64,44
050,28,021,"Mississippi","Claiborne County",1,6,113,56,57
050,28,021,"Mississippi","Claiborne County",1,7,98,49,49
050,28,021,"Mississippi","Claiborne County",1,8,100,50,50
050,28,021,"Mississippi","Claiborne County",1,9,108,54,54
050,28,021,"Mississippi","Claiborne County",1,10,112,56,56
050,28,021,"Mississippi","Claiborne County",1,11,111,52,59
050,28,021,"Mississippi","Claiborne County",1,12,114,51,63
050,28,021,"Mississippi","Claiborne County",1,13,125,61,64
050,28,021,"Mississippi","Claiborne County",1,14,104,54,50
050,28,021,"Mississippi","Claiborne County",1,15,119,67,52
050,28,021,"Mississippi","Claiborne County",1,16,105,54,51
050,28,021,"Mississippi","Claiborne County",1,17,110,52,58
050,28,021,"Mississippi","Claiborne County",1,18,236,94,142
050,28,021,"Mississippi","Claiborne County",1,19,334,174,160
050,28,021,"Mississippi","Claiborne County",1,20,349,154,195
050,28,021,"Mississippi","Claiborne County",1,21,285,133,152
050,28,021,"Mississippi","Claiborne County",1,22,212,92,120
050,28,021,"Mississippi","Claiborne County",1,23,154,81,73
050,28,021,"Mississippi","Claiborne County",1,24,122,69,53
050,28,021,"Mississippi","Claiborne County",1,25,138,67,71
050,28,021,"Mississippi","Claiborne County",1,26,101,47,54
050,28,021,"Mississippi","Claiborne County",1,27,88,46,42
050,28,021,"Mississippi","Claiborne County",1,28,108,56,52
050,28,021,"Mississippi","Claiborne County",1,29,113,53,60
050,28,021,"Mississippi","Claiborne County",1,30,89,36,53
050,28,021,"Mississippi","Claiborne County",1,31,101,41,60
050,28,021,"Mississippi","Claiborne County",1,32,89,46,43
050,28,021,"Mississippi","Claiborne County",1,33,90,47,43
050,28,021,"Mississippi","Claiborne County",1,34,98,48,50
050,28,021,"Mississippi","Claiborne County",1,35,95,46,49
050,28,021,"Mississippi","Claiborne County",1,36,92,48,44
050,28,021,"Mississippi","Claiborne County",1,37,83,40,43
050,28,021,"Mississippi","Claiborne County",1,38,81,47,34
050,28,021,"Mississippi","Claiborne County",1,39,98,45,53
050,28,021,"Mississippi","Claiborne County",1,40,108,43,65
050,28,021,"Mississippi","Claiborne County",1,41,98,38,60
050,28,021,"Mississippi","Claiborne County",1,42,101,50,51
050,28,021,"Mississippi","Claiborne County",1,43,101,53,48
050,28,021,"Mississippi","Claiborne County",1,44,87,42,45
050,28,021,"Mississippi","Claiborne County",1,45,87,43,44
050,28,021,"Mississippi","Claiborne County",1,46,84,45,39
050,28,021,"Mississippi","Claiborne County",1,47,73,30,43
050,28,021,"Mississippi","Claiborne County",1,48,76,27,49
050,28,021,"Mississippi","Claiborne County",1,49,83,36,47
050,28,021,"Mississippi","Claiborne County",1,50,94,47,47
050,28,021,"Mississippi","Claiborne County",1,51,90,46,44
050,28,021,"Mississippi","Claiborne County",1,52,80,41,39
050,28,021,"Mississippi","Claiborne County",1,53,89,43,46
050,28,021,"Mississippi","Claiborne County",1,54,93,39,54
050,28,021,"Mississippi","Claiborne County",1,55,94,41,53
050,28,021,"Mississippi","Claiborne County",1,56,107,49,58
050,28,021,"Mississippi","Claiborne County",1,57,92,40,52
050,28,021,"Mississippi","Claiborne County",1,58,99,49,50
050,28,021,"Mississippi","Claiborne County",1,59,114,57,57
050,28,021,"Mississippi","Claiborne County",1,60,122,60,62
050,28,021,"Mississippi","Claiborne County",1,61,109,55,54
050,28,021,"Mississippi","Claiborne County",1,62,102,46,56
050,28,021,"Mississippi","Claiborne County",1,63,106,47,59
050,28,021,"Mississippi","Claiborne County",1,64,116,54,62
050,28,021,"Mississippi","Claiborne County",1,65,127,59,68
050,28,021,"Mississippi","Claiborne County",1,66,115,66,49
050,28,021,"Mississippi","Claiborne County",1,67,112,57,55
050,28,021,"Mississippi","Claiborne County",1,68,118,65,53
050,28,021,"Mississippi","Claiborne County",1,69,108,56,52
050,28,021,"Mississippi","Claiborne County",1,70,97,44,53
050,28,021,"Mississippi","Claiborne County",1,71,90,40,50
050,28,021,"Mississippi","Claiborne County",1,72,85,30,55
050,28,021,"Mississippi","Claiborne County",1,73,65,29,36
050,28,021,"Mississippi","Claiborne County",1,74,60,27,33
050,28,021,"Mississippi","Claiborne County",1,75,60,24,36
050,28,021,"Mississippi","Claiborne County",1,76,45,21,24
050,28,021,"Mississippi","Claiborne County",1,77,47,21,26
050,28,021,"Mississippi","Claiborne County",1,78,46,19,27
050,28,021,"Mississippi","Claiborne County",1,79,42,16,26
050,28,021,"Mississippi","Claiborne County",1,80,35,16,19
050,28,021,"Mississippi","Claiborne County",1,81,47,11,36
050,28,021,"Mississippi","Claiborne County",1,82,41,12,29
050,28,021,"Mississippi","Claiborne County",1,83,25,9,16
050,28,021,"Mississippi","Claiborne County",1,84,31,12,19
050,28,021,"Mississippi","Claiborne County",1,85,173,47,126
050,28,021,"Mississippi","Claiborne County",2,0,109,56,53
050,28,021,"Mississippi","Claiborne County",2,1,114,57,57
050,28,021,"Mississippi","Claiborne County",2,2,121,60,61
050,28,021,"Mississippi","Claiborne County",2,3,109,56,53
050,28,021,"Mississippi","Claiborne County",2,4,112,56,56
050,28,021,"Mississippi","Claiborne County",2,5,108,61,47
050,28,021,"Mississippi","Claiborne County",2,6,109,56,53
050,28,021,"Mississippi","Claiborne County",2,7,101,50,51
050,28,021,"Mississippi","Claiborne County",2,8,100,50,50
050,28,021,"Mississippi","Claiborne County",2,9,105,52,53
050,28,021,"Mississippi","Claiborne County",2,10,110,55,55
050,28,021,"Mississippi","Claiborne County",2,11,111,53,58
050,28,021,"Mississippi","Claiborne County",2,12,113,51,62
050,28,021,"Mississippi","Claiborne County",2,13,121,59,62
050,28,021,"Mississippi","Claiborne County",2,14,109,55,54
050,28,021,"Mississippi","Claiborne County",2,15,115,63,52
050,28,021,"Mississippi","Claiborne County",2,16,108,56,52
050,28,021,"Mississippi","Claiborne County",2,17,110,52,58
050,28,021,"Mississippi","Claiborne County",2,18,233,92,141
050,28,021,"Mississippi","Claiborne County",2,19,332,171,161
050,28,021,"Mississippi","Claiborne County",2,20,349,155,194
050,28,021,"Mississippi","Claiborne County",2,21,284,130,154
050,28,021,"Mississippi","Claiborne County",2,22,212,94,118
050,28,021,"Mississippi","Claiborne County",2,23,153,78,75
050,28,021,"Mississippi","Claiborne County",2,24,121,67,54
050,28,021,"Mississippi","Claiborne County",2,25,130,65,65
050,28,021,"Mississippi","Claiborne County",2,26,107,51,56
050,28,021,"Mississippi","Claiborne County",2,27,92,47,45
050,28,021,"Mississippi","Claiborne County",2,28,104,55,49
050,28,021,"Mississippi","Claiborne County",2,29,112,54,58
050,28,021,"Mississippi","Claiborne County",2,30,95,40,55
050,28,021,"Mississippi","Claiborne County",2,31,98,41,57
050,28,021,"Mississippi","Claiborne County",2,32,92,44,48
050,28,021,"Mississippi","Claiborne County",2,33,89,47,42
050,28,021,"Mississippi","Claiborne County",2,34,95,48,47
050,28,021,"Mississippi","Claiborne County",2,35,95,47,48
050,28,021,"Mississippi","Claiborne County",2,36,91,46,45
050,28,021,"Mississippi","Claiborne County",2,37,88,43,45
050,28,021,"Mississippi","Claiborne County",2,38,83,46,37
050,28,021,"Mississippi","Claiborne County",2,39,93,44,49
050,28,021,"Mississippi","Claiborne County",2,40,104,42,62
050,28,021,"Mississippi","Claiborne County",2,41,100,40,60
050,28,021,"Mississippi","Claiborne County",2,42,99,47,52
050,28,021,"Mississippi","Claiborne County",2,43,101,51,50
050,28,021,"Mississippi","Claiborne County",2,44,88,43,45
050,28,021,"Mississippi","Claiborne County",2,45,88,43,45
050,28,021,"Mississippi","Claiborne County",2,46,83,43,40
050,28,021,"Mississippi","Claiborne County",2,47,76,34,42
050,28,021,"Mississippi","Claiborne County",2,48,74,27,47
050,28,021,"Mississippi","Claiborne County",2,49,83,35,48
050,28,021,"Mississippi","Claiborne County",2,50,91,43,48
050,28,021,"Mississippi","Claiborne County",2,51,88,45,43
050,28,021,"Mississippi","Claiborne County",2,52,82,42,40
050,28,021,"Mississippi","Claiborne County",2,53,87,42,45
050,28,021,"Mississippi","Claiborne County",2,54,91,39,52
050,28,021,"Mississippi","Claiborne County",2,55,95,42,53
050,28,021,"Mississippi","Claiborne County",2,56,105,47,58
050,28,021,"Mississippi","Claiborne County",2,57,96,43,53
050,28,021,"Mississippi","Claiborne County",2,58,99,48,51
050,28,021,"Mississippi","Claiborne County",2,59,111,56,55
050,28,021,"Mississippi","Claiborne County",2,60,119,57,62
050,28,021,"Mississippi","Claiborne County",2,61,112,56,56
050,28,021,"Mississippi","Claiborne County",2,62,105,49,56
050,28,021,"Mississippi","Claiborne County",2,63,107,47,60
050,28,021,"Mississippi","Claiborne County",2,64,112,52,60
050,28,021,"Mississippi","Claiborne County",2,65,124,58,66
050,28,021,"Mississippi","Claiborne County",2,66,118,65,53
050,28,021,"Mississippi","Claiborne County",2,67,110,56,54
050,28,021,"Mississippi","Claiborne County",2,68,112,61,51
050,28,021,"Mississippi","Claiborne County",2,69,111,59,52
050,28,021,"Mississippi","Claiborne County",2,70,98,46,52
050,28,021,"Mississippi","Claiborne County",2,71,91,41,50
050,28,021,"Mississippi","Claiborne County",2,72,86,32,54
050,28,021,"Mississippi","Claiborne County",2,73,71,29,42
050,28,021,"Mississippi","Claiborne County",2,74,58,26,32
050,28,021,"Mississippi","Claiborne County",2,75,60,25,35
050,28,021,"Mississippi","Claiborne County",2,76,47,21,26
050,28,021,"Mississippi","Claiborne County",2,77,45,20,25
050,28,021,"Mississippi","Claiborne County",2,78,45,19,26
050,28,021,"Mississippi","Claiborne County",2,79,42,16,26
050,28,021,"Mississippi","Claiborne County",2,80,36,16,20
050,28,021,"Mississippi","Claiborne County",2,81,41,10,31
050,28,021,"Mississippi","Claiborne County",2,82,42,11,31
050,28,021,"Mississippi","Claiborne County",2,83,28,9,19
050,28,021,"Mississippi","Claiborne County",2,84,30,12,18
050,28,021,"Mississippi","Claiborne County",2,85,173,47,126
050,28,021,"Mississippi","Claiborne County",3,0,110,51,59
050,28,021,"Mississippi","Claiborne County",3,1,101,51,50
050,28,021,"Mississippi","Claiborne County",3,2,112,56,56
050,28,021,"Mississippi","Claiborne County",3,3,114,61,53
050,28,021,"Mississippi","Claiborne County",3,4,107,56,51
050,28,021,"Mississippi","Claiborne County",3,5,115,53,62
050,28,021,"Mississippi","Claiborne County",3,6,103,59,44
050,28,021,"Mississippi","Claiborne County",3,7,105,53,52
050,28,021,"Mississippi","Claiborne County",3,8,91,47,44
050,28,021,"Mississippi","Claiborne County",3,9,97,47,50
050,28,021,"Mississippi","Claiborne County",3,10,103,54,49
050,28,021,"Mississippi","Claiborne County",3,11,104,51,53
050,28,021,"Mississippi","Claiborne County",3,12,104,51,53
050,28,021,"Mississippi","Claiborne County",3,13,112,49,63
050,28,021,"Mississippi","Claiborne County",3,14,121,58,63
050,28,021,"Mississippi","Claiborne County",3,15,108,54,54
050,28,021,"Mississippi","Claiborne County",3,16,108,61,47
050,28,021,"Mississippi","Claiborne County",3,17,110,58,52
050,28,021,"Mississippi","Claiborne County",3,18,217,88,129
050,28,021,"Mississippi","Claiborne County",3,19,317,164,153
050,28,021,"Mississippi","Claiborne County",3,20,339,157,182
050,28,021,"Mississippi","Claiborne County",3,21,272,123,149
050,28,021,"Mississippi","Claiborne County",3,22,202,87,115
050,28,021,"Mississippi","Claiborne County",3,23,147,76,71
050,28,021,"Mississippi","Claiborne County",3,24,120,60,60
050,28,021,"Mississippi","Claiborne County",3,25,102,60,42
050,28,021,"Mississippi","Claiborne County",3,26,122,57,65
050,28,021,"Mississippi","Claiborne County",3,27,103,53,50
050,28,021,"Mississippi","Claiborne County",3,28,87,46,41
050,28,021,"Mississippi","Claiborne County",3,29,106,54,52
050,28,021,"Mississippi","Claiborne County",3,30,105,46,59
050,28,021,"Mississippi","Claiborne County",3,31,97,41,56
050,28,021,"Mississippi","Claiborne County",3,32,93,42,51
050,28,021,"Mississippi","Claiborne County",3,33,86,42,44
050,28,021,"Mississippi","Claiborne County",3,34,85,47,38
050,28,021,"Mississippi","Claiborne County",3,35,96,47,49
050,28,021,"Mississippi","Claiborne County",3,36,93,43,50
050,28,021,"Mississippi","Claiborne County",3,37,93,46,47
050,28,021,"Mississippi","Claiborne County",3,38,85,44,41
050,28,021,"Mississippi","Claiborne County",3,39,77,41,36
050,28,021,"Mississippi","Claiborne County",3,40,93,42,51
050,28,021,"Mississippi","Claiborne County",3,41,101,44,57
050,28,021,"Mississippi","Claiborne County",3,42,91,34,57
050,28,021,"Mississippi","Claiborne County",3,43,100,47,53
050,28,021,"Mississippi","Claiborne County",3,44,96,50,46
050,28,021,"Mississippi","Claiborne County",3,45,84,43,41
050,28,021,"Mississippi","Claiborne County",3,46,86,41,45
050,28,021,"Mississippi","Claiborne County",3,47,79,43,36
050,28,021,"Mississippi","Claiborne County",3,48,77,36,41
050,28,021,"Mississippi","Claiborne County",3,49,76,31,45
050,28,021,"Mississippi","Claiborne County",3,50,78,28,50
050,28,021,"Mississippi","Claiborne County",3,51,87,40,47
050,28,021,"Mississippi","Claiborne County",3,52,86,42,44
050,28,021,"Mississippi","Claiborne County",3,53,83,42,41
050,28,021,"Mississippi","Claiborne County",3,54,88,42,46
050,28,021,"Mississippi","Claiborne County",3,55,88,36,52
050,28,021,"Mississippi","Claiborne County",3,56,101,47,54
050,28,021,"Mississippi","Claiborne County",3,57,103,46,57
050,28,021,"Mississippi","Claiborne County",3,58,96,42,54
050,28,021,"Mississippi","Claiborne County",3,59,96,49,47
050,28,021,"Mississippi","Claiborne County",3,60,105,51,54
050,28,021,"Mississippi","Claiborne County",3,61,113,53,60
050,28,021,"Mississippi","Claiborne County",3,62,113,58,55
050,28,021,"Mississippi","Claiborne County",3,63,104,49,55
050,28,021,"Mississippi","Claiborne County",3,64,104,52,52
050,28,021,"Mississippi","Claiborne County",3,65,111,49,62
050,28,021,"Mississippi","Claiborne County",3,66,124,62,62
050,28,021,"Mississippi","Claiborne County",3,67,114,59,55
050,28,021,"Mississippi","Claiborne County",3,68,109,57,52
050,28,021,"Mississippi","Claiborne County",3,69,108,57,51
050,28,021,"Mississippi","Claiborne County",3,70,110,58,52
050,28,021,"Mississippi","Claiborne County",3,71,94,46,48
050,28,021,"Mississippi","Claiborne County",3,72,89,39,50
050,28,021,"Mississippi","Claiborne County",3,73,83,32,51
050,28,021,"Mississippi","Claiborne County",3,74,69,27,42
050,28,021,"Mississippi","Claiborne County",3,75,55,26,29
050,28,021,"Mississippi","Claiborne County",3,76,51,22,29
050,28,021,"Mississippi","Claiborne County",3,77,47,20,27
050,28,021,"Mississippi","Claiborne County",3,78,42,18,24
050,28,021,"Mississippi","Claiborne County",3,79,42,17,25
050,28,021,"Mississippi","Claiborne County",3,80,40,16,24
050,28,021,"Mississippi","Claiborne County",3,81,32,13,19
050,28,021,"Mississippi","Claiborne County",3,82,33,9,24
050,28,021,"Mississippi","Claiborne County",3,83,37,7,30
050,28,021,"Mississippi","Claiborne County",3,84,25,8,17
050,28,021,"Mississippi","Claiborne County",3,85,174,48,126
050,28,021,"Mississippi","Claiborne County",4,0,102,56,46
050,28,021,"Mississippi","Claiborne County",4,1,99,40,59
050,28,021,"Mississippi","Claiborne County",4,2,103,51,52
050,28,021,"Mississippi","Claiborne County",4,3,110,57,53
050,28,021,"Mississippi","Claiborne County",4,4,103,52,51
050,28,021,"Mississippi","Claiborne County",4,5,104,53,51
050,28,021,"Mississippi","Claiborne County",4,6,112,50,62
050,28,021,"Mississippi","Claiborne County",4,7,102,59,43
050,28,021,"Mississippi","Claiborne County",4,8,108,55,53
050,28,021,"Mississippi","Claiborne County",4,9,91,44,47
050,28,021,"Mississippi","Claiborne County",4,10,93,45,48
050,28,021,"Mississippi","Claiborne County",4,11,105,52,53
050,28,021,"Mississippi","Claiborne County",4,12,106,55,51
050,28,021,"Mississippi","Claiborne County",4,13,106,53,53
050,28,021,"Mississippi","Claiborne County",4,14,110,46,64
050,28,021,"Mississippi","Claiborne County",4,15,121,58,63
050,28,021,"Mississippi","Claiborne County",4,16,108,57,51
050,28,021,"Mississippi","Claiborne County",4,17,115,66,49
050,28,021,"Mississippi","Claiborne County",4,18,228,97,131
050,28,021,"Mississippi","Claiborne County",4,19,319,165,154
050,28,021,"Mississippi","Claiborne County",4,20,352,161,191
050,28,021,"Mississippi","Claiborne County",4,21,268,131,137
050,28,021,"Mississippi","Claiborne County",4,22,190,84,106
050,28,021,"Mississippi","Claiborne County",4,23,156,72,84
050,28,021,"Mississippi","Claiborne County",4,24,115,54,61
050,28,021,"Mississippi","Claiborne County",4,25,101,49,52
050,28,021,"Mississippi","Claiborne County",4,26,91,51,40
050,28,021,"Mississippi","Claiborne County",4,27,110,54,56
050,28,021,"Mississippi","Claiborne County",4,28,95,50,45
050,28,021,"Mississippi","Claiborne County",4,29,81,44,37
050,28,021,"Mississippi","Claiborne County",4,30,97,44,53
050,28,021,"Mississippi","Claiborne County",4,31,98,42,56
050,28,021,"Mississippi","Claiborne County",4,32,90,37,53
050,28,021,"Mississippi","Claiborne County",4,33,99,42,57
050,28,021,"Mississippi","Claiborne County",4,34,84,41,43
050,28,021,"Mississippi","Claiborne County",4,35,85,49,36
050,28,021,"Mississippi","Claiborne County",4,36,92,44,48
050,28,021,"Mississippi","Claiborne County",4,37,89,40,49
050,28,021,"Mississippi","Claiborne County",4,38,98,50,48
050,28,021,"Mississippi","Claiborne County",4,39,86,44,42
050,28,021,"Mississippi","Claiborne County",4,40,77,41,36
050,28,021,"Mississippi","Claiborne County",4,41,86,36,50
050,28,021,"Mississippi","Claiborne County",4,42,103,45,58
050,28,021,"Mississippi","Claiborne County",4,43,87,29,58
050,28,021,"Mississippi","Claiborne County",4,44,104,47,57
050,28,021,"Mississippi","Claiborne County",4,45,90,51,39
050,28,021,"Mississippi","Claiborne County",4,46,82,41,41
050,28,021,"Mississippi","Claiborne County",4,47,85,39,46
050,28,021,"Mississippi","Claiborne County",4,48,77,41,36
050,28,021,"Mississippi","Claiborne County",4,49,79,37,42
050,28,021,"Mississippi","Claiborne County",4,50,73,27,46
050,28,021,"Mississippi","Claiborne County",4,51,79,29,50
050,28,021,"Mississippi","Claiborne County",4,52,85,40,45
050,28,021,"Mississippi","Claiborne County",4,53,79,35,44
050,28,021,"Mississippi","Claiborne County",4,54,85,42,43
050,28,021,"Mississippi","Claiborne County",4,55,89,43,46
050,28,021,"Mississippi","Claiborne County",4,56,88,35,53
050,28,021,"Mississippi","Claiborne County",4,57,92,45,47
050,28,021,"Mississippi","Claiborne County",4,58,104,48,56
050,28,021,"Mississippi","Claiborne County",4,59,94,43,51
050,28,021,"Mississippi","Claiborne County",4,60,96,46,50
050,28,021,"Mississippi","Claiborne County",4,61,103,48,55
050,28,021,"Mississippi","Claiborne County",4,62,117,57,60
050,28,021,"Mississippi","Claiborne County",4,63,108,61,47
050,28,021,"Mississippi","Claiborne County",4,64,99,45,54
050,28,021,"Mississippi","Claiborne County",4,65,104,51,53
050,28,021,"Mississippi","Claiborne County",4,66,109,55,54
050,28,021,"Mississippi","Claiborne County",4,67,117,53,64
050,28,021,"Mississippi","Claiborne County",4,68,113,61,52
050,28,021,"Mississippi","Claiborne County",4,69,104,50,54
050,28,021,"Mississippi","Claiborne County",4,70,110,59,51
050,28,021,"Mississippi","Claiborne County",4,71,113,59,54
050,28,021,"Mississippi","Claiborne County",4,72,94,45,49
050,28,021,"Mississippi","Claiborne County",4,73,83,38,45
050,28,021,"Mississippi","Claiborne County",4,74,81,30,51
050,28,021,"Mississippi","Claiborne County",4,75,63,26,37
050,28,021,"Mississippi","Claiborne County",4,76,42,22,20
050,28,021,"Mississippi","Claiborne County",4,77,45,20,25
050,28,021,"Mississippi","Claiborne County",4,78,46,20,26
050,28,021,"Mississippi","Claiborne County",4,79,36,13,23
050,28,021,"Mississippi","Claiborne County",4,80,41,17,24
050,28,021,"Mississippi","Claiborne County",4,81,37,13,24
050,28,021,"Mississippi","Claiborne County",4,82,29,14,15
050,28,021,"Mississippi","Claiborne County",4,83,31,9,22
050,28,021,"Mississippi","Claiborne County",4,84,35,6,29
050,28,021,"Mississippi","Claiborne County",4,85,159,39,120
050,28,021,"Mississippi","Claiborne County",5,0,102,58,44
050,28,021,"Mississippi","Claiborne County",5,1,103,54,49
050,28,021,"Mississippi","Claiborne County",5,2,100,41,59
050,28,021,"Mississippi","Claiborne County",5,3,105,52,53
050,28,021,"Mississippi","Claiborne County",5,4,108,55,53
050,28,021,"Mississippi","Claiborne County",5,5,100,53,47
050,28,021,"Mississippi","Claiborne County",5,6,99,50,49
050,28,021,"Mississippi","Claiborne County",5,7,108,50,58
050,28,021,"Mississippi","Claiborne County",5,8,102,61,41
050,28,021,"Mississippi","Claiborne County",5,9,101,54,47
050,28,021,"Mississippi","Claiborne County",5,10,92,45,47
050,28,021,"Mississippi","Claiborne County",5,11,94,45,49
050,28,021,"Mississippi","Claiborne County",5,12,99,47,52
050,28,021,"Mississippi","Claiborne County",5,13,103,52,51
050,28,021,"Mississippi","Claiborne County",5,14,105,54,51
050,28,021,"Mississippi","Claiborne County",5,15,113,46,67
050,28,021,"Mississippi","Claiborne County",5,16,128,67,61
050,28,021,"Mississippi","Claiborne County",5,17,113,61,52
050,28,021,"Mississippi","Claiborne County",5,18,228,105,123
050,28,021,"Mississippi","Claiborne County",5,19,320,170,150
050,28,021,"Mississippi","Claiborne County",5,20,341,156,185
050,28,021,"Mississippi","Claiborne County",5,21,277,137,140
050,28,021,"Mississippi","Claiborne County",5,22,182,88,94
050,28,021,"Mississippi","Claiborne County",5,23,140,67,73
050,28,021,"Mississippi","Claiborne County",5,24,121,48,73
050,28,021,"Mississippi","Claiborne County",5,25,92,39,53
050,28,021,"Mississippi","Claiborne County",5,26,92,40,52
050,28,021,"Mississippi","Claiborne County",5,27,90,49,41
050,28,021,"Mississippi","Claiborne County",5,28,107,52,55
050,28,021,"Mississippi","Claiborne County",5,29,95,50,45
050,28,021,"Mississippi","Claiborne County",5,30,88,48,40
050,28,021,"Mississippi","Claiborne County",5,31,85,41,44
050,28,021,"Mississippi","Claiborne County",5,32,86,34,52
050,28,021,"Mississippi","Claiborne County",5,33,90,37,53
050,28,021,"Mississippi","Claiborne County",5,34,95,38,57
050,28,021,"Mississippi","Claiborne County",5,35,83,40,43
050,28,021,"Mississippi","Claiborne County",5,36,83,46,37
050,28,021,"Mississippi","Claiborne County",5,37,92,43,49
050,28,021,"Mississippi","Claiborne County",5,38,84,38,46
050,28,021,"Mississippi","Claiborne County",5,39,92,46,46
050,28,021,"Mississippi","Claiborne County",5,40,85,40,45
050,28,021,"Mississippi","Claiborne County",5,41,75,43,32
050,28,021,"Mississippi","Claiborne County",5,42,87,38,49
050,28,021,"Mississippi","Claiborne County",5,43,98,41,57
050,28,021,"Mississippi","Claiborne County",5,44,88,29,59
050,28,021,"Mississippi","Claiborne County",5,45,96,42,54
050,28,021,"Mississippi","Claiborne County",5,46,88,48,40
050,28,021,"Mississippi","Claiborne County",5,47,77,40,37
050,28,021,"Mississippi","Claiborne County",5,48,83,39,44
050,28,021,"Mississippi","Claiborne County",5,49,80,44,36
050,28,021,"Mississippi","Claiborne County",5,50,75,32,43
050,28,021,"Mississippi","Claiborne County",5,51,73,27,46
050,28,021,"Mississippi","Claiborne County",5,52,82,31,51
050,28,021,"Mississippi","Claiborne County",5,53,81,38,43
050,28,021,"Mississippi","Claiborne County",5,54,80,32,48
050,28,021,"Mississippi","Claiborne County",5,55,81,40,41
050,28,021,"Mississippi","Claiborne County",5,56,86,40,46
050,28,021,"Mississippi","Claiborne County",5,57,79,34,45
050,28,021,"Mississippi","Claiborne County",5,58,86,42,44
050,28,021,"Mississippi","Claiborne County",5,59,107,52,55
050,28,021,"Mississippi","Claiborne County",5,60,90,41,49
050,28,021,"Mississippi","Claiborne County",5,61,85,42,43
050,28,021,"Mississippi","Claiborne County",5,62,107,52,55
050,28,021,"Mississippi","Claiborne County",5,63,111,54,57
050,28,021,"Mississippi","Claiborne County",5,64,98,53,45
050,28,021,"Mississippi","Claiborne County",5,65,97,44,53
050,28,021,"Mississippi","Claiborne County",5,66,103,56,47
050,28,021,"Mississippi","Claiborne County",5,67,102,46,56
050,28,021,"Mississippi","Claiborne County",5,68,116,53,63
050,28,021,"Mississippi","Claiborne County",5,69,106,55,51
050,28,021,"Mississippi","Claiborne County",5,70,104,52,52
050,28,021,"Mississippi","Claiborne County",5,71,108,58,50
050,28,021,"Mississippi","Claiborne County",5,72,111,57,54
050,28,021,"Mississippi","Claiborne County",5,73,89,44,45
050,28,021,"Mississippi","Claiborne County",5,74,84,37,47
050,28,021,"Mississippi","Claiborne County",5,75,79,30,49
050,28,021,"Mississippi","Claiborne County",5,76,50,22,28
050,28,021,"Mississippi","Claiborne County",5,77,40,21,19
050,28,021,"Mississippi","Claiborne County",5,78,44,21,23
050,28,021,"Mississippi","Claiborne County",5,79,41,16,25
050,28,021,"Mississippi","Claiborne County",5,80,35,14,21
050,28,021,"Mississippi","Claiborne County",5,81,38,14,24
050,28,021,"Mississippi","Claiborne County",5,82,32,13,19
050,28,021,"Mississippi","Claiborne County",5,83,27,14,13
050,28,021,"Mississippi","Claiborne County",5,84,31,9,22
050,28,021,"Mississippi","Claiborne County",5,85,164,31,133
050,28,023,"Mississippi","Clarke County",1,0,184,94,90
050,28,023,"Mississippi","Clarke County",1,1,183,91,92
050,28,023,"Mississippi","Clarke County",1,2,196,98,98
050,28,023,"Mississippi","Clarke County",1,3,183,88,95
050,28,023,"Mississippi","Clarke County",1,4,190,90,100
050,28,023,"Mississippi","Clarke County",1,5,178,93,85
050,28,023,"Mississippi","Clarke County",1,6,161,74,87
050,28,023,"Mississippi","Clarke County",1,7,169,76,93
050,28,023,"Mississippi","Clarke County",1,8,172,82,90
050,28,023,"Mississippi","Clarke County",1,9,165,87,78
050,28,023,"Mississippi","Clarke County",1,10,175,87,88
050,28,023,"Mississippi","Clarke County",1,11,200,101,99
050,28,023,"Mississippi","Clarke County",1,12,219,102,117
050,28,023,"Mississippi","Clarke County",1,13,241,127,114
050,28,023,"Mississippi","Clarke County",1,14,213,97,116
050,28,023,"Mississippi","Clarke County",1,15,209,117,92
050,28,023,"Mississippi","Clarke County",1,16,196,106,90
050,28,023,"Mississippi","Clarke County",1,17,192,91,101
050,28,023,"Mississippi","Clarke County",1,18,168,75,93
050,28,023,"Mississippi","Clarke County",1,19,169,84,85
050,28,023,"Mississippi","Clarke County",1,20,172,83,89
050,28,023,"Mississippi","Clarke County",1,21,157,78,79
050,28,023,"Mississippi","Clarke County",1,22,175,88,87
050,28,023,"Mississippi","Clarke County",1,23,183,96,87
050,28,023,"Mississippi","Clarke County",1,24,177,89,88
050,28,023,"Mississippi","Clarke County",1,25,192,88,104
050,28,023,"Mississippi","Clarke County",1,26,189,90,99
050,28,023,"Mississippi","Clarke County",1,27,180,88,92
050,28,023,"Mississippi","Clarke County",1,28,176,80,96
050,28,023,"Mississippi","Clarke County",1,29,167,86,81
050,28,023,"Mississippi","Clarke County",1,30,177,81,96
050,28,023,"Mississippi","Clarke County",1,31,180,79,101
050,28,023,"Mississippi","Clarke County",1,32,185,81,104
050,28,023,"Mississippi","Clarke County",1,33,179,90,89
050,28,023,"Mississippi","Clarke County",1,34,160,74,86
050,28,023,"Mississippi","Clarke County",1,35,179,79,100
050,28,023,"Mississippi","Clarke County",1,36,167,82,85
050,28,023,"Mississippi","Clarke County",1,37,180,83,97
050,28,023,"Mississippi","Clarke County",1,38,200,89,111
050,28,023,"Mississippi","Clarke County",1,39,166,71,95
050,28,023,"Mississippi","Clarke County",1,40,140,67,73
050,28,023,"Mississippi","Clarke County",1,41,161,73,88
050,28,023,"Mississippi","Clarke County",1,42,166,77,89
050,28,023,"Mississippi","Clarke County",1,43,156,69,87
050,28,023,"Mississippi","Clarke County",1,44,171,86,85
050,28,023,"Mississippi","Clarke County",1,45,157,79,78
050,28,023,"Mississippi","Clarke County",1,46,174,80,94
050,28,023,"Mississippi","Clarke County",1,47,192,93,99
050,28,023,"Mississippi","Clarke County",1,48,205,107,98
050,28,023,"Mississippi","Clarke County",1,49,205,102,103
050,28,023,"Mississippi","Clarke County",1,50,192,92,100
050,28,023,"Mississippi","Clarke County",1,51,178,79,99
050,28,023,"Mississippi","Clarke County",1,52,204,90,114
050,28,023,"Mississippi","Clarke County",1,53,203,100,103
050,28,023,"Mississippi","Clarke County",1,54,203,106,97
050,28,023,"Mississippi","Clarke County",1,55,201,103,98
050,28,023,"Mississippi","Clarke County",1,56,217,105,112
050,28,023,"Mississippi","Clarke County",1,57,221,111,110
050,28,023,"Mississippi","Clarke County",1,58,222,114,108
050,28,023,"Mississippi","Clarke County",1,59,241,111,130
050,28,023,"Mississippi","Clarke County",1,60,236,100,136
050,28,023,"Mississippi","Clarke County",1,61,232,99,133
050,28,023,"Mississippi","Clarke County",1,62,226,102,124
050,28,023,"Mississippi","Clarke County",1,63,230,107,123
050,28,023,"Mississippi","Clarke County",1,64,231,114,117
050,28,023,"Mississippi","Clarke County",1,65,212,109,103
050,28,023,"Mississippi","Clarke County",1,66,217,102,115
050,28,023,"Mississippi","Clarke County",1,67,196,86,110
050,28,023,"Mississippi","Clarke County",1,68,208,97,111
050,28,023,"Mississippi","Clarke County",1,69,197,88,109
050,28,023,"Mississippi","Clarke County",1,70,191,87,104
050,28,023,"Mississippi","Clarke County",1,71,189,89,100
050,28,023,"Mississippi","Clarke County",1,72,198,94,104
050,28,023,"Mississippi","Clarke County",1,73,202,85,117
050,28,023,"Mississippi","Clarke County",1,74,130,57,73
050,28,023,"Mississippi","Clarke County",1,75,135,66,69
050,28,023,"Mississippi","Clarke County",1,76,142,69,73
050,28,023,"Mississippi","Clarke County",1,77,135,66,69
050,28,023,"Mississippi","Clarke County",1,78,111,51,60
050,28,023,"Mississippi","Clarke County",1,79,106,47,59
050,28,023,"Mississippi","Clarke County",1,80,99,44,55
050,28,023,"Mississippi","Clarke County",1,81,92,41,51
050,28,023,"Mississippi","Clarke County",1,82,84,34,50
050,28,023,"Mississippi","Clarke County",1,83,79,33,46
050,28,023,"Mississippi","Clarke County",1,84,69,32,37
050,28,023,"Mississippi","Clarke County",1,85,350,111,239
050,28,023,"Mississippi","Clarke County",2,0,191,98,93
050,28,023,"Mississippi","Clarke County",2,1,183,92,91
050,28,023,"Mississippi","Clarke County",2,2,193,98,95
050,28,023,"Mississippi","Clarke County",2,3,187,90,97
050,28,023,"Mississippi","Clarke County",2,4,188,90,98
050,28,023,"Mississippi","Clarke County",2,5,180,91,89
050,28,023,"Mississippi","Clarke County",2,6,164,78,86
050,28,023,"Mississippi","Clarke County",2,7,165,75,90
050,28,023,"Mississippi","Clarke County",2,8,171,81,90
050,28,023,"Mississippi","Clarke County",2,9,164,83,81
050,28,023,"Mississippi","Clarke County",2,10,172,87,85
050,28,023,"Mississippi","Clarke County",2,11,191,96,95
050,28,023,"Mississippi","Clarke County",2,12,215,102,113
050,28,023,"Mississippi","Clarke County",2,13,234,119,115
050,28,023,"Mississippi","Clarke County",2,14,216,104,112
050,28,023,"Mississippi","Clarke County",2,15,208,112,96
050,28,023,"Mississippi","Clarke County",2,16,198,108,90
050,28,023,"Mississippi","Clarke County",2,17,191,94,97
050,28,023,"Mississippi","Clarke County",2,18,165,75,90
050,28,023,"Mississippi","Clarke County",2,19,163,78,85
050,28,023,"Mississippi","Clarke County",2,20,175,84,91
050,28,023,"Mississippi","Clarke County",2,21,161,78,83
050,28,023,"Mississippi","Clarke County",2,22,174,87,87
050,28,023,"Mississippi","Clarke County",2,23,183,96,87
050,28,023,"Mississippi","Clarke County",2,24,176,90,86
050,28,023,"Mississippi","Clarke County",2,25,188,88,100
050,28,023,"Mississippi","Clarke County",2,26,188,89,99
050,28,023,"Mississippi","Clarke County",2,27,182,88,94
050,28,023,"Mississippi","Clarke County",2,28,175,81,94
050,28,023,"Mississippi","Clarke County",2,29,169,84,85
050,28,023,"Mississippi","Clarke County",2,30,174,83,91
050,28,023,"Mississippi","Clarke County",2,31,180,80,100
050,28,023,"Mississippi","Clarke County",2,32,182,80,102
050,28,023,"Mississippi","Clarke County",2,33,179,87,92
050,28,023,"Mississippi","Clarke County",2,34,162,77,85
050,28,023,"Mississippi","Clarke County",2,35,175,78,97
050,28,023,"Mississippi","Clarke County",2,36,168,81,87
050,28,023,"Mississippi","Clarke County",2,37,176,83,93
050,28,023,"Mississippi","Clarke County",2,38,194,86,108
050,28,023,"Mississippi","Clarke County",2,39,172,75,97
050,28,023,"Mississippi","Clarke County",2,40,148,68,80
050,28,023,"Mississippi","Clarke County",2,41,155,71,84
050,28,023,"Mississippi","Clarke County",2,42,162,75,87
050,28,023,"Mississippi","Clarke County",2,43,159,71,88
050,28,023,"Mississippi","Clarke County",2,44,164,79,85
050,28,023,"Mississippi","Clarke County",2,45,163,82,81
050,28,023,"Mississippi","Clarke County",2,46,168,79,89
050,28,023,"Mississippi","Clarke County",2,47,186,90,96
050,28,023,"Mississippi","Clarke County",2,48,202,103,99
050,28,023,"Mississippi","Clarke County",2,49,208,105,103
050,28,023,"Mississippi","Clarke County",2,50,197,96,101
050,28,023,"Mississippi","Clarke County",2,51,179,81,98
050,28,023,"Mississippi","Clarke County",2,52,197,89,108
050,28,023,"Mississippi","Clarke County",2,53,202,97,105
050,28,023,"Mississippi","Clarke County",2,54,202,104,98
050,28,023,"Mississippi","Clarke County",2,55,201,104,97
050,28,023,"Mississippi","Clarke County",2,56,213,105,108
050,28,023,"Mississippi","Clarke County",2,57,219,108,111
050,28,023,"Mississippi","Clarke County",2,58,220,113,107
050,28,023,"Mississippi","Clarke County",2,59,238,113,125
050,28,023,"Mississippi","Clarke County",2,60,236,102,134
050,28,023,"Mississippi","Clarke County",2,61,233,99,134
050,28,023,"Mississippi","Clarke County",2,62,226,102,124
050,28,023,"Mississippi","Clarke County",2,63,227,105,122
050,28,023,"Mississippi","Clarke County",2,64,229,112,117
050,28,023,"Mississippi","Clarke County",2,65,215,110,105
050,28,023,"Mississippi","Clarke County",2,66,212,102,110
050,28,023,"Mississippi","Clarke County",2,67,200,89,111
050,28,023,"Mississippi","Clarke County",2,68,204,93,111
050,28,023,"Mississippi","Clarke County",2,69,199,90,109
050,28,023,"Mississippi","Clarke County",2,70,188,87,101
050,28,023,"Mississippi","Clarke County",2,71,189,88,101
050,28,023,"Mississippi","Clarke County",2,72,193,92,101
050,28,023,"Mississippi","Clarke County",2,73,208,89,119
050,28,023,"Mississippi","Clarke County",2,74,138,59,79
050,28,023,"Mississippi","Clarke County",2,75,130,61,69
050,28,023,"Mississippi","Clarke County",2,76,138,67,71
050,28,023,"Mississippi","Clarke County",2,77,137,66,71
050,28,023,"Mississippi","Clarke County",2,78,111,52,59
050,28,023,"Mississippi","Clarke County",2,79,104,47,57
050,28,023,"Mississippi","Clarke County",2,80,101,45,56
050,28,023,"Mississippi","Clarke County",2,81,91,40,51
050,28,023,"Mississippi","Clarke County",2,82,86,36,50
050,28,023,"Mississippi","Clarke County",2,83,76,31,45
050,28,023,"Mississippi","Clarke County",2,84,68,30,38
050,28,023,"Mississippi","Clarke County",2,85,351,114,237
050,28,023,"Mississippi","Clarke County",3,0,186,115,71
050,28,023,"Mississippi","Clarke County",3,1,200,96,104
050,28,023,"Mississippi","Clarke County",3,2,179,88,91
050,28,023,"Mississippi","Clarke County",3,3,204,106,98
050,28,023,"Mississippi","Clarke County",3,4,192,94,98
050,28,023,"Mississippi","Clarke County",3,5,201,93,108
050,28,023,"Mississippi","Clarke County",3,6,172,90,82
050,28,023,"Mississippi","Clarke County",3,7,158,76,82
050,28,023,"Mississippi","Clarke County",3,8,156,68,88
050,28,023,"Mississippi","Clarke County",3,9,161,75,86
050,28,023,"Mississippi","Clarke County",3,10,163,88,75
050,28,023,"Mississippi","Clarke County",3,11,167,88,79
050,28,023,"Mississippi","Clarke County",3,12,182,96,86
050,28,023,"Mississippi","Clarke County",3,13,218,104,114
050,28,023,"Mississippi","Clarke County",3,14,234,118,116
050,28,023,"Mississippi","Clarke County",3,15,218,106,112
050,28,023,"Mississippi","Clarke County",3,16,195,105,90
050,28,023,"Mississippi","Clarke County",3,17,198,105,93
050,28,023,"Mississippi","Clarke County",3,18,160,81,79
050,28,023,"Mississippi","Clarke County",3,19,136,63,73
050,28,023,"Mississippi","Clarke County",3,20,176,84,92
050,28,023,"Mississippi","Clarke County",3,21,175,80,95
050,28,023,"Mississippi","Clarke County",3,22,169,82,87
050,28,023,"Mississippi","Clarke County",3,23,177,84,93
050,28,023,"Mississippi","Clarke County",3,24,184,93,91
050,28,023,"Mississippi","Clarke County",3,25,187,92,95
050,28,023,"Mississippi","Clarke County",3,26,189,94,95
050,28,023,"Mississippi","Clarke County",3,27,182,83,99
050,28,023,"Mississippi","Clarke County",3,28,180,88,92
050,28,023,"Mississippi","Clarke County",3,29,168,79,89
050,28,023,"Mississippi","Clarke County",3,30,176,90,86
050,28,023,"Mississippi","Clarke County",3,31,173,81,92
050,28,023,"Mississippi","Clarke County",3,32,178,77,101
050,28,023,"Mississippi","Clarke County",3,33,174,81,93
050,28,023,"Mississippi","Clarke County",3,34,178,91,87
050,28,023,"Mississippi","Clarke County",3,35,159,76,83
050,28,023,"Mississippi","Clarke County",3,36,173,75,98
050,28,023,"Mississippi","Clarke County",3,37,165,82,83
050,28,023,"Mississippi","Clarke County",3,38,183,89,94
050,28,023,"Mississippi","Clarke County",3,39,188,86,102
050,28,023,"Mississippi","Clarke County",3,40,170,72,98
050,28,023,"Mississippi","Clarke County",3,41,147,67,80
050,28,023,"Mississippi","Clarke County",3,42,159,70,89
050,28,023,"Mississippi","Clarke County",3,43,160,69,91
050,28,023,"Mississippi","Clarke County",3,44,154,68,86
050,28,023,"Mississippi","Clarke County",3,45,158,75,83
050,28,023,"Mississippi","Clarke County",3,46,154,74,80
050,28,023,"Mississippi","Clarke County",3,47,165,75,90
050,28,023,"Mississippi","Clarke County",3,48,184,87,97
050,28,023,"Mississippi","Clarke County",3,49,198,99,99
050,28,023,"Mississippi","Clarke County",3,50,205,105,100
050,28,023,"Mississippi","Clarke County",3,51,195,94,101
050,28,023,"Mississippi","Clarke County",3,52,177,80,97
050,28,023,"Mississippi","Clarke County",3,53,197,88,109
050,28,023,"Mississippi","Clarke County",3,54,206,99,107
050,28,023,"Mississippi","Clarke County",3,55,209,103,106
050,28,023,"Mississippi","Clarke County",3,56,199,103,96
050,28,023,"Mississippi","Clarke County",3,57,220,106,114
050,28,023,"Mississippi","Clarke County",3,58,207,101,106
050,28,023,"Mississippi","Clarke County",3,59,220,116,104
050,28,023,"Mississippi","Clarke County",3,60,235,112,123
050,28,023,"Mississippi","Clarke County",3,61,241,103,138
050,28,023,"Mississippi","Clarke County",3,62,242,105,137
050,28,023,"Mississippi","Clarke County",3,63,212,98,114
050,28,023,"Mississippi","Clarke County",3,64,224,103,121
050,28,023,"Mississippi","Clarke County",3,65,221,107,114
050,28,023,"Mississippi","Clarke County",3,66,212,110,102
050,28,023,"Mississippi","Clarke County",3,67,205,97,108
050,28,023,"Mississippi","Clarke County",3,68,191,87,104
050,28,023,"Mississippi","Clarke County",3,69,196,85,111
050,28,023,"Mississippi","Clarke County",3,70,194,85,109
050,28,023,"Mississippi","Clarke County",3,71,180,83,97
050,28,023,"Mississippi","Clarke County",3,72,176,80,96
050,28,023,"Mississippi","Clarke County",3,73,193,91,102
050,28,023,"Mississippi","Clarke County",3,74,202,84,118
050,28,023,"Mississippi","Clarke County",3,75,134,55,79
050,28,023,"Mississippi","Clarke County",3,76,129,61,68
050,28,023,"Mississippi","Clarke County",3,77,136,64,72
050,28,023,"Mississippi","Clarke County",3,78,125,58,67
050,28,023,"Mississippi","Clarke County",3,79,103,45,58
050,28,023,"Mississippi","Clarke County",3,80,102,46,56
050,28,023,"Mississippi","Clarke County",3,81,93,41,52
050,28,023,"Mississippi","Clarke County",3,82,82,36,46
050,28,023,"Mississippi","Clarke County",3,83,77,35,42
050,28,023,"Mississippi","Clarke County",3,84,68,29,39
050,28,023,"Mississippi","Clarke County",3,85,344,117,227
050,28,023,"Mississippi","Clarke County",4,0,176,101,75
050,28,023,"Mississippi","Clarke County",4,1,180,111,69
050,28,023,"Mississippi","Clarke County",4,2,203,93,110
050,28,023,"Mississippi","Clarke County",4,3,179,90,89
050,28,023,"Mississippi","Clarke County",4,4,191,93,98
050,28,023,"Mississippi","Clarke County",4,5,193,92,101
050,28,023,"Mississippi","Clarke County",4,6,184,86,98
050,28,023,"Mississippi","Clarke County",4,7,166,87,79
050,28,023,"Mississippi","Clarke County",4,8,166,80,86
050,28,023,"Mississippi","Clarke County",4,9,156,70,86
050,28,023,"Mississippi","Clarke County",4,10,164,77,87
050,28,023,"Mississippi","Clarke County",4,11,153,81,72
050,28,023,"Mississippi","Clarke County",4,12,164,86,78
050,28,023,"Mississippi","Clarke County",4,13,187,99,88
050,28,023,"Mississippi","Clarke County",4,14,212,102,110
050,28,023,"Mississippi","Clarke County",4,15,228,115,113
050,28,023,"Mississippi","Clarke County",4,16,215,103,112
050,28,023,"Mississippi","Clarke County",4,17,204,108,96
050,28,023,"Mississippi","Clarke County",4,18,164,87,77
050,28,023,"Mississippi","Clarke County",4,19,130,66,64
050,28,023,"Mississippi","Clarke County",4,20,144,63,81
050,28,023,"Mississippi","Clarke County",4,21,173,82,91
050,28,023,"Mississippi","Clarke County",4,22,176,78,98
050,28,023,"Mississippi","Clarke County",4,23,179,89,90
050,28,023,"Mississippi","Clarke County",4,24,177,82,95
050,28,023,"Mississippi","Clarke County",4,25,175,91,84
050,28,023,"Mississippi","Clarke County",4,26,172,81,91
050,28,023,"Mississippi","Clarke County",4,27,170,83,87
050,28,023,"Mississippi","Clarke County",4,28,177,87,90
050,28,023,"Mississippi","Clarke County",4,29,181,90,91
050,28,023,"Mississippi","Clarke County",4,30,175,85,90
050,28,023,"Mississippi","Clarke County",4,31,172,82,90
050,28,023,"Mississippi","Clarke County",4,32,176,80,96
050,28,023,"Mississippi","Clarke County",4,33,173,78,95
050,28,023,"Mississippi","Clarke County",4,34,173,80,93
050,28,023,"Mississippi","Clarke County",4,35,166,84,82
050,28,023,"Mississippi","Clarke County",4,36,158,80,78
050,28,023,"Mississippi","Clarke County",4,37,167,73,94
050,28,023,"Mississippi","Clarke County",4,38,153,72,81
050,28,023,"Mississippi","Clarke County",4,39,181,85,96
050,28,023,"Mississippi","Clarke County",4,40,190,82,108
050,28,023,"Mississippi","Clarke County",4,41,165,72,93
050,28,023,"Mississippi","Clarke County",4,42,142,65,77
050,28,023,"Mississippi","Clarke County",4,43,160,76,84
050,28,023,"Mississippi","Clarke County",4,44,162,70,92
050,28,023,"Mississippi","Clarke County",4,45,152,69,83
050,28,023,"Mississippi","Clarke County",4,46,162,76,86
050,28,023,"Mississippi","Clarke County",4,47,159,78,81
050,28,023,"Mississippi","Clarke County",4,48,171,81,90
050,28,023,"Mississippi","Clarke County",4,49,188,88,100
050,28,023,"Mississippi","Clarke County",4,50,195,96,99
050,28,023,"Mississippi","Clarke County",4,51,200,103,97
050,28,023,"Mississippi","Clarke County",4,52,193,94,99
050,28,023,"Mississippi","Clarke County",4,53,175,78,97
050,28,023,"Mississippi","Clarke County",4,54,202,92,110
050,28,023,"Mississippi","Clarke County",4,55,197,95,102
050,28,023,"Mississippi","Clarke County",4,56,205,99,106
050,28,023,"Mississippi","Clarke County",4,57,200,106,94
050,28,023,"Mississippi","Clarke County",4,58,214,105,109
050,28,023,"Mississippi","Clarke County",4,59,205,99,106
050,28,023,"Mississippi","Clarke County",4,60,212,113,99
050,28,023,"Mississippi","Clarke County",4,61,231,109,122
050,28,023,"Mississippi","Clarke County",4,62,232,98,134
050,28,023,"Mississippi","Clarke County",4,63,244,105,139
050,28,023,"Mississippi","Clarke County",4,64,215,101,114
050,28,023,"Mississippi","Clarke County",4,65,220,99,121
050,28,023,"Mississippi","Clarke County",4,66,216,103,113
050,28,023,"Mississippi","Clarke County",4,67,203,107,96
050,28,023,"Mississippi","Clarke County",4,68,199,96,103
050,28,023,"Mississippi","Clarke County",4,69,189,86,103
050,28,023,"Mississippi","Clarke County",4,70,193,80,113
050,28,023,"Mississippi","Clarke County",4,71,192,86,106
050,28,023,"Mississippi","Clarke County",4,72,173,79,94
050,28,023,"Mississippi","Clarke County",4,73,170,78,92
050,28,023,"Mississippi","Clarke County",4,74,184,86,98
050,28,023,"Mississippi","Clarke County",4,75,197,79,118
050,28,023,"Mississippi","Clarke County",4,76,128,50,78
050,28,023,"Mississippi","Clarke County",4,77,123,56,67
050,28,023,"Mississippi","Clarke County",4,78,126,56,70
050,28,023,"Mississippi","Clarke County",4,79,119,56,63
050,28,023,"Mississippi","Clarke County",4,80,100,44,56
050,28,023,"Mississippi","Clarke County",4,81,90,40,50
050,28,023,"Mississippi","Clarke County",4,82,84,38,46
050,28,023,"Mississippi","Clarke County",4,83,75,34,41
050,28,023,"Mississippi","Clarke County",4,84,70,34,36
050,28,023,"Mississippi","Clarke County",4,85,348,120,228
050,28,023,"Mississippi","Clarke County",5,0,174,99,75
050,28,023,"Mississippi","Clarke County",5,1,197,113,84
050,28,023,"Mississippi","Clarke County",5,2,191,114,77
050,28,023,"Mississippi","Clarke County",5,3,201,94,107
050,28,023,"Mississippi","Clarke County",5,4,175,87,88
050,28,023,"Mississippi","Clarke County",5,5,192,98,94
050,28,023,"Mississippi","Clarke County",5,6,196,96,100
050,28,023,"Mississippi","Clarke County",5,7,185,91,94
050,28,023,"Mississippi","Clarke County",5,8,168,85,83
050,28,023,"Mississippi","Clarke County",5,9,172,84,88
050,28,023,"Mississippi","Clarke County",5,10,161,75,86
050,28,023,"Mississippi","Clarke County",5,11,167,75,92
050,28,023,"Mississippi","Clarke County",5,12,161,85,76
050,28,023,"Mississippi","Clarke County",5,13,168,83,85
050,28,023,"Mississippi","Clarke County",5,14,184,96,88
050,28,023,"Mississippi","Clarke County",5,15,208,99,109
050,28,023,"Mississippi","Clarke County",5,16,229,114,115
050,28,023,"Mississippi","Clarke County",5,17,230,109,121
050,28,023,"Mississippi","Clarke County",5,18,170,96,74
050,28,023,"Mississippi","Clarke County",5,19,129,69,60
050,28,023,"Mississippi","Clarke County",5,20,145,75,70
050,28,023,"Mississippi","Clarke County",5,21,150,64,86
050,28,023,"Mississippi","Clarke County",5,22,174,79,95
050,28,023,"Mississippi","Clarke County",5,23,197,83,114
050,28,023,"Mississippi","Clarke County",5,24,180,94,86
050,28,023,"Mississippi","Clarke County",5,25,179,87,92
050,28,023,"Mississippi","Clarke County",5,26,185,96,89
050,28,023,"Mississippi","Clarke County",5,27,175,79,96
050,28,023,"Mississippi","Clarke County",5,28,167,81,86
050,28,023,"Mississippi","Clarke County",5,29,186,91,95
050,28,023,"Mississippi","Clarke County",5,30,174,89,85
050,28,023,"Mississippi","Clarke County",5,31,175,78,97
050,28,023,"Mississippi","Clarke County",5,32,172,75,97
050,28,023,"Mississippi","Clarke County",5,33,187,91,96
050,28,023,"Mississippi","Clarke County",5,34,174,77,97
050,28,023,"Mississippi","Clarke County",5,35,168,82,86
050,28,023,"Mississippi","Clarke County",5,36,171,86,85
050,28,023,"Mississippi","Clarke County",5,37,156,77,79
050,28,023,"Mississippi","Clarke County",5,38,170,75,95
050,28,023,"Mississippi","Clarke County",5,39,158,77,81
050,28,023,"Mississippi","Clarke County",5,40,182,83,99
050,28,023,"Mississippi","Clarke County",5,41,191,81,110
050,28,023,"Mississippi","Clarke County",5,42,163,69,94
050,28,023,"Mississippi","Clarke County",5,43,149,68,81
050,28,023,"Mississippi","Clarke County",5,44,160,76,84
050,28,023,"Mississippi","Clarke County",5,45,167,70,97
050,28,023,"Mississippi","Clarke County",5,46,151,70,81
050,28,023,"Mississippi","Clarke County",5,47,165,77,88
050,28,023,"Mississippi","Clarke County",5,48,154,72,82
050,28,023,"Mississippi","Clarke County",5,49,168,79,89
050,28,023,"Mississippi","Clarke County",5,50,189,88,101
050,28,023,"Mississippi","Clarke County",5,51,191,90,101
050,28,023,"Mississippi","Clarke County",5,52,199,100,99
050,28,023,"Mississippi","Clarke County",5,53,195,95,100
050,28,023,"Mississippi","Clarke County",5,54,167,73,94
050,28,023,"Mississippi","Clarke County",5,55,203,92,111
050,28,023,"Mississippi","Clarke County",5,56,193,95,98
050,28,023,"Mississippi","Clarke County",5,57,202,101,101
050,28,023,"Mississippi","Clarke County",5,58,190,100,90
050,28,023,"Mississippi","Clarke County",5,59,211,104,107
050,28,023,"Mississippi","Clarke County",5,60,199,98,101
050,28,023,"Mississippi","Clarke County",5,61,207,110,97
050,28,023,"Mississippi","Clarke County",5,62,231,111,120
050,28,023,"Mississippi","Clarke County",5,63,229,97,132
050,28,023,"Mississippi","Clarke County",5,64,238,105,133
050,28,023,"Mississippi","Clarke County",5,65,203,94,109
050,28,023,"Mississippi","Clarke County",5,66,224,98,126
050,28,023,"Mississippi","Clarke County",5,67,209,102,107
050,28,023,"Mississippi","Clarke County",5,68,206,110,96
050,28,023,"Mississippi","Clarke County",5,69,192,93,99
050,28,023,"Mississippi","Clarke County",5,70,183,79,104
050,28,023,"Mississippi","Clarke County",5,71,187,75,112
050,28,023,"Mississippi","Clarke County",5,72,186,81,105
050,28,023,"Mississippi","Clarke County",5,73,168,77,91
050,28,023,"Mississippi","Clarke County",5,74,165,73,92
050,28,023,"Mississippi","Clarke County",5,75,177,81,96
050,28,023,"Mississippi","Clarke County",5,76,190,75,115
050,28,023,"Mississippi","Clarke County",5,77,122,46,76
050,28,023,"Mississippi","Clarke County",5,78,110,45,65
050,28,023,"Mississippi","Clarke County",5,79,120,53,67
050,28,023,"Mississippi","Clarke County",5,80,116,54,62
050,28,023,"Mississippi","Clarke County",5,81,85,36,49
050,28,023,"Mississippi","Clarke County",5,82,82,38,44
050,28,023,"Mississippi","Clarke County",5,83,78,36,42
050,28,023,"Mississippi","Clarke County",5,84,69,33,36
050,28,023,"Mississippi","Clarke County",5,85,361,132,229
050,28,025,"Mississippi","Clay County",1,0,224,116,108
050,28,025,"Mississippi","Clay County",1,1,220,120,100
050,28,025,"Mississippi","Clay County",1,2,212,111,101
050,28,025,"Mississippi","Clay County",1,3,202,109,93
050,28,025,"Mississippi","Clay County",1,4,213,119,94
050,28,025,"Mississippi","Clay County",1,5,214,110,104
050,28,025,"Mississippi","Clay County",1,6,194,89,105
050,28,025,"Mississippi","Clay County",1,7,211,114,97
050,28,025,"Mississippi","Clay County",1,8,223,111,112
050,28,025,"Mississippi","Clay County",1,9,234,107,127
050,28,025,"Mississippi","Clay County",1,10,232,114,118
050,28,025,"Mississippi","Clay County",1,11,263,124,139
050,28,025,"Mississippi","Clay County",1,12,279,133,146
050,28,025,"Mississippi","Clay County",1,13,291,144,147
050,28,025,"Mississippi","Clay County",1,14,272,132,140
050,28,025,"Mississippi","Clay County",1,15,257,128,129
050,28,025,"Mississippi","Clay County",1,16,245,124,121
050,28,025,"Mississippi","Clay County",1,17,258,133,125
050,28,025,"Mississippi","Clay County",1,18,227,114,113
050,28,025,"Mississippi","Clay County",1,19,196,100,96
050,28,025,"Mississippi","Clay County",1,20,217,108,109
050,28,025,"Mississippi","Clay County",1,21,233,119,114
050,28,025,"Mississippi","Clay County",1,22,225,105,120
050,28,025,"Mississippi","Clay County",1,23,213,108,105
050,28,025,"Mississippi","Clay County",1,24,235,125,110
050,28,025,"Mississippi","Clay County",1,25,222,102,120
050,28,025,"Mississippi","Clay County",1,26,254,122,132
050,28,025,"Mississippi","Clay County",1,27,255,112,143
050,28,025,"Mississippi","Clay County",1,28,245,101,144
050,28,025,"Mississippi","Clay County",1,29,285,145,140
050,28,025,"Mississippi","Clay County",1,30,255,131,124
050,28,025,"Mississippi","Clay County",1,31,224,98,126
050,28,025,"Mississippi","Clay County",1,32,206,103,103
050,28,025,"Mississippi","Clay County",1,33,218,106,112
050,28,025,"Mississippi","Clay County",1,34,226,113,113
050,28,025,"Mississippi","Clay County",1,35,221,104,117
050,28,025,"Mississippi","Clay County",1,36,224,110,114
050,28,025,"Mississippi","Clay County",1,37,223,118,105
050,28,025,"Mississippi","Clay County",1,38,220,101,119
050,28,025,"Mississippi","Clay County",1,39,196,82,114
050,28,025,"Mississippi","Clay County",1,40,232,107,125
050,28,025,"Mississippi","Clay County",1,41,242,111,131
050,28,025,"Mississippi","Clay County",1,42,204,92,112
050,28,025,"Mississippi","Clay County",1,43,195,84,111
050,28,025,"Mississippi","Clay County",1,44,202,91,111
050,28,025,"Mississippi","Clay County",1,45,204,95,109
050,28,025,"Mississippi","Clay County",1,46,214,101,113
050,28,025,"Mississippi","Clay County",1,47,234,123,111
050,28,025,"Mississippi","Clay County",1,48,224,100,124
050,28,025,"Mississippi","Clay County",1,49,220,104,116
050,28,025,"Mississippi","Clay County",1,50,206,96,110
050,28,025,"Mississippi","Clay County",1,51,225,110,115
050,28,025,"Mississippi","Clay County",1,52,229,110,119
050,28,025,"Mississippi","Clay County",1,53,232,115,117
050,28,025,"Mississippi","Clay County",1,54,219,98,121
050,28,025,"Mississippi","Clay County",1,55,216,106,110
050,28,025,"Mississippi","Clay County",1,56,242,113,129
050,28,025,"Mississippi","Clay County",1,57,259,118,141
050,28,025,"Mississippi","Clay County",1,58,260,114,146
050,28,025,"Mississippi","Clay County",1,59,267,116,151
050,28,025,"Mississippi","Clay County",1,60,255,119,136
050,28,025,"Mississippi","Clay County",1,61,256,118,138
050,28,025,"Mississippi","Clay County",1,62,288,146,142
050,28,025,"Mississippi","Clay County",1,63,282,137,145
050,28,025,"Mississippi","Clay County",1,64,270,117,153
050,28,025,"Mississippi","Clay County",1,65,247,112,135
050,28,025,"Mississippi","Clay County",1,66,229,101,128
050,28,025,"Mississippi","Clay County",1,67,226,100,126
050,28,025,"Mississippi","Clay County",1,68,207,91,116
050,28,025,"Mississippi","Clay County",1,69,201,97,104
050,28,025,"Mississippi","Clay County",1,70,208,96,112
050,28,025,"Mississippi","Clay County",1,71,211,99,112
050,28,025,"Mississippi","Clay County",1,72,217,99,118
050,28,025,"Mississippi","Clay County",1,73,215,100,115
050,28,025,"Mississippi","Clay County",1,74,150,69,81
050,28,025,"Mississippi","Clay County",1,75,145,67,78
050,28,025,"Mississippi","Clay County",1,76,123,46,77
050,28,025,"Mississippi","Clay County",1,77,126,63,63
050,28,025,"Mississippi","Clay County",1,78,98,36,62
050,28,025,"Mississippi","Clay County",1,79,94,37,57
050,28,025,"Mississippi","Clay County",1,80,88,42,46
050,28,025,"Mississippi","Clay County",1,81,86,39,47
050,28,025,"Mississippi","Clay County",1,82,87,38,49
050,28,025,"Mississippi","Clay County",1,83,82,38,44
050,28,025,"Mississippi","Clay County",1,84,60,20,40
050,28,025,"Mississippi","Clay County",1,85,392,124,268
050,28,025,"Mississippi","Clay County",2,0,218,109,109
050,28,025,"Mississippi","Clay County",2,1,218,116,102
050,28,025,"Mississippi","Clay County",2,2,215,113,102
050,28,025,"Mississippi","Clay County",2,3,202,109,93
050,28,025,"Mississippi","Clay County",2,4,210,116,94
050,28,025,"Mississippi","Clay County",2,5,215,112,103
050,28,025,"Mississippi","Clay County",2,6,198,96,102
050,28,025,"Mississippi","Clay County",2,7,206,108,98
050,28,025,"Mississippi","Clay County",2,8,220,112,108
050,28,025,"Mississippi","Clay County",2,9,231,109,122
050,28,025,"Mississippi","Clay County",2,10,232,112,120
050,28,025,"Mississippi","Clay County",2,11,255,120,135
050,28,025,"Mississippi","Clay County",2,12,279,134,145
050,28,025,"Mississippi","Clay County",2,13,288,141,147
050,28,025,"Mississippi","Clay County",2,14,278,136,142
050,28,025,"Mississippi","Clay County",2,15,262,128,134
050,28,025,"Mississippi","Clay County",2,16,250,124,126
050,28,025,"Mississippi","Clay County",2,17,256,130,126
050,28,025,"Mississippi","Clay County",2,18,224,113,111
050,28,025,"Mississippi","Clay County",2,19,197,100,97
050,28,025,"Mississippi","Clay County",2,20,218,110,108
050,28,025,"Mississippi","Clay County",2,21,232,117,115
050,28,025,"Mississippi","Clay County",2,22,229,109,120
050,28,025,"Mississippi","Clay County",2,23,220,111,109
050,28,025,"Mississippi","Clay County",2,24,232,123,109
050,28,025,"Mississippi","Clay County",2,25,227,109,118
050,28,025,"Mississippi","Clay County",2,26,251,120,131
050,28,025,"Mississippi","Clay County",2,27,256,115,141
050,28,025,"Mississippi","Clay County",2,28,248,105,143
050,28,025,"Mississippi","Clay County",2,29,273,133,140
050,28,025,"Mississippi","Clay County",2,30,261,134,127
050,28,025,"Mississippi","Clay County",2,31,231,107,124
050,28,025,"Mississippi","Clay County",2,32,209,101,108
050,28,025,"Mississippi","Clay County",2,33,215,105,110
050,28,025,"Mississippi","Clay County",2,34,221,109,112
050,28,025,"Mississippi","Clay County",2,35,225,108,117
050,28,025,"Mississippi","Clay County",2,36,222,108,114
050,28,025,"Mississippi","Clay County",2,37,223,116,107
050,28,025,"Mississippi","Clay County",2,38,220,104,116
050,28,025,"Mississippi","Clay County",2,39,199,86,113
050,28,025,"Mississippi","Clay County",2,40,227,103,124
050,28,025,"Mississippi","Clay County",2,41,237,108,129
050,28,025,"Mississippi","Clay County",2,42,210,95,115
050,28,025,"Mississippi","Clay County",2,43,197,86,111
050,28,025,"Mississippi","Clay County",2,44,198,88,110
050,28,025,"Mississippi","Clay County",2,45,204,95,109
050,28,025,"Mississippi","Clay County",2,46,211,100,111
050,28,025,"Mississippi","Clay County",2,47,228,117,111
050,28,025,"Mississippi","Clay County",2,48,225,105,120
050,28,025,"Mississippi","Clay County",2,49,222,104,118
050,28,025,"Mississippi","Clay County",2,50,209,99,110
050,28,025,"Mississippi","Clay County",2,51,219,107,112
050,28,025,"Mississippi","Clay County",2,52,229,110,119
050,28,025,"Mississippi","Clay County",2,53,232,113,119
050,28,025,"Mississippi","Clay County",2,54,221,101,120
050,28,025,"Mississippi","Clay County",2,55,216,104,112
050,28,025,"Mississippi","Clay County",2,56,235,111,124
050,28,025,"Mississippi","Clay County",2,57,256,117,139
050,28,025,"Mississippi","Clay County",2,58,259,114,145
050,28,025,"Mississippi","Clay County",2,59,265,117,148
050,28,025,"Mississippi","Clay County",2,60,259,119,140
050,28,025,"Mississippi","Clay County",2,61,258,120,138
050,28,025,"Mississippi","Clay County",2,62,276,137,139
050,28,025,"Mississippi","Clay County",2,63,284,139,145
050,28,025,"Mississippi","Clay County",2,64,271,123,148
050,28,025,"Mississippi","Clay County",2,65,248,111,137
050,28,025,"Mississippi","Clay County",2,66,233,104,129
050,28,025,"Mississippi","Clay County",2,67,224,99,125
050,28,025,"Mississippi","Clay County",2,68,208,93,115
050,28,025,"Mississippi","Clay County",2,69,203,96,107
050,28,025,"Mississippi","Clay County",2,70,206,96,110
050,28,025,"Mississippi","Clay County",2,71,210,99,111
050,28,025,"Mississippi","Clay County",2,72,212,96,116
050,28,025,"Mississippi","Clay County",2,73,220,102,118
050,28,025,"Mississippi","Clay County",2,74,156,71,85
050,28,025,"Mississippi","Clay County",2,75,147,67,80
050,28,025,"Mississippi","Clay County",2,76,127,52,75
050,28,025,"Mississippi","Clay County",2,77,127,59,68
050,28,025,"Mississippi","Clay County",2,78,102,42,60
050,28,025,"Mississippi","Clay County",2,79,94,37,57
050,28,025,"Mississippi","Clay County",2,80,90,41,49
050,28,025,"Mississippi","Clay County",2,81,83,37,46
050,28,025,"Mississippi","Clay County",2,82,84,36,48
050,28,025,"Mississippi","Clay County",2,83,79,36,43
050,28,025,"Mississippi","Clay County",2,84,66,25,41
050,28,025,"Mississippi","Clay County",2,85,389,124,265
050,28,025,"Mississippi","Clay County",3,0,239,112,127
050,28,025,"Mississippi","Clay County",3,1,208,95,113
050,28,025,"Mississippi","Clay County",3,2,218,113,105
050,28,025,"Mississippi","Clay County",3,3,214,111,103
050,28,025,"Mississippi","Clay County",3,4,206,111,95
050,28,025,"Mississippi","Clay County",3,5,204,110,94
050,28,025,"Mississippi","Clay County",3,6,206,104,102
050,28,025,"Mississippi","Clay County",3,7,188,94,94
050,28,025,"Mississippi","Clay County",3,8,196,99,97
050,28,025,"Mississippi","Clay County",3,9,229,120,109
050,28,025,"Mississippi","Clay County",3,10,232,107,125
050,28,025,"Mississippi","Clay County",3,11,229,109,120
050,28,025,"Mississippi","Clay County",3,12,258,122,136
050,28,025,"Mississippi","Clay County",3,13,272,128,144
050,28,025,"Mississippi","Clay County",3,14,293,146,147
050,28,025,"Mississippi","Clay County",3,15,275,134,141
050,28,025,"Mississippi","Clay County",3,16,251,123,128
050,28,025,"Mississippi","Clay County",3,17,262,130,132
050,28,025,"Mississippi","Clay County",3,18,225,116,109
050,28,025,"Mississippi","Clay County",3,19,197,102,95
050,28,025,"Mississippi","Clay County",3,20,212,107,105
050,28,025,"Mississippi","Clay County",3,21,220,104,116
050,28,025,"Mississippi","Clay County",3,22,231,117,114
050,28,025,"Mississippi","Clay County",3,23,230,106,124
050,28,025,"Mississippi","Clay County",3,24,219,111,108
050,28,025,"Mississippi","Clay County",3,25,215,116,99
050,28,025,"Mississippi","Clay County",3,26,228,109,119
050,28,025,"Mississippi","Clay County",3,27,240,119,121
050,28,025,"Mississippi","Clay County",3,28,249,111,138
050,28,025,"Mississippi","Clay County",3,29,233,95,138
050,28,025,"Mississippi","Clay County",3,30,262,129,133
050,28,025,"Mississippi","Clay County",3,31,246,120,126
050,28,025,"Mississippi","Clay County",3,32,228,104,124
050,28,025,"Mississippi","Clay County",3,33,194,94,100
050,28,025,"Mississippi","Clay County",3,34,219,100,119
050,28,025,"Mississippi","Clay County",3,35,226,110,116
050,28,025,"Mississippi","Clay County",3,36,219,107,112
050,28,025,"Mississippi","Clay County",3,37,234,113,121
050,28,025,"Mississippi","Clay County",3,38,220,108,112
050,28,025,"Mississippi","Clay County",3,39,222,105,117
050,28,025,"Mississippi","Clay County",3,40,192,83,109
050,28,025,"Mississippi","Clay County",3,41,225,103,122
050,28,025,"Mississippi","Clay County",3,42,238,113,125
050,28,025,"Mississippi","Clay County",3,43,211,93,118
050,28,025,"Mississippi","Clay County",3,44,199,86,113
050,28,025,"Mississippi","Clay County",3,45,192,84,108
050,28,025,"Mississippi","Clay County",3,46,203,92,111
050,28,025,"Mississippi","Clay County",3,47,216,104,112
050,28,025,"Mississippi","Clay County",3,48,222,116,106
050,28,025,"Mississippi","Clay County",3,49,230,112,118
050,28,025,"Mississippi","Clay County",3,50,223,102,121
050,28,025,"Mississippi","Clay County",3,51,216,104,112
050,28,025,"Mississippi","Clay County",3,52,216,104,112
050,28,025,"Mississippi","Clay County",3,53,236,118,118
050,28,025,"Mississippi","Clay County",3,54,226,104,122
050,28,025,"Mississippi","Clay County",3,55,218,98,120
050,28,025,"Mississippi","Clay County",3,56,223,107,116
050,28,025,"Mississippi","Clay County",3,57,233,109,124
050,28,025,"Mississippi","Clay County",3,58,239,106,133
050,28,025,"Mississippi","Clay County",3,59,249,109,140
050,28,025,"Mississippi","Clay County",3,60,269,117,152
050,28,025,"Mississippi","Clay County",3,61,259,121,138
050,28,025,"Mississippi","Clay County",3,62,257,115,142
050,28,025,"Mississippi","Clay County",3,63,275,136,139
050,28,025,"Mississippi","Clay County",3,64,279,135,144
050,28,025,"Mississippi","Clay County",3,65,269,120,149
050,28,025,"Mississippi","Clay County",3,66,242,105,137
050,28,025,"Mississippi","Clay County",3,67,224,98,126
050,28,025,"Mississippi","Clay County",3,68,220,98,122
050,28,025,"Mississippi","Clay County",3,69,203,91,112
050,28,025,"Mississippi","Clay County",3,70,204,96,108
050,28,025,"Mississippi","Clay County",3,71,199,93,106
050,28,025,"Mississippi","Clay County",3,72,203,89,114
050,28,025,"Mississippi","Clay County",3,73,200,89,111
050,28,025,"Mississippi","Clay County",3,74,218,97,121
050,28,025,"Mississippi","Clay County",3,75,149,68,81
050,28,025,"Mississippi","Clay County",3,76,143,66,77
050,28,025,"Mississippi","Clay County",3,77,122,52,70
050,28,025,"Mississippi","Clay County",3,78,115,50,65
050,28,025,"Mississippi","Clay County",3,79,94,37,57
050,28,025,"Mississippi","Clay County",3,80,85,29,56
050,28,025,"Mississippi","Clay County",3,81,86,36,50
050,28,025,"Mississippi","Clay County",3,82,74,31,43
050,28,025,"Mississippi","Clay County",3,83,75,29,46
050,28,025,"Mississippi","Clay County",3,84,75,34,41
050,28,025,"Mississippi","Clay County",3,85,386,124,262
050,28,025,"Mississippi","Clay County",4,0,210,100,110
050,28,025,"Mississippi","Clay County",4,1,232,110,122
050,28,025,"Mississippi","Clay County",4,2,213,101,112
050,28,025,"Mississippi","Clay County",4,3,228,121,107
050,28,025,"Mississippi","Clay County",4,4,220,115,105
050,28,025,"Mississippi","Clay County",4,5,212,115,97
050,28,025,"Mississippi","Clay County",4,6,200,109,91
050,28,025,"Mississippi","Clay County",4,7,205,106,99
050,28,025,"Mississippi","Clay County",4,8,193,97,96
050,28,025,"Mississippi","Clay County",4,9,195,101,94
050,28,025,"Mississippi","Clay County",4,10,214,114,100
050,28,025,"Mississippi","Clay County",4,11,229,102,127
050,28,025,"Mississippi","Clay County",4,12,226,105,121
050,28,025,"Mississippi","Clay County",4,13,245,120,125
050,28,025,"Mississippi","Clay County",4,14,275,131,144
050,28,025,"Mississippi","Clay County",4,15,286,138,148
050,28,025,"Mississippi","Clay County",4,16,278,134,144
050,28,025,"Mississippi","Clay County",4,17,255,130,125
050,28,025,"Mississippi","Clay County",4,18,230,116,114
050,28,025,"Mississippi","Clay County",4,19,190,100,90
050,28,025,"Mississippi","Clay County",4,20,199,106,93
050,28,025,"Mississippi","Clay County",4,21,215,106,109
050,28,025,"Mississippi","Clay County",4,22,222,108,114
050,28,025,"Mississippi","Clay County",4,23,250,128,122
050,28,025,"Mississippi","Clay County",4,24,239,101,138
050,28,025,"Mississippi","Clay County",4,25,206,105,101
050,28,025,"Mississippi","Clay County",4,26,211,110,101
050,28,025,"Mississippi","Clay County",4,27,228,109,119
050,28,025,"Mississippi","Clay County",4,28,248,123,125
050,28,025,"Mississippi","Clay County",4,29,259,121,138
050,28,025,"Mississippi","Clay County",4,30,243,100,143
050,28,025,"Mississippi","Clay County",4,31,257,126,131
050,28,025,"Mississippi","Clay County",4,32,236,115,121
050,28,025,"Mississippi","Clay County",4,33,221,93,128
050,28,025,"Mississippi","Clay County",4,34,192,88,104
050,28,025,"Mississippi","Clay County",4,35,209,96,113
050,28,025,"Mississippi","Clay County",4,36,213,101,112
050,28,025,"Mississippi","Clay County",4,37,219,108,111
050,28,025,"Mississippi","Clay County",4,38,237,113,124
050,28,025,"Mississippi","Clay County",4,39,214,104,110
050,28,025,"Mississippi","Clay County",4,40,223,106,117
050,28,025,"Mississippi","Clay County",4,41,202,88,114
050,28,025,"Mississippi","Clay County",4,42,223,105,118
050,28,025,"Mississippi","Clay County",4,43,235,111,124
050,28,025,"Mississippi","Clay County",4,44,206,90,116
050,28,025,"Mississippi","Clay County",4,45,196,85,111
050,28,025,"Mississippi","Clay County",4,46,197,88,109
050,28,025,"Mississippi","Clay County",4,47,196,91,105
050,28,025,"Mississippi","Clay County",4,48,211,103,108
050,28,025,"Mississippi","Clay County",4,49,228,119,109
050,28,025,"Mississippi","Clay County",4,50,222,102,120
050,28,025,"Mississippi","Clay County",4,51,216,98,118
050,28,025,"Mississippi","Clay County",4,52,212,100,112
050,28,025,"Mississippi","Clay County",4,53,221,107,114
050,28,025,"Mississippi","Clay County",4,54,226,110,116
050,28,025,"Mississippi","Clay County",4,55,227,111,116
050,28,025,"Mississippi","Clay County",4,56,222,99,123
050,28,025,"Mississippi","Clay County",4,57,223,109,114
050,28,025,"Mississippi","Clay County",4,58,220,100,120
050,28,025,"Mississippi","Clay County",4,59,236,104,132
050,28,025,"Mississippi","Clay County",4,60,248,110,138
050,28,025,"Mississippi","Clay County",4,61,260,111,149
050,28,025,"Mississippi","Clay County",4,62,261,122,139
050,28,025,"Mississippi","Clay County",4,63,243,108,135
050,28,025,"Mississippi","Clay County",4,64,267,131,136
050,28,025,"Mississippi","Clay County",4,65,269,130,139
050,28,025,"Mississippi","Clay County",4,66,256,109,147
050,28,025,"Mississippi","Clay County",4,67,234,100,134
050,28,025,"Mississippi","Clay County",4,68,217,97,120
050,28,025,"Mississippi","Clay County",4,69,211,91,120
050,28,025,"Mississippi","Clay County",4,70,202,91,111
050,28,025,"Mississippi","Clay County",4,71,194,93,101
050,28,025,"Mississippi","Clay County",4,72,193,84,109
050,28,025,"Mississippi","Clay County",4,73,191,82,109
050,28,025,"Mississippi","Clay County",4,74,195,84,111
050,28,025,"Mississippi","Clay County",4,75,214,90,124
050,28,025,"Mississippi","Clay County",4,76,142,64,78
050,28,025,"Mississippi","Clay County",4,77,136,65,71
050,28,025,"Mississippi","Clay County",4,78,112,45,67
050,28,025,"Mississippi","Clay County",4,79,105,45,60
050,28,025,"Mississippi","Clay County",4,80,84,32,52
050,28,025,"Mississippi","Clay County",4,81,83,27,56
050,28,025,"Mississippi","Clay County",4,82,75,30,45
050,28,025,"Mississippi","Clay County",4,83,65,27,38
050,28,025,"Mississippi","Clay County",4,84,67,24,43
050,28,025,"Mississippi","Clay County",4,85,391,131,260
050,28,025,"Mississippi","Clay County",5,0,208,100,108
050,28,025,"Mississippi","Clay County",5,1,210,97,113
050,28,025,"Mississippi","Clay County",5,2,241,118,123
050,28,025,"Mississippi","Clay County",5,3,214,102,112
050,28,025,"Mississippi","Clay County",5,4,217,113,104
050,28,025,"Mississippi","Clay County",5,5,221,124,97
050,28,025,"Mississippi","Clay County",5,6,220,122,98
050,28,025,"Mississippi","Clay County",5,7,199,111,88
050,28,025,"Mississippi","Clay County",5,8,212,112,100
050,28,025,"Mississippi","Clay County",5,9,188,98,90
050,28,025,"Mississippi","Clay County",5,10,194,103,91
050,28,025,"Mississippi","Clay County",5,11,210,116,94
050,28,025,"Mississippi","Clay County",5,12,226,102,124
050,28,025,"Mississippi","Clay County",5,13,232,108,124
050,28,025,"Mississippi","Clay County",5,14,238,115,123
050,28,025,"Mississippi","Clay County",5,15,270,131,139
050,28,025,"Mississippi","Clay County",5,16,292,132,160
050,28,025,"Mississippi","Clay County",5,17,287,141,146
050,28,025,"Mississippi","Clay County",5,18,218,116,102
050,28,025,"Mississippi","Clay County",5,19,192,97,95
050,28,025,"Mississippi","Clay County",5,20,193,104,89
050,28,025,"Mississippi","Clay County",5,21,212,106,106
050,28,025,"Mississippi","Clay County",5,22,216,107,109
050,28,025,"Mississippi","Clay County",5,23,237,115,122
050,28,025,"Mississippi","Clay County",5,24,267,142,125
050,28,025,"Mississippi","Clay County",5,25,254,112,142
050,28,025,"Mississippi","Clay County",5,26,200,105,95
050,28,025,"Mississippi","Clay County",5,27,205,92,113
050,28,025,"Mississippi","Clay County",5,28,237,117,120
050,28,025,"Mississippi","Clay County",5,29,236,112,124
050,28,025,"Mississippi","Clay County",5,30,255,122,133
050,28,025,"Mississippi","Clay County",5,31,233,96,137
050,28,025,"Mississippi","Clay County",5,32,242,119,123
050,28,025,"Mississippi","Clay County",5,33,241,119,122
050,28,025,"Mississippi","Clay County",5,34,210,85,125
050,28,025,"Mississippi","Clay County",5,35,193,89,104
050,28,025,"Mississippi","Clay County",5,36,215,100,115
050,28,025,"Mississippi","Clay County",5,37,216,102,114
050,28,025,"Mississippi","Clay County",5,38,209,102,107
050,28,025,"Mississippi","Clay County",5,39,232,108,124
050,28,025,"Mississippi","Clay County",5,40,219,108,111
050,28,025,"Mississippi","Clay County",5,41,223,107,116
050,28,025,"Mississippi","Clay County",5,42,199,80,119
050,28,025,"Mississippi","Clay County",5,43,227,108,119
050,28,025,"Mississippi","Clay County",5,44,236,110,126
050,28,025,"Mississippi","Clay County",5,45,202,87,115
050,28,025,"Mississippi","Clay County",5,46,192,82,110
050,28,025,"Mississippi","Clay County",5,47,196,89,107
050,28,025,"Mississippi","Clay County",5,48,190,91,99
050,28,025,"Mississippi","Clay County",5,49,211,106,105
050,28,025,"Mississippi","Clay County",5,50,229,119,110
050,28,025,"Mississippi","Clay County",5,51,219,99,120
050,28,025,"Mississippi","Clay County",5,52,218,101,117
050,28,025,"Mississippi","Clay County",5,53,220,106,114
050,28,025,"Mississippi","Clay County",5,54,219,105,114
050,28,025,"Mississippi","Clay County",5,55,228,116,112
050,28,025,"Mississippi","Clay County",5,56,229,115,114
050,28,025,"Mississippi","Clay County",5,57,212,94,118
050,28,025,"Mississippi","Clay County",5,58,211,100,111
050,28,025,"Mississippi","Clay County",5,59,213,96,117
050,28,025,"Mississippi","Clay County",5,60,232,101,131
050,28,025,"Mississippi","Clay County",5,61,241,104,137
050,28,025,"Mississippi","Clay County",5,62,257,107,150
050,28,025,"Mississippi","Clay County",5,63,256,119,137
050,28,025,"Mississippi","Clay County",5,64,235,100,135
050,28,025,"Mississippi","Clay County",5,65,258,127,131
050,28,025,"Mississippi","Clay County",5,66,264,126,138
050,28,025,"Mississippi","Clay County",5,67,249,106,143
050,28,025,"Mississippi","Clay County",5,68,229,98,131
050,28,025,"Mississippi","Clay County",5,69,213,93,120
050,28,025,"Mississippi","Clay County",5,70,208,91,117
050,28,025,"Mississippi","Clay County",5,71,195,91,104
050,28,025,"Mississippi","Clay County",5,72,187,85,102
050,28,025,"Mississippi","Clay County",5,73,178,79,99
050,28,025,"Mississippi","Clay County",5,74,187,78,109
050,28,025,"Mississippi","Clay County",5,75,197,83,114
050,28,025,"Mississippi","Clay County",5,76,202,82,120
050,28,025,"Mississippi","Clay County",5,77,137,62,75
050,28,025,"Mississippi","Clay County",5,78,124,58,66
050,28,025,"Mississippi","Clay County",5,79,99,36,63
050,28,025,"Mississippi","Clay County",5,80,93,39,54
050,28,025,"Mississippi","Clay County",5,81,82,30,52
050,28,025,"Mississippi","Clay County",5,82,75,22,53
050,28,025,"Mississippi","Clay County",5,83,68,26,42
050,28,025,"Mississippi","Clay County",5,84,59,24,35
050,28,025,"Mississippi","Clay County",5,85,396,135,261
050,28,027,"Mississippi","Coahoma County",1,0,319,164,155
050,28,027,"Mississippi","Coahoma County",1,1,322,174,148
050,28,027,"Mississippi","Coahoma County",1,2,331,168,163
050,28,027,"Mississippi","Coahoma County",1,3,320,157,163
050,28,027,"Mississippi","Coahoma County",1,4,366,195,171
050,28,027,"Mississippi","Coahoma County",1,5,341,161,180
050,28,027,"Mississippi","Coahoma County",1,6,325,151,174
050,28,027,"Mississippi","Coahoma County",1,7,330,156,174
050,28,027,"Mississippi","Coahoma County",1,8,320,161,159
050,28,027,"Mississippi","Coahoma County",1,9,323,165,158
050,28,027,"Mississippi","Coahoma County",1,10,341,175,166
050,28,027,"Mississippi","Coahoma County",1,11,355,187,168
050,28,027,"Mississippi","Coahoma County",1,12,350,172,178
050,28,027,"Mississippi","Coahoma County",1,13,307,167,140
050,28,027,"Mississippi","Coahoma County",1,14,301,162,139
050,28,027,"Mississippi","Coahoma County",1,15,289,149,140
050,28,027,"Mississippi","Coahoma County",1,16,309,156,153
050,28,027,"Mississippi","Coahoma County",1,17,312,157,155
050,28,027,"Mississippi","Coahoma County",1,18,288,155,133
050,28,027,"Mississippi","Coahoma County",1,19,372,192,180
050,28,027,"Mississippi","Coahoma County",1,20,337,180,157
050,28,027,"Mississippi","Coahoma County",1,21,281,131,150
050,28,027,"Mississippi","Coahoma County",1,22,273,124,149
050,28,027,"Mississippi","Coahoma County",1,23,269,129,140
050,28,027,"Mississippi","Coahoma County",1,24,272,133,139
050,28,027,"Mississippi","Coahoma County",1,25,277,129,148
050,28,027,"Mississippi","Coahoma County",1,26,286,121,165
050,28,027,"Mississippi","Coahoma County",1,27,280,122,158
050,28,027,"Mississippi","Coahoma County",1,28,288,127,161
050,28,027,"Mississippi","Coahoma County",1,29,263,114,149
050,28,027,"Mississippi","Coahoma County",1,30,253,119,134
050,28,027,"Mississippi","Coahoma County",1,31,247,121,126
050,28,027,"Mississippi","Coahoma County",1,32,224,103,121
050,28,027,"Mississippi","Coahoma County",1,33,248,115,133
050,28,027,"Mississippi","Coahoma County",1,34,244,114,130
050,28,027,"Mississippi","Coahoma County",1,35,212,83,129
050,28,027,"Mississippi","Coahoma County",1,36,234,113,121
050,28,027,"Mississippi","Coahoma County",1,37,244,103,141
050,28,027,"Mississippi","Coahoma County",1,38,250,110,140
050,28,027,"Mississippi","Coahoma County",1,39,255,112,143
050,28,027,"Mississippi","Coahoma County",1,40,250,99,151
050,28,027,"Mississippi","Coahoma County",1,41,252,107,145
050,28,027,"Mississippi","Coahoma County",1,42,229,103,126
050,28,027,"Mississippi","Coahoma County",1,43,208,91,117
050,28,027,"Mississippi","Coahoma County",1,44,195,86,109
050,28,027,"Mississippi","Coahoma County",1,45,218,95,123
050,28,027,"Mississippi","Coahoma County",1,46,225,97,128
050,28,027,"Mississippi","Coahoma County",1,47,232,106,126
050,28,027,"Mississippi","Coahoma County",1,48,234,107,127
050,28,027,"Mississippi","Coahoma County",1,49,241,116,125
050,28,027,"Mississippi","Coahoma County",1,50,221,92,129
050,28,027,"Mississippi","Coahoma County",1,51,207,83,124
050,28,027,"Mississippi","Coahoma County",1,52,236,99,137
050,28,027,"Mississippi","Coahoma County",1,53,260,125,135
050,28,027,"Mississippi","Coahoma County",1,54,259,118,141
050,28,027,"Mississippi","Coahoma County",1,55,265,120,145
050,28,027,"Mississippi","Coahoma County",1,56,266,131,135
050,28,027,"Mississippi","Coahoma County",1,57,261,104,157
050,28,027,"Mississippi","Coahoma County",1,58,275,125,150
050,28,027,"Mississippi","Coahoma County",1,59,288,135,153
050,28,027,"Mississippi","Coahoma County",1,60,289,134,155
050,28,027,"Mississippi","Coahoma County",1,61,284,134,150
050,28,027,"Mississippi","Coahoma County",1,62,297,128,169
050,28,027,"Mississippi","Coahoma County",1,63,290,133,157
050,28,027,"Mississippi","Coahoma County",1,64,271,123,148
050,28,027,"Mississippi","Coahoma County",1,65,255,128,127
050,28,027,"Mississippi","Coahoma County",1,66,250,121,129
050,28,027,"Mississippi","Coahoma County",1,67,232,103,129
050,28,027,"Mississippi","Coahoma County",1,68,222,98,124
050,28,027,"Mississippi","Coahoma County",1,69,220,106,114
050,28,027,"Mississippi","Coahoma County",1,70,205,100,105
050,28,027,"Mississippi","Coahoma County",1,71,187,94,93
050,28,027,"Mississippi","Coahoma County",1,72,199,100,99
050,28,027,"Mississippi","Coahoma County",1,73,176,81,95
050,28,027,"Mississippi","Coahoma County",1,74,130,58,72
050,28,027,"Mississippi","Coahoma County",1,75,126,58,68
050,28,027,"Mississippi","Coahoma County",1,76,118,52,66
050,28,027,"Mississippi","Coahoma County",1,77,118,40,78
050,28,027,"Mississippi","Coahoma County",1,78,97,33,64
050,28,027,"Mississippi","Coahoma County",1,79,99,41,58
050,28,027,"Mississippi","Coahoma County",1,80,90,25,65
050,28,027,"Mississippi","Coahoma County",1,81,86,28,58
050,28,027,"Mississippi","Coahoma County",1,82,85,30,55
050,28,027,"Mississippi","Coahoma County",1,83,69,27,42
050,28,027,"Mississippi","Coahoma County",1,84,64,21,43
050,28,027,"Mississippi","Coahoma County",1,85,346,118,228
050,28,027,"Mississippi","Coahoma County",2,0,306,148,158
050,28,027,"Mississippi","Coahoma County",2,1,319,170,149
050,28,027,"Mississippi","Coahoma County",2,2,327,168,159
050,28,027,"Mississippi","Coahoma County",2,3,321,160,161
050,28,027,"Mississippi","Coahoma County",2,4,350,182,168
050,28,027,"Mississippi","Coahoma County",2,5,341,166,175
050,28,027,"Mississippi","Coahoma County",2,6,326,151,175
050,28,027,"Mississippi","Coahoma County",2,7,327,154,173
050,28,027,"Mississippi","Coahoma County",2,8,319,158,161
050,28,027,"Mississippi","Coahoma County",2,9,321,165,156
050,28,027,"Mississippi","Coahoma County",2,10,336,173,163
050,28,027,"Mississippi","Coahoma County",2,11,351,184,167
050,28,027,"Mississippi","Coahoma County",2,12,348,175,173
050,28,027,"Mississippi","Coahoma County",2,13,312,166,146
050,28,027,"Mississippi","Coahoma County",2,14,296,159,137
050,28,027,"Mississippi","Coahoma County",2,15,288,151,137
050,28,027,"Mississippi","Coahoma County",2,16,304,157,147
050,28,027,"Mississippi","Coahoma County",2,17,310,155,155
050,28,027,"Mississippi","Coahoma County",2,18,285,153,132
050,28,027,"Mississippi","Coahoma County",2,19,367,189,178
050,28,027,"Mississippi","Coahoma County",2,20,336,179,157
050,28,027,"Mississippi","Coahoma County",2,21,277,130,147
050,28,027,"Mississippi","Coahoma County",2,22,272,123,149
050,28,027,"Mississippi","Coahoma County",2,23,270,130,140
050,28,027,"Mississippi","Coahoma County",2,24,265,129,136
050,28,027,"Mississippi","Coahoma County",2,25,272,128,144
050,28,027,"Mississippi","Coahoma County",2,26,284,122,162
050,28,027,"Mississippi","Coahoma County",2,27,276,119,157
050,28,027,"Mississippi","Coahoma County",2,28,284,125,159
050,28,027,"Mississippi","Coahoma County",2,29,267,117,150
050,28,027,"Mississippi","Coahoma County",2,30,257,118,139
050,28,027,"Mississippi","Coahoma County",2,31,248,120,128
050,28,027,"Mississippi","Coahoma County",2,32,229,109,120
050,28,027,"Mississippi","Coahoma County",2,33,242,113,129
050,28,027,"Mississippi","Coahoma County",2,34,240,113,127
050,28,027,"Mississippi","Coahoma County",2,35,219,91,128
050,28,027,"Mississippi","Coahoma County",2,36,222,102,120
050,28,027,"Mississippi","Coahoma County",2,37,240,105,135
050,28,027,"Mississippi","Coahoma County",2,38,249,109,140
050,28,027,"Mississippi","Coahoma County",2,39,250,111,139
050,28,027,"Mississippi","Coahoma County",2,40,251,102,149
050,28,027,"Mississippi","Coahoma County",2,41,249,104,145
050,28,027,"Mississippi","Coahoma County",2,42,230,102,128
050,28,027,"Mississippi","Coahoma County",2,43,214,95,119
050,28,027,"Mississippi","Coahoma County",2,44,192,84,108
050,28,027,"Mississippi","Coahoma County",2,45,215,94,121
050,28,027,"Mississippi","Coahoma County",2,46,222,96,126
050,28,027,"Mississippi","Coahoma County",2,47,229,103,126
050,28,027,"Mississippi","Coahoma County",2,48,236,108,128
050,28,027,"Mississippi","Coahoma County",2,49,238,114,124
050,28,027,"Mississippi","Coahoma County",2,50,222,95,127
050,28,027,"Mississippi","Coahoma County",2,51,209,85,124
050,28,027,"Mississippi","Coahoma County",2,52,230,95,135
050,28,027,"Mississippi","Coahoma County",2,53,252,117,135
050,28,027,"Mississippi","Coahoma County",2,54,257,119,138
050,28,027,"Mississippi","Coahoma County",2,55,261,120,141
050,28,027,"Mississippi","Coahoma County",2,56,265,127,138
050,28,027,"Mississippi","Coahoma County",2,57,259,111,148
050,28,027,"Mississippi","Coahoma County",2,58,268,118,150
050,28,027,"Mississippi","Coahoma County",2,59,283,132,151
050,28,027,"Mississippi","Coahoma County",2,60,286,133,153
050,28,027,"Mississippi","Coahoma County",2,61,287,135,152
050,28,027,"Mississippi","Coahoma County",2,62,289,128,161
050,28,027,"Mississippi","Coahoma County",2,63,288,132,156
050,28,027,"Mississippi","Coahoma County",2,64,274,125,149
050,28,027,"Mississippi","Coahoma County",2,65,257,126,131
050,28,027,"Mississippi","Coahoma County",2,66,252,123,129
050,28,027,"Mississippi","Coahoma County",2,67,234,106,128
050,28,027,"Mississippi","Coahoma County",2,68,220,97,123
050,28,027,"Mississippi","Coahoma County",2,69,219,104,115
050,28,027,"Mississippi","Coahoma County",2,70,204,97,107
050,28,027,"Mississippi","Coahoma County",2,71,188,94,94
050,28,027,"Mississippi","Coahoma County",2,72,193,96,97
050,28,027,"Mississippi","Coahoma County",2,73,186,87,99
050,28,027,"Mississippi","Coahoma County",2,74,130,59,71
050,28,027,"Mississippi","Coahoma County",2,75,130,59,71
050,28,027,"Mississippi","Coahoma County",2,76,114,51,63
050,28,027,"Mississippi","Coahoma County",2,77,118,42,76
050,28,027,"Mississippi","Coahoma County",2,78,97,32,65
050,28,027,"Mississippi","Coahoma County",2,79,96,39,57
050,28,027,"Mississippi","Coahoma County",2,80,87,26,61
050,28,027,"Mississippi","Coahoma County",2,81,85,26,59
050,28,027,"Mississippi","Coahoma County",2,82,83,29,54
050,28,027,"Mississippi","Coahoma County",2,83,69,27,42
050,28,027,"Mississippi","Coahoma County",2,84,68,23,45
050,28,027,"Mississippi","Coahoma County",2,85,335,115,220
050,28,027,"Mississippi","Coahoma County",3,0,314,165,149
050,28,027,"Mississippi","Coahoma County",3,1,297,137,160
050,28,027,"Mississippi","Coahoma County",3,2,294,159,135
050,28,027,"Mississippi","Coahoma County",3,3,308,152,156
050,28,027,"Mississippi","Coahoma County",3,4,307,150,157
050,28,027,"Mississippi","Coahoma County",3,5,334,179,155
050,28,027,"Mississippi","Coahoma County",3,6,336,161,175
050,28,027,"Mississippi","Coahoma County",3,7,331,153,178
050,28,027,"Mississippi","Coahoma County",3,8,319,151,168
050,28,027,"Mississippi","Coahoma County",3,9,314,150,164
050,28,027,"Mississippi","Coahoma County",3,10,304,153,151
050,28,027,"Mississippi","Coahoma County",3,11,329,166,163
050,28,027,"Mississippi","Coahoma County",3,12,348,184,164
050,28,027,"Mississippi","Coahoma County",3,13,332,166,166
050,28,027,"Mississippi","Coahoma County",3,14,328,172,156
050,28,027,"Mississippi","Coahoma County",3,15,293,154,139
050,28,027,"Mississippi","Coahoma County",3,16,289,159,130
050,28,027,"Mississippi","Coahoma County",3,17,309,159,150
050,28,027,"Mississippi","Coahoma County",3,18,282,153,129
050,28,027,"Mississippi","Coahoma County",3,19,342,176,166
050,28,027,"Mississippi","Coahoma County",3,20,332,185,147
050,28,027,"Mississippi","Coahoma County",3,21,277,135,142
050,28,027,"Mississippi","Coahoma County",3,22,259,107,152
050,28,027,"Mississippi","Coahoma County",3,23,270,119,151
050,28,027,"Mississippi","Coahoma County",3,24,247,125,122
050,28,027,"Mississippi","Coahoma County",3,25,241,115,126
050,28,027,"Mississippi","Coahoma County",3,26,256,120,136
050,28,027,"Mississippi","Coahoma County",3,27,269,119,150
050,28,027,"Mississippi","Coahoma County",3,28,244,99,145
050,28,027,"Mississippi","Coahoma County",3,29,283,121,162
050,28,027,"Mississippi","Coahoma County",3,30,259,103,156
050,28,027,"Mississippi","Coahoma County",3,31,262,123,139
050,28,027,"Mississippi","Coahoma County",3,32,226,110,116
050,28,027,"Mississippi","Coahoma County",3,33,221,101,120
050,28,027,"Mississippi","Coahoma County",3,34,220,103,117
050,28,027,"Mississippi","Coahoma County",3,35,230,102,128
050,28,027,"Mississippi","Coahoma County",3,36,225,97,128
050,28,027,"Mississippi","Coahoma County",3,37,217,98,119
050,28,027,"Mississippi","Coahoma County",3,38,230,101,129
050,28,027,"Mississippi","Coahoma County",3,39,242,105,137
050,28,027,"Mississippi","Coahoma County",3,40,244,113,131
050,28,027,"Mississippi","Coahoma County",3,41,252,102,150
050,28,027,"Mississippi","Coahoma County",3,42,242,100,142
050,28,027,"Mississippi","Coahoma County",3,43,220,96,124
050,28,027,"Mississippi","Coahoma County",3,44,203,88,115
050,28,027,"Mississippi","Coahoma County",3,45,189,83,106
050,28,027,"Mississippi","Coahoma County",3,46,208,93,115
050,28,027,"Mississippi","Coahoma County",3,47,218,96,122
050,28,027,"Mississippi","Coahoma County",3,48,215,97,118
050,28,027,"Mississippi","Coahoma County",3,49,226,107,119
050,28,027,"Mississippi","Coahoma County",3,50,239,115,124
050,28,027,"Mississippi","Coahoma County",3,51,223,97,126
050,28,027,"Mississippi","Coahoma County",3,52,195,78,117
050,28,027,"Mississippi","Coahoma County",3,53,229,94,135
050,28,027,"Mississippi","Coahoma County",3,54,255,117,138
050,28,027,"Mississippi","Coahoma County",3,55,258,125,133
050,28,027,"Mississippi","Coahoma County",3,56,263,121,142
050,28,027,"Mississippi","Coahoma County",3,57,257,128,129
050,28,027,"Mississippi","Coahoma County",3,58,248,109,139
050,28,027,"Mississippi","Coahoma County",3,59,257,108,149
050,28,027,"Mississippi","Coahoma County",3,60,264,121,143
050,28,027,"Mississippi","Coahoma County",3,61,283,127,156
050,28,027,"Mississippi","Coahoma County",3,62,275,128,147
050,28,027,"Mississippi","Coahoma County",3,63,278,124,154
050,28,027,"Mississippi","Coahoma County",3,64,276,128,148
050,28,027,"Mississippi","Coahoma County",3,65,268,119,149
050,28,027,"Mississippi","Coahoma County",3,66,237,113,124
050,28,027,"Mississippi","Coahoma County",3,67,240,118,122
050,28,027,"Mississippi","Coahoma County",3,68,231,107,124
050,28,027,"Mississippi","Coahoma County",3,69,204,88,116
050,28,027,"Mississippi","Coahoma County",3,70,209,101,108
050,28,027,"Mississippi","Coahoma County",3,71,207,96,111
050,28,027,"Mississippi","Coahoma County",3,72,176,86,90
050,28,027,"Mississippi","Coahoma County",3,73,186,92,94
050,28,027,"Mississippi","Coahoma County",3,74,167,74,93
050,28,027,"Mississippi","Coahoma County",3,75,122,52,70
050,28,027,"Mississippi","Coahoma County",3,76,116,52,64
050,28,027,"Mississippi","Coahoma County",3,77,108,48,60
050,28,027,"Mississippi","Coahoma County",3,78,109,36,73
050,28,027,"Mississippi","Coahoma County",3,79,90,27,63
050,28,027,"Mississippi","Coahoma County",3,80,90,33,57
050,28,027,"Mississippi","Coahoma County",3,81,83,27,56
050,28,027,"Mississippi","Coahoma County",3,82,74,20,54
050,28,027,"Mississippi","Coahoma County",3,83,72,25,47
050,28,027,"Mississippi","Coahoma County",3,84,64,22,42
050,28,027,"Mississippi","Coahoma County",3,85,331,115,216
050,28,027,"Mississippi","Coahoma County",4,0,299,135,164
050,28,027,"Mississippi","Coahoma County",4,1,306,152,154
050,28,027,"Mississippi","Coahoma County",4,2,300,135,165
050,28,027,"Mississippi","Coahoma County",4,3,283,149,134
050,28,027,"Mississippi","Coahoma County",4,4,299,151,148
050,28,027,"Mississippi","Coahoma County",4,5,296,147,149
050,28,027,"Mississippi","Coahoma County",4,6,328,171,157
050,28,027,"Mississippi","Coahoma County",4,7,323,154,169
050,28,027,"Mississippi","Coahoma County",4,8,315,146,169
050,28,027,"Mississippi","Coahoma County",4,9,301,140,161
050,28,027,"Mississippi","Coahoma County",4,10,306,150,156
050,28,027,"Mississippi","Coahoma County",4,11,296,152,144
050,28,027,"Mississippi","Coahoma County",4,12,313,160,153
050,28,027,"Mississippi","Coahoma County",4,13,336,183,153
050,28,027,"Mississippi","Coahoma County",4,14,321,160,161
050,28,027,"Mississippi","Coahoma County",4,15,317,167,150
050,28,027,"Mississippi","Coahoma County",4,16,290,159,131
050,28,027,"Mississippi","Coahoma County",4,17,287,154,133
050,28,027,"Mississippi","Coahoma County",4,18,282,157,125
050,28,027,"Mississippi","Coahoma County",4,19,347,181,166
050,28,027,"Mississippi","Coahoma County",4,20,311,171,140
050,28,027,"Mississippi","Coahoma County",4,21,309,168,141
050,28,027,"Mississippi","Coahoma County",4,22,249,116,133
050,28,027,"Mississippi","Coahoma County",4,23,274,123,151
050,28,027,"Mississippi","Coahoma County",4,24,255,116,139
050,28,027,"Mississippi","Coahoma County",4,25,231,116,115
050,28,027,"Mississippi","Coahoma County",4,26,226,104,122
050,28,027,"Mississippi","Coahoma County",4,27,241,109,132
050,28,027,"Mississippi","Coahoma County",4,28,253,115,138
050,28,027,"Mississippi","Coahoma County",4,29,240,104,136
050,28,027,"Mississippi","Coahoma County",4,30,296,142,154
050,28,027,"Mississippi","Coahoma County",4,31,249,103,146
050,28,027,"Mississippi","Coahoma County",4,32,243,115,128
050,28,027,"Mississippi","Coahoma County",4,33,218,105,113
050,28,027,"Mississippi","Coahoma County",4,34,182,79,103
050,28,027,"Mississippi","Coahoma County",4,35,213,104,109
050,28,027,"Mississippi","Coahoma County",4,36,248,122,126
050,28,027,"Mississippi","Coahoma County",4,37,223,97,126
050,28,027,"Mississippi","Coahoma County",4,38,202,90,112
050,28,027,"Mississippi","Coahoma County",4,39,223,100,123
050,28,027,"Mississippi","Coahoma County",4,40,229,99,130
050,28,027,"Mississippi","Coahoma County",4,41,245,112,133
050,28,027,"Mississippi","Coahoma County",4,42,240,97,143
050,28,027,"Mississippi","Coahoma County",4,43,245,106,139
050,28,027,"Mississippi","Coahoma County",4,44,199,90,109
050,28,027,"Mississippi","Coahoma County",4,45,201,91,110
050,28,027,"Mississippi","Coahoma County",4,46,190,83,107
050,28,027,"Mississippi","Coahoma County",4,47,208,98,110
050,28,027,"Mississippi","Coahoma County",4,48,208,92,116
050,28,027,"Mississippi","Coahoma County",4,49,206,94,112
050,28,027,"Mississippi","Coahoma County",4,50,224,106,118
050,28,027,"Mississippi","Coahoma County",4,51,227,110,117
050,28,027,"Mississippi","Coahoma County",4,52,210,92,118
050,28,027,"Mississippi","Coahoma County",4,53,188,72,116
050,28,027,"Mississippi","Coahoma County",4,54,233,94,139
050,28,027,"Mississippi","Coahoma County",4,55,248,114,134
050,28,027,"Mississippi","Coahoma County",4,56,253,121,132
050,28,027,"Mississippi","Coahoma County",4,57,255,122,133
050,28,027,"Mississippi","Coahoma County",4,58,249,129,120
050,28,027,"Mississippi","Coahoma County",4,59,236,102,134
050,28,027,"Mississippi","Coahoma County",4,60,242,101,141
050,28,027,"Mississippi","Coahoma County",4,61,263,120,143
050,28,027,"Mississippi","Coahoma County",4,62,268,120,148
050,28,027,"Mississippi","Coahoma County",4,63,262,120,142
050,28,027,"Mississippi","Coahoma County",4,64,261,114,147
050,28,027,"Mississippi","Coahoma County",4,65,267,129,138
050,28,027,"Mississippi","Coahoma County",4,66,248,108,140
050,28,027,"Mississippi","Coahoma County",4,67,231,107,124
050,28,027,"Mississippi","Coahoma County",4,68,231,109,122
050,28,027,"Mississippi","Coahoma County",4,69,215,99,116
050,28,027,"Mississippi","Coahoma County",4,70,198,86,112
050,28,027,"Mississippi","Coahoma County",4,71,196,97,99
050,28,027,"Mississippi","Coahoma County",4,72,198,90,108
050,28,027,"Mississippi","Coahoma County",4,73,171,86,85
050,28,027,"Mississippi","Coahoma County",4,74,170,86,84
050,28,027,"Mississippi","Coahoma County",4,75,159,70,89
050,28,027,"Mississippi","Coahoma County",4,76,109,45,64
050,28,027,"Mississippi","Coahoma County",4,77,110,48,62
050,28,027,"Mississippi","Coahoma County",4,78,105,44,61
050,28,027,"Mississippi","Coahoma County",4,79,110,35,75
050,28,027,"Mississippi","Coahoma County",4,80,86,22,64
050,28,027,"Mississippi","Coahoma County",4,81,83,31,52
050,28,027,"Mississippi","Coahoma County",4,82,69,22,47
050,28,027,"Mississippi","Coahoma County",4,83,67,17,50
050,28,027,"Mississippi","Coahoma County",4,84,69,22,47
050,28,027,"Mississippi","Coahoma County",4,85,322,116,206
050,28,027,"Mississippi","Coahoma County",5,0,300,136,164
050,28,027,"Mississippi","Coahoma County",5,1,282,132,150
050,28,027,"Mississippi","Coahoma County",5,2,300,151,149
050,28,027,"Mississippi","Coahoma County",5,3,293,127,166
050,28,027,"Mississippi","Coahoma County",5,4,293,157,136
050,28,027,"Mississippi","Coahoma County",5,5,290,148,142
050,28,027,"Mississippi","Coahoma County",5,6,296,147,149
050,28,027,"Mississippi","Coahoma County",5,7,320,160,160
050,28,027,"Mississippi","Coahoma County",5,8,312,150,162
050,28,027,"Mississippi","Coahoma County",5,9,310,143,167
050,28,027,"Mississippi","Coahoma County",5,10,298,135,163
050,28,027,"Mississippi","Coahoma County",5,11,285,141,144
050,28,027,"Mississippi","Coahoma County",5,12,295,151,144
050,28,027,"Mississippi","Coahoma County",5,13,306,161,145
050,28,027,"Mississippi","Coahoma County",5,14,332,178,154
050,28,027,"Mississippi","Coahoma County",5,15,318,159,159
050,28,027,"Mississippi","Coahoma County",5,16,311,161,150
050,28,027,"Mississippi","Coahoma County",5,17,304,169,135
050,28,027,"Mississippi","Coahoma County",5,18,274,159,115
050,28,027,"Mississippi","Coahoma County",5,19,346,188,158
050,28,027,"Mississippi","Coahoma County",5,20,313,178,135
050,28,027,"Mississippi","Coahoma County",5,21,303,169,134
050,28,027,"Mississippi","Coahoma County",5,22,291,148,143
050,28,027,"Mississippi","Coahoma County",5,23,252,119,133
050,28,027,"Mississippi","Coahoma County",5,24,274,120,154
050,28,027,"Mississippi","Coahoma County",5,25,238,108,130
050,28,027,"Mississippi","Coahoma County",5,26,230,114,116
050,28,027,"Mississippi","Coahoma County",5,27,225,104,121
050,28,027,"Mississippi","Coahoma County",5,28,233,101,132
050,28,027,"Mississippi","Coahoma County",5,29,258,119,139
050,28,027,"Mississippi","Coahoma County",5,30,286,146,140
050,28,027,"Mississippi","Coahoma County",5,31,294,144,150
050,28,027,"Mississippi","Coahoma County",5,32,252,106,146
050,28,027,"Mississippi","Coahoma County",5,33,241,112,129
050,28,027,"Mississippi","Coahoma County",5,34,224,108,116
050,28,027,"Mississippi","Coahoma County",5,35,187,92,95
050,28,027,"Mississippi","Coahoma County",5,36,239,130,109
050,28,027,"Mississippi","Coahoma County",5,37,236,116,120
050,28,027,"Mississippi","Coahoma County",5,38,221,91,130
050,28,027,"Mississippi","Coahoma County",5,39,190,90,100
050,28,027,"Mississippi","Coahoma County",5,40,222,98,124
050,28,027,"Mississippi","Coahoma County",5,41,220,98,122
050,28,027,"Mississippi","Coahoma County",5,42,232,112,120
050,28,027,"Mississippi","Coahoma County",5,43,238,100,138
050,28,027,"Mississippi","Coahoma County",5,44,227,95,132
050,28,027,"Mississippi","Coahoma County",5,45,196,90,106
050,28,027,"Mississippi","Coahoma County",5,46,202,92,110
050,28,027,"Mississippi","Coahoma County",5,47,187,87,100
050,28,027,"Mississippi","Coahoma County",5,48,206,98,108
050,28,027,"Mississippi","Coahoma County",5,49,205,94,111
050,28,027,"Mississippi","Coahoma County",5,50,217,107,110
050,28,027,"Mississippi","Coahoma County",5,51,221,107,114
050,28,027,"Mississippi","Coahoma County",5,52,215,104,111
050,28,027,"Mississippi","Coahoma County",5,53,205,80,125
050,28,027,"Mississippi","Coahoma County",5,54,186,70,116
050,28,027,"Mississippi","Coahoma County",5,55,231,96,135
050,28,027,"Mississippi","Coahoma County",5,56,243,111,132
050,28,027,"Mississippi","Coahoma County",5,57,247,123,124
050,28,027,"Mississippi","Coahoma County",5,58,242,118,124
050,28,027,"Mississippi","Coahoma County",5,59,236,117,119
050,28,027,"Mississippi","Coahoma County",5,60,224,96,128
050,28,027,"Mississippi","Coahoma County",5,61,231,97,134
050,28,027,"Mississippi","Coahoma County",5,62,248,115,133
050,28,027,"Mississippi","Coahoma County",5,63,257,114,143
050,28,027,"Mississippi","Coahoma County",5,64,254,115,139
050,28,027,"Mississippi","Coahoma County",5,65,256,109,147
050,28,027,"Mississippi","Coahoma County",5,66,248,115,133
050,28,027,"Mississippi","Coahoma County",5,67,242,104,138
050,28,027,"Mississippi","Coahoma County",5,68,224,104,120
050,28,027,"Mississippi","Coahoma County",5,69,219,104,115
050,28,027,"Mississippi","Coahoma County",5,70,200,91,109
050,28,027,"Mississippi","Coahoma County",5,71,191,87,104
050,28,027,"Mississippi","Coahoma County",5,72,188,89,99
050,28,027,"Mississippi","Coahoma County",5,73,189,87,102
050,28,027,"Mississippi","Coahoma County",5,74,159,81,78
050,28,027,"Mississippi","Coahoma County",5,75,159,82,77
050,28,027,"Mississippi","Coahoma County",5,76,139,59,80
050,28,027,"Mississippi","Coahoma County",5,77,100,41,59
050,28,027,"Mississippi","Coahoma County",5,78,106,46,60
050,28,027,"Mississippi","Coahoma County",5,79,103,42,61
050,28,027,"Mississippi","Coahoma County",5,80,105,29,76
050,28,027,"Mississippi","Coahoma County",5,81,77,20,57
050,28,027,"Mississippi","Coahoma County",5,82,73,28,45
050,28,027,"Mississippi","Coahoma County",5,83,63,20,43
050,28,027,"Mississippi","Coahoma County",5,84,64,15,49
050,28,027,"Mississippi","Coahoma County",5,85,328,119,209
050,28,029,"Mississippi","Copiah County",1,0,346,175,171
050,28,029,"Mississippi","Copiah County",1,1,328,159,169
050,28,029,"Mississippi","Copiah County",1,2,323,163,160
050,28,029,"Mississippi","Copiah County",1,3,340,172,168
050,28,029,"Mississippi","Copiah County",1,4,348,172,176
050,28,029,"Mississippi","Copiah County",1,5,319,150,169
050,28,029,"Mississippi","Copiah County",1,6,333,172,161
050,28,029,"Mississippi","Copiah County",1,7,342,176,166
050,28,029,"Mississippi","Copiah County",1,8,348,178,170
050,28,029,"Mississippi","Copiah County",1,9,357,180,177
050,28,029,"Mississippi","Copiah County",1,10,375,192,183
050,28,029,"Mississippi","Copiah County",1,11,380,203,177
050,28,029,"Mississippi","Copiah County",1,12,388,194,194
050,28,029,"Mississippi","Copiah County",1,13,422,212,210
050,28,029,"Mississippi","Copiah County",1,14,385,184,201
050,28,029,"Mississippi","Copiah County",1,15,380,196,184
050,28,029,"Mississippi","Copiah County",1,16,391,207,184
050,28,029,"Mississippi","Copiah County",1,17,384,207,177
050,28,029,"Mississippi","Copiah County",1,18,447,224,223
050,28,029,"Mississippi","Copiah County",1,19,606,309,297
050,28,029,"Mississippi","Copiah County",1,20,477,257,220
050,28,029,"Mississippi","Copiah County",1,21,362,176,186
050,28,029,"Mississippi","Copiah County",1,22,315,153,162
050,28,029,"Mississippi","Copiah County",1,23,316,161,155
050,28,029,"Mississippi","Copiah County",1,24,326,154,172
050,28,029,"Mississippi","Copiah County",1,25,345,158,187
050,28,029,"Mississippi","Copiah County",1,26,326,171,155
050,28,029,"Mississippi","Copiah County",1,27,357,185,172
050,28,029,"Mississippi","Copiah County",1,28,352,170,182
050,28,029,"Mississippi","Copiah County",1,29,353,163,190
050,28,029,"Mississippi","Copiah County",1,30,332,163,169
050,28,029,"Mississippi","Copiah County",1,31,301,149,152
050,28,029,"Mississippi","Copiah County",1,32,322,156,166
050,28,029,"Mississippi","Copiah County",1,33,333,176,157
050,28,029,"Mississippi","Copiah County",1,34,297,144,153
050,28,029,"Mississippi","Copiah County",1,35,296,148,148
050,28,029,"Mississippi","Copiah County",1,36,328,151,177
050,28,029,"Mississippi","Copiah County",1,37,324,151,173
050,28,029,"Mississippi","Copiah County",1,38,308,134,174
050,28,029,"Mississippi","Copiah County",1,39,360,182,178
050,28,029,"Mississippi","Copiah County",1,40,355,176,179
050,28,029,"Mississippi","Copiah County",1,41,337,156,181
050,28,029,"Mississippi","Copiah County",1,42,336,167,169
050,28,029,"Mississippi","Copiah County",1,43,299,141,158
050,28,029,"Mississippi","Copiah County",1,44,298,138,160
050,28,029,"Mississippi","Copiah County",1,45,326,163,163
050,28,029,"Mississippi","Copiah County",1,46,328,162,166
050,28,029,"Mississippi","Copiah County",1,47,315,145,170
050,28,029,"Mississippi","Copiah County",1,48,312,155,157
050,28,029,"Mississippi","Copiah County",1,49,328,150,178
050,28,029,"Mississippi","Copiah County",1,50,324,141,183
050,28,029,"Mississippi","Copiah County",1,51,324,154,170
050,28,029,"Mississippi","Copiah County",1,52,328,155,173
050,28,029,"Mississippi","Copiah County",1,53,329,154,175
050,28,029,"Mississippi","Copiah County",1,54,355,162,193
050,28,029,"Mississippi","Copiah County",1,55,387,174,213
050,28,029,"Mississippi","Copiah County",1,56,413,206,207
050,28,029,"Mississippi","Copiah County",1,57,385,189,196
050,28,029,"Mississippi","Copiah County",1,58,409,195,214
050,28,029,"Mississippi","Copiah County",1,59,436,209,227
050,28,029,"Mississippi","Copiah County",1,60,437,215,222
050,28,029,"Mississippi","Copiah County",1,61,423,203,220
050,28,029,"Mississippi","Copiah County",1,62,407,202,205
050,28,029,"Mississippi","Copiah County",1,63,416,207,209
050,28,029,"Mississippi","Copiah County",1,64,398,205,193
050,28,029,"Mississippi","Copiah County",1,65,344,167,177
050,28,029,"Mississippi","Copiah County",1,66,355,160,195
050,28,029,"Mississippi","Copiah County",1,67,373,161,212
050,28,029,"Mississippi","Copiah County",1,68,341,152,189
050,28,029,"Mississippi","Copiah County",1,69,311,140,171
050,28,029,"Mississippi","Copiah County",1,70,303,152,151
050,28,029,"Mississippi","Copiah County",1,71,286,142,144
050,28,029,"Mississippi","Copiah County",1,72,289,141,148
050,28,029,"Mississippi","Copiah County",1,73,292,139,153
050,28,029,"Mississippi","Copiah County",1,74,200,92,108
050,28,029,"Mississippi","Copiah County",1,75,215,106,109
050,28,029,"Mississippi","Copiah County",1,76,211,95,116
050,28,029,"Mississippi","Copiah County",1,77,199,91,108
050,28,029,"Mississippi","Copiah County",1,78,161,76,85
050,28,029,"Mississippi","Copiah County",1,79,132,62,70
050,28,029,"Mississippi","Copiah County",1,80,119,46,73
050,28,029,"Mississippi","Copiah County",1,81,135,54,81
050,28,029,"Mississippi","Copiah County",1,82,109,43,66
050,28,029,"Mississippi","Copiah County",1,83,94,38,56
050,28,029,"Mississippi","Copiah County",1,84,89,28,61
050,28,029,"Mississippi","Copiah County",1,85,534,189,345
050,28,029,"Mississippi","Copiah County",2,0,339,163,176
050,28,029,"Mississippi","Copiah County",2,1,330,162,168
050,28,029,"Mississippi","Copiah County",2,2,324,161,163
050,28,029,"Mississippi","Copiah County",2,3,332,168,164
050,28,029,"Mississippi","Copiah County",2,4,342,169,173
050,28,029,"Mississippi","Copiah County",2,5,325,155,170
050,28,029,"Mississippi","Copiah County",2,6,327,166,161
050,28,029,"Mississippi","Copiah County",2,7,337,174,163
050,28,029,"Mississippi","Copiah County",2,8,344,177,167
050,28,029,"Mississippi","Copiah County",2,9,353,179,174
050,28,029,"Mississippi","Copiah County",2,10,371,190,181
050,28,029,"Mississippi","Copiah County",2,11,375,198,177
050,28,029,"Mississippi","Copiah County",2,12,388,197,191
050,28,029,"Mississippi","Copiah County",2,13,412,207,205
050,28,029,"Mississippi","Copiah County",2,14,392,191,201
050,28,029,"Mississippi","Copiah County",2,15,380,194,186
050,28,029,"Mississippi","Copiah County",2,16,390,205,185
050,28,029,"Mississippi","Copiah County",2,17,385,207,178
050,28,029,"Mississippi","Copiah County",2,18,446,223,223
050,28,029,"Mississippi","Copiah County",2,19,607,312,295
050,28,029,"Mississippi","Copiah County",2,20,479,259,220
050,28,029,"Mississippi","Copiah County",2,21,362,174,188
050,28,029,"Mississippi","Copiah County",2,22,319,157,162
050,28,029,"Mississippi","Copiah County",2,23,318,162,156
050,28,029,"Mississippi","Copiah County",2,24,321,153,168
050,28,029,"Mississippi","Copiah County",2,25,337,157,180
050,28,029,"Mississippi","Copiah County",2,26,326,165,161
050,28,029,"Mississippi","Copiah County",2,27,346,181,165
050,28,029,"Mississippi","Copiah County",2,28,348,171,177
050,28,029,"Mississippi","Copiah County",2,29,349,164,185
050,28,029,"Mississippi","Copiah County",2,30,336,163,173
050,28,029,"Mississippi","Copiah County",2,31,306,153,153
050,28,029,"Mississippi","Copiah County",2,32,313,153,160
050,28,029,"Mississippi","Copiah County",2,33,325,167,158
050,28,029,"Mississippi","Copiah County",2,34,302,151,151
050,28,029,"Mississippi","Copiah County",2,35,297,148,149
050,28,029,"Mississippi","Copiah County",2,36,318,149,169
050,28,029,"Mississippi","Copiah County",2,37,325,151,174
050,28,029,"Mississippi","Copiah County",2,38,313,139,174
050,28,029,"Mississippi","Copiah County",2,39,347,169,178
050,28,029,"Mississippi","Copiah County",2,40,354,173,181
050,28,029,"Mississippi","Copiah County",2,41,340,160,180
050,28,029,"Mississippi","Copiah County",2,42,335,163,172
050,28,029,"Mississippi","Copiah County",2,43,311,148,163
050,28,029,"Mississippi","Copiah County",2,44,297,138,159
050,28,029,"Mississippi","Copiah County",2,45,323,158,165
050,28,029,"Mississippi","Copiah County",2,46,326,160,166
050,28,029,"Mississippi","Copiah County",2,47,316,148,168
050,28,029,"Mississippi","Copiah County",2,48,311,153,158
050,28,029,"Mississippi","Copiah County",2,49,324,151,173
050,28,029,"Mississippi","Copiah County",2,50,325,145,180
050,28,029,"Mississippi","Copiah County",2,51,321,149,172
050,28,029,"Mississippi","Copiah County",2,52,325,155,170
050,28,029,"Mississippi","Copiah County",2,53,328,155,173
050,28,029,"Mississippi","Copiah County",2,54,346,157,189
050,28,029,"Mississippi","Copiah County",2,55,380,172,208
050,28,029,"Mississippi","Copiah County",2,56,409,199,210
050,28,029,"Mississippi","Copiah County",2,57,392,193,199
050,28,029,"Mississippi","Copiah County",2,58,406,195,211
050,28,029,"Mississippi","Copiah County",2,59,428,205,223
050,28,029,"Mississippi","Copiah County",2,60,437,213,224
050,28,029,"Mississippi","Copiah County",2,61,422,205,217
050,28,029,"Mississippi","Copiah County",2,62,406,201,205
050,28,029,"Mississippi","Copiah County",2,63,411,202,209
050,28,029,"Mississippi","Copiah County",2,64,399,203,196
050,28,029,"Mississippi","Copiah County",2,65,355,175,180
050,28,029,"Mississippi","Copiah County",2,66,355,162,193
050,28,029,"Mississippi","Copiah County",2,67,364,160,204
050,28,029,"Mississippi","Copiah County",2,68,341,150,191
050,28,029,"Mississippi","Copiah County",2,69,321,143,178
050,28,029,"Mississippi","Copiah County",2,70,303,148,155
050,28,029,"Mississippi","Copiah County",2,71,284,140,144
050,28,029,"Mississippi","Copiah County",2,72,283,140,143
050,28,029,"Mississippi","Copiah County",2,73,301,144,157
050,28,029,"Mississippi","Copiah County",2,74,210,97,113
050,28,029,"Mississippi","Copiah County",2,75,212,103,109
050,28,029,"Mississippi","Copiah County",2,76,207,94,113
050,28,029,"Mississippi","Copiah County",2,77,205,93,112
050,28,029,"Mississippi","Copiah County",2,78,164,78,86
050,28,029,"Mississippi","Copiah County",2,79,136,62,74
050,28,029,"Mississippi","Copiah County",2,80,121,48,73
050,28,029,"Mississippi","Copiah County",2,81,129,51,78
050,28,029,"Mississippi","Copiah County",2,82,111,43,68
050,28,029,"Mississippi","Copiah County",2,83,94,38,56
050,28,029,"Mississippi","Copiah County",2,84,88,31,57
050,28,029,"Mississippi","Copiah County",2,85,528,182,346
050,28,029,"Mississippi","Copiah County",3,0,297,149,148
050,28,029,"Mississippi","Copiah County",3,1,336,166,170
050,28,029,"Mississippi","Copiah County",3,2,337,160,177
050,28,029,"Mississippi","Copiah County",3,3,307,149,158
050,28,029,"Mississippi","Copiah County",3,4,326,169,157
050,28,029,"Mississippi","Copiah County",3,5,327,169,158
050,28,029,"Mississippi","Copiah County",3,6,326,149,177
050,28,029,"Mississippi","Copiah County",3,7,322,170,152
050,28,029,"Mississippi","Copiah County",3,8,326,170,156
050,28,029,"Mississippi","Copiah County",3,9,338,170,168
050,28,029,"Mississippi","Copiah County",3,10,346,173,173
050,28,029,"Mississippi","Copiah County",3,11,365,187,178
050,28,029,"Mississippi","Copiah County",3,12,365,187,178
050,28,029,"Mississippi","Copiah County",3,13,395,204,191
050,28,029,"Mississippi","Copiah County",3,14,412,212,200
050,28,029,"Mississippi","Copiah County",3,15,394,189,205
050,28,029,"Mississippi","Copiah County",3,16,385,195,190
050,28,029,"Mississippi","Copiah County",3,17,390,207,183
050,28,029,"Mississippi","Copiah County",3,18,446,222,224
050,28,029,"Mississippi","Copiah County",3,19,598,311,287
050,28,029,"Mississippi","Copiah County",3,20,472,264,208
050,28,029,"Mississippi","Copiah County",3,21,357,166,191
050,28,029,"Mississippi","Copiah County",3,22,331,163,168
050,28,029,"Mississippi","Copiah County",3,23,319,173,146
050,28,029,"Mississippi","Copiah County",3,24,305,147,158
050,28,029,"Mississippi","Copiah County",3,25,299,129,170
050,28,029,"Mississippi","Copiah County",3,26,318,152,166
050,28,029,"Mississippi","Copiah County",3,27,299,153,146
050,28,029,"Mississippi","Copiah County",3,28,332,181,151
050,28,029,"Mississippi","Copiah County",3,29,344,169,175
050,28,029,"Mississippi","Copiah County",3,30,338,157,181
050,28,029,"Mississippi","Copiah County",3,31,326,159,167
050,28,029,"Mississippi","Copiah County",3,32,302,154,148
050,28,029,"Mississippi","Copiah County",3,33,310,152,158
050,28,029,"Mississippi","Copiah County",3,34,346,181,165
050,28,029,"Mississippi","Copiah County",3,35,299,152,147
050,28,029,"Mississippi","Copiah County",3,36,287,139,148
050,28,029,"Mississippi","Copiah County",3,37,314,149,165
050,28,029,"Mississippi","Copiah County",3,38,324,150,174
050,28,029,"Mississippi","Copiah County",3,39,315,136,179
050,28,029,"Mississippi","Copiah County",3,40,352,172,180
050,28,029,"Mississippi","Copiah County",3,41,342,161,181
050,28,029,"Mississippi","Copiah County",3,42,337,156,181
050,28,029,"Mississippi","Copiah County",3,43,326,158,168
050,28,029,"Mississippi","Copiah County",3,44,305,144,161
050,28,029,"Mississippi","Copiah County",3,45,297,140,157
050,28,029,"Mississippi","Copiah County",3,46,326,166,160
050,28,029,"Mississippi","Copiah County",3,47,321,154,167
050,28,029,"Mississippi","Copiah County",3,48,315,147,168
050,28,029,"Mississippi","Copiah County",3,49,308,150,158
050,28,029,"Mississippi","Copiah County",3,50,321,152,169
050,28,029,"Mississippi","Copiah County",3,51,323,140,183
050,28,029,"Mississippi","Copiah County",3,52,316,144,172
050,28,029,"Mississippi","Copiah County",3,53,317,152,165
050,28,029,"Mississippi","Copiah County",3,54,320,149,171
050,28,029,"Mississippi","Copiah County",3,55,341,151,190
050,28,029,"Mississippi","Copiah County",3,56,388,174,214
050,28,029,"Mississippi","Copiah County",3,57,409,197,212
050,28,029,"Mississippi","Copiah County",3,58,390,191,199
050,28,029,"Mississippi","Copiah County",3,59,396,191,205
050,28,029,"Mississippi","Copiah County",3,60,411,194,217
050,28,029,"Mississippi","Copiah County",3,61,435,212,223
050,28,029,"Mississippi","Copiah County",3,62,404,197,207
050,28,029,"Mississippi","Copiah County",3,63,397,202,195
050,28,029,"Mississippi","Copiah County",3,64,409,201,208
050,28,029,"Mississippi","Copiah County",3,65,388,197,191
050,28,029,"Mississippi","Copiah County",3,66,354,174,180
050,28,029,"Mississippi","Copiah County",3,67,348,160,188
050,28,029,"Mississippi","Copiah County",3,68,353,156,197
050,28,029,"Mississippi","Copiah County",3,69,337,143,194
050,28,029,"Mississippi","Copiah County",3,70,312,139,173
050,28,029,"Mississippi","Copiah County",3,71,285,137,148
050,28,029,"Mississippi","Copiah County",3,72,271,133,138
050,28,029,"Mississippi","Copiah County",3,73,272,135,137
050,28,029,"Mississippi","Copiah County",3,74,289,138,151
050,28,029,"Mississippi","Copiah County",3,75,206,96,110
050,28,029,"Mississippi","Copiah County",3,76,199,92,107
050,28,029,"Mississippi","Copiah County",3,77,197,87,110
050,28,029,"Mississippi","Copiah County",3,78,196,89,107
050,28,029,"Mississippi","Copiah County",3,79,156,72,84
050,28,029,"Mississippi","Copiah County",3,80,125,57,68
050,28,029,"Mississippi","Copiah County",3,81,117,45,72
050,28,029,"Mississippi","Copiah County",3,82,116,48,68
050,28,029,"Mississippi","Copiah County",3,83,107,41,66
050,28,029,"Mississippi","Copiah County",3,84,83,34,49
050,28,029,"Mississippi","Copiah County",3,85,530,190,340
050,28,029,"Mississippi","Copiah County",4,0,314,151,163
050,28,029,"Mississippi","Copiah County",4,1,306,152,154
050,28,029,"Mississippi","Copiah County",4,2,344,173,171
050,28,029,"Mississippi","Copiah County",4,3,324,156,168
050,28,029,"Mississippi","Copiah County",4,4,315,166,149
050,28,029,"Mississippi","Copiah County",4,5,311,168,143
050,28,029,"Mississippi","Copiah County",4,6,324,162,162
050,28,029,"Mississippi","Copiah County",4,7,321,144,177
050,28,029,"Mississippi","Copiah County",4,8,334,174,160
050,28,029,"Mississippi","Copiah County",4,9,318,164,154
050,28,029,"Mississippi","Copiah County",4,10,333,166,167
050,28,029,"Mississippi","Copiah County",4,11,348,178,170
050,28,029,"Mississippi","Copiah County",4,12,365,189,176
050,28,029,"Mississippi","Copiah County",4,13,358,177,181
050,28,029,"Mississippi","Copiah County",4,14,392,204,188
050,28,029,"Mississippi","Copiah County",4,15,411,200,211
050,28,029,"Mississippi","Copiah County",4,16,390,185,205
050,28,029,"Mississippi","Copiah County",4,17,388,201,187
050,28,029,"Mississippi","Copiah County",4,18,443,218,225
050,28,029,"Mississippi","Copiah County",4,19,588,308,280
050,28,029,"Mississippi","Copiah County",4,20,472,265,207
050,28,029,"Mississippi","Copiah County",4,21,361,187,174
050,28,029,"Mississippi","Copiah County",4,22,321,160,161
050,28,029,"Mississippi","Copiah County",4,23,327,169,158
050,28,029,"Mississippi","Copiah County",4,24,307,169,138
050,28,029,"Mississippi","Copiah County",4,25,295,139,156
050,28,029,"Mississippi","Copiah County",4,26,278,129,149
050,28,029,"Mississippi","Copiah County",4,27,313,145,168
050,28,029,"Mississippi","Copiah County",4,28,304,158,146
050,28,029,"Mississippi","Copiah County",4,29,325,178,147
050,28,029,"Mississippi","Copiah County",4,30,338,153,185
050,28,029,"Mississippi","Copiah County",4,31,339,157,182
050,28,029,"Mississippi","Copiah County",4,32,318,156,162
050,28,029,"Mississippi","Copiah County",4,33,299,147,152
050,28,029,"Mississippi","Copiah County",4,34,300,143,157
050,28,029,"Mississippi","Copiah County",4,35,346,181,165
050,28,029,"Mississippi","Copiah County",4,36,292,153,139
050,28,029,"Mississippi","Copiah County",4,37,286,136,150
050,28,029,"Mississippi","Copiah County",4,38,309,144,165
050,28,029,"Mississippi","Copiah County",4,39,320,146,174
050,28,029,"Mississippi","Copiah County",4,40,309,137,172
050,28,029,"Mississippi","Copiah County",4,41,335,166,169
050,28,029,"Mississippi","Copiah County",4,42,343,160,183
050,28,029,"Mississippi","Copiah County",4,43,337,156,181
050,28,029,"Mississippi","Copiah County",4,44,320,158,162
050,28,029,"Mississippi","Copiah County",4,45,300,137,163
050,28,029,"Mississippi","Copiah County",4,46,299,138,161
050,28,029,"Mississippi","Copiah County",4,47,329,166,163
050,28,029,"Mississippi","Copiah County",4,48,318,155,163
050,28,029,"Mississippi","Copiah County",4,49,328,151,177
050,28,029,"Mississippi","Copiah County",4,50,308,148,160
050,28,029,"Mississippi","Copiah County",4,51,322,152,170
050,28,029,"Mississippi","Copiah County",4,52,311,131,180
050,28,029,"Mississippi","Copiah County",4,53,319,147,172
050,28,029,"Mississippi","Copiah County",4,54,317,158,159
050,28,029,"Mississippi","Copiah County",4,55,321,149,172
050,28,029,"Mississippi","Copiah County",4,56,337,152,185
050,28,029,"Mississippi","Copiah County",4,57,388,176,212
050,28,029,"Mississippi","Copiah County",4,58,408,198,210
050,28,029,"Mississippi","Copiah County",4,59,374,187,187
050,28,029,"Mississippi","Copiah County",4,60,389,190,199
050,28,029,"Mississippi","Copiah County",4,61,414,200,214
050,28,029,"Mississippi","Copiah County",4,62,430,208,222
050,28,029,"Mississippi","Copiah County",4,63,405,196,209
050,28,029,"Mississippi","Copiah County",4,64,388,196,192
050,28,029,"Mississippi","Copiah County",4,65,407,200,207
050,28,029,"Mississippi","Copiah County",4,66,378,187,191
050,28,029,"Mississippi","Copiah County",4,67,355,173,182
050,28,029,"Mississippi","Copiah County",4,68,342,156,186
050,28,029,"Mississippi","Copiah County",4,69,346,150,196
050,28,029,"Mississippi","Copiah County",4,70,324,136,188
050,28,029,"Mississippi","Copiah County",4,71,304,135,169
050,28,029,"Mississippi","Copiah County",4,72,276,132,144
050,28,029,"Mississippi","Copiah County",4,73,260,129,131
050,28,029,"Mississippi","Copiah County",4,74,258,128,130
050,28,029,"Mississippi","Copiah County",4,75,275,132,143
050,28,029,"Mississippi","Copiah County",4,76,191,88,103
050,28,029,"Mississippi","Copiah County",4,77,187,86,101
050,28,029,"Mississippi","Copiah County",4,78,192,85,107
050,28,029,"Mississippi","Copiah County",4,79,180,80,100
050,28,029,"Mississippi","Copiah County",4,80,148,68,80
050,28,029,"Mississippi","Copiah County",4,81,115,53,62
050,28,029,"Mississippi","Copiah County",4,82,109,44,65
050,28,029,"Mississippi","Copiah County",4,83,106,44,62
050,28,029,"Mississippi","Copiah County",4,84,98,38,60
050,28,029,"Mississippi","Copiah County",4,85,535,201,334
050,28,029,"Mississippi","Copiah County",5,0,320,153,167
050,28,029,"Mississippi","Copiah County",5,1,315,149,166
050,28,029,"Mississippi","Copiah County",5,2,310,154,156
050,28,029,"Mississippi","Copiah County",5,3,346,175,171
050,28,029,"Mississippi","Copiah County",5,4,357,185,172
050,28,029,"Mississippi","Copiah County",5,5,319,168,151
050,28,029,"Mississippi","Copiah County",5,6,335,166,169
050,28,029,"Mississippi","Copiah County",5,7,320,152,168
050,28,029,"Mississippi","Copiah County",5,8,320,143,177
050,28,029,"Mississippi","Copiah County",5,9,328,173,155
050,28,029,"Mississippi","Copiah County",5,10,315,162,153
050,28,029,"Mississippi","Copiah County",5,11,324,161,163
050,28,029,"Mississippi","Copiah County",5,12,339,169,170
050,28,029,"Mississippi","Copiah County",5,13,360,191,169
050,28,029,"Mississippi","Copiah County",5,14,354,178,176
050,28,029,"Mississippi","Copiah County",5,15,373,192,181
050,28,029,"Mississippi","Copiah County",5,16,408,197,211
050,28,029,"Mississippi","Copiah County",5,17,406,195,211
050,28,029,"Mississippi","Copiah County",5,18,449,225,224
050,28,029,"Mississippi","Copiah County",5,19,595,309,286
050,28,029,"Mississippi","Copiah County",5,20,462,259,203
050,28,029,"Mississippi","Copiah County",5,21,357,178,179
050,28,029,"Mississippi","Copiah County",5,22,324,172,152
050,28,029,"Mississippi","Copiah County",5,23,344,173,171
050,28,029,"Mississippi","Copiah County",5,24,328,168,160
050,28,029,"Mississippi","Copiah County",5,25,309,161,148
050,28,029,"Mississippi","Copiah County",5,26,297,144,153
050,28,029,"Mississippi","Copiah County",5,27,285,141,144
050,28,029,"Mississippi","Copiah County",5,28,300,142,158
050,28,029,"Mississippi","Copiah County",5,29,311,165,146
050,28,029,"Mississippi","Copiah County",5,30,324,179,145
050,28,029,"Mississippi","Copiah County",5,31,341,156,185
050,28,029,"Mississippi","Copiah County",5,32,317,152,165
050,28,029,"Mississippi","Copiah County",5,33,309,153,156
050,28,029,"Mississippi","Copiah County",5,34,307,150,157
050,28,029,"Mississippi","Copiah County",5,35,296,138,158
050,28,029,"Mississippi","Copiah County",5,36,343,181,162
050,28,029,"Mississippi","Copiah County",5,37,281,140,141
050,28,029,"Mississippi","Copiah County",5,38,270,133,137
050,28,029,"Mississippi","Copiah County",5,39,313,140,173
050,28,029,"Mississippi","Copiah County",5,40,319,142,177
050,28,029,"Mississippi","Copiah County",5,41,314,141,173
050,28,029,"Mississippi","Copiah County",5,42,338,167,171
050,28,029,"Mississippi","Copiah County",5,43,338,164,174
050,28,029,"Mississippi","Copiah County",5,44,341,160,181
050,28,029,"Mississippi","Copiah County",5,45,320,157,163
050,28,029,"Mississippi","Copiah County",5,46,306,143,163
050,28,029,"Mississippi","Copiah County",5,47,306,141,165
050,28,029,"Mississippi","Copiah County",5,48,321,161,160
050,28,029,"Mississippi","Copiah County",5,49,316,158,158
050,28,029,"Mississippi","Copiah County",5,50,326,148,178
050,28,029,"Mississippi","Copiah County",5,51,307,146,161
050,28,029,"Mississippi","Copiah County",5,52,322,148,174
050,28,029,"Mississippi","Copiah County",5,53,314,129,185
050,28,029,"Mississippi","Copiah County",5,54,325,151,174
050,28,029,"Mississippi","Copiah County",5,55,323,161,162
050,28,029,"Mississippi","Copiah County",5,56,315,150,165
050,28,029,"Mississippi","Copiah County",5,57,330,149,181
050,28,029,"Mississippi","Copiah County",5,58,380,172,208
050,28,029,"Mississippi","Copiah County",5,59,396,192,204
050,28,029,"Mississippi","Copiah County",5,60,368,187,181
050,28,029,"Mississippi","Copiah County",5,61,391,191,200
050,28,029,"Mississippi","Copiah County",5,62,407,190,217
050,28,029,"Mississippi","Copiah County",5,63,422,208,214
050,28,029,"Mississippi","Copiah County",5,64,398,191,207
050,28,029,"Mississippi","Copiah County",5,65,388,196,192
050,28,029,"Mississippi","Copiah County",5,66,399,195,204
050,28,029,"Mississippi","Copiah County",5,67,377,187,190
050,28,029,"Mississippi","Copiah County",5,68,345,169,176
050,28,029,"Mississippi","Copiah County",5,69,341,152,189
050,28,029,"Mississippi","Copiah County",5,70,333,145,188
050,28,029,"Mississippi","Copiah County",5,71,315,131,184
050,28,029,"Mississippi","Copiah County",5,72,295,132,163
050,28,029,"Mississippi","Copiah County",5,73,261,127,134
050,28,029,"Mississippi","Copiah County",5,74,248,121,127
050,28,029,"Mississippi","Copiah County",5,75,249,123,126
050,28,029,"Mississippi","Copiah County",5,76,254,118,136
050,28,029,"Mississippi","Copiah County",5,77,178,81,97
050,28,029,"Mississippi","Copiah County",5,78,180,83,97
050,28,029,"Mississippi","Copiah County",5,79,176,74,102
050,28,029,"Mississippi","Copiah County",5,80,170,73,97
050,28,029,"Mississippi","Copiah County",5,81,135,61,74
050,28,029,"Mississippi","Copiah County",5,82,105,52,53
050,28,029,"Mississippi","Copiah County",5,83,98,40,58
050,28,029,"Mississippi","Copiah County",5,84,99,41,58
050,28,029,"Mississippi","Copiah County",5,85,564,217,347
050,28,031,"Mississippi","Covington County",1,0,218,112,106
050,28,031,"Mississippi","Covington County",1,1,239,126,113
050,28,031,"Mississippi","Covington County",1,2,260,140,120
050,28,031,"Mississippi","Covington County",1,3,241,128,113
050,28,031,"Mississippi","Covington County",1,4,214,101,113
050,28,031,"Mississippi","Covington County",1,5,239,130,109
050,28,031,"Mississippi","Covington County",1,6,264,128,136
050,28,031,"Mississippi","Covington County",1,7,271,123,148
050,28,031,"Mississippi","Covington County",1,8,240,126,114
050,28,031,"Mississippi","Covington County",1,9,236,133,103
050,28,031,"Mississippi","Covington County",1,10,259,140,119
050,28,031,"Mississippi","Covington County",1,11,274,143,131
050,28,031,"Mississippi","Covington County",1,12,285,146,139
050,28,031,"Mississippi","Covington County",1,13,293,157,136
050,28,031,"Mississippi","Covington County",1,14,256,144,112
050,28,031,"Mississippi","Covington County",1,15,238,135,103
050,28,031,"Mississippi","Covington County",1,16,246,128,118
050,28,031,"Mississippi","Covington County",1,17,246,117,129
050,28,031,"Mississippi","Covington County",1,18,223,114,109
050,28,031,"Mississippi","Covington County",1,19,189,102,87
050,28,031,"Mississippi","Covington County",1,20,206,105,101
050,28,031,"Mississippi","Covington County",1,21,198,94,104
050,28,031,"Mississippi","Covington County",1,22,212,104,108
050,28,031,"Mississippi","Covington County",1,23,217,111,106
050,28,031,"Mississippi","Covington County",1,24,231,110,121
050,28,031,"Mississippi","Covington County",1,25,224,108,116
050,28,031,"Mississippi","Covington County",1,26,237,112,125
050,28,031,"Mississippi","Covington County",1,27,245,126,119
050,28,031,"Mississippi","Covington County",1,28,244,128,116
050,28,031,"Mississippi","Covington County",1,29,266,136,130
050,28,031,"Mississippi","Covington County",1,30,234,125,109
050,28,031,"Mississippi","Covington County",1,31,228,117,111
050,28,031,"Mississippi","Covington County",1,32,195,89,106
050,28,031,"Mississippi","Covington County",1,33,213,93,120
050,28,031,"Mississippi","Covington County",1,34,221,99,122
050,28,031,"Mississippi","Covington County",1,35,225,108,117
050,28,031,"Mississippi","Covington County",1,36,219,106,113
050,28,031,"Mississippi","Covington County",1,37,233,118,115
050,28,031,"Mississippi","Covington County",1,38,244,125,119
050,28,031,"Mississippi","Covington County",1,39,247,125,122
050,28,031,"Mississippi","Covington County",1,40,253,132,121
050,28,031,"Mississippi","Covington County",1,41,207,88,119
050,28,031,"Mississippi","Covington County",1,42,211,102,109
050,28,031,"Mississippi","Covington County",1,43,208,100,108
050,28,031,"Mississippi","Covington County",1,44,189,86,103
050,28,031,"Mississippi","Covington County",1,45,199,95,104
050,28,031,"Mississippi","Covington County",1,46,186,89,97
050,28,031,"Mississippi","Covington County",1,47,197,96,101
050,28,031,"Mississippi","Covington County",1,48,253,122,131
050,28,031,"Mississippi","Covington County",1,49,230,119,111
050,28,031,"Mississippi","Covington County",1,50,224,104,120
050,28,031,"Mississippi","Covington County",1,51,272,129,143
050,28,031,"Mississippi","Covington County",1,52,222,102,120
050,28,031,"Mississippi","Covington County",1,53,221,105,116
050,28,031,"Mississippi","Covington County",1,54,231,118,113
050,28,031,"Mississippi","Covington County",1,55,249,110,139
050,28,031,"Mississippi","Covington County",1,56,245,112,133
050,28,031,"Mississippi","Covington County",1,57,255,128,127
050,28,031,"Mississippi","Covington County",1,58,258,134,124
050,28,031,"Mississippi","Covington County",1,59,237,115,122
050,28,031,"Mississippi","Covington County",1,60,254,118,136
050,28,031,"Mississippi","Covington County",1,61,245,108,137
050,28,031,"Mississippi","Covington County",1,62,243,120,123
050,28,031,"Mississippi","Covington County",1,63,256,124,132
050,28,031,"Mississippi","Covington County",1,64,223,119,104
050,28,031,"Mississippi","Covington County",1,65,224,126,98
050,28,031,"Mississippi","Covington County",1,66,204,102,102
050,28,031,"Mississippi","Covington County",1,67,198,94,104
050,28,031,"Mississippi","Covington County",1,68,197,92,105
050,28,031,"Mississippi","Covington County",1,69,185,88,97
050,28,031,"Mississippi","Covington County",1,70,175,84,91
050,28,031,"Mississippi","Covington County",1,71,155,71,84
050,28,031,"Mississippi","Covington County",1,72,164,67,97
050,28,031,"Mississippi","Covington County",1,73,164,79,85
050,28,031,"Mississippi","Covington County",1,74,124,52,72
050,28,031,"Mississippi","Covington County",1,75,111,44,67
050,28,031,"Mississippi","Covington County",1,76,123,55,68
050,28,031,"Mississippi","Covington County",1,77,131,57,74
050,28,031,"Mississippi","Covington County",1,78,102,49,53
050,28,031,"Mississippi","Covington County",1,79,105,43,62
050,28,031,"Mississippi","Covington County",1,80,100,44,56
050,28,031,"Mississippi","Covington County",1,81,100,50,50
050,28,031,"Mississippi","Covington County",1,82,83,36,47
050,28,031,"Mississippi","Covington County",1,83,64,34,30
050,28,031,"Mississippi","Covington County",1,84,54,28,26
050,28,031,"Mississippi","Covington County",1,85,334,123,211
050,28,031,"Mississippi","Covington County",2,0,222,115,107
050,28,031,"Mississippi","Covington County",2,1,236,123,113
050,28,031,"Mississippi","Covington County",2,2,256,138,118
050,28,031,"Mississippi","Covington County",2,3,245,130,115
050,28,031,"Mississippi","Covington County",2,4,223,109,114
050,28,031,"Mississippi","Covington County",2,5,233,123,110
050,28,031,"Mississippi","Covington County",2,6,258,128,130
050,28,031,"Mississippi","Covington County",2,7,268,124,144
050,28,031,"Mississippi","Covington County",2,8,248,126,122
050,28,031,"Mississippi","Covington County",2,9,236,131,105
050,28,031,"Mississippi","Covington County",2,10,252,138,114
050,28,031,"Mississippi","Covington County",2,11,269,142,127
050,28,031,"Mississippi","Covington County",2,12,285,147,138
050,28,031,"Mississippi","Covington County",2,13,285,152,133
050,28,031,"Mississippi","Covington County",2,14,261,144,117
050,28,031,"Mississippi","Covington County",2,15,242,137,105
050,28,031,"Mississippi","Covington County",2,16,242,128,114
050,28,031,"Mississippi","Covington County",2,17,247,119,128
050,28,031,"Mississippi","Covington County",2,18,219,111,108
050,28,031,"Mississippi","Covington County",2,19,191,101,90
050,28,031,"Mississippi","Covington County",2,20,206,107,99
050,28,031,"Mississippi","Covington County",2,21,200,96,104
050,28,031,"Mississippi","Covington County",2,22,211,103,108
050,28,031,"Mississippi","Covington County",2,23,216,110,106
050,28,031,"Mississippi","Covington County",2,24,229,111,118
050,28,031,"Mississippi","Covington County",2,25,226,109,117
050,28,031,"Mississippi","Covington County",2,26,236,113,123
050,28,031,"Mississippi","Covington County",2,27,245,125,120
050,28,031,"Mississippi","Covington County",2,28,245,129,116
050,28,031,"Mississippi","Covington County",2,29,257,132,125
050,28,031,"Mississippi","Covington County",2,30,242,127,115
050,28,031,"Mississippi","Covington County",2,31,227,117,110
050,28,031,"Mississippi","Covington County",2,32,201,94,107
050,28,031,"Mississippi","Covington County",2,33,208,92,116
050,28,031,"Mississippi","Covington County",2,34,220,98,122
050,28,031,"Mississippi","Covington County",2,35,224,105,119
050,28,031,"Mississippi","Covington County",2,36,214,103,111
050,28,031,"Mississippi","Covington County",2,37,230,115,115
050,28,031,"Mississippi","Covington County",2,38,243,124,119
050,28,031,"Mississippi","Covington County",2,39,245,126,119
050,28,031,"Mississippi","Covington County",2,40,254,133,121
050,28,031,"Mississippi","Covington County",2,41,218,100,118
050,28,031,"Mississippi","Covington County",2,42,207,97,110
050,28,031,"Mississippi","Covington County",2,43,211,102,109
050,28,031,"Mississippi","Covington County",2,44,191,88,103
050,28,031,"Mississippi","Covington County",2,45,198,93,105
050,28,031,"Mississippi","Covington County",2,46,186,87,99
050,28,031,"Mississippi","Covington County",2,47,193,94,99
050,28,031,"Mississippi","Covington County",2,48,241,117,124
050,28,031,"Mississippi","Covington County",2,49,237,119,118
050,28,031,"Mississippi","Covington County",2,50,228,109,119
050,28,031,"Mississippi","Covington County",2,51,258,121,137
050,28,031,"Mississippi","Covington County",2,52,235,108,127
050,28,031,"Mississippi","Covington County",2,53,221,106,115
050,28,031,"Mississippi","Covington County",2,54,229,116,113
050,28,031,"Mississippi","Covington County",2,55,242,110,132
050,28,031,"Mississippi","Covington County",2,56,244,111,133
050,28,031,"Mississippi","Covington County",2,57,253,124,129
050,28,031,"Mississippi","Covington County",2,58,256,132,124
050,28,031,"Mississippi","Covington County",2,59,239,118,121
050,28,031,"Mississippi","Covington County",2,60,248,116,132
050,28,031,"Mississippi","Covington County",2,61,243,108,135
050,28,031,"Mississippi","Covington County",2,62,244,118,126
050,28,031,"Mississippi","Covington County",2,63,253,123,130
050,28,031,"Mississippi","Covington County",2,64,228,119,109
050,28,031,"Mississippi","Covington County",2,65,225,125,100
050,28,031,"Mississippi","Covington County",2,66,208,107,101
050,28,031,"Mississippi","Covington County",2,67,197,94,103
050,28,031,"Mississippi","Covington County",2,68,192,91,101
050,28,031,"Mississippi","Covington County",2,69,189,89,100
050,28,031,"Mississippi","Covington County",2,70,177,84,93
050,28,031,"Mississippi","Covington County",2,71,153,69,84
050,28,031,"Mississippi","Covington County",2,72,159,67,92
050,28,031,"Mississippi","Covington County",2,73,170,79,91
050,28,031,"Mississippi","Covington County",2,74,120,50,70
050,28,031,"Mississippi","Covington County",2,75,114,47,67
050,28,031,"Mississippi","Covington County",2,76,117,51,66
050,28,031,"Mississippi","Covington County",2,77,134,59,75
050,28,031,"Mississippi","Covington County",2,78,105,50,55
050,28,031,"Mississippi","Covington County",2,79,102,43,59
050,28,031,"Mississippi","Covington County",2,80,100,42,58
050,28,031,"Mississippi","Covington County",2,81,97,47,50
050,28,031,"Mississippi","Covington County",2,82,84,38,46
050,28,031,"Mississippi","Covington County",2,83,68,35,33
050,28,031,"Mississippi","Covington County",2,84,54,28,26
050,28,031,"Mississippi","Covington County",2,85,330,126,204
050,28,031,"Mississippi","Covington County",3,0,245,138,107
050,28,031,"Mississippi","Covington County",3,1,225,129,96
050,28,031,"Mississippi","Covington County",3,2,230,123,107
050,28,031,"Mississippi","Covington County",3,3,266,137,129
050,28,031,"Mississippi","Covington County",3,4,247,128,119
050,28,031,"Mississippi","Covington County",3,5,219,106,113
050,28,031,"Mississippi","Covington County",3,6,243,123,120
050,28,031,"Mississippi","Covington County",3,7,254,133,121
050,28,031,"Mississippi","Covington County",3,8,267,127,140
050,28,031,"Mississippi","Covington County",3,9,254,128,126
050,28,031,"Mississippi","Covington County",3,10,241,130,111
050,28,031,"Mississippi","Covington County",3,11,248,131,117
050,28,031,"Mississippi","Covington County",3,12,273,144,129
050,28,031,"Mississippi","Covington County",3,13,281,149,132
050,28,031,"Mississippi","Covington County",3,14,290,148,142
050,28,031,"Mississippi","Covington County",3,15,263,146,117
050,28,031,"Mississippi","Covington County",3,16,252,143,109
050,28,031,"Mississippi","Covington County",3,17,243,128,115
050,28,031,"Mississippi","Covington County",3,18,216,106,110
050,28,031,"Mississippi","Covington County",3,19,186,97,89
050,28,031,"Mississippi","Covington County",3,20,209,109,100
050,28,031,"Mississippi","Covington County",3,21,215,106,109
050,28,031,"Mississippi","Covington County",3,22,211,95,116
050,28,031,"Mississippi","Covington County",3,23,218,112,106
050,28,031,"Mississippi","Covington County",3,24,219,116,103
050,28,031,"Mississippi","Covington County",3,25,211,101,110
050,28,031,"Mississippi","Covington County",3,26,217,101,116
050,28,031,"Mississippi","Covington County",3,27,224,101,123
050,28,031,"Mississippi","Covington County",3,28,250,129,121
050,28,031,"Mississippi","Covington County",3,29,249,126,123
050,28,031,"Mississippi","Covington County",3,30,265,134,131
050,28,031,"Mississippi","Covington County",3,31,229,119,110
050,28,031,"Mississippi","Covington County",3,32,217,113,104
050,28,031,"Mississippi","Covington County",3,33,201,90,111
050,28,031,"Mississippi","Covington County",3,34,215,90,125
050,28,031,"Mississippi","Covington County",3,35,226,102,124
050,28,031,"Mississippi","Covington County",3,36,225,106,119
050,28,031,"Mississippi","Covington County",3,37,225,107,118
050,28,031,"Mississippi","Covington County",3,38,234,118,116
050,28,031,"Mississippi","Covington County",3,39,249,127,122
050,28,031,"Mississippi","Covington County",3,40,247,130,117
050,28,031,"Mississippi","Covington County",3,41,253,130,123
050,28,031,"Mississippi","Covington County",3,42,215,94,121
050,28,031,"Mississippi","Covington County",3,43,205,100,105
050,28,031,"Mississippi","Covington County",3,44,207,101,106
050,28,031,"Mississippi","Covington County",3,45,192,93,99
050,28,031,"Mississippi","Covington County",3,46,195,94,101
050,28,031,"Mississippi","Covington County",3,47,183,82,101
050,28,031,"Mississippi","Covington County",3,48,195,94,101
050,28,031,"Mississippi","Covington County",3,49,236,118,118
050,28,031,"Mississippi","Covington County",3,50,238,112,126
050,28,031,"Mississippi","Covington County",3,51,229,107,122
050,28,031,"Mississippi","Covington County",3,52,258,123,135
050,28,031,"Mississippi","Covington County",3,53,232,105,127
050,28,031,"Mississippi","Covington County",3,54,218,100,118
050,28,031,"Mississippi","Covington County",3,55,227,110,117
050,28,031,"Mississippi","Covington County",3,56,247,110,137
050,28,031,"Mississippi","Covington County",3,57,248,115,133
050,28,031,"Mississippi","Covington County",3,58,252,124,128
050,28,031,"Mississippi","Covington County",3,59,247,125,122
050,28,031,"Mississippi","Covington County",3,60,240,115,125
050,28,031,"Mississippi","Covington County",3,61,245,117,128
050,28,031,"Mississippi","Covington County",3,62,242,105,137
050,28,031,"Mississippi","Covington County",3,63,233,107,126
050,28,031,"Mississippi","Covington County",3,64,250,121,129
050,28,031,"Mississippi","Covington County",3,65,226,121,105
050,28,031,"Mississippi","Covington County",3,66,222,121,101
050,28,031,"Mississippi","Covington County",3,67,194,100,94
050,28,031,"Mississippi","Covington County",3,68,190,92,98
050,28,031,"Mississippi","Covington County",3,69,176,86,90
050,28,031,"Mississippi","Covington County",3,70,188,90,98
050,28,031,"Mississippi","Covington County",3,71,163,74,89
050,28,031,"Mississippi","Covington County",3,72,152,73,79
050,28,031,"Mississippi","Covington County",3,73,149,60,89
050,28,031,"Mississippi","Covington County",3,74,153,67,86
050,28,031,"Mississippi","Covington County",3,75,112,45,67
050,28,031,"Mississippi","Covington County",3,76,101,43,58
050,28,031,"Mississippi","Covington County",3,77,117,47,70
050,28,031,"Mississippi","Covington County",3,78,127,62,65
050,28,031,"Mississippi","Covington County",3,79,92,43,49
050,28,031,"Mississippi","Covington County",3,80,100,44,56
050,28,031,"Mississippi","Covington County",3,81,91,43,48
050,28,031,"Mississippi","Covington County",3,82,80,38,42
050,28,031,"Mississippi","Covington County",3,83,82,42,40
050,28,031,"Mississippi","Covington County",3,84,56,25,31
050,28,031,"Mississippi","Covington County",3,85,316,126,190
050,28,031,"Mississippi","Covington County",4,0,248,124,124
050,28,031,"Mississippi","Covington County",4,1,241,148,93
050,28,031,"Mississippi","Covington County",4,2,227,129,98
050,28,031,"Mississippi","Covington County",4,3,221,124,97
050,28,031,"Mississippi","Covington County",4,4,258,132,126
050,28,031,"Mississippi","Covington County",4,5,242,126,116
050,28,031,"Mississippi","Covington County",4,6,222,106,116
050,28,031,"Mississippi","Covington County",4,7,239,123,116
050,28,031,"Mississippi","Covington County",4,8,254,127,127
050,28,031,"Mississippi","Covington County",4,9,271,133,138
050,28,031,"Mississippi","Covington County",4,10,249,123,126
050,28,031,"Mississippi","Covington County",4,11,238,135,103
050,28,031,"Mississippi","Covington County",4,12,256,135,121
050,28,031,"Mississippi","Covington County",4,13,266,141,125
050,28,031,"Mississippi","Covington County",4,14,273,138,135
050,28,031,"Mississippi","Covington County",4,15,272,139,133
050,28,031,"Mississippi","Covington County",4,16,248,131,117
050,28,031,"Mississippi","Covington County",4,17,251,145,106
050,28,031,"Mississippi","Covington County",4,18,212,112,100
050,28,031,"Mississippi","Covington County",4,19,176,89,87
050,28,031,"Mississippi","Covington County",4,20,188,96,92
050,28,031,"Mississippi","Covington County",4,21,213,110,103
050,28,031,"Mississippi","Covington County",4,22,227,103,124
050,28,031,"Mississippi","Covington County",4,23,218,100,118
050,28,031,"Mississippi","Covington County",4,24,212,106,106
050,28,031,"Mississippi","Covington County",4,25,217,108,109
050,28,031,"Mississippi","Covington County",4,26,218,109,109
050,28,031,"Mississippi","Covington County",4,27,215,104,111
050,28,031,"Mississippi","Covington County",4,28,220,99,121
050,28,031,"Mississippi","Covington County",4,29,229,114,115
050,28,031,"Mississippi","Covington County",4,30,254,129,125
050,28,031,"Mississippi","Covington County",4,31,253,129,124
050,28,031,"Mississippi","Covington County",4,32,224,111,113
050,28,031,"Mississippi","Covington County",4,33,216,107,109
050,28,031,"Mississippi","Covington County",4,34,205,87,118
050,28,031,"Mississippi","Covington County",4,35,221,98,123
050,28,031,"Mississippi","Covington County",4,36,227,107,120
050,28,031,"Mississippi","Covington County",4,37,223,103,120
050,28,031,"Mississippi","Covington County",4,38,221,106,115
050,28,031,"Mississippi","Covington County",4,39,243,123,120
050,28,031,"Mississippi","Covington County",4,40,250,126,124
050,28,031,"Mississippi","Covington County",4,41,244,126,118
050,28,031,"Mississippi","Covington County",4,42,253,130,123
050,28,031,"Mississippi","Covington County",4,43,210,92,118
050,28,031,"Mississippi","Covington County",4,44,199,99,100
050,28,031,"Mississippi","Covington County",4,45,200,93,107
050,28,031,"Mississippi","Covington County",4,46,187,91,96
050,28,031,"Mississippi","Covington County",4,47,192,91,101
050,28,031,"Mississippi","Covington County",4,48,180,80,100
050,28,031,"Mississippi","Covington County",4,49,201,95,106
050,28,031,"Mississippi","Covington County",4,50,233,113,120
050,28,031,"Mississippi","Covington County",4,51,239,115,124
050,28,031,"Mississippi","Covington County",4,52,231,113,118
050,28,031,"Mississippi","Covington County",4,53,258,122,136
050,28,031,"Mississippi","Covington County",4,54,232,103,129
050,28,031,"Mississippi","Covington County",4,55,224,103,121
050,28,031,"Mississippi","Covington County",4,56,228,109,119
050,28,031,"Mississippi","Covington County",4,57,247,111,136
050,28,031,"Mississippi","Covington County",4,58,249,117,132
050,28,031,"Mississippi","Covington County",4,59,239,114,125
050,28,031,"Mississippi","Covington County",4,60,246,121,125
050,28,031,"Mississippi","Covington County",4,61,240,116,124
050,28,031,"Mississippi","Covington County",4,62,230,106,124
050,28,031,"Mississippi","Covington County",4,63,244,104,140
050,28,031,"Mississippi","Covington County",4,64,228,107,121
050,28,031,"Mississippi","Covington County",4,65,250,123,127
050,28,031,"Mississippi","Covington County",4,66,214,112,102
050,28,031,"Mississippi","Covington County",4,67,214,116,98
050,28,031,"Mississippi","Covington County",4,68,191,101,90
050,28,031,"Mississippi","Covington County",4,69,190,92,98
050,28,031,"Mississippi","Covington County",4,70,174,85,89
050,28,031,"Mississippi","Covington County",4,71,176,84,92
050,28,031,"Mississippi","Covington County",4,72,161,74,87
050,28,031,"Mississippi","Covington County",4,73,148,74,74
050,28,031,"Mississippi","Covington County",4,74,136,52,84
050,28,031,"Mississippi","Covington County",4,75,147,68,79
050,28,031,"Mississippi","Covington County",4,76,100,42,58
050,28,031,"Mississippi","Covington County",4,77,99,40,59
050,28,031,"Mississippi","Covington County",4,78,113,48,65
050,28,031,"Mississippi","Covington County",4,79,118,57,61
050,28,031,"Mississippi","Covington County",4,80,90,42,48
050,28,031,"Mississippi","Covington County",4,81,98,45,53
050,28,031,"Mississippi","Covington County",4,82,75,36,39
050,28,031,"Mississippi","Covington County",4,83,73,38,35
050,28,031,"Mississippi","Covington County",4,84,71,34,37
050,28,031,"Mississippi","Covington County",4,85,312,129,183
050,28,031,"Mississippi","Covington County",5,0,245,123,122
050,28,031,"Mississippi","Covington County",5,1,259,135,124
050,28,031,"Mississippi","Covington County",5,2,229,149,80
050,28,031,"Mississippi","Covington County",5,3,243,137,106
050,28,031,"Mississippi","Covington County",5,4,222,124,98
050,28,031,"Mississippi","Covington County",5,5,251,134,117
050,28,031,"Mississippi","Covington County",5,6,246,129,117
050,28,031,"Mississippi","Covington County",5,7,213,103,110
050,28,031,"Mississippi","Covington County",5,8,232,114,118
050,28,031,"Mississippi","Covington County",5,9,247,128,119
050,28,031,"Mississippi","Covington County",5,10,252,120,132
050,28,031,"Mississippi","Covington County",5,11,250,125,125
050,28,031,"Mississippi","Covington County",5,12,228,128,100
050,28,031,"Mississippi","Covington County",5,13,253,140,113
050,28,031,"Mississippi","Covington County",5,14,275,149,126
050,28,031,"Mississippi","Covington County",5,15,279,139,140
050,28,031,"Mississippi","Covington County",5,16,277,142,135
050,28,031,"Mississippi","Covington County",5,17,252,140,112
050,28,031,"Mississippi","Covington County",5,18,207,118,89
050,28,031,"Mississippi","Covington County",5,19,168,94,74
050,28,031,"Mississippi","Covington County",5,20,184,89,95
050,28,031,"Mississippi","Covington County",5,21,201,100,101
050,28,031,"Mississippi","Covington County",5,22,227,117,110
050,28,031,"Mississippi","Covington County",5,23,219,97,122
050,28,031,"Mississippi","Covington County",5,24,236,108,128
050,28,031,"Mississippi","Covington County",5,25,216,106,110
050,28,031,"Mississippi","Covington County",5,26,215,112,103
050,28,031,"Mississippi","Covington County",5,27,209,103,106
050,28,031,"Mississippi","Covington County",5,28,218,99,119
050,28,031,"Mississippi","Covington County",5,29,224,107,117
050,28,031,"Mississippi","Covington County",5,30,224,117,107
050,28,031,"Mississippi","Covington County",5,31,248,126,122
050,28,031,"Mississippi","Covington County",5,32,241,118,123
050,28,031,"Mississippi","Covington County",5,33,221,106,115
050,28,031,"Mississippi","Covington County",5,34,214,101,113
050,28,031,"Mississippi","Covington County",5,35,196,87,109
050,28,031,"Mississippi","Covington County",5,36,218,96,122
050,28,031,"Mississippi","Covington County",5,37,225,106,119
050,28,031,"Mississippi","Covington County",5,38,225,105,120
050,28,031,"Mississippi","Covington County",5,39,219,108,111
050,28,031,"Mississippi","Covington County",5,40,241,119,122
050,28,031,"Mississippi","Covington County",5,41,249,129,120
050,28,031,"Mississippi","Covington County",5,42,247,131,116
050,28,031,"Mississippi","Covington County",5,43,257,134,123
050,28,031,"Mississippi","Covington County",5,44,208,89,119
050,28,031,"Mississippi","Covington County",5,45,205,102,103
050,28,031,"Mississippi","Covington County",5,46,204,95,109
050,28,031,"Mississippi","Covington County",5,47,190,90,100
050,28,031,"Mississippi","Covington County",5,48,184,86,98
050,28,031,"Mississippi","Covington County",5,49,179,79,100
050,28,031,"Mississippi","Covington County",5,50,196,89,107
050,28,031,"Mississippi","Covington County",5,51,229,111,118
050,28,031,"Mississippi","Covington County",5,52,238,117,121
050,28,031,"Mississippi","Covington County",5,53,223,108,115
050,28,031,"Mississippi","Covington County",5,54,254,118,136
050,28,031,"Mississippi","Covington County",5,55,231,104,127
050,28,031,"Mississippi","Covington County",5,56,224,106,118
050,28,031,"Mississippi","Covington County",5,57,227,109,118
050,28,031,"Mississippi","Covington County",5,58,250,112,138
050,28,031,"Mississippi","Covington County",5,59,239,108,131
050,28,031,"Mississippi","Covington County",5,60,246,115,131
050,28,031,"Mississippi","Covington County",5,61,250,122,128
050,28,031,"Mississippi","Covington County",5,62,232,111,121
050,28,031,"Mississippi","Covington County",5,63,225,104,121
050,28,031,"Mississippi","Covington County",5,64,243,105,138
050,28,031,"Mississippi","Covington County",5,65,219,101,118
050,28,031,"Mississippi","Covington County",5,66,246,117,129
050,28,031,"Mississippi","Covington County",5,67,203,103,100
050,28,031,"Mississippi","Covington County",5,68,206,115,91
050,28,031,"Mississippi","Covington County",5,69,186,98,88
050,28,031,"Mississippi","Covington County",5,70,190,92,98
050,28,031,"Mississippi","Covington County",5,71,157,76,81
050,28,031,"Mississippi","Covington County",5,72,175,85,90
050,28,031,"Mississippi","Covington County",5,73,154,72,82
050,28,031,"Mississippi","Covington County",5,74,133,64,69
050,28,031,"Mississippi","Covington County",5,75,127,49,78
050,28,031,"Mississippi","Covington County",5,76,132,64,68
050,28,031,"Mississippi","Covington County",5,77,102,39,63
050,28,031,"Mississippi","Covington County",5,78,94,43,51
050,28,031,"Mississippi","Covington County",5,79,105,44,61
050,28,031,"Mississippi","Covington County",5,80,118,57,61
050,28,031,"Mississippi","Covington County",5,81,90,44,46
050,28,031,"Mississippi","Covington County",5,82,84,40,44
050,28,031,"Mississippi","Covington County",5,83,67,38,29
050,28,031,"Mississippi","Covington County",5,84,64,30,34
050,28,031,"Mississippi","Covington County",5,85,328,143,185
050,28,033,"Mississippi","DeSoto County",1,0,2048,1043,1005
050,28,033,"Mississippi","DeSoto County",1,1,2118,1060,1058
050,28,033,"Mississippi","DeSoto County",1,2,2200,1094,1106
050,28,033,"Mississippi","DeSoto County",1,3,2289,1144,1145
050,28,033,"Mississippi","DeSoto County",1,4,2289,1147,1142
050,28,033,"Mississippi","DeSoto County",1,5,2343,1186,1157
050,28,033,"Mississippi","DeSoto County",1,6,2426,1213,1213
050,28,033,"Mississippi","DeSoto County",1,7,2484,1244,1240
050,28,033,"Mississippi","DeSoto County",1,8,2566,1302,1264
050,28,033,"Mississippi","DeSoto County",1,9,2621,1337,1284
050,28,033,"Mississippi","DeSoto County",1,10,2771,1431,1340
050,28,033,"Mississippi","DeSoto County",1,11,2958,1521,1437
050,28,033,"Mississippi","DeSoto County",1,12,3064,1538,1526
050,28,033,"Mississippi","DeSoto County",1,13,3082,1550,1532
050,28,033,"Mississippi","DeSoto County",1,14,3044,1554,1490
050,28,033,"Mississippi","DeSoto County",1,15,2963,1512,1451
050,28,033,"Mississippi","DeSoto County",1,16,3023,1578,1445
050,28,033,"Mississippi","DeSoto County",1,17,2994,1570,1424
050,28,033,"Mississippi","DeSoto County",1,18,2545,1344,1201
050,28,033,"Mississippi","DeSoto County",1,19,2137,1100,1037
050,28,033,"Mississippi","DeSoto County",1,20,2270,1163,1107
050,28,033,"Mississippi","DeSoto County",1,21,2266,1153,1113
050,28,033,"Mississippi","DeSoto County",1,22,2361,1185,1176
050,28,033,"Mississippi","DeSoto County",1,23,2333,1163,1170
050,28,033,"Mississippi","DeSoto County",1,24,2242,1139,1103
050,28,033,"Mississippi","DeSoto County",1,25,2290,1155,1135
050,28,033,"Mississippi","DeSoto County",1,26,2266,1171,1095
050,28,033,"Mississippi","DeSoto County",1,27,2412,1218,1194
050,28,033,"Mississippi","DeSoto County",1,28,2437,1188,1249
050,28,033,"Mississippi","DeSoto County",1,29,2481,1221,1260
050,28,033,"Mississippi","DeSoto County",1,30,2490,1200,1290
050,28,033,"Mississippi","DeSoto County",1,31,2420,1142,1278
050,28,033,"Mississippi","DeSoto County",1,32,2265,1066,1199
050,28,033,"Mississippi","DeSoto County",1,33,2293,1081,1212
050,28,033,"Mississippi","DeSoto County",1,34,2471,1122,1349
050,28,033,"Mississippi","DeSoto County",1,35,2486,1108,1378
050,28,033,"Mississippi","DeSoto County",1,36,2493,1128,1365
050,28,033,"Mississippi","DeSoto County",1,37,2626,1235,1391
050,28,033,"Mississippi","DeSoto County",1,38,2670,1251,1419
050,28,033,"Mississippi","DeSoto County",1,39,2808,1307,1501
050,28,033,"Mississippi","DeSoto County",1,40,2732,1259,1473
050,28,033,"Mississippi","DeSoto County",1,41,2579,1204,1375
050,28,033,"Mississippi","DeSoto County",1,42,2612,1217,1395
050,28,033,"Mississippi","DeSoto County",1,43,2629,1225,1404
050,28,033,"Mississippi","DeSoto County",1,44,2536,1163,1373
050,28,033,"Mississippi","DeSoto County",1,45,2476,1170,1306
050,28,033,"Mississippi","DeSoto County",1,46,2481,1160,1321
050,28,033,"Mississippi","DeSoto County",1,47,2586,1189,1397
050,28,033,"Mississippi","DeSoto County",1,48,2777,1353,1424
050,28,033,"Mississippi","DeSoto County",1,49,2818,1364,1454
050,28,033,"Mississippi","DeSoto County",1,50,2672,1318,1354
050,28,033,"Mississippi","DeSoto County",1,51,2559,1262,1297
050,28,033,"Mississippi","DeSoto County",1,52,2359,1126,1233
050,28,033,"Mississippi","DeSoto County",1,53,2365,1176,1189
050,28,033,"Mississippi","DeSoto County",1,54,2357,1160,1197
050,28,033,"Mississippi","DeSoto County",1,55,2499,1227,1272
050,28,033,"Mississippi","DeSoto County",1,56,2450,1188,1262
050,28,033,"Mississippi","DeSoto County",1,57,2421,1184,1237
050,28,033,"Mississippi","DeSoto County",1,58,2338,1124,1214
050,28,033,"Mississippi","DeSoto County",1,59,2232,1082,1150
050,28,033,"Mississippi","DeSoto County",1,60,2147,1040,1107
050,28,033,"Mississippi","DeSoto County",1,61,2053,981,1072
050,28,033,"Mississippi","DeSoto County",1,62,2067,1010,1057
050,28,033,"Mississippi","DeSoto County",1,63,1992,962,1030
050,28,033,"Mississippi","DeSoto County",1,64,1899,912,987
050,28,033,"Mississippi","DeSoto County",1,65,1831,873,958
050,28,033,"Mississippi","DeSoto County",1,66,1807,818,989
050,28,033,"Mississippi","DeSoto County",1,67,1689,762,927
050,28,033,"Mississippi","DeSoto County",1,68,1603,757,846
050,28,033,"Mississippi","DeSoto County",1,69,1450,662,788
050,28,033,"Mississippi","DeSoto County",1,70,1484,695,789
050,28,033,"Mississippi","DeSoto County",1,71,1425,648,777
050,28,033,"Mississippi","DeSoto County",1,72,1469,673,796
050,28,033,"Mississippi","DeSoto County",1,73,1424,657,767
050,28,033,"Mississippi","DeSoto County",1,74,1026,474,552
050,28,033,"Mississippi","DeSoto County",1,75,1022,479,543
050,28,033,"Mississippi","DeSoto County",1,76,982,426,556
050,28,033,"Mississippi","DeSoto County",1,77,919,378,541
050,28,033,"Mississippi","DeSoto County",1,78,809,360,449
050,28,033,"Mississippi","DeSoto County",1,79,737,329,408
050,28,033,"Mississippi","DeSoto County",1,80,650,272,378
050,28,033,"Mississippi","DeSoto County",1,81,579,243,336
050,28,033,"Mississippi","DeSoto County",1,82,526,228,298
050,28,033,"Mississippi","DeSoto County",1,83,435,181,254
050,28,033,"Mississippi","DeSoto County",1,84,402,158,244
050,28,033,"Mississippi","DeSoto County",1,85,2062,709,1353
050,28,033,"Mississippi","DeSoto County",2,0,2088,1058,1030
050,28,033,"Mississippi","DeSoto County",2,1,2114,1061,1053
050,28,033,"Mississippi","DeSoto County",2,2,2198,1096,1102
050,28,033,"Mississippi","DeSoto County",2,3,2275,1133,1142
050,28,033,"Mississippi","DeSoto County",2,4,2312,1157,1155
050,28,033,"Mississippi","DeSoto County",2,5,2357,1193,1164
050,28,033,"Mississippi","DeSoto County",2,6,2435,1226,1209
050,28,033,"Mississippi","DeSoto County",2,7,2495,1248,1247
050,28,033,"Mississippi","DeSoto County",2,8,2565,1292,1273
050,28,033,"Mississippi","DeSoto County",2,9,2629,1338,1291
050,28,033,"Mississippi","DeSoto County",2,10,2749,1418,1331
050,28,033,"Mississippi","DeSoto County",2,11,2925,1499,1426
050,28,033,"Mississippi","DeSoto County",2,12,3072,1548,1524
050,28,033,"Mississippi","DeSoto County",2,13,3095,1555,1540
050,28,033,"Mississippi","DeSoto County",2,14,3059,1555,1504
050,28,033,"Mississippi","DeSoto County",2,15,3007,1537,1470
050,28,033,"Mississippi","DeSoto County",2,16,3026,1572,1454
050,28,033,"Mississippi","DeSoto County",2,17,3000,1567,1433
050,28,033,"Mississippi","DeSoto County",2,18,2539,1341,1198
050,28,033,"Mississippi","DeSoto County",2,19,2148,1110,1038
050,28,033,"Mississippi","DeSoto County",2,20,2298,1175,1123
050,28,033,"Mississippi","DeSoto County",2,21,2289,1162,1127
050,28,033,"Mississippi","DeSoto County",2,22,2366,1186,1180
050,28,033,"Mississippi","DeSoto County",2,23,2353,1179,1174
050,28,033,"Mississippi","DeSoto County",2,24,2268,1147,1121
050,28,033,"Mississippi","DeSoto County",2,25,2283,1152,1131
050,28,033,"Mississippi","DeSoto County",2,26,2284,1174,1110
050,28,033,"Mississippi","DeSoto County",2,27,2392,1209,1183
050,28,033,"Mississippi","DeSoto County",2,28,2445,1207,1238
050,28,033,"Mississippi","DeSoto County",2,29,2490,1221,1269
050,28,033,"Mississippi","DeSoto County",2,30,2518,1215,1303
050,28,033,"Mississippi","DeSoto County",2,31,2454,1166,1288
050,28,033,"Mississippi","DeSoto County",2,32,2320,1093,1227
050,28,033,"Mississippi","DeSoto County",2,33,2301,1080,1221
050,28,033,"Mississippi","DeSoto County",2,34,2444,1114,1330
050,28,033,"Mississippi","DeSoto County",2,35,2515,1125,1390
050,28,033,"Mississippi","DeSoto County",2,36,2499,1131,1368
050,28,033,"Mississippi","DeSoto County",2,37,2605,1211,1394
050,28,033,"Mississippi","DeSoto County",2,38,2687,1258,1429
050,28,033,"Mississippi","DeSoto County",2,39,2785,1302,1483
050,28,033,"Mississippi","DeSoto County",2,40,2777,1280,1497
050,28,033,"Mississippi","DeSoto County",2,41,2626,1222,1404
050,28,033,"Mississippi","DeSoto County",2,42,2597,1213,1384
050,28,033,"Mississippi","DeSoto County",2,43,2659,1239,1420
050,28,033,"Mississippi","DeSoto County",2,44,2534,1172,1362
050,28,033,"Mississippi","DeSoto County",2,45,2508,1179,1329
050,28,033,"Mississippi","DeSoto County",2,46,2473,1161,1312
050,28,033,"Mississippi","DeSoto County",2,47,2555,1182,1373
050,28,033,"Mississippi","DeSoto County",2,48,2735,1318,1417
050,28,033,"Mississippi","DeSoto County",2,49,2814,1369,1445
050,28,033,"Mississippi","DeSoto County",2,50,2713,1333,1380
050,28,033,"Mississippi","DeSoto County",2,51,2572,1266,1306
050,28,033,"Mississippi","DeSoto County",2,52,2411,1161,1250
050,28,033,"Mississippi","DeSoto County",2,53,2361,1164,1197
050,28,033,"Mississippi","DeSoto County",2,54,2346,1156,1190
050,28,033,"Mississippi","DeSoto County",2,55,2465,1210,1255
050,28,033,"Mississippi","DeSoto County",2,56,2465,1198,1267
050,28,033,"Mississippi","DeSoto County",2,57,2426,1185,1241
050,28,033,"Mississippi","DeSoto County",2,58,2362,1140,1222
050,28,033,"Mississippi","DeSoto County",2,59,2268,1097,1171
050,28,033,"Mississippi","DeSoto County",2,60,2163,1047,1116
050,28,033,"Mississippi","DeSoto County",2,61,2062,990,1072
050,28,033,"Mississippi","DeSoto County",2,62,2057,1000,1057
050,28,033,"Mississippi","DeSoto County",2,63,2022,978,1044
050,28,033,"Mississippi","DeSoto County",2,64,1909,916,993
050,28,033,"Mississippi","DeSoto County",2,65,1842,877,965
050,28,033,"Mississippi","DeSoto County",2,66,1812,828,984
050,28,033,"Mississippi","DeSoto County",2,67,1699,767,932
050,28,033,"Mississippi","DeSoto County",2,68,1604,745,859
050,28,033,"Mississippi","DeSoto County",2,69,1493,684,809
050,28,033,"Mississippi","DeSoto County",2,70,1467,683,784
050,28,033,"Mississippi","DeSoto County",2,71,1441,658,783
050,28,033,"Mississippi","DeSoto County",2,72,1432,654,778
050,28,033,"Mississippi","DeSoto County",2,73,1489,682,807
050,28,033,"Mississippi","DeSoto County",2,74,1057,485,572
050,28,033,"Mississippi","DeSoto County",2,75,1018,474,544
050,28,033,"Mississippi","DeSoto County",2,76,976,429,547
050,28,033,"Mississippi","DeSoto County",2,77,953,396,557
050,28,033,"Mississippi","DeSoto County",2,78,819,357,462
050,28,033,"Mississippi","DeSoto County",2,79,743,331,412
050,28,033,"Mississippi","DeSoto County",2,80,663,281,382
050,28,033,"Mississippi","DeSoto County",2,81,589,244,345
050,28,033,"Mississippi","DeSoto County",2,82,533,230,303
050,28,033,"Mississippi","DeSoto County",2,83,448,188,260
050,28,033,"Mississippi","DeSoto County",2,84,403,158,245
050,28,033,"Mississippi","DeSoto County",2,85,2077,717,1360
050,28,033,"Mississippi","DeSoto County",3,0,2202,1115,1087
050,28,033,"Mississippi","DeSoto County",3,1,2123,1088,1035
050,28,033,"Mississippi","DeSoto County",3,2,2184,1106,1078
050,28,033,"Mississippi","DeSoto County",3,3,2293,1125,1168
050,28,033,"Mississippi","DeSoto County",3,4,2321,1163,1158
050,28,033,"Mississippi","DeSoto County",3,5,2418,1220,1198
050,28,033,"Mississippi","DeSoto County",3,6,2396,1219,1177
050,28,033,"Mississippi","DeSoto County",3,7,2556,1289,1267
050,28,033,"Mississippi","DeSoto County",3,8,2578,1289,1289
050,28,033,"Mississippi","DeSoto County",3,9,2662,1322,1340
050,28,033,"Mississippi","DeSoto County",3,10,2695,1367,1328
050,28,033,"Mississippi","DeSoto County",3,11,2815,1438,1377
050,28,033,"Mississippi","DeSoto County",3,12,2982,1529,1453
050,28,033,"Mississippi","DeSoto County",3,13,3135,1566,1569
050,28,033,"Mississippi","DeSoto County",3,14,3159,1599,1560
050,28,033,"Mississippi","DeSoto County",3,15,3107,1591,1516
050,28,033,"Mississippi","DeSoto County",3,16,3075,1556,1519
050,28,033,"Mississippi","DeSoto County",3,17,3044,1573,1471
050,28,033,"Mississippi","DeSoto County",3,18,2608,1394,1214
050,28,033,"Mississippi","DeSoto County",3,19,2161,1120,1041
050,28,033,"Mississippi","DeSoto County",3,20,2325,1195,1130
050,28,033,"Mississippi","DeSoto County",3,21,2359,1198,1161
050,28,033,"Mississippi","DeSoto County",3,22,2430,1215,1215
050,28,033,"Mississippi","DeSoto County",3,23,2437,1223,1214
050,28,033,"Mississippi","DeSoto County",3,24,2374,1197,1177
050,28,033,"Mississippi","DeSoto County",3,25,2312,1162,1150
050,28,033,"Mississippi","DeSoto County",3,26,2313,1166,1147
050,28,033,"Mississippi","DeSoto County",3,27,2349,1195,1154
050,28,033,"Mississippi","DeSoto County",3,28,2409,1173,1236
050,28,033,"Mississippi","DeSoto County",3,29,2512,1236,1276
050,28,033,"Mississippi","DeSoto County",3,30,2617,1257,1360
050,28,033,"Mississippi","DeSoto County",3,31,2534,1216,1318
050,28,033,"Mississippi","DeSoto County",3,32,2534,1183,1351
050,28,033,"Mississippi","DeSoto County",3,33,2395,1125,1270
050,28,033,"Mississippi","DeSoto County",3,34,2390,1113,1277
050,28,033,"Mississippi","DeSoto County",3,35,2508,1136,1372
050,28,033,"Mississippi","DeSoto County",3,36,2605,1175,1430
050,28,033,"Mississippi","DeSoto County",3,37,2581,1169,1412
050,28,033,"Mississippi","DeSoto County",3,38,2673,1260,1413
050,28,033,"Mississippi","DeSoto County",3,39,2704,1264,1440
050,28,033,"Mississippi","DeSoto County",3,40,2822,1304,1518
050,28,033,"Mississippi","DeSoto County",3,41,2853,1312,1541
050,28,033,"Mississippi","DeSoto County",3,42,2673,1242,1431
050,28,033,"Mississippi","DeSoto County",3,43,2616,1224,1392
050,28,033,"Mississippi","DeSoto County",3,44,2697,1273,1424
050,28,033,"Mississippi","DeSoto County",3,45,2531,1172,1359
050,28,033,"Mississippi","DeSoto County",3,46,2506,1178,1328
050,28,033,"Mississippi","DeSoto County",3,47,2502,1159,1343
050,28,033,"Mississippi","DeSoto County",3,48,2572,1179,1393
050,28,033,"Mississippi","DeSoto County",3,49,2787,1331,1456
050,28,033,"Mississippi","DeSoto County",3,50,2828,1367,1461
050,28,033,"Mississippi","DeSoto County",3,51,2763,1351,1412
050,28,033,"Mississippi","DeSoto County",3,52,2563,1254,1309
050,28,033,"Mississippi","DeSoto County",3,53,2424,1163,1261
050,28,033,"Mississippi","DeSoto County",3,54,2357,1151,1206
050,28,033,"Mississippi","DeSoto County",3,55,2361,1145,1216
050,28,033,"Mississippi","DeSoto County",3,56,2427,1194,1233
050,28,033,"Mississippi","DeSoto County",3,57,2453,1200,1253
050,28,033,"Mississippi","DeSoto County",3,58,2416,1177,1239
050,28,033,"Mississippi","DeSoto County",3,59,2389,1167,1222
050,28,033,"Mississippi","DeSoto County",3,60,2255,1091,1164
050,28,033,"Mississippi","DeSoto County",3,61,2140,1035,1105
050,28,033,"Mississippi","DeSoto County",3,62,2008,961,1047
050,28,033,"Mississippi","DeSoto County",3,63,2018,986,1032
050,28,033,"Mississippi","DeSoto County",3,64,1981,951,1030
050,28,033,"Mississippi","DeSoto County",3,65,1903,917,986
050,28,033,"Mississippi","DeSoto County",3,66,1828,873,955
050,28,033,"Mississippi","DeSoto County",3,67,1775,819,956
050,28,033,"Mississippi","DeSoto County",3,68,1679,754,925
050,28,033,"Mississippi","DeSoto County",3,69,1569,723,846
050,28,033,"Mississippi","DeSoto County",3,70,1481,676,805
050,28,033,"Mississippi","DeSoto County",3,71,1438,658,780
050,28,033,"Mississippi","DeSoto County",3,72,1389,633,756
050,28,033,"Mississippi","DeSoto County",3,73,1376,634,742
050,28,033,"Mississippi","DeSoto County",3,74,1426,635,791
050,28,033,"Mississippi","DeSoto County",3,75,1018,466,552
050,28,033,"Mississippi","DeSoto County",3,76,957,439,518
050,28,033,"Mississippi","DeSoto County",3,77,914,402,512
050,28,033,"Mississippi","DeSoto County",3,78,914,371,543
050,28,033,"Mississippi","DeSoto County",3,79,768,334,434
050,28,033,"Mississippi","DeSoto County",3,80,697,300,397
050,28,033,"Mississippi","DeSoto County",3,81,605,257,348
050,28,033,"Mississippi","DeSoto County",3,82,525,209,316
050,28,033,"Mississippi","DeSoto County",3,83,483,201,282
050,28,033,"Mississippi","DeSoto County",3,84,402,162,240
050,28,033,"Mississippi","DeSoto County",3,85,2040,704,1336
050,28,033,"Mississippi","DeSoto County",4,0,1924,1006,918
050,28,033,"Mississippi","DeSoto County",4,1,2307,1161,1146
050,28,033,"Mississippi","DeSoto County",4,2,2186,1126,1060
050,28,033,"Mississippi","DeSoto County",4,3,2235,1132,1103
050,28,033,"Mississippi","DeSoto County",4,4,2335,1152,1183
050,28,033,"Mississippi","DeSoto County",4,5,2415,1215,1200
050,28,033,"Mississippi","DeSoto County",4,6,2490,1268,1222
050,28,033,"Mississippi","DeSoto County",4,7,2502,1275,1227
050,28,033,"Mississippi","DeSoto County",4,8,2667,1352,1315
050,28,033,"Mississippi","DeSoto County",4,9,2655,1327,1328
050,28,033,"Mississippi","DeSoto County",4,10,2712,1353,1359
050,28,033,"Mississippi","DeSoto County",4,11,2801,1428,1373
050,28,033,"Mississippi","DeSoto County",4,12,2860,1463,1397
050,28,033,"Mississippi","DeSoto County",4,13,3052,1546,1506
050,28,033,"Mississippi","DeSoto County",4,14,3233,1621,1612
050,28,033,"Mississippi","DeSoto County",4,15,3254,1650,1604
050,28,033,"Mississippi","DeSoto County",4,16,3176,1632,1544
050,28,033,"Mississippi","DeSoto County",4,17,3119,1557,1562
050,28,033,"Mississippi","DeSoto County",4,18,2589,1358,1231
050,28,033,"Mississippi","DeSoto County",4,19,2129,1141,988
050,28,033,"Mississippi","DeSoto County",4,20,2234,1144,1090
050,28,033,"Mississippi","DeSoto County",4,21,2364,1203,1161
050,28,033,"Mississippi","DeSoto County",4,22,2482,1253,1229
050,28,033,"Mississippi","DeSoto County",4,23,2455,1227,1228
050,28,033,"Mississippi","DeSoto County",4,24,2514,1263,1251
050,28,033,"Mississippi","DeSoto County",4,25,2357,1176,1181
050,28,033,"Mississippi","DeSoto County",4,26,2302,1147,1155
050,28,033,"Mississippi","DeSoto County",4,27,2368,1178,1190
050,28,033,"Mississippi","DeSoto County",4,28,2398,1195,1203
050,28,033,"Mississippi","DeSoto County",4,29,2429,1148,1281
050,28,033,"Mississippi","DeSoto County",4,30,2553,1232,1321
050,28,033,"Mississippi","DeSoto County",4,31,2626,1259,1367
050,28,033,"Mississippi","DeSoto County",4,32,2619,1226,1393
050,28,033,"Mississippi","DeSoto County",4,33,2616,1211,1405
050,28,033,"Mississippi","DeSoto County",4,34,2501,1180,1321
050,28,033,"Mississippi","DeSoto County",4,35,2460,1140,1320
050,28,033,"Mississippi","DeSoto County",4,36,2570,1168,1402
050,28,033,"Mississippi","DeSoto County",4,37,2653,1207,1446
050,28,033,"Mississippi","DeSoto County",4,38,2614,1184,1430
050,28,033,"Mississippi","DeSoto County",4,39,2673,1255,1418
050,28,033,"Mississippi","DeSoto County",4,40,2764,1280,1484
050,28,033,"Mississippi","DeSoto County",4,41,2844,1312,1532
050,28,033,"Mississippi","DeSoto County",4,42,2865,1304,1561
050,28,033,"Mississippi","DeSoto County",4,43,2731,1263,1468
050,28,033,"Mississippi","DeSoto County",4,44,2627,1218,1409
050,28,033,"Mississippi","DeSoto County",4,45,2732,1271,1461
050,28,033,"Mississippi","DeSoto County",4,46,2526,1158,1368
050,28,033,"Mississippi","DeSoto County",4,47,2538,1194,1344
050,28,033,"Mississippi","DeSoto County",4,48,2541,1172,1369
050,28,033,"Mississippi","DeSoto County",4,49,2582,1179,1403
050,28,033,"Mississippi","DeSoto County",4,50,2799,1326,1473
050,28,033,"Mississippi","DeSoto County",4,51,2819,1390,1429
050,28,033,"Mississippi","DeSoto County",4,52,2760,1358,1402
050,28,033,"Mississippi","DeSoto County",4,53,2562,1244,1318
050,28,033,"Mississippi","DeSoto County",4,54,2400,1153,1247
050,28,033,"Mississippi","DeSoto County",4,55,2344,1160,1184
050,28,033,"Mississippi","DeSoto County",4,56,2371,1146,1225
050,28,033,"Mississippi","DeSoto County",4,57,2457,1224,1233
050,28,033,"Mississippi","DeSoto County",4,58,2471,1185,1286
050,28,033,"Mississippi","DeSoto County",4,59,2382,1142,1240
050,28,033,"Mississippi","DeSoto County",4,60,2374,1157,1217
050,28,033,"Mississippi","DeSoto County",4,61,2225,1082,1143
050,28,033,"Mississippi","DeSoto County",4,62,2122,1025,1097
050,28,033,"Mississippi","DeSoto County",4,63,1987,939,1048
050,28,033,"Mississippi","DeSoto County",4,64,2014,993,1021
050,28,033,"Mississippi","DeSoto County",4,65,1990,953,1037
050,28,033,"Mississippi","DeSoto County",4,66,1877,891,986
050,28,033,"Mississippi","DeSoto County",4,67,1775,854,921
050,28,033,"Mississippi","DeSoto County",4,68,1732,783,949
050,28,033,"Mississippi","DeSoto County",4,69,1653,743,910
050,28,033,"Mississippi","DeSoto County",4,70,1527,693,834
050,28,033,"Mississippi","DeSoto County",4,71,1439,652,787
050,28,033,"Mississippi","DeSoto County",4,72,1390,635,755
050,28,033,"Mississippi","DeSoto County",4,73,1336,595,741
050,28,033,"Mississippi","DeSoto County",4,74,1335,606,729
050,28,033,"Mississippi","DeSoto County",4,75,1353,609,744
050,28,033,"Mississippi","DeSoto County",4,76,962,441,521
050,28,033,"Mississippi","DeSoto County",4,77,889,398,491
050,28,033,"Mississippi","DeSoto County",4,78,883,388,495
050,28,033,"Mississippi","DeSoto County",4,79,866,361,505
050,28,033,"Mississippi","DeSoto County",4,80,719,305,414
050,28,033,"Mississippi","DeSoto County",4,81,652,274,378
050,28,033,"Mississippi","DeSoto County",4,82,539,221,318
050,28,033,"Mississippi","DeSoto County",4,83,481,194,287
050,28,033,"Mississippi","DeSoto County",4,84,458,183,275
050,28,033,"Mississippi","DeSoto County",4,85,2022,717,1305
050,28,033,"Mississippi","DeSoto County",5,0,1637,847,790
050,28,033,"Mississippi","DeSoto County",5,1,2074,1103,971
050,28,033,"Mississippi","DeSoto County",5,2,2377,1171,1206
050,28,033,"Mississippi","DeSoto County",5,3,2274,1190,1084
050,28,033,"Mississippi","DeSoto County",5,4,2304,1171,1133
050,28,033,"Mississippi","DeSoto County",5,5,2376,1157,1219
050,28,033,"Mississippi","DeSoto County",5,6,2438,1229,1209
050,28,033,"Mississippi","DeSoto County",5,7,2561,1297,1264
050,28,033,"Mississippi","DeSoto County",5,8,2599,1308,1291
050,28,033,"Mississippi","DeSoto County",5,9,2707,1392,1315
050,28,033,"Mississippi","DeSoto County",5,10,2722,1353,1369
050,28,033,"Mississippi","DeSoto County",5,11,2757,1362,1395
050,28,033,"Mississippi","DeSoto County",5,12,2827,1423,1404
050,28,033,"Mississippi","DeSoto County",5,13,2921,1504,1417
050,28,033,"Mississippi","DeSoto County",5,14,3136,1581,1555
050,28,033,"Mississippi","DeSoto County",5,15,3271,1630,1641
050,28,033,"Mississippi","DeSoto County",5,16,3335,1694,1641
050,28,033,"Mississippi","DeSoto County",5,17,3225,1636,1589
050,28,033,"Mississippi","DeSoto County",5,18,2638,1356,1282
050,28,033,"Mississippi","DeSoto County",5,19,2114,1113,1001
050,28,033,"Mississippi","DeSoto County",5,20,2249,1178,1071
050,28,033,"Mississippi","DeSoto County",5,21,2365,1204,1161
050,28,033,"Mississippi","DeSoto County",5,22,2499,1252,1247
050,28,033,"Mississippi","DeSoto County",5,23,2563,1289,1274
050,28,033,"Mississippi","DeSoto County",5,24,2463,1220,1243
050,28,033,"Mississippi","DeSoto County",5,25,2550,1274,1276
050,28,033,"Mississippi","DeSoto County",5,26,2391,1176,1215
050,28,033,"Mississippi","DeSoto County",5,27,2314,1154,1160
050,28,033,"Mississippi","DeSoto County",5,28,2456,1208,1248
050,28,033,"Mississippi","DeSoto County",5,29,2471,1231,1240
050,28,033,"Mississippi","DeSoto County",5,30,2565,1201,1364
050,28,033,"Mississippi","DeSoto County",5,31,2677,1299,1378
050,28,033,"Mississippi","DeSoto County",5,32,2749,1317,1432
050,28,033,"Mississippi","DeSoto County",5,33,2682,1246,1436
050,28,033,"Mississippi","DeSoto County",5,34,2667,1227,1440
050,28,033,"Mississippi","DeSoto County",5,35,2549,1200,1349
050,28,033,"Mississippi","DeSoto County",5,36,2531,1169,1362
050,28,033,"Mississippi","DeSoto County",5,37,2628,1192,1436
050,28,033,"Mississippi","DeSoto County",5,38,2702,1227,1475
050,28,033,"Mississippi","DeSoto County",5,39,2611,1174,1437
050,28,033,"Mississippi","DeSoto County",5,40,2695,1249,1446
050,28,033,"Mississippi","DeSoto County",5,41,2813,1305,1508
050,28,033,"Mississippi","DeSoto County",5,42,2890,1305,1585
050,28,033,"Mississippi","DeSoto County",5,43,2896,1316,1580
050,28,033,"Mississippi","DeSoto County",5,44,2722,1257,1465
050,28,033,"Mississippi","DeSoto County",5,45,2632,1219,1413
050,28,033,"Mississippi","DeSoto County",5,46,2737,1252,1485
050,28,033,"Mississippi","DeSoto County",5,47,2556,1160,1396
050,28,033,"Mississippi","DeSoto County",5,48,2525,1169,1356
050,28,033,"Mississippi","DeSoto County",5,49,2510,1154,1356
050,28,033,"Mississippi","DeSoto County",5,50,2563,1177,1386
050,28,033,"Mississippi","DeSoto County",5,51,2809,1352,1457
050,28,033,"Mississippi","DeSoto County",5,52,2817,1388,1429
050,28,033,"Mississippi","DeSoto County",5,53,2762,1347,1415
050,28,033,"Mississippi","DeSoto County",5,54,2537,1237,1300
050,28,033,"Mississippi","DeSoto County",5,55,2392,1146,1246
050,28,033,"Mississippi","DeSoto County",5,56,2350,1156,1194
050,28,033,"Mississippi","DeSoto County",5,57,2345,1128,1217
050,28,033,"Mississippi","DeSoto County",5,58,2478,1221,1257
050,28,033,"Mississippi","DeSoto County",5,59,2446,1168,1278
050,28,033,"Mississippi","DeSoto County",5,60,2358,1147,1211
050,28,033,"Mississippi","DeSoto County",5,61,2356,1140,1216
050,28,033,"Mississippi","DeSoto County",5,62,2187,1057,1130
050,28,033,"Mississippi","DeSoto County",5,63,2104,1012,1092
050,28,033,"Mississippi","DeSoto County",5,64,1989,952,1037
050,28,033,"Mississippi","DeSoto County",5,65,1993,967,1026
050,28,033,"Mississippi","DeSoto County",5,66,1961,929,1032
050,28,033,"Mississippi","DeSoto County",5,67,1837,866,971
050,28,033,"Mississippi","DeSoto County",5,68,1734,823,911
050,28,033,"Mississippi","DeSoto County",5,69,1711,768,943
050,28,033,"Mississippi","DeSoto County",5,70,1631,722,909
050,28,033,"Mississippi","DeSoto County",5,71,1500,673,827
050,28,033,"Mississippi","DeSoto County",5,72,1413,638,775
050,28,033,"Mississippi","DeSoto County",5,73,1344,614,730
050,28,033,"Mississippi","DeSoto County",5,74,1306,582,724
050,28,033,"Mississippi","DeSoto County",5,75,1282,579,703
050,28,033,"Mississippi","DeSoto County",5,76,1300,581,719
050,28,033,"Mississippi","DeSoto County",5,77,922,422,500
050,28,033,"Mississippi","DeSoto County",5,78,868,385,483
050,28,033,"Mississippi","DeSoto County",5,79,846,377,469
050,28,033,"Mississippi","DeSoto County",5,80,823,339,484
050,28,033,"Mississippi","DeSoto County",5,81,684,282,402
050,28,033,"Mississippi","DeSoto County",5,82,604,245,359
050,28,033,"Mississippi","DeSoto County",5,83,491,197,294
050,28,033,"Mississippi","DeSoto County",5,84,463,182,281
050,28,033,"Mississippi","DeSoto County",5,85,2090,756,1334
050,28,035,"Mississippi","Forrest County",1,0,1038,534,504
050,28,035,"Mississippi","Forrest County",1,1,1026,534,492
050,28,035,"Mississippi","Forrest County",1,2,976,517,459
050,28,035,"Mississippi","Forrest County",1,3,1001,514,487
050,28,035,"Mississippi","Forrest County",1,4,1000,513,487
050,28,035,"Mississippi","Forrest County",1,5,976,488,488
050,28,035,"Mississippi","Forrest County",1,6,964,468,496
050,28,035,"Mississippi","Forrest County",1,7,962,496,466
050,28,035,"Mississippi","Forrest County",1,8,935,478,457
050,28,035,"Mississippi","Forrest County",1,9,974,497,477
050,28,035,"Mississippi","Forrest County",1,10,1025,527,498
050,28,035,"Mississippi","Forrest County",1,11,1097,550,547
050,28,035,"Mississippi","Forrest County",1,12,1082,557,525
050,28,035,"Mississippi","Forrest County",1,13,1031,523,508
050,28,035,"Mississippi","Forrest County",1,14,974,497,477
050,28,035,"Mississippi","Forrest County",1,15,961,460,501
050,28,035,"Mississippi","Forrest County",1,16,924,468,456
050,28,035,"Mississippi","Forrest County",1,17,876,452,424
050,28,035,"Mississippi","Forrest County",1,18,1573,619,954
050,28,035,"Mississippi","Forrest County",1,19,2286,870,1416
050,28,035,"Mississippi","Forrest County",1,20,2036,799,1237
050,28,035,"Mississippi","Forrest County",1,21,2184,891,1293
050,28,035,"Mississippi","Forrest County",1,22,1911,876,1035
050,28,035,"Mississippi","Forrest County",1,23,1586,762,824
050,28,035,"Mississippi","Forrest County",1,24,1453,642,811
050,28,035,"Mississippi","Forrest County",1,25,1263,615,648
050,28,035,"Mississippi","Forrest County",1,26,1238,616,622
050,28,035,"Mississippi","Forrest County",1,27,1156,541,615
050,28,035,"Mississippi","Forrest County",1,28,1166,559,607
050,28,035,"Mississippi","Forrest County",1,29,1205,567,638
050,28,035,"Mississippi","Forrest County",1,30,1087,501,586
050,28,035,"Mississippi","Forrest County",1,31,1033,487,546
050,28,035,"Mississippi","Forrest County",1,32,1010,489,521
050,28,035,"Mississippi","Forrest County",1,33,948,471,477
050,28,035,"Mississippi","Forrest County",1,34,978,489,489
050,28,035,"Mississippi","Forrest County",1,35,968,489,479
050,28,035,"Mississippi","Forrest County",1,36,944,451,493
050,28,035,"Mississippi","Forrest County",1,37,995,470,525
050,28,035,"Mississippi","Forrest County",1,38,974,472,502
050,28,035,"Mississippi","Forrest County",1,39,959,472,487
050,28,035,"Mississippi","Forrest County",1,40,965,476,489
050,28,035,"Mississippi","Forrest County",1,41,886,433,453
050,28,035,"Mississippi","Forrest County",1,42,853,410,443
050,28,035,"Mississippi","Forrest County",1,43,810,413,397
050,28,035,"Mississippi","Forrest County",1,44,794,391,403
050,28,035,"Mississippi","Forrest County",1,45,816,389,427
050,28,035,"Mississippi","Forrest County",1,46,746,361,385
050,28,035,"Mississippi","Forrest County",1,47,759,390,369
050,28,035,"Mississippi","Forrest County",1,48,831,402,429
050,28,035,"Mississippi","Forrest County",1,49,869,445,424
050,28,035,"Mississippi","Forrest County",1,50,840,409,431
050,28,035,"Mississippi","Forrest County",1,51,809,369,440
050,28,035,"Mississippi","Forrest County",1,52,779,368,411
050,28,035,"Mississippi","Forrest County",1,53,809,369,440
050,28,035,"Mississippi","Forrest County",1,54,828,415,413
050,28,035,"Mississippi","Forrest County",1,55,858,417,441
050,28,035,"Mississippi","Forrest County",1,56,895,418,477
050,28,035,"Mississippi","Forrest County",1,57,862,400,462
050,28,035,"Mississippi","Forrest County",1,58,874,411,463
050,28,035,"Mississippi","Forrest County",1,59,875,414,461
050,28,035,"Mississippi","Forrest County",1,60,884,416,468
050,28,035,"Mississippi","Forrest County",1,61,888,416,472
050,28,035,"Mississippi","Forrest County",1,62,808,384,424
050,28,035,"Mississippi","Forrest County",1,63,795,380,415
050,28,035,"Mississippi","Forrest County",1,64,736,354,382
050,28,035,"Mississippi","Forrest County",1,65,720,333,387
050,28,035,"Mississippi","Forrest County",1,66,692,326,366
050,28,035,"Mississippi","Forrest County",1,67,661,309,352
050,28,035,"Mississippi","Forrest County",1,68,650,294,356
050,28,035,"Mississippi","Forrest County",1,69,617,278,339
050,28,035,"Mississippi","Forrest County",1,70,587,267,320
050,28,035,"Mississippi","Forrest County",1,71,581,270,311
050,28,035,"Mississippi","Forrest County",1,72,581,257,324
050,28,035,"Mississippi","Forrest County",1,73,612,284,328
050,28,035,"Mississippi","Forrest County",1,74,407,176,231
050,28,035,"Mississippi","Forrest County",1,75,382,175,207
050,28,035,"Mississippi","Forrest County",1,76,413,180,233
050,28,035,"Mississippi","Forrest County",1,77,401,170,231
050,28,035,"Mississippi","Forrest County",1,78,332,144,188
050,28,035,"Mississippi","Forrest County",1,79,327,140,187
050,28,035,"Mississippi","Forrest County",1,80,295,110,185
050,28,035,"Mississippi","Forrest County",1,81,267,104,163
050,28,035,"Mississippi","Forrest County",1,82,236,95,141
050,28,035,"Mississippi","Forrest County",1,83,226,87,139
050,28,035,"Mississippi","Forrest County",1,84,224,82,142
050,28,035,"Mississippi","Forrest County",1,85,1307,401,906
050,28,035,"Mississippi","Forrest County",2,0,1046,541,505
050,28,035,"Mississippi","Forrest County",2,1,1020,531,489
050,28,035,"Mississippi","Forrest County",2,2,987,521,466
050,28,035,"Mississippi","Forrest County",2,3,985,509,476
050,28,035,"Mississippi","Forrest County",2,4,996,510,486
050,28,035,"Mississippi","Forrest County",2,5,977,491,486
050,28,035,"Mississippi","Forrest County",2,6,965,472,493
050,28,035,"Mississippi","Forrest County",2,7,965,488,477
050,28,035,"Mississippi","Forrest County",2,8,938,482,456
050,28,035,"Mississippi","Forrest County",2,9,965,497,468
050,28,035,"Mississippi","Forrest County",2,10,1009,518,491
050,28,035,"Mississippi","Forrest County",2,11,1070,542,528
050,28,035,"Mississippi","Forrest County",2,12,1091,557,534
050,28,035,"Mississippi","Forrest County",2,13,1046,531,515
050,28,035,"Mississippi","Forrest County",2,14,989,503,486
050,28,035,"Mississippi","Forrest County",2,15,965,472,493
050,28,035,"Mississippi","Forrest County",2,16,935,467,468
050,28,035,"Mississippi","Forrest County",2,17,891,456,435
050,28,035,"Mississippi","Forrest County",2,18,1548,605,943
050,28,035,"Mississippi","Forrest County",2,19,2273,865,1408
050,28,035,"Mississippi","Forrest County",2,20,2072,817,1255
050,28,035,"Mississippi","Forrest County",2,21,2189,898,1291
050,28,035,"Mississippi","Forrest County",2,22,1916,882,1034
050,28,035,"Mississippi","Forrest County",2,23,1586,767,819
050,28,035,"Mississippi","Forrest County",2,24,1436,636,800
050,28,035,"Mississippi","Forrest County",2,25,1258,610,648
050,28,035,"Mississippi","Forrest County",2,26,1228,609,619
050,28,035,"Mississippi","Forrest County",2,27,1150,544,606
050,28,035,"Mississippi","Forrest County",2,28,1157,553,604
050,28,035,"Mississippi","Forrest County",2,29,1195,565,630
050,28,035,"Mississippi","Forrest County",2,30,1118,515,603
050,28,035,"Mississippi","Forrest County",2,31,1040,483,557
050,28,035,"Mississippi","Forrest County",2,32,1007,486,521
050,28,035,"Mississippi","Forrest County",2,33,964,475,489
050,28,035,"Mississippi","Forrest County",2,34,963,478,485
050,28,035,"Mississippi","Forrest County",2,35,975,490,485
050,28,035,"Mississippi","Forrest County",2,36,940,452,488
050,28,035,"Mississippi","Forrest County",2,37,981,461,520
050,28,035,"Mississippi","Forrest County",2,38,976,472,504
050,28,035,"Mississippi","Forrest County",2,39,954,467,487
050,28,035,"Mississippi","Forrest County",2,40,966,476,490
050,28,035,"Mississippi","Forrest County",2,41,904,444,460
050,28,035,"Mississippi","Forrest County",2,42,857,414,443
050,28,035,"Mississippi","Forrest County",2,43,822,410,412
050,28,035,"Mississippi","Forrest County",2,44,794,392,402
050,28,035,"Mississippi","Forrest County",2,45,810,385,425
050,28,035,"Mississippi","Forrest County",2,46,762,367,395
050,28,035,"Mississippi","Forrest County",2,47,760,384,376
050,28,035,"Mississippi","Forrest County",2,48,812,398,414
050,28,035,"Mississippi","Forrest County",2,49,864,437,427
050,28,035,"Mississippi","Forrest County",2,50,847,417,430
050,28,035,"Mississippi","Forrest County",2,51,809,376,433
050,28,035,"Mississippi","Forrest County",2,52,784,369,415
050,28,035,"Mississippi","Forrest County",2,53,801,367,434
050,28,035,"Mississippi","Forrest County",2,54,820,405,415
050,28,035,"Mississippi","Forrest County",2,55,855,417,438
050,28,035,"Mississippi","Forrest County",2,56,882,415,467
050,28,035,"Mississippi","Forrest County",2,57,867,399,468
050,28,035,"Mississippi","Forrest County",2,58,869,408,461
050,28,035,"Mississippi","Forrest County",2,59,876,416,460
050,28,035,"Mississippi","Forrest County",2,60,881,413,468
050,28,035,"Mississippi","Forrest County",2,61,883,410,473
050,28,035,"Mississippi","Forrest County",2,62,823,389,434
050,28,035,"Mississippi","Forrest County",2,63,800,381,419
050,28,035,"Mississippi","Forrest County",2,64,742,355,387
050,28,035,"Mississippi","Forrest County",2,65,720,339,381
050,28,035,"Mississippi","Forrest County",2,66,693,325,368
050,28,035,"Mississippi","Forrest County",2,67,659,307,352
050,28,035,"Mississippi","Forrest County",2,68,647,297,350
050,28,035,"Mississippi","Forrest County",2,69,629,286,343
050,28,035,"Mississippi","Forrest County",2,70,589,267,322
050,28,035,"Mississippi","Forrest County",2,71,579,266,313
050,28,035,"Mississippi","Forrest County",2,72,576,255,321
050,28,035,"Mississippi","Forrest County",2,73,627,288,339
050,28,035,"Mississippi","Forrest County",2,74,424,187,237
050,28,035,"Mississippi","Forrest County",2,75,383,172,211
050,28,035,"Mississippi","Forrest County",2,76,393,173,220
050,28,035,"Mississippi","Forrest County",2,77,405,172,233
050,28,035,"Mississippi","Forrest County",2,78,332,142,190
050,28,035,"Mississippi","Forrest County",2,79,325,139,186
050,28,035,"Mississippi","Forrest County",2,80,298,113,185
050,28,035,"Mississippi","Forrest County",2,81,273,105,168
050,28,035,"Mississippi","Forrest County",2,82,242,97,145
050,28,035,"Mississippi","Forrest County",2,83,227,86,141
050,28,035,"Mississippi","Forrest County",2,84,218,79,139
050,28,035,"Mississippi","Forrest County",2,85,1294,399,895
050,28,035,"Mississippi","Forrest County",3,0,975,488,487
050,28,035,"Mississippi","Forrest County",3,1,989,520,469
050,28,035,"Mississippi","Forrest County",3,2,986,493,493
050,28,035,"Mississippi","Forrest County",3,3,989,498,491
050,28,035,"Mississippi","Forrest County",3,4,951,483,468
050,28,035,"Mississippi","Forrest County",3,5,1011,520,491
050,28,035,"Mississippi","Forrest County",3,6,970,491,479
050,28,035,"Mississippi","Forrest County",3,7,981,489,492
050,28,035,"Mississippi","Forrest County",3,8,949,490,459
050,28,035,"Mississippi","Forrest County",3,9,911,466,445
050,28,035,"Mississippi","Forrest County",3,10,970,497,473
050,28,035,"Mississippi","Forrest County",3,11,1014,514,500
050,28,035,"Mississippi","Forrest County",3,12,1034,514,520
050,28,035,"Mississippi","Forrest County",3,13,1089,570,519
050,28,035,"Mississippi","Forrest County",3,14,1054,539,515
050,28,035,"Mississippi","Forrest County",3,15,991,498,493
050,28,035,"Mississippi","Forrest County",3,16,986,482,504
050,28,035,"Mississippi","Forrest County",3,17,930,454,476
050,28,035,"Mississippi","Forrest County",3,18,1501,569,932
050,28,035,"Mississippi","Forrest County",3,19,2198,822,1376
050,28,035,"Mississippi","Forrest County",3,20,2086,837,1249
050,28,035,"Mississippi","Forrest County",3,21,2233,921,1312
050,28,035,"Mississippi","Forrest County",3,22,1891,885,1006
050,28,035,"Mississippi","Forrest County",3,23,1559,766,793
050,28,035,"Mississippi","Forrest County",3,24,1473,659,814
050,28,035,"Mississippi","Forrest County",3,25,1235,595,640
050,28,035,"Mississippi","Forrest County",3,26,1200,570,630
050,28,035,"Mississippi","Forrest County",3,27,1151,580,571
050,28,035,"Mississippi","Forrest County",3,28,1125,523,602
050,28,035,"Mississippi","Forrest County",3,29,1085,520,565
050,28,035,"Mississippi","Forrest County",3,30,1127,522,605
050,28,035,"Mississippi","Forrest County",3,31,1072,489,583
050,28,035,"Mississippi","Forrest County",3,32,1002,488,514
050,28,035,"Mississippi","Forrest County",3,33,978,470,508
050,28,035,"Mississippi","Forrest County",3,34,967,486,481
050,28,035,"Mississippi","Forrest County",3,35,919,462,457
050,28,035,"Mississippi","Forrest County",3,36,933,464,469
050,28,035,"Mississippi","Forrest County",3,37,901,424,477
050,28,035,"Mississippi","Forrest County",3,38,990,461,529
050,28,035,"Mississippi","Forrest County",3,39,955,459,496
050,28,035,"Mississippi","Forrest County",3,40,956,468,488
050,28,035,"Mississippi","Forrest County",3,41,949,484,465
050,28,035,"Mississippi","Forrest County",3,42,909,450,459
050,28,035,"Mississippi","Forrest County",3,43,868,419,449
050,28,035,"Mississippi","Forrest County",3,44,808,403,405
050,28,035,"Mississippi","Forrest County",3,45,775,387,388
050,28,035,"Mississippi","Forrest County",3,46,786,373,413
050,28,035,"Mississippi","Forrest County",3,47,758,374,384
050,28,035,"Mississippi","Forrest County",3,48,759,373,386
050,28,035,"Mississippi","Forrest County",3,49,794,396,398
050,28,035,"Mississippi","Forrest County",3,50,836,421,415
050,28,035,"Mississippi","Forrest County",3,51,853,418,435
050,28,035,"Mississippi","Forrest County",3,52,808,385,423
050,28,035,"Mississippi","Forrest County",3,53,792,364,428
050,28,035,"Mississippi","Forrest County",3,54,798,373,425
050,28,035,"Mississippi","Forrest County",3,55,835,408,427
050,28,035,"Mississippi","Forrest County",3,56,827,391,436
050,28,035,"Mississippi","Forrest County",3,57,874,412,462
050,28,035,"Mississippi","Forrest County",3,58,852,401,451
050,28,035,"Mississippi","Forrest County",3,59,830,380,450
050,28,035,"Mississippi","Forrest County",3,60,845,391,454
050,28,035,"Mississippi","Forrest County",3,61,875,409,466
050,28,035,"Mississippi","Forrest County",3,62,880,417,463
050,28,035,"Mississippi","Forrest County",3,63,812,378,434
050,28,035,"Mississippi","Forrest County",3,64,777,365,412
050,28,035,"Mississippi","Forrest County",3,65,720,346,374
050,28,035,"Mississippi","Forrest County",3,66,703,332,371
050,28,035,"Mississippi","Forrest County",3,67,665,307,358
050,28,035,"Mississippi","Forrest County",3,68,640,296,344
050,28,035,"Mississippi","Forrest County",3,69,635,293,342
050,28,035,"Mississippi","Forrest County",3,70,604,276,328
050,28,035,"Mississippi","Forrest County",3,71,576,257,319
050,28,035,"Mississippi","Forrest County",3,72,568,255,313
050,28,035,"Mississippi","Forrest County",3,73,539,242,297
050,28,035,"Mississippi","Forrest County",3,74,609,275,334
050,28,035,"Mississippi","Forrest County",3,75,406,174,232
050,28,035,"Mississippi","Forrest County",3,76,357,156,201
050,28,035,"Mississippi","Forrest County",3,77,367,160,207
050,28,035,"Mississippi","Forrest County",3,78,374,151,223
050,28,035,"Mississippi","Forrest County",3,79,302,132,170
050,28,035,"Mississippi","Forrest County",3,80,298,129,169
050,28,035,"Mississippi","Forrest County",3,81,288,106,182
050,28,035,"Mississippi","Forrest County",3,82,251,95,156
050,28,035,"Mississippi","Forrest County",3,83,233,89,144
050,28,035,"Mississippi","Forrest County",3,84,215,75,140
050,28,035,"Mississippi","Forrest County",3,85,1302,408,894
050,28,035,"Mississippi","Forrest County",4,0,981,499,482
050,28,035,"Mississippi","Forrest County",4,1,931,471,460
050,28,035,"Mississippi","Forrest County",4,2,978,512,466
050,28,035,"Mississippi","Forrest County",4,3,1020,516,504
050,28,035,"Mississippi","Forrest County",4,4,976,493,483
050,28,035,"Mississippi","Forrest County",4,5,941,494,447
050,28,035,"Mississippi","Forrest County",4,6,1018,517,501
050,28,035,"Mississippi","Forrest County",4,7,975,484,491
050,28,035,"Mississippi","Forrest County",4,8,947,472,475
050,28,035,"Mississippi","Forrest County",4,9,970,495,475
050,28,035,"Mississippi","Forrest County",4,10,918,470,448
050,28,035,"Mississippi","Forrest County",4,11,955,492,463
050,28,035,"Mississippi","Forrest County",4,12,1005,510,495
050,28,035,"Mississippi","Forrest County",4,13,1044,535,509
050,28,035,"Mississippi","Forrest County",4,14,1106,582,524
050,28,035,"Mississippi","Forrest County",4,15,1056,526,530
050,28,035,"Mississippi","Forrest County",4,16,993,497,496
050,28,035,"Mississippi","Forrest County",4,17,991,484,507
050,28,035,"Mississippi","Forrest County",4,18,1519,568,951
050,28,035,"Mississippi","Forrest County",4,19,2166,805,1361
050,28,035,"Mississippi","Forrest County",4,20,2014,785,1229
050,28,035,"Mississippi","Forrest County",4,21,2225,946,1279
050,28,035,"Mississippi","Forrest County",4,22,1937,896,1041
050,28,035,"Mississippi","Forrest County",4,23,1549,763,786
050,28,035,"Mississippi","Forrest County",4,24,1389,632,757
050,28,035,"Mississippi","Forrest County",4,25,1273,620,653
050,28,035,"Mississippi","Forrest County",4,26,1181,580,601
050,28,035,"Mississippi","Forrest County",4,27,1093,523,570
050,28,035,"Mississippi","Forrest County",4,28,1136,579,557
050,28,035,"Mississippi","Forrest County",4,29,1088,515,573
050,28,035,"Mississippi","Forrest County",4,30,1085,509,576
050,28,035,"Mississippi","Forrest County",4,31,1127,511,616
050,28,035,"Mississippi","Forrest County",4,32,1054,501,553
050,28,035,"Mississippi","Forrest County",4,33,1012,487,525
050,28,035,"Mississippi","Forrest County",4,34,991,469,522
050,28,035,"Mississippi","Forrest County",4,35,983,493,490
050,28,035,"Mississippi","Forrest County",4,36,910,459,451
050,28,035,"Mississippi","Forrest County",4,37,905,454,451
050,28,035,"Mississippi","Forrest County",4,38,913,430,483
050,28,035,"Mississippi","Forrest County",4,39,987,452,535
050,28,035,"Mississippi","Forrest County",4,40,998,495,503
050,28,035,"Mississippi","Forrest County",4,41,955,479,476
050,28,035,"Mississippi","Forrest County",4,42,940,473,467
050,28,035,"Mississippi","Forrest County",4,43,901,442,459
050,28,035,"Mississippi","Forrest County",4,44,868,416,452
050,28,035,"Mississippi","Forrest County",4,45,800,403,397
050,28,035,"Mississippi","Forrest County",4,46,747,372,375
050,28,035,"Mississippi","Forrest County",4,47,783,379,404
050,28,035,"Mississippi","Forrest County",4,48,724,344,380
050,28,035,"Mississippi","Forrest County",4,49,766,379,387
050,28,035,"Mississippi","Forrest County",4,50,785,387,398
050,28,035,"Mississippi","Forrest County",4,51,814,410,404
050,28,035,"Mississippi","Forrest County",4,52,839,412,427
050,28,035,"Mississippi","Forrest County",4,53,794,374,420
050,28,035,"Mississippi","Forrest County",4,54,785,380,405
050,28,035,"Mississippi","Forrest County",4,55,808,371,437
050,28,035,"Mississippi","Forrest County",4,56,816,397,419
050,28,035,"Mississippi","Forrest County",4,57,817,384,433
050,28,035,"Mississippi","Forrest County",4,58,846,393,453
050,28,035,"Mississippi","Forrest County",4,59,829,390,439
050,28,035,"Mississippi","Forrest County",4,60,806,368,438
050,28,035,"Mississippi","Forrest County",4,61,844,388,456
050,28,035,"Mississippi","Forrest County",4,62,877,420,457
050,28,035,"Mississippi","Forrest County",4,63,874,409,465
050,28,035,"Mississippi","Forrest County",4,64,799,375,424
050,28,035,"Mississippi","Forrest County",4,65,743,348,395
050,28,035,"Mississippi","Forrest County",4,66,711,347,364
050,28,035,"Mississippi","Forrest County",4,67,684,318,366
050,28,035,"Mississippi","Forrest County",4,68,639,285,354
050,28,035,"Mississippi","Forrest County",4,69,635,297,338
050,28,035,"Mississippi","Forrest County",4,70,598,271,327
050,28,035,"Mississippi","Forrest County",4,71,602,275,327
050,28,035,"Mississippi","Forrest County",4,72,556,241,315
050,28,035,"Mississippi","Forrest County",4,73,536,245,291
050,28,035,"Mississippi","Forrest County",4,74,505,221,284
050,28,035,"Mississippi","Forrest County",4,75,589,257,332
050,28,035,"Mississippi","Forrest County",4,76,370,154,216
050,28,035,"Mississippi","Forrest County",4,77,342,146,196
050,28,035,"Mississippi","Forrest County",4,78,342,147,195
050,28,035,"Mississippi","Forrest County",4,79,344,147,197
050,28,035,"Mississippi","Forrest County",4,80,289,128,161
050,28,035,"Mississippi","Forrest County",4,81,291,120,171
050,28,035,"Mississippi","Forrest County",4,82,268,93,175
050,28,035,"Mississippi","Forrest County",4,83,243,87,156
050,28,035,"Mississippi","Forrest County",4,84,218,78,140
050,28,035,"Mississippi","Forrest County",4,85,1314,410,904
050,28,035,"Mississippi","Forrest County",5,0,995,505,490
050,28,035,"Mississippi","Forrest County",5,1,938,482,456
050,28,035,"Mississippi","Forrest County",5,2,915,459,456
050,28,035,"Mississippi","Forrest County",5,3,945,495,450
050,28,035,"Mississippi","Forrest County",5,4,1004,480,524
050,28,035,"Mississippi","Forrest County",5,5,969,488,481
050,28,035,"Mississippi","Forrest County",5,6,959,509,450
050,28,035,"Mississippi","Forrest County",5,7,1001,516,485
050,28,035,"Mississippi","Forrest County",5,8,996,486,510
050,28,035,"Mississippi","Forrest County",5,9,946,462,484
050,28,035,"Mississippi","Forrest County",5,10,983,507,476
050,28,035,"Mississippi","Forrest County",5,11,922,472,450
050,28,035,"Mississippi","Forrest County",5,12,952,496,456
050,28,035,"Mississippi","Forrest County",5,13,1020,513,507
050,28,035,"Mississippi","Forrest County",5,14,1043,530,513
050,28,035,"Mississippi","Forrest County",5,15,1112,576,536
050,28,035,"Mississippi","Forrest County",5,16,1063,535,528
050,28,035,"Mississippi","Forrest County",5,17,1021,513,508
050,28,035,"Mississippi","Forrest County",5,18,1610,611,999
050,28,035,"Mississippi","Forrest County",5,19,2210,814,1396
050,28,035,"Mississippi","Forrest County",5,20,2010,808,1202
050,28,035,"Mississippi","Forrest County",5,21,2177,899,1278
050,28,035,"Mississippi","Forrest County",5,22,1929,924,1005
050,28,035,"Mississippi","Forrest County",5,23,1566,761,805
050,28,035,"Mississippi","Forrest County",5,24,1394,630,764
050,28,035,"Mississippi","Forrest County",5,25,1199,580,619
050,28,035,"Mississippi","Forrest County",5,26,1162,556,606
050,28,035,"Mississippi","Forrest County",5,27,1114,526,588
050,28,035,"Mississippi","Forrest County",5,28,1044,492,552
050,28,035,"Mississippi","Forrest County",5,29,1111,541,570
050,28,035,"Mississippi","Forrest County",5,30,1052,493,559
050,28,035,"Mississippi","Forrest County",5,31,1126,517,609
050,28,035,"Mississippi","Forrest County",5,32,1131,543,588
050,28,035,"Mississippi","Forrest County",5,33,1034,493,541
050,28,035,"Mississippi","Forrest County",5,34,998,468,530
050,28,035,"Mississippi","Forrest County",5,35,1019,482,537
050,28,035,"Mississippi","Forrest County",5,36,969,479,490
050,28,035,"Mississippi","Forrest County",5,37,909,464,445
050,28,035,"Mississippi","Forrest County",5,38,911,450,461
050,28,035,"Mississippi","Forrest County",5,39,923,421,502
050,28,035,"Mississippi","Forrest County",5,40,969,441,528
050,28,035,"Mississippi","Forrest County",5,41,1011,508,503
050,28,035,"Mississippi","Forrest County",5,42,933,460,473
050,28,035,"Mississippi","Forrest County",5,43,941,464,477
050,28,035,"Mississippi","Forrest County",5,44,896,427,469
050,28,035,"Mississippi","Forrest County",5,45,854,399,455
050,28,035,"Mississippi","Forrest County",5,46,789,397,392
050,28,035,"Mississippi","Forrest County",5,47,748,378,370
050,28,035,"Mississippi","Forrest County",5,48,751,359,392
050,28,035,"Mississippi","Forrest County",5,49,725,359,366
050,28,035,"Mississippi","Forrest County",5,50,755,365,390
050,28,035,"Mississippi","Forrest County",5,51,782,375,407
050,28,035,"Mississippi","Forrest County",5,52,808,403,405
050,28,035,"Mississippi","Forrest County",5,53,831,404,427
050,28,035,"Mississippi","Forrest County",5,54,778,372,406
050,28,035,"Mississippi","Forrest County",5,55,785,371,414
050,28,035,"Mississippi","Forrest County",5,56,787,360,427
050,28,035,"Mississippi","Forrest County",5,57,810,397,413
050,28,035,"Mississippi","Forrest County",5,58,823,387,436
050,28,035,"Mississippi","Forrest County",5,59,836,382,454
050,28,035,"Mississippi","Forrest County",5,60,812,384,428
050,28,035,"Mississippi","Forrest County",5,61,803,360,443
050,28,035,"Mississippi","Forrest County",5,62,844,398,446
050,28,035,"Mississippi","Forrest County",5,63,851,405,446
050,28,035,"Mississippi","Forrest County",5,64,849,391,458
050,28,035,"Mississippi","Forrest County",5,65,778,366,412
050,28,035,"Mississippi","Forrest County",5,66,719,336,383
050,28,035,"Mississippi","Forrest County",5,67,690,338,352
050,28,035,"Mississippi","Forrest County",5,68,670,301,369
050,28,035,"Mississippi","Forrest County",5,69,618,276,342
050,28,035,"Mississippi","Forrest County",5,70,609,277,332
050,28,035,"Mississippi","Forrest County",5,71,593,269,324
050,28,035,"Mississippi","Forrest County",5,72,585,254,331
050,28,035,"Mississippi","Forrest County",5,73,532,231,301
050,28,035,"Mississippi","Forrest County",5,74,512,235,277
050,28,035,"Mississippi","Forrest County",5,75,486,209,277
050,28,035,"Mississippi","Forrest County",5,76,550,240,310
050,28,035,"Mississippi","Forrest County",5,77,359,150,209
050,28,035,"Mississippi","Forrest County",5,78,322,131,191
050,28,035,"Mississippi","Forrest County",5,79,327,142,185
050,28,035,"Mississippi","Forrest County",5,80,321,142,179
050,28,035,"Mississippi","Forrest County",5,81,280,120,160
050,28,035,"Mississippi","Forrest County",5,82,273,105,168
050,28,035,"Mississippi","Forrest County",5,83,252,86,166
050,28,035,"Mississippi","Forrest County",5,84,228,79,149
050,28,035,"Mississippi","Forrest County",5,85,1351,422,929
050,28,037,"Mississippi","Franklin County",1,0,84,43,41
050,28,037,"Mississippi","Franklin County",1,1,90,50,40
050,28,037,"Mississippi","Franklin County",1,2,89,47,42
050,28,037,"Mississippi","Franklin County",1,3,71,37,34
050,28,037,"Mississippi","Franklin County",1,4,91,50,41
050,28,037,"Mississippi","Franklin County",1,5,98,50,48
050,28,037,"Mississippi","Franklin County",1,6,79,40,39
050,28,037,"Mississippi","Franklin County",1,7,97,53,44
050,28,037,"Mississippi","Franklin County",1,8,80,38,42
050,28,037,"Mississippi","Franklin County",1,9,95,52,43
050,28,037,"Mississippi","Franklin County",1,10,99,53,46
050,28,037,"Mississippi","Franklin County",1,11,119,67,52
050,28,037,"Mississippi","Franklin County",1,12,112,57,55
050,28,037,"Mississippi","Franklin County",1,13,119,54,65
050,28,037,"Mississippi","Franklin County",1,14,122,57,65
050,28,037,"Mississippi","Franklin County",1,15,105,57,48
050,28,037,"Mississippi","Franklin County",1,16,111,54,57
050,28,037,"Mississippi","Franklin County",1,17,111,59,52
050,28,037,"Mississippi","Franklin County",1,18,83,42,41
050,28,037,"Mississippi","Franklin County",1,19,72,40,32
050,28,037,"Mississippi","Franklin County",1,20,90,47,43
050,28,037,"Mississippi","Franklin County",1,21,93,51,42
050,28,037,"Mississippi","Franklin County",1,22,88,49,39
050,28,037,"Mississippi","Franklin County",1,23,76,43,33
050,28,037,"Mississippi","Franklin County",1,24,76,40,36
050,28,037,"Mississippi","Franklin County",1,25,76,35,41
050,28,037,"Mississippi","Franklin County",1,26,76,37,39
050,28,037,"Mississippi","Franklin County",1,27,82,45,37
050,28,037,"Mississippi","Franklin County",1,28,88,37,51
050,28,037,"Mississippi","Franklin County",1,29,85,42,43
050,28,037,"Mississippi","Franklin County",1,30,82,41,41
050,28,037,"Mississippi","Franklin County",1,31,86,43,43
050,28,037,"Mississippi","Franklin County",1,32,72,43,29
050,28,037,"Mississippi","Franklin County",1,33,65,34,31
050,28,037,"Mississippi","Franklin County",1,34,78,38,40
050,28,037,"Mississippi","Franklin County",1,35,95,50,45
050,28,037,"Mississippi","Franklin County",1,36,82,42,40
050,28,037,"Mississippi","Franklin County",1,37,101,48,53
050,28,037,"Mississippi","Franklin County",1,38,88,35,53
050,28,037,"Mississippi","Franklin County",1,39,77,30,47
050,28,037,"Mississippi","Franklin County",1,40,83,42,41
050,28,037,"Mississippi","Franklin County",1,41,77,37,40
050,28,037,"Mississippi","Franklin County",1,42,91,44,47
050,28,037,"Mississippi","Franklin County",1,43,93,37,56
050,28,037,"Mississippi","Franklin County",1,44,86,39,47
050,28,037,"Mississippi","Franklin County",1,45,91,36,55
050,28,037,"Mississippi","Franklin County",1,46,81,38,43
050,28,037,"Mississippi","Franklin County",1,47,87,39,48
050,28,037,"Mississippi","Franklin County",1,48,94,47,47
050,28,037,"Mississippi","Franklin County",1,49,96,46,50
050,28,037,"Mississippi","Franklin County",1,50,98,54,44
050,28,037,"Mississippi","Franklin County",1,51,109,59,50
050,28,037,"Mississippi","Franklin County",1,52,99,56,43
050,28,037,"Mississippi","Franklin County",1,53,83,37,46
050,28,037,"Mississippi","Franklin County",1,54,86,38,48
050,28,037,"Mississippi","Franklin County",1,55,92,37,55
050,28,037,"Mississippi","Franklin County",1,56,108,52,56
050,28,037,"Mississippi","Franklin County",1,57,111,50,61
050,28,037,"Mississippi","Franklin County",1,58,116,57,59
050,28,037,"Mississippi","Franklin County",1,59,128,59,69
050,28,037,"Mississippi","Franklin County",1,60,124,60,64
050,28,037,"Mississippi","Franklin County",1,61,118,62,56
050,28,037,"Mississippi","Franklin County",1,62,111,56,55
050,28,037,"Mississippi","Franklin County",1,63,117,66,51
050,28,037,"Mississippi","Franklin County",1,64,131,69,62
050,28,037,"Mississippi","Franklin County",1,65,120,66,54
050,28,037,"Mississippi","Franklin County",1,66,122,59,63
050,28,037,"Mississippi","Franklin County",1,67,105,49,56
050,28,037,"Mississippi","Franklin County",1,68,102,53,49
050,28,037,"Mississippi","Franklin County",1,69,80,43,37
050,28,037,"Mississippi","Franklin County",1,70,84,51,33
050,28,037,"Mississippi","Franklin County",1,71,77,40,37
050,28,037,"Mississippi","Franklin County",1,72,82,35,47
050,28,037,"Mississippi","Franklin County",1,73,102,53,49
050,28,037,"Mississippi","Franklin County",1,74,56,27,29
050,28,037,"Mississippi","Franklin County",1,75,57,22,35
050,28,037,"Mississippi","Franklin County",1,76,50,22,28
050,28,037,"Mississippi","Franklin County",1,77,52,24,28
050,28,037,"Mississippi","Franklin County",1,78,59,29,30
050,28,037,"Mississippi","Franklin County",1,79,60,27,33
050,28,037,"Mississippi","Franklin County",1,80,49,21,28
050,28,037,"Mississippi","Franklin County",1,81,50,17,33
050,28,037,"Mississippi","Franklin County",1,82,45,19,26
050,28,037,"Mississippi","Franklin County",1,83,37,17,20
050,28,037,"Mississippi","Franklin County",1,84,31,15,16
050,28,037,"Mississippi","Franklin County",1,85,168,58,110
050,28,037,"Mississippi","Franklin County",2,0,90,46,44
050,28,037,"Mississippi","Franklin County",2,1,89,49,40
050,28,037,"Mississippi","Franklin County",2,2,90,48,42
050,28,037,"Mississippi","Franklin County",2,3,77,41,36
050,28,037,"Mississippi","Franklin County",2,4,87,47,40
050,28,037,"Mississippi","Franklin County",2,5,99,51,48
050,28,037,"Mississippi","Franklin County",2,6,86,44,42
050,28,037,"Mississippi","Franklin County",2,7,91,49,42
050,28,037,"Mississippi","Franklin County",2,8,83,41,42
050,28,037,"Mississippi","Franklin County",2,9,91,49,42
050,28,037,"Mississippi","Franklin County",2,10,99,53,46
050,28,037,"Mississippi","Franklin County",2,11,111,62,49
050,28,037,"Mississippi","Franklin County",2,12,114,59,55
050,28,037,"Mississippi","Franklin County",2,13,118,55,63
050,28,037,"Mississippi","Franklin County",2,14,119,55,64
050,28,037,"Mississippi","Franklin County",2,15,109,57,52
050,28,037,"Mississippi","Franklin County",2,16,108,53,55
050,28,037,"Mississippi","Franklin County",2,17,109,57,52
050,28,037,"Mississippi","Franklin County",2,18,85,45,40
050,28,037,"Mississippi","Franklin County",2,19,71,39,32
050,28,037,"Mississippi","Franklin County",2,20,89,46,43
050,28,037,"Mississippi","Franklin County",2,21,91,49,42
050,28,037,"Mississippi","Franklin County",2,22,90,50,40
050,28,037,"Mississippi","Franklin County",2,23,79,45,34
050,28,037,"Mississippi","Franklin County",2,24,76,41,35
050,28,037,"Mississippi","Franklin County",2,25,74,35,39
050,28,037,"Mississippi","Franklin County",2,26,76,37,39
050,28,037,"Mississippi","Franklin County",2,27,81,42,39
050,28,037,"Mississippi","Franklin County",2,28,87,40,47
050,28,037,"Mississippi","Franklin County",2,29,88,42,46
050,28,037,"Mississippi","Franklin County",2,30,84,42,42
050,28,037,"Mississippi","Franklin County",2,31,85,43,42
050,28,037,"Mississippi","Franklin County",2,32,76,43,33
050,28,037,"Mississippi","Franklin County",2,33,66,36,30
050,28,037,"Mississippi","Franklin County",2,34,76,38,38
050,28,037,"Mississippi","Franklin County",2,35,90,47,43
050,28,037,"Mississippi","Franklin County",2,36,85,44,41
050,28,037,"Mississippi","Franklin County",2,37,96,47,49
050,28,037,"Mississippi","Franklin County",2,38,91,38,53
050,28,037,"Mississippi","Franklin County",2,39,78,31,47
050,28,037,"Mississippi","Franklin County",2,40,82,39,43
050,28,037,"Mississippi","Franklin County",2,41,79,38,41
050,28,037,"Mississippi","Franklin County",2,42,87,42,45
050,28,037,"Mississippi","Franklin County",2,43,92,39,53
050,28,037,"Mississippi","Franklin County",2,44,86,38,48
050,28,037,"Mississippi","Franklin County",2,45,90,37,53
050,28,037,"Mississippi","Franklin County",2,46,81,36,45
050,28,037,"Mississippi","Franklin County",2,47,85,38,47
050,28,037,"Mississippi","Franklin County",2,48,92,45,47
050,28,037,"Mississippi","Franklin County",2,49,96,47,49
050,28,037,"Mississippi","Franklin County",2,50,99,53,46
050,28,037,"Mississippi","Franklin County",2,51,105,57,48
050,28,037,"Mississippi","Franklin County",2,52,100,56,44
050,28,037,"Mississippi","Franklin County",2,53,87,42,45
050,28,037,"Mississippi","Franklin County",2,54,86,38,48
050,28,037,"Mississippi","Franklin County",2,55,89,36,53
050,28,037,"Mississippi","Franklin County",2,56,105,49,56
050,28,037,"Mississippi","Franklin County",2,57,111,51,60
050,28,037,"Mississippi","Franklin County",2,58,114,54,60
050,28,037,"Mississippi","Franklin County",2,59,125,58,67
050,28,037,"Mississippi","Franklin County",2,60,124,59,65
050,28,037,"Mississippi","Franklin County",2,61,119,62,57
050,28,037,"Mississippi","Franklin County",2,62,112,57,55
050,28,037,"Mississippi","Franklin County",2,63,117,65,52
050,28,037,"Mississippi","Franklin County",2,64,124,68,56
050,28,037,"Mississippi","Franklin County",2,65,121,66,55
050,28,037,"Mississippi","Franklin County",2,66,121,60,61
050,28,037,"Mississippi","Franklin County",2,67,108,51,57
050,28,037,"Mississippi","Franklin County",2,68,101,51,50
050,28,037,"Mississippi","Franklin County",2,69,85,46,39
050,28,037,"Mississippi","Franklin County",2,70,84,50,34
050,28,037,"Mississippi","Franklin County",2,71,76,40,36
050,28,037,"Mississippi","Franklin County",2,72,79,36,43
050,28,037,"Mississippi","Franklin County",2,73,100,51,49
050,28,037,"Mississippi","Franklin County",2,74,64,31,33
050,28,037,"Mississippi","Franklin County",2,75,53,22,31
050,28,037,"Mississippi","Franklin County",2,76,52,22,30
050,28,037,"Mississippi","Franklin County",2,77,51,22,29
050,28,037,"Mississippi","Franklin County",2,78,56,28,28
050,28,037,"Mississippi","Franklin County",2,79,61,27,34
050,28,037,"Mississippi","Franklin County",2,80,50,21,29
050,28,037,"Mississippi","Franklin County",2,81,50,18,32
050,28,037,"Mississippi","Franklin County",2,82,45,17,28
050,28,037,"Mississippi","Franklin County",2,83,39,18,21
050,28,037,"Mississippi","Franklin County",2,84,29,14,15
050,28,037,"Mississippi","Franklin County",2,85,169,60,109
050,28,037,"Mississippi","Franklin County",3,0,93,50,43
050,28,037,"Mississippi","Franklin County",3,1,90,46,44
050,28,037,"Mississippi","Franklin County",3,2,88,48,40
050,28,037,"Mississippi","Franklin County",3,3,89,49,40
050,28,037,"Mississippi","Franklin County",3,4,73,38,35
050,28,037,"Mississippi","Franklin County",3,5,89,46,43
050,28,037,"Mississippi","Franklin County",3,6,97,53,44
050,28,037,"Mississippi","Franklin County",3,7,90,49,41
050,28,037,"Mississippi","Franklin County",3,8,90,49,41
050,28,037,"Mississippi","Franklin County",3,9,90,41,49
050,28,037,"Mississippi","Franklin County",3,10,96,50,46
050,28,037,"Mississippi","Franklin County",3,11,102,55,47
050,28,037,"Mississippi","Franklin County",3,12,108,57,51
050,28,037,"Mississippi","Franklin County",3,13,121,64,57
050,28,037,"Mississippi","Franklin County",3,14,117,52,65
050,28,037,"Mississippi","Franklin County",3,15,123,58,65
050,28,037,"Mississippi","Franklin County",3,16,111,60,51
050,28,037,"Mississippi","Franklin County",3,17,116,56,60
050,28,037,"Mississippi","Franklin County",3,18,96,48,48
050,28,037,"Mississippi","Franklin County",3,19,68,34,34
050,28,037,"Mississippi","Franklin County",3,20,73,39,34
050,28,037,"Mississippi","Franklin County",3,21,94,48,46
050,28,037,"Mississippi","Franklin County",3,22,104,59,45
050,28,037,"Mississippi","Franklin County",3,23,92,51,41
050,28,037,"Mississippi","Franklin County",3,24,73,42,31
050,28,037,"Mississippi","Franklin County",3,25,73,39,34
050,28,037,"Mississippi","Franklin County",3,26,69,31,38
050,28,037,"Mississippi","Franklin County",3,27,77,35,42
050,28,037,"Mississippi","Franklin County",3,28,77,41,36
050,28,037,"Mississippi","Franklin County",3,29,94,42,52
050,28,037,"Mississippi","Franklin County",3,30,88,43,45
050,28,037,"Mississippi","Franklin County",3,31,80,38,42
050,28,037,"Mississippi","Franklin County",3,32,83,39,44
050,28,037,"Mississippi","Franklin County",3,33,76,43,33
050,28,037,"Mississippi","Franklin County",3,34,68,33,35
050,28,037,"Mississippi","Franklin County",3,35,74,35,39
050,28,037,"Mississippi","Franklin County",3,36,100,54,46
050,28,037,"Mississippi","Franklin County",3,37,96,48,48
050,28,037,"Mississippi","Franklin County",3,38,95,47,48
050,28,037,"Mississippi","Franklin County",3,39,95,38,57
050,28,037,"Mississippi","Franklin County",3,40,85,34,51
050,28,037,"Mississippi","Franklin County",3,41,87,42,45
050,28,037,"Mississippi","Franklin County",3,42,83,40,43
050,28,037,"Mississippi","Franklin County",3,43,88,43,45
050,28,037,"Mississippi","Franklin County",3,44,95,42,53
050,28,037,"Mississippi","Franklin County",3,45,80,36,44
050,28,037,"Mississippi","Franklin County",3,46,92,38,54
050,28,037,"Mississippi","Franklin County",3,47,77,33,44
050,28,037,"Mississippi","Franklin County",3,48,80,35,45
050,28,037,"Mississippi","Franklin County",3,49,94,47,47
050,28,037,"Mississippi","Franklin County",3,50,92,48,44
050,28,037,"Mississippi","Franklin County",3,51,100,52,48
050,28,037,"Mississippi","Franklin County",3,52,103,56,47
050,28,037,"Mississippi","Franklin County",3,53,99,58,41
050,28,037,"Mississippi","Franklin County",3,54,84,43,41
050,28,037,"Mississippi","Franklin County",3,55,82,37,45
050,28,037,"Mississippi","Franklin County",3,56,88,31,57
050,28,037,"Mississippi","Franklin County",3,57,109,51,58
050,28,037,"Mississippi","Franklin County",3,58,108,50,58
050,28,037,"Mississippi","Franklin County",3,59,108,53,55
050,28,037,"Mississippi","Franklin County",3,60,125,56,69
050,28,037,"Mississippi","Franklin County",3,61,122,60,62
050,28,037,"Mississippi","Franklin County",3,62,123,65,58
050,28,037,"Mississippi","Franklin County",3,63,117,61,56
050,28,037,"Mississippi","Franklin County",3,64,116,62,54
050,28,037,"Mississippi","Franklin County",3,65,128,70,58
050,28,037,"Mississippi","Franklin County",3,66,122,66,56
050,28,037,"Mississippi","Franklin County",3,67,121,58,63
050,28,037,"Mississippi","Franklin County",3,68,108,50,58
050,28,037,"Mississippi","Franklin County",3,69,96,50,46
050,28,037,"Mississippi","Franklin County",3,70,83,48,35
050,28,037,"Mississippi","Franklin County",3,71,82,47,35
050,28,037,"Mississippi","Franklin County",3,72,73,40,33
050,28,037,"Mississippi","Franklin County",3,73,73,31,42
050,28,037,"Mississippi","Franklin County",3,74,101,51,50
050,28,037,"Mississippi","Franklin County",3,75,52,28,24
050,28,037,"Mississippi","Franklin County",3,76,50,21,29
050,28,037,"Mississippi","Franklin County",3,77,45,20,25
050,28,037,"Mississippi","Franklin County",3,78,48,20,28
050,28,037,"Mississippi","Franklin County",3,79,52,26,26
050,28,037,"Mississippi","Franklin County",3,80,56,26,30
050,28,037,"Mississippi","Franklin County",3,81,51,20,31
050,28,037,"Mississippi","Franklin County",3,82,43,15,28
050,28,037,"Mississippi","Franklin County",3,83,44,17,27
050,28,037,"Mississippi","Franklin County",3,84,29,15,14
050,28,037,"Mississippi","Franklin County",3,85,165,54,111
050,28,037,"Mississippi","Franklin County",4,0,89,47,42
050,28,037,"Mississippi","Franklin County",4,1,99,54,45
050,28,037,"Mississippi","Franklin County",4,2,91,43,48
050,28,037,"Mississippi","Franklin County",4,3,85,48,37
050,28,037,"Mississippi","Franklin County",4,4,90,50,40
050,28,037,"Mississippi","Franklin County",4,5,69,35,34
050,28,037,"Mississippi","Franklin County",4,6,89,44,45
050,28,037,"Mississippi","Franklin County",4,7,92,47,45
050,28,037,"Mississippi","Franklin County",4,8,85,46,39
050,28,037,"Mississippi","Franklin County",4,9,87,48,39
050,28,037,"Mississippi","Franklin County",4,10,95,49,46
050,28,037,"Mississippi","Franklin County",4,11,100,54,46
050,28,037,"Mississippi","Franklin County",4,12,98,54,44
050,28,037,"Mississippi","Franklin County",4,13,112,60,52
050,28,037,"Mississippi","Franklin County",4,14,122,66,56
050,28,037,"Mississippi","Franklin County",4,15,121,53,68
050,28,037,"Mississippi","Franklin County",4,16,129,58,71
050,28,037,"Mississippi","Franklin County",4,17,106,57,49
050,28,037,"Mississippi","Franklin County",4,18,95,46,49
050,28,037,"Mississippi","Franklin County",4,19,78,41,37
050,28,037,"Mississippi","Franklin County",4,20,69,33,36
050,28,037,"Mississippi","Franklin County",4,21,70,39,31
050,28,037,"Mississippi","Franklin County",4,22,101,53,48
050,28,037,"Mississippi","Franklin County",4,23,113,64,49
050,28,037,"Mississippi","Franklin County",4,24,82,44,38
050,28,037,"Mississippi","Franklin County",4,25,68,36,32
050,28,037,"Mississippi","Franklin County",4,26,71,41,30
050,28,037,"Mississippi","Franklin County",4,27,68,29,39
050,28,037,"Mississippi","Franklin County",4,28,76,35,41
050,28,037,"Mississippi","Franklin County",4,29,73,39,34
050,28,037,"Mississippi","Franklin County",4,30,94,42,52
050,28,037,"Mississippi","Franklin County",4,31,74,33,41
050,28,037,"Mississippi","Franklin County",4,32,77,39,38
050,28,037,"Mississippi","Franklin County",4,33,84,41,43
050,28,037,"Mississippi","Franklin County",4,34,78,44,34
050,28,037,"Mississippi","Franklin County",4,35,69,34,35
050,28,037,"Mississippi","Franklin County",4,36,75,35,40
050,28,037,"Mississippi","Franklin County",4,37,96,52,44
050,28,037,"Mississippi","Franklin County",4,38,98,47,51
050,28,037,"Mississippi","Franklin County",4,39,89,47,42
050,28,037,"Mississippi","Franklin County",4,40,100,43,57
050,28,037,"Mississippi","Franklin County",4,41,86,34,52
050,28,037,"Mississippi","Franklin County",4,42,88,42,46
050,28,037,"Mississippi","Franklin County",4,43,86,42,44
050,28,037,"Mississippi","Franklin County",4,44,92,46,46
050,28,037,"Mississippi","Franklin County",4,45,91,42,49
050,28,037,"Mississippi","Franklin County",4,46,86,36,50
050,28,037,"Mississippi","Franklin County",4,47,89,38,51
050,28,037,"Mississippi","Franklin County",4,48,74,33,41
050,28,037,"Mississippi","Franklin County",4,49,68,29,39
050,28,037,"Mississippi","Franklin County",4,50,98,50,48
050,28,037,"Mississippi","Franklin County",4,51,90,47,43
050,28,037,"Mississippi","Franklin County",4,52,106,55,51
050,28,037,"Mississippi","Franklin County",4,53,103,57,46
050,28,037,"Mississippi","Franklin County",4,54,102,58,44
050,28,037,"Mississippi","Franklin County",4,55,85,45,40
050,28,037,"Mississippi","Franklin County",4,56,84,39,45
050,28,037,"Mississippi","Franklin County",4,57,88,29,59
050,28,037,"Mississippi","Franklin County",4,58,108,52,56
050,28,037,"Mississippi","Franklin County",4,59,105,47,58
050,28,037,"Mississippi","Franklin County",4,60,111,55,56
050,28,037,"Mississippi","Franklin County",4,61,118,55,63
050,28,037,"Mississippi","Franklin County",4,62,124,61,63
050,28,037,"Mississippi","Franklin County",4,63,126,65,61
050,28,037,"Mississippi","Franklin County",4,64,109,58,51
050,28,037,"Mississippi","Franklin County",4,65,107,58,49
050,28,037,"Mississippi","Franklin County",4,66,123,69,54
050,28,037,"Mississippi","Franklin County",4,67,116,62,54
050,28,037,"Mississippi","Franklin County",4,68,116,53,63
050,28,037,"Mississippi","Franklin County",4,69,104,50,54
050,28,037,"Mississippi","Franklin County",4,70,91,49,42
050,28,037,"Mississippi","Franklin County",4,71,84,48,36
050,28,037,"Mississippi","Franklin County",4,72,77,46,31
050,28,037,"Mississippi","Franklin County",4,73,67,35,32
050,28,037,"Mississippi","Franklin County",4,74,76,29,47
050,28,037,"Mississippi","Franklin County",4,75,92,48,44
050,28,037,"Mississippi","Franklin County",4,76,48,26,22
050,28,037,"Mississippi","Franklin County",4,77,44,20,24
050,28,037,"Mississippi","Franklin County",4,78,45,21,24
050,28,037,"Mississippi","Franklin County",4,79,48,18,30
050,28,037,"Mississippi","Franklin County",4,80,49,24,25
050,28,037,"Mississippi","Franklin County",4,81,58,26,32
050,28,037,"Mississippi","Franklin County",4,82,48,19,29
050,28,037,"Mississippi","Franklin County",4,83,39,12,27
050,28,037,"Mississippi","Franklin County",4,84,38,16,22
050,28,037,"Mississippi","Franklin County",4,85,167,53,114
050,28,037,"Mississippi","Franklin County",5,0,90,47,43
050,28,037,"Mississippi","Franklin County",5,1,96,48,48
050,28,037,"Mississippi","Franklin County",5,2,107,56,51
050,28,037,"Mississippi","Franklin County",5,3,81,39,42
050,28,037,"Mississippi","Franklin County",5,4,97,55,42
050,28,037,"Mississippi","Franklin County",5,5,90,51,39
050,28,037,"Mississippi","Franklin County",5,6,73,41,32
050,28,037,"Mississippi","Franklin County",5,7,92,47,45
050,28,037,"Mississippi","Franklin County",5,8,88,45,43
050,28,037,"Mississippi","Franklin County",5,9,84,48,36
050,28,037,"Mississippi","Franklin County",5,10,89,47,42
050,28,037,"Mississippi","Franklin County",5,11,91,44,47
050,28,037,"Mississippi","Franklin County",5,12,102,54,48
050,28,037,"Mississippi","Franklin County",5,13,104,59,45
050,28,037,"Mississippi","Franklin County",5,14,111,60,51
050,28,037,"Mississippi","Franklin County",5,15,121,65,56
050,28,037,"Mississippi","Franklin County",5,16,120,53,67
050,28,037,"Mississippi","Franklin County",5,17,128,63,65
050,28,037,"Mississippi","Franklin County",5,18,91,51,40
050,28,037,"Mississippi","Franklin County",5,19,77,37,40
050,28,037,"Mississippi","Franklin County",5,20,81,42,39
050,28,037,"Mississippi","Franklin County",5,21,67,33,34
050,28,037,"Mississippi","Franklin County",5,22,78,45,33
050,28,037,"Mississippi","Franklin County",5,23,103,51,52
050,28,037,"Mississippi","Franklin County",5,24,105,56,49
050,28,037,"Mississippi","Franklin County",5,25,86,47,39
050,28,037,"Mississippi","Franklin County",5,26,77,39,38
050,28,037,"Mississippi","Franklin County",5,27,68,38,30
050,28,037,"Mississippi","Franklin County",5,28,79,37,42
050,28,037,"Mississippi","Franklin County",5,29,81,39,42
050,28,037,"Mississippi","Franklin County",5,30,80,40,40
050,28,037,"Mississippi","Franklin County",5,31,93,38,55
050,28,037,"Mississippi","Franklin County",5,32,76,33,43
050,28,037,"Mississippi","Franklin County",5,33,77,40,37
050,28,037,"Mississippi","Franklin County",5,34,81,39,42
050,28,037,"Mississippi","Franklin County",5,35,75,41,34
050,28,037,"Mississippi","Franklin County",5,36,68,35,33
050,28,037,"Mississippi","Franklin County",5,37,74,33,41
050,28,037,"Mississippi","Franklin County",5,38,91,49,42
050,28,037,"Mississippi","Franklin County",5,39,99,49,50
050,28,037,"Mississippi","Franklin County",5,40,89,48,41
050,28,037,"Mississippi","Franklin County",5,41,98,41,57
050,28,037,"Mississippi","Franklin County",5,42,87,32,55
050,28,037,"Mississippi","Franklin County",5,43,78,38,40
050,28,037,"Mississippi","Franklin County",5,44,85,40,45
050,28,037,"Mississippi","Franklin County",5,45,98,49,49
050,28,037,"Mississippi","Franklin County",5,46,90,43,47
050,28,037,"Mississippi","Franklin County",5,47,86,36,50
050,28,037,"Mississippi","Franklin County",5,48,94,41,53
050,28,037,"Mississippi","Franklin County",5,49,78,34,44
050,28,037,"Mississippi","Franklin County",5,50,69,29,40
050,28,037,"Mississippi","Franklin County",5,51,97,48,49
050,28,037,"Mississippi","Franklin County",5,52,91,47,44
050,28,037,"Mississippi","Franklin County",5,53,107,53,54
050,28,037,"Mississippi","Franklin County",5,54,106,57,49
050,28,037,"Mississippi","Franklin County",5,55,105,60,45
050,28,037,"Mississippi","Franklin County",5,56,85,45,40
050,28,037,"Mississippi","Franklin County",5,57,79,36,43
050,28,037,"Mississippi","Franklin County",5,58,85,31,54
050,28,037,"Mississippi","Franklin County",5,59,105,48,57
050,28,037,"Mississippi","Franklin County",5,60,105,45,60
050,28,037,"Mississippi","Franklin County",5,61,111,53,58
050,28,037,"Mississippi","Franklin County",5,62,116,52,64
050,28,037,"Mississippi","Franklin County",5,63,121,59,62
050,28,037,"Mississippi","Franklin County",5,64,123,63,60
050,28,037,"Mississippi","Franklin County",5,65,105,54,51
050,28,037,"Mississippi","Franklin County",5,66,103,57,46
050,28,037,"Mississippi","Franklin County",5,67,124,69,55
050,28,037,"Mississippi","Franklin County",5,68,111,59,52
050,28,037,"Mississippi","Franklin County",5,69,117,56,61
050,28,037,"Mississippi","Franklin County",5,70,100,49,51
050,28,037,"Mississippi","Franklin County",5,71,90,48,42
050,28,037,"Mississippi","Franklin County",5,72,82,49,33
050,28,037,"Mississippi","Franklin County",5,73,70,39,31
050,28,037,"Mississippi","Franklin County",5,74,69,33,36
050,28,037,"Mississippi","Franklin County",5,75,65,27,38
050,28,037,"Mississippi","Franklin County",5,76,88,45,43
050,28,037,"Mississippi","Franklin County",5,77,43,25,18
050,28,037,"Mississippi","Franklin County",5,78,40,19,21
050,28,037,"Mississippi","Franklin County",5,79,45,19,26
050,28,037,"Mississippi","Franklin County",5,80,45,17,28
050,28,037,"Mississippi","Franklin County",5,81,50,24,26
050,28,037,"Mississippi","Franklin County",5,82,55,26,29
050,28,037,"Mississippi","Franklin County",5,83,43,16,27
050,28,037,"Mississippi","Franklin County",5,84,32,10,22
050,28,037,"Mississippi","Franklin County",5,85,174,54,120
050,28,039,"Mississippi","George County",1,0,345,177,168
050,28,039,"Mississippi","George County",1,1,344,178,166
050,28,039,"Mississippi","George County",1,2,355,186,169
050,28,039,"Mississippi","George County",1,3,371,184,187
050,28,039,"Mississippi","George County",1,4,371,175,196
050,28,039,"Mississippi","George County",1,5,385,205,180
050,28,039,"Mississippi","George County",1,6,366,192,174
050,28,039,"Mississippi","George County",1,7,353,178,175
050,28,039,"Mississippi","George County",1,8,360,186,174
050,28,039,"Mississippi","George County",1,9,372,196,176
050,28,039,"Mississippi","George County",1,10,373,192,181
050,28,039,"Mississippi","George County",1,11,361,171,190
050,28,039,"Mississippi","George County",1,12,391,197,194
050,28,039,"Mississippi","George County",1,13,375,173,202
050,28,039,"Mississippi","George County",1,14,368,178,190
050,28,039,"Mississippi","George County",1,15,342,167,175
050,28,039,"Mississippi","George County",1,16,332,159,173
050,28,039,"Mississippi","George County",1,17,326,164,162
050,28,039,"Mississippi","George County",1,18,294,154,140
050,28,039,"Mississippi","George County",1,19,240,132,108
050,28,039,"Mississippi","George County",1,20,269,135,134
050,28,039,"Mississippi","George County",1,21,274,136,138
050,28,039,"Mississippi","George County",1,22,270,139,131
050,28,039,"Mississippi","George County",1,23,298,154,144
050,28,039,"Mississippi","George County",1,24,299,161,138
050,28,039,"Mississippi","George County",1,25,308,164,144
050,28,039,"Mississippi","George County",1,26,350,186,164
050,28,039,"Mississippi","George County",1,27,340,182,158
050,28,039,"Mississippi","George County",1,28,385,205,180
050,28,039,"Mississippi","George County",1,29,384,199,185
050,28,039,"Mississippi","George County",1,30,368,185,183
050,28,039,"Mississippi","George County",1,31,316,163,153
050,28,039,"Mississippi","George County",1,32,279,140,139
050,28,039,"Mississippi","George County",1,33,271,145,126
050,28,039,"Mississippi","George County",1,34,291,146,145
050,28,039,"Mississippi","George County",1,35,291,151,140
050,28,039,"Mississippi","George County",1,36,306,161,145
050,28,039,"Mississippi","George County",1,37,314,173,141
050,28,039,"Mississippi","George County",1,38,293,158,135
050,28,039,"Mississippi","George County",1,39,299,160,139
050,28,039,"Mississippi","George County",1,40,291,162,129
050,28,039,"Mississippi","George County",1,41,294,149,145
050,28,039,"Mississippi","George County",1,42,279,152,127
050,28,039,"Mississippi","George County",1,43,278,148,130
050,28,039,"Mississippi","George County",1,44,276,135,141
050,28,039,"Mississippi","George County",1,45,302,152,150
050,28,039,"Mississippi","George County",1,46,260,128,132
050,28,039,"Mississippi","George County",1,47,272,150,122
050,28,039,"Mississippi","George County",1,48,325,171,154
050,28,039,"Mississippi","George County",1,49,340,181,159
050,28,039,"Mississippi","George County",1,50,309,161,148
050,28,039,"Mississippi","George County",1,51,288,139,149
050,28,039,"Mississippi","George County",1,52,289,148,141
050,28,039,"Mississippi","George County",1,53,310,159,151
050,28,039,"Mississippi","George County",1,54,316,161,155
050,28,039,"Mississippi","George County",1,55,339,167,172
050,28,039,"Mississippi","George County",1,56,342,183,159
050,28,039,"Mississippi","George County",1,57,334,173,161
050,28,039,"Mississippi","George County",1,58,302,155,147
050,28,039,"Mississippi","George County",1,59,296,151,145
050,28,039,"Mississippi","George County",1,60,315,162,153
050,28,039,"Mississippi","George County",1,61,327,167,160
050,28,039,"Mississippi","George County",1,62,289,144,145
050,28,039,"Mississippi","George County",1,63,289,148,141
050,28,039,"Mississippi","George County",1,64,272,132,140
050,28,039,"Mississippi","George County",1,65,272,136,136
050,28,039,"Mississippi","George County",1,66,248,110,138
050,28,039,"Mississippi","George County",1,67,236,98,138
050,28,039,"Mississippi","George County",1,68,228,114,114
050,28,039,"Mississippi","George County",1,69,217,107,110
050,28,039,"Mississippi","George County",1,70,228,104,124
050,28,039,"Mississippi","George County",1,71,227,111,116
050,28,039,"Mississippi","George County",1,72,230,112,118
050,28,039,"Mississippi","George County",1,73,223,104,119
050,28,039,"Mississippi","George County",1,74,176,77,99
050,28,039,"Mississippi","George County",1,75,159,71,88
050,28,039,"Mississippi","George County",1,76,149,78,71
050,28,039,"Mississippi","George County",1,77,150,73,77
050,28,039,"Mississippi","George County",1,78,123,56,67
050,28,039,"Mississippi","George County",1,79,107,45,62
050,28,039,"Mississippi","George County",1,80,97,41,56
050,28,039,"Mississippi","George County",1,81,97,39,58
050,28,039,"Mississippi","George County",1,82,76,32,44
050,28,039,"Mississippi","George County",1,83,77,39,38
050,28,039,"Mississippi","George County",1,84,62,27,35
050,28,039,"Mississippi","George County",1,85,202,84,118
050,28,039,"Mississippi","George County",2,0,336,174,162
050,28,039,"Mississippi","George County",2,1,339,176,163
050,28,039,"Mississippi","George County",2,2,350,183,167
050,28,039,"Mississippi","George County",2,3,365,185,180
050,28,039,"Mississippi","George County",2,4,376,180,196
050,28,039,"Mississippi","George County",2,5,379,196,183
050,28,039,"Mississippi","George County",2,6,370,196,174
050,28,039,"Mississippi","George County",2,7,354,181,173
050,28,039,"Mississippi","George County",2,8,358,185,173
050,28,039,"Mississippi","George County",2,9,368,193,175
050,28,039,"Mississippi","George County",2,10,371,191,180
050,28,039,"Mississippi","George County",2,11,363,176,187
050,28,039,"Mississippi","George County",2,12,382,191,191
050,28,039,"Mississippi","George County",2,13,377,178,199
050,28,039,"Mississippi","George County",2,14,368,176,192
050,28,039,"Mississippi","George County",2,15,349,168,181
050,28,039,"Mississippi","George County",2,16,336,161,175
050,28,039,"Mississippi","George County",2,17,330,165,165
050,28,039,"Mississippi","George County",2,18,284,149,135
050,28,039,"Mississippi","George County",2,19,240,130,110
050,28,039,"Mississippi","George County",2,20,271,139,132
050,28,039,"Mississippi","George County",2,21,274,137,137
050,28,039,"Mississippi","George County",2,22,278,143,135
050,28,039,"Mississippi","George County",2,23,294,152,142
050,28,039,"Mississippi","George County",2,24,300,161,139
050,28,039,"Mississippi","George County",2,25,306,162,144
050,28,039,"Mississippi","George County",2,26,340,181,159
050,28,039,"Mississippi","George County",2,27,339,181,158
050,28,039,"Mississippi","George County",2,28,375,201,174
050,28,039,"Mississippi","George County",2,29,381,197,184
050,28,039,"Mississippi","George County",2,30,371,189,182
050,28,039,"Mississippi","George County",2,31,327,167,160
050,28,039,"Mississippi","George County",2,32,285,144,141
050,28,039,"Mississippi","George County",2,33,272,142,130
050,28,039,"Mississippi","George County",2,34,286,146,140
050,28,039,"Mississippi","George County",2,35,296,153,143
050,28,039,"Mississippi","George County",2,36,300,157,143
050,28,039,"Mississippi","George County",2,37,316,174,142
050,28,039,"Mississippi","George County",2,38,301,165,136
050,28,039,"Mississippi","George County",2,39,294,157,137
050,28,039,"Mississippi","George County",2,40,294,160,134
050,28,039,"Mississippi","George County",2,41,292,153,139
050,28,039,"Mississippi","George County",2,42,281,151,130
050,28,039,"Mississippi","George County",2,43,280,148,132
050,28,039,"Mississippi","George County",2,44,275,139,136
050,28,039,"Mississippi","George County",2,45,293,145,148
050,28,039,"Mississippi","George County",2,46,267,130,137
050,28,039,"Mississippi","George County",2,47,268,143,125
050,28,039,"Mississippi","George County",2,48,313,166,147
050,28,039,"Mississippi","George County",2,49,337,181,156
050,28,039,"Mississippi","George County",2,50,317,166,151
050,28,039,"Mississippi","George County",2,51,295,146,149
050,28,039,"Mississippi","George County",2,52,290,147,143
050,28,039,"Mississippi","George County",2,53,304,157,147
050,28,039,"Mississippi","George County",2,54,315,162,153
050,28,039,"Mississippi","George County",2,55,336,167,169
050,28,039,"Mississippi","George County",2,56,347,183,164
050,28,039,"Mississippi","George County",2,57,337,175,162
050,28,039,"Mississippi","George County",2,58,310,160,150
050,28,039,"Mississippi","George County",2,59,298,152,146
050,28,039,"Mississippi","George County",2,60,312,161,151
050,28,039,"Mississippi","George County",2,61,324,166,158
050,28,039,"Mississippi","George County",2,62,300,150,150
050,28,039,"Mississippi","George County",2,63,292,148,144
050,28,039,"Mississippi","George County",2,64,272,134,138
050,28,039,"Mississippi","George County",2,65,273,136,137
050,28,039,"Mississippi","George County",2,66,253,115,138
050,28,039,"Mississippi","George County",2,67,239,100,139
050,28,039,"Mississippi","George County",2,68,228,109,119
050,28,039,"Mississippi","George County",2,69,222,109,113
050,28,039,"Mississippi","George County",2,70,224,104,120
050,28,039,"Mississippi","George County",2,71,224,108,116
050,28,039,"Mississippi","George County",2,72,226,110,116
050,28,039,"Mississippi","George County",2,73,237,111,126
050,28,039,"Mississippi","George County",2,74,176,78,98
050,28,039,"Mississippi","George County",2,75,162,72,90
050,28,039,"Mississippi","George County",2,76,149,74,75
050,28,039,"Mississippi","George County",2,77,153,76,77
050,28,039,"Mississippi","George County",2,78,126,60,66
050,28,039,"Mississippi","George County",2,79,107,46,61
050,28,039,"Mississippi","George County",2,80,99,41,58
050,28,039,"Mississippi","George County",2,81,93,38,55
050,28,039,"Mississippi","George County",2,82,81,33,48
050,28,039,"Mississippi","George County",2,83,72,35,37
050,28,039,"Mississippi","George County",2,84,65,30,35
050,28,039,"Mississippi","George County",2,85,205,86,119
050,28,039,"Mississippi","George County",3,0,336,172,164
050,28,039,"Mississippi","George County",3,1,356,192,164
050,28,039,"Mississippi","George County",3,2,357,183,174
050,28,039,"Mississippi","George County",3,3,355,186,169
050,28,039,"Mississippi","George County",3,4,378,191,187
050,28,039,"Mississippi","George County",3,5,391,183,208
050,28,039,"Mississippi","George County",3,6,375,193,182
050,28,039,"Mississippi","George County",3,7,379,196,183
050,28,039,"Mississippi","George County",3,8,356,182,174
050,28,039,"Mississippi","George County",3,9,365,187,178
050,28,039,"Mississippi","George County",3,10,374,194,180
050,28,039,"Mississippi","George County",3,11,372,193,179
050,28,039,"Mississippi","George County",3,12,375,180,195
050,28,039,"Mississippi","George County",3,13,383,189,194
050,28,039,"Mississippi","George County",3,14,380,178,202
050,28,039,"Mississippi","George County",3,15,385,183,202
050,28,039,"Mississippi","George County",3,16,360,173,187
050,28,039,"Mississippi","George County",3,17,342,168,174
050,28,039,"Mississippi","George County",3,18,279,147,132
050,28,039,"Mississippi","George County",3,19,235,121,114
050,28,039,"Mississippi","George County",3,20,257,134,123
050,28,039,"Mississippi","George County",3,21,290,149,141
050,28,039,"Mississippi","George County",3,22,321,160,161
050,28,039,"Mississippi","George County",3,23,297,154,143
050,28,039,"Mississippi","George County",3,24,309,155,154
050,28,039,"Mississippi","George County",3,25,306,162,144
050,28,039,"Mississippi","George County",3,26,315,173,142
050,28,039,"Mississippi","George County",3,27,359,187,172
050,28,039,"Mississippi","George County",3,28,357,196,161
050,28,039,"Mississippi","George County",3,29,389,206,183
050,28,039,"Mississippi","George County",3,30,395,205,190
050,28,039,"Mississippi","George County",3,31,384,193,191
050,28,039,"Mississippi","George County",3,32,332,171,161
050,28,039,"Mississippi","George County",3,33,276,134,142
050,28,039,"Mississippi","George County",3,34,292,147,145
050,28,039,"Mississippi","George County",3,35,295,155,140
050,28,039,"Mississippi","George County",3,36,300,155,145
050,28,039,"Mississippi","George County",3,37,296,155,141
050,28,039,"Mississippi","George County",3,38,318,177,141
050,28,039,"Mississippi","George County",3,39,299,160,139
050,28,039,"Mississippi","George County",3,40,294,147,147
050,28,039,"Mississippi","George County",3,41,299,167,132
050,28,039,"Mississippi","George County",3,42,298,155,143
050,28,039,"Mississippi","George County",3,43,284,147,137
050,28,039,"Mississippi","George County",3,44,295,159,136
050,28,039,"Mississippi","George County",3,45,271,137,134
050,28,039,"Mississippi","George County",3,46,287,145,142
050,28,039,"Mississippi","George County",3,47,271,129,142
050,28,039,"Mississippi","George County",3,48,272,144,128
050,28,039,"Mississippi","George County",3,49,316,167,149
050,28,039,"Mississippi","George County",3,50,345,182,163
050,28,039,"Mississippi","George County",3,51,330,167,163
050,28,039,"Mississippi","George County",3,52,290,140,150
050,28,039,"Mississippi","George County",3,53,300,154,146
050,28,039,"Mississippi","George County",3,54,307,159,148
050,28,039,"Mississippi","George County",3,55,321,160,161
050,28,039,"Mississippi","George County",3,56,338,176,162
050,28,039,"Mississippi","George County",3,57,337,169,168
050,28,039,"Mississippi","George County",3,58,340,179,161
050,28,039,"Mississippi","George County",3,59,309,159,150
050,28,039,"Mississippi","George County",3,60,297,152,145
050,28,039,"Mississippi","George County",3,61,307,162,145
050,28,039,"Mississippi","George County",3,62,326,163,163
050,28,039,"Mississippi","George County",3,63,296,148,148
050,28,039,"Mississippi","George County",3,64,280,139,141
050,28,039,"Mississippi","George County",3,65,277,137,140
050,28,039,"Mississippi","George County",3,66,270,133,137
050,28,039,"Mississippi","George County",3,67,249,110,139
050,28,039,"Mississippi","George County",3,68,224,98,126
050,28,039,"Mississippi","George County",3,69,226,103,123
050,28,039,"Mississippi","George County",3,70,213,102,111
050,28,039,"Mississippi","George County",3,71,214,100,114
050,28,039,"Mississippi","George County",3,72,229,111,118
050,28,039,"Mississippi","George County",3,73,215,101,114
050,28,039,"Mississippi","George County",3,74,226,105,121
050,28,039,"Mississippi","George County",3,75,166,77,89
050,28,039,"Mississippi","George County",3,76,147,65,82
050,28,039,"Mississippi","George County",3,77,140,67,73
050,28,039,"Mississippi","George County",3,78,139,70,69
050,28,039,"Mississippi","George County",3,79,112,52,60
050,28,039,"Mississippi","George County",3,80,92,38,54
050,28,039,"Mississippi","George County",3,81,93,38,55
050,28,039,"Mississippi","George County",3,82,86,34,52
050,28,039,"Mississippi","George County",3,83,77,25,52
050,28,039,"Mississippi","George County",3,84,59,34,25
050,28,039,"Mississippi","George County",3,85,204,92,112
050,28,039,"Mississippi","George County",4,0,372,187,185
050,28,039,"Mississippi","George County",4,1,348,178,170
050,28,039,"Mississippi","George County",4,2,366,197,169
050,28,039,"Mississippi","George County",4,3,367,189,178
050,28,039,"Mississippi","George County",4,4,363,184,179
050,28,039,"Mississippi","George County",4,5,383,200,183
050,28,039,"Mississippi","George County",4,6,391,183,208
050,28,039,"Mississippi","George County",4,7,383,198,185
050,28,039,"Mississippi","George County",4,8,395,206,189
050,28,039,"Mississippi","George County",4,9,361,188,173
050,28,039,"Mississippi","George County",4,10,379,189,190
050,28,039,"Mississippi","George County",4,11,369,193,176
050,28,039,"Mississippi","George County",4,12,392,201,191
050,28,039,"Mississippi","George County",4,13,379,185,194
050,28,039,"Mississippi","George County",4,14,408,203,205
050,28,039,"Mississippi","George County",4,15,386,178,208
050,28,039,"Mississippi","George County",4,16,395,183,212
050,28,039,"Mississippi","George County",4,17,366,179,187
050,28,039,"Mississippi","George County",4,18,291,150,141
050,28,039,"Mississippi","George County",4,19,219,117,102
050,28,039,"Mississippi","George County",4,20,261,130,131
050,28,039,"Mississippi","George County",4,21,274,147,127
050,28,039,"Mississippi","George County",4,22,317,165,152
050,28,039,"Mississippi","George County",4,23,352,175,177
050,28,039,"Mississippi","George County",4,24,324,172,152
050,28,039,"Mississippi","George County",4,25,308,165,143
050,28,039,"Mississippi","George County",4,26,310,160,150
050,28,039,"Mississippi","George County",4,27,330,172,158
050,28,039,"Mississippi","George County",4,28,375,201,174
050,28,039,"Mississippi","George County",4,29,361,190,171
050,28,039,"Mississippi","George County",4,30,387,207,180
050,28,039,"Mississippi","George County",4,31,401,213,188
050,28,039,"Mississippi","George County",4,32,390,194,196
050,28,039,"Mississippi","George County",4,33,337,166,171
050,28,039,"Mississippi","George County",4,34,282,138,144
050,28,039,"Mississippi","George County",4,35,313,163,150
050,28,039,"Mississippi","George County",4,36,284,143,141
050,28,039,"Mississippi","George County",4,37,288,152,136
050,28,039,"Mississippi","George County",4,38,308,165,143
050,28,039,"Mississippi","George County",4,39,320,169,151
050,28,039,"Mississippi","George County",4,40,303,158,145
050,28,039,"Mississippi","George County",4,41,313,162,151
050,28,039,"Mississippi","George County",4,42,307,168,139
050,28,039,"Mississippi","George County",4,43,287,146,141
050,28,039,"Mississippi","George County",4,44,298,158,140
050,28,039,"Mississippi","George County",4,45,289,161,128
050,28,039,"Mississippi","George County",4,46,265,130,135
050,28,039,"Mississippi","George County",4,47,294,155,139
050,28,039,"Mississippi","George County",4,48,274,133,141
050,28,039,"Mississippi","George County",4,49,274,144,130
050,28,039,"Mississippi","George County",4,50,321,170,151
050,28,039,"Mississippi","George County",4,51,342,176,166
050,28,039,"Mississippi","George County",4,52,332,168,164
050,28,039,"Mississippi","George County",4,53,290,134,156
050,28,039,"Mississippi","George County",4,54,304,153,151
050,28,039,"Mississippi","George County",4,55,308,155,153
050,28,039,"Mississippi","George County",4,56,324,172,152
050,28,039,"Mississippi","George County",4,57,328,169,159
050,28,039,"Mississippi","George County",4,58,331,166,165
050,28,039,"Mississippi","George County",4,59,347,182,165
050,28,039,"Mississippi","George County",4,60,314,161,153
050,28,039,"Mississippi","George County",4,61,285,147,138
050,28,039,"Mississippi","George County",4,62,307,161,146
050,28,039,"Mississippi","George County",4,63,329,164,165
050,28,039,"Mississippi","George County",4,64,287,137,150
050,28,039,"Mississippi","George County",4,65,280,140,140
050,28,039,"Mississippi","George County",4,66,270,134,136
050,28,039,"Mississippi","George County",4,67,274,140,134
050,28,039,"Mississippi","George County",4,68,235,103,132
050,28,039,"Mississippi","George County",4,69,222,97,125
050,28,039,"Mississippi","George County",4,70,224,105,119
050,28,039,"Mississippi","George County",4,71,202,97,105
050,28,039,"Mississippi","George County",4,72,205,97,108
050,28,039,"Mississippi","George County",4,73,221,106,115
050,28,039,"Mississippi","George County",4,74,205,96,109
050,28,039,"Mississippi","George County",4,75,210,99,111
050,28,039,"Mississippi","George County",4,76,148,66,82
050,28,039,"Mississippi","George County",4,77,142,60,82
050,28,039,"Mississippi","George County",4,78,125,62,63
050,28,039,"Mississippi","George County",4,79,125,63,62
050,28,039,"Mississippi","George County",4,80,109,51,58
050,28,039,"Mississippi","George County",4,81,81,33,48
050,28,039,"Mississippi","George County",4,82,84,34,50
050,28,039,"Mississippi","George County",4,83,78,25,53
050,28,039,"Mississippi","George County",4,84,65,21,44
050,28,039,"Mississippi","George County",4,85,206,95,111
050,28,039,"Mississippi","George County",5,0,386,195,191
050,28,039,"Mississippi","George County",5,1,371,182,189
050,28,039,"Mississippi","George County",5,2,353,184,169
050,28,039,"Mississippi","George County",5,3,376,199,177
050,28,039,"Mississippi","George County",5,4,374,186,188
050,28,039,"Mississippi","George County",5,5,373,187,186
050,28,039,"Mississippi","George County",5,6,385,196,189
050,28,039,"Mississippi","George County",5,7,406,199,207
050,28,039,"Mississippi","George County",5,8,371,194,177
050,28,039,"Mississippi","George County",5,9,400,210,190
050,28,039,"Mississippi","George County",5,10,370,192,178
050,28,039,"Mississippi","George County",5,11,381,193,188
050,28,039,"Mississippi","George County",5,12,369,195,174
050,28,039,"Mississippi","George County",5,13,389,201,188
050,28,039,"Mississippi","George County",5,14,387,185,202
050,28,039,"Mississippi","George County",5,15,419,202,217
050,28,039,"Mississippi","George County",5,16,386,177,209
050,28,039,"Mississippi","George County",5,17,397,184,213
050,28,039,"Mississippi","George County",5,18,309,157,152
050,28,039,"Mississippi","George County",5,19,225,119,106
050,28,039,"Mississippi","George County",5,20,238,123,115
050,28,039,"Mississippi","George County",5,21,278,140,138
050,28,039,"Mississippi","George County",5,22,312,165,147
050,28,039,"Mississippi","George County",5,23,354,183,171
050,28,039,"Mississippi","George County",5,24,360,181,179
050,28,039,"Mississippi","George County",5,25,335,177,158
050,28,039,"Mississippi","George County",5,26,320,176,144
050,28,039,"Mississippi","George County",5,27,321,162,159
050,28,039,"Mississippi","George County",5,28,339,181,158
050,28,039,"Mississippi","George County",5,29,376,192,184
050,28,039,"Mississippi","George County",5,30,363,194,169
050,28,039,"Mississippi","George County",5,31,400,208,192
050,28,039,"Mississippi","George County",5,32,394,208,186
050,28,039,"Mississippi","George County",5,33,391,189,202
050,28,039,"Mississippi","George County",5,34,342,176,166
050,28,039,"Mississippi","George County",5,35,310,163,147
050,28,039,"Mississippi","George County",5,36,317,161,156
050,28,039,"Mississippi","George County",5,37,296,144,152
050,28,039,"Mississippi","George County",5,38,300,159,141
050,28,039,"Mississippi","George County",5,39,320,169,151
050,28,039,"Mississippi","George County",5,40,314,165,149
050,28,039,"Mississippi","George County",5,41,317,168,149
050,28,039,"Mississippi","George County",5,42,319,168,151
050,28,039,"Mississippi","George County",5,43,297,155,142
050,28,039,"Mississippi","George County",5,44,302,161,141
050,28,039,"Mississippi","George County",5,45,298,161,137
050,28,039,"Mississippi","George County",5,46,292,159,133
050,28,039,"Mississippi","George County",5,47,284,144,140
050,28,039,"Mississippi","George County",5,48,302,154,148
050,28,039,"Mississippi","George County",5,49,265,130,135
050,28,039,"Mississippi","George County",5,50,277,148,129
050,28,039,"Mississippi","George County",5,51,329,175,154
050,28,039,"Mississippi","George County",5,52,343,177,166
050,28,039,"Mississippi","George County",5,53,343,170,173
050,28,039,"Mississippi","George County",5,54,294,135,159
050,28,039,"Mississippi","George County",5,55,302,151,151
050,28,039,"Mississippi","George County",5,56,314,163,151
050,28,039,"Mississippi","George County",5,57,324,172,152
050,28,039,"Mississippi","George County",5,58,328,171,157
050,28,039,"Mississippi","George County",5,59,330,165,165
050,28,039,"Mississippi","George County",5,60,343,177,166
050,28,039,"Mississippi","George County",5,61,302,154,148
050,28,039,"Mississippi","George County",5,62,296,148,148
050,28,039,"Mississippi","George County",5,63,296,156,140
050,28,039,"Mississippi","George County",5,64,332,164,168
050,28,039,"Mississippi","George County",5,65,286,135,151
050,28,039,"Mississippi","George County",5,66,280,140,140
050,28,039,"Mississippi","George County",5,67,265,131,134
050,28,039,"Mississippi","George County",5,68,269,145,124
050,28,039,"Mississippi","George County",5,69,233,97,136
050,28,039,"Mississippi","George County",5,70,215,95,120
050,28,039,"Mississippi","George County",5,71,214,101,113
050,28,039,"Mississippi","George County",5,72,195,95,100
050,28,039,"Mississippi","George County",5,73,202,94,108
050,28,039,"Mississippi","George County",5,74,206,94,112
050,28,039,"Mississippi","George County",5,75,192,90,102
050,28,039,"Mississippi","George County",5,76,188,90,98
050,28,039,"Mississippi","George County",5,77,141,61,80
050,28,039,"Mississippi","George County",5,78,132,56,76
050,28,039,"Mississippi","George County",5,79,116,57,59
050,28,039,"Mississippi","George County",5,80,121,63,58
050,28,039,"Mississippi","George County",5,81,93,41,52
050,28,039,"Mississippi","George County",5,82,73,28,45
050,28,039,"Mississippi","George County",5,83,77,25,52
050,28,039,"Mississippi","George County",5,84,66,24,42
050,28,039,"Mississippi","George County",5,85,219,93,126
050,28,041,"Mississippi","Greene County",1,0,123,63,60
050,28,041,"Mississippi","Greene County",1,1,148,73,75
050,28,041,"Mississippi","Greene County",1,2,154,74,80
050,28,041,"Mississippi","Greene County",1,3,153,67,86
050,28,041,"Mississippi","Greene County",1,4,121,57,64
050,28,041,"Mississippi","Greene County",1,5,110,58,52
050,28,041,"Mississippi","Greene County",1,6,117,62,55
050,28,041,"Mississippi","Greene County",1,7,124,66,58
050,28,041,"Mississippi","Greene County",1,8,123,67,56
050,28,041,"Mississippi","Greene County",1,9,138,68,70
050,28,041,"Mississippi","Greene County",1,10,146,69,77
050,28,041,"Mississippi","Greene County",1,11,144,70,74
050,28,041,"Mississippi","Greene County",1,12,165,81,84
050,28,041,"Mississippi","Greene County",1,13,171,86,85
050,28,041,"Mississippi","Greene County",1,14,164,79,85
050,28,041,"Mississippi","Greene County",1,15,176,87,89
050,28,041,"Mississippi","Greene County",1,16,162,89,73
050,28,041,"Mississippi","Greene County",1,17,158,85,73
050,28,041,"Mississippi","Greene County",1,18,132,76,56
050,28,041,"Mississippi","Greene County",1,19,118,67,51
050,28,041,"Mississippi","Greene County",1,20,123,66,57
050,28,041,"Mississippi","Greene County",1,21,157,89,68
050,28,041,"Mississippi","Greene County",1,22,185,139,46
050,28,041,"Mississippi","Greene County",1,23,220,170,50
050,28,041,"Mississippi","Greene County",1,24,254,184,70
050,28,041,"Mississippi","Greene County",1,25,220,145,75
050,28,041,"Mississippi","Greene County",1,26,239,167,72
050,28,041,"Mississippi","Greene County",1,27,239,167,72
050,28,041,"Mississippi","Greene County",1,28,252,174,78
050,28,041,"Mississippi","Greene County",1,29,240,158,82
050,28,041,"Mississippi","Greene County",1,30,245,173,72
050,28,041,"Mississippi","Greene County",1,31,206,146,60
050,28,041,"Mississippi","Greene County",1,32,219,158,61
050,28,041,"Mississippi","Greene County",1,33,231,169,62
050,28,041,"Mississippi","Greene County",1,34,189,130,59
050,28,041,"Mississippi","Greene County",1,35,175,117,58
050,28,041,"Mississippi","Greene County",1,36,187,124,63
050,28,041,"Mississippi","Greene County",1,37,201,136,65
050,28,041,"Mississippi","Greene County",1,38,211,141,70
050,28,041,"Mississippi","Greene County",1,39,202,139,63
050,28,041,"Mississippi","Greene County",1,40,190,121,69
050,28,041,"Mississippi","Greene County",1,41,193,115,78
050,28,041,"Mississippi","Greene County",1,42,176,108,68
050,28,041,"Mississippi","Greene County",1,43,203,128,75
050,28,041,"Mississippi","Greene County",1,44,212,144,68
050,28,041,"Mississippi","Greene County",1,45,199,126,73
050,28,041,"Mississippi","Greene County",1,46,206,134,72
050,28,041,"Mississippi","Greene County",1,47,193,127,66
050,28,041,"Mississippi","Greene County",1,48,201,126,75
050,28,041,"Mississippi","Greene County",1,49,201,125,76
050,28,041,"Mississippi","Greene County",1,50,204,121,83
050,28,041,"Mississippi","Greene County",1,51,196,126,70
050,28,041,"Mississippi","Greene County",1,52,166,109,57
050,28,041,"Mississippi","Greene County",1,53,159,93,66
050,28,041,"Mississippi","Greene County",1,54,163,88,75
050,28,041,"Mississippi","Greene County",1,55,162,92,70
050,28,041,"Mississippi","Greene County",1,56,144,79,65
050,28,041,"Mississippi","Greene County",1,57,159,82,77
050,28,041,"Mississippi","Greene County",1,58,168,87,81
050,28,041,"Mississippi","Greene County",1,59,180,98,82
050,28,041,"Mississippi","Greene County",1,60,152,81,71
050,28,041,"Mississippi","Greene County",1,61,157,84,73
050,28,041,"Mississippi","Greene County",1,62,159,86,73
050,28,041,"Mississippi","Greene County",1,63,164,75,89
050,28,041,"Mississippi","Greene County",1,64,132,64,68
050,28,041,"Mississippi","Greene County",1,65,139,70,69
050,28,041,"Mississippi","Greene County",1,66,133,69,64
050,28,041,"Mississippi","Greene County",1,67,132,67,65
050,28,041,"Mississippi","Greene County",1,68,116,59,57
050,28,041,"Mississippi","Greene County",1,69,114,55,59
050,28,041,"Mississippi","Greene County",1,70,129,57,72
050,28,041,"Mississippi","Greene County",1,71,112,57,55
050,28,041,"Mississippi","Greene County",1,72,117,63,54
050,28,041,"Mississippi","Greene County",1,73,125,58,67
050,28,041,"Mississippi","Greene County",1,74,96,38,58
050,28,041,"Mississippi","Greene County",1,75,86,41,45
050,28,041,"Mississippi","Greene County",1,76,87,42,45
050,28,041,"Mississippi","Greene County",1,77,75,38,37
050,28,041,"Mississippi","Greene County",1,78,64,32,32
050,28,041,"Mississippi","Greene County",1,79,60,22,38
050,28,041,"Mississippi","Greene County",1,80,67,28,39
050,28,041,"Mississippi","Greene County",1,81,77,38,39
050,28,041,"Mississippi","Greene County",1,82,50,20,30
050,28,041,"Mississippi","Greene County",1,83,48,16,32
050,28,041,"Mississippi","Greene County",1,84,39,15,24
050,28,041,"Mississippi","Greene County",1,85,193,70,123
050,28,041,"Mississippi","Greene County",2,0,133,73,60
050,28,041,"Mississippi","Greene County",2,1,141,69,72
050,28,041,"Mississippi","Greene County",2,2,153,72,81
050,28,041,"Mississippi","Greene County",2,3,153,69,84
050,28,041,"Mississippi","Greene County",2,4,130,60,70
050,28,041,"Mississippi","Greene County",2,5,114,59,55
050,28,041,"Mississippi","Greene County",2,6,115,60,55
050,28,041,"Mississippi","Greene County",2,7,121,65,56
050,28,041,"Mississippi","Greene County",2,8,123,66,57
050,28,041,"Mississippi","Greene County",2,9,135,68,67
050,28,041,"Mississippi","Greene County",2,10,144,69,75
050,28,041,"Mississippi","Greene County",2,11,143,69,74
050,28,041,"Mississippi","Greene County",2,12,162,79,83
050,28,041,"Mississippi","Greene County",2,13,169,85,84
050,28,041,"Mississippi","Greene County",2,14,165,81,84
050,28,041,"Mississippi","Greene County",2,15,172,85,87
050,28,041,"Mississippi","Greene County",2,16,165,89,76
050,28,041,"Mississippi","Greene County",2,17,158,86,72
050,28,041,"Mississippi","Greene County",2,18,131,74,57
050,28,041,"Mississippi","Greene County",2,19,117,67,50
050,28,041,"Mississippi","Greene County",2,20,126,68,58
050,28,041,"Mississippi","Greene County",2,21,153,87,66
050,28,041,"Mississippi","Greene County",2,22,195,143,52
050,28,041,"Mississippi","Greene County",2,23,218,167,51
050,28,041,"Mississippi","Greene County",2,24,250,183,67
050,28,041,"Mississippi","Greene County",2,25,223,149,74
050,28,041,"Mississippi","Greene County",2,26,236,164,72
050,28,041,"Mississippi","Greene County",2,27,241,169,72
050,28,041,"Mississippi","Greene County",2,28,249,173,76
050,28,041,"Mississippi","Greene County",2,29,241,160,81
050,28,041,"Mississippi","Greene County",2,30,247,173,74
050,28,041,"Mississippi","Greene County",2,31,212,149,63
050,28,041,"Mississippi","Greene County",2,32,216,156,60
050,28,041,"Mississippi","Greene County",2,33,230,168,62
050,28,041,"Mississippi","Greene County",2,34,192,133,59
050,28,041,"Mississippi","Greene County",2,35,176,117,59
050,28,041,"Mississippi","Greene County",2,36,186,125,61
050,28,041,"Mississippi","Greene County",2,37,198,134,64
050,28,041,"Mississippi","Greene County",2,38,208,140,68
050,28,041,"Mississippi","Greene County",2,39,204,140,64
050,28,041,"Mississippi","Greene County",2,40,193,125,68
050,28,041,"Mississippi","Greene County",2,41,189,113,76
050,28,041,"Mississippi","Greene County",2,42,178,108,70
050,28,041,"Mississippi","Greene County",2,43,198,125,73
050,28,041,"Mississippi","Greene County",2,44,211,142,69
050,28,041,"Mississippi","Greene County",2,45,202,129,73
050,28,041,"Mississippi","Greene County",2,46,204,133,71
050,28,041,"Mississippi","Greene County",2,47,192,125,67
050,28,041,"Mississippi","Greene County",2,48,197,126,71
050,28,041,"Mississippi","Greene County",2,49,198,121,77
050,28,041,"Mississippi","Greene County",2,50,202,120,82
050,28,041,"Mississippi","Greene County",2,51,198,126,72
050,28,041,"Mississippi","Greene County",2,52,171,111,60
050,28,041,"Mississippi","Greene County",2,53,159,95,64
050,28,041,"Mississippi","Greene County",2,54,160,88,72
050,28,041,"Mississippi","Greene County",2,55,162,90,72
050,28,041,"Mississippi","Greene County",2,56,148,82,66
050,28,041,"Mississippi","Greene County",2,57,158,83,75
050,28,041,"Mississippi","Greene County",2,58,163,83,80
050,28,041,"Mississippi","Greene County",2,59,177,96,81
050,28,041,"Mississippi","Greene County",2,60,156,82,74
050,28,041,"Mississippi","Greene County",2,61,156,84,72
050,28,041,"Mississippi","Greene County",2,62,157,84,73
050,28,041,"Mississippi","Greene County",2,63,162,77,85
050,28,041,"Mississippi","Greene County",2,64,138,66,72
050,28,041,"Mississippi","Greene County",2,65,136,68,68
050,28,041,"Mississippi","Greene County",2,66,135,68,67
050,28,041,"Mississippi","Greene County",2,67,132,68,64
050,28,041,"Mississippi","Greene County",2,68,118,60,58
050,28,041,"Mississippi","Greene County",2,69,115,57,58
050,28,041,"Mississippi","Greene County",2,70,124,57,67
050,28,041,"Mississippi","Greene County",2,71,117,57,60
050,28,041,"Mississippi","Greene County",2,72,112,59,53
050,28,041,"Mississippi","Greene County",2,73,126,60,66
050,28,041,"Mississippi","Greene County",2,74,99,41,58
050,28,041,"Mississippi","Greene County",2,75,88,41,47
050,28,041,"Mississippi","Greene County",2,76,87,42,45
050,28,041,"Mississippi","Greene County",2,77,79,40,39
050,28,041,"Mississippi","Greene County",2,78,64,32,32
050,28,041,"Mississippi","Greene County",2,79,59,24,35
050,28,041,"Mississippi","Greene County",2,80,63,25,38
050,28,041,"Mississippi","Greene County",2,81,76,36,40
050,28,041,"Mississippi","Greene County",2,82,56,24,32
050,28,041,"Mississippi","Greene County",2,83,47,17,30
050,28,041,"Mississippi","Greene County",2,84,41,15,26
050,28,041,"Mississippi","Greene County",2,85,190,70,120
050,28,041,"Mississippi","Greene County",3,0,126,57,69
050,28,041,"Mississippi","Greene County",3,1,133,70,63
050,28,041,"Mississippi","Greene County",3,2,146,72,74
050,28,041,"Mississippi","Greene County",3,3,146,71,75
050,28,041,"Mississippi","Greene County",3,4,153,71,82
050,28,041,"Mississippi","Greene County",3,5,130,61,69
050,28,041,"Mississippi","Greene County",3,6,111,58,53
050,28,041,"Mississippi","Greene County",3,7,118,60,58
050,28,041,"Mississippi","Greene County",3,8,119,65,54
050,28,041,"Mississippi","Greene County",3,9,127,66,61
050,28,041,"Mississippi","Greene County",3,10,141,75,66
050,28,041,"Mississippi","Greene County",3,11,147,73,74
050,28,041,"Mississippi","Greene County",3,12,151,71,80
050,28,041,"Mississippi","Greene County",3,13,161,77,84
050,28,041,"Mississippi","Greene County",3,14,167,82,85
050,28,041,"Mississippi","Greene County",3,15,166,84,82
050,28,041,"Mississippi","Greene County",3,16,164,81,83
050,28,041,"Mississippi","Greene County",3,17,160,88,72
050,28,041,"Mississippi","Greene County",3,18,132,72,60
050,28,041,"Mississippi","Greene County",3,19,105,58,47
050,28,041,"Mississippi","Greene County",3,20,129,75,54
050,28,041,"Mississippi","Greene County",3,21,156,93,63
050,28,041,"Mississippi","Greene County",3,22,221,156,65
050,28,041,"Mississippi","Greene County",3,23,224,163,61
050,28,041,"Mississippi","Greene County",3,24,220,171,49
050,28,041,"Mississippi","Greene County",3,25,228,157,71
050,28,041,"Mississippi","Greene County",3,26,232,162,70
050,28,041,"Mississippi","Greene County",3,27,248,175,73
050,28,041,"Mississippi","Greene County",3,28,249,172,77
050,28,041,"Mississippi","Greene County",3,29,229,155,74
050,28,041,"Mississippi","Greene County",3,30,252,177,75
050,28,041,"Mississippi","Greene County",3,31,239,165,74
050,28,041,"Mississippi","Greene County",3,32,213,150,63
050,28,041,"Mississippi","Greene County",3,33,228,162,66
050,28,041,"Mississippi","Greene County",3,34,208,147,61
050,28,041,"Mississippi","Greene County",3,35,184,123,61
050,28,041,"Mississippi","Greene County",3,36,186,126,60
050,28,041,"Mississippi","Greene County",3,37,186,125,61
050,28,041,"Mississippi","Greene County",3,38,207,142,65
050,28,041,"Mississippi","Greene County",3,39,213,146,67
050,28,041,"Mississippi","Greene County",3,40,199,138,61
050,28,041,"Mississippi","Greene County",3,41,188,117,71
050,28,041,"Mississippi","Greene County",3,42,182,107,75
050,28,041,"Mississippi","Greene County",3,43,181,116,65
050,28,041,"Mississippi","Greene County",3,44,212,141,71
050,28,041,"Mississippi","Greene County",3,45,209,139,70
050,28,041,"Mississippi","Greene County",3,46,209,139,70
050,28,041,"Mississippi","Greene County",3,47,196,123,73
050,28,041,"Mississippi","Greene County",3,48,191,128,63
050,28,041,"Mississippi","Greene County",3,49,190,115,75
050,28,041,"Mississippi","Greene County",3,50,194,112,82
050,28,041,"Mississippi","Greene County",3,51,211,129,82
050,28,041,"Mississippi","Greene County",3,52,195,117,78
050,28,041,"Mississippi","Greene County",3,53,162,101,61
050,28,041,"Mississippi","Greene County",3,54,159,95,64
050,28,041,"Mississippi","Greene County",3,55,155,86,69
050,28,041,"Mississippi","Greene County",3,56,168,90,78
050,28,041,"Mississippi","Greene County",3,57,156,86,70
050,28,041,"Mississippi","Greene County",3,58,157,79,78
050,28,041,"Mississippi","Greene County",3,59,175,91,84
050,28,041,"Mississippi","Greene County",3,60,170,92,78
050,28,041,"Mississippi","Greene County",3,61,158,84,74
050,28,041,"Mississippi","Greene County",3,62,161,87,74
050,28,041,"Mississippi","Greene County",3,63,154,76,78
050,28,041,"Mississippi","Greene County",3,64,158,73,85
050,28,041,"Mississippi","Greene County",3,65,136,64,72
050,28,041,"Mississippi","Greene County",3,66,134,64,70
050,28,041,"Mississippi","Greene County",3,67,131,68,63
050,28,041,"Mississippi","Greene County",3,68,131,65,66
050,28,041,"Mississippi","Greene County",3,69,119,61,58
050,28,041,"Mississippi","Greene County",3,70,110,55,55
050,28,041,"Mississippi","Greene County",3,71,126,57,69
050,28,041,"Mississippi","Greene County",3,72,107,52,55
050,28,041,"Mississippi","Greene County",3,73,108,57,51
050,28,041,"Mississippi","Greene County",3,74,124,55,69
050,28,041,"Mississippi","Greene County",3,75,92,37,55
050,28,041,"Mississippi","Greene County",3,76,86,37,49
050,28,041,"Mississippi","Greene County",3,77,74,35,39
050,28,041,"Mississippi","Greene County",3,78,76,38,38
050,28,041,"Mississippi","Greene County",3,79,59,30,29
050,28,041,"Mississippi","Greene County",3,80,56,24,32
050,28,041,"Mississippi","Greene County",3,81,69,26,43
050,28,041,"Mississippi","Greene County",3,82,63,30,33
050,28,041,"Mississippi","Greene County",3,83,51,20,31
050,28,041,"Mississippi","Greene County",3,84,48,17,31
050,28,041,"Mississippi","Greene County",3,85,203,70,133
050,28,041,"Mississippi","Greene County",4,0,137,76,61
050,28,041,"Mississippi","Greene County",4,1,120,50,70
050,28,041,"Mississippi","Greene County",4,2,135,73,62
050,28,041,"Mississippi","Greene County",4,3,149,74,75
050,28,041,"Mississippi","Greene County",4,4,142,69,73
050,28,041,"Mississippi","Greene County",4,5,150,69,81
050,28,041,"Mississippi","Greene County",4,6,130,60,70
050,28,041,"Mississippi","Greene County",4,7,112,56,56
050,28,041,"Mississippi","Greene County",4,8,117,60,57
050,28,041,"Mississippi","Greene County",4,9,121,68,53
050,28,041,"Mississippi","Greene County",4,10,127,66,61
050,28,041,"Mississippi","Greene County",4,11,138,73,65
050,28,041,"Mississippi","Greene County",4,12,145,73,72
050,28,041,"Mississippi","Greene County",4,13,141,71,70
050,28,041,"Mississippi","Greene County",4,14,151,68,83
050,28,041,"Mississippi","Greene County",4,15,164,86,78
050,28,041,"Mississippi","Greene County",4,16,165,82,83
050,28,041,"Mississippi","Greene County",4,17,168,86,82
050,28,041,"Mississippi","Greene County",4,18,131,71,60
050,28,041,"Mississippi","Greene County",4,19,94,50,44
050,28,041,"Mississippi","Greene County",4,20,112,60,52
050,28,041,"Mississippi","Greene County",4,21,145,93,52
050,28,041,"Mississippi","Greene County",4,22,231,162,69
050,28,041,"Mississippi","Greene County",4,23,240,170,70
050,28,041,"Mississippi","Greene County",4,24,237,179,58
050,28,041,"Mississippi","Greene County",4,25,192,147,45
050,28,041,"Mississippi","Greene County",4,26,232,165,67
050,28,041,"Mississippi","Greene County",4,27,236,169,67
050,28,041,"Mississippi","Greene County",4,28,245,174,71
050,28,041,"Mississippi","Greene County",4,29,245,162,83
050,28,041,"Mississippi","Greene County",4,30,243,170,73
050,28,041,"Mississippi","Greene County",4,31,241,167,74
050,28,041,"Mississippi","Greene County",4,32,243,166,77
050,28,041,"Mississippi","Greene County",4,33,216,153,63
050,28,041,"Mississippi","Greene County",4,34,200,138,62
050,28,041,"Mississippi","Greene County",4,35,194,132,62
050,28,041,"Mississippi","Greene County",4,36,193,131,62
050,28,041,"Mississippi","Greene County",4,37,189,127,62
050,28,041,"Mississippi","Greene County",4,38,179,122,57
050,28,041,"Mississippi","Greene County",4,39,205,142,63
050,28,041,"Mississippi","Greene County",4,40,204,140,64
050,28,041,"Mississippi","Greene County",4,41,183,129,54
050,28,041,"Mississippi","Greene County",4,42,190,119,71
050,28,041,"Mississippi","Greene County",4,43,180,107,73
050,28,041,"Mississippi","Greene County",4,44,195,132,63
050,28,041,"Mississippi","Greene County",4,45,207,137,70
050,28,041,"Mississippi","Greene County",4,46,217,148,69
050,28,041,"Mississippi","Greene County",4,47,199,127,72
050,28,041,"Mississippi","Greene County",4,48,199,125,74
050,28,041,"Mississippi","Greene County",4,49,177,112,65
050,28,041,"Mississippi","Greene County",4,50,187,113,74
050,28,041,"Mississippi","Greene County",4,51,198,120,78
050,28,041,"Mississippi","Greene County",4,52,198,117,81
050,28,041,"Mississippi","Greene County",4,53,182,106,76
050,28,041,"Mississippi","Greene County",4,54,156,97,59
050,28,041,"Mississippi","Greene County",4,55,156,90,66
050,28,041,"Mississippi","Greene County",4,56,156,86,70
050,28,041,"Mississippi","Greene County",4,57,170,92,78
050,28,041,"Mississippi","Greene County",4,58,146,76,70
050,28,041,"Mississippi","Greene County",4,59,154,77,77
050,28,041,"Mississippi","Greene County",4,60,163,81,82
050,28,041,"Mississippi","Greene County",4,61,163,87,76
050,28,041,"Mississippi","Greene County",4,62,161,84,77
050,28,041,"Mississippi","Greene County",4,63,153,82,71
050,28,041,"Mississippi","Greene County",4,64,146,72,74
050,28,041,"Mississippi","Greene County",4,65,159,76,83
050,28,041,"Mississippi","Greene County",4,66,134,61,73
050,28,041,"Mississippi","Greene County",4,67,129,65,64
050,28,041,"Mississippi","Greene County",4,68,130,65,65
050,28,041,"Mississippi","Greene County",4,69,131,63,68
050,28,041,"Mississippi","Greene County",4,70,115,63,52
050,28,041,"Mississippi","Greene County",4,71,116,58,58
050,28,041,"Mississippi","Greene County",4,72,115,52,63
050,28,041,"Mississippi","Greene County",4,73,100,49,51
050,28,041,"Mississippi","Greene County",4,74,106,54,52
050,28,041,"Mississippi","Greene County",4,75,118,53,65
050,28,041,"Mississippi","Greene County",4,76,92,35,57
050,28,041,"Mississippi","Greene County",4,77,79,33,46
050,28,041,"Mississippi","Greene County",4,78,72,35,37
050,28,041,"Mississippi","Greene County",4,79,74,37,37
050,28,041,"Mississippi","Greene County",4,80,58,31,27
050,28,041,"Mississippi","Greene County",4,81,59,26,33
050,28,041,"Mississippi","Greene County",4,82,62,23,39
050,28,041,"Mississippi","Greene County",4,83,55,25,30
050,28,041,"Mississippi","Greene County",4,84,49,20,29
050,28,041,"Mississippi","Greene County",4,85,218,70,148
050,28,041,"Mississippi","Greene County",5,0,132,71,61
050,28,041,"Mississippi","Greene County",5,1,134,73,61
050,28,041,"Mississippi","Greene County",5,2,120,51,69
050,28,041,"Mississippi","Greene County",5,3,139,76,63
050,28,041,"Mississippi","Greene County",5,4,150,78,72
050,28,041,"Mississippi","Greene County",5,5,142,71,71
050,28,041,"Mississippi","Greene County",5,6,152,74,78
050,28,041,"Mississippi","Greene County",5,7,130,60,70
050,28,041,"Mississippi","Greene County",5,8,114,59,55
050,28,041,"Mississippi","Greene County",5,9,121,60,61
050,28,041,"Mississippi","Greene County",5,10,130,74,56
050,28,041,"Mississippi","Greene County",5,11,129,71,58
050,28,041,"Mississippi","Greene County",5,12,141,71,70
050,28,041,"Mississippi","Greene County",5,13,146,73,73
050,28,041,"Mississippi","Greene County",5,14,139,67,72
050,28,041,"Mississippi","Greene County",5,15,149,67,82
050,28,041,"Mississippi","Greene County",5,16,154,77,77
050,28,041,"Mississippi","Greene County",5,17,171,86,85
050,28,041,"Mississippi","Greene County",5,18,134,70,64
050,28,041,"Mississippi","Greene County",5,19,105,56,49
050,28,041,"Mississippi","Greene County",5,20,107,58,49
050,28,041,"Mississippi","Greene County",5,21,138,83,55
050,28,041,"Mississippi","Greene County",5,22,227,163,64
050,28,041,"Mississippi","Greene County",5,23,257,181,76
050,28,041,"Mississippi","Greene County",5,24,254,180,74
050,28,041,"Mississippi","Greene County",5,25,205,142,63
050,28,041,"Mississippi","Greene County",5,26,210,162,48
050,28,041,"Mississippi","Greene County",5,27,230,171,59
050,28,041,"Mississippi","Greene County",5,28,231,171,60
050,28,041,"Mississippi","Greene County",5,29,240,167,73
050,28,041,"Mississippi","Greene County",5,30,255,175,80
050,28,041,"Mississippi","Greene County",5,31,235,164,71
050,28,041,"Mississippi","Greene County",5,32,246,172,74
050,28,041,"Mississippi","Greene County",5,33,251,173,78
050,28,041,"Mississippi","Greene County",5,34,194,131,63
050,28,041,"Mississippi","Greene County",5,35,181,120,61
050,28,041,"Mississippi","Greene County",5,36,198,139,59
050,28,041,"Mississippi","Greene County",5,37,204,138,66
050,28,041,"Mississippi","Greene County",5,38,182,121,61
050,28,041,"Mississippi","Greene County",5,39,181,125,56
050,28,041,"Mississippi","Greene County",5,40,189,131,58
050,28,041,"Mississippi","Greene County",5,41,199,129,70
050,28,041,"Mississippi","Greene County",5,42,179,123,56
050,28,041,"Mississippi","Greene County",5,43,189,118,71
050,28,041,"Mississippi","Greene County",5,44,194,121,73
050,28,041,"Mississippi","Greene County",5,45,192,130,62
050,28,041,"Mississippi","Greene County",5,46,220,149,71
050,28,041,"Mississippi","Greene County",5,47,211,139,72
050,28,041,"Mississippi","Greene County",5,48,199,128,71
050,28,041,"Mississippi","Greene County",5,49,181,110,71
050,28,041,"Mississippi","Greene County",5,50,168,108,60
050,28,041,"Mississippi","Greene County",5,51,190,118,72
050,28,041,"Mississippi","Greene County",5,52,191,111,80
050,28,041,"Mississippi","Greene County",5,53,181,103,78
050,28,041,"Mississippi","Greene County",5,54,177,103,74
050,28,041,"Mississippi","Greene County",5,55,150,88,62
050,28,041,"Mississippi","Greene County",5,56,158,87,71
050,28,041,"Mississippi","Greene County",5,57,158,89,69
050,28,041,"Mississippi","Greene County",5,58,165,84,81
050,28,041,"Mississippi","Greene County",5,59,146,80,66
050,28,041,"Mississippi","Greene County",5,60,137,62,75
050,28,041,"Mississippi","Greene County",5,61,157,82,75
050,28,041,"Mississippi","Greene County",5,62,158,81,77
050,28,041,"Mississippi","Greene County",5,63,157,82,75
050,28,041,"Mississippi","Greene County",5,64,152,82,70
050,28,041,"Mississippi","Greene County",5,65,149,75,74
050,28,041,"Mississippi","Greene County",5,66,160,75,85
050,28,041,"Mississippi","Greene County",5,67,135,64,71
050,28,041,"Mississippi","Greene County",5,68,124,59,65
050,28,041,"Mississippi","Greene County",5,69,133,66,67
050,28,041,"Mississippi","Greene County",5,70,132,68,64
050,28,041,"Mississippi","Greene County",5,71,118,65,53
050,28,041,"Mississippi","Greene County",5,72,107,55,52
050,28,041,"Mississippi","Greene County",5,73,114,51,63
050,28,041,"Mississippi","Greene County",5,74,98,47,51
050,28,041,"Mississippi","Greene County",5,75,98,51,47
050,28,041,"Mississippi","Greene County",5,76,118,50,68
050,28,041,"Mississippi","Greene County",5,77,84,32,52
050,28,041,"Mississippi","Greene County",5,78,76,32,44
050,28,041,"Mississippi","Greene County",5,79,70,34,36
050,28,041,"Mississippi","Greene County",5,80,71,37,34
050,28,041,"Mississippi","Greene County",5,81,64,34,30
050,28,041,"Mississippi","Greene County",5,82,53,24,29
050,28,041,"Mississippi","Greene County",5,83,55,18,37
050,28,041,"Mississippi","Greene County",5,84,52,24,28
050,28,041,"Mississippi","Greene County",5,85,234,73,161
050,28,043,"Mississippi","Grenada County",1,0,258,131,127
050,28,043,"Mississippi","Grenada County",1,1,249,120,129
050,28,043,"Mississippi","Grenada County",1,2,279,148,131
050,28,043,"Mississippi","Grenada County",1,3,271,142,129
050,28,043,"Mississippi","Grenada County",1,4,262,128,134
050,28,043,"Mississippi","Grenada County",1,5,288,151,137
050,28,043,"Mississippi","Grenada County",1,6,288,163,125
050,28,043,"Mississippi","Grenada County",1,7,287,146,141
050,28,043,"Mississippi","Grenada County",1,8,285,154,131
050,28,043,"Mississippi","Grenada County",1,9,273,137,136
050,28,043,"Mississippi","Grenada County",1,10,303,138,165
050,28,043,"Mississippi","Grenada County",1,11,322,162,160
050,28,043,"Mississippi","Grenada County",1,12,310,153,157
050,28,043,"Mississippi","Grenada County",1,13,334,181,153
050,28,043,"Mississippi","Grenada County",1,14,312,161,151
050,28,043,"Mississippi","Grenada County",1,15,298,156,142
050,28,043,"Mississippi","Grenada County",1,16,302,159,143
050,28,043,"Mississippi","Grenada County",1,17,287,149,138
050,28,043,"Mississippi","Grenada County",1,18,255,121,134
050,28,043,"Mississippi","Grenada County",1,19,223,112,111
050,28,043,"Mississippi","Grenada County",1,20,225,119,106
050,28,043,"Mississippi","Grenada County",1,21,222,113,109
050,28,043,"Mississippi","Grenada County",1,22,250,115,135
050,28,043,"Mississippi","Grenada County",1,23,245,118,127
050,28,043,"Mississippi","Grenada County",1,24,259,136,123
050,28,043,"Mississippi","Grenada County",1,25,273,134,139
050,28,043,"Mississippi","Grenada County",1,26,289,143,146
050,28,043,"Mississippi","Grenada County",1,27,285,133,152
050,28,043,"Mississippi","Grenada County",1,28,318,150,168
050,28,043,"Mississippi","Grenada County",1,29,290,131,159
050,28,043,"Mississippi","Grenada County",1,30,298,131,167
050,28,043,"Mississippi","Grenada County",1,31,260,119,141
050,28,043,"Mississippi","Grenada County",1,32,231,104,127
050,28,043,"Mississippi","Grenada County",1,33,235,108,127
050,28,043,"Mississippi","Grenada County",1,34,241,118,123
050,28,043,"Mississippi","Grenada County",1,35,248,121,127
050,28,043,"Mississippi","Grenada County",1,36,226,93,133
050,28,043,"Mississippi","Grenada County",1,37,256,131,125
050,28,043,"Mississippi","Grenada County",1,38,233,111,122
050,28,043,"Mississippi","Grenada County",1,39,259,125,134
050,28,043,"Mississippi","Grenada County",1,40,256,126,130
050,28,043,"Mississippi","Grenada County",1,41,246,117,129
050,28,043,"Mississippi","Grenada County",1,42,258,124,134
050,28,043,"Mississippi","Grenada County",1,43,239,106,133
050,28,043,"Mississippi","Grenada County",1,44,240,116,124
050,28,043,"Mississippi","Grenada County",1,45,252,120,132
050,28,043,"Mississippi","Grenada County",1,46,261,120,141
050,28,043,"Mississippi","Grenada County",1,47,240,106,134
050,28,043,"Mississippi","Grenada County",1,48,260,127,133
050,28,043,"Mississippi","Grenada County",1,49,289,138,151
050,28,043,"Mississippi","Grenada County",1,50,307,144,163
050,28,043,"Mississippi","Grenada County",1,51,266,129,137
050,28,043,"Mississippi","Grenada County",1,52,267,122,145
050,28,043,"Mississippi","Grenada County",1,53,267,126,141
050,28,043,"Mississippi","Grenada County",1,54,292,142,150
050,28,043,"Mississippi","Grenada County",1,55,308,149,159
050,28,043,"Mississippi","Grenada County",1,56,284,140,144
050,28,043,"Mississippi","Grenada County",1,57,283,131,152
050,28,043,"Mississippi","Grenada County",1,58,316,159,157
050,28,043,"Mississippi","Grenada County",1,59,277,129,148
050,28,043,"Mississippi","Grenada County",1,60,295,145,150
050,28,043,"Mississippi","Grenada County",1,61,312,160,152
050,28,043,"Mississippi","Grenada County",1,62,285,146,139
050,28,043,"Mississippi","Grenada County",1,63,280,122,158
050,28,043,"Mississippi","Grenada County",1,64,260,115,145
050,28,043,"Mississippi","Grenada County",1,65,271,126,145
050,28,043,"Mississippi","Grenada County",1,66,275,126,149
050,28,043,"Mississippi","Grenada County",1,67,249,108,141
050,28,043,"Mississippi","Grenada County",1,68,245,116,129
050,28,043,"Mississippi","Grenada County",1,69,250,114,136
050,28,043,"Mississippi","Grenada County",1,70,246,110,136
050,28,043,"Mississippi","Grenada County",1,71,231,102,129
050,28,043,"Mississippi","Grenada County",1,72,227,101,126
050,28,043,"Mississippi","Grenada County",1,73,215,108,107
050,28,043,"Mississippi","Grenada County",1,74,169,78,91
050,28,043,"Mississippi","Grenada County",1,75,163,69,94
050,28,043,"Mississippi","Grenada County",1,76,169,64,105
050,28,043,"Mississippi","Grenada County",1,77,156,72,84
050,28,043,"Mississippi","Grenada County",1,78,132,58,74
050,28,043,"Mississippi","Grenada County",1,79,123,48,75
050,28,043,"Mississippi","Grenada County",1,80,101,35,66
050,28,043,"Mississippi","Grenada County",1,81,96,39,57
050,28,043,"Mississippi","Grenada County",1,82,107,41,66
050,28,043,"Mississippi","Grenada County",1,83,79,27,52
050,28,043,"Mississippi","Grenada County",1,84,80,33,47
050,28,043,"Mississippi","Grenada County",1,85,376,127,249
050,28,043,"Mississippi","Grenada County",2,0,248,122,126
050,28,043,"Mississippi","Grenada County",2,1,253,123,130
050,28,043,"Mississippi","Grenada County",2,2,271,140,131
050,28,043,"Mississippi","Grenada County",2,3,273,144,129
050,28,043,"Mississippi","Grenada County",2,4,265,131,134
050,28,043,"Mississippi","Grenada County",2,5,281,145,136
050,28,043,"Mississippi","Grenada County",2,6,290,162,128
050,28,043,"Mississippi","Grenada County",2,7,286,150,136
050,28,043,"Mississippi","Grenada County",2,8,285,151,134
050,28,043,"Mississippi","Grenada County",2,9,277,141,136
050,28,043,"Mississippi","Grenada County",2,10,295,137,158
050,28,043,"Mississippi","Grenada County",2,11,315,155,160
050,28,043,"Mississippi","Grenada County",2,12,316,156,160
050,28,043,"Mississippi","Grenada County",2,13,327,173,154
050,28,043,"Mississippi","Grenada County",2,14,317,165,152
050,28,043,"Mississippi","Grenada County",2,15,300,156,144
050,28,043,"Mississippi","Grenada County",2,16,305,161,144
050,28,043,"Mississippi","Grenada County",2,17,292,152,140
050,28,043,"Mississippi","Grenada County",2,18,251,123,128
050,28,043,"Mississippi","Grenada County",2,19,224,110,114
050,28,043,"Mississippi","Grenada County",2,20,230,120,110
050,28,043,"Mississippi","Grenada County",2,21,221,113,108
050,28,043,"Mississippi","Grenada County",2,22,243,114,129
050,28,043,"Mississippi","Grenada County",2,23,245,117,128
050,28,043,"Mississippi","Grenada County",2,24,254,131,123
050,28,043,"Mississippi","Grenada County",2,25,270,134,136
050,28,043,"Mississippi","Grenada County",2,26,285,141,144
050,28,043,"Mississippi","Grenada County",2,27,284,134,150
050,28,043,"Mississippi","Grenada County",2,28,307,143,164
050,28,043,"Mississippi","Grenada County",2,29,295,134,161
050,28,043,"Mississippi","Grenada County",2,30,302,131,171
050,28,043,"Mississippi","Grenada County",2,31,268,122,146
050,28,043,"Mississippi","Grenada County",2,32,238,107,131
050,28,043,"Mississippi","Grenada County",2,33,232,107,125
050,28,043,"Mississippi","Grenada County",2,34,238,114,124
050,28,043,"Mississippi","Grenada County",2,35,252,124,128
050,28,043,"Mississippi","Grenada County",2,36,229,98,131
050,28,043,"Mississippi","Grenada County",2,37,253,124,129
050,28,043,"Mississippi","Grenada County",2,38,236,113,123
050,28,043,"Mississippi","Grenada County",2,39,251,121,130
050,28,043,"Mississippi","Grenada County",2,40,258,126,132
050,28,043,"Mississippi","Grenada County",2,41,247,118,129
050,28,043,"Mississippi","Grenada County",2,42,250,118,132
050,28,043,"Mississippi","Grenada County",2,43,247,112,135
050,28,043,"Mississippi","Grenada County",2,44,236,111,125
050,28,043,"Mississippi","Grenada County",2,45,251,120,131
050,28,043,"Mississippi","Grenada County",2,46,258,119,139
050,28,043,"Mississippi","Grenada County",2,47,245,111,134
050,28,043,"Mississippi","Grenada County",2,48,256,122,134
050,28,043,"Mississippi","Grenada County",2,49,283,135,148
050,28,043,"Mississippi","Grenada County",2,50,299,141,158
050,28,043,"Mississippi","Grenada County",2,51,273,131,142
050,28,043,"Mississippi","Grenada County",2,52,265,123,142
050,28,043,"Mississippi","Grenada County",2,53,266,124,142
050,28,043,"Mississippi","Grenada County",2,54,283,137,146
050,28,043,"Mississippi","Grenada County",2,55,305,147,158
050,28,043,"Mississippi","Grenada County",2,56,291,143,148
050,28,043,"Mississippi","Grenada County",2,57,284,133,151
050,28,043,"Mississippi","Grenada County",2,58,310,155,155
050,28,043,"Mississippi","Grenada County",2,59,285,135,150
050,28,043,"Mississippi","Grenada County",2,60,290,141,149
050,28,043,"Mississippi","Grenada County",2,61,306,155,151
050,28,043,"Mississippi","Grenada County",2,62,288,147,141
050,28,043,"Mississippi","Grenada County",2,63,282,128,154
050,28,043,"Mississippi","Grenada County",2,64,264,116,148
050,28,043,"Mississippi","Grenada County",2,65,266,121,145
050,28,043,"Mississippi","Grenada County",2,66,276,126,150
050,28,043,"Mississippi","Grenada County",2,67,252,111,141
050,28,043,"Mississippi","Grenada County",2,68,239,110,129
050,28,043,"Mississippi","Grenada County",2,69,251,116,135
050,28,043,"Mississippi","Grenada County",2,70,245,109,136
050,28,043,"Mississippi","Grenada County",2,71,235,105,130
050,28,043,"Mississippi","Grenada County",2,72,227,101,126
050,28,043,"Mississippi","Grenada County",2,73,227,111,116
050,28,043,"Mississippi","Grenada County",2,74,166,78,88
050,28,043,"Mississippi","Grenada County",2,75,162,70,92
050,28,043,"Mississippi","Grenada County",2,76,167,65,102
050,28,043,"Mississippi","Grenada County",2,77,161,71,90
050,28,043,"Mississippi","Grenada County",2,78,131,57,74
050,28,043,"Mississippi","Grenada County",2,79,119,47,72
050,28,043,"Mississippi","Grenada County",2,80,103,37,66
050,28,043,"Mississippi","Grenada County",2,81,88,35,53
050,28,043,"Mississippi","Grenada County",2,82,105,40,65
050,28,043,"Mississippi","Grenada County",2,83,80,30,50
050,28,043,"Mississippi","Grenada County",2,84,77,30,47
050,28,043,"Mississippi","Grenada County",2,85,374,126,248
050,28,043,"Mississippi","Grenada County",3,0,249,123,126
050,28,043,"Mississippi","Grenada County",3,1,241,118,123
050,28,043,"Mississippi","Grenada County",3,2,248,120,128
050,28,043,"Mississippi","Grenada County",3,3,273,142,131
050,28,043,"Mississippi","Grenada County",3,4,290,144,146
050,28,043,"Mississippi","Grenada County",3,5,274,138,136
050,28,043,"Mississippi","Grenada County",3,6,272,142,130
050,28,043,"Mississippi","Grenada County",3,7,281,155,126
050,28,043,"Mississippi","Grenada County",3,8,288,150,138
050,28,043,"Mississippi","Grenada County",3,9,313,166,147
050,28,043,"Mississippi","Grenada County",3,10,278,143,135
050,28,043,"Mississippi","Grenada County",3,11,289,132,157
050,28,043,"Mississippi","Grenada County",3,12,320,159,161
050,28,043,"Mississippi","Grenada County",3,13,313,150,163
050,28,043,"Mississippi","Grenada County",3,14,320,164,156
050,28,043,"Mississippi","Grenada County",3,15,326,165,161
050,28,043,"Mississippi","Grenada County",3,16,294,152,142
050,28,043,"Mississippi","Grenada County",3,17,303,164,139
050,28,043,"Mississippi","Grenada County",3,18,257,135,122
050,28,043,"Mississippi","Grenada County",3,19,203,95,108
050,28,043,"Mississippi","Grenada County",3,20,229,111,118
050,28,043,"Mississippi","Grenada County",3,21,226,124,102
050,28,043,"Mississippi","Grenada County",3,22,233,109,124
050,28,043,"Mississippi","Grenada County",3,23,252,117,135
050,28,043,"Mississippi","Grenada County",3,24,232,116,116
050,28,043,"Mississippi","Grenada County",3,25,266,135,131
050,28,043,"Mississippi","Grenada County",3,26,261,121,140
050,28,043,"Mississippi","Grenada County",3,27,283,136,147
050,28,043,"Mississippi","Grenada County",3,28,259,129,130
050,28,043,"Mississippi","Grenada County",3,29,298,144,154
050,28,043,"Mississippi","Grenada County",3,30,313,143,170
050,28,043,"Mississippi","Grenada County",3,31,296,131,165
050,28,043,"Mississippi","Grenada County",3,32,265,118,147
050,28,043,"Mississippi","Grenada County",3,33,241,108,133
050,28,043,"Mississippi","Grenada County",3,34,223,103,120
050,28,043,"Mississippi","Grenada County",3,35,244,119,125
050,28,043,"Mississippi","Grenada County",3,36,246,120,126
050,28,043,"Mississippi","Grenada County",3,37,235,108,127
050,28,043,"Mississippi","Grenada County",3,38,246,117,129
050,28,043,"Mississippi","Grenada County",3,39,236,114,122
050,28,043,"Mississippi","Grenada County",3,40,252,122,130
050,28,043,"Mississippi","Grenada County",3,41,260,131,129
050,28,043,"Mississippi","Grenada County",3,42,233,110,123
050,28,043,"Mississippi","Grenada County",3,43,252,123,129
050,28,043,"Mississippi","Grenada County",3,44,239,103,136
050,28,043,"Mississippi","Grenada County",3,45,226,104,122
050,28,043,"Mississippi","Grenada County",3,46,248,117,131
050,28,043,"Mississippi","Grenada County",3,47,253,119,134
050,28,043,"Mississippi","Grenada County",3,48,239,107,132
050,28,043,"Mississippi","Grenada County",3,49,252,116,136
050,28,043,"Mississippi","Grenada County",3,50,288,142,146
050,28,043,"Mississippi","Grenada County",3,51,288,137,151
050,28,043,"Mississippi","Grenada County",3,52,279,129,150
050,28,043,"Mississippi","Grenada County",3,53,272,129,143
050,28,043,"Mississippi","Grenada County",3,54,262,126,136
050,28,043,"Mississippi","Grenada County",3,55,281,133,148
050,28,043,"Mississippi","Grenada County",3,56,302,150,152
050,28,043,"Mississippi","Grenada County",3,57,284,140,144
050,28,043,"Mississippi","Grenada County",3,58,288,141,147
050,28,043,"Mississippi","Grenada County",3,59,289,137,152
050,28,043,"Mississippi","Grenada County",3,60,269,120,149
050,28,043,"Mississippi","Grenada County",3,61,279,140,139
050,28,043,"Mississippi","Grenada County",3,62,289,148,141
050,28,043,"Mississippi","Grenada County",3,63,276,141,135
050,28,043,"Mississippi","Grenada County",3,64,279,126,153
050,28,043,"Mississippi","Grenada County",3,65,258,110,148
050,28,043,"Mississippi","Grenada County",3,66,251,120,131
050,28,043,"Mississippi","Grenada County",3,67,267,122,145
050,28,043,"Mississippi","Grenada County",3,68,241,108,133
050,28,043,"Mississippi","Grenada County",3,69,230,107,123
050,28,043,"Mississippi","Grenada County",3,70,240,111,129
050,28,043,"Mississippi","Grenada County",3,71,231,99,132
050,28,043,"Mississippi","Grenada County",3,72,234,102,132
050,28,043,"Mississippi","Grenada County",3,73,219,97,122
050,28,043,"Mississippi","Grenada County",3,74,203,97,106
050,28,043,"Mississippi","Grenada County",3,75,161,78,83
050,28,043,"Mississippi","Grenada County",3,76,166,71,95
050,28,043,"Mississippi","Grenada County",3,77,155,61,94
050,28,043,"Mississippi","Grenada County",3,78,141,62,79
050,28,043,"Mississippi","Grenada County",3,79,122,57,65
050,28,043,"Mississippi","Grenada County",3,80,106,40,66
050,28,043,"Mississippi","Grenada County",3,81,96,35,61
050,28,043,"Mississippi","Grenada County",3,82,85,30,55
050,28,043,"Mississippi","Grenada County",3,83,90,36,54
050,28,043,"Mississippi","Grenada County",3,84,69,24,45
050,28,043,"Mississippi","Grenada County",3,85,370,128,242
050,28,043,"Mississippi","Grenada County",4,0,239,102,137
050,28,043,"Mississippi","Grenada County",4,1,248,125,123
050,28,043,"Mississippi","Grenada County",4,2,249,121,128
050,28,043,"Mississippi","Grenada County",4,3,233,116,117
050,28,043,"Mississippi","Grenada County",4,4,281,144,137
050,28,043,"Mississippi","Grenada County",4,5,295,141,154
050,28,043,"Mississippi","Grenada County",4,6,272,129,143
050,28,043,"Mississippi","Grenada County",4,7,272,144,128
050,28,043,"Mississippi","Grenada County",4,8,291,165,126
050,28,043,"Mississippi","Grenada County",4,9,292,153,139
050,28,043,"Mississippi","Grenada County",4,10,310,169,141
050,28,043,"Mississippi","Grenada County",4,11,272,141,131
050,28,043,"Mississippi","Grenada County",4,12,281,127,154
050,28,043,"Mississippi","Grenada County",4,13,324,159,165
050,28,043,"Mississippi","Grenada County",4,14,310,151,159
050,28,043,"Mississippi","Grenada County",4,15,328,172,156
050,28,043,"Mississippi","Grenada County",4,16,328,165,163
050,28,043,"Mississippi","Grenada County",4,17,293,151,142
050,28,043,"Mississippi","Grenada County",4,18,252,142,110
050,28,043,"Mississippi","Grenada County",4,19,200,104,96
050,28,043,"Mississippi","Grenada County",4,20,208,99,109
050,28,043,"Mississippi","Grenada County",4,21,225,112,113
050,28,043,"Mississippi","Grenada County",4,22,224,119,105
050,28,043,"Mississippi","Grenada County",4,23,248,116,132
050,28,043,"Mississippi","Grenada County",4,24,264,127,137
050,28,043,"Mississippi","Grenada County",4,25,233,114,119
050,28,043,"Mississippi","Grenada County",4,26,259,136,123
050,28,043,"Mississippi","Grenada County",4,27,267,126,141
050,28,043,"Mississippi","Grenada County",4,28,283,140,143
050,28,043,"Mississippi","Grenada County",4,29,243,113,130
050,28,043,"Mississippi","Grenada County",4,30,309,144,165
050,28,043,"Mississippi","Grenada County",4,31,308,145,163
050,28,043,"Mississippi","Grenada County",4,32,302,135,167
050,28,043,"Mississippi","Grenada County",4,33,256,109,147
050,28,043,"Mississippi","Grenada County",4,34,237,103,134
050,28,043,"Mississippi","Grenada County",4,35,232,105,127
050,28,043,"Mississippi","Grenada County",4,36,238,114,124
050,28,043,"Mississippi","Grenada County",4,37,262,136,126
050,28,043,"Mississippi","Grenada County",4,38,220,99,121
050,28,043,"Mississippi","Grenada County",4,39,233,111,122
050,28,043,"Mississippi","Grenada County",4,40,235,114,121
050,28,043,"Mississippi","Grenada County",4,41,247,114,133
050,28,043,"Mississippi","Grenada County",4,42,266,137,129
050,28,043,"Mississippi","Grenada County",4,43,239,115,124
050,28,043,"Mississippi","Grenada County",4,44,256,127,129
050,28,043,"Mississippi","Grenada County",4,45,230,97,133
050,28,043,"Mississippi","Grenada County",4,46,220,100,120
050,28,043,"Mississippi","Grenada County",4,47,242,118,124
050,28,043,"Mississippi","Grenada County",4,48,253,114,139
050,28,043,"Mississippi","Grenada County",4,49,232,104,128
050,28,043,"Mississippi","Grenada County",4,50,247,112,135
050,28,043,"Mississippi","Grenada County",4,51,277,135,142
050,28,043,"Mississippi","Grenada County",4,52,285,138,147
050,28,043,"Mississippi","Grenada County",4,53,262,127,135
050,28,043,"Mississippi","Grenada County",4,54,269,126,143
050,28,043,"Mississippi","Grenada County",4,55,260,122,138
050,28,043,"Mississippi","Grenada County",4,56,274,130,144
050,28,043,"Mississippi","Grenada County",4,57,299,145,154
050,28,043,"Mississippi","Grenada County",4,58,294,152,142
050,28,043,"Mississippi","Grenada County",4,59,262,122,140
050,28,043,"Mississippi","Grenada County",4,60,284,134,150
050,28,043,"Mississippi","Grenada County",4,61,278,120,158
050,28,043,"Mississippi","Grenada County",4,62,272,136,136
050,28,043,"Mississippi","Grenada County",4,63,281,139,142
050,28,043,"Mississippi","Grenada County",4,64,286,140,146
050,28,043,"Mississippi","Grenada County",4,65,270,125,145
050,28,043,"Mississippi","Grenada County",4,66,250,108,142
050,28,043,"Mississippi","Grenada County",4,67,250,119,131
050,28,043,"Mississippi","Grenada County",4,68,248,117,131
050,28,043,"Mississippi","Grenada County",4,69,230,100,130
050,28,043,"Mississippi","Grenada County",4,70,222,102,120
050,28,043,"Mississippi","Grenada County",4,71,232,105,127
050,28,043,"Mississippi","Grenada County",4,72,228,95,133
050,28,043,"Mississippi","Grenada County",4,73,222,97,125
050,28,043,"Mississippi","Grenada County",4,74,198,88,110
050,28,043,"Mississippi","Grenada County",4,75,195,92,103
050,28,043,"Mississippi","Grenada County",4,76,158,75,83
050,28,043,"Mississippi","Grenada County",4,77,154,65,89
050,28,043,"Mississippi","Grenada County",4,78,135,49,86
050,28,043,"Mississippi","Grenada County",4,79,136,62,74
050,28,043,"Mississippi","Grenada County",4,80,107,52,55
050,28,043,"Mississippi","Grenada County",4,81,101,38,63
050,28,043,"Mississippi","Grenada County",4,82,98,34,64
050,28,043,"Mississippi","Grenada County",4,83,71,27,44
050,28,043,"Mississippi","Grenada County",4,84,84,32,52
050,28,043,"Mississippi","Grenada County",4,85,374,128,246
050,28,043,"Mississippi","Grenada County",5,0,230,96,134
050,28,043,"Mississippi","Grenada County",5,1,250,110,140
050,28,043,"Mississippi","Grenada County",5,2,250,130,120
050,28,043,"Mississippi","Grenada County",5,3,258,130,128
050,28,043,"Mississippi","Grenada County",5,4,245,127,118
050,28,043,"Mississippi","Grenada County",5,5,297,158,139
050,28,043,"Mississippi","Grenada County",5,6,290,138,152
050,28,043,"Mississippi","Grenada County",5,7,275,134,141
050,28,043,"Mississippi","Grenada County",5,8,275,147,128
050,28,043,"Mississippi","Grenada County",5,9,288,163,125
050,28,043,"Mississippi","Grenada County",5,10,283,152,131
050,28,043,"Mississippi","Grenada County",5,11,309,161,148
050,28,043,"Mississippi","Grenada County",5,12,273,137,136
050,28,043,"Mississippi","Grenada County",5,13,290,129,161
050,28,043,"Mississippi","Grenada County",5,14,326,166,160
050,28,043,"Mississippi","Grenada County",5,15,318,152,166
050,28,043,"Mississippi","Grenada County",5,16,330,171,159
050,28,043,"Mississippi","Grenada County",5,17,330,165,165
050,28,043,"Mississippi","Grenada County",5,18,246,133,113
050,28,043,"Mississippi","Grenada County",5,19,206,112,94
050,28,043,"Mississippi","Grenada County",5,20,215,109,106
050,28,043,"Mississippi","Grenada County",5,21,201,101,100
050,28,043,"Mississippi","Grenada County",5,22,238,110,128
050,28,043,"Mississippi","Grenada County",5,23,229,119,110
050,28,043,"Mississippi","Grenada County",5,24,259,124,135
050,28,043,"Mississippi","Grenada County",5,25,273,128,145
050,28,043,"Mississippi","Grenada County",5,26,217,108,109
050,28,043,"Mississippi","Grenada County",5,27,257,132,125
050,28,043,"Mississippi","Grenada County",5,28,262,124,138
050,28,043,"Mississippi","Grenada County",5,29,282,148,134
050,28,043,"Mississippi","Grenada County",5,30,247,114,133
050,28,043,"Mississippi","Grenada County",5,31,319,154,165
050,28,043,"Mississippi","Grenada County",5,32,294,137,157
050,28,043,"Mississippi","Grenada County",5,33,291,128,163
050,28,043,"Mississippi","Grenada County",5,34,261,113,148
050,28,043,"Mississippi","Grenada County",5,35,242,111,131
050,28,043,"Mississippi","Grenada County",5,36,238,104,134
050,28,043,"Mississippi","Grenada County",5,37,244,125,119
050,28,043,"Mississippi","Grenada County",5,38,239,119,120
050,28,043,"Mississippi","Grenada County",5,39,218,101,117
050,28,043,"Mississippi","Grenada County",5,40,243,115,128
050,28,043,"Mississippi","Grenada County",5,41,237,115,122
050,28,043,"Mississippi","Grenada County",5,42,258,123,135
050,28,043,"Mississippi","Grenada County",5,43,259,137,122
050,28,043,"Mississippi","Grenada County",5,44,244,112,132
050,28,043,"Mississippi","Grenada County",5,45,256,124,132
050,28,043,"Mississippi","Grenada County",5,46,245,109,136
050,28,043,"Mississippi","Grenada County",5,47,220,96,124
050,28,043,"Mississippi","Grenada County",5,48,238,117,121
050,28,043,"Mississippi","Grenada County",5,49,241,108,133
050,28,043,"Mississippi","Grenada County",5,50,229,107,122
050,28,043,"Mississippi","Grenada County",5,51,244,111,133
050,28,043,"Mississippi","Grenada County",5,52,273,134,139
050,28,043,"Mississippi","Grenada County",5,53,274,131,143
050,28,043,"Mississippi","Grenada County",5,54,263,124,139
050,28,043,"Mississippi","Grenada County",5,55,268,125,143
050,28,043,"Mississippi","Grenada County",5,56,257,123,134
050,28,043,"Mississippi","Grenada County",5,57,278,135,143
050,28,043,"Mississippi","Grenada County",5,58,312,159,153
050,28,043,"Mississippi","Grenada County",5,59,273,136,137
050,28,043,"Mississippi","Grenada County",5,60,244,110,134
050,28,043,"Mississippi","Grenada County",5,61,280,129,151
050,28,043,"Mississippi","Grenada County",5,62,259,110,149
050,28,043,"Mississippi","Grenada County",5,63,261,128,133
050,28,043,"Mississippi","Grenada County",5,64,280,141,139
050,28,043,"Mississippi","Grenada County",5,65,271,140,131
050,28,043,"Mississippi","Grenada County",5,66,271,128,143
050,28,043,"Mississippi","Grenada County",5,67,252,108,144
050,28,043,"Mississippi","Grenada County",5,68,232,110,122
050,28,043,"Mississippi","Grenada County",5,69,237,111,126
050,28,043,"Mississippi","Grenada County",5,70,223,97,126
050,28,043,"Mississippi","Grenada County",5,71,212,95,117
050,28,043,"Mississippi","Grenada County",5,72,233,101,132
050,28,043,"Mississippi","Grenada County",5,73,220,92,128
050,28,043,"Mississippi","Grenada County",5,74,205,86,119
050,28,043,"Mississippi","Grenada County",5,75,186,83,103
050,28,043,"Mississippi","Grenada County",5,76,193,90,103
050,28,043,"Mississippi","Grenada County",5,77,149,73,76
050,28,043,"Mississippi","Grenada County",5,78,138,54,84
050,28,043,"Mississippi","Grenada County",5,79,130,51,79
050,28,043,"Mississippi","Grenada County",5,80,120,58,62
050,28,043,"Mississippi","Grenada County",5,81,100,48,52
050,28,043,"Mississippi","Grenada County",5,82,104,36,68
050,28,043,"Mississippi","Grenada County",5,83,86,31,55
050,28,043,"Mississippi","Grenada County",5,84,71,23,48
050,28,043,"Mississippi","Grenada County",5,85,401,139,262
050,28,045,"Mississippi","Hancock County",1,0,450,233,217
050,28,045,"Mississippi","Hancock County",1,1,453,234,219
050,28,045,"Mississippi","Hancock County",1,2,441,233,208
050,28,045,"Mississippi","Hancock County",1,3,446,236,210
050,28,045,"Mississippi","Hancock County",1,4,492,265,227
050,28,045,"Mississippi","Hancock County",1,5,498,277,221
050,28,045,"Mississippi","Hancock County",1,6,480,253,227
050,28,045,"Mississippi","Hancock County",1,7,447,231,216
050,28,045,"Mississippi","Hancock County",1,8,462,242,220
050,28,045,"Mississippi","Hancock County",1,9,463,248,215
050,28,045,"Mississippi","Hancock County",1,10,556,293,263
050,28,045,"Mississippi","Hancock County",1,11,535,268,267
050,28,045,"Mississippi","Hancock County",1,12,575,274,301
050,28,045,"Mississippi","Hancock County",1,13,599,302,297
050,28,045,"Mississippi","Hancock County",1,14,555,285,270
050,28,045,"Mississippi","Hancock County",1,15,562,290,272
050,28,045,"Mississippi","Hancock County",1,16,573,297,276
050,28,045,"Mississippi","Hancock County",1,17,541,284,257
050,28,045,"Mississippi","Hancock County",1,18,480,254,226
050,28,045,"Mississippi","Hancock County",1,19,401,204,197
050,28,045,"Mississippi","Hancock County",1,20,427,220,207
050,28,045,"Mississippi","Hancock County",1,21,446,225,221
050,28,045,"Mississippi","Hancock County",1,22,463,240,223
050,28,045,"Mississippi","Hancock County",1,23,481,236,245
050,28,045,"Mississippi","Hancock County",1,24,478,237,241
050,28,045,"Mississippi","Hancock County",1,25,540,246,294
050,28,045,"Mississippi","Hancock County",1,26,487,231,256
050,28,045,"Mississippi","Hancock County",1,27,514,267,247
050,28,045,"Mississippi","Hancock County",1,28,534,267,267
050,28,045,"Mississippi","Hancock County",1,29,583,296,287
050,28,045,"Mississippi","Hancock County",1,30,622,307,315
050,28,045,"Mississippi","Hancock County",1,31,579,300,279
050,28,045,"Mississippi","Hancock County",1,32,538,269,269
050,28,045,"Mississippi","Hancock County",1,33,527,247,280
050,28,045,"Mississippi","Hancock County",1,34,528,250,278
050,28,045,"Mississippi","Hancock County",1,35,494,245,249
050,28,045,"Mississippi","Hancock County",1,36,504,245,259
050,28,045,"Mississippi","Hancock County",1,37,526,269,257
050,28,045,"Mississippi","Hancock County",1,38,531,250,281
050,28,045,"Mississippi","Hancock County",1,39,596,293,303
050,28,045,"Mississippi","Hancock County",1,40,537,232,305
050,28,045,"Mississippi","Hancock County",1,41,505,227,278
050,28,045,"Mississippi","Hancock County",1,42,549,259,290
050,28,045,"Mississippi","Hancock County",1,43,534,260,274
050,28,045,"Mississippi","Hancock County",1,44,510,245,265
050,28,045,"Mississippi","Hancock County",1,45,472,230,242
050,28,045,"Mississippi","Hancock County",1,46,510,264,246
050,28,045,"Mississippi","Hancock County",1,47,545,273,272
050,28,045,"Mississippi","Hancock County",1,48,643,323,320
050,28,045,"Mississippi","Hancock County",1,49,676,321,355
050,28,045,"Mississippi","Hancock County",1,50,655,317,338
050,28,045,"Mississippi","Hancock County",1,51,612,298,314
050,28,045,"Mississippi","Hancock County",1,52,621,321,300
050,28,045,"Mississippi","Hancock County",1,53,622,310,312
050,28,045,"Mississippi","Hancock County",1,54,632,294,338
050,28,045,"Mississippi","Hancock County",1,55,689,339,350
050,28,045,"Mississippi","Hancock County",1,56,714,360,354
050,28,045,"Mississippi","Hancock County",1,57,765,397,368
050,28,045,"Mississippi","Hancock County",1,58,808,386,422
050,28,045,"Mississippi","Hancock County",1,59,762,337,425
050,28,045,"Mississippi","Hancock County",1,60,769,365,404
050,28,045,"Mississippi","Hancock County",1,61,780,379,401
050,28,045,"Mississippi","Hancock County",1,62,783,397,386
050,28,045,"Mississippi","Hancock County",1,63,763,380,383
050,28,045,"Mississippi","Hancock County",1,64,675,331,344
050,28,045,"Mississippi","Hancock County",1,65,694,311,383
050,28,045,"Mississippi","Hancock County",1,66,665,313,352
050,28,045,"Mississippi","Hancock County",1,67,633,296,337
050,28,045,"Mississippi","Hancock County",1,68,649,302,347
050,28,045,"Mississippi","Hancock County",1,69,620,276,344
050,28,045,"Mississippi","Hancock County",1,70,544,266,278
050,28,045,"Mississippi","Hancock County",1,71,530,255,275
050,28,045,"Mississippi","Hancock County",1,72,575,278,297
050,28,045,"Mississippi","Hancock County",1,73,568,282,286
050,28,045,"Mississippi","Hancock County",1,74,406,193,213
050,28,045,"Mississippi","Hancock County",1,75,418,187,231
050,28,045,"Mississippi","Hancock County",1,76,382,181,201
050,28,045,"Mississippi","Hancock County",1,77,366,174,192
050,28,045,"Mississippi","Hancock County",1,78,316,149,167
050,28,045,"Mississippi","Hancock County",1,79,291,128,163
050,28,045,"Mississippi","Hancock County",1,80,245,105,140
050,28,045,"Mississippi","Hancock County",1,81,244,116,128
050,28,045,"Mississippi","Hancock County",1,82,211,111,100
050,28,045,"Mississippi","Hancock County",1,83,192,87,105
050,28,045,"Mississippi","Hancock County",1,84,171,71,100
050,28,045,"Mississippi","Hancock County",1,85,790,311,479
050,28,045,"Mississippi","Hancock County",2,0,447,235,212
050,28,045,"Mississippi","Hancock County",2,1,453,234,219
050,28,045,"Mississippi","Hancock County",2,2,447,234,213
050,28,045,"Mississippi","Hancock County",2,3,449,237,212
050,28,045,"Mississippi","Hancock County",2,4,486,261,225
050,28,045,"Mississippi","Hancock County",2,5,498,273,225
050,28,045,"Mississippi","Hancock County",2,6,483,259,224
050,28,045,"Mississippi","Hancock County",2,7,452,234,218
050,28,045,"Mississippi","Hancock County",2,8,457,237,220
050,28,045,"Mississippi","Hancock County",2,9,461,244,217
050,28,045,"Mississippi","Hancock County",2,10,531,281,250
050,28,045,"Mississippi","Hancock County",2,11,539,273,266
050,28,045,"Mississippi","Hancock County",2,12,567,275,292
050,28,045,"Mississippi","Hancock County",2,13,592,293,299
050,28,045,"Mississippi","Hancock County",2,14,568,290,278
050,28,045,"Mississippi","Hancock County",2,15,558,288,270
050,28,045,"Mississippi","Hancock County",2,16,574,299,275
050,28,045,"Mississippi","Hancock County",2,17,546,286,260
050,28,045,"Mississippi","Hancock County",2,18,470,249,221
050,28,045,"Mississippi","Hancock County",2,19,400,206,194
050,28,045,"Mississippi","Hancock County",2,20,433,220,213
050,28,045,"Mississippi","Hancock County",2,21,445,226,219
050,28,045,"Mississippi","Hancock County",2,22,462,239,223
050,28,045,"Mississippi","Hancock County",2,23,477,235,242
050,28,045,"Mississippi","Hancock County",2,24,482,237,245
050,28,045,"Mississippi","Hancock County",2,25,525,244,281
050,28,045,"Mississippi","Hancock County",2,26,507,241,266
050,28,045,"Mississippi","Hancock County",2,27,507,260,247
050,28,045,"Mississippi","Hancock County",2,28,529,268,261
050,28,045,"Mississippi","Hancock County",2,29,573,291,282
050,28,045,"Mississippi","Hancock County",2,30,613,304,309
050,28,045,"Mississippi","Hancock County",2,31,591,301,290
050,28,045,"Mississippi","Hancock County",2,32,548,274,274
050,28,045,"Mississippi","Hancock County",2,33,530,251,279
050,28,045,"Mississippi","Hancock County",2,34,525,250,275
050,28,045,"Mississippi","Hancock County",2,35,506,248,258
050,28,045,"Mississippi","Hancock County",2,36,499,244,255
050,28,045,"Mississippi","Hancock County",2,37,520,261,259
050,28,045,"Mississippi","Hancock County",2,38,534,256,278
050,28,045,"Mississippi","Hancock County",2,39,578,280,298
050,28,045,"Mississippi","Hancock County",2,40,552,246,306
050,28,045,"Mississippi","Hancock County",2,41,513,228,285
050,28,045,"Mississippi","Hancock County",2,42,538,252,286
050,28,045,"Mississippi","Hancock County",2,43,539,259,280
050,28,045,"Mississippi","Hancock County",2,44,511,247,264
050,28,045,"Mississippi","Hancock County",2,45,488,239,249
050,28,045,"Mississippi","Hancock County",2,46,499,254,245
050,28,045,"Mississippi","Hancock County",2,47,535,268,267
050,28,045,"Mississippi","Hancock County",2,48,618,310,308
050,28,045,"Mississippi","Hancock County",2,49,679,328,351
050,28,045,"Mississippi","Hancock County",2,50,660,317,343
050,28,045,"Mississippi","Hancock County",2,51,622,301,321
050,28,045,"Mississippi","Hancock County",2,52,621,316,305
050,28,045,"Mississippi","Hancock County",2,53,617,307,310
050,28,045,"Mississippi","Hancock County",2,54,629,296,333
050,28,045,"Mississippi","Hancock County",2,55,682,331,351
050,28,045,"Mississippi","Hancock County",2,56,714,361,353
050,28,045,"Mississippi","Hancock County",2,57,758,388,370
050,28,045,"Mississippi","Hancock County",2,58,797,385,412
050,28,045,"Mississippi","Hancock County",2,59,780,354,426
050,28,045,"Mississippi","Hancock County",2,60,768,361,407
050,28,045,"Mississippi","Hancock County",2,61,780,379,401
050,28,045,"Mississippi","Hancock County",2,62,790,395,395
050,28,045,"Mississippi","Hancock County",2,63,773,387,386
050,28,045,"Mississippi","Hancock County",2,64,696,340,356
050,28,045,"Mississippi","Hancock County",2,65,695,319,376
050,28,045,"Mississippi","Hancock County",2,66,676,314,362
050,28,045,"Mississippi","Hancock County",2,67,639,300,339
050,28,045,"Mississippi","Hancock County",2,68,643,301,342
050,28,045,"Mississippi","Hancock County",2,69,634,286,348
050,28,045,"Mississippi","Hancock County",2,70,560,267,293
050,28,045,"Mississippi","Hancock County",2,71,537,258,279
050,28,045,"Mississippi","Hancock County",2,72,555,267,288
050,28,045,"Mississippi","Hancock County",2,73,592,292,300
050,28,045,"Mississippi","Hancock County",2,74,416,199,217
050,28,045,"Mississippi","Hancock County",2,75,413,186,227
050,28,045,"Mississippi","Hancock County",2,76,382,180,202
050,28,045,"Mississippi","Hancock County",2,77,377,180,197
050,28,045,"Mississippi","Hancock County",2,78,322,152,170
050,28,045,"Mississippi","Hancock County",2,79,289,129,160
050,28,045,"Mississippi","Hancock County",2,80,251,107,144
050,28,045,"Mississippi","Hancock County",2,81,240,111,129
050,28,045,"Mississippi","Hancock County",2,82,213,109,104
050,28,045,"Mississippi","Hancock County",2,83,193,93,100
050,28,045,"Mississippi","Hancock County",2,84,171,74,97
050,28,045,"Mississippi","Hancock County",2,85,804,320,484
050,28,045,"Mississippi","Hancock County",3,0,401,217,184
050,28,045,"Mississippi","Hancock County",3,1,479,252,227
050,28,045,"Mississippi","Hancock County",3,2,456,238,218
050,28,045,"Mississippi","Hancock County",3,3,444,231,213
050,28,045,"Mississippi","Hancock County",3,4,450,236,214
050,28,045,"Mississippi","Hancock County",3,5,474,249,225
050,28,045,"Mississippi","Hancock County",3,6,494,269,225
050,28,045,"Mississippi","Hancock County",3,7,484,257,227
050,28,045,"Mississippi","Hancock County",3,8,460,244,216
050,28,045,"Mississippi","Hancock County",3,9,453,242,211
050,28,045,"Mississippi","Hancock County",3,10,466,255,211
050,28,045,"Mississippi","Hancock County",3,11,528,291,237
050,28,045,"Mississippi","Hancock County",3,12,540,272,268
050,28,045,"Mississippi","Hancock County",3,13,555,275,280
050,28,045,"Mississippi","Hancock County",3,14,601,303,298
050,28,045,"Mississippi","Hancock County",3,15,550,281,269
050,28,045,"Mississippi","Hancock County",3,16,553,286,267
050,28,045,"Mississippi","Hancock County",3,17,557,280,277
050,28,045,"Mississippi","Hancock County",3,18,449,236,213
050,28,045,"Mississippi","Hancock County",3,19,374,192,182
050,28,045,"Mississippi","Hancock County",3,20,429,221,208
050,28,045,"Mississippi","Hancock County",3,21,452,227,225
050,28,045,"Mississippi","Hancock County",3,22,492,249,243
050,28,045,"Mississippi","Hancock County",3,23,485,247,238
050,28,045,"Mississippi","Hancock County",3,24,498,239,259
050,28,045,"Mississippi","Hancock County",3,25,503,250,253
050,28,045,"Mississippi","Hancock County",3,26,532,253,279
050,28,045,"Mississippi","Hancock County",3,27,501,240,261
050,28,045,"Mississippi","Hancock County",3,28,517,245,272
050,28,045,"Mississippi","Hancock County",3,29,521,259,262
050,28,045,"Mississippi","Hancock County",3,30,575,296,279
050,28,045,"Mississippi","Hancock County",3,31,611,306,305
050,28,045,"Mississippi","Hancock County",3,32,583,283,300
050,28,045,"Mississippi","Hancock County",3,33,516,251,265
050,28,045,"Mississippi","Hancock County",3,34,540,252,288
050,28,045,"Mississippi","Hancock County",3,35,524,255,269
050,28,045,"Mississippi","Hancock County",3,36,497,235,262
050,28,045,"Mississippi","Hancock County",3,37,484,239,245
050,28,045,"Mississippi","Hancock County",3,38,528,255,273
050,28,045,"Mississippi","Hancock County",3,39,521,246,275
050,28,045,"Mississippi","Hancock County",3,40,586,287,299
050,28,045,"Mississippi","Hancock County",3,41,554,250,304
050,28,045,"Mississippi","Hancock County",3,42,504,224,280
050,28,045,"Mississippi","Hancock County",3,43,536,254,282
050,28,045,"Mississippi","Hancock County",3,44,530,260,270
050,28,045,"Mississippi","Hancock County",3,45,498,245,253
050,28,045,"Mississippi","Hancock County",3,46,490,244,246
050,28,045,"Mississippi","Hancock County",3,47,505,257,248
050,28,045,"Mississippi","Hancock County",3,48,525,261,264
050,28,045,"Mississippi","Hancock County",3,49,626,316,310
050,28,045,"Mississippi","Hancock County",3,50,689,324,365
050,28,045,"Mississippi","Hancock County",3,51,665,323,342
050,28,045,"Mississippi","Hancock County",3,52,617,301,316
050,28,045,"Mississippi","Hancock County",3,53,611,309,302
050,28,045,"Mississippi","Hancock County",3,54,630,313,317
050,28,045,"Mississippi","Hancock County",3,55,616,295,321
050,28,045,"Mississippi","Hancock County",3,56,696,338,358
050,28,045,"Mississippi","Hancock County",3,57,725,363,362
050,28,045,"Mississippi","Hancock County",3,58,762,388,374
050,28,045,"Mississippi","Hancock County",3,59,781,376,405
050,28,045,"Mississippi","Hancock County",3,60,794,362,432
050,28,045,"Mississippi","Hancock County",3,61,762,366,396
050,28,045,"Mississippi","Hancock County",3,62,795,388,407
050,28,045,"Mississippi","Hancock County",3,63,762,378,384
050,28,045,"Mississippi","Hancock County",3,64,772,387,385
050,28,045,"Mississippi","Hancock County",3,65,689,333,356
050,28,045,"Mississippi","Hancock County",3,66,698,312,386
050,28,045,"Mississippi","Hancock County",3,67,646,297,349
050,28,045,"Mississippi","Hancock County",3,68,642,310,332
050,28,045,"Mississippi","Hancock County",3,69,619,294,325
050,28,045,"Mississippi","Hancock County",3,70,632,284,348
050,28,045,"Mississippi","Hancock County",3,71,555,268,287
050,28,045,"Mississippi","Hancock County",3,72,521,251,270
050,28,045,"Mississippi","Hancock County",3,73,540,255,285
050,28,045,"Mississippi","Hancock County",3,74,584,287,297
050,28,045,"Mississippi","Hancock County",3,75,395,186,209
050,28,045,"Mississippi","Hancock County",3,76,400,178,222
050,28,045,"Mississippi","Hancock County",3,77,361,167,194
050,28,045,"Mississippi","Hancock County",3,78,365,172,193
050,28,045,"Mississippi","Hancock County",3,79,301,138,163
050,28,045,"Mississippi","Hancock County",3,80,269,121,148
050,28,045,"Mississippi","Hancock County",3,81,239,99,140
050,28,045,"Mississippi","Hancock County",3,82,223,105,118
050,28,045,"Mississippi","Hancock County",3,83,210,103,107
050,28,045,"Mississippi","Hancock County",3,84,162,74,88
050,28,045,"Mississippi","Hancock County",3,85,846,341,505
050,28,045,"Mississippi","Hancock County",4,0,408,221,187
050,28,045,"Mississippi","Hancock County",4,1,410,213,197
050,28,045,"Mississippi","Hancock County",4,2,489,267,222
050,28,045,"Mississippi","Hancock County",4,3,437,227,210
050,28,045,"Mississippi","Hancock County",4,4,441,225,216
050,28,045,"Mississippi","Hancock County",4,5,437,225,212
050,28,045,"Mississippi","Hancock County",4,6,474,260,214
050,28,045,"Mississippi","Hancock County",4,7,511,280,231
050,28,045,"Mississippi","Hancock County",4,8,480,256,224
050,28,045,"Mississippi","Hancock County",4,9,465,239,226
050,28,045,"Mississippi","Hancock County",4,10,458,245,213
050,28,045,"Mississippi","Hancock County",4,11,461,253,208
050,28,045,"Mississippi","Hancock County",4,12,516,286,230
050,28,045,"Mississippi","Hancock County",4,13,541,274,267
050,28,045,"Mississippi","Hancock County",4,14,577,291,286
050,28,045,"Mississippi","Hancock County",4,15,601,305,296
050,28,045,"Mississippi","Hancock County",4,16,568,287,281
050,28,045,"Mississippi","Hancock County",4,17,538,279,259
050,28,045,"Mississippi","Hancock County",4,18,454,238,216
050,28,045,"Mississippi","Hancock County",4,19,359,194,165
050,28,045,"Mississippi","Hancock County",4,20,413,213,200
050,28,045,"Mississippi","Hancock County",4,21,458,227,231
050,28,045,"Mississippi","Hancock County",4,22,484,242,242
050,28,045,"Mississippi","Hancock County",4,23,489,245,244
050,28,045,"Mississippi","Hancock County",4,24,479,245,234
050,28,045,"Mississippi","Hancock County",4,25,470,226,244
050,28,045,"Mississippi","Hancock County",4,26,483,240,243
050,28,045,"Mississippi","Hancock County",4,27,544,266,278
050,28,045,"Mississippi","Hancock County",4,28,487,238,249
050,28,045,"Mississippi","Hancock County",4,29,515,250,265
050,28,045,"Mississippi","Hancock County",4,30,509,256,253
050,28,045,"Mississippi","Hancock County",4,31,565,291,274
050,28,045,"Mississippi","Hancock County",4,32,610,301,309
050,28,045,"Mississippi","Hancock County",4,33,569,268,301
050,28,045,"Mississippi","Hancock County",4,34,538,260,278
050,28,045,"Mississippi","Hancock County",4,35,527,242,285
050,28,045,"Mississippi","Hancock County",4,36,537,259,278
050,28,045,"Mississippi","Hancock County",4,37,510,241,269
050,28,045,"Mississippi","Hancock County",4,38,487,231,256
050,28,045,"Mississippi","Hancock County",4,39,526,251,275
050,28,045,"Mississippi","Hancock County",4,40,539,260,279
050,28,045,"Mississippi","Hancock County",4,41,579,284,295
050,28,045,"Mississippi","Hancock County",4,42,560,247,313
050,28,045,"Mississippi","Hancock County",4,43,508,223,285
050,28,045,"Mississippi","Hancock County",4,44,530,260,270
050,28,045,"Mississippi","Hancock County",4,45,537,257,280
050,28,045,"Mississippi","Hancock County",4,46,493,243,250
050,28,045,"Mississippi","Hancock County",4,47,505,246,259
050,28,045,"Mississippi","Hancock County",4,48,505,254,251
050,28,045,"Mississippi","Hancock County",4,49,531,265,266
050,28,045,"Mississippi","Hancock County",4,50,628,313,315
050,28,045,"Mississippi","Hancock County",4,51,678,312,366
050,28,045,"Mississippi","Hancock County",4,52,668,338,330
050,28,045,"Mississippi","Hancock County",4,53,607,287,320
050,28,045,"Mississippi","Hancock County",4,54,593,299,294
050,28,045,"Mississippi","Hancock County",4,55,644,319,325
050,28,045,"Mississippi","Hancock County",4,56,635,307,328
050,28,045,"Mississippi","Hancock County",4,57,689,335,354
050,28,045,"Mississippi","Hancock County",4,58,729,366,363
050,28,045,"Mississippi","Hancock County",4,59,776,390,386
050,28,045,"Mississippi","Hancock County",4,60,793,387,406
050,28,045,"Mississippi","Hancock County",4,61,790,356,434
050,28,045,"Mississippi","Hancock County",4,62,782,380,402
050,28,045,"Mississippi","Hancock County",4,63,813,397,416
050,28,045,"Mississippi","Hancock County",4,64,763,377,386
050,28,045,"Mississippi","Hancock County",4,65,773,388,385
050,28,045,"Mississippi","Hancock County",4,66,669,317,352
050,28,045,"Mississippi","Hancock County",4,67,685,303,382
050,28,045,"Mississippi","Hancock County",4,68,633,284,349
050,28,045,"Mississippi","Hancock County",4,69,642,309,333
050,28,045,"Mississippi","Hancock County",4,70,618,293,325
050,28,045,"Mississippi","Hancock County",4,71,620,272,348
050,28,045,"Mississippi","Hancock County",4,72,548,273,275
050,28,045,"Mississippi","Hancock County",4,73,523,250,273
050,28,045,"Mississippi","Hancock County",4,74,539,256,283
050,28,045,"Mississippi","Hancock County",4,75,551,269,282
050,28,045,"Mississippi","Hancock County",4,76,380,177,203
050,28,045,"Mississippi","Hancock County",4,77,390,169,221
050,28,045,"Mississippi","Hancock County",4,78,351,163,188
050,28,045,"Mississippi","Hancock County",4,79,341,156,185
050,28,045,"Mississippi","Hancock County",4,80,281,126,155
050,28,045,"Mississippi","Hancock County",4,81,258,114,144
050,28,045,"Mississippi","Hancock County",4,82,227,100,127
050,28,045,"Mississippi","Hancock County",4,83,224,107,117
050,28,045,"Mississippi","Hancock County",4,84,187,88,99
050,28,045,"Mississippi","Hancock County",4,85,867,358,509
050,28,045,"Mississippi","Hancock County",5,0,423,227,196
050,28,045,"Mississippi","Hancock County",5,1,395,214,181
050,28,045,"Mississippi","Hancock County",5,2,418,211,207
050,28,045,"Mississippi","Hancock County",5,3,483,259,224
050,28,045,"Mississippi","Hancock County",5,4,422,230,192
050,28,045,"Mississippi","Hancock County",5,5,446,229,217
050,28,045,"Mississippi","Hancock County",5,6,445,233,212
050,28,045,"Mississippi","Hancock County",5,7,493,264,229
050,28,045,"Mississippi","Hancock County",5,8,500,279,221
050,28,045,"Mississippi","Hancock County",5,9,475,252,223
050,28,045,"Mississippi","Hancock County",5,10,472,236,236
050,28,045,"Mississippi","Hancock County",5,11,457,240,217
050,28,045,"Mississippi","Hancock County",5,12,468,252,216
050,28,045,"Mississippi","Hancock County",5,13,533,285,248
050,28,045,"Mississippi","Hancock County",5,14,537,280,257
050,28,045,"Mississippi","Hancock County",5,15,574,292,282
050,28,045,"Mississippi","Hancock County",5,16,589,296,293
050,28,045,"Mississippi","Hancock County",5,17,562,280,282
050,28,045,"Mississippi","Hancock County",5,18,464,251,213
050,28,045,"Mississippi","Hancock County",5,19,372,198,174
050,28,045,"Mississippi","Hancock County",5,20,390,198,192
050,28,045,"Mississippi","Hancock County",5,21,425,216,209
050,28,045,"Mississippi","Hancock County",5,22,491,243,248
050,28,045,"Mississippi","Hancock County",5,23,482,243,239
050,28,045,"Mississippi","Hancock County",5,24,486,251,235
050,28,045,"Mississippi","Hancock County",5,25,476,255,221
050,28,045,"Mississippi","Hancock County",5,26,449,211,238
050,28,045,"Mississippi","Hancock County",5,27,478,236,242
050,28,045,"Mississippi","Hancock County",5,28,522,248,274
050,28,045,"Mississippi","Hancock County",5,29,497,239,258
050,28,045,"Mississippi","Hancock County",5,30,519,255,264
050,28,045,"Mississippi","Hancock County",5,31,518,256,262
050,28,045,"Mississippi","Hancock County",5,32,567,279,288
050,28,045,"Mississippi","Hancock County",5,33,614,302,312
050,28,045,"Mississippi","Hancock County",5,34,575,281,294
050,28,045,"Mississippi","Hancock County",5,35,548,257,291
050,28,045,"Mississippi","Hancock County",5,36,527,242,285
050,28,045,"Mississippi","Hancock County",5,37,533,257,276
050,28,045,"Mississippi","Hancock County",5,38,518,244,274
050,28,045,"Mississippi","Hancock County",5,39,478,226,252
050,28,045,"Mississippi","Hancock County",5,40,532,251,281
050,28,045,"Mississippi","Hancock County",5,41,525,252,273
050,28,045,"Mississippi","Hancock County",5,42,580,286,294
050,28,045,"Mississippi","Hancock County",5,43,563,254,309
050,28,045,"Mississippi","Hancock County",5,44,495,224,271
050,28,045,"Mississippi","Hancock County",5,45,531,259,272
050,28,045,"Mississippi","Hancock County",5,46,553,263,290
050,28,045,"Mississippi","Hancock County",5,47,529,251,278
050,28,045,"Mississippi","Hancock County",5,48,506,244,262
050,28,045,"Mississippi","Hancock County",5,49,538,273,265
050,28,045,"Mississippi","Hancock County",5,50,536,266,270
050,28,045,"Mississippi","Hancock County",5,51,654,327,327
050,28,045,"Mississippi","Hancock County",5,52,707,322,385
050,28,045,"Mississippi","Hancock County",5,53,684,351,333
050,28,045,"Mississippi","Hancock County",5,54,621,294,327
050,28,045,"Mississippi","Hancock County",5,55,607,300,307
050,28,045,"Mississippi","Hancock County",5,56,648,322,326
050,28,045,"Mississippi","Hancock County",5,57,648,311,337
050,28,045,"Mississippi","Hancock County",5,58,699,336,363
050,28,045,"Mississippi","Hancock County",5,59,735,368,367
050,28,045,"Mississippi","Hancock County",5,60,777,384,393
050,28,045,"Mississippi","Hancock County",5,61,785,380,405
050,28,045,"Mississippi","Hancock County",5,62,794,358,436
050,28,045,"Mississippi","Hancock County",5,63,761,375,386
050,28,045,"Mississippi","Hancock County",5,64,803,385,418
050,28,045,"Mississippi","Hancock County",5,65,782,386,396
050,28,045,"Mississippi","Hancock County",5,66,756,377,379
050,28,045,"Mississippi","Hancock County",5,67,646,308,338
050,28,045,"Mississippi","Hancock County",5,68,682,308,374
050,28,045,"Mississippi","Hancock County",5,69,639,287,352
050,28,045,"Mississippi","Hancock County",5,70,637,306,331
050,28,045,"Mississippi","Hancock County",5,71,589,274,315
050,28,045,"Mississippi","Hancock County",5,72,610,264,346
050,28,045,"Mississippi","Hancock County",5,73,525,262,263
050,28,045,"Mississippi","Hancock County",5,74,517,245,272
050,28,045,"Mississippi","Hancock County",5,75,518,242,276
050,28,045,"Mississippi","Hancock County",5,76,530,258,272
050,28,045,"Mississippi","Hancock County",5,77,373,175,198
050,28,045,"Mississippi","Hancock County",5,78,375,161,214
050,28,045,"Mississippi","Hancock County",5,79,333,149,184
050,28,045,"Mississippi","Hancock County",5,80,327,149,178
050,28,045,"Mississippi","Hancock County",5,81,261,112,149
050,28,045,"Mississippi","Hancock County",5,82,247,114,133
050,28,045,"Mississippi","Hancock County",5,83,226,95,131
050,28,045,"Mississippi","Hancock County",5,84,201,95,106
050,28,045,"Mississippi","Hancock County",5,85,953,412,541
050,28,047,"Mississippi","Harrison County",1,0,2604,1332,1272
050,28,047,"Mississippi","Harrison County",1,1,2579,1336,1243
050,28,047,"Mississippi","Harrison County",1,2,2679,1399,1280
050,28,047,"Mississippi","Harrison County",1,3,2766,1437,1329
050,28,047,"Mississippi","Harrison County",1,4,2755,1398,1357
050,28,047,"Mississippi","Harrison County",1,5,2664,1317,1347
050,28,047,"Mississippi","Harrison County",1,6,2700,1416,1284
050,28,047,"Mississippi","Harrison County",1,7,2678,1388,1290
050,28,047,"Mississippi","Harrison County",1,8,2756,1377,1379
050,28,047,"Mississippi","Harrison County",1,9,2772,1427,1345
050,28,047,"Mississippi","Harrison County",1,10,2889,1481,1408
050,28,047,"Mississippi","Harrison County",1,11,3081,1553,1528
050,28,047,"Mississippi","Harrison County",1,12,3091,1591,1500
050,28,047,"Mississippi","Harrison County",1,13,3105,1602,1503
050,28,047,"Mississippi","Harrison County",1,14,2945,1501,1444
050,28,047,"Mississippi","Harrison County",1,15,2784,1422,1362
050,28,047,"Mississippi","Harrison County",1,16,2784,1427,1357
050,28,047,"Mississippi","Harrison County",1,17,2750,1416,1334
050,28,047,"Mississippi","Harrison County",1,18,2572,1417,1155
050,28,047,"Mississippi","Harrison County",1,19,2641,1562,1079
050,28,047,"Mississippi","Harrison County",1,20,2617,1472,1145
050,28,047,"Mississippi","Harrison County",1,21,2588,1374,1214
050,28,047,"Mississippi","Harrison County",1,22,2537,1301,1236
050,28,047,"Mississippi","Harrison County",1,23,2661,1341,1320
050,28,047,"Mississippi","Harrison County",1,24,2753,1397,1356
050,28,047,"Mississippi","Harrison County",1,25,2798,1377,1421
050,28,047,"Mississippi","Harrison County",1,26,2852,1399,1453
050,28,047,"Mississippi","Harrison County",1,27,2910,1462,1448
050,28,047,"Mississippi","Harrison County",1,28,2949,1439,1510
050,28,047,"Mississippi","Harrison County",1,29,2918,1389,1529
050,28,047,"Mississippi","Harrison County",1,30,2986,1437,1549
050,28,047,"Mississippi","Harrison County",1,31,2900,1350,1550
050,28,047,"Mississippi","Harrison County",1,32,2750,1266,1484
050,28,047,"Mississippi","Harrison County",1,33,2803,1350,1453
050,28,047,"Mississippi","Harrison County",1,34,2824,1371,1453
050,28,047,"Mississippi","Harrison County",1,35,2836,1349,1487
050,28,047,"Mississippi","Harrison County",1,36,2756,1297,1459
050,28,047,"Mississippi","Harrison County",1,37,2758,1302,1456
050,28,047,"Mississippi","Harrison County",1,38,2748,1346,1402
050,28,047,"Mississippi","Harrison County",1,39,2801,1337,1464
050,28,047,"Mississippi","Harrison County",1,40,2727,1318,1409
050,28,047,"Mississippi","Harrison County",1,41,2621,1271,1350
050,28,047,"Mississippi","Harrison County",1,42,2531,1243,1288
050,28,047,"Mississippi","Harrison County",1,43,2405,1169,1236
050,28,047,"Mississippi","Harrison County",1,44,2436,1227,1209
050,28,047,"Mississippi","Harrison County",1,45,2354,1131,1223
050,28,047,"Mississippi","Harrison County",1,46,2272,1068,1204
050,28,047,"Mississippi","Harrison County",1,47,2326,1062,1264
050,28,047,"Mississippi","Harrison County",1,48,2512,1179,1333
050,28,047,"Mississippi","Harrison County",1,49,2738,1323,1415
050,28,047,"Mississippi","Harrison County",1,50,2573,1235,1338
050,28,047,"Mississippi","Harrison County",1,51,2414,1175,1239
050,28,047,"Mississippi","Harrison County",1,52,2441,1176,1265
050,28,047,"Mississippi","Harrison County",1,53,2446,1202,1244
050,28,047,"Mississippi","Harrison County",1,54,2586,1253,1333
050,28,047,"Mississippi","Harrison County",1,55,2685,1290,1395
050,28,047,"Mississippi","Harrison County",1,56,2775,1319,1456
050,28,047,"Mississippi","Harrison County",1,57,2881,1405,1476
050,28,047,"Mississippi","Harrison County",1,58,2903,1418,1485
050,28,047,"Mississippi","Harrison County",1,59,2852,1423,1429
050,28,047,"Mississippi","Harrison County",1,60,2857,1406,1451
050,28,047,"Mississippi","Harrison County",1,61,2806,1346,1460
050,28,047,"Mississippi","Harrison County",1,62,2605,1264,1341
050,28,047,"Mississippi","Harrison County",1,63,2595,1292,1303
050,28,047,"Mississippi","Harrison County",1,64,2431,1145,1286
050,28,047,"Mississippi","Harrison County",1,65,2428,1165,1263
050,28,047,"Mississippi","Harrison County",1,66,2318,1038,1280
050,28,047,"Mississippi","Harrison County",1,67,2237,1049,1188
050,28,047,"Mississippi","Harrison County",1,68,2160,1014,1146
050,28,047,"Mississippi","Harrison County",1,69,1997,962,1035
050,28,047,"Mississippi","Harrison County",1,70,1979,894,1085
050,28,047,"Mississippi","Harrison County",1,71,1919,878,1041
050,28,047,"Mississippi","Harrison County",1,72,1898,920,978
050,28,047,"Mississippi","Harrison County",1,73,1910,926,984
050,28,047,"Mississippi","Harrison County",1,74,1305,603,702
050,28,047,"Mississippi","Harrison County",1,75,1266,579,687
050,28,047,"Mississippi","Harrison County",1,76,1280,593,687
050,28,047,"Mississippi","Harrison County",1,77,1231,564,667
050,28,047,"Mississippi","Harrison County",1,78,1044,486,558
050,28,047,"Mississippi","Harrison County",1,79,950,425,525
050,28,047,"Mississippi","Harrison County",1,80,865,362,503
050,28,047,"Mississippi","Harrison County",1,81,737,346,391
050,28,047,"Mississippi","Harrison County",1,82,717,310,407
050,28,047,"Mississippi","Harrison County",1,83,622,268,354
050,28,047,"Mississippi","Harrison County",1,84,591,240,351
050,28,047,"Mississippi","Harrison County",1,85,3054,1137,1917
050,28,047,"Mississippi","Harrison County",2,0,2513,1284,1229
050,28,047,"Mississippi","Harrison County",2,1,2579,1330,1249
050,28,047,"Mississippi","Harrison County",2,2,2645,1380,1265
050,28,047,"Mississippi","Harrison County",2,3,2728,1423,1305
050,28,047,"Mississippi","Harrison County",2,4,2753,1404,1349
050,28,047,"Mississippi","Harrison County",2,5,2682,1336,1346
050,28,047,"Mississippi","Harrison County",2,6,2695,1394,1301
050,28,047,"Mississippi","Harrison County",2,7,2686,1393,1293
050,28,047,"Mississippi","Harrison County",2,8,2732,1378,1354
050,28,047,"Mississippi","Harrison County",2,9,2771,1419,1352
050,28,047,"Mississippi","Harrison County",2,10,2860,1467,1393
050,28,047,"Mississippi","Harrison County",2,11,3022,1526,1496
050,28,047,"Mississippi","Harrison County",2,12,3104,1588,1516
050,28,047,"Mississippi","Harrison County",2,13,3098,1597,1501
050,28,047,"Mississippi","Harrison County",2,14,2971,1515,1456
050,28,047,"Mississippi","Harrison County",2,15,2824,1443,1381
050,28,047,"Mississippi","Harrison County",2,16,2787,1426,1361
050,28,047,"Mississippi","Harrison County",2,17,2762,1417,1345
050,28,047,"Mississippi","Harrison County",2,18,2628,1454,1174
050,28,047,"Mississippi","Harrison County",2,19,2622,1536,1086
050,28,047,"Mississippi","Harrison County",2,20,2639,1482,1157
050,28,047,"Mississippi","Harrison County",2,21,2596,1388,1208
050,28,047,"Mississippi","Harrison County",2,22,2567,1318,1249
050,28,047,"Mississippi","Harrison County",2,23,2649,1336,1313
050,28,047,"Mississippi","Harrison County",2,24,2708,1366,1342
050,28,047,"Mississippi","Harrison County",2,25,2778,1368,1410
050,28,047,"Mississippi","Harrison County",2,26,2830,1393,1437
050,28,047,"Mississippi","Harrison County",2,27,2880,1439,1441
050,28,047,"Mississippi","Harrison County",2,28,2929,1436,1493
050,28,047,"Mississippi","Harrison County",2,29,2913,1390,1523
050,28,047,"Mississippi","Harrison County",2,30,2980,1429,1551
050,28,047,"Mississippi","Harrison County",2,31,2899,1359,1540
050,28,047,"Mississippi","Harrison County",2,32,2773,1284,1489
050,28,047,"Mississippi","Harrison County",2,33,2776,1322,1454
050,28,047,"Mississippi","Harrison County",2,34,2814,1353,1461
050,28,047,"Mississippi","Harrison County",2,35,2847,1365,1482
050,28,047,"Mississippi","Harrison County",2,36,2760,1302,1458
050,28,047,"Mississippi","Harrison County",2,37,2759,1302,1457
050,28,047,"Mississippi","Harrison County",2,38,2749,1331,1418
050,28,047,"Mississippi","Harrison County",2,39,2775,1333,1442
050,28,047,"Mississippi","Harrison County",2,40,2765,1332,1433
050,28,047,"Mississippi","Harrison County",2,41,2648,1282,1366
050,28,047,"Mississippi","Harrison County",2,42,2526,1231,1295
050,28,047,"Mississippi","Harrison County",2,43,2450,1193,1257
050,28,047,"Mississippi","Harrison County",2,44,2407,1202,1205
050,28,047,"Mississippi","Harrison County",2,45,2389,1156,1233
050,28,047,"Mississippi","Harrison County",2,46,2285,1080,1205
050,28,047,"Mississippi","Harrison County",2,47,2308,1061,1247
050,28,047,"Mississippi","Harrison County",2,48,2467,1148,1319
050,28,047,"Mississippi","Harrison County",2,49,2696,1293,1403
050,28,047,"Mississippi","Harrison County",2,50,2624,1263,1361
050,28,047,"Mississippi","Harrison County",2,51,2450,1186,1264
050,28,047,"Mississippi","Harrison County",2,52,2440,1178,1262
050,28,047,"Mississippi","Harrison County",2,53,2449,1200,1249
050,28,047,"Mississippi","Harrison County",2,54,2547,1243,1304
050,28,047,"Mississippi","Harrison County",2,55,2662,1284,1378
050,28,047,"Mississippi","Harrison County",2,56,2757,1312,1445
050,28,047,"Mississippi","Harrison County",2,57,2860,1384,1476
050,28,047,"Mississippi","Harrison County",2,58,2897,1419,1478
050,28,047,"Mississippi","Harrison County",2,59,2874,1426,1448
050,28,047,"Mississippi","Harrison County",2,60,2858,1406,1452
050,28,047,"Mississippi","Harrison County",2,61,2803,1350,1453
050,28,047,"Mississippi","Harrison County",2,62,2657,1284,1373
050,28,047,"Mississippi","Harrison County",2,63,2617,1297,1320
050,28,047,"Mississippi","Harrison County",2,64,2460,1174,1286
050,28,047,"Mississippi","Harrison County",2,65,2434,1157,1277
050,28,047,"Mississippi","Harrison County",2,66,2361,1077,1284
050,28,047,"Mississippi","Harrison County",2,67,2253,1047,1206
050,28,047,"Mississippi","Harrison County",2,68,2161,1014,1147
050,28,047,"Mississippi","Harrison County",2,69,2052,979,1073
050,28,047,"Mississippi","Harrison County",2,70,1970,906,1064
050,28,047,"Mississippi","Harrison County",2,71,1933,885,1048
050,28,047,"Mississippi","Harrison County",2,72,1872,897,975
050,28,047,"Mississippi","Harrison County",2,73,1984,959,1025
050,28,047,"Mississippi","Harrison County",2,74,1363,634,729
050,28,047,"Mississippi","Harrison County",2,75,1276,584,692
050,28,047,"Mississippi","Harrison County",2,76,1239,569,670
050,28,047,"Mississippi","Harrison County",2,77,1259,578,681
050,28,047,"Mississippi","Harrison County",2,78,1065,497,568
050,28,047,"Mississippi","Harrison County",2,79,961,434,527
050,28,047,"Mississippi","Harrison County",2,80,880,370,510
050,28,047,"Mississippi","Harrison County",2,81,746,338,408
050,28,047,"Mississippi","Harrison County",2,82,721,316,405
050,28,047,"Mississippi","Harrison County",2,83,634,275,359
050,28,047,"Mississippi","Harrison County",2,84,586,237,349
050,28,047,"Mississippi","Harrison County",2,85,3080,1147,1933
050,28,047,"Mississippi","Harrison County",3,0,2420,1272,1148
050,28,047,"Mississippi","Harrison County",3,1,2512,1295,1217
050,28,047,"Mississippi","Harrison County",3,2,2632,1360,1272
050,28,047,"Mississippi","Harrison County",3,3,2643,1375,1268
050,28,047,"Mississippi","Harrison County",3,4,2703,1408,1295
050,28,047,"Mississippi","Harrison County",3,5,2779,1404,1375
050,28,047,"Mississippi","Harrison County",3,6,2694,1371,1323
050,28,047,"Mississippi","Harrison County",3,7,2655,1393,1262
050,28,047,"Mississippi","Harrison County",3,8,2695,1369,1326
050,28,047,"Mississippi","Harrison County",3,9,2696,1367,1329
050,28,047,"Mississippi","Harrison County",3,10,2778,1424,1354
050,28,047,"Mississippi","Harrison County",3,11,2839,1457,1382
050,28,047,"Mississippi","Harrison County",3,12,3056,1531,1525
050,28,047,"Mississippi","Harrison County",3,13,3091,1577,1514
050,28,047,"Mississippi","Harrison County",3,14,3086,1579,1507
050,28,047,"Mississippi","Harrison County",3,15,2992,1534,1458
050,28,047,"Mississippi","Harrison County",3,16,2874,1470,1404
050,28,047,"Mississippi","Harrison County",3,17,2776,1433,1343
050,28,047,"Mississippi","Harrison County",3,18,2691,1488,1203
050,28,047,"Mississippi","Harrison County",3,19,2619,1519,1100
050,28,047,"Mississippi","Harrison County",3,20,2627,1462,1165
050,28,047,"Mississippi","Harrison County",3,21,2667,1466,1201
050,28,047,"Mississippi","Harrison County",3,22,2626,1357,1269
050,28,047,"Mississippi","Harrison County",3,23,2627,1311,1316
050,28,047,"Mississippi","Harrison County",3,24,2675,1350,1325
050,28,047,"Mississippi","Harrison County",3,25,2686,1321,1365
050,28,047,"Mississippi","Harrison County",3,26,2737,1352,1385
050,28,047,"Mississippi","Harrison County",3,27,2826,1387,1439
050,28,047,"Mississippi","Harrison County",3,28,2883,1420,1463
050,28,047,"Mississippi","Harrison County",3,29,2871,1400,1471
050,28,047,"Mississippi","Harrison County",3,30,2883,1375,1508
050,28,047,"Mississippi","Harrison County",3,31,2987,1431,1556
050,28,047,"Mississippi","Harrison County",3,32,2899,1374,1525
050,28,047,"Mississippi","Harrison County",3,33,2818,1309,1509
050,28,047,"Mississippi","Harrison County",3,34,2807,1316,1491
050,28,047,"Mississippi","Harrison County",3,35,2790,1334,1456
050,28,047,"Mississippi","Harrison County",3,36,2820,1342,1478
050,28,047,"Mississippi","Harrison County",3,37,2741,1293,1448
050,28,047,"Mississippi","Harrison County",3,38,2722,1267,1455
050,28,047,"Mississippi","Harrison County",3,39,2731,1298,1433
050,28,047,"Mississippi","Harrison County",3,40,2766,1317,1449
050,28,047,"Mississippi","Harrison County",3,41,2716,1328,1388
050,28,047,"Mississippi","Harrison County",3,42,2630,1266,1364
050,28,047,"Mississippi","Harrison County",3,43,2499,1200,1299
050,28,047,"Mississippi","Harrison County",3,44,2446,1186,1260
050,28,047,"Mississippi","Harrison County",3,45,2446,1197,1249
050,28,047,"Mississippi","Harrison County",3,46,2401,1151,1250
050,28,047,"Mississippi","Harrison County",3,47,2266,1069,1197
050,28,047,"Mississippi","Harrison County",3,48,2306,1063,1243
050,28,047,"Mississippi","Harrison County",3,49,2486,1159,1327
050,28,047,"Mississippi","Harrison County",3,50,2740,1320,1420
050,28,047,"Mississippi","Harrison County",3,51,2588,1236,1352
050,28,047,"Mississippi","Harrison County",3,52,2464,1175,1289
050,28,047,"Mississippi","Harrison County",3,53,2390,1146,1244
050,28,047,"Mississippi","Harrison County",3,54,2423,1190,1233
050,28,047,"Mississippi","Harrison County",3,55,2542,1253,1289
050,28,047,"Mississippi","Harrison County",3,56,2688,1304,1384
050,28,047,"Mississippi","Harrison County",3,57,2792,1337,1455
050,28,047,"Mississippi","Harrison County",3,58,2819,1350,1469
050,28,047,"Mississippi","Harrison County",3,59,2893,1402,1491
050,28,047,"Mississippi","Harrison County",3,60,2885,1423,1462
050,28,047,"Mississippi","Harrison County",3,61,2841,1374,1467
050,28,047,"Mississippi","Harrison County",3,62,2804,1350,1454
050,28,047,"Mississippi","Harrison County",3,63,2682,1282,1400
050,28,047,"Mississippi","Harrison County",3,64,2603,1288,1315
050,28,047,"Mississippi","Harrison County",3,65,2443,1170,1273
050,28,047,"Mississippi","Harrison County",3,66,2446,1170,1276
050,28,047,"Mississippi","Harrison County",3,67,2340,1059,1281
050,28,047,"Mississippi","Harrison County",3,68,2193,1015,1178
050,28,047,"Mississippi","Harrison County",3,69,2137,1008,1129
050,28,047,"Mississippi","Harrison County",3,70,2001,947,1054
050,28,047,"Mississippi","Harrison County",3,71,1918,876,1042
050,28,047,"Mississippi","Harrison County",3,72,1877,864,1013
050,28,047,"Mississippi","Harrison County",3,73,1832,865,967
050,28,047,"Mississippi","Harrison County",3,74,1934,919,1015
050,28,047,"Mississippi","Harrison County",3,75,1298,596,702
050,28,047,"Mississippi","Harrison County",3,76,1224,551,673
050,28,047,"Mississippi","Harrison County",3,77,1159,528,631
050,28,047,"Mississippi","Harrison County",3,78,1214,552,662
050,28,047,"Mississippi","Harrison County",3,79,987,463,524
050,28,047,"Mississippi","Harrison County",3,80,892,396,496
050,28,047,"Mississippi","Harrison County",3,81,831,343,488
050,28,047,"Mississippi","Harrison County",3,82,712,306,406
050,28,047,"Mississippi","Harrison County",3,83,634,285,349
050,28,047,"Mississippi","Harrison County",3,84,553,215,338
050,28,047,"Mississippi","Harrison County",3,85,3090,1134,1956
050,28,047,"Mississippi","Harrison County",4,0,2422,1244,1178
050,28,047,"Mississippi","Harrison County",4,1,2383,1242,1141
050,28,047,"Mississippi","Harrison County",4,2,2547,1291,1256
050,28,047,"Mississippi","Harrison County",4,3,2679,1368,1311
050,28,047,"Mississippi","Harrison County",4,4,2672,1378,1294
050,28,047,"Mississippi","Harrison County",4,5,2673,1380,1293
050,28,047,"Mississippi","Harrison County",4,6,2766,1400,1366
050,28,047,"Mississippi","Harrison County",4,7,2683,1383,1300
050,28,047,"Mississippi","Harrison County",4,8,2694,1387,1307
050,28,047,"Mississippi","Harrison County",4,9,2688,1349,1339
050,28,047,"Mississippi","Harrison County",4,10,2728,1399,1329
050,28,047,"Mississippi","Harrison County",4,11,2756,1408,1348
050,28,047,"Mississippi","Harrison County",4,12,2897,1514,1383
050,28,047,"Mississippi","Harrison County",4,13,3090,1553,1537
050,28,047,"Mississippi","Harrison County",4,14,3078,1584,1494
050,28,047,"Mississippi","Harrison County",4,15,3102,1583,1519
050,28,047,"Mississippi","Harrison County",4,16,3010,1539,1471
050,28,047,"Mississippi","Harrison County",4,17,2911,1488,1423
050,28,047,"Mississippi","Harrison County",4,18,2674,1498,1176
050,28,047,"Mississippi","Harrison County",4,19,2587,1516,1071
050,28,047,"Mississippi","Harrison County",4,20,2459,1360,1099
050,28,047,"Mississippi","Harrison County",4,21,2655,1461,1194
050,28,047,"Mississippi","Harrison County",4,22,2685,1407,1278
050,28,047,"Mississippi","Harrison County",4,23,2633,1355,1278
050,28,047,"Mississippi","Harrison County",4,24,2663,1305,1358
050,28,047,"Mississippi","Harrison County",4,25,2668,1318,1350
050,28,047,"Mississippi","Harrison County",4,26,2655,1310,1345
050,28,047,"Mississippi","Harrison County",4,27,2754,1345,1409
050,28,047,"Mississippi","Harrison County",4,28,2807,1352,1455
050,28,047,"Mississippi","Harrison County",4,29,2817,1360,1457
050,28,047,"Mississippi","Harrison County",4,30,2897,1432,1465
050,28,047,"Mississippi","Harrison County",4,31,2880,1361,1519
050,28,047,"Mississippi","Harrison County",4,32,2943,1396,1547
050,28,047,"Mississippi","Harrison County",4,33,2966,1395,1571
050,28,047,"Mississippi","Harrison County",4,34,2826,1298,1528
050,28,047,"Mississippi","Harrison County",4,35,2773,1294,1479
050,28,047,"Mississippi","Harrison County",4,36,2850,1367,1483
050,28,047,"Mississippi","Harrison County",4,37,2861,1353,1508
050,28,047,"Mississippi","Harrison County",4,38,2748,1294,1454
050,28,047,"Mississippi","Harrison County",4,39,2768,1296,1472
050,28,047,"Mississippi","Harrison County",4,40,2669,1251,1418
050,28,047,"Mississippi","Harrison County",4,41,2770,1323,1447
050,28,047,"Mississippi","Harrison County",4,42,2712,1326,1386
050,28,047,"Mississippi","Harrison County",4,43,2608,1239,1369
050,28,047,"Mississippi","Harrison County",4,44,2523,1217,1306
050,28,047,"Mississippi","Harrison County",4,45,2464,1209,1255
050,28,047,"Mississippi","Harrison County",4,46,2445,1191,1254
050,28,047,"Mississippi","Harrison County",4,47,2387,1159,1228
050,28,047,"Mississippi","Harrison County",4,48,2310,1086,1224
050,28,047,"Mississippi","Harrison County",4,49,2306,1054,1252
050,28,047,"Mississippi","Harrison County",4,50,2508,1177,1331
050,28,047,"Mississippi","Harrison County",4,51,2757,1323,1434
050,28,047,"Mississippi","Harrison County",4,52,2610,1246,1364
050,28,047,"Mississippi","Harrison County",4,53,2434,1149,1285
050,28,047,"Mississippi","Harrison County",4,54,2401,1152,1249
050,28,047,"Mississippi","Harrison County",4,55,2405,1204,1201
050,28,047,"Mississippi","Harrison County",4,56,2554,1252,1302
050,28,047,"Mississippi","Harrison County",4,57,2677,1292,1385
050,28,047,"Mississippi","Harrison County",4,58,2800,1332,1468
050,28,047,"Mississippi","Harrison County",4,59,2802,1332,1470
050,28,047,"Mississippi","Harrison County",4,60,2904,1405,1499
050,28,047,"Mississippi","Harrison County",4,61,2895,1407,1488
050,28,047,"Mississippi","Harrison County",4,62,2854,1378,1476
050,28,047,"Mississippi","Harrison County",4,63,2812,1349,1463
050,28,047,"Mississippi","Harrison County",4,64,2665,1272,1393
050,28,047,"Mississippi","Harrison County",4,65,2572,1281,1291
050,28,047,"Mississippi","Harrison County",4,66,2438,1157,1281
050,28,047,"Mississippi","Harrison County",4,67,2429,1175,1254
050,28,047,"Mississippi","Harrison County",4,68,2298,1047,1251
050,28,047,"Mississippi","Harrison County",4,69,2163,994,1169
050,28,047,"Mississippi","Harrison County",4,70,2070,957,1113
050,28,047,"Mississippi","Harrison County",4,71,1977,927,1050
050,28,047,"Mississippi","Harrison County",4,72,1885,858,1027
050,28,047,"Mississippi","Harrison County",4,73,1845,842,1003
050,28,047,"Mississippi","Harrison County",4,74,1794,834,960
050,28,047,"Mississippi","Harrison County",4,75,1883,891,992
050,28,047,"Mississippi","Harrison County",4,76,1232,547,685
050,28,047,"Mississippi","Harrison County",4,77,1169,537,632
050,28,047,"Mississippi","Harrison County",4,78,1111,492,619
050,28,047,"Mississippi","Harrison County",4,79,1127,512,615
050,28,047,"Mississippi","Harrison County",4,80,915,419,496
050,28,047,"Mississippi","Harrison County",4,81,832,374,458
050,28,047,"Mississippi","Harrison County",4,82,790,313,477
050,28,047,"Mississippi","Harrison County",4,83,649,294,355
050,28,047,"Mississippi","Harrison County",4,84,550,221,329
050,28,047,"Mississippi","Harrison County",4,85,3094,1111,1983
050,28,047,"Mississippi","Harrison County",5,0,2459,1267,1192
050,28,047,"Mississippi","Harrison County",5,1,2379,1259,1120
050,28,047,"Mississippi","Harrison County",5,2,2386,1266,1120
050,28,047,"Mississippi","Harrison County",5,3,2541,1300,1241
050,28,047,"Mississippi","Harrison County",5,4,2658,1329,1329
050,28,047,"Mississippi","Harrison County",5,5,2632,1333,1299
050,28,047,"Mississippi","Harrison County",5,6,2632,1369,1263
050,28,047,"Mississippi","Harrison County",5,7,2757,1392,1365
050,28,047,"Mississippi","Harrison County",5,8,2670,1358,1312
050,28,047,"Mississippi","Harrison County",5,9,2685,1380,1305
050,28,047,"Mississippi","Harrison County",5,10,2677,1385,1292
050,28,047,"Mississippi","Harrison County",5,11,2700,1393,1307
050,28,047,"Mississippi","Harrison County",5,12,2756,1434,1322
050,28,047,"Mississippi","Harrison County",5,13,2820,1463,1357
050,28,047,"Mississippi","Harrison County",5,14,3100,1558,1542
050,28,047,"Mississippi","Harrison County",5,15,3044,1571,1473
050,28,047,"Mississippi","Harrison County",5,16,3105,1581,1524
050,28,047,"Mississippi","Harrison County",5,17,3022,1545,1477
050,28,047,"Mississippi","Harrison County",5,18,2736,1514,1222
050,28,047,"Mississippi","Harrison County",5,19,2555,1499,1056
050,28,047,"Mississippi","Harrison County",5,20,2521,1413,1108
050,28,047,"Mississippi","Harrison County",5,21,2518,1344,1174
050,28,047,"Mississippi","Harrison County",5,22,2705,1452,1253
050,28,047,"Mississippi","Harrison County",5,23,2759,1401,1358
050,28,047,"Mississippi","Harrison County",5,24,2652,1335,1317
050,28,047,"Mississippi","Harrison County",5,25,2591,1258,1333
050,28,047,"Mississippi","Harrison County",5,26,2577,1248,1329
050,28,047,"Mississippi","Harrison County",5,27,2644,1268,1376
050,28,047,"Mississippi","Harrison County",5,28,2736,1315,1421
050,28,047,"Mississippi","Harrison County",5,29,2861,1345,1516
050,28,047,"Mississippi","Harrison County",5,30,2755,1340,1415
050,28,047,"Mississippi","Harrison County",5,31,2875,1409,1466
050,28,047,"Mississippi","Harrison County",5,32,2886,1353,1533
050,28,047,"Mississippi","Harrison County",5,33,2899,1365,1534
050,28,047,"Mississippi","Harrison County",5,34,2885,1340,1545
050,28,047,"Mississippi","Harrison County",5,35,2754,1244,1510
050,28,047,"Mississippi","Harrison County",5,36,2755,1251,1504
050,28,047,"Mississippi","Harrison County",5,37,2873,1362,1511
050,28,047,"Mississippi","Harrison County",5,38,2826,1324,1502
050,28,047,"Mississippi","Harrison County",5,39,2784,1281,1503
050,28,047,"Mississippi","Harrison County",5,40,2709,1288,1421
050,28,047,"Mississippi","Harrison County",5,41,2683,1247,1436
050,28,047,"Mississippi","Harrison County",5,42,2725,1295,1430
050,28,047,"Mississippi","Harrison County",5,43,2670,1307,1363
050,28,047,"Mississippi","Harrison County",5,44,2594,1214,1380
050,28,047,"Mississippi","Harrison County",5,45,2495,1211,1284
050,28,047,"Mississippi","Harrison County",5,46,2452,1186,1266
050,28,047,"Mississippi","Harrison County",5,47,2406,1163,1243
050,28,047,"Mississippi","Harrison County",5,48,2366,1140,1226
050,28,047,"Mississippi","Harrison County",5,49,2267,1051,1216
050,28,047,"Mississippi","Harrison County",5,50,2321,1081,1240
050,28,047,"Mississippi","Harrison County",5,51,2498,1165,1333
050,28,047,"Mississippi","Harrison County",5,52,2811,1360,1451
050,28,047,"Mississippi","Harrison County",5,53,2615,1260,1355
050,28,047,"Mississippi","Harrison County",5,54,2432,1130,1302
050,28,047,"Mississippi","Harrison County",5,55,2385,1133,1252
050,28,047,"Mississippi","Harrison County",5,56,2412,1195,1217
050,28,047,"Mississippi","Harrison County",5,57,2543,1260,1283
050,28,047,"Mississippi","Harrison County",5,58,2677,1278,1399
050,28,047,"Mississippi","Harrison County",5,59,2777,1320,1457
050,28,047,"Mississippi","Harrison County",5,60,2814,1335,1479
050,28,047,"Mississippi","Harrison County",5,61,2936,1419,1517
050,28,047,"Mississippi","Harrison County",5,62,2891,1402,1489
050,28,047,"Mississippi","Harrison County",5,63,2878,1387,1491
050,28,047,"Mississippi","Harrison County",5,64,2781,1338,1443
050,28,047,"Mississippi","Harrison County",5,65,2668,1281,1387
050,28,047,"Mississippi","Harrison County",5,66,2552,1269,1283
050,28,047,"Mississippi","Harrison County",5,67,2432,1158,1274
050,28,047,"Mississippi","Harrison County",5,68,2411,1173,1238
050,28,047,"Mississippi","Harrison County",5,69,2292,1044,1248
050,28,047,"Mississippi","Harrison County",5,70,2123,970,1153
050,28,047,"Mississippi","Harrison County",5,71,2041,931,1110
050,28,047,"Mississippi","Harrison County",5,72,1937,905,1032
050,28,047,"Mississippi","Harrison County",5,73,1862,846,1016
050,28,047,"Mississippi","Harrison County",5,74,1827,829,998
050,28,047,"Mississippi","Harrison County",5,75,1752,818,934
050,28,047,"Mississippi","Harrison County",5,76,1813,839,974
050,28,047,"Mississippi","Harrison County",5,77,1176,535,641
050,28,047,"Mississippi","Harrison County",5,78,1175,526,649
050,28,047,"Mississippi","Harrison County",5,79,1040,460,580
050,28,047,"Mississippi","Harrison County",5,80,1072,480,592
050,28,047,"Mississippi","Harrison County",5,81,870,396,474
050,28,047,"Mississippi","Harrison County",5,82,809,356,453
050,28,047,"Mississippi","Harrison County",5,83,718,293,425
050,28,047,"Mississippi","Harrison County",5,84,589,248,341
050,28,047,"Mississippi","Harrison County",5,85,3145,1128,2017
050,28,049,"Mississippi","Hinds County",1,0,2837,1439,1398
050,28,049,"Mississippi","Hinds County",1,1,2880,1461,1419
050,28,049,"Mississippi","Hinds County",1,2,2864,1509,1355
050,28,049,"Mississippi","Hinds County",1,3,2848,1452,1396
050,28,049,"Mississippi","Hinds County",1,4,2815,1452,1363
050,28,049,"Mississippi","Hinds County",1,5,2954,1496,1458
050,28,049,"Mississippi","Hinds County",1,6,2864,1475,1389
050,28,049,"Mississippi","Hinds County",1,7,2848,1416,1432
050,28,049,"Mississippi","Hinds County",1,8,2974,1497,1477
050,28,049,"Mississippi","Hinds County",1,9,3024,1555,1469
050,28,049,"Mississippi","Hinds County",1,10,3093,1642,1451
050,28,049,"Mississippi","Hinds County",1,11,3349,1719,1630
050,28,049,"Mississippi","Hinds County",1,12,3420,1746,1674
050,28,049,"Mississippi","Hinds County",1,13,3279,1686,1593
050,28,049,"Mississippi","Hinds County",1,14,3176,1615,1561
050,28,049,"Mississippi","Hinds County",1,15,3156,1640,1516
050,28,049,"Mississippi","Hinds County",1,16,3200,1577,1623
050,28,049,"Mississippi","Hinds County",1,17,3057,1499,1558
050,28,049,"Mississippi","Hinds County",1,18,3402,1632,1770
050,28,049,"Mississippi","Hinds County",1,19,4005,1843,2162
050,28,049,"Mississippi","Hinds County",1,20,3750,1770,1980
050,28,049,"Mississippi","Hinds County",1,21,3483,1660,1823
050,28,049,"Mississippi","Hinds County",1,22,3375,1586,1789
050,28,049,"Mississippi","Hinds County",1,23,3146,1484,1662
050,28,049,"Mississippi","Hinds County",1,24,3193,1524,1669
050,28,049,"Mississippi","Hinds County",1,25,3300,1533,1767
050,28,049,"Mississippi","Hinds County",1,26,3349,1586,1763
050,28,049,"Mississippi","Hinds County",1,27,3443,1664,1779
050,28,049,"Mississippi","Hinds County",1,28,3374,1634,1740
050,28,049,"Mississippi","Hinds County",1,29,3335,1575,1760
050,28,049,"Mississippi","Hinds County",1,30,3280,1534,1746
050,28,049,"Mississippi","Hinds County",1,31,3140,1446,1694
050,28,049,"Mississippi","Hinds County",1,32,3050,1421,1629
050,28,049,"Mississippi","Hinds County",1,33,2965,1369,1596
050,28,049,"Mississippi","Hinds County",1,34,2832,1275,1557
050,28,049,"Mississippi","Hinds County",1,35,2899,1316,1583
050,28,049,"Mississippi","Hinds County",1,36,2878,1354,1524
050,28,049,"Mississippi","Hinds County",1,37,2950,1387,1563
050,28,049,"Mississippi","Hinds County",1,38,2916,1376,1540
050,28,049,"Mississippi","Hinds County",1,39,2910,1352,1558
050,28,049,"Mississippi","Hinds County",1,40,2885,1341,1544
050,28,049,"Mississippi","Hinds County",1,41,2787,1300,1487
050,28,049,"Mississippi","Hinds County",1,42,2633,1205,1428
050,28,049,"Mississippi","Hinds County",1,43,2556,1158,1398
050,28,049,"Mississippi","Hinds County",1,44,2503,1142,1361
050,28,049,"Mississippi","Hinds County",1,45,2479,1122,1357
050,28,049,"Mississippi","Hinds County",1,46,2420,1073,1347
050,28,049,"Mississippi","Hinds County",1,47,2552,1145,1407
050,28,049,"Mississippi","Hinds County",1,48,2618,1199,1419
050,28,049,"Mississippi","Hinds County",1,49,2784,1315,1469
050,28,049,"Mississippi","Hinds County",1,50,2614,1219,1395
050,28,049,"Mississippi","Hinds County",1,51,2557,1127,1430
050,28,049,"Mississippi","Hinds County",1,52,2519,1170,1349
050,28,049,"Mississippi","Hinds County",1,53,2586,1228,1358
050,28,049,"Mississippi","Hinds County",1,54,2585,1186,1399
050,28,049,"Mississippi","Hinds County",1,55,2814,1247,1567
050,28,049,"Mississippi","Hinds County",1,56,2933,1368,1565
050,28,049,"Mississippi","Hinds County",1,57,2923,1364,1559
050,28,049,"Mississippi","Hinds County",1,58,3025,1384,1641
050,28,049,"Mississippi","Hinds County",1,59,2981,1378,1603
050,28,049,"Mississippi","Hinds County",1,60,2963,1326,1637
050,28,049,"Mississippi","Hinds County",1,61,2858,1297,1561
050,28,049,"Mississippi","Hinds County",1,62,2875,1318,1557
050,28,049,"Mississippi","Hinds County",1,63,2850,1281,1569
050,28,049,"Mississippi","Hinds County",1,64,2799,1256,1543
050,28,049,"Mississippi","Hinds County",1,65,2667,1186,1481
050,28,049,"Mississippi","Hinds County",1,66,2524,1154,1370
050,28,049,"Mississippi","Hinds County",1,67,2350,1051,1299
050,28,049,"Mississippi","Hinds County",1,68,2299,1002,1297
050,28,049,"Mississippi","Hinds County",1,69,2215,976,1239
050,28,049,"Mississippi","Hinds County",1,70,2072,910,1162
050,28,049,"Mississippi","Hinds County",1,71,1945,884,1061
050,28,049,"Mississippi","Hinds County",1,72,1895,854,1041
050,28,049,"Mississippi","Hinds County",1,73,1771,817,954
050,28,049,"Mississippi","Hinds County",1,74,1348,586,762
050,28,049,"Mississippi","Hinds County",1,75,1290,561,729
050,28,049,"Mississippi","Hinds County",1,76,1223,553,670
050,28,049,"Mississippi","Hinds County",1,77,1127,454,673
050,28,049,"Mississippi","Hinds County",1,78,1015,421,594
050,28,049,"Mississippi","Hinds County",1,79,918,366,552
050,28,049,"Mississippi","Hinds County",1,80,863,316,547
050,28,049,"Mississippi","Hinds County",1,81,827,306,521
050,28,049,"Mississippi","Hinds County",1,82,751,293,458
050,28,049,"Mississippi","Hinds County",1,83,662,254,408
050,28,049,"Mississippi","Hinds County",1,84,614,238,376
050,28,049,"Mississippi","Hinds County",1,85,3653,1096,2557
050,28,049,"Mississippi","Hinds County",2,0,2785,1421,1364
050,28,049,"Mississippi","Hinds County",2,1,2864,1450,1414
050,28,049,"Mississippi","Hinds County",2,2,2860,1492,1368
050,28,049,"Mississippi","Hinds County",2,3,2813,1447,1366
050,28,049,"Mississippi","Hinds County",2,4,2800,1441,1359
050,28,049,"Mississippi","Hinds County",2,5,2904,1482,1422
050,28,049,"Mississippi","Hinds County",2,6,2885,1477,1408
050,28,049,"Mississippi","Hinds County",2,7,2851,1427,1424
050,28,049,"Mississippi","Hinds County",2,8,2928,1472,1456
050,28,049,"Mississippi","Hinds County",2,9,2991,1532,1459
050,28,049,"Mississippi","Hinds County",2,10,3052,1606,1446
050,28,049,"Mississippi","Hinds County",2,11,3248,1681,1567
050,28,049,"Mississippi","Hinds County",2,12,3395,1736,1659
050,28,049,"Mississippi","Hinds County",2,13,3300,1694,1606
050,28,049,"Mississippi","Hinds County",2,14,3181,1619,1562
050,28,049,"Mississippi","Hinds County",2,15,3157,1633,1524
050,28,049,"Mississippi","Hinds County",2,16,3168,1581,1587
050,28,049,"Mississippi","Hinds County",2,17,3072,1504,1568
050,28,049,"Mississippi","Hinds County",2,18,3381,1619,1762
050,28,049,"Mississippi","Hinds County",2,19,3991,1834,2157
050,28,049,"Mississippi","Hinds County",2,20,3761,1771,1990
050,28,049,"Mississippi","Hinds County",2,21,3498,1665,1833
050,28,049,"Mississippi","Hinds County",2,22,3342,1565,1777
050,28,049,"Mississippi","Hinds County",2,23,3153,1492,1661
050,28,049,"Mississippi","Hinds County",2,24,3139,1489,1650
050,28,049,"Mississippi","Hinds County",2,25,3254,1529,1725
050,28,049,"Mississippi","Hinds County",2,26,3320,1569,1751
050,28,049,"Mississippi","Hinds County",2,27,3382,1620,1762
050,28,049,"Mississippi","Hinds County",2,28,3360,1629,1731
050,28,049,"Mississippi","Hinds County",2,29,3303,1564,1739
050,28,049,"Mississippi","Hinds County",2,30,3271,1537,1734
050,28,049,"Mississippi","Hinds County",2,31,3147,1455,1692
050,28,049,"Mississippi","Hinds County",2,32,3028,1407,1621
050,28,049,"Mississippi","Hinds County",2,33,2957,1370,1587
050,28,049,"Mississippi","Hinds County",2,34,2835,1280,1555
050,28,049,"Mississippi","Hinds County",2,35,2874,1304,1570
050,28,049,"Mississippi","Hinds County",2,36,2849,1329,1520
050,28,049,"Mississippi","Hinds County",2,37,2907,1366,1541
050,28,049,"Mississippi","Hinds County",2,38,2911,1372,1539
050,28,049,"Mississippi","Hinds County",2,39,2879,1344,1535
050,28,049,"Mississippi","Hinds County",2,40,2900,1351,1549
050,28,049,"Mississippi","Hinds County",2,41,2803,1307,1496
050,28,049,"Mississippi","Hinds County",2,42,2628,1210,1418
050,28,049,"Mississippi","Hinds County",2,43,2589,1174,1415
050,28,049,"Mississippi","Hinds County",2,44,2487,1133,1354
050,28,049,"Mississippi","Hinds County",2,45,2483,1122,1361
050,28,049,"Mississippi","Hinds County",2,46,2405,1071,1334
050,28,049,"Mississippi","Hinds County",2,47,2507,1120,1387
050,28,049,"Mississippi","Hinds County",2,48,2597,1181,1416
050,28,049,"Mississippi","Hinds County",2,49,2741,1291,1450
050,28,049,"Mississippi","Hinds County",2,50,2645,1233,1412
050,28,049,"Mississippi","Hinds County",2,51,2542,1136,1406
050,28,049,"Mississippi","Hinds County",2,52,2531,1160,1371
050,28,049,"Mississippi","Hinds County",2,53,2544,1200,1344
050,28,049,"Mississippi","Hinds County",2,54,2569,1185,1384
050,28,049,"Mississippi","Hinds County",2,55,2744,1222,1522
050,28,049,"Mississippi","Hinds County",2,56,2896,1338,1558
050,28,049,"Mississippi","Hinds County",2,57,2907,1355,1552
050,28,049,"Mississippi","Hinds County",2,58,2984,1371,1613
050,28,049,"Mississippi","Hinds County",2,59,2975,1369,1606
050,28,049,"Mississippi","Hinds County",2,60,2948,1327,1621
050,28,049,"Mississippi","Hinds County",2,61,2865,1290,1575
050,28,049,"Mississippi","Hinds County",2,62,2841,1296,1545
050,28,049,"Mississippi","Hinds County",2,63,2856,1291,1565
050,28,049,"Mississippi","Hinds County",2,64,2783,1243,1540
050,28,049,"Mississippi","Hinds County",2,65,2683,1187,1496
050,28,049,"Mississippi","Hinds County",2,66,2542,1150,1392
050,28,049,"Mississippi","Hinds County",2,67,2372,1063,1309
050,28,049,"Mississippi","Hinds County",2,68,2269,994,1275
050,28,049,"Mississippi","Hinds County",2,69,2230,977,1253
050,28,049,"Mississippi","Hinds County",2,70,2089,916,1173
050,28,049,"Mississippi","Hinds County",2,71,1960,880,1080
050,28,049,"Mississippi","Hinds County",2,72,1872,844,1028
050,28,049,"Mississippi","Hinds County",2,73,1839,840,999
050,28,049,"Mississippi","Hinds County",2,74,1360,600,760
050,28,049,"Mississippi","Hinds County",2,75,1288,558,730
050,28,049,"Mississippi","Hinds County",2,76,1223,552,671
050,28,049,"Mississippi","Hinds County",2,77,1145,467,678
050,28,049,"Mississippi","Hinds County",2,78,1011,419,592
050,28,049,"Mississippi","Hinds County",2,79,925,367,558
050,28,049,"Mississippi","Hinds County",2,80,868,324,544
050,28,049,"Mississippi","Hinds County",2,81,829,308,521
050,28,049,"Mississippi","Hinds County",2,82,762,291,471
050,28,049,"Mississippi","Hinds County",2,83,670,260,410
050,28,049,"Mississippi","Hinds County",2,84,599,236,363
050,28,049,"Mississippi","Hinds County",2,85,3663,1099,2564
050,28,049,"Mississippi","Hinds County",3,0,2765,1409,1356
050,28,049,"Mississippi","Hinds County",3,1,2693,1343,1350
050,28,049,"Mississippi","Hinds County",3,2,2802,1423,1379
050,28,049,"Mississippi","Hinds County",3,3,2841,1463,1378
050,28,049,"Mississippi","Hinds County",3,4,2729,1411,1318
050,28,049,"Mississippi","Hinds County",3,5,2734,1404,1330
050,28,049,"Mississippi","Hinds County",3,6,2815,1437,1378
050,28,049,"Mississippi","Hinds County",3,7,2794,1414,1380
050,28,049,"Mississippi","Hinds County",3,8,2766,1385,1381
050,28,049,"Mississippi","Hinds County",3,9,2856,1440,1416
050,28,049,"Mississippi","Hinds County",3,10,2944,1508,1436
050,28,049,"Mississippi","Hinds County",3,11,2959,1546,1413
050,28,049,"Mississippi","Hinds County",3,12,3181,1629,1552
050,28,049,"Mississippi","Hinds County",3,13,3343,1704,1639
050,28,049,"Mississippi","Hinds County",3,14,3242,1671,1571
050,28,049,"Mississippi","Hinds County",3,15,3131,1565,1566
050,28,049,"Mississippi","Hinds County",3,16,3096,1614,1482
050,28,049,"Mississippi","Hinds County",3,17,3101,1531,1570
050,28,049,"Mississippi","Hinds County",3,18,3341,1576,1765
050,28,049,"Mississippi","Hinds County",3,19,3845,1752,2093
050,28,049,"Mississippi","Hinds County",3,20,3629,1690,1939
050,28,049,"Mississippi","Hinds County",3,21,3447,1627,1820
050,28,049,"Mississippi","Hinds County",3,22,3155,1483,1672
050,28,049,"Mississippi","Hinds County",3,23,3154,1522,1632
050,28,049,"Mississippi","Hinds County",3,24,3141,1475,1666
050,28,049,"Mississippi","Hinds County",3,25,3052,1427,1625
050,28,049,"Mississippi","Hinds County",3,26,3194,1504,1690
050,28,049,"Mississippi","Hinds County",3,27,3179,1488,1691
050,28,049,"Mississippi","Hinds County",3,28,3252,1562,1690
050,28,049,"Mississippi","Hinds County",3,29,3217,1543,1674
050,28,049,"Mississippi","Hinds County",3,30,3128,1493,1635
050,28,049,"Mississippi","Hinds County",3,31,3137,1493,1644
050,28,049,"Mississippi","Hinds County",3,32,3021,1407,1614
050,28,049,"Mississippi","Hinds County",3,33,2937,1384,1553
050,28,049,"Mississippi","Hinds County",3,34,2787,1292,1495
050,28,049,"Mississippi","Hinds County",3,35,2776,1246,1530
050,28,049,"Mississippi","Hinds County",3,36,2834,1307,1527
050,28,049,"Mississippi","Hinds County",3,37,2742,1282,1460
050,28,049,"Mississippi","Hinds County",3,38,2827,1315,1512
050,28,049,"Mississippi","Hinds County",3,39,2817,1320,1497
050,28,049,"Mississippi","Hinds County",3,40,2819,1313,1506
050,28,049,"Mississippi","Hinds County",3,41,2808,1308,1500
050,28,049,"Mississippi","Hinds County",3,42,2756,1294,1462
050,28,049,"Mississippi","Hinds County",3,43,2549,1166,1383
050,28,049,"Mississippi","Hinds County",3,44,2514,1130,1384
050,28,049,"Mississippi","Hinds County",3,45,2420,1085,1335
050,28,049,"Mississippi","Hinds County",3,46,2434,1096,1338
050,28,049,"Mississippi","Hinds County",3,47,2372,1054,1318
050,28,049,"Mississippi","Hinds County",3,48,2467,1088,1379
050,28,049,"Mississippi","Hinds County",3,49,2586,1182,1404
050,28,049,"Mississippi","Hinds County",3,50,2657,1258,1399
050,28,049,"Mississippi","Hinds County",3,51,2577,1191,1386
050,28,049,"Mississippi","Hinds County",3,52,2497,1130,1367
050,28,049,"Mississippi","Hinds County",3,53,2488,1142,1346
050,28,049,"Mississippi","Hinds County",3,54,2480,1172,1308
050,28,049,"Mississippi","Hinds County",3,55,2466,1119,1347
050,28,049,"Mississippi","Hinds County",3,56,2670,1195,1475
050,28,049,"Mississippi","Hinds County",3,57,2818,1304,1514
050,28,049,"Mississippi","Hinds County",3,58,2855,1325,1530
050,28,049,"Mississippi","Hinds County",3,59,2910,1336,1574
050,28,049,"Mississippi","Hinds County",3,60,2851,1316,1535
050,28,049,"Mississippi","Hinds County",3,61,2864,1279,1585
050,28,049,"Mississippi","Hinds County",3,62,2790,1242,1548
050,28,049,"Mississippi","Hinds County",3,63,2751,1257,1494
050,28,049,"Mississippi","Hinds County",3,64,2759,1238,1521
050,28,049,"Mississippi","Hinds County",3,65,2716,1206,1510
050,28,049,"Mississippi","Hinds County",3,66,2582,1130,1452
050,28,049,"Mississippi","Hinds County",3,67,2458,1095,1363
050,28,049,"Mississippi","Hinds County",3,68,2302,1022,1280
050,28,049,"Mississippi","Hinds County",3,69,2205,972,1233
050,28,049,"Mississippi","Hinds County",3,70,2163,931,1232
050,28,049,"Mississippi","Hinds County",3,71,2012,870,1142
050,28,049,"Mississippi","Hinds County",3,72,1866,830,1036
050,28,049,"Mississippi","Hinds County",3,73,1794,812,982
050,28,049,"Mississippi","Hinds County",3,74,1767,805,962
050,28,049,"Mississippi","Hinds County",3,75,1249,532,717
050,28,049,"Mississippi","Hinds County",3,76,1261,555,706
050,28,049,"Mississippi","Hinds County",3,77,1150,504,646
050,28,049,"Mississippi","Hinds County",3,78,1073,438,635
050,28,049,"Mississippi","Hinds County",3,79,943,380,563
050,28,049,"Mississippi","Hinds County",3,80,883,342,541
050,28,049,"Mississippi","Hinds County",3,81,817,305,512
050,28,049,"Mississippi","Hinds County",3,82,761,260,501
050,28,049,"Mississippi","Hinds County",3,83,704,274,430
050,28,049,"Mississippi","Hinds County",3,84,588,244,344
050,28,049,"Mississippi","Hinds County",3,85,3608,1080,2528
050,28,049,"Mississippi","Hinds County",4,0,2705,1396,1309
050,28,049,"Mississippi","Hinds County",4,1,2571,1290,1281
050,28,049,"Mississippi","Hinds County",4,2,2607,1321,1286
050,28,049,"Mississippi","Hinds County",4,3,2688,1374,1314
050,28,049,"Mississippi","Hinds County",4,4,2748,1411,1337
050,28,049,"Mississippi","Hinds County",4,5,2626,1349,1277
050,28,049,"Mississippi","Hinds County",4,6,2644,1347,1297
050,28,049,"Mississippi","Hinds County",4,7,2663,1341,1322
050,28,049,"Mississippi","Hinds County",4,8,2701,1370,1331
050,28,049,"Mississippi","Hinds County",4,9,2718,1361,1357
050,28,049,"Mississippi","Hinds County",4,10,2809,1419,1390
050,28,049,"Mississippi","Hinds County",4,11,2900,1498,1402
050,28,049,"Mississippi","Hinds County",4,12,2911,1527,1384
050,28,049,"Mississippi","Hinds County",4,13,3099,1601,1498
050,28,049,"Mississippi","Hinds County",4,14,3261,1652,1609
050,28,049,"Mississippi","Hinds County",4,15,3174,1628,1546
050,28,049,"Mississippi","Hinds County",4,16,3098,1567,1531
050,28,049,"Mississippi","Hinds County",4,17,3014,1563,1451
050,28,049,"Mississippi","Hinds County",4,18,3329,1569,1760
050,28,049,"Mississippi","Hinds County",4,19,3802,1717,2085
050,28,049,"Mississippi","Hinds County",4,20,3484,1625,1859
050,28,049,"Mississippi","Hinds County",4,21,3376,1591,1785
050,28,049,"Mississippi","Hinds County",4,22,3140,1450,1690
050,28,049,"Mississippi","Hinds County",4,23,2898,1398,1500
050,28,049,"Mississippi","Hinds County",4,24,3037,1469,1568
050,28,049,"Mississippi","Hinds County",4,25,2998,1435,1563
050,28,049,"Mississippi","Hinds County",4,26,2869,1337,1532
050,28,049,"Mississippi","Hinds County",4,27,3004,1368,1636
050,28,049,"Mississippi","Hinds County",4,28,3049,1418,1631
050,28,049,"Mississippi","Hinds County",4,29,3126,1517,1609
050,28,049,"Mississippi","Hinds County",4,30,2997,1431,1566
050,28,049,"Mississippi","Hinds County",4,31,2988,1438,1550
050,28,049,"Mississippi","Hinds County",4,32,3018,1410,1608
050,28,049,"Mississippi","Hinds County",4,33,2897,1362,1535
050,28,049,"Mississippi","Hinds County",4,34,2780,1285,1495
050,28,049,"Mississippi","Hinds County",4,35,2685,1237,1448
050,28,049,"Mississippi","Hinds County",4,36,2716,1196,1520
050,28,049,"Mississippi","Hinds County",4,37,2764,1271,1493
050,28,049,"Mississippi","Hinds County",4,38,2638,1226,1412
050,28,049,"Mississippi","Hinds County",4,39,2737,1262,1475
050,28,049,"Mississippi","Hinds County",4,40,2692,1252,1440
050,28,049,"Mississippi","Hinds County",4,41,2735,1279,1456
050,28,049,"Mississippi","Hinds County",4,42,2761,1288,1473
050,28,049,"Mississippi","Hinds County",4,43,2705,1278,1427
050,28,049,"Mississippi","Hinds County",4,44,2517,1138,1379
050,28,049,"Mississippi","Hinds County",4,45,2463,1092,1371
050,28,049,"Mississippi","Hinds County",4,46,2371,1081,1290
050,28,049,"Mississippi","Hinds County",4,47,2408,1081,1327
050,28,049,"Mississippi","Hinds County",4,48,2285,1020,1265
050,28,049,"Mississippi","Hinds County",4,49,2449,1102,1347
050,28,049,"Mississippi","Hinds County",4,50,2533,1149,1384
050,28,049,"Mississippi","Hinds County",4,51,2621,1222,1399
050,28,049,"Mississippi","Hinds County",4,52,2526,1184,1342
050,28,049,"Mississippi","Hinds County",4,53,2430,1089,1341
050,28,049,"Mississippi","Hinds County",4,54,2427,1111,1316
050,28,049,"Mississippi","Hinds County",4,55,2398,1137,1261
050,28,049,"Mississippi","Hinds County",4,56,2448,1122,1326
050,28,049,"Mississippi","Hinds County",4,57,2574,1145,1429
050,28,049,"Mississippi","Hinds County",4,58,2792,1290,1502
050,28,049,"Mississippi","Hinds County",4,59,2817,1306,1511
050,28,049,"Mississippi","Hinds County",4,60,2826,1292,1534
050,28,049,"Mississippi","Hinds County",4,61,2777,1270,1507
050,28,049,"Mississippi","Hinds County",4,62,2829,1258,1571
050,28,049,"Mississippi","Hinds County",4,63,2729,1206,1523
050,28,049,"Mississippi","Hinds County",4,64,2711,1233,1478
050,28,049,"Mississippi","Hinds County",4,65,2695,1206,1489
050,28,049,"Mississippi","Hinds County",4,66,2604,1149,1455
050,28,049,"Mississippi","Hinds County",4,67,2473,1071,1402
050,28,049,"Mississippi","Hinds County",4,68,2382,1054,1328
050,28,049,"Mississippi","Hinds County",4,69,2241,998,1243
050,28,049,"Mississippi","Hinds County",4,70,2110,919,1191
050,28,049,"Mississippi","Hinds County",4,71,2090,887,1203
050,28,049,"Mississippi","Hinds County",4,72,1922,827,1095
050,28,049,"Mississippi","Hinds County",4,73,1788,799,989
050,28,049,"Mississippi","Hinds County",4,74,1723,780,943
050,28,049,"Mississippi","Hinds County",4,75,1655,749,906
050,28,049,"Mississippi","Hinds County",4,76,1220,528,692
050,28,049,"Mississippi","Hinds County",4,77,1181,508,673
050,28,049,"Mississippi","Hinds County",4,78,1100,482,618
050,28,049,"Mississippi","Hinds County",4,79,995,400,595
050,28,049,"Mississippi","Hinds County",4,80,869,335,534
050,28,049,"Mississippi","Hinds County",4,81,829,330,499
050,28,049,"Mississippi","Hinds County",4,82,720,257,463
050,28,049,"Mississippi","Hinds County",4,83,686,236,450
050,28,049,"Mississippi","Hinds County",4,84,623,254,369
050,28,049,"Mississippi","Hinds County",4,85,3556,1080,2476
050,28,049,"Mississippi","Hinds County",5,0,2735,1409,1326
050,28,049,"Mississippi","Hinds County",5,1,2640,1340,1300
050,28,049,"Mississippi","Hinds County",5,2,2560,1280,1280
050,28,049,"Mississippi","Hinds County",5,3,2588,1318,1270
050,28,049,"Mississippi","Hinds County",5,4,2632,1357,1275
050,28,049,"Mississippi","Hinds County",5,5,2656,1372,1284
050,28,049,"Mississippi","Hinds County",5,6,2563,1324,1239
050,28,049,"Mississippi","Hinds County",5,7,2604,1323,1281
050,28,049,"Mississippi","Hinds County",5,8,2621,1318,1303
050,28,049,"Mississippi","Hinds County",5,9,2651,1340,1311
050,28,049,"Mississippi","Hinds County",5,10,2642,1332,1310
050,28,049,"Mississippi","Hinds County",5,11,2749,1390,1359
050,28,049,"Mississippi","Hinds County",5,12,2834,1483,1351
050,28,049,"Mississippi","Hinds County",5,13,2866,1475,1391
050,28,049,"Mississippi","Hinds County",5,14,3050,1565,1485
050,28,049,"Mississippi","Hinds County",5,15,3180,1612,1568
050,28,049,"Mississippi","Hinds County",5,16,3148,1624,1524
050,28,049,"Mississippi","Hinds County",5,17,3039,1539,1500
050,28,049,"Mississippi","Hinds County",5,18,3280,1615,1665
050,28,049,"Mississippi","Hinds County",5,19,3821,1734,2087
050,28,049,"Mississippi","Hinds County",5,20,3492,1600,1892
050,28,049,"Mississippi","Hinds County",5,21,3296,1567,1729
050,28,049,"Mississippi","Hinds County",5,22,3148,1461,1687
050,28,049,"Mississippi","Hinds County",5,23,2934,1382,1552
050,28,049,"Mississippi","Hinds County",5,24,2876,1365,1511
050,28,049,"Mississippi","Hinds County",5,25,2947,1402,1545
050,28,049,"Mississippi","Hinds County",5,26,2880,1394,1486
050,28,049,"Mississippi","Hinds County",5,27,2734,1276,1458
050,28,049,"Mississippi","Hinds County",5,28,2932,1336,1596
050,28,049,"Mississippi","Hinds County",5,29,2933,1351,1582
050,28,049,"Mississippi","Hinds County",5,30,2965,1429,1536
050,28,049,"Mississippi","Hinds County",5,31,2921,1414,1507
050,28,049,"Mississippi","Hinds County",5,32,2886,1391,1495
050,28,049,"Mississippi","Hinds County",5,33,2929,1374,1555
050,28,049,"Mississippi","Hinds County",5,34,2827,1329,1498
050,28,049,"Mississippi","Hinds County",5,35,2721,1262,1459
050,28,049,"Mississippi","Hinds County",5,36,2609,1201,1408
050,28,049,"Mississippi","Hinds County",5,37,2618,1159,1459
050,28,049,"Mississippi","Hinds County",5,38,2697,1224,1473
050,28,049,"Mississippi","Hinds County",5,39,2577,1195,1382
050,28,049,"Mississippi","Hinds County",5,40,2662,1243,1419
050,28,049,"Mississippi","Hinds County",5,41,2666,1253,1413
050,28,049,"Mississippi","Hinds County",5,42,2673,1231,1442
050,28,049,"Mississippi","Hinds County",5,43,2705,1248,1457
050,28,049,"Mississippi","Hinds County",5,44,2705,1287,1418
050,28,049,"Mississippi","Hinds County",5,45,2455,1110,1345
050,28,049,"Mississippi","Hinds County",5,46,2435,1070,1365
050,28,049,"Mississippi","Hinds County",5,47,2335,1062,1273
050,28,049,"Mississippi","Hinds County",5,48,2353,1067,1286
050,28,049,"Mississippi","Hinds County",5,49,2259,1007,1252
050,28,049,"Mississippi","Hinds County",5,50,2374,1050,1324
050,28,049,"Mississippi","Hinds County",5,51,2537,1138,1399
050,28,049,"Mississippi","Hinds County",5,52,2595,1215,1380
050,28,049,"Mississippi","Hinds County",5,53,2485,1163,1322
050,28,049,"Mississippi","Hinds County",5,54,2402,1074,1328
050,28,049,"Mississippi","Hinds County",5,55,2370,1072,1298
050,28,049,"Mississippi","Hinds County",5,56,2387,1137,1250
050,28,049,"Mississippi","Hinds County",5,57,2374,1085,1289
050,28,049,"Mississippi","Hinds County",5,58,2519,1115,1404
050,28,049,"Mississippi","Hinds County",5,59,2737,1268,1469
050,28,049,"Mississippi","Hinds County",5,60,2753,1278,1475
050,28,049,"Mississippi","Hinds County",5,61,2753,1262,1491
050,28,049,"Mississippi","Hinds County",5,62,2723,1230,1493
050,28,049,"Mississippi","Hinds County",5,63,2769,1231,1538
050,28,049,"Mississippi","Hinds County",5,64,2674,1182,1492
050,28,049,"Mississippi","Hinds County",5,65,2669,1210,1459
050,28,049,"Mississippi","Hinds County",5,66,2622,1173,1449
050,28,049,"Mississippi","Hinds County",5,67,2533,1111,1422
050,28,049,"Mississippi","Hinds County",5,68,2418,1037,1381
050,28,049,"Mississippi","Hinds County",5,69,2304,1018,1286
050,28,049,"Mississippi","Hinds County",5,70,2190,959,1231
050,28,049,"Mississippi","Hinds County",5,71,2058,876,1182
050,28,049,"Mississippi","Hinds County",5,72,2025,852,1173
050,28,049,"Mississippi","Hinds County",5,73,1873,804,1069
050,28,049,"Mississippi","Hinds County",5,74,1722,767,955
050,28,049,"Mississippi","Hinds County",5,75,1613,712,901
050,28,049,"Mississippi","Hinds County",5,76,1627,741,886
050,28,049,"Mississippi","Hinds County",5,77,1157,491,666
050,28,049,"Mississippi","Hinds County",5,78,1138,483,655
050,28,049,"Mississippi","Hinds County",5,79,1030,450,580
050,28,049,"Mississippi","Hinds County",5,80,935,363,572
050,28,049,"Mississippi","Hinds County",5,81,843,334,509
050,28,049,"Mississippi","Hinds County",5,82,757,288,469
050,28,049,"Mississippi","Hinds County",5,83,649,236,413
050,28,049,"Mississippi","Hinds County",5,84,618,219,399
050,28,049,"Mississippi","Hinds County",5,85,3608,1118,2490
050,28,051,"Mississippi","Holmes County",1,0,210,108,102
050,28,051,"Mississippi","Holmes County",1,1,212,102,110
050,28,051,"Mississippi","Holmes County",1,2,210,102,108
050,28,051,"Mississippi","Holmes County",1,3,223,116,107
050,28,051,"Mississippi","Holmes County",1,4,212,119,93
050,28,051,"Mississippi","Holmes County",1,5,217,128,89
050,28,051,"Mississippi","Holmes County",1,6,215,111,104
050,28,051,"Mississippi","Holmes County",1,7,217,105,112
050,28,051,"Mississippi","Holmes County",1,8,223,115,108
050,28,051,"Mississippi","Holmes County",1,9,235,112,123
050,28,051,"Mississippi","Holmes County",1,10,256,132,124
050,28,051,"Mississippi","Holmes County",1,11,278,156,122
050,28,051,"Mississippi","Holmes County",1,12,268,148,120
050,28,051,"Mississippi","Holmes County",1,13,287,135,152
050,28,051,"Mississippi","Holmes County",1,14,266,140,126
050,28,051,"Mississippi","Holmes County",1,15,252,128,124
050,28,051,"Mississippi","Holmes County",1,16,249,131,118
050,28,051,"Mississippi","Holmes County",1,17,246,122,124
050,28,051,"Mississippi","Holmes County",1,18,252,136,116
050,28,051,"Mississippi","Holmes County",1,19,369,202,167
050,28,051,"Mississippi","Holmes County",1,20,332,179,153
050,28,051,"Mississippi","Holmes County",1,21,274,144,130
050,28,051,"Mississippi","Holmes County",1,22,219,110,109
050,28,051,"Mississippi","Holmes County",1,23,225,106,119
050,28,051,"Mississippi","Holmes County",1,24,227,102,125
050,28,051,"Mississippi","Holmes County",1,25,228,104,124
050,28,051,"Mississippi","Holmes County",1,26,233,119,114
050,28,051,"Mississippi","Holmes County",1,27,228,112,116
050,28,051,"Mississippi","Holmes County",1,28,256,136,120
050,28,051,"Mississippi","Holmes County",1,29,228,113,115
050,28,051,"Mississippi","Holmes County",1,30,240,117,123
050,28,051,"Mississippi","Holmes County",1,31,190,100,90
050,28,051,"Mississippi","Holmes County",1,32,175,80,95
050,28,051,"Mississippi","Holmes County",1,33,203,106,97
050,28,051,"Mississippi","Holmes County",1,34,183,88,95
050,28,051,"Mississippi","Holmes County",1,35,210,100,110
050,28,051,"Mississippi","Holmes County",1,36,185,93,92
050,28,051,"Mississippi","Holmes County",1,37,182,93,89
050,28,051,"Mississippi","Holmes County",1,38,181,87,94
050,28,051,"Mississippi","Holmes County",1,39,201,98,103
050,28,051,"Mississippi","Holmes County",1,40,199,83,116
050,28,051,"Mississippi","Holmes County",1,41,181,83,98
050,28,051,"Mississippi","Holmes County",1,42,178,85,93
050,28,051,"Mississippi","Holmes County",1,43,176,84,92
050,28,051,"Mississippi","Holmes County",1,44,199,86,113
050,28,051,"Mississippi","Holmes County",1,45,162,68,94
050,28,051,"Mississippi","Holmes County",1,46,157,65,92
050,28,051,"Mississippi","Holmes County",1,47,157,69,88
050,28,051,"Mississippi","Holmes County",1,48,190,90,100
050,28,051,"Mississippi","Holmes County",1,49,217,100,117
050,28,051,"Mississippi","Holmes County",1,50,209,101,108
050,28,051,"Mississippi","Holmes County",1,51,175,80,95
050,28,051,"Mississippi","Holmes County",1,52,182,76,106
050,28,051,"Mississippi","Holmes County",1,53,187,83,104
050,28,051,"Mississippi","Holmes County",1,54,183,83,100
050,28,051,"Mississippi","Holmes County",1,55,226,94,132
050,28,051,"Mississippi","Holmes County",1,56,226,98,128
050,28,051,"Mississippi","Holmes County",1,57,223,108,115
050,28,051,"Mississippi","Holmes County",1,58,228,105,123
050,28,051,"Mississippi","Holmes County",1,59,236,106,130
050,28,051,"Mississippi","Holmes County",1,60,249,104,145
050,28,051,"Mississippi","Holmes County",1,61,241,111,130
050,28,051,"Mississippi","Holmes County",1,62,215,105,110
050,28,051,"Mississippi","Holmes County",1,63,220,106,114
050,28,051,"Mississippi","Holmes County",1,64,201,91,110
050,28,051,"Mississippi","Holmes County",1,65,190,93,97
050,28,051,"Mississippi","Holmes County",1,66,180,79,101
050,28,051,"Mississippi","Holmes County",1,67,197,86,111
050,28,051,"Mississippi","Holmes County",1,68,178,68,110
050,28,051,"Mississippi","Holmes County",1,69,154,60,94
050,28,051,"Mississippi","Holmes County",1,70,141,73,68
050,28,051,"Mississippi","Holmes County",1,71,158,75,83
050,28,051,"Mississippi","Holmes County",1,72,144,68,76
050,28,051,"Mississippi","Holmes County",1,73,127,56,71
050,28,051,"Mississippi","Holmes County",1,74,125,59,66
050,28,051,"Mississippi","Holmes County",1,75,115,50,65
050,28,051,"Mississippi","Holmes County",1,76,103,49,54
050,28,051,"Mississippi","Holmes County",1,77,100,43,57
050,28,051,"Mississippi","Holmes County",1,78,93,39,54
050,28,051,"Mississippi","Holmes County",1,79,81,30,51
050,28,051,"Mississippi","Holmes County",1,80,81,34,47
050,28,051,"Mississippi","Holmes County",1,81,67,33,34
050,28,051,"Mississippi","Holmes County",1,82,68,27,41
050,28,051,"Mississippi","Holmes County",1,83,46,16,30
050,28,051,"Mississippi","Holmes County",1,84,53,20,33
050,28,051,"Mississippi","Holmes County",1,85,288,98,190
050,28,051,"Mississippi","Holmes County",2,0,208,112,96
050,28,051,"Mississippi","Holmes County",2,1,212,103,109
050,28,051,"Mississippi","Holmes County",2,2,211,103,108
050,28,051,"Mississippi","Holmes County",2,3,216,111,105
050,28,051,"Mississippi","Holmes County",2,4,210,117,93
050,28,051,"Mississippi","Holmes County",2,5,213,124,89
050,28,051,"Mississippi","Holmes County",2,6,214,112,102
050,28,051,"Mississippi","Holmes County",2,7,216,106,110
050,28,051,"Mississippi","Holmes County",2,8,220,112,108
050,28,051,"Mississippi","Holmes County",2,9,228,112,116
050,28,051,"Mississippi","Holmes County",2,10,251,127,124
050,28,051,"Mississippi","Holmes County",2,11,271,150,121
050,28,051,"Mississippi","Holmes County",2,12,268,148,120
050,28,051,"Mississippi","Holmes County",2,13,279,137,142
050,28,051,"Mississippi","Holmes County",2,14,271,139,132
050,28,051,"Mississippi","Holmes County",2,15,255,131,124
050,28,051,"Mississippi","Holmes County",2,16,251,131,120
050,28,051,"Mississippi","Holmes County",2,17,245,123,122
050,28,051,"Mississippi","Holmes County",2,18,257,137,120
050,28,051,"Mississippi","Holmes County",2,19,358,196,162
050,28,051,"Mississippi","Holmes County",2,20,334,182,152
050,28,051,"Mississippi","Holmes County",2,21,273,145,128
050,28,051,"Mississippi","Holmes County",2,22,224,113,111
050,28,051,"Mississippi","Holmes County",2,23,220,102,118
050,28,051,"Mississippi","Holmes County",2,24,221,101,120
050,28,051,"Mississippi","Holmes County",2,25,225,104,121
050,28,051,"Mississippi","Holmes County",2,26,233,118,115
050,28,051,"Mississippi","Holmes County",2,27,223,109,114
050,28,051,"Mississippi","Holmes County",2,28,252,134,118
050,28,051,"Mississippi","Holmes County",2,29,229,115,114
050,28,051,"Mississippi","Holmes County",2,30,236,116,120
050,28,051,"Mississippi","Holmes County",2,31,197,101,96
050,28,051,"Mississippi","Holmes County",2,32,173,82,91
050,28,051,"Mississippi","Holmes County",2,33,201,105,96
050,28,051,"Mississippi","Holmes County",2,34,185,90,95
050,28,051,"Mississippi","Holmes County",2,35,205,99,106
050,28,051,"Mississippi","Holmes County",2,36,188,94,94
050,28,051,"Mississippi","Holmes County",2,37,180,90,90
050,28,051,"Mississippi","Holmes County",2,38,181,88,93
050,28,051,"Mississippi","Holmes County",2,39,191,93,98
050,28,051,"Mississippi","Holmes County",2,40,200,87,113
050,28,051,"Mississippi","Holmes County",2,41,189,86,103
050,28,051,"Mississippi","Holmes County",2,42,177,84,93
050,28,051,"Mississippi","Holmes County",2,43,177,84,93
050,28,051,"Mississippi","Holmes County",2,44,195,88,107
050,28,051,"Mississippi","Holmes County",2,45,165,68,97
050,28,051,"Mississippi","Holmes County",2,46,157,65,92
050,28,051,"Mississippi","Holmes County",2,47,157,69,88
050,28,051,"Mississippi","Holmes County",2,48,184,89,95
050,28,051,"Mississippi","Holmes County",2,49,209,96,113
050,28,051,"Mississippi","Holmes County",2,50,210,101,109
050,28,051,"Mississippi","Holmes County",2,51,175,79,96
050,28,051,"Mississippi","Holmes County",2,52,179,76,103
050,28,051,"Mississippi","Holmes County",2,53,185,81,104
050,28,051,"Mississippi","Holmes County",2,54,186,84,102
050,28,051,"Mississippi","Holmes County",2,55,213,90,123
050,28,051,"Mississippi","Holmes County",2,56,226,98,128
050,28,051,"Mississippi","Holmes County",2,57,224,106,118
050,28,051,"Mississippi","Holmes County",2,58,227,104,123
050,28,051,"Mississippi","Holmes County",2,59,232,104,128
050,28,051,"Mississippi","Holmes County",2,60,245,103,142
050,28,051,"Mississippi","Holmes County",2,61,241,108,133
050,28,051,"Mississippi","Holmes County",2,62,219,106,113
050,28,051,"Mississippi","Holmes County",2,63,220,107,113
050,28,051,"Mississippi","Holmes County",2,64,202,91,111
050,28,051,"Mississippi","Holmes County",2,65,190,91,99
050,28,051,"Mississippi","Holmes County",2,66,183,83,100
050,28,051,"Mississippi","Holmes County",2,67,188,81,107
050,28,051,"Mississippi","Holmes County",2,68,179,72,107
050,28,051,"Mississippi","Holmes County",2,69,160,62,98
050,28,051,"Mississippi","Holmes County",2,70,143,69,74
050,28,051,"Mississippi","Holmes County",2,71,150,73,77
050,28,051,"Mississippi","Holmes County",2,72,144,69,75
050,28,051,"Mississippi","Holmes County",2,73,134,61,73
050,28,051,"Mississippi","Holmes County",2,74,118,53,65
050,28,051,"Mississippi","Holmes County",2,75,117,52,65
050,28,051,"Mississippi","Holmes County",2,76,100,46,54
050,28,051,"Mississippi","Holmes County",2,77,97,43,54
050,28,051,"Mississippi","Holmes County",2,78,91,38,53
050,28,051,"Mississippi","Holmes County",2,79,82,31,51
050,28,051,"Mississippi","Holmes County",2,80,75,30,45
050,28,051,"Mississippi","Holmes County",2,81,67,31,36
050,28,051,"Mississippi","Holmes County",2,82,65,28,37
050,28,051,"Mississippi","Holmes County",2,83,50,18,32
050,28,051,"Mississippi","Holmes County",2,84,49,18,31
050,28,051,"Mississippi","Holmes County",2,85,281,96,185
050,28,051,"Mississippi","Holmes County",3,0,234,114,120
050,28,051,"Mississippi","Holmes County",3,1,195,111,84
050,28,051,"Mississippi","Holmes County",3,2,189,97,92
050,28,051,"Mississippi","Holmes County",3,3,208,108,100
050,28,051,"Mississippi","Holmes County",3,4,211,108,103
050,28,051,"Mississippi","Holmes County",3,5,203,112,91
050,28,051,"Mississippi","Holmes County",3,6,212,127,85
050,28,051,"Mississippi","Holmes County",3,7,209,109,100
050,28,051,"Mississippi","Holmes County",3,8,219,107,112
050,28,051,"Mississippi","Holmes County",3,9,209,107,102
050,28,051,"Mississippi","Holmes County",3,10,209,104,105
050,28,051,"Mississippi","Holmes County",3,11,251,129,122
050,28,051,"Mississippi","Holmes County",3,12,259,141,118
050,28,051,"Mississippi","Holmes County",3,13,248,136,112
050,28,051,"Mississippi","Holmes County",3,14,268,127,141
050,28,051,"Mississippi","Holmes County",3,15,262,136,126
050,28,051,"Mississippi","Holmes County",3,16,251,131,120
050,28,051,"Mississippi","Holmes County",3,17,248,137,111
050,28,051,"Mississippi","Holmes County",3,18,258,130,128
050,28,051,"Mississippi","Holmes County",3,19,335,178,157
050,28,051,"Mississippi","Holmes County",3,20,315,177,138
050,28,051,"Mississippi","Holmes County",3,21,274,155,119
050,28,051,"Mississippi","Holmes County",3,22,214,114,100
050,28,051,"Mississippi","Holmes County",3,23,212,90,122
050,28,051,"Mississippi","Holmes County",3,24,199,100,99
050,28,051,"Mississippi","Holmes County",3,25,229,103,126
050,28,051,"Mississippi","Holmes County",3,26,227,112,115
050,28,051,"Mississippi","Holmes County",3,27,211,99,112
050,28,051,"Mississippi","Holmes County",3,28,225,118,107
050,28,051,"Mississippi","Holmes County",3,29,228,115,113
050,28,051,"Mississippi","Holmes County",3,30,222,117,105
050,28,051,"Mississippi","Holmes County",3,31,224,105,119
050,28,051,"Mississippi","Holmes County",3,32,183,88,95
050,28,051,"Mississippi","Holmes County",3,33,192,104,88
050,28,051,"Mississippi","Holmes County",3,34,185,96,89
050,28,051,"Mississippi","Holmes County",3,35,180,88,92
050,28,051,"Mississippi","Holmes County",3,36,194,95,99
050,28,051,"Mississippi","Holmes County",3,37,167,79,88
050,28,051,"Mississippi","Holmes County",3,38,178,91,87
050,28,051,"Mississippi","Holmes County",3,39,179,85,94
050,28,051,"Mississippi","Holmes County",3,40,182,89,93
050,28,051,"Mississippi","Holmes County",3,41,202,95,107
050,28,051,"Mississippi","Holmes County",3,42,182,78,104
050,28,051,"Mississippi","Holmes County",3,43,171,85,86
050,28,051,"Mississippi","Holmes County",3,44,188,89,99
050,28,051,"Mississippi","Holmes County",3,45,180,79,101
050,28,051,"Mississippi","Holmes County",3,46,173,74,99
050,28,051,"Mississippi","Holmes County",3,47,150,63,87
050,28,051,"Mississippi","Holmes County",3,48,170,85,85
050,28,051,"Mississippi","Holmes County",3,49,175,84,91
050,28,051,"Mississippi","Holmes County",3,50,206,97,109
050,28,051,"Mississippi","Holmes County",3,51,201,92,109
050,28,051,"Mississippi","Holmes County",3,52,171,77,94
050,28,051,"Mississippi","Holmes County",3,53,178,74,104
050,28,051,"Mississippi","Holmes County",3,54,187,81,106
050,28,051,"Mississippi","Holmes County",3,55,176,79,97
050,28,051,"Mississippi","Holmes County",3,56,224,95,129
050,28,051,"Mississippi","Holmes County",3,57,220,99,121
050,28,051,"Mississippi","Holmes County",3,58,220,99,121
050,28,051,"Mississippi","Holmes County",3,59,222,105,117
050,28,051,"Mississippi","Holmes County",3,60,234,102,132
050,28,051,"Mississippi","Holmes County",3,61,243,98,145
050,28,051,"Mississippi","Holmes County",3,62,232,106,126
050,28,051,"Mississippi","Holmes County",3,63,215,106,109
050,28,051,"Mississippi","Holmes County",3,64,207,97,110
050,28,051,"Mississippi","Holmes County",3,65,196,87,109
050,28,051,"Mississippi","Holmes County",3,66,181,86,95
050,28,051,"Mississippi","Holmes County",3,67,181,82,99
050,28,051,"Mississippi","Holmes County",3,68,175,77,98
050,28,051,"Mississippi","Holmes County",3,69,178,68,110
050,28,051,"Mississippi","Holmes County",3,70,151,60,91
050,28,051,"Mississippi","Holmes County",3,71,137,67,70
050,28,051,"Mississippi","Holmes County",3,72,150,72,78
050,28,051,"Mississippi","Holmes County",3,73,142,64,78
050,28,051,"Mississippi","Holmes County",3,74,129,58,71
050,28,051,"Mississippi","Holmes County",3,75,114,50,64
050,28,051,"Mississippi","Holmes County",3,76,109,44,65
050,28,051,"Mississippi","Holmes County",3,77,92,40,52
050,28,051,"Mississippi","Holmes County",3,78,90,41,49
050,28,051,"Mississippi","Holmes County",3,79,84,32,52
050,28,051,"Mississippi","Holmes County",3,80,70,24,46
050,28,051,"Mississippi","Holmes County",3,81,69,27,42
050,28,051,"Mississippi","Holmes County",3,82,60,28,32
050,28,051,"Mississippi","Holmes County",3,83,56,26,30
050,28,051,"Mississippi","Holmes County",3,84,45,16,29
050,28,051,"Mississippi","Holmes County",3,85,274,92,182
050,28,051,"Mississippi","Holmes County",4,0,207,100,107
050,28,051,"Mississippi","Holmes County",4,1,223,104,119
050,28,051,"Mississippi","Holmes County",4,2,188,105,83
050,28,051,"Mississippi","Holmes County",4,3,180,86,94
050,28,051,"Mississippi","Holmes County",4,4,209,109,100
050,28,051,"Mississippi","Holmes County",4,5,202,107,95
050,28,051,"Mississippi","Holmes County",4,6,191,106,85
050,28,051,"Mississippi","Holmes County",4,7,210,123,87
050,28,051,"Mississippi","Holmes County",4,8,204,108,96
050,28,051,"Mississippi","Holmes County",4,9,215,102,113
050,28,051,"Mississippi","Holmes County",4,10,198,100,98
050,28,051,"Mississippi","Holmes County",4,11,208,108,100
050,28,051,"Mississippi","Holmes County",4,12,243,124,119
050,28,051,"Mississippi","Holmes County",4,13,252,132,120
050,28,051,"Mississippi","Holmes County",4,14,253,145,108
050,28,051,"Mississippi","Holmes County",4,15,264,126,138
050,28,051,"Mississippi","Holmes County",4,16,259,139,120
050,28,051,"Mississippi","Holmes County",4,17,253,127,126
050,28,051,"Mississippi","Holmes County",4,18,267,150,117
050,28,051,"Mississippi","Holmes County",4,19,335,171,164
050,28,051,"Mississippi","Holmes County",4,20,298,164,134
050,28,051,"Mississippi","Holmes County",4,21,266,159,107
050,28,051,"Mississippi","Holmes County",4,22,242,134,108
050,28,051,"Mississippi","Holmes County",4,23,204,103,101
050,28,051,"Mississippi","Holmes County",4,24,183,78,105
050,28,051,"Mississippi","Holmes County",4,25,189,100,89
050,28,051,"Mississippi","Holmes County",4,26,239,120,119
050,28,051,"Mississippi","Holmes County",4,27,208,96,112
050,28,051,"Mississippi","Holmes County",4,28,221,111,110
050,28,051,"Mississippi","Holmes County",4,29,197,98,99
050,28,051,"Mississippi","Holmes County",4,30,221,115,106
050,28,051,"Mississippi","Holmes County",4,31,202,101,101
050,28,051,"Mississippi","Holmes County",4,32,208,94,114
050,28,051,"Mississippi","Holmes County",4,33,207,114,93
050,28,051,"Mississippi","Holmes County",4,34,166,82,84
050,28,051,"Mississippi","Holmes County",4,35,187,101,86
050,28,051,"Mississippi","Holmes County",4,36,166,78,88
050,28,051,"Mississippi","Holmes County",4,37,182,80,102
050,28,051,"Mississippi","Holmes County",4,38,157,76,81
050,28,051,"Mississippi","Holmes County",4,39,175,86,89
050,28,051,"Mississippi","Holmes County",4,40,173,80,93
050,28,051,"Mississippi","Holmes County",4,41,188,94,94
050,28,051,"Mississippi","Holmes County",4,42,196,90,106
050,28,051,"Mississippi","Holmes County",4,43,172,72,100
050,28,051,"Mississippi","Holmes County",4,44,184,97,87
050,28,051,"Mississippi","Holmes County",4,45,176,81,95
050,28,051,"Mississippi","Holmes County",4,46,173,74,99
050,28,051,"Mississippi","Holmes County",4,47,168,75,93
050,28,051,"Mississippi","Holmes County",4,48,167,78,89
050,28,051,"Mississippi","Holmes County",4,49,160,80,80
050,28,051,"Mississippi","Holmes County",4,50,177,87,90
050,28,051,"Mississippi","Holmes County",4,51,183,79,104
050,28,051,"Mississippi","Holmes County",4,52,199,94,105
050,28,051,"Mississippi","Holmes County",4,53,173,76,97
050,28,051,"Mississippi","Holmes County",4,54,183,78,105
050,28,051,"Mississippi","Holmes County",4,55,177,76,101
050,28,051,"Mississippi","Holmes County",4,56,184,84,100
050,28,051,"Mississippi","Holmes County",4,57,218,95,123
050,28,051,"Mississippi","Holmes County",4,58,211,88,123
050,28,051,"Mississippi","Holmes County",4,59,207,95,112
050,28,051,"Mississippi","Holmes County",4,60,220,102,118
050,28,051,"Mississippi","Holmes County",4,61,218,94,124
050,28,051,"Mississippi","Holmes County",4,62,227,90,137
050,28,051,"Mississippi","Holmes County",4,63,220,96,124
050,28,051,"Mississippi","Holmes County",4,64,200,99,101
050,28,051,"Mississippi","Holmes County",4,65,199,97,102
050,28,051,"Mississippi","Holmes County",4,66,178,78,100
050,28,051,"Mississippi","Holmes County",4,67,179,83,96
050,28,051,"Mississippi","Holmes County",4,68,165,75,90
050,28,051,"Mississippi","Holmes County",4,69,168,69,99
050,28,051,"Mississippi","Holmes County",4,70,168,64,104
050,28,051,"Mississippi","Holmes County",4,71,145,57,88
050,28,051,"Mississippi","Holmes County",4,72,134,65,69
050,28,051,"Mississippi","Holmes County",4,73,147,66,81
050,28,051,"Mississippi","Holmes County",4,74,138,62,76
050,28,051,"Mississippi","Holmes County",4,75,120,59,61
050,28,051,"Mississippi","Holmes County",4,76,103,42,61
050,28,051,"Mississippi","Holmes County",4,77,102,38,64
050,28,051,"Mississippi","Holmes County",4,78,79,36,43
050,28,051,"Mississippi","Holmes County",4,79,80,36,44
050,28,051,"Mississippi","Holmes County",4,80,78,30,48
050,28,051,"Mississippi","Holmes County",4,81,61,20,41
050,28,051,"Mississippi","Holmes County",4,82,62,25,37
050,28,051,"Mississippi","Holmes County",4,83,58,28,30
050,28,051,"Mississippi","Holmes County",4,84,52,24,28
050,28,051,"Mississippi","Holmes County",4,85,262,90,172
050,28,051,"Mississippi","Holmes County",5,0,202,96,106
050,28,051,"Mississippi","Holmes County",5,1,218,106,112
050,28,051,"Mississippi","Holmes County",5,2,222,105,117
050,28,051,"Mississippi","Holmes County",5,3,177,100,77
050,28,051,"Mississippi","Holmes County",5,4,183,85,98
050,28,051,"Mississippi","Holmes County",5,5,194,99,95
050,28,051,"Mississippi","Holmes County",5,6,193,98,95
050,28,051,"Mississippi","Holmes County",5,7,188,98,90
050,28,051,"Mississippi","Holmes County",5,8,206,115,91
050,28,051,"Mississippi","Holmes County",5,9,208,107,101
050,28,051,"Mississippi","Holmes County",5,10,218,107,111
050,28,051,"Mississippi","Holmes County",5,11,196,100,96
050,28,051,"Mississippi","Holmes County",5,12,205,102,103
050,28,051,"Mississippi","Holmes County",5,13,238,125,113
050,28,051,"Mississippi","Holmes County",5,14,250,128,122
050,28,051,"Mississippi","Holmes County",5,15,244,139,105
050,28,051,"Mississippi","Holmes County",5,16,244,116,128
050,28,051,"Mississippi","Holmes County",5,17,255,133,122
050,28,051,"Mississippi","Holmes County",5,18,270,141,129
050,28,051,"Mississippi","Holmes County",5,19,345,186,159
050,28,051,"Mississippi","Holmes County",5,20,292,151,141
050,28,051,"Mississippi","Holmes County",5,21,252,141,111
050,28,051,"Mississippi","Holmes County",5,22,223,136,87
050,28,051,"Mississippi","Holmes County",5,23,221,108,113
050,28,051,"Mississippi","Holmes County",5,24,177,89,88
050,28,051,"Mississippi","Holmes County",5,25,177,80,97
050,28,051,"Mississippi","Holmes County",5,26,183,100,83
050,28,051,"Mississippi","Holmes County",5,27,212,99,113
050,28,051,"Mississippi","Holmes County",5,28,224,106,118
050,28,051,"Mississippi","Holmes County",5,29,192,89,103
050,28,051,"Mississippi","Holmes County",5,30,204,96,108
050,28,051,"Mississippi","Holmes County",5,31,215,108,107
050,28,051,"Mississippi","Holmes County",5,32,196,96,100
050,28,051,"Mississippi","Holmes County",5,33,220,111,109
050,28,051,"Mississippi","Holmes County",5,34,191,97,94
050,28,051,"Mississippi","Holmes County",5,35,166,87,79
050,28,051,"Mississippi","Holmes County",5,36,169,91,78
050,28,051,"Mississippi","Holmes County",5,37,159,71,88
050,28,051,"Mississippi","Holmes County",5,38,176,80,96
050,28,051,"Mississippi","Holmes County",5,39,158,73,85
050,28,051,"Mississippi","Holmes County",5,40,172,80,92
050,28,051,"Mississippi","Holmes County",5,41,177,85,92
050,28,051,"Mississippi","Holmes County",5,42,189,94,95
050,28,051,"Mississippi","Holmes County",5,43,174,77,97
050,28,051,"Mississippi","Holmes County",5,44,185,84,101
050,28,051,"Mississippi","Holmes County",5,45,165,79,86
050,28,051,"Mississippi","Holmes County",5,46,171,78,93
050,28,051,"Mississippi","Holmes County",5,47,169,73,96
050,28,051,"Mississippi","Holmes County",5,48,185,90,95
050,28,051,"Mississippi","Holmes County",5,49,160,73,87
050,28,051,"Mississippi","Holmes County",5,50,161,82,79
050,28,051,"Mississippi","Holmes County",5,51,157,70,87
050,28,051,"Mississippi","Holmes County",5,52,178,76,102
050,28,051,"Mississippi","Holmes County",5,53,199,96,103
050,28,051,"Mississippi","Holmes County",5,54,169,74,95
050,28,051,"Mississippi","Holmes County",5,55,179,79,100
050,28,051,"Mississippi","Holmes County",5,56,168,75,93
050,28,051,"Mississippi","Holmes County",5,57,180,81,99
050,28,051,"Mississippi","Holmes County",5,58,210,88,122
050,28,051,"Mississippi","Holmes County",5,59,208,90,118
050,28,051,"Mississippi","Holmes County",5,60,206,91,115
050,28,051,"Mississippi","Holmes County",5,61,214,100,114
050,28,051,"Mississippi","Holmes County",5,62,210,89,121
050,28,051,"Mississippi","Holmes County",5,63,213,82,131
050,28,051,"Mississippi","Holmes County",5,64,216,97,119
050,28,051,"Mississippi","Holmes County",5,65,196,97,99
050,28,051,"Mississippi","Holmes County",5,66,185,89,96
050,28,051,"Mississippi","Holmes County",5,67,180,77,103
050,28,051,"Mississippi","Holmes County",5,68,166,76,90
050,28,051,"Mississippi","Holmes County",5,69,157,65,92
050,28,051,"Mississippi","Holmes County",5,70,161,67,94
050,28,051,"Mississippi","Holmes County",5,71,163,60,103
050,28,051,"Mississippi","Holmes County",5,72,143,59,84
050,28,051,"Mississippi","Holmes County",5,73,134,63,71
050,28,051,"Mississippi","Holmes County",5,74,142,65,77
050,28,051,"Mississippi","Holmes County",5,75,126,61,65
050,28,051,"Mississippi","Holmes County",5,76,110,51,59
050,28,051,"Mississippi","Holmes County",5,77,98,38,60
050,28,051,"Mississippi","Holmes County",5,78,90,35,55
050,28,051,"Mississippi","Holmes County",5,79,72,32,40
050,28,051,"Mississippi","Holmes County",5,80,74,33,41
050,28,051,"Mississippi","Holmes County",5,81,72,26,46
050,28,051,"Mississippi","Holmes County",5,82,58,20,38
050,28,051,"Mississippi","Holmes County",5,83,60,25,35
050,28,051,"Mississippi","Holmes County",5,84,54,26,28
050,28,051,"Mississippi","Holmes County",5,85,258,97,161
050,28,053,"Mississippi","Humphreys County",1,0,92,47,45
050,28,053,"Mississippi","Humphreys County",1,1,101,53,48
050,28,053,"Mississippi","Humphreys County",1,2,86,44,42
050,28,053,"Mississippi","Humphreys County",1,3,99,40,59
050,28,053,"Mississippi","Humphreys County",1,4,72,30,42
050,28,053,"Mississippi","Humphreys County",1,5,88,47,41
050,28,053,"Mississippi","Humphreys County",1,6,99,48,51
050,28,053,"Mississippi","Humphreys County",1,7,113,55,58
050,28,053,"Mississippi","Humphreys County",1,8,110,63,47
050,28,053,"Mississippi","Humphreys County",1,9,118,65,53
050,28,053,"Mississippi","Humphreys County",1,10,134,71,63
050,28,053,"Mississippi","Humphreys County",1,11,153,84,69
050,28,053,"Mississippi","Humphreys County",1,12,137,70,67
050,28,053,"Mississippi","Humphreys County",1,13,151,79,72
050,28,053,"Mississippi","Humphreys County",1,14,135,60,75
050,28,053,"Mississippi","Humphreys County",1,15,118,62,56
050,28,053,"Mississippi","Humphreys County",1,16,111,57,54
050,28,053,"Mississippi","Humphreys County",1,17,124,65,59
050,28,053,"Mississippi","Humphreys County",1,18,108,59,49
050,28,053,"Mississippi","Humphreys County",1,19,88,45,43
050,28,053,"Mississippi","Humphreys County",1,20,91,47,44
050,28,053,"Mississippi","Humphreys County",1,21,84,43,41
050,28,053,"Mississippi","Humphreys County",1,22,83,41,42
050,28,053,"Mississippi","Humphreys County",1,23,76,39,37
050,28,053,"Mississippi","Humphreys County",1,24,87,42,45
050,28,053,"Mississippi","Humphreys County",1,25,86,40,46
050,28,053,"Mississippi","Humphreys County",1,26,92,44,48
050,28,053,"Mississippi","Humphreys County",1,27,104,51,53
050,28,053,"Mississippi","Humphreys County",1,28,93,42,51
050,28,053,"Mississippi","Humphreys County",1,29,79,39,40
050,28,053,"Mississippi","Humphreys County",1,30,77,38,39
050,28,053,"Mississippi","Humphreys County",1,31,80,36,44
050,28,053,"Mississippi","Humphreys County",1,32,78,40,38
050,28,053,"Mississippi","Humphreys County",1,33,82,41,41
050,28,053,"Mississippi","Humphreys County",1,34,87,42,45
050,28,053,"Mississippi","Humphreys County",1,35,109,51,58
050,28,053,"Mississippi","Humphreys County",1,36,94,44,50
050,28,053,"Mississippi","Humphreys County",1,37,97,43,54
050,28,053,"Mississippi","Humphreys County",1,38,104,57,47
050,28,053,"Mississippi","Humphreys County",1,39,99,45,54
050,28,053,"Mississippi","Humphreys County",1,40,100,43,57
050,28,053,"Mississippi","Humphreys County",1,41,73,40,33
050,28,053,"Mississippi","Humphreys County",1,42,70,38,32
050,28,053,"Mississippi","Humphreys County",1,43,73,33,40
050,28,053,"Mississippi","Humphreys County",1,44,84,35,49
050,28,053,"Mississippi","Humphreys County",1,45,78,31,47
050,28,053,"Mississippi","Humphreys County",1,46,76,35,41
050,28,053,"Mississippi","Humphreys County",1,47,76,37,39
050,28,053,"Mississippi","Humphreys County",1,48,77,38,39
050,28,053,"Mississippi","Humphreys County",1,49,90,37,53
050,28,053,"Mississippi","Humphreys County",1,50,97,44,53
050,28,053,"Mississippi","Humphreys County",1,51,95,41,54
050,28,053,"Mississippi","Humphreys County",1,52,98,41,57
050,28,053,"Mississippi","Humphreys County",1,53,91,34,57
050,28,053,"Mississippi","Humphreys County",1,54,95,46,49
050,28,053,"Mississippi","Humphreys County",1,55,109,51,58
050,28,053,"Mississippi","Humphreys County",1,56,107,45,62
050,28,053,"Mississippi","Humphreys County",1,57,105,45,60
050,28,053,"Mississippi","Humphreys County",1,58,116,60,56
050,28,053,"Mississippi","Humphreys County",1,59,121,61,60
050,28,053,"Mississippi","Humphreys County",1,60,116,47,69
050,28,053,"Mississippi","Humphreys County",1,61,129,57,72
050,28,053,"Mississippi","Humphreys County",1,62,114,55,59
050,28,053,"Mississippi","Humphreys County",1,63,114,57,57
050,28,053,"Mississippi","Humphreys County",1,64,94,39,55
050,28,053,"Mississippi","Humphreys County",1,65,86,37,49
050,28,053,"Mississippi","Humphreys County",1,66,94,41,53
050,28,053,"Mississippi","Humphreys County",1,67,87,36,51
050,28,053,"Mississippi","Humphreys County",1,68,92,39,53
050,28,053,"Mississippi","Humphreys County",1,69,90,41,49
050,28,053,"Mississippi","Humphreys County",1,70,90,40,50
050,28,053,"Mississippi","Humphreys County",1,71,76,38,38
050,28,053,"Mississippi","Humphreys County",1,72,71,32,39
050,28,053,"Mississippi","Humphreys County",1,73,60,29,31
050,28,053,"Mississippi","Humphreys County",1,74,61,27,34
050,28,053,"Mississippi","Humphreys County",1,75,58,23,35
050,28,053,"Mississippi","Humphreys County",1,76,53,26,27
050,28,053,"Mississippi","Humphreys County",1,77,50,24,26
050,28,053,"Mississippi","Humphreys County",1,78,41,17,24
050,28,053,"Mississippi","Humphreys County",1,79,47,19,28
050,28,053,"Mississippi","Humphreys County",1,80,44,21,23
050,28,053,"Mississippi","Humphreys County",1,81,46,21,25
050,28,053,"Mississippi","Humphreys County",1,82,37,16,21
050,28,053,"Mississippi","Humphreys County",1,83,25,12,13
050,28,053,"Mississippi","Humphreys County",1,84,30,9,21
050,28,053,"Mississippi","Humphreys County",1,85,140,31,109
050,28,053,"Mississippi","Humphreys County",2,0,92,48,44
050,28,053,"Mississippi","Humphreys County",2,1,98,51,47
050,28,053,"Mississippi","Humphreys County",2,2,90,46,44
050,28,053,"Mississippi","Humphreys County",2,3,94,40,54
050,28,053,"Mississippi","Humphreys County",2,4,77,32,45
050,28,053,"Mississippi","Humphreys County",2,5,85,43,42
050,28,053,"Mississippi","Humphreys County",2,6,95,47,48
050,28,053,"Mississippi","Humphreys County",2,7,109,54,55
050,28,053,"Mississippi","Humphreys County",2,8,107,60,47
050,28,053,"Mississippi","Humphreys County",2,9,114,64,50
050,28,053,"Mississippi","Humphreys County",2,10,131,71,60
050,28,053,"Mississippi","Humphreys County",2,11,147,80,67
050,28,053,"Mississippi","Humphreys County",2,12,138,72,66
050,28,053,"Mississippi","Humphreys County",2,13,146,75,71
050,28,053,"Mississippi","Humphreys County",2,14,138,64,74
050,28,053,"Mississippi","Humphreys County",2,15,121,61,60
050,28,053,"Mississippi","Humphreys County",2,16,112,58,54
050,28,053,"Mississippi","Humphreys County",2,17,120,63,57
050,28,053,"Mississippi","Humphreys County",2,18,107,58,49
050,28,053,"Mississippi","Humphreys County",2,19,90,47,43
050,28,053,"Mississippi","Humphreys County",2,20,91,46,45
050,28,053,"Mississippi","Humphreys County",2,21,86,43,43
050,28,053,"Mississippi","Humphreys County",2,22,82,40,42
050,28,053,"Mississippi","Humphreys County",2,23,78,39,39
050,28,053,"Mississippi","Humphreys County",2,24,83,40,43
050,28,053,"Mississippi","Humphreys County",2,25,83,39,44
050,28,053,"Mississippi","Humphreys County",2,26,90,43,47
050,28,053,"Mississippi","Humphreys County",2,27,99,48,51
050,28,053,"Mississippi","Humphreys County",2,28,94,44,50
050,28,053,"Mississippi","Humphreys County",2,29,84,41,43
050,28,053,"Mississippi","Humphreys County",2,30,78,38,40
050,28,053,"Mississippi","Humphreys County",2,31,78,36,42
050,28,053,"Mississippi","Humphreys County",2,32,77,38,39
050,28,053,"Mississippi","Humphreys County",2,33,79,40,39
050,28,053,"Mississippi","Humphreys County",2,34,84,40,44
050,28,053,"Mississippi","Humphreys County",2,35,104,50,54
050,28,053,"Mississippi","Humphreys County",2,36,98,46,52
050,28,053,"Mississippi","Humphreys County",2,37,97,44,53
050,28,053,"Mississippi","Humphreys County",2,38,101,53,48
050,28,053,"Mississippi","Humphreys County",2,39,99,47,52
050,28,053,"Mississippi","Humphreys County",2,40,100,44,56
050,28,053,"Mississippi","Humphreys County",2,41,80,41,39
050,28,053,"Mississippi","Humphreys County",2,42,70,39,31
050,28,053,"Mississippi","Humphreys County",2,43,73,35,38
050,28,053,"Mississippi","Humphreys County",2,44,81,35,46
050,28,053,"Mississippi","Humphreys County",2,45,79,32,47
050,28,053,"Mississippi","Humphreys County",2,46,75,33,42
050,28,053,"Mississippi","Humphreys County",2,47,75,36,39
050,28,053,"Mississippi","Humphreys County",2,48,77,38,39
050,28,053,"Mississippi","Humphreys County",2,49,86,37,49
050,28,053,"Mississippi","Humphreys County",2,50,95,42,53
050,28,053,"Mississippi","Humphreys County",2,51,92,39,53
050,28,053,"Mississippi","Humphreys County",2,52,99,41,58
050,28,053,"Mississippi","Humphreys County",2,53,90,34,56
050,28,053,"Mississippi","Humphreys County",2,54,93,43,50
050,28,053,"Mississippi","Humphreys County",2,55,108,51,57
050,28,053,"Mississippi","Humphreys County",2,56,105,45,60
050,28,053,"Mississippi","Humphreys County",2,57,106,45,61
050,28,053,"Mississippi","Humphreys County",2,58,113,57,56
050,28,053,"Mississippi","Humphreys County",2,59,121,61,60
050,28,053,"Mississippi","Humphreys County",2,60,117,50,67
050,28,053,"Mississippi","Humphreys County",2,61,124,53,71
050,28,053,"Mississippi","Humphreys County",2,62,116,54,62
050,28,053,"Mississippi","Humphreys County",2,63,112,56,56
050,28,053,"Mississippi","Humphreys County",2,64,98,43,55
050,28,053,"Mississippi","Humphreys County",2,65,86,37,49
050,28,053,"Mississippi","Humphreys County",2,66,92,40,52
050,28,053,"Mississippi","Humphreys County",2,67,90,38,52
050,28,053,"Mississippi","Humphreys County",2,68,89,37,52
050,28,053,"Mississippi","Humphreys County",2,69,91,41,50
050,28,053,"Mississippi","Humphreys County",2,70,88,40,48
050,28,053,"Mississippi","Humphreys County",2,71,76,36,40
050,28,053,"Mississippi","Humphreys County",2,72,71,33,38
050,28,053,"Mississippi","Humphreys County",2,73,63,31,32
050,28,053,"Mississippi","Humphreys County",2,74,57,26,31
050,28,053,"Mississippi","Humphreys County",2,75,60,25,35
050,28,053,"Mississippi","Humphreys County",2,76,55,26,29
050,28,053,"Mississippi","Humphreys County",2,77,51,25,26
050,28,053,"Mississippi","Humphreys County",2,78,42,18,24
050,28,053,"Mississippi","Humphreys County",2,79,43,16,27
050,28,053,"Mississippi","Humphreys County",2,80,44,20,24
050,28,053,"Mississippi","Humphreys County",2,81,46,21,25
050,28,053,"Mississippi","Humphreys County",2,82,37,17,20
050,28,053,"Mississippi","Humphreys County",2,83,29,14,15
050,28,053,"Mississippi","Humphreys County",2,84,26,9,17
050,28,053,"Mississippi","Humphreys County",2,85,143,33,110
050,28,053,"Mississippi","Humphreys County",3,0,89,53,36
050,28,053,"Mississippi","Humphreys County",3,1,85,44,41
050,28,053,"Mississippi","Humphreys County",3,2,96,52,44
050,28,053,"Mississippi","Humphreys County",3,3,95,44,51
050,28,053,"Mississippi","Humphreys County",3,4,94,39,55
050,28,053,"Mississippi","Humphreys County",3,5,68,33,35
050,28,053,"Mississippi","Humphreys County",3,6,80,41,39
050,28,053,"Mississippi","Humphreys County",3,7,92,52,40
050,28,053,"Mississippi","Humphreys County",3,8,103,49,54
050,28,053,"Mississippi","Humphreys County",3,9,104,59,45
050,28,053,"Mississippi","Humphreys County",3,10,109,58,51
050,28,053,"Mississippi","Humphreys County",3,11,119,64,55
050,28,053,"Mississippi","Humphreys County",3,12,138,78,60
050,28,053,"Mississippi","Humphreys County",3,13,145,71,74
050,28,053,"Mississippi","Humphreys County",3,14,137,70,67
050,28,053,"Mississippi","Humphreys County",3,15,131,63,68
050,28,053,"Mississippi","Humphreys County",3,16,117,56,61
050,28,053,"Mississippi","Humphreys County",3,17,112,58,54
050,28,053,"Mississippi","Humphreys County",3,18,101,53,48
050,28,053,"Mississippi","Humphreys County",3,19,93,51,42
050,28,053,"Mississippi","Humphreys County",3,20,93,48,45
050,28,053,"Mississippi","Humphreys County",3,21,103,52,51
050,28,053,"Mississippi","Humphreys County",3,22,88,46,42
050,28,053,"Mississippi","Humphreys County",3,23,80,37,43
050,28,053,"Mississippi","Humphreys County",3,24,78,41,37
050,28,053,"Mississippi","Humphreys County",3,25,86,41,45
050,28,053,"Mississippi","Humphreys County",3,26,72,31,41
050,28,053,"Mississippi","Humphreys County",3,27,88,44,44
050,28,053,"Mississippi","Humphreys County",3,28,92,47,45
050,28,053,"Mississippi","Humphreys County",3,29,86,42,44
050,28,053,"Mississippi","Humphreys County",3,30,84,42,42
050,28,053,"Mississippi","Humphreys County",3,31,79,38,41
050,28,053,"Mississippi","Humphreys County",3,32,73,36,37
050,28,053,"Mississippi","Humphreys County",3,33,77,38,39
050,28,053,"Mississippi","Humphreys County",3,34,82,37,45
050,28,053,"Mississippi","Humphreys County",3,35,83,41,42
050,28,053,"Mississippi","Humphreys County",3,36,99,49,50
050,28,053,"Mississippi","Humphreys County",3,37,95,43,52
050,28,053,"Mississippi","Humphreys County",3,38,91,40,51
050,28,053,"Mississippi","Humphreys County",3,39,99,54,45
050,28,053,"Mississippi","Humphreys County",3,40,96,45,51
050,28,053,"Mississippi","Humphreys County",3,41,93,39,54
050,28,053,"Mississippi","Humphreys County",3,42,77,37,40
050,28,053,"Mississippi","Humphreys County",3,43,71,38,33
050,28,053,"Mississippi","Humphreys County",3,44,73,34,39
050,28,053,"Mississippi","Humphreys County",3,45,76,34,42
050,28,053,"Mississippi","Humphreys County",3,46,73,27,46
050,28,053,"Mississippi","Humphreys County",3,47,80,38,42
050,28,053,"Mississippi","Humphreys County",3,48,76,36,40
050,28,053,"Mississippi","Humphreys County",3,49,77,38,39
050,28,053,"Mississippi","Humphreys County",3,50,87,37,50
050,28,053,"Mississippi","Humphreys County",3,51,97,40,57
050,28,053,"Mississippi","Humphreys County",3,52,86,34,52
050,28,053,"Mississippi","Humphreys County",3,53,95,40,55
050,28,053,"Mississippi","Humphreys County",3,54,89,36,53
050,28,053,"Mississippi","Humphreys County",3,55,96,46,50
050,28,053,"Mississippi","Humphreys County",3,56,109,53,56
050,28,053,"Mississippi","Humphreys County",3,57,107,48,59
050,28,053,"Mississippi","Humphreys County",3,58,98,42,56
050,28,053,"Mississippi","Humphreys County",3,59,112,57,55
050,28,053,"Mississippi","Humphreys County",3,60,117,56,61
050,28,053,"Mississippi","Humphreys County",3,61,119,50,69
050,28,053,"Mississippi","Humphreys County",3,62,129,55,74
050,28,053,"Mississippi","Humphreys County",3,63,115,55,60
050,28,053,"Mississippi","Humphreys County",3,64,100,45,55
050,28,053,"Mississippi","Humphreys County",3,65,96,42,54
050,28,053,"Mississippi","Humphreys County",3,66,83,37,46
050,28,053,"Mississippi","Humphreys County",3,67,83,35,48
050,28,053,"Mississippi","Humphreys County",3,68,86,36,50
050,28,053,"Mississippi","Humphreys County",3,69,86,35,51
050,28,053,"Mississippi","Humphreys County",3,70,88,37,51
050,28,053,"Mississippi","Humphreys County",3,71,85,38,47
050,28,053,"Mississippi","Humphreys County",3,72,73,34,39
050,28,053,"Mississippi","Humphreys County",3,73,65,31,34
050,28,053,"Mississippi","Humphreys County",3,74,61,30,31
050,28,053,"Mississippi","Humphreys County",3,75,54,26,28
050,28,053,"Mississippi","Humphreys County",3,76,57,23,34
050,28,053,"Mississippi","Humphreys County",3,77,54,26,28
050,28,053,"Mississippi","Humphreys County",3,78,46,21,25
050,28,053,"Mississippi","Humphreys County",3,79,38,16,22
050,28,053,"Mississippi","Humphreys County",3,80,43,17,26
050,28,053,"Mississippi","Humphreys County",3,81,40,13,27
050,28,053,"Mississippi","Humphreys County",3,82,33,15,18
050,28,053,"Mississippi","Humphreys County",3,83,37,17,20
050,28,053,"Mississippi","Humphreys County",3,84,26,12,14
050,28,053,"Mississippi","Humphreys County",3,85,148,32,116
050,28,053,"Mississippi","Humphreys County",4,0,92,48,44
050,28,053,"Mississippi","Humphreys County",4,1,77,42,35
050,28,053,"Mississippi","Humphreys County",4,2,83,45,38
050,28,053,"Mississippi","Humphreys County",4,3,96,51,45
050,28,053,"Mississippi","Humphreys County",4,4,90,43,47
050,28,053,"Mississippi","Humphreys County",4,5,89,37,52
050,28,053,"Mississippi","Humphreys County",4,6,63,33,30
050,28,053,"Mississippi","Humphreys County",4,7,82,38,44
050,28,053,"Mississippi","Humphreys County",4,8,89,48,41
050,28,053,"Mississippi","Humphreys County",4,9,100,46,54
050,28,053,"Mississippi","Humphreys County",4,10,102,57,45
050,28,053,"Mississippi","Humphreys County",4,11,103,55,48
050,28,053,"Mississippi","Humphreys County",4,12,117,60,57
050,28,053,"Mississippi","Humphreys County",4,13,137,77,60
050,28,053,"Mississippi","Humphreys County",4,14,139,69,70
050,28,053,"Mississippi","Humphreys County",4,15,138,71,67
050,28,053,"Mississippi","Humphreys County",4,16,127,59,68
050,28,053,"Mississippi","Humphreys County",4,17,114,57,57
050,28,053,"Mississippi","Humphreys County",4,18,95,48,47
050,28,053,"Mississippi","Humphreys County",4,19,88,45,43
050,28,053,"Mississippi","Humphreys County",4,20,95,49,46
050,28,053,"Mississippi","Humphreys County",4,21,96,48,48
050,28,053,"Mississippi","Humphreys County",4,22,101,49,52
050,28,053,"Mississippi","Humphreys County",4,23,88,49,39
050,28,053,"Mississippi","Humphreys County",4,24,82,39,43
050,28,053,"Mississippi","Humphreys County",4,25,78,39,39
050,28,053,"Mississippi","Humphreys County",4,26,82,41,41
050,28,053,"Mississippi","Humphreys County",4,27,72,34,38
050,28,053,"Mississippi","Humphreys County",4,28,92,45,47
050,28,053,"Mississippi","Humphreys County",4,29,89,45,44
050,28,053,"Mississippi","Humphreys County",4,30,81,42,39
050,28,053,"Mississippi","Humphreys County",4,31,77,38,39
050,28,053,"Mississippi","Humphreys County",4,32,75,36,39
050,28,053,"Mississippi","Humphreys County",4,33,73,32,41
050,28,053,"Mississippi","Humphreys County",4,34,72,33,39
050,28,053,"Mississippi","Humphreys County",4,35,76,38,38
050,28,053,"Mississippi","Humphreys County",4,36,79,38,41
050,28,053,"Mississippi","Humphreys County",4,37,94,44,50
050,28,053,"Mississippi","Humphreys County",4,38,95,42,53
050,28,053,"Mississippi","Humphreys County",4,39,89,39,50
050,28,053,"Mississippi","Humphreys County",4,40,91,47,44
050,28,053,"Mississippi","Humphreys County",4,41,88,39,49
050,28,053,"Mississippi","Humphreys County",4,42,85,38,47
050,28,053,"Mississippi","Humphreys County",4,43,71,34,37
050,28,053,"Mississippi","Humphreys County",4,44,74,42,32
050,28,053,"Mississippi","Humphreys County",4,45,67,27,40
050,28,053,"Mississippi","Humphreys County",4,46,74,33,41
050,28,053,"Mississippi","Humphreys County",4,47,69,26,43
050,28,053,"Mississippi","Humphreys County",4,48,77,36,41
050,28,053,"Mississippi","Humphreys County",4,49,77,39,38
050,28,053,"Mississippi","Humphreys County",4,50,65,27,38
050,28,053,"Mississippi","Humphreys County",4,51,81,31,50
050,28,053,"Mississippi","Humphreys County",4,52,93,38,55
050,28,053,"Mississippi","Humphreys County",4,53,81,30,51
050,28,053,"Mississippi","Humphreys County",4,54,96,43,53
050,28,053,"Mississippi","Humphreys County",4,55,89,35,54
050,28,053,"Mississippi","Humphreys County",4,56,96,48,48
050,28,053,"Mississippi","Humphreys County",4,57,108,52,56
050,28,053,"Mississippi","Humphreys County",4,58,101,44,57
050,28,053,"Mississippi","Humphreys County",4,59,91,36,55
050,28,053,"Mississippi","Humphreys County",4,60,105,52,53
050,28,053,"Mississippi","Humphreys County",4,61,118,56,62
050,28,053,"Mississippi","Humphreys County",4,62,120,52,68
050,28,053,"Mississippi","Humphreys County",4,63,118,47,71
050,28,053,"Mississippi","Humphreys County",4,64,111,54,57
050,28,053,"Mississippi","Humphreys County",4,65,94,38,56
050,28,053,"Mississippi","Humphreys County",4,66,92,40,52
050,28,053,"Mississippi","Humphreys County",4,67,82,36,46
050,28,053,"Mississippi","Humphreys County",4,68,83,35,48
050,28,053,"Mississippi","Humphreys County",4,69,80,31,49
050,28,053,"Mississippi","Humphreys County",4,70,82,33,49
050,28,053,"Mississippi","Humphreys County",4,71,86,38,48
050,28,053,"Mississippi","Humphreys County",4,72,80,35,45
050,28,053,"Mississippi","Humphreys County",4,73,69,31,38
050,28,053,"Mississippi","Humphreys County",4,74,64,31,33
050,28,053,"Mississippi","Humphreys County",4,75,60,31,29
050,28,053,"Mississippi","Humphreys County",4,76,52,25,27
050,28,053,"Mississippi","Humphreys County",4,77,54,22,32
050,28,053,"Mississippi","Humphreys County",4,78,49,22,27
050,28,053,"Mississippi","Humphreys County",4,79,42,19,23
050,28,053,"Mississippi","Humphreys County",4,80,35,16,19
050,28,053,"Mississippi","Humphreys County",4,81,44,14,30
050,28,053,"Mississippi","Humphreys County",4,82,31,11,20
050,28,053,"Mississippi","Humphreys County",4,83,35,17,18
050,28,053,"Mississippi","Humphreys County",4,84,30,12,18
050,28,053,"Mississippi","Humphreys County",4,85,157,38,119
050,28,053,"Mississippi","Humphreys County",5,0,93,47,46
050,28,053,"Mississippi","Humphreys County",5,1,101,52,49
050,28,053,"Mississippi","Humphreys County",5,2,73,44,29
050,28,053,"Mississippi","Humphreys County",5,3,83,42,41
050,28,053,"Mississippi","Humphreys County",5,4,97,53,44
050,28,053,"Mississippi","Humphreys County",5,5,86,38,48
050,28,053,"Mississippi","Humphreys County",5,6,85,36,49
050,28,053,"Mississippi","Humphreys County",5,7,68,37,31
050,28,053,"Mississippi","Humphreys County",5,8,81,36,45
050,28,053,"Mississippi","Humphreys County",5,9,83,45,38
050,28,053,"Mississippi","Humphreys County",5,10,98,44,54
050,28,053,"Mississippi","Humphreys County",5,11,106,60,46
050,28,053,"Mississippi","Humphreys County",5,12,102,52,50
050,28,053,"Mississippi","Humphreys County",5,13,113,56,57
050,28,053,"Mississippi","Humphreys County",5,14,135,76,59
050,28,053,"Mississippi","Humphreys County",5,15,135,71,64
050,28,053,"Mississippi","Humphreys County",5,16,134,70,64
050,28,053,"Mississippi","Humphreys County",5,17,124,59,65
050,28,053,"Mississippi","Humphreys County",5,18,102,55,47
050,28,053,"Mississippi","Humphreys County",5,19,82,43,39
050,28,053,"Mississippi","Humphreys County",5,20,87,44,43
050,28,053,"Mississippi","Humphreys County",5,21,103,49,54
050,28,053,"Mississippi","Humphreys County",5,22,103,51,52
050,28,053,"Mississippi","Humphreys County",5,23,96,45,51
050,28,053,"Mississippi","Humphreys County",5,24,83,43,40
050,28,053,"Mississippi","Humphreys County",5,25,82,36,46
050,28,053,"Mississippi","Humphreys County",5,26,74,38,36
050,28,053,"Mississippi","Humphreys County",5,27,74,37,37
050,28,053,"Mississippi","Humphreys County",5,28,72,32,40
050,28,053,"Mississippi","Humphreys County",5,29,91,44,47
050,28,053,"Mississippi","Humphreys County",5,30,78,41,37
050,28,053,"Mississippi","Humphreys County",5,31,84,43,41
050,28,053,"Mississippi","Humphreys County",5,32,73,39,34
050,28,053,"Mississippi","Humphreys County",5,33,68,29,39
050,28,053,"Mississippi","Humphreys County",5,34,71,32,39
050,28,053,"Mississippi","Humphreys County",5,35,73,31,42
050,28,053,"Mississippi","Humphreys County",5,36,72,34,38
050,28,053,"Mississippi","Humphreys County",5,37,79,37,42
050,28,053,"Mississippi","Humphreys County",5,38,93,46,47
050,28,053,"Mississippi","Humphreys County",5,39,95,40,55
050,28,053,"Mississippi","Humphreys County",5,40,88,40,48
050,28,053,"Mississippi","Humphreys County",5,41,89,48,41
050,28,053,"Mississippi","Humphreys County",5,42,81,38,43
050,28,053,"Mississippi","Humphreys County",5,43,82,33,49
050,28,053,"Mississippi","Humphreys County",5,44,69,32,37
050,28,053,"Mississippi","Humphreys County",5,45,70,38,32
050,28,053,"Mississippi","Humphreys County",5,46,68,29,39
050,28,053,"Mississippi","Humphreys County",5,47,73,34,39
050,28,053,"Mississippi","Humphreys County",5,48,68,29,39
050,28,053,"Mississippi","Humphreys County",5,49,80,39,41
050,28,053,"Mississippi","Humphreys County",5,50,73,34,39
050,28,053,"Mississippi","Humphreys County",5,51,61,23,38
050,28,053,"Mississippi","Humphreys County",5,52,81,30,51
050,28,053,"Mississippi","Humphreys County",5,53,94,38,56
050,28,053,"Mississippi","Humphreys County",5,54,76,30,46
050,28,053,"Mississippi","Humphreys County",5,55,99,44,55
050,28,053,"Mississippi","Humphreys County",5,56,86,34,52
050,28,053,"Mississippi","Humphreys County",5,57,93,47,46
050,28,053,"Mississippi","Humphreys County",5,58,105,53,52
050,28,053,"Mississippi","Humphreys County",5,59,94,41,53
050,28,053,"Mississippi","Humphreys County",5,60,84,34,50
050,28,053,"Mississippi","Humphreys County",5,61,106,51,55
050,28,053,"Mississippi","Humphreys County",5,62,117,58,59
050,28,053,"Mississippi","Humphreys County",5,63,114,49,65
050,28,053,"Mississippi","Humphreys County",5,64,110,43,67
050,28,053,"Mississippi","Humphreys County",5,65,103,48,55
050,28,053,"Mississippi","Humphreys County",5,66,94,36,58
050,28,053,"Mississippi","Humphreys County",5,67,93,42,51
050,28,053,"Mississippi","Humphreys County",5,68,79,36,43
050,28,053,"Mississippi","Humphreys County",5,69,76,29,47
050,28,053,"Mississippi","Humphreys County",5,70,74,28,46
050,28,053,"Mississippi","Humphreys County",5,71,83,36,47
050,28,053,"Mississippi","Humphreys County",5,72,80,35,45
050,28,053,"Mississippi","Humphreys County",5,73,74,32,42
050,28,053,"Mississippi","Humphreys County",5,74,66,29,37
050,28,053,"Mississippi","Humphreys County",5,75,61,30,31
050,28,053,"Mississippi","Humphreys County",5,76,58,30,28
050,28,053,"Mississippi","Humphreys County",5,77,50,26,24
050,28,053,"Mississippi","Humphreys County",5,78,50,18,32
050,28,053,"Mississippi","Humphreys County",5,79,44,20,24
050,28,053,"Mississippi","Humphreys County",5,80,37,18,19
050,28,053,"Mississippi","Humphreys County",5,81,36,13,23
050,28,053,"Mississippi","Humphreys County",5,82,37,13,24
050,28,053,"Mississippi","Humphreys County",5,83,31,11,20
050,28,053,"Mississippi","Humphreys County",5,84,32,15,17
050,28,053,"Mississippi","Humphreys County",5,85,165,43,122
050,28,055,"Mississippi","Issaquena County",1,0,6,3,3
050,28,055,"Mississippi","Issaquena County",1,1,6,4,2
050,28,055,"Mississippi","Issaquena County",1,2,6,4,2
050,28,055,"Mississippi","Issaquena County",1,3,5,3,2
050,28,055,"Mississippi","Issaquena County",1,4,7,2,5
050,28,055,"Mississippi","Issaquena County",1,5,12,1,11
050,28,055,"Mississippi","Issaquena County",1,6,4,0,4
050,28,055,"Mississippi","Issaquena County",1,7,6,3,3
050,28,055,"Mississippi","Issaquena County",1,8,5,2,3
050,28,055,"Mississippi","Issaquena County",1,9,12,2,10
050,28,055,"Mississippi","Issaquena County",1,10,10,6,4
050,28,055,"Mississippi","Issaquena County",1,11,7,5,2
050,28,055,"Mississippi","Issaquena County",1,12,4,2,2
050,28,055,"Mississippi","Issaquena County",1,13,4,2,2
050,28,055,"Mississippi","Issaquena County",1,14,9,6,3
050,28,055,"Mississippi","Issaquena County",1,15,7,2,5
050,28,055,"Mississippi","Issaquena County",1,16,14,10,4
050,28,055,"Mississippi","Issaquena County",1,17,29,28,1
050,28,055,"Mississippi","Issaquena County",1,18,38,33,5
050,28,055,"Mississippi","Issaquena County",1,19,36,32,4
050,28,055,"Mississippi","Issaquena County",1,20,15,13,2
050,28,055,"Mississippi","Issaquena County",1,21,66,63,3
050,28,055,"Mississippi","Issaquena County",1,22,23,19,4
050,28,055,"Mississippi","Issaquena County",1,23,23,18,5
050,28,055,"Mississippi","Issaquena County",1,24,30,23,7
050,28,055,"Mississippi","Issaquena County",1,25,44,41,3
050,28,055,"Mississippi","Issaquena County",1,26,28,23,5
050,28,055,"Mississippi","Issaquena County",1,27,49,40,9
050,28,055,"Mississippi","Issaquena County",1,28,39,32,7
050,28,055,"Mississippi","Issaquena County",1,29,37,31,6
050,28,055,"Mississippi","Issaquena County",1,30,16,12,4
050,28,055,"Mississippi","Issaquena County",1,31,9,2,7
050,28,055,"Mississippi","Issaquena County",1,32,9,2,7
050,28,055,"Mississippi","Issaquena County",1,33,13,12,1
050,28,055,"Mississippi","Issaquena County",1,34,49,38,11
050,28,055,"Mississippi","Issaquena County",1,35,5,1,4
050,28,055,"Mississippi","Issaquena County",1,36,11,4,7
050,28,055,"Mississippi","Issaquena County",1,37,38,33,5
050,28,055,"Mississippi","Issaquena County",1,38,20,13,7
050,28,055,"Mississippi","Issaquena County",1,39,19,13,6
050,28,055,"Mississippi","Issaquena County",1,40,18,10,8
050,28,055,"Mississippi","Issaquena County",1,41,12,4,8
050,28,055,"Mississippi","Issaquena County",1,42,11,4,7
050,28,055,"Mississippi","Issaquena County",1,43,8,6,2
050,28,055,"Mississippi","Issaquena County",1,44,9,4,5
050,28,055,"Mississippi","Issaquena County",1,45,8,5,3
050,28,055,"Mississippi","Issaquena County",1,46,9,6,3
050,28,055,"Mississippi","Issaquena County",1,47,14,10,4
050,28,055,"Mississippi","Issaquena County",1,48,18,12,6
050,28,055,"Mississippi","Issaquena County",1,49,30,19,11
050,28,055,"Mississippi","Issaquena County",1,50,7,5,2
050,28,055,"Mississippi","Issaquena County",1,51,10,5,5
050,28,055,"Mississippi","Issaquena County",1,52,14,11,3
050,28,055,"Mississippi","Issaquena County",1,53,12,6,6
050,28,055,"Mississippi","Issaquena County",1,54,15,6,9
050,28,055,"Mississippi","Issaquena County",1,55,46,36,10
050,28,055,"Mississippi","Issaquena County",1,56,24,15,9
050,28,055,"Mississippi","Issaquena County",1,57,12,4,8
050,28,055,"Mississippi","Issaquena County",1,58,8,4,4
050,28,055,"Mississippi","Issaquena County",1,59,15,8,7
050,28,055,"Mississippi","Issaquena County",1,60,16,8,8
050,28,055,"Mississippi","Issaquena County",1,61,17,8,9
050,28,055,"Mississippi","Issaquena County",1,62,16,9,7
050,28,055,"Mississippi","Issaquena County",1,63,16,10,6
050,28,055,"Mississippi","Issaquena County",1,64,15,5,10
050,28,055,"Mississippi","Issaquena County",1,65,16,9,7
050,28,055,"Mississippi","Issaquena County",1,66,11,6,5
050,28,055,"Mississippi","Issaquena County",1,67,11,8,3
050,28,055,"Mississippi","Issaquena County",1,68,8,4,4
050,28,055,"Mississippi","Issaquena County",1,69,11,2,9
050,28,055,"Mississippi","Issaquena County",1,70,7,3,4
050,28,055,"Mississippi","Issaquena County",1,71,10,7,3
050,28,055,"Mississippi","Issaquena County",1,72,6,4,2
050,28,055,"Mississippi","Issaquena County",1,73,8,2,6
050,28,055,"Mississippi","Issaquena County",1,74,8,2,6
050,28,055,"Mississippi","Issaquena County",1,75,8,3,5
050,28,055,"Mississippi","Issaquena County",1,76,7,3,4
050,28,055,"Mississippi","Issaquena County",1,77,8,4,4
050,28,055,"Mississippi","Issaquena County",1,78,6,4,2
050,28,055,"Mississippi","Issaquena County",1,79,6,2,4
050,28,055,"Mississippi","Issaquena County",1,80,5,3,2
050,28,055,"Mississippi","Issaquena County",1,81,7,2,5
050,28,055,"Mississippi","Issaquena County",1,82,11,6,5
050,28,055,"Mississippi","Issaquena County",1,83,4,3,1
050,28,055,"Mississippi","Issaquena County",1,84,4,1,3
050,28,055,"Mississippi","Issaquena County",1,85,26,10,16
050,28,055,"Mississippi","Issaquena County",2,0,5,3,2
050,28,055,"Mississippi","Issaquena County",2,1,6,4,2
050,28,055,"Mississippi","Issaquena County",2,2,6,4,2
050,28,055,"Mississippi","Issaquena County",2,3,5,3,2
050,28,055,"Mississippi","Issaquena County",2,4,6,2,4
050,28,055,"Mississippi","Issaquena County",2,5,10,1,9
050,28,055,"Mississippi","Issaquena County",2,6,6,0,6
050,28,055,"Mississippi","Issaquena County",2,7,5,2,3
050,28,055,"Mississippi","Issaquena County",2,8,4,1,3
050,28,055,"Mississippi","Issaquena County",2,9,10,2,8
050,28,055,"Mississippi","Issaquena County",2,10,11,5,6
050,28,055,"Mississippi","Issaquena County",2,11,6,5,1
050,28,055,"Mississippi","Issaquena County",2,12,5,3,2
050,28,055,"Mississippi","Issaquena County",2,13,4,2,2
050,28,055,"Mississippi","Issaquena County",2,14,7,5,2
050,28,055,"Mississippi","Issaquena County",2,15,7,3,4
050,28,055,"Mississippi","Issaquena County",2,16,13,9,4
050,28,055,"Mississippi","Issaquena County",2,17,29,28,1
050,28,055,"Mississippi","Issaquena County",2,18,37,33,4
050,28,055,"Mississippi","Issaquena County",2,19,36,32,4
050,28,055,"Mississippi","Issaquena County",2,20,16,13,3
050,28,055,"Mississippi","Issaquena County",2,21,66,63,3
050,28,055,"Mississippi","Issaquena County",2,22,23,19,4
050,28,055,"Mississippi","Issaquena County",2,23,22,17,5
050,28,055,"Mississippi","Issaquena County",2,24,29,23,6
050,28,055,"Mississippi","Issaquena County",2,25,44,41,3
050,28,055,"Mississippi","Issaquena County",2,26,27,23,4
050,28,055,"Mississippi","Issaquena County",2,27,48,40,8
050,28,055,"Mississippi","Issaquena County",2,28,40,32,8
050,28,055,"Mississippi","Issaquena County",2,29,36,30,6
050,28,055,"Mississippi","Issaquena County",2,30,16,11,5
050,28,055,"Mississippi","Issaquena County",2,31,9,3,6
050,28,055,"Mississippi","Issaquena County",2,32,10,2,8
050,28,055,"Mississippi","Issaquena County",2,33,14,12,2
050,28,055,"Mississippi","Issaquena County",2,34,46,38,8
050,28,055,"Mississippi","Issaquena County",2,35,7,2,5
050,28,055,"Mississippi","Issaquena County",2,36,9,3,6
050,28,055,"Mississippi","Issaquena County",2,37,39,33,6
050,28,055,"Mississippi","Issaquena County",2,38,18,12,6
050,28,055,"Mississippi","Issaquena County",2,39,19,13,6
050,28,055,"Mississippi","Issaquena County",2,40,18,10,8
050,28,055,"Mississippi","Issaquena County",2,41,14,5,9
050,28,055,"Mississippi","Issaquena County",2,42,10,4,6
050,28,055,"Mississippi","Issaquena County",2,43,9,6,3
050,28,055,"Mississippi","Issaquena County",2,44,8,4,4
050,28,055,"Mississippi","Issaquena County",2,45,8,5,3
050,28,055,"Mississippi","Issaquena County",2,46,9,6,3
050,28,055,"Mississippi","Issaquena County",2,47,15,11,4
050,28,055,"Mississippi","Issaquena County",2,48,18,12,6
050,28,055,"Mississippi","Issaquena County",2,49,29,19,10
050,28,055,"Mississippi","Issaquena County",2,50,10,5,5
050,28,055,"Mississippi","Issaquena County",2,51,9,5,4
050,28,055,"Mississippi","Issaquena County",2,52,14,11,3
050,28,055,"Mississippi","Issaquena County",2,53,11,6,5
050,28,055,"Mississippi","Issaquena County",2,54,15,6,9
050,28,055,"Mississippi","Issaquena County",2,55,44,34,10
050,28,055,"Mississippi","Issaquena County",2,56,27,18,9
050,28,055,"Mississippi","Issaquena County",2,57,13,5,8
050,28,055,"Mississippi","Issaquena County",2,58,9,4,5
050,28,055,"Mississippi","Issaquena County",2,59,13,7,6
050,28,055,"Mississippi","Issaquena County",2,60,17,9,8
050,28,055,"Mississippi","Issaquena County",2,61,16,7,9
050,28,055,"Mississippi","Issaquena County",2,62,16,9,7
050,28,055,"Mississippi","Issaquena County",2,63,16,10,6
050,28,055,"Mississippi","Issaquena County",2,64,15,6,9
050,28,055,"Mississippi","Issaquena County",2,65,16,8,8
050,28,055,"Mississippi","Issaquena County",2,66,13,7,6
050,28,055,"Mississippi","Issaquena County",2,67,11,8,3
050,28,055,"Mississippi","Issaquena County",2,68,9,5,4
050,28,055,"Mississippi","Issaquena County",2,69,11,3,8
050,28,055,"Mississippi","Issaquena County",2,70,8,3,5
050,28,055,"Mississippi","Issaquena County",2,71,10,6,4
050,28,055,"Mississippi","Issaquena County",2,72,6,4,2
050,28,055,"Mississippi","Issaquena County",2,73,7,2,5
050,28,055,"Mississippi","Issaquena County",2,74,6,1,5
050,28,055,"Mississippi","Issaquena County",2,75,8,3,5
050,28,055,"Mississippi","Issaquena County",2,76,7,3,4
050,28,055,"Mississippi","Issaquena County",2,77,8,4,4
050,28,055,"Mississippi","Issaquena County",2,78,7,4,3
050,28,055,"Mississippi","Issaquena County",2,79,5,3,2
050,28,055,"Mississippi","Issaquena County",2,80,5,3,2
050,28,055,"Mississippi","Issaquena County",2,81,6,2,4
050,28,055,"Mississippi","Issaquena County",2,82,10,5,5
050,28,055,"Mississippi","Issaquena County",2,83,6,4,2
050,28,055,"Mississippi","Issaquena County",2,84,5,2,3
050,28,055,"Mississippi","Issaquena County",2,85,25,10,15
050,28,055,"Mississippi","Issaquena County",3,0,8,4,4
050,28,055,"Mississippi","Issaquena County",3,1,6,5,1
050,28,055,"Mississippi","Issaquena County",3,2,7,4,3
050,28,055,"Mississippi","Issaquena County",3,3,5,3,2
050,28,055,"Mississippi","Issaquena County",3,4,3,3,0
050,28,055,"Mississippi","Issaquena County",3,5,4,1,3
050,28,055,"Mississippi","Issaquena County",3,6,9,1,8
050,28,055,"Mississippi","Issaquena County",3,7,4,0,4
050,28,055,"Mississippi","Issaquena County",3,8,5,1,4
050,28,055,"Mississippi","Issaquena County",3,9,4,1,3
050,28,055,"Mississippi","Issaquena County",3,10,10,3,7
050,28,055,"Mississippi","Issaquena County",3,11,13,6,7
050,28,055,"Mississippi","Issaquena County",3,12,4,3,1
050,28,055,"Mississippi","Issaquena County",3,13,6,2,4
050,28,055,"Mississippi","Issaquena County",3,14,4,2,2
050,28,055,"Mississippi","Issaquena County",3,15,7,6,1
050,28,055,"Mississippi","Issaquena County",3,16,16,11,5
050,28,055,"Mississippi","Issaquena County",3,17,28,25,3
050,28,055,"Mississippi","Issaquena County",3,18,32,30,2
050,28,055,"Mississippi","Issaquena County",3,19,33,29,4
050,28,055,"Mississippi","Issaquena County",3,20,15,12,3
050,28,055,"Mississippi","Issaquena County",3,21,68,64,4
050,28,055,"Mississippi","Issaquena County",3,22,19,16,3
050,28,055,"Mississippi","Issaquena County",3,23,21,17,4
050,28,055,"Mississippi","Issaquena County",3,24,26,21,5
050,28,055,"Mississippi","Issaquena County",3,25,43,37,6
050,28,055,"Mississippi","Issaquena County",3,26,28,24,4
050,28,055,"Mississippi","Issaquena County",3,27,45,41,4
050,28,055,"Mississippi","Issaquena County",3,28,36,28,8
050,28,055,"Mississippi","Issaquena County",3,29,40,32,8
050,28,055,"Mississippi","Issaquena County",3,30,18,12,6
050,28,055,"Mississippi","Issaquena County",3,31,11,8,3
050,28,055,"Mississippi","Issaquena County",3,32,15,6,9
050,28,055,"Mississippi","Issaquena County",3,33,15,10,5
050,28,055,"Mississippi","Issaquena County",3,34,42,40,2
050,28,055,"Mississippi","Issaquena County",3,35,11,4,7
050,28,055,"Mississippi","Issaquena County",3,36,9,3,6
050,28,055,"Mississippi","Issaquena County",3,37,38,32,6
050,28,055,"Mississippi","Issaquena County",3,38,13,8,5
050,28,055,"Mississippi","Issaquena County",3,39,19,13,6
050,28,055,"Mississippi","Issaquena County",3,40,18,12,6
050,28,055,"Mississippi","Issaquena County",3,41,8,1,7
050,28,055,"Mississippi","Issaquena County",3,42,13,5,8
050,28,055,"Mississippi","Issaquena County",3,43,9,4,5
050,28,055,"Mississippi","Issaquena County",3,44,8,5,3
050,28,055,"Mississippi","Issaquena County",3,45,7,5,2
050,28,055,"Mississippi","Issaquena County",3,46,7,4,3
050,28,055,"Mississippi","Issaquena County",3,47,15,12,3
050,28,055,"Mississippi","Issaquena County",3,48,16,12,4
050,28,055,"Mississippi","Issaquena County",3,49,23,18,5
050,28,055,"Mississippi","Issaquena County",3,50,15,6,9
050,28,055,"Mississippi","Issaquena County",3,51,10,4,6
050,28,055,"Mississippi","Issaquena County",3,52,14,11,3
050,28,055,"Mississippi","Issaquena County",3,53,8,5,3
050,28,055,"Mississippi","Issaquena County",3,54,10,6,4
050,28,055,"Mississippi","Issaquena County",3,55,34,26,8
050,28,055,"Mississippi","Issaquena County",3,56,30,20,10
050,28,055,"Mississippi","Issaquena County",3,57,18,10,8
050,28,055,"Mississippi","Issaquena County",3,58,13,5,8
050,28,055,"Mississippi","Issaquena County",3,59,11,4,7
050,28,055,"Mississippi","Issaquena County",3,60,14,7,7
050,28,055,"Mississippi","Issaquena County",3,61,19,12,7
050,28,055,"Mississippi","Issaquena County",3,62,16,7,9
050,28,055,"Mississippi","Issaquena County",3,63,14,7,7
050,28,055,"Mississippi","Issaquena County",3,64,16,10,6
050,28,055,"Mississippi","Issaquena County",3,65,15,6,9
050,28,055,"Mississippi","Issaquena County",3,66,14,7,7
050,28,055,"Mississippi","Issaquena County",3,67,12,7,5
050,28,055,"Mississippi","Issaquena County",3,68,10,7,3
050,28,055,"Mississippi","Issaquena County",3,69,9,5,4
050,28,055,"Mississippi","Issaquena County",3,70,11,3,8
050,28,055,"Mississippi","Issaquena County",3,71,8,3,5
050,28,055,"Mississippi","Issaquena County",3,72,11,6,5
050,28,055,"Mississippi","Issaquena County",3,73,5,3,2
050,28,055,"Mississippi","Issaquena County",3,74,7,2,5
050,28,055,"Mississippi","Issaquena County",3,75,6,1,5
050,28,055,"Mississippi","Issaquena County",3,76,8,3,5
050,28,055,"Mississippi","Issaquena County",3,77,7,3,4
050,28,055,"Mississippi","Issaquena County",3,78,7,3,4
050,28,055,"Mississippi","Issaquena County",3,79,5,3,2
050,28,055,"Mississippi","Issaquena County",3,80,4,3,1
050,28,055,"Mississippi","Issaquena County",3,81,4,3,1
050,28,055,"Mississippi","Issaquena County",3,82,6,2,4
050,28,055,"Mississippi","Issaquena County",3,83,9,5,4
050,28,055,"Mississippi","Issaquena County",3,84,5,3,2
050,28,055,"Mississippi","Issaquena County",3,85,25,10,15
050,28,055,"Mississippi","Issaquena County",4,0,3,1,2
050,28,055,"Mississippi","Issaquena County",4,1,9,3,6
050,28,055,"Mississippi","Issaquena County",4,2,6,5,1
050,28,055,"Mississippi","Issaquena County",4,3,6,3,3
050,28,055,"Mississippi","Issaquena County",4,4,4,3,1
050,28,055,"Mississippi","Issaquena County",4,5,5,5,0
050,28,055,"Mississippi","Issaquena County",4,6,4,1,3
050,28,055,"Mississippi","Issaquena County",4,7,8,1,7
050,28,055,"Mississippi","Issaquena County",4,8,4,0,4
050,28,055,"Mississippi","Issaquena County",4,9,5,3,2
050,28,055,"Mississippi","Issaquena County",4,10,3,1,2
050,28,055,"Mississippi","Issaquena County",4,11,10,4,6
050,28,055,"Mississippi","Issaquena County",4,12,8,2,6
050,28,055,"Mississippi","Issaquena County",4,13,4,3,1
050,28,055,"Mississippi","Issaquena County",4,14,6,3,3
050,28,055,"Mississippi","Issaquena County",4,15,3,2,1
050,28,055,"Mississippi","Issaquena County",4,16,13,13,0
050,28,055,"Mississippi","Issaquena County",4,17,30,27,3
050,28,055,"Mississippi","Issaquena County",4,18,33,30,3
050,28,055,"Mississippi","Issaquena County",4,19,30,29,1
050,28,055,"Mississippi","Issaquena County",4,20,14,10,4
050,28,055,"Mississippi","Issaquena County",4,21,67,64,3
050,28,055,"Mississippi","Issaquena County",4,22,24,20,4
050,28,055,"Mississippi","Issaquena County",4,23,19,13,6
050,28,055,"Mississippi","Issaquena County",4,24,27,23,4
050,28,055,"Mississippi","Issaquena County",4,25,41,37,4
050,28,055,"Mississippi","Issaquena County",4,26,30,23,7
050,28,055,"Mississippi","Issaquena County",4,27,46,43,3
050,28,055,"Mississippi","Issaquena County",4,28,33,29,4
050,28,055,"Mississippi","Issaquena County",4,29,33,26,7
050,28,055,"Mississippi","Issaquena County",4,30,21,13,8
050,28,055,"Mississippi","Issaquena County",4,31,10,6,4
050,28,055,"Mississippi","Issaquena County",4,32,11,6,5
050,28,055,"Mississippi","Issaquena County",4,33,21,14,7
050,28,055,"Mississippi","Issaquena County",4,34,49,42,7
050,28,055,"Mississippi","Issaquena County",4,35,8,6,2
050,28,055,"Mississippi","Issaquena County",4,36,11,4,7
050,28,055,"Mississippi","Issaquena County",4,37,38,32,6
050,28,055,"Mississippi","Issaquena County",4,38,15,8,7
050,28,055,"Mississippi","Issaquena County",4,39,15,11,4
050,28,055,"Mississippi","Issaquena County",4,40,13,8,5
050,28,055,"Mississippi","Issaquena County",4,41,13,7,6
050,28,055,"Mississippi","Issaquena County",4,42,5,1,4
050,28,055,"Mississippi","Issaquena County",4,43,13,5,8
050,28,055,"Mississippi","Issaquena County",4,44,6,2,4
050,28,055,"Mississippi","Issaquena County",4,45,4,4,0
050,28,055,"Mississippi","Issaquena County",4,46,6,4,2
050,28,055,"Mississippi","Issaquena County",4,47,11,9,2
050,28,055,"Mississippi","Issaquena County",4,48,17,13,4
050,28,055,"Mississippi","Issaquena County",4,49,22,18,4
050,28,055,"Mississippi","Issaquena County",4,50,10,5,5
050,28,055,"Mississippi","Issaquena County",4,51,13,5,8
050,28,055,"Mississippi","Issaquena County",4,52,16,10,6
050,28,055,"Mississippi","Issaquena County",4,53,11,7,4
050,28,055,"Mississippi","Issaquena County",4,54,8,5,3
050,28,055,"Mississippi","Issaquena County",4,55,30,26,4
050,28,055,"Mississippi","Issaquena County",4,56,22,14,8
050,28,055,"Mississippi","Issaquena County",4,57,20,11,9
050,28,055,"Mississippi","Issaquena County",4,58,18,10,8
050,28,055,"Mississippi","Issaquena County",4,59,11,2,9
050,28,055,"Mississippi","Issaquena County",4,60,11,4,7
050,28,055,"Mississippi","Issaquena County",4,61,14,7,7
050,28,055,"Mississippi","Issaquena County",4,62,16,9,7
050,28,055,"Mississippi","Issaquena County",4,63,15,6,9
050,28,055,"Mississippi","Issaquena County",4,64,13,7,6
050,28,055,"Mississippi","Issaquena County",4,65,16,10,6
050,28,055,"Mississippi","Issaquena County",4,66,14,5,9
050,28,055,"Mississippi","Issaquena County",4,67,16,7,9
050,28,055,"Mississippi","Issaquena County",4,68,13,7,6
050,28,055,"Mississippi","Issaquena County",4,69,10,7,3
050,28,055,"Mississippi","Issaquena County",4,70,8,5,3
050,28,055,"Mississippi","Issaquena County",4,71,9,1,8
050,28,055,"Mississippi","Issaquena County",4,72,8,3,5
050,28,055,"Mississippi","Issaquena County",4,73,8,6,2
050,28,055,"Mississippi","Issaquena County",4,74,5,3,2
050,28,055,"Mississippi","Issaquena County",4,75,7,2,5
050,28,055,"Mississippi","Issaquena County",4,76,6,1,5
050,28,055,"Mississippi","Issaquena County",4,77,8,3,5
050,28,055,"Mississippi","Issaquena County",4,78,6,3,3
050,28,055,"Mississippi","Issaquena County",4,79,5,1,4
050,28,055,"Mississippi","Issaquena County",4,80,5,3,2
050,28,055,"Mississippi","Issaquena County",4,81,4,3,1
050,28,055,"Mississippi","Issaquena County",4,82,4,3,1
050,28,055,"Mississippi","Issaquena County",4,83,6,2,4
050,28,055,"Mississippi","Issaquena County",4,84,9,5,4
050,28,055,"Mississippi","Issaquena County",4,85,30,13,17
050,28,055,"Mississippi","Issaquena County",5,0,3,1,2
050,28,055,"Mississippi","Issaquena County",5,1,1,1,0
050,28,055,"Mississippi","Issaquena County",5,2,9,5,4
050,28,055,"Mississippi","Issaquena County",5,3,6,3,3
050,28,055,"Mississippi","Issaquena County",5,4,5,3,2
050,28,055,"Mississippi","Issaquena County",5,5,5,3,2
050,28,055,"Mississippi","Issaquena County",5,6,5,4,1
050,28,055,"Mississippi","Issaquena County",5,7,6,3,3
050,28,055,"Mississippi","Issaquena County",5,8,6,1,5
050,28,055,"Mississippi","Issaquena County",5,9,5,1,4
050,28,055,"Mississippi","Issaquena County",5,10,5,4,1
050,28,055,"Mississippi","Issaquena County",5,11,3,1,2
050,28,055,"Mississippi","Issaquena County",5,12,10,4,6
050,28,055,"Mississippi","Issaquena County",5,13,10,3,7
050,28,055,"Mississippi","Issaquena County",5,14,4,3,1
050,28,055,"Mississippi","Issaquena County",5,15,6,3,3
050,28,055,"Mississippi","Issaquena County",5,16,11,10,1
050,28,055,"Mississippi","Issaquena County",5,17,28,28,0
050,28,055,"Mississippi","Issaquena County",5,18,33,30,3
050,28,055,"Mississippi","Issaquena County",5,19,33,28,5
050,28,055,"Mississippi","Issaquena County",5,20,12,10,2
050,28,055,"Mississippi","Issaquena County",5,21,65,62,3
050,28,055,"Mississippi","Issaquena County",5,22,21,18,3
050,28,055,"Mississippi","Issaquena County",5,23,21,17,4
050,28,055,"Mississippi","Issaquena County",5,24,22,19,3
050,28,055,"Mississippi","Issaquena County",5,25,44,40,4
050,28,055,"Mississippi","Issaquena County",5,26,25,21,4
050,28,055,"Mississippi","Issaquena County",5,27,55,44,11
050,28,055,"Mississippi","Issaquena County",5,28,36,33,3
050,28,055,"Mississippi","Issaquena County",5,29,31,28,3
050,28,055,"Mississippi","Issaquena County",5,30,18,9,9
050,28,055,"Mississippi","Issaquena County",5,31,15,7,8
050,28,055,"Mississippi","Issaquena County",5,32,14,8,6
050,28,055,"Mississippi","Issaquena County",5,33,18,14,4
050,28,055,"Mississippi","Issaquena County",5,34,48,41,7
050,28,055,"Mississippi","Issaquena County",5,35,11,6,5
050,28,055,"Mississippi","Issaquena County",5,36,8,6,2
050,28,055,"Mississippi","Issaquena County",5,37,40,33,7
050,28,055,"Mississippi","Issaquena County",5,38,14,8,6
050,28,055,"Mississippi","Issaquena County",5,39,16,11,5
050,28,055,"Mississippi","Issaquena County",5,40,12,8,4
050,28,055,"Mississippi","Issaquena County",5,41,8,3,5
050,28,055,"Mississippi","Issaquena County",5,42,11,7,4
050,28,055,"Mississippi","Issaquena County",5,43,8,1,7
050,28,055,"Mississippi","Issaquena County",5,44,13,5,8
050,28,055,"Mississippi","Issaquena County",5,45,7,3,4
050,28,055,"Mississippi","Issaquena County",5,46,5,4,1
050,28,055,"Mississippi","Issaquena County",5,47,12,10,2
050,28,055,"Mississippi","Issaquena County",5,48,13,10,3
050,28,055,"Mississippi","Issaquena County",5,49,21,17,4
050,28,055,"Mississippi","Issaquena County",5,50,8,5,3
050,28,055,"Mississippi","Issaquena County",5,51,10,3,7
050,28,055,"Mississippi","Issaquena County",5,52,19,11,8
050,28,055,"Mississippi","Issaquena County",5,53,10,4,6
050,28,055,"Mississippi","Issaquena County",5,54,10,7,3
050,28,055,"Mississippi","Issaquena County",5,55,28,25,3
050,28,055,"Mississippi","Issaquena County",5,56,18,14,4
050,28,055,"Mississippi","Issaquena County",5,57,13,6,7
050,28,055,"Mississippi","Issaquena County",5,58,20,11,9
050,28,055,"Mississippi","Issaquena County",5,59,14,8,6
050,28,055,"Mississippi","Issaquena County",5,60,11,2,9
050,28,055,"Mississippi","Issaquena County",5,61,11,4,7
050,28,055,"Mississippi","Issaquena County",5,62,13,6,7
050,28,055,"Mississippi","Issaquena County",5,63,15,8,7
050,28,055,"Mississippi","Issaquena County",5,64,15,6,9
050,28,055,"Mississippi","Issaquena County",5,65,15,9,6
050,28,055,"Mississippi","Issaquena County",5,66,15,9,6
050,28,055,"Mississippi","Issaquena County",5,67,16,6,10
050,28,055,"Mississippi","Issaquena County",5,68,15,7,8
050,28,055,"Mississippi","Issaquena County",5,69,13,7,6
050,28,055,"Mississippi","Issaquena County",5,70,9,7,2
050,28,055,"Mississippi","Issaquena County",5,71,8,4,4
050,28,055,"Mississippi","Issaquena County",5,72,6,1,5
050,28,055,"Mississippi","Issaquena County",5,73,8,3,5
050,28,055,"Mississippi","Issaquena County",5,74,8,6,2
050,28,055,"Mississippi","Issaquena County",5,75,5,3,2
050,28,055,"Mississippi","Issaquena County",5,76,7,2,5
050,28,055,"Mississippi","Issaquena County",5,77,6,1,5
050,28,055,"Mississippi","Issaquena County",5,78,8,3,5
050,28,055,"Mississippi","Issaquena County",5,79,4,1,3
050,28,055,"Mississippi","Issaquena County",5,80,5,1,4
050,28,055,"Mississippi","Issaquena County",5,81,5,3,2
050,28,055,"Mississippi","Issaquena County",5,82,4,3,1
050,28,055,"Mississippi","Issaquena County",5,83,4,3,1
050,28,055,"Mississippi","Issaquena County",5,84,6,2,4
050,28,055,"Mississippi","Issaquena County",5,85,36,17,19
050,28,057,"Mississippi","Itawamba County",1,0,255,128,127
050,28,057,"Mississippi","Itawamba County",1,1,256,133,123
050,28,057,"Mississippi","Itawamba County",1,2,254,136,118
050,28,057,"Mississippi","Itawamba County",1,3,265,140,125
050,28,057,"Mississippi","Itawamba County",1,4,258,127,131
050,28,057,"Mississippi","Itawamba County",1,5,279,136,143
050,28,057,"Mississippi","Itawamba County",1,6,267,133,134
050,28,057,"Mississippi","Itawamba County",1,7,277,130,147
050,28,057,"Mississippi","Itawamba County",1,8,297,146,151
050,28,057,"Mississippi","Itawamba County",1,9,260,138,122
050,28,057,"Mississippi","Itawamba County",1,10,278,142,136
050,28,057,"Mississippi","Itawamba County",1,11,322,158,164
050,28,057,"Mississippi","Itawamba County",1,12,314,167,147
050,28,057,"Mississippi","Itawamba County",1,13,319,165,154
050,28,057,"Mississippi","Itawamba County",1,14,291,151,140
050,28,057,"Mississippi","Itawamba County",1,15,316,179,137
050,28,057,"Mississippi","Itawamba County",1,16,305,154,151
050,28,057,"Mississippi","Itawamba County",1,17,288,155,133
050,28,057,"Mississippi","Itawamba County",1,18,468,260,208
050,28,057,"Mississippi","Itawamba County",1,19,667,343,324
050,28,057,"Mississippi","Itawamba County",1,20,513,257,256
050,28,057,"Mississippi","Itawamba County",1,21,314,152,162
050,28,057,"Mississippi","Itawamba County",1,22,303,163,140
050,28,057,"Mississippi","Itawamba County",1,23,278,142,136
050,28,057,"Mississippi","Itawamba County",1,24,286,149,137
050,28,057,"Mississippi","Itawamba County",1,25,300,134,166
050,28,057,"Mississippi","Itawamba County",1,26,303,159,144
050,28,057,"Mississippi","Itawamba County",1,27,304,153,151
050,28,057,"Mississippi","Itawamba County",1,28,310,167,143
050,28,057,"Mississippi","Itawamba County",1,29,350,172,178
050,28,057,"Mississippi","Itawamba County",1,30,322,164,158
050,28,057,"Mississippi","Itawamba County",1,31,314,167,147
050,28,057,"Mississippi","Itawamba County",1,32,279,142,137
050,28,057,"Mississippi","Itawamba County",1,33,251,123,128
050,28,057,"Mississippi","Itawamba County",1,34,260,134,126
050,28,057,"Mississippi","Itawamba County",1,35,263,129,134
050,28,057,"Mississippi","Itawamba County",1,36,252,136,116
050,28,057,"Mississippi","Itawamba County",1,37,263,136,127
050,28,057,"Mississippi","Itawamba County",1,38,277,131,146
050,28,057,"Mississippi","Itawamba County",1,39,267,134,133
050,28,057,"Mississippi","Itawamba County",1,40,271,137,134
050,28,057,"Mississippi","Itawamba County",1,41,261,128,133
050,28,057,"Mississippi","Itawamba County",1,42,247,120,127
050,28,057,"Mississippi","Itawamba County",1,43,261,130,131
050,28,057,"Mississippi","Itawamba County",1,44,285,151,134
050,28,057,"Mississippi","Itawamba County",1,45,307,155,152
050,28,057,"Mississippi","Itawamba County",1,46,286,133,153
050,28,057,"Mississippi","Itawamba County",1,47,316,144,172
050,28,057,"Mississippi","Itawamba County",1,48,340,164,176
050,28,057,"Mississippi","Itawamba County",1,49,337,163,174
050,28,057,"Mississippi","Itawamba County",1,50,295,151,144
050,28,057,"Mississippi","Itawamba County",1,51,296,160,136
050,28,057,"Mississippi","Itawamba County",1,52,330,171,159
050,28,057,"Mississippi","Itawamba County",1,53,332,182,150
050,28,057,"Mississippi","Itawamba County",1,54,316,163,153
050,28,057,"Mississippi","Itawamba County",1,55,299,156,143
050,28,057,"Mississippi","Itawamba County",1,56,336,186,150
050,28,057,"Mississippi","Itawamba County",1,57,309,156,153
050,28,057,"Mississippi","Itawamba County",1,58,289,140,149
050,28,057,"Mississippi","Itawamba County",1,59,310,161,149
050,28,057,"Mississippi","Itawamba County",1,60,293,141,152
050,28,057,"Mississippi","Itawamba County",1,61,283,140,143
050,28,057,"Mississippi","Itawamba County",1,62,284,148,136
050,28,057,"Mississippi","Itawamba County",1,63,280,131,149
050,28,057,"Mississippi","Itawamba County",1,64,274,137,137
050,28,057,"Mississippi","Itawamba County",1,65,273,136,137
050,28,057,"Mississippi","Itawamba County",1,66,264,119,145
050,28,057,"Mississippi","Itawamba County",1,67,245,114,131
050,28,057,"Mississippi","Itawamba County",1,68,266,124,142
050,28,057,"Mississippi","Itawamba County",1,69,230,111,119
050,28,057,"Mississippi","Itawamba County",1,70,214,107,107
050,28,057,"Mississippi","Itawamba County",1,71,226,103,123
050,28,057,"Mississippi","Itawamba County",1,72,223,89,134
050,28,057,"Mississippi","Itawamba County",1,73,236,110,126
050,28,057,"Mississippi","Itawamba County",1,74,160,72,88
050,28,057,"Mississippi","Itawamba County",1,75,178,78,100
050,28,057,"Mississippi","Itawamba County",1,76,177,82,95
050,28,057,"Mississippi","Itawamba County",1,77,189,82,107
050,28,057,"Mississippi","Itawamba County",1,78,153,61,92
050,28,057,"Mississippi","Itawamba County",1,79,141,55,86
050,28,057,"Mississippi","Itawamba County",1,80,128,45,83
050,28,057,"Mississippi","Itawamba County",1,81,125,55,70
050,28,057,"Mississippi","Itawamba County",1,82,123,52,71
050,28,057,"Mississippi","Itawamba County",1,83,89,35,54
050,28,057,"Mississippi","Itawamba County",1,84,78,31,47
050,28,057,"Mississippi","Itawamba County",1,85,462,164,298
050,28,057,"Mississippi","Itawamba County",2,0,258,131,127
050,28,057,"Mississippi","Itawamba County",2,1,252,129,123
050,28,057,"Mississippi","Itawamba County",2,2,257,137,120
050,28,057,"Mississippi","Itawamba County",2,3,261,139,122
050,28,057,"Mississippi","Itawamba County",2,4,265,131,134
050,28,057,"Mississippi","Itawamba County",2,5,275,134,141
050,28,057,"Mississippi","Itawamba County",2,6,268,133,135
050,28,057,"Mississippi","Itawamba County",2,7,274,131,143
050,28,057,"Mississippi","Itawamba County",2,8,289,141,148
050,28,057,"Mississippi","Itawamba County",2,9,269,139,130
050,28,057,"Mississippi","Itawamba County",2,10,272,140,132
050,28,057,"Mississippi","Itawamba County",2,11,310,155,155
050,28,057,"Mississippi","Itawamba County",2,12,318,164,154
050,28,057,"Mississippi","Itawamba County",2,13,316,163,153
050,28,057,"Mississippi","Itawamba County",2,14,299,155,144
050,28,057,"Mississippi","Itawamba County",2,15,312,173,139
050,28,057,"Mississippi","Itawamba County",2,16,308,161,147
050,28,057,"Mississippi","Itawamba County",2,17,294,156,138
050,28,057,"Mississippi","Itawamba County",2,18,463,255,208
050,28,057,"Mississippi","Itawamba County",2,19,657,341,316
050,28,057,"Mississippi","Itawamba County",2,20,515,257,258
050,28,057,"Mississippi","Itawamba County",2,21,316,155,161
050,28,057,"Mississippi","Itawamba County",2,22,304,161,143
050,28,057,"Mississippi","Itawamba County",2,23,281,144,137
050,28,057,"Mississippi","Itawamba County",2,24,284,146,138
050,28,057,"Mississippi","Itawamba County",2,25,298,138,160
050,28,057,"Mississippi","Itawamba County",2,26,304,154,150
050,28,057,"Mississippi","Itawamba County",2,27,304,156,148
050,28,057,"Mississippi","Itawamba County",2,28,313,165,148
050,28,057,"Mississippi","Itawamba County",2,29,343,171,172
050,28,057,"Mississippi","Itawamba County",2,30,330,166,164
050,28,057,"Mississippi","Itawamba County",2,31,315,166,149
050,28,057,"Mississippi","Itawamba County",2,32,286,146,140
050,28,057,"Mississippi","Itawamba County",2,33,258,127,131
050,28,057,"Mississippi","Itawamba County",2,34,258,130,128
050,28,057,"Mississippi","Itawamba County",2,35,260,130,130
050,28,057,"Mississippi","Itawamba County",2,36,255,134,121
050,28,057,"Mississippi","Itawamba County",2,37,259,134,125
050,28,057,"Mississippi","Itawamba County",2,38,275,134,141
050,28,057,"Mississippi","Itawamba County",2,39,268,134,134
050,28,057,"Mississippi","Itawamba County",2,40,272,137,135
050,28,057,"Mississippi","Itawamba County",2,41,264,131,133
050,28,057,"Mississippi","Itawamba County",2,42,251,121,130
050,28,057,"Mississippi","Itawamba County",2,43,258,129,129
050,28,057,"Mississippi","Itawamba County",2,44,274,143,131
050,28,057,"Mississippi","Itawamba County",2,45,302,155,147
050,28,057,"Mississippi","Itawamba County",2,46,292,139,153
050,28,057,"Mississippi","Itawamba County",2,47,307,141,166
050,28,057,"Mississippi","Itawamba County",2,48,334,158,176
050,28,057,"Mississippi","Itawamba County",2,49,340,164,176
050,28,057,"Mississippi","Itawamba County",2,50,306,155,151
050,28,057,"Mississippi","Itawamba County",2,51,296,156,140
050,28,057,"Mississippi","Itawamba County",2,52,322,169,153
050,28,057,"Mississippi","Itawamba County",2,53,334,180,154
050,28,057,"Mississippi","Itawamba County",2,54,319,167,152
050,28,057,"Mississippi","Itawamba County",2,55,302,157,145
050,28,057,"Mississippi","Itawamba County",2,56,329,180,149
050,28,057,"Mississippi","Itawamba County",2,57,314,161,153
050,28,057,"Mississippi","Itawamba County",2,58,294,145,149
050,28,057,"Mississippi","Itawamba County",2,59,303,156,147
050,28,057,"Mississippi","Itawamba County",2,60,298,147,151
050,28,057,"Mississippi","Itawamba County",2,61,286,141,145
050,28,057,"Mississippi","Itawamba County",2,62,282,145,137
050,28,057,"Mississippi","Itawamba County",2,63,281,135,146
050,28,057,"Mississippi","Itawamba County",2,64,274,135,139
050,28,057,"Mississippi","Itawamba County",2,65,274,137,137
050,28,057,"Mississippi","Itawamba County",2,66,264,121,143
050,28,057,"Mississippi","Itawamba County",2,67,249,114,135
050,28,057,"Mississippi","Itawamba County",2,68,254,116,138
050,28,057,"Mississippi","Itawamba County",2,69,238,114,124
050,28,057,"Mississippi","Itawamba County",2,70,220,108,112
050,28,057,"Mississippi","Itawamba County",2,71,220,102,118
050,28,057,"Mississippi","Itawamba County",2,72,223,92,131
050,28,057,"Mississippi","Itawamba County",2,73,241,108,133
050,28,057,"Mississippi","Itawamba County",2,74,165,75,90
050,28,057,"Mississippi","Itawamba County",2,75,172,75,97
050,28,057,"Mississippi","Itawamba County",2,76,173,78,95
050,28,057,"Mississippi","Itawamba County",2,77,189,84,105
050,28,057,"Mississippi","Itawamba County",2,78,150,60,90
050,28,057,"Mississippi","Itawamba County",2,79,142,56,86
050,28,057,"Mississippi","Itawamba County",2,80,131,47,84
050,28,057,"Mississippi","Itawamba County",2,81,122,52,70
050,28,057,"Mississippi","Itawamba County",2,82,125,52,73
050,28,057,"Mississippi","Itawamba County",2,83,98,40,58
050,28,057,"Mississippi","Itawamba County",2,84,77,33,44
050,28,057,"Mississippi","Itawamba County",2,85,461,163,298
050,28,057,"Mississippi","Itawamba County",3,0,259,140,119
050,28,057,"Mississippi","Itawamba County",3,1,287,146,141
050,28,057,"Mississippi","Itawamba County",3,2,253,131,122
050,28,057,"Mississippi","Itawamba County",3,3,266,135,131
050,28,057,"Mississippi","Itawamba County",3,4,263,138,125
050,28,057,"Mississippi","Itawamba County",3,5,275,140,135
050,28,057,"Mississippi","Itawamba County",3,6,276,136,140
050,28,057,"Mississippi","Itawamba County",3,7,267,129,138
050,28,057,"Mississippi","Itawamba County",3,8,282,143,139
050,28,057,"Mississippi","Itawamba County",3,9,291,140,151
050,28,057,"Mississippi","Itawamba County",3,10,276,150,126
050,28,057,"Mississippi","Itawamba County",3,11,272,141,131
050,28,057,"Mississippi","Itawamba County",3,12,306,145,161
050,28,057,"Mississippi","Itawamba County",3,13,315,159,156
050,28,057,"Mississippi","Itawamba County",3,14,315,166,149
050,28,057,"Mississippi","Itawamba County",3,15,295,153,142
050,28,057,"Mississippi","Itawamba County",3,16,315,173,142
050,28,057,"Mississippi","Itawamba County",3,17,303,158,145
050,28,057,"Mississippi","Itawamba County",3,18,486,261,225
050,28,057,"Mississippi","Itawamba County",3,19,640,337,303
050,28,057,"Mississippi","Itawamba County",3,20,511,267,244
050,28,057,"Mississippi","Itawamba County",3,21,349,178,171
050,28,057,"Mississippi","Itawamba County",3,22,300,151,149
050,28,057,"Mississippi","Itawamba County",3,23,286,141,145
050,28,057,"Mississippi","Itawamba County",3,24,287,144,143
050,28,057,"Mississippi","Itawamba County",3,25,278,135,143
050,28,057,"Mississippi","Itawamba County",3,26,283,141,142
050,28,057,"Mississippi","Itawamba County",3,27,288,147,141
050,28,057,"Mississippi","Itawamba County",3,28,321,165,156
050,28,057,"Mississippi","Itawamba County",3,29,306,158,148
050,28,057,"Mississippi","Itawamba County",3,30,347,176,171
050,28,057,"Mississippi","Itawamba County",3,31,327,159,168
050,28,057,"Mississippi","Itawamba County",3,32,306,170,136
050,28,057,"Mississippi","Itawamba County",3,33,290,152,138
050,28,057,"Mississippi","Itawamba County",3,34,257,124,133
050,28,057,"Mississippi","Itawamba County",3,35,253,124,129
050,28,057,"Mississippi","Itawamba County",3,36,263,126,137
050,28,057,"Mississippi","Itawamba County",3,37,260,137,123
050,28,057,"Mississippi","Itawamba County",3,38,269,139,130
050,28,057,"Mississippi","Itawamba County",3,39,274,132,142
050,28,057,"Mississippi","Itawamba County",3,40,273,140,133
050,28,057,"Mississippi","Itawamba County",3,41,282,141,141
050,28,057,"Mississippi","Itawamba County",3,42,258,122,136
050,28,057,"Mississippi","Itawamba County",3,43,234,116,118
050,28,057,"Mississippi","Itawamba County",3,44,258,132,126
050,28,057,"Mississippi","Itawamba County",3,45,285,145,140
050,28,057,"Mississippi","Itawamba County",3,46,308,156,152
050,28,057,"Mississippi","Itawamba County",3,47,288,134,154
050,28,057,"Mississippi","Itawamba County",3,48,311,143,168
050,28,057,"Mississippi","Itawamba County",3,49,324,153,171
050,28,057,"Mississippi","Itawamba County",3,50,343,163,180
050,28,057,"Mississippi","Itawamba County",3,51,303,155,148
050,28,057,"Mississippi","Itawamba County",3,52,296,156,140
050,28,057,"Mississippi","Itawamba County",3,53,322,166,156
050,28,057,"Mississippi","Itawamba County",3,54,329,178,151
050,28,057,"Mississippi","Itawamba County",3,55,313,162,151
050,28,057,"Mississippi","Itawamba County",3,56,301,157,144
050,28,057,"Mississippi","Itawamba County",3,57,327,180,147
050,28,057,"Mississippi","Itawamba County",3,58,315,164,151
050,28,057,"Mississippi","Itawamba County",3,59,284,143,141
050,28,057,"Mississippi","Itawamba County",3,60,298,155,143
050,28,057,"Mississippi","Itawamba County",3,61,296,147,149
050,28,057,"Mississippi","Itawamba County",3,62,289,144,145
050,28,057,"Mississippi","Itawamba County",3,63,278,143,135
050,28,057,"Mississippi","Itawamba County",3,64,272,130,142
050,28,057,"Mississippi","Itawamba County",3,65,276,134,142
050,28,057,"Mississippi","Itawamba County",3,66,267,129,138
050,28,057,"Mississippi","Itawamba County",3,67,253,114,139
050,28,057,"Mississippi","Itawamba County",3,68,248,110,138
050,28,057,"Mississippi","Itawamba County",3,69,238,107,131
050,28,057,"Mississippi","Itawamba County",3,70,231,106,125
050,28,057,"Mississippi","Itawamba County",3,71,211,103,108
050,28,057,"Mississippi","Itawamba County",3,72,218,99,119
050,28,057,"Mississippi","Itawamba County",3,73,215,84,131
050,28,057,"Mississippi","Itawamba County",3,74,227,104,123
050,28,057,"Mississippi","Itawamba County",3,75,159,68,91
050,28,057,"Mississippi","Itawamba County",3,76,159,69,90
050,28,057,"Mississippi","Itawamba County",3,77,167,73,94
050,28,057,"Mississippi","Itawamba County",3,78,176,74,102
050,28,057,"Mississippi","Itawamba County",3,79,140,59,81
050,28,057,"Mississippi","Itawamba County",3,80,132,50,82
050,28,057,"Mississippi","Itawamba County",3,81,115,38,77
050,28,057,"Mississippi","Itawamba County",3,82,115,48,67
050,28,057,"Mississippi","Itawamba County",3,83,114,47,67
050,28,057,"Mississippi","Itawamba County",3,84,89,39,50
050,28,057,"Mississippi","Itawamba County",3,85,451,162,289
050,28,057,"Mississippi","Itawamba County",4,0,292,169,123
050,28,057,"Mississippi","Itawamba County",4,1,270,142,128
050,28,057,"Mississippi","Itawamba County",4,2,280,145,135
050,28,057,"Mississippi","Itawamba County",4,3,250,124,126
050,28,057,"Mississippi","Itawamba County",4,4,258,136,122
050,28,057,"Mississippi","Itawamba County",4,5,265,134,131
050,28,057,"Mississippi","Itawamba County",4,6,278,136,142
050,28,057,"Mississippi","Itawamba County",4,7,271,131,140
050,28,057,"Mississippi","Itawamba County",4,8,282,134,148
050,28,057,"Mississippi","Itawamba County",4,9,290,147,143
050,28,057,"Mississippi","Itawamba County",4,10,296,147,149
050,28,057,"Mississippi","Itawamba County",4,11,272,139,133
050,28,057,"Mississippi","Itawamba County",4,12,274,140,134
050,28,057,"Mississippi","Itawamba County",4,13,303,147,156
050,28,057,"Mississippi","Itawamba County",4,14,312,153,159
050,28,057,"Mississippi","Itawamba County",4,15,316,168,148
050,28,057,"Mississippi","Itawamba County",4,16,285,147,138
050,28,057,"Mississippi","Itawamba County",4,17,314,174,140
050,28,057,"Mississippi","Itawamba County",4,18,466,242,224
050,28,057,"Mississippi","Itawamba County",4,19,665,340,325
050,28,057,"Mississippi","Itawamba County",4,20,482,255,227
050,28,057,"Mississippi","Itawamba County",4,21,347,184,163
050,28,057,"Mississippi","Itawamba County",4,22,334,185,149
050,28,057,"Mississippi","Itawamba County",4,23,283,138,145
050,28,057,"Mississippi","Itawamba County",4,24,275,130,145
050,28,057,"Mississippi","Itawamba County",4,25,293,144,149
050,28,057,"Mississippi","Itawamba County",4,26,277,143,134
050,28,057,"Mississippi","Itawamba County",4,27,296,139,157
050,28,057,"Mississippi","Itawamba County",4,28,287,147,140
050,28,057,"Mississippi","Itawamba County",4,29,301,154,147
050,28,057,"Mississippi","Itawamba County",4,30,307,165,142
050,28,057,"Mississippi","Itawamba County",4,31,352,174,178
050,28,057,"Mississippi","Itawamba County",4,32,320,158,162
050,28,057,"Mississippi","Itawamba County",4,33,312,170,142
050,28,057,"Mississippi","Itawamba County",4,34,294,150,144
050,28,057,"Mississippi","Itawamba County",4,35,259,127,132
050,28,057,"Mississippi","Itawamba County",4,36,257,129,128
050,28,057,"Mississippi","Itawamba County",4,37,263,126,137
050,28,057,"Mississippi","Itawamba County",4,38,261,135,126
050,28,057,"Mississippi","Itawamba County",4,39,268,141,127
050,28,057,"Mississippi","Itawamba County",4,40,273,133,140
050,28,057,"Mississippi","Itawamba County",4,41,289,152,137
050,28,057,"Mississippi","Itawamba County",4,42,286,142,144
050,28,057,"Mississippi","Itawamba County",4,43,255,127,128
050,28,057,"Mississippi","Itawamba County",4,44,235,116,119
050,28,057,"Mississippi","Itawamba County",4,45,257,127,130
050,28,057,"Mississippi","Itawamba County",4,46,284,146,138
050,28,057,"Mississippi","Itawamba County",4,47,312,161,151
050,28,057,"Mississippi","Itawamba County",4,48,299,144,155
050,28,057,"Mississippi","Itawamba County",4,49,306,137,169
050,28,057,"Mississippi","Itawamba County",4,50,326,153,173
050,28,057,"Mississippi","Itawamba County",4,51,347,168,179
050,28,057,"Mississippi","Itawamba County",4,52,305,159,146
050,28,057,"Mississippi","Itawamba County",4,53,306,161,145
050,28,057,"Mississippi","Itawamba County",4,54,320,163,157
050,28,057,"Mississippi","Itawamba County",4,55,336,183,153
050,28,057,"Mississippi","Itawamba County",4,56,317,166,151
050,28,057,"Mississippi","Itawamba County",4,57,306,153,153
050,28,057,"Mississippi","Itawamba County",4,58,323,179,144
050,28,057,"Mississippi","Itawamba County",4,59,317,164,153
050,28,057,"Mississippi","Itawamba County",4,60,291,142,149
050,28,057,"Mississippi","Itawamba County",4,61,299,163,136
050,28,057,"Mississippi","Itawamba County",4,62,308,160,148
050,28,057,"Mississippi","Itawamba County",4,63,281,143,138
050,28,057,"Mississippi","Itawamba County",4,64,279,140,139
050,28,057,"Mississippi","Itawamba County",4,65,265,128,137
050,28,057,"Mississippi","Itawamba County",4,66,269,132,137
050,28,057,"Mississippi","Itawamba County",4,67,252,124,128
050,28,057,"Mississippi","Itawamba County",4,68,248,111,137
050,28,057,"Mississippi","Itawamba County",4,69,243,108,135
050,28,057,"Mississippi","Itawamba County",4,70,235,103,132
050,28,057,"Mississippi","Itawamba County",4,71,218,101,117
050,28,057,"Mississippi","Itawamba County",4,72,207,98,109
050,28,057,"Mississippi","Itawamba County",4,73,205,95,110
050,28,057,"Mississippi","Itawamba County",4,74,190,71,119
050,28,057,"Mississippi","Itawamba County",4,75,219,95,124
050,28,057,"Mississippi","Itawamba County",4,76,150,63,87
050,28,057,"Mississippi","Itawamba County",4,77,159,72,87
050,28,057,"Mississippi","Itawamba County",4,78,150,63,87
050,28,057,"Mississippi","Itawamba County",4,79,164,68,96
050,28,057,"Mississippi","Itawamba County",4,80,134,53,81
050,28,057,"Mississippi","Itawamba County",4,81,122,44,78
050,28,057,"Mississippi","Itawamba County",4,82,115,37,78
050,28,057,"Mississippi","Itawamba County",4,83,99,43,56
050,28,057,"Mississippi","Itawamba County",4,84,96,41,55
050,28,057,"Mississippi","Itawamba County",4,85,467,172,295
050,28,057,"Mississippi","Itawamba County",5,0,297,172,125
050,28,057,"Mississippi","Itawamba County",5,1,281,160,121
050,28,057,"Mississippi","Itawamba County",5,2,293,160,133
050,28,057,"Mississippi","Itawamba County",5,3,270,137,133
050,28,057,"Mississippi","Itawamba County",5,4,265,137,128
050,28,057,"Mississippi","Itawamba County",5,5,257,135,122
050,28,057,"Mississippi","Itawamba County",5,6,275,145,130
050,28,057,"Mississippi","Itawamba County",5,7,283,141,142
050,28,057,"Mississippi","Itawamba County",5,8,271,129,142
050,28,057,"Mississippi","Itawamba County",5,9,273,128,145
050,28,057,"Mississippi","Itawamba County",5,10,288,152,136
050,28,057,"Mississippi","Itawamba County",5,11,294,149,145
050,28,057,"Mississippi","Itawamba County",5,12,281,147,134
050,28,057,"Mississippi","Itawamba County",5,13,280,143,137
050,28,057,"Mississippi","Itawamba County",5,14,306,148,158
050,28,057,"Mississippi","Itawamba County",5,15,313,158,155
050,28,057,"Mississippi","Itawamba County",5,16,308,164,144
050,28,057,"Mississippi","Itawamba County",5,17,291,145,146
050,28,057,"Mississippi","Itawamba County",5,18,501,271,230
050,28,057,"Mississippi","Itawamba County",5,19,650,330,320
050,28,057,"Mississippi","Itawamba County",5,20,514,257,257
050,28,057,"Mississippi","Itawamba County",5,21,311,174,137
050,28,057,"Mississippi","Itawamba County",5,22,340,180,160
050,28,057,"Mississippi","Itawamba County",5,23,317,169,148
050,28,057,"Mississippi","Itawamba County",5,24,290,141,149
050,28,057,"Mississippi","Itawamba County",5,25,272,120,152
050,28,057,"Mississippi","Itawamba County",5,26,302,159,143
050,28,057,"Mississippi","Itawamba County",5,27,264,129,135
050,28,057,"Mississippi","Itawamba County",5,28,294,142,152
050,28,057,"Mississippi","Itawamba County",5,29,283,134,149
050,28,057,"Mississippi","Itawamba County",5,30,316,161,155
050,28,057,"Mississippi","Itawamba County",5,31,320,163,157
050,28,057,"Mississippi","Itawamba County",5,32,363,178,185
050,28,057,"Mississippi","Itawamba County",5,33,314,155,159
050,28,057,"Mississippi","Itawamba County",5,34,316,169,147
050,28,057,"Mississippi","Itawamba County",5,35,294,149,145
050,28,057,"Mississippi","Itawamba County",5,36,265,125,140
050,28,057,"Mississippi","Itawamba County",5,37,257,131,126
050,28,057,"Mississippi","Itawamba County",5,38,262,120,142
050,28,057,"Mississippi","Itawamba County",5,39,258,138,120
050,28,057,"Mississippi","Itawamba County",5,40,272,145,127
050,28,057,"Mississippi","Itawamba County",5,41,272,133,139
050,28,057,"Mississippi","Itawamba County",5,42,291,151,140
050,28,057,"Mississippi","Itawamba County",5,43,284,146,138
050,28,057,"Mississippi","Itawamba County",5,44,246,122,124
050,28,057,"Mississippi","Itawamba County",5,45,238,117,121
050,28,057,"Mississippi","Itawamba County",5,46,257,128,129
050,28,057,"Mississippi","Itawamba County",5,47,280,148,132
050,28,057,"Mississippi","Itawamba County",5,48,310,160,150
050,28,057,"Mississippi","Itawamba County",5,49,291,139,152
050,28,057,"Mississippi","Itawamba County",5,50,302,138,164
050,28,057,"Mississippi","Itawamba County",5,51,325,155,170
050,28,057,"Mississippi","Itawamba County",5,52,350,170,180
050,28,057,"Mississippi","Itawamba County",5,53,304,159,145
050,28,057,"Mississippi","Itawamba County",5,54,306,161,145
050,28,057,"Mississippi","Itawamba County",5,55,315,158,157
050,28,057,"Mississippi","Itawamba County",5,56,331,182,149
050,28,057,"Mississippi","Itawamba County",5,57,317,164,153
050,28,057,"Mississippi","Itawamba County",5,58,306,150,156
050,28,057,"Mississippi","Itawamba County",5,59,327,178,149
050,28,057,"Mississippi","Itawamba County",5,60,320,163,157
050,28,057,"Mississippi","Itawamba County",5,61,285,137,148
050,28,057,"Mississippi","Itawamba County",5,62,304,166,138
050,28,057,"Mississippi","Itawamba County",5,63,295,157,138
050,28,057,"Mississippi","Itawamba County",5,64,282,141,141
050,28,057,"Mississippi","Itawamba County",5,65,277,139,138
050,28,057,"Mississippi","Itawamba County",5,66,255,118,137
050,28,057,"Mississippi","Itawamba County",5,67,262,128,134
050,28,057,"Mississippi","Itawamba County",5,68,249,121,128
050,28,057,"Mississippi","Itawamba County",5,69,242,111,131
050,28,057,"Mississippi","Itawamba County",5,70,238,102,136
050,28,057,"Mississippi","Itawamba County",5,71,226,97,129
050,28,057,"Mississippi","Itawamba County",5,72,219,99,120
050,28,057,"Mississippi","Itawamba County",5,73,198,94,104
050,28,057,"Mississippi","Itawamba County",5,74,192,91,101
050,28,057,"Mississippi","Itawamba County",5,75,186,64,122
050,28,057,"Mississippi","Itawamba County",5,76,204,86,118
050,28,057,"Mississippi","Itawamba County",5,77,147,64,83
050,28,057,"Mississippi","Itawamba County",5,78,149,67,82
050,28,057,"Mississippi","Itawamba County",5,79,137,58,79
050,28,057,"Mississippi","Itawamba County",5,80,157,61,96
050,28,057,"Mississippi","Itawamba County",5,81,122,46,76
050,28,057,"Mississippi","Itawamba County",5,82,123,43,80
050,28,057,"Mississippi","Itawamba County",5,83,100,31,69
050,28,057,"Mississippi","Itawamba County",5,84,81,38,43
050,28,057,"Mississippi","Itawamba County",5,85,490,185,305
050,28,059,"Mississippi","Jackson County",1,0,1505,767,738
050,28,059,"Mississippi","Jackson County",1,1,1576,781,795
050,28,059,"Mississippi","Jackson County",1,2,1595,775,820
050,28,059,"Mississippi","Jackson County",1,3,1705,889,816
050,28,059,"Mississippi","Jackson County",1,4,1755,913,842
050,28,059,"Mississippi","Jackson County",1,5,1676,884,792
050,28,059,"Mississippi","Jackson County",1,6,1740,894,846
050,28,059,"Mississippi","Jackson County",1,7,1758,907,851
050,28,059,"Mississippi","Jackson County",1,8,1760,873,887
050,28,059,"Mississippi","Jackson County",1,9,1836,933,903
050,28,059,"Mississippi","Jackson County",1,10,1890,985,905
050,28,059,"Mississippi","Jackson County",1,11,2050,1081,969
050,28,059,"Mississippi","Jackson County",1,12,2163,1132,1031
050,28,059,"Mississippi","Jackson County",1,13,2156,1136,1020
050,28,059,"Mississippi","Jackson County",1,14,2060,1038,1022
050,28,059,"Mississippi","Jackson County",1,15,2042,1023,1019
050,28,059,"Mississippi","Jackson County",1,16,2075,1064,1011
050,28,059,"Mississippi","Jackson County",1,17,2044,1031,1013
050,28,059,"Mississippi","Jackson County",1,18,1711,891,820
050,28,059,"Mississippi","Jackson County",1,19,1449,770,679
050,28,059,"Mississippi","Jackson County",1,20,1529,795,734
050,28,059,"Mississippi","Jackson County",1,21,1510,784,726
050,28,059,"Mississippi","Jackson County",1,22,1623,812,811
050,28,059,"Mississippi","Jackson County",1,23,1634,824,810
050,28,059,"Mississippi","Jackson County",1,24,1636,810,826
050,28,059,"Mississippi","Jackson County",1,25,1731,861,870
050,28,059,"Mississippi","Jackson County",1,26,1791,889,902
050,28,059,"Mississippi","Jackson County",1,27,1889,919,970
050,28,059,"Mississippi","Jackson County",1,28,1952,974,978
050,28,059,"Mississippi","Jackson County",1,29,1954,907,1047
050,28,059,"Mississippi","Jackson County",1,30,1907,892,1015
050,28,059,"Mississippi","Jackson County",1,31,1874,896,978
050,28,059,"Mississippi","Jackson County",1,32,1868,932,936
050,28,059,"Mississippi","Jackson County",1,33,1814,897,917
050,28,059,"Mississippi","Jackson County",1,34,1883,971,912
050,28,059,"Mississippi","Jackson County",1,35,1823,890,933
050,28,059,"Mississippi","Jackson County",1,36,1845,867,978
050,28,059,"Mississippi","Jackson County",1,37,1936,943,993
050,28,059,"Mississippi","Jackson County",1,38,1897,922,975
050,28,059,"Mississippi","Jackson County",1,39,1885,917,968
050,28,059,"Mississippi","Jackson County",1,40,1904,937,967
050,28,059,"Mississippi","Jackson County",1,41,1843,877,966
050,28,059,"Mississippi","Jackson County",1,42,1873,917,956
050,28,059,"Mississippi","Jackson County",1,43,1810,857,953
050,28,059,"Mississippi","Jackson County",1,44,1800,842,958
050,28,059,"Mississippi","Jackson County",1,45,1697,839,858
050,28,059,"Mississippi","Jackson County",1,46,1762,882,880
050,28,059,"Mississippi","Jackson County",1,47,1758,841,917
050,28,059,"Mississippi","Jackson County",1,48,1933,941,992
050,28,059,"Mississippi","Jackson County",1,49,1971,963,1008
050,28,059,"Mississippi","Jackson County",1,50,1893,965,928
050,28,059,"Mississippi","Jackson County",1,51,1845,932,913
050,28,059,"Mississippi","Jackson County",1,52,1816,930,886
050,28,059,"Mississippi","Jackson County",1,53,1861,938,923
050,28,059,"Mississippi","Jackson County",1,54,1911,948,963
050,28,059,"Mississippi","Jackson County",1,55,2008,1008,1000
050,28,059,"Mississippi","Jackson County",1,56,2052,1023,1029
050,28,059,"Mississippi","Jackson County",1,57,2045,1011,1034
050,28,059,"Mississippi","Jackson County",1,58,2027,1001,1026
050,28,059,"Mississippi","Jackson County",1,59,2054,999,1055
050,28,059,"Mississippi","Jackson County",1,60,2034,1029,1005
050,28,059,"Mississippi","Jackson County",1,61,1958,970,988
050,28,059,"Mississippi","Jackson County",1,62,1945,981,964
050,28,059,"Mississippi","Jackson County",1,63,1880,909,971
050,28,059,"Mississippi","Jackson County",1,64,1791,865,926
050,28,059,"Mississippi","Jackson County",1,65,1746,836,910
050,28,059,"Mississippi","Jackson County",1,66,1694,793,901
050,28,059,"Mississippi","Jackson County",1,67,1561,746,815
050,28,059,"Mississippi","Jackson County",1,68,1517,727,790
050,28,059,"Mississippi","Jackson County",1,69,1410,663,747
050,28,059,"Mississippi","Jackson County",1,70,1395,685,710
050,28,059,"Mississippi","Jackson County",1,71,1317,626,691
050,28,059,"Mississippi","Jackson County",1,72,1375,669,706
050,28,059,"Mississippi","Jackson County",1,73,1431,695,736
050,28,059,"Mississippi","Jackson County",1,74,979,447,532
050,28,059,"Mississippi","Jackson County",1,75,888,408,480
050,28,059,"Mississippi","Jackson County",1,76,926,433,493
050,28,059,"Mississippi","Jackson County",1,77,925,424,501
050,28,059,"Mississippi","Jackson County",1,78,795,369,426
050,28,059,"Mississippi","Jackson County",1,79,711,325,386
050,28,059,"Mississippi","Jackson County",1,80,662,289,373
050,28,059,"Mississippi","Jackson County",1,81,591,264,327
050,28,059,"Mississippi","Jackson County",1,82,537,233,304
050,28,059,"Mississippi","Jackson County",1,83,438,177,261
050,28,059,"Mississippi","Jackson County",1,84,402,159,243
050,28,059,"Mississippi","Jackson County",1,85,1947,717,1230
050,28,059,"Mississippi","Jackson County",2,0,1512,774,738
050,28,059,"Mississippi","Jackson County",2,1,1568,779,789
050,28,059,"Mississippi","Jackson County",2,2,1598,784,814
050,28,059,"Mississippi","Jackson County",2,3,1683,865,818
050,28,059,"Mississippi","Jackson County",2,4,1742,906,836
050,28,059,"Mississippi","Jackson County",2,5,1708,901,807
050,28,059,"Mississippi","Jackson County",2,6,1737,901,836
050,28,059,"Mississippi","Jackson County",2,7,1754,907,847
050,28,059,"Mississippi","Jackson County",2,8,1764,885,879
050,28,059,"Mississippi","Jackson County",2,9,1817,917,900
050,28,059,"Mississippi","Jackson County",2,10,1877,973,904
050,28,059,"Mississippi","Jackson County",2,11,2003,1053,950
050,28,059,"Mississippi","Jackson County",2,12,2140,1121,1019
050,28,059,"Mississippi","Jackson County",2,13,2156,1134,1022
050,28,059,"Mississippi","Jackson County",2,14,2087,1063,1024
050,28,059,"Mississippi","Jackson County",2,15,2047,1027,1020
050,28,059,"Mississippi","Jackson County",2,16,2072,1057,1015
050,28,059,"Mississippi","Jackson County",2,17,2048,1035,1013
050,28,059,"Mississippi","Jackson County",2,18,1718,893,825
050,28,059,"Mississippi","Jackson County",2,19,1449,766,683
050,28,059,"Mississippi","Jackson County",2,20,1545,805,740
050,28,059,"Mississippi","Jackson County",2,21,1533,795,738
050,28,059,"Mississippi","Jackson County",2,22,1611,812,799
050,28,059,"Mississippi","Jackson County",2,23,1644,825,819
050,28,059,"Mississippi","Jackson County",2,24,1639,814,825
050,28,059,"Mississippi","Jackson County",2,25,1720,855,865
050,28,059,"Mississippi","Jackson County",2,26,1790,884,906
050,28,059,"Mississippi","Jackson County",2,27,1865,908,957
050,28,059,"Mississippi","Jackson County",2,28,1946,964,982
050,28,059,"Mississippi","Jackson County",2,29,1951,919,1032
050,28,059,"Mississippi","Jackson County",2,30,1937,905,1032
050,28,059,"Mississippi","Jackson County",2,31,1885,900,985
050,28,059,"Mississippi","Jackson County",2,32,1863,919,944
050,28,059,"Mississippi","Jackson County",2,33,1834,914,920
050,28,059,"Mississippi","Jackson County",2,34,1861,948,913
050,28,059,"Mississippi","Jackson County",2,35,1843,911,932
050,28,059,"Mississippi","Jackson County",2,36,1832,865,967
050,28,059,"Mississippi","Jackson County",2,37,1922,926,996
050,28,059,"Mississippi","Jackson County",2,38,1916,932,984
050,28,059,"Mississippi","Jackson County",2,39,1881,917,964
050,28,059,"Mississippi","Jackson County",2,40,1910,939,971
050,28,059,"Mississippi","Jackson County",2,41,1858,890,968
050,28,059,"Mississippi","Jackson County",2,42,1855,903,952
050,28,059,"Mississippi","Jackson County",2,43,1841,877,964
050,28,059,"Mississippi","Jackson County",2,44,1792,842,950
050,28,059,"Mississippi","Jackson County",2,45,1729,843,886
050,28,059,"Mississippi","Jackson County",2,46,1727,862,865
050,28,059,"Mississippi","Jackson County",2,47,1758,851,907
050,28,059,"Mississippi","Jackson County",2,48,1893,917,976
050,28,059,"Mississippi","Jackson County",2,49,1972,963,1009
050,28,059,"Mississippi","Jackson County",2,50,1914,962,952
050,28,059,"Mississippi","Jackson County",2,51,1845,931,914
050,28,059,"Mississippi","Jackson County",2,52,1820,929,891
050,28,059,"Mississippi","Jackson County",2,53,1845,935,910
050,28,059,"Mississippi","Jackson County",2,54,1894,944,950
050,28,059,"Mississippi","Jackson County",2,55,1985,994,991
050,28,059,"Mississippi","Jackson County",2,56,2049,1022,1027
050,28,059,"Mississippi","Jackson County",2,57,2036,1009,1027
050,28,059,"Mississippi","Jackson County",2,58,2027,1004,1023
050,28,059,"Mississippi","Jackson County",2,59,2051,1006,1045
050,28,059,"Mississippi","Jackson County",2,60,2033,1020,1013
050,28,059,"Mississippi","Jackson County",2,61,1971,981,990
050,28,059,"Mississippi","Jackson County",2,62,1938,972,966
050,28,059,"Mississippi","Jackson County",2,63,1909,934,975
050,28,059,"Mississippi","Jackson County",2,64,1800,869,931
050,28,059,"Mississippi","Jackson County",2,65,1747,836,911
050,28,059,"Mississippi","Jackson County",2,66,1709,802,907
050,28,059,"Mississippi","Jackson County",2,67,1577,750,827
050,28,059,"Mississippi","Jackson County",2,68,1512,722,790
050,28,059,"Mississippi","Jackson County",2,69,1446,681,765
050,28,059,"Mississippi","Jackson County",2,70,1392,672,720
050,28,059,"Mississippi","Jackson County",2,71,1330,639,691
050,28,059,"Mississippi","Jackson County",2,72,1336,646,690
050,28,059,"Mississippi","Jackson County",2,73,1475,718,757
050,28,059,"Mississippi","Jackson County",2,74,1013,472,541
050,28,059,"Mississippi","Jackson County",2,75,908,413,495
050,28,059,"Mississippi","Jackson County",2,76,900,420,480
050,28,059,"Mississippi","Jackson County",2,77,936,429,507
050,28,059,"Mississippi","Jackson County",2,78,810,375,435
050,28,059,"Mississippi","Jackson County",2,79,710,325,385
050,28,059,"Mississippi","Jackson County",2,80,660,291,369
050,28,059,"Mississippi","Jackson County",2,81,598,266,332
050,28,059,"Mississippi","Jackson County",2,82,531,230,301
050,28,059,"Mississippi","Jackson County",2,83,452,187,265
050,28,059,"Mississippi","Jackson County",2,84,396,158,238
050,28,059,"Mississippi","Jackson County",2,85,1985,730,1255
050,28,059,"Mississippi","Jackson County",3,0,1562,779,783
050,28,059,"Mississippi","Jackson County",3,1,1521,786,735
050,28,059,"Mississippi","Jackson County",3,2,1597,803,794
050,28,059,"Mississippi","Jackson County",3,3,1637,795,842
050,28,059,"Mississippi","Jackson County",3,4,1736,893,843
050,28,059,"Mississippi","Jackson County",3,5,1775,930,845
050,28,059,"Mississippi","Jackson County",3,6,1753,912,841
050,28,059,"Mississippi","Jackson County",3,7,1813,918,895
050,28,059,"Mississippi","Jackson County",3,8,1790,931,859
050,28,059,"Mississippi","Jackson County",3,9,1817,930,887
050,28,059,"Mississippi","Jackson County",3,10,1852,941,911
050,28,059,"Mississippi","Jackson County",3,11,1909,979,930
050,28,059,"Mississippi","Jackson County",3,12,2008,1052,956
050,28,059,"Mississippi","Jackson County",3,13,2149,1129,1020
050,28,059,"Mississippi","Jackson County",3,14,2178,1143,1035
050,28,059,"Mississippi","Jackson County",3,15,2095,1067,1028
050,28,059,"Mississippi","Jackson County",3,16,2052,1025,1027
050,28,059,"Mississippi","Jackson County",3,17,2061,1045,1016
050,28,059,"Mississippi","Jackson County",3,18,1766,921,845
050,28,059,"Mississippi","Jackson County",3,19,1435,761,674
050,28,059,"Mississippi","Jackson County",3,20,1563,818,745
050,28,059,"Mississippi","Jackson County",3,21,1676,872,804
050,28,059,"Mississippi","Jackson County",3,22,1635,820,815
050,28,059,"Mississippi","Jackson County",3,23,1699,872,827
050,28,059,"Mississippi","Jackson County",3,24,1677,843,834
050,28,059,"Mississippi","Jackson County",3,25,1621,789,832
050,28,059,"Mississippi","Jackson County",3,26,1740,855,885
050,28,059,"Mississippi","Jackson County",3,27,1821,896,925
050,28,059,"Mississippi","Jackson County",3,28,1885,942,943
050,28,059,"Mississippi","Jackson County",3,29,1954,950,1004
050,28,059,"Mississippi","Jackson County",3,30,1997,948,1049
050,28,059,"Mississippi","Jackson County",3,31,1964,915,1049
050,28,059,"Mississippi","Jackson County",3,32,1849,886,963
050,28,059,"Mississippi","Jackson County",3,33,1863,922,941
050,28,059,"Mississippi","Jackson County",3,34,1833,891,942
050,28,059,"Mississippi","Jackson County",3,35,1918,983,935
050,28,059,"Mississippi","Jackson County",3,36,1861,935,926
050,28,059,"Mississippi","Jackson County",3,37,1835,856,979
050,28,059,"Mississippi","Jackson County",3,38,1966,952,1014
050,28,059,"Mississippi","Jackson County",3,39,1925,944,981
050,28,059,"Mississippi","Jackson County",3,40,1905,916,989
050,28,059,"Mississippi","Jackson County",3,41,1929,936,993
050,28,059,"Mississippi","Jackson County",3,42,1873,891,982
050,28,059,"Mississippi","Jackson County",3,43,1858,901,957
050,28,059,"Mississippi","Jackson County",3,44,1867,896,971
050,28,059,"Mississippi","Jackson County",3,45,1772,827,945
050,28,059,"Mississippi","Jackson County",3,46,1758,863,895
050,28,059,"Mississippi","Jackson County",3,47,1752,885,867
050,28,059,"Mississippi","Jackson County",3,48,1792,872,920
050,28,059,"Mississippi","Jackson County",3,49,1868,909,959
050,28,059,"Mississippi","Jackson County",3,50,1965,956,1009
050,28,059,"Mississippi","Jackson County",3,51,1889,951,938
050,28,059,"Mississippi","Jackson County",3,52,1848,926,922
050,28,059,"Mississippi","Jackson County",3,53,1816,929,887
050,28,059,"Mississippi","Jackson County",3,54,1842,932,910
050,28,059,"Mississippi","Jackson County",3,55,1897,948,949
050,28,059,"Mississippi","Jackson County",3,56,1985,989,996
050,28,059,"Mississippi","Jackson County",3,57,2048,1025,1023
050,28,059,"Mississippi","Jackson County",3,58,2025,994,1031
050,28,059,"Mississippi","Jackson County",3,59,1993,978,1015
050,28,059,"Mississippi","Jackson County",3,60,2040,995,1045
050,28,059,"Mississippi","Jackson County",3,61,2021,999,1022
050,28,059,"Mississippi","Jackson County",3,62,1944,963,981
050,28,059,"Mississippi","Jackson County",3,63,1940,968,972
050,28,059,"Mississippi","Jackson County",3,64,1898,926,972
050,28,059,"Mississippi","Jackson County",3,65,1783,855,928
050,28,059,"Mississippi","Jackson County",3,66,1703,813,890
050,28,059,"Mississippi","Jackson County",3,67,1688,799,889
050,28,059,"Mississippi","Jackson County",3,68,1567,740,827
050,28,059,"Mississippi","Jackson County",3,69,1481,708,773
050,28,059,"Mississippi","Jackson County",3,70,1409,664,745
050,28,059,"Mississippi","Jackson County",3,71,1361,652,709
050,28,059,"Mississippi","Jackson County",3,72,1298,613,685
050,28,059,"Mississippi","Jackson County",3,73,1303,625,678
050,28,059,"Mississippi","Jackson County",3,74,1425,688,737
050,28,059,"Mississippi","Jackson County",3,75,993,464,529
050,28,059,"Mississippi","Jackson County",3,76,871,397,474
050,28,059,"Mississippi","Jackson County",3,77,858,394,464
050,28,059,"Mississippi","Jackson County",3,78,897,406,491
050,28,059,"Mississippi","Jackson County",3,79,752,346,406
050,28,059,"Mississippi","Jackson County",3,80,688,312,376
050,28,059,"Mississippi","Jackson County",3,81,618,269,349
050,28,059,"Mississippi","Jackson County",3,82,541,229,312
050,28,059,"Mississippi","Jackson County",3,83,493,202,291
050,28,059,"Mississippi","Jackson County",3,84,414,178,236
050,28,059,"Mississippi","Jackson County",3,85,2003,740,1263
050,28,059,"Mississippi","Jackson County",4,0,1573,797,776
050,28,059,"Mississippi","Jackson County",4,1,1630,808,822
050,28,059,"Mississippi","Jackson County",4,2,1557,795,762
050,28,059,"Mississippi","Jackson County",4,3,1629,815,814
050,28,059,"Mississippi","Jackson County",4,4,1673,815,858
050,28,059,"Mississippi","Jackson County",4,5,1734,892,842
050,28,059,"Mississippi","Jackson County",4,6,1797,934,863
050,28,059,"Mississippi","Jackson County",4,7,1823,945,878
050,28,059,"Mississippi","Jackson County",4,8,1785,914,871
050,28,059,"Mississippi","Jackson County",4,9,1770,913,857
050,28,059,"Mississippi","Jackson County",4,10,1826,922,904
050,28,059,"Mississippi","Jackson County",4,11,1886,963,923
050,28,059,"Mississippi","Jackson County",4,12,1895,969,926
050,28,059,"Mississippi","Jackson County",4,13,1997,1055,942
050,28,059,"Mississippi","Jackson County",4,14,2153,1124,1029
050,28,059,"Mississippi","Jackson County",4,15,2189,1153,1036
050,28,059,"Mississippi","Jackson County",4,16,2071,1046,1025
050,28,059,"Mississippi","Jackson County",4,17,2035,1020,1015
050,28,059,"Mississippi","Jackson County",4,18,1733,912,821
050,28,059,"Mississippi","Jackson County",4,19,1470,799,671
050,28,059,"Mississippi","Jackson County",4,20,1510,786,724
050,28,059,"Mississippi","Jackson County",4,21,1665,867,798
050,28,059,"Mississippi","Jackson County",4,22,1734,891,843
050,28,059,"Mississippi","Jackson County",4,23,1726,870,856
050,28,059,"Mississippi","Jackson County",4,24,1718,876,842
050,28,059,"Mississippi","Jackson County",4,25,1644,810,834
050,28,059,"Mississippi","Jackson County",4,26,1630,804,826
050,28,059,"Mississippi","Jackson County",4,27,1767,875,892
050,28,059,"Mississippi","Jackson County",4,28,1818,891,927
050,28,059,"Mississippi","Jackson County",4,29,1875,905,970
050,28,059,"Mississippi","Jackson County",4,30,1997,982,1015
050,28,059,"Mississippi","Jackson County",4,31,2009,945,1064
050,28,059,"Mississippi","Jackson County",4,32,1983,926,1057
050,28,059,"Mississippi","Jackson County",4,33,1892,914,978
050,28,059,"Mississippi","Jackson County",4,34,1839,902,937
050,28,059,"Mississippi","Jackson County",4,35,1885,916,969
050,28,059,"Mississippi","Jackson County",4,36,1903,973,930
050,28,059,"Mississippi","Jackson County",4,37,1869,934,935
050,28,059,"Mississippi","Jackson County",4,38,1853,860,993
050,28,059,"Mississippi","Jackson County",4,39,1978,952,1026
050,28,059,"Mississippi","Jackson County",4,40,1923,920,1003
050,28,059,"Mississippi","Jackson County",4,41,1924,936,988
050,28,059,"Mississippi","Jackson County",4,42,1934,954,980
050,28,059,"Mississippi","Jackson County",4,43,1842,856,986
050,28,059,"Mississippi","Jackson County",4,44,1884,910,974
050,28,059,"Mississippi","Jackson County",4,45,1858,872,986
050,28,059,"Mississippi","Jackson County",4,46,1769,828,941
050,28,059,"Mississippi","Jackson County",4,47,1773,875,898
050,28,059,"Mississippi","Jackson County",4,48,1758,890,868
050,28,059,"Mississippi","Jackson County",4,49,1768,854,914
050,28,059,"Mississippi","Jackson County",4,50,1871,898,973
050,28,059,"Mississippi","Jackson County",4,51,1951,940,1011
050,28,059,"Mississippi","Jackson County",4,52,1910,954,956
050,28,059,"Mississippi","Jackson County",4,53,1845,932,913
050,28,059,"Mississippi","Jackson County",4,54,1813,926,887
050,28,059,"Mississippi","Jackson County",4,55,1838,928,910
050,28,059,"Mississippi","Jackson County",4,56,1889,939,950
050,28,059,"Mississippi","Jackson County",4,57,2000,988,1012
050,28,059,"Mississippi","Jackson County",4,58,2038,1010,1028
050,28,059,"Mississippi","Jackson County",4,59,2003,984,1019
050,28,059,"Mississippi","Jackson County",4,60,2003,994,1009
050,28,059,"Mississippi","Jackson County",4,61,2010,974,1036
050,28,059,"Mississippi","Jackson County",4,62,1997,982,1015
050,28,059,"Mississippi","Jackson County",4,63,1942,965,977
050,28,059,"Mississippi","Jackson County",4,64,1891,942,949
050,28,059,"Mississippi","Jackson County",4,65,1872,906,966
050,28,059,"Mississippi","Jackson County",4,66,1778,836,942
050,28,059,"Mississippi","Jackson County",4,67,1677,792,885
050,28,059,"Mississippi","Jackson County",4,68,1663,785,878
050,28,059,"Mississippi","Jackson County",4,69,1544,729,815
050,28,059,"Mississippi","Jackson County",4,70,1464,704,760
050,28,059,"Mississippi","Jackson County",4,71,1388,657,731
050,28,059,"Mississippi","Jackson County",4,72,1340,633,707
050,28,059,"Mississippi","Jackson County",4,73,1275,602,673
050,28,059,"Mississippi","Jackson County",4,74,1239,591,648
050,28,059,"Mississippi","Jackson County",4,75,1391,680,711
050,28,059,"Mississippi","Jackson County",4,76,956,445,511
050,28,059,"Mississippi","Jackson County",4,77,813,365,448
050,28,059,"Mississippi","Jackson County",4,78,825,381,444
050,28,059,"Mississippi","Jackson County",4,79,831,368,463
050,28,059,"Mississippi","Jackson County",4,80,716,333,383
050,28,059,"Mississippi","Jackson County",4,81,639,290,349
050,28,059,"Mississippi","Jackson County",4,82,562,239,323
050,28,059,"Mississippi","Jackson County",4,83,514,214,300
050,28,059,"Mississippi","Jackson County",4,84,456,188,268
050,28,059,"Mississippi","Jackson County",4,85,2065,771,1294
050,28,059,"Mississippi","Jackson County",5,0,1620,816,804
050,28,059,"Mississippi","Jackson County",5,1,1635,840,795
050,28,059,"Mississippi","Jackson County",5,2,1652,820,832
050,28,059,"Mississippi","Jackson County",5,3,1593,812,781
050,28,059,"Mississippi","Jackson County",5,4,1689,844,845
050,28,059,"Mississippi","Jackson County",5,5,1663,827,836
050,28,059,"Mississippi","Jackson County",5,6,1737,890,847
050,28,059,"Mississippi","Jackson County",5,7,1853,965,888
050,28,059,"Mississippi","Jackson County",5,8,1844,949,895
050,28,059,"Mississippi","Jackson County",5,9,1831,950,881
050,28,059,"Mississippi","Jackson County",5,10,1803,919,884
050,28,059,"Mississippi","Jackson County",5,11,1857,932,925
050,28,059,"Mississippi","Jackson County",5,12,1918,969,949
050,28,059,"Mississippi","Jackson County",5,13,1942,1014,928
050,28,059,"Mississippi","Jackson County",5,14,2017,1057,960
050,28,059,"Mississippi","Jackson County",5,15,2190,1152,1038
050,28,059,"Mississippi","Jackson County",5,16,2201,1158,1043
050,28,059,"Mississippi","Jackson County",5,17,2069,1047,1022
050,28,059,"Mississippi","Jackson County",5,18,1724,895,829
050,28,059,"Mississippi","Jackson County",5,19,1462,787,675
050,28,059,"Mississippi","Jackson County",5,20,1603,854,749
050,28,059,"Mississippi","Jackson County",5,21,1657,865,792
050,28,059,"Mississippi","Jackson County",5,22,1731,881,850
050,28,059,"Mississippi","Jackson County",5,23,1877,963,914
050,28,059,"Mississippi","Jackson County",5,24,1684,871,813
050,28,059,"Mississippi","Jackson County",5,25,1684,865,819
050,28,059,"Mississippi","Jackson County",5,26,1652,836,816
050,28,059,"Mississippi","Jackson County",5,27,1695,851,844
050,28,059,"Mississippi","Jackson County",5,28,1805,900,905
050,28,059,"Mississippi","Jackson County",5,29,1768,836,932
050,28,059,"Mississippi","Jackson County",5,30,1899,923,976
050,28,059,"Mississippi","Jackson County",5,31,2041,999,1042
050,28,059,"Mississippi","Jackson County",5,32,1998,917,1081
050,28,059,"Mississippi","Jackson County",5,33,2017,942,1075
050,28,059,"Mississippi","Jackson County",5,34,1904,920,984
050,28,059,"Mississippi","Jackson County",5,35,1868,908,960
050,28,059,"Mississippi","Jackson County",5,36,1918,927,991
050,28,059,"Mississippi","Jackson County",5,37,1921,964,957
050,28,059,"Mississippi","Jackson County",5,38,1904,944,960
050,28,059,"Mississippi","Jackson County",5,39,1853,866,987
050,28,059,"Mississippi","Jackson County",5,40,1989,953,1036
050,28,059,"Mississippi","Jackson County",5,41,1942,948,994
050,28,059,"Mississippi","Jackson County",5,42,1935,940,995
050,28,059,"Mississippi","Jackson County",5,43,1967,971,996
050,28,059,"Mississippi","Jackson County",5,44,1863,881,982
050,28,059,"Mississippi","Jackson County",5,45,1855,891,964
050,28,059,"Mississippi","Jackson County",5,46,1846,856,990
050,28,059,"Mississippi","Jackson County",5,47,1795,842,953
050,28,059,"Mississippi","Jackson County",5,48,1793,905,888
050,28,059,"Mississippi","Jackson County",5,49,1757,876,881
050,28,059,"Mississippi","Jackson County",5,50,1789,870,919
050,28,059,"Mississippi","Jackson County",5,51,1868,886,982
050,28,059,"Mississippi","Jackson County",5,52,1946,945,1001
050,28,059,"Mississippi","Jackson County",5,53,1906,959,947
050,28,059,"Mississippi","Jackson County",5,54,1875,943,932
050,28,059,"Mississippi","Jackson County",5,55,1830,926,904
050,28,059,"Mississippi","Jackson County",5,56,1838,928,910
050,28,059,"Mississippi","Jackson County",5,57,1897,946,951
050,28,059,"Mississippi","Jackson County",5,58,2001,1001,1000
050,28,059,"Mississippi","Jackson County",5,59,1994,994,1000
050,28,059,"Mississippi","Jackson County",5,60,2006,985,1021
050,28,059,"Mississippi","Jackson County",5,61,1982,982,1000
050,28,059,"Mississippi","Jackson County",5,62,2008,971,1037
050,28,059,"Mississippi","Jackson County",5,63,1978,971,1007
050,28,059,"Mississippi","Jackson County",5,64,1924,951,973
050,28,059,"Mississippi","Jackson County",5,65,1854,929,925
050,28,059,"Mississippi","Jackson County",5,66,1877,901,976
050,28,059,"Mississippi","Jackson County",5,67,1765,837,928
050,28,059,"Mississippi","Jackson County",5,68,1657,780,877
050,28,059,"Mississippi","Jackson County",5,69,1651,781,870
050,28,059,"Mississippi","Jackson County",5,70,1538,727,811
050,28,059,"Mississippi","Jackson County",5,71,1459,700,759
050,28,059,"Mississippi","Jackson County",5,72,1378,649,729
050,28,059,"Mississippi","Jackson County",5,73,1299,606,693
050,28,059,"Mississippi","Jackson County",5,74,1230,579,651
050,28,059,"Mississippi","Jackson County",5,75,1219,581,638
050,28,059,"Mississippi","Jackson County",5,76,1359,660,699
050,28,059,"Mississippi","Jackson County",5,77,919,420,499
050,28,059,"Mississippi","Jackson County",5,78,795,360,435
050,28,059,"Mississippi","Jackson County",5,79,769,348,421
050,28,059,"Mississippi","Jackson County",5,80,802,350,452
050,28,059,"Mississippi","Jackson County",5,81,674,314,360
050,28,059,"Mississippi","Jackson County",5,82,589,263,326
050,28,059,"Mississippi","Jackson County",5,83,539,226,313
050,28,059,"Mississippi","Jackson County",5,84,480,206,274
050,28,059,"Mississippi","Jackson County",5,85,2173,824,1349
050,28,061,"Mississippi","Jasper County",1,0,187,96,91
050,28,061,"Mississippi","Jasper County",1,1,176,94,82
050,28,061,"Mississippi","Jasper County",1,2,183,99,84
050,28,061,"Mississippi","Jasper County",1,3,209,107,102
050,28,061,"Mississippi","Jasper County",1,4,213,105,108
050,28,061,"Mississippi","Jasper County",1,5,206,106,100
050,28,061,"Mississippi","Jasper County",1,6,201,106,95
050,28,061,"Mississippi","Jasper County",1,7,217,111,106
050,28,061,"Mississippi","Jasper County",1,8,197,109,88
050,28,061,"Mississippi","Jasper County",1,9,206,97,109
050,28,061,"Mississippi","Jasper County",1,10,205,105,100
050,28,061,"Mississippi","Jasper County",1,11,235,117,118
050,28,061,"Mississippi","Jasper County",1,12,252,124,128
050,28,061,"Mississippi","Jasper County",1,13,242,111,131
050,28,061,"Mississippi","Jasper County",1,14,205,102,103
050,28,061,"Mississippi","Jasper County",1,15,202,99,103
050,28,061,"Mississippi","Jasper County",1,16,186,95,91
050,28,061,"Mississippi","Jasper County",1,17,189,101,88
050,28,061,"Mississippi","Jasper County",1,18,185,100,85
050,28,061,"Mississippi","Jasper County",1,19,155,80,75
050,28,061,"Mississippi","Jasper County",1,20,154,75,79
050,28,061,"Mississippi","Jasper County",1,21,183,85,98
050,28,061,"Mississippi","Jasper County",1,22,207,94,113
050,28,061,"Mississippi","Jasper County",1,23,193,95,98
050,28,061,"Mississippi","Jasper County",1,24,180,91,89
050,28,061,"Mississippi","Jasper County",1,25,193,104,89
050,28,061,"Mississippi","Jasper County",1,26,191,93,98
050,28,061,"Mississippi","Jasper County",1,27,199,94,105
050,28,061,"Mississippi","Jasper County",1,28,220,91,129
050,28,061,"Mississippi","Jasper County",1,29,220,101,119
050,28,061,"Mississippi","Jasper County",1,30,198,101,97
050,28,061,"Mississippi","Jasper County",1,31,196,99,97
050,28,061,"Mississippi","Jasper County",1,32,154,77,77
050,28,061,"Mississippi","Jasper County",1,33,155,77,78
050,28,061,"Mississippi","Jasper County",1,34,158,79,79
050,28,061,"Mississippi","Jasper County",1,35,157,69,88
050,28,061,"Mississippi","Jasper County",1,36,182,102,80
050,28,061,"Mississippi","Jasper County",1,37,200,112,88
050,28,061,"Mississippi","Jasper County",1,38,197,98,99
050,28,061,"Mississippi","Jasper County",1,39,193,94,99
050,28,061,"Mississippi","Jasper County",1,40,182,88,94
050,28,061,"Mississippi","Jasper County",1,41,178,82,96
050,28,061,"Mississippi","Jasper County",1,42,205,97,108
050,28,061,"Mississippi","Jasper County",1,43,178,85,93
050,28,061,"Mississippi","Jasper County",1,44,171,81,90
050,28,061,"Mississippi","Jasper County",1,45,186,91,95
050,28,061,"Mississippi","Jasper County",1,46,173,84,89
050,28,061,"Mississippi","Jasper County",1,47,180,93,87
050,28,061,"Mississippi","Jasper County",1,48,188,95,93
050,28,061,"Mississippi","Jasper County",1,49,207,110,97
050,28,061,"Mississippi","Jasper County",1,50,208,103,105
050,28,061,"Mississippi","Jasper County",1,51,195,92,103
050,28,061,"Mississippi","Jasper County",1,52,207,103,104
050,28,061,"Mississippi","Jasper County",1,53,201,99,102
050,28,061,"Mississippi","Jasper County",1,54,200,99,101
050,28,061,"Mississippi","Jasper County",1,55,202,107,95
050,28,061,"Mississippi","Jasper County",1,56,211,102,109
050,28,061,"Mississippi","Jasper County",1,57,205,96,109
050,28,061,"Mississippi","Jasper County",1,58,237,108,129
050,28,061,"Mississippi","Jasper County",1,59,247,112,135
050,28,061,"Mississippi","Jasper County",1,60,236,116,120
050,28,061,"Mississippi","Jasper County",1,61,241,116,125
050,28,061,"Mississippi","Jasper County",1,62,250,123,127
050,28,061,"Mississippi","Jasper County",1,63,237,126,111
050,28,061,"Mississippi","Jasper County",1,64,235,118,117
050,28,061,"Mississippi","Jasper County",1,65,216,93,123
050,28,061,"Mississippi","Jasper County",1,66,200,88,112
050,28,061,"Mississippi","Jasper County",1,67,239,116,123
050,28,061,"Mississippi","Jasper County",1,68,220,106,114
050,28,061,"Mississippi","Jasper County",1,69,218,107,111
050,28,061,"Mississippi","Jasper County",1,70,191,90,101
050,28,061,"Mississippi","Jasper County",1,71,186,91,95
050,28,061,"Mississippi","Jasper County",1,72,192,95,97
050,28,061,"Mississippi","Jasper County",1,73,188,86,102
050,28,061,"Mississippi","Jasper County",1,74,135,58,77
050,28,061,"Mississippi","Jasper County",1,75,119,47,72
050,28,061,"Mississippi","Jasper County",1,76,131,60,71
050,28,061,"Mississippi","Jasper County",1,77,134,62,72
050,28,061,"Mississippi","Jasper County",1,78,113,48,65
050,28,061,"Mississippi","Jasper County",1,79,121,48,73
050,28,061,"Mississippi","Jasper County",1,80,110,47,63
050,28,061,"Mississippi","Jasper County",1,81,109,43,66
050,28,061,"Mississippi","Jasper County",1,82,102,47,55
050,28,061,"Mississippi","Jasper County",1,83,84,38,46
050,28,061,"Mississippi","Jasper County",1,84,61,28,33
050,28,061,"Mississippi","Jasper County",1,85,357,155,202
050,28,061,"Mississippi","Jasper County",2,0,189,96,93
050,28,061,"Mississippi","Jasper County",2,1,180,96,84
050,28,061,"Mississippi","Jasper County",2,2,184,98,86
050,28,061,"Mississippi","Jasper County",2,3,204,107,97
050,28,061,"Mississippi","Jasper County",2,4,215,108,107
050,28,061,"Mississippi","Jasper County",2,5,208,106,102
050,28,061,"Mississippi","Jasper County",2,6,203,107,96
050,28,061,"Mississippi","Jasper County",2,7,213,111,102
050,28,061,"Mississippi","Jasper County",2,8,204,109,95
050,28,061,"Mississippi","Jasper County",2,9,205,100,105
050,28,061,"Mississippi","Jasper County",2,10,210,105,105
050,28,061,"Mississippi","Jasper County",2,11,227,113,114
050,28,061,"Mississippi","Jasper County",2,12,253,124,129
050,28,061,"Mississippi","Jasper County",2,13,243,113,130
050,28,061,"Mississippi","Jasper County",2,14,212,104,108
050,28,061,"Mississippi","Jasper County",2,15,201,99,102
050,28,061,"Mississippi","Jasper County",2,16,190,97,93
050,28,061,"Mississippi","Jasper County",2,17,187,99,88
050,28,061,"Mississippi","Jasper County",2,18,175,95,80
050,28,061,"Mississippi","Jasper County",2,19,155,81,74
050,28,061,"Mississippi","Jasper County",2,20,158,77,81
050,28,061,"Mississippi","Jasper County",2,21,177,83,94
050,28,061,"Mississippi","Jasper County",2,22,202,92,110
050,28,061,"Mississippi","Jasper County",2,23,199,96,103
050,28,061,"Mississippi","Jasper County",2,24,183,93,90
050,28,061,"Mississippi","Jasper County",2,25,189,100,89
050,28,061,"Mississippi","Jasper County",2,26,192,96,96
050,28,061,"Mississippi","Jasper County",2,27,193,92,101
050,28,061,"Mississippi","Jasper County",2,28,215,91,124
050,28,061,"Mississippi","Jasper County",2,29,218,98,120
050,28,061,"Mississippi","Jasper County",2,30,204,101,103
050,28,061,"Mississippi","Jasper County",2,31,194,98,96
050,28,061,"Mississippi","Jasper County",2,32,166,84,82
050,28,061,"Mississippi","Jasper County",2,33,156,77,79
050,28,061,"Mississippi","Jasper County",2,34,157,78,79
050,28,061,"Mississippi","Jasper County",2,35,161,74,87
050,28,061,"Mississippi","Jasper County",2,36,178,96,82
050,28,061,"Mississippi","Jasper County",2,37,198,111,87
050,28,061,"Mississippi","Jasper County",2,38,199,102,97
050,28,061,"Mississippi","Jasper County",2,39,193,94,99
050,28,061,"Mississippi","Jasper County",2,40,184,89,95
050,28,061,"Mississippi","Jasper County",2,41,181,85,96
050,28,061,"Mississippi","Jasper County",2,42,198,93,105
050,28,061,"Mississippi","Jasper County",2,43,187,89,98
050,28,061,"Mississippi","Jasper County",2,44,171,81,90
050,28,061,"Mississippi","Jasper County",2,45,184,90,94
050,28,061,"Mississippi","Jasper County",2,46,175,86,89
050,28,061,"Mississippi","Jasper County",2,47,179,91,88
050,28,061,"Mississippi","Jasper County",2,48,186,95,91
050,28,061,"Mississippi","Jasper County",2,49,203,108,95
050,28,061,"Mississippi","Jasper County",2,50,207,104,103
050,28,061,"Mississippi","Jasper County",2,51,195,93,102
050,28,061,"Mississippi","Jasper County",2,52,202,100,102
050,28,061,"Mississippi","Jasper County",2,53,200,99,101
050,28,061,"Mississippi","Jasper County",2,54,199,99,100
050,28,061,"Mississippi","Jasper County",2,55,200,104,96
050,28,061,"Mississippi","Jasper County",2,56,208,102,106
050,28,061,"Mississippi","Jasper County",2,57,207,98,109
050,28,061,"Mississippi","Jasper County",2,58,228,104,124
050,28,061,"Mississippi","Jasper County",2,59,243,109,134
050,28,061,"Mississippi","Jasper County",2,60,238,115,123
050,28,061,"Mississippi","Jasper County",2,61,239,115,124
050,28,061,"Mississippi","Jasper County",2,62,246,121,125
050,28,061,"Mississippi","Jasper County",2,63,240,126,114
050,28,061,"Mississippi","Jasper County",2,64,234,120,114
050,28,061,"Mississippi","Jasper County",2,65,220,99,121
050,28,061,"Mississippi","Jasper County",2,66,204,91,113
050,28,061,"Mississippi","Jasper County",2,67,226,107,119
050,28,061,"Mississippi","Jasper County",2,68,221,106,115
050,28,061,"Mississippi","Jasper County",2,69,221,108,113
050,28,061,"Mississippi","Jasper County",2,70,196,93,103
050,28,061,"Mississippi","Jasper County",2,71,186,91,95
050,28,061,"Mississippi","Jasper County",2,72,187,91,96
050,28,061,"Mississippi","Jasper County",2,73,195,91,104
050,28,061,"Mississippi","Jasper County",2,74,135,58,77
050,28,061,"Mississippi","Jasper County",2,75,123,50,73
050,28,061,"Mississippi","Jasper County",2,76,125,55,70
050,28,061,"Mississippi","Jasper County",2,77,133,60,73
050,28,061,"Mississippi","Jasper County",2,78,116,50,66
050,28,061,"Mississippi","Jasper County",2,79,117,47,70
050,28,061,"Mississippi","Jasper County",2,80,112,47,65
050,28,061,"Mississippi","Jasper County",2,81,105,43,62
050,28,061,"Mississippi","Jasper County",2,82,101,45,56
050,28,061,"Mississippi","Jasper County",2,83,86,39,47
050,28,061,"Mississippi","Jasper County",2,84,64,28,36
050,28,061,"Mississippi","Jasper County",2,85,353,154,199
050,28,061,"Mississippi","Jasper County",3,0,176,98,78
050,28,061,"Mississippi","Jasper County",3,1,195,94,101
050,28,061,"Mississippi","Jasper County",3,2,181,91,90
050,28,061,"Mississippi","Jasper County",3,3,180,99,81
050,28,061,"Mississippi","Jasper County",3,4,194,103,91
050,28,061,"Mississippi","Jasper County",3,5,209,103,106
050,28,061,"Mississippi","Jasper County",3,6,207,103,104
050,28,061,"Mississippi","Jasper County",3,7,198,101,97
050,28,061,"Mississippi","Jasper County",3,8,225,123,102
050,28,061,"Mississippi","Jasper County",3,9,210,116,94
050,28,061,"Mississippi","Jasper County",3,10,195,99,96
050,28,061,"Mississippi","Jasper County",3,11,215,109,106
050,28,061,"Mississippi","Jasper County",3,12,224,114,110
050,28,061,"Mississippi","Jasper County",3,13,247,127,120
050,28,061,"Mississippi","Jasper County",3,14,250,121,129
050,28,061,"Mississippi","Jasper County",3,15,204,99,105
050,28,061,"Mississippi","Jasper County",3,16,210,103,107
050,28,061,"Mississippi","Jasper County",3,17,185,92,93
050,28,061,"Mississippi","Jasper County",3,18,163,88,75
050,28,061,"Mississippi","Jasper County",3,19,151,82,69
050,28,061,"Mississippi","Jasper County",3,20,157,79,78
050,28,061,"Mississippi","Jasper County",3,21,163,80,83
050,28,061,"Mississippi","Jasper County",3,22,187,80,107
050,28,061,"Mississippi","Jasper County",3,23,204,95,109
050,28,061,"Mississippi","Jasper County",3,24,190,94,96
050,28,061,"Mississippi","Jasper County",3,25,187,94,93
050,28,061,"Mississippi","Jasper County",3,26,183,102,81
050,28,061,"Mississippi","Jasper County",3,27,190,95,95
050,28,061,"Mississippi","Jasper County",3,28,201,91,110
050,28,061,"Mississippi","Jasper County",3,29,211,89,122
050,28,061,"Mississippi","Jasper County",3,30,216,102,114
050,28,061,"Mississippi","Jasper County",3,31,188,88,100
050,28,061,"Mississippi","Jasper County",3,32,191,99,92
050,28,061,"Mississippi","Jasper County",3,33,165,80,85
050,28,061,"Mississippi","Jasper County",3,34,156,76,80
050,28,061,"Mississippi","Jasper County",3,35,152,74,78
050,28,061,"Mississippi","Jasper County",3,36,164,78,86
050,28,061,"Mississippi","Jasper County",3,37,173,98,75
050,28,061,"Mississippi","Jasper County",3,38,198,108,90
050,28,061,"Mississippi","Jasper County",3,39,196,99,97
050,28,061,"Mississippi","Jasper County",3,40,189,93,96
050,28,061,"Mississippi","Jasper County",3,41,185,91,94
050,28,061,"Mississippi","Jasper County",3,42,182,89,93
050,28,061,"Mississippi","Jasper County",3,43,203,96,107
050,28,061,"Mississippi","Jasper County",3,44,184,83,101
050,28,061,"Mississippi","Jasper County",3,45,176,86,90
050,28,061,"Mississippi","Jasper County",3,46,185,93,92
050,28,061,"Mississippi","Jasper County",3,47,172,87,85
050,28,061,"Mississippi","Jasper County",3,48,189,99,90
050,28,061,"Mississippi","Jasper County",3,49,183,96,87
050,28,061,"Mississippi","Jasper County",3,50,201,106,95
050,28,061,"Mississippi","Jasper County",3,51,204,104,100
050,28,061,"Mississippi","Jasper County",3,52,192,91,101
050,28,061,"Mississippi","Jasper County",3,53,198,96,102
050,28,061,"Mississippi","Jasper County",3,54,199,99,100
050,28,061,"Mississippi","Jasper County",3,55,194,97,97
050,28,061,"Mississippi","Jasper County",3,56,204,108,96
050,28,061,"Mississippi","Jasper County",3,57,218,107,111
050,28,061,"Mississippi","Jasper County",3,58,202,94,108
050,28,061,"Mississippi","Jasper County",3,59,225,102,123
050,28,061,"Mississippi","Jasper County",3,60,244,109,135
050,28,061,"Mississippi","Jasper County",3,61,238,111,127
050,28,061,"Mississippi","Jasper County",3,62,231,112,119
050,28,061,"Mississippi","Jasper County",3,63,242,120,122
050,28,061,"Mississippi","Jasper County",3,64,230,119,111
050,28,061,"Mississippi","Jasper County",3,65,227,117,110
050,28,061,"Mississippi","Jasper County",3,66,218,98,120
050,28,061,"Mississippi","Jasper County",3,67,196,87,109
050,28,061,"Mississippi","Jasper County",3,68,222,108,114
050,28,061,"Mississippi","Jasper County",3,69,222,109,113
050,28,061,"Mississippi","Jasper County",3,70,215,105,110
050,28,061,"Mississippi","Jasper County",3,71,193,91,102
050,28,061,"Mississippi","Jasper County",3,72,179,88,91
050,28,061,"Mississippi","Jasper County",3,73,184,88,96
050,28,061,"Mississippi","Jasper County",3,74,185,87,98
050,28,061,"Mississippi","Jasper County",3,75,124,54,70
050,28,061,"Mississippi","Jasper County",3,76,120,48,72
050,28,061,"Mississippi","Jasper County",3,77,113,45,68
050,28,061,"Mississippi","Jasper County",3,78,126,57,69
050,28,061,"Mississippi","Jasper County",3,79,115,51,64
050,28,061,"Mississippi","Jasper County",3,80,103,37,66
050,28,061,"Mississippi","Jasper County",3,81,109,47,62
050,28,061,"Mississippi","Jasper County",3,82,96,40,56
050,28,061,"Mississippi","Jasper County",3,83,92,44,48
050,28,061,"Mississippi","Jasper County",3,84,78,35,43
050,28,061,"Mississippi","Jasper County",3,85,354,160,194
050,28,061,"Mississippi","Jasper County",4,0,196,98,98
050,28,061,"Mississippi","Jasper County",4,1,190,102,88
050,28,061,"Mississippi","Jasper County",4,2,197,97,100
050,28,061,"Mississippi","Jasper County",4,3,191,97,94
050,28,061,"Mississippi","Jasper County",4,4,171,98,73
050,28,061,"Mississippi","Jasper County",4,5,199,100,99
050,28,061,"Mississippi","Jasper County",4,6,206,103,103
050,28,061,"Mississippi","Jasper County",4,7,208,99,109
050,28,061,"Mississippi","Jasper County",4,8,188,100,88
050,28,061,"Mississippi","Jasper County",4,9,220,121,99
050,28,061,"Mississippi","Jasper County",4,10,217,113,104
050,28,061,"Mississippi","Jasper County",4,11,188,94,94
050,28,061,"Mississippi","Jasper County",4,12,209,105,104
050,28,061,"Mississippi","Jasper County",4,13,219,111,108
050,28,061,"Mississippi","Jasper County",4,14,236,119,117
050,28,061,"Mississippi","Jasper County",4,15,246,117,129
050,28,061,"Mississippi","Jasper County",4,16,207,104,103
050,28,061,"Mississippi","Jasper County",4,17,216,114,102
050,28,061,"Mississippi","Jasper County",4,18,159,81,78
050,28,061,"Mississippi","Jasper County",4,19,139,76,63
050,28,061,"Mississippi","Jasper County",4,20,160,81,79
050,28,061,"Mississippi","Jasper County",4,21,167,77,90
050,28,061,"Mississippi","Jasper County",4,22,171,81,90
050,28,061,"Mississippi","Jasper County",4,23,188,86,102
050,28,061,"Mississippi","Jasper County",4,24,202,91,111
050,28,061,"Mississippi","Jasper County",4,25,192,96,96
050,28,061,"Mississippi","Jasper County",4,26,177,91,86
050,28,061,"Mississippi","Jasper County",4,27,171,92,79
050,28,061,"Mississippi","Jasper County",4,28,181,93,88
050,28,061,"Mississippi","Jasper County",4,29,187,84,103
050,28,061,"Mississippi","Jasper County",4,30,198,82,116
050,28,061,"Mississippi","Jasper County",4,31,215,103,112
050,28,061,"Mississippi","Jasper County",4,32,195,97,98
050,28,061,"Mississippi","Jasper County",4,33,176,91,85
050,28,061,"Mississippi","Jasper County",4,34,165,81,84
050,28,061,"Mississippi","Jasper County",4,35,153,72,81
050,28,061,"Mississippi","Jasper County",4,36,147,72,75
050,28,061,"Mississippi","Jasper County",4,37,158,73,85
050,28,061,"Mississippi","Jasper County",4,38,175,94,81
050,28,061,"Mississippi","Jasper County",4,39,197,111,86
050,28,061,"Mississippi","Jasper County",4,40,190,95,95
050,28,061,"Mississippi","Jasper County",4,41,189,92,97
050,28,061,"Mississippi","Jasper County",4,42,184,85,99
050,28,061,"Mississippi","Jasper County",4,43,190,92,98
050,28,061,"Mississippi","Jasper County",4,44,193,96,97
050,28,061,"Mississippi","Jasper County",4,45,176,79,97
050,28,061,"Mississippi","Jasper County",4,46,180,84,96
050,28,061,"Mississippi","Jasper County",4,47,182,90,92
050,28,061,"Mississippi","Jasper County",4,48,181,90,91
050,28,061,"Mississippi","Jasper County",4,49,179,94,85
050,28,061,"Mississippi","Jasper County",4,50,192,97,95
050,28,061,"Mississippi","Jasper County",4,51,197,100,97
050,28,061,"Mississippi","Jasper County",4,52,201,100,101
050,28,061,"Mississippi","Jasper County",4,53,194,92,102
050,28,061,"Mississippi","Jasper County",4,54,201,96,105
050,28,061,"Mississippi","Jasper County",4,55,196,97,99
050,28,061,"Mississippi","Jasper County",4,56,188,93,95
050,28,061,"Mississippi","Jasper County",4,57,214,114,100
050,28,061,"Mississippi","Jasper County",4,58,213,106,107
050,28,061,"Mississippi","Jasper County",4,59,196,90,106
050,28,061,"Mississippi","Jasper County",4,60,231,101,130
050,28,061,"Mississippi","Jasper County",4,61,241,107,134
050,28,061,"Mississippi","Jasper County",4,62,239,109,130
050,28,061,"Mississippi","Jasper County",4,63,224,110,114
050,28,061,"Mississippi","Jasper County",4,64,241,118,123
050,28,061,"Mississippi","Jasper County",4,65,222,114,108
050,28,061,"Mississippi","Jasper County",4,66,228,113,115
050,28,061,"Mississippi","Jasper County",4,67,210,93,117
050,28,061,"Mississippi","Jasper County",4,68,188,81,107
050,28,061,"Mississippi","Jasper County",4,69,212,112,100
050,28,061,"Mississippi","Jasper County",4,70,215,103,112
050,28,061,"Mississippi","Jasper County",4,71,213,105,108
050,28,061,"Mississippi","Jasper County",4,72,180,86,94
050,28,061,"Mississippi","Jasper County",4,73,177,85,92
050,28,061,"Mississippi","Jasper County",4,74,178,84,94
050,28,061,"Mississippi","Jasper County",4,75,173,79,94
050,28,061,"Mississippi","Jasper County",4,76,123,53,70
050,28,061,"Mississippi","Jasper County",4,77,109,40,69
050,28,061,"Mississippi","Jasper County",4,78,100,43,57
050,28,061,"Mississippi","Jasper County",4,79,122,56,66
050,28,061,"Mississippi","Jasper County",4,80,107,46,61
050,28,061,"Mississippi","Jasper County",4,81,99,37,62
050,28,061,"Mississippi","Jasper County",4,82,97,41,56
050,28,061,"Mississippi","Jasper County",4,83,89,37,52
050,28,061,"Mississippi","Jasper County",4,84,85,41,44
050,28,061,"Mississippi","Jasper County",4,85,361,162,199
050,28,061,"Mississippi","Jasper County",5,0,197,101,96
050,28,061,"Mississippi","Jasper County",5,1,191,107,84
050,28,061,"Mississippi","Jasper County",5,2,191,104,87
050,28,061,"Mississippi","Jasper County",5,3,205,105,100
050,28,061,"Mississippi","Jasper County",5,4,186,94,92
050,28,061,"Mississippi","Jasper County",5,5,185,106,79
050,28,061,"Mississippi","Jasper County",5,6,208,103,105
050,28,061,"Mississippi","Jasper County",5,7,207,103,104
050,28,061,"Mississippi","Jasper County",5,8,204,97,107
050,28,061,"Mississippi","Jasper County",5,9,186,100,86
050,28,061,"Mississippi","Jasper County",5,10,221,116,105
050,28,061,"Mississippi","Jasper County",5,11,206,112,94
050,28,061,"Mississippi","Jasper County",5,12,197,101,96
050,28,061,"Mississippi","Jasper County",5,13,208,103,105
050,28,061,"Mississippi","Jasper County",5,14,215,107,108
050,28,061,"Mississippi","Jasper County",5,15,240,119,121
050,28,061,"Mississippi","Jasper County",5,16,240,116,124
050,28,061,"Mississippi","Jasper County",5,17,198,97,101
050,28,061,"Mississippi","Jasper County",5,18,174,94,80
050,28,061,"Mississippi","Jasper County",5,19,134,69,65
050,28,061,"Mississippi","Jasper County",5,20,146,77,69
050,28,061,"Mississippi","Jasper County",5,21,170,87,83
050,28,061,"Mississippi","Jasper County",5,22,186,89,97
050,28,061,"Mississippi","Jasper County",5,23,182,87,95
050,28,061,"Mississippi","Jasper County",5,24,192,95,97
050,28,061,"Mississippi","Jasper County",5,25,204,99,105
050,28,061,"Mississippi","Jasper County",5,26,197,93,104
050,28,061,"Mississippi","Jasper County",5,27,187,94,93
050,28,061,"Mississippi","Jasper County",5,28,172,94,78
050,28,061,"Mississippi","Jasper County",5,29,177,90,87
050,28,061,"Mississippi","Jasper County",5,30,187,80,107
050,28,061,"Mississippi","Jasper County",5,31,203,84,119
050,28,061,"Mississippi","Jasper County",5,32,212,104,108
050,28,061,"Mississippi","Jasper County",5,33,192,95,97
050,28,061,"Mississippi","Jasper County",5,34,177,92,85
050,28,061,"Mississippi","Jasper County",5,35,165,75,90
050,28,061,"Mississippi","Jasper County",5,36,154,72,82
050,28,061,"Mississippi","Jasper County",5,37,156,77,79
050,28,061,"Mississippi","Jasper County",5,38,160,78,82
050,28,061,"Mississippi","Jasper County",5,39,184,96,88
050,28,061,"Mississippi","Jasper County",5,40,203,112,91
050,28,061,"Mississippi","Jasper County",5,41,182,88,94
050,28,061,"Mississippi","Jasper County",5,42,194,94,100
050,28,061,"Mississippi","Jasper County",5,43,183,87,96
050,28,061,"Mississippi","Jasper County",5,44,191,92,99
050,28,061,"Mississippi","Jasper County",5,45,192,97,95
050,28,061,"Mississippi","Jasper County",5,46,166,70,96
050,28,061,"Mississippi","Jasper County",5,47,175,80,95
050,28,061,"Mississippi","Jasper County",5,48,177,83,94
050,28,061,"Mississippi","Jasper County",5,49,187,93,94
050,28,061,"Mississippi","Jasper County",5,50,175,87,88
050,28,061,"Mississippi","Jasper County",5,51,190,98,92
050,28,061,"Mississippi","Jasper County",5,52,205,106,99
050,28,061,"Mississippi","Jasper County",5,53,202,99,103
050,28,061,"Mississippi","Jasper County",5,54,193,96,97
050,28,061,"Mississippi","Jasper County",5,55,193,90,103
050,28,061,"Mississippi","Jasper County",5,56,196,98,98
050,28,061,"Mississippi","Jasper County",5,57,189,91,98
050,28,061,"Mississippi","Jasper County",5,58,205,110,95
050,28,061,"Mississippi","Jasper County",5,59,214,106,108
050,28,061,"Mississippi","Jasper County",5,60,193,88,105
050,28,061,"Mississippi","Jasper County",5,61,224,101,123
050,28,061,"Mississippi","Jasper County",5,62,243,108,135
050,28,061,"Mississippi","Jasper County",5,63,234,106,128
050,28,061,"Mississippi","Jasper County",5,64,226,114,112
050,28,061,"Mississippi","Jasper County",5,65,237,117,120
050,28,061,"Mississippi","Jasper County",5,66,217,113,104
050,28,061,"Mississippi","Jasper County",5,67,222,109,113
050,28,061,"Mississippi","Jasper County",5,68,198,85,113
050,28,061,"Mississippi","Jasper County",5,69,182,81,101
050,28,061,"Mississippi","Jasper County",5,70,199,105,94
050,28,061,"Mississippi","Jasper County",5,71,202,98,104
050,28,061,"Mississippi","Jasper County",5,72,201,101,100
050,28,061,"Mississippi","Jasper County",5,73,175,83,92
050,28,061,"Mississippi","Jasper County",5,74,171,84,87
050,28,061,"Mississippi","Jasper County",5,75,161,71,90
050,28,061,"Mississippi","Jasper County",5,76,169,78,91
050,28,061,"Mississippi","Jasper County",5,77,110,42,68
050,28,061,"Mississippi","Jasper County",5,78,98,38,60
050,28,061,"Mississippi","Jasper County",5,79,95,43,52
050,28,061,"Mississippi","Jasper County",5,80,111,49,62
050,28,061,"Mississippi","Jasper County",5,81,99,44,55
050,28,061,"Mississippi","Jasper County",5,82,90,32,58
050,28,061,"Mississippi","Jasper County",5,83,89,37,52
050,28,061,"Mississippi","Jasper County",5,84,83,34,49
050,28,061,"Mississippi","Jasper County",5,85,376,173,203
050,28,063,"Mississippi","Jefferson County",1,0,80,39,41
050,28,063,"Mississippi","Jefferson County",1,1,80,40,40
050,28,063,"Mississippi","Jefferson County",1,2,90,51,39
050,28,063,"Mississippi","Jefferson County",1,3,98,49,49
050,28,063,"Mississippi","Jefferson County",1,4,96,42,54
050,28,063,"Mississippi","Jefferson County",1,5,91,36,55
050,28,063,"Mississippi","Jefferson County",1,6,98,49,49
050,28,063,"Mississippi","Jefferson County",1,7,113,57,56
050,28,063,"Mississippi","Jefferson County",1,8,96,49,47
050,28,063,"Mississippi","Jefferson County",1,9,96,42,54
050,28,063,"Mississippi","Jefferson County",1,10,86,37,49
050,28,063,"Mississippi","Jefferson County",1,11,85,45,40
050,28,063,"Mississippi","Jefferson County",1,12,92,49,43
050,28,063,"Mississippi","Jefferson County",1,13,88,48,40
050,28,063,"Mississippi","Jefferson County",1,14,86,50,36
050,28,063,"Mississippi","Jefferson County",1,15,79,41,38
050,28,063,"Mississippi","Jefferson County",1,16,88,46,42
050,28,063,"Mississippi","Jefferson County",1,17,95,47,48
050,28,063,"Mississippi","Jefferson County",1,18,69,35,34
050,28,063,"Mississippi","Jefferson County",1,19,77,40,37
050,28,063,"Mississippi","Jefferson County",1,20,84,42,42
050,28,063,"Mississippi","Jefferson County",1,21,80,41,39
050,28,063,"Mississippi","Jefferson County",1,22,103,54,49
050,28,063,"Mississippi","Jefferson County",1,23,96,51,45
050,28,063,"Mississippi","Jefferson County",1,24,95,52,43
050,28,063,"Mississippi","Jefferson County",1,25,106,62,44
050,28,063,"Mississippi","Jefferson County",1,26,102,53,49
050,28,063,"Mississippi","Jefferson County",1,27,87,44,43
050,28,063,"Mississippi","Jefferson County",1,28,94,53,41
050,28,063,"Mississippi","Jefferson County",1,29,85,52,33
050,28,063,"Mississippi","Jefferson County",1,30,102,64,38
050,28,063,"Mississippi","Jefferson County",1,31,106,55,51
050,28,063,"Mississippi","Jefferson County",1,32,92,52,40
050,28,063,"Mississippi","Jefferson County",1,33,83,38,45
050,28,063,"Mississippi","Jefferson County",1,34,77,34,43
050,28,063,"Mississippi","Jefferson County",1,35,76,40,36
050,28,063,"Mississippi","Jefferson County",1,36,92,45,47
050,28,063,"Mississippi","Jefferson County",1,37,86,43,43
050,28,063,"Mississippi","Jefferson County",1,38,104,57,47
050,28,063,"Mississippi","Jefferson County",1,39,99,54,45
050,28,063,"Mississippi","Jefferson County",1,40,93,47,46
050,28,063,"Mississippi","Jefferson County",1,41,94,46,48
050,28,063,"Mississippi","Jefferson County",1,42,99,50,49
050,28,063,"Mississippi","Jefferson County",1,43,82,44,38
050,28,063,"Mississippi","Jefferson County",1,44,70,35,35
050,28,063,"Mississippi","Jefferson County",1,45,68,42,26
050,28,063,"Mississippi","Jefferson County",1,46,62,33,29
050,28,063,"Mississippi","Jefferson County",1,47,94,49,45
050,28,063,"Mississippi","Jefferson County",1,48,86,45,41
050,28,063,"Mississippi","Jefferson County",1,49,80,43,37
050,28,063,"Mississippi","Jefferson County",1,50,89,43,46
050,28,063,"Mississippi","Jefferson County",1,51,83,33,50
050,28,063,"Mississippi","Jefferson County",1,52,82,39,43
050,28,063,"Mississippi","Jefferson County",1,53,86,38,48
050,28,063,"Mississippi","Jefferson County",1,54,93,44,49
050,28,063,"Mississippi","Jefferson County",1,55,81,36,45
050,28,063,"Mississippi","Jefferson County",1,56,106,48,58
050,28,063,"Mississippi","Jefferson County",1,57,111,55,56
050,28,063,"Mississippi","Jefferson County",1,58,121,64,57
050,28,063,"Mississippi","Jefferson County",1,59,102,51,51
050,28,063,"Mississippi","Jefferson County",1,60,105,56,49
050,28,063,"Mississippi","Jefferson County",1,61,124,53,71
050,28,063,"Mississippi","Jefferson County",1,62,106,50,56
050,28,063,"Mississippi","Jefferson County",1,63,98,58,40
050,28,063,"Mississippi","Jefferson County",1,64,107,55,52
050,28,063,"Mississippi","Jefferson County",1,65,106,47,59
050,28,063,"Mississippi","Jefferson County",1,66,93,44,49
050,28,063,"Mississippi","Jefferson County",1,67,95,41,54
050,28,063,"Mississippi","Jefferson County",1,68,92,39,53
050,28,063,"Mississippi","Jefferson County",1,69,77,33,44
050,28,063,"Mississippi","Jefferson County",1,70,73,35,38
050,28,063,"Mississippi","Jefferson County",1,71,63,25,38
050,28,063,"Mississippi","Jefferson County",1,72,56,26,30
050,28,063,"Mississippi","Jefferson County",1,73,64,31,33
050,28,063,"Mississippi","Jefferson County",1,74,49,22,27
050,28,063,"Mississippi","Jefferson County",1,75,49,25,24
050,28,063,"Mississippi","Jefferson County",1,76,42,15,27
050,28,063,"Mississippi","Jefferson County",1,77,37,14,23
050,28,063,"Mississippi","Jefferson County",1,78,45,17,28
050,28,063,"Mississippi","Jefferson County",1,79,41,18,23
050,28,063,"Mississippi","Jefferson County",1,80,37,14,23
050,28,063,"Mississippi","Jefferson County",1,81,30,10,20
050,28,063,"Mississippi","Jefferson County",1,82,38,13,25
050,28,063,"Mississippi","Jefferson County",1,83,34,10,24
050,28,063,"Mississippi","Jefferson County",1,84,26,9,17
050,28,063,"Mississippi","Jefferson County",1,85,155,50,105
050,28,063,"Mississippi","Jefferson County",2,0,81,41,40
050,28,063,"Mississippi","Jefferson County",2,1,81,41,40
050,28,063,"Mississippi","Jefferson County",2,2,87,47,40
050,28,063,"Mississippi","Jefferson County",2,3,96,49,47
050,28,063,"Mississippi","Jefferson County",2,4,96,43,53
050,28,063,"Mississippi","Jefferson County",2,5,93,39,54
050,28,063,"Mississippi","Jefferson County",2,6,98,47,51
050,28,063,"Mississippi","Jefferson County",2,7,108,54,54
050,28,063,"Mississippi","Jefferson County",2,8,101,52,49
050,28,063,"Mississippi","Jefferson County",2,9,95,43,52
050,28,063,"Mississippi","Jefferson County",2,10,88,39,49
050,28,063,"Mississippi","Jefferson County",2,11,85,43,42
050,28,063,"Mississippi","Jefferson County",2,12,92,49,43
050,28,063,"Mississippi","Jefferson County",2,13,88,48,40
050,28,063,"Mississippi","Jefferson County",2,14,87,50,37
050,28,063,"Mississippi","Jefferson County",2,15,81,43,38
050,28,063,"Mississippi","Jefferson County",2,16,87,45,42
050,28,063,"Mississippi","Jefferson County",2,17,91,46,45
050,28,063,"Mississippi","Jefferson County",2,18,72,36,36
050,28,063,"Mississippi","Jefferson County",2,19,74,38,36
050,28,063,"Mississippi","Jefferson County",2,20,86,43,43
050,28,063,"Mississippi","Jefferson County",2,21,82,42,40
050,28,063,"Mississippi","Jefferson County",2,22,100,55,45
050,28,063,"Mississippi","Jefferson County",2,23,99,52,47
050,28,063,"Mississippi","Jefferson County",2,24,93,50,43
050,28,063,"Mississippi","Jefferson County",2,25,105,61,44
050,28,063,"Mississippi","Jefferson County",2,26,100,53,47
050,28,063,"Mississippi","Jefferson County",2,27,88,44,44
050,28,063,"Mississippi","Jefferson County",2,28,91,50,41
050,28,063,"Mississippi","Jefferson County",2,29,86,51,35
050,28,063,"Mississippi","Jefferson County",2,30,100,63,37
050,28,063,"Mississippi","Jefferson County",2,31,101,54,47
050,28,063,"Mississippi","Jefferson County",2,32,95,53,42
050,28,063,"Mississippi","Jefferson County",2,33,84,40,44
050,28,063,"Mississippi","Jefferson County",2,34,78,35,43
050,28,063,"Mississippi","Jefferson County",2,35,79,40,39
050,28,063,"Mississippi","Jefferson County",2,36,86,42,44
050,28,063,"Mississippi","Jefferson County",2,37,88,44,44
050,28,063,"Mississippi","Jefferson County",2,38,100,54,46
050,28,063,"Mississippi","Jefferson County",2,39,99,54,45
050,28,063,"Mississippi","Jefferson County",2,40,98,51,47
050,28,063,"Mississippi","Jefferson County",2,41,94,46,48
050,28,063,"Mississippi","Jefferson County",2,42,97,48,49
050,28,063,"Mississippi","Jefferson County",2,43,87,45,42
050,28,063,"Mississippi","Jefferson County",2,44,73,37,36
050,28,063,"Mississippi","Jefferson County",2,45,67,39,28
050,28,063,"Mississippi","Jefferson County",2,46,64,35,29
050,28,063,"Mississippi","Jefferson County",2,47,86,46,40
050,28,063,"Mississippi","Jefferson County",2,48,86,44,42
050,28,063,"Mississippi","Jefferson County",2,49,83,45,38
050,28,063,"Mississippi","Jefferson County",2,50,86,42,44
050,28,063,"Mississippi","Jefferson County",2,51,82,35,47
050,28,063,"Mississippi","Jefferson County",2,52,81,36,45
050,28,063,"Mississippi","Jefferson County",2,53,85,38,47
050,28,063,"Mississippi","Jefferson County",2,54,92,43,49
050,28,063,"Mississippi","Jefferson County",2,55,84,39,45
050,28,063,"Mississippi","Jefferson County",2,56,101,46,55
050,28,063,"Mississippi","Jefferson County",2,57,109,54,55
050,28,063,"Mississippi","Jefferson County",2,58,117,61,56
050,28,063,"Mississippi","Jefferson County",2,59,105,52,53
050,28,063,"Mississippi","Jefferson County",2,60,103,53,50
050,28,063,"Mississippi","Jefferson County",2,61,120,54,66
050,28,063,"Mississippi","Jefferson County",2,62,110,51,59
050,28,063,"Mississippi","Jefferson County",2,63,100,56,44
050,28,063,"Mississippi","Jefferson County",2,64,104,56,48
050,28,063,"Mississippi","Jefferson County",2,65,105,49,56
050,28,063,"Mississippi","Jefferson County",2,66,97,45,52
050,28,063,"Mississippi","Jefferson County",2,67,94,41,53
050,28,063,"Mississippi","Jefferson County",2,68,91,39,52
050,28,063,"Mississippi","Jefferson County",2,69,79,32,47
050,28,063,"Mississippi","Jefferson County",2,70,74,34,40
050,28,063,"Mississippi","Jefferson County",2,71,65,28,37
050,28,063,"Mississippi","Jefferson County",2,72,56,26,30
050,28,063,"Mississippi","Jefferson County",2,73,63,30,33
050,28,063,"Mississippi","Jefferson County",2,74,50,23,27
050,28,063,"Mississippi","Jefferson County",2,75,51,26,25
050,28,063,"Mississippi","Jefferson County",2,76,42,17,25
050,28,063,"Mississippi","Jefferson County",2,77,37,13,24
050,28,063,"Mississippi","Jefferson County",2,78,41,16,25
050,28,063,"Mississippi","Jefferson County",2,79,43,18,25
050,28,063,"Mississippi","Jefferson County",2,80,37,14,23
050,28,063,"Mississippi","Jefferson County",2,81,30,11,19
050,28,063,"Mississippi","Jefferson County",2,82,36,12,24
050,28,063,"Mississippi","Jefferson County",2,83,34,10,24
050,28,063,"Mississippi","Jefferson County",2,84,29,10,19
050,28,063,"Mississippi","Jefferson County",2,85,156,51,105
050,28,063,"Mississippi","Jefferson County",3,0,61,31,30
050,28,063,"Mississippi","Jefferson County",3,1,70,33,37
050,28,063,"Mississippi","Jefferson County",3,2,88,40,48
050,28,063,"Mississippi","Jefferson County",3,3,86,46,40
050,28,063,"Mississippi","Jefferson County",3,4,90,45,45
050,28,063,"Mississippi","Jefferson County",3,5,87,34,53
050,28,063,"Mississippi","Jefferson County",3,6,101,44,57
050,28,063,"Mississippi","Jefferson County",3,7,99,46,53
050,28,063,"Mississippi","Jefferson County",3,8,100,52,48
050,28,063,"Mississippi","Jefferson County",3,9,101,53,48
050,28,063,"Mississippi","Jefferson County",3,10,90,41,49
050,28,063,"Mississippi","Jefferson County",3,11,83,40,43
050,28,063,"Mississippi","Jefferson County",3,12,81,42,39
050,28,063,"Mississippi","Jefferson County",3,13,87,44,43
050,28,063,"Mississippi","Jefferson County",3,14,87,46,41
050,28,063,"Mississippi","Jefferson County",3,15,86,47,39
050,28,063,"Mississippi","Jefferson County",3,16,81,45,36
050,28,063,"Mississippi","Jefferson County",3,17,85,46,39
050,28,063,"Mississippi","Jefferson County",3,18,73,35,38
050,28,063,"Mississippi","Jefferson County",3,19,64,35,29
050,28,063,"Mississippi","Jefferson County",3,20,79,41,38
050,28,063,"Mississippi","Jefferson County",3,21,89,43,46
050,28,063,"Mississippi","Jefferson County",3,22,95,56,39
050,28,063,"Mississippi","Jefferson County",3,23,102,52,50
050,28,063,"Mississippi","Jefferson County",3,24,89,46,43
050,28,063,"Mississippi","Jefferson County",3,25,89,53,36
050,28,063,"Mississippi","Jefferson County",3,26,104,61,43
050,28,063,"Mississippi","Jefferson County",3,27,96,49,47
050,28,063,"Mississippi","Jefferson County",3,28,84,41,43
050,28,063,"Mississippi","Jefferson County",3,29,87,49,38
050,28,063,"Mississippi","Jefferson County",3,30,101,64,37
050,28,063,"Mississippi","Jefferson County",3,31,86,52,34
050,28,063,"Mississippi","Jefferson County",3,32,102,54,48
050,28,063,"Mississippi","Jefferson County",3,33,88,48,40
050,28,063,"Mississippi","Jefferson County",3,34,91,46,45
050,28,063,"Mississippi","Jefferson County",3,35,79,37,42
050,28,063,"Mississippi","Jefferson County",3,36,69,33,36
050,28,063,"Mississippi","Jefferson County",3,37,77,43,34
050,28,063,"Mississippi","Jefferson County",3,38,88,48,40
050,28,063,"Mississippi","Jefferson County",3,39,99,54,45
050,28,063,"Mississippi","Jefferson County",3,40,105,60,45
050,28,063,"Mississippi","Jefferson County",3,41,94,47,47
050,28,063,"Mississippi","Jefferson County",3,42,92,47,45
050,28,063,"Mississippi","Jefferson County",3,43,103,54,49
050,28,063,"Mississippi","Jefferson County",3,44,90,48,42
050,28,063,"Mississippi","Jefferson County",3,45,72,37,35
050,28,063,"Mississippi","Jefferson County",3,46,69,41,28
050,28,063,"Mississippi","Jefferson County",3,47,72,39,33
050,28,063,"Mississippi","Jefferson County",3,48,82,42,40
050,28,063,"Mississippi","Jefferson County",3,49,88,46,42
050,28,063,"Mississippi","Jefferson County",3,50,83,44,39
050,28,063,"Mississippi","Jefferson County",3,51,89,45,44
050,28,063,"Mississippi","Jefferson County",3,52,81,34,47
050,28,063,"Mississippi","Jefferson County",3,53,78,34,44
050,28,063,"Mississippi","Jefferson County",3,54,82,37,45
050,28,063,"Mississippi","Jefferson County",3,55,90,43,47
050,28,063,"Mississippi","Jefferson County",3,56,83,38,45
050,28,063,"Mississippi","Jefferson County",3,57,93,38,55
050,28,063,"Mississippi","Jefferson County",3,58,114,53,61
050,28,063,"Mississippi","Jefferson County",3,59,118,63,55
050,28,063,"Mississippi","Jefferson County",3,60,100,51,49
050,28,063,"Mississippi","Jefferson County",3,61,103,55,48
050,28,063,"Mississippi","Jefferson County",3,62,115,49,66
050,28,063,"Mississippi","Jefferson County",3,63,102,46,56
050,28,063,"Mississippi","Jefferson County",3,64,90,50,40
050,28,063,"Mississippi","Jefferson County",3,65,104,57,47
050,28,063,"Mississippi","Jefferson County",3,66,103,49,54
050,28,063,"Mississippi","Jefferson County",3,67,92,41,51
050,28,063,"Mississippi","Jefferson County",3,68,93,40,53
050,28,063,"Mississippi","Jefferson County",3,69,90,39,51
050,28,063,"Mississippi","Jefferson County",3,70,75,30,45
050,28,063,"Mississippi","Jefferson County",3,71,72,34,38
050,28,063,"Mississippi","Jefferson County",3,72,64,28,36
050,28,063,"Mississippi","Jefferson County",3,73,53,24,29
050,28,063,"Mississippi","Jefferson County",3,74,61,29,32
050,28,063,"Mississippi","Jefferson County",3,75,50,24,26
050,28,063,"Mississippi","Jefferson County",3,76,52,25,27
050,28,063,"Mississippi","Jefferson County",3,77,37,15,22
050,28,063,"Mississippi","Jefferson County",3,78,37,13,24
050,28,063,"Mississippi","Jefferson County",3,79,36,13,23
050,28,063,"Mississippi","Jefferson County",3,80,43,18,25
050,28,063,"Mississippi","Jefferson County",3,81,37,16,21
050,28,063,"Mississippi","Jefferson County",3,82,26,8,18
050,28,063,"Mississippi","Jefferson County",3,83,34,11,23
050,28,063,"Mississippi","Jefferson County",3,84,31,10,21
050,28,063,"Mississippi","Jefferson County",3,85,164,50,114
050,28,063,"Mississippi","Jefferson County",4,0,65,38,27
050,28,063,"Mississippi","Jefferson County",4,1,61,29,32
050,28,063,"Mississippi","Jefferson County",4,2,78,34,44
050,28,063,"Mississippi","Jefferson County",4,3,83,38,45
050,28,063,"Mississippi","Jefferson County",4,4,88,47,41
050,28,063,"Mississippi","Jefferson County",4,5,92,45,47
050,28,063,"Mississippi","Jefferson County",4,6,90,37,53
050,28,063,"Mississippi","Jefferson County",4,7,106,48,58
050,28,063,"Mississippi","Jefferson County",4,8,103,46,57
050,28,063,"Mississippi","Jefferson County",4,9,96,54,42
050,28,063,"Mississippi","Jefferson County",4,10,102,58,44
050,28,063,"Mississippi","Jefferson County",4,11,91,43,48
050,28,063,"Mississippi","Jefferson County",4,12,84,39,45
050,28,063,"Mississippi","Jefferson County",4,13,79,39,40
050,28,063,"Mississippi","Jefferson County",4,14,83,46,37
050,28,063,"Mississippi","Jefferson County",4,15,86,47,39
050,28,063,"Mississippi","Jefferson County",4,16,88,53,35
050,28,063,"Mississippi","Jefferson County",4,17,79,43,36
050,28,063,"Mississippi","Jefferson County",4,18,74,41,33
050,28,063,"Mississippi","Jefferson County",4,19,63,31,32
050,28,063,"Mississippi","Jefferson County",4,20,62,32,30
050,28,063,"Mississippi","Jefferson County",4,21,90,46,44
050,28,063,"Mississippi","Jefferson County",4,22,106,57,49
050,28,063,"Mississippi","Jefferson County",4,23,92,54,38
050,28,063,"Mississippi","Jefferson County",4,24,91,44,47
050,28,063,"Mississippi","Jefferson County",4,25,102,56,46
050,28,063,"Mississippi","Jefferson County",4,26,93,54,39
050,28,063,"Mississippi","Jefferson County",4,27,92,53,39
050,28,063,"Mississippi","Jefferson County",4,28,93,44,49
050,28,063,"Mississippi","Jefferson County",4,29,92,47,45
050,28,063,"Mississippi","Jefferson County",4,30,90,50,40
050,28,063,"Mississippi","Jefferson County",4,31,90,53,37
050,28,063,"Mississippi","Jefferson County",4,32,88,55,33
050,28,063,"Mississippi","Jefferson County",4,33,92,49,43
050,28,063,"Mississippi","Jefferson County",4,34,93,48,45
050,28,063,"Mississippi","Jefferson County",4,35,94,47,47
050,28,063,"Mississippi","Jefferson County",4,36,71,29,42
050,28,063,"Mississippi","Jefferson County",4,37,70,35,35
050,28,063,"Mississippi","Jefferson County",4,38,77,44,33
050,28,063,"Mississippi","Jefferson County",4,39,83,42,41
050,28,063,"Mississippi","Jefferson County",4,40,104,60,44
050,28,063,"Mississippi","Jefferson County",4,41,101,57,44
050,28,063,"Mississippi","Jefferson County",4,42,89,43,46
050,28,063,"Mississippi","Jefferson County",4,43,84,41,43
050,28,063,"Mississippi","Jefferson County",4,44,88,46,42
050,28,063,"Mississippi","Jefferson County",4,45,85,44,41
050,28,063,"Mississippi","Jefferson County",4,46,75,36,39
050,28,063,"Mississippi","Jefferson County",4,47,66,38,28
050,28,063,"Mississippi","Jefferson County",4,48,63,31,32
050,28,063,"Mississippi","Jefferson County",4,49,88,46,42
050,28,063,"Mississippi","Jefferson County",4,50,86,42,44
050,28,063,"Mississippi","Jefferson County",4,51,81,43,38
050,28,063,"Mississippi","Jefferson County",4,52,90,43,47
050,28,063,"Mississippi","Jefferson County",4,53,74,31,43
050,28,063,"Mississippi","Jefferson County",4,54,78,31,47
050,28,063,"Mississippi","Jefferson County",4,55,84,38,46
050,28,063,"Mississippi","Jefferson County",4,56,95,44,51
050,28,063,"Mississippi","Jefferson County",4,57,84,39,45
050,28,063,"Mississippi","Jefferson County",4,58,90,35,55
050,28,063,"Mississippi","Jefferson County",4,59,108,50,58
050,28,063,"Mississippi","Jefferson County",4,60,118,65,53
050,28,063,"Mississippi","Jefferson County",4,61,93,50,43
050,28,063,"Mississippi","Jefferson County",4,62,102,56,46
050,28,063,"Mississippi","Jefferson County",4,63,111,46,65
050,28,063,"Mississippi","Jefferson County",4,64,95,43,52
050,28,063,"Mississippi","Jefferson County",4,65,89,50,39
050,28,063,"Mississippi","Jefferson County",4,66,101,56,45
050,28,063,"Mississippi","Jefferson County",4,67,99,43,56
050,28,063,"Mississippi","Jefferson County",4,68,90,39,51
050,28,063,"Mississippi","Jefferson County",4,69,90,38,52
050,28,063,"Mississippi","Jefferson County",4,70,86,39,47
050,28,063,"Mississippi","Jefferson County",4,71,74,30,44
050,28,063,"Mississippi","Jefferson County",4,72,70,32,38
050,28,063,"Mississippi","Jefferson County",4,73,63,27,36
050,28,063,"Mississippi","Jefferson County",4,74,54,25,29
050,28,063,"Mississippi","Jefferson County",4,75,63,32,31
050,28,063,"Mississippi","Jefferson County",4,76,49,21,28
050,28,063,"Mississippi","Jefferson County",4,77,48,24,24
050,28,063,"Mississippi","Jefferson County",4,78,37,14,23
050,28,063,"Mississippi","Jefferson County",4,79,33,11,22
050,28,063,"Mississippi","Jefferson County",4,80,35,13,22
050,28,063,"Mississippi","Jefferson County",4,81,44,20,24
050,28,063,"Mississippi","Jefferson County",4,82,32,12,20
050,28,063,"Mississippi","Jefferson County",4,83,22,7,15
050,28,063,"Mississippi","Jefferson County",4,84,30,11,19
050,28,063,"Mississippi","Jefferson County",4,85,174,48,126
050,28,063,"Mississippi","Jefferson County",5,0,66,38,28
050,28,063,"Mississippi","Jefferson County",5,1,69,35,34
050,28,063,"Mississippi","Jefferson County",5,2,60,27,33
050,28,063,"Mississippi","Jefferson County",5,3,86,34,52
050,28,063,"Mississippi","Jefferson County",5,4,76,33,43
050,28,063,"Mississippi","Jefferson County",5,5,91,51,40
050,28,063,"Mississippi","Jefferson County",5,6,89,44,45
050,28,063,"Mississippi","Jefferson County",5,7,89,40,49
050,28,063,"Mississippi","Jefferson County",5,8,97,43,54
050,28,063,"Mississippi","Jefferson County",5,9,102,43,59
050,28,063,"Mississippi","Jefferson County",5,10,96,54,42
050,28,063,"Mississippi","Jefferson County",5,11,101,56,45
050,28,063,"Mississippi","Jefferson County",5,12,93,44,49
050,28,063,"Mississippi","Jefferson County",5,13,84,40,44
050,28,063,"Mississippi","Jefferson County",5,14,77,39,38
050,28,063,"Mississippi","Jefferson County",5,15,76,42,34
050,28,063,"Mississippi","Jefferson County",5,16,80,43,37
050,28,063,"Mississippi","Jefferson County",5,17,86,48,38
050,28,063,"Mississippi","Jefferson County",5,18,74,41,33
050,28,063,"Mississippi","Jefferson County",5,19,67,39,28
050,28,063,"Mississippi","Jefferson County",5,20,66,32,34
050,28,063,"Mississippi","Jefferson County",5,21,66,33,33
050,28,063,"Mississippi","Jefferson County",5,22,104,59,45
050,28,063,"Mississippi","Jefferson County",5,23,93,50,43
050,28,063,"Mississippi","Jefferson County",5,24,81,48,33
050,28,063,"Mississippi","Jefferson County",5,25,97,51,46
050,28,063,"Mississippi","Jefferson County",5,26,99,54,45
050,28,063,"Mississippi","Jefferson County",5,27,81,45,36
050,28,063,"Mississippi","Jefferson County",5,28,93,53,40
050,28,063,"Mississippi","Jefferson County",5,29,86,42,44
050,28,063,"Mississippi","Jefferson County",5,30,90,47,43
050,28,063,"Mississippi","Jefferson County",5,31,76,41,35
050,28,063,"Mississippi","Jefferson County",5,32,90,53,37
050,28,063,"Mississippi","Jefferson County",5,33,82,52,30
050,28,063,"Mississippi","Jefferson County",5,34,96,53,43
050,28,063,"Mississippi","Jefferson County",5,35,95,50,45
050,28,063,"Mississippi","Jefferson County",5,36,85,39,46
050,28,063,"Mississippi","Jefferson County",5,37,65,24,41
050,28,063,"Mississippi","Jefferson County",5,38,65,34,31
050,28,063,"Mississippi","Jefferson County",5,39,73,42,31
050,28,063,"Mississippi","Jefferson County",5,40,85,43,42
050,28,063,"Mississippi","Jefferson County",5,41,99,53,46
050,28,063,"Mississippi","Jefferson County",5,42,98,54,44
050,28,063,"Mississippi","Jefferson County",5,43,91,44,47
050,28,063,"Mississippi","Jefferson County",5,44,86,42,44
050,28,063,"Mississippi","Jefferson County",5,45,88,46,42
050,28,063,"Mississippi","Jefferson County",5,46,83,43,40
050,28,063,"Mississippi","Jefferson County",5,47,80,37,43
050,28,063,"Mississippi","Jefferson County",5,48,63,34,29
050,28,063,"Mississippi","Jefferson County",5,49,66,33,33
050,28,063,"Mississippi","Jefferson County",5,50,90,46,44
050,28,063,"Mississippi","Jefferson County",5,51,89,46,43
050,28,063,"Mississippi","Jefferson County",5,52,83,43,40
050,28,063,"Mississippi","Jefferson County",5,53,87,41,46
050,28,063,"Mississippi","Jefferson County",5,54,73,30,43
050,28,063,"Mississippi","Jefferson County",5,55,79,33,46
050,28,063,"Mississippi","Jefferson County",5,56,83,38,45
050,28,063,"Mississippi","Jefferson County",5,57,91,43,48
050,28,063,"Mississippi","Jefferson County",5,58,81,34,47
050,28,063,"Mississippi","Jefferson County",5,59,88,34,54
050,28,063,"Mississippi","Jefferson County",5,60,103,51,52
050,28,063,"Mississippi","Jefferson County",5,61,105,56,49
050,28,063,"Mississippi","Jefferson County",5,62,94,51,43
050,28,063,"Mississippi","Jefferson County",5,63,96,49,47
050,28,063,"Mississippi","Jefferson County",5,64,108,46,62
050,28,063,"Mississippi","Jefferson County",5,65,90,41,49
050,28,063,"Mississippi","Jefferson County",5,66,87,48,39
050,28,063,"Mississippi","Jefferson County",5,67,96,50,46
050,28,063,"Mississippi","Jefferson County",5,68,95,42,53
050,28,063,"Mississippi","Jefferson County",5,69,87,38,49
050,28,063,"Mississippi","Jefferson County",5,70,87,37,50
050,28,063,"Mississippi","Jefferson County",5,71,85,39,46
050,28,063,"Mississippi","Jefferson County",5,72,71,29,42
050,28,063,"Mississippi","Jefferson County",5,73,67,30,37
050,28,063,"Mississippi","Jefferson County",5,74,59,26,33
050,28,063,"Mississippi","Jefferson County",5,75,57,27,30
050,28,063,"Mississippi","Jefferson County",5,76,62,29,33
050,28,063,"Mississippi","Jefferson County",5,77,45,20,25
050,28,063,"Mississippi","Jefferson County",5,78,48,24,24
050,28,063,"Mississippi","Jefferson County",5,79,34,13,21
050,28,063,"Mississippi","Jefferson County",5,80,32,11,21
050,28,063,"Mississippi","Jefferson County",5,81,34,13,21
050,28,063,"Mississippi","Jefferson County",5,82,39,16,23
050,28,063,"Mississippi","Jefferson County",5,83,30,11,19
050,28,063,"Mississippi","Jefferson County",5,84,20,7,13
050,28,063,"Mississippi","Jefferson County",5,85,185,49,136
050,28,065,"Mississippi","Jefferson Davis County",1,0,119,59,60
050,28,065,"Mississippi","Jefferson Davis County",1,1,128,59,69
050,28,065,"Mississippi","Jefferson Davis County",1,2,128,64,64
050,28,065,"Mississippi","Jefferson Davis County",1,3,120,60,60
050,28,065,"Mississippi","Jefferson Davis County",1,4,133,69,64
050,28,065,"Mississippi","Jefferson Davis County",1,5,92,48,44
050,28,065,"Mississippi","Jefferson Davis County",1,6,123,59,64
050,28,065,"Mississippi","Jefferson Davis County",1,7,137,71,66
050,28,065,"Mississippi","Jefferson Davis County",1,8,125,67,58
050,28,065,"Mississippi","Jefferson Davis County",1,9,127,74,53
050,28,065,"Mississippi","Jefferson Davis County",1,10,135,67,68
050,28,065,"Mississippi","Jefferson Davis County",1,11,135,60,75
050,28,065,"Mississippi","Jefferson Davis County",1,12,143,66,77
050,28,065,"Mississippi","Jefferson Davis County",1,13,130,65,65
050,28,065,"Mississippi","Jefferson Davis County",1,14,123,62,61
050,28,065,"Mississippi","Jefferson Davis County",1,15,119,64,55
050,28,065,"Mississippi","Jefferson Davis County",1,16,124,64,60
050,28,065,"Mississippi","Jefferson Davis County",1,17,124,60,64
050,28,065,"Mississippi","Jefferson Davis County",1,18,100,51,49
050,28,065,"Mississippi","Jefferson Davis County",1,19,110,55,55
050,28,065,"Mississippi","Jefferson Davis County",1,20,121,61,60
050,28,065,"Mississippi","Jefferson Davis County",1,21,117,57,60
050,28,065,"Mississippi","Jefferson Davis County",1,22,125,60,65
050,28,065,"Mississippi","Jefferson Davis County",1,23,141,67,74
050,28,065,"Mississippi","Jefferson Davis County",1,24,147,81,66
050,28,065,"Mississippi","Jefferson Davis County",1,25,156,79,77
050,28,065,"Mississippi","Jefferson Davis County",1,26,143,71,72
050,28,065,"Mississippi","Jefferson Davis County",1,27,150,75,75
050,28,065,"Mississippi","Jefferson Davis County",1,28,121,51,70
050,28,065,"Mississippi","Jefferson Davis County",1,29,131,61,70
050,28,065,"Mississippi","Jefferson Davis County",1,30,135,61,74
050,28,065,"Mississippi","Jefferson Davis County",1,31,131,64,67
050,28,065,"Mississippi","Jefferson Davis County",1,32,106,55,51
050,28,065,"Mississippi","Jefferson Davis County",1,33,115,62,53
050,28,065,"Mississippi","Jefferson Davis County",1,34,112,56,56
050,28,065,"Mississippi","Jefferson Davis County",1,35,105,51,54
050,28,065,"Mississippi","Jefferson Davis County",1,36,98,48,50
050,28,065,"Mississippi","Jefferson Davis County",1,37,122,65,57
050,28,065,"Mississippi","Jefferson Davis County",1,38,136,60,76
050,28,065,"Mississippi","Jefferson Davis County",1,39,120,49,71
050,28,065,"Mississippi","Jefferson Davis County",1,40,131,58,73
050,28,065,"Mississippi","Jefferson Davis County",1,41,144,73,71
050,28,065,"Mississippi","Jefferson Davis County",1,42,137,71,66
050,28,065,"Mississippi","Jefferson Davis County",1,43,134,70,64
050,28,065,"Mississippi","Jefferson Davis County",1,44,116,63,53
050,28,065,"Mississippi","Jefferson Davis County",1,45,123,60,63
050,28,065,"Mississippi","Jefferson Davis County",1,46,136,65,71
050,28,065,"Mississippi","Jefferson Davis County",1,47,129,54,75
050,28,065,"Mississippi","Jefferson Davis County",1,48,137,63,74
050,28,065,"Mississippi","Jefferson Davis County",1,49,144,68,76
050,28,065,"Mississippi","Jefferson Davis County",1,50,141,67,74
050,28,065,"Mississippi","Jefferson Davis County",1,51,138,74,64
050,28,065,"Mississippi","Jefferson Davis County",1,52,150,80,70
050,28,065,"Mississippi","Jefferson Davis County",1,53,150,72,78
050,28,065,"Mississippi","Jefferson Davis County",1,54,141,63,78
050,28,065,"Mississippi","Jefferson Davis County",1,55,142,67,75
050,28,065,"Mississippi","Jefferson Davis County",1,56,152,73,79
050,28,065,"Mississippi","Jefferson Davis County",1,57,158,69,89
050,28,065,"Mississippi","Jefferson Davis County",1,58,164,76,88
050,28,065,"Mississippi","Jefferson Davis County",1,59,165,80,85
050,28,065,"Mississippi","Jefferson Davis County",1,60,172,78,94
050,28,065,"Mississippi","Jefferson Davis County",1,61,179,85,94
050,28,065,"Mississippi","Jefferson Davis County",1,62,177,84,93
050,28,065,"Mississippi","Jefferson Davis County",1,63,168,74,94
050,28,065,"Mississippi","Jefferson Davis County",1,64,183,86,97
050,28,065,"Mississippi","Jefferson Davis County",1,65,152,77,75
050,28,065,"Mississippi","Jefferson Davis County",1,66,143,65,78
050,28,065,"Mississippi","Jefferson Davis County",1,67,151,68,83
050,28,065,"Mississippi","Jefferson Davis County",1,68,151,67,84
050,28,065,"Mississippi","Jefferson Davis County",1,69,175,83,92
050,28,065,"Mississippi","Jefferson Davis County",1,70,169,83,86
050,28,065,"Mississippi","Jefferson Davis County",1,71,163,78,85
050,28,065,"Mississippi","Jefferson Davis County",1,72,149,69,80
050,28,065,"Mississippi","Jefferson Davis County",1,73,141,64,77
050,28,065,"Mississippi","Jefferson Davis County",1,74,114,52,62
050,28,065,"Mississippi","Jefferson Davis County",1,75,114,59,55
050,28,065,"Mississippi","Jefferson Davis County",1,76,112,54,58
050,28,065,"Mississippi","Jefferson Davis County",1,77,114,47,67
050,28,065,"Mississippi","Jefferson Davis County",1,78,86,36,50
050,28,065,"Mississippi","Jefferson Davis County",1,79,75,29,46
050,28,065,"Mississippi","Jefferson Davis County",1,80,85,36,49
050,28,065,"Mississippi","Jefferson Davis County",1,81,74,34,40
050,28,065,"Mississippi","Jefferson Davis County",1,82,62,22,40
050,28,065,"Mississippi","Jefferson Davis County",1,83,55,22,33
050,28,065,"Mississippi","Jefferson Davis County",1,84,40,18,22
050,28,065,"Mississippi","Jefferson Davis County",1,85,277,82,195
050,28,065,"Mississippi","Jefferson Davis County",2,0,111,56,55
050,28,065,"Mississippi","Jefferson Davis County",2,1,125,59,66
050,28,065,"Mississippi","Jefferson Davis County",2,2,126,60,66
050,28,065,"Mississippi","Jefferson Davis County",2,3,120,59,61
050,28,065,"Mississippi","Jefferson Davis County",2,4,125,63,62
050,28,065,"Mississippi","Jefferson Davis County",2,5,101,52,49
050,28,065,"Mississippi","Jefferson Davis County",2,6,117,56,61
050,28,065,"Mississippi","Jefferson Davis County",2,7,132,67,65
050,28,065,"Mississippi","Jefferson Davis County",2,8,128,68,60
050,28,065,"Mississippi","Jefferson Davis County",2,9,126,72,54
050,28,065,"Mississippi","Jefferson Davis County",2,10,130,66,64
050,28,065,"Mississippi","Jefferson Davis County",2,11,134,61,73
050,28,065,"Mississippi","Jefferson Davis County",2,12,141,65,76
050,28,065,"Mississippi","Jefferson Davis County",2,13,135,67,68
050,28,065,"Mississippi","Jefferson Davis County",2,14,125,63,62
050,28,065,"Mississippi","Jefferson Davis County",2,15,119,63,56
050,28,065,"Mississippi","Jefferson Davis County",2,16,121,62,59
050,28,065,"Mississippi","Jefferson Davis County",2,17,126,63,63
050,28,065,"Mississippi","Jefferson Davis County",2,18,103,52,51
050,28,065,"Mississippi","Jefferson Davis County",2,19,106,53,53
050,28,065,"Mississippi","Jefferson Davis County",2,20,119,59,60
050,28,065,"Mississippi","Jefferson Davis County",2,21,117,58,59
050,28,065,"Mississippi","Jefferson Davis County",2,22,123,59,64
050,28,065,"Mississippi","Jefferson Davis County",2,23,138,66,72
050,28,065,"Mississippi","Jefferson Davis County",2,24,145,78,67
050,28,065,"Mississippi","Jefferson Davis County",2,25,152,78,74
050,28,065,"Mississippi","Jefferson Davis County",2,26,143,71,72
050,28,065,"Mississippi","Jefferson Davis County",2,27,145,73,72
050,28,065,"Mississippi","Jefferson Davis County",2,28,127,56,71
050,28,065,"Mississippi","Jefferson Davis County",2,29,127,57,70
050,28,065,"Mississippi","Jefferson Davis County",2,30,131,60,71
050,28,065,"Mississippi","Jefferson Davis County",2,31,130,63,67
050,28,065,"Mississippi","Jefferson Davis County",2,32,111,57,54
050,28,065,"Mississippi","Jefferson Davis County",2,33,113,60,53
050,28,065,"Mississippi","Jefferson Davis County",2,34,112,57,55
050,28,065,"Mississippi","Jefferson Davis County",2,35,107,52,55
050,28,065,"Mississippi","Jefferson Davis County",2,36,98,48,50
050,28,065,"Mississippi","Jefferson Davis County",2,37,118,62,56
050,28,065,"Mississippi","Jefferson Davis County",2,38,133,61,72
050,28,065,"Mississippi","Jefferson Davis County",2,39,122,50,72
050,28,065,"Mississippi","Jefferson Davis County",2,40,130,57,73
050,28,065,"Mississippi","Jefferson Davis County",2,41,139,67,72
050,28,065,"Mississippi","Jefferson Davis County",2,42,136,70,66
050,28,065,"Mississippi","Jefferson Davis County",2,43,132,69,63
050,28,065,"Mississippi","Jefferson Davis County",2,44,118,64,54
050,28,065,"Mississippi","Jefferson Davis County",2,45,125,62,63
050,28,065,"Mississippi","Jefferson Davis County",2,46,131,62,69
050,28,065,"Mississippi","Jefferson Davis County",2,47,130,56,74
050,28,065,"Mississippi","Jefferson Davis County",2,48,134,61,73
050,28,065,"Mississippi","Jefferson Davis County",2,49,141,66,75
050,28,065,"Mississippi","Jefferson Davis County",2,50,144,69,75
050,28,065,"Mississippi","Jefferson Davis County",2,51,138,71,67
050,28,065,"Mississippi","Jefferson Davis County",2,52,146,78,68
050,28,065,"Mississippi","Jefferson Davis County",2,53,149,74,75
050,28,065,"Mississippi","Jefferson Davis County",2,54,145,67,78
050,28,065,"Mississippi","Jefferson Davis County",2,55,140,65,75
050,28,065,"Mississippi","Jefferson Davis County",2,56,151,72,79
050,28,065,"Mississippi","Jefferson Davis County",2,57,158,71,87
050,28,065,"Mississippi","Jefferson Davis County",2,58,162,74,88
050,28,065,"Mississippi","Jefferson Davis County",2,59,166,80,86
050,28,065,"Mississippi","Jefferson Davis County",2,60,171,79,92
050,28,065,"Mississippi","Jefferson Davis County",2,61,175,82,93
050,28,065,"Mississippi","Jefferson Davis County",2,62,175,83,92
050,28,065,"Mississippi","Jefferson Davis County",2,63,171,77,94
050,28,065,"Mississippi","Jefferson Davis County",2,64,177,82,95
050,28,065,"Mississippi","Jefferson Davis County",2,65,160,80,80
050,28,065,"Mississippi","Jefferson Davis County",2,66,146,69,77
050,28,065,"Mississippi","Jefferson Davis County",2,67,148,68,80
050,28,065,"Mississippi","Jefferson Davis County",2,68,149,66,83
050,28,065,"Mississippi","Jefferson Davis County",2,69,169,79,90
050,28,065,"Mississippi","Jefferson Davis County",2,70,172,84,88
050,28,065,"Mississippi","Jefferson Davis County",2,71,163,78,85
050,28,065,"Mississippi","Jefferson Davis County",2,72,151,71,80
050,28,065,"Mississippi","Jefferson Davis County",2,73,148,68,80
050,28,065,"Mississippi","Jefferson Davis County",2,74,115,52,63
050,28,065,"Mississippi","Jefferson Davis County",2,75,113,57,56
050,28,065,"Mississippi","Jefferson Davis County",2,76,109,54,55
050,28,065,"Mississippi","Jefferson Davis County",2,77,115,49,66
050,28,065,"Mississippi","Jefferson Davis County",2,78,91,38,53
050,28,065,"Mississippi","Jefferson Davis County",2,79,76,30,46
050,28,065,"Mississippi","Jefferson Davis County",2,80,79,33,46
050,28,065,"Mississippi","Jefferson Davis County",2,81,76,34,42
050,28,065,"Mississippi","Jefferson Davis County",2,82,64,23,41
050,28,065,"Mississippi","Jefferson Davis County",2,83,55,22,33
050,28,065,"Mississippi","Jefferson Davis County",2,84,44,19,25
050,28,065,"Mississippi","Jefferson Davis County",2,85,280,84,196
050,28,065,"Mississippi","Jefferson Davis County",3,0,118,58,60
050,28,065,"Mississippi","Jefferson Davis County",3,1,101,49,52
050,28,065,"Mississippi","Jefferson Davis County",3,2,131,62,69
050,28,065,"Mississippi","Jefferson Davis County",3,3,131,63,68
050,28,065,"Mississippi","Jefferson Davis County",3,4,109,52,57
050,28,065,"Mississippi","Jefferson Davis County",3,5,124,64,60
050,28,065,"Mississippi","Jefferson Davis County",3,6,100,56,44
050,28,065,"Mississippi","Jefferson Davis County",3,7,121,56,65
050,28,065,"Mississippi","Jefferson Davis County",3,8,128,67,61
050,28,065,"Mississippi","Jefferson Davis County",3,9,119,64,55
050,28,065,"Mississippi","Jefferson Davis County",3,10,123,72,51
050,28,065,"Mississippi","Jefferson Davis County",3,11,140,75,65
050,28,065,"Mississippi","Jefferson Davis County",3,12,143,68,75
050,28,065,"Mississippi","Jefferson Davis County",3,13,136,60,76
050,28,065,"Mississippi","Jefferson Davis County",3,14,133,66,67
050,28,065,"Mississippi","Jefferson Davis County",3,15,117,57,60
050,28,065,"Mississippi","Jefferson Davis County",3,16,123,67,56
050,28,065,"Mississippi","Jefferson Davis County",3,17,114,60,54
050,28,065,"Mississippi","Jefferson Davis County",3,18,111,54,57
050,28,065,"Mississippi","Jefferson Davis County",3,19,85,42,43
050,28,065,"Mississippi","Jefferson Davis County",3,20,108,52,56
050,28,065,"Mississippi","Jefferson Davis County",3,21,124,65,59
050,28,065,"Mississippi","Jefferson Davis County",3,22,129,60,69
050,28,065,"Mississippi","Jefferson Davis County",3,23,132,62,70
050,28,065,"Mississippi","Jefferson Davis County",3,24,129,57,72
050,28,065,"Mississippi","Jefferson Davis County",3,25,138,73,65
050,28,065,"Mississippi","Jefferson Davis County",3,26,142,72,70
050,28,065,"Mississippi","Jefferson Davis County",3,27,139,66,73
050,28,065,"Mississippi","Jefferson Davis County",3,28,139,70,69
050,28,065,"Mississippi","Jefferson Davis County",3,29,120,53,67
050,28,065,"Mississippi","Jefferson Davis County",3,30,119,49,70
050,28,065,"Mississippi","Jefferson Davis County",3,31,136,65,71
050,28,065,"Mississippi","Jefferson Davis County",3,32,124,55,69
050,28,065,"Mississippi","Jefferson Davis County",3,33,109,52,57
050,28,065,"Mississippi","Jefferson Davis County",3,34,109,58,51
050,28,065,"Mississippi","Jefferson Davis County",3,35,112,53,59
050,28,065,"Mississippi","Jefferson Davis County",3,36,109,51,58
050,28,065,"Mississippi","Jefferson Davis County",3,37,98,48,50
050,28,065,"Mississippi","Jefferson Davis County",3,38,120,62,58
050,28,065,"Mississippi","Jefferson Davis County",3,39,145,68,77
050,28,065,"Mississippi","Jefferson Davis County",3,40,120,49,71
050,28,065,"Mississippi","Jefferson Davis County",3,41,134,59,75
050,28,065,"Mississippi","Jefferson Davis County",3,42,136,66,70
050,28,065,"Mississippi","Jefferson Davis County",3,43,129,64,65
050,28,065,"Mississippi","Jefferson Davis County",3,44,130,69,61
050,28,065,"Mississippi","Jefferson Davis County",3,45,119,60,59
050,28,065,"Mississippi","Jefferson Davis County",3,46,120,61,59
050,28,065,"Mississippi","Jefferson Davis County",3,47,135,66,69
050,28,065,"Mississippi","Jefferson Davis County",3,48,127,55,72
050,28,065,"Mississippi","Jefferson Davis County",3,49,137,63,74
050,28,065,"Mississippi","Jefferson Davis County",3,50,141,64,77
050,28,065,"Mississippi","Jefferson Davis County",3,51,132,56,76
050,28,065,"Mississippi","Jefferson Davis County",3,52,144,77,67
050,28,065,"Mississippi","Jefferson Davis County",3,53,151,81,70
050,28,065,"Mississippi","Jefferson Davis County",3,54,145,72,73
050,28,065,"Mississippi","Jefferson Davis County",3,55,142,69,73
050,28,065,"Mississippi","Jefferson Davis County",3,56,144,66,78
050,28,065,"Mississippi","Jefferson Davis County",3,57,148,70,78
050,28,065,"Mississippi","Jefferson Davis County",3,58,156,71,85
050,28,065,"Mississippi","Jefferson Davis County",3,59,162,75,87
050,28,065,"Mississippi","Jefferson Davis County",3,60,165,79,86
050,28,065,"Mississippi","Jefferson Davis County",3,61,162,74,88
050,28,065,"Mississippi","Jefferson Davis County",3,62,176,80,96
050,28,065,"Mississippi","Jefferson Davis County",3,63,171,83,88
050,28,065,"Mississippi","Jefferson Davis County",3,64,170,80,90
050,28,065,"Mississippi","Jefferson Davis County",3,65,176,78,98
050,28,065,"Mississippi","Jefferson Davis County",3,66,154,79,75
050,28,065,"Mississippi","Jefferson Davis County",3,67,149,72,77
050,28,065,"Mississippi","Jefferson Davis County",3,68,141,64,77
050,28,065,"Mississippi","Jefferson Davis County",3,69,146,65,81
050,28,065,"Mississippi","Jefferson Davis County",3,70,168,78,90
050,28,065,"Mississippi","Jefferson Davis County",3,71,167,79,88
050,28,065,"Mississippi","Jefferson Davis County",3,72,156,75,81
050,28,065,"Mississippi","Jefferson Davis County",3,73,146,71,75
050,28,065,"Mississippi","Jefferson Davis County",3,74,149,66,83
050,28,065,"Mississippi","Jefferson Davis County",3,75,107,48,59
050,28,065,"Mississippi","Jefferson Davis County",3,76,111,55,56
050,28,065,"Mississippi","Jefferson Davis County",3,77,104,53,51
050,28,065,"Mississippi","Jefferson Davis County",3,78,115,47,68
050,28,065,"Mississippi","Jefferson Davis County",3,79,83,37,46
050,28,065,"Mississippi","Jefferson Davis County",3,80,75,28,47
050,28,065,"Mississippi","Jefferson Davis County",3,81,73,30,43
050,28,065,"Mississippi","Jefferson Davis County",3,82,70,33,37
050,28,065,"Mississippi","Jefferson Davis County",3,83,54,20,34
050,28,065,"Mississippi","Jefferson Davis County",3,84,56,23,33
050,28,065,"Mississippi","Jefferson Davis County",3,85,279,86,193
050,28,065,"Mississippi","Jefferson Davis County",4,0,114,47,67
050,28,065,"Mississippi","Jefferson Davis County",4,1,128,64,64
050,28,065,"Mississippi","Jefferson Davis County",4,2,99,49,50
050,28,065,"Mississippi","Jefferson Davis County",4,3,125,61,64
050,28,065,"Mississippi","Jefferson Davis County",4,4,122,54,68
050,28,065,"Mississippi","Jefferson Davis County",4,5,117,59,58
050,28,065,"Mississippi","Jefferson Davis County",4,6,125,62,63
050,28,065,"Mississippi","Jefferson Davis County",4,7,101,50,51
050,28,065,"Mississippi","Jefferson Davis County",4,8,128,58,70
050,28,065,"Mississippi","Jefferson Davis County",4,9,133,70,63
050,28,065,"Mississippi","Jefferson Davis County",4,10,120,64,56
050,28,065,"Mississippi","Jefferson Davis County",4,11,115,66,49
050,28,065,"Mississippi","Jefferson Davis County",4,12,140,80,60
050,28,065,"Mississippi","Jefferson Davis County",4,13,134,64,70
050,28,065,"Mississippi","Jefferson Davis County",4,14,133,57,76
050,28,065,"Mississippi","Jefferson Davis County",4,15,133,69,64
050,28,065,"Mississippi","Jefferson Davis County",4,16,127,63,64
050,28,065,"Mississippi","Jefferson Davis County",4,17,126,65,61
050,28,065,"Mississippi","Jefferson Davis County",4,18,97,52,45
050,28,065,"Mississippi","Jefferson Davis County",4,19,98,48,50
050,28,065,"Mississippi","Jefferson Davis County",4,20,90,45,45
050,28,065,"Mississippi","Jefferson Davis County",4,21,99,47,52
050,28,065,"Mississippi","Jefferson Davis County",4,22,125,64,61
050,28,065,"Mississippi","Jefferson Davis County",4,23,134,63,71
050,28,065,"Mississippi","Jefferson Davis County",4,24,124,57,67
050,28,065,"Mississippi","Jefferson Davis County",4,25,133,65,68
050,28,065,"Mississippi","Jefferson Davis County",4,26,136,76,60
050,28,065,"Mississippi","Jefferson Davis County",4,27,140,74,66
050,28,065,"Mississippi","Jefferson Davis County",4,28,127,58,69
050,28,065,"Mississippi","Jefferson Davis County",4,29,137,67,70
050,28,065,"Mississippi","Jefferson Davis County",4,30,108,50,58
050,28,065,"Mississippi","Jefferson Davis County",4,31,124,52,72
050,28,065,"Mississippi","Jefferson Davis County",4,32,140,63,77
050,28,065,"Mississippi","Jefferson Davis County",4,33,123,57,66
050,28,065,"Mississippi","Jefferson Davis County",4,34,103,51,52
050,28,065,"Mississippi","Jefferson Davis County",4,35,105,54,51
050,28,065,"Mississippi","Jefferson Davis County",4,36,112,54,58
050,28,065,"Mississippi","Jefferson Davis County",4,37,107,52,55
050,28,065,"Mississippi","Jefferson Davis County",4,38,105,48,57
050,28,065,"Mississippi","Jefferson Davis County",4,39,117,60,57
050,28,065,"Mississippi","Jefferson Davis County",4,40,144,67,77
050,28,065,"Mississippi","Jefferson Davis County",4,41,125,54,71
050,28,065,"Mississippi","Jefferson Davis County",4,42,125,50,75
050,28,065,"Mississippi","Jefferson Davis County",4,43,136,66,70
050,28,065,"Mississippi","Jefferson Davis County",4,44,131,67,64
050,28,065,"Mississippi","Jefferson Davis County",4,45,131,68,63
050,28,065,"Mississippi","Jefferson Davis County",4,46,122,60,62
050,28,065,"Mississippi","Jefferson Davis County",4,47,119,56,63
050,28,065,"Mississippi","Jefferson Davis County",4,48,141,66,75
050,28,065,"Mississippi","Jefferson Davis County",4,49,135,57,78
050,28,065,"Mississippi","Jefferson Davis County",4,50,138,65,73
050,28,065,"Mississippi","Jefferson Davis County",4,51,140,62,78
050,28,065,"Mississippi","Jefferson Davis County",4,52,139,63,76
050,28,065,"Mississippi","Jefferson Davis County",4,53,141,73,68
050,28,065,"Mississippi","Jefferson Davis County",4,54,145,78,67
050,28,065,"Mississippi","Jefferson Davis County",4,55,146,68,78
050,28,065,"Mississippi","Jefferson Davis County",4,56,140,68,72
050,28,065,"Mississippi","Jefferson Davis County",4,57,142,66,76
050,28,065,"Mississippi","Jefferson Davis County",4,58,140,66,74
050,28,065,"Mississippi","Jefferson Davis County",4,59,151,67,84
050,28,065,"Mississippi","Jefferson Davis County",4,60,152,68,84
050,28,065,"Mississippi","Jefferson Davis County",4,61,165,80,85
050,28,065,"Mississippi","Jefferson Davis County",4,62,161,72,89
050,28,065,"Mississippi","Jefferson Davis County",4,63,171,78,93
050,28,065,"Mississippi","Jefferson Davis County",4,64,174,83,91
050,28,065,"Mississippi","Jefferson Davis County",4,65,165,76,89
050,28,065,"Mississippi","Jefferson Davis County",4,66,171,76,95
050,28,065,"Mississippi","Jefferson Davis County",4,67,158,82,76
050,28,065,"Mississippi","Jefferson Davis County",4,68,144,68,76
050,28,065,"Mississippi","Jefferson Davis County",4,69,140,65,75
050,28,065,"Mississippi","Jefferson Davis County",4,70,142,63,79
050,28,065,"Mississippi","Jefferson Davis County",4,71,164,75,89
050,28,065,"Mississippi","Jefferson Davis County",4,72,159,75,84
050,28,065,"Mississippi","Jefferson Davis County",4,73,152,75,77
050,28,065,"Mississippi","Jefferson Davis County",4,74,141,68,73
050,28,065,"Mississippi","Jefferson Davis County",4,75,138,58,80
050,28,065,"Mississippi","Jefferson Davis County",4,76,105,46,59
050,28,065,"Mississippi","Jefferson Davis County",4,77,105,53,52
050,28,065,"Mississippi","Jefferson Davis County",4,78,101,49,52
050,28,065,"Mississippi","Jefferson Davis County",4,79,107,44,63
050,28,065,"Mississippi","Jefferson Davis County",4,80,81,36,45
050,28,065,"Mississippi","Jefferson Davis County",4,81,70,26,44
050,28,065,"Mississippi","Jefferson Davis County",4,82,72,28,44
050,28,065,"Mississippi","Jefferson Davis County",4,83,56,30,26
050,28,065,"Mississippi","Jefferson Davis County",4,84,53,17,36
050,28,065,"Mississippi","Jefferson Davis County",4,85,297,95,202
050,28,065,"Mississippi","Jefferson Davis County",5,0,117,48,69
050,28,065,"Mississippi","Jefferson Davis County",5,1,123,55,68
050,28,065,"Mississippi","Jefferson Davis County",5,2,136,64,72
050,28,065,"Mississippi","Jefferson Davis County",5,3,104,51,53
050,28,065,"Mississippi","Jefferson Davis County",5,4,120,57,63
050,28,065,"Mississippi","Jefferson Davis County",5,5,121,59,62
050,28,065,"Mississippi","Jefferson Davis County",5,6,109,55,54
050,28,065,"Mississippi","Jefferson Davis County",5,7,122,58,64
050,28,065,"Mississippi","Jefferson Davis County",5,8,100,54,46
050,28,065,"Mississippi","Jefferson Davis County",5,9,130,58,72
050,28,065,"Mississippi","Jefferson Davis County",5,10,131,69,62
050,28,065,"Mississippi","Jefferson Davis County",5,11,116,61,55
050,28,065,"Mississippi","Jefferson Davis County",5,12,109,60,49
050,28,065,"Mississippi","Jefferson Davis County",5,13,138,74,64
050,28,065,"Mississippi","Jefferson Davis County",5,14,131,64,67
050,28,065,"Mississippi","Jefferson Davis County",5,15,131,56,75
050,28,065,"Mississippi","Jefferson Davis County",5,16,126,68,58
050,28,065,"Mississippi","Jefferson Davis County",5,17,120,60,60
050,28,065,"Mississippi","Jefferson Davis County",5,18,106,56,50
050,28,065,"Mississippi","Jefferson Davis County",5,19,82,45,37
050,28,065,"Mississippi","Jefferson Davis County",5,20,108,56,52
050,28,065,"Mississippi","Jefferson Davis County",5,21,95,52,43
050,28,065,"Mississippi","Jefferson Davis County",5,22,99,46,53
050,28,065,"Mississippi","Jefferson Davis County",5,23,127,69,58
050,28,065,"Mississippi","Jefferson Davis County",5,24,132,59,73
050,28,065,"Mississippi","Jefferson Davis County",5,25,124,60,64
050,28,065,"Mississippi","Jefferson Davis County",5,26,131,62,69
050,28,065,"Mississippi","Jefferson Davis County",5,27,134,79,55
050,28,065,"Mississippi","Jefferson Davis County",5,28,131,67,64
050,28,065,"Mississippi","Jefferson Davis County",5,29,136,60,76
050,28,065,"Mississippi","Jefferson Davis County",5,30,133,65,68
050,28,065,"Mississippi","Jefferson Davis County",5,31,110,50,60
050,28,065,"Mississippi","Jefferson Davis County",5,32,127,53,74
050,28,065,"Mississippi","Jefferson Davis County",5,33,133,59,74
050,28,065,"Mississippi","Jefferson Davis County",5,34,120,57,63
050,28,065,"Mississippi","Jefferson Davis County",5,35,106,55,51
050,28,065,"Mississippi","Jefferson Davis County",5,36,105,54,51
050,28,065,"Mississippi","Jefferson Davis County",5,37,113,57,56
050,28,065,"Mississippi","Jefferson Davis County",5,38,109,50,59
050,28,065,"Mississippi","Jefferson Davis County",5,39,99,44,55
050,28,065,"Mississippi","Jefferson Davis County",5,40,118,62,56
050,28,065,"Mississippi","Jefferson Davis County",5,41,147,73,74
050,28,065,"Mississippi","Jefferson Davis County",5,42,124,53,71
050,28,065,"Mississippi","Jefferson Davis County",5,43,123,50,73
050,28,065,"Mississippi","Jefferson Davis County",5,44,132,65,67
050,28,065,"Mississippi","Jefferson Davis County",5,45,128,63,65
050,28,065,"Mississippi","Jefferson Davis County",5,46,138,70,68
050,28,065,"Mississippi","Jefferson Davis County",5,47,117,61,56
050,28,065,"Mississippi","Jefferson Davis County",5,48,122,57,65
050,28,065,"Mississippi","Jefferson Davis County",5,49,132,65,67
050,28,065,"Mississippi","Jefferson Davis County",5,50,138,57,81
050,28,065,"Mississippi","Jefferson Davis County",5,51,133,59,74
050,28,065,"Mississippi","Jefferson Davis County",5,52,140,61,79
050,28,065,"Mississippi","Jefferson Davis County",5,53,135,63,72
050,28,065,"Mississippi","Jefferson Davis County",5,54,139,70,69
050,28,065,"Mississippi","Jefferson Davis County",5,55,141,73,68
050,28,065,"Mississippi","Jefferson Davis County",5,56,146,70,76
050,28,065,"Mississippi","Jefferson Davis County",5,57,136,65,71
050,28,065,"Mississippi","Jefferson Davis County",5,58,139,62,77
050,28,065,"Mississippi","Jefferson Davis County",5,59,147,68,79
050,28,065,"Mississippi","Jefferson Davis County",5,60,152,68,84
050,28,065,"Mississippi","Jefferson Davis County",5,61,146,65,81
050,28,065,"Mississippi","Jefferson Davis County",5,62,164,80,84
050,28,065,"Mississippi","Jefferson Davis County",5,63,162,71,91
050,28,065,"Mississippi","Jefferson Davis County",5,64,171,78,93
050,28,065,"Mississippi","Jefferson Davis County",5,65,177,84,93
050,28,065,"Mississippi","Jefferson Davis County",5,66,155,69,86
050,28,065,"Mississippi","Jefferson Davis County",5,67,174,79,95
050,28,065,"Mississippi","Jefferson Davis County",5,68,151,75,76
050,28,065,"Mississippi","Jefferson Davis County",5,69,143,66,77
050,28,065,"Mississippi","Jefferson Davis County",5,70,133,61,72
050,28,065,"Mississippi","Jefferson Davis County",5,71,135,59,76
050,28,065,"Mississippi","Jefferson Davis County",5,72,150,69,81
050,28,065,"Mississippi","Jefferson Davis County",5,73,155,73,82
050,28,065,"Mississippi","Jefferson Davis County",5,74,147,72,75
050,28,065,"Mississippi","Jefferson Davis County",5,75,131,62,69
050,28,065,"Mississippi","Jefferson Davis County",5,76,134,56,78
050,28,065,"Mississippi","Jefferson Davis County",5,77,103,46,57
050,28,065,"Mississippi","Jefferson Davis County",5,78,104,50,54
050,28,065,"Mississippi","Jefferson Davis County",5,79,93,46,47
050,28,065,"Mississippi","Jefferson Davis County",5,80,100,39,61
050,28,065,"Mississippi","Jefferson Davis County",5,81,77,34,43
050,28,065,"Mississippi","Jefferson Davis County",5,82,69,25,44
050,28,065,"Mississippi","Jefferson Davis County",5,83,63,26,37
050,28,065,"Mississippi","Jefferson Davis County",5,84,58,31,27
050,28,065,"Mississippi","Jefferson Davis County",5,85,303,96,207
050,28,067,"Mississippi","Jones County",1,0,898,459,439
050,28,067,"Mississippi","Jones County",1,1,881,450,431
050,28,067,"Mississippi","Jones County",1,2,908,478,430
050,28,067,"Mississippi","Jones County",1,3,881,445,436
050,28,067,"Mississippi","Jones County",1,4,979,490,489
050,28,067,"Mississippi","Jones County",1,5,953,486,467
050,28,067,"Mississippi","Jones County",1,6,906,486,420
050,28,067,"Mississippi","Jones County",1,7,948,499,449
050,28,067,"Mississippi","Jones County",1,8,936,472,464
050,28,067,"Mississippi","Jones County",1,9,942,501,441
050,28,067,"Mississippi","Jones County",1,10,959,500,459
050,28,067,"Mississippi","Jones County",1,11,1028,520,508
050,28,067,"Mississippi","Jones County",1,12,1056,566,490
050,28,067,"Mississippi","Jones County",1,13,1054,544,510
050,28,067,"Mississippi","Jones County",1,14,1039,512,527
050,28,067,"Mississippi","Jones County",1,15,985,515,470
050,28,067,"Mississippi","Jones County",1,16,930,488,442
050,28,067,"Mississippi","Jones County",1,17,951,476,475
050,28,067,"Mississippi","Jones County",1,18,994,500,494
050,28,067,"Mississippi","Jones County",1,19,1067,525,542
050,28,067,"Mississippi","Jones County",1,20,921,455,466
050,28,067,"Mississippi","Jones County",1,21,767,387,380
050,28,067,"Mississippi","Jones County",1,22,735,392,343
050,28,067,"Mississippi","Jones County",1,23,774,419,355
050,28,067,"Mississippi","Jones County",1,24,723,365,358
050,28,067,"Mississippi","Jones County",1,25,783,380,403
050,28,067,"Mississippi","Jones County",1,26,795,391,404
050,28,067,"Mississippi","Jones County",1,27,754,365,389
050,28,067,"Mississippi","Jones County",1,28,843,428,415
050,28,067,"Mississippi","Jones County",1,29,875,410,465
050,28,067,"Mississippi","Jones County",1,30,828,396,432
050,28,067,"Mississippi","Jones County",1,31,758,357,401
050,28,067,"Mississippi","Jones County",1,32,753,361,392
050,28,067,"Mississippi","Jones County",1,33,748,341,407
050,28,067,"Mississippi","Jones County",1,34,794,370,424
050,28,067,"Mississippi","Jones County",1,35,833,388,445
050,28,067,"Mississippi","Jones County",1,36,871,399,472
050,28,067,"Mississippi","Jones County",1,37,872,409,463
050,28,067,"Mississippi","Jones County",1,38,861,424,437
050,28,067,"Mississippi","Jones County",1,39,856,436,420
050,28,067,"Mississippi","Jones County",1,40,849,433,416
050,28,067,"Mississippi","Jones County",1,41,801,390,411
050,28,067,"Mississippi","Jones County",1,42,742,344,398
050,28,067,"Mississippi","Jones County",1,43,755,367,388
050,28,067,"Mississippi","Jones County",1,44,710,352,358
050,28,067,"Mississippi","Jones County",1,45,724,349,375
050,28,067,"Mississippi","Jones County",1,46,717,357,360
050,28,067,"Mississippi","Jones County",1,47,759,379,380
050,28,067,"Mississippi","Jones County",1,48,788,409,379
050,28,067,"Mississippi","Jones County",1,49,825,414,411
050,28,067,"Mississippi","Jones County",1,50,852,443,409
050,28,067,"Mississippi","Jones County",1,51,802,399,403
050,28,067,"Mississippi","Jones County",1,52,727,365,362
050,28,067,"Mississippi","Jones County",1,53,775,381,394
050,28,067,"Mississippi","Jones County",1,54,772,395,377
050,28,067,"Mississippi","Jones County",1,55,792,397,395
050,28,067,"Mississippi","Jones County",1,56,833,401,432
050,28,067,"Mississippi","Jones County",1,57,856,416,440
050,28,067,"Mississippi","Jones County",1,58,893,414,479
050,28,067,"Mississippi","Jones County",1,59,882,424,458
050,28,067,"Mississippi","Jones County",1,60,888,433,455
050,28,067,"Mississippi","Jones County",1,61,901,443,458
050,28,067,"Mississippi","Jones County",1,62,914,454,460
050,28,067,"Mississippi","Jones County",1,63,874,410,464
050,28,067,"Mississippi","Jones County",1,64,845,393,452
050,28,067,"Mississippi","Jones County",1,65,834,410,424
050,28,067,"Mississippi","Jones County",1,66,798,381,417
050,28,067,"Mississippi","Jones County",1,67,724,326,398
050,28,067,"Mississippi","Jones County",1,68,708,325,383
050,28,067,"Mississippi","Jones County",1,69,702,327,375
050,28,067,"Mississippi","Jones County",1,70,684,322,362
050,28,067,"Mississippi","Jones County",1,71,662,297,365
050,28,067,"Mississippi","Jones County",1,72,655,304,351
050,28,067,"Mississippi","Jones County",1,73,669,335,334
050,28,067,"Mississippi","Jones County",1,74,462,216,246
050,28,067,"Mississippi","Jones County",1,75,443,213,230
050,28,067,"Mississippi","Jones County",1,76,455,207,248
050,28,067,"Mississippi","Jones County",1,77,457,207,250
050,28,067,"Mississippi","Jones County",1,78,364,160,204
050,28,067,"Mississippi","Jones County",1,79,339,137,202
050,28,067,"Mississippi","Jones County",1,80,305,126,179
050,28,067,"Mississippi","Jones County",1,81,291,117,174
050,28,067,"Mississippi","Jones County",1,82,255,95,160
050,28,067,"Mississippi","Jones County",1,83,244,95,149
050,28,067,"Mississippi","Jones County",1,84,248,104,144
050,28,067,"Mississippi","Jones County",1,85,1230,408,822
050,28,067,"Mississippi","Jones County",2,0,874,449,425
050,28,067,"Mississippi","Jones County",2,1,881,450,431
050,28,067,"Mississippi","Jones County",2,2,898,471,427
050,28,067,"Mississippi","Jones County",2,3,882,450,432
050,28,067,"Mississippi","Jones County",2,4,954,479,475
050,28,067,"Mississippi","Jones County",2,5,957,486,471
050,28,067,"Mississippi","Jones County",2,6,919,486,433
050,28,067,"Mississippi","Jones County",2,7,935,492,443
050,28,067,"Mississippi","Jones County",2,8,933,476,457
050,28,067,"Mississippi","Jones County",2,9,938,493,445
050,28,067,"Mississippi","Jones County",2,10,952,499,453
050,28,067,"Mississippi","Jones County",2,11,1003,510,493
050,28,067,"Mississippi","Jones County",2,12,1052,556,496
050,28,067,"Mississippi","Jones County",2,13,1053,548,505
050,28,067,"Mississippi","Jones County",2,14,1040,518,522
050,28,067,"Mississippi","Jones County",2,15,998,513,485
050,28,067,"Mississippi","Jones County",2,16,950,498,452
050,28,067,"Mississippi","Jones County",2,17,955,484,471
050,28,067,"Mississippi","Jones County",2,18,990,496,494
050,28,067,"Mississippi","Jones County",2,19,1063,521,542
050,28,067,"Mississippi","Jones County",2,20,935,462,473
050,28,067,"Mississippi","Jones County",2,21,777,393,384
050,28,067,"Mississippi","Jones County",2,22,738,386,352
050,28,067,"Mississippi","Jones County",2,23,764,410,354
050,28,067,"Mississippi","Jones County",2,24,730,372,358
050,28,067,"Mississippi","Jones County",2,25,768,379,389
050,28,067,"Mississippi","Jones County",2,26,790,388,402
050,28,067,"Mississippi","Jones County",2,27,760,367,393
050,28,067,"Mississippi","Jones County",2,28,823,415,408
050,28,067,"Mississippi","Jones County",2,29,863,412,451
050,28,067,"Mississippi","Jones County",2,30,838,398,440
050,28,067,"Mississippi","Jones County",2,31,773,368,405
050,28,067,"Mississippi","Jones County",2,32,750,360,390
050,28,067,"Mississippi","Jones County",2,33,746,344,402
050,28,067,"Mississippi","Jones County",2,34,787,366,421
050,28,067,"Mississippi","Jones County",2,35,827,387,440
050,28,067,"Mississippi","Jones County",2,36,852,391,461
050,28,067,"Mississippi","Jones County",2,37,874,410,464
050,28,067,"Mississippi","Jones County",2,38,860,418,442
050,28,067,"Mississippi","Jones County",2,39,853,431,422
050,28,067,"Mississippi","Jones County",2,40,858,435,423
050,28,067,"Mississippi","Jones County",2,41,815,402,413
050,28,067,"Mississippi","Jones County",2,42,747,349,398
050,28,067,"Mississippi","Jones County",2,43,756,364,392
050,28,067,"Mississippi","Jones County",2,44,714,350,364
050,28,067,"Mississippi","Jones County",2,45,722,351,371
050,28,067,"Mississippi","Jones County",2,46,712,349,363
050,28,067,"Mississippi","Jones County",2,47,745,373,372
050,28,067,"Mississippi","Jones County",2,48,780,402,378
050,28,067,"Mississippi","Jones County",2,49,817,414,403
050,28,067,"Mississippi","Jones County",2,50,846,438,408
050,28,067,"Mississippi","Jones County",2,51,811,406,405
050,28,067,"Mississippi","Jones County",2,52,746,373,373
050,28,067,"Mississippi","Jones County",2,53,758,373,385
050,28,067,"Mississippi","Jones County",2,54,774,393,381
050,28,067,"Mississippi","Jones County",2,55,789,397,392
050,28,067,"Mississippi","Jones County",2,56,830,403,427
050,28,067,"Mississippi","Jones County",2,57,849,413,436
050,28,067,"Mississippi","Jones County",2,58,885,415,470
050,28,067,"Mississippi","Jones County",2,59,886,421,465
050,28,067,"Mississippi","Jones County",2,60,881,429,452
050,28,067,"Mississippi","Jones County",2,61,888,433,455
050,28,067,"Mississippi","Jones County",2,62,907,449,458
050,28,067,"Mississippi","Jones County",2,63,887,422,465
050,28,067,"Mississippi","Jones County",2,64,847,393,454
050,28,067,"Mississippi","Jones County",2,65,831,402,429
050,28,067,"Mississippi","Jones County",2,66,801,385,416
050,28,067,"Mississippi","Jones County",2,67,739,339,400
050,28,067,"Mississippi","Jones County",2,68,703,319,384
050,28,067,"Mississippi","Jones County",2,69,708,328,380
050,28,067,"Mississippi","Jones County",2,70,682,320,362
050,28,067,"Mississippi","Jones County",2,71,667,301,366
050,28,067,"Mississippi","Jones County",2,72,644,297,347
050,28,067,"Mississippi","Jones County",2,73,695,342,353
050,28,067,"Mississippi","Jones County",2,74,480,229,251
050,28,067,"Mississippi","Jones County",2,75,445,214,231
050,28,067,"Mississippi","Jones County",2,76,447,205,242
050,28,067,"Mississippi","Jones County",2,77,462,210,252
050,28,067,"Mississippi","Jones County",2,78,371,162,209
050,28,067,"Mississippi","Jones County",2,79,338,138,200
050,28,067,"Mississippi","Jones County",2,80,306,125,181
050,28,067,"Mississippi","Jones County",2,81,284,116,168
050,28,067,"Mississippi","Jones County",2,82,259,99,160
050,28,067,"Mississippi","Jones County",2,83,240,91,149
050,28,067,"Mississippi","Jones County",2,84,237,99,138
050,28,067,"Mississippi","Jones County",2,85,1239,416,823
050,28,067,"Mississippi","Jones County",3,0,874,447,427
050,28,067,"Mississippi","Jones County",3,1,860,435,425
050,28,067,"Mississippi","Jones County",3,2,852,431,421
050,28,067,"Mississippi","Jones County",3,3,877,452,425
050,28,067,"Mississippi","Jones County",3,4,874,437,437
050,28,067,"Mississippi","Jones County",3,5,957,482,475
050,28,067,"Mississippi","Jones County",3,6,937,477,460
050,28,067,"Mississippi","Jones County",3,7,908,460,448
050,28,067,"Mississippi","Jones County",3,8,914,486,428
050,28,067,"Mississippi","Jones County",3,9,928,469,459
050,28,067,"Mississippi","Jones County",3,10,932,481,451
050,28,067,"Mississippi","Jones County",3,11,946,501,445
050,28,067,"Mississippi","Jones County",3,12,1009,514,495
050,28,067,"Mississippi","Jones County",3,13,1034,539,495
050,28,067,"Mississippi","Jones County",3,14,1049,542,507
050,28,067,"Mississippi","Jones County",3,15,1036,522,514
050,28,067,"Mississippi","Jones County",3,16,985,503,482
050,28,067,"Mississippi","Jones County",3,17,955,502,453
050,28,067,"Mississippi","Jones County",3,18,965,487,478
050,28,067,"Mississippi","Jones County",3,19,1059,519,540
050,28,067,"Mississippi","Jones County",3,20,950,472,478
050,28,067,"Mississippi","Jones County",3,21,846,444,402
050,28,067,"Mississippi","Jones County",3,22,753,365,388
050,28,067,"Mississippi","Jones County",3,23,762,390,372
050,28,067,"Mississippi","Jones County",3,24,759,402,357
050,28,067,"Mississippi","Jones County",3,25,717,373,344
050,28,067,"Mississippi","Jones County",3,26,762,388,374
050,28,067,"Mississippi","Jones County",3,27,774,379,395
050,28,067,"Mississippi","Jones County",3,28,762,382,380
050,28,067,"Mississippi","Jones County",3,29,801,405,396
050,28,067,"Mississippi","Jones County",3,30,853,412,441
050,28,067,"Mississippi","Jones County",3,31,860,405,455
050,28,067,"Mississippi","Jones County",3,32,761,361,400
050,28,067,"Mississippi","Jones County",3,33,753,368,385
050,28,067,"Mississippi","Jones County",3,34,752,342,410
050,28,067,"Mississippi","Jones County",3,35,792,369,423
050,28,067,"Mississippi","Jones County",3,36,836,392,444
050,28,067,"Mississippi","Jones County",3,37,848,389,459
050,28,067,"Mississippi","Jones County",3,38,861,403,458
050,28,067,"Mississippi","Jones County",3,39,848,407,441
050,28,067,"Mississippi","Jones County",3,40,846,424,422
050,28,067,"Mississippi","Jones County",3,41,847,435,412
050,28,067,"Mississippi","Jones County",3,42,797,382,415
050,28,067,"Mississippi","Jones County",3,43,718,327,391
050,28,067,"Mississippi","Jones County",3,44,754,366,388
050,28,067,"Mississippi","Jones County",3,45,699,348,351
050,28,067,"Mississippi","Jones County",3,46,712,336,376
050,28,067,"Mississippi","Jones County",3,47,702,348,354
050,28,067,"Mississippi","Jones County",3,48,731,369,362
050,28,067,"Mississippi","Jones County",3,49,768,383,385
050,28,067,"Mississippi","Jones County",3,50,838,421,417
050,28,067,"Mississippi","Jones County",3,51,854,442,412
050,28,067,"Mississippi","Jones County",3,52,809,411,398
050,28,067,"Mississippi","Jones County",3,53,738,369,369
050,28,067,"Mississippi","Jones County",3,54,756,375,381
050,28,067,"Mississippi","Jones County",3,55,750,380,370
050,28,067,"Mississippi","Jones County",3,56,797,399,398
050,28,067,"Mississippi","Jones County",3,57,810,398,412
050,28,067,"Mississippi","Jones County",3,58,829,399,430
050,28,067,"Mississippi","Jones County",3,59,870,401,469
050,28,067,"Mississippi","Jones County",3,60,893,424,469
050,28,067,"Mississippi","Jones County",3,61,878,437,441
050,28,067,"Mississippi","Jones County",3,62,888,436,452
050,28,067,"Mississippi","Jones County",3,63,897,440,457
050,28,067,"Mississippi","Jones County",3,64,871,424,447
050,28,067,"Mississippi","Jones County",3,65,823,380,443
050,28,067,"Mississippi","Jones County",3,66,812,387,425
050,28,067,"Mississippi","Jones County",3,67,787,388,399
050,28,067,"Mississippi","Jones County",3,68,722,327,395
050,28,067,"Mississippi","Jones County",3,69,684,304,380
050,28,067,"Mississippi","Jones County",3,70,682,317,365
050,28,067,"Mississippi","Jones County",3,71,666,307,359
050,28,067,"Mississippi","Jones County",3,72,649,294,355
050,28,067,"Mississippi","Jones County",3,73,611,283,328
050,28,067,"Mississippi","Jones County",3,74,695,333,362
050,28,067,"Mississippi","Jones County",3,75,462,226,236
050,28,067,"Mississippi","Jones County",3,76,428,206,222
050,28,067,"Mississippi","Jones County",3,77,434,201,233
050,28,067,"Mississippi","Jones County",3,78,435,196,239
050,28,067,"Mississippi","Jones County",3,79,352,150,202
050,28,067,"Mississippi","Jones County",3,80,318,126,192
050,28,067,"Mississippi","Jones County",3,81,278,107,171
050,28,067,"Mississippi","Jones County",3,82,257,103,154
050,28,067,"Mississippi","Jones County",3,83,233,84,149
050,28,067,"Mississippi","Jones County",3,84,201,74,127
050,28,067,"Mississippi","Jones County",3,85,1231,429,802
050,28,067,"Mississippi","Jones County",4,0,909,462,447
050,28,067,"Mississippi","Jones County",4,1,878,426,452
050,28,067,"Mississippi","Jones County",4,2,851,439,412
050,28,067,"Mississippi","Jones County",4,3,846,423,423
050,28,067,"Mississippi","Jones County",4,4,875,460,415
050,28,067,"Mississippi","Jones County",4,5,875,443,432
050,28,067,"Mississippi","Jones County",4,6,929,469,460
050,28,067,"Mississippi","Jones County",4,7,923,465,458
050,28,067,"Mississippi","Jones County",4,8,911,467,444
050,28,067,"Mississippi","Jones County",4,9,923,485,438
050,28,067,"Mississippi","Jones County",4,10,926,467,459
050,28,067,"Mississippi","Jones County",4,11,928,477,451
050,28,067,"Mississippi","Jones County",4,12,927,489,438
050,28,067,"Mississippi","Jones County",4,13,990,503,487
050,28,067,"Mississippi","Jones County",4,14,1010,522,488
050,28,067,"Mississippi","Jones County",4,15,1034,530,504
050,28,067,"Mississippi","Jones County",4,16,1020,510,510
050,28,067,"Mississippi","Jones County",4,17,972,483,489
050,28,067,"Mississippi","Jones County",4,18,967,500,467
050,28,067,"Mississippi","Jones County",4,19,1002,496,506
050,28,067,"Mississippi","Jones County",4,20,935,479,456
050,28,067,"Mississippi","Jones County",4,21,846,430,416
050,28,067,"Mississippi","Jones County",4,22,833,430,403
050,28,067,"Mississippi","Jones County",4,23,787,367,420
050,28,067,"Mississippi","Jones County",4,24,794,405,389
050,28,067,"Mississippi","Jones County",4,25,723,376,347
050,28,067,"Mississippi","Jones County",4,26,716,364,352
050,28,067,"Mississippi","Jones County",4,27,754,387,367
050,28,067,"Mississippi","Jones County",4,28,783,384,399
050,28,067,"Mississippi","Jones County",4,29,726,357,369
050,28,067,"Mississippi","Jones County",4,30,799,415,384
050,28,067,"Mississippi","Jones County",4,31,854,411,443
050,28,067,"Mississippi","Jones County",4,32,839,393,446
050,28,067,"Mississippi","Jones County",4,33,754,351,403
050,28,067,"Mississippi","Jones County",4,34,751,365,386
050,28,067,"Mississippi","Jones County",4,35,735,325,410
050,28,067,"Mississippi","Jones County",4,36,777,348,429
050,28,067,"Mississippi","Jones County",4,37,851,406,445
050,28,067,"Mississippi","Jones County",4,38,850,386,464
050,28,067,"Mississippi","Jones County",4,39,851,396,455
050,28,067,"Mississippi","Jones County",4,40,848,403,445
050,28,067,"Mississippi","Jones County",4,41,827,412,415
050,28,067,"Mississippi","Jones County",4,42,836,430,406
050,28,067,"Mississippi","Jones County",4,43,784,381,403
050,28,067,"Mississippi","Jones County",4,44,724,334,390
050,28,067,"Mississippi","Jones County",4,45,759,368,391
050,28,067,"Mississippi","Jones County",4,46,691,331,360
050,28,067,"Mississippi","Jones County",4,47,687,328,359
050,28,067,"Mississippi","Jones County",4,48,686,338,348
050,28,067,"Mississippi","Jones County",4,49,728,373,355
050,28,067,"Mississippi","Jones County",4,50,760,378,382
050,28,067,"Mississippi","Jones County",4,51,840,429,411
050,28,067,"Mississippi","Jones County",4,52,851,442,409
050,28,067,"Mississippi","Jones County",4,53,797,403,394
050,28,067,"Mississippi","Jones County",4,54,749,383,366
050,28,067,"Mississippi","Jones County",4,55,725,352,373
050,28,067,"Mississippi","Jones County",4,56,749,370,379
050,28,067,"Mississippi","Jones County",4,57,791,393,398
050,28,067,"Mississippi","Jones County",4,58,805,388,417
050,28,067,"Mississippi","Jones County",4,59,824,392,432
050,28,067,"Mississippi","Jones County",4,60,857,400,457
050,28,067,"Mississippi","Jones County",4,61,877,427,450
050,28,067,"Mississippi","Jones County",4,62,889,437,452
050,28,067,"Mississippi","Jones County",4,63,876,425,451
050,28,067,"Mississippi","Jones County",4,64,872,429,443
050,28,067,"Mississippi","Jones County",4,65,865,418,447
050,28,067,"Mississippi","Jones County",4,66,807,374,433
050,28,067,"Mississippi","Jones County",4,67,800,383,417
050,28,067,"Mississippi","Jones County",4,68,776,384,392
050,28,067,"Mississippi","Jones County",4,69,700,314,386
050,28,067,"Mississippi","Jones County",4,70,652,287,365
050,28,067,"Mississippi","Jones County",4,71,674,300,374
050,28,067,"Mississippi","Jones County",4,72,641,296,345
050,28,067,"Mississippi","Jones County",4,73,619,278,341
050,28,067,"Mississippi","Jones County",4,74,597,271,326
050,28,067,"Mississippi","Jones County",4,75,683,331,352
050,28,067,"Mississippi","Jones County",4,76,444,217,227
050,28,067,"Mississippi","Jones County",4,77,402,197,205
050,28,067,"Mississippi","Jones County",4,78,404,182,222
050,28,067,"Mississippi","Jones County",4,79,411,179,232
050,28,067,"Mississippi","Jones County",4,80,325,137,188
050,28,067,"Mississippi","Jones County",4,81,288,109,179
050,28,067,"Mississippi","Jones County",4,82,250,94,156
050,28,067,"Mississippi","Jones County",4,83,231,87,144
050,28,067,"Mississippi","Jones County",4,84,197,71,126
050,28,067,"Mississippi","Jones County",4,85,1188,412,776
050,28,067,"Mississippi","Jones County",5,0,906,458,448
050,28,067,"Mississippi","Jones County",5,1,909,458,451
050,28,067,"Mississippi","Jones County",5,2,865,422,443
050,28,067,"Mississippi","Jones County",5,3,853,437,416
050,28,067,"Mississippi","Jones County",5,4,846,422,424
050,28,067,"Mississippi","Jones County",5,5,858,442,416
050,28,067,"Mississippi","Jones County",5,6,858,424,434
050,28,067,"Mississippi","Jones County",5,7,911,454,457
050,28,067,"Mississippi","Jones County",5,8,896,446,450
050,28,067,"Mississippi","Jones County",5,9,906,465,441
050,28,067,"Mississippi","Jones County",5,10,908,474,434
050,28,067,"Mississippi","Jones County",5,11,913,461,452
050,28,067,"Mississippi","Jones County",5,12,913,465,448
050,28,067,"Mississippi","Jones County",5,13,927,498,429
050,28,067,"Mississippi","Jones County",5,14,997,506,491
050,28,067,"Mississippi","Jones County",5,15,1006,518,488
050,28,067,"Mississippi","Jones County",5,16,1020,521,499
050,28,067,"Mississippi","Jones County",5,17,1043,528,515
050,28,067,"Mississippi","Jones County",5,18,1014,508,506
050,28,067,"Mississippi","Jones County",5,19,1014,509,505
050,28,067,"Mississippi","Jones County",5,20,879,447,432
050,28,067,"Mississippi","Jones County",5,21,831,439,392
050,28,067,"Mississippi","Jones County",5,22,843,413,430
050,28,067,"Mississippi","Jones County",5,23,851,426,425
050,28,067,"Mississippi","Jones County",5,24,785,362,423
050,28,067,"Mississippi","Jones County",5,25,784,395,389
050,28,067,"Mississippi","Jones County",5,26,711,368,343
050,28,067,"Mississippi","Jones County",5,27,712,359,353
050,28,067,"Mississippi","Jones County",5,28,745,390,355
050,28,067,"Mississippi","Jones County",5,29,752,365,387
050,28,067,"Mississippi","Jones County",5,30,686,330,356
050,28,067,"Mississippi","Jones County",5,31,794,401,393
050,28,067,"Mississippi","Jones County",5,32,853,409,444
050,28,067,"Mississippi","Jones County",5,33,817,381,436
050,28,067,"Mississippi","Jones County",5,34,753,348,405
050,28,067,"Mississippi","Jones County",5,35,742,364,378
050,28,067,"Mississippi","Jones County",5,36,712,318,394
050,28,067,"Mississippi","Jones County",5,37,769,345,424
050,28,067,"Mississippi","Jones County",5,38,838,392,446
050,28,067,"Mississippi","Jones County",5,39,850,397,453
050,28,067,"Mississippi","Jones County",5,40,857,396,461
050,28,067,"Mississippi","Jones County",5,41,841,415,426
050,28,067,"Mississippi","Jones County",5,42,806,388,418
050,28,067,"Mississippi","Jones County",5,43,853,454,399
050,28,067,"Mississippi","Jones County",5,44,777,373,404
050,28,067,"Mississippi","Jones County",5,45,733,346,387
050,28,067,"Mississippi","Jones County",5,46,775,363,412
050,28,067,"Mississippi","Jones County",5,47,671,320,351
050,28,067,"Mississippi","Jones County",5,48,691,335,356
050,28,067,"Mississippi","Jones County",5,49,695,346,349
050,28,067,"Mississippi","Jones County",5,50,751,390,361
050,28,067,"Mississippi","Jones County",5,51,772,381,391
050,28,067,"Mississippi","Jones County",5,52,845,438,407
050,28,067,"Mississippi","Jones County",5,53,839,434,405
050,28,067,"Mississippi","Jones County",5,54,817,416,401
050,28,067,"Mississippi","Jones County",5,55,709,353,356
050,28,067,"Mississippi","Jones County",5,56,724,343,381
050,28,067,"Mississippi","Jones County",5,57,749,379,370
050,28,067,"Mississippi","Jones County",5,58,779,384,395
050,28,067,"Mississippi","Jones County",5,59,785,375,410
050,28,067,"Mississippi","Jones County",5,60,812,393,419
050,28,067,"Mississippi","Jones County",5,61,863,404,459
050,28,067,"Mississippi","Jones County",5,62,875,432,443
050,28,067,"Mississippi","Jones County",5,63,869,423,446
050,28,067,"Mississippi","Jones County",5,64,850,418,432
050,28,067,"Mississippi","Jones County",5,65,867,433,434
050,28,067,"Mississippi","Jones County",5,66,844,403,441
050,28,067,"Mississippi","Jones County",5,67,796,368,428
050,28,067,"Mississippi","Jones County",5,68,793,372,421
050,28,067,"Mississippi","Jones County",5,69,764,377,387
050,28,067,"Mississippi","Jones County",5,70,679,307,372
050,28,067,"Mississippi","Jones County",5,71,637,270,367
050,28,067,"Mississippi","Jones County",5,72,660,299,361
050,28,067,"Mississippi","Jones County",5,73,614,282,332
050,28,067,"Mississippi","Jones County",5,74,610,268,342
050,28,067,"Mississippi","Jones County",5,75,577,270,307
050,28,067,"Mississippi","Jones County",5,76,663,320,343
050,28,067,"Mississippi","Jones County",5,77,426,206,220
050,28,067,"Mississippi","Jones County",5,78,379,184,195
050,28,067,"Mississippi","Jones County",5,79,384,170,214
050,28,067,"Mississippi","Jones County",5,80,387,168,219
050,28,067,"Mississippi","Jones County",5,81,300,120,180
050,28,067,"Mississippi","Jones County",5,82,262,101,161
050,28,067,"Mississippi","Jones County",5,83,226,78,148
050,28,067,"Mississippi","Jones County",5,84,196,72,124
050,28,067,"Mississippi","Jones County",5,85,1178,414,764
050,28,069,"Mississippi","Kemper County",1,0,77,39,38
050,28,069,"Mississippi","Kemper County",1,1,84,40,44
050,28,069,"Mississippi","Kemper County",1,2,86,43,43
050,28,069,"Mississippi","Kemper County",1,3,89,37,52
050,28,069,"Mississippi","Kemper County",1,4,87,41,46
050,28,069,"Mississippi","Kemper County",1,5,76,45,31
050,28,069,"Mississippi","Kemper County",1,6,75,39,36
050,28,069,"Mississippi","Kemper County",1,7,75,38,37
050,28,069,"Mississippi","Kemper County",1,8,86,42,44
050,28,069,"Mississippi","Kemper County",1,9,90,46,44
050,28,069,"Mississippi","Kemper County",1,10,100,49,51
050,28,069,"Mississippi","Kemper County",1,11,103,53,50
050,28,069,"Mississippi","Kemper County",1,12,116,60,56
050,28,069,"Mississippi","Kemper County",1,13,119,67,52
050,28,069,"Mississippi","Kemper County",1,14,109,58,51
050,28,069,"Mississippi","Kemper County",1,15,98,52,46
050,28,069,"Mississippi","Kemper County",1,16,105,63,42
050,28,069,"Mississippi","Kemper County",1,17,93,53,40
050,28,069,"Mississippi","Kemper County",1,18,165,81,84
050,28,069,"Mississippi","Kemper County",1,19,308,169,139
050,28,069,"Mississippi","Kemper County",1,20,224,129,95
050,28,069,"Mississippi","Kemper County",1,21,135,76,59
050,28,069,"Mississippi","Kemper County",1,22,102,52,50
050,28,069,"Mississippi","Kemper County",1,23,109,55,54
050,28,069,"Mississippi","Kemper County",1,24,122,67,55
050,28,069,"Mississippi","Kemper County",1,25,106,60,46
050,28,069,"Mississippi","Kemper County",1,26,126,70,56
050,28,069,"Mississippi","Kemper County",1,27,114,63,51
050,28,069,"Mississippi","Kemper County",1,28,110,60,50
050,28,069,"Mississippi","Kemper County",1,29,109,58,51
050,28,069,"Mississippi","Kemper County",1,30,123,67,56
050,28,069,"Mississippi","Kemper County",1,31,124,72,52
050,28,069,"Mississippi","Kemper County",1,32,86,47,39
050,28,069,"Mississippi","Kemper County",1,33,83,45,38
050,28,069,"Mississippi","Kemper County",1,34,74,34,40
050,28,069,"Mississippi","Kemper County",1,35,99,50,49
050,28,069,"Mississippi","Kemper County",1,36,93,56,37
050,28,069,"Mississippi","Kemper County",1,37,103,64,39
050,28,069,"Mississippi","Kemper County",1,38,91,55,36
050,28,069,"Mississippi","Kemper County",1,39,98,55,43
050,28,069,"Mississippi","Kemper County",1,40,99,53,46
050,28,069,"Mississippi","Kemper County",1,41,95,51,44
050,28,069,"Mississippi","Kemper County",1,42,85,42,43
050,28,069,"Mississippi","Kemper County",1,43,88,49,39
050,28,069,"Mississippi","Kemper County",1,44,105,53,52
050,28,069,"Mississippi","Kemper County",1,45,113,51,62
050,28,069,"Mississippi","Kemper County",1,46,102,46,56
050,28,069,"Mississippi","Kemper County",1,47,105,48,57
050,28,069,"Mississippi","Kemper County",1,48,114,56,58
050,28,069,"Mississippi","Kemper County",1,49,111,54,57
050,28,069,"Mississippi","Kemper County",1,50,103,50,53
050,28,069,"Mississippi","Kemper County",1,51,111,54,57
050,28,069,"Mississippi","Kemper County",1,52,103,48,55
050,28,069,"Mississippi","Kemper County",1,53,105,52,53
050,28,069,"Mississippi","Kemper County",1,54,111,52,59
050,28,069,"Mississippi","Kemper County",1,55,113,54,59
050,28,069,"Mississippi","Kemper County",1,56,99,38,61
050,28,069,"Mississippi","Kemper County",1,57,116,56,60
050,28,069,"Mississippi","Kemper County",1,58,126,59,67
050,28,069,"Mississippi","Kemper County",1,59,118,51,67
050,28,069,"Mississippi","Kemper County",1,60,108,53,55
050,28,069,"Mississippi","Kemper County",1,61,125,59,66
050,28,069,"Mississippi","Kemper County",1,62,122,61,61
050,28,069,"Mississippi","Kemper County",1,63,117,54,63
050,28,069,"Mississippi","Kemper County",1,64,123,55,68
050,28,069,"Mississippi","Kemper County",1,65,108,54,54
050,28,069,"Mississippi","Kemper County",1,66,111,54,57
050,28,069,"Mississippi","Kemper County",1,67,114,57,57
050,28,069,"Mississippi","Kemper County",1,68,117,59,58
050,28,069,"Mississippi","Kemper County",1,69,105,53,52
050,28,069,"Mississippi","Kemper County",1,70,102,51,51
050,28,069,"Mississippi","Kemper County",1,71,86,43,43
050,28,069,"Mississippi","Kemper County",1,72,110,54,56
050,28,069,"Mississippi","Kemper County",1,73,117,56,61
050,28,069,"Mississippi","Kemper County",1,74,76,35,41
050,28,069,"Mississippi","Kemper County",1,75,71,34,37
050,28,069,"Mississippi","Kemper County",1,76,71,33,38
050,28,069,"Mississippi","Kemper County",1,77,67,29,38
050,28,069,"Mississippi","Kemper County",1,78,61,28,33
050,28,069,"Mississippi","Kemper County",1,79,53,23,30
050,28,069,"Mississippi","Kemper County",1,80,47,20,27
050,28,069,"Mississippi","Kemper County",1,81,53,25,28
050,28,069,"Mississippi","Kemper County",1,82,59,20,39
050,28,069,"Mississippi","Kemper County",1,83,47,18,29
050,28,069,"Mississippi","Kemper County",1,84,49,22,27
050,28,069,"Mississippi","Kemper County",1,85,270,93,177
050,28,069,"Mississippi","Kemper County",2,0,75,40,35
050,28,069,"Mississippi","Kemper County",2,1,83,40,43
050,28,069,"Mississippi","Kemper County",2,2,88,43,45
050,28,069,"Mississippi","Kemper County",2,3,88,38,50
050,28,069,"Mississippi","Kemper County",2,4,89,41,48
050,28,069,"Mississippi","Kemper County",2,5,79,45,34
050,28,069,"Mississippi","Kemper County",2,6,76,41,35
050,28,069,"Mississippi","Kemper County",2,7,74,37,37
050,28,069,"Mississippi","Kemper County",2,8,83,41,42
050,28,069,"Mississippi","Kemper County",2,9,88,44,44
050,28,069,"Mississippi","Kemper County",2,10,96,48,48
050,28,069,"Mississippi","Kemper County",2,11,102,52,50
050,28,069,"Mississippi","Kemper County",2,12,114,59,55
050,28,069,"Mississippi","Kemper County",2,13,120,66,54
050,28,069,"Mississippi","Kemper County",2,14,112,59,53
050,28,069,"Mississippi","Kemper County",2,15,101,54,47
050,28,069,"Mississippi","Kemper County",2,16,104,61,43
050,28,069,"Mississippi","Kemper County",2,17,96,55,41
050,28,069,"Mississippi","Kemper County",2,18,160,79,81
050,28,069,"Mississippi","Kemper County",2,19,300,165,135
050,28,069,"Mississippi","Kemper County",2,20,229,130,99
050,28,069,"Mississippi","Kemper County",2,21,140,80,60
050,28,069,"Mississippi","Kemper County",2,22,106,54,52
050,28,069,"Mississippi","Kemper County",2,23,108,54,54
050,28,069,"Mississippi","Kemper County",2,24,120,64,56
050,28,069,"Mississippi","Kemper County",2,25,109,63,46
050,28,069,"Mississippi","Kemper County",2,26,125,70,55
050,28,069,"Mississippi","Kemper County",2,27,115,65,50
050,28,069,"Mississippi","Kemper County",2,28,109,60,49
050,28,069,"Mississippi","Kemper County",2,29,110,58,52
050,28,069,"Mississippi","Kemper County",2,30,119,65,54
050,28,069,"Mississippi","Kemper County",2,31,123,71,52
050,28,069,"Mississippi","Kemper County",2,32,95,52,43
050,28,069,"Mississippi","Kemper County",2,33,86,47,39
050,28,069,"Mississippi","Kemper County",2,34,76,37,39
050,28,069,"Mississippi","Kemper County",2,35,94,48,46
050,28,069,"Mississippi","Kemper County",2,36,96,56,40
050,28,069,"Mississippi","Kemper County",2,37,104,64,40
050,28,069,"Mississippi","Kemper County",2,38,92,55,37
050,28,069,"Mississippi","Kemper County",2,39,94,54,40
050,28,069,"Mississippi","Kemper County",2,40,101,55,46
050,28,069,"Mississippi","Kemper County",2,41,98,53,45
050,28,069,"Mississippi","Kemper County",2,42,84,42,42
050,28,069,"Mississippi","Kemper County",2,43,89,48,41
050,28,069,"Mississippi","Kemper County",2,44,99,51,48
050,28,069,"Mississippi","Kemper County",2,45,113,52,61
050,28,069,"Mississippi","Kemper County",2,46,102,47,55
050,28,069,"Mississippi","Kemper County",2,47,103,46,57
050,28,069,"Mississippi","Kemper County",2,48,112,55,57
050,28,069,"Mississippi","Kemper County",2,49,112,56,56
050,28,069,"Mississippi","Kemper County",2,50,104,50,54
050,28,069,"Mississippi","Kemper County",2,51,108,53,55
050,28,069,"Mississippi","Kemper County",2,52,103,48,55
050,28,069,"Mississippi","Kemper County",2,53,105,51,54
050,28,069,"Mississippi","Kemper County",2,54,108,52,56
050,28,069,"Mississippi","Kemper County",2,55,110,52,58
050,28,069,"Mississippi","Kemper County",2,56,103,42,61
050,28,069,"Mississippi","Kemper County",2,57,112,52,60
050,28,069,"Mississippi","Kemper County",2,58,122,57,65
050,28,069,"Mississippi","Kemper County",2,59,120,53,67
050,28,069,"Mississippi","Kemper County",2,60,109,51,58
050,28,069,"Mississippi","Kemper County",2,61,121,58,63
050,28,069,"Mississippi","Kemper County",2,62,119,58,61
050,28,069,"Mississippi","Kemper County",2,63,119,56,63
050,28,069,"Mississippi","Kemper County",2,64,121,54,67
050,28,069,"Mississippi","Kemper County",2,65,110,55,55
050,28,069,"Mississippi","Kemper County",2,66,110,53,57
050,28,069,"Mississippi","Kemper County",2,67,111,56,55
050,28,069,"Mississippi","Kemper County",2,68,113,58,55
050,28,069,"Mississippi","Kemper County",2,69,108,54,54
050,28,069,"Mississippi","Kemper County",2,70,102,51,51
050,28,069,"Mississippi","Kemper County",2,71,86,43,43
050,28,069,"Mississippi","Kemper County",2,72,102,51,51
050,28,069,"Mississippi","Kemper County",2,73,119,57,62
050,28,069,"Mississippi","Kemper County",2,74,80,37,43
050,28,069,"Mississippi","Kemper County",2,75,70,33,37
050,28,069,"Mississippi","Kemper County",2,76,71,34,37
050,28,069,"Mississippi","Kemper County",2,77,67,30,37
050,28,069,"Mississippi","Kemper County",2,78,59,27,32
050,28,069,"Mississippi","Kemper County",2,79,54,23,31
050,28,069,"Mississippi","Kemper County",2,80,49,21,28
050,28,069,"Mississippi","Kemper County",2,81,52,25,27
050,28,069,"Mississippi","Kemper County",2,82,55,20,35
050,28,069,"Mississippi","Kemper County",2,83,48,17,31
050,28,069,"Mississippi","Kemper County",2,84,49,22,27
050,28,069,"Mississippi","Kemper County",2,85,270,95,175
050,28,069,"Mississippi","Kemper County",3,0,75,33,42
050,28,069,"Mississippi","Kemper County",3,1,81,46,35
050,28,069,"Mississippi","Kemper County",3,2,77,38,39
050,28,069,"Mississippi","Kemper County",3,3,82,40,42
050,28,069,"Mississippi","Kemper County",3,4,83,42,41
050,28,069,"Mississippi","Kemper County",3,5,82,35,47
050,28,069,"Mississippi","Kemper County",3,6,80,46,34
050,28,069,"Mississippi","Kemper County",3,7,75,43,32
050,28,069,"Mississippi","Kemper County",3,8,71,36,35
050,28,069,"Mississippi","Kemper County",3,9,79,38,41
050,28,069,"Mississippi","Kemper County",3,10,83,42,41
050,28,069,"Mississippi","Kemper County",3,11,95,49,46
050,28,069,"Mississippi","Kemper County",3,12,102,52,50
050,28,069,"Mississippi","Kemper County",3,13,116,59,57
050,28,069,"Mississippi","Kemper County",3,14,113,60,53
050,28,069,"Mississippi","Kemper County",3,15,110,61,49
050,28,069,"Mississippi","Kemper County",3,16,98,56,42
050,28,069,"Mississippi","Kemper County",3,17,104,60,44
050,28,069,"Mississippi","Kemper County",3,18,159,81,78
050,28,069,"Mississippi","Kemper County",3,19,267,150,117
050,28,069,"Mississippi","Kemper County",3,20,218,118,100
050,28,069,"Mississippi","Kemper County",3,21,149,92,57
050,28,069,"Mississippi","Kemper County",3,22,125,67,58
050,28,069,"Mississippi","Kemper County",3,23,103,51,52
050,28,069,"Mississippi","Kemper County",3,24,112,54,58
050,28,069,"Mississippi","Kemper County",3,25,108,63,45
050,28,069,"Mississippi","Kemper County",3,26,126,75,51
050,28,069,"Mississippi","Kemper County",3,27,116,67,49
050,28,069,"Mississippi","Kemper County",3,28,104,58,46
050,28,069,"Mississippi","Kemper County",3,29,104,59,45
050,28,069,"Mississippi","Kemper County",3,30,109,57,52
050,28,069,"Mississippi","Kemper County",3,31,114,64,50
050,28,069,"Mississippi","Kemper County",3,32,115,62,53
050,28,069,"Mississippi","Kemper County",3,33,95,52,43
050,28,069,"Mississippi","Kemper County",3,34,76,37,39
050,28,069,"Mississippi","Kemper County",3,35,75,39,36
050,28,069,"Mississippi","Kemper County",3,36,92,49,43
050,28,069,"Mississippi","Kemper County",3,37,95,55,40
050,28,069,"Mississippi","Kemper County",3,38,90,52,38
050,28,069,"Mississippi","Kemper County",3,39,90,51,39
050,28,069,"Mississippi","Kemper County",3,40,96,53,43
050,28,069,"Mississippi","Kemper County",3,41,111,62,49
050,28,069,"Mississippi","Kemper County",3,42,84,42,42
050,28,069,"Mississippi","Kemper County",3,43,82,42,40
050,28,069,"Mississippi","Kemper County",3,44,91,50,41
050,28,069,"Mississippi","Kemper County",3,45,110,55,55
050,28,069,"Mississippi","Kemper County",3,46,105,51,54
050,28,069,"Mississippi","Kemper County",3,47,100,41,59
050,28,069,"Mississippi","Kemper County",3,48,113,56,57
050,28,069,"Mississippi","Kemper County",3,49,111,57,54
050,28,069,"Mississippi","Kemper County",3,50,105,49,56
050,28,069,"Mississippi","Kemper County",3,51,108,55,53
050,28,069,"Mississippi","Kemper County",3,52,102,47,55
050,28,069,"Mississippi","Kemper County",3,53,99,48,51
050,28,069,"Mississippi","Kemper County",3,54,103,49,54
050,28,069,"Mississippi","Kemper County",3,55,103,50,53
050,28,069,"Mississippi","Kemper County",3,56,106,52,54
050,28,069,"Mississippi","Kemper County",3,57,105,41,64
050,28,069,"Mississippi","Kemper County",3,58,103,49,54
050,28,069,"Mississippi","Kemper County",3,59,120,55,65
050,28,069,"Mississippi","Kemper County",3,60,114,50,64
050,28,069,"Mississippi","Kemper County",3,61,114,56,58
050,28,069,"Mississippi","Kemper County",3,62,112,55,57
050,28,069,"Mississippi","Kemper County",3,63,120,59,61
050,28,069,"Mississippi","Kemper County",3,64,118,54,64
050,28,069,"Mississippi","Kemper County",3,65,111,50,61
050,28,069,"Mississippi","Kemper County",3,66,119,58,61
050,28,069,"Mississippi","Kemper County",3,67,108,53,55
050,28,069,"Mississippi","Kemper County",3,68,109,57,52
050,28,069,"Mississippi","Kemper County",3,69,112,59,53
050,28,069,"Mississippi","Kemper County",3,70,106,51,55
050,28,069,"Mississippi","Kemper County",3,71,100,49,51
050,28,069,"Mississippi","Kemper County",3,72,84,44,40
050,28,069,"Mississippi","Kemper County",3,73,98,48,50
050,28,069,"Mississippi","Kemper County",3,74,114,53,61
050,28,069,"Mississippi","Kemper County",3,75,74,35,39
050,28,069,"Mississippi","Kemper County",3,76,69,32,37
050,28,069,"Mississippi","Kemper County",3,77,63,30,33
050,28,069,"Mississippi","Kemper County",3,78,63,29,34
050,28,069,"Mississippi","Kemper County",3,79,54,23,31
050,28,069,"Mississippi","Kemper County",3,80,51,21,30
050,28,069,"Mississippi","Kemper County",3,81,49,20,29
050,28,069,"Mississippi","Kemper County",3,82,48,22,26
050,28,069,"Mississippi","Kemper County",3,83,52,19,33
050,28,069,"Mississippi","Kemper County",3,84,50,19,31
050,28,069,"Mississippi","Kemper County",3,85,284,107,177
050,28,069,"Mississippi","Kemper County",4,0,75,35,40
050,28,069,"Mississippi","Kemper County",4,1,82,36,46
050,28,069,"Mississippi","Kemper County",4,2,75,42,33
050,28,069,"Mississippi","Kemper County",4,3,78,40,38
050,28,069,"Mississippi","Kemper County",4,4,79,37,42
050,28,069,"Mississippi","Kemper County",4,5,79,35,44
050,28,069,"Mississippi","Kemper County",4,6,87,38,49
050,28,069,"Mississippi","Kemper County",4,7,70,42,28
050,28,069,"Mississippi","Kemper County",4,8,74,42,32
050,28,069,"Mississippi","Kemper County",4,9,69,35,34
050,28,069,"Mississippi","Kemper County",4,10,83,41,42
050,28,069,"Mississippi","Kemper County",4,11,77,38,39
050,28,069,"Mississippi","Kemper County",4,12,90,43,47
050,28,069,"Mississippi","Kemper County",4,13,101,51,50
050,28,069,"Mississippi","Kemper County",4,14,110,58,52
050,28,069,"Mississippi","Kemper County",4,15,115,59,56
050,28,069,"Mississippi","Kemper County",4,16,103,55,48
050,28,069,"Mississippi","Kemper County",4,17,95,54,41
050,28,069,"Mississippi","Kemper County",4,18,159,84,75
050,28,069,"Mississippi","Kemper County",4,19,269,150,119
050,28,069,"Mississippi","Kemper County",4,20,196,106,90
050,28,069,"Mississippi","Kemper County",4,21,138,72,66
050,28,069,"Mississippi","Kemper County",4,22,136,75,61
050,28,069,"Mississippi","Kemper County",4,23,111,61,50
050,28,069,"Mississippi","Kemper County",4,24,117,62,55
050,28,069,"Mississippi","Kemper County",4,25,109,57,52
050,28,069,"Mississippi","Kemper County",4,26,104,59,45
050,28,069,"Mississippi","Kemper County",4,27,114,72,42
050,28,069,"Mississippi","Kemper County",4,28,109,65,44
050,28,069,"Mississippi","Kemper County",4,29,105,57,48
050,28,069,"Mississippi","Kemper County",4,30,111,59,52
050,28,069,"Mississippi","Kemper County",4,31,109,63,46
050,28,069,"Mississippi","Kemper County",4,32,106,56,50
050,28,069,"Mississippi","Kemper County",4,33,120,65,55
050,28,069,"Mississippi","Kemper County",4,34,88,45,43
050,28,069,"Mississippi","Kemper County",4,35,75,36,39
050,28,069,"Mississippi","Kemper County",4,36,76,44,32
050,28,069,"Mississippi","Kemper County",4,37,96,54,42
050,28,069,"Mississippi","Kemper County",4,38,84,44,40
050,28,069,"Mississippi","Kemper County",4,39,96,58,38
050,28,069,"Mississippi","Kemper County",4,40,92,54,38
050,28,069,"Mississippi","Kemper County",4,41,110,66,44
050,28,069,"Mississippi","Kemper County",4,42,102,54,48
050,28,069,"Mississippi","Kemper County",4,43,79,41,38
050,28,069,"Mississippi","Kemper County",4,44,79,40,39
050,28,069,"Mississippi","Kemper County",4,45,101,52,49
050,28,069,"Mississippi","Kemper County",4,46,100,53,47
050,28,069,"Mississippi","Kemper County",4,47,102,47,55
050,28,069,"Mississippi","Kemper County",4,48,102,45,57
050,28,069,"Mississippi","Kemper County",4,49,105,52,53
050,28,069,"Mississippi","Kemper County",4,50,109,55,54
050,28,069,"Mississippi","Kemper County",4,51,109,52,57
050,28,069,"Mississippi","Kemper County",4,52,103,50,53
050,28,069,"Mississippi","Kemper County",4,53,100,46,54
050,28,069,"Mississippi","Kemper County",4,54,95,45,50
050,28,069,"Mississippi","Kemper County",4,55,100,46,54
050,28,069,"Mississippi","Kemper County",4,56,100,49,51
050,28,069,"Mississippi","Kemper County",4,57,108,53,55
050,28,069,"Mississippi","Kemper County",4,58,96,37,59
050,28,069,"Mississippi","Kemper County",4,59,99,43,56
050,28,069,"Mississippi","Kemper County",4,60,114,53,61
050,28,069,"Mississippi","Kemper County",4,61,118,50,68
050,28,069,"Mississippi","Kemper County",4,62,112,55,57
050,28,069,"Mississippi","Kemper County",4,63,105,51,54
050,28,069,"Mississippi","Kemper County",4,64,114,53,61
050,28,069,"Mississippi","Kemper County",4,65,116,54,62
050,28,069,"Mississippi","Kemper County",4,66,110,48,62
050,28,069,"Mississippi","Kemper County",4,67,120,62,58
050,28,069,"Mississippi","Kemper County",4,68,101,53,48
050,28,069,"Mississippi","Kemper County",4,69,110,58,52
050,28,069,"Mississippi","Kemper County",4,70,111,57,54
050,28,069,"Mississippi","Kemper County",4,71,101,49,52
050,28,069,"Mississippi","Kemper County",4,72,99,50,49
050,28,069,"Mississippi","Kemper County",4,73,81,41,40
050,28,069,"Mississippi","Kemper County",4,74,89,41,48
050,28,069,"Mississippi","Kemper County",4,75,106,48,58
050,28,069,"Mississippi","Kemper County",4,76,75,34,41
050,28,069,"Mississippi","Kemper County",4,77,65,29,36
050,28,069,"Mississippi","Kemper County",4,78,59,29,30
050,28,069,"Mississippi","Kemper County",4,79,62,27,35
050,28,069,"Mississippi","Kemper County",4,80,51,21,30
050,28,069,"Mississippi","Kemper County",4,81,53,22,31
050,28,069,"Mississippi","Kemper County",4,82,46,17,29
050,28,069,"Mississippi","Kemper County",4,83,45,20,25
050,28,069,"Mississippi","Kemper County",4,84,52,19,33
050,28,069,"Mississippi","Kemper County",4,85,294,112,182
050,28,069,"Mississippi","Kemper County",5,0,75,35,40
050,28,069,"Mississippi","Kemper County",5,1,70,32,38
050,28,069,"Mississippi","Kemper County",5,2,82,35,47
050,28,069,"Mississippi","Kemper County",5,3,78,42,36
050,28,069,"Mississippi","Kemper County",5,4,73,37,36
050,28,069,"Mississippi","Kemper County",5,5,75,36,39
050,28,069,"Mississippi","Kemper County",5,6,81,36,45
050,28,069,"Mississippi","Kemper County",5,7,92,39,53
050,28,069,"Mississippi","Kemper County",5,8,69,43,26
050,28,069,"Mississippi","Kemper County",5,9,74,40,34
050,28,069,"Mississippi","Kemper County",5,10,72,40,32
050,28,069,"Mississippi","Kemper County",5,11,83,43,40
050,28,069,"Mississippi","Kemper County",5,12,75,37,38
050,28,069,"Mississippi","Kemper County",5,13,93,49,44
050,28,069,"Mississippi","Kemper County",5,14,100,49,51
050,28,069,"Mississippi","Kemper County",5,15,105,54,51
050,28,069,"Mississippi","Kemper County",5,16,117,61,56
050,28,069,"Mississippi","Kemper County",5,17,97,52,45
050,28,069,"Mississippi","Kemper County",5,18,148,77,71
050,28,069,"Mississippi","Kemper County",5,19,270,154,116
050,28,069,"Mississippi","Kemper County",5,20,193,108,85
050,28,069,"Mississippi","Kemper County",5,21,116,66,50
050,28,069,"Mississippi","Kemper County",5,22,131,63,68
050,28,069,"Mississippi","Kemper County",5,23,128,71,57
050,28,069,"Mississippi","Kemper County",5,24,128,68,60
050,28,069,"Mississippi","Kemper County",5,25,102,54,48
050,28,069,"Mississippi","Kemper County",5,26,110,57,53
050,28,069,"Mississippi","Kemper County",5,27,109,67,42
050,28,069,"Mississippi","Kemper County",5,28,114,72,42
050,28,069,"Mississippi","Kemper County",5,29,105,62,43
050,28,069,"Mississippi","Kemper County",5,30,105,58,47
050,28,069,"Mississippi","Kemper County",5,31,113,62,51
050,28,069,"Mississippi","Kemper County",5,32,104,56,48
050,28,069,"Mississippi","Kemper County",5,33,103,57,46
050,28,069,"Mississippi","Kemper County",5,34,108,55,53
050,28,069,"Mississippi","Kemper County",5,35,91,49,42
050,28,069,"Mississippi","Kemper County",5,36,72,37,35
050,28,069,"Mississippi","Kemper County",5,37,77,46,31
050,28,069,"Mississippi","Kemper County",5,38,86,44,42
050,28,069,"Mississippi","Kemper County",5,39,83,43,40
050,28,069,"Mississippi","Kemper County",5,40,101,59,42
050,28,069,"Mississippi","Kemper County",5,41,98,59,39
050,28,069,"Mississippi","Kemper County",5,42,101,59,42
050,28,069,"Mississippi","Kemper County",5,43,105,56,49
050,28,069,"Mississippi","Kemper County",5,44,84,43,41
050,28,069,"Mississippi","Kemper County",5,45,84,41,43
050,28,069,"Mississippi","Kemper County",5,46,92,52,40
050,28,069,"Mississippi","Kemper County",5,47,93,46,47
050,28,069,"Mississippi","Kemper County",5,48,106,51,55
050,28,069,"Mississippi","Kemper County",5,49,96,43,53
050,28,069,"Mississippi","Kemper County",5,50,96,47,49
050,28,069,"Mississippi","Kemper County",5,51,113,59,54
050,28,069,"Mississippi","Kemper County",5,52,96,41,55
050,28,069,"Mississippi","Kemper County",5,53,103,49,54
050,28,069,"Mississippi","Kemper County",5,54,100,46,54
050,28,069,"Mississippi","Kemper County",5,55,92,42,50
050,28,069,"Mississippi","Kemper County",5,56,104,49,55
050,28,069,"Mississippi","Kemper County",5,57,99,48,51
050,28,069,"Mississippi","Kemper County",5,58,102,53,49
050,28,069,"Mississippi","Kemper County",5,59,93,35,58
050,28,069,"Mississippi","Kemper County",5,60,98,44,54
050,28,069,"Mississippi","Kemper County",5,61,116,53,63
050,28,069,"Mississippi","Kemper County",5,62,116,49,67
050,28,069,"Mississippi","Kemper County",5,63,107,51,56
050,28,069,"Mississippi","Kemper County",5,64,103,49,54
050,28,069,"Mississippi","Kemper County",5,65,110,53,57
050,28,069,"Mississippi","Kemper County",5,66,118,54,64
050,28,069,"Mississippi","Kemper County",5,67,107,49,58
050,28,069,"Mississippi","Kemper County",5,68,115,62,53
050,28,069,"Mississippi","Kemper County",5,69,102,54,48
050,28,069,"Mississippi","Kemper County",5,70,106,54,52
050,28,069,"Mississippi","Kemper County",5,71,107,56,51
050,28,069,"Mississippi","Kemper County",5,72,100,49,51
050,28,069,"Mississippi","Kemper County",5,73,93,46,47
050,28,069,"Mississippi","Kemper County",5,74,74,34,40
050,28,069,"Mississippi","Kemper County",5,75,83,36,47
050,28,069,"Mississippi","Kemper County",5,76,107,48,59
050,28,069,"Mississippi","Kemper County",5,77,69,31,38
050,28,069,"Mississippi","Kemper County",5,78,63,29,34
050,28,069,"Mississippi","Kemper County",5,79,53,25,28
050,28,069,"Mississippi","Kemper County",5,80,61,26,35
050,28,069,"Mississippi","Kemper County",5,81,54,22,32
050,28,069,"Mississippi","Kemper County",5,82,50,19,31
050,28,069,"Mississippi","Kemper County",5,83,44,16,28
050,28,069,"Mississippi","Kemper County",5,84,49,24,25
050,28,069,"Mississippi","Kemper County",5,85,314,120,194
050,28,071,"Mississippi","Lafayette County",1,0,522,262,260
050,28,071,"Mississippi","Lafayette County",1,1,513,252,261
050,28,071,"Mississippi","Lafayette County",1,2,543,279,264
050,28,071,"Mississippi","Lafayette County",1,3,559,267,292
050,28,071,"Mississippi","Lafayette County",1,4,588,286,302
050,28,071,"Mississippi","Lafayette County",1,5,576,268,308
050,28,071,"Mississippi","Lafayette County",1,6,568,279,289
050,28,071,"Mississippi","Lafayette County",1,7,559,269,290
050,28,071,"Mississippi","Lafayette County",1,8,591,295,296
050,28,071,"Mississippi","Lafayette County",1,9,550,264,286
050,28,071,"Mississippi","Lafayette County",1,10,595,310,285
050,28,071,"Mississippi","Lafayette County",1,11,569,278,291
050,28,071,"Mississippi","Lafayette County",1,12,592,302,290
050,28,071,"Mississippi","Lafayette County",1,13,635,344,291
050,28,071,"Mississippi","Lafayette County",1,14,604,307,297
050,28,071,"Mississippi","Lafayette County",1,15,572,278,294
050,28,071,"Mississippi","Lafayette County",1,16,581,291,290
050,28,071,"Mississippi","Lafayette County",1,17,567,295,272
050,28,071,"Mississippi","Lafayette County",1,18,1476,634,842
050,28,071,"Mississippi","Lafayette County",1,19,2815,1367,1448
050,28,071,"Mississippi","Lafayette County",1,20,2146,1043,1103
050,28,071,"Mississippi","Lafayette County",1,21,2029,978,1051
050,28,071,"Mississippi","Lafayette County",1,22,1760,824,936
050,28,071,"Mississippi","Lafayette County",1,23,1359,716,643
050,28,071,"Mississippi","Lafayette County",1,24,1008,548,460
050,28,071,"Mississippi","Lafayette County",1,25,898,476,422
050,28,071,"Mississippi","Lafayette County",1,26,814,436,378
050,28,071,"Mississippi","Lafayette County",1,27,765,409,356
050,28,071,"Mississippi","Lafayette County",1,28,758,370,388
050,28,071,"Mississippi","Lafayette County",1,29,723,359,364
050,28,071,"Mississippi","Lafayette County",1,30,748,357,391
050,28,071,"Mississippi","Lafayette County",1,31,733,350,383
050,28,071,"Mississippi","Lafayette County",1,32,665,333,332
050,28,071,"Mississippi","Lafayette County",1,33,655,320,335
050,28,071,"Mississippi","Lafayette County",1,34,721,351,370
050,28,071,"Mississippi","Lafayette County",1,35,722,390,332
050,28,071,"Mississippi","Lafayette County",1,36,665,356,309
050,28,071,"Mississippi","Lafayette County",1,37,716,364,352
050,28,071,"Mississippi","Lafayette County",1,38,765,376,389
050,28,071,"Mississippi","Lafayette County",1,39,706,344,362
050,28,071,"Mississippi","Lafayette County",1,40,654,339,315
050,28,071,"Mississippi","Lafayette County",1,41,667,329,338
050,28,071,"Mississippi","Lafayette County",1,42,688,336,352
050,28,071,"Mississippi","Lafayette County",1,43,622,300,322
050,28,071,"Mississippi","Lafayette County",1,44,583,277,306
050,28,071,"Mississippi","Lafayette County",1,45,566,275,291
050,28,071,"Mississippi","Lafayette County",1,46,530,270,260
050,28,071,"Mississippi","Lafayette County",1,47,541,267,274
050,28,071,"Mississippi","Lafayette County",1,48,615,320,295
050,28,071,"Mississippi","Lafayette County",1,49,665,312,353
050,28,071,"Mississippi","Lafayette County",1,50,603,291,312
050,28,071,"Mississippi","Lafayette County",1,51,550,268,282
050,28,071,"Mississippi","Lafayette County",1,52,563,276,287
050,28,071,"Mississippi","Lafayette County",1,53,547,258,289
050,28,071,"Mississippi","Lafayette County",1,54,537,263,274
050,28,071,"Mississippi","Lafayette County",1,55,557,262,295
050,28,071,"Mississippi","Lafayette County",1,56,561,272,289
050,28,071,"Mississippi","Lafayette County",1,57,551,261,290
050,28,071,"Mississippi","Lafayette County",1,58,581,264,317
050,28,071,"Mississippi","Lafayette County",1,59,606,277,329
050,28,071,"Mississippi","Lafayette County",1,60,591,273,318
050,28,071,"Mississippi","Lafayette County",1,61,596,291,305
050,28,071,"Mississippi","Lafayette County",1,62,547,271,276
050,28,071,"Mississippi","Lafayette County",1,63,562,270,292
050,28,071,"Mississippi","Lafayette County",1,64,581,270,311
050,28,071,"Mississippi","Lafayette County",1,65,549,251,298
050,28,071,"Mississippi","Lafayette County",1,66,527,247,280
050,28,071,"Mississippi","Lafayette County",1,67,530,254,276
050,28,071,"Mississippi","Lafayette County",1,68,544,247,297
050,28,071,"Mississippi","Lafayette County",1,69,476,211,265
050,28,071,"Mississippi","Lafayette County",1,70,439,206,233
050,28,071,"Mississippi","Lafayette County",1,71,399,192,207
050,28,071,"Mississippi","Lafayette County",1,72,422,206,216
050,28,071,"Mississippi","Lafayette County",1,73,414,197,217
050,28,071,"Mississippi","Lafayette County",1,74,280,130,150
050,28,071,"Mississippi","Lafayette County",1,75,273,135,138
050,28,071,"Mississippi","Lafayette County",1,76,270,133,137
050,28,071,"Mississippi","Lafayette County",1,77,266,117,149
050,28,071,"Mississippi","Lafayette County",1,78,241,110,131
050,28,071,"Mississippi","Lafayette County",1,79,206,89,117
050,28,071,"Mississippi","Lafayette County",1,80,180,75,105
050,28,071,"Mississippi","Lafayette County",1,81,178,72,106
050,28,071,"Mississippi","Lafayette County",1,82,151,56,95
050,28,071,"Mississippi","Lafayette County",1,83,131,52,79
050,28,071,"Mississippi","Lafayette County",1,84,127,57,70
050,28,071,"Mississippi","Lafayette County",1,85,616,165,451
050,28,071,"Mississippi","Lafayette County",2,0,497,247,250
050,28,071,"Mississippi","Lafayette County",2,1,514,252,262
050,28,071,"Mississippi","Lafayette County",2,2,535,270,265
050,28,071,"Mississippi","Lafayette County",2,3,553,268,285
050,28,071,"Mississippi","Lafayette County",2,4,578,280,298
050,28,071,"Mississippi","Lafayette County",2,5,579,272,307
050,28,071,"Mississippi","Lafayette County",2,6,571,276,295
050,28,071,"Mississippi","Lafayette County",2,7,561,271,290
050,28,071,"Mississippi","Lafayette County",2,8,582,286,296
050,28,071,"Mississippi","Lafayette County",2,9,561,272,289
050,28,071,"Mississippi","Lafayette County",2,10,585,299,286
050,28,071,"Mississippi","Lafayette County",2,11,574,285,289
050,28,071,"Mississippi","Lafayette County",2,12,593,299,294
050,28,071,"Mississippi","Lafayette County",2,13,629,338,291
050,28,071,"Mississippi","Lafayette County",2,14,611,315,296
050,28,071,"Mississippi","Lafayette County",2,15,580,285,295
050,28,071,"Mississippi","Lafayette County",2,16,578,288,290
050,28,071,"Mississippi","Lafayette County",2,17,574,293,281
050,28,071,"Mississippi","Lafayette County",2,18,1460,624,836
050,28,071,"Mississippi","Lafayette County",2,19,2809,1364,1445
050,28,071,"Mississippi","Lafayette County",2,20,2181,1061,1120
050,28,071,"Mississippi","Lafayette County",2,21,2041,987,1054
050,28,071,"Mississippi","Lafayette County",2,22,1761,821,940
050,28,071,"Mississippi","Lafayette County",2,23,1339,702,637
050,28,071,"Mississippi","Lafayette County",2,24,1013,548,465
050,28,071,"Mississippi","Lafayette County",2,25,890,480,410
050,28,071,"Mississippi","Lafayette County",2,26,809,430,379
050,28,071,"Mississippi","Lafayette County",2,27,759,402,357
050,28,071,"Mississippi","Lafayette County",2,28,757,379,378
050,28,071,"Mississippi","Lafayette County",2,29,728,360,368
050,28,071,"Mississippi","Lafayette County",2,30,744,359,385
050,28,071,"Mississippi","Lafayette County",2,31,735,352,383
050,28,071,"Mississippi","Lafayette County",2,32,674,333,341
050,28,071,"Mississippi","Lafayette County",2,33,657,322,335
050,28,071,"Mississippi","Lafayette County",2,34,707,344,363
050,28,071,"Mississippi","Lafayette County",2,35,730,385,345
050,28,071,"Mississippi","Lafayette County",2,36,670,354,316
050,28,071,"Mississippi","Lafayette County",2,37,709,364,345
050,28,071,"Mississippi","Lafayette County",2,38,759,377,382
050,28,071,"Mississippi","Lafayette County",2,39,711,343,368
050,28,071,"Mississippi","Lafayette County",2,40,675,347,328
050,28,071,"Mississippi","Lafayette County",2,41,663,330,333
050,28,071,"Mississippi","Lafayette County",2,42,677,332,345
050,28,071,"Mississippi","Lafayette County",2,43,641,308,333
050,28,071,"Mississippi","Lafayette County",2,44,591,283,308
050,28,071,"Mississippi","Lafayette County",2,45,570,274,296
050,28,071,"Mississippi","Lafayette County",2,46,535,270,265
050,28,071,"Mississippi","Lafayette County",2,47,539,269,270
050,28,071,"Mississippi","Lafayette County",2,48,601,309,292
050,28,071,"Mississippi","Lafayette County",2,49,658,316,342
050,28,071,"Mississippi","Lafayette County",2,50,620,298,322
050,28,071,"Mississippi","Lafayette County",2,51,566,274,292
050,28,071,"Mississippi","Lafayette County",2,52,558,274,284
050,28,071,"Mississippi","Lafayette County",2,53,550,260,290
050,28,071,"Mississippi","Lafayette County",2,54,536,262,274
050,28,071,"Mississippi","Lafayette County",2,55,552,262,290
050,28,071,"Mississippi","Lafayette County",2,56,561,269,292
050,28,071,"Mississippi","Lafayette County",2,57,552,263,289
050,28,071,"Mississippi","Lafayette County",2,58,574,263,311
050,28,071,"Mississippi","Lafayette County",2,59,605,277,328
050,28,071,"Mississippi","Lafayette County",2,60,598,275,323
050,28,071,"Mississippi","Lafayette County",2,61,593,285,308
050,28,071,"Mississippi","Lafayette County",2,62,557,273,284
050,28,071,"Mississippi","Lafayette County",2,63,568,273,295
050,28,071,"Mississippi","Lafayette County",2,64,577,271,306
050,28,071,"Mississippi","Lafayette County",2,65,559,255,304
050,28,071,"Mississippi","Lafayette County",2,66,530,247,283
050,28,071,"Mississippi","Lafayette County",2,67,527,252,275
050,28,071,"Mississippi","Lafayette County",2,68,537,247,290
050,28,071,"Mississippi","Lafayette County",2,69,496,223,273
050,28,071,"Mississippi","Lafayette County",2,70,446,205,241
050,28,071,"Mississippi","Lafayette County",2,71,404,191,213
050,28,071,"Mississippi","Lafayette County",2,72,411,200,211
050,28,071,"Mississippi","Lafayette County",2,73,435,207,228
050,28,071,"Mississippi","Lafayette County",2,74,294,136,158
050,28,071,"Mississippi","Lafayette County",2,75,278,136,142
050,28,071,"Mississippi","Lafayette County",2,76,265,129,136
050,28,071,"Mississippi","Lafayette County",2,77,272,124,148
050,28,071,"Mississippi","Lafayette County",2,78,239,108,131
050,28,071,"Mississippi","Lafayette County",2,79,214,93,121
050,28,071,"Mississippi","Lafayette County",2,80,183,74,109
050,28,071,"Mississippi","Lafayette County",2,81,174,71,103
050,28,071,"Mississippi","Lafayette County",2,82,156,59,97
050,28,071,"Mississippi","Lafayette County",2,83,136,54,82
050,28,071,"Mississippi","Lafayette County",2,84,126,56,70
050,28,071,"Mississippi","Lafayette County",2,85,616,169,447
050,28,071,"Mississippi","Lafayette County",3,0,551,278,273
050,28,071,"Mississippi","Lafayette County",3,1,487,253,234
050,28,071,"Mississippi","Lafayette County",3,2,552,271,281
050,28,071,"Mississippi","Lafayette County",3,3,542,275,267
050,28,071,"Mississippi","Lafayette County",3,4,577,281,296
050,28,071,"Mississippi","Lafayette County",3,5,585,295,290
050,28,071,"Mississippi","Lafayette County",3,6,592,284,308
050,28,071,"Mississippi","Lafayette County",3,7,582,278,304
050,28,071,"Mississippi","Lafayette County",3,8,569,276,293
050,28,071,"Mississippi","Lafayette County",3,9,582,287,295
050,28,071,"Mississippi","Lafayette County",3,10,588,283,305
050,28,071,"Mississippi","Lafayette County",3,11,601,308,293
050,28,071,"Mississippi","Lafayette County",3,12,586,296,290
050,28,071,"Mississippi","Lafayette County",3,13,612,313,299
050,28,071,"Mississippi","Lafayette County",3,14,633,341,292
050,28,071,"Mississippi","Lafayette County",3,15,635,333,302
050,28,071,"Mississippi","Lafayette County",3,16,591,291,300
050,28,071,"Mississippi","Lafayette County",3,17,606,295,311
050,28,071,"Mississippi","Lafayette County",3,18,1449,610,839
050,28,071,"Mississippi","Lafayette County",3,19,2785,1355,1430
050,28,071,"Mississippi","Lafayette County",3,20,2203,1087,1116
050,28,071,"Mississippi","Lafayette County",3,21,2100,1031,1069
050,28,071,"Mississippi","Lafayette County",3,22,1796,814,982
050,28,071,"Mississippi","Lafayette County",3,23,1414,705,709
050,28,071,"Mississippi","Lafayette County",3,24,1039,527,512
050,28,071,"Mississippi","Lafayette County",3,25,882,469,413
050,28,071,"Mississippi","Lafayette County",3,26,795,419,376
050,28,071,"Mississippi","Lafayette County",3,27,753,389,364
050,28,071,"Mississippi","Lafayette County",3,28,753,390,363
050,28,071,"Mississippi","Lafayette County",3,29,752,399,353
050,28,071,"Mississippi","Lafayette County",3,30,741,365,376
050,28,071,"Mississippi","Lafayette County",3,31,764,362,402
050,28,071,"Mississippi","Lafayette County",3,32,724,338,386
050,28,071,"Mississippi","Lafayette County",3,33,663,346,317
050,28,071,"Mississippi","Lafayette County",3,34,658,323,335
050,28,071,"Mississippi","Lafayette County",3,35,730,362,368
050,28,071,"Mississippi","Lafayette County",3,36,727,369,358
050,28,071,"Mississippi","Lafayette County",3,37,659,345,314
050,28,071,"Mississippi","Lafayette County",3,38,739,384,355
050,28,071,"Mississippi","Lafayette County",3,39,752,356,396
050,28,071,"Mississippi","Lafayette County",3,40,707,341,366
050,28,071,"Mississippi","Lafayette County",3,41,680,339,341
050,28,071,"Mississippi","Lafayette County",3,42,663,331,332
050,28,071,"Mississippi","Lafayette County",3,43,667,328,339
050,28,071,"Mississippi","Lafayette County",3,44,635,311,324
050,28,071,"Mississippi","Lafayette County",3,45,586,271,315
050,28,071,"Mississippi","Lafayette County",3,46,571,283,288
050,28,071,"Mississippi","Lafayette County",3,47,546,280,266
050,28,071,"Mississippi","Lafayette County",3,48,550,272,278
050,28,071,"Mississippi","Lafayette County",3,49,625,314,311
050,28,071,"Mississippi","Lafayette County",3,50,656,312,344
050,28,071,"Mississippi","Lafayette County",3,51,644,302,342
050,28,071,"Mississippi","Lafayette County",3,52,575,281,294
050,28,071,"Mississippi","Lafayette County",3,53,562,269,293
050,28,071,"Mississippi","Lafayette County",3,54,553,267,286
050,28,071,"Mississippi","Lafayette County",3,55,548,270,278
050,28,071,"Mississippi","Lafayette County",3,56,547,256,291
050,28,071,"Mississippi","Lafayette County",3,57,567,272,295
050,28,071,"Mississippi","Lafayette County",3,58,553,258,295
050,28,071,"Mississippi","Lafayette County",3,59,597,275,322
050,28,071,"Mississippi","Lafayette County",3,60,611,279,332
050,28,071,"Mississippi","Lafayette County",3,61,605,279,326
050,28,071,"Mississippi","Lafayette County",3,62,598,285,313
050,28,071,"Mississippi","Lafayette County",3,63,568,276,292
050,28,071,"Mississippi","Lafayette County",3,64,576,283,293
050,28,071,"Mississippi","Lafayette County",3,65,583,272,311
050,28,071,"Mississippi","Lafayette County",3,66,553,257,296
050,28,071,"Mississippi","Lafayette County",3,67,528,251,277
050,28,071,"Mississippi","Lafayette County",3,68,527,251,276
050,28,071,"Mississippi","Lafayette County",3,69,521,243,278
050,28,071,"Mississippi","Lafayette County",3,70,496,218,278
050,28,071,"Mississippi","Lafayette County",3,71,439,200,239
050,28,071,"Mississippi","Lafayette County",3,72,382,179,203
050,28,071,"Mississippi","Lafayette County",3,73,407,199,208
050,28,071,"Mississippi","Lafayette County",3,74,435,203,232
050,28,071,"Mississippi","Lafayette County",3,75,286,129,157
050,28,071,"Mississippi","Lafayette County",3,76,273,133,140
050,28,071,"Mississippi","Lafayette County",3,77,254,121,133
050,28,071,"Mississippi","Lafayette County",3,78,259,116,143
050,28,071,"Mississippi","Lafayette County",3,79,221,96,125
050,28,071,"Mississippi","Lafayette County",3,80,196,86,110
050,28,071,"Mississippi","Lafayette County",3,81,167,62,105
050,28,071,"Mississippi","Lafayette County",3,82,159,64,95
050,28,071,"Mississippi","Lafayette County",3,83,139,54,85
050,28,071,"Mississippi","Lafayette County",3,84,128,48,80
050,28,071,"Mississippi","Lafayette County",3,85,610,179,431
050,28,071,"Mississippi","Lafayette County",4,0,609,306,303
050,28,071,"Mississippi","Lafayette County",4,1,520,267,253
050,28,071,"Mississippi","Lafayette County",4,2,503,266,237
050,28,071,"Mississippi","Lafayette County",4,3,555,274,281
050,28,071,"Mississippi","Lafayette County",4,4,565,296,269
050,28,071,"Mississippi","Lafayette County",4,5,575,283,292
050,28,071,"Mississippi","Lafayette County",4,6,600,301,299
050,28,071,"Mississippi","Lafayette County",4,7,601,299,302
050,28,071,"Mississippi","Lafayette County",4,8,580,279,301
050,28,071,"Mississippi","Lafayette County",4,9,573,279,294
050,28,071,"Mississippi","Lafayette County",4,10,592,294,298
050,28,071,"Mississippi","Lafayette County",4,11,589,282,307
050,28,071,"Mississippi","Lafayette County",4,12,612,313,299
050,28,071,"Mississippi","Lafayette County",4,13,610,305,305
050,28,071,"Mississippi","Lafayette County",4,14,632,312,320
050,28,071,"Mississippi","Lafayette County",4,15,639,343,296
050,28,071,"Mississippi","Lafayette County",4,16,647,338,309
050,28,071,"Mississippi","Lafayette County",4,17,623,295,328
050,28,071,"Mississippi","Lafayette County",4,18,1465,619,846
050,28,071,"Mississippi","Lafayette County",4,19,2751,1325,1426
050,28,071,"Mississippi","Lafayette County",4,20,2121,1036,1085
050,28,071,"Mississippi","Lafayette County",4,21,2087,1021,1066
050,28,071,"Mississippi","Lafayette County",4,22,1900,859,1041
050,28,071,"Mississippi","Lafayette County",4,23,1425,697,728
050,28,071,"Mississippi","Lafayette County",4,24,1069,535,534
050,28,071,"Mississippi","Lafayette County",4,25,924,456,468
050,28,071,"Mississippi","Lafayette County",4,26,831,435,396
050,28,071,"Mississippi","Lafayette County",4,27,748,388,360
050,28,071,"Mississippi","Lafayette County",4,28,751,391,360
050,28,071,"Mississippi","Lafayette County",4,29,759,390,369
050,28,071,"Mississippi","Lafayette County",4,30,732,377,355
050,28,071,"Mississippi","Lafayette County",4,31,776,387,389
050,28,071,"Mississippi","Lafayette County",4,32,773,355,418
050,28,071,"Mississippi","Lafayette County",4,33,692,335,357
050,28,071,"Mississippi","Lafayette County",4,34,647,335,312
050,28,071,"Mississippi","Lafayette County",4,35,639,322,317
050,28,071,"Mississippi","Lafayette County",4,36,694,332,362
050,28,071,"Mississippi","Lafayette County",4,37,740,375,365
050,28,071,"Mississippi","Lafayette County",4,38,673,351,322
050,28,071,"Mississippi","Lafayette County",4,39,714,362,352
050,28,071,"Mississippi","Lafayette County",4,40,717,342,375
050,28,071,"Mississippi","Lafayette County",4,41,702,335,367
050,28,071,"Mississippi","Lafayette County",4,42,678,326,352
050,28,071,"Mississippi","Lafayette County",4,43,664,336,328
050,28,071,"Mississippi","Lafayette County",4,44,691,353,338
050,28,071,"Mississippi","Lafayette County",4,45,628,296,332
050,28,071,"Mississippi","Lafayette County",4,46,581,276,305
050,28,071,"Mississippi","Lafayette County",4,47,556,275,281
050,28,071,"Mississippi","Lafayette County",4,48,555,288,267
050,28,071,"Mississippi","Lafayette County",4,49,567,277,290
050,28,071,"Mississippi","Lafayette County",4,50,618,311,307
050,28,071,"Mississippi","Lafayette County",4,51,695,329,366
050,28,071,"Mississippi","Lafayette County",4,52,665,309,356
050,28,071,"Mississippi","Lafayette County",4,53,572,278,294
050,28,071,"Mississippi","Lafayette County",4,54,546,259,287
050,28,071,"Mississippi","Lafayette County",4,55,562,272,290
050,28,071,"Mississippi","Lafayette County",4,56,542,263,279
050,28,071,"Mississippi","Lafayette County",4,57,551,261,290
050,28,071,"Mississippi","Lafayette County",4,58,560,263,297
050,28,071,"Mississippi","Lafayette County",4,59,573,277,296
050,28,071,"Mississippi","Lafayette County",4,60,597,274,323
050,28,071,"Mississippi","Lafayette County",4,61,613,281,332
050,28,071,"Mississippi","Lafayette County",4,62,623,285,338
050,28,071,"Mississippi","Lafayette County",4,63,606,286,320
050,28,071,"Mississippi","Lafayette County",4,64,576,285,291
050,28,071,"Mississippi","Lafayette County",4,65,591,283,308
050,28,071,"Mississippi","Lafayette County",4,66,586,281,305
050,28,071,"Mississippi","Lafayette County",4,67,547,250,297
050,28,071,"Mississippi","Lafayette County",4,68,533,251,282
050,28,071,"Mississippi","Lafayette County",4,69,522,248,274
050,28,071,"Mississippi","Lafayette County",4,70,521,238,283
050,28,071,"Mississippi","Lafayette County",4,71,495,209,286
050,28,071,"Mississippi","Lafayette County",4,72,435,202,233
050,28,071,"Mississippi","Lafayette County",4,73,378,177,201
050,28,071,"Mississippi","Lafayette County",4,74,407,201,206
050,28,071,"Mississippi","Lafayette County",4,75,434,206,228
050,28,071,"Mississippi","Lafayette County",4,76,284,124,160
050,28,071,"Mississippi","Lafayette County",4,77,275,132,143
050,28,071,"Mississippi","Lafayette County",4,78,247,120,127
050,28,071,"Mississippi","Lafayette County",4,79,259,114,145
050,28,071,"Mississippi","Lafayette County",4,80,210,92,118
050,28,071,"Mississippi","Lafayette County",4,81,183,73,110
050,28,071,"Mississippi","Lafayette County",4,82,159,65,94
050,28,071,"Mississippi","Lafayette County",4,83,146,58,88
050,28,071,"Mississippi","Lafayette County",4,84,133,53,80
050,28,071,"Mississippi","Lafayette County",4,85,611,186,425
050,28,071,"Mississippi","Lafayette County",5,0,621,319,302
050,28,071,"Mississippi","Lafayette County",5,1,599,287,312
050,28,071,"Mississippi","Lafayette County",5,2,535,274,261
050,28,071,"Mississippi","Lafayette County",5,3,499,253,246
050,28,071,"Mississippi","Lafayette County",5,4,563,271,292
050,28,071,"Mississippi","Lafayette County",5,5,568,304,264
050,28,071,"Mississippi","Lafayette County",5,6,606,300,306
050,28,071,"Mississippi","Lafayette County",5,7,604,299,305
050,28,071,"Mississippi","Lafayette County",5,8,620,309,311
050,28,071,"Mississippi","Lafayette County",5,9,576,273,303
050,28,071,"Mississippi","Lafayette County",5,10,577,276,301
050,28,071,"Mississippi","Lafayette County",5,11,586,295,291
050,28,071,"Mississippi","Lafayette County",5,12,581,279,302
050,28,071,"Mississippi","Lafayette County",5,13,637,319,318
050,28,071,"Mississippi","Lafayette County",5,14,620,311,309
050,28,071,"Mississippi","Lafayette County",5,15,638,321,317
050,28,071,"Mississippi","Lafayette County",5,16,671,359,312
050,28,071,"Mississippi","Lafayette County",5,17,660,323,337
050,28,071,"Mississippi","Lafayette County",5,18,1475,602,873
050,28,071,"Mississippi","Lafayette County",5,19,2797,1354,1443
050,28,071,"Mississippi","Lafayette County",5,20,2098,1022,1076
050,28,071,"Mississippi","Lafayette County",5,21,2022,981,1041
050,28,071,"Mississippi","Lafayette County",5,22,1852,850,1002
050,28,071,"Mississippi","Lafayette County",5,23,1496,744,752
050,28,071,"Mississippi","Lafayette County",5,24,1112,528,584
050,28,071,"Mississippi","Lafayette County",5,25,934,498,436
050,28,071,"Mississippi","Lafayette County",5,26,833,403,430
050,28,071,"Mississippi","Lafayette County",5,27,769,383,386
050,28,071,"Mississippi","Lafayette County",5,28,735,372,363
050,28,071,"Mississippi","Lafayette County",5,29,728,371,357
050,28,071,"Mississippi","Lafayette County",5,30,762,412,350
050,28,071,"Mississippi","Lafayette County",5,31,743,371,372
050,28,071,"Mississippi","Lafayette County",5,32,769,374,395
050,28,071,"Mississippi","Lafayette County",5,33,786,370,416
050,28,071,"Mississippi","Lafayette County",5,34,707,347,360
050,28,071,"Mississippi","Lafayette County",5,35,638,334,304
050,28,071,"Mississippi","Lafayette County",5,36,607,297,310
050,28,071,"Mississippi","Lafayette County",5,37,691,335,356
050,28,071,"Mississippi","Lafayette County",5,38,756,383,373
050,28,071,"Mississippi","Lafayette County",5,39,650,328,322
050,28,071,"Mississippi","Lafayette County",5,40,718,366,352
050,28,071,"Mississippi","Lafayette County",5,41,711,338,373
050,28,071,"Mississippi","Lafayette County",5,42,694,332,362
050,28,071,"Mississippi","Lafayette County",5,43,667,314,353
050,28,071,"Mississippi","Lafayette County",5,44,674,345,329
050,28,071,"Mississippi","Lafayette County",5,45,683,337,346
050,28,071,"Mississippi","Lafayette County",5,46,629,304,325
050,28,071,"Mississippi","Lafayette County",5,47,578,268,310
050,28,071,"Mississippi","Lafayette County",5,48,574,287,287
050,28,071,"Mississippi","Lafayette County",5,49,545,277,268
050,28,071,"Mississippi","Lafayette County",5,50,567,275,292
050,28,071,"Mississippi","Lafayette County",5,51,636,310,326
050,28,071,"Mississippi","Lafayette County",5,52,714,345,369
050,28,071,"Mississippi","Lafayette County",5,53,646,299,347
050,28,071,"Mississippi","Lafayette County",5,54,580,288,292
050,28,071,"Mississippi","Lafayette County",5,55,547,252,295
050,28,071,"Mississippi","Lafayette County",5,56,555,271,284
050,28,071,"Mississippi","Lafayette County",5,57,535,257,278
050,28,071,"Mississippi","Lafayette County",5,58,552,250,302
050,28,071,"Mississippi","Lafayette County",5,59,580,275,305
050,28,071,"Mississippi","Lafayette County",5,60,590,286,304
050,28,071,"Mississippi","Lafayette County",5,61,593,272,321
050,28,071,"Mississippi","Lafayette County",5,62,620,288,332
050,28,071,"Mississippi","Lafayette County",5,63,632,282,350
050,28,071,"Mississippi","Lafayette County",5,64,615,295,320
050,28,071,"Mississippi","Lafayette County",5,65,585,286,299
050,28,071,"Mississippi","Lafayette County",5,66,591,284,307
050,28,071,"Mississippi","Lafayette County",5,67,577,277,300
050,28,071,"Mississippi","Lafayette County",5,68,550,245,305
050,28,071,"Mississippi","Lafayette County",5,69,527,253,274
050,28,071,"Mississippi","Lafayette County",5,70,518,244,274
050,28,071,"Mississippi","Lafayette County",5,71,518,233,285
050,28,071,"Mississippi","Lafayette County",5,72,495,207,288
050,28,071,"Mississippi","Lafayette County",5,73,431,199,232
050,28,071,"Mississippi","Lafayette County",5,74,372,169,203
050,28,071,"Mississippi","Lafayette County",5,75,394,200,194
050,28,071,"Mississippi","Lafayette County",5,76,425,204,221
050,28,071,"Mississippi","Lafayette County",5,77,285,119,166
050,28,071,"Mississippi","Lafayette County",5,78,266,128,138
050,28,071,"Mississippi","Lafayette County",5,79,236,113,123
050,28,071,"Mississippi","Lafayette County",5,80,244,109,135
050,28,071,"Mississippi","Lafayette County",5,81,200,83,117
050,28,071,"Mississippi","Lafayette County",5,82,178,66,112
050,28,071,"Mississippi","Lafayette County",5,83,145,60,85
050,28,071,"Mississippi","Lafayette County",5,84,145,57,88
050,28,071,"Mississippi","Lafayette County",5,85,629,200,429
050,28,073,"Mississippi","Lamar County",1,0,745,380,365
050,28,073,"Mississippi","Lamar County",1,1,777,395,382
050,28,073,"Mississippi","Lamar County",1,2,840,438,402
050,28,073,"Mississippi","Lamar County",1,3,842,423,419
050,28,073,"Mississippi","Lamar County",1,4,843,415,428
050,28,073,"Mississippi","Lamar County",1,5,855,425,430
050,28,073,"Mississippi","Lamar County",1,6,845,441,404
050,28,073,"Mississippi","Lamar County",1,7,864,445,419
050,28,073,"Mississippi","Lamar County",1,8,852,450,402
050,28,073,"Mississippi","Lamar County",1,9,882,464,418
050,28,073,"Mississippi","Lamar County",1,10,929,460,469
050,28,073,"Mississippi","Lamar County",1,11,969,484,485
050,28,073,"Mississippi","Lamar County",1,12,1012,509,503
050,28,073,"Mississippi","Lamar County",1,13,1003,483,520
050,28,073,"Mississippi","Lamar County",1,14,959,463,496
050,28,073,"Mississippi","Lamar County",1,15,906,469,437
050,28,073,"Mississippi","Lamar County",1,16,994,516,478
050,28,073,"Mississippi","Lamar County",1,17,904,473,431
050,28,073,"Mississippi","Lamar County",1,18,742,382,360
050,28,073,"Mississippi","Lamar County",1,19,594,307,287
050,28,073,"Mississippi","Lamar County",1,20,687,323,364
050,28,073,"Mississippi","Lamar County",1,21,753,347,406
050,28,073,"Mississippi","Lamar County",1,22,774,363,411
050,28,073,"Mississippi","Lamar County",1,23,812,386,426
050,28,073,"Mississippi","Lamar County",1,24,834,409,425
050,28,073,"Mississippi","Lamar County",1,25,842,396,446
050,28,073,"Mississippi","Lamar County",1,26,864,408,456
050,28,073,"Mississippi","Lamar County",1,27,873,424,449
050,28,073,"Mississippi","Lamar County",1,28,884,414,470
050,28,073,"Mississippi","Lamar County",1,29,930,447,483
050,28,073,"Mississippi","Lamar County",1,30,946,450,496
050,28,073,"Mississippi","Lamar County",1,31,943,461,482
050,28,073,"Mississippi","Lamar County",1,32,904,411,493
050,28,073,"Mississippi","Lamar County",1,33,911,413,498
050,28,073,"Mississippi","Lamar County",1,34,919,415,504
050,28,073,"Mississippi","Lamar County",1,35,988,463,525
050,28,073,"Mississippi","Lamar County",1,36,917,399,518
050,28,073,"Mississippi","Lamar County",1,37,1002,472,530
050,28,073,"Mississippi","Lamar County",1,38,996,498,498
050,28,073,"Mississippi","Lamar County",1,39,951,461,490
050,28,073,"Mississippi","Lamar County",1,40,924,433,491
050,28,073,"Mississippi","Lamar County",1,41,894,432,462
050,28,073,"Mississippi","Lamar County",1,42,860,400,460
050,28,073,"Mississippi","Lamar County",1,43,852,411,441
050,28,073,"Mississippi","Lamar County",1,44,803,397,406
050,28,073,"Mississippi","Lamar County",1,45,794,368,426
050,28,073,"Mississippi","Lamar County",1,46,823,399,424
050,28,073,"Mississippi","Lamar County",1,47,808,389,419
050,28,073,"Mississippi","Lamar County",1,48,878,432,446
050,28,073,"Mississippi","Lamar County",1,49,921,476,445
050,28,073,"Mississippi","Lamar County",1,50,794,408,386
050,28,073,"Mississippi","Lamar County",1,51,759,388,371
050,28,073,"Mississippi","Lamar County",1,52,747,354,393
050,28,073,"Mississippi","Lamar County",1,53,731,344,387
050,28,073,"Mississippi","Lamar County",1,54,764,386,378
050,28,073,"Mississippi","Lamar County",1,55,786,387,399
050,28,073,"Mississippi","Lamar County",1,56,802,365,437
050,28,073,"Mississippi","Lamar County",1,57,769,371,398
050,28,073,"Mississippi","Lamar County",1,58,793,390,403
050,28,073,"Mississippi","Lamar County",1,59,800,395,405
050,28,073,"Mississippi","Lamar County",1,60,750,369,381
050,28,073,"Mississippi","Lamar County",1,61,730,334,396
050,28,073,"Mississippi","Lamar County",1,62,752,356,396
050,28,073,"Mississippi","Lamar County",1,63,763,375,388
050,28,073,"Mississippi","Lamar County",1,64,717,323,394
050,28,073,"Mississippi","Lamar County",1,65,678,328,350
050,28,073,"Mississippi","Lamar County",1,66,659,332,327
050,28,073,"Mississippi","Lamar County",1,67,627,292,335
050,28,073,"Mississippi","Lamar County",1,68,606,293,313
050,28,073,"Mississippi","Lamar County",1,69,571,256,315
050,28,073,"Mississippi","Lamar County",1,70,538,254,284
050,28,073,"Mississippi","Lamar County",1,71,502,246,256
050,28,073,"Mississippi","Lamar County",1,72,505,234,271
050,28,073,"Mississippi","Lamar County",1,73,541,255,286
050,28,073,"Mississippi","Lamar County",1,74,364,153,211
050,28,073,"Mississippi","Lamar County",1,75,362,148,214
050,28,073,"Mississippi","Lamar County",1,76,342,168,174
050,28,073,"Mississippi","Lamar County",1,77,324,161,163
050,28,073,"Mississippi","Lamar County",1,78,286,128,158
050,28,073,"Mississippi","Lamar County",1,79,272,110,162
050,28,073,"Mississippi","Lamar County",1,80,259,108,151
050,28,073,"Mississippi","Lamar County",1,81,241,115,126
050,28,073,"Mississippi","Lamar County",1,82,221,89,132
050,28,073,"Mississippi","Lamar County",1,83,171,63,108
050,28,073,"Mississippi","Lamar County",1,84,149,58,91
050,28,073,"Mississippi","Lamar County",1,85,900,311,589
050,28,073,"Mississippi","Lamar County",2,0,737,379,358
050,28,073,"Mississippi","Lamar County",2,1,773,391,382
050,28,073,"Mississippi","Lamar County",2,2,832,428,404
050,28,073,"Mississippi","Lamar County",2,3,838,425,413
050,28,073,"Mississippi","Lamar County",2,4,849,419,430
050,28,073,"Mississippi","Lamar County",2,5,855,427,428
050,28,073,"Mississippi","Lamar County",2,6,852,440,412
050,28,073,"Mississippi","Lamar County",2,7,859,443,416
050,28,073,"Mississippi","Lamar County",2,8,857,452,405
050,28,073,"Mississippi","Lamar County",2,9,873,459,414
050,28,073,"Mississippi","Lamar County",2,10,921,464,457
050,28,073,"Mississippi","Lamar County",2,11,960,480,480
050,28,073,"Mississippi","Lamar County",2,12,1010,509,501
050,28,073,"Mississippi","Lamar County",2,13,1009,491,518
050,28,073,"Mississippi","Lamar County",2,14,971,469,502
050,28,073,"Mississippi","Lamar County",2,15,925,467,458
050,28,073,"Mississippi","Lamar County",2,16,975,504,471
050,28,073,"Mississippi","Lamar County",2,17,927,483,444
050,28,073,"Mississippi","Lamar County",2,18,749,390,359
050,28,073,"Mississippi","Lamar County",2,19,608,312,296
050,28,073,"Mississippi","Lamar County",2,20,689,325,364
050,28,073,"Mississippi","Lamar County",2,21,751,343,408
050,28,073,"Mississippi","Lamar County",2,22,788,363,425
050,28,073,"Mississippi","Lamar County",2,23,817,387,430
050,28,073,"Mississippi","Lamar County",2,24,830,405,425
050,28,073,"Mississippi","Lamar County",2,25,843,401,442
050,28,073,"Mississippi","Lamar County",2,26,861,407,454
050,28,073,"Mississippi","Lamar County",2,27,870,417,453
050,28,073,"Mississippi","Lamar County",2,28,886,419,467
050,28,073,"Mississippi","Lamar County",2,29,926,442,484
050,28,073,"Mississippi","Lamar County",2,30,949,454,495
050,28,073,"Mississippi","Lamar County",2,31,943,455,488
050,28,073,"Mississippi","Lamar County",2,32,918,423,495
050,28,073,"Mississippi","Lamar County",2,33,906,412,494
050,28,073,"Mississippi","Lamar County",2,34,925,421,504
050,28,073,"Mississippi","Lamar County",2,35,980,456,524
050,28,073,"Mississippi","Lamar County",2,36,930,415,515
050,28,073,"Mississippi","Lamar County",2,37,984,457,527
050,28,073,"Mississippi","Lamar County",2,38,998,492,506
050,28,073,"Mississippi","Lamar County",2,39,965,472,493
050,28,073,"Mississippi","Lamar County",2,40,936,441,495
050,28,073,"Mississippi","Lamar County",2,41,899,428,471
050,28,073,"Mississippi","Lamar County",2,42,865,407,458
050,28,073,"Mississippi","Lamar County",2,43,861,411,450
050,28,073,"Mississippi","Lamar County",2,44,806,396,410
050,28,073,"Mississippi","Lamar County",2,45,800,378,422
050,28,073,"Mississippi","Lamar County",2,46,815,393,422
050,28,073,"Mississippi","Lamar County",2,47,807,391,416
050,28,073,"Mississippi","Lamar County",2,48,860,422,438
050,28,073,"Mississippi","Lamar County",2,49,913,467,446
050,28,073,"Mississippi","Lamar County",2,50,825,424,401
050,28,073,"Mississippi","Lamar County",2,51,766,392,374
050,28,073,"Mississippi","Lamar County",2,52,751,364,387
050,28,073,"Mississippi","Lamar County",2,53,728,345,383
050,28,073,"Mississippi","Lamar County",2,54,747,372,375
050,28,073,"Mississippi","Lamar County",2,55,780,386,394
050,28,073,"Mississippi","Lamar County",2,56,800,373,427
050,28,073,"Mississippi","Lamar County",2,57,778,370,408
050,28,073,"Mississippi","Lamar County",2,58,784,384,400
050,28,073,"Mississippi","Lamar County",2,59,799,394,405
050,28,073,"Mississippi","Lamar County",2,60,757,375,382
050,28,073,"Mississippi","Lamar County",2,61,729,340,389
050,28,073,"Mississippi","Lamar County",2,62,744,348,396
050,28,073,"Mississippi","Lamar County",2,63,766,371,395
050,28,073,"Mississippi","Lamar County",2,64,728,335,393
050,28,073,"Mississippi","Lamar County",2,65,681,327,354
050,28,073,"Mississippi","Lamar County",2,66,665,332,333
050,28,073,"Mississippi","Lamar County",2,67,632,300,332
050,28,073,"Mississippi","Lamar County",2,68,609,292,317
050,28,073,"Mississippi","Lamar County",2,69,577,265,312
050,28,073,"Mississippi","Lamar County",2,70,544,252,292
050,28,073,"Mississippi","Lamar County",2,71,515,249,266
050,28,073,"Mississippi","Lamar County",2,72,493,230,263
050,28,073,"Mississippi","Lamar County",2,73,554,263,291
050,28,073,"Mississippi","Lamar County",2,74,380,166,214
050,28,073,"Mississippi","Lamar County",2,75,366,150,216
050,28,073,"Mississippi","Lamar County",2,76,340,159,181
050,28,073,"Mississippi","Lamar County",2,77,330,162,168
050,28,073,"Mississippi","Lamar County",2,78,286,131,155
050,28,073,"Mississippi","Lamar County",2,79,271,112,159
050,28,073,"Mississippi","Lamar County",2,80,259,109,150
050,28,073,"Mississippi","Lamar County",2,81,244,112,132
050,28,073,"Mississippi","Lamar County",2,82,226,94,132
050,28,073,"Mississippi","Lamar County",2,83,180,68,112
050,28,073,"Mississippi","Lamar County",2,84,154,59,95
050,28,073,"Mississippi","Lamar County",2,85,900,309,591
050,28,073,"Mississippi","Lamar County",3,0,765,396,369
050,28,073,"Mississippi","Lamar County",3,1,799,405,394
050,28,073,"Mississippi","Lamar County",3,2,794,409,385
050,28,073,"Mississippi","Lamar County",3,3,832,422,410
050,28,073,"Mississippi","Lamar County",3,4,860,446,414
050,28,073,"Mississippi","Lamar County",3,5,873,425,448
050,28,073,"Mississippi","Lamar County",3,6,869,437,432
050,28,073,"Mississippi","Lamar County",3,7,865,439,426
050,28,073,"Mississippi","Lamar County",3,8,857,441,416
050,28,073,"Mississippi","Lamar County",3,9,883,465,418
050,28,073,"Mississippi","Lamar County",3,10,879,458,421
050,28,073,"Mississippi","Lamar County",3,11,918,460,458
050,28,073,"Mississippi","Lamar County",3,12,989,492,497
050,28,073,"Mississippi","Lamar County",3,13,1046,519,527
050,28,073,"Mississippi","Lamar County",3,14,1035,504,531
050,28,073,"Mississippi","Lamar County",3,15,986,475,511
050,28,073,"Mississippi","Lamar County",3,16,916,463,453
050,28,073,"Mississippi","Lamar County",3,17,953,487,466
050,28,073,"Mississippi","Lamar County",3,18,796,435,361
050,28,073,"Mississippi","Lamar County",3,19,658,330,328
050,28,073,"Mississippi","Lamar County",3,20,698,356,342
050,28,073,"Mississippi","Lamar County",3,21,797,388,409
050,28,073,"Mississippi","Lamar County",3,22,818,363,455
050,28,073,"Mississippi","Lamar County",3,23,870,391,479
050,28,073,"Mississippi","Lamar County",3,24,831,406,425
050,28,073,"Mississippi","Lamar County",3,25,859,407,452
050,28,073,"Mississippi","Lamar County",3,26,807,384,423
050,28,073,"Mississippi","Lamar County",3,27,849,408,441
050,28,073,"Mississippi","Lamar County",3,28,870,418,452
050,28,073,"Mississippi","Lamar County",3,29,937,442,495
050,28,073,"Mississippi","Lamar County",3,30,960,466,494
050,28,073,"Mississippi","Lamar County",3,31,1008,481,527
050,28,073,"Mississippi","Lamar County",3,32,978,450,528
050,28,073,"Mississippi","Lamar County",3,33,948,442,506
050,28,073,"Mississippi","Lamar County",3,34,918,412,506
050,28,073,"Mississippi","Lamar County",3,35,927,419,508
050,28,073,"Mississippi","Lamar County",3,36,1002,474,528
050,28,073,"Mississippi","Lamar County",3,37,938,428,510
050,28,073,"Mississippi","Lamar County",3,38,981,458,523
050,28,073,"Mississippi","Lamar County",3,39,991,488,503
050,28,073,"Mississippi","Lamar County",3,40,952,460,492
050,28,073,"Mississippi","Lamar County",3,41,958,436,522
050,28,073,"Mississippi","Lamar County",3,42,892,412,480
050,28,073,"Mississippi","Lamar County",3,43,877,412,465
050,28,073,"Mississippi","Lamar County",3,44,842,403,439
050,28,073,"Mississippi","Lamar County",3,45,802,393,409
050,28,073,"Mississippi","Lamar County",3,46,816,386,430
050,28,073,"Mississippi","Lamar County",3,47,798,388,410
050,28,073,"Mississippi","Lamar County",3,48,800,391,409
050,28,073,"Mississippi","Lamar County",3,49,859,429,430
050,28,073,"Mississippi","Lamar County",3,50,909,468,441
050,28,073,"Mississippi","Lamar County",3,51,823,416,407
050,28,073,"Mississippi","Lamar County",3,52,797,405,392
050,28,073,"Mississippi","Lamar County",3,53,740,362,378
050,28,073,"Mississippi","Lamar County",3,54,728,342,386
050,28,073,"Mississippi","Lamar County",3,55,738,360,378
050,28,073,"Mississippi","Lamar County",3,56,765,377,388
050,28,073,"Mississippi","Lamar County",3,57,803,378,425
050,28,073,"Mississippi","Lamar County",3,58,774,369,405
050,28,073,"Mississippi","Lamar County",3,59,792,383,409
050,28,073,"Mississippi","Lamar County",3,60,799,398,401
050,28,073,"Mississippi","Lamar County",3,61,748,375,373
050,28,073,"Mississippi","Lamar County",3,62,736,335,401
050,28,073,"Mississippi","Lamar County",3,63,750,349,401
050,28,073,"Mississippi","Lamar County",3,64,765,367,398
050,28,073,"Mississippi","Lamar County",3,65,722,334,388
050,28,073,"Mississippi","Lamar County",3,66,666,326,340
050,28,073,"Mississippi","Lamar County",3,67,650,319,331
050,28,073,"Mississippi","Lamar County",3,68,630,301,329
050,28,073,"Mississippi","Lamar County",3,69,604,290,314
050,28,073,"Mississippi","Lamar County",3,70,564,264,300
050,28,073,"Mississippi","Lamar County",3,71,534,244,290
050,28,073,"Mississippi","Lamar County",3,72,511,243,268
050,28,073,"Mississippi","Lamar County",3,73,485,220,265
050,28,073,"Mississippi","Lamar County",3,74,531,256,275
050,28,073,"Mississippi","Lamar County",3,75,383,167,216
050,28,073,"Mississippi","Lamar County",3,76,350,145,205
050,28,073,"Mississippi","Lamar County",3,77,333,149,184
050,28,073,"Mississippi","Lamar County",3,78,326,153,173
050,28,073,"Mississippi","Lamar County",3,79,271,124,147
050,28,073,"Mississippi","Lamar County",3,80,258,109,149
050,28,073,"Mississippi","Lamar County",3,81,248,103,145
050,28,073,"Mississippi","Lamar County",3,82,224,101,123
050,28,073,"Mississippi","Lamar County",3,83,205,84,121
050,28,073,"Mississippi","Lamar County",3,84,165,57,108
050,28,073,"Mississippi","Lamar County",3,85,926,319,607
050,28,073,"Mississippi","Lamar County",4,0,761,407,354
050,28,073,"Mississippi","Lamar County",4,1,750,390,360
050,28,073,"Mississippi","Lamar County",4,2,808,405,403
050,28,073,"Mississippi","Lamar County",4,3,781,410,371
050,28,073,"Mississippi","Lamar County",4,4,838,427,411
050,28,073,"Mississippi","Lamar County",4,5,867,450,417
050,28,073,"Mississippi","Lamar County",4,6,872,445,427
050,28,073,"Mississippi","Lamar County",4,7,878,422,456
050,28,073,"Mississippi","Lamar County",4,8,869,429,440
050,28,073,"Mississippi","Lamar County",4,9,859,432,427
050,28,073,"Mississippi","Lamar County",4,10,886,470,416
050,28,073,"Mississippi","Lamar County",4,11,901,474,427
050,28,073,"Mississippi","Lamar County",4,12,936,472,464
050,28,073,"Mississippi","Lamar County",4,13,993,480,513
050,28,073,"Mississippi","Lamar County",4,14,1045,527,518
050,28,073,"Mississippi","Lamar County",4,15,1037,515,522
050,28,073,"Mississippi","Lamar County",4,16,995,489,506
050,28,073,"Mississippi","Lamar County",4,17,913,464,449
050,28,073,"Mississippi","Lamar County",4,18,807,428,379
050,28,073,"Mississippi","Lamar County",4,19,642,339,303
050,28,073,"Mississippi","Lamar County",4,20,723,358,365
050,28,073,"Mississippi","Lamar County",4,21,788,378,410
050,28,073,"Mississippi","Lamar County",4,22,867,410,457
050,28,073,"Mississippi","Lamar County",4,23,880,416,464
050,28,073,"Mississippi","Lamar County",4,24,830,373,457
050,28,073,"Mississippi","Lamar County",4,25,798,397,401
050,28,073,"Mississippi","Lamar County",4,26,808,378,430
050,28,073,"Mississippi","Lamar County",4,27,791,359,432
050,28,073,"Mississippi","Lamar County",4,28,861,402,459
050,28,073,"Mississippi","Lamar County",4,29,900,418,482
050,28,073,"Mississippi","Lamar County",4,30,927,435,492
050,28,073,"Mississippi","Lamar County",4,31,959,460,499
050,28,073,"Mississippi","Lamar County",4,32,1003,469,534
050,28,073,"Mississippi","Lamar County",4,33,996,465,531
050,28,073,"Mississippi","Lamar County",4,34,955,453,502
050,28,073,"Mississippi","Lamar County",4,35,898,408,490
050,28,073,"Mississippi","Lamar County",4,36,912,413,499
050,28,073,"Mississippi","Lamar County",4,37,1018,472,546
050,28,073,"Mississippi","Lamar County",4,38,921,424,497
050,28,073,"Mississippi","Lamar County",4,39,984,460,524
050,28,073,"Mississippi","Lamar County",4,40,970,472,498
050,28,073,"Mississippi","Lamar County",4,41,959,475,484
050,28,073,"Mississippi","Lamar County",4,42,947,438,509
050,28,073,"Mississippi","Lamar County",4,43,905,402,503
050,28,073,"Mississippi","Lamar County",4,44,897,415,482
050,28,073,"Mississippi","Lamar County",4,45,843,403,440
050,28,073,"Mississippi","Lamar County",4,46,823,394,429
050,28,073,"Mississippi","Lamar County",4,47,815,386,429
050,28,073,"Mississippi","Lamar County",4,48,797,399,398
050,28,073,"Mississippi","Lamar County",4,49,783,383,400
050,28,073,"Mississippi","Lamar County",4,50,849,422,427
050,28,073,"Mississippi","Lamar County",4,51,896,451,445
050,28,073,"Mississippi","Lamar County",4,52,828,421,407
050,28,073,"Mississippi","Lamar County",4,53,789,389,400
050,28,073,"Mississippi","Lamar County",4,54,740,356,384
050,28,073,"Mississippi","Lamar County",4,55,741,355,386
050,28,073,"Mississippi","Lamar County",4,56,723,351,372
050,28,073,"Mississippi","Lamar County",4,57,759,380,379
050,28,073,"Mississippi","Lamar County",4,58,801,378,423
050,28,073,"Mississippi","Lamar County",4,59,749,354,395
050,28,073,"Mississippi","Lamar County",4,60,789,371,418
050,28,073,"Mississippi","Lamar County",4,61,788,392,396
050,28,073,"Mississippi","Lamar County",4,62,758,381,377
050,28,073,"Mississippi","Lamar County",4,63,736,334,402
050,28,073,"Mississippi","Lamar County",4,64,746,341,405
050,28,073,"Mississippi","Lamar County",4,65,761,372,389
050,28,073,"Mississippi","Lamar County",4,66,708,317,391
050,28,073,"Mississippi","Lamar County",4,67,662,317,345
050,28,073,"Mississippi","Lamar County",4,68,648,321,327
050,28,073,"Mississippi","Lamar County",4,69,622,293,329
050,28,073,"Mississippi","Lamar County",4,70,599,288,311
050,28,073,"Mississippi","Lamar County",4,71,558,262,296
050,28,073,"Mississippi","Lamar County",4,72,524,235,289
050,28,073,"Mississippi","Lamar County",4,73,507,236,271
050,28,073,"Mississippi","Lamar County",4,74,465,213,252
050,28,073,"Mississippi","Lamar County",4,75,537,262,275
050,28,073,"Mississippi","Lamar County",4,76,373,161,212
050,28,073,"Mississippi","Lamar County",4,77,347,137,210
050,28,073,"Mississippi","Lamar County",4,78,325,144,181
050,28,073,"Mississippi","Lamar County",4,79,312,149,163
050,28,073,"Mississippi","Lamar County",4,80,251,114,137
050,28,073,"Mississippi","Lamar County",4,81,257,105,152
050,28,073,"Mississippi","Lamar County",4,82,235,90,145
050,28,073,"Mississippi","Lamar County",4,83,208,93,115
050,28,073,"Mississippi","Lamar County",4,84,196,75,121
050,28,073,"Mississippi","Lamar County",4,85,963,322,641
050,28,073,"Mississippi","Lamar County",5,0,765,410,355
050,28,073,"Mississippi","Lamar County",5,1,744,384,360
050,28,073,"Mississippi","Lamar County",5,2,776,396,380
050,28,073,"Mississippi","Lamar County",5,3,829,420,409
050,28,073,"Mississippi","Lamar County",5,4,764,396,368
050,28,073,"Mississippi","Lamar County",5,5,853,440,413
050,28,073,"Mississippi","Lamar County",5,6,887,456,431
050,28,073,"Mississippi","Lamar County",5,7,878,447,431
050,28,073,"Mississippi","Lamar County",5,8,868,421,447
050,28,073,"Mississippi","Lamar County",5,9,851,428,423
050,28,073,"Mississippi","Lamar County",5,10,885,444,441
050,28,073,"Mississippi","Lamar County",5,11,890,481,409
050,28,073,"Mississippi","Lamar County",5,12,920,487,433
050,28,073,"Mississippi","Lamar County",5,13,933,475,458
050,28,073,"Mississippi","Lamar County",5,14,1005,492,513
050,28,073,"Mississippi","Lamar County",5,15,1035,518,517
050,28,073,"Mississippi","Lamar County",5,16,1063,528,535
050,28,073,"Mississippi","Lamar County",5,17,979,465,514
050,28,073,"Mississippi","Lamar County",5,18,760,401,359
050,28,073,"Mississippi","Lamar County",5,19,658,341,317
050,28,073,"Mississippi","Lamar County",5,20,692,362,330
050,28,073,"Mississippi","Lamar County",5,21,773,367,406
050,28,073,"Mississippi","Lamar County",5,22,843,393,450
050,28,073,"Mississippi","Lamar County",5,23,878,424,454
050,28,073,"Mississippi","Lamar County",5,24,844,402,442
050,28,073,"Mississippi","Lamar County",5,25,846,386,460
050,28,073,"Mississippi","Lamar County",5,26,808,409,399
050,28,073,"Mississippi","Lamar County",5,27,775,352,423
050,28,073,"Mississippi","Lamar County",5,28,781,365,416
050,28,073,"Mississippi","Lamar County",5,29,878,415,463
050,28,073,"Mississippi","Lamar County",5,30,905,418,487
050,28,073,"Mississippi","Lamar County",5,31,950,444,506
050,28,073,"Mississippi","Lamar County",5,32,967,460,507
050,28,073,"Mississippi","Lamar County",5,33,1003,463,540
050,28,073,"Mississippi","Lamar County",5,34,982,456,526
050,28,073,"Mississippi","Lamar County",5,35,932,426,506
050,28,073,"Mississippi","Lamar County",5,36,894,407,487
050,28,073,"Mississippi","Lamar County",5,37,929,429,500
050,28,073,"Mississippi","Lamar County",5,38,1011,475,536
050,28,073,"Mississippi","Lamar County",5,39,949,431,518
050,28,073,"Mississippi","Lamar County",5,40,1004,464,540
050,28,073,"Mississippi","Lamar County",5,41,960,462,498
050,28,073,"Mississippi","Lamar County",5,42,949,470,479
050,28,073,"Mississippi","Lamar County",5,43,947,440,507
050,28,073,"Mississippi","Lamar County",5,44,903,409,494
050,28,073,"Mississippi","Lamar County",5,45,896,412,484
050,28,073,"Mississippi","Lamar County",5,46,854,404,450
050,28,073,"Mississippi","Lamar County",5,47,834,411,423
050,28,073,"Mississippi","Lamar County",5,48,819,388,431
050,28,073,"Mississippi","Lamar County",5,49,795,400,395
050,28,073,"Mississippi","Lamar County",5,50,766,375,391
050,28,073,"Mississippi","Lamar County",5,51,849,411,438
050,28,073,"Mississippi","Lamar County",5,52,920,465,455
050,28,073,"Mississippi","Lamar County",5,53,829,417,412
050,28,073,"Mississippi","Lamar County",5,54,779,384,395
050,28,073,"Mississippi","Lamar County",5,55,733,359,374
050,28,073,"Mississippi","Lamar County",5,56,730,343,387
050,28,073,"Mississippi","Lamar County",5,57,734,350,384
050,28,073,"Mississippi","Lamar County",5,58,777,391,386
050,28,073,"Mississippi","Lamar County",5,59,803,380,423
050,28,073,"Mississippi","Lamar County",5,60,734,344,390
050,28,073,"Mississippi","Lamar County",5,61,796,379,417
050,28,073,"Mississippi","Lamar County",5,62,788,382,406
050,28,073,"Mississippi","Lamar County",5,63,781,389,392
050,28,073,"Mississippi","Lamar County",5,64,733,328,405
050,28,073,"Mississippi","Lamar County",5,65,737,341,396
050,28,073,"Mississippi","Lamar County",5,66,769,380,389
050,28,073,"Mississippi","Lamar County",5,67,703,313,390
050,28,073,"Mississippi","Lamar County",5,68,667,311,356
050,28,073,"Mississippi","Lamar County",5,69,647,316,331
050,28,073,"Mississippi","Lamar County",5,70,623,297,326
050,28,073,"Mississippi","Lamar County",5,71,594,290,304
050,28,073,"Mississippi","Lamar County",5,72,546,255,291
050,28,073,"Mississippi","Lamar County",5,73,515,229,286
050,28,073,"Mississippi","Lamar County",5,74,497,233,264
050,28,073,"Mississippi","Lamar County",5,75,471,213,258
050,28,073,"Mississippi","Lamar County",5,76,518,257,261
050,28,073,"Mississippi","Lamar County",5,77,358,150,208
050,28,073,"Mississippi","Lamar County",5,78,337,130,207
050,28,073,"Mississippi","Lamar County",5,79,312,140,172
050,28,073,"Mississippi","Lamar County",5,80,290,139,151
050,28,073,"Mississippi","Lamar County",5,81,250,113,137
050,28,073,"Mississippi","Lamar County",5,82,230,89,141
050,28,073,"Mississippi","Lamar County",5,83,227,84,143
050,28,073,"Mississippi","Lamar County",5,84,193,76,117
050,28,073,"Mississippi","Lamar County",5,85,1037,350,687
050,28,075,"Mississippi","Lauderdale County",1,0,856,428,428
050,28,075,"Mississippi","Lauderdale County",1,1,909,445,464
050,28,075,"Mississippi","Lauderdale County",1,2,942,470,472
050,28,075,"Mississippi","Lauderdale County",1,3,879,451,428
050,28,075,"Mississippi","Lauderdale County",1,4,958,493,465
050,28,075,"Mississippi","Lauderdale County",1,5,958,473,485
050,28,075,"Mississippi","Lauderdale County",1,6,944,465,479
050,28,075,"Mississippi","Lauderdale County",1,7,909,463,446
050,28,075,"Mississippi","Lauderdale County",1,8,892,448,444
050,28,075,"Mississippi","Lauderdale County",1,9,924,467,457
050,28,075,"Mississippi","Lauderdale County",1,10,947,505,442
050,28,075,"Mississippi","Lauderdale County",1,11,992,503,489
050,28,075,"Mississippi","Lauderdale County",1,12,1092,544,548
050,28,075,"Mississippi","Lauderdale County",1,13,1094,569,525
050,28,075,"Mississippi","Lauderdale County",1,14,1047,527,520
050,28,075,"Mississippi","Lauderdale County",1,15,999,494,505
050,28,075,"Mississippi","Lauderdale County",1,16,984,495,489
050,28,075,"Mississippi","Lauderdale County",1,17,978,484,494
050,28,075,"Mississippi","Lauderdale County",1,18,898,465,433
050,28,075,"Mississippi","Lauderdale County",1,19,850,432,418
050,28,075,"Mississippi","Lauderdale County",1,20,849,441,408
050,28,075,"Mississippi","Lauderdale County",1,21,820,438,382
050,28,075,"Mississippi","Lauderdale County",1,22,791,396,395
050,28,075,"Mississippi","Lauderdale County",1,23,836,428,408
050,28,075,"Mississippi","Lauderdale County",1,24,858,422,436
050,28,075,"Mississippi","Lauderdale County",1,25,924,468,456
050,28,075,"Mississippi","Lauderdale County",1,26,925,485,440
050,28,075,"Mississippi","Lauderdale County",1,27,966,486,480
050,28,075,"Mississippi","Lauderdale County",1,28,1009,494,515
050,28,075,"Mississippi","Lauderdale County",1,29,1026,506,520
050,28,075,"Mississippi","Lauderdale County",1,30,985,479,506
050,28,075,"Mississippi","Lauderdale County",1,31,935,476,459
050,28,075,"Mississippi","Lauderdale County",1,32,911,481,430
050,28,075,"Mississippi","Lauderdale County",1,33,877,437,440
050,28,075,"Mississippi","Lauderdale County",1,34,886,449,437
050,28,075,"Mississippi","Lauderdale County",1,35,885,439,446
050,28,075,"Mississippi","Lauderdale County",1,36,876,424,452
050,28,075,"Mississippi","Lauderdale County",1,37,867,422,445
050,28,075,"Mississippi","Lauderdale County",1,38,915,460,455
050,28,075,"Mississippi","Lauderdale County",1,39,941,484,457
050,28,075,"Mississippi","Lauderdale County",1,40,888,446,442
050,28,075,"Mississippi","Lauderdale County",1,41,818,403,415
050,28,075,"Mississippi","Lauderdale County",1,42,870,427,443
050,28,075,"Mississippi","Lauderdale County",1,43,869,439,430
050,28,075,"Mississippi","Lauderdale County",1,44,834,399,435
050,28,075,"Mississippi","Lauderdale County",1,45,804,379,425
050,28,075,"Mississippi","Lauderdale County",1,46,851,418,433
050,28,075,"Mississippi","Lauderdale County",1,47,922,447,475
050,28,075,"Mississippi","Lauderdale County",1,48,911,448,463
050,28,075,"Mississippi","Lauderdale County",1,49,930,441,489
050,28,075,"Mississippi","Lauderdale County",1,50,872,418,454
050,28,075,"Mississippi","Lauderdale County",1,51,860,416,444
050,28,075,"Mississippi","Lauderdale County",1,52,871,388,483
050,28,075,"Mississippi","Lauderdale County",1,53,889,404,485
050,28,075,"Mississippi","Lauderdale County",1,54,926,433,493
050,28,075,"Mississippi","Lauderdale County",1,55,968,476,492
050,28,075,"Mississippi","Lauderdale County",1,56,950,459,491
050,28,075,"Mississippi","Lauderdale County",1,57,934,472,462
050,28,075,"Mississippi","Lauderdale County",1,58,975,485,490
050,28,075,"Mississippi","Lauderdale County",1,59,992,456,536
050,28,075,"Mississippi","Lauderdale County",1,60,939,439,500
050,28,075,"Mississippi","Lauderdale County",1,61,953,463,490
050,28,075,"Mississippi","Lauderdale County",1,62,970,465,505
050,28,075,"Mississippi","Lauderdale County",1,63,976,465,511
050,28,075,"Mississippi","Lauderdale County",1,64,930,444,486
050,28,075,"Mississippi","Lauderdale County",1,65,916,411,505
050,28,075,"Mississippi","Lauderdale County",1,66,896,418,478
050,28,075,"Mississippi","Lauderdale County",1,67,876,415,461
050,28,075,"Mississippi","Lauderdale County",1,68,829,349,480
050,28,075,"Mississippi","Lauderdale County",1,69,784,338,446
050,28,075,"Mississippi","Lauderdale County",1,70,779,389,390
050,28,075,"Mississippi","Lauderdale County",1,71,735,355,380
050,28,075,"Mississippi","Lauderdale County",1,72,707,326,381
050,28,075,"Mississippi","Lauderdale County",1,73,716,328,388
050,28,075,"Mississippi","Lauderdale County",1,74,488,231,257
050,28,075,"Mississippi","Lauderdale County",1,75,508,225,283
050,28,075,"Mississippi","Lauderdale County",1,76,481,207,274
050,28,075,"Mississippi","Lauderdale County",1,77,471,207,264
050,28,075,"Mississippi","Lauderdale County",1,78,408,173,235
050,28,075,"Mississippi","Lauderdale County",1,79,431,171,260
050,28,075,"Mississippi","Lauderdale County",1,80,374,152,222
050,28,075,"Mississippi","Lauderdale County",1,81,360,155,205
050,28,075,"Mississippi","Lauderdale County",1,82,308,133,175
050,28,075,"Mississippi","Lauderdale County",1,83,284,104,180
050,28,075,"Mississippi","Lauderdale County",1,84,272,104,168
050,28,075,"Mississippi","Lauderdale County",1,85,1522,481,1041
050,28,075,"Mississippi","Lauderdale County",2,0,845,429,416
050,28,075,"Mississippi","Lauderdale County",2,1,893,439,454
050,28,075,"Mississippi","Lauderdale County",2,2,930,462,468
050,28,075,"Mississippi","Lauderdale County",2,3,889,454,435
050,28,075,"Mississippi","Lauderdale County",2,4,932,480,452
050,28,075,"Mississippi","Lauderdale County",2,5,959,478,481
050,28,075,"Mississippi","Lauderdale County",2,6,946,467,479
050,28,075,"Mississippi","Lauderdale County",2,7,915,462,453
050,28,075,"Mississippi","Lauderdale County",2,8,896,451,445
050,28,075,"Mississippi","Lauderdale County",2,9,911,459,452
050,28,075,"Mississippi","Lauderdale County",2,10,934,492,442
050,28,075,"Mississippi","Lauderdale County",2,11,976,501,475
050,28,075,"Mississippi","Lauderdale County",2,12,1071,535,536
050,28,075,"Mississippi","Lauderdale County",2,13,1089,563,526
050,28,075,"Mississippi","Lauderdale County",2,14,1051,531,520
050,28,075,"Mississippi","Lauderdale County",2,15,1006,500,506
050,28,075,"Mississippi","Lauderdale County",2,16,983,493,490
050,28,075,"Mississippi","Lauderdale County",2,17,981,491,490
050,28,075,"Mississippi","Lauderdale County",2,18,895,460,435
050,28,075,"Mississippi","Lauderdale County",2,19,858,437,421
050,28,075,"Mississippi","Lauderdale County",2,20,850,441,409
050,28,075,"Mississippi","Lauderdale County",2,21,822,436,386
050,28,075,"Mississippi","Lauderdale County",2,22,799,406,393
050,28,075,"Mississippi","Lauderdale County",2,23,831,424,407
050,28,075,"Mississippi","Lauderdale County",2,24,848,420,428
050,28,075,"Mississippi","Lauderdale County",2,25,910,461,449
050,28,075,"Mississippi","Lauderdale County",2,26,914,474,440
050,28,075,"Mississippi","Lauderdale County",2,27,950,479,471
050,28,075,"Mississippi","Lauderdale County",2,28,997,492,505
050,28,075,"Mississippi","Lauderdale County",2,29,1016,499,517
050,28,075,"Mississippi","Lauderdale County",2,30,992,482,510
050,28,075,"Mississippi","Lauderdale County",2,31,952,482,470
050,28,075,"Mississippi","Lauderdale County",2,32,912,475,437
050,28,075,"Mississippi","Lauderdale County",2,33,882,445,437
050,28,075,"Mississippi","Lauderdale County",2,34,876,440,436
050,28,075,"Mississippi","Lauderdale County",2,35,889,447,442
050,28,075,"Mississippi","Lauderdale County",2,36,866,421,445
050,28,075,"Mississippi","Lauderdale County",2,37,866,422,444
050,28,075,"Mississippi","Lauderdale County",2,38,909,456,453
050,28,075,"Mississippi","Lauderdale County",2,39,920,467,453
050,28,075,"Mississippi","Lauderdale County",2,40,902,456,446
050,28,075,"Mississippi","Lauderdale County",2,41,831,410,421
050,28,075,"Mississippi","Lauderdale County",2,42,846,414,432
050,28,075,"Mississippi","Lauderdale County",2,43,874,440,434
050,28,075,"Mississippi","Lauderdale County",2,44,834,405,429
050,28,075,"Mississippi","Lauderdale County",2,45,813,382,431
050,28,075,"Mississippi","Lauderdale County",2,46,831,403,428
050,28,075,"Mississippi","Lauderdale County",2,47,901,440,461
050,28,075,"Mississippi","Lauderdale County",2,48,909,443,466
050,28,075,"Mississippi","Lauderdale County",2,49,924,443,481
050,28,075,"Mississippi","Lauderdale County",2,50,887,425,462
050,28,075,"Mississippi","Lauderdale County",2,51,849,407,442
050,28,075,"Mississippi","Lauderdale County",2,52,865,392,473
050,28,075,"Mississippi","Lauderdale County",2,53,883,400,483
050,28,075,"Mississippi","Lauderdale County",2,54,914,427,487
050,28,075,"Mississippi","Lauderdale County",2,55,953,462,491
050,28,075,"Mississippi","Lauderdale County",2,56,953,460,493
050,28,075,"Mississippi","Lauderdale County",2,57,938,468,470
050,28,075,"Mississippi","Lauderdale County",2,58,962,481,481
050,28,075,"Mississippi","Lauderdale County",2,59,986,461,525
050,28,075,"Mississippi","Lauderdale County",2,60,945,437,508
050,28,075,"Mississippi","Lauderdale County",2,61,943,455,488
050,28,075,"Mississippi","Lauderdale County",2,62,956,459,497
050,28,075,"Mississippi","Lauderdale County",2,63,976,465,511
050,28,075,"Mississippi","Lauderdale County",2,64,927,442,485
050,28,075,"Mississippi","Lauderdale County",2,65,906,410,496
050,28,075,"Mississippi","Lauderdale County",2,66,899,416,483
050,28,075,"Mississippi","Lauderdale County",2,67,877,412,465
050,28,075,"Mississippi","Lauderdale County",2,68,822,359,463
050,28,075,"Mississippi","Lauderdale County",2,69,787,334,453
050,28,075,"Mississippi","Lauderdale County",2,70,775,372,403
050,28,075,"Mississippi","Lauderdale County",2,71,741,361,380
050,28,075,"Mississippi","Lauderdale County",2,72,697,322,375
050,28,075,"Mississippi","Lauderdale County",2,73,736,333,403
050,28,075,"Mississippi","Lauderdale County",2,74,511,239,272
050,28,075,"Mississippi","Lauderdale County",2,75,500,228,272
050,28,075,"Mississippi","Lauderdale County",2,76,475,204,271
050,28,075,"Mississippi","Lauderdale County",2,77,465,200,265
050,28,075,"Mississippi","Lauderdale County",2,78,410,176,234
050,28,075,"Mississippi","Lauderdale County",2,79,419,168,251
050,28,075,"Mississippi","Lauderdale County",2,80,376,150,226
050,28,075,"Mississippi","Lauderdale County",2,81,361,156,205
050,28,075,"Mississippi","Lauderdale County",2,82,311,131,180
050,28,075,"Mississippi","Lauderdale County",2,83,284,109,175
050,28,075,"Mississippi","Lauderdale County",2,84,262,98,164
050,28,075,"Mississippi","Lauderdale County",2,85,1498,476,1022
050,28,075,"Mississippi","Lauderdale County",3,0,812,440,372
050,28,075,"Mississippi","Lauderdale County",3,1,847,440,407
050,28,075,"Mississippi","Lauderdale County",3,2,890,435,455
050,28,075,"Mississippi","Lauderdale County",3,3,912,447,465
050,28,075,"Mississippi","Lauderdale County",3,4,896,448,448
050,28,075,"Mississippi","Lauderdale County",3,5,922,471,451
050,28,075,"Mississippi","Lauderdale County",3,6,968,481,487
050,28,075,"Mississippi","Lauderdale County",3,7,934,459,475
050,28,075,"Mississippi","Lauderdale County",3,8,913,460,453
050,28,075,"Mississippi","Lauderdale County",3,9,898,460,438
050,28,075,"Mississippi","Lauderdale County",3,10,893,456,437
050,28,075,"Mississippi","Lauderdale County",3,11,928,494,434
050,28,075,"Mississippi","Lauderdale County",3,12,981,502,479
050,28,075,"Mississippi","Lauderdale County",3,13,1049,532,517
050,28,075,"Mississippi","Lauderdale County",3,14,1076,554,522
050,28,075,"Mississippi","Lauderdale County",3,15,1043,531,512
050,28,075,"Mississippi","Lauderdale County",3,16,997,496,501
050,28,075,"Mississippi","Lauderdale County",3,17,983,487,496
050,28,075,"Mississippi","Lauderdale County",3,18,882,450,432
050,28,075,"Mississippi","Lauderdale County",3,19,827,421,406
050,28,075,"Mississippi","Lauderdale County",3,20,851,435,416
050,28,075,"Mississippi","Lauderdale County",3,21,841,439,402
050,28,075,"Mississippi","Lauderdale County",3,22,820,437,383
050,28,075,"Mississippi","Lauderdale County",3,23,833,431,402
050,28,075,"Mississippi","Lauderdale County",3,24,845,429,416
050,28,075,"Mississippi","Lauderdale County",3,25,879,448,431
050,28,075,"Mississippi","Lauderdale County",3,26,867,445,422
050,28,075,"Mississippi","Lauderdale County",3,27,904,456,448
050,28,075,"Mississippi","Lauderdale County",3,28,950,485,465
050,28,075,"Mississippi","Lauderdale County",3,29,965,469,496
050,28,075,"Mississippi","Lauderdale County",3,30,1000,490,510
050,28,075,"Mississippi","Lauderdale County",3,31,1011,494,517
050,28,075,"Mississippi","Lauderdale County",3,32,941,485,456
050,28,075,"Mississippi","Lauderdale County",3,33,909,468,441
050,28,075,"Mississippi","Lauderdale County",3,34,872,440,432
050,28,075,"Mississippi","Lauderdale County",3,35,870,435,435
050,28,075,"Mississippi","Lauderdale County",3,36,861,426,435
050,28,075,"Mississippi","Lauderdale County",3,37,833,413,420
050,28,075,"Mississippi","Lauderdale County",3,38,855,417,438
050,28,075,"Mississippi","Lauderdale County",3,39,871,425,446
050,28,075,"Mississippi","Lauderdale County",3,40,910,458,452
050,28,075,"Mississippi","Lauderdale County",3,41,921,466,455
050,28,075,"Mississippi","Lauderdale County",3,42,821,396,425
050,28,075,"Mississippi","Lauderdale County",3,43,851,423,428
050,28,075,"Mississippi","Lauderdale County",3,44,868,451,417
050,28,075,"Mississippi","Lauderdale County",3,45,810,393,417
050,28,075,"Mississippi","Lauderdale County",3,46,787,375,412
050,28,075,"Mississippi","Lauderdale County",3,47,807,396,411
050,28,075,"Mississippi","Lauderdale County",3,48,896,441,455
050,28,075,"Mississippi","Lauderdale County",3,49,900,432,468
050,28,075,"Mississippi","Lauderdale County",3,50,927,445,482
050,28,075,"Mississippi","Lauderdale County",3,51,878,411,467
050,28,075,"Mississippi","Lauderdale County",3,52,829,403,426
050,28,075,"Mississippi","Lauderdale County",3,53,860,388,472
050,28,075,"Mississippi","Lauderdale County",3,54,892,409,483
050,28,075,"Mississippi","Lauderdale County",3,55,894,418,476
050,28,075,"Mississippi","Lauderdale County",3,56,942,448,494
050,28,075,"Mississippi","Lauderdale County",3,57,941,468,473
050,28,075,"Mississippi","Lauderdale County",3,58,933,462,471
050,28,075,"Mississippi","Lauderdale County",3,59,948,472,476
050,28,075,"Mississippi","Lauderdale County",3,60,974,452,522
050,28,075,"Mississippi","Lauderdale County",3,61,920,427,493
050,28,075,"Mississippi","Lauderdale County",3,62,927,454,473
050,28,075,"Mississippi","Lauderdale County",3,63,951,455,496
050,28,075,"Mississippi","Lauderdale County",3,64,928,442,486
050,28,075,"Mississippi","Lauderdale County",3,65,923,444,479
050,28,075,"Mississippi","Lauderdale County",3,66,884,391,493
050,28,075,"Mississippi","Lauderdale County",3,67,890,411,479
050,28,075,"Mississippi","Lauderdale County",3,68,829,385,444
050,28,075,"Mississippi","Lauderdale County",3,69,793,340,453
050,28,075,"Mississippi","Lauderdale County",3,70,761,326,435
050,28,075,"Mississippi","Lauderdale County",3,71,751,359,392
050,28,075,"Mississippi","Lauderdale County",3,72,701,340,361
050,28,075,"Mississippi","Lauderdale County",3,73,662,300,362
050,28,075,"Mississippi","Lauderdale County",3,74,703,323,380
050,28,075,"Mississippi","Lauderdale County",3,75,500,234,266
050,28,075,"Mississippi","Lauderdale County",3,76,477,210,267
050,28,075,"Mississippi","Lauderdale County",3,77,439,188,251
050,28,075,"Mississippi","Lauderdale County",3,78,438,189,249
050,28,075,"Mississippi","Lauderdale County",3,79,387,163,224
050,28,075,"Mississippi","Lauderdale County",3,80,374,151,223
050,28,075,"Mississippi","Lauderdale County",3,81,365,148,217
050,28,075,"Mississippi","Lauderdale County",3,82,322,128,194
050,28,075,"Mississippi","Lauderdale County",3,83,286,120,166
050,28,075,"Mississippi","Lauderdale County",3,84,244,92,152
050,28,075,"Mississippi","Lauderdale County",3,85,1464,486,978
050,28,075,"Mississippi","Lauderdale County",4,0,820,437,383
050,28,075,"Mississippi","Lauderdale County",4,1,830,440,390
050,28,075,"Mississippi","Lauderdale County",4,2,863,445,418
050,28,075,"Mississippi","Lauderdale County",4,3,876,442,434
050,28,075,"Mississippi","Lauderdale County",4,4,913,450,463
050,28,075,"Mississippi","Lauderdale County",4,5,896,447,449
050,28,075,"Mississippi","Lauderdale County",4,6,938,476,462
050,28,075,"Mississippi","Lauderdale County",4,7,952,459,493
050,28,075,"Mississippi","Lauderdale County",4,8,912,451,461
050,28,075,"Mississippi","Lauderdale County",4,9,908,459,449
050,28,075,"Mississippi","Lauderdale County",4,10,877,447,430
050,28,075,"Mississippi","Lauderdale County",4,11,877,441,436
050,28,075,"Mississippi","Lauderdale County",4,12,946,501,445
050,28,075,"Mississippi","Lauderdale County",4,13,969,498,471
050,28,075,"Mississippi","Lauderdale County",4,14,1042,526,516
050,28,075,"Mississippi","Lauderdale County",4,15,1073,556,517
050,28,075,"Mississippi","Lauderdale County",4,16,1034,525,509
050,28,075,"Mississippi","Lauderdale County",4,17,984,487,497
050,28,075,"Mississippi","Lauderdale County",4,18,918,467,451
050,28,075,"Mississippi","Lauderdale County",4,19,799,401,398
050,28,075,"Mississippi","Lauderdale County",4,20,818,431,387
050,28,075,"Mississippi","Lauderdale County",4,21,844,430,414
050,28,075,"Mississippi","Lauderdale County",4,22,866,455,411
050,28,075,"Mississippi","Lauderdale County",4,23,860,467,393
050,28,075,"Mississippi","Lauderdale County",4,24,810,408,402
050,28,075,"Mississippi","Lauderdale County",4,25,898,484,414
050,28,075,"Mississippi","Lauderdale County",4,26,839,417,422
050,28,075,"Mississippi","Lauderdale County",4,27,853,427,426
050,28,075,"Mississippi","Lauderdale County",4,28,869,440,429
050,28,075,"Mississippi","Lauderdale County",4,29,922,472,450
050,28,075,"Mississippi","Lauderdale County",4,30,927,440,487
050,28,075,"Mississippi","Lauderdale County",4,31,1009,506,503
050,28,075,"Mississippi","Lauderdale County",4,32,999,499,500
050,28,075,"Mississippi","Lauderdale County",4,33,910,456,454
050,28,075,"Mississippi","Lauderdale County",4,34,885,447,438
050,28,075,"Mississippi","Lauderdale County",4,35,873,448,425
050,28,075,"Mississippi","Lauderdale County",4,36,842,405,437
050,28,075,"Mississippi","Lauderdale County",4,37,838,416,422
050,28,075,"Mississippi","Lauderdale County",4,38,825,407,418
050,28,075,"Mississippi","Lauderdale County",4,39,821,390,431
050,28,075,"Mississippi","Lauderdale County",4,40,862,426,436
050,28,075,"Mississippi","Lauderdale County",4,41,907,463,444
050,28,075,"Mississippi","Lauderdale County",4,42,893,435,458
050,28,075,"Mississippi","Lauderdale County",4,43,813,403,410
050,28,075,"Mississippi","Lauderdale County",4,44,840,422,418
050,28,075,"Mississippi","Lauderdale County",4,45,850,437,413
050,28,075,"Mississippi","Lauderdale County",4,46,802,389,413
050,28,075,"Mississippi","Lauderdale County",4,47,770,370,400
050,28,075,"Mississippi","Lauderdale County",4,48,828,403,425
050,28,075,"Mississippi","Lauderdale County",4,49,877,426,451
050,28,075,"Mississippi","Lauderdale County",4,50,892,440,452
050,28,075,"Mississippi","Lauderdale County",4,51,897,427,470
050,28,075,"Mississippi","Lauderdale County",4,52,863,405,458
050,28,075,"Mississippi","Lauderdale County",4,53,816,391,425
050,28,075,"Mississippi","Lauderdale County",4,54,859,389,470
050,28,075,"Mississippi","Lauderdale County",4,55,861,394,467
050,28,075,"Mississippi","Lauderdale County",4,56,875,409,466
050,28,075,"Mississippi","Lauderdale County",4,57,908,429,479
050,28,075,"Mississippi","Lauderdale County",4,58,921,447,474
050,28,075,"Mississippi","Lauderdale County",4,59,922,453,469
050,28,075,"Mississippi","Lauderdale County",4,60,926,463,463
050,28,075,"Mississippi","Lauderdale County",4,61,951,439,512
050,28,075,"Mississippi","Lauderdale County",4,62,900,421,479
050,28,075,"Mississippi","Lauderdale County",4,63,925,446,479
050,28,075,"Mississippi","Lauderdale County",4,64,901,433,468
050,28,075,"Mississippi","Lauderdale County",4,65,914,432,482
050,28,075,"Mississippi","Lauderdale County",4,66,893,424,469
050,28,075,"Mississippi","Lauderdale County",4,67,885,391,494
050,28,075,"Mississippi","Lauderdale County",4,68,838,378,460
050,28,075,"Mississippi","Lauderdale County",4,69,807,377,430
050,28,075,"Mississippi","Lauderdale County",4,70,773,335,438
050,28,075,"Mississippi","Lauderdale County",4,71,735,311,424
050,28,075,"Mississippi","Lauderdale County",4,72,710,332,378
050,28,075,"Mississippi","Lauderdale County",4,73,675,322,353
050,28,075,"Mississippi","Lauderdale County",4,74,640,290,350
050,28,075,"Mississippi","Lauderdale County",4,75,677,310,367
050,28,075,"Mississippi","Lauderdale County",4,76,487,225,262
050,28,075,"Mississippi","Lauderdale County",4,77,458,202,256
050,28,075,"Mississippi","Lauderdale County",4,78,416,178,238
050,28,075,"Mississippi","Lauderdale County",4,79,426,183,243
050,28,075,"Mississippi","Lauderdale County",4,80,350,145,205
050,28,075,"Mississippi","Lauderdale County",4,81,362,145,217
050,28,075,"Mississippi","Lauderdale County",4,82,329,123,206
050,28,075,"Mississippi","Lauderdale County",4,83,291,109,182
050,28,075,"Mississippi","Lauderdale County",4,84,252,104,148
050,28,075,"Mississippi","Lauderdale County",4,85,1430,489,941
050,28,075,"Mississippi","Lauderdale County",5,0,814,433,381
050,28,075,"Mississippi","Lauderdale County",5,1,782,411,371
050,28,075,"Mississippi","Lauderdale County",5,2,810,431,379
050,28,075,"Mississippi","Lauderdale County",5,3,863,444,419
050,28,075,"Mississippi","Lauderdale County",5,4,870,438,432
050,28,075,"Mississippi","Lauderdale County",5,5,901,430,471
050,28,075,"Mississippi","Lauderdale County",5,6,881,438,443
050,28,075,"Mississippi","Lauderdale County",5,7,926,468,458
050,28,075,"Mississippi","Lauderdale County",5,8,939,457,482
050,28,075,"Mississippi","Lauderdale County",5,9,917,460,457
050,28,075,"Mississippi","Lauderdale County",5,10,892,443,449
050,28,075,"Mississippi","Lauderdale County",5,11,891,447,444
050,28,075,"Mississippi","Lauderdale County",5,12,862,434,428
050,28,075,"Mississippi","Lauderdale County",5,13,949,503,446
050,28,075,"Mississippi","Lauderdale County",5,14,965,500,465
050,28,075,"Mississippi","Lauderdale County",5,15,1036,530,506
050,28,075,"Mississippi","Lauderdale County",5,16,1066,549,517
050,28,075,"Mississippi","Lauderdale County",5,17,1019,515,504
050,28,075,"Mississippi","Lauderdale County",5,18,899,461,438
050,28,075,"Mississippi","Lauderdale County",5,19,875,438,437
050,28,075,"Mississippi","Lauderdale County",5,20,781,395,386
050,28,075,"Mississippi","Lauderdale County",5,21,790,408,382
050,28,075,"Mississippi","Lauderdale County",5,22,856,438,418
050,28,075,"Mississippi","Lauderdale County",5,23,855,455,400
050,28,075,"Mississippi","Lauderdale County",5,24,827,448,379
050,28,075,"Mississippi","Lauderdale County",5,25,848,443,405
050,28,075,"Mississippi","Lauderdale County",5,26,881,472,409
050,28,075,"Mississippi","Lauderdale County",5,27,850,434,416
050,28,075,"Mississippi","Lauderdale County",5,28,829,404,425
050,28,075,"Mississippi","Lauderdale County",5,29,854,435,419
050,28,075,"Mississippi","Lauderdale County",5,30,893,449,444
050,28,075,"Mississippi","Lauderdale County",5,31,917,455,462
050,28,075,"Mississippi","Lauderdale County",5,32,980,481,499
050,28,075,"Mississippi","Lauderdale County",5,33,981,483,498
050,28,075,"Mississippi","Lauderdale County",5,34,869,429,440
050,28,075,"Mississippi","Lauderdale County",5,35,877,450,427
050,28,075,"Mississippi","Lauderdale County",5,36,845,424,421
050,28,075,"Mississippi","Lauderdale County",5,37,820,398,422
050,28,075,"Mississippi","Lauderdale County",5,38,834,422,412
050,28,075,"Mississippi","Lauderdale County",5,39,804,383,421
050,28,075,"Mississippi","Lauderdale County",5,40,818,386,432
050,28,075,"Mississippi","Lauderdale County",5,41,878,438,440
050,28,075,"Mississippi","Lauderdale County",5,42,890,447,443
050,28,075,"Mississippi","Lauderdale County",5,43,904,453,451
050,28,075,"Mississippi","Lauderdale County",5,44,809,398,411
050,28,075,"Mississippi","Lauderdale County",5,45,818,406,412
050,28,075,"Mississippi","Lauderdale County",5,46,847,431,416
050,28,075,"Mississippi","Lauderdale County",5,47,800,394,406
050,28,075,"Mississippi","Lauderdale County",5,48,798,395,403
050,28,075,"Mississippi","Lauderdale County",5,49,807,390,417
050,28,075,"Mississippi","Lauderdale County",5,50,897,444,453
050,28,075,"Mississippi","Lauderdale County",5,51,873,429,444
050,28,075,"Mississippi","Lauderdale County",5,52,884,416,468
050,28,075,"Mississippi","Lauderdale County",5,53,840,386,454
050,28,075,"Mississippi","Lauderdale County",5,54,826,403,423
050,28,075,"Mississippi","Lauderdale County",5,55,840,382,458
050,28,075,"Mississippi","Lauderdale County",5,56,848,389,459
050,28,075,"Mississippi","Lauderdale County",5,57,869,411,458
050,28,075,"Mississippi","Lauderdale County",5,58,903,419,484
050,28,075,"Mississippi","Lauderdale County",5,59,906,439,467
050,28,075,"Mississippi","Lauderdale County",5,60,897,435,462
050,28,075,"Mississippi","Lauderdale County",5,61,907,447,460
050,28,075,"Mississippi","Lauderdale County",5,62,945,434,511
050,28,075,"Mississippi","Lauderdale County",5,63,896,417,479
050,28,075,"Mississippi","Lauderdale County",5,64,883,426,457
050,28,075,"Mississippi","Lauderdale County",5,65,901,426,475
050,28,075,"Mississippi","Lauderdale County",5,66,888,404,484
050,28,075,"Mississippi","Lauderdale County",5,67,891,422,469
050,28,075,"Mississippi","Lauderdale County",5,68,848,376,472
050,28,075,"Mississippi","Lauderdale County",5,69,819,373,446
050,28,075,"Mississippi","Lauderdale County",5,70,801,379,422
050,28,075,"Mississippi","Lauderdale County",5,71,758,327,431
050,28,075,"Mississippi","Lauderdale County",5,72,707,293,414
050,28,075,"Mississippi","Lauderdale County",5,73,696,324,372
050,28,075,"Mississippi","Lauderdale County",5,74,651,308,343
050,28,075,"Mississippi","Lauderdale County",5,75,616,278,338
050,28,075,"Mississippi","Lauderdale County",5,76,663,300,363
050,28,075,"Mississippi","Lauderdale County",5,77,459,214,245
050,28,075,"Mississippi","Lauderdale County",5,78,433,191,242
050,28,075,"Mississippi","Lauderdale County",5,79,408,177,231
050,28,075,"Mississippi","Lauderdale County",5,80,383,166,217
050,28,075,"Mississippi","Lauderdale County",5,81,340,145,195
050,28,075,"Mississippi","Lauderdale County",5,82,330,118,212
050,28,075,"Mississippi","Lauderdale County",5,83,295,108,187
050,28,075,"Mississippi","Lauderdale County",5,84,264,98,166
050,28,075,"Mississippi","Lauderdale County",5,85,1445,513,932
050,28,077,"Mississippi","Lawrence County",1,0,130,68,62
050,28,077,"Mississippi","Lawrence County",1,1,144,81,63
050,28,077,"Mississippi","Lawrence County",1,2,147,85,62
050,28,077,"Mississippi","Lawrence County",1,3,144,68,76
050,28,077,"Mississippi","Lawrence County",1,4,147,70,77
050,28,077,"Mississippi","Lawrence County",1,5,162,83,79
050,28,077,"Mississippi","Lawrence County",1,6,160,77,83
050,28,077,"Mississippi","Lawrence County",1,7,142,68,74
050,28,077,"Mississippi","Lawrence County",1,8,160,81,79
050,28,077,"Mississippi","Lawrence County",1,9,170,92,78
050,28,077,"Mississippi","Lawrence County",1,10,167,95,72
050,28,077,"Mississippi","Lawrence County",1,11,202,111,91
050,28,077,"Mississippi","Lawrence County",1,12,201,105,96
050,28,077,"Mississippi","Lawrence County",1,13,191,93,98
050,28,077,"Mississippi","Lawrence County",1,14,184,93,91
050,28,077,"Mississippi","Lawrence County",1,15,164,83,81
050,28,077,"Mississippi","Lawrence County",1,16,167,82,85
050,28,077,"Mississippi","Lawrence County",1,17,163,78,85
050,28,077,"Mississippi","Lawrence County",1,18,143,73,70
050,28,077,"Mississippi","Lawrence County",1,19,127,72,55
050,28,077,"Mississippi","Lawrence County",1,20,118,58,60
050,28,077,"Mississippi","Lawrence County",1,21,125,59,66
050,28,077,"Mississippi","Lawrence County",1,22,116,55,61
050,28,077,"Mississippi","Lawrence County",1,23,111,57,54
050,28,077,"Mississippi","Lawrence County",1,24,125,58,67
050,28,077,"Mississippi","Lawrence County",1,25,135,59,76
050,28,077,"Mississippi","Lawrence County",1,26,147,72,75
050,28,077,"Mississippi","Lawrence County",1,27,139,62,77
050,28,077,"Mississippi","Lawrence County",1,28,140,61,79
050,28,077,"Mississippi","Lawrence County",1,29,133,67,66
050,28,077,"Mississippi","Lawrence County",1,30,140,69,71
050,28,077,"Mississippi","Lawrence County",1,31,134,71,63
050,28,077,"Mississippi","Lawrence County",1,32,133,70,63
050,28,077,"Mississippi","Lawrence County",1,33,124,56,68
050,28,077,"Mississippi","Lawrence County",1,34,141,66,75
050,28,077,"Mississippi","Lawrence County",1,35,149,66,83
050,28,077,"Mississippi","Lawrence County",1,36,128,58,70
050,28,077,"Mississippi","Lawrence County",1,37,147,80,67
050,28,077,"Mississippi","Lawrence County",1,38,168,88,80
050,28,077,"Mississippi","Lawrence County",1,39,154,78,76
050,28,077,"Mississippi","Lawrence County",1,40,143,77,66
050,28,077,"Mississippi","Lawrence County",1,41,144,67,77
050,28,077,"Mississippi","Lawrence County",1,42,130,60,70
050,28,077,"Mississippi","Lawrence County",1,43,140,70,70
050,28,077,"Mississippi","Lawrence County",1,44,129,61,68
050,28,077,"Mississippi","Lawrence County",1,45,135,63,72
050,28,077,"Mississippi","Lawrence County",1,46,155,76,79
050,28,077,"Mississippi","Lawrence County",1,47,146,65,81
050,28,077,"Mississippi","Lawrence County",1,48,134,63,71
050,28,077,"Mississippi","Lawrence County",1,49,149,78,71
050,28,077,"Mississippi","Lawrence County",1,50,132,68,64
050,28,077,"Mississippi","Lawrence County",1,51,137,74,63
050,28,077,"Mississippi","Lawrence County",1,52,137,70,67
050,28,077,"Mississippi","Lawrence County",1,53,145,65,80
050,28,077,"Mississippi","Lawrence County",1,54,166,70,96
050,28,077,"Mississippi","Lawrence County",1,55,173,84,89
050,28,077,"Mississippi","Lawrence County",1,56,168,96,72
050,28,077,"Mississippi","Lawrence County",1,57,164,75,89
050,28,077,"Mississippi","Lawrence County",1,58,167,84,83
050,28,077,"Mississippi","Lawrence County",1,59,176,88,88
050,28,077,"Mississippi","Lawrence County",1,60,195,91,104
050,28,077,"Mississippi","Lawrence County",1,61,169,74,95
050,28,077,"Mississippi","Lawrence County",1,62,156,76,80
050,28,077,"Mississippi","Lawrence County",1,63,170,79,91
050,28,077,"Mississippi","Lawrence County",1,64,185,88,97
050,28,077,"Mississippi","Lawrence County",1,65,171,88,83
050,28,077,"Mississippi","Lawrence County",1,66,168,89,79
050,28,077,"Mississippi","Lawrence County",1,67,146,71,75
050,28,077,"Mississippi","Lawrence County",1,68,147,77,70
050,28,077,"Mississippi","Lawrence County",1,69,139,70,69
050,28,077,"Mississippi","Lawrence County",1,70,113,55,58
050,28,077,"Mississippi","Lawrence County",1,71,119,60,59
050,28,077,"Mississippi","Lawrence County",1,72,125,62,63
050,28,077,"Mississippi","Lawrence County",1,73,129,61,68
050,28,077,"Mississippi","Lawrence County",1,74,83,30,53
050,28,077,"Mississippi","Lawrence County",1,75,83,32,51
050,28,077,"Mississippi","Lawrence County",1,76,96,44,52
050,28,077,"Mississippi","Lawrence County",1,77,88,39,49
050,28,077,"Mississippi","Lawrence County",1,78,70,30,40
050,28,077,"Mississippi","Lawrence County",1,79,75,33,42
050,28,077,"Mississippi","Lawrence County",1,80,75,32,43
050,28,077,"Mississippi","Lawrence County",1,81,68,31,37
050,28,077,"Mississippi","Lawrence County",1,82,56,19,37
050,28,077,"Mississippi","Lawrence County",1,83,53,16,37
050,28,077,"Mississippi","Lawrence County",1,84,50,21,29
050,28,077,"Mississippi","Lawrence County",1,85,190,76,114
050,28,077,"Mississippi","Lawrence County",2,0,134,74,60
050,28,077,"Mississippi","Lawrence County",2,1,139,76,63
050,28,077,"Mississippi","Lawrence County",2,2,146,82,64
050,28,077,"Mississippi","Lawrence County",2,3,143,71,72
050,28,077,"Mississippi","Lawrence County",2,4,149,72,77
050,28,077,"Mississippi","Lawrence County",2,5,157,79,78
050,28,077,"Mississippi","Lawrence County",2,6,162,80,82
050,28,077,"Mississippi","Lawrence County",2,7,146,70,76
050,28,077,"Mississippi","Lawrence County",2,8,155,77,78
050,28,077,"Mississippi","Lawrence County",2,9,164,88,76
050,28,077,"Mississippi","Lawrence County",2,10,167,93,74
050,28,077,"Mississippi","Lawrence County",2,11,191,105,86
050,28,077,"Mississippi","Lawrence County",2,12,200,106,94
050,28,077,"Mississippi","Lawrence County",2,13,192,95,97
050,28,077,"Mississippi","Lawrence County",2,14,186,93,93
050,28,077,"Mississippi","Lawrence County",2,15,170,87,83
050,28,077,"Mississippi","Lawrence County",2,16,166,82,84
050,28,077,"Mississippi","Lawrence County",2,17,161,78,83
050,28,077,"Mississippi","Lawrence County",2,18,142,73,69
050,28,077,"Mississippi","Lawrence County",2,19,126,69,57
050,28,077,"Mississippi","Lawrence County",2,20,122,62,60
050,28,077,"Mississippi","Lawrence County",2,21,125,60,65
050,28,077,"Mississippi","Lawrence County",2,22,119,56,63
050,28,077,"Mississippi","Lawrence County",2,23,114,57,57
050,28,077,"Mississippi","Lawrence County",2,24,121,57,64
050,28,077,"Mississippi","Lawrence County",2,25,134,59,75
050,28,077,"Mississippi","Lawrence County",2,26,144,67,77
050,28,077,"Mississippi","Lawrence County",2,27,142,64,78
050,28,077,"Mississippi","Lawrence County",2,28,141,62,79
050,28,077,"Mississippi","Lawrence County",2,29,135,65,70
050,28,077,"Mississippi","Lawrence County",2,30,140,71,69
050,28,077,"Mississippi","Lawrence County",2,31,135,70,65
050,28,077,"Mississippi","Lawrence County",2,32,133,70,63
050,28,077,"Mississippi","Lawrence County",2,33,124,59,65
050,28,077,"Mississippi","Lawrence County",2,34,138,65,73
050,28,077,"Mississippi","Lawrence County",2,35,148,66,82
050,28,077,"Mississippi","Lawrence County",2,36,132,59,73
050,28,077,"Mississippi","Lawrence County",2,37,141,74,67
050,28,077,"Mississippi","Lawrence County",2,38,163,86,77
050,28,077,"Mississippi","Lawrence County",2,39,155,78,77
050,28,077,"Mississippi","Lawrence County",2,40,145,77,68
050,28,077,"Mississippi","Lawrence County",2,41,145,70,75
050,28,077,"Mississippi","Lawrence County",2,42,132,60,72
050,28,077,"Mississippi","Lawrence County",2,43,140,69,71
050,28,077,"Mississippi","Lawrence County",2,44,131,62,69
050,28,077,"Mississippi","Lawrence County",2,45,136,64,72
050,28,077,"Mississippi","Lawrence County",2,46,146,70,76
050,28,077,"Mississippi","Lawrence County",2,47,147,67,80
050,28,077,"Mississippi","Lawrence County",2,48,138,65,73
050,28,077,"Mississippi","Lawrence County",2,49,146,75,71
050,28,077,"Mississippi","Lawrence County",2,50,135,71,64
050,28,077,"Mississippi","Lawrence County",2,51,132,69,63
050,28,077,"Mississippi","Lawrence County",2,52,136,70,66
050,28,077,"Mississippi","Lawrence County",2,53,143,66,77
050,28,077,"Mississippi","Lawrence County",2,54,160,69,91
050,28,077,"Mississippi","Lawrence County",2,55,168,80,88
050,28,077,"Mississippi","Lawrence County",2,56,168,92,76
050,28,077,"Mississippi","Lawrence County",2,57,165,79,86
050,28,077,"Mississippi","Lawrence County",2,58,165,81,84
050,28,077,"Mississippi","Lawrence County",2,59,172,84,88
050,28,077,"Mississippi","Lawrence County",2,60,190,89,101
050,28,077,"Mississippi","Lawrence County",2,61,175,78,97
050,28,077,"Mississippi","Lawrence County",2,62,159,75,84
050,28,077,"Mississippi","Lawrence County",2,63,168,78,90
050,28,077,"Mississippi","Lawrence County",2,64,179,83,96
050,28,077,"Mississippi","Lawrence County",2,65,174,88,86
050,28,077,"Mississippi","Lawrence County",2,66,167,88,79
050,28,077,"Mississippi","Lawrence County",2,67,150,75,75
050,28,077,"Mississippi","Lawrence County",2,68,147,76,71
050,28,077,"Mississippi","Lawrence County",2,69,140,71,69
050,28,077,"Mississippi","Lawrence County",2,70,119,59,60
050,28,077,"Mississippi","Lawrence County",2,71,117,58,59
050,28,077,"Mississippi","Lawrence County",2,72,122,61,61
050,28,077,"Mississippi","Lawrence County",2,73,133,64,69
050,28,077,"Mississippi","Lawrence County",2,74,89,35,54
050,28,077,"Mississippi","Lawrence County",2,75,83,31,52
050,28,077,"Mississippi","Lawrence County",2,76,89,40,49
050,28,077,"Mississippi","Lawrence County",2,77,88,39,49
050,28,077,"Mississippi","Lawrence County",2,78,73,31,42
050,28,077,"Mississippi","Lawrence County",2,79,71,32,39
050,28,077,"Mississippi","Lawrence County",2,80,74,32,42
050,28,077,"Mississippi","Lawrence County",2,81,69,30,39
050,28,077,"Mississippi","Lawrence County",2,82,57,21,36
050,28,077,"Mississippi","Lawrence County",2,83,53,17,36
050,28,077,"Mississippi","Lawrence County",2,84,49,20,29
050,28,077,"Mississippi","Lawrence County",2,85,192,76,116
050,28,077,"Mississippi","Lawrence County",3,0,131,62,69
050,28,077,"Mississippi","Lawrence County",3,1,142,79,63
050,28,077,"Mississippi","Lawrence County",3,2,136,74,62
050,28,077,"Mississippi","Lawrence County",3,3,148,85,63
050,28,077,"Mississippi","Lawrence County",3,4,143,70,73
050,28,077,"Mississippi","Lawrence County",3,5,147,69,78
050,28,077,"Mississippi","Lawrence County",3,6,158,78,80
050,28,077,"Mississippi","Lawrence County",3,7,152,74,78
050,28,077,"Mississippi","Lawrence County",3,8,142,67,75
050,28,077,"Mississippi","Lawrence County",3,9,161,83,78
050,28,077,"Mississippi","Lawrence County",3,10,164,89,75
050,28,077,"Mississippi","Lawrence County",3,11,164,92,72
050,28,077,"Mississippi","Lawrence County",3,12,183,101,82
050,28,077,"Mississippi","Lawrence County",3,13,198,106,92
050,28,077,"Mississippi","Lawrence County",3,14,186,91,95
050,28,077,"Mississippi","Lawrence County",3,15,180,90,90
050,28,077,"Mississippi","Lawrence County",3,16,170,84,86
050,28,077,"Mississippi","Lawrence County",3,17,158,75,83
050,28,077,"Mississippi","Lawrence County",3,18,136,68,68
050,28,077,"Mississippi","Lawrence County",3,19,112,60,52
050,28,077,"Mississippi","Lawrence County",3,20,127,72,55
050,28,077,"Mississippi","Lawrence County",3,21,116,59,57
050,28,077,"Mississippi","Lawrence County",3,22,132,65,67
050,28,077,"Mississippi","Lawrence County",3,23,127,54,73
050,28,077,"Mississippi","Lawrence County",3,24,108,57,51
050,28,077,"Mississippi","Lawrence County",3,25,122,59,63
050,28,077,"Mississippi","Lawrence County",3,26,128,55,73
050,28,077,"Mississippi","Lawrence County",3,27,132,64,68
050,28,077,"Mississippi","Lawrence County",3,28,134,61,73
050,28,077,"Mississippi","Lawrence County",3,29,133,59,74
050,28,077,"Mississippi","Lawrence County",3,30,129,64,65
050,28,077,"Mississippi","Lawrence County",3,31,135,72,63
050,28,077,"Mississippi","Lawrence County",3,32,133,67,66
050,28,077,"Mississippi","Lawrence County",3,33,135,66,69
050,28,077,"Mississippi","Lawrence County",3,34,122,61,61
050,28,077,"Mississippi","Lawrence County",3,35,136,72,64
050,28,077,"Mississippi","Lawrence County",3,36,152,66,86
050,28,077,"Mississippi","Lawrence County",3,37,125,57,68
050,28,077,"Mississippi","Lawrence County",3,38,133,75,58
050,28,077,"Mississippi","Lawrence County",3,39,159,87,72
050,28,077,"Mississippi","Lawrence County",3,40,159,79,80
050,28,077,"Mississippi","Lawrence County",3,41,144,78,66
050,28,077,"Mississippi","Lawrence County",3,42,149,72,77
050,28,077,"Mississippi","Lawrence County",3,43,130,61,69
050,28,077,"Mississippi","Lawrence County",3,44,134,64,70
050,28,077,"Mississippi","Lawrence County",3,45,131,64,67
050,28,077,"Mississippi","Lawrence County",3,46,135,63,72
050,28,077,"Mississippi","Lawrence County",3,47,142,68,74
050,28,077,"Mississippi","Lawrence County",3,48,156,71,85
050,28,077,"Mississippi","Lawrence County",3,49,142,68,74
050,28,077,"Mississippi","Lawrence County",3,50,143,73,70
050,28,077,"Mississippi","Lawrence County",3,51,134,69,65
050,28,077,"Mississippi","Lawrence County",3,52,127,65,62
050,28,077,"Mississippi","Lawrence County",3,53,133,69,64
050,28,077,"Mississippi","Lawrence County",3,54,141,66,75
050,28,077,"Mississippi","Lawrence County",3,55,158,65,93
050,28,077,"Mississippi","Lawrence County",3,56,166,75,91
050,28,077,"Mississippi","Lawrence County",3,57,166,91,75
050,28,077,"Mississippi","Lawrence County",3,58,164,75,89
050,28,077,"Mississippi","Lawrence County",3,59,160,76,84
050,28,077,"Mississippi","Lawrence County",3,60,172,83,89
050,28,077,"Mississippi","Lawrence County",3,61,188,89,99
050,28,077,"Mississippi","Lawrence County",3,62,170,76,94
050,28,077,"Mississippi","Lawrence County",3,63,154,72,82
050,28,077,"Mississippi","Lawrence County",3,64,168,79,89
050,28,077,"Mississippi","Lawrence County",3,65,173,82,91
050,28,077,"Mississippi","Lawrence County",3,66,172,86,86
050,28,077,"Mississippi","Lawrence County",3,67,164,87,77
050,28,077,"Mississippi","Lawrence County",3,68,149,72,77
050,28,077,"Mississippi","Lawrence County",3,69,147,77,70
050,28,077,"Mississippi","Lawrence County",3,70,129,66,63
050,28,077,"Mississippi","Lawrence County",3,71,116,57,59
050,28,077,"Mississippi","Lawrence County",3,72,107,53,54
050,28,077,"Mississippi","Lawrence County",3,73,112,56,56
050,28,077,"Mississippi","Lawrence County",3,74,125,61,64
050,28,077,"Mississippi","Lawrence County",3,75,91,37,54
050,28,077,"Mississippi","Lawrence County",3,76,77,29,48
050,28,077,"Mississippi","Lawrence County",3,77,84,38,46
050,28,077,"Mississippi","Lawrence County",3,78,84,37,47
050,28,077,"Mississippi","Lawrence County",3,79,67,28,39
050,28,077,"Mississippi","Lawrence County",3,80,66,28,38
050,28,077,"Mississippi","Lawrence County",3,81,70,32,38
050,28,077,"Mississippi","Lawrence County",3,82,61,25,36
050,28,077,"Mississippi","Lawrence County",3,83,49,18,31
050,28,077,"Mississippi","Lawrence County",3,84,44,13,31
050,28,077,"Mississippi","Lawrence County",3,85,199,82,117
050,28,077,"Mississippi","Lawrence County",4,0,155,90,65
050,28,077,"Mississippi","Lawrence County",4,1,145,70,75
050,28,077,"Mississippi","Lawrence County",4,2,137,74,63
050,28,077,"Mississippi","Lawrence County",4,3,143,78,65
050,28,077,"Mississippi","Lawrence County",4,4,145,81,64
050,28,077,"Mississippi","Lawrence County",4,5,147,68,79
050,28,077,"Mississippi","Lawrence County",4,6,143,67,76
050,28,077,"Mississippi","Lawrence County",4,7,156,73,83
050,28,077,"Mississippi","Lawrence County",4,8,151,78,73
050,28,077,"Mississippi","Lawrence County",4,9,142,70,72
050,28,077,"Mississippi","Lawrence County",4,10,155,75,80
050,28,077,"Mississippi","Lawrence County",4,11,163,85,78
050,28,077,"Mississippi","Lawrence County",4,12,162,89,73
050,28,077,"Mississippi","Lawrence County",4,13,182,100,82
050,28,077,"Mississippi","Lawrence County",4,14,197,104,93
050,28,077,"Mississippi","Lawrence County",4,15,186,95,91
050,28,077,"Mississippi","Lawrence County",4,16,178,88,90
050,28,077,"Mississippi","Lawrence County",4,17,170,84,86
050,28,077,"Mississippi","Lawrence County",4,18,134,63,71
050,28,077,"Mississippi","Lawrence County",4,19,107,55,52
050,28,077,"Mississippi","Lawrence County",4,20,125,60,65
050,28,077,"Mississippi","Lawrence County",4,21,129,73,56
050,28,077,"Mississippi","Lawrence County",4,22,124,63,61
050,28,077,"Mississippi","Lawrence County",4,23,138,63,75
050,28,077,"Mississippi","Lawrence County",4,24,129,58,71
050,28,077,"Mississippi","Lawrence County",4,25,115,56,59
050,28,077,"Mississippi","Lawrence County",4,26,123,62,61
050,28,077,"Mississippi","Lawrence County",4,27,132,56,76
050,28,077,"Mississippi","Lawrence County",4,28,130,63,67
050,28,077,"Mississippi","Lawrence County",4,29,130,59,71
050,28,077,"Mississippi","Lawrence County",4,30,131,57,74
050,28,077,"Mississippi","Lawrence County",4,31,120,56,64
050,28,077,"Mississippi","Lawrence County",4,32,138,74,64
050,28,077,"Mississippi","Lawrence County",4,33,137,67,70
050,28,077,"Mississippi","Lawrence County",4,34,120,61,59
050,28,077,"Mississippi","Lawrence County",4,35,123,58,65
050,28,077,"Mississippi","Lawrence County",4,36,134,71,63
050,28,077,"Mississippi","Lawrence County",4,37,149,65,84
050,28,077,"Mississippi","Lawrence County",4,38,124,58,66
050,28,077,"Mississippi","Lawrence County",4,39,138,76,62
050,28,077,"Mississippi","Lawrence County",4,40,161,87,74
050,28,077,"Mississippi","Lawrence County",4,41,158,76,82
050,28,077,"Mississippi","Lawrence County",4,42,140,76,64
050,28,077,"Mississippi","Lawrence County",4,43,143,68,75
050,28,077,"Mississippi","Lawrence County",4,44,125,60,65
050,28,077,"Mississippi","Lawrence County",4,45,135,65,70
050,28,077,"Mississippi","Lawrence County",4,46,130,61,69
050,28,077,"Mississippi","Lawrence County",4,47,138,64,74
050,28,077,"Mississippi","Lawrence County",4,48,146,68,78
050,28,077,"Mississippi","Lawrence County",4,49,157,73,84
050,28,077,"Mississippi","Lawrence County",4,50,142,69,73
050,28,077,"Mississippi","Lawrence County",4,51,148,78,70
050,28,077,"Mississippi","Lawrence County",4,52,141,70,71
050,28,077,"Mississippi","Lawrence County",4,53,132,68,64
050,28,077,"Mississippi","Lawrence County",4,54,139,69,70
050,28,077,"Mississippi","Lawrence County",4,55,141,64,77
050,28,077,"Mississippi","Lawrence County",4,56,157,66,91
050,28,077,"Mississippi","Lawrence County",4,57,159,70,89
050,28,077,"Mississippi","Lawrence County",4,58,163,89,74
050,28,077,"Mississippi","Lawrence County",4,59,166,76,90
050,28,077,"Mississippi","Lawrence County",4,60,162,78,84
050,28,077,"Mississippi","Lawrence County",4,61,173,83,90
050,28,077,"Mississippi","Lawrence County",4,62,191,91,100
050,28,077,"Mississippi","Lawrence County",4,63,167,74,93
050,28,077,"Mississippi","Lawrence County",4,64,150,71,79
050,28,077,"Mississippi","Lawrence County",4,65,161,72,89
050,28,077,"Mississippi","Lawrence County",4,66,169,79,90
050,28,077,"Mississippi","Lawrence County",4,67,171,84,87
050,28,077,"Mississippi","Lawrence County",4,68,165,85,80
050,28,077,"Mississippi","Lawrence County",4,69,142,70,72
050,28,077,"Mississippi","Lawrence County",4,70,139,70,69
050,28,077,"Mississippi","Lawrence County",4,71,125,68,57
050,28,077,"Mississippi","Lawrence County",4,72,110,53,57
050,28,077,"Mississippi","Lawrence County",4,73,103,48,55
050,28,077,"Mississippi","Lawrence County",4,74,110,55,55
050,28,077,"Mississippi","Lawrence County",4,75,119,59,60
050,28,077,"Mississippi","Lawrence County",4,76,88,35,53
050,28,077,"Mississippi","Lawrence County",4,77,73,27,46
050,28,077,"Mississippi","Lawrence County",4,78,83,36,47
050,28,077,"Mississippi","Lawrence County",4,79,74,33,41
050,28,077,"Mississippi","Lawrence County",4,80,67,29,38
050,28,077,"Mississippi","Lawrence County",4,81,60,27,33
050,28,077,"Mississippi","Lawrence County",4,82,62,27,35
050,28,077,"Mississippi","Lawrence County",4,83,56,23,33
050,28,077,"Mississippi","Lawrence County",4,84,41,14,27
050,28,077,"Mississippi","Lawrence County",4,85,192,74,118
050,28,077,"Mississippi","Lawrence County",5,0,158,92,66
050,28,077,"Mississippi","Lawrence County",5,1,160,96,64
050,28,077,"Mississippi","Lawrence County",5,2,150,76,74
050,28,077,"Mississippi","Lawrence County",5,3,134,67,67
050,28,077,"Mississippi","Lawrence County",5,4,138,82,56
050,28,077,"Mississippi","Lawrence County",5,5,140,77,63
050,28,077,"Mississippi","Lawrence County",5,6,150,70,80
050,28,077,"Mississippi","Lawrence County",5,7,146,69,77
050,28,077,"Mississippi","Lawrence County",5,8,163,79,84
050,28,077,"Mississippi","Lawrence County",5,9,142,69,73
050,28,077,"Mississippi","Lawrence County",5,10,143,74,69
050,28,077,"Mississippi","Lawrence County",5,11,163,78,85
050,28,077,"Mississippi","Lawrence County",5,12,171,90,81
050,28,077,"Mississippi","Lawrence County",5,13,163,88,75
050,28,077,"Mississippi","Lawrence County",5,14,173,96,77
050,28,077,"Mississippi","Lawrence County",5,15,196,102,94
050,28,077,"Mississippi","Lawrence County",5,16,184,94,90
050,28,077,"Mississippi","Lawrence County",5,17,174,91,83
050,28,077,"Mississippi","Lawrence County",5,18,138,70,68
050,28,077,"Mississippi","Lawrence County",5,19,109,51,58
050,28,077,"Mississippi","Lawrence County",5,20,116,57,59
050,28,077,"Mississippi","Lawrence County",5,21,127,63,64
050,28,077,"Mississippi","Lawrence County",5,22,136,77,59
050,28,077,"Mississippi","Lawrence County",5,23,129,66,63
050,28,077,"Mississippi","Lawrence County",5,24,137,70,67
050,28,077,"Mississippi","Lawrence County",5,25,128,55,73
050,28,077,"Mississippi","Lawrence County",5,26,112,56,56
050,28,077,"Mississippi","Lawrence County",5,27,130,62,68
050,28,077,"Mississippi","Lawrence County",5,28,129,50,79
050,28,077,"Mississippi","Lawrence County",5,29,131,65,66
050,28,077,"Mississippi","Lawrence County",5,30,133,64,69
050,28,077,"Mississippi","Lawrence County",5,31,139,60,79
050,28,077,"Mississippi","Lawrence County",5,32,123,58,65
050,28,077,"Mississippi","Lawrence County",5,33,137,79,58
050,28,077,"Mississippi","Lawrence County",5,34,128,64,64
050,28,077,"Mississippi","Lawrence County",5,35,127,62,65
050,28,077,"Mississippi","Lawrence County",5,36,122,56,66
050,28,077,"Mississippi","Lawrence County",5,37,128,68,60
050,28,077,"Mississippi","Lawrence County",5,38,149,67,82
050,28,077,"Mississippi","Lawrence County",5,39,122,57,65
050,28,077,"Mississippi","Lawrence County",5,40,136,73,63
050,28,077,"Mississippi","Lawrence County",5,41,154,80,74
050,28,077,"Mississippi","Lawrence County",5,42,158,76,82
050,28,077,"Mississippi","Lawrence County",5,43,140,76,64
050,28,077,"Mississippi","Lawrence County",5,44,151,73,78
050,28,077,"Mississippi","Lawrence County",5,45,128,61,67
050,28,077,"Mississippi","Lawrence County",5,46,133,65,68
050,28,077,"Mississippi","Lawrence County",5,47,132,60,72
050,28,077,"Mississippi","Lawrence County",5,48,138,65,73
050,28,077,"Mississippi","Lawrence County",5,49,142,65,77
050,28,077,"Mississippi","Lawrence County",5,50,152,72,80
050,28,077,"Mississippi","Lawrence County",5,51,142,69,73
050,28,077,"Mississippi","Lawrence County",5,52,156,79,77
050,28,077,"Mississippi","Lawrence County",5,53,138,69,69
050,28,077,"Mississippi","Lawrence County",5,54,128,66,62
050,28,077,"Mississippi","Lawrence County",5,55,132,62,70
050,28,077,"Mississippi","Lawrence County",5,56,147,67,80
050,28,077,"Mississippi","Lawrence County",5,57,155,64,91
050,28,077,"Mississippi","Lawrence County",5,58,160,72,88
050,28,077,"Mississippi","Lawrence County",5,59,170,91,79
050,28,077,"Mississippi","Lawrence County",5,60,174,84,90
050,28,077,"Mississippi","Lawrence County",5,61,158,78,80
050,28,077,"Mississippi","Lawrence County",5,62,174,83,91
050,28,077,"Mississippi","Lawrence County",5,63,189,89,100
050,28,077,"Mississippi","Lawrence County",5,64,166,75,91
050,28,077,"Mississippi","Lawrence County",5,65,141,65,76
050,28,077,"Mississippi","Lawrence County",5,66,156,69,87
050,28,077,"Mississippi","Lawrence County",5,67,166,77,89
050,28,077,"Mississippi","Lawrence County",5,68,172,83,89
050,28,077,"Mississippi","Lawrence County",5,69,160,81,79
050,28,077,"Mississippi","Lawrence County",5,70,132,61,71
050,28,077,"Mississippi","Lawrence County",5,71,132,69,63
050,28,077,"Mississippi","Lawrence County",5,72,122,66,56
050,28,077,"Mississippi","Lawrence County",5,73,108,52,56
050,28,077,"Mississippi","Lawrence County",5,74,98,46,52
050,28,077,"Mississippi","Lawrence County",5,75,107,55,52
050,28,077,"Mississippi","Lawrence County",5,76,112,55,57
050,28,077,"Mississippi","Lawrence County",5,77,84,31,53
050,28,077,"Mississippi","Lawrence County",5,78,72,26,46
050,28,077,"Mississippi","Lawrence County",5,79,75,32,43
050,28,077,"Mississippi","Lawrence County",5,80,70,31,39
050,28,077,"Mississippi","Lawrence County",5,81,61,27,34
050,28,077,"Mississippi","Lawrence County",5,82,51,21,30
050,28,077,"Mississippi","Lawrence County",5,83,55,25,30
050,28,077,"Mississippi","Lawrence County",5,84,44,16,28
050,28,077,"Mississippi","Lawrence County",5,85,192,71,121
050,28,079,"Mississippi","Leake County",1,0,305,155,150
050,28,079,"Mississippi","Leake County",1,1,295,140,155
050,28,079,"Mississippi","Leake County",1,2,296,142,154
050,28,079,"Mississippi","Leake County",1,3,268,126,142
050,28,079,"Mississippi","Leake County",1,4,258,127,131
050,28,079,"Mississippi","Leake County",1,5,249,120,129
050,28,079,"Mississippi","Leake County",1,6,258,128,130
050,28,079,"Mississippi","Leake County",1,7,257,125,132
050,28,079,"Mississippi","Leake County",1,8,249,132,117
050,28,079,"Mississippi","Leake County",1,9,231,113,118
050,28,079,"Mississippi","Leake County",1,10,272,125,147
050,28,079,"Mississippi","Leake County",1,11,283,139,144
050,28,079,"Mississippi","Leake County",1,12,285,156,129
050,28,079,"Mississippi","Leake County",1,13,292,147,145
050,28,079,"Mississippi","Leake County",1,14,279,136,143
050,28,079,"Mississippi","Leake County",1,15,270,138,132
050,28,079,"Mississippi","Leake County",1,16,274,140,134
050,28,079,"Mississippi","Leake County",1,17,262,140,122
050,28,079,"Mississippi","Leake County",1,18,229,129,100
050,28,079,"Mississippi","Leake County",1,19,201,111,90
050,28,079,"Mississippi","Leake County",1,20,218,121,97
050,28,079,"Mississippi","Leake County",1,21,229,118,111
050,28,079,"Mississippi","Leake County",1,22,280,150,130
050,28,079,"Mississippi","Leake County",1,23,257,135,122
050,28,079,"Mississippi","Leake County",1,24,282,156,126
050,28,079,"Mississippi","Leake County",1,25,256,133,123
050,28,079,"Mississippi","Leake County",1,26,272,152,120
050,28,079,"Mississippi","Leake County",1,27,252,130,122
050,28,079,"Mississippi","Leake County",1,28,294,154,140
050,28,079,"Mississippi","Leake County",1,29,323,151,172
050,28,079,"Mississippi","Leake County",1,30,291,139,152
050,28,079,"Mississippi","Leake County",1,31,259,122,137
050,28,079,"Mississippi","Leake County",1,32,238,125,113
050,28,079,"Mississippi","Leake County",1,33,257,131,126
050,28,079,"Mississippi","Leake County",1,34,262,132,130
050,28,079,"Mississippi","Leake County",1,35,273,153,120
050,28,079,"Mississippi","Leake County",1,36,278,140,138
050,28,079,"Mississippi","Leake County",1,37,270,142,128
050,28,079,"Mississippi","Leake County",1,38,277,138,139
050,28,079,"Mississippi","Leake County",1,39,310,158,152
050,28,079,"Mississippi","Leake County",1,40,310,158,152
050,28,079,"Mississippi","Leake County",1,41,278,125,153
050,28,079,"Mississippi","Leake County",1,42,256,127,129
050,28,079,"Mississippi","Leake County",1,43,249,117,132
050,28,079,"Mississippi","Leake County",1,44,242,121,121
050,28,079,"Mississippi","Leake County",1,45,265,128,137
050,28,079,"Mississippi","Leake County",1,46,249,114,135
050,28,079,"Mississippi","Leake County",1,47,268,128,140
050,28,079,"Mississippi","Leake County",1,48,287,140,147
050,28,079,"Mississippi","Leake County",1,49,317,157,160
050,28,079,"Mississippi","Leake County",1,50,264,118,146
050,28,079,"Mississippi","Leake County",1,51,257,113,144
050,28,079,"Mississippi","Leake County",1,52,264,137,127
050,28,079,"Mississippi","Leake County",1,53,270,137,133
050,28,079,"Mississippi","Leake County",1,54,268,128,140
050,28,079,"Mississippi","Leake County",1,55,280,131,149
050,28,079,"Mississippi","Leake County",1,56,267,135,132
050,28,079,"Mississippi","Leake County",1,57,283,157,126
050,28,079,"Mississippi","Leake County",1,58,280,147,133
050,28,079,"Mississippi","Leake County",1,59,281,139,142
050,28,079,"Mississippi","Leake County",1,60,300,159,141
050,28,079,"Mississippi","Leake County",1,61,282,145,137
050,28,079,"Mississippi","Leake County",1,62,282,128,154
050,28,079,"Mississippi","Leake County",1,63,284,141,143
050,28,079,"Mississippi","Leake County",1,64,284,137,147
050,28,079,"Mississippi","Leake County",1,65,272,119,153
050,28,079,"Mississippi","Leake County",1,66,252,111,141
050,28,079,"Mississippi","Leake County",1,67,254,119,135
050,28,079,"Mississippi","Leake County",1,68,245,115,130
050,28,079,"Mississippi","Leake County",1,69,234,110,124
050,28,079,"Mississippi","Leake County",1,70,236,115,121
050,28,079,"Mississippi","Leake County",1,71,220,110,110
050,28,079,"Mississippi","Leake County",1,72,204,94,110
050,28,079,"Mississippi","Leake County",1,73,203,96,107
050,28,079,"Mississippi","Leake County",1,74,135,58,77
050,28,079,"Mississippi","Leake County",1,75,150,71,79
050,28,079,"Mississippi","Leake County",1,76,132,65,67
050,28,079,"Mississippi","Leake County",1,77,122,60,62
050,28,079,"Mississippi","Leake County",1,78,113,50,63
050,28,079,"Mississippi","Leake County",1,79,116,47,69
050,28,079,"Mississippi","Leake County",1,80,90,38,52
050,28,079,"Mississippi","Leake County",1,81,90,35,55
050,28,079,"Mississippi","Leake County",1,82,89,33,56
050,28,079,"Mississippi","Leake County",1,83,75,26,49
050,28,079,"Mississippi","Leake County",1,84,80,23,57
050,28,079,"Mississippi","Leake County",1,85,402,145,257
050,28,079,"Mississippi","Leake County",2,0,308,153,155
050,28,079,"Mississippi","Leake County",2,1,296,144,152
050,28,079,"Mississippi","Leake County",2,2,296,141,155
050,28,079,"Mississippi","Leake County",2,3,270,127,143
050,28,079,"Mississippi","Leake County",2,4,258,126,132
050,28,079,"Mississippi","Leake County",2,5,249,121,128
050,28,079,"Mississippi","Leake County",2,6,254,124,130
050,28,079,"Mississippi","Leake County",2,7,257,126,131
050,28,079,"Mississippi","Leake County",2,8,249,129,120
050,28,079,"Mississippi","Leake County",2,9,236,118,118
050,28,079,"Mississippi","Leake County",2,10,266,122,144
050,28,079,"Mississippi","Leake County",2,11,279,134,145
050,28,079,"Mississippi","Leake County",2,12,285,151,134
050,28,079,"Mississippi","Leake County",2,13,290,148,142
050,28,079,"Mississippi","Leake County",2,14,281,138,143
050,28,079,"Mississippi","Leake County",2,15,274,138,136
050,28,079,"Mississippi","Leake County",2,16,272,140,132
050,28,079,"Mississippi","Leake County",2,17,262,139,123
050,28,079,"Mississippi","Leake County",2,18,228,127,101
050,28,079,"Mississippi","Leake County",2,19,200,109,91
050,28,079,"Mississippi","Leake County",2,20,218,120,98
050,28,079,"Mississippi","Leake County",2,21,231,119,112
050,28,079,"Mississippi","Leake County",2,22,281,152,129
050,28,079,"Mississippi","Leake County",2,23,258,133,125
050,28,079,"Mississippi","Leake County",2,24,278,152,126
050,28,079,"Mississippi","Leake County",2,25,259,135,124
050,28,079,"Mississippi","Leake County",2,26,268,150,118
050,28,079,"Mississippi","Leake County",2,27,251,130,121
050,28,079,"Mississippi","Leake County",2,28,287,148,139
050,28,079,"Mississippi","Leake County",2,29,315,152,163
050,28,079,"Mississippi","Leake County",2,30,299,142,157
050,28,079,"Mississippi","Leake County",2,31,264,125,139
050,28,079,"Mississippi","Leake County",2,32,244,125,119
050,28,079,"Mississippi","Leake County",2,33,254,130,124
050,28,079,"Mississippi","Leake County",2,34,258,130,128
050,28,079,"Mississippi","Leake County",2,35,271,149,122
050,28,079,"Mississippi","Leake County",2,36,269,139,130
050,28,079,"Mississippi","Leake County",2,37,272,143,129
050,28,079,"Mississippi","Leake County",2,38,276,141,135
050,28,079,"Mississippi","Leake County",2,39,297,151,146
050,28,079,"Mississippi","Leake County",2,40,311,157,154
050,28,079,"Mississippi","Leake County",2,41,283,131,152
050,28,079,"Mississippi","Leake County",2,42,262,126,136
050,28,079,"Mississippi","Leake County",2,43,248,118,130
050,28,079,"Mississippi","Leake County",2,44,243,121,122
050,28,079,"Mississippi","Leake County",2,45,260,126,134
050,28,079,"Mississippi","Leake County",2,46,250,117,133
050,28,079,"Mississippi","Leake County",2,47,263,124,139
050,28,079,"Mississippi","Leake County",2,48,281,136,145
050,28,079,"Mississippi","Leake County",2,49,310,153,157
050,28,079,"Mississippi","Leake County",2,50,276,129,147
050,28,079,"Mississippi","Leake County",2,51,255,112,143
050,28,079,"Mississippi","Leake County",2,52,264,134,130
050,28,079,"Mississippi","Leake County",2,53,267,136,131
050,28,079,"Mississippi","Leake County",2,54,267,128,139
050,28,079,"Mississippi","Leake County",2,55,278,131,147
050,28,079,"Mississippi","Leake County",2,56,271,136,135
050,28,079,"Mississippi","Leake County",2,57,280,152,128
050,28,079,"Mississippi","Leake County",2,58,280,149,131
050,28,079,"Mississippi","Leake County",2,59,282,142,140
050,28,079,"Mississippi","Leake County",2,60,290,150,140
050,28,079,"Mississippi","Leake County",2,61,285,147,138
050,28,079,"Mississippi","Leake County",2,62,280,132,148
050,28,079,"Mississippi","Leake County",2,63,282,138,144
050,28,079,"Mississippi","Leake County",2,64,285,139,146
050,28,079,"Mississippi","Leake County",2,65,274,123,151
050,28,079,"Mississippi","Leake County",2,66,254,108,146
050,28,079,"Mississippi","Leake County",2,67,254,117,137
050,28,079,"Mississippi","Leake County",2,68,246,116,130
050,28,079,"Mississippi","Leake County",2,69,239,112,127
050,28,079,"Mississippi","Leake County",2,70,234,113,121
050,28,079,"Mississippi","Leake County",2,71,223,110,113
050,28,079,"Mississippi","Leake County",2,72,202,95,107
050,28,079,"Mississippi","Leake County",2,73,212,101,111
050,28,079,"Mississippi","Leake County",2,74,141,63,78
050,28,079,"Mississippi","Leake County",2,75,142,65,77
050,28,079,"Mississippi","Leake County",2,76,133,65,68
050,28,079,"Mississippi","Leake County",2,77,126,61,65
050,28,079,"Mississippi","Leake County",2,78,113,51,62
050,28,079,"Mississippi","Leake County",2,79,114,48,66
050,28,079,"Mississippi","Leake County",2,80,95,39,56
050,28,079,"Mississippi","Leake County",2,81,89,35,54
050,28,079,"Mississippi","Leake County",2,82,89,34,55
050,28,079,"Mississippi","Leake County",2,83,77,26,51
050,28,079,"Mississippi","Leake County",2,84,76,23,53
050,28,079,"Mississippi","Leake County",2,85,400,141,259
050,28,079,"Mississippi","Leake County",3,0,324,169,155
050,28,079,"Mississippi","Leake County",3,1,301,141,160
050,28,079,"Mississippi","Leake County",3,2,306,158,148
050,28,079,"Mississippi","Leake County",3,3,287,132,155
050,28,079,"Mississippi","Leake County",3,4,277,136,141
050,28,079,"Mississippi","Leake County",3,5,260,126,134
050,28,079,"Mississippi","Leake County",3,6,248,126,122
050,28,079,"Mississippi","Leake County",3,7,260,124,136
050,28,079,"Mississippi","Leake County",3,8,251,121,130
050,28,079,"Mississippi","Leake County",3,9,248,127,121
050,28,079,"Mississippi","Leake County",3,10,238,116,122
050,28,079,"Mississippi","Leake County",3,11,266,120,146
050,28,079,"Mississippi","Leake County",3,12,267,136,131
050,28,079,"Mississippi","Leake County",3,13,284,149,135
050,28,079,"Mississippi","Leake County",3,14,296,154,142
050,28,079,"Mississippi","Leake County",3,15,276,137,139
050,28,079,"Mississippi","Leake County",3,16,283,140,143
050,28,079,"Mississippi","Leake County",3,17,284,140,144
050,28,079,"Mississippi","Leake County",3,18,242,132,110
050,28,079,"Mississippi","Leake County",3,19,199,106,93
050,28,079,"Mississippi","Leake County",3,20,218,116,102
050,28,079,"Mississippi","Leake County",3,21,233,129,104
050,28,079,"Mississippi","Leake County",3,22,276,157,119
050,28,079,"Mississippi","Leake County",3,23,240,111,129
050,28,079,"Mississippi","Leake County",3,24,287,157,130
050,28,079,"Mississippi","Leake County",3,25,279,149,130
050,28,079,"Mississippi","Leake County",3,26,255,139,116
050,28,079,"Mississippi","Leake County",3,27,257,129,128
050,28,079,"Mississippi","Leake County",3,28,245,124,121
050,28,079,"Mississippi","Leake County",3,29,290,152,138
050,28,079,"Mississippi","Leake County",3,30,326,158,168
050,28,079,"Mississippi","Leake County",3,31,295,139,156
050,28,079,"Mississippi","Leake County",3,32,261,129,132
050,28,079,"Mississippi","Leake County",3,33,240,124,116
050,28,079,"Mississippi","Leake County",3,34,255,128,127
050,28,079,"Mississippi","Leake County",3,35,255,127,128
050,28,079,"Mississippi","Leake County",3,36,250,136,114
050,28,079,"Mississippi","Leake County",3,37,276,142,134
050,28,079,"Mississippi","Leake County",3,38,257,130,127
050,28,079,"Mississippi","Leake County",3,39,276,138,138
050,28,079,"Mississippi","Leake County",3,40,288,143,145
050,28,079,"Mississippi","Leake County",3,41,308,155,153
050,28,079,"Mississippi","Leake County",3,42,286,136,150
050,28,079,"Mississippi","Leake County",3,43,255,118,137
050,28,079,"Mississippi","Leake County",3,44,250,120,130
050,28,079,"Mississippi","Leake County",3,45,239,121,118
050,28,079,"Mississippi","Leake County",3,46,261,126,135
050,28,079,"Mississippi","Leake County",3,47,260,131,129
050,28,079,"Mississippi","Leake County",3,48,258,113,145
050,28,079,"Mississippi","Leake County",3,49,280,136,144
050,28,079,"Mississippi","Leake County",3,50,304,151,153
050,28,079,"Mississippi","Leake County",3,51,270,118,152
050,28,079,"Mississippi","Leake County",3,52,249,111,138
050,28,079,"Mississippi","Leake County",3,53,264,132,132
050,28,079,"Mississippi","Leake County",3,54,253,124,129
050,28,079,"Mississippi","Leake County",3,55,263,125,138
050,28,079,"Mississippi","Leake County",3,56,267,127,140
050,28,079,"Mississippi","Leake County",3,57,261,134,127
050,28,079,"Mississippi","Leake County",3,58,278,153,125
050,28,079,"Mississippi","Leake County",3,59,282,158,124
050,28,079,"Mississippi","Leake County",3,60,273,132,141
050,28,079,"Mississippi","Leake County",3,61,287,148,139
050,28,079,"Mississippi","Leake County",3,62,284,146,138
050,28,079,"Mississippi","Leake County",3,63,278,125,153
050,28,079,"Mississippi","Leake County",3,64,279,135,144
050,28,079,"Mississippi","Leake County",3,65,271,130,141
050,28,079,"Mississippi","Leake County",3,66,274,127,147
050,28,079,"Mississippi","Leake County",3,67,252,110,142
050,28,079,"Mississippi","Leake County",3,68,250,112,138
050,28,079,"Mississippi","Leake County",3,69,241,115,126
050,28,079,"Mississippi","Leake County",3,70,228,102,126
050,28,079,"Mississippi","Leake County",3,71,227,114,113
050,28,079,"Mississippi","Leake County",3,72,214,105,109
050,28,079,"Mississippi","Leake County",3,73,202,95,107
050,28,079,"Mississippi","Leake County",3,74,203,94,109
050,28,079,"Mississippi","Leake County",3,75,134,60,74
050,28,079,"Mississippi","Leake County",3,76,134,59,75
050,28,079,"Mississippi","Leake County",3,77,126,60,66
050,28,079,"Mississippi","Leake County",3,78,121,60,61
050,28,079,"Mississippi","Leake County",3,79,108,50,58
050,28,079,"Mississippi","Leake County",3,80,107,46,61
050,28,079,"Mississippi","Leake County",3,81,93,39,54
050,28,079,"Mississippi","Leake County",3,82,82,32,50
050,28,079,"Mississippi","Leake County",3,83,82,29,53
050,28,079,"Mississippi","Leake County",3,84,68,21,47
050,28,079,"Mississippi","Leake County",3,85,398,137,261
050,28,079,"Mississippi","Leake County",4,0,319,155,164
050,28,079,"Mississippi","Leake County",4,1,305,159,146
050,28,079,"Mississippi","Leake County",4,2,286,145,141
050,28,079,"Mississippi","Leake County",4,3,287,147,140
050,28,079,"Mississippi","Leake County",4,4,279,133,146
050,28,079,"Mississippi","Leake County",4,5,268,135,133
050,28,079,"Mississippi","Leake County",4,6,263,128,135
050,28,079,"Mississippi","Leake County",4,7,270,144,126
050,28,079,"Mississippi","Leake County",4,8,257,123,134
050,28,079,"Mississippi","Leake County",4,9,249,128,121
050,28,079,"Mississippi","Leake County",4,10,259,136,123
050,28,079,"Mississippi","Leake County",4,11,234,119,115
050,28,079,"Mississippi","Leake County",4,12,260,114,146
050,28,079,"Mississippi","Leake County",4,13,261,130,131
050,28,079,"Mississippi","Leake County",4,14,281,146,135
050,28,079,"Mississippi","Leake County",4,15,306,162,144
050,28,079,"Mississippi","Leake County",4,16,292,148,144
050,28,079,"Mississippi","Leake County",4,17,294,141,153
050,28,079,"Mississippi","Leake County",4,18,260,136,124
050,28,079,"Mississippi","Leake County",4,19,206,111,95
050,28,079,"Mississippi","Leake County",4,20,217,117,100
050,28,079,"Mississippi","Leake County",4,21,223,115,108
050,28,079,"Mississippi","Leake County",4,22,280,169,111
050,28,079,"Mississippi","Leake County",4,23,245,122,123
050,28,079,"Mississippi","Leake County",4,24,252,127,125
050,28,079,"Mississippi","Leake County",4,25,269,145,124
050,28,079,"Mississippi","Leake County",4,26,268,145,123
050,28,079,"Mississippi","Leake County",4,27,233,116,117
050,28,079,"Mississippi","Leake County",4,28,253,128,125
050,28,079,"Mississippi","Leake County",4,29,244,126,118
050,28,079,"Mississippi","Leake County",4,30,267,140,127
050,28,079,"Mississippi","Leake County",4,31,310,145,165
050,28,079,"Mississippi","Leake County",4,32,286,138,148
050,28,079,"Mississippi","Leake County",4,33,264,127,137
050,28,079,"Mississippi","Leake County",4,34,240,122,118
050,28,079,"Mississippi","Leake County",4,35,259,136,123
050,28,079,"Mississippi","Leake County",4,36,256,128,128
050,28,079,"Mississippi","Leake County",4,37,253,136,117
050,28,079,"Mississippi","Leake County",4,38,273,141,132
050,28,079,"Mississippi","Leake County",4,39,253,128,125
050,28,079,"Mississippi","Leake County",4,40,269,141,128
050,28,079,"Mississippi","Leake County",4,41,296,141,155
050,28,079,"Mississippi","Leake County",4,42,309,160,149
050,28,079,"Mississippi","Leake County",4,43,279,127,152
050,28,079,"Mississippi","Leake County",4,44,266,127,139
050,28,079,"Mississippi","Leake County",4,45,250,117,133
050,28,079,"Mississippi","Leake County",4,46,248,125,123
050,28,079,"Mississippi","Leake County",4,47,259,126,133
050,28,079,"Mississippi","Leake County",4,48,253,127,126
050,28,079,"Mississippi","Leake County",4,49,267,114,153
050,28,079,"Mississippi","Leake County",4,50,275,133,142
050,28,079,"Mississippi","Leake County",4,51,305,150,155
050,28,079,"Mississippi","Leake County",4,52,273,124,149
050,28,079,"Mississippi","Leake County",4,53,251,111,140
050,28,079,"Mississippi","Leake County",4,54,248,121,127
050,28,079,"Mississippi","Leake County",4,55,260,127,133
050,28,079,"Mississippi","Leake County",4,56,261,123,138
050,28,079,"Mississippi","Leake County",4,57,265,125,140
050,28,079,"Mississippi","Leake County",4,58,257,132,125
050,28,079,"Mississippi","Leake County",4,59,279,155,124
050,28,079,"Mississippi","Leake County",4,60,277,150,127
050,28,079,"Mississippi","Leake County",4,61,269,131,138
050,28,079,"Mississippi","Leake County",4,62,281,143,138
050,28,079,"Mississippi","Leake County",4,63,278,145,133
050,28,079,"Mississippi","Leake County",4,64,271,122,149
050,28,079,"Mississippi","Leake County",4,65,273,129,144
050,28,079,"Mississippi","Leake County",4,66,264,129,135
050,28,079,"Mississippi","Leake County",4,67,268,126,142
050,28,079,"Mississippi","Leake County",4,68,242,103,139
050,28,079,"Mississippi","Leake County",4,69,247,109,138
050,28,079,"Mississippi","Leake County",4,70,224,105,119
050,28,079,"Mississippi","Leake County",4,71,224,99,125
050,28,079,"Mississippi","Leake County",4,72,218,109,109
050,28,079,"Mississippi","Leake County",4,73,208,106,102
050,28,079,"Mississippi","Leake County",4,74,190,87,103
050,28,079,"Mississippi","Leake County",4,75,191,90,101
050,28,079,"Mississippi","Leake County",4,76,124,52,72
050,28,079,"Mississippi","Leake County",4,77,128,56,72
050,28,079,"Mississippi","Leake County",4,78,121,57,64
050,28,079,"Mississippi","Leake County",4,79,115,59,56
050,28,079,"Mississippi","Leake County",4,80,106,50,56
050,28,079,"Mississippi","Leake County",4,81,109,47,62
050,28,079,"Mississippi","Leake County",4,82,84,34,50
050,28,079,"Mississippi","Leake County",4,83,73,25,48
050,28,079,"Mississippi","Leake County",4,84,71,22,49
050,28,079,"Mississippi","Leake County",4,85,396,129,267
050,28,079,"Mississippi","Leake County",5,0,323,158,165
050,28,079,"Mississippi","Leake County",5,1,313,156,157
050,28,079,"Mississippi","Leake County",5,2,304,161,143
050,28,079,"Mississippi","Leake County",5,3,308,156,152
050,28,079,"Mississippi","Leake County",5,4,275,151,124
050,28,079,"Mississippi","Leake County",5,5,278,129,149
050,28,079,"Mississippi","Leake County",5,6,267,139,128
050,28,079,"Mississippi","Leake County",5,7,298,156,142
050,28,079,"Mississippi","Leake County",5,8,273,150,123
050,28,079,"Mississippi","Leake County",5,9,263,119,144
050,28,079,"Mississippi","Leake County",5,10,255,130,125
050,28,079,"Mississippi","Leake County",5,11,244,128,116
050,28,079,"Mississippi","Leake County",5,12,233,118,115
050,28,079,"Mississippi","Leake County",5,13,267,123,144
050,28,079,"Mississippi","Leake County",5,14,267,137,130
050,28,079,"Mississippi","Leake County",5,15,281,147,134
050,28,079,"Mississippi","Leake County",5,16,305,160,145
050,28,079,"Mississippi","Leake County",5,17,306,146,160
050,28,079,"Mississippi","Leake County",5,18,268,134,134
050,28,079,"Mississippi","Leake County",5,19,224,113,111
050,28,079,"Mississippi","Leake County",5,20,223,120,103
050,28,079,"Mississippi","Leake County",5,21,228,116,112
050,28,079,"Mississippi","Leake County",5,22,263,146,117
050,28,079,"Mississippi","Leake County",5,23,261,141,120
050,28,079,"Mississippi","Leake County",5,24,258,140,118
050,28,079,"Mississippi","Leake County",5,25,247,116,131
050,28,079,"Mississippi","Leake County",5,26,279,156,123
050,28,079,"Mississippi","Leake County",5,27,241,118,123
050,28,079,"Mississippi","Leake County",5,28,228,116,112
050,28,079,"Mississippi","Leake County",5,29,262,139,123
050,28,079,"Mississippi","Leake County",5,30,248,126,122
050,28,079,"Mississippi","Leake County",5,31,258,128,130
050,28,079,"Mississippi","Leake County",5,32,316,150,166
050,28,079,"Mississippi","Leake County",5,33,283,118,165
050,28,079,"Mississippi","Leake County",5,34,254,114,140
050,28,079,"Mississippi","Leake County",5,35,231,124,107
050,28,079,"Mississippi","Leake County",5,36,252,131,121
050,28,079,"Mississippi","Leake County",5,37,255,130,125
050,28,079,"Mississippi","Leake County",5,38,253,138,115
050,28,079,"Mississippi","Leake County",5,39,275,143,132
050,28,079,"Mississippi","Leake County",5,40,271,147,124
050,28,079,"Mississippi","Leake County",5,41,271,139,132
050,28,079,"Mississippi","Leake County",5,42,299,146,153
050,28,079,"Mississippi","Leake County",5,43,295,146,149
050,28,079,"Mississippi","Leake County",5,44,275,131,144
050,28,079,"Mississippi","Leake County",5,45,261,128,133
050,28,079,"Mississippi","Leake County",5,46,251,125,126
050,28,079,"Mississippi","Leake County",5,47,254,132,122
050,28,079,"Mississippi","Leake County",5,48,249,117,132
050,28,079,"Mississippi","Leake County",5,49,247,120,127
050,28,079,"Mississippi","Leake County",5,50,253,105,148
050,28,079,"Mississippi","Leake County",5,51,276,129,147
050,28,079,"Mississippi","Leake County",5,52,302,155,147
050,28,079,"Mississippi","Leake County",5,53,272,123,149
050,28,079,"Mississippi","Leake County",5,54,233,96,137
050,28,079,"Mississippi","Leake County",5,55,249,119,130
050,28,079,"Mississippi","Leake County",5,56,259,128,131
050,28,079,"Mississippi","Leake County",5,57,261,125,136
050,28,079,"Mississippi","Leake County",5,58,253,116,137
050,28,079,"Mississippi","Leake County",5,59,257,133,124
050,28,079,"Mississippi","Leake County",5,60,272,148,124
050,28,079,"Mississippi","Leake County",5,61,275,147,128
050,28,079,"Mississippi","Leake County",5,62,266,130,136
050,28,079,"Mississippi","Leake County",5,63,273,139,134
050,28,079,"Mississippi","Leake County",5,64,276,146,130
050,28,079,"Mississippi","Leake County",5,65,261,116,145
050,28,079,"Mississippi","Leake County",5,66,273,132,141
050,28,079,"Mississippi","Leake County",5,67,263,128,135
050,28,079,"Mississippi","Leake County",5,68,257,118,139
050,28,079,"Mississippi","Leake County",5,69,242,100,142
050,28,079,"Mississippi","Leake County",5,70,227,97,130
050,28,079,"Mississippi","Leake County",5,71,222,107,115
050,28,079,"Mississippi","Leake County",5,72,216,95,121
050,28,079,"Mississippi","Leake County",5,73,212,111,101
050,28,079,"Mississippi","Leake County",5,74,196,99,97
050,28,079,"Mississippi","Leake County",5,75,179,81,98
050,28,079,"Mississippi","Leake County",5,76,176,80,96
050,28,079,"Mississippi","Leake County",5,77,118,49,69
050,28,079,"Mississippi","Leake County",5,78,120,52,68
050,28,079,"Mississippi","Leake County",5,79,114,54,60
050,28,079,"Mississippi","Leake County",5,80,110,57,53
050,28,079,"Mississippi","Leake County",5,81,105,50,55
050,28,079,"Mississippi","Leake County",5,82,102,42,60
050,28,079,"Mississippi","Leake County",5,83,79,31,48
050,28,079,"Mississippi","Leake County",5,84,60,19,41
050,28,079,"Mississippi","Leake County",5,85,409,128,281
050,28,081,"Mississippi","Lee County",1,0,1038,532,506
050,28,081,"Mississippi","Lee County",1,1,1067,561,506
050,28,081,"Mississippi","Lee County",1,2,1104,565,539
050,28,081,"Mississippi","Lee County",1,3,1156,580,576
050,28,081,"Mississippi","Lee County",1,4,1144,581,563
050,28,081,"Mississippi","Lee County",1,5,1160,577,583
050,28,081,"Mississippi","Lee County",1,6,1116,538,578
050,28,081,"Mississippi","Lee County",1,7,1073,527,546
050,28,081,"Mississippi","Lee County",1,8,1150,592,558
050,28,081,"Mississippi","Lee County",1,9,1142,584,558
050,28,081,"Mississippi","Lee County",1,10,1218,613,605
050,28,081,"Mississippi","Lee County",1,11,1235,623,612
050,28,081,"Mississippi","Lee County",1,12,1310,672,638
050,28,081,"Mississippi","Lee County",1,13,1252,642,610
050,28,081,"Mississippi","Lee County",1,14,1263,664,599
050,28,081,"Mississippi","Lee County",1,15,1257,665,592
050,28,081,"Mississippi","Lee County",1,16,1225,660,565
050,28,081,"Mississippi","Lee County",1,17,1201,622,579
050,28,081,"Mississippi","Lee County",1,18,1052,568,484
050,28,081,"Mississippi","Lee County",1,19,877,459,418
050,28,081,"Mississippi","Lee County",1,20,919,480,439
050,28,081,"Mississippi","Lee County",1,21,953,486,467
050,28,081,"Mississippi","Lee County",1,22,959,455,504
050,28,081,"Mississippi","Lee County",1,23,1012,497,515
050,28,081,"Mississippi","Lee County",1,24,1022,498,524
050,28,081,"Mississippi","Lee County",1,25,1041,517,524
050,28,081,"Mississippi","Lee County",1,26,1123,538,585
050,28,081,"Mississippi","Lee County",1,27,1135,546,589
050,28,081,"Mississippi","Lee County",1,28,1144,513,631
050,28,081,"Mississippi","Lee County",1,29,1179,555,624
050,28,081,"Mississippi","Lee County",1,30,1129,546,583
050,28,081,"Mississippi","Lee County",1,31,1115,515,600
050,28,081,"Mississippi","Lee County",1,32,1025,485,540
050,28,081,"Mississippi","Lee County",1,33,1048,505,543
050,28,081,"Mississippi","Lee County",1,34,1056,497,559
050,28,081,"Mississippi","Lee County",1,35,1058,504,554
050,28,081,"Mississippi","Lee County",1,36,1055,492,563
050,28,081,"Mississippi","Lee County",1,37,1129,543,586
050,28,081,"Mississippi","Lee County",1,38,1122,545,577
050,28,081,"Mississippi","Lee County",1,39,1110,551,559
050,28,081,"Mississippi","Lee County",1,40,1082,529,553
050,28,081,"Mississippi","Lee County",1,41,1045,494,551
050,28,081,"Mississippi","Lee County",1,42,1047,482,565
050,28,081,"Mississippi","Lee County",1,43,1014,469,545
050,28,081,"Mississippi","Lee County",1,44,997,474,523
050,28,081,"Mississippi","Lee County",1,45,1005,484,521
050,28,081,"Mississippi","Lee County",1,46,1072,524,548
050,28,081,"Mississippi","Lee County",1,47,1049,525,524
050,28,081,"Mississippi","Lee County",1,48,1142,561,581
050,28,081,"Mississippi","Lee County",1,49,1153,588,565
050,28,081,"Mississippi","Lee County",1,50,1013,499,514
050,28,081,"Mississippi","Lee County",1,51,1012,487,525
050,28,081,"Mississippi","Lee County",1,52,1021,503,518
050,28,081,"Mississippi","Lee County",1,53,1088,520,568
050,28,081,"Mississippi","Lee County",1,54,1054,526,528
050,28,081,"Mississippi","Lee County",1,55,1148,564,584
050,28,081,"Mississippi","Lee County",1,56,1162,557,605
050,28,081,"Mississippi","Lee County",1,57,1159,563,596
050,28,081,"Mississippi","Lee County",1,58,1089,522,567
050,28,081,"Mississippi","Lee County",1,59,1081,513,568
050,28,081,"Mississippi","Lee County",1,60,1033,503,530
050,28,081,"Mississippi","Lee County",1,61,1033,480,553
050,28,081,"Mississippi","Lee County",1,62,1018,481,537
050,28,081,"Mississippi","Lee County",1,63,1009,452,557
050,28,081,"Mississippi","Lee County",1,64,971,456,515
050,28,081,"Mississippi","Lee County",1,65,945,457,488
050,28,081,"Mississippi","Lee County",1,66,883,419,464
050,28,081,"Mississippi","Lee County",1,67,793,366,427
050,28,081,"Mississippi","Lee County",1,68,788,363,425
050,28,081,"Mississippi","Lee County",1,69,732,317,415
050,28,081,"Mississippi","Lee County",1,70,695,292,403
050,28,081,"Mississippi","Lee County",1,71,707,307,400
050,28,081,"Mississippi","Lee County",1,72,705,309,396
050,28,081,"Mississippi","Lee County",1,73,712,319,393
050,28,081,"Mississippi","Lee County",1,74,501,216,285
050,28,081,"Mississippi","Lee County",1,75,515,219,296
050,28,081,"Mississippi","Lee County",1,76,515,223,292
050,28,081,"Mississippi","Lee County",1,77,487,225,262
050,28,081,"Mississippi","Lee County",1,78,416,178,238
050,28,081,"Mississippi","Lee County",1,79,369,158,211
050,28,081,"Mississippi","Lee County",1,80,325,136,189
050,28,081,"Mississippi","Lee County",1,81,334,133,201
050,28,081,"Mississippi","Lee County",1,82,311,107,204
050,28,081,"Mississippi","Lee County",1,83,268,90,178
050,28,081,"Mississippi","Lee County",1,84,235,85,150
050,28,081,"Mississippi","Lee County",1,85,1244,345,899
050,28,081,"Mississippi","Lee County",2,0,1052,524,528
050,28,081,"Mississippi","Lee County",2,1,1059,554,505
050,28,081,"Mississippi","Lee County",2,2,1097,561,536
050,28,081,"Mississippi","Lee County",2,3,1139,571,568
050,28,081,"Mississippi","Lee County",2,4,1145,577,568
050,28,081,"Mississippi","Lee County",2,5,1157,575,582
050,28,081,"Mississippi","Lee County",2,6,1122,542,580
050,28,081,"Mississippi","Lee County",2,7,1086,531,555
050,28,081,"Mississippi","Lee County",2,8,1127,572,555
050,28,081,"Mississippi","Lee County",2,9,1146,588,558
050,28,081,"Mississippi","Lee County",2,10,1194,604,590
050,28,081,"Mississippi","Lee County",2,11,1232,621,611
050,28,081,"Mississippi","Lee County",2,12,1294,660,634
050,28,081,"Mississippi","Lee County",2,13,1267,651,616
050,28,081,"Mississippi","Lee County",2,14,1258,657,601
050,28,081,"Mississippi","Lee County",2,15,1255,662,593
050,28,081,"Mississippi","Lee County",2,16,1230,659,571
050,28,081,"Mississippi","Lee County",2,17,1204,629,575
050,28,081,"Mississippi","Lee County",2,18,1042,560,482
050,28,081,"Mississippi","Lee County",2,19,882,463,419
050,28,081,"Mississippi","Lee County",2,20,935,486,449
050,28,081,"Mississippi","Lee County",2,21,958,487,471
050,28,081,"Mississippi","Lee County",2,22,979,472,507
050,28,081,"Mississippi","Lee County",2,23,1011,493,518
050,28,081,"Mississippi","Lee County",2,24,1017,498,519
050,28,081,"Mississippi","Lee County",2,25,1037,512,525
050,28,081,"Mississippi","Lee County",2,26,1110,536,574
050,28,081,"Mississippi","Lee County",2,27,1127,541,586
050,28,081,"Mississippi","Lee County",2,28,1137,517,620
050,28,081,"Mississippi","Lee County",2,29,1172,549,623
050,28,081,"Mississippi","Lee County",2,30,1144,550,594
050,28,081,"Mississippi","Lee County",2,31,1113,522,591
050,28,081,"Mississippi","Lee County",2,32,1045,490,555
050,28,081,"Mississippi","Lee County",2,33,1042,506,536
050,28,081,"Mississippi","Lee County",2,34,1052,499,553
050,28,081,"Mississippi","Lee County",2,35,1064,506,558
050,28,081,"Mississippi","Lee County",2,36,1049,495,554
050,28,081,"Mississippi","Lee County",2,37,1117,534,583
050,28,081,"Mississippi","Lee County",2,38,1122,543,579
050,28,081,"Mississippi","Lee County",2,39,1105,544,561
050,28,081,"Mississippi","Lee County",2,40,1093,537,556
050,28,081,"Mississippi","Lee County",2,41,1055,504,551
050,28,081,"Mississippi","Lee County",2,42,1041,482,559
050,28,081,"Mississippi","Lee County",2,43,1032,476,556
050,28,081,"Mississippi","Lee County",2,44,993,470,523
050,28,081,"Mississippi","Lee County",2,45,1008,484,524
050,28,081,"Mississippi","Lee County",2,46,1052,513,539
050,28,081,"Mississippi","Lee County",2,47,1050,523,527
050,28,081,"Mississippi","Lee County",2,48,1119,553,566
050,28,081,"Mississippi","Lee County",2,49,1151,585,566
050,28,081,"Mississippi","Lee County",2,50,1044,518,526
050,28,081,"Mississippi","Lee County",2,51,1002,484,518
050,28,081,"Mississippi","Lee County",2,52,1012,492,520
050,28,081,"Mississippi","Lee County",2,53,1071,513,558
050,28,081,"Mississippi","Lee County",2,54,1056,521,535
050,28,081,"Mississippi","Lee County",2,55,1123,555,568
050,28,081,"Mississippi","Lee County",2,56,1163,560,603
050,28,081,"Mississippi","Lee County",2,57,1161,561,600
050,28,081,"Mississippi","Lee County",2,58,1101,531,570
050,28,081,"Mississippi","Lee County",2,59,1087,519,568
050,28,081,"Mississippi","Lee County",2,60,1043,505,538
050,28,081,"Mississippi","Lee County",2,61,1028,483,545
050,28,081,"Mississippi","Lee County",2,62,1015,477,538
050,28,081,"Mississippi","Lee County",2,63,1011,457,554
050,28,081,"Mississippi","Lee County",2,64,970,449,521
050,28,081,"Mississippi","Lee County",2,65,946,453,493
050,28,081,"Mississippi","Lee County",2,66,891,429,462
050,28,081,"Mississippi","Lee County",2,67,813,379,434
050,28,081,"Mississippi","Lee County",2,68,777,357,420
050,28,081,"Mississippi","Lee County",2,69,740,325,415
050,28,081,"Mississippi","Lee County",2,70,693,292,401
050,28,081,"Mississippi","Lee County",2,71,704,300,404
050,28,081,"Mississippi","Lee County",2,72,691,301,390
050,28,081,"Mississippi","Lee County",2,73,734,327,407
050,28,081,"Mississippi","Lee County",2,74,514,220,294
050,28,081,"Mississippi","Lee County",2,75,516,221,295
050,28,081,"Mississippi","Lee County",2,76,503,216,287
050,28,081,"Mississippi","Lee County",2,77,495,222,273
050,28,081,"Mississippi","Lee County",2,78,420,183,237
050,28,081,"Mississippi","Lee County",2,79,373,157,216
050,28,081,"Mississippi","Lee County",2,80,329,138,191
050,28,081,"Mississippi","Lee County",2,81,327,132,195
050,28,081,"Mississippi","Lee County",2,82,306,105,201
050,28,081,"Mississippi","Lee County",2,83,271,90,181
050,28,081,"Mississippi","Lee County",2,84,240,86,154
050,28,081,"Mississippi","Lee County",2,85,1235,337,898
050,28,081,"Mississippi","Lee County",3,0,1041,553,488
050,28,081,"Mississippi","Lee County",3,1,1002,507,495
050,28,081,"Mississippi","Lee County",3,2,1045,548,497
050,28,081,"Mississippi","Lee County",3,3,1085,558,527
050,28,081,"Mississippi","Lee County",3,4,1122,573,549
050,28,081,"Mississippi","Lee County",3,5,1117,545,572
050,28,081,"Mississippi","Lee County",3,6,1152,578,574
050,28,081,"Mississippi","Lee County",3,7,1137,546,591
050,28,081,"Mississippi","Lee County",3,8,1077,526,551
050,28,081,"Mississippi","Lee County",3,9,1125,565,560
050,28,081,"Mississippi","Lee County",3,10,1131,559,572
050,28,081,"Mississippi","Lee County",3,11,1213,603,610
050,28,081,"Mississippi","Lee County",3,12,1238,630,608
050,28,081,"Mississippi","Lee County",3,13,1298,663,635
050,28,081,"Mississippi","Lee County",3,14,1305,665,640
050,28,081,"Mississippi","Lee County",3,15,1271,657,614
050,28,081,"Mississippi","Lee County",3,16,1259,671,588
050,28,081,"Mississippi","Lee County",3,17,1236,648,588
050,28,081,"Mississippi","Lee County",3,18,1022,547,475
050,28,081,"Mississippi","Lee County",3,19,884,470,414
050,28,081,"Mississippi","Lee County",3,20,971,499,472
050,28,081,"Mississippi","Lee County",3,21,965,493,472
050,28,081,"Mississippi","Lee County",3,22,1033,511,522
050,28,081,"Mississippi","Lee County",3,23,1031,490,541
050,28,081,"Mississippi","Lee County",3,24,1008,504,504
050,28,081,"Mississippi","Lee County",3,25,1000,497,503
050,28,081,"Mississippi","Lee County",3,26,1069,521,548
050,28,081,"Mississippi","Lee County",3,27,1070,520,550
050,28,081,"Mississippi","Lee County",3,28,1112,532,580
050,28,081,"Mississippi","Lee County",3,29,1156,531,625
050,28,081,"Mississippi","Lee County",3,30,1148,538,610
050,28,081,"Mississippi","Lee County",3,31,1150,542,608
050,28,081,"Mississippi","Lee County",3,32,1141,525,616
050,28,081,"Mississippi","Lee County",3,33,1019,482,537
050,28,081,"Mississippi","Lee County",3,34,1031,494,537
050,28,081,"Mississippi","Lee County",3,35,1040,502,538
050,28,081,"Mississippi","Lee County",3,36,1061,498,563
050,28,081,"Mississippi","Lee County",3,37,1055,500,555
050,28,081,"Mississippi","Lee County",3,38,1111,544,567
050,28,081,"Mississippi","Lee County",3,39,1098,523,575
050,28,081,"Mississippi","Lee County",3,40,1106,543,563
050,28,081,"Mississippi","Lee County",3,41,1116,541,575
050,28,081,"Mississippi","Lee County",3,42,1058,508,550
050,28,081,"Mississippi","Lee County",3,43,1035,479,556
050,28,081,"Mississippi","Lee County",3,44,1022,466,556
050,28,081,"Mississippi","Lee County",3,45,957,458,499
050,28,081,"Mississippi","Lee County",3,46,992,472,520
050,28,081,"Mississippi","Lee County",3,47,1054,512,542
050,28,081,"Mississippi","Lee County",3,48,1029,514,515
050,28,081,"Mississippi","Lee County",3,49,1113,556,557
050,28,081,"Mississippi","Lee County",3,50,1135,585,550
050,28,081,"Mississippi","Lee County",3,51,1041,516,525
050,28,081,"Mississippi","Lee County",3,52,1004,488,516
050,28,081,"Mississippi","Lee County",3,53,997,472,525
050,28,081,"Mississippi","Lee County",3,54,1058,506,552
050,28,081,"Mississippi","Lee County",3,55,1045,512,533
050,28,081,"Mississippi","Lee County",3,56,1101,539,562
050,28,081,"Mississippi","Lee County",3,57,1169,541,628
050,28,081,"Mississippi","Lee County",3,58,1139,555,584
050,28,081,"Mississippi","Lee County",3,59,1072,515,557
050,28,081,"Mississippi","Lee County",3,60,1071,510,561
050,28,081,"Mississippi","Lee County",3,61,1002,477,525
050,28,081,"Mississippi","Lee County",3,62,1010,467,543
050,28,081,"Mississippi","Lee County",3,63,981,453,528
050,28,081,"Mississippi","Lee County",3,64,975,439,536
050,28,081,"Mississippi","Lee County",3,65,940,431,509
050,28,081,"Mississippi","Lee County",3,66,932,448,484
050,28,081,"Mississippi","Lee County",3,67,871,422,449
050,28,081,"Mississippi","Lee County",3,68,794,362,432
050,28,081,"Mississippi","Lee County",3,69,746,341,405
050,28,081,"Mississippi","Lee County",3,70,703,309,394
050,28,081,"Mississippi","Lee County",3,71,679,285,394
050,28,081,"Mississippi","Lee County",3,72,682,290,392
050,28,081,"Mississippi","Lee County",3,73,655,277,378
050,28,081,"Mississippi","Lee County",3,74,693,302,391
050,28,081,"Mississippi","Lee County",3,75,497,208,289
050,28,081,"Mississippi","Lee County",3,76,483,210,273
050,28,081,"Mississippi","Lee County",3,77,475,199,276
050,28,081,"Mississippi","Lee County",3,78,472,202,270
050,28,081,"Mississippi","Lee County",3,79,406,172,234
050,28,081,"Mississippi","Lee County",3,80,332,132,200
050,28,081,"Mississippi","Lee County",3,81,302,125,177
050,28,081,"Mississippi","Lee County",3,82,285,110,175
050,28,081,"Mississippi","Lee County",3,83,278,88,190
050,28,081,"Mississippi","Lee County",3,84,253,82,171
050,28,081,"Mississippi","Lee County",3,85,1219,338,881
050,28,081,"Mississippi","Lee County",4,0,1064,554,510
050,28,081,"Mississippi","Lee County",4,1,1006,529,477
050,28,081,"Mississippi","Lee County",4,2,984,485,499
050,28,081,"Mississippi","Lee County",4,3,1068,556,512
050,28,081,"Mississippi","Lee County",4,4,1082,549,533
050,28,081,"Mississippi","Lee County",4,5,1144,578,566
050,28,081,"Mississippi","Lee County",4,6,1116,547,569
050,28,081,"Mississippi","Lee County",4,7,1164,589,575
050,28,081,"Mississippi","Lee County",4,8,1154,548,606
050,28,081,"Mississippi","Lee County",4,9,1106,537,569
050,28,081,"Mississippi","Lee County",4,10,1123,569,554
050,28,081,"Mississippi","Lee County",4,11,1145,572,573
050,28,081,"Mississippi","Lee County",4,12,1213,611,602
050,28,081,"Mississippi","Lee County",4,13,1242,630,612
050,28,081,"Mississippi","Lee County",4,14,1293,667,626
050,28,081,"Mississippi","Lee County",4,15,1300,654,646
050,28,081,"Mississippi","Lee County",4,16,1279,655,624
050,28,081,"Mississippi","Lee County",4,17,1279,679,600
050,28,081,"Mississippi","Lee County",4,18,1058,578,480
050,28,081,"Mississippi","Lee County",4,19,815,436,379
050,28,081,"Mississippi","Lee County",4,20,904,478,426
050,28,081,"Mississippi","Lee County",4,21,996,519,477
050,28,081,"Mississippi","Lee County",4,22,1021,517,504
050,28,081,"Mississippi","Lee County",4,23,1064,519,545
050,28,081,"Mississippi","Lee County",4,24,1044,499,545
050,28,081,"Mississippi","Lee County",4,25,1010,500,510
050,28,081,"Mississippi","Lee County",4,26,1040,504,536
050,28,081,"Mississippi","Lee County",4,27,1058,501,557
050,28,081,"Mississippi","Lee County",4,28,1091,529,562
050,28,081,"Mississippi","Lee County",4,29,1147,557,590
050,28,081,"Mississippi","Lee County",4,30,1148,523,625
050,28,081,"Mississippi","Lee County",4,31,1194,572,622
050,28,081,"Mississippi","Lee County",4,32,1167,545,622
050,28,081,"Mississippi","Lee County",4,33,1139,516,623
050,28,081,"Mississippi","Lee County",4,34,1000,451,549
050,28,081,"Mississippi","Lee County",4,35,1060,507,553
050,28,081,"Mississippi","Lee County",4,36,1028,500,528
050,28,081,"Mississippi","Lee County",4,37,1076,507,569
050,28,081,"Mississippi","Lee County",4,38,1035,492,543
050,28,081,"Mississippi","Lee County",4,39,1080,509,571
050,28,081,"Mississippi","Lee County",4,40,1083,517,566
050,28,081,"Mississippi","Lee County",4,41,1102,542,560
050,28,081,"Mississippi","Lee County",4,42,1086,524,562
050,28,081,"Mississippi","Lee County",4,43,1047,507,540
050,28,081,"Mississippi","Lee County",4,44,1029,476,553
050,28,081,"Mississippi","Lee County",4,45,1013,464,549
050,28,081,"Mississippi","Lee County",4,46,973,472,501
050,28,081,"Mississippi","Lee County",4,47,973,460,513
050,28,081,"Mississippi","Lee County",4,48,1040,503,537
050,28,081,"Mississippi","Lee County",4,49,1028,511,517
050,28,081,"Mississippi","Lee County",4,50,1088,536,552
050,28,081,"Mississippi","Lee County",4,51,1131,583,548
050,28,081,"Mississippi","Lee County",4,52,1043,524,519
050,28,081,"Mississippi","Lee County",4,53,996,481,515
050,28,081,"Mississippi","Lee County",4,54,971,453,518
050,28,081,"Mississippi","Lee County",4,55,1043,496,547
050,28,081,"Mississippi","Lee County",4,56,1021,495,526
050,28,081,"Mississippi","Lee County",4,57,1081,524,557
050,28,081,"Mississippi","Lee County",4,58,1142,524,618
050,28,081,"Mississippi","Lee County",4,59,1097,529,568
050,28,081,"Mississippi","Lee County",4,60,1057,501,556
050,28,081,"Mississippi","Lee County",4,61,1044,491,553
050,28,081,"Mississippi","Lee County",4,62,981,467,514
050,28,081,"Mississippi","Lee County",4,63,996,444,552
050,28,081,"Mississippi","Lee County",4,64,944,442,502
050,28,081,"Mississippi","Lee County",4,65,955,422,533
050,28,081,"Mississippi","Lee County",4,66,907,412,495
050,28,081,"Mississippi","Lee County",4,67,920,437,483
050,28,081,"Mississippi","Lee County",4,68,841,397,444
050,28,081,"Mississippi","Lee County",4,69,779,360,419
050,28,081,"Mississippi","Lee County",4,70,702,323,379
050,28,081,"Mississippi","Lee County",4,71,697,296,401
050,28,081,"Mississippi","Lee County",4,72,670,282,388
050,28,081,"Mississippi","Lee County",4,73,643,260,383
050,28,081,"Mississippi","Lee County",4,74,609,254,355
050,28,081,"Mississippi","Lee County",4,75,654,282,372
050,28,081,"Mississippi","Lee County",4,76,462,196,266
050,28,081,"Mississippi","Lee County",4,77,447,193,254
050,28,081,"Mississippi","Lee County",4,78,448,184,264
050,28,081,"Mississippi","Lee County",4,79,438,180,258
050,28,081,"Mississippi","Lee County",4,80,369,154,215
050,28,081,"Mississippi","Lee County",4,81,303,120,183
050,28,081,"Mississippi","Lee County",4,82,268,111,157
050,28,081,"Mississippi","Lee County",4,83,264,93,171
050,28,081,"Mississippi","Lee County",4,84,254,74,180
050,28,081,"Mississippi","Lee County",4,85,1248,334,914
050,28,081,"Mississippi","Lee County",5,0,1086,564,522
050,28,081,"Mississippi","Lee County",5,1,1038,520,518
050,28,081,"Mississippi","Lee County",5,2,1014,552,462
050,28,081,"Mississippi","Lee County",5,3,1011,509,502
050,28,081,"Mississippi","Lee County",5,4,1048,541,507
050,28,081,"Mississippi","Lee County",5,5,1103,556,547
050,28,081,"Mississippi","Lee County",5,6,1141,574,567
050,28,081,"Mississippi","Lee County",5,7,1133,550,583
050,28,081,"Mississippi","Lee County",5,8,1172,587,585
050,28,081,"Mississippi","Lee County",5,9,1163,570,593
050,28,081,"Mississippi","Lee County",5,10,1085,517,568
050,28,081,"Mississippi","Lee County",5,11,1124,575,549
050,28,081,"Mississippi","Lee County",5,12,1143,577,566
050,28,081,"Mississippi","Lee County",5,13,1192,606,586
050,28,081,"Mississippi","Lee County",5,14,1232,632,600
050,28,081,"Mississippi","Lee County",5,15,1288,671,617
050,28,081,"Mississippi","Lee County",5,16,1305,659,646
050,28,081,"Mississippi","Lee County",5,17,1294,661,633
050,28,081,"Mississippi","Lee County",5,18,1077,590,487
050,28,081,"Mississippi","Lee County",5,19,848,462,386
050,28,081,"Mississippi","Lee County",5,20,863,451,412
050,28,081,"Mississippi","Lee County",5,21,930,489,441
050,28,081,"Mississippi","Lee County",5,22,1053,541,512
050,28,081,"Mississippi","Lee County",5,23,1033,506,527
050,28,081,"Mississippi","Lee County",5,24,1100,529,571
050,28,081,"Mississippi","Lee County",5,25,1052,512,540
050,28,081,"Mississippi","Lee County",5,26,1004,473,531
050,28,081,"Mississippi","Lee County",5,27,1061,503,558
050,28,081,"Mississippi","Lee County",5,28,1050,504,546
050,28,081,"Mississippi","Lee County",5,29,1123,535,588
050,28,081,"Mississippi","Lee County",5,30,1107,534,573
050,28,081,"Mississippi","Lee County",5,31,1147,524,623
050,28,081,"Mississippi","Lee County",5,32,1215,564,651
050,28,081,"Mississippi","Lee County",5,33,1179,557,622
050,28,081,"Mississippi","Lee County",5,34,1136,513,623
050,28,081,"Mississippi","Lee County",5,35,1009,465,544
050,28,081,"Mississippi","Lee County",5,36,1048,491,557
050,28,081,"Mississippi","Lee County",5,37,1038,492,546
050,28,081,"Mississippi","Lee County",5,38,1063,507,556
050,28,081,"Mississippi","Lee County",5,39,1017,471,546
050,28,081,"Mississippi","Lee County",5,40,1071,513,558
050,28,081,"Mississippi","Lee County",5,41,1081,507,574
050,28,081,"Mississippi","Lee County",5,42,1098,540,558
050,28,081,"Mississippi","Lee County",5,43,1066,516,550
050,28,081,"Mississippi","Lee County",5,44,1042,497,545
050,28,081,"Mississippi","Lee County",5,45,1000,455,545
050,28,081,"Mississippi","Lee County",5,46,996,453,543
050,28,081,"Mississippi","Lee County",5,47,966,465,501
050,28,081,"Mississippi","Lee County",5,48,984,471,513
050,28,081,"Mississippi","Lee County",5,49,1043,508,535
050,28,081,"Mississippi","Lee County",5,50,1019,502,517
050,28,081,"Mississippi","Lee County",5,51,1077,522,555
050,28,081,"Mississippi","Lee County",5,52,1120,579,541
050,28,081,"Mississippi","Lee County",5,53,1044,523,521
050,28,081,"Mississippi","Lee County",5,54,981,479,502
050,28,081,"Mississippi","Lee County",5,55,957,439,518
050,28,081,"Mississippi","Lee County",5,56,1029,484,545
050,28,081,"Mississippi","Lee County",5,57,1021,495,526
050,28,081,"Mississippi","Lee County",5,58,1076,520,556
050,28,081,"Mississippi","Lee County",5,59,1131,523,608
050,28,081,"Mississippi","Lee County",5,60,1079,511,568
050,28,081,"Mississippi","Lee County",5,61,1049,504,545
050,28,081,"Mississippi","Lee County",5,62,1045,493,552
050,28,081,"Mississippi","Lee County",5,63,972,466,506
050,28,081,"Mississippi","Lee County",5,64,983,436,547
050,28,081,"Mississippi","Lee County",5,65,937,432,505
050,28,081,"Mississippi","Lee County",5,66,916,406,510
050,28,081,"Mississippi","Lee County",5,67,895,401,494
050,28,081,"Mississippi","Lee County",5,68,901,418,483
050,28,081,"Mississippi","Lee County",5,69,822,389,433
050,28,081,"Mississippi","Lee County",5,70,741,340,401
050,28,081,"Mississippi","Lee County",5,71,687,310,377
050,28,081,"Mississippi","Lee County",5,72,690,295,395
050,28,081,"Mississippi","Lee County",5,73,634,256,378
050,28,081,"Mississippi","Lee County",5,74,617,245,372
050,28,081,"Mississippi","Lee County",5,75,576,236,340
050,28,081,"Mississippi","Lee County",5,76,613,265,348
050,28,081,"Mississippi","Lee County",5,77,441,183,258
050,28,081,"Mississippi","Lee County",5,78,429,180,249
050,28,081,"Mississippi","Lee County",5,79,426,167,259
050,28,081,"Mississippi","Lee County",5,80,403,165,238
050,28,081,"Mississippi","Lee County",5,81,346,145,201
050,28,081,"Mississippi","Lee County",5,82,272,103,169
050,28,081,"Mississippi","Lee County",5,83,242,91,151
050,28,081,"Mississippi","Lee County",5,84,246,84,162
050,28,081,"Mississippi","Lee County",5,85,1310,339,971
050,28,083,"Mississippi","Leflore County",1,0,396,202,194
050,28,083,"Mississippi","Leflore County",1,1,408,201,207
050,28,083,"Mississippi","Leflore County",1,2,442,210,232
050,28,083,"Mississippi","Leflore County",1,3,424,204,220
050,28,083,"Mississippi","Leflore County",1,4,462,224,238
050,28,083,"Mississippi","Leflore County",1,5,468,234,234
050,28,083,"Mississippi","Leflore County",1,6,410,199,211
050,28,083,"Mississippi","Leflore County",1,7,413,217,196
050,28,083,"Mississippi","Leflore County",1,8,422,209,213
050,28,083,"Mississippi","Leflore County",1,9,461,242,219
050,28,083,"Mississippi","Leflore County",1,10,458,241,217
050,28,083,"Mississippi","Leflore County",1,11,462,242,220
050,28,083,"Mississippi","Leflore County",1,12,501,253,248
050,28,083,"Mississippi","Leflore County",1,13,530,282,248
050,28,083,"Mississippi","Leflore County",1,14,453,229,224
050,28,083,"Mississippi","Leflore County",1,15,452,224,228
050,28,083,"Mississippi","Leflore County",1,16,433,212,221
050,28,083,"Mississippi","Leflore County",1,17,441,225,216
050,28,083,"Mississippi","Leflore County",1,18,417,212,205
050,28,083,"Mississippi","Leflore County",1,19,409,200,209
050,28,083,"Mississippi","Leflore County",1,20,389,180,209
050,28,083,"Mississippi","Leflore County",1,21,364,177,187
050,28,083,"Mississippi","Leflore County",1,22,399,203,196
050,28,083,"Mississippi","Leflore County",1,23,407,195,212
050,28,083,"Mississippi","Leflore County",1,24,353,154,199
050,28,083,"Mississippi","Leflore County",1,25,372,176,196
050,28,083,"Mississippi","Leflore County",1,26,377,187,190
050,28,083,"Mississippi","Leflore County",1,27,396,190,206
050,28,083,"Mississippi","Leflore County",1,28,380,192,188
050,28,083,"Mississippi","Leflore County",1,29,377,175,202
050,28,083,"Mississippi","Leflore County",1,30,378,189,189
050,28,083,"Mississippi","Leflore County",1,31,351,177,174
050,28,083,"Mississippi","Leflore County",1,32,315,154,161
050,28,083,"Mississippi","Leflore County",1,33,304,134,170
050,28,083,"Mississippi","Leflore County",1,34,352,165,187
050,28,083,"Mississippi","Leflore County",1,35,326,159,167
050,28,083,"Mississippi","Leflore County",1,36,332,161,171
050,28,083,"Mississippi","Leflore County",1,37,320,152,168
050,28,083,"Mississippi","Leflore County",1,38,329,152,177
050,28,083,"Mississippi","Leflore County",1,39,361,166,195
050,28,083,"Mississippi","Leflore County",1,40,356,174,182
050,28,083,"Mississippi","Leflore County",1,41,344,160,184
050,28,083,"Mississippi","Leflore County",1,42,346,159,187
050,28,083,"Mississippi","Leflore County",1,43,310,142,168
050,28,083,"Mississippi","Leflore County",1,44,324,155,169
050,28,083,"Mississippi","Leflore County",1,45,285,119,166
050,28,083,"Mississippi","Leflore County",1,46,277,119,158
050,28,083,"Mississippi","Leflore County",1,47,316,141,175
050,28,083,"Mississippi","Leflore County",1,48,302,127,175
050,28,083,"Mississippi","Leflore County",1,49,324,140,184
050,28,083,"Mississippi","Leflore County",1,50,305,124,181
050,28,083,"Mississippi","Leflore County",1,51,299,135,164
050,28,083,"Mississippi","Leflore County",1,52,275,123,152
050,28,083,"Mississippi","Leflore County",1,53,272,129,143
050,28,083,"Mississippi","Leflore County",1,54,319,159,160
050,28,083,"Mississippi","Leflore County",1,55,338,149,189
050,28,083,"Mississippi","Leflore County",1,56,341,176,165
050,28,083,"Mississippi","Leflore County",1,57,375,181,194
050,28,083,"Mississippi","Leflore County",1,58,335,147,188
050,28,083,"Mississippi","Leflore County",1,59,339,150,189
050,28,083,"Mississippi","Leflore County",1,60,339,143,196
050,28,083,"Mississippi","Leflore County",1,61,340,134,206
050,28,083,"Mississippi","Leflore County",1,62,350,148,202
050,28,083,"Mississippi","Leflore County",1,63,350,152,198
050,28,083,"Mississippi","Leflore County",1,64,338,148,190
050,28,083,"Mississippi","Leflore County",1,65,331,161,170
050,28,083,"Mississippi","Leflore County",1,66,286,127,159
050,28,083,"Mississippi","Leflore County",1,67,306,146,160
050,28,083,"Mississippi","Leflore County",1,68,274,119,155
050,28,083,"Mississippi","Leflore County",1,69,276,112,164
050,28,083,"Mississippi","Leflore County",1,70,257,114,143
050,28,083,"Mississippi","Leflore County",1,71,232,108,124
050,28,083,"Mississippi","Leflore County",1,72,208,89,119
050,28,083,"Mississippi","Leflore County",1,73,210,86,124
050,28,083,"Mississippi","Leflore County",1,74,167,69,98
050,28,083,"Mississippi","Leflore County",1,75,160,73,87
050,28,083,"Mississippi","Leflore County",1,76,139,62,77
050,28,083,"Mississippi","Leflore County",1,77,155,64,91
050,28,083,"Mississippi","Leflore County",1,78,122,44,78
050,28,083,"Mississippi","Leflore County",1,79,130,56,74
050,28,083,"Mississippi","Leflore County",1,80,122,48,74
050,28,083,"Mississippi","Leflore County",1,81,107,39,68
050,28,083,"Mississippi","Leflore County",1,82,96,39,57
050,28,083,"Mississippi","Leflore County",1,83,90,34,56
050,28,083,"Mississippi","Leflore County",1,84,76,31,45
050,28,083,"Mississippi","Leflore County",1,85,455,126,329
050,28,083,"Mississippi","Leflore County",2,0,396,199,197
050,28,083,"Mississippi","Leflore County",2,1,402,198,204
050,28,083,"Mississippi","Leflore County",2,2,433,207,226
050,28,083,"Mississippi","Leflore County",2,3,424,203,221
050,28,083,"Mississippi","Leflore County",2,4,449,217,232
050,28,083,"Mississippi","Leflore County",2,5,464,230,234
050,28,083,"Mississippi","Leflore County",2,6,423,207,216
050,28,083,"Mississippi","Leflore County",2,7,414,213,201
050,28,083,"Mississippi","Leflore County",2,8,419,210,209
050,28,083,"Mississippi","Leflore County",2,9,450,232,218
050,28,083,"Mississippi","Leflore County",2,10,458,241,217
050,28,083,"Mississippi","Leflore County",2,11,459,241,218
050,28,083,"Mississippi","Leflore County",2,12,494,252,242
050,28,083,"Mississippi","Leflore County",2,13,519,272,247
050,28,083,"Mississippi","Leflore County",2,14,470,240,230
050,28,083,"Mississippi","Leflore County",2,15,449,224,225
050,28,083,"Mississippi","Leflore County",2,16,437,216,221
050,28,083,"Mississippi","Leflore County",2,17,440,224,216
050,28,083,"Mississippi","Leflore County",2,18,418,212,206
050,28,083,"Mississippi","Leflore County",2,19,407,199,208
050,28,083,"Mississippi","Leflore County",2,20,398,186,212
050,28,083,"Mississippi","Leflore County",2,21,367,176,191
050,28,083,"Mississippi","Leflore County",2,22,392,198,194
050,28,083,"Mississippi","Leflore County",2,23,403,198,205
050,28,083,"Mississippi","Leflore County",2,24,358,159,199
050,28,083,"Mississippi","Leflore County",2,25,366,171,195
050,28,083,"Mississippi","Leflore County",2,26,376,183,193
050,28,083,"Mississippi","Leflore County",2,27,392,189,203
050,28,083,"Mississippi","Leflore County",2,28,382,189,193
050,28,083,"Mississippi","Leflore County",2,29,375,178,197
050,28,083,"Mississippi","Leflore County",2,30,378,186,192
050,28,083,"Mississippi","Leflore County",2,31,353,178,175
050,28,083,"Mississippi","Leflore County",2,32,323,159,164
050,28,083,"Mississippi","Leflore County",2,33,304,136,168
050,28,083,"Mississippi","Leflore County",2,34,336,156,180
050,28,083,"Mississippi","Leflore County",2,35,332,162,170
050,28,083,"Mississippi","Leflore County",2,36,325,158,167
050,28,083,"Mississippi","Leflore County",2,37,322,153,169
050,28,083,"Mississippi","Leflore County",2,38,328,151,177
050,28,083,"Mississippi","Leflore County",2,39,349,162,187
050,28,083,"Mississippi","Leflore County",2,40,360,175,185
050,28,083,"Mississippi","Leflore County",2,41,342,161,181
050,28,083,"Mississippi","Leflore County",2,42,341,157,184
050,28,083,"Mississippi","Leflore County",2,43,321,148,173
050,28,083,"Mississippi","Leflore County",2,44,314,148,166
050,28,083,"Mississippi","Leflore County",2,45,294,128,166
050,28,083,"Mississippi","Leflore County",2,46,277,118,159
050,28,083,"Mississippi","Leflore County",2,47,306,135,171
050,28,083,"Mississippi","Leflore County",2,48,301,127,174
050,28,083,"Mississippi","Leflore County",2,49,317,135,182
050,28,083,"Mississippi","Leflore County",2,50,311,128,183
050,28,083,"Mississippi","Leflore County",2,51,296,131,165
050,28,083,"Mississippi","Leflore County",2,52,282,128,154
050,28,083,"Mississippi","Leflore County",2,53,268,125,143
050,28,083,"Mississippi","Leflore County",2,54,307,152,155
050,28,083,"Mississippi","Leflore County",2,55,331,151,180
050,28,083,"Mississippi","Leflore County",2,56,341,169,172
050,28,083,"Mississippi","Leflore County",2,57,365,180,185
050,28,083,"Mississippi","Leflore County",2,58,338,152,186
050,28,083,"Mississippi","Leflore County",2,59,334,147,187
050,28,083,"Mississippi","Leflore County",2,60,335,140,195
050,28,083,"Mississippi","Leflore County",2,61,334,134,200
050,28,083,"Mississippi","Leflore County",2,62,345,144,201
050,28,083,"Mississippi","Leflore County",2,63,351,151,200
050,28,083,"Mississippi","Leflore County",2,64,334,144,190
050,28,083,"Mississippi","Leflore County",2,65,328,156,172
050,28,083,"Mississippi","Leflore County",2,66,298,135,163
050,28,083,"Mississippi","Leflore County",2,67,294,137,157
050,28,083,"Mississippi","Leflore County",2,68,278,123,155
050,28,083,"Mississippi","Leflore County",2,69,275,113,162
050,28,083,"Mississippi","Leflore County",2,70,259,113,146
050,28,083,"Mississippi","Leflore County",2,71,233,107,126
050,28,083,"Mississippi","Leflore County",2,72,205,90,115
050,28,083,"Mississippi","Leflore County",2,73,215,87,128
050,28,083,"Mississippi","Leflore County",2,74,164,67,97
050,28,083,"Mississippi","Leflore County",2,75,158,70,88
050,28,083,"Mississippi","Leflore County",2,76,138,64,74
050,28,083,"Mississippi","Leflore County",2,77,148,60,88
050,28,083,"Mississippi","Leflore County",2,78,121,42,79
050,28,083,"Mississippi","Leflore County",2,79,124,52,72
050,28,083,"Mississippi","Leflore County",2,80,121,48,73
050,28,083,"Mississippi","Leflore County",2,81,107,39,68
050,28,083,"Mississippi","Leflore County",2,82,95,37,58
050,28,083,"Mississippi","Leflore County",2,83,89,32,57
050,28,083,"Mississippi","Leflore County",2,84,76,30,46
050,28,083,"Mississippi","Leflore County",2,85,433,118,315
050,28,083,"Mississippi","Leflore County",3,0,403,215,188
050,28,083,"Mississippi","Leflore County",3,1,374,188,186
050,28,083,"Mississippi","Leflore County",3,2,392,200,192
050,28,083,"Mississippi","Leflore County",3,3,415,196,219
050,28,083,"Mississippi","Leflore County",3,4,398,197,201
050,28,083,"Mississippi","Leflore County",3,5,443,214,229
050,28,083,"Mississippi","Leflore County",3,6,434,221,213
050,28,083,"Mississippi","Leflore County",3,7,396,198,198
050,28,083,"Mississippi","Leflore County",3,8,400,206,194
050,28,083,"Mississippi","Leflore County",3,9,409,206,203
050,28,083,"Mississippi","Leflore County",3,10,432,222,210
050,28,083,"Mississippi","Leflore County",3,11,452,244,208
050,28,083,"Mississippi","Leflore County",3,12,441,224,217
050,28,083,"Mississippi","Leflore County",3,13,488,247,241
050,28,083,"Mississippi","Leflore County",3,14,513,264,249
050,28,083,"Mississippi","Leflore County",3,15,463,238,225
050,28,083,"Mississippi","Leflore County",3,16,427,209,218
050,28,083,"Mississippi","Leflore County",3,17,430,207,223
050,28,083,"Mississippi","Leflore County",3,18,409,210,199
050,28,083,"Mississippi","Leflore County",3,19,391,195,196
050,28,083,"Mississippi","Leflore County",3,20,390,188,202
050,28,083,"Mississippi","Leflore County",3,21,374,175,199
050,28,083,"Mississippi","Leflore County",3,22,362,179,183
050,28,083,"Mississippi","Leflore County",3,23,356,191,165
050,28,083,"Mississippi","Leflore County",3,24,384,191,193
050,28,083,"Mississippi","Leflore County",3,25,347,156,191
050,28,083,"Mississippi","Leflore County",3,26,338,156,182
050,28,083,"Mississippi","Leflore County",3,27,358,181,177
050,28,083,"Mississippi","Leflore County",3,28,374,183,191
050,28,083,"Mississippi","Leflore County",3,29,365,178,187
050,28,083,"Mississippi","Leflore County",3,30,364,172,192
050,28,083,"Mississippi","Leflore County",3,31,359,173,186
050,28,083,"Mississippi","Leflore County",3,32,344,180,164
050,28,083,"Mississippi","Leflore County",3,33,304,149,155
050,28,083,"Mississippi","Leflore County",3,34,289,121,168
050,28,083,"Mississippi","Leflore County",3,35,319,153,166
050,28,083,"Mississippi","Leflore County",3,36,316,146,170
050,28,083,"Mississippi","Leflore County",3,37,313,159,154
050,28,083,"Mississippi","Leflore County",3,38,318,151,167
050,28,083,"Mississippi","Leflore County",3,39,319,146,173
050,28,083,"Mississippi","Leflore County",3,40,329,142,187
050,28,083,"Mississippi","Leflore County",3,41,351,172,179
050,28,083,"Mississippi","Leflore County",3,42,330,158,172
050,28,083,"Mississippi","Leflore County",3,43,334,151,183
050,28,083,"Mississippi","Leflore County",3,44,319,146,173
050,28,083,"Mississippi","Leflore County",3,45,306,139,167
050,28,083,"Mississippi","Leflore County",3,46,280,127,153
050,28,083,"Mississippi","Leflore County",3,47,266,113,153
050,28,083,"Mississippi","Leflore County",3,48,304,130,174
050,28,083,"Mississippi","Leflore County",3,49,293,122,171
050,28,083,"Mississippi","Leflore County",3,50,315,128,187
050,28,083,"Mississippi","Leflore County",3,51,303,123,180
050,28,083,"Mississippi","Leflore County",3,52,305,142,163
050,28,083,"Mississippi","Leflore County",3,53,280,122,158
050,28,083,"Mississippi","Leflore County",3,54,264,123,141
050,28,083,"Mississippi","Leflore County",3,55,301,145,156
050,28,083,"Mississippi","Leflore County",3,56,322,148,174
050,28,083,"Mississippi","Leflore County",3,57,334,165,169
050,28,083,"Mississippi","Leflore County",3,58,359,179,180
050,28,083,"Mississippi","Leflore County",3,59,340,150,190
050,28,083,"Mississippi","Leflore County",3,60,324,142,182
050,28,083,"Mississippi","Leflore County",3,61,328,133,195
050,28,083,"Mississippi","Leflore County",3,62,322,122,200
050,28,083,"Mississippi","Leflore County",3,63,342,145,197
050,28,083,"Mississippi","Leflore County",3,64,340,145,195
050,28,083,"Mississippi","Leflore County",3,65,317,132,185
050,28,083,"Mississippi","Leflore County",3,66,318,152,166
050,28,083,"Mississippi","Leflore County",3,67,281,126,155
050,28,083,"Mississippi","Leflore County",3,68,276,127,149
050,28,083,"Mississippi","Leflore County",3,69,271,119,152
050,28,083,"Mississippi","Leflore County",3,70,250,97,153
050,28,083,"Mississippi","Leflore County",3,71,247,108,139
050,28,083,"Mississippi","Leflore County",3,72,217,102,115
050,28,083,"Mississippi","Leflore County",3,73,194,81,113
050,28,083,"Mississippi","Leflore County",3,74,204,81,123
050,28,083,"Mississippi","Leflore County",3,75,153,62,91
050,28,083,"Mississippi","Leflore County",3,76,150,69,81
050,28,083,"Mississippi","Leflore County",3,77,128,59,69
050,28,083,"Mississippi","Leflore County",3,78,134,52,82
050,28,083,"Mississippi","Leflore County",3,79,120,40,80
050,28,083,"Mississippi","Leflore County",3,80,109,43,66
050,28,083,"Mississippi","Leflore County",3,81,107,42,65
050,28,083,"Mississippi","Leflore County",3,82,89,29,60
050,28,083,"Mississippi","Leflore County",3,83,88,29,59
050,28,083,"Mississippi","Leflore County",3,84,77,32,45
050,28,083,"Mississippi","Leflore County",3,85,401,113,288
050,28,083,"Mississippi","Leflore County",4,0,379,197,182
050,28,083,"Mississippi","Leflore County",4,1,369,188,181
050,28,083,"Mississippi","Leflore County",4,2,357,176,181
050,28,083,"Mississippi","Leflore County",4,3,362,180,182
050,28,083,"Mississippi","Leflore County",4,4,401,195,206
050,28,083,"Mississippi","Leflore County",4,5,374,188,186
050,28,083,"Mississippi","Leflore County",4,6,430,213,217
050,28,083,"Mississippi","Leflore County",4,7,429,213,216
050,28,083,"Mississippi","Leflore County",4,8,385,187,198
050,28,083,"Mississippi","Leflore County",4,9,379,192,187
050,28,083,"Mississippi","Leflore County",4,10,393,194,199
050,28,083,"Mississippi","Leflore County",4,11,427,222,205
050,28,083,"Mississippi","Leflore County",4,12,440,234,206
050,28,083,"Mississippi","Leflore County",4,13,424,221,203
050,28,083,"Mississippi","Leflore County",4,14,483,239,244
050,28,083,"Mississippi","Leflore County",4,15,498,260,238
050,28,083,"Mississippi","Leflore County",4,16,452,238,214
050,28,083,"Mississippi","Leflore County",4,17,422,209,213
050,28,083,"Mississippi","Leflore County",4,18,402,194,208
050,28,083,"Mississippi","Leflore County",4,19,386,198,188
050,28,083,"Mississippi","Leflore County",4,20,404,198,206
050,28,083,"Mississippi","Leflore County",4,21,374,179,195
050,28,083,"Mississippi","Leflore County",4,22,358,169,189
050,28,083,"Mississippi","Leflore County",4,23,352,175,177
050,28,083,"Mississippi","Leflore County",4,24,337,172,165
050,28,083,"Mississippi","Leflore County",4,25,357,184,173
050,28,083,"Mississippi","Leflore County",4,26,323,141,182
050,28,083,"Mississippi","Leflore County",4,27,328,152,176
050,28,083,"Mississippi","Leflore County",4,28,326,162,164
050,28,083,"Mississippi","Leflore County",4,29,355,175,180
050,28,083,"Mississippi","Leflore County",4,30,326,154,172
050,28,083,"Mississippi","Leflore County",4,31,352,162,190
050,28,083,"Mississippi","Leflore County",4,32,338,163,175
050,28,083,"Mississippi","Leflore County",4,33,333,174,159
050,28,083,"Mississippi","Leflore County",4,34,294,142,152
050,28,083,"Mississippi","Leflore County",4,35,281,125,156
050,28,083,"Mississippi","Leflore County",4,36,291,139,152
050,28,083,"Mississippi","Leflore County",4,37,308,146,162
050,28,083,"Mississippi","Leflore County",4,38,313,156,157
050,28,083,"Mississippi","Leflore County",4,39,305,143,162
050,28,083,"Mississippi","Leflore County",4,40,317,146,171
050,28,083,"Mississippi","Leflore County",4,41,329,143,186
050,28,083,"Mississippi","Leflore County",4,42,347,167,180
050,28,083,"Mississippi","Leflore County",4,43,314,147,167
050,28,083,"Mississippi","Leflore County",4,44,311,144,167
050,28,083,"Mississippi","Leflore County",4,45,320,145,175
050,28,083,"Mississippi","Leflore County",4,46,295,130,165
050,28,083,"Mississippi","Leflore County",4,47,279,126,153
050,28,083,"Mississippi","Leflore County",4,48,254,103,151
050,28,083,"Mississippi","Leflore County",4,49,290,117,173
050,28,083,"Mississippi","Leflore County",4,50,287,121,166
050,28,083,"Mississippi","Leflore County",4,51,317,131,186
050,28,083,"Mississippi","Leflore County",4,52,299,130,169
050,28,083,"Mississippi","Leflore County",4,53,296,136,160
050,28,083,"Mississippi","Leflore County",4,54,281,123,158
050,28,083,"Mississippi","Leflore County",4,55,250,116,134
050,28,083,"Mississippi","Leflore County",4,56,297,141,156
050,28,083,"Mississippi","Leflore County",4,57,315,148,167
050,28,083,"Mississippi","Leflore County",4,58,314,155,159
050,28,083,"Mississippi","Leflore County",4,59,349,175,174
050,28,083,"Mississippi","Leflore County",4,60,319,139,180
050,28,083,"Mississippi","Leflore County",4,61,317,139,178
050,28,083,"Mississippi","Leflore County",4,62,319,125,194
050,28,083,"Mississippi","Leflore County",4,63,309,113,196
050,28,083,"Mississippi","Leflore County",4,64,328,140,188
050,28,083,"Mississippi","Leflore County",4,65,332,143,189
050,28,083,"Mississippi","Leflore County",4,66,316,133,183
050,28,083,"Mississippi","Leflore County",4,67,305,148,157
050,28,083,"Mississippi","Leflore County",4,68,256,115,141
050,28,083,"Mississippi","Leflore County",4,69,269,126,143
050,28,083,"Mississippi","Leflore County",4,70,251,104,147
050,28,083,"Mississippi","Leflore County",4,71,239,91,148
050,28,083,"Mississippi","Leflore County",4,72,235,104,131
050,28,083,"Mississippi","Leflore County",4,73,209,95,114
050,28,083,"Mississippi","Leflore County",4,74,187,80,107
050,28,083,"Mississippi","Leflore County",4,75,196,78,118
050,28,083,"Mississippi","Leflore County",4,76,136,56,80
050,28,083,"Mississippi","Leflore County",4,77,143,66,77
050,28,083,"Mississippi","Leflore County",4,78,119,52,67
050,28,083,"Mississippi","Leflore County",4,79,125,47,78
050,28,083,"Mississippi","Leflore County",4,80,108,33,75
050,28,083,"Mississippi","Leflore County",4,81,98,38,60
050,28,083,"Mississippi","Leflore County",4,82,92,34,58
050,28,083,"Mississippi","Leflore County",4,83,88,24,64
050,28,083,"Mississippi","Leflore County",4,84,76,27,49
050,28,083,"Mississippi","Leflore County",4,85,384,115,269
050,28,083,"Mississippi","Leflore County",5,0,381,197,184
050,28,083,"Mississippi","Leflore County",5,1,379,196,183
050,28,083,"Mississippi","Leflore County",5,2,353,175,178
050,28,083,"Mississippi","Leflore County",5,3,350,176,174
050,28,083,"Mississippi","Leflore County",5,4,343,177,166
050,28,083,"Mississippi","Leflore County",5,5,392,180,212
050,28,083,"Mississippi","Leflore County",5,6,381,192,189
050,28,083,"Mississippi","Leflore County",5,7,414,203,211
050,28,083,"Mississippi","Leflore County",5,8,419,205,214
050,28,083,"Mississippi","Leflore County",5,9,382,192,190
050,28,083,"Mississippi","Leflore County",5,10,370,190,180
050,28,083,"Mississippi","Leflore County",5,11,400,197,203
050,28,083,"Mississippi","Leflore County",5,12,421,213,208
050,28,083,"Mississippi","Leflore County",5,13,434,230,204
050,28,083,"Mississippi","Leflore County",5,14,416,219,197
050,28,083,"Mississippi","Leflore County",5,15,478,232,246
050,28,083,"Mississippi","Leflore County",5,16,496,255,241
050,28,083,"Mississippi","Leflore County",5,17,451,238,213
050,28,083,"Mississippi","Leflore County",5,18,409,206,203
050,28,083,"Mississippi","Leflore County",5,19,378,183,195
050,28,083,"Mississippi","Leflore County",5,20,399,195,204
050,28,083,"Mississippi","Leflore County",5,21,385,181,204
050,28,083,"Mississippi","Leflore County",5,22,370,186,184
050,28,083,"Mississippi","Leflore County",5,23,353,174,179
050,28,083,"Mississippi","Leflore County",5,24,323,155,168
050,28,083,"Mississippi","Leflore County",5,25,322,165,157
050,28,083,"Mississippi","Leflore County",5,26,357,180,177
050,28,083,"Mississippi","Leflore County",5,27,316,133,183
050,28,083,"Mississippi","Leflore County",5,28,353,154,199
050,28,083,"Mississippi","Leflore County",5,29,310,152,158
050,28,083,"Mississippi","Leflore County",5,30,349,173,176
050,28,083,"Mississippi","Leflore County",5,31,312,148,164
050,28,083,"Mississippi","Leflore County",5,32,357,164,193
050,28,083,"Mississippi","Leflore County",5,33,318,154,164
050,28,083,"Mississippi","Leflore County",5,34,341,170,171
050,28,083,"Mississippi","Leflore County",5,35,286,137,149
050,28,083,"Mississippi","Leflore County",5,36,270,120,150
050,28,083,"Mississippi","Leflore County",5,37,290,138,152
050,28,083,"Mississippi","Leflore County",5,38,301,146,155
050,28,083,"Mississippi","Leflore County",5,39,321,161,160
050,28,083,"Mississippi","Leflore County",5,40,302,142,160
050,28,083,"Mississippi","Leflore County",5,41,318,151,167
050,28,083,"Mississippi","Leflore County",5,42,323,143,180
050,28,083,"Mississippi","Leflore County",5,43,349,164,185
050,28,083,"Mississippi","Leflore County",5,44,313,147,166
050,28,083,"Mississippi","Leflore County",5,45,303,139,164
050,28,083,"Mississippi","Leflore County",5,46,325,150,175
050,28,083,"Mississippi","Leflore County",5,47,295,129,166
050,28,083,"Mississippi","Leflore County",5,48,272,118,154
050,28,083,"Mississippi","Leflore County",5,49,248,96,152
050,28,083,"Mississippi","Leflore County",5,50,287,117,170
050,28,083,"Mississippi","Leflore County",5,51,281,118,163
050,28,083,"Mississippi","Leflore County",5,52,318,130,188
050,28,083,"Mississippi","Leflore County",5,53,293,122,171
050,28,083,"Mississippi","Leflore County",5,54,293,137,156
050,28,083,"Mississippi","Leflore County",5,55,268,121,147
050,28,083,"Mississippi","Leflore County",5,56,238,109,129
050,28,083,"Mississippi","Leflore County",5,57,297,145,152
050,28,083,"Mississippi","Leflore County",5,58,301,140,161
050,28,083,"Mississippi","Leflore County",5,59,301,152,149
050,28,083,"Mississippi","Leflore County",5,60,340,169,171
050,28,083,"Mississippi","Leflore County",5,61,305,131,174
050,28,083,"Mississippi","Leflore County",5,62,316,139,177
050,28,083,"Mississippi","Leflore County",5,63,314,122,192
050,28,083,"Mississippi","Leflore County",5,64,299,109,190
050,28,083,"Mississippi","Leflore County",5,65,324,139,185
050,28,083,"Mississippi","Leflore County",5,66,320,137,183
050,28,083,"Mississippi","Leflore County",5,67,297,127,170
050,28,083,"Mississippi","Leflore County",5,68,285,137,148
050,28,083,"Mississippi","Leflore County",5,69,243,112,131
050,28,083,"Mississippi","Leflore County",5,70,255,115,140
050,28,083,"Mississippi","Leflore County",5,71,244,103,141
050,28,083,"Mississippi","Leflore County",5,72,225,88,137
050,28,083,"Mississippi","Leflore County",5,73,227,98,129
050,28,083,"Mississippi","Leflore County",5,74,202,92,110
050,28,083,"Mississippi","Leflore County",5,75,179,77,102
050,28,083,"Mississippi","Leflore County",5,76,180,74,106
050,28,083,"Mississippi","Leflore County",5,77,129,50,79
050,28,083,"Mississippi","Leflore County",5,78,132,58,74
050,28,083,"Mississippi","Leflore County",5,79,110,48,62
050,28,083,"Mississippi","Leflore County",5,80,114,40,74
050,28,083,"Mississippi","Leflore County",5,81,95,27,68
050,28,083,"Mississippi","Leflore County",5,82,85,32,53
050,28,083,"Mississippi","Leflore County",5,83,92,30,62
050,28,083,"Mississippi","Leflore County",5,84,76,24,52
050,28,083,"Mississippi","Leflore County",5,85,385,114,271
050,28,085,"Mississippi","Lincoln County",1,0,398,203,195
050,28,085,"Mississippi","Lincoln County",1,1,403,212,191
050,28,085,"Mississippi","Lincoln County",1,2,418,217,201
050,28,085,"Mississippi","Lincoln County",1,3,414,216,198
050,28,085,"Mississippi","Lincoln County",1,4,411,200,211
050,28,085,"Mississippi","Lincoln County",1,5,428,203,225
050,28,085,"Mississippi","Lincoln County",1,6,453,227,226
050,28,085,"Mississippi","Lincoln County",1,7,454,235,219
050,28,085,"Mississippi","Lincoln County",1,8,437,233,204
050,28,085,"Mississippi","Lincoln County",1,9,434,232,202
050,28,085,"Mississippi","Lincoln County",1,10,456,236,220
050,28,085,"Mississippi","Lincoln County",1,11,506,262,244
050,28,085,"Mississippi","Lincoln County",1,12,549,288,261
050,28,085,"Mississippi","Lincoln County",1,13,525,275,250
050,28,085,"Mississippi","Lincoln County",1,14,472,253,219
050,28,085,"Mississippi","Lincoln County",1,15,455,235,220
050,28,085,"Mississippi","Lincoln County",1,16,494,257,237
050,28,085,"Mississippi","Lincoln County",1,17,508,239,269
050,28,085,"Mississippi","Lincoln County",1,18,405,195,210
050,28,085,"Mississippi","Lincoln County",1,19,340,183,157
050,28,085,"Mississippi","Lincoln County",1,20,375,182,193
050,28,085,"Mississippi","Lincoln County",1,21,412,188,224
050,28,085,"Mississippi","Lincoln County",1,22,407,184,223
050,28,085,"Mississippi","Lincoln County",1,23,402,194,208
050,28,085,"Mississippi","Lincoln County",1,24,407,207,200
050,28,085,"Mississippi","Lincoln County",1,25,404,216,188
050,28,085,"Mississippi","Lincoln County",1,26,397,198,199
050,28,085,"Mississippi","Lincoln County",1,27,457,212,245
050,28,085,"Mississippi","Lincoln County",1,28,475,230,245
050,28,085,"Mississippi","Lincoln County",1,29,452,208,244
050,28,085,"Mississippi","Lincoln County",1,30,445,211,234
050,28,085,"Mississippi","Lincoln County",1,31,414,204,210
050,28,085,"Mississippi","Lincoln County",1,32,366,178,188
050,28,085,"Mississippi","Lincoln County",1,33,382,176,206
050,28,085,"Mississippi","Lincoln County",1,34,399,200,199
050,28,085,"Mississippi","Lincoln County",1,35,396,180,216
050,28,085,"Mississippi","Lincoln County",1,36,432,211,221
050,28,085,"Mississippi","Lincoln County",1,37,457,223,234
050,28,085,"Mississippi","Lincoln County",1,38,498,242,256
050,28,085,"Mississippi","Lincoln County",1,39,508,234,274
050,28,085,"Mississippi","Lincoln County",1,40,482,237,245
050,28,085,"Mississippi","Lincoln County",1,41,447,219,228
050,28,085,"Mississippi","Lincoln County",1,42,484,247,237
050,28,085,"Mississippi","Lincoln County",1,43,422,202,220
050,28,085,"Mississippi","Lincoln County",1,44,419,200,219
050,28,085,"Mississippi","Lincoln County",1,45,419,209,210
050,28,085,"Mississippi","Lincoln County",1,46,450,217,233
050,28,085,"Mississippi","Lincoln County",1,47,469,216,253
050,28,085,"Mississippi","Lincoln County",1,48,501,248,253
050,28,085,"Mississippi","Lincoln County",1,49,514,259,255
050,28,085,"Mississippi","Lincoln County",1,50,458,226,232
050,28,085,"Mississippi","Lincoln County",1,51,441,221,220
050,28,085,"Mississippi","Lincoln County",1,52,429,214,215
050,28,085,"Mississippi","Lincoln County",1,53,425,200,225
050,28,085,"Mississippi","Lincoln County",1,54,414,196,218
050,28,085,"Mississippi","Lincoln County",1,55,438,213,225
050,28,085,"Mississippi","Lincoln County",1,56,487,241,246
050,28,085,"Mississippi","Lincoln County",1,57,458,229,229
050,28,085,"Mississippi","Lincoln County",1,58,465,220,245
050,28,085,"Mississippi","Lincoln County",1,59,478,211,267
050,28,085,"Mississippi","Lincoln County",1,60,488,227,261
050,28,085,"Mississippi","Lincoln County",1,61,496,239,257
050,28,085,"Mississippi","Lincoln County",1,62,464,224,240
050,28,085,"Mississippi","Lincoln County",1,63,469,223,246
050,28,085,"Mississippi","Lincoln County",1,64,464,216,248
050,28,085,"Mississippi","Lincoln County",1,65,461,218,243
050,28,085,"Mississippi","Lincoln County",1,66,417,190,227
050,28,085,"Mississippi","Lincoln County",1,67,395,173,222
050,28,085,"Mississippi","Lincoln County",1,68,388,171,217
050,28,085,"Mississippi","Lincoln County",1,69,384,179,205
050,28,085,"Mississippi","Lincoln County",1,70,358,159,199
050,28,085,"Mississippi","Lincoln County",1,71,355,166,189
050,28,085,"Mississippi","Lincoln County",1,72,362,182,180
050,28,085,"Mississippi","Lincoln County",1,73,346,173,173
050,28,085,"Mississippi","Lincoln County",1,74,228,109,119
050,28,085,"Mississippi","Lincoln County",1,75,214,92,122
050,28,085,"Mississippi","Lincoln County",1,76,225,98,127
050,28,085,"Mississippi","Lincoln County",1,77,225,86,139
050,28,085,"Mississippi","Lincoln County",1,78,191,69,122
050,28,085,"Mississippi","Lincoln County",1,79,202,80,122
050,28,085,"Mississippi","Lincoln County",1,80,170,66,104
050,28,085,"Mississippi","Lincoln County",1,81,145,53,92
050,28,085,"Mississippi","Lincoln County",1,82,127,54,73
050,28,085,"Mississippi","Lincoln County",1,83,124,47,77
050,28,085,"Mississippi","Lincoln County",1,84,98,35,63
050,28,085,"Mississippi","Lincoln County",1,85,566,201,365
050,28,085,"Mississippi","Lincoln County",2,0,392,199,193
050,28,085,"Mississippi","Lincoln County",2,1,400,210,190
050,28,085,"Mississippi","Lincoln County",2,2,413,216,197
050,28,085,"Mississippi","Lincoln County",2,3,410,214,196
050,28,085,"Mississippi","Lincoln County",2,4,412,203,209
050,28,085,"Mississippi","Lincoln County",2,5,423,200,223
050,28,085,"Mississippi","Lincoln County",2,6,447,222,225
050,28,085,"Mississippi","Lincoln County",2,7,452,232,220
050,28,085,"Mississippi","Lincoln County",2,8,435,230,205
050,28,085,"Mississippi","Lincoln County",2,9,431,230,201
050,28,085,"Mississippi","Lincoln County",2,10,446,231,215
050,28,085,"Mississippi","Lincoln County",2,11,490,254,236
050,28,085,"Mississippi","Lincoln County",2,12,541,282,259
050,28,085,"Mississippi","Lincoln County",2,13,529,278,251
050,28,085,"Mississippi","Lincoln County",2,14,482,258,224
050,28,085,"Mississippi","Lincoln County",2,15,458,239,219
050,28,085,"Mississippi","Lincoln County",2,16,490,254,236
050,28,085,"Mississippi","Lincoln County",2,17,516,246,270
050,28,085,"Mississippi","Lincoln County",2,18,405,198,207
050,28,085,"Mississippi","Lincoln County",2,19,335,175,160
050,28,085,"Mississippi","Lincoln County",2,20,376,185,191
050,28,085,"Mississippi","Lincoln County",2,21,407,188,219
050,28,085,"Mississippi","Lincoln County",2,22,413,187,226
050,28,085,"Mississippi","Lincoln County",2,23,406,194,212
050,28,085,"Mississippi","Lincoln County",2,24,403,202,201
050,28,085,"Mississippi","Lincoln County",2,25,404,214,190
050,28,085,"Mississippi","Lincoln County",2,26,400,203,197
050,28,085,"Mississippi","Lincoln County",2,27,445,211,234
050,28,085,"Mississippi","Lincoln County",2,28,474,229,245
050,28,085,"Mississippi","Lincoln County",2,29,459,214,245
050,28,085,"Mississippi","Lincoln County",2,30,449,211,238
050,28,085,"Mississippi","Lincoln County",2,31,420,205,215
050,28,085,"Mississippi","Lincoln County",2,32,374,182,192
050,28,085,"Mississippi","Lincoln County",2,33,377,176,201
050,28,085,"Mississippi","Lincoln County",2,34,392,192,200
050,28,085,"Mississippi","Lincoln County",2,35,399,186,213
050,28,085,"Mississippi","Lincoln County",2,36,421,203,218
050,28,085,"Mississippi","Lincoln County",2,37,451,221,230
050,28,085,"Mississippi","Lincoln County",2,38,489,238,251
050,28,085,"Mississippi","Lincoln County",2,39,503,235,268
050,28,085,"Mississippi","Lincoln County",2,40,494,240,254
050,28,085,"Mississippi","Lincoln County",2,41,455,222,233
050,28,085,"Mississippi","Lincoln County",2,42,471,238,233
050,28,085,"Mississippi","Lincoln County",2,43,443,217,226
050,28,085,"Mississippi","Lincoln County",2,44,412,198,214
050,28,085,"Mississippi","Lincoln County",2,45,423,208,215
050,28,085,"Mississippi","Lincoln County",2,46,441,212,229
050,28,085,"Mississippi","Lincoln County",2,47,464,215,249
050,28,085,"Mississippi","Lincoln County",2,48,494,240,254
050,28,085,"Mississippi","Lincoln County",2,49,517,259,258
050,28,085,"Mississippi","Lincoln County",2,50,473,235,238
050,28,085,"Mississippi","Lincoln County",2,51,441,220,221
050,28,085,"Mississippi","Lincoln County",2,52,433,216,217
050,28,085,"Mississippi","Lincoln County",2,53,422,202,220
050,28,085,"Mississippi","Lincoln County",2,54,414,195,219
050,28,085,"Mississippi","Lincoln County",2,55,430,207,223
050,28,085,"Mississippi","Lincoln County",2,56,475,233,242
050,28,085,"Mississippi","Lincoln County",2,57,467,233,234
050,28,085,"Mississippi","Lincoln County",2,58,460,221,239
050,28,085,"Mississippi","Lincoln County",2,59,473,212,261
050,28,085,"Mississippi","Lincoln County",2,60,484,222,262
050,28,085,"Mississippi","Lincoln County",2,61,491,235,256
050,28,085,"Mississippi","Lincoln County",2,62,471,228,243
050,28,085,"Mississippi","Lincoln County",2,63,468,224,244
050,28,085,"Mississippi","Lincoln County",2,64,460,217,243
050,28,085,"Mississippi","Lincoln County",2,65,455,214,241
050,28,085,"Mississippi","Lincoln County",2,66,426,195,231
050,28,085,"Mississippi","Lincoln County",2,67,395,176,219
050,28,085,"Mississippi","Lincoln County",2,68,383,168,215
050,28,085,"Mississippi","Lincoln County",2,69,388,179,209
050,28,085,"Mississippi","Lincoln County",2,70,356,158,198
050,28,085,"Mississippi","Lincoln County",2,71,355,164,191
050,28,085,"Mississippi","Lincoln County",2,72,351,174,177
050,28,085,"Mississippi","Lincoln County",2,73,367,183,184
050,28,085,"Mississippi","Lincoln County",2,74,240,115,125
050,28,085,"Mississippi","Lincoln County",2,75,212,94,118
050,28,085,"Mississippi","Lincoln County",2,76,218,93,125
050,28,085,"Mississippi","Lincoln County",2,77,230,92,138
050,28,085,"Mississippi","Lincoln County",2,78,191,68,123
050,28,085,"Mississippi","Lincoln County",2,79,195,75,120
050,28,085,"Mississippi","Lincoln County",2,80,174,66,108
050,28,085,"Mississippi","Lincoln County",2,81,148,55,93
050,28,085,"Mississippi","Lincoln County",2,82,129,53,76
050,28,085,"Mississippi","Lincoln County",2,83,120,48,72
050,28,085,"Mississippi","Lincoln County",2,84,101,38,63
050,28,085,"Mississippi","Lincoln County",2,85,549,196,353
050,28,085,"Mississippi","Lincoln County",3,0,397,205,192
050,28,085,"Mississippi","Lincoln County",3,1,384,202,182
050,28,085,"Mississippi","Lincoln County",3,2,401,211,190
050,28,085,"Mississippi","Lincoln County",3,3,422,222,200
050,28,085,"Mississippi","Lincoln County",3,4,410,215,195
050,28,085,"Mississippi","Lincoln County",3,5,410,209,201
050,28,085,"Mississippi","Lincoln County",3,6,423,195,228
050,28,085,"Mississippi","Lincoln County",3,7,448,220,228
050,28,085,"Mississippi","Lincoln County",3,8,463,243,220
050,28,085,"Mississippi","Lincoln County",3,9,433,228,205
050,28,085,"Mississippi","Lincoln County",3,10,440,231,209
050,28,085,"Mississippi","Lincoln County",3,11,441,229,212
050,28,085,"Mississippi","Lincoln County",3,12,497,263,234
050,28,085,"Mississippi","Lincoln County",3,13,546,282,264
050,28,085,"Mississippi","Lincoln County",3,14,527,277,250
050,28,085,"Mississippi","Lincoln County",3,15,489,265,224
050,28,085,"Mississippi","Lincoln County",3,16,492,256,236
050,28,085,"Mississippi","Lincoln County",3,17,534,264,270
050,28,085,"Mississippi","Lincoln County",3,18,420,214,206
050,28,085,"Mississippi","Lincoln County",3,19,322,158,164
050,28,085,"Mississippi","Lincoln County",3,20,356,186,170
050,28,085,"Mississippi","Lincoln County",3,21,391,196,195
050,28,085,"Mississippi","Lincoln County",3,22,425,189,236
050,28,085,"Mississippi","Lincoln County",3,23,434,197,237
050,28,085,"Mississippi","Lincoln County",3,24,406,196,210
050,28,085,"Mississippi","Lincoln County",3,25,412,214,198
050,28,085,"Mississippi","Lincoln County",3,26,413,224,189
050,28,085,"Mississippi","Lincoln County",3,27,395,202,193
050,28,085,"Mississippi","Lincoln County",3,28,440,206,234
050,28,085,"Mississippi","Lincoln County",3,29,484,233,251
050,28,085,"Mississippi","Lincoln County",3,30,458,207,251
050,28,085,"Mississippi","Lincoln County",3,31,457,215,242
050,28,085,"Mississippi","Lincoln County",3,32,415,202,213
050,28,085,"Mississippi","Lincoln County",3,33,377,179,198
050,28,085,"Mississippi","Lincoln County",3,34,373,170,203
050,28,085,"Mississippi","Lincoln County",3,35,387,191,196
050,28,085,"Mississippi","Lincoln County",3,36,404,186,218
050,28,085,"Mississippi","Lincoln County",3,37,427,201,226
050,28,085,"Mississippi","Lincoln County",3,38,453,222,231
050,28,085,"Mississippi","Lincoln County",3,39,489,234,255
050,28,085,"Mississippi","Lincoln County",3,40,511,238,273
050,28,085,"Mississippi","Lincoln County",3,41,498,249,249
050,28,085,"Mississippi","Lincoln County",3,42,445,215,230
050,28,085,"Mississippi","Lincoln County",3,43,481,241,240
050,28,085,"Mississippi","Lincoln County",3,44,453,225,228
050,28,085,"Mississippi","Lincoln County",3,45,422,205,217
050,28,085,"Mississippi","Lincoln County",3,46,429,216,213
050,28,085,"Mississippi","Lincoln County",3,47,441,212,229
050,28,085,"Mississippi","Lincoln County",3,48,468,218,250
050,28,085,"Mississippi","Lincoln County",3,49,498,240,258
050,28,085,"Mississippi","Lincoln County",3,50,520,258,262
050,28,085,"Mississippi","Lincoln County",3,51,456,228,228
050,28,085,"Mississippi","Lincoln County",3,52,449,227,222
050,28,085,"Mississippi","Lincoln County",3,53,433,215,218
050,28,085,"Mississippi","Lincoln County",3,54,435,212,223
050,28,085,"Mississippi","Lincoln County",3,55,409,192,217
050,28,085,"Mississippi","Lincoln County",3,56,432,210,222
050,28,085,"Mississippi","Lincoln County",3,57,485,239,246
050,28,085,"Mississippi","Lincoln County",3,58,462,230,232
050,28,085,"Mississippi","Lincoln County",3,59,458,227,231
050,28,085,"Mississippi","Lincoln County",3,60,472,216,256
050,28,085,"Mississippi","Lincoln County",3,61,473,216,257
050,28,085,"Mississippi","Lincoln County",3,62,489,240,249
050,28,085,"Mississippi","Lincoln County",3,63,463,223,240
050,28,085,"Mississippi","Lincoln County",3,64,466,217,249
050,28,085,"Mississippi","Lincoln County",3,65,453,211,242
050,28,085,"Mississippi","Lincoln County",3,66,454,214,240
050,28,085,"Mississippi","Lincoln County",3,67,419,185,234
050,28,085,"Mississippi","Lincoln County",3,68,382,169,213
050,28,085,"Mississippi","Lincoln County",3,69,379,164,215
050,28,085,"Mississippi","Lincoln County",3,70,372,167,205
050,28,085,"Mississippi","Lincoln County",3,71,353,159,194
050,28,085,"Mississippi","Lincoln County",3,72,336,156,180
050,28,085,"Mississippi","Lincoln County",3,73,339,166,173
050,28,085,"Mississippi","Lincoln County",3,74,359,174,185
050,28,085,"Mississippi","Lincoln County",3,75,228,108,120
050,28,085,"Mississippi","Lincoln County",3,76,195,84,111
050,28,085,"Mississippi","Lincoln County",3,77,210,86,124
050,28,085,"Mississippi","Lincoln County",3,78,209,84,125
050,28,085,"Mississippi","Lincoln County",3,79,179,61,118
050,28,085,"Mississippi","Lincoln County",3,80,189,74,115
050,28,085,"Mississippi","Lincoln County",3,81,163,62,101
050,28,085,"Mississippi","Lincoln County",3,82,136,51,85
050,28,085,"Mississippi","Lincoln County",3,83,119,49,70
050,28,085,"Mississippi","Lincoln County",3,84,110,42,68
050,28,085,"Mississippi","Lincoln County",3,85,512,175,337
050,28,085,"Mississippi","Lincoln County",4,0,395,196,199
050,28,085,"Mississippi","Lincoln County",4,1,384,201,183
050,28,085,"Mississippi","Lincoln County",4,2,398,203,195
050,28,085,"Mississippi","Lincoln County",4,3,392,194,198
050,28,085,"Mississippi","Lincoln County",4,4,420,230,190
050,28,085,"Mississippi","Lincoln County",4,5,410,213,197
050,28,085,"Mississippi","Lincoln County",4,6,408,205,203
050,28,085,"Mississippi","Lincoln County",4,7,414,193,221
050,28,085,"Mississippi","Lincoln County",4,8,464,226,238
050,28,085,"Mississippi","Lincoln County",4,9,450,234,216
050,28,085,"Mississippi","Lincoln County",4,10,443,236,207
050,28,085,"Mississippi","Lincoln County",4,11,432,226,206
050,28,085,"Mississippi","Lincoln County",4,12,437,234,203
050,28,085,"Mississippi","Lincoln County",4,13,502,259,243
050,28,085,"Mississippi","Lincoln County",4,14,547,283,264
050,28,085,"Mississippi","Lincoln County",4,15,511,271,240
050,28,085,"Mississippi","Lincoln County",4,16,525,284,241
050,28,085,"Mississippi","Lincoln County",4,17,510,250,260
050,28,085,"Mississippi","Lincoln County",4,18,425,220,205
050,28,085,"Mississippi","Lincoln County",4,19,316,160,156
050,28,085,"Mississippi","Lincoln County",4,20,323,160,163
050,28,085,"Mississippi","Lincoln County",4,21,375,197,178
050,28,085,"Mississippi","Lincoln County",4,22,407,199,208
050,28,085,"Mississippi","Lincoln County",4,23,434,193,241
050,28,085,"Mississippi","Lincoln County",4,24,423,197,226
050,28,085,"Mississippi","Lincoln County",4,25,393,188,205
050,28,085,"Mississippi","Lincoln County",4,26,427,209,218
050,28,085,"Mississippi","Lincoln County",4,27,376,197,179
050,28,085,"Mississippi","Lincoln County",4,28,364,184,180
050,28,085,"Mississippi","Lincoln County",4,29,477,217,260
050,28,085,"Mississippi","Lincoln County",4,30,488,234,254
050,28,085,"Mississippi","Lincoln County",4,31,463,213,250
050,28,085,"Mississippi","Lincoln County",4,32,452,210,242
050,28,085,"Mississippi","Lincoln County",4,33,408,196,212
050,28,085,"Mississippi","Lincoln County",4,34,373,183,190
050,28,085,"Mississippi","Lincoln County",4,35,370,175,195
050,28,085,"Mississippi","Lincoln County",4,36,384,185,199
050,28,085,"Mississippi","Lincoln County",4,37,409,187,222
050,28,085,"Mississippi","Lincoln County",4,38,422,201,221
050,28,085,"Mississippi","Lincoln County",4,39,457,222,235
050,28,085,"Mississippi","Lincoln County",4,40,492,235,257
050,28,085,"Mississippi","Lincoln County",4,41,518,238,280
050,28,085,"Mississippi","Lincoln County",4,42,493,247,246
050,28,085,"Mississippi","Lincoln County",4,43,450,214,236
050,28,085,"Mississippi","Lincoln County",4,44,476,239,237
050,28,085,"Mississippi","Lincoln County",4,45,469,239,230
050,28,085,"Mississippi","Lincoln County",4,46,419,202,217
050,28,085,"Mississippi","Lincoln County",4,47,420,207,213
050,28,085,"Mississippi","Lincoln County",4,48,449,217,232
050,28,085,"Mississippi","Lincoln County",4,49,474,217,257
050,28,085,"Mississippi","Lincoln County",4,50,503,242,261
050,28,085,"Mississippi","Lincoln County",4,51,514,254,260
050,28,085,"Mississippi","Lincoln County",4,52,449,228,221
050,28,085,"Mississippi","Lincoln County",4,53,442,222,220
050,28,085,"Mississippi","Lincoln County",4,54,435,220,215
050,28,085,"Mississippi","Lincoln County",4,55,426,206,220
050,28,085,"Mississippi","Lincoln County",4,56,402,192,210
050,28,085,"Mississippi","Lincoln County",4,57,435,210,225
050,28,085,"Mississippi","Lincoln County",4,58,476,228,248
050,28,085,"Mississippi","Lincoln County",4,59,452,229,223
050,28,085,"Mississippi","Lincoln County",4,60,459,226,233
050,28,085,"Mississippi","Lincoln County",4,61,474,217,257
050,28,085,"Mississippi","Lincoln County",4,62,478,221,257
050,28,085,"Mississippi","Lincoln County",4,63,478,232,246
050,28,085,"Mississippi","Lincoln County",4,64,451,213,238
050,28,085,"Mississippi","Lincoln County",4,65,456,214,242
050,28,085,"Mississippi","Lincoln County",4,66,438,205,233
050,28,085,"Mississippi","Lincoln County",4,67,441,201,240
050,28,085,"Mississippi","Lincoln County",4,68,410,181,229
050,28,085,"Mississippi","Lincoln County",4,69,385,170,215
050,28,085,"Mississippi","Lincoln County",4,70,374,161,213
050,28,085,"Mississippi","Lincoln County",4,71,362,158,204
050,28,085,"Mississippi","Lincoln County",4,72,333,147,186
050,28,085,"Mississippi","Lincoln County",4,73,325,149,176
050,28,085,"Mississippi","Lincoln County",4,74,321,154,167
050,28,085,"Mississippi","Lincoln County",4,75,345,164,181
050,28,085,"Mississippi","Lincoln County",4,76,214,98,116
050,28,085,"Mississippi","Lincoln County",4,77,191,82,109
050,28,085,"Mississippi","Lincoln County",4,78,192,80,112
050,28,085,"Mississippi","Lincoln County",4,79,199,79,120
050,28,085,"Mississippi","Lincoln County",4,80,168,57,111
050,28,085,"Mississippi","Lincoln County",4,81,179,65,114
050,28,085,"Mississippi","Lincoln County",4,82,147,56,91
050,28,085,"Mississippi","Lincoln County",4,83,121,43,78
050,28,085,"Mississippi","Lincoln County",4,84,107,39,68
050,28,085,"Mississippi","Lincoln County",4,85,514,175,339
050,28,085,"Mississippi","Lincoln County",5,0,402,201,201
050,28,085,"Mississippi","Lincoln County",5,1,398,199,199
050,28,085,"Mississippi","Lincoln County",5,2,382,199,183
050,28,085,"Mississippi","Lincoln County",5,3,395,203,192
050,28,085,"Mississippi","Lincoln County",5,4,392,193,199
050,28,085,"Mississippi","Lincoln County",5,5,433,233,200
050,28,085,"Mississippi","Lincoln County",5,6,402,215,187
050,28,085,"Mississippi","Lincoln County",5,7,420,212,208
050,28,085,"Mississippi","Lincoln County",5,8,402,196,206
050,28,085,"Mississippi","Lincoln County",5,9,473,235,238
050,28,085,"Mississippi","Lincoln County",5,10,453,233,220
050,28,085,"Mississippi","Lincoln County",5,11,446,234,212
050,28,085,"Mississippi","Lincoln County",5,12,436,232,204
050,28,085,"Mississippi","Lincoln County",5,13,431,223,208
050,28,085,"Mississippi","Lincoln County",5,14,502,260,242
050,28,085,"Mississippi","Lincoln County",5,15,547,284,263
050,28,085,"Mississippi","Lincoln County",5,16,518,267,251
050,28,085,"Mississippi","Lincoln County",5,17,550,272,278
050,28,085,"Mississippi","Lincoln County",5,18,405,213,192
050,28,085,"Mississippi","Lincoln County",5,19,321,167,154
050,28,085,"Mississippi","Lincoln County",5,20,332,167,165
050,28,085,"Mississippi","Lincoln County",5,21,340,163,177
050,28,085,"Mississippi","Lincoln County",5,22,386,203,183
050,28,085,"Mississippi","Lincoln County",5,23,423,212,211
050,28,085,"Mississippi","Lincoln County",5,24,439,199,240
050,28,085,"Mississippi","Lincoln County",5,25,423,200,223
050,28,085,"Mississippi","Lincoln County",5,26,393,192,201
050,28,085,"Mississippi","Lincoln County",5,27,442,219,223
050,28,085,"Mississippi","Lincoln County",5,28,375,196,179
050,28,085,"Mississippi","Lincoln County",5,29,373,179,194
050,28,085,"Mississippi","Lincoln County",5,30,469,206,263
050,28,085,"Mississippi","Lincoln County",5,31,477,231,246
050,28,085,"Mississippi","Lincoln County",5,32,464,217,247
050,28,085,"Mississippi","Lincoln County",5,33,454,200,254
050,28,085,"Mississippi","Lincoln County",5,34,413,197,216
050,28,085,"Mississippi","Lincoln County",5,35,369,177,192
050,28,085,"Mississippi","Lincoln County",5,36,376,173,203
050,28,085,"Mississippi","Lincoln County",5,37,395,193,202
050,28,085,"Mississippi","Lincoln County",5,38,408,185,223
050,28,085,"Mississippi","Lincoln County",5,39,418,199,219
050,28,085,"Mississippi","Lincoln County",5,40,444,213,231
050,28,085,"Mississippi","Lincoln County",5,41,501,241,260
050,28,085,"Mississippi","Lincoln County",5,42,509,237,272
050,28,085,"Mississippi","Lincoln County",5,43,481,233,248
050,28,085,"Mississippi","Lincoln County",5,44,450,216,234
050,28,085,"Mississippi","Lincoln County",5,45,479,243,236
050,28,085,"Mississippi","Lincoln County",5,46,454,235,219
050,28,085,"Mississippi","Lincoln County",5,47,411,200,211
050,28,085,"Mississippi","Lincoln County",5,48,427,205,222
050,28,085,"Mississippi","Lincoln County",5,49,452,213,239
050,28,085,"Mississippi","Lincoln County",5,50,473,221,252
050,28,085,"Mississippi","Lincoln County",5,51,493,241,252
050,28,085,"Mississippi","Lincoln County",5,52,513,256,257
050,28,085,"Mississippi","Lincoln County",5,53,451,232,219
050,28,085,"Mississippi","Lincoln County",5,54,440,220,220
050,28,085,"Mississippi","Lincoln County",5,55,427,218,209
050,28,085,"Mississippi","Lincoln County",5,56,433,213,220
050,28,085,"Mississippi","Lincoln County",5,57,410,197,213
050,28,085,"Mississippi","Lincoln County",5,58,431,202,229
050,28,085,"Mississippi","Lincoln County",5,59,471,228,243
050,28,085,"Mississippi","Lincoln County",5,60,437,218,219
050,28,085,"Mississippi","Lincoln County",5,61,453,225,228
050,28,085,"Mississippi","Lincoln County",5,62,474,220,254
050,28,085,"Mississippi","Lincoln County",5,63,480,217,263
050,28,085,"Mississippi","Lincoln County",5,64,483,231,252
050,28,085,"Mississippi","Lincoln County",5,65,447,210,237
050,28,085,"Mississippi","Lincoln County",5,66,455,214,241
050,28,085,"Mississippi","Lincoln County",5,67,424,195,229
050,28,085,"Mississippi","Lincoln County",5,68,427,195,232
050,28,085,"Mississippi","Lincoln County",5,69,402,177,225
050,28,085,"Mississippi","Lincoln County",5,70,367,162,205
050,28,085,"Mississippi","Lincoln County",5,71,368,157,211
050,28,085,"Mississippi","Lincoln County",5,72,348,148,200
050,28,085,"Mississippi","Lincoln County",5,73,331,144,187
050,28,085,"Mississippi","Lincoln County",5,74,313,140,173
050,28,085,"Mississippi","Lincoln County",5,75,306,147,159
050,28,085,"Mississippi","Lincoln County",5,76,337,159,178
050,28,085,"Mississippi","Lincoln County",5,77,209,98,111
050,28,085,"Mississippi","Lincoln County",5,78,171,75,96
050,28,085,"Mississippi","Lincoln County",5,79,180,74,106
050,28,085,"Mississippi","Lincoln County",5,80,185,72,113
050,28,085,"Mississippi","Lincoln County",5,81,157,47,110
050,28,085,"Mississippi","Lincoln County",5,82,159,58,101
050,28,085,"Mississippi","Lincoln County",5,83,134,50,84
050,28,085,"Mississippi","Lincoln County",5,84,110,35,75
050,28,085,"Mississippi","Lincoln County",5,85,518,179,339
050,28,087,"Mississippi","Lowndes County",1,0,776,393,383
050,28,087,"Mississippi","Lowndes County",1,1,780,388,392
050,28,087,"Mississippi","Lowndes County",1,2,824,400,424
050,28,087,"Mississippi","Lowndes County",1,3,797,415,382
050,28,087,"Mississippi","Lowndes County",1,4,730,401,329
050,28,087,"Mississippi","Lowndes County",1,5,737,376,361
050,28,087,"Mississippi","Lowndes County",1,6,772,382,390
050,28,087,"Mississippi","Lowndes County",1,7,757,374,383
050,28,087,"Mississippi","Lowndes County",1,8,764,396,368
050,28,087,"Mississippi","Lowndes County",1,9,704,359,345
050,28,087,"Mississippi","Lowndes County",1,10,781,406,375
050,28,087,"Mississippi","Lowndes County",1,11,807,437,370
050,28,087,"Mississippi","Lowndes County",1,12,851,439,412
050,28,087,"Mississippi","Lowndes County",1,13,821,436,385
050,28,087,"Mississippi","Lowndes County",1,14,800,406,394
050,28,087,"Mississippi","Lowndes County",1,15,759,396,363
050,28,087,"Mississippi","Lowndes County",1,16,789,407,382
050,28,087,"Mississippi","Lowndes County",1,17,756,390,366
050,28,087,"Mississippi","Lowndes County",1,18,751,384,367
050,28,087,"Mississippi","Lowndes County",1,19,817,385,432
050,28,087,"Mississippi","Lowndes County",1,20,825,395,430
050,28,087,"Mississippi","Lowndes County",1,21,822,396,426
050,28,087,"Mississippi","Lowndes County",1,22,807,372,435
050,28,087,"Mississippi","Lowndes County",1,23,889,455,434
050,28,087,"Mississippi","Lowndes County",1,24,911,495,416
050,28,087,"Mississippi","Lowndes County",1,25,872,442,430
050,28,087,"Mississippi","Lowndes County",1,26,822,414,408
050,28,087,"Mississippi","Lowndes County",1,27,823,402,421
050,28,087,"Mississippi","Lowndes County",1,28,869,412,457
050,28,087,"Mississippi","Lowndes County",1,29,835,405,430
050,28,087,"Mississippi","Lowndes County",1,30,856,406,450
050,28,087,"Mississippi","Lowndes County",1,31,795,371,424
050,28,087,"Mississippi","Lowndes County",1,32,754,346,408
050,28,087,"Mississippi","Lowndes County",1,33,734,365,369
050,28,087,"Mississippi","Lowndes County",1,34,724,368,356
050,28,087,"Mississippi","Lowndes County",1,35,710,333,377
050,28,087,"Mississippi","Lowndes County",1,36,745,358,387
050,28,087,"Mississippi","Lowndes County",1,37,753,370,383
050,28,087,"Mississippi","Lowndes County",1,38,766,370,396
050,28,087,"Mississippi","Lowndes County",1,39,756,388,368
050,28,087,"Mississippi","Lowndes County",1,40,671,323,348
050,28,087,"Mississippi","Lowndes County",1,41,648,292,356
050,28,087,"Mississippi","Lowndes County",1,42,671,315,356
050,28,087,"Mississippi","Lowndes County",1,43,649,307,342
050,28,087,"Mississippi","Lowndes County",1,44,651,311,340
050,28,087,"Mississippi","Lowndes County",1,45,614,289,325
050,28,087,"Mississippi","Lowndes County",1,46,596,276,320
050,28,087,"Mississippi","Lowndes County",1,47,615,281,334
050,28,087,"Mississippi","Lowndes County",1,48,659,310,349
050,28,087,"Mississippi","Lowndes County",1,49,691,311,380
050,28,087,"Mississippi","Lowndes County",1,50,694,300,394
050,28,087,"Mississippi","Lowndes County",1,51,700,319,381
050,28,087,"Mississippi","Lowndes County",1,52,668,328,340
050,28,087,"Mississippi","Lowndes County",1,53,718,342,376
050,28,087,"Mississippi","Lowndes County",1,54,733,363,370
050,28,087,"Mississippi","Lowndes County",1,55,742,349,393
050,28,087,"Mississippi","Lowndes County",1,56,754,351,403
050,28,087,"Mississippi","Lowndes County",1,57,776,361,415
050,28,087,"Mississippi","Lowndes County",1,58,792,391,401
050,28,087,"Mississippi","Lowndes County",1,59,775,377,398
050,28,087,"Mississippi","Lowndes County",1,60,778,374,404
050,28,087,"Mississippi","Lowndes County",1,61,781,376,405
050,28,087,"Mississippi","Lowndes County",1,62,758,357,401
050,28,087,"Mississippi","Lowndes County",1,63,779,362,417
050,28,087,"Mississippi","Lowndes County",1,64,747,352,395
050,28,087,"Mississippi","Lowndes County",1,65,704,326,378
050,28,087,"Mississippi","Lowndes County",1,66,663,312,351
050,28,087,"Mississippi","Lowndes County",1,67,603,284,319
050,28,087,"Mississippi","Lowndes County",1,68,601,282,319
050,28,087,"Mississippi","Lowndes County",1,69,612,283,329
050,28,087,"Mississippi","Lowndes County",1,70,559,275,284
050,28,087,"Mississippi","Lowndes County",1,71,528,244,284
050,28,087,"Mississippi","Lowndes County",1,72,524,242,282
050,28,087,"Mississippi","Lowndes County",1,73,516,227,289
050,28,087,"Mississippi","Lowndes County",1,74,389,162,227
050,28,087,"Mississippi","Lowndes County",1,75,408,175,233
050,28,087,"Mississippi","Lowndes County",1,76,355,159,196
050,28,087,"Mississippi","Lowndes County",1,77,326,154,172
050,28,087,"Mississippi","Lowndes County",1,78,312,146,166
050,28,087,"Mississippi","Lowndes County",1,79,276,116,160
050,28,087,"Mississippi","Lowndes County",1,80,257,99,158
050,28,087,"Mississippi","Lowndes County",1,81,222,85,137
050,28,087,"Mississippi","Lowndes County",1,82,236,88,148
050,28,087,"Mississippi","Lowndes County",1,83,215,74,141
050,28,087,"Mississippi","Lowndes County",1,84,191,62,129
050,28,087,"Mississippi","Lowndes County",1,85,1083,302,781
050,28,087,"Mississippi","Lowndes County",2,0,767,395,372
050,28,087,"Mississippi","Lowndes County",2,1,783,386,397
050,28,087,"Mississippi","Lowndes County",2,2,804,391,413
050,28,087,"Mississippi","Lowndes County",2,3,800,407,393
050,28,087,"Mississippi","Lowndes County",2,4,746,403,343
050,28,087,"Mississippi","Lowndes County",2,5,734,379,355
050,28,087,"Mississippi","Lowndes County",2,6,764,379,385
050,28,087,"Mississippi","Lowndes County",2,7,758,375,383
050,28,087,"Mississippi","Lowndes County",2,8,755,386,369
050,28,087,"Mississippi","Lowndes County",2,9,719,367,352
050,28,087,"Mississippi","Lowndes County",2,10,762,396,366
050,28,087,"Mississippi","Lowndes County",2,11,800,429,371
050,28,087,"Mississippi","Lowndes County",2,12,841,441,400
050,28,087,"Mississippi","Lowndes County",2,13,827,435,392
050,28,087,"Mississippi","Lowndes County",2,14,804,411,393
050,28,087,"Mississippi","Lowndes County",2,15,768,397,371
050,28,087,"Mississippi","Lowndes County",2,16,781,403,378
050,28,087,"Mississippi","Lowndes County",2,17,763,393,370
050,28,087,"Mississippi","Lowndes County",2,18,758,390,368
050,28,087,"Mississippi","Lowndes County",2,19,812,385,427
050,28,087,"Mississippi","Lowndes County",2,20,822,389,433
050,28,087,"Mississippi","Lowndes County",2,21,830,402,428
050,28,087,"Mississippi","Lowndes County",2,22,822,391,431
050,28,087,"Mississippi","Lowndes County",2,23,877,445,432
050,28,087,"Mississippi","Lowndes County",2,24,890,478,412
050,28,087,"Mississippi","Lowndes County",2,25,861,442,419
050,28,087,"Mississippi","Lowndes County",2,26,834,425,409
050,28,087,"Mississippi","Lowndes County",2,27,820,405,415
050,28,087,"Mississippi","Lowndes County",2,28,850,407,443
050,28,087,"Mississippi","Lowndes County",2,29,838,404,434
050,28,087,"Mississippi","Lowndes County",2,30,851,403,448
050,28,087,"Mississippi","Lowndes County",2,31,801,373,428
050,28,087,"Mississippi","Lowndes County",2,32,756,347,409
050,28,087,"Mississippi","Lowndes County",2,33,732,358,374
050,28,087,"Mississippi","Lowndes County",2,34,722,365,357
050,28,087,"Mississippi","Lowndes County",2,35,720,344,376
050,28,087,"Mississippi","Lowndes County",2,36,734,350,384
050,28,087,"Mississippi","Lowndes County",2,37,753,368,385
050,28,087,"Mississippi","Lowndes County",2,38,764,372,392
050,28,087,"Mississippi","Lowndes County",2,39,755,382,373
050,28,087,"Mississippi","Lowndes County",2,40,695,341,354
050,28,087,"Mississippi","Lowndes County",2,41,650,299,351
050,28,087,"Mississippi","Lowndes County",2,42,662,308,354
050,28,087,"Mississippi","Lowndes County",2,43,661,311,350
050,28,087,"Mississippi","Lowndes County",2,44,644,308,336
050,28,087,"Mississippi","Lowndes County",2,45,623,292,331
050,28,087,"Mississippi","Lowndes County",2,46,594,277,317
050,28,087,"Mississippi","Lowndes County",2,47,605,278,327
050,28,087,"Mississippi","Lowndes County",2,48,647,300,347
050,28,087,"Mississippi","Lowndes County",2,49,682,308,374
050,28,087,"Mississippi","Lowndes County",2,50,694,303,391
050,28,087,"Mississippi","Lowndes County",2,51,691,313,378
050,28,087,"Mississippi","Lowndes County",2,52,680,328,352
050,28,087,"Mississippi","Lowndes County",2,53,698,334,364
050,28,087,"Mississippi","Lowndes County",2,54,721,353,368
050,28,087,"Mississippi","Lowndes County",2,55,739,353,386
050,28,087,"Mississippi","Lowndes County",2,56,748,351,397
050,28,087,"Mississippi","Lowndes County",2,57,767,358,409
050,28,087,"Mississippi","Lowndes County",2,58,782,381,401
050,28,087,"Mississippi","Lowndes County",2,59,780,378,402
050,28,087,"Mississippi","Lowndes County",2,60,777,375,402
050,28,087,"Mississippi","Lowndes County",2,61,774,370,404
050,28,087,"Mississippi","Lowndes County",2,62,756,360,396
050,28,087,"Mississippi","Lowndes County",2,63,773,361,412
050,28,087,"Mississippi","Lowndes County",2,64,745,349,396
050,28,087,"Mississippi","Lowndes County",2,65,708,329,379
050,28,087,"Mississippi","Lowndes County",2,66,669,311,358
050,28,087,"Mississippi","Lowndes County",2,67,614,289,325
050,28,087,"Mississippi","Lowndes County",2,68,589,275,314
050,28,087,"Mississippi","Lowndes County",2,69,607,279,328
050,28,087,"Mississippi","Lowndes County",2,70,567,275,292
050,28,087,"Mississippi","Lowndes County",2,71,533,250,283
050,28,087,"Mississippi","Lowndes County",2,72,516,239,277
050,28,087,"Mississippi","Lowndes County",2,73,534,235,299
050,28,087,"Mississippi","Lowndes County",2,74,390,163,227
050,28,087,"Mississippi","Lowndes County",2,75,399,169,230
050,28,087,"Mississippi","Lowndes County",2,76,363,162,201
050,28,087,"Mississippi","Lowndes County",2,77,333,155,178
050,28,087,"Mississippi","Lowndes County",2,78,305,143,162
050,28,087,"Mississippi","Lowndes County",2,79,283,124,159
050,28,087,"Mississippi","Lowndes County",2,80,249,98,151
050,28,087,"Mississippi","Lowndes County",2,81,226,88,138
050,28,087,"Mississippi","Lowndes County",2,82,229,86,143
050,28,087,"Mississippi","Lowndes County",2,83,220,78,142
050,28,087,"Mississippi","Lowndes County",2,84,188,60,128
050,28,087,"Mississippi","Lowndes County",2,85,1089,309,780
050,28,087,"Mississippi","Lowndes County",3,0,714,356,358
050,28,087,"Mississippi","Lowndes County",3,1,787,407,380
050,28,087,"Mississippi","Lowndes County",3,2,767,383,384
050,28,087,"Mississippi","Lowndes County",3,3,821,407,414
050,28,087,"Mississippi","Lowndes County",3,4,781,411,370
050,28,087,"Mississippi","Lowndes County",3,5,732,402,330
050,28,087,"Mississippi","Lowndes County",3,6,732,385,347
050,28,087,"Mississippi","Lowndes County",3,7,748,385,363
050,28,087,"Mississippi","Lowndes County",3,8,750,382,368
050,28,087,"Mississippi","Lowndes County",3,9,759,384,375
050,28,087,"Mississippi","Lowndes County",3,10,735,384,351
050,28,087,"Mississippi","Lowndes County",3,11,759,401,358
050,28,087,"Mississippi","Lowndes County",3,12,782,410,372
050,28,087,"Mississippi","Lowndes County",3,13,843,447,396
050,28,087,"Mississippi","Lowndes County",3,14,831,441,390
050,28,087,"Mississippi","Lowndes County",3,15,789,402,387
050,28,087,"Mississippi","Lowndes County",3,16,765,395,370
050,28,087,"Mississippi","Lowndes County",3,17,773,401,372
050,28,087,"Mississippi","Lowndes County",3,18,783,404,379
050,28,087,"Mississippi","Lowndes County",3,19,783,382,401
050,28,087,"Mississippi","Lowndes County",3,20,778,357,421
050,28,087,"Mississippi","Lowndes County",3,21,809,392,417
050,28,087,"Mississippi","Lowndes County",3,22,795,392,403
050,28,087,"Mississippi","Lowndes County",3,23,819,410,409
050,28,087,"Mississippi","Lowndes County",3,24,880,458,422
050,28,087,"Mississippi","Lowndes County",3,25,803,409,394
050,28,087,"Mississippi","Lowndes County",3,26,841,419,422
050,28,087,"Mississippi","Lowndes County",3,27,806,409,397
050,28,087,"Mississippi","Lowndes County",3,28,781,383,398
050,28,087,"Mississippi","Lowndes County",3,29,827,384,443
050,28,087,"Mississippi","Lowndes County",3,30,832,403,429
050,28,087,"Mississippi","Lowndes County",3,31,831,401,430
050,28,087,"Mississippi","Lowndes County",3,32,786,371,415
050,28,087,"Mississippi","Lowndes County",3,33,749,328,421
050,28,087,"Mississippi","Lowndes County",3,34,719,364,355
050,28,087,"Mississippi","Lowndes County",3,35,699,348,351
050,28,087,"Mississippi","Lowndes County",3,36,719,344,375
050,28,087,"Mississippi","Lowndes County",3,37,721,340,381
050,28,087,"Mississippi","Lowndes County",3,38,717,357,360
050,28,087,"Mississippi","Lowndes County",3,39,751,353,398
050,28,087,"Mississippi","Lowndes County",3,40,719,360,359
050,28,087,"Mississippi","Lowndes County",3,41,688,331,357
050,28,087,"Mississippi","Lowndes County",3,42,637,300,337
050,28,087,"Mississippi","Lowndes County",3,43,627,292,335
050,28,087,"Mississippi","Lowndes County",3,44,645,303,342
050,28,087,"Mississippi","Lowndes County",3,45,628,299,329
050,28,087,"Mississippi","Lowndes County",3,46,614,289,325
050,28,087,"Mississippi","Lowndes County",3,47,591,278,313
050,28,087,"Mississippi","Lowndes County",3,48,612,268,344
050,28,087,"Mississippi","Lowndes County",3,49,645,296,349
050,28,087,"Mississippi","Lowndes County",3,50,663,305,358
050,28,087,"Mississippi","Lowndes County",3,51,690,306,384
050,28,087,"Mississippi","Lowndes County",3,52,680,318,362
050,28,087,"Mississippi","Lowndes County",3,53,672,323,349
050,28,087,"Mississippi","Lowndes County",3,54,687,333,354
050,28,087,"Mississippi","Lowndes County",3,55,711,347,364
050,28,087,"Mississippi","Lowndes County",3,56,734,353,381
050,28,087,"Mississippi","Lowndes County",3,57,742,350,392
050,28,087,"Mississippi","Lowndes County",3,58,764,366,398
050,28,087,"Mississippi","Lowndes County",3,59,757,356,401
050,28,087,"Mississippi","Lowndes County",3,60,756,368,388
050,28,087,"Mississippi","Lowndes County",3,61,755,358,397
050,28,087,"Mississippi","Lowndes County",3,62,759,357,402
050,28,087,"Mississippi","Lowndes County",3,63,732,340,392
050,28,087,"Mississippi","Lowndes County",3,64,750,353,397
050,28,087,"Mississippi","Lowndes County",3,65,732,347,385
050,28,087,"Mississippi","Lowndes County",3,66,684,315,369
050,28,087,"Mississippi","Lowndes County",3,67,649,300,349
050,28,087,"Mississippi","Lowndes County",3,68,594,277,317
050,28,087,"Mississippi","Lowndes County",3,69,579,269,310
050,28,087,"Mississippi","Lowndes County",3,70,591,274,317
050,28,087,"Mississippi","Lowndes County",3,71,552,268,284
050,28,087,"Mississippi","Lowndes County",3,72,520,246,274
050,28,087,"Mississippi","Lowndes County",3,73,495,226,269
050,28,087,"Mississippi","Lowndes County",3,74,515,217,298
050,28,087,"Mississippi","Lowndes County",3,75,374,150,224
050,28,087,"Mississippi","Lowndes County",3,76,381,163,218
050,28,087,"Mississippi","Lowndes County",3,77,333,147,186
050,28,087,"Mississippi","Lowndes County",3,78,304,139,165
050,28,087,"Mississippi","Lowndes County",3,79,293,138,155
050,28,087,"Mississippi","Lowndes County",3,80,247,107,140
050,28,087,"Mississippi","Lowndes County",3,81,229,86,143
050,28,087,"Mississippi","Lowndes County",3,82,212,87,125
050,28,087,"Mississippi","Lowndes County",3,83,232,89,143
050,28,087,"Mississippi","Lowndes County",3,84,182,53,129
050,28,087,"Mississippi","Lowndes County",3,85,1107,314,793
050,28,087,"Mississippi","Lowndes County",4,0,748,395,353
050,28,087,"Mississippi","Lowndes County",4,1,704,350,354
050,28,087,"Mississippi","Lowndes County",4,2,762,402,360
050,28,087,"Mississippi","Lowndes County",4,3,780,385,395
050,28,087,"Mississippi","Lowndes County",4,4,776,385,391
050,28,087,"Mississippi","Lowndes County",4,5,747,385,362
050,28,087,"Mississippi","Lowndes County",4,6,733,404,329
050,28,087,"Mississippi","Lowndes County",4,7,740,381,359
050,28,087,"Mississippi","Lowndes County",4,8,769,392,377
050,28,087,"Mississippi","Lowndes County",4,9,750,378,372
050,28,087,"Mississippi","Lowndes County",4,10,744,377,367
050,28,087,"Mississippi","Lowndes County",4,11,746,393,353
050,28,087,"Mississippi","Lowndes County",4,12,775,411,364
050,28,087,"Mississippi","Lowndes County",4,13,796,415,381
050,28,087,"Mississippi","Lowndes County",4,14,849,447,402
050,28,087,"Mississippi","Lowndes County",4,15,824,439,385
050,28,087,"Mississippi","Lowndes County",4,16,783,395,388
050,28,087,"Mississippi","Lowndes County",4,17,739,382,357
050,28,087,"Mississippi","Lowndes County",4,18,773,403,370
050,28,087,"Mississippi","Lowndes County",4,19,764,368,396
050,28,087,"Mississippi","Lowndes County",4,20,746,355,391
050,28,087,"Mississippi","Lowndes County",4,21,790,375,415
050,28,087,"Mississippi","Lowndes County",4,22,784,375,409
050,28,087,"Mississippi","Lowndes County",4,23,800,393,407
050,28,087,"Mississippi","Lowndes County",4,24,911,503,408
050,28,087,"Mississippi","Lowndes County",4,25,798,401,397
050,28,087,"Mississippi","Lowndes County",4,26,771,397,374
050,28,087,"Mississippi","Lowndes County",4,27,773,369,404
050,28,087,"Mississippi","Lowndes County",4,28,742,373,369
050,28,087,"Mississippi","Lowndes County",4,29,746,358,388
050,28,087,"Mississippi","Lowndes County",4,30,831,389,442
050,28,087,"Mississippi","Lowndes County",4,31,814,392,422
050,28,087,"Mississippi","Lowndes County",4,32,813,410,403
050,28,087,"Mississippi","Lowndes County",4,33,799,369,430
050,28,087,"Mississippi","Lowndes County",4,34,725,315,410
050,28,087,"Mississippi","Lowndes County",4,35,724,355,369
050,28,087,"Mississippi","Lowndes County",4,36,694,343,351
050,28,087,"Mississippi","Lowndes County",4,37,722,339,383
050,28,087,"Mississippi","Lowndes County",4,38,711,339,372
050,28,087,"Mississippi","Lowndes County",4,39,705,340,365
050,28,087,"Mississippi","Lowndes County",4,40,720,348,372
050,28,087,"Mississippi","Lowndes County",4,41,723,368,355
050,28,087,"Mississippi","Lowndes County",4,42,672,325,347
050,28,087,"Mississippi","Lowndes County",4,43,622,293,329
050,28,087,"Mississippi","Lowndes County",4,44,621,288,333
050,28,087,"Mississippi","Lowndes County",4,45,635,286,349
050,28,087,"Mississippi","Lowndes County",4,46,603,294,309
050,28,087,"Mississippi","Lowndes County",4,47,601,287,314
050,28,087,"Mississippi","Lowndes County",4,48,588,273,315
050,28,087,"Mississippi","Lowndes County",4,49,602,260,342
050,28,087,"Mississippi","Lowndes County",4,50,629,295,334
050,28,087,"Mississippi","Lowndes County",4,51,653,300,353
050,28,087,"Mississippi","Lowndes County",4,52,690,306,384
050,28,087,"Mississippi","Lowndes County",4,53,662,306,356
050,28,087,"Mississippi","Lowndes County",4,54,667,327,340
050,28,087,"Mississippi","Lowndes County",4,55,660,326,334
050,28,087,"Mississippi","Lowndes County",4,56,716,348,368
050,28,087,"Mississippi","Lowndes County",4,57,711,345,366
050,28,087,"Mississippi","Lowndes County",4,58,733,346,387
050,28,087,"Mississippi","Lowndes County",4,59,758,359,399
050,28,087,"Mississippi","Lowndes County",4,60,754,353,401
050,28,087,"Mississippi","Lowndes County",4,61,730,356,374
050,28,087,"Mississippi","Lowndes County",4,62,746,351,395
050,28,087,"Mississippi","Lowndes County",4,63,740,349,391
050,28,087,"Mississippi","Lowndes County",4,64,719,335,384
050,28,087,"Mississippi","Lowndes County",4,65,732,344,388
050,28,087,"Mississippi","Lowndes County",4,66,724,336,388
050,28,087,"Mississippi","Lowndes County",4,67,658,300,358
050,28,087,"Mississippi","Lowndes County",4,68,626,285,341
050,28,087,"Mississippi","Lowndes County",4,69,574,270,304
050,28,087,"Mississippi","Lowndes County",4,70,559,259,300
050,28,087,"Mississippi","Lowndes County",4,71,557,256,301
050,28,087,"Mississippi","Lowndes County",4,72,534,257,277
050,28,087,"Mississippi","Lowndes County",4,73,499,235,264
050,28,087,"Mississippi","Lowndes County",4,74,482,217,265
050,28,087,"Mississippi","Lowndes County",4,75,500,207,293
050,28,087,"Mississippi","Lowndes County",4,76,344,136,208
050,28,087,"Mississippi","Lowndes County",4,77,345,144,201
050,28,087,"Mississippi","Lowndes County",4,78,314,138,176
050,28,087,"Mississippi","Lowndes County",4,79,295,137,158
050,28,087,"Mississippi","Lowndes County",4,80,256,119,137
050,28,087,"Mississippi","Lowndes County",4,81,246,107,139
050,28,087,"Mississippi","Lowndes County",4,82,215,87,128
050,28,087,"Mississippi","Lowndes County",4,83,215,90,125
050,28,087,"Mississippi","Lowndes County",4,84,201,65,136
050,28,087,"Mississippi","Lowndes County",4,85,1139,319,820
050,28,087,"Mississippi","Lowndes County",5,0,727,382,345
050,28,087,"Mississippi","Lowndes County",5,1,706,365,341
050,28,087,"Mississippi","Lowndes County",5,2,700,351,349
050,28,087,"Mississippi","Lowndes County",5,3,784,406,378
050,28,087,"Mississippi","Lowndes County",5,4,737,362,375
050,28,087,"Mississippi","Lowndes County",5,5,769,384,385
050,28,087,"Mississippi","Lowndes County",5,6,761,409,352
050,28,087,"Mississippi","Lowndes County",5,7,710,383,327
050,28,087,"Mississippi","Lowndes County",5,8,722,370,352
050,28,087,"Mississippi","Lowndes County",5,9,756,385,371
050,28,087,"Mississippi","Lowndes County",5,10,739,370,369
050,28,087,"Mississippi","Lowndes County",5,11,740,372,368
050,28,087,"Mississippi","Lowndes County",5,12,734,385,349
050,28,087,"Mississippi","Lowndes County",5,13,787,404,383
050,28,087,"Mississippi","Lowndes County",5,14,788,416,372
050,28,087,"Mississippi","Lowndes County",5,15,851,453,398
050,28,087,"Mississippi","Lowndes County",5,16,825,430,395
050,28,087,"Mississippi","Lowndes County",5,17,771,395,376
050,28,087,"Mississippi","Lowndes County",5,18,739,391,348
050,28,087,"Mississippi","Lowndes County",5,19,788,392,396
050,28,087,"Mississippi","Lowndes County",5,20,746,357,389
050,28,087,"Mississippi","Lowndes County",5,21,753,363,390
050,28,087,"Mississippi","Lowndes County",5,22,736,360,376
050,28,087,"Mississippi","Lowndes County",5,23,815,397,418
050,28,087,"Mississippi","Lowndes County",5,24,868,453,415
050,28,087,"Mississippi","Lowndes County",5,25,837,457,380
050,28,087,"Mississippi","Lowndes County",5,26,767,387,380
050,28,087,"Mississippi","Lowndes County",5,27,733,377,356
050,28,087,"Mississippi","Lowndes County",5,28,742,347,395
050,28,087,"Mississippi","Lowndes County",5,29,745,374,371
050,28,087,"Mississippi","Lowndes County",5,30,768,379,389
050,28,087,"Mississippi","Lowndes County",5,31,810,367,443
050,28,087,"Mississippi","Lowndes County",5,32,796,373,423
050,28,087,"Mississippi","Lowndes County",5,33,820,407,413
050,28,087,"Mississippi","Lowndes County",5,34,815,379,436
050,28,087,"Mississippi","Lowndes County",5,35,712,314,398
050,28,087,"Mississippi","Lowndes County",5,36,710,344,366
050,28,087,"Mississippi","Lowndes County",5,37,681,333,348
050,28,087,"Mississippi","Lowndes County",5,38,701,312,389
050,28,087,"Mississippi","Lowndes County",5,39,681,328,353
050,28,087,"Mississippi","Lowndes County",5,40,699,337,362
050,28,087,"Mississippi","Lowndes County",5,41,708,349,359
050,28,087,"Mississippi","Lowndes County",5,42,722,362,360
050,28,087,"Mississippi","Lowndes County",5,43,654,311,343
050,28,087,"Mississippi","Lowndes County",5,44,612,293,319
050,28,087,"Mississippi","Lowndes County",5,45,612,283,329
050,28,087,"Mississippi","Lowndes County",5,46,634,297,337
050,28,087,"Mississippi","Lowndes County",5,47,571,275,296
050,28,087,"Mississippi","Lowndes County",5,48,600,282,318
050,28,087,"Mississippi","Lowndes County",5,49,578,264,314
050,28,087,"Mississippi","Lowndes County",5,50,590,262,328
050,28,087,"Mississippi","Lowndes County",5,51,617,290,327
050,28,087,"Mississippi","Lowndes County",5,52,640,297,343
050,28,087,"Mississippi","Lowndes County",5,53,663,287,376
050,28,087,"Mississippi","Lowndes County",5,54,652,311,341
050,28,087,"Mississippi","Lowndes County",5,55,648,316,332
050,28,087,"Mississippi","Lowndes County",5,56,659,322,337
050,28,087,"Mississippi","Lowndes County",5,57,715,351,364
050,28,087,"Mississippi","Lowndes County",5,58,706,337,369
050,28,087,"Mississippi","Lowndes County",5,59,726,339,387
050,28,087,"Mississippi","Lowndes County",5,60,735,347,388
050,28,087,"Mississippi","Lowndes County",5,61,723,332,391
050,28,087,"Mississippi","Lowndes County",5,62,723,356,367
050,28,087,"Mississippi","Lowndes County",5,63,733,341,392
050,28,087,"Mississippi","Lowndes County",5,64,724,339,385
050,28,087,"Mississippi","Lowndes County",5,65,706,329,377
050,28,087,"Mississippi","Lowndes County",5,66,730,345,385
050,28,087,"Mississippi","Lowndes County",5,67,696,323,373
050,28,087,"Mississippi","Lowndes County",5,68,639,287,352
050,28,087,"Mississippi","Lowndes County",5,69,614,279,335
050,28,087,"Mississippi","Lowndes County",5,70,568,268,300
050,28,087,"Mississippi","Lowndes County",5,71,537,247,290
050,28,087,"Mississippi","Lowndes County",5,72,537,247,290
050,28,087,"Mississippi","Lowndes County",5,73,520,245,275
050,28,087,"Mississippi","Lowndes County",5,74,487,226,261
050,28,087,"Mississippi","Lowndes County",5,75,466,211,255
050,28,087,"Mississippi","Lowndes County",5,76,471,191,280
050,28,087,"Mississippi","Lowndes County",5,77,310,122,188
050,28,087,"Mississippi","Lowndes County",5,78,333,140,193
050,28,087,"Mississippi","Lowndes County",5,79,306,137,169
050,28,087,"Mississippi","Lowndes County",5,80,264,119,145
050,28,087,"Mississippi","Lowndes County",5,81,253,117,136
050,28,087,"Mississippi","Lowndes County",5,82,228,108,120
050,28,087,"Mississippi","Lowndes County",5,83,224,93,131
050,28,087,"Mississippi","Lowndes County",5,84,185,68,117
050,28,087,"Mississippi","Lowndes County",5,85,1195,337,858
050,28,089,"Mississippi","Madison County",1,0,1367,697,670
050,28,089,"Mississippi","Madison County",1,1,1365,713,652
050,28,089,"Mississippi","Madison County",1,2,1305,638,667
050,28,089,"Mississippi","Madison County",1,3,1355,677,678
050,28,089,"Mississippi","Madison County",1,4,1406,717,689
050,28,089,"Mississippi","Madison County",1,5,1438,715,723
050,28,089,"Mississippi","Madison County",1,6,1416,700,716
050,28,089,"Mississippi","Madison County",1,7,1394,697,697
050,28,089,"Mississippi","Madison County",1,8,1509,771,738
050,28,089,"Mississippi","Madison County",1,9,1498,764,734
050,28,089,"Mississippi","Madison County",1,10,1552,806,746
050,28,089,"Mississippi","Madison County",1,11,1640,831,809
050,28,089,"Mississippi","Madison County",1,12,1683,874,809
050,28,089,"Mississippi","Madison County",1,13,1793,941,852
050,28,089,"Mississippi","Madison County",1,14,1654,835,819
050,28,089,"Mississippi","Madison County",1,15,1604,823,781
050,28,089,"Mississippi","Madison County",1,16,1630,866,764
050,28,089,"Mississippi","Madison County",1,17,1633,822,811
050,28,089,"Mississippi","Madison County",1,18,1435,722,713
050,28,089,"Mississippi","Madison County",1,19,1273,627,646
050,28,089,"Mississippi","Madison County",1,20,1279,636,643
050,28,089,"Mississippi","Madison County",1,21,1294,617,677
050,28,089,"Mississippi","Madison County",1,22,1233,615,618
050,28,089,"Mississippi","Madison County",1,23,1288,626,662
050,28,089,"Mississippi","Madison County",1,24,1301,624,677
050,28,089,"Mississippi","Madison County",1,25,1314,622,692
050,28,089,"Mississippi","Madison County",1,26,1300,632,668
050,28,089,"Mississippi","Madison County",1,27,1308,629,679
050,28,089,"Mississippi","Madison County",1,28,1386,706,680
050,28,089,"Mississippi","Madison County",1,29,1363,654,709
050,28,089,"Mississippi","Madison County",1,30,1322,621,701
050,28,089,"Mississippi","Madison County",1,31,1376,664,712
050,28,089,"Mississippi","Madison County",1,32,1344,612,732
050,28,089,"Mississippi","Madison County",1,33,1348,639,709
050,28,089,"Mississippi","Madison County",1,34,1444,675,769
050,28,089,"Mississippi","Madison County",1,35,1432,650,782
050,28,089,"Mississippi","Madison County",1,36,1427,650,777
050,28,089,"Mississippi","Madison County",1,37,1516,711,805
050,28,089,"Mississippi","Madison County",1,38,1541,722,819
050,28,089,"Mississippi","Madison County",1,39,1541,747,794
050,28,089,"Mississippi","Madison County",1,40,1583,796,787
050,28,089,"Mississippi","Madison County",1,41,1515,705,810
050,28,089,"Mississippi","Madison County",1,42,1460,681,779
050,28,089,"Mississippi","Madison County",1,43,1454,719,735
050,28,089,"Mississippi","Madison County",1,44,1412,680,732
050,28,089,"Mississippi","Madison County",1,45,1411,652,759
050,28,089,"Mississippi","Madison County",1,46,1360,649,711
050,28,089,"Mississippi","Madison County",1,47,1379,667,712
050,28,089,"Mississippi","Madison County",1,48,1433,662,771
050,28,089,"Mississippi","Madison County",1,49,1605,757,848
050,28,089,"Mississippi","Madison County",1,50,1544,768,776
050,28,089,"Mississippi","Madison County",1,51,1448,718,730
050,28,089,"Mississippi","Madison County",1,52,1367,663,704
050,28,089,"Mississippi","Madison County",1,53,1328,626,702
050,28,089,"Mississippi","Madison County",1,54,1415,695,720
050,28,089,"Mississippi","Madison County",1,55,1478,727,751
050,28,089,"Mississippi","Madison County",1,56,1483,732,751
050,28,089,"Mississippi","Madison County",1,57,1535,736,799
050,28,089,"Mississippi","Madison County",1,58,1568,768,800
050,28,089,"Mississippi","Madison County",1,59,1528,720,808
050,28,089,"Mississippi","Madison County",1,60,1476,683,793
050,28,089,"Mississippi","Madison County",1,61,1411,674,737
050,28,089,"Mississippi","Madison County",1,62,1369,644,725
050,28,089,"Mississippi","Madison County",1,63,1317,625,692
050,28,089,"Mississippi","Madison County",1,64,1304,625,679
050,28,089,"Mississippi","Madison County",1,65,1344,642,702
050,28,089,"Mississippi","Madison County",1,66,1189,569,620
050,28,089,"Mississippi","Madison County",1,67,1144,559,585
050,28,089,"Mississippi","Madison County",1,68,1113,500,613
050,28,089,"Mississippi","Madison County",1,69,1012,456,556
050,28,089,"Mississippi","Madison County",1,70,980,450,530
050,28,089,"Mississippi","Madison County",1,71,938,437,501
050,28,089,"Mississippi","Madison County",1,72,881,422,459
050,28,089,"Mississippi","Madison County",1,73,849,407,442
050,28,089,"Mississippi","Madison County",1,74,576,276,300
050,28,089,"Mississippi","Madison County",1,75,571,282,289
050,28,089,"Mississippi","Madison County",1,76,536,245,291
050,28,089,"Mississippi","Madison County",1,77,490,199,291
050,28,089,"Mississippi","Madison County",1,78,410,167,243
050,28,089,"Mississippi","Madison County",1,79,377,164,213
050,28,089,"Mississippi","Madison County",1,80,381,159,222
050,28,089,"Mississippi","Madison County",1,81,349,123,226
050,28,089,"Mississippi","Madison County",1,82,333,119,214
050,28,089,"Mississippi","Madison County",1,83,281,91,190
050,28,089,"Mississippi","Madison County",1,84,244,91,153
050,28,089,"Mississippi","Madison County",1,85,1664,416,1248
050,28,089,"Mississippi","Madison County",2,0,1317,673,644
050,28,089,"Mississippi","Madison County",2,1,1363,707,656
050,28,089,"Mississippi","Madison County",2,2,1326,660,666
050,28,089,"Mississippi","Madison County",2,3,1351,677,674
050,28,089,"Mississippi","Madison County",2,4,1392,705,687
050,28,089,"Mississippi","Madison County",2,5,1429,712,717
050,28,089,"Mississippi","Madison County",2,6,1428,706,722
050,28,089,"Mississippi","Madison County",2,7,1406,704,702
050,28,089,"Mississippi","Madison County",2,8,1482,753,729
050,28,089,"Mississippi","Madison County",2,9,1499,764,735
050,28,089,"Mississippi","Madison County",2,10,1536,793,743
050,28,089,"Mississippi","Madison County",2,11,1619,823,796
050,28,089,"Mississippi","Madison County",2,12,1680,865,815
050,28,089,"Mississippi","Madison County",2,13,1770,925,845
050,28,089,"Mississippi","Madison County",2,14,1687,863,824
050,28,089,"Mississippi","Madison County",2,15,1622,832,790
050,28,089,"Mississippi","Madison County",2,16,1626,853,773
050,28,089,"Mississippi","Madison County",2,17,1622,828,794
050,28,089,"Mississippi","Madison County",2,18,1435,722,713
050,28,089,"Mississippi","Madison County",2,19,1274,629,645
050,28,089,"Mississippi","Madison County",2,20,1291,639,652
050,28,089,"Mississippi","Madison County",2,21,1299,629,670
050,28,089,"Mississippi","Madison County",2,22,1250,618,632
050,28,089,"Mississippi","Madison County",2,23,1281,627,654
050,28,089,"Mississippi","Madison County",2,24,1294,621,673
050,28,089,"Mississippi","Madison County",2,25,1311,622,689
050,28,089,"Mississippi","Madison County",2,26,1299,626,673
050,28,089,"Mississippi","Madison County",2,27,1307,634,673
050,28,089,"Mississippi","Madison County",2,28,1376,693,683
050,28,089,"Mississippi","Madison County",2,29,1368,663,705
050,28,089,"Mississippi","Madison County",2,30,1347,633,714
050,28,089,"Mississippi","Madison County",2,31,1364,650,714
050,28,089,"Mississippi","Madison County",2,32,1345,623,722
050,28,089,"Mississippi","Madison County",2,33,1346,635,711
050,28,089,"Mississippi","Madison County",2,34,1419,667,752
050,28,089,"Mississippi","Madison County",2,35,1440,660,780
050,28,089,"Mississippi","Madison County",2,36,1421,645,776
050,28,089,"Mississippi","Madison County",2,37,1494,694,800
050,28,089,"Mississippi","Madison County",2,38,1541,721,820
050,28,089,"Mississippi","Madison County",2,39,1541,741,800
050,28,089,"Mississippi","Madison County",2,40,1589,791,798
050,28,089,"Mississippi","Madison County",2,41,1535,730,805
050,28,089,"Mississippi","Madison County",2,42,1470,686,784
050,28,089,"Mississippi","Madison County",2,43,1468,717,751
050,28,089,"Mississippi","Madison County",2,44,1411,686,725
050,28,089,"Mississippi","Madison County",2,45,1422,665,757
050,28,089,"Mississippi","Madison County",2,46,1367,648,719
050,28,089,"Mississippi","Madison County",2,47,1371,662,709
050,28,089,"Mississippi","Madison County",2,48,1424,664,760
050,28,089,"Mississippi","Madison County",2,49,1580,743,837
050,28,089,"Mississippi","Madison County",2,50,1564,767,797
050,28,089,"Mississippi","Madison County",2,51,1470,729,741
050,28,089,"Mississippi","Madison County",2,52,1385,673,712
050,28,089,"Mississippi","Madison County",2,53,1337,637,700
050,28,089,"Mississippi","Madison County",2,54,1392,678,714
050,28,089,"Mississippi","Madison County",2,55,1462,720,742
050,28,089,"Mississippi","Madison County",2,56,1492,737,755
050,28,089,"Mississippi","Madison County",2,57,1520,734,786
050,28,089,"Mississippi","Madison County",2,58,1559,759,800
050,28,089,"Mississippi","Madison County",2,59,1542,731,811
050,28,089,"Mississippi","Madison County",2,60,1478,688,790
050,28,089,"Mississippi","Madison County",2,61,1417,670,747
050,28,089,"Mississippi","Madison County",2,62,1369,648,721
050,28,089,"Mississippi","Madison County",2,63,1341,634,707
050,28,089,"Mississippi","Madison County",2,64,1302,625,677
050,28,089,"Mississippi","Madison County",2,65,1329,632,697
050,28,089,"Mississippi","Madison County",2,66,1222,584,638
050,28,089,"Mississippi","Madison County",2,67,1144,556,588
050,28,089,"Mississippi","Madison County",2,68,1110,508,602
050,28,089,"Mississippi","Madison County",2,69,1037,467,570
050,28,089,"Mississippi","Madison County",2,70,983,449,534
050,28,089,"Mississippi","Madison County",2,71,942,437,505
050,28,089,"Mississippi","Madison County",2,72,875,416,459
050,28,089,"Mississippi","Madison County",2,73,893,428,465
050,28,089,"Mississippi","Madison County",2,74,602,290,312
050,28,089,"Mississippi","Madison County",2,75,569,278,291
050,28,089,"Mississippi","Madison County",2,76,539,251,288
050,28,089,"Mississippi","Madison County",2,77,512,212,300
050,28,089,"Mississippi","Madison County",2,78,413,170,243
050,28,089,"Mississippi","Madison County",2,79,381,165,216
050,28,089,"Mississippi","Madison County",2,80,377,156,221
050,28,089,"Mississippi","Madison County",2,81,341,124,217
050,28,089,"Mississippi","Madison County",2,82,338,121,217
050,28,089,"Mississippi","Madison County",2,83,291,97,194
050,28,089,"Mississippi","Madison County",2,84,245,87,158
050,28,089,"Mississippi","Madison County",2,85,1658,412,1246
050,28,089,"Mississippi","Madison County",3,0,1253,645,608
050,28,089,"Mississippi","Madison County",3,1,1341,691,650
050,28,089,"Mississippi","Madison County",3,2,1392,720,672
050,28,089,"Mississippi","Madison County",3,3,1361,691,670
050,28,089,"Mississippi","Madison County",3,4,1372,689,683
050,28,089,"Mississippi","Madison County",3,5,1351,677,674
050,28,089,"Mississippi","Madison County",3,6,1428,725,703
050,28,089,"Mississippi","Madison County",3,7,1468,739,729
050,28,089,"Mississippi","Madison County",3,8,1425,730,695
050,28,089,"Mississippi","Madison County",3,9,1486,747,739
050,28,089,"Mississippi","Madison County",3,10,1492,766,726
050,28,089,"Mississippi","Madison County",3,11,1549,802,747
050,28,089,"Mississippi","Madison County",3,12,1638,831,807
050,28,089,"Mississippi","Madison County",3,13,1685,861,824
050,28,089,"Mississippi","Madison County",3,14,1755,923,832
050,28,089,"Mississippi","Madison County",3,15,1701,880,821
050,28,089,"Mississippi","Madison County",3,16,1622,823,799
050,28,089,"Mississippi","Madison County",3,17,1595,837,758
050,28,089,"Mississippi","Madison County",3,18,1467,764,703
050,28,089,"Mississippi","Madison County",3,19,1280,627,653
050,28,089,"Mississippi","Madison County",3,20,1278,632,646
050,28,089,"Mississippi","Madison County",3,21,1371,670,701
050,28,089,"Mississippi","Madison County",3,22,1341,620,721
050,28,089,"Mississippi","Madison County",3,23,1275,630,645
050,28,089,"Mississippi","Madison County",3,24,1279,609,670
050,28,089,"Mississippi","Madison County",3,25,1258,609,649
050,28,089,"Mississippi","Madison County",3,26,1338,623,715
050,28,089,"Mississippi","Madison County",3,27,1313,631,682
050,28,089,"Mississippi","Madison County",3,28,1341,640,701
050,28,089,"Mississippi","Madison County",3,29,1389,681,708
050,28,089,"Mississippi","Madison County",3,30,1363,659,704
050,28,089,"Mississippi","Madison County",3,31,1371,646,725
050,28,089,"Mississippi","Madison County",3,32,1410,662,748
050,28,089,"Mississippi","Madison County",3,33,1374,650,724
050,28,089,"Mississippi","Madison County",3,34,1406,657,749
050,28,089,"Mississippi","Madison County",3,35,1436,676,760
050,28,089,"Mississippi","Madison County",3,36,1420,651,769
050,28,089,"Mississippi","Madison County",3,37,1443,646,797
050,28,089,"Mississippi","Madison County",3,38,1514,718,796
050,28,089,"Mississippi","Madison County",3,39,1576,741,835
050,28,089,"Mississippi","Madison County",3,40,1537,746,791
050,28,089,"Mississippi","Madison County",3,41,1614,809,805
050,28,089,"Mississippi","Madison County",3,42,1545,731,814
050,28,089,"Mississippi","Madison County",3,43,1513,723,790
050,28,089,"Mississippi","Madison County",3,44,1461,702,759
050,28,089,"Mississippi","Madison County",3,45,1430,686,744
050,28,089,"Mississippi","Madison County",3,46,1432,675,757
050,28,089,"Mississippi","Madison County",3,47,1379,663,716
050,28,089,"Mississippi","Madison County",3,48,1361,659,702
050,28,089,"Mississippi","Madison County",3,49,1409,673,736
050,28,089,"Mississippi","Madison County",3,50,1595,743,852
050,28,089,"Mississippi","Madison County",3,51,1576,759,817
050,28,089,"Mississippi","Madison County",3,52,1489,745,744
050,28,089,"Mississippi","Madison County",3,53,1353,670,683
050,28,089,"Mississippi","Madison County",3,54,1309,621,688
050,28,089,"Mississippi","Madison County",3,55,1366,669,697
050,28,089,"Mississippi","Madison County",3,56,1468,736,732
050,28,089,"Mississippi","Madison County",3,57,1470,720,750
050,28,089,"Mississippi","Madison County",3,58,1523,719,804
050,28,089,"Mississippi","Madison County",3,59,1539,744,795
050,28,089,"Mississippi","Madison County",3,60,1530,732,798
050,28,089,"Mississippi","Madison County",3,61,1487,687,800
050,28,089,"Mississippi","Madison County",3,62,1398,655,743
050,28,089,"Mississippi","Madison County",3,63,1363,644,719
050,28,089,"Mississippi","Madison County",3,64,1332,637,695
050,28,089,"Mississippi","Madison County",3,65,1292,614,678
050,28,089,"Mississippi","Madison County",3,66,1316,628,688
050,28,089,"Mississippi","Madison County",3,67,1178,569,609
050,28,089,"Mississippi","Madison County",3,68,1133,544,589
050,28,089,"Mississippi","Madison County",3,69,1081,501,580
050,28,089,"Mississippi","Madison County",3,70,990,444,546
050,28,089,"Mississippi","Madison County",3,71,965,438,527
050,28,089,"Mississippi","Madison County",3,72,904,410,494
050,28,089,"Mississippi","Madison County",3,73,847,405,442
050,28,089,"Mississippi","Madison County",3,74,858,420,438
050,28,089,"Mississippi","Madison County",3,75,586,275,311
050,28,089,"Mississippi","Madison County",3,76,529,254,275
050,28,089,"Mississippi","Madison County",3,77,539,234,305
050,28,089,"Mississippi","Madison County",3,78,478,206,272
050,28,089,"Mississippi","Madison County",3,79,407,169,238
050,28,089,"Mississippi","Madison County",3,80,365,149,216
050,28,089,"Mississippi","Madison County",3,81,332,132,200
050,28,089,"Mississippi","Madison County",3,82,340,127,213
050,28,089,"Mississippi","Madison County",3,83,314,107,207
050,28,089,"Mississippi","Madison County",3,84,267,89,178
050,28,089,"Mississippi","Madison County",3,85,1634,401,1233
050,28,089,"Mississippi","Madison County",4,0,1250,629,621
050,28,089,"Mississippi","Madison County",4,1,1303,670,633
050,28,089,"Mississippi","Madison County",4,2,1395,710,685
050,28,089,"Mississippi","Madison County",4,3,1437,741,696
050,28,089,"Mississippi","Madison County",4,4,1372,692,680
050,28,089,"Mississippi","Madison County",4,5,1394,706,688
050,28,089,"Mississippi","Madison County",4,6,1370,682,688
050,28,089,"Mississippi","Madison County",4,7,1486,780,706
050,28,089,"Mississippi","Madison County",4,8,1489,738,751
050,28,089,"Mississippi","Madison County",4,9,1450,731,719
050,28,089,"Mississippi","Madison County",4,10,1522,772,750
050,28,089,"Mississippi","Madison County",4,11,1535,792,743
050,28,089,"Mississippi","Madison County",4,12,1575,810,765
050,28,089,"Mississippi","Madison County",4,13,1657,839,818
050,28,089,"Mississippi","Madison County",4,14,1720,876,844
050,28,089,"Mississippi","Madison County",4,15,1787,935,852
050,28,089,"Mississippi","Madison County",4,16,1684,864,820
050,28,089,"Mississippi","Madison County",4,17,1623,822,801
050,28,089,"Mississippi","Madison County",4,18,1403,740,663
050,28,089,"Mississippi","Madison County",4,19,1282,650,632
050,28,089,"Mississippi","Madison County",4,20,1285,631,654
050,28,089,"Mississippi","Madison County",4,21,1341,647,694
050,28,089,"Mississippi","Madison County",4,22,1421,673,748
050,28,089,"Mississippi","Madison County",4,23,1322,621,701
050,28,089,"Mississippi","Madison County",4,24,1289,629,660
050,28,089,"Mississippi","Madison County",4,25,1271,615,656
050,28,089,"Mississippi","Madison County",4,26,1260,595,665
050,28,089,"Mississippi","Madison County",4,27,1366,636,730
050,28,089,"Mississippi","Madison County",4,28,1342,669,673
050,28,089,"Mississippi","Madison County",4,29,1368,639,729
050,28,089,"Mississippi","Madison County",4,30,1390,660,730
050,28,089,"Mississippi","Madison County",4,31,1353,651,702
050,28,089,"Mississippi","Madison County",4,32,1375,642,733
050,28,089,"Mississippi","Madison County",4,33,1454,679,775
050,28,089,"Mississippi","Madison County",4,34,1406,666,740
050,28,089,"Mississippi","Madison County",4,35,1404,648,756
050,28,089,"Mississippi","Madison County",4,36,1453,682,771
050,28,089,"Mississippi","Madison County",4,37,1430,661,769
050,28,089,"Mississippi","Madison County",4,38,1458,651,807
050,28,089,"Mississippi","Madison County",4,39,1570,749,821
050,28,089,"Mississippi","Madison County",4,40,1605,757,848
050,28,089,"Mississippi","Madison County",4,41,1553,750,803
050,28,089,"Mississippi","Madison County",4,42,1643,803,840
050,28,089,"Mississippi","Madison County",4,43,1543,745,798
050,28,089,"Mississippi","Madison County",4,44,1501,706,795
050,28,089,"Mississippi","Madison County",4,45,1472,709,763
050,28,089,"Mississippi","Madison County",4,46,1431,689,742
050,28,089,"Mississippi","Madison County",4,47,1439,679,760
050,28,089,"Mississippi","Madison County",4,48,1392,650,742
050,28,089,"Mississippi","Madison County",4,49,1376,663,713
050,28,089,"Mississippi","Madison County",4,50,1413,682,731
050,28,089,"Mississippi","Madison County",4,51,1608,745,863
050,28,089,"Mississippi","Madison County",4,52,1580,762,818
050,28,089,"Mississippi","Madison County",4,53,1480,746,734
050,28,089,"Mississippi","Madison County",4,54,1375,677,698
050,28,089,"Mississippi","Madison County",4,55,1305,615,690
050,28,089,"Mississippi","Madison County",4,56,1378,694,684
050,28,089,"Mississippi","Madison County",4,57,1481,734,747
050,28,089,"Mississippi","Madison County",4,58,1496,735,761
050,28,089,"Mississippi","Madison County",4,59,1486,691,795
050,28,089,"Mississippi","Madison County",4,60,1547,741,806
050,28,089,"Mississippi","Madison County",4,61,1532,738,794
050,28,089,"Mississippi","Madison County",4,62,1446,673,773
050,28,089,"Mississippi","Madison County",4,63,1391,637,754
050,28,089,"Mississippi","Madison County",4,64,1352,642,710
050,28,089,"Mississippi","Madison County",4,65,1300,603,697
050,28,089,"Mississippi","Madison County",4,66,1264,604,660
050,28,089,"Mississippi","Madison County",4,67,1291,612,679
050,28,089,"Mississippi","Madison County",4,68,1146,545,601
050,28,089,"Mississippi","Madison County",4,69,1110,547,563
050,28,089,"Mississippi","Madison County",4,70,1058,492,566
050,28,089,"Mississippi","Madison County",4,71,983,438,545
050,28,089,"Mississippi","Madison County",4,72,942,421,521
050,28,089,"Mississippi","Madison County",4,73,895,405,490
050,28,089,"Mississippi","Madison County",4,74,824,388,436
050,28,089,"Mississippi","Madison County",4,75,836,404,432
050,28,089,"Mississippi","Madison County",4,76,562,251,311
050,28,089,"Mississippi","Madison County",4,77,539,237,302
050,28,089,"Mississippi","Madison County",4,78,524,241,283
050,28,089,"Mississippi","Madison County",4,79,470,203,267
050,28,089,"Mississippi","Madison County",4,80,398,153,245
050,28,089,"Mississippi","Madison County",4,81,328,125,203
050,28,089,"Mississippi","Madison County",4,82,335,130,205
050,28,089,"Mississippi","Madison County",4,83,330,125,205
050,28,089,"Mississippi","Madison County",4,84,308,104,204
050,28,089,"Mississippi","Madison County",4,85,1711,408,1303
050,28,089,"Mississippi","Madison County",5,0,1274,636,638
050,28,089,"Mississippi","Madison County",5,1,1277,649,628
050,28,089,"Mississippi","Madison County",5,2,1340,684,656
050,28,089,"Mississippi","Madison County",5,3,1380,714,666
050,28,089,"Mississippi","Madison County",5,4,1443,754,689
050,28,089,"Mississippi","Madison County",5,5,1380,688,692
050,28,089,"Mississippi","Madison County",5,6,1422,711,711
050,28,089,"Mississippi","Madison County",5,7,1369,689,680
050,28,089,"Mississippi","Madison County",5,8,1515,797,718
050,28,089,"Mississippi","Madison County",5,9,1522,753,769
050,28,089,"Mississippi","Madison County",5,10,1449,721,728
050,28,089,"Mississippi","Madison County",5,11,1535,788,747
050,28,089,"Mississippi","Madison County",5,12,1542,794,748
050,28,089,"Mississippi","Madison County",5,13,1582,823,759
050,28,089,"Mississippi","Madison County",5,14,1655,843,812
050,28,089,"Mississippi","Madison County",5,15,1726,875,851
050,28,089,"Mississippi","Madison County",5,16,1780,924,856
050,28,089,"Mississippi","Madison County",5,17,1687,872,815
050,28,089,"Mississippi","Madison County",5,18,1434,736,698
050,28,089,"Mississippi","Madison County",5,19,1258,662,596
050,28,089,"Mississippi","Madison County",5,20,1326,672,654
050,28,089,"Mississippi","Madison County",5,21,1375,668,707
050,28,089,"Mississippi","Madison County",5,22,1383,669,714
050,28,089,"Mississippi","Madison County",5,23,1460,682,778
050,28,089,"Mississippi","Madison County",5,24,1293,615,678
050,28,089,"Mississippi","Madison County",5,25,1299,609,690
050,28,089,"Mississippi","Madison County",5,26,1288,612,676
050,28,089,"Mississippi","Madison County",5,27,1275,600,675
050,28,089,"Mississippi","Madison County",5,28,1366,626,740
050,28,089,"Mississippi","Madison County",5,29,1326,635,691
050,28,089,"Mississippi","Madison County",5,30,1397,660,737
050,28,089,"Mississippi","Madison County",5,31,1421,664,757
050,28,089,"Mississippi","Madison County",5,32,1377,656,721
050,28,089,"Mississippi","Madison County",5,33,1380,627,753
050,28,089,"Mississippi","Madison County",5,34,1471,699,772
050,28,089,"Mississippi","Madison County",5,35,1405,665,740
050,28,089,"Mississippi","Madison County",5,36,1443,671,772
050,28,089,"Mississippi","Madison County",5,37,1496,695,801
050,28,089,"Mississippi","Madison County",5,38,1425,661,764
050,28,089,"Mississippi","Madison County",5,39,1480,658,822
050,28,089,"Mississippi","Madison County",5,40,1592,747,845
050,28,089,"Mississippi","Madison County",5,41,1628,758,870
050,28,089,"Mississippi","Madison County",5,42,1555,749,806
050,28,089,"Mississippi","Madison County",5,43,1637,787,850
050,28,089,"Mississippi","Madison County",5,44,1530,728,802
050,28,089,"Mississippi","Madison County",5,45,1529,721,808
050,28,089,"Mississippi","Madison County",5,46,1514,741,773
050,28,089,"Mississippi","Madison County",5,47,1424,681,743
050,28,089,"Mississippi","Madison County",5,48,1441,670,771
050,28,089,"Mississippi","Madison County",5,49,1387,655,732
050,28,089,"Mississippi","Madison County",5,50,1393,673,720
050,28,089,"Mississippi","Madison County",5,51,1431,679,752
050,28,089,"Mississippi","Madison County",5,52,1588,730,858
050,28,089,"Mississippi","Madison County",5,53,1594,771,823
050,28,089,"Mississippi","Madison County",5,54,1507,752,755
050,28,089,"Mississippi","Madison County",5,55,1375,670,705
050,28,089,"Mississippi","Madison County",5,56,1309,613,696
050,28,089,"Mississippi","Madison County",5,57,1389,695,694
050,28,089,"Mississippi","Madison County",5,58,1534,763,771
050,28,089,"Mississippi","Madison County",5,59,1491,729,762
050,28,089,"Mississippi","Madison County",5,60,1503,688,815
050,28,089,"Mississippi","Madison County",5,61,1584,778,806
050,28,089,"Mississippi","Madison County",5,62,1511,727,784
050,28,089,"Mississippi","Madison County",5,63,1442,666,776
050,28,089,"Mississippi","Madison County",5,64,1389,635,754
050,28,089,"Mississippi","Madison County",5,65,1352,630,722
050,28,089,"Mississippi","Madison County",5,66,1271,592,679
050,28,089,"Mississippi","Madison County",5,67,1237,588,649
050,28,089,"Mississippi","Madison County",5,68,1272,606,666
050,28,089,"Mississippi","Madison County",5,69,1126,553,573
050,28,089,"Mississippi","Madison County",5,70,1106,548,558
050,28,089,"Mississippi","Madison County",5,71,1055,493,562
050,28,089,"Mississippi","Madison County",5,72,955,410,545
050,28,089,"Mississippi","Madison County",5,73,927,407,520
050,28,089,"Mississippi","Madison County",5,74,875,399,476
050,28,089,"Mississippi","Madison County",5,75,802,382,420
050,28,089,"Mississippi","Madison County",5,76,797,376,421
050,28,089,"Mississippi","Madison County",5,77,563,233,330
050,28,089,"Mississippi","Madison County",5,78,518,244,274
050,28,089,"Mississippi","Madison County",5,79,518,242,276
050,28,089,"Mississippi","Madison County",5,80,451,181,270
050,28,089,"Mississippi","Madison County",5,81,363,128,235
050,28,089,"Mississippi","Madison County",5,82,324,124,200
050,28,089,"Mississippi","Madison County",5,83,324,121,203
050,28,089,"Mississippi","Madison County",5,84,312,113,199
050,28,089,"Mississippi","Madison County",5,85,1830,454,1376
050,28,091,"Mississippi","Marion County",1,0,290,147,143
050,28,091,"Mississippi","Marion County",1,1,281,141,140
050,28,091,"Mississippi","Marion County",1,2,279,144,135
050,28,091,"Mississippi","Marion County",1,3,303,155,148
050,28,091,"Mississippi","Marion County",1,4,290,142,148
050,28,091,"Mississippi","Marion County",1,5,279,160,119
050,28,091,"Mississippi","Marion County",1,6,298,151,147
050,28,091,"Mississippi","Marion County",1,7,297,137,160
050,28,091,"Mississippi","Marion County",1,8,297,150,147
050,28,091,"Mississippi","Marion County",1,9,336,171,165
050,28,091,"Mississippi","Marion County",1,10,341,169,172
050,28,091,"Mississippi","Marion County",1,11,363,174,189
050,28,091,"Mississippi","Marion County",1,12,359,172,187
050,28,091,"Mississippi","Marion County",1,13,360,170,190
050,28,091,"Mississippi","Marion County",1,14,329,165,164
050,28,091,"Mississippi","Marion County",1,15,359,182,177
050,28,091,"Mississippi","Marion County",1,16,370,187,183
050,28,091,"Mississippi","Marion County",1,17,355,184,171
050,28,091,"Mississippi","Marion County",1,18,259,140,119
050,28,091,"Mississippi","Marion County",1,19,227,124,103
050,28,091,"Mississippi","Marion County",1,20,247,127,120
050,28,091,"Mississippi","Marion County",1,21,246,121,125
050,28,091,"Mississippi","Marion County",1,22,293,138,155
050,28,091,"Mississippi","Marion County",1,23,295,151,144
050,28,091,"Mississippi","Marion County",1,24,306,156,150
050,28,091,"Mississippi","Marion County",1,25,302,144,158
050,28,091,"Mississippi","Marion County",1,26,281,142,139
050,28,091,"Mississippi","Marion County",1,27,281,144,137
050,28,091,"Mississippi","Marion County",1,28,297,144,153
050,28,091,"Mississippi","Marion County",1,29,285,132,153
050,28,091,"Mississippi","Marion County",1,30,309,152,157
050,28,091,"Mississippi","Marion County",1,31,288,147,141
050,28,091,"Mississippi","Marion County",1,32,281,148,133
050,28,091,"Mississippi","Marion County",1,33,281,152,129
050,28,091,"Mississippi","Marion County",1,34,308,155,153
050,28,091,"Mississippi","Marion County",1,35,309,162,147
050,28,091,"Mississippi","Marion County",1,36,296,150,146
050,28,091,"Mississippi","Marion County",1,37,327,161,166
050,28,091,"Mississippi","Marion County",1,38,340,163,177
050,28,091,"Mississippi","Marion County",1,39,324,166,158
050,28,091,"Mississippi","Marion County",1,40,321,154,167
050,28,091,"Mississippi","Marion County",1,41,294,153,141
050,28,091,"Mississippi","Marion County",1,42,309,155,154
050,28,091,"Mississippi","Marion County",1,43,290,147,143
050,28,091,"Mississippi","Marion County",1,44,290,142,148
050,28,091,"Mississippi","Marion County",1,45,289,158,131
050,28,091,"Mississippi","Marion County",1,46,264,124,140
050,28,091,"Mississippi","Marion County",1,47,304,154,150
050,28,091,"Mississippi","Marion County",1,48,316,155,161
050,28,091,"Mississippi","Marion County",1,49,313,156,157
050,28,091,"Mississippi","Marion County",1,50,303,151,152
050,28,091,"Mississippi","Marion County",1,51,287,141,146
050,28,091,"Mississippi","Marion County",1,52,289,144,145
050,28,091,"Mississippi","Marion County",1,53,279,132,147
050,28,091,"Mississippi","Marion County",1,54,287,131,156
050,28,091,"Mississippi","Marion County",1,55,315,153,162
050,28,091,"Mississippi","Marion County",1,56,346,175,171
050,28,091,"Mississippi","Marion County",1,57,348,170,178
050,28,091,"Mississippi","Marion County",1,58,360,169,191
050,28,091,"Mississippi","Marion County",1,59,346,170,176
050,28,091,"Mississippi","Marion County",1,60,329,162,167
050,28,091,"Mississippi","Marion County",1,61,316,156,160
050,28,091,"Mississippi","Marion County",1,62,336,161,175
050,28,091,"Mississippi","Marion County",1,63,311,142,169
050,28,091,"Mississippi","Marion County",1,64,291,141,150
050,28,091,"Mississippi","Marion County",1,65,303,146,157
050,28,091,"Mississippi","Marion County",1,66,306,148,158
050,28,091,"Mississippi","Marion County",1,67,286,143,143
050,28,091,"Mississippi","Marion County",1,68,303,150,153
050,28,091,"Mississippi","Marion County",1,69,296,138,158
050,28,091,"Mississippi","Marion County",1,70,240,105,135
050,28,091,"Mississippi","Marion County",1,71,244,109,135
050,28,091,"Mississippi","Marion County",1,72,266,108,158
050,28,091,"Mississippi","Marion County",1,73,289,134,155
050,28,091,"Mississippi","Marion County",1,74,178,86,92
050,28,091,"Mississippi","Marion County",1,75,171,78,93
050,28,091,"Mississippi","Marion County",1,76,163,66,97
050,28,091,"Mississippi","Marion County",1,77,169,70,99
050,28,091,"Mississippi","Marion County",1,78,130,54,76
050,28,091,"Mississippi","Marion County",1,79,124,52,72
050,28,091,"Mississippi","Marion County",1,80,109,48,61
050,28,091,"Mississippi","Marion County",1,81,109,41,68
050,28,091,"Mississippi","Marion County",1,82,111,38,73
050,28,091,"Mississippi","Marion County",1,83,94,36,58
050,28,091,"Mississippi","Marion County",1,84,99,51,48
050,28,091,"Mississippi","Marion County",1,85,548,193,355
050,28,091,"Mississippi","Marion County",2,0,274,133,141
050,28,091,"Mississippi","Marion County",2,1,281,142,139
050,28,091,"Mississippi","Marion County",2,2,280,143,137
050,28,091,"Mississippi","Marion County",2,3,295,150,145
050,28,091,"Mississippi","Marion County",2,4,293,145,148
050,28,091,"Mississippi","Marion County",2,5,284,157,127
050,28,091,"Mississippi","Marion County",2,6,295,154,141
050,28,091,"Mississippi","Marion County",2,7,296,140,156
050,28,091,"Mississippi","Marion County",2,8,294,147,147
050,28,091,"Mississippi","Marion County",2,9,325,166,159
050,28,091,"Mississippi","Marion County",2,10,338,168,170
050,28,091,"Mississippi","Marion County",2,11,360,174,186
050,28,091,"Mississippi","Marion County",2,12,362,173,189
050,28,091,"Mississippi","Marion County",2,13,360,170,190
050,28,091,"Mississippi","Marion County",2,14,336,165,171
050,28,091,"Mississippi","Marion County",2,15,355,179,176
050,28,091,"Mississippi","Marion County",2,16,368,188,180
050,28,091,"Mississippi","Marion County",2,17,360,185,175
050,28,091,"Mississippi","Marion County",2,18,269,144,125
050,28,091,"Mississippi","Marion County",2,19,227,123,104
050,28,091,"Mississippi","Marion County",2,20,245,127,118
050,28,091,"Mississippi","Marion County",2,21,248,123,125
050,28,091,"Mississippi","Marion County",2,22,288,138,150
050,28,091,"Mississippi","Marion County",2,23,299,150,149
050,28,091,"Mississippi","Marion County",2,24,304,154,150
050,28,091,"Mississippi","Marion County",2,25,302,147,155
050,28,091,"Mississippi","Marion County",2,26,285,142,143
050,28,091,"Mississippi","Marion County",2,27,285,145,140
050,28,091,"Mississippi","Marion County",2,28,290,144,146
050,28,091,"Mississippi","Marion County",2,29,287,134,153
050,28,091,"Mississippi","Marion County",2,30,301,148,153
050,28,091,"Mississippi","Marion County",2,31,289,146,143
050,28,091,"Mississippi","Marion County",2,32,283,149,134
050,28,091,"Mississippi","Marion County",2,33,280,150,130
050,28,091,"Mississippi","Marion County",2,34,301,155,146
050,28,091,"Mississippi","Marion County",2,35,311,162,149
050,28,091,"Mississippi","Marion County",2,36,299,154,145
050,28,091,"Mississippi","Marion County",2,37,318,156,162
050,28,091,"Mississippi","Marion County",2,38,341,165,176
050,28,091,"Mississippi","Marion County",2,39,323,163,160
050,28,091,"Mississippi","Marion County",2,40,323,158,165
050,28,091,"Mississippi","Marion County",2,41,298,154,144
050,28,091,"Mississippi","Marion County",2,42,304,153,151
050,28,091,"Mississippi","Marion County",2,43,296,148,148
050,28,091,"Mississippi","Marion County",2,44,285,141,144
050,28,091,"Mississippi","Marion County",2,45,288,155,133
050,28,091,"Mississippi","Marion County",2,46,268,131,137
050,28,091,"Mississippi","Marion County",2,47,295,146,149
050,28,091,"Mississippi","Marion County",2,48,310,152,158
050,28,091,"Mississippi","Marion County",2,49,317,157,160
050,28,091,"Mississippi","Marion County",2,50,306,152,154
050,28,091,"Mississippi","Marion County",2,51,287,143,144
050,28,091,"Mississippi","Marion County",2,52,287,142,145
050,28,091,"Mississippi","Marion County",2,53,282,134,148
050,28,091,"Mississippi","Marion County",2,54,281,129,152
050,28,091,"Mississippi","Marion County",2,55,311,150,161
050,28,091,"Mississippi","Marion County",2,56,339,170,169
050,28,091,"Mississippi","Marion County",2,57,350,172,178
050,28,091,"Mississippi","Marion County",2,58,356,168,188
050,28,091,"Mississippi","Marion County",2,59,351,171,180
050,28,091,"Mississippi","Marion County",2,60,333,164,169
050,28,091,"Mississippi","Marion County",2,61,317,156,161
050,28,091,"Mississippi","Marion County",2,62,326,158,168
050,28,091,"Mississippi","Marion County",2,63,316,145,171
050,28,091,"Mississippi","Marion County",2,64,292,139,153
050,28,091,"Mississippi","Marion County",2,65,300,144,156
050,28,091,"Mississippi","Marion County",2,66,303,147,156
050,28,091,"Mississippi","Marion County",2,67,288,143,145
050,28,091,"Mississippi","Marion County",2,68,295,145,150
050,28,091,"Mississippi","Marion County",2,69,298,141,157
050,28,091,"Mississippi","Marion County",2,70,248,112,136
050,28,091,"Mississippi","Marion County",2,71,240,104,136
050,28,091,"Mississippi","Marion County",2,72,254,104,150
050,28,091,"Mississippi","Marion County",2,73,296,134,162
050,28,091,"Mississippi","Marion County",2,74,191,91,100
050,28,091,"Mississippi","Marion County",2,75,173,81,92
050,28,091,"Mississippi","Marion County",2,76,158,67,91
050,28,091,"Mississippi","Marion County",2,77,171,69,102
050,28,091,"Mississippi","Marion County",2,78,136,56,80
050,28,091,"Mississippi","Marion County",2,79,124,52,72
050,28,091,"Mississippi","Marion County",2,80,109,47,62
050,28,091,"Mississippi","Marion County",2,81,107,42,65
050,28,091,"Mississippi","Marion County",2,82,105,37,68
050,28,091,"Mississippi","Marion County",2,83,95,35,60
050,28,091,"Mississippi","Marion County",2,84,94,46,48
050,28,091,"Mississippi","Marion County",2,85,541,196,345
050,28,091,"Mississippi","Marion County",3,0,250,118,132
050,28,091,"Mississippi","Marion County",3,1,272,128,144
050,28,091,"Mississippi","Marion County",3,2,288,144,144
050,28,091,"Mississippi","Marion County",3,3,286,149,137
050,28,091,"Mississippi","Marion County",3,4,293,157,136
050,28,091,"Mississippi","Marion County",3,5,294,151,143
050,28,091,"Mississippi","Marion County",3,6,287,157,130
050,28,091,"Mississippi","Marion County",3,7,291,156,135
050,28,091,"Mississippi","Marion County",3,8,306,139,167
050,28,091,"Mississippi","Marion County",3,9,314,156,158
050,28,091,"Mississippi","Marion County",3,10,328,168,160
050,28,091,"Mississippi","Marion County",3,11,346,170,176
050,28,091,"Mississippi","Marion County",3,12,349,172,177
050,28,091,"Mississippi","Marion County",3,13,366,178,188
050,28,091,"Mississippi","Marion County",3,14,358,169,189
050,28,091,"Mississippi","Marion County",3,15,337,167,170
050,28,091,"Mississippi","Marion County",3,16,349,172,177
050,28,091,"Mississippi","Marion County",3,17,363,183,180
050,28,091,"Mississippi","Marion County",3,18,310,166,144
050,28,091,"Mississippi","Marion County",3,19,234,131,103
050,28,091,"Mississippi","Marion County",3,20,239,122,117
050,28,091,"Mississippi","Marion County",3,21,255,129,126
050,28,091,"Mississippi","Marion County",3,22,265,135,130
050,28,091,"Mississippi","Marion County",3,23,291,133,158
050,28,091,"Mississippi","Marion County",3,24,294,147,147
050,28,091,"Mississippi","Marion County",3,25,296,151,145
050,28,091,"Mississippi","Marion County",3,26,307,144,163
050,28,091,"Mississippi","Marion County",3,27,301,150,151
050,28,091,"Mississippi","Marion County",3,28,271,138,133
050,28,091,"Mississippi","Marion County",3,29,292,153,139
050,28,091,"Mississippi","Marion County",3,30,287,138,149
050,28,091,"Mississippi","Marion County",3,31,296,146,150
050,28,091,"Mississippi","Marion County",3,32,309,161,148
050,28,091,"Mississippi","Marion County",3,33,272,142,130
050,28,091,"Mississippi","Marion County",3,34,290,157,133
050,28,091,"Mississippi","Marion County",3,35,307,151,156
050,28,091,"Mississippi","Marion County",3,36,309,163,146
050,28,091,"Mississippi","Marion County",3,37,294,148,146
050,28,091,"Mississippi","Marion County",3,38,323,157,166
050,28,091,"Mississippi","Marion County",3,39,335,161,174
050,28,091,"Mississippi","Marion County",3,40,320,163,157
050,28,091,"Mississippi","Marion County",3,41,320,160,160
050,28,091,"Mississippi","Marion County",3,42,304,153,151
050,28,091,"Mississippi","Marion County",3,43,301,149,152
050,28,091,"Mississippi","Marion County",3,44,298,148,150
050,28,091,"Mississippi","Marion County",3,45,299,152,147
050,28,091,"Mississippi","Marion County",3,46,285,153,132
050,28,091,"Mississippi","Marion County",3,47,274,133,141
050,28,091,"Mississippi","Marion County",3,48,286,138,148
050,28,091,"Mississippi","Marion County",3,49,310,152,158
050,28,091,"Mississippi","Marion County",3,50,318,155,163
050,28,091,"Mississippi","Marion County",3,51,313,160,153
050,28,091,"Mississippi","Marion County",3,52,276,134,142
050,28,091,"Mississippi","Marion County",3,53,295,147,148
050,28,091,"Mississippi","Marion County",3,54,279,128,151
050,28,091,"Mississippi","Marion County",3,55,275,127,148
050,28,091,"Mississippi","Marion County",3,56,307,143,164
050,28,091,"Mississippi","Marion County",3,57,339,175,164
050,28,091,"Mississippi","Marion County",3,58,350,175,175
050,28,091,"Mississippi","Marion County",3,59,353,173,180
050,28,091,"Mississippi","Marion County",3,60,338,164,174
050,28,091,"Mississippi","Marion County",3,61,325,155,170
050,28,091,"Mississippi","Marion County",3,62,314,147,167
050,28,091,"Mississippi","Marion County",3,63,322,154,168
050,28,091,"Mississippi","Marion County",3,64,304,139,165
050,28,091,"Mississippi","Marion County",3,65,292,131,161
050,28,091,"Mississippi","Marion County",3,66,297,142,155
050,28,091,"Mississippi","Marion County",3,67,294,138,156
050,28,091,"Mississippi","Marion County",3,68,272,132,140
050,28,091,"Mississippi","Marion County",3,69,291,136,155
050,28,091,"Mississippi","Marion County",3,70,284,136,148
050,28,091,"Mississippi","Marion County",3,71,233,102,131
050,28,091,"Mississippi","Marion County",3,72,228,102,126
050,28,091,"Mississippi","Marion County",3,73,242,104,138
050,28,091,"Mississippi","Marion County",3,74,277,121,156
050,28,091,"Mississippi","Marion County",3,75,185,88,97
050,28,091,"Mississippi","Marion County",3,76,165,76,89
050,28,091,"Mississippi","Marion County",3,77,148,60,88
050,28,091,"Mississippi","Marion County",3,78,159,63,96
050,28,091,"Mississippi","Marion County",3,79,131,52,79
050,28,091,"Mississippi","Marion County",3,80,123,51,72
050,28,091,"Mississippi","Marion County",3,81,102,43,59
050,28,091,"Mississippi","Marion County",3,82,103,36,67
050,28,091,"Mississippi","Marion County",3,83,97,34,63
050,28,091,"Mississippi","Marion County",3,84,80,30,50
050,28,091,"Mississippi","Marion County",3,85,542,208,334
050,28,091,"Mississippi","Marion County",4,0,281,144,137
050,28,091,"Mississippi","Marion County",4,1,254,121,133
050,28,091,"Mississippi","Marion County",4,2,279,129,150
050,28,091,"Mississippi","Marion County",4,3,291,143,148
050,28,091,"Mississippi","Marion County",4,4,294,162,132
050,28,091,"Mississippi","Marion County",4,5,296,155,141
050,28,091,"Mississippi","Marion County",4,6,295,150,145
050,28,091,"Mississippi","Marion County",4,7,290,163,127
050,28,091,"Mississippi","Marion County",4,8,286,152,134
050,28,091,"Mississippi","Marion County",4,9,293,128,165
050,28,091,"Mississippi","Marion County",4,10,306,153,153
050,28,091,"Mississippi","Marion County",4,11,329,170,159
050,28,091,"Mississippi","Marion County",4,12,345,171,174
050,28,091,"Mississippi","Marion County",4,13,348,175,173
050,28,091,"Mississippi","Marion County",4,14,365,176,189
050,28,091,"Mississippi","Marion County",4,15,356,164,192
050,28,091,"Mississippi","Marion County",4,16,337,163,174
050,28,091,"Mississippi","Marion County",4,17,354,174,180
050,28,091,"Mississippi","Marion County",4,18,306,163,143
050,28,091,"Mississippi","Marion County",4,19,254,136,118
050,28,091,"Mississippi","Marion County",4,20,230,124,106
050,28,091,"Mississippi","Marion County",4,21,250,128,122
050,28,091,"Mississippi","Marion County",4,22,283,145,138
050,28,091,"Mississippi","Marion County",4,23,270,137,133
050,28,091,"Mississippi","Marion County",4,24,289,132,157
050,28,091,"Mississippi","Marion County",4,25,280,141,139
050,28,091,"Mississippi","Marion County",4,26,292,141,151
050,28,091,"Mississippi","Marion County",4,27,306,142,164
050,28,091,"Mississippi","Marion County",4,28,288,141,147
050,28,091,"Mississippi","Marion County",4,29,281,140,141
050,28,091,"Mississippi","Marion County",4,30,296,150,146
050,28,091,"Mississippi","Marion County",4,31,289,137,152
050,28,091,"Mississippi","Marion County",4,32,316,158,158
050,28,091,"Mississippi","Marion County",4,33,301,150,151
050,28,091,"Mississippi","Marion County",4,34,274,145,129
050,28,091,"Mississippi","Marion County",4,35,280,148,132
050,28,091,"Mississippi","Marion County",4,36,308,161,147
050,28,091,"Mississippi","Marion County",4,37,308,157,151
050,28,091,"Mississippi","Marion County",4,38,297,148,149
050,28,091,"Mississippi","Marion County",4,39,316,154,162
050,28,091,"Mississippi","Marion County",4,40,329,156,173
050,28,091,"Mississippi","Marion County",4,41,317,162,155
050,28,091,"Mississippi","Marion County",4,42,326,159,167
050,28,091,"Mississippi","Marion County",4,43,300,152,148
050,28,091,"Mississippi","Marion County",4,44,293,142,151
050,28,091,"Mississippi","Marion County",4,45,302,155,147
050,28,091,"Mississippi","Marion County",4,46,290,145,145
050,28,091,"Mississippi","Marion County",4,47,280,152,128
050,28,091,"Mississippi","Marion County",4,48,266,127,139
050,28,091,"Mississippi","Marion County",4,49,283,141,142
050,28,091,"Mississippi","Marion County",4,50,315,154,161
050,28,091,"Mississippi","Marion County",4,51,322,159,163
050,28,091,"Mississippi","Marion County",4,52,312,161,151
050,28,091,"Mississippi","Marion County",4,53,266,132,134
050,28,091,"Mississippi","Marion County",4,54,287,143,144
050,28,091,"Mississippi","Marion County",4,55,276,127,149
050,28,091,"Mississippi","Marion County",4,56,268,122,146
050,28,091,"Mississippi","Marion County",4,57,315,148,167
050,28,091,"Mississippi","Marion County",4,58,339,175,164
050,28,091,"Mississippi","Marion County",4,59,352,178,174
050,28,091,"Mississippi","Marion County",4,60,342,167,175
050,28,091,"Mississippi","Marion County",4,61,340,162,178
050,28,091,"Mississippi","Marion County",4,62,326,152,174
050,28,091,"Mississippi","Marion County",4,63,300,144,156
050,28,091,"Mississippi","Marion County",4,64,319,154,165
050,28,091,"Mississippi","Marion County",4,65,294,131,163
050,28,091,"Mississippi","Marion County",4,66,276,124,152
050,28,091,"Mississippi","Marion County",4,67,293,140,153
050,28,091,"Mississippi","Marion County",4,68,284,131,153
050,28,091,"Mississippi","Marion County",4,69,269,128,141
050,28,091,"Mississippi","Marion County",4,70,279,127,152
050,28,091,"Mississippi","Marion County",4,71,274,130,144
050,28,091,"Mississippi","Marion County",4,72,221,98,123
050,28,091,"Mississippi","Marion County",4,73,213,97,116
050,28,091,"Mississippi","Marion County",4,74,232,94,138
050,28,091,"Mississippi","Marion County",4,75,272,116,156
050,28,091,"Mississippi","Marion County",4,76,180,84,96
050,28,091,"Mississippi","Marion County",4,77,160,69,91
050,28,091,"Mississippi","Marion County",4,78,140,55,85
050,28,091,"Mississippi","Marion County",4,79,150,62,88
050,28,091,"Mississippi","Marion County",4,80,123,52,71
050,28,091,"Mississippi","Marion County",4,81,112,46,66
050,28,091,"Mississippi","Marion County",4,82,102,40,62
050,28,091,"Mississippi","Marion County",4,83,94,33,61
050,28,091,"Mississippi","Marion County",4,84,80,30,50
050,28,091,"Mississippi","Marion County",4,85,540,208,332
050,28,091,"Mississippi","Marion County",5,0,280,144,136
050,28,091,"Mississippi","Marion County",5,1,295,152,143
050,28,091,"Mississippi","Marion County",5,2,262,124,138
050,28,091,"Mississippi","Marion County",5,3,284,128,156
050,28,091,"Mississippi","Marion County",5,4,292,138,154
050,28,091,"Mississippi","Marion County",5,5,291,151,140
050,28,091,"Mississippi","Marion County",5,6,303,162,141
050,28,091,"Mississippi","Marion County",5,7,301,154,147
050,28,091,"Mississippi","Marion County",5,8,293,163,130
050,28,091,"Mississippi","Marion County",5,9,288,157,131
050,28,091,"Mississippi","Marion County",5,10,303,134,169
050,28,091,"Mississippi","Marion County",5,11,302,152,150
050,28,091,"Mississippi","Marion County",5,12,325,165,160
050,28,091,"Mississippi","Marion County",5,13,354,172,182
050,28,091,"Mississippi","Marion County",5,14,362,178,184
050,28,091,"Mississippi","Marion County",5,15,371,177,194
050,28,091,"Mississippi","Marion County",5,16,359,169,190
050,28,091,"Mississippi","Marion County",5,17,337,160,177
050,28,091,"Mississippi","Marion County",5,18,301,153,148
050,28,091,"Mississippi","Marion County",5,19,257,135,122
050,28,091,"Mississippi","Marion County",5,20,271,139,132
050,28,091,"Mississippi","Marion County",5,21,249,135,114
050,28,091,"Mississippi","Marion County",5,22,275,142,133
050,28,091,"Mississippi","Marion County",5,23,287,152,135
050,28,091,"Mississippi","Marion County",5,24,278,141,137
050,28,091,"Mississippi","Marion County",5,25,286,137,149
050,28,091,"Mississippi","Marion County",5,26,287,140,147
050,28,091,"Mississippi","Marion County",5,27,292,140,152
050,28,091,"Mississippi","Marion County",5,28,306,148,158
050,28,091,"Mississippi","Marion County",5,29,277,136,141
050,28,091,"Mississippi","Marion County",5,30,290,149,141
050,28,091,"Mississippi","Marion County",5,31,291,148,143
050,28,091,"Mississippi","Marion County",5,32,300,143,157
050,28,091,"Mississippi","Marion County",5,33,317,156,161
050,28,091,"Mississippi","Marion County",5,34,298,153,145
050,28,091,"Mississippi","Marion County",5,35,284,145,139
050,28,091,"Mississippi","Marion County",5,36,287,152,135
050,28,091,"Mississippi","Marion County",5,37,291,145,146
050,28,091,"Mississippi","Marion County",5,38,320,165,155
050,28,091,"Mississippi","Marion County",5,39,303,149,154
050,28,091,"Mississippi","Marion County",5,40,311,153,158
050,28,091,"Mississippi","Marion County",5,41,335,151,184
050,28,091,"Mississippi","Marion County",5,42,323,163,160
050,28,091,"Mississippi","Marion County",5,43,324,163,161
050,28,091,"Mississippi","Marion County",5,44,306,153,153
050,28,091,"Mississippi","Marion County",5,45,299,152,147
050,28,091,"Mississippi","Marion County",5,46,289,143,146
050,28,091,"Mississippi","Marion County",5,47,284,141,143
050,28,091,"Mississippi","Marion County",5,48,279,147,132
050,28,091,"Mississippi","Marion County",5,49,269,126,143
050,28,091,"Mississippi","Marion County",5,50,276,140,136
050,28,091,"Mississippi","Marion County",5,51,305,154,151
050,28,091,"Mississippi","Marion County",5,52,314,157,157
050,28,091,"Mississippi","Marion County",5,53,306,156,150
050,28,091,"Mississippi","Marion County",5,54,267,122,145
050,28,091,"Mississippi","Marion County",5,55,285,139,146
050,28,091,"Mississippi","Marion County",5,56,278,127,151
050,28,091,"Mississippi","Marion County",5,57,275,130,145
050,28,091,"Mississippi","Marion County",5,58,308,148,160
050,28,091,"Mississippi","Marion County",5,59,345,176,169
050,28,091,"Mississippi","Marion County",5,60,344,171,173
050,28,091,"Mississippi","Marion County",5,61,345,165,180
050,28,091,"Mississippi","Marion County",5,62,342,163,179
050,28,091,"Mississippi","Marion County",5,63,315,148,167
050,28,091,"Mississippi","Marion County",5,64,297,144,153
050,28,091,"Mississippi","Marion County",5,65,315,145,170
050,28,091,"Mississippi","Marion County",5,66,286,128,158
050,28,091,"Mississippi","Marion County",5,67,284,130,154
050,28,091,"Mississippi","Marion County",5,68,279,130,149
050,28,091,"Mississippi","Marion County",5,69,277,128,149
050,28,091,"Mississippi","Marion County",5,70,264,126,138
050,28,091,"Mississippi","Marion County",5,71,269,122,147
050,28,091,"Mississippi","Marion County",5,72,254,124,130
050,28,091,"Mississippi","Marion County",5,73,212,96,116
050,28,091,"Mississippi","Marion County",5,74,202,89,113
050,28,091,"Mississippi","Marion County",5,75,225,90,135
050,28,091,"Mississippi","Marion County",5,76,258,108,150
050,28,091,"Mississippi","Marion County",5,77,174,79,95
050,28,091,"Mississippi","Marion County",5,78,146,63,83
050,28,091,"Mississippi","Marion County",5,79,131,54,77
050,28,091,"Mississippi","Marion County",5,80,144,61,83
050,28,091,"Mississippi","Marion County",5,81,113,48,65
050,28,091,"Mississippi","Marion County",5,82,110,43,67
050,28,091,"Mississippi","Marion County",5,83,93,38,55
050,28,091,"Mississippi","Marion County",5,84,76,29,47
050,28,091,"Mississippi","Marion County",5,85,542,208,334
050,28,093,"Mississippi","Marshall County",1,0,369,188,181
050,28,093,"Mississippi","Marshall County",1,1,382,191,191
050,28,093,"Mississippi","Marshall County",1,2,383,196,187
050,28,093,"Mississippi","Marshall County",1,3,346,186,160
050,28,093,"Mississippi","Marshall County",1,4,360,188,172
050,28,093,"Mississippi","Marshall County",1,5,393,194,199
050,28,093,"Mississippi","Marshall County",1,6,388,209,179
050,28,093,"Mississippi","Marshall County",1,7,388,193,195
050,28,093,"Mississippi","Marshall County",1,8,377,193,184
050,28,093,"Mississippi","Marshall County",1,9,353,188,165
050,28,093,"Mississippi","Marshall County",1,10,369,170,199
050,28,093,"Mississippi","Marshall County",1,11,424,200,224
050,28,093,"Mississippi","Marshall County",1,12,460,228,232
050,28,093,"Mississippi","Marshall County",1,13,439,219,220
050,28,093,"Mississippi","Marshall County",1,14,419,226,193
050,28,093,"Mississippi","Marshall County",1,15,389,197,192
050,28,093,"Mississippi","Marshall County",1,16,395,198,197
050,28,093,"Mississippi","Marshall County",1,17,399,205,194
050,28,093,"Mississippi","Marshall County",1,18,460,212,248
050,28,093,"Mississippi","Marshall County",1,19,492,206,286
050,28,093,"Mississippi","Marshall County",1,20,473,232,241
050,28,093,"Mississippi","Marshall County",1,21,426,212,214
050,28,093,"Mississippi","Marshall County",1,22,461,226,235
050,28,093,"Mississippi","Marshall County",1,23,443,240,203
050,28,093,"Mississippi","Marshall County",1,24,442,227,215
050,28,093,"Mississippi","Marshall County",1,25,467,246,221
050,28,093,"Mississippi","Marshall County",1,26,447,243,204
050,28,093,"Mississippi","Marshall County",1,27,430,226,204
050,28,093,"Mississippi","Marshall County",1,28,449,239,210
050,28,093,"Mississippi","Marshall County",1,29,441,232,209
050,28,093,"Mississippi","Marshall County",1,30,428,233,195
050,28,093,"Mississippi","Marshall County",1,31,440,234,206
050,28,093,"Mississippi","Marshall County",1,32,394,213,181
050,28,093,"Mississippi","Marshall County",1,33,354,181,173
050,28,093,"Mississippi","Marshall County",1,34,362,192,170
050,28,093,"Mississippi","Marshall County",1,35,341,183,158
050,28,093,"Mississippi","Marshall County",1,36,350,188,162
050,28,093,"Mississippi","Marshall County",1,37,360,182,178
050,28,093,"Mississippi","Marshall County",1,38,381,181,200
050,28,093,"Mississippi","Marshall County",1,39,396,196,200
050,28,093,"Mississippi","Marshall County",1,40,406,215,191
050,28,093,"Mississippi","Marshall County",1,41,398,221,177
050,28,093,"Mississippi","Marshall County",1,42,405,216,189
050,28,093,"Mississippi","Marshall County",1,43,419,226,193
050,28,093,"Mississippi","Marshall County",1,44,411,223,188
050,28,093,"Mississippi","Marshall County",1,45,396,206,190
050,28,093,"Mississippi","Marshall County",1,46,378,198,180
050,28,093,"Mississippi","Marshall County",1,47,409,218,191
050,28,093,"Mississippi","Marshall County",1,48,417,211,206
050,28,093,"Mississippi","Marshall County",1,49,470,258,212
050,28,093,"Mississippi","Marshall County",1,50,443,218,225
050,28,093,"Mississippi","Marshall County",1,51,408,209,199
050,28,093,"Mississippi","Marshall County",1,52,450,235,215
050,28,093,"Mississippi","Marshall County",1,53,432,219,213
050,28,093,"Mississippi","Marshall County",1,54,488,266,222
050,28,093,"Mississippi","Marshall County",1,55,506,269,237
050,28,093,"Mississippi","Marshall County",1,56,509,249,260
050,28,093,"Mississippi","Marshall County",1,57,491,240,251
050,28,093,"Mississippi","Marshall County",1,58,531,269,262
050,28,093,"Mississippi","Marshall County",1,59,541,280,261
050,28,093,"Mississippi","Marshall County",1,60,489,248,241
050,28,093,"Mississippi","Marshall County",1,61,498,249,249
050,28,093,"Mississippi","Marshall County",1,62,514,247,267
050,28,093,"Mississippi","Marshall County",1,63,509,247,262
050,28,093,"Mississippi","Marshall County",1,64,491,252,239
050,28,093,"Mississippi","Marshall County",1,65,452,218,234
050,28,093,"Mississippi","Marshall County",1,66,429,204,225
050,28,093,"Mississippi","Marshall County",1,67,417,192,225
050,28,093,"Mississippi","Marshall County",1,68,394,174,220
050,28,093,"Mississippi","Marshall County",1,69,381,176,205
050,28,093,"Mississippi","Marshall County",1,70,382,175,207
050,28,093,"Mississippi","Marshall County",1,71,397,174,223
050,28,093,"Mississippi","Marshall County",1,72,341,158,183
050,28,093,"Mississippi","Marshall County",1,73,329,169,160
050,28,093,"Mississippi","Marshall County",1,74,232,113,119
050,28,093,"Mississippi","Marshall County",1,75,252,115,137
050,28,093,"Mississippi","Marshall County",1,76,245,117,128
050,28,093,"Mississippi","Marshall County",1,77,229,99,130
050,28,093,"Mississippi","Marshall County",1,78,185,77,108
050,28,093,"Mississippi","Marshall County",1,79,186,79,107
050,28,093,"Mississippi","Marshall County",1,80,160,62,98
050,28,093,"Mississippi","Marshall County",1,81,158,66,92
050,28,093,"Mississippi","Marshall County",1,82,127,51,76
050,28,093,"Mississippi","Marshall County",1,83,105,44,61
050,28,093,"Mississippi","Marshall County",1,84,93,41,52
050,28,093,"Mississippi","Marshall County",1,85,580,178,402
050,28,093,"Mississippi","Marshall County",2,0,381,202,179
050,28,093,"Mississippi","Marshall County",2,1,378,191,187
050,28,093,"Mississippi","Marshall County",2,2,385,196,189
050,28,093,"Mississippi","Marshall County",2,3,352,186,166
050,28,093,"Mississippi","Marshall County",2,4,358,189,169
050,28,093,"Mississippi","Marshall County",2,5,382,193,189
050,28,093,"Mississippi","Marshall County",2,6,387,205,182
050,28,093,"Mississippi","Marshall County",2,7,385,194,191
050,28,093,"Mississippi","Marshall County",2,8,377,193,184
050,28,093,"Mississippi","Marshall County",2,9,359,188,171
050,28,093,"Mississippi","Marshall County",2,10,363,174,189
050,28,093,"Mississippi","Marshall County",2,11,410,193,217
050,28,093,"Mississippi","Marshall County",2,12,454,223,231
050,28,093,"Mississippi","Marshall County",2,13,445,224,221
050,28,093,"Mississippi","Marshall County",2,14,422,223,199
050,28,093,"Mississippi","Marshall County",2,15,395,202,193
050,28,093,"Mississippi","Marshall County",2,16,393,198,195
050,28,093,"Mississippi","Marshall County",2,17,399,202,197
050,28,093,"Mississippi","Marshall County",2,18,452,210,242
050,28,093,"Mississippi","Marshall County",2,19,490,207,283
050,28,093,"Mississippi","Marshall County",2,20,477,229,248
050,28,093,"Mississippi","Marshall County",2,21,431,215,216
050,28,093,"Mississippi","Marshall County",2,22,456,228,228
050,28,093,"Mississippi","Marshall County",2,23,450,242,208
050,28,093,"Mississippi","Marshall County",2,24,439,229,210
050,28,093,"Mississippi","Marshall County",2,25,466,248,218
050,28,093,"Mississippi","Marshall County",2,26,449,243,206
050,28,093,"Mississippi","Marshall County",2,27,434,230,204
050,28,093,"Mississippi","Marshall County",2,28,446,237,209
050,28,093,"Mississippi","Marshall County",2,29,442,234,208
050,28,093,"Mississippi","Marshall County",2,30,435,233,202
050,28,093,"Mississippi","Marshall County",2,31,433,231,202
050,28,093,"Mississippi","Marshall County",2,32,403,216,187
050,28,093,"Mississippi","Marshall County",2,33,360,186,174
050,28,093,"Mississippi","Marshall County",2,34,358,191,167
050,28,093,"Mississippi","Marshall County",2,35,347,183,164
050,28,093,"Mississippi","Marshall County",2,36,346,186,160
050,28,093,"Mississippi","Marshall County",2,37,357,182,175
050,28,093,"Mississippi","Marshall County",2,38,377,181,196
050,28,093,"Mississippi","Marshall County",2,39,391,193,198
050,28,093,"Mississippi","Marshall County",2,40,407,213,194
050,28,093,"Mississippi","Marshall County",2,41,403,222,181
050,28,093,"Mississippi","Marshall County",2,42,401,215,186
050,28,093,"Mississippi","Marshall County",2,43,420,226,194
050,28,093,"Mississippi","Marshall County",2,44,408,222,186
050,28,093,"Mississippi","Marshall County",2,45,399,208,191
050,28,093,"Mississippi","Marshall County",2,46,383,200,183
050,28,093,"Mississippi","Marshall County",2,47,406,216,190
050,28,093,"Mississippi","Marshall County",2,48,419,215,204
050,28,093,"Mississippi","Marshall County",2,49,465,251,214
050,28,093,"Mississippi","Marshall County",2,50,451,230,221
050,28,093,"Mississippi","Marshall County",2,51,413,209,204
050,28,093,"Mississippi","Marshall County",2,52,442,231,211
050,28,093,"Mississippi","Marshall County",2,53,437,222,215
050,28,093,"Mississippi","Marshall County",2,54,476,255,221
050,28,093,"Mississippi","Marshall County",2,55,500,266,234
050,28,093,"Mississippi","Marshall County",2,56,512,258,254
050,28,093,"Mississippi","Marshall County",2,57,497,243,254
050,28,093,"Mississippi","Marshall County",2,58,522,262,260
050,28,093,"Mississippi","Marshall County",2,59,544,280,264
050,28,093,"Mississippi","Marshall County",2,60,499,255,244
050,28,093,"Mississippi","Marshall County",2,61,489,244,245
050,28,093,"Mississippi","Marshall County",2,62,503,244,259
050,28,093,"Mississippi","Marshall County",2,63,511,246,265
050,28,093,"Mississippi","Marshall County",2,64,492,249,243
050,28,093,"Mississippi","Marshall County",2,65,461,226,235
050,28,093,"Mississippi","Marshall County",2,66,433,207,226
050,28,093,"Mississippi","Marshall County",2,67,416,192,224
050,28,093,"Mississippi","Marshall County",2,68,392,175,217
050,28,093,"Mississippi","Marshall County",2,69,386,175,211
050,28,093,"Mississippi","Marshall County",2,70,383,176,207
050,28,093,"Mississippi","Marshall County",2,71,390,172,218
050,28,093,"Mississippi","Marshall County",2,72,347,157,190
050,28,093,"Mississippi","Marshall County",2,73,338,170,168
050,28,093,"Mississippi","Marshall County",2,74,242,120,122
050,28,093,"Mississippi","Marshall County",2,75,246,116,130
050,28,093,"Mississippi","Marshall County",2,76,239,113,126
050,28,093,"Mississippi","Marshall County",2,77,230,102,128
050,28,093,"Mississippi","Marshall County",2,78,193,80,113
050,28,093,"Mississippi","Marshall County",2,79,185,77,108
050,28,093,"Mississippi","Marshall County",2,80,163,64,99
050,28,093,"Mississippi","Marshall County",2,81,156,64,92
050,28,093,"Mississippi","Marshall County",2,82,131,52,79
050,28,093,"Mississippi","Marshall County",2,83,112,45,67
050,28,093,"Mississippi","Marshall County",2,84,94,43,51
050,28,093,"Mississippi","Marshall County",2,85,581,183,398
050,28,093,"Mississippi","Marshall County",3,0,399,191,208
050,28,093,"Mississippi","Marshall County",3,1,374,192,182
050,28,093,"Mississippi","Marshall County",3,2,376,192,184
050,28,093,"Mississippi","Marshall County",3,3,398,207,191
050,28,093,"Mississippi","Marshall County",3,4,373,193,180
050,28,093,"Mississippi","Marshall County",3,5,346,184,162
050,28,093,"Mississippi","Marshall County",3,6,375,188,187
050,28,093,"Mississippi","Marshall County",3,7,368,195,173
050,28,093,"Mississippi","Marshall County",3,8,383,201,182
050,28,093,"Mississippi","Marshall County",3,9,368,181,187
050,28,093,"Mississippi","Marshall County",3,10,350,186,164
050,28,093,"Mississippi","Marshall County",3,11,359,177,182
050,28,093,"Mississippi","Marshall County",3,12,408,187,221
050,28,093,"Mississippi","Marshall County",3,13,447,222,225
050,28,093,"Mississippi","Marshall County",3,14,431,213,218
050,28,093,"Mississippi","Marshall County",3,15,415,216,199
050,28,093,"Mississippi","Marshall County",3,16,410,212,198
050,28,093,"Mississippi","Marshall County",3,17,389,198,191
050,28,093,"Mississippi","Marshall County",3,18,430,201,229
050,28,093,"Mississippi","Marshall County",3,19,473,201,272
050,28,093,"Mississippi","Marshall County",3,20,481,223,258
050,28,093,"Mississippi","Marshall County",3,21,455,223,232
050,28,093,"Mississippi","Marshall County",3,22,429,220,209
050,28,093,"Mississippi","Marshall County",3,23,435,226,209
050,28,093,"Mississippi","Marshall County",3,24,454,237,217
050,28,093,"Mississippi","Marshall County",3,25,454,251,203
050,28,093,"Mississippi","Marshall County",3,26,483,258,225
050,28,093,"Mississippi","Marshall County",3,27,448,241,207
050,28,093,"Mississippi","Marshall County",3,28,436,241,195
050,28,093,"Mississippi","Marshall County",3,29,457,242,215
050,28,093,"Mississippi","Marshall County",3,30,429,227,202
050,28,093,"Mississippi","Marshall County",3,31,426,228,198
050,28,093,"Mississippi","Marshall County",3,32,408,214,194
050,28,093,"Mississippi","Marshall County",3,33,398,212,186
050,28,093,"Mississippi","Marshall County",3,34,367,188,179
050,28,093,"Mississippi","Marshall County",3,35,352,189,163
050,28,093,"Mississippi","Marshall County",3,36,353,193,160
050,28,093,"Mississippi","Marshall County",3,37,355,193,162
050,28,093,"Mississippi","Marshall County",3,38,339,167,172
050,28,093,"Mississippi","Marshall County",3,39,391,190,201
050,28,093,"Mississippi","Marshall County",3,40,391,198,193
050,28,093,"Mississippi","Marshall County",3,41,416,217,199
050,28,093,"Mississippi","Marshall County",3,42,395,220,175
050,28,093,"Mississippi","Marshall County",3,43,417,226,191
050,28,093,"Mississippi","Marshall County",3,44,412,218,194
050,28,093,"Mississippi","Marshall County",3,45,414,228,186
050,28,093,"Mississippi","Marshall County",3,46,398,205,193
050,28,093,"Mississippi","Marshall County",3,47,387,202,185
050,28,093,"Mississippi","Marshall County",3,48,409,212,197
050,28,093,"Mississippi","Marshall County",3,49,442,235,207
050,28,093,"Mississippi","Marshall County",3,50,469,255,214
050,28,093,"Mississippi","Marshall County",3,51,442,222,220
050,28,093,"Mississippi","Marshall County",3,52,431,221,210
050,28,093,"Mississippi","Marshall County",3,53,439,237,202
050,28,093,"Mississippi","Marshall County",3,54,451,232,219
050,28,093,"Mississippi","Marshall County",3,55,462,237,225
050,28,093,"Mississippi","Marshall County",3,56,507,268,239
050,28,093,"Mississippi","Marshall County",3,57,516,255,261
050,28,093,"Mississippi","Marshall County",3,58,476,230,246
050,28,093,"Mississippi","Marshall County",3,59,507,256,251
050,28,093,"Mississippi","Marshall County",3,60,519,267,252
050,28,093,"Mississippi","Marshall County",3,61,488,243,245
050,28,093,"Mississippi","Marshall County",3,62,490,250,240
050,28,093,"Mississippi","Marshall County",3,63,485,229,256
050,28,093,"Mississippi","Marshall County",3,64,501,240,261
050,28,093,"Mississippi","Marshall County",3,65,476,233,243
050,28,093,"Mississippi","Marshall County",3,66,440,211,229
050,28,093,"Mississippi","Marshall County",3,67,425,204,221
050,28,093,"Mississippi","Marshall County",3,68,401,183,218
050,28,093,"Mississippi","Marshall County",3,69,377,164,213
050,28,093,"Mississippi","Marshall County",3,70,380,169,211
050,28,093,"Mississippi","Marshall County",3,71,382,177,205
050,28,093,"Mississippi","Marshall County",3,72,375,165,210
050,28,093,"Mississippi","Marshall County",3,73,329,147,182
050,28,093,"Mississippi","Marshall County",3,74,335,168,167
050,28,093,"Mississippi","Marshall County",3,75,231,114,117
050,28,093,"Mississippi","Marshall County",3,76,229,104,125
050,28,093,"Mississippi","Marshall County",3,77,224,104,120
050,28,093,"Mississippi","Marshall County",3,78,220,100,120
050,28,093,"Mississippi","Marshall County",3,79,193,78,115
050,28,093,"Mississippi","Marshall County",3,80,158,64,94
050,28,093,"Mississippi","Marshall County",3,81,161,64,97
050,28,093,"Mississippi","Marshall County",3,82,132,54,78
050,28,093,"Mississippi","Marshall County",3,83,121,44,77
050,28,093,"Mississippi","Marshall County",3,84,94,43,51
050,28,093,"Mississippi","Marshall County",3,85,586,193,393
050,28,093,"Mississippi","Marshall County",4,0,357,175,182
050,28,093,"Mississippi","Marshall County",4,1,408,191,217
050,28,093,"Mississippi","Marshall County",4,2,380,193,187
050,28,093,"Mississippi","Marshall County",4,3,390,198,192
050,28,093,"Mississippi","Marshall County",4,4,388,198,190
050,28,093,"Mississippi","Marshall County",4,5,381,198,183
050,28,093,"Mississippi","Marshall County",4,6,368,189,179
050,28,093,"Mississippi","Marshall County",4,7,377,187,190
050,28,093,"Mississippi","Marshall County",4,8,385,206,179
050,28,093,"Mississippi","Marshall County",4,9,386,196,190
050,28,093,"Mississippi","Marshall County",4,10,391,191,200
050,28,093,"Mississippi","Marshall County",4,11,354,191,163
050,28,093,"Mississippi","Marshall County",4,12,356,172,184
050,28,093,"Mississippi","Marshall County",4,13,415,188,227
050,28,093,"Mississippi","Marshall County",4,14,464,238,226
050,28,093,"Mississippi","Marshall County",4,15,447,224,223
050,28,093,"Mississippi","Marshall County",4,16,427,228,199
050,28,093,"Mississippi","Marshall County",4,17,418,209,209
050,28,093,"Mississippi","Marshall County",4,18,428,201,227
050,28,093,"Mississippi","Marshall County",4,19,458,193,265
050,28,093,"Mississippi","Marshall County",4,20,458,215,243
050,28,093,"Mississippi","Marshall County",4,21,466,229,237
050,28,093,"Mississippi","Marshall County",4,22,455,224,231
050,28,093,"Mississippi","Marshall County",4,23,428,231,197
050,28,093,"Mississippi","Marshall County",4,24,443,222,221
050,28,093,"Mississippi","Marshall County",4,25,479,255,224
050,28,093,"Mississippi","Marshall County",4,26,429,244,185
050,28,093,"Mississippi","Marshall County",4,27,482,263,219
050,28,093,"Mississippi","Marshall County",4,28,432,235,197
050,28,093,"Mississippi","Marshall County",4,29,437,241,196
050,28,093,"Mississippi","Marshall County",4,30,445,233,212
050,28,093,"Mississippi","Marshall County",4,31,434,227,207
050,28,093,"Mississippi","Marshall County",4,32,440,233,207
050,28,093,"Mississippi","Marshall County",4,33,397,200,197
050,28,093,"Mississippi","Marshall County",4,34,397,209,188
050,28,093,"Mississippi","Marshall County",4,35,382,186,196
050,28,093,"Mississippi","Marshall County",4,36,378,209,169
050,28,093,"Mississippi","Marshall County",4,37,352,186,166
050,28,093,"Mississippi","Marshall County",4,38,360,197,163
050,28,093,"Mississippi","Marshall County",4,39,340,168,172
050,28,093,"Mississippi","Marshall County",4,40,379,189,190
050,28,093,"Mississippi","Marshall County",4,41,387,195,192
050,28,093,"Mississippi","Marshall County",4,42,420,221,199
050,28,093,"Mississippi","Marshall County",4,43,402,222,180
050,28,093,"Mississippi","Marshall County",4,44,414,231,183
050,28,093,"Mississippi","Marshall County",4,45,392,202,190
050,28,093,"Mississippi","Marshall County",4,46,417,224,193
050,28,093,"Mississippi","Marshall County",4,47,390,202,188
050,28,093,"Mississippi","Marshall County",4,48,385,195,190
050,28,093,"Mississippi","Marshall County",4,49,421,219,202
050,28,093,"Mississippi","Marshall County",4,50,450,236,214
050,28,093,"Mississippi","Marshall County",4,51,464,253,211
050,28,093,"Mississippi","Marshall County",4,52,447,225,222
050,28,093,"Mississippi","Marshall County",4,53,431,219,212
050,28,093,"Mississippi","Marshall County",4,54,453,242,211
050,28,093,"Mississippi","Marshall County",4,55,430,213,217
050,28,093,"Mississippi","Marshall County",4,56,482,258,224
050,28,093,"Mississippi","Marshall County",4,57,502,261,241
050,28,093,"Mississippi","Marshall County",4,58,501,242,259
050,28,093,"Mississippi","Marshall County",4,59,466,229,237
050,28,093,"Mississippi","Marshall County",4,60,489,247,242
050,28,093,"Mississippi","Marshall County",4,61,494,247,247
050,28,093,"Mississippi","Marshall County",4,62,490,246,244
050,28,093,"Mississippi","Marshall County",4,63,477,239,238
050,28,093,"Mississippi","Marshall County",4,64,484,225,259
050,28,093,"Mississippi","Marshall County",4,65,485,229,256
050,28,093,"Mississippi","Marshall County",4,66,465,227,238
050,28,093,"Mississippi","Marshall County",4,67,432,200,232
050,28,093,"Mississippi","Marshall County",4,68,414,200,214
050,28,093,"Mississippi","Marshall County",4,69,391,177,214
050,28,093,"Mississippi","Marshall County",4,70,382,167,215
050,28,093,"Mississippi","Marshall County",4,71,373,166,207
050,28,093,"Mississippi","Marshall County",4,72,362,164,198
050,28,093,"Mississippi","Marshall County",4,73,361,161,200
050,28,093,"Mississippi","Marshall County",4,74,322,146,176
050,28,093,"Mississippi","Marshall County",4,75,323,158,165
050,28,093,"Mississippi","Marshall County",4,76,216,100,116
050,28,093,"Mississippi","Marshall County",4,77,210,96,114
050,28,093,"Mississippi","Marshall County",4,78,211,100,111
050,28,093,"Mississippi","Marshall County",4,79,226,97,129
050,28,093,"Mississippi","Marshall County",4,80,165,64,101
050,28,093,"Mississippi","Marshall County",4,81,152,64,88
050,28,093,"Mississippi","Marshall County",4,82,138,52,86
050,28,093,"Mississippi","Marshall County",4,83,123,47,76
050,28,093,"Mississippi","Marshall County",4,84,98,36,62
050,28,093,"Mississippi","Marshall County",4,85,577,195,382
050,28,093,"Mississippi","Marshall County",5,0,332,160,172
050,28,093,"Mississippi","Marshall County",5,1,358,179,179
050,28,093,"Mississippi","Marshall County",5,2,407,181,226
050,28,093,"Mississippi","Marshall County",5,3,380,193,187
050,28,093,"Mississippi","Marshall County",5,4,386,191,195
050,28,093,"Mississippi","Marshall County",5,5,398,203,195
050,28,093,"Mississippi","Marshall County",5,6,398,210,188
050,28,093,"Mississippi","Marshall County",5,7,362,187,175
050,28,093,"Mississippi","Marshall County",5,8,387,193,194
050,28,093,"Mississippi","Marshall County",5,9,392,211,181
050,28,093,"Mississippi","Marshall County",5,10,395,205,190
050,28,093,"Mississippi","Marshall County",5,11,390,190,200
050,28,093,"Mississippi","Marshall County",5,12,370,210,160
050,28,093,"Mississippi","Marshall County",5,13,353,167,186
050,28,093,"Mississippi","Marshall County",5,14,405,187,218
050,28,093,"Mississippi","Marshall County",5,15,479,251,228
050,28,093,"Mississippi","Marshall County",5,16,444,218,226
050,28,093,"Mississippi","Marshall County",5,17,436,225,211
050,28,093,"Mississippi","Marshall County",5,18,447,213,234
050,28,093,"Mississippi","Marshall County",5,19,463,204,259
050,28,093,"Mississippi","Marshall County",5,20,477,226,251
050,28,093,"Mississippi","Marshall County",5,21,435,208,227
050,28,093,"Mississippi","Marshall County",5,22,461,231,230
050,28,093,"Mississippi","Marshall County",5,23,467,238,229
050,28,093,"Mississippi","Marshall County",5,24,421,227,194
050,28,093,"Mississippi","Marshall County",5,25,468,241,227
050,28,093,"Mississippi","Marshall County",5,26,450,237,213
050,28,093,"Mississippi","Marshall County",5,27,454,253,201
050,28,093,"Mississippi","Marshall County",5,28,480,262,218
050,28,093,"Mississippi","Marshall County",5,29,461,252,209
050,28,093,"Mississippi","Marshall County",5,30,430,234,196
050,28,093,"Mississippi","Marshall County",5,31,448,231,217
050,28,093,"Mississippi","Marshall County",5,32,420,227,193
050,28,093,"Mississippi","Marshall County",5,33,430,218,212
050,28,093,"Mississippi","Marshall County",5,34,425,222,203
050,28,093,"Mississippi","Marshall County",5,35,398,202,196
050,28,093,"Mississippi","Marshall County",5,36,407,206,201
050,28,093,"Mississippi","Marshall County",5,37,361,197,164
050,28,093,"Mississippi","Marshall County",5,38,358,184,174
050,28,093,"Mississippi","Marshall County",5,39,367,198,169
050,28,093,"Mississippi","Marshall County",5,40,348,178,170
050,28,093,"Mississippi","Marshall County",5,41,380,194,186
050,28,093,"Mississippi","Marshall County",5,42,391,186,205
050,28,093,"Mississippi","Marshall County",5,43,445,236,209
050,28,093,"Mississippi","Marshall County",5,44,387,213,174
050,28,093,"Mississippi","Marshall County",5,45,416,227,189
050,28,093,"Mississippi","Marshall County",5,46,388,197,191
050,28,093,"Mississippi","Marshall County",5,47,408,219,189
050,28,093,"Mississippi","Marshall County",5,48,401,204,197
050,28,093,"Mississippi","Marshall County",5,49,399,213,186
050,28,093,"Mississippi","Marshall County",5,50,422,224,198
050,28,093,"Mississippi","Marshall County",5,51,438,221,217
050,28,093,"Mississippi","Marshall County",5,52,483,262,221
050,28,093,"Mississippi","Marshall County",5,53,443,221,222
050,28,093,"Mississippi","Marshall County",5,54,450,232,218
050,28,093,"Mississippi","Marshall County",5,55,430,225,205
050,28,093,"Mississippi","Marshall County",5,56,440,226,214
050,28,093,"Mississippi","Marshall County",5,57,471,247,224
050,28,093,"Mississippi","Marshall County",5,58,495,262,233
050,28,093,"Mississippi","Marshall County",5,59,504,242,262
050,28,093,"Mississippi","Marshall County",5,60,441,213,228
050,28,093,"Mississippi","Marshall County",5,61,485,233,252
050,28,093,"Mississippi","Marshall County",5,62,488,243,245
050,28,093,"Mississippi","Marshall County",5,63,495,247,248
050,28,093,"Mississippi","Marshall County",5,64,478,236,242
050,28,093,"Mississippi","Marshall County",5,65,469,218,251
050,28,093,"Mississippi","Marshall County",5,66,481,228,253
050,28,093,"Mississippi","Marshall County",5,67,456,221,235
050,28,093,"Mississippi","Marshall County",5,68,418,193,225
050,28,093,"Mississippi","Marshall County",5,69,404,193,211
050,28,093,"Mississippi","Marshall County",5,70,381,174,207
050,28,093,"Mississippi","Marshall County",5,71,383,171,212
050,28,093,"Mississippi","Marshall County",5,72,357,156,201
050,28,093,"Mississippi","Marshall County",5,73,345,156,189
050,28,093,"Mississippi","Marshall County",5,74,361,158,203
050,28,093,"Mississippi","Marshall County",5,75,313,141,172
050,28,093,"Mississippi","Marshall County",5,76,308,143,165
050,28,093,"Mississippi","Marshall County",5,77,192,86,106
050,28,093,"Mississippi","Marshall County",5,78,198,93,105
050,28,093,"Mississippi","Marshall County",5,79,215,102,113
050,28,093,"Mississippi","Marshall County",5,80,200,84,116
050,28,093,"Mississippi","Marshall County",5,81,161,67,94
050,28,093,"Mississippi","Marshall County",5,82,133,54,79
050,28,093,"Mississippi","Marshall County",5,83,133,47,86
050,28,093,"Mississippi","Marshall County",5,84,100,38,62
050,28,093,"Mississippi","Marshall County",5,85,589,204,385
050,28,095,"Mississippi","Monroe County",1,0,364,185,179
050,28,095,"Mississippi","Monroe County",1,1,363,177,186
050,28,095,"Mississippi","Monroe County",1,2,397,197,200
050,28,095,"Mississippi","Monroe County",1,3,381,196,185
050,28,095,"Mississippi","Monroe County",1,4,373,191,182
050,28,095,"Mississippi","Monroe County",1,5,404,194,210
050,28,095,"Mississippi","Monroe County",1,6,408,214,194
050,28,095,"Mississippi","Monroe County",1,7,428,223,205
050,28,095,"Mississippi","Monroe County",1,8,399,202,197
050,28,095,"Mississippi","Monroe County",1,9,391,200,191
050,28,095,"Mississippi","Monroe County",1,10,432,235,197
050,28,095,"Mississippi","Monroe County",1,11,472,244,228
050,28,095,"Mississippi","Monroe County",1,12,526,271,255
050,28,095,"Mississippi","Monroe County",1,13,531,246,285
050,28,095,"Mississippi","Monroe County",1,14,513,247,266
050,28,095,"Mississippi","Monroe County",1,15,480,240,240
050,28,095,"Mississippi","Monroe County",1,16,458,232,226
050,28,095,"Mississippi","Monroe County",1,17,451,220,231
050,28,095,"Mississippi","Monroe County",1,18,389,194,195
050,28,095,"Mississippi","Monroe County",1,19,321,168,153
050,28,095,"Mississippi","Monroe County",1,20,352,176,176
050,28,095,"Mississippi","Monroe County",1,21,354,175,179
050,28,095,"Mississippi","Monroe County",1,22,364,184,180
050,28,095,"Mississippi","Monroe County",1,23,368,190,178
050,28,095,"Mississippi","Monroe County",1,24,376,171,205
050,28,095,"Mississippi","Monroe County",1,25,401,199,202
050,28,095,"Mississippi","Monroe County",1,26,423,200,223
050,28,095,"Mississippi","Monroe County",1,27,418,202,216
050,28,095,"Mississippi","Monroe County",1,28,437,222,215
050,28,095,"Mississippi","Monroe County",1,29,437,231,206
050,28,095,"Mississippi","Monroe County",1,30,431,208,223
050,28,095,"Mississippi","Monroe County",1,31,404,196,208
050,28,095,"Mississippi","Monroe County",1,32,386,196,190
050,28,095,"Mississippi","Monroe County",1,33,393,193,200
050,28,095,"Mississippi","Monroe County",1,34,395,184,211
050,28,095,"Mississippi","Monroe County",1,35,416,210,206
050,28,095,"Mississippi","Monroe County",1,36,379,201,178
050,28,095,"Mississippi","Monroe County",1,37,404,194,210
050,28,095,"Mississippi","Monroe County",1,38,384,176,208
050,28,095,"Mississippi","Monroe County",1,39,406,193,213
050,28,095,"Mississippi","Monroe County",1,40,392,191,201
050,28,095,"Mississippi","Monroe County",1,41,398,197,201
050,28,095,"Mississippi","Monroe County",1,42,398,191,207
050,28,095,"Mississippi","Monroe County",1,43,392,189,203
050,28,095,"Mississippi","Monroe County",1,44,368,166,202
050,28,095,"Mississippi","Monroe County",1,45,410,197,213
050,28,095,"Mississippi","Monroe County",1,46,404,202,202
050,28,095,"Mississippi","Monroe County",1,47,425,205,220
050,28,095,"Mississippi","Monroe County",1,48,452,219,233
050,28,095,"Mississippi","Monroe County",1,49,434,219,215
050,28,095,"Mississippi","Monroe County",1,50,455,228,227
050,28,095,"Mississippi","Monroe County",1,51,450,229,221
050,28,095,"Mississippi","Monroe County",1,52,445,220,225
050,28,095,"Mississippi","Monroe County",1,53,473,234,239
050,28,095,"Mississippi","Monroe County",1,54,441,206,235
050,28,095,"Mississippi","Monroe County",1,55,465,217,248
050,28,095,"Mississippi","Monroe County",1,56,472,227,245
050,28,095,"Mississippi","Monroe County",1,57,458,218,240
050,28,095,"Mississippi","Monroe County",1,58,462,222,240
050,28,095,"Mississippi","Monroe County",1,59,485,228,257
050,28,095,"Mississippi","Monroe County",1,60,494,232,262
050,28,095,"Mississippi","Monroe County",1,61,484,224,260
050,28,095,"Mississippi","Monroe County",1,62,468,222,246
050,28,095,"Mississippi","Monroe County",1,63,458,215,243
050,28,095,"Mississippi","Monroe County",1,64,455,227,228
050,28,095,"Mississippi","Monroe County",1,65,444,211,233
050,28,095,"Mississippi","Monroe County",1,66,429,204,225
050,28,095,"Mississippi","Monroe County",1,67,413,201,212
050,28,095,"Mississippi","Monroe County",1,68,412,183,229
050,28,095,"Mississippi","Monroe County",1,69,372,169,203
050,28,095,"Mississippi","Monroe County",1,70,389,189,200
050,28,095,"Mississippi","Monroe County",1,71,404,190,214
050,28,095,"Mississippi","Monroe County",1,72,398,195,203
050,28,095,"Mississippi","Monroe County",1,73,379,175,204
050,28,095,"Mississippi","Monroe County",1,74,269,119,150
050,28,095,"Mississippi","Monroe County",1,75,271,120,151
050,28,095,"Mississippi","Monroe County",1,76,285,130,155
050,28,095,"Mississippi","Monroe County",1,77,248,116,132
050,28,095,"Mississippi","Monroe County",1,78,226,92,134
050,28,095,"Mississippi","Monroe County",1,79,203,70,133
050,28,095,"Mississippi","Monroe County",1,80,186,66,120
050,28,095,"Mississippi","Monroe County",1,81,191,72,119
050,28,095,"Mississippi","Monroe County",1,82,189,69,120
050,28,095,"Mississippi","Monroe County",1,83,158,63,95
050,28,095,"Mississippi","Monroe County",1,84,150,62,88
050,28,095,"Mississippi","Monroe County",1,85,714,225,489
050,28,095,"Mississippi","Monroe County",2,0,390,194,196
050,28,095,"Mississippi","Monroe County",2,1,362,178,184
050,28,095,"Mississippi","Monroe County",2,2,388,193,195
050,28,095,"Mississippi","Monroe County",2,3,383,199,184
050,28,095,"Mississippi","Monroe County",2,4,376,195,181
050,28,095,"Mississippi","Monroe County",2,5,399,196,203
050,28,095,"Mississippi","Monroe County",2,6,410,212,198
050,28,095,"Mississippi","Monroe County",2,7,424,222,202
050,28,095,"Mississippi","Monroe County",2,8,406,208,198
050,28,095,"Mississippi","Monroe County",2,9,392,201,191
050,28,095,"Mississippi","Monroe County",2,10,424,227,197
050,28,095,"Mississippi","Monroe County",2,11,461,241,220
050,28,095,"Mississippi","Monroe County",2,12,514,265,249
050,28,095,"Mississippi","Monroe County",2,13,529,252,277
050,28,095,"Mississippi","Monroe County",2,14,510,243,267
050,28,095,"Mississippi","Monroe County",2,15,486,242,244
050,28,095,"Mississippi","Monroe County",2,16,466,236,230
050,28,095,"Mississippi","Monroe County",2,17,454,224,230
050,28,095,"Mississippi","Monroe County",2,18,384,193,191
050,28,095,"Mississippi","Monroe County",2,19,325,168,157
050,28,095,"Mississippi","Monroe County",2,20,352,178,174
050,28,095,"Mississippi","Monroe County",2,21,354,175,179
050,28,095,"Mississippi","Monroe County",2,22,369,186,183
050,28,095,"Mississippi","Monroe County",2,23,372,190,182
050,28,095,"Mississippi","Monroe County",2,24,379,179,200
050,28,095,"Mississippi","Monroe County",2,25,399,194,205
050,28,095,"Mississippi","Monroe County",2,26,417,200,217
050,28,095,"Mississippi","Monroe County",2,27,417,202,215
050,28,095,"Mississippi","Monroe County",2,28,433,218,215
050,28,095,"Mississippi","Monroe County",2,29,439,231,208
050,28,095,"Mississippi","Monroe County",2,30,435,215,220
050,28,095,"Mississippi","Monroe County",2,31,408,196,212
050,28,095,"Mississippi","Monroe County",2,32,386,193,193
050,28,095,"Mississippi","Monroe County",2,33,390,193,197
050,28,095,"Mississippi","Monroe County",2,34,394,186,208
050,28,095,"Mississippi","Monroe County",2,35,411,206,205
050,28,095,"Mississippi","Monroe County",2,36,385,203,182
050,28,095,"Mississippi","Monroe County",2,37,398,195,203
050,28,095,"Mississippi","Monroe County",2,38,390,181,209
050,28,095,"Mississippi","Monroe County",2,39,398,187,211
050,28,095,"Mississippi","Monroe County",2,40,395,190,205
050,28,095,"Mississippi","Monroe County",2,41,395,194,201
050,28,095,"Mississippi","Monroe County",2,42,395,191,204
050,28,095,"Mississippi","Monroe County",2,43,395,190,205
050,28,095,"Mississippi","Monroe County",2,44,369,170,199
050,28,095,"Mississippi","Monroe County",2,45,401,189,212
050,28,095,"Mississippi","Monroe County",2,46,406,200,206
050,28,095,"Mississippi","Monroe County",2,47,417,200,217
050,28,095,"Mississippi","Monroe County",2,48,444,214,230
050,28,095,"Mississippi","Monroe County",2,49,441,220,221
050,28,095,"Mississippi","Monroe County",2,50,451,226,225
050,28,095,"Mississippi","Monroe County",2,51,445,228,217
050,28,095,"Mississippi","Monroe County",2,52,445,222,223
050,28,095,"Mississippi","Monroe County",2,53,465,229,236
050,28,095,"Mississippi","Monroe County",2,54,446,211,235
050,28,095,"Mississippi","Monroe County",2,55,458,212,246
050,28,095,"Mississippi","Monroe County",2,56,472,226,246
050,28,095,"Mississippi","Monroe County",2,57,462,221,241
050,28,095,"Mississippi","Monroe County",2,58,463,221,242
050,28,095,"Mississippi","Monroe County",2,59,481,227,254
050,28,095,"Mississippi","Monroe County",2,60,492,231,261
050,28,095,"Mississippi","Monroe County",2,61,483,223,260
050,28,095,"Mississippi","Monroe County",2,62,467,220,247
050,28,095,"Mississippi","Monroe County",2,63,467,220,247
050,28,095,"Mississippi","Monroe County",2,64,451,222,229
050,28,095,"Mississippi","Monroe County",2,65,442,213,229
050,28,095,"Mississippi","Monroe County",2,66,431,205,226
050,28,095,"Mississippi","Monroe County",2,67,416,202,214
050,28,095,"Mississippi","Monroe County",2,68,406,185,221
050,28,095,"Mississippi","Monroe County",2,69,380,172,208
050,28,095,"Mississippi","Monroe County",2,70,382,184,198
050,28,095,"Mississippi","Monroe County",2,71,396,186,210
050,28,095,"Mississippi","Monroe County",2,72,391,189,202
050,28,095,"Mississippi","Monroe County",2,73,394,182,212
050,28,095,"Mississippi","Monroe County",2,74,273,124,149
050,28,095,"Mississippi","Monroe County",2,75,271,120,151
050,28,095,"Mississippi","Monroe County",2,76,275,122,153
050,28,095,"Mississippi","Monroe County",2,77,260,120,140
050,28,095,"Mississippi","Monroe County",2,78,228,97,131
050,28,095,"Mississippi","Monroe County",2,79,204,73,131
050,28,095,"Mississippi","Monroe County",2,80,189,67,122
050,28,095,"Mississippi","Monroe County",2,81,181,66,115
050,28,095,"Mississippi","Monroe County",2,82,189,69,120
050,28,095,"Mississippi","Monroe County",2,83,159,60,99
050,28,095,"Mississippi","Monroe County",2,84,151,63,88
050,28,095,"Mississippi","Monroe County",2,85,706,225,481
050,28,095,"Mississippi","Monroe County",3,0,402,188,214
050,28,095,"Mississippi","Monroe County",3,1,390,196,194
050,28,095,"Mississippi","Monroe County",3,2,373,182,191
050,28,095,"Mississippi","Monroe County",3,3,375,183,192
050,28,095,"Mississippi","Monroe County",3,4,391,197,194
050,28,095,"Mississippi","Monroe County",3,5,378,194,184
050,28,095,"Mississippi","Monroe County",3,6,399,193,206
050,28,095,"Mississippi","Monroe County",3,7,392,203,189
050,28,095,"Mississippi","Monroe County",3,8,410,220,190
050,28,095,"Mississippi","Monroe County",3,9,409,202,207
050,28,095,"Mississippi","Monroe County",3,10,391,204,187
050,28,095,"Mississippi","Monroe County",3,11,427,225,202
050,28,095,"Mississippi","Monroe County",3,12,459,240,219
050,28,095,"Mississippi","Monroe County",3,13,502,266,236
050,28,095,"Mississippi","Monroe County",3,14,517,247,270
050,28,095,"Mississippi","Monroe County",3,15,507,248,259
050,28,095,"Mississippi","Monroe County",3,16,489,246,243
050,28,095,"Mississippi","Monroe County",3,17,457,235,222
050,28,095,"Mississippi","Monroe County",3,18,375,197,178
050,28,095,"Mississippi","Monroe County",3,19,316,160,156
050,28,095,"Mississippi","Monroe County",3,20,340,166,174
050,28,095,"Mississippi","Monroe County",3,21,375,183,192
050,28,095,"Mississippi","Monroe County",3,22,375,187,188
050,28,095,"Mississippi","Monroe County",3,23,372,183,189
050,28,095,"Mississippi","Monroe County",3,24,378,199,179
050,28,095,"Mississippi","Monroe County",3,25,384,183,201
050,28,095,"Mississippi","Monroe County",3,26,394,192,202
050,28,095,"Mississippi","Monroe County",3,27,435,209,226
050,28,095,"Mississippi","Monroe County",3,28,403,193,210
050,28,095,"Mississippi","Monroe County",3,29,427,220,207
050,28,095,"Mississippi","Monroe County",3,30,434,231,203
050,28,095,"Mississippi","Monroe County",3,31,440,213,227
050,28,095,"Mississippi","Monroe County",3,32,409,201,208
050,28,095,"Mississippi","Monroe County",3,33,383,185,198
050,28,095,"Mississippi","Monroe County",3,34,401,204,197
050,28,095,"Mississippi","Monroe County",3,35,371,174,197
050,28,095,"Mississippi","Monroe County",3,36,400,202,198
050,28,095,"Mississippi","Monroe County",3,37,380,197,183
050,28,095,"Mississippi","Monroe County",3,38,392,193,199
050,28,095,"Mississippi","Monroe County",3,39,393,184,209
050,28,095,"Mississippi","Monroe County",3,40,400,191,209
050,28,095,"Mississippi","Monroe County",3,41,384,182,202
050,28,095,"Mississippi","Monroe County",3,42,404,203,201
050,28,095,"Mississippi","Monroe County",3,43,399,199,200
050,28,095,"Mississippi","Monroe County",3,44,406,194,212
050,28,095,"Mississippi","Monroe County",3,45,366,164,202
050,28,095,"Mississippi","Monroe County",3,46,389,184,205
050,28,095,"Mississippi","Monroe County",3,47,397,197,200
050,28,095,"Mississippi","Monroe County",3,48,415,199,216
050,28,095,"Mississippi","Monroe County",3,49,449,212,237
050,28,095,"Mississippi","Monroe County",3,50,451,222,229
050,28,095,"Mississippi","Monroe County",3,51,441,226,215
050,28,095,"Mississippi","Monroe County",3,52,446,225,221
050,28,095,"Mississippi","Monroe County",3,53,437,218,219
050,28,095,"Mississippi","Monroe County",3,54,472,233,239
050,28,095,"Mississippi","Monroe County",3,55,448,211,237
050,28,095,"Mississippi","Monroe County",3,56,452,209,243
050,28,095,"Mississippi","Monroe County",3,57,469,222,247
050,28,095,"Mississippi","Monroe County",3,58,455,222,233
050,28,095,"Mississippi","Monroe County",3,59,454,218,236
050,28,095,"Mississippi","Monroe County",3,60,487,230,257
050,28,095,"Mississippi","Monroe County",3,61,474,225,249
050,28,095,"Mississippi","Monroe County",3,62,475,214,261
050,28,095,"Mississippi","Monroe County",3,63,457,210,247
050,28,095,"Mississippi","Monroe County",3,64,472,222,250
050,28,095,"Mississippi","Monroe County",3,65,438,202,236
050,28,095,"Mississippi","Monroe County",3,66,436,206,230
050,28,095,"Mississippi","Monroe County",3,67,422,205,217
050,28,095,"Mississippi","Monroe County",3,68,399,190,209
050,28,095,"Mississippi","Monroe County",3,69,397,177,220
050,28,095,"Mississippi","Monroe County",3,70,364,160,204
050,28,095,"Mississippi","Monroe County",3,71,374,177,197
050,28,095,"Mississippi","Monroe County",3,72,400,190,210
050,28,095,"Mississippi","Monroe County",3,73,368,167,201
050,28,095,"Mississippi","Monroe County",3,74,373,173,200
050,28,095,"Mississippi","Monroe County",3,75,255,115,140
050,28,095,"Mississippi","Monroe County",3,76,263,112,151
050,28,095,"Mississippi","Monroe County",3,77,263,114,149
050,28,095,"Mississippi","Monroe County",3,78,251,113,138
050,28,095,"Mississippi","Monroe County",3,79,224,99,125
050,28,095,"Mississippi","Monroe County",3,80,183,68,115
050,28,095,"Mississippi","Monroe County",3,81,168,50,118
050,28,095,"Mississippi","Monroe County",3,82,171,64,107
050,28,095,"Mississippi","Monroe County",3,83,163,53,110
050,28,095,"Mississippi","Monroe County",3,84,147,52,95
050,28,095,"Mississippi","Monroe County",3,85,719,236,483
050,28,095,"Mississippi","Monroe County",4,0,372,185,187
050,28,095,"Mississippi","Monroe County",4,1,396,190,206
050,28,095,"Mississippi","Monroe County",4,2,397,191,206
050,28,095,"Mississippi","Monroe County",4,3,372,188,184
050,28,095,"Mississippi","Monroe County",4,4,385,189,196
050,28,095,"Mississippi","Monroe County",4,5,389,194,195
050,28,095,"Mississippi","Monroe County",4,6,379,194,185
050,28,095,"Mississippi","Monroe County",4,7,393,200,193
050,28,095,"Mississippi","Monroe County",4,8,388,201,187
050,28,095,"Mississippi","Monroe County",4,9,404,215,189
050,28,095,"Mississippi","Monroe County",4,10,418,205,213
050,28,095,"Mississippi","Monroe County",4,11,381,203,178
050,28,095,"Mississippi","Monroe County",4,12,419,221,198
050,28,095,"Mississippi","Monroe County",4,13,454,233,221
050,28,095,"Mississippi","Monroe County",4,14,494,257,237
050,28,095,"Mississippi","Monroe County",4,15,512,252,260
050,28,095,"Mississippi","Monroe County",4,16,502,250,252
050,28,095,"Mississippi","Monroe County",4,17,479,240,239
050,28,095,"Mississippi","Monroe County",4,18,394,207,187
050,28,095,"Mississippi","Monroe County",4,19,298,151,147
050,28,095,"Mississippi","Monroe County",4,20,333,163,170
050,28,095,"Mississippi","Monroe County",4,21,348,176,172
050,28,095,"Mississippi","Monroe County",4,22,383,183,200
050,28,095,"Mississippi","Monroe County",4,23,396,198,198
050,28,095,"Mississippi","Monroe County",4,24,384,193,191
050,28,095,"Mississippi","Monroe County",4,25,370,186,184
050,28,095,"Mississippi","Monroe County",4,26,366,178,188
050,28,095,"Mississippi","Monroe County",4,27,383,179,204
050,28,095,"Mississippi","Monroe County",4,28,424,204,220
050,28,095,"Mississippi","Monroe County",4,29,387,189,198
050,28,095,"Mississippi","Monroe County",4,30,424,222,202
050,28,095,"Mississippi","Monroe County",4,31,422,219,203
050,28,095,"Mississippi","Monroe County",4,32,423,197,226
050,28,095,"Mississippi","Monroe County",4,33,407,203,204
050,28,095,"Mississippi","Monroe County",4,34,396,200,196
050,28,095,"Mississippi","Monroe County",4,35,390,194,196
050,28,095,"Mississippi","Monroe County",4,36,386,177,209
050,28,095,"Mississippi","Monroe County",4,37,384,184,200
050,28,095,"Mississippi","Monroe County",4,38,387,203,184
050,28,095,"Mississippi","Monroe County",4,39,388,187,201
050,28,095,"Mississippi","Monroe County",4,40,402,187,215
050,28,095,"Mississippi","Monroe County",4,41,383,190,193
050,28,095,"Mississippi","Monroe County",4,42,389,193,196
050,28,095,"Mississippi","Monroe County",4,43,415,206,209
050,28,095,"Mississippi","Monroe County",4,44,404,201,203
050,28,095,"Mississippi","Monroe County",4,45,403,195,208
050,28,095,"Mississippi","Monroe County",4,46,364,157,207
050,28,095,"Mississippi","Monroe County",4,47,378,178,200
050,28,095,"Mississippi","Monroe County",4,48,393,193,200
050,28,095,"Mississippi","Monroe County",4,49,407,192,215
050,28,095,"Mississippi","Monroe County",4,50,457,218,239
050,28,095,"Mississippi","Monroe County",4,51,436,221,215
050,28,095,"Mississippi","Monroe County",4,52,431,216,215
050,28,095,"Mississippi","Monroe County",4,53,437,223,214
050,28,095,"Mississippi","Monroe County",4,54,444,217,227
050,28,095,"Mississippi","Monroe County",4,55,456,221,235
050,28,095,"Mississippi","Monroe County",4,56,434,203,231
050,28,095,"Mississippi","Monroe County",4,57,443,208,235
050,28,095,"Mississippi","Monroe County",4,58,470,228,242
050,28,095,"Mississippi","Monroe County",4,59,434,212,222
050,28,095,"Mississippi","Monroe County",4,60,447,214,233
050,28,095,"Mississippi","Monroe County",4,61,484,228,256
050,28,095,"Mississippi","Monroe County",4,62,463,217,246
050,28,095,"Mississippi","Monroe County",4,63,465,211,254
050,28,095,"Mississippi","Monroe County",4,64,453,205,248
050,28,095,"Mississippi","Monroe County",4,65,456,212,244
050,28,095,"Mississippi","Monroe County",4,66,430,198,232
050,28,095,"Mississippi","Monroe County",4,67,425,197,228
050,28,095,"Mississippi","Monroe County",4,68,403,191,212
050,28,095,"Mississippi","Monroe County",4,69,395,191,204
050,28,095,"Mississippi","Monroe County",4,70,381,165,216
050,28,095,"Mississippi","Monroe County",4,71,359,161,198
050,28,095,"Mississippi","Monroe County",4,72,378,179,199
050,28,095,"Mississippi","Monroe County",4,73,369,164,205
050,28,095,"Mississippi","Monroe County",4,74,355,163,192
050,28,095,"Mississippi","Monroe County",4,75,360,169,191
050,28,095,"Mississippi","Monroe County",4,76,245,108,137
050,28,095,"Mississippi","Monroe County",4,77,253,109,144
050,28,095,"Mississippi","Monroe County",4,78,253,111,142
050,28,095,"Mississippi","Monroe County",4,79,244,114,130
050,28,095,"Mississippi","Monroe County",4,80,199,92,107
050,28,095,"Mississippi","Monroe County",4,81,164,49,115
050,28,095,"Mississippi","Monroe County",4,82,162,53,109
050,28,095,"Mississippi","Monroe County",4,83,152,50,102
050,28,095,"Mississippi","Monroe County",4,84,150,46,104
050,28,095,"Mississippi","Monroe County",4,85,736,244,492
050,28,095,"Mississippi","Monroe County",5,0,380,191,189
050,28,095,"Mississippi","Monroe County",5,1,386,196,190
050,28,095,"Mississippi","Monroe County",5,2,390,189,201
050,28,095,"Mississippi","Monroe County",5,3,403,201,202
050,28,095,"Mississippi","Monroe County",5,4,378,187,191
050,28,095,"Mississippi","Monroe County",5,5,401,188,213
050,28,095,"Mississippi","Monroe County",5,6,384,194,190
050,28,095,"Mississippi","Monroe County",5,7,389,197,192
050,28,095,"Mississippi","Monroe County",5,8,406,206,200
050,28,095,"Mississippi","Monroe County",5,9,406,213,193
050,28,095,"Mississippi","Monroe County",5,10,408,217,191
050,28,095,"Mississippi","Monroe County",5,11,414,206,208
050,28,095,"Mississippi","Monroe County",5,12,387,204,183
050,28,095,"Mississippi","Monroe County",5,13,429,224,205
050,28,095,"Mississippi","Monroe County",5,14,453,229,224
050,28,095,"Mississippi","Monroe County",5,15,495,251,244
050,28,095,"Mississippi","Monroe County",5,16,507,241,266
050,28,095,"Mississippi","Monroe County",5,17,491,244,247
050,28,095,"Mississippi","Monroe County",5,18,403,209,194
050,28,095,"Mississippi","Monroe County",5,19,308,157,151
050,28,095,"Mississippi","Monroe County",5,20,323,161,162
050,28,095,"Mississippi","Monroe County",5,21,346,168,178
050,28,095,"Mississippi","Monroe County",5,22,372,177,195
050,28,095,"Mississippi","Monroe County",5,23,418,191,227
050,28,095,"Mississippi","Monroe County",5,24,393,203,190
050,28,095,"Mississippi","Monroe County",5,25,388,200,188
050,28,095,"Mississippi","Monroe County",5,26,376,196,180
050,28,095,"Mississippi","Monroe County",5,27,369,179,190
050,28,095,"Mississippi","Monroe County",5,28,392,186,206
050,28,095,"Mississippi","Monroe County",5,29,427,208,219
050,28,095,"Mississippi","Monroe County",5,30,411,204,207
050,28,095,"Mississippi","Monroe County",5,31,432,225,207
050,28,095,"Mississippi","Monroe County",5,32,417,211,206
050,28,095,"Mississippi","Monroe County",5,33,427,198,229
050,28,095,"Mississippi","Monroe County",5,34,410,206,204
050,28,095,"Mississippi","Monroe County",5,35,386,196,190
050,28,095,"Mississippi","Monroe County",5,36,399,198,201
050,28,095,"Mississippi","Monroe County",5,37,383,174,209
050,28,095,"Mississippi","Monroe County",5,38,391,190,201
050,28,095,"Mississippi","Monroe County",5,39,389,209,180
050,28,095,"Mississippi","Monroe County",5,40,385,183,202
050,28,095,"Mississippi","Monroe County",5,41,402,189,213
050,28,095,"Mississippi","Monroe County",5,42,379,190,189
050,28,095,"Mississippi","Monroe County",5,43,394,195,199
050,28,095,"Mississippi","Monroe County",5,44,414,208,206
050,28,095,"Mississippi","Monroe County",5,45,398,196,202
050,28,095,"Mississippi","Monroe County",5,46,400,192,208
050,28,095,"Mississippi","Monroe County",5,47,360,155,205
050,28,095,"Mississippi","Monroe County",5,48,377,184,193
050,28,095,"Mississippi","Monroe County",5,49,387,189,198
050,28,095,"Mississippi","Monroe County",5,50,406,195,211
050,28,095,"Mississippi","Monroe County",5,51,466,233,233
050,28,095,"Mississippi","Monroe County",5,52,437,214,223
050,28,095,"Mississippi","Monroe County",5,53,432,218,214
050,28,095,"Mississippi","Monroe County",5,54,443,219,224
050,28,095,"Mississippi","Monroe County",5,55,424,206,218
050,28,095,"Mississippi","Monroe County",5,56,459,225,234
050,28,095,"Mississippi","Monroe County",5,57,429,205,224
050,28,095,"Mississippi","Monroe County",5,58,444,208,236
050,28,095,"Mississippi","Monroe County",5,59,456,228,228
050,28,095,"Mississippi","Monroe County",5,60,449,223,226
050,28,095,"Mississippi","Monroe County",5,61,437,211,226
050,28,095,"Mississippi","Monroe County",5,62,475,223,252
050,28,095,"Mississippi","Monroe County",5,63,444,203,241
050,28,095,"Mississippi","Monroe County",5,64,469,210,259
050,28,095,"Mississippi","Monroe County",5,65,440,198,242
050,28,095,"Mississippi","Monroe County",5,66,453,209,244
050,28,095,"Mississippi","Monroe County",5,67,418,189,229
050,28,095,"Mississippi","Monroe County",5,68,408,190,218
050,28,095,"Mississippi","Monroe County",5,69,401,188,213
050,28,095,"Mississippi","Monroe County",5,70,378,181,197
050,28,095,"Mississippi","Monroe County",5,71,372,162,210
050,28,095,"Mississippi","Monroe County",5,72,364,162,202
050,28,095,"Mississippi","Monroe County",5,73,353,156,197
050,28,095,"Mississippi","Monroe County",5,74,356,159,197
050,28,095,"Mississippi","Monroe County",5,75,348,160,188
050,28,095,"Mississippi","Monroe County",5,76,350,162,188
050,28,095,"Mississippi","Monroe County",5,77,235,105,130
050,28,095,"Mississippi","Monroe County",5,78,244,108,136
050,28,095,"Mississippi","Monroe County",5,79,243,110,133
050,28,095,"Mississippi","Monroe County",5,80,218,108,110
050,28,095,"Mississippi","Monroe County",5,81,179,75,104
050,28,095,"Mississippi","Monroe County",5,82,155,49,106
050,28,095,"Mississippi","Monroe County",5,83,142,40,102
050,28,095,"Mississippi","Monroe County",5,84,141,42,99
050,28,095,"Mississippi","Monroe County",5,85,778,257,521
050,28,097,"Mississippi","Montgomery County",1,0,107,55,52
050,28,097,"Mississippi","Montgomery County",1,1,113,59,54
050,28,097,"Mississippi","Montgomery County",1,2,132,63,69
050,28,097,"Mississippi","Montgomery County",1,3,122,55,67
050,28,097,"Mississippi","Montgomery County",1,4,118,53,65
050,28,097,"Mississippi","Montgomery County",1,5,108,52,56
050,28,097,"Mississippi","Montgomery County",1,6,114,61,53
050,28,097,"Mississippi","Montgomery County",1,7,134,56,78
050,28,097,"Mississippi","Montgomery County",1,8,105,56,49
050,28,097,"Mississippi","Montgomery County",1,9,114,62,52
050,28,097,"Mississippi","Montgomery County",1,10,126,71,55
050,28,097,"Mississippi","Montgomery County",1,11,129,70,59
050,28,097,"Mississippi","Montgomery County",1,12,144,71,73
050,28,097,"Mississippi","Montgomery County",1,13,141,74,67
050,28,097,"Mississippi","Montgomery County",1,14,137,69,68
050,28,097,"Mississippi","Montgomery County",1,15,128,67,61
050,28,097,"Mississippi","Montgomery County",1,16,115,58,57
050,28,097,"Mississippi","Montgomery County",1,17,116,63,53
050,28,097,"Mississippi","Montgomery County",1,18,116,63,53
050,28,097,"Mississippi","Montgomery County",1,19,98,50,48
050,28,097,"Mississippi","Montgomery County",1,20,89,41,48
050,28,097,"Mississippi","Montgomery County",1,21,90,44,46
050,28,097,"Mississippi","Montgomery County",1,22,111,58,53
050,28,097,"Mississippi","Montgomery County",1,23,116,63,53
050,28,097,"Mississippi","Montgomery County",1,24,101,48,53
050,28,097,"Mississippi","Montgomery County",1,25,96,57,39
050,28,097,"Mississippi","Montgomery County",1,26,110,67,43
050,28,097,"Mississippi","Montgomery County",1,27,116,48,68
050,28,097,"Mississippi","Montgomery County",1,28,130,66,64
050,28,097,"Mississippi","Montgomery County",1,29,123,63,60
050,28,097,"Mississippi","Montgomery County",1,30,114,53,61
050,28,097,"Mississippi","Montgomery County",1,31,98,52,46
050,28,097,"Mississippi","Montgomery County",1,32,94,42,52
050,28,097,"Mississippi","Montgomery County",1,33,107,47,60
050,28,097,"Mississippi","Montgomery County",1,34,89,45,44
050,28,097,"Mississippi","Montgomery County",1,35,101,48,53
050,28,097,"Mississippi","Montgomery County",1,36,91,42,49
050,28,097,"Mississippi","Montgomery County",1,37,110,50,60
050,28,097,"Mississippi","Montgomery County",1,38,114,56,58
050,28,097,"Mississippi","Montgomery County",1,39,117,59,58
050,28,097,"Mississippi","Montgomery County",1,40,104,49,55
050,28,097,"Mississippi","Montgomery County",1,41,101,52,49
050,28,097,"Mississippi","Montgomery County",1,42,100,50,50
050,28,097,"Mississippi","Montgomery County",1,43,98,49,49
050,28,097,"Mississippi","Montgomery County",1,44,88,43,45
050,28,097,"Mississippi","Montgomery County",1,45,93,39,54
050,28,097,"Mississippi","Montgomery County",1,46,114,60,54
050,28,097,"Mississippi","Montgomery County",1,47,121,59,62
050,28,097,"Mississippi","Montgomery County",1,48,108,48,60
050,28,097,"Mississippi","Montgomery County",1,49,117,57,60
050,28,097,"Mississippi","Montgomery County",1,50,101,48,53
050,28,097,"Mississippi","Montgomery County",1,51,125,58,67
050,28,097,"Mississippi","Montgomery County",1,52,129,66,63
050,28,097,"Mississippi","Montgomery County",1,53,122,58,64
050,28,097,"Mississippi","Montgomery County",1,54,141,69,72
050,28,097,"Mississippi","Montgomery County",1,55,132,60,72
050,28,097,"Mississippi","Montgomery County",1,56,138,59,79
050,28,097,"Mississippi","Montgomery County",1,57,162,73,89
050,28,097,"Mississippi","Montgomery County",1,58,160,79,81
050,28,097,"Mississippi","Montgomery County",1,59,165,91,74
050,28,097,"Mississippi","Montgomery County",1,60,140,63,77
050,28,097,"Mississippi","Montgomery County",1,61,144,65,79
050,28,097,"Mississippi","Montgomery County",1,62,138,73,65
050,28,097,"Mississippi","Montgomery County",1,63,137,74,63
050,28,097,"Mississippi","Montgomery County",1,64,137,67,70
050,28,097,"Mississippi","Montgomery County",1,65,145,71,74
050,28,097,"Mississippi","Montgomery County",1,66,145,74,71
050,28,097,"Mississippi","Montgomery County",1,67,134,69,65
050,28,097,"Mississippi","Montgomery County",1,68,145,72,73
050,28,097,"Mississippi","Montgomery County",1,69,121,58,63
050,28,097,"Mississippi","Montgomery County",1,70,102,47,55
050,28,097,"Mississippi","Montgomery County",1,71,116,57,59
050,28,097,"Mississippi","Montgomery County",1,72,123,57,66
050,28,097,"Mississippi","Montgomery County",1,73,137,68,69
050,28,097,"Mississippi","Montgomery County",1,74,92,40,52
050,28,097,"Mississippi","Montgomery County",1,75,97,45,52
050,28,097,"Mississippi","Montgomery County",1,76,102,44,58
050,28,097,"Mississippi","Montgomery County",1,77,97,37,60
050,28,097,"Mississippi","Montgomery County",1,78,59,28,31
050,28,097,"Mississippi","Montgomery County",1,79,70,35,35
050,28,097,"Mississippi","Montgomery County",1,80,62,25,37
050,28,097,"Mississippi","Montgomery County",1,81,64,28,36
050,28,097,"Mississippi","Montgomery County",1,82,38,15,23
050,28,097,"Mississippi","Montgomery County",1,83,36,14,22
050,28,097,"Mississippi","Montgomery County",1,84,48,19,29
050,28,097,"Mississippi","Montgomery County",1,85,237,75,162
050,28,097,"Mississippi","Montgomery County",2,0,115,61,54
050,28,097,"Mississippi","Montgomery County",2,1,113,59,54
050,28,097,"Mississippi","Montgomery County",2,2,127,62,65
050,28,097,"Mississippi","Montgomery County",2,3,123,56,67
050,28,097,"Mississippi","Montgomery County",2,4,119,54,65
050,28,097,"Mississippi","Montgomery County",2,5,111,54,57
050,28,097,"Mississippi","Montgomery County",2,6,112,59,53
050,28,097,"Mississippi","Montgomery County",2,7,127,57,70
050,28,097,"Mississippi","Montgomery County",2,8,112,57,55
050,28,097,"Mississippi","Montgomery County",2,9,113,62,51
050,28,097,"Mississippi","Montgomery County",2,10,121,68,53
050,28,097,"Mississippi","Montgomery County",2,11,128,70,58
050,28,097,"Mississippi","Montgomery County",2,12,140,71,69
050,28,097,"Mississippi","Montgomery County",2,13,142,73,69
050,28,097,"Mississippi","Montgomery County",2,14,137,70,67
050,28,097,"Mississippi","Montgomery County",2,15,130,68,62
050,28,097,"Mississippi","Montgomery County",2,16,118,60,58
050,28,097,"Mississippi","Montgomery County",2,17,116,61,55
050,28,097,"Mississippi","Montgomery County",2,18,111,61,50
050,28,097,"Mississippi","Montgomery County",2,19,97,51,46
050,28,097,"Mississippi","Montgomery County",2,20,92,43,49
050,28,097,"Mississippi","Montgomery County",2,21,91,45,46
050,28,097,"Mississippi","Montgomery County",2,22,108,57,51
050,28,097,"Mississippi","Montgomery County",2,23,114,61,53
050,28,097,"Mississippi","Montgomery County",2,24,102,52,50
050,28,097,"Mississippi","Montgomery County",2,25,98,56,42
050,28,097,"Mississippi","Montgomery County",2,26,106,63,43
050,28,097,"Mississippi","Montgomery County",2,27,113,52,61
050,28,097,"Mississippi","Montgomery County",2,28,126,60,66
050,28,097,"Mississippi","Montgomery County",2,29,123,63,60
050,28,097,"Mississippi","Montgomery County",2,30,117,56,61
050,28,097,"Mississippi","Montgomery County",2,31,102,53,49
050,28,097,"Mississippi","Montgomery County",2,32,93,43,50
050,28,097,"Mississippi","Montgomery County",2,33,103,45,58
050,28,097,"Mississippi","Montgomery County",2,34,93,45,48
050,28,097,"Mississippi","Montgomery County",2,35,98,47,51
050,28,097,"Mississippi","Montgomery County",2,36,93,43,50
050,28,097,"Mississippi","Montgomery County",2,37,107,49,58
050,28,097,"Mississippi","Montgomery County",2,38,114,54,60
050,28,097,"Mississippi","Montgomery County",2,39,114,56,58
050,28,097,"Mississippi","Montgomery County",2,40,107,51,56
050,28,097,"Mississippi","Montgomery County",2,41,102,52,50
050,28,097,"Mississippi","Montgomery County",2,42,100,50,50
050,28,097,"Mississippi","Montgomery County",2,43,99,50,49
050,28,097,"Mississippi","Montgomery County",2,44,89,43,46
050,28,097,"Mississippi","Montgomery County",2,45,93,41,52
050,28,097,"Mississippi","Montgomery County",2,46,110,55,55
050,28,097,"Mississippi","Montgomery County",2,47,119,59,60
050,28,097,"Mississippi","Montgomery County",2,48,113,52,61
050,28,097,"Mississippi","Montgomery County",2,49,114,55,59
050,28,097,"Mississippi","Montgomery County",2,50,104,49,55
050,28,097,"Mississippi","Montgomery County",2,51,116,54,62
050,28,097,"Mississippi","Montgomery County",2,52,128,64,64
050,28,097,"Mississippi","Montgomery County",2,53,124,60,64
050,28,097,"Mississippi","Montgomery County",2,54,136,66,70
050,28,097,"Mississippi","Montgomery County",2,55,131,61,70
050,28,097,"Mississippi","Montgomery County",2,56,139,61,78
050,28,097,"Mississippi","Montgomery County",2,57,155,69,86
050,28,097,"Mississippi","Montgomery County",2,58,161,77,84
050,28,097,"Mississippi","Montgomery County",2,59,161,87,74
050,28,097,"Mississippi","Montgomery County",2,60,148,71,77
050,28,097,"Mississippi","Montgomery County",2,61,143,65,78
050,28,097,"Mississippi","Montgomery County",2,62,138,71,67
050,28,097,"Mississippi","Montgomery County",2,63,134,71,63
050,28,097,"Mississippi","Montgomery County",2,64,134,67,67
050,28,097,"Mississippi","Montgomery County",2,65,139,69,70
050,28,097,"Mississippi","Montgomery County",2,66,145,73,72
050,28,097,"Mississippi","Montgomery County",2,67,134,70,64
050,28,097,"Mississippi","Montgomery County",2,68,142,72,70
050,28,097,"Mississippi","Montgomery County",2,69,129,62,67
050,28,097,"Mississippi","Montgomery County",2,70,105,49,56
050,28,097,"Mississippi","Montgomery County",2,71,114,55,59
050,28,097,"Mississippi","Montgomery County",2,72,119,56,63
050,28,097,"Mississippi","Montgomery County",2,73,139,69,70
050,28,097,"Mississippi","Montgomery County",2,74,97,45,52
050,28,097,"Mississippi","Montgomery County",2,75,97,44,53
050,28,097,"Mississippi","Montgomery County",2,76,96,42,54
050,28,097,"Mississippi","Montgomery County",2,77,101,39,62
050,28,097,"Mississippi","Montgomery County",2,78,64,29,35
050,28,097,"Mississippi","Montgomery County",2,79,67,32,35
050,28,097,"Mississippi","Montgomery County",2,80,63,26,37
050,28,097,"Mississippi","Montgomery County",2,81,62,26,36
050,28,097,"Mississippi","Montgomery County",2,82,43,18,25
050,28,097,"Mississippi","Montgomery County",2,83,36,14,22
050,28,097,"Mississippi","Montgomery County",2,84,45,18,27
050,28,097,"Mississippi","Montgomery County",2,85,240,77,163
050,28,097,"Mississippi","Montgomery County",3,0,115,58,57
050,28,097,"Mississippi","Montgomery County",3,1,103,55,48
050,28,097,"Mississippi","Montgomery County",3,2,124,64,60
050,28,097,"Mississippi","Montgomery County",3,3,123,58,65
050,28,097,"Mississippi","Montgomery County",3,4,121,55,66
050,28,097,"Mississippi","Montgomery County",3,5,121,52,69
050,28,097,"Mississippi","Montgomery County",3,6,105,53,52
050,28,097,"Mississippi","Montgomery County",3,7,112,62,50
050,28,097,"Mississippi","Montgomery County",3,8,119,48,71
050,28,097,"Mississippi","Montgomery County",3,9,115,62,53
050,28,097,"Mississippi","Montgomery County",3,10,110,56,54
050,28,097,"Mississippi","Montgomery County",3,11,120,67,53
050,28,097,"Mississippi","Montgomery County",3,12,126,70,56
050,28,097,"Mississippi","Montgomery County",3,13,141,75,66
050,28,097,"Mississippi","Montgomery County",3,14,146,73,73
050,28,097,"Mississippi","Montgomery County",3,15,144,69,75
050,28,097,"Mississippi","Montgomery County",3,16,131,69,62
050,28,097,"Mississippi","Montgomery County",3,17,121,62,59
050,28,097,"Mississippi","Montgomery County",3,18,102,57,45
050,28,097,"Mississippi","Montgomery County",3,19,100,57,43
050,28,097,"Mississippi","Montgomery County",3,20,109,55,54
050,28,097,"Mississippi","Montgomery County",3,21,97,41,56
050,28,097,"Mississippi","Montgomery County",3,22,93,49,44
050,28,097,"Mississippi","Montgomery County",3,23,103,52,51
050,28,097,"Mississippi","Montgomery County",3,24,123,58,65
050,28,097,"Mississippi","Montgomery County",3,25,97,49,48
050,28,097,"Mississippi","Montgomery County",3,26,95,50,45
050,28,097,"Mississippi","Montgomery County",3,27,100,59,41
050,28,097,"Mississippi","Montgomery County",3,28,119,56,63
050,28,097,"Mississippi","Montgomery County",3,29,126,59,67
050,28,097,"Mississippi","Montgomery County",3,30,119,60,59
050,28,097,"Mississippi","Montgomery County",3,31,117,56,61
050,28,097,"Mississippi","Montgomery County",3,32,101,52,49
050,28,097,"Mississippi","Montgomery County",3,33,96,43,53
050,28,097,"Mississippi","Montgomery County",3,34,101,42,59
050,28,097,"Mississippi","Montgomery County",3,35,88,45,43
050,28,097,"Mississippi","Montgomery County",3,36,98,49,49
050,28,097,"Mississippi","Montgomery County",3,37,89,38,51
050,28,097,"Mississippi","Montgomery County",3,38,107,48,59
050,28,097,"Mississippi","Montgomery County",3,39,115,52,63
050,28,097,"Mississippi","Montgomery County",3,40,117,61,56
050,28,097,"Mississippi","Montgomery County",3,41,108,51,57
050,28,097,"Mississippi","Montgomery County",3,42,104,50,54
050,28,097,"Mississippi","Montgomery County",3,43,99,48,51
050,28,097,"Mississippi","Montgomery County",3,44,102,52,50
050,28,097,"Mississippi","Montgomery County",3,45,88,45,43
050,28,097,"Mississippi","Montgomery County",3,46,92,42,50
050,28,097,"Mississippi","Montgomery County",3,47,114,56,58
050,28,097,"Mississippi","Montgomery County",3,48,116,58,58
050,28,097,"Mississippi","Montgomery County",3,49,108,48,60
050,28,097,"Mississippi","Montgomery County",3,50,110,52,58
050,28,097,"Mississippi","Montgomery County",3,51,108,53,55
050,28,097,"Mississippi","Montgomery County",3,52,109,52,57
050,28,097,"Mississippi","Montgomery County",3,53,119,57,62
050,28,097,"Mississippi","Montgomery County",3,54,124,60,64
050,28,097,"Mississippi","Montgomery County",3,55,133,62,71
050,28,097,"Mississippi","Montgomery County",3,56,125,60,65
050,28,097,"Mississippi","Montgomery County",3,57,143,64,79
050,28,097,"Mississippi","Montgomery County",3,58,151,67,84
050,28,097,"Mississippi","Montgomery County",3,59,158,76,82
050,28,097,"Mississippi","Montgomery County",3,60,146,74,72
050,28,097,"Mississippi","Montgomery County",3,61,148,73,75
050,28,097,"Mississippi","Montgomery County",3,62,140,65,75
050,28,097,"Mississippi","Montgomery County",3,63,137,70,67
050,28,097,"Mississippi","Montgomery County",3,64,135,70,65
050,28,097,"Mississippi","Montgomery County",3,65,126,65,61
050,28,097,"Mississippi","Montgomery County",3,66,139,66,73
050,28,097,"Mississippi","Montgomery County",3,67,137,68,69
050,28,097,"Mississippi","Montgomery County",3,68,137,73,64
050,28,097,"Mississippi","Montgomery County",3,69,137,70,67
050,28,097,"Mississippi","Montgomery County",3,70,122,55,67
050,28,097,"Mississippi","Montgomery County",3,71,102,46,56
050,28,097,"Mississippi","Montgomery County",3,72,111,51,60
050,28,097,"Mississippi","Montgomery County",3,73,111,52,59
050,28,097,"Mississippi","Montgomery County",3,74,135,66,69
050,28,097,"Mississippi","Montgomery County",3,75,92,44,48
050,28,097,"Mississippi","Montgomery County",3,76,91,41,50
050,28,097,"Mississippi","Montgomery County",3,77,89,35,54
050,28,097,"Mississippi","Montgomery County",3,78,92,38,54
050,28,097,"Mississippi","Montgomery County",3,79,65,27,38
050,28,097,"Mississippi","Montgomery County",3,80,55,25,30
050,28,097,"Mississippi","Montgomery County",3,81,64,27,37
050,28,097,"Mississippi","Montgomery County",3,82,54,24,30
050,28,097,"Mississippi","Montgomery County",3,83,43,17,26
050,28,097,"Mississippi","Montgomery County",3,84,33,12,21
050,28,097,"Mississippi","Montgomery County",3,85,238,81,157
050,28,097,"Mississippi","Montgomery County",4,0,125,70,55
050,28,097,"Mississippi","Montgomery County",4,1,116,60,56
050,28,097,"Mississippi","Montgomery County",4,2,112,57,55
050,28,097,"Mississippi","Montgomery County",4,3,128,69,59
050,28,097,"Mississippi","Montgomery County",4,4,119,61,58
050,28,097,"Mississippi","Montgomery County",4,5,121,55,66
050,28,097,"Mississippi","Montgomery County",4,6,113,49,64
050,28,097,"Mississippi","Montgomery County",4,7,104,49,55
050,28,097,"Mississippi","Montgomery County",4,8,109,59,50
050,28,097,"Mississippi","Montgomery County",4,9,110,45,65
050,28,097,"Mississippi","Montgomery County",4,10,113,60,53
050,28,097,"Mississippi","Montgomery County",4,11,108,55,53
050,28,097,"Mississippi","Montgomery County",4,12,119,63,56
050,28,097,"Mississippi","Montgomery County",4,13,123,68,55
050,28,097,"Mississippi","Montgomery County",4,14,141,73,68
050,28,097,"Mississippi","Montgomery County",4,15,132,64,68
050,28,097,"Mississippi","Montgomery County",4,16,137,66,71
050,28,097,"Mississippi","Montgomery County",4,17,129,68,61
050,28,097,"Mississippi","Montgomery County",4,18,102,52,50
050,28,097,"Mississippi","Montgomery County",4,19,84,48,36
050,28,097,"Mississippi","Montgomery County",4,20,103,58,45
050,28,097,"Mississippi","Montgomery County",4,21,113,57,56
050,28,097,"Mississippi","Montgomery County",4,22,103,43,60
050,28,097,"Mississippi","Montgomery County",4,23,91,47,44
050,28,097,"Mississippi","Montgomery County",4,24,102,48,54
050,28,097,"Mississippi","Montgomery County",4,25,119,50,69
050,28,097,"Mississippi","Montgomery County",4,26,89,42,47
050,28,097,"Mississippi","Montgomery County",4,27,90,49,41
050,28,097,"Mississippi","Montgomery County",4,28,94,47,47
050,28,097,"Mississippi","Montgomery County",4,29,113,56,57
050,28,097,"Mississippi","Montgomery County",4,30,119,56,63
050,28,097,"Mississippi","Montgomery County",4,31,126,61,65
050,28,097,"Mississippi","Montgomery County",4,32,112,58,54
050,28,097,"Mississippi","Montgomery County",4,33,97,48,49
050,28,097,"Mississippi","Montgomery County",4,34,90,41,49
050,28,097,"Mississippi","Montgomery County",4,35,99,42,57
050,28,097,"Mississippi","Montgomery County",4,36,92,47,45
050,28,097,"Mississippi","Montgomery County",4,37,93,46,47
050,28,097,"Mississippi","Montgomery County",4,38,94,40,54
050,28,097,"Mississippi","Montgomery County",4,39,104,44,60
050,28,097,"Mississippi","Montgomery County",4,40,120,55,65
050,28,097,"Mississippi","Montgomery County",4,41,110,53,57
050,28,097,"Mississippi","Montgomery County",4,42,109,53,56
050,28,097,"Mississippi","Montgomery County",4,43,106,52,54
050,28,097,"Mississippi","Montgomery County",4,44,92,43,49
050,28,097,"Mississippi","Montgomery County",4,45,105,54,51
050,28,097,"Mississippi","Montgomery County",4,46,88,45,43
050,28,097,"Mississippi","Montgomery County",4,47,90,40,50
050,28,097,"Mississippi","Montgomery County",4,48,118,57,61
050,28,097,"Mississippi","Montgomery County",4,49,118,58,60
050,28,097,"Mississippi","Montgomery County",4,50,111,52,59
050,28,097,"Mississippi","Montgomery County",4,51,110,53,57
050,28,097,"Mississippi","Montgomery County",4,52,103,51,52
050,28,097,"Mississippi","Montgomery County",4,53,110,52,58
050,28,097,"Mississippi","Montgomery County",4,54,121,56,65
050,28,097,"Mississippi","Montgomery County",4,55,120,56,64
050,28,097,"Mississippi","Montgomery County",4,56,134,61,73
050,28,097,"Mississippi","Montgomery County",4,57,126,58,68
050,28,097,"Mississippi","Montgomery County",4,58,145,64,81
050,28,097,"Mississippi","Montgomery County",4,59,148,68,80
050,28,097,"Mississippi","Montgomery County",4,60,150,70,80
050,28,097,"Mississippi","Montgomery County",4,61,141,73,68
050,28,097,"Mississippi","Montgomery County",4,62,147,74,73
050,28,097,"Mississippi","Montgomery County",4,63,132,61,71
050,28,097,"Mississippi","Montgomery County",4,64,135,66,69
050,28,097,"Mississippi","Montgomery County",4,65,137,75,62
050,28,097,"Mississippi","Montgomery County",4,66,126,65,61
050,28,097,"Mississippi","Montgomery County",4,67,131,64,67
050,28,097,"Mississippi","Montgomery County",4,68,135,67,68
050,28,097,"Mississippi","Montgomery County",4,69,129,66,63
050,28,097,"Mississippi","Montgomery County",4,70,138,69,69
050,28,097,"Mississippi","Montgomery County",4,71,121,53,68
050,28,097,"Mississippi","Montgomery County",4,72,94,39,55
050,28,097,"Mississippi","Montgomery County",4,73,109,48,61
050,28,097,"Mississippi","Montgomery County",4,74,104,51,53
050,28,097,"Mississippi","Montgomery County",4,75,137,68,69
050,28,097,"Mississippi","Montgomery County",4,76,87,40,47
050,28,097,"Mississippi","Montgomery County",4,77,87,37,50
050,28,097,"Mississippi","Montgomery County",4,78,85,37,48
050,28,097,"Mississippi","Montgomery County",4,79,90,36,54
050,28,097,"Mississippi","Montgomery County",4,80,61,25,36
050,28,097,"Mississippi","Montgomery County",4,81,55,26,29
050,28,097,"Mississippi","Montgomery County",4,82,57,27,30
050,28,097,"Mississippi","Montgomery County",4,83,50,19,31
050,28,097,"Mississippi","Montgomery County",4,84,36,15,21
050,28,097,"Mississippi","Montgomery County",4,85,217,76,141
050,28,097,"Mississippi","Montgomery County",5,0,119,67,52
050,28,097,"Mississippi","Montgomery County",5,1,146,83,63
050,28,097,"Mississippi","Montgomery County",5,2,117,55,62
050,28,097,"Mississippi","Montgomery County",5,3,108,57,51
050,28,097,"Mississippi","Montgomery County",5,4,123,64,59
050,28,097,"Mississippi","Montgomery County",5,5,121,59,62
050,28,097,"Mississippi","Montgomery County",5,6,125,58,67
050,28,097,"Mississippi","Montgomery County",5,7,117,52,65
050,28,097,"Mississippi","Montgomery County",5,8,103,43,60
050,28,097,"Mississippi","Montgomery County",5,9,101,53,48
050,28,097,"Mississippi","Montgomery County",5,10,109,47,62
050,28,097,"Mississippi","Montgomery County",5,11,115,60,55
050,28,097,"Mississippi","Montgomery County",5,12,103,53,50
050,28,097,"Mississippi","Montgomery County",5,13,113,62,51
050,28,097,"Mississippi","Montgomery County",5,14,123,71,52
050,28,097,"Mississippi","Montgomery County",5,15,142,73,69
050,28,097,"Mississippi","Montgomery County",5,16,131,67,64
050,28,097,"Mississippi","Montgomery County",5,17,143,68,75
050,28,097,"Mississippi","Montgomery County",5,18,103,56,47
050,28,097,"Mississippi","Montgomery County",5,19,80,42,38
050,28,097,"Mississippi","Montgomery County",5,20,90,55,35
050,28,097,"Mississippi","Montgomery County",5,21,129,70,59
050,28,097,"Mississippi","Montgomery County",5,22,118,55,63
050,28,097,"Mississippi","Montgomery County",5,23,106,46,60
050,28,097,"Mississippi","Montgomery County",5,24,96,51,45
050,28,097,"Mississippi","Montgomery County",5,25,101,53,48
050,28,097,"Mississippi","Montgomery County",5,26,120,54,66
050,28,097,"Mississippi","Montgomery County",5,27,95,46,49
050,28,097,"Mississippi","Montgomery County",5,28,103,61,42
050,28,097,"Mississippi","Montgomery County",5,29,100,51,49
050,28,097,"Mississippi","Montgomery County",5,30,124,69,55
050,28,097,"Mississippi","Montgomery County",5,31,116,52,64
050,28,097,"Mississippi","Montgomery County",5,32,125,63,62
050,28,097,"Mississippi","Montgomery County",5,33,120,64,56
050,28,097,"Mississippi","Montgomery County",5,34,100,50,50
050,28,097,"Mississippi","Montgomery County",5,35,90,42,48
050,28,097,"Mississippi","Montgomery County",5,36,107,47,60
050,28,097,"Mississippi","Montgomery County",5,37,97,51,46
050,28,097,"Mississippi","Montgomery County",5,38,103,52,51
050,28,097,"Mississippi","Montgomery County",5,39,92,37,55
050,28,097,"Mississippi","Montgomery County",5,40,108,46,62
050,28,097,"Mississippi","Montgomery County",5,41,120,57,63
050,28,097,"Mississippi","Montgomery County",5,42,107,52,55
050,28,097,"Mississippi","Montgomery County",5,43,107,53,54
050,28,097,"Mississippi","Montgomery County",5,44,99,50,49
050,28,097,"Mississippi","Montgomery County",5,45,88,40,48
050,28,097,"Mississippi","Montgomery County",5,46,107,54,53
050,28,097,"Mississippi","Montgomery County",5,47,87,45,42
050,28,097,"Mississippi","Montgomery County",5,48,90,39,51
050,28,097,"Mississippi","Montgomery County",5,49,116,56,60
050,28,097,"Mississippi","Montgomery County",5,50,118,56,62
050,28,097,"Mississippi","Montgomery County",5,51,112,54,58
050,28,097,"Mississippi","Montgomery County",5,52,109,52,57
050,28,097,"Mississippi","Montgomery County",5,53,103,50,53
050,28,097,"Mississippi","Montgomery County",5,54,107,49,58
050,28,097,"Mississippi","Montgomery County",5,55,124,54,70
050,28,097,"Mississippi","Montgomery County",5,56,119,58,61
050,28,097,"Mississippi","Montgomery County",5,57,132,59,73
050,28,097,"Mississippi","Montgomery County",5,58,124,56,68
050,28,097,"Mississippi","Montgomery County",5,59,144,65,79
050,28,097,"Mississippi","Montgomery County",5,60,150,64,86
050,28,097,"Mississippi","Montgomery County",5,61,150,70,80
050,28,097,"Mississippi","Montgomery County",5,62,141,74,67
050,28,097,"Mississippi","Montgomery County",5,63,147,76,71
050,28,097,"Mississippi","Montgomery County",5,64,137,59,78
050,28,097,"Mississippi","Montgomery County",5,65,133,67,66
050,28,097,"Mississippi","Montgomery County",5,66,132,69,63
050,28,097,"Mississippi","Montgomery County",5,67,121,60,61
050,28,097,"Mississippi","Montgomery County",5,68,131,64,67
050,28,097,"Mississippi","Montgomery County",5,69,129,61,68
050,28,097,"Mississippi","Montgomery County",5,70,121,61,60
050,28,097,"Mississippi","Montgomery County",5,71,134,66,68
050,28,097,"Mississippi","Montgomery County",5,72,113,47,66
050,28,097,"Mississippi","Montgomery County",5,73,86,36,50
050,28,097,"Mississippi","Montgomery County",5,74,100,46,54
050,28,097,"Mississippi","Montgomery County",5,75,104,52,52
050,28,097,"Mississippi","Montgomery County",5,76,129,62,67
050,28,097,"Mississippi","Montgomery County",5,77,85,36,49
050,28,097,"Mississippi","Montgomery County",5,78,81,36,45
050,28,097,"Mississippi","Montgomery County",5,79,86,38,48
050,28,097,"Mississippi","Montgomery County",5,80,85,32,53
050,28,097,"Mississippi","Montgomery County",5,81,58,24,34
050,28,097,"Mississippi","Montgomery County",5,82,49,25,24
050,28,097,"Mississippi","Montgomery County",5,83,52,22,30
050,28,097,"Mississippi","Montgomery County",5,84,45,17,28
050,28,097,"Mississippi","Montgomery County",5,85,206,75,131
050,28,099,"Mississippi","Neshoba County",1,0,426,213,213
050,28,099,"Mississippi","Neshoba County",1,1,425,220,205
050,28,099,"Mississippi","Neshoba County",1,2,413,211,202
050,28,099,"Mississippi","Neshoba County",1,3,413,211,202
050,28,099,"Mississippi","Neshoba County",1,4,398,194,204
050,28,099,"Mississippi","Neshoba County",1,5,422,220,202
050,28,099,"Mississippi","Neshoba County",1,6,388,190,198
050,28,099,"Mississippi","Neshoba County",1,7,415,206,209
050,28,099,"Mississippi","Neshoba County",1,8,425,209,216
050,28,099,"Mississippi","Neshoba County",1,9,412,203,209
050,28,099,"Mississippi","Neshoba County",1,10,449,215,234
050,28,099,"Mississippi","Neshoba County",1,11,487,239,248
050,28,099,"Mississippi","Neshoba County",1,12,491,253,238
050,28,099,"Mississippi","Neshoba County",1,13,535,283,252
050,28,099,"Mississippi","Neshoba County",1,14,508,267,241
050,28,099,"Mississippi","Neshoba County",1,15,515,267,248
050,28,099,"Mississippi","Neshoba County",1,16,506,258,248
050,28,099,"Mississippi","Neshoba County",1,17,456,234,222
050,28,099,"Mississippi","Neshoba County",1,18,389,205,184
050,28,099,"Mississippi","Neshoba County",1,19,348,177,171
050,28,099,"Mississippi","Neshoba County",1,20,363,185,178
050,28,099,"Mississippi","Neshoba County",1,21,360,176,184
050,28,099,"Mississippi","Neshoba County",1,22,341,162,179
050,28,099,"Mississippi","Neshoba County",1,23,351,173,178
050,28,099,"Mississippi","Neshoba County",1,24,364,171,193
050,28,099,"Mississippi","Neshoba County",1,25,349,156,193
050,28,099,"Mississippi","Neshoba County",1,26,364,176,188
050,28,099,"Mississippi","Neshoba County",1,27,352,178,174
050,28,099,"Mississippi","Neshoba County",1,28,350,174,176
050,28,099,"Mississippi","Neshoba County",1,29,380,176,204
050,28,099,"Mississippi","Neshoba County",1,30,344,162,182
050,28,099,"Mississippi","Neshoba County",1,31,332,151,181
050,28,099,"Mississippi","Neshoba County",1,32,339,153,186
050,28,099,"Mississippi","Neshoba County",1,33,319,145,174
050,28,099,"Mississippi","Neshoba County",1,34,364,172,192
050,28,099,"Mississippi","Neshoba County",1,35,338,159,179
050,28,099,"Mississippi","Neshoba County",1,36,324,154,170
050,28,099,"Mississippi","Neshoba County",1,37,337,145,192
050,28,099,"Mississippi","Neshoba County",1,38,329,157,172
050,28,099,"Mississippi","Neshoba County",1,39,353,172,181
050,28,099,"Mississippi","Neshoba County",1,40,389,193,196
050,28,099,"Mississippi","Neshoba County",1,41,354,175,179
050,28,099,"Mississippi","Neshoba County",1,42,344,168,176
050,28,099,"Mississippi","Neshoba County",1,43,336,148,188
050,28,099,"Mississippi","Neshoba County",1,44,315,136,179
050,28,099,"Mississippi","Neshoba County",1,45,327,149,178
050,28,099,"Mississippi","Neshoba County",1,46,342,157,185
050,28,099,"Mississippi","Neshoba County",1,47,318,154,164
050,28,099,"Mississippi","Neshoba County",1,48,338,166,172
050,28,099,"Mississippi","Neshoba County",1,49,359,170,189
050,28,099,"Mississippi","Neshoba County",1,50,362,173,189
050,28,099,"Mississippi","Neshoba County",1,51,320,157,163
050,28,099,"Mississippi","Neshoba County",1,52,307,152,155
050,28,099,"Mississippi","Neshoba County",1,53,333,153,180
050,28,099,"Mississippi","Neshoba County",1,54,332,146,186
050,28,099,"Mississippi","Neshoba County",1,55,354,157,197
050,28,099,"Mississippi","Neshoba County",1,56,344,176,168
050,28,099,"Mississippi","Neshoba County",1,57,374,190,184
050,28,099,"Mississippi","Neshoba County",1,58,366,186,180
050,28,099,"Mississippi","Neshoba County",1,59,332,146,186
050,28,099,"Mississippi","Neshoba County",1,60,327,160,167
050,28,099,"Mississippi","Neshoba County",1,61,356,173,183
050,28,099,"Mississippi","Neshoba County",1,62,351,155,196
050,28,099,"Mississippi","Neshoba County",1,63,345,150,195
050,28,099,"Mississippi","Neshoba County",1,64,372,171,201
050,28,099,"Mississippi","Neshoba County",1,65,361,182,179
050,28,099,"Mississippi","Neshoba County",1,66,325,154,171
050,28,099,"Mississippi","Neshoba County",1,67,292,132,160
050,28,099,"Mississippi","Neshoba County",1,68,305,154,151
050,28,099,"Mississippi","Neshoba County",1,69,286,131,155
050,28,099,"Mississippi","Neshoba County",1,70,286,147,139
050,28,099,"Mississippi","Neshoba County",1,71,276,139,137
050,28,099,"Mississippi","Neshoba County",1,72,286,139,147
050,28,099,"Mississippi","Neshoba County",1,73,252,124,128
050,28,099,"Mississippi","Neshoba County",1,74,167,77,90
050,28,099,"Mississippi","Neshoba County",1,75,180,80,100
050,28,099,"Mississippi","Neshoba County",1,76,195,85,110
050,28,099,"Mississippi","Neshoba County",1,77,173,74,99
050,28,099,"Mississippi","Neshoba County",1,78,155,69,86
050,28,099,"Mississippi","Neshoba County",1,79,129,56,73
050,28,099,"Mississippi","Neshoba County",1,80,120,50,70
050,28,099,"Mississippi","Neshoba County",1,81,110,52,58
050,28,099,"Mississippi","Neshoba County",1,82,128,48,80
050,28,099,"Mississippi","Neshoba County",1,83,106,46,60
050,28,099,"Mississippi","Neshoba County",1,84,91,27,64
050,28,099,"Mississippi","Neshoba County",1,85,498,163,335
050,28,099,"Mississippi","Neshoba County",2,0,429,218,211
050,28,099,"Mississippi","Neshoba County",2,1,426,219,207
050,28,099,"Mississippi","Neshoba County",2,2,417,213,204
050,28,099,"Mississippi","Neshoba County",2,3,410,208,202
050,28,099,"Mississippi","Neshoba County",2,4,405,199,206
050,28,099,"Mississippi","Neshoba County",2,5,417,212,205
050,28,099,"Mississippi","Neshoba County",2,6,397,198,199
050,28,099,"Mississippi","Neshoba County",2,7,408,201,207
050,28,099,"Mississippi","Neshoba County",2,8,420,207,213
050,28,099,"Mississippi","Neshoba County",2,9,413,205,208
050,28,099,"Mississippi","Neshoba County",2,10,440,212,228
050,28,099,"Mississippi","Neshoba County",2,11,476,231,245
050,28,099,"Mississippi","Neshoba County",2,12,495,253,242
050,28,099,"Mississippi","Neshoba County",2,13,524,277,247
050,28,099,"Mississippi","Neshoba County",2,14,514,271,243
050,28,099,"Mississippi","Neshoba County",2,15,512,265,247
050,28,099,"Mississippi","Neshoba County",2,16,506,259,247
050,28,099,"Mississippi","Neshoba County",2,17,463,236,227
050,28,099,"Mississippi","Neshoba County",2,18,388,205,183
050,28,099,"Mississippi","Neshoba County",2,19,345,178,167
050,28,099,"Mississippi","Neshoba County",2,20,369,187,182
050,28,099,"Mississippi","Neshoba County",2,21,359,176,183
050,28,099,"Mississippi","Neshoba County",2,22,346,163,183
050,28,099,"Mississippi","Neshoba County",2,23,350,171,179
050,28,099,"Mississippi","Neshoba County",2,24,362,172,190
050,28,099,"Mississippi","Neshoba County",2,25,353,160,193
050,28,099,"Mississippi","Neshoba County",2,26,361,173,188
050,28,099,"Mississippi","Neshoba County",2,27,350,174,176
050,28,099,"Mississippi","Neshoba County",2,28,350,176,174
050,28,099,"Mississippi","Neshoba County",2,29,374,176,198
050,28,099,"Mississippi","Neshoba County",2,30,350,164,186
050,28,099,"Mississippi","Neshoba County",2,31,334,153,181
050,28,099,"Mississippi","Neshoba County",2,32,337,152,185
050,28,099,"Mississippi","Neshoba County",2,33,323,146,177
050,28,099,"Mississippi","Neshoba County",2,34,354,167,187
050,28,099,"Mississippi","Neshoba County",2,35,343,161,182
050,28,099,"Mississippi","Neshoba County",2,36,322,151,171
050,28,099,"Mississippi","Neshoba County",2,37,334,149,185
050,28,099,"Mississippi","Neshoba County",2,38,331,152,179
050,28,099,"Mississippi","Neshoba County",2,39,345,167,178
050,28,099,"Mississippi","Neshoba County",2,40,382,190,192
050,28,099,"Mississippi","Neshoba County",2,41,358,177,181
050,28,099,"Mississippi","Neshoba County",2,42,344,169,175
050,28,099,"Mississippi","Neshoba County",2,43,336,150,186
050,28,099,"Mississippi","Neshoba County",2,44,319,138,181
050,28,099,"Mississippi","Neshoba County",2,45,326,145,181
050,28,099,"Mississippi","Neshoba County",2,46,339,156,183
050,28,099,"Mississippi","Neshoba County",2,47,320,153,167
050,28,099,"Mississippi","Neshoba County",2,48,333,165,168
050,28,099,"Mississippi","Neshoba County",2,49,351,167,184
050,28,099,"Mississippi","Neshoba County",2,50,357,167,190
050,28,099,"Mississippi","Neshoba County",2,51,328,160,168
050,28,099,"Mississippi","Neshoba County",2,52,304,150,154
050,28,099,"Mississippi","Neshoba County",2,53,322,149,173
050,28,099,"Mississippi","Neshoba County",2,54,329,147,182
050,28,099,"Mississippi","Neshoba County",2,55,348,154,194
050,28,099,"Mississippi","Neshoba County",2,56,347,171,176
050,28,099,"Mississippi","Neshoba County",2,57,364,186,178
050,28,099,"Mississippi","Neshoba County",2,58,363,182,181
050,28,099,"Mississippi","Neshoba County",2,59,340,154,186
050,28,099,"Mississippi","Neshoba County",2,60,327,156,171
050,28,099,"Mississippi","Neshoba County",2,61,348,169,179
050,28,099,"Mississippi","Neshoba County",2,62,345,154,191
050,28,099,"Mississippi","Neshoba County",2,63,350,153,197
050,28,099,"Mississippi","Neshoba County",2,64,356,159,197
050,28,099,"Mississippi","Neshoba County",2,65,358,176,182
050,28,099,"Mississippi","Neshoba County",2,66,333,161,172
050,28,099,"Mississippi","Neshoba County",2,67,295,135,160
050,28,099,"Mississippi","Neshoba County",2,68,299,146,153
050,28,099,"Mississippi","Neshoba County",2,69,286,135,151
050,28,099,"Mississippi","Neshoba County",2,70,284,143,141
050,28,099,"Mississippi","Neshoba County",2,71,270,134,136
050,28,099,"Mississippi","Neshoba County",2,72,282,138,144
050,28,099,"Mississippi","Neshoba County",2,73,266,130,136
050,28,099,"Mississippi","Neshoba County",2,74,175,82,93
050,28,099,"Mississippi","Neshoba County",2,75,176,80,96
050,28,099,"Mississippi","Neshoba County",2,76,186,80,106
050,28,099,"Mississippi","Neshoba County",2,77,180,76,104
050,28,099,"Mississippi","Neshoba County",2,78,145,60,85
050,28,099,"Mississippi","Neshoba County",2,79,130,59,71
050,28,099,"Mississippi","Neshoba County",2,80,121,50,71
050,28,099,"Mississippi","Neshoba County",2,81,105,48,57
050,28,099,"Mississippi","Neshoba County",2,82,125,48,77
050,28,099,"Mississippi","Neshoba County",2,83,108,45,63
050,28,099,"Mississippi","Neshoba County",2,84,90,29,61
050,28,099,"Mississippi","Neshoba County",2,85,489,158,331
050,28,099,"Mississippi","Neshoba County",3,0,426,212,214
050,28,099,"Mississippi","Neshoba County",3,1,451,222,229
050,28,099,"Mississippi","Neshoba County",3,2,407,204,203
050,28,099,"Mississippi","Neshoba County",3,3,405,202,203
050,28,099,"Mississippi","Neshoba County",3,4,407,196,211
050,28,099,"Mississippi","Neshoba County",3,5,395,201,194
050,28,099,"Mississippi","Neshoba County",3,6,413,209,204
050,28,099,"Mississippi","Neshoba County",3,7,397,195,202
050,28,099,"Mississippi","Neshoba County",3,8,412,203,209
050,28,099,"Mississippi","Neshoba County",3,9,418,203,215
050,28,099,"Mississippi","Neshoba County",3,10,415,202,213
050,28,099,"Mississippi","Neshoba County",3,11,445,211,234
050,28,099,"Mississippi","Neshoba County",3,12,483,235,248
050,28,099,"Mississippi","Neshoba County",3,13,512,263,249
050,28,099,"Mississippi","Neshoba County",3,14,537,292,245
050,28,099,"Mississippi","Neshoba County",3,15,520,267,253
050,28,099,"Mississippi","Neshoba County",3,16,513,263,250
050,28,099,"Mississippi","Neshoba County",3,17,509,255,254
050,28,099,"Mississippi","Neshoba County",3,18,402,211,191
050,28,099,"Mississippi","Neshoba County",3,19,326,171,155
050,28,099,"Mississippi","Neshoba County",3,20,355,178,177
050,28,099,"Mississippi","Neshoba County",3,21,379,191,188
050,28,099,"Mississippi","Neshoba County",3,22,374,182,192
050,28,099,"Mississippi","Neshoba County",3,23,355,173,182
050,28,099,"Mississippi","Neshoba County",3,24,328,167,161
050,28,099,"Mississippi","Neshoba County",3,25,358,162,196
050,28,099,"Mississippi","Neshoba County",3,26,354,160,194
050,28,099,"Mississippi","Neshoba County",3,27,335,155,180
050,28,099,"Mississippi","Neshoba County",3,28,372,183,189
050,28,099,"Mississippi","Neshoba County",3,29,344,170,174
050,28,099,"Mississippi","Neshoba County",3,30,359,166,193
050,28,099,"Mississippi","Neshoba County",3,31,336,161,175
050,28,099,"Mississippi","Neshoba County",3,32,337,151,186
050,28,099,"Mississippi","Neshoba County",3,33,331,150,181
050,28,099,"Mississippi","Neshoba County",3,34,329,152,177
050,28,099,"Mississippi","Neshoba County",3,35,357,171,186
050,28,099,"Mississippi","Neshoba County",3,36,328,149,179
050,28,099,"Mississippi","Neshoba County",3,37,327,155,172
050,28,099,"Mississippi","Neshoba County",3,38,340,147,193
050,28,099,"Mississippi","Neshoba County",3,39,328,158,170
050,28,099,"Mississippi","Neshoba County",3,40,348,176,172
050,28,099,"Mississippi","Neshoba County",3,41,382,187,195
050,28,099,"Mississippi","Neshoba County",3,42,355,173,182
050,28,099,"Mississippi","Neshoba County",3,43,340,164,176
050,28,099,"Mississippi","Neshoba County",3,44,336,150,186
050,28,099,"Mississippi","Neshoba County",3,45,317,133,184
050,28,099,"Mississippi","Neshoba County",3,46,329,154,175
050,28,099,"Mississippi","Neshoba County",3,47,330,152,178
050,28,099,"Mississippi","Neshoba County",3,48,318,148,170
050,28,099,"Mississippi","Neshoba County",3,49,334,160,174
050,28,099,"Mississippi","Neshoba County",3,50,347,164,183
050,28,099,"Mississippi","Neshoba County",3,51,361,177,184
050,28,099,"Mississippi","Neshoba County",3,52,325,158,167
050,28,099,"Mississippi","Neshoba County",3,53,297,142,155
050,28,099,"Mississippi","Neshoba County",3,54,315,142,173
050,28,099,"Mississippi","Neshoba County",3,55,333,150,183
050,28,099,"Mississippi","Neshoba County",3,56,346,152,194
050,28,099,"Mississippi","Neshoba County",3,57,349,170,179
050,28,099,"Mississippi","Neshoba County",3,58,358,182,176
050,28,099,"Mississippi","Neshoba County",3,59,378,188,190
050,28,099,"Mississippi","Neshoba County",3,60,338,154,184
050,28,099,"Mississippi","Neshoba County",3,61,327,156,171
050,28,099,"Mississippi","Neshoba County",3,62,339,163,176
050,28,099,"Mississippi","Neshoba County",3,63,343,149,194
050,28,099,"Mississippi","Neshoba County",3,64,339,148,191
050,28,099,"Mississippi","Neshoba County",3,65,336,148,188
050,28,099,"Mississippi","Neshoba County",3,66,351,174,177
050,28,099,"Mississippi","Neshoba County",3,67,322,154,168
050,28,099,"Mississippi","Neshoba County",3,68,289,133,156
050,28,099,"Mississippi","Neshoba County",3,69,295,143,152
050,28,099,"Mississippi","Neshoba County",3,70,273,134,139
050,28,099,"Mississippi","Neshoba County",3,71,268,134,134
050,28,099,"Mississippi","Neshoba County",3,72,257,128,129
050,28,099,"Mississippi","Neshoba County",3,73,255,128,127
050,28,099,"Mississippi","Neshoba County",3,74,245,116,129
050,28,099,"Mississippi","Neshoba County",3,75,174,80,94
050,28,099,"Mississippi","Neshoba County",3,76,169,78,91
050,28,099,"Mississippi","Neshoba County",3,77,187,76,111
050,28,099,"Mississippi","Neshoba County",3,78,159,67,92
050,28,099,"Mississippi","Neshoba County",3,79,137,57,80
050,28,099,"Mississippi","Neshoba County",3,80,124,49,75
050,28,099,"Mississippi","Neshoba County",3,81,102,47,55
050,28,099,"Mississippi","Neshoba County",3,82,103,43,60
050,28,099,"Mississippi","Neshoba County",3,83,101,38,63
050,28,099,"Mississippi","Neshoba County",3,84,95,34,61
050,28,099,"Mississippi","Neshoba County",3,85,463,146,317
050,28,099,"Mississippi","Neshoba County",4,0,429,226,203
050,28,099,"Mississippi","Neshoba County",4,1,432,207,225
050,28,099,"Mississippi","Neshoba County",4,2,441,218,223
050,28,099,"Mississippi","Neshoba County",4,3,419,205,214
050,28,099,"Mississippi","Neshoba County",4,4,410,205,205
050,28,099,"Mississippi","Neshoba County",4,5,407,199,208
050,28,099,"Mississippi","Neshoba County",4,6,396,204,192
050,28,099,"Mississippi","Neshoba County",4,7,409,200,209
050,28,099,"Mississippi","Neshoba County",4,8,399,193,206
050,28,099,"Mississippi","Neshoba County",4,9,405,204,201
050,28,099,"Mississippi","Neshoba County",4,10,404,190,214
050,28,099,"Mississippi","Neshoba County",4,11,425,205,220
050,28,099,"Mississippi","Neshoba County",4,12,450,212,238
050,28,099,"Mississippi","Neshoba County",4,13,473,224,249
050,28,099,"Mississippi","Neshoba County",4,14,515,261,254
050,28,099,"Mississippi","Neshoba County",4,15,527,286,241
050,28,099,"Mississippi","Neshoba County",4,16,523,269,254
050,28,099,"Mississippi","Neshoba County",4,17,515,261,254
050,28,099,"Mississippi","Neshoba County",4,18,444,229,215
050,28,099,"Mississippi","Neshoba County",4,19,333,177,156
050,28,099,"Mississippi","Neshoba County",4,20,330,166,164
050,28,099,"Mississippi","Neshoba County",4,21,357,176,181
050,28,099,"Mississippi","Neshoba County",4,22,378,196,182
050,28,099,"Mississippi","Neshoba County",4,23,384,181,203
050,28,099,"Mississippi","Neshoba County",4,24,362,186,176
050,28,099,"Mississippi","Neshoba County",4,25,319,160,159
050,28,099,"Mississippi","Neshoba County",4,26,361,171,190
050,28,099,"Mississippi","Neshoba County",4,27,344,159,185
050,28,099,"Mississippi","Neshoba County",4,28,347,157,190
050,28,099,"Mississippi","Neshoba County",4,29,375,176,199
050,28,099,"Mississippi","Neshoba County",4,30,348,169,179
050,28,099,"Mississippi","Neshoba County",4,31,355,160,195
050,28,099,"Mississippi","Neshoba County",4,32,345,168,177
050,28,099,"Mississippi","Neshoba County",4,33,339,153,186
050,28,099,"Mississippi","Neshoba County",4,34,320,155,165
050,28,099,"Mississippi","Neshoba County",4,35,329,153,176
050,28,099,"Mississippi","Neshoba County",4,36,350,166,184
050,28,099,"Mississippi","Neshoba County",4,37,340,158,182
050,28,099,"Mississippi","Neshoba County",4,38,334,157,177
050,28,099,"Mississippi","Neshoba County",4,39,340,148,192
050,28,099,"Mississippi","Neshoba County",4,40,325,161,164
050,28,099,"Mississippi","Neshoba County",4,41,343,175,168
050,28,099,"Mississippi","Neshoba County",4,42,375,180,195
050,28,099,"Mississippi","Neshoba County",4,43,357,173,184
050,28,099,"Mississippi","Neshoba County",4,44,330,160,170
050,28,099,"Mississippi","Neshoba County",4,45,333,151,182
050,28,099,"Mississippi","Neshoba County",4,46,319,139,180
050,28,099,"Mississippi","Neshoba County",4,47,318,149,169
050,28,099,"Mississippi","Neshoba County",4,48,323,147,176
050,28,099,"Mississippi","Neshoba County",4,49,307,146,161
050,28,099,"Mississippi","Neshoba County",4,50,334,154,180
050,28,099,"Mississippi","Neshoba County",4,51,338,163,175
050,28,099,"Mississippi","Neshoba County",4,52,359,176,183
050,28,099,"Mississippi","Neshoba County",4,53,315,147,168
050,28,099,"Mississippi","Neshoba County",4,54,291,136,155
050,28,099,"Mississippi","Neshoba County",4,55,310,140,170
050,28,099,"Mississippi","Neshoba County",4,56,327,152,175
050,28,099,"Mississippi","Neshoba County",4,57,342,150,192
050,28,099,"Mississippi","Neshoba County",4,58,343,161,182
050,28,099,"Mississippi","Neshoba County",4,59,361,183,178
050,28,099,"Mississippi","Neshoba County",4,60,379,191,188
050,28,099,"Mississippi","Neshoba County",4,61,345,156,189
050,28,099,"Mississippi","Neshoba County",4,62,315,149,166
050,28,099,"Mississippi","Neshoba County",4,63,343,164,179
050,28,099,"Mississippi","Neshoba County",4,64,343,154,189
050,28,099,"Mississippi","Neshoba County",4,65,326,141,185
050,28,099,"Mississippi","Neshoba County",4,66,336,149,187
050,28,099,"Mississippi","Neshoba County",4,67,340,166,174
050,28,099,"Mississippi","Neshoba County",4,68,307,146,161
050,28,099,"Mississippi","Neshoba County",4,69,272,122,150
050,28,099,"Mississippi","Neshoba County",4,70,279,135,144
050,28,099,"Mississippi","Neshoba County",4,71,258,126,132
050,28,099,"Mississippi","Neshoba County",4,72,250,125,125
050,28,099,"Mississippi","Neshoba County",4,73,238,119,119
050,28,099,"Mississippi","Neshoba County",4,74,245,121,124
050,28,099,"Mississippi","Neshoba County",4,75,234,108,126
050,28,099,"Mississippi","Neshoba County",4,76,165,78,87
050,28,099,"Mississippi","Neshoba County",4,77,162,69,93
050,28,099,"Mississippi","Neshoba County",4,78,164,68,96
050,28,099,"Mississippi","Neshoba County",4,79,153,63,90
050,28,099,"Mississippi","Neshoba County",4,80,128,46,82
050,28,099,"Mississippi","Neshoba County",4,81,108,45,63
050,28,099,"Mississippi","Neshoba County",4,82,108,47,61
050,28,099,"Mississippi","Neshoba County",4,83,86,34,52
050,28,099,"Mississippi","Neshoba County",4,84,92,34,58
050,28,099,"Mississippi","Neshoba County",4,85,465,154,311
050,28,099,"Mississippi","Neshoba County",5,0,425,225,200
050,28,099,"Mississippi","Neshoba County",5,1,418,224,194
050,28,099,"Mississippi","Neshoba County",5,2,428,207,221
050,28,099,"Mississippi","Neshoba County",5,3,439,217,222
050,28,099,"Mississippi","Neshoba County",5,4,404,192,212
050,28,099,"Mississippi","Neshoba County",5,5,414,210,204
050,28,099,"Mississippi","Neshoba County",5,6,405,192,213
050,28,099,"Mississippi","Neshoba County",5,7,399,201,198
050,28,099,"Mississippi","Neshoba County",5,8,395,196,199
050,28,099,"Mississippi","Neshoba County",5,9,401,195,206
050,28,099,"Mississippi","Neshoba County",5,10,408,205,203
050,28,099,"Mississippi","Neshoba County",5,11,403,189,214
050,28,099,"Mississippi","Neshoba County",5,12,427,201,226
050,28,099,"Mississippi","Neshoba County",5,13,449,210,239
050,28,099,"Mississippi","Neshoba County",5,14,471,227,244
050,28,099,"Mississippi","Neshoba County",5,15,515,262,253
050,28,099,"Mississippi","Neshoba County",5,16,535,287,248
050,28,099,"Mississippi","Neshoba County",5,17,526,265,261
050,28,099,"Mississippi","Neshoba County",5,18,445,229,216
050,28,099,"Mississippi","Neshoba County",5,19,373,190,183
050,28,099,"Mississippi","Neshoba County",5,20,350,178,172
050,28,099,"Mississippi","Neshoba County",5,21,352,172,180
050,28,099,"Mississippi","Neshoba County",5,22,372,179,193
050,28,099,"Mississippi","Neshoba County",5,23,397,207,190
050,28,099,"Mississippi","Neshoba County",5,24,382,175,207
050,28,099,"Mississippi","Neshoba County",5,25,343,173,170
050,28,099,"Mississippi","Neshoba County",5,26,330,165,165
050,28,099,"Mississippi","Neshoba County",5,27,344,153,191
050,28,099,"Mississippi","Neshoba County",5,28,331,153,178
050,28,099,"Mississippi","Neshoba County",5,29,352,157,195
050,28,099,"Mississippi","Neshoba County",5,30,362,170,192
050,28,099,"Mississippi","Neshoba County",5,31,343,170,173
050,28,099,"Mississippi","Neshoba County",5,32,356,166,190
050,28,099,"Mississippi","Neshoba County",5,33,336,165,171
050,28,099,"Mississippi","Neshoba County",5,34,345,153,192
050,28,099,"Mississippi","Neshoba County",5,35,344,164,180
050,28,099,"Mississippi","Neshoba County",5,36,314,138,176
050,28,099,"Mississippi","Neshoba County",5,37,365,174,191
050,28,099,"Mississippi","Neshoba County",5,38,325,147,178
050,28,099,"Mississippi","Neshoba County",5,39,339,163,176
050,28,099,"Mississippi","Neshoba County",5,40,337,146,191
050,28,099,"Mississippi","Neshoba County",5,41,322,164,158
050,28,099,"Mississippi","Neshoba County",5,42,345,175,170
050,28,099,"Mississippi","Neshoba County",5,43,375,185,190
050,28,099,"Mississippi","Neshoba County",5,44,356,175,181
050,28,099,"Mississippi","Neshoba County",5,45,328,157,171
050,28,099,"Mississippi","Neshoba County",5,46,335,158,177
050,28,099,"Mississippi","Neshoba County",5,47,320,138,182
050,28,099,"Mississippi","Neshoba County",5,48,317,148,169
050,28,099,"Mississippi","Neshoba County",5,49,326,151,175
050,28,099,"Mississippi","Neshoba County",5,50,310,145,165
050,28,099,"Mississippi","Neshoba County",5,51,333,155,178
050,28,099,"Mississippi","Neshoba County",5,52,340,165,175
050,28,099,"Mississippi","Neshoba County",5,53,342,167,175
050,28,099,"Mississippi","Neshoba County",5,54,318,147,171
050,28,099,"Mississippi","Neshoba County",5,55,296,139,157
050,28,099,"Mississippi","Neshoba County",5,56,314,143,171
050,28,099,"Mississippi","Neshoba County",5,57,325,150,175
050,28,099,"Mississippi","Neshoba County",5,58,334,140,194
050,28,099,"Mississippi","Neshoba County",5,59,345,165,180
050,28,099,"Mississippi","Neshoba County",5,60,354,177,177
050,28,099,"Mississippi","Neshoba County",5,61,392,202,190
050,28,099,"Mississippi","Neshoba County",5,62,333,146,187
050,28,099,"Mississippi","Neshoba County",5,63,319,147,172
050,28,099,"Mississippi","Neshoba County",5,64,333,162,171
050,28,099,"Mississippi","Neshoba County",5,65,328,146,182
050,28,099,"Mississippi","Neshoba County",5,66,334,144,190
050,28,099,"Mississippi","Neshoba County",5,67,318,142,176
050,28,099,"Mississippi","Neshoba County",5,68,327,160,167
050,28,099,"Mississippi","Neshoba County",5,69,299,141,158
050,28,099,"Mississippi","Neshoba County",5,70,269,128,141
050,28,099,"Mississippi","Neshoba County",5,71,261,125,136
050,28,099,"Mississippi","Neshoba County",5,72,244,120,124
050,28,099,"Mississippi","Neshoba County",5,73,235,115,120
050,28,099,"Mississippi","Neshoba County",5,74,225,112,113
050,28,099,"Mississippi","Neshoba County",5,75,239,117,122
050,28,099,"Mississippi","Neshoba County",5,76,221,103,118
050,28,099,"Mississippi","Neshoba County",5,77,162,69,93
050,28,099,"Mississippi","Neshoba County",5,78,144,64,80
050,28,099,"Mississippi","Neshoba County",5,79,158,66,92
050,28,099,"Mississippi","Neshoba County",5,80,141,49,92
050,28,099,"Mississippi","Neshoba County",5,81,115,44,71
050,28,099,"Mississippi","Neshoba County",5,82,112,45,67
050,28,099,"Mississippi","Neshoba County",5,83,92,37,55
050,28,099,"Mississippi","Neshoba County",5,84,79,31,48
050,28,099,"Mississippi","Neshoba County",5,85,475,161,314
050,28,101,"Mississippi","Newton County",1,0,256,131,125
050,28,101,"Mississippi","Newton County",1,1,276,135,141
050,28,101,"Mississippi","Newton County",1,2,281,131,150
050,28,101,"Mississippi","Newton County",1,3,276,130,146
050,28,101,"Mississippi","Newton County",1,4,286,139,147
050,28,101,"Mississippi","Newton County",1,5,240,120,120
050,28,101,"Mississippi","Newton County",1,6,263,133,130
050,28,101,"Mississippi","Newton County",1,7,246,120,126
050,28,101,"Mississippi","Newton County",1,8,280,135,145
050,28,101,"Mississippi","Newton County",1,9,292,147,145
050,28,101,"Mississippi","Newton County",1,10,300,148,152
050,28,101,"Mississippi","Newton County",1,11,328,156,172
050,28,101,"Mississippi","Newton County",1,12,340,164,176
050,28,101,"Mississippi","Newton County",1,13,324,168,156
050,28,101,"Mississippi","Newton County",1,14,327,157,170
050,28,101,"Mississippi","Newton County",1,15,326,161,165
050,28,101,"Mississippi","Newton County",1,16,317,160,157
050,28,101,"Mississippi","Newton County",1,17,319,172,147
050,28,101,"Mississippi","Newton County",1,18,396,197,199
050,28,101,"Mississippi","Newton County",1,19,471,245,226
050,28,101,"Mississippi","Newton County",1,20,378,192,186
050,28,101,"Mississippi","Newton County",1,21,288,153,135
050,28,101,"Mississippi","Newton County",1,22,264,138,126
050,28,101,"Mississippi","Newton County",1,23,239,118,121
050,28,101,"Mississippi","Newton County",1,24,249,127,122
050,28,101,"Mississippi","Newton County",1,25,234,120,114
050,28,101,"Mississippi","Newton County",1,26,239,111,128
050,28,101,"Mississippi","Newton County",1,27,257,137,120
050,28,101,"Mississippi","Newton County",1,28,264,131,133
050,28,101,"Mississippi","Newton County",1,29,282,136,146
050,28,101,"Mississippi","Newton County",1,30,280,128,152
050,28,101,"Mississippi","Newton County",1,31,231,119,112
050,28,101,"Mississippi","Newton County",1,32,221,109,112
050,28,101,"Mississippi","Newton County",1,33,218,108,110
050,28,101,"Mississippi","Newton County",1,34,220,113,107
050,28,101,"Mississippi","Newton County",1,35,222,105,117
050,28,101,"Mississippi","Newton County",1,36,239,109,130
050,28,101,"Mississippi","Newton County",1,37,240,115,125
050,28,101,"Mississippi","Newton County",1,38,229,96,133
050,28,101,"Mississippi","Newton County",1,39,243,111,132
050,28,101,"Mississippi","Newton County",1,40,246,122,124
050,28,101,"Mississippi","Newton County",1,41,236,122,114
050,28,101,"Mississippi","Newton County",1,42,259,126,133
050,28,101,"Mississippi","Newton County",1,43,254,122,132
050,28,101,"Mississippi","Newton County",1,44,252,132,120
050,28,101,"Mississippi","Newton County",1,45,284,143,141
050,28,101,"Mississippi","Newton County",1,46,249,121,128
050,28,101,"Mississippi","Newton County",1,47,263,125,138
050,28,101,"Mississippi","Newton County",1,48,296,138,158
050,28,101,"Mississippi","Newton County",1,49,280,133,147
050,28,101,"Mississippi","Newton County",1,50,282,138,144
050,28,101,"Mississippi","Newton County",1,51,293,140,153
050,28,101,"Mississippi","Newton County",1,52,258,129,129
050,28,101,"Mississippi","Newton County",1,53,235,114,121
050,28,101,"Mississippi","Newton County",1,54,247,127,120
050,28,101,"Mississippi","Newton County",1,55,249,123,126
050,28,101,"Mississippi","Newton County",1,56,260,131,129
050,28,101,"Mississippi","Newton County",1,57,273,139,134
050,28,101,"Mississippi","Newton County",1,58,283,147,136
050,28,101,"Mississippi","Newton County",1,59,248,130,118
050,28,101,"Mississippi","Newton County",1,60,245,112,133
050,28,101,"Mississippi","Newton County",1,61,242,116,126
050,28,101,"Mississippi","Newton County",1,62,259,123,136
050,28,101,"Mississippi","Newton County",1,63,264,116,148
050,28,101,"Mississippi","Newton County",1,64,250,109,141
050,28,101,"Mississippi","Newton County",1,65,239,113,126
050,28,101,"Mississippi","Newton County",1,66,221,105,116
050,28,101,"Mississippi","Newton County",1,67,227,117,110
050,28,101,"Mississippi","Newton County",1,68,208,91,117
050,28,101,"Mississippi","Newton County",1,69,221,89,132
050,28,101,"Mississippi","Newton County",1,70,222,99,123
050,28,101,"Mississippi","Newton County",1,71,208,93,115
050,28,101,"Mississippi","Newton County",1,72,202,95,107
050,28,101,"Mississippi","Newton County",1,73,210,101,109
050,28,101,"Mississippi","Newton County",1,74,145,59,86
050,28,101,"Mississippi","Newton County",1,75,152,64,88
050,28,101,"Mississippi","Newton County",1,76,145,68,77
050,28,101,"Mississippi","Newton County",1,77,124,52,72
050,28,101,"Mississippi","Newton County",1,78,111,47,64
050,28,101,"Mississippi","Newton County",1,79,104,43,61
050,28,101,"Mississippi","Newton County",1,80,112,46,66
050,28,101,"Mississippi","Newton County",1,81,120,50,70
050,28,101,"Mississippi","Newton County",1,82,92,41,51
050,28,101,"Mississippi","Newton County",1,83,80,30,50
050,28,101,"Mississippi","Newton County",1,84,79,27,52
050,28,101,"Mississippi","Newton County",1,85,384,119,265
050,28,101,"Mississippi","Newton County",2,0,270,134,136
050,28,101,"Mississippi","Newton County",2,1,272,135,137
050,28,101,"Mississippi","Newton County",2,2,276,130,146
050,28,101,"Mississippi","Newton County",2,3,277,131,146
050,28,101,"Mississippi","Newton County",2,4,282,135,147
050,28,101,"Mississippi","Newton County",2,5,253,125,128
050,28,101,"Mississippi","Newton County",2,6,255,129,126
050,28,101,"Mississippi","Newton County",2,7,248,123,125
050,28,101,"Mississippi","Newton County",2,8,272,133,139
050,28,101,"Mississippi","Newton County",2,9,286,142,144
050,28,101,"Mississippi","Newton County",2,10,295,147,148
050,28,101,"Mississippi","Newton County",2,11,321,154,167
050,28,101,"Mississippi","Newton County",2,12,336,160,176
050,28,101,"Mississippi","Newton County",2,13,327,164,163
050,28,101,"Mississippi","Newton County",2,14,325,160,165
050,28,101,"Mississippi","Newton County",2,15,325,160,165
050,28,101,"Mississippi","Newton County",2,16,321,161,160
050,28,101,"Mississippi","Newton County",2,17,318,169,149
050,28,101,"Mississippi","Newton County",2,18,401,203,198
050,28,101,"Mississippi","Newton County",2,19,470,243,227
050,28,101,"Mississippi","Newton County",2,20,380,191,189
050,28,101,"Mississippi","Newton County",2,21,286,151,135
050,28,101,"Mississippi","Newton County",2,22,264,139,125
050,28,101,"Mississippi","Newton County",2,23,247,125,122
050,28,101,"Mississippi","Newton County",2,24,246,125,121
050,28,101,"Mississippi","Newton County",2,25,238,119,119
050,28,101,"Mississippi","Newton County",2,26,240,115,125
050,28,101,"Mississippi","Newton County",2,27,256,132,124
050,28,101,"Mississippi","Newton County",2,28,260,132,128
050,28,101,"Mississippi","Newton County",2,29,278,135,143
050,28,101,"Mississippi","Newton County",2,30,280,130,150
050,28,101,"Mississippi","Newton County",2,31,241,120,121
050,28,101,"Mississippi","Newton County",2,32,220,111,109
050,28,101,"Mississippi","Newton County",2,33,218,110,108
050,28,101,"Mississippi","Newton County",2,34,220,112,108
050,28,101,"Mississippi","Newton County",2,35,222,107,115
050,28,101,"Mississippi","Newton County",2,36,232,106,126
050,28,101,"Mississippi","Newton County",2,37,241,115,126
050,28,101,"Mississippi","Newton County",2,38,231,100,131
050,28,101,"Mississippi","Newton County",2,39,238,106,132
050,28,101,"Mississippi","Newton County",2,40,247,120,127
050,28,101,"Mississippi","Newton County",2,41,236,120,116
050,28,101,"Mississippi","Newton County",2,42,250,122,128
050,28,101,"Mississippi","Newton County",2,43,257,123,134
050,28,101,"Mississippi","Newton County",2,44,250,129,121
050,28,101,"Mississippi","Newton County",2,45,279,142,137
050,28,101,"Mississippi","Newton County",2,46,254,123,131
050,28,101,"Mississippi","Newton County",2,47,259,123,136
050,28,101,"Mississippi","Newton County",2,48,284,133,151
050,28,101,"Mississippi","Newton County",2,49,284,135,149
050,28,101,"Mississippi","Newton County",2,50,283,137,146
050,28,101,"Mississippi","Newton County",2,51,289,139,150
050,28,101,"Mississippi","Newton County",2,52,267,132,135
050,28,101,"Mississippi","Newton County",2,53,236,114,122
050,28,101,"Mississippi","Newton County",2,54,245,125,120
050,28,101,"Mississippi","Newton County",2,55,244,121,123
050,28,101,"Mississippi","Newton County",2,56,258,131,127
050,28,101,"Mississippi","Newton County",2,57,272,138,134
050,28,101,"Mississippi","Newton County",2,58,281,147,134
050,28,101,"Mississippi","Newton County",2,59,256,132,124
050,28,101,"Mississippi","Newton County",2,60,242,113,129
050,28,101,"Mississippi","Newton County",2,61,239,115,124
050,28,101,"Mississippi","Newton County",2,62,256,120,136
050,28,101,"Mississippi","Newton County",2,63,261,116,145
050,28,101,"Mississippi","Newton County",2,64,248,108,140
050,28,101,"Mississippi","Newton County",2,65,244,114,130
050,28,101,"Mississippi","Newton County",2,66,225,107,118
050,28,101,"Mississippi","Newton County",2,67,222,111,111
050,28,101,"Mississippi","Newton County",2,68,207,93,114
050,28,101,"Mississippi","Newton County",2,69,220,90,130
050,28,101,"Mississippi","Newton County",2,70,223,96,127
050,28,101,"Mississippi","Newton County",2,71,208,94,114
050,28,101,"Mississippi","Newton County",2,72,200,92,108
050,28,101,"Mississippi","Newton County",2,73,217,104,113
050,28,101,"Mississippi","Newton County",2,74,150,64,86
050,28,101,"Mississippi","Newton County",2,75,148,62,86
050,28,101,"Mississippi","Newton County",2,76,144,66,78
050,28,101,"Mississippi","Newton County",2,77,127,55,72
050,28,101,"Mississippi","Newton County",2,78,109,46,63
050,28,101,"Mississippi","Newton County",2,79,104,43,61
050,28,101,"Mississippi","Newton County",2,80,109,45,64
050,28,101,"Mississippi","Newton County",2,81,117,50,67
050,28,101,"Mississippi","Newton County",2,82,96,44,52
050,28,101,"Mississippi","Newton County",2,83,84,32,52
050,28,101,"Mississippi","Newton County",2,84,76,28,48
050,28,101,"Mississippi","Newton County",2,85,381,118,263
050,28,101,"Mississippi","Newton County",3,0,295,149,146
050,28,101,"Mississippi","Newton County",3,1,283,148,135
050,28,101,"Mississippi","Newton County",3,2,261,131,130
050,28,101,"Mississippi","Newton County",3,3,279,134,145
050,28,101,"Mississippi","Newton County",3,4,272,130,142
050,28,101,"Mississippi","Newton County",3,5,281,132,149
050,28,101,"Mississippi","Newton County",3,6,256,128,128
050,28,101,"Mississippi","Newton County",3,7,242,121,121
050,28,101,"Mississippi","Newton County",3,8,241,114,127
050,28,101,"Mississippi","Newton County",3,9,280,137,143
050,28,101,"Mississippi","Newton County",3,10,283,140,143
050,28,101,"Mississippi","Newton County",3,11,303,157,146
050,28,101,"Mississippi","Newton County",3,12,320,149,171
050,28,101,"Mississippi","Newton County",3,13,330,156,174
050,28,101,"Mississippi","Newton County",3,14,312,150,162
050,28,101,"Mississippi","Newton County",3,15,325,161,164
050,28,101,"Mississippi","Newton County",3,16,320,154,166
050,28,101,"Mississippi","Newton County",3,17,306,151,155
050,28,101,"Mississippi","Newton County",3,18,408,207,201
050,28,101,"Mississippi","Newton County",3,19,469,248,221
050,28,101,"Mississippi","Newton County",3,20,379,187,192
050,28,101,"Mississippi","Newton County",3,21,273,141,132
050,28,101,"Mississippi","Newton County",3,22,257,136,121
050,28,101,"Mississippi","Newton County",3,23,272,146,126
050,28,101,"Mississippi","Newton County",3,24,246,124,122
050,28,101,"Mississippi","Newton County",3,25,245,126,119
050,28,101,"Mississippi","Newton County",3,26,239,118,121
050,28,101,"Mississippi","Newton County",3,27,241,116,125
050,28,101,"Mississippi","Newton County",3,28,247,133,114
050,28,101,"Mississippi","Newton County",3,29,269,135,134
050,28,101,"Mississippi","Newton County",3,30,270,129,141
050,28,101,"Mississippi","Newton County",3,31,259,118,141
050,28,101,"Mississippi","Newton County",3,32,234,116,118
050,28,101,"Mississippi","Newton County",3,33,215,111,104
050,28,101,"Mississippi","Newton County",3,34,223,113,110
050,28,101,"Mississippi","Newton County",3,35,227,116,111
050,28,101,"Mississippi","Newton County",3,36,215,105,110
050,28,101,"Mississippi","Newton County",3,37,226,102,124
050,28,101,"Mississippi","Newton County",3,38,242,121,121
050,28,101,"Mississippi","Newton County",3,39,228,102,126
050,28,101,"Mississippi","Newton County",3,40,238,107,131
050,28,101,"Mississippi","Newton County",3,41,248,123,125
050,28,101,"Mississippi","Newton County",3,42,239,125,114
050,28,101,"Mississippi","Newton County",3,43,247,123,124
050,28,101,"Mississippi","Newton County",3,44,252,120,132
050,28,101,"Mississippi","Newton County",3,45,252,133,119
050,28,101,"Mississippi","Newton County",3,46,271,132,139
050,28,101,"Mississippi","Newton County",3,47,240,114,126
050,28,101,"Mississippi","Newton County",3,48,264,132,132
050,28,101,"Mississippi","Newton County",3,49,289,136,153
050,28,101,"Mississippi","Newton County",3,50,282,136,146
050,28,101,"Mississippi","Newton County",3,51,271,126,145
050,28,101,"Mississippi","Newton County",3,52,294,142,152
050,28,101,"Mississippi","Newton County",3,53,264,132,132
050,28,101,"Mississippi","Newton County",3,54,245,122,123
050,28,101,"Mississippi","Newton County",3,55,239,122,117
050,28,101,"Mississippi","Newton County",3,56,247,122,125
050,28,101,"Mississippi","Newton County",3,57,255,127,128
050,28,101,"Mississippi","Newton County",3,58,278,142,136
050,28,101,"Mississippi","Newton County",3,59,275,144,131
050,28,101,"Mississippi","Newton County",3,60,260,130,130
050,28,101,"Mississippi","Newton County",3,61,238,114,124
050,28,101,"Mississippi","Newton County",3,62,241,110,131
050,28,101,"Mississippi","Newton County",3,63,243,114,129
050,28,101,"Mississippi","Newton County",3,64,253,112,141
050,28,101,"Mississippi","Newton County",3,65,252,108,144
050,28,101,"Mississippi","Newton County",3,66,230,106,124
050,28,101,"Mississippi","Newton County",3,67,221,104,117
050,28,101,"Mississippi","Newton County",3,68,215,103,112
050,28,101,"Mississippi","Newton County",3,69,208,95,113
050,28,101,"Mississippi","Newton County",3,70,215,86,129
050,28,101,"Mississippi","Newton County",3,71,206,87,119
050,28,101,"Mississippi","Newton County",3,72,201,87,114
050,28,101,"Mississippi","Newton County",3,73,193,93,100
050,28,101,"Mississippi","Newton County",3,74,210,102,108
050,28,101,"Mississippi","Newton County",3,75,140,58,82
050,28,101,"Mississippi","Newton County",3,76,142,63,79
050,28,101,"Mississippi","Newton County",3,77,139,61,78
050,28,101,"Mississippi","Newton County",3,78,115,51,64
050,28,101,"Mississippi","Newton County",3,79,98,42,56
050,28,101,"Mississippi","Newton County",3,80,95,38,57
050,28,101,"Mississippi","Newton County",3,81,107,41,66
050,28,101,"Mississippi","Newton County",3,82,105,43,62
050,28,101,"Mississippi","Newton County",3,83,95,41,54
050,28,101,"Mississippi","Newton County",3,84,76,29,47
050,28,101,"Mississippi","Newton County",3,85,359,104,255
050,28,101,"Mississippi","Newton County",4,0,286,149,137
050,28,101,"Mississippi","Newton County",4,1,294,155,139
050,28,101,"Mississippi","Newton County",4,2,275,142,133
050,28,101,"Mississippi","Newton County",4,3,261,131,130
050,28,101,"Mississippi","Newton County",4,4,285,142,143
050,28,101,"Mississippi","Newton County",4,5,265,125,140
050,28,101,"Mississippi","Newton County",4,6,279,134,145
050,28,101,"Mississippi","Newton County",4,7,256,133,123
050,28,101,"Mississippi","Newton County",4,8,242,115,127
050,28,101,"Mississippi","Newton County",4,9,250,121,129
050,28,101,"Mississippi","Newton County",4,10,277,134,143
050,28,101,"Mississippi","Newton County",4,11,284,146,138
050,28,101,"Mississippi","Newton County",4,12,304,162,142
050,28,101,"Mississippi","Newton County",4,13,319,153,166
050,28,101,"Mississippi","Newton County",4,14,321,155,166
050,28,101,"Mississippi","Newton County",4,15,317,153,164
050,28,101,"Mississippi","Newton County",4,16,322,158,164
050,28,101,"Mississippi","Newton County",4,17,321,153,168
050,28,101,"Mississippi","Newton County",4,18,393,190,203
050,28,101,"Mississippi","Newton County",4,19,462,247,215
050,28,101,"Mississippi","Newton County",4,20,371,181,190
050,28,101,"Mississippi","Newton County",4,21,270,136,134
050,28,101,"Mississippi","Newton County",4,22,252,127,125
050,28,101,"Mississippi","Newton County",4,23,249,130,119
050,28,101,"Mississippi","Newton County",4,24,279,150,129
050,28,101,"Mississippi","Newton County",4,25,244,124,120
050,28,101,"Mississippi","Newton County",4,26,247,118,129
050,28,101,"Mississippi","Newton County",4,27,246,123,123
050,28,101,"Mississippi","Newton County",4,28,225,106,119
050,28,101,"Mississippi","Newton County",4,29,251,137,114
050,28,101,"Mississippi","Newton County",4,30,261,124,137
050,28,101,"Mississippi","Newton County",4,31,271,129,142
050,28,101,"Mississippi","Newton County",4,32,250,112,138
050,28,101,"Mississippi","Newton County",4,33,227,109,118
050,28,101,"Mississippi","Newton County",4,34,216,108,108
050,28,101,"Mississippi","Newton County",4,35,217,114,103
050,28,101,"Mississippi","Newton County",4,36,218,109,109
050,28,101,"Mississippi","Newton County",4,37,221,104,117
050,28,101,"Mississippi","Newton County",4,38,222,98,124
050,28,101,"Mississippi","Newton County",4,39,252,125,127
050,28,101,"Mississippi","Newton County",4,40,222,100,122
050,28,101,"Mississippi","Newton County",4,41,244,110,134
050,28,101,"Mississippi","Newton County",4,42,252,123,129
050,28,101,"Mississippi","Newton County",4,43,242,128,114
050,28,101,"Mississippi","Newton County",4,44,242,121,121
050,28,101,"Mississippi","Newton County",4,45,248,120,128
050,28,101,"Mississippi","Newton County",4,46,240,123,117
050,28,101,"Mississippi","Newton County",4,47,269,128,141
050,28,101,"Mississippi","Newton County",4,48,234,109,125
050,28,101,"Mississippi","Newton County",4,49,259,126,133
050,28,101,"Mississippi","Newton County",4,50,283,134,149
050,28,101,"Mississippi","Newton County",4,51,270,128,142
050,28,101,"Mississippi","Newton County",4,52,281,133,148
050,28,101,"Mississippi","Newton County",4,53,288,136,152
050,28,101,"Mississippi","Newton County",4,54,269,139,130
050,28,101,"Mississippi","Newton County",4,55,237,112,125
050,28,101,"Mississippi","Newton County",4,56,240,121,119
050,28,101,"Mississippi","Newton County",4,57,248,125,123
050,28,101,"Mississippi","Newton County",4,58,262,132,130
050,28,101,"Mississippi","Newton County",4,59,277,142,135
050,28,101,"Mississippi","Newton County",4,60,269,139,130
050,28,101,"Mississippi","Newton County",4,61,261,133,128
050,28,101,"Mississippi","Newton County",4,62,244,116,128
050,28,101,"Mississippi","Newton County",4,63,239,112,127
050,28,101,"Mississippi","Newton County",4,64,233,107,126
050,28,101,"Mississippi","Newton County",4,65,254,115,139
050,28,101,"Mississippi","Newton County",4,66,250,105,145
050,28,101,"Mississippi","Newton County",4,67,221,104,117
050,28,101,"Mississippi","Newton County",4,68,218,98,120
050,28,101,"Mississippi","Newton County",4,69,219,108,111
050,28,101,"Mississippi","Newton County",4,70,208,94,114
050,28,101,"Mississippi","Newton County",4,71,199,80,119
050,28,101,"Mississippi","Newton County",4,72,198,80,118
050,28,101,"Mississippi","Newton County",4,73,186,83,103
050,28,101,"Mississippi","Newton County",4,74,189,92,97
050,28,101,"Mississippi","Newton County",4,75,196,89,107
050,28,101,"Mississippi","Newton County",4,76,136,59,77
050,28,101,"Mississippi","Newton County",4,77,141,59,82
050,28,101,"Mississippi","Newton County",4,78,129,60,69
050,28,101,"Mississippi","Newton County",4,79,106,51,55
050,28,101,"Mississippi","Newton County",4,80,93,38,55
050,28,101,"Mississippi","Newton County",4,81,96,38,58
050,28,101,"Mississippi","Newton County",4,82,90,35,55
050,28,101,"Mississippi","Newton County",4,83,99,38,61
050,28,101,"Mississippi","Newton County",4,84,83,34,49
050,28,101,"Mississippi","Newton County",4,85,357,102,255
050,28,101,"Mississippi","Newton County",5,0,284,148,136
050,28,101,"Mississippi","Newton County",5,1,281,141,140
050,28,101,"Mississippi","Newton County",5,2,296,161,135
050,28,101,"Mississippi","Newton County",5,3,282,142,140
050,28,101,"Mississippi","Newton County",5,4,263,128,135
050,28,101,"Mississippi","Newton County",5,5,282,137,145
050,28,101,"Mississippi","Newton County",5,6,276,139,137
050,28,101,"Mississippi","Newton County",5,7,281,137,144
050,28,101,"Mississippi","Newton County",5,8,265,134,131
050,28,101,"Mississippi","Newton County",5,9,231,109,122
050,28,101,"Mississippi","Newton County",5,10,247,119,128
050,28,101,"Mississippi","Newton County",5,11,276,139,137
050,28,101,"Mississippi","Newton County",5,12,274,139,135
050,28,101,"Mississippi","Newton County",5,13,303,157,146
050,28,101,"Mississippi","Newton County",5,14,323,156,167
050,28,101,"Mississippi","Newton County",5,15,316,153,163
050,28,101,"Mississippi","Newton County",5,16,303,150,153
050,28,101,"Mississippi","Newton County",5,17,326,165,161
050,28,101,"Mississippi","Newton County",5,18,403,188,215
050,28,101,"Mississippi","Newton County",5,19,460,239,221
050,28,101,"Mississippi","Newton County",5,20,383,197,186
050,28,101,"Mississippi","Newton County",5,21,275,141,134
050,28,101,"Mississippi","Newton County",5,22,256,121,135
050,28,101,"Mississippi","Newton County",5,23,265,139,126
050,28,101,"Mississippi","Newton County",5,24,246,133,113
050,28,101,"Mississippi","Newton County",5,25,277,147,130
050,28,101,"Mississippi","Newton County",5,26,250,121,129
050,28,101,"Mississippi","Newton County",5,27,251,117,134
050,28,101,"Mississippi","Newton County",5,28,247,120,127
050,28,101,"Mississippi","Newton County",5,29,221,95,126
050,28,101,"Mississippi","Newton County",5,30,239,130,109
050,28,101,"Mississippi","Newton County",5,31,278,137,141
050,28,101,"Mississippi","Newton County",5,32,276,130,146
050,28,101,"Mississippi","Newton County",5,33,249,108,141
050,28,101,"Mississippi","Newton County",5,34,219,105,114
050,28,101,"Mississippi","Newton County",5,35,212,108,104
050,28,101,"Mississippi","Newton County",5,36,217,116,101
050,28,101,"Mississippi","Newton County",5,37,227,114,113
050,28,101,"Mississippi","Newton County",5,38,218,103,115
050,28,101,"Mississippi","Newton County",5,39,214,96,118
050,28,101,"Mississippi","Newton County",5,40,249,126,123
050,28,101,"Mississippi","Newton County",5,41,221,101,120
050,28,101,"Mississippi","Newton County",5,42,245,109,136
050,28,101,"Mississippi","Newton County",5,43,251,125,126
050,28,101,"Mississippi","Newton County",5,44,239,123,116
050,28,101,"Mississippi","Newton County",5,45,242,122,120
050,28,101,"Mississippi","Newton County",5,46,247,118,129
050,28,101,"Mississippi","Newton County",5,47,237,121,116
050,28,101,"Mississippi","Newton County",5,48,269,129,140
050,28,101,"Mississippi","Newton County",5,49,242,110,132
050,28,101,"Mississippi","Newton County",5,50,257,124,133
050,28,101,"Mississippi","Newton County",5,51,278,131,147
050,28,101,"Mississippi","Newton County",5,52,275,132,143
050,28,101,"Mississippi","Newton County",5,53,282,130,152
050,28,101,"Mississippi","Newton County",5,54,292,144,148
050,28,101,"Mississippi","Newton County",5,55,263,133,130
050,28,101,"Mississippi","Newton County",5,56,242,115,127
050,28,101,"Mississippi","Newton County",5,57,235,112,123
050,28,101,"Mississippi","Newton County",5,58,249,127,122
050,28,101,"Mississippi","Newton County",5,59,255,128,127
050,28,101,"Mississippi","Newton County",5,60,273,141,132
050,28,101,"Mississippi","Newton County",5,61,267,140,127
050,28,101,"Mississippi","Newton County",5,62,257,127,130
050,28,101,"Mississippi","Newton County",5,63,233,111,122
050,28,101,"Mississippi","Newton County",5,64,231,110,121
050,28,101,"Mississippi","Newton County",5,65,226,103,123
050,28,101,"Mississippi","Newton County",5,66,255,115,140
050,28,101,"Mississippi","Newton County",5,67,245,103,142
050,28,101,"Mississippi","Newton County",5,68,224,100,124
050,28,101,"Mississippi","Newton County",5,69,214,96,118
050,28,101,"Mississippi","Newton County",5,70,217,105,112
050,28,101,"Mississippi","Newton County",5,71,197,92,105
050,28,101,"Mississippi","Newton County",5,72,190,69,121
050,28,101,"Mississippi","Newton County",5,73,183,76,107
050,28,101,"Mississippi","Newton County",5,74,182,81,101
050,28,101,"Mississippi","Newton County",5,75,177,81,96
050,28,101,"Mississippi","Newton County",5,76,190,89,101
050,28,101,"Mississippi","Newton County",5,77,133,53,80
050,28,101,"Mississippi","Newton County",5,78,124,55,69
050,28,101,"Mississippi","Newton County",5,79,119,59,60
050,28,101,"Mississippi","Newton County",5,80,96,46,50
050,28,101,"Mississippi","Newton County",5,81,95,39,56
050,28,101,"Mississippi","Newton County",5,82,81,31,50
050,28,101,"Mississippi","Newton County",5,83,89,32,57
050,28,101,"Mississippi","Newton County",5,84,92,36,56
050,28,101,"Mississippi","Newton County",5,85,367,105,262
050,28,103,"Mississippi","Noxubee County",1,0,149,76,73
050,28,103,"Mississippi","Noxubee County",1,1,139,75,64
050,28,103,"Mississippi","Noxubee County",1,2,171,83,88
050,28,103,"Mississippi","Noxubee County",1,3,153,72,81
050,28,103,"Mississippi","Noxubee County",1,4,138,76,62
050,28,103,"Mississippi","Noxubee County",1,5,134,63,71
050,28,103,"Mississippi","Noxubee County",1,6,147,71,76
050,28,103,"Mississippi","Noxubee County",1,7,146,74,72
050,28,103,"Mississippi","Noxubee County",1,8,128,63,65
050,28,103,"Mississippi","Noxubee County",1,9,127,67,60
050,28,103,"Mississippi","Noxubee County",1,10,139,65,74
050,28,103,"Mississippi","Noxubee County",1,11,133,66,67
050,28,103,"Mississippi","Noxubee County",1,12,139,76,63
050,28,103,"Mississippi","Noxubee County",1,13,153,83,70
050,28,103,"Mississippi","Noxubee County",1,14,145,77,68
050,28,103,"Mississippi","Noxubee County",1,15,143,78,65
050,28,103,"Mississippi","Noxubee County",1,16,136,69,67
050,28,103,"Mississippi","Noxubee County",1,17,139,71,68
050,28,103,"Mississippi","Noxubee County",1,18,112,58,54
050,28,103,"Mississippi","Noxubee County",1,19,101,57,44
050,28,103,"Mississippi","Noxubee County",1,20,128,64,64
050,28,103,"Mississippi","Noxubee County",1,21,141,72,69
050,28,103,"Mississippi","Noxubee County",1,22,147,63,84
050,28,103,"Mississippi","Noxubee County",1,23,137,61,76
050,28,103,"Mississippi","Noxubee County",1,24,146,63,83
050,28,103,"Mississippi","Noxubee County",1,25,136,68,68
050,28,103,"Mississippi","Noxubee County",1,26,146,67,79
050,28,103,"Mississippi","Noxubee County",1,27,150,73,77
050,28,103,"Mississippi","Noxubee County",1,28,143,76,67
050,28,103,"Mississippi","Noxubee County",1,29,141,67,74
050,28,103,"Mississippi","Noxubee County",1,30,123,58,65
050,28,103,"Mississippi","Noxubee County",1,31,114,54,60
050,28,103,"Mississippi","Noxubee County",1,32,141,69,72
050,28,103,"Mississippi","Noxubee County",1,33,130,64,66
050,28,103,"Mississippi","Noxubee County",1,34,129,64,65
050,28,103,"Mississippi","Noxubee County",1,35,95,51,44
050,28,103,"Mississippi","Noxubee County",1,36,105,54,51
050,28,103,"Mississippi","Noxubee County",1,37,118,59,59
050,28,103,"Mississippi","Noxubee County",1,38,129,59,70
050,28,103,"Mississippi","Noxubee County",1,39,112,49,63
050,28,103,"Mississippi","Noxubee County",1,40,120,54,66
050,28,103,"Mississippi","Noxubee County",1,41,103,41,62
050,28,103,"Mississippi","Noxubee County",1,42,116,56,60
050,28,103,"Mississippi","Noxubee County",1,43,113,53,60
050,28,103,"Mississippi","Noxubee County",1,44,88,38,50
050,28,103,"Mississippi","Noxubee County",1,45,101,43,58
050,28,103,"Mississippi","Noxubee County",1,46,112,50,62
050,28,103,"Mississippi","Noxubee County",1,47,121,53,68
050,28,103,"Mississippi","Noxubee County",1,48,133,65,68
050,28,103,"Mississippi","Noxubee County",1,49,118,57,61
050,28,103,"Mississippi","Noxubee County",1,50,119,57,62
050,28,103,"Mississippi","Noxubee County",1,51,107,48,59
050,28,103,"Mississippi","Noxubee County",1,52,112,53,59
050,28,103,"Mississippi","Noxubee County",1,53,122,52,70
050,28,103,"Mississippi","Noxubee County",1,54,134,56,78
050,28,103,"Mississippi","Noxubee County",1,55,134,59,75
050,28,103,"Mississippi","Noxubee County",1,56,134,59,75
050,28,103,"Mississippi","Noxubee County",1,57,130,58,72
050,28,103,"Mississippi","Noxubee County",1,58,135,63,72
050,28,103,"Mississippi","Noxubee County",1,59,150,70,80
050,28,103,"Mississippi","Noxubee County",1,60,148,67,81
050,28,103,"Mississippi","Noxubee County",1,61,136,65,71
050,28,103,"Mississippi","Noxubee County",1,62,163,81,82
050,28,103,"Mississippi","Noxubee County",1,63,156,84,72
050,28,103,"Mississippi","Noxubee County",1,64,142,70,72
050,28,103,"Mississippi","Noxubee County",1,65,136,67,69
050,28,103,"Mississippi","Noxubee County",1,66,99,49,50
050,28,103,"Mississippi","Noxubee County",1,67,118,63,55
050,28,103,"Mississippi","Noxubee County",1,68,114,58,56
050,28,103,"Mississippi","Noxubee County",1,69,96,43,53
050,28,103,"Mississippi","Noxubee County",1,70,95,46,49
050,28,103,"Mississippi","Noxubee County",1,71,95,42,53
050,28,103,"Mississippi","Noxubee County",1,72,99,41,58
050,28,103,"Mississippi","Noxubee County",1,73,101,48,53
050,28,103,"Mississippi","Noxubee County",1,74,68,27,41
050,28,103,"Mississippi","Noxubee County",1,75,69,27,42
050,28,103,"Mississippi","Noxubee County",1,76,64,24,40
050,28,103,"Mississippi","Noxubee County",1,77,72,24,48
050,28,103,"Mississippi","Noxubee County",1,78,57,20,37
050,28,103,"Mississippi","Noxubee County",1,79,45,21,24
050,28,103,"Mississippi","Noxubee County",1,80,44,19,25
050,28,103,"Mississippi","Noxubee County",1,81,46,25,21
050,28,103,"Mississippi","Noxubee County",1,82,42,15,27
050,28,103,"Mississippi","Noxubee County",1,83,46,21,25
050,28,103,"Mississippi","Noxubee County",1,84,36,15,21
050,28,103,"Mississippi","Noxubee County",1,85,207,59,148
050,28,103,"Mississippi","Noxubee County",2,0,152,75,77
050,28,103,"Mississippi","Noxubee County",2,1,139,74,65
050,28,103,"Mississippi","Noxubee County",2,2,164,81,83
050,28,103,"Mississippi","Noxubee County",2,3,155,74,81
050,28,103,"Mississippi","Noxubee County",2,4,139,73,66
050,28,103,"Mississippi","Noxubee County",2,5,134,66,68
050,28,103,"Mississippi","Noxubee County",2,6,145,69,76
050,28,103,"Mississippi","Noxubee County",2,7,144,72,72
050,28,103,"Mississippi","Noxubee County",2,8,132,65,67
050,28,103,"Mississippi","Noxubee County",2,9,127,66,61
050,28,103,"Mississippi","Noxubee County",2,10,134,66,68
050,28,103,"Mississippi","Noxubee County",2,11,134,65,69
050,28,103,"Mississippi","Noxubee County",2,12,140,75,65
050,28,103,"Mississippi","Noxubee County",2,13,148,81,67
050,28,103,"Mississippi","Noxubee County",2,14,146,78,68
050,28,103,"Mississippi","Noxubee County",2,15,143,78,65
050,28,103,"Mississippi","Noxubee County",2,16,138,72,66
050,28,103,"Mississippi","Noxubee County",2,17,138,72,66
050,28,103,"Mississippi","Noxubee County",2,18,110,57,53
050,28,103,"Mississippi","Noxubee County",2,19,101,55,46
050,28,103,"Mississippi","Noxubee County",2,20,125,63,62
050,28,103,"Mississippi","Noxubee County",2,21,139,71,68
050,28,103,"Mississippi","Noxubee County",2,22,147,65,82
050,28,103,"Mississippi","Noxubee County",2,23,138,61,77
050,28,103,"Mississippi","Noxubee County",2,24,142,62,80
050,28,103,"Mississippi","Noxubee County",2,25,136,66,70
050,28,103,"Mississippi","Noxubee County",2,26,144,67,77
050,28,103,"Mississippi","Noxubee County",2,27,147,71,76
050,28,103,"Mississippi","Noxubee County",2,28,145,75,70
050,28,103,"Mississippi","Noxubee County",2,29,141,69,72
050,28,103,"Mississippi","Noxubee County",2,30,128,61,67
050,28,103,"Mississippi","Noxubee County",2,31,114,54,60
050,28,103,"Mississippi","Noxubee County",2,32,131,64,67
050,28,103,"Mississippi","Noxubee County",2,33,132,65,67
050,28,103,"Mississippi","Noxubee County",2,34,129,63,66
050,28,103,"Mississippi","Noxubee County",2,35,102,54,48
050,28,103,"Mississippi","Noxubee County",2,36,100,52,48
050,28,103,"Mississippi","Noxubee County",2,37,114,57,57
050,28,103,"Mississippi","Noxubee County",2,38,127,59,68
050,28,103,"Mississippi","Noxubee County",2,39,116,52,64
050,28,103,"Mississippi","Noxubee County",2,40,118,53,65
050,28,103,"Mississippi","Noxubee County",2,41,106,43,63
050,28,103,"Mississippi","Noxubee County",2,42,111,52,59
050,28,103,"Mississippi","Noxubee County",2,43,114,54,60
050,28,103,"Mississippi","Noxubee County",2,44,92,41,51
050,28,103,"Mississippi","Noxubee County",2,45,99,42,57
050,28,103,"Mississippi","Noxubee County",2,46,109,48,61
050,28,103,"Mississippi","Noxubee County",2,47,118,52,66
050,28,103,"Mississippi","Noxubee County",2,48,128,62,66
050,28,103,"Mississippi","Noxubee County",2,49,123,60,63
050,28,103,"Mississippi","Noxubee County",2,50,121,59,62
050,28,103,"Mississippi","Noxubee County",2,51,108,49,59
050,28,103,"Mississippi","Noxubee County",2,52,110,51,59
050,28,103,"Mississippi","Noxubee County",2,53,118,51,67
050,28,103,"Mississippi","Noxubee County",2,54,133,56,77
050,28,103,"Mississippi","Noxubee County",2,55,133,59,74
050,28,103,"Mississippi","Noxubee County",2,56,133,59,74
050,28,103,"Mississippi","Noxubee County",2,57,130,58,72
050,28,103,"Mississippi","Noxubee County",2,58,133,62,71
050,28,103,"Mississippi","Noxubee County",2,59,141,66,75
050,28,103,"Mississippi","Noxubee County",2,60,148,68,80
050,28,103,"Mississippi","Noxubee County",2,61,136,64,72
050,28,103,"Mississippi","Noxubee County",2,62,155,76,79
050,28,103,"Mississippi","Noxubee County",2,63,157,82,75
050,28,103,"Mississippi","Noxubee County",2,64,143,72,71
050,28,103,"Mississippi","Noxubee County",2,65,135,67,68
050,28,103,"Mississippi","Noxubee County",2,66,109,54,55
050,28,103,"Mississippi","Noxubee County",2,67,114,60,54
050,28,103,"Mississippi","Noxubee County",2,68,110,57,53
050,28,103,"Mississippi","Noxubee County",2,69,100,46,54
050,28,103,"Mississippi","Noxubee County",2,70,97,46,51
050,28,103,"Mississippi","Noxubee County",2,71,96,44,52
050,28,103,"Mississippi","Noxubee County",2,72,95,40,55
050,28,103,"Mississippi","Noxubee County",2,73,102,47,55
050,28,103,"Mississippi","Noxubee County",2,74,72,30,42
050,28,103,"Mississippi","Noxubee County",2,75,67,26,41
050,28,103,"Mississippi","Noxubee County",2,76,65,23,42
050,28,103,"Mississippi","Noxubee County",2,77,71,24,47
050,28,103,"Mississippi","Noxubee County",2,78,57,19,38
050,28,103,"Mississippi","Noxubee County",2,79,46,20,26
050,28,103,"Mississippi","Noxubee County",2,80,44,19,25
050,28,103,"Mississippi","Noxubee County",2,81,43,23,20
050,28,103,"Mississippi","Noxubee County",2,82,42,17,25
050,28,103,"Mississippi","Noxubee County",2,83,45,19,26
050,28,103,"Mississippi","Noxubee County",2,84,38,17,21
050,28,103,"Mississippi","Noxubee County",2,85,204,57,147
050,28,103,"Mississippi","Noxubee County",3,0,139,73,66
050,28,103,"Mississippi","Noxubee County",3,1,155,71,84
050,28,103,"Mississippi","Noxubee County",3,2,132,75,57
050,28,103,"Mississippi","Noxubee County",3,3,161,75,86
050,28,103,"Mississippi","Noxubee County",3,4,153,72,81
050,28,103,"Mississippi","Noxubee County",3,5,141,71,70
050,28,103,"Mississippi","Noxubee County",3,6,137,64,73
050,28,103,"Mississippi","Noxubee County",3,7,142,68,74
050,28,103,"Mississippi","Noxubee County",3,8,142,71,71
050,28,103,"Mississippi","Noxubee County",3,9,132,67,65
050,28,103,"Mississippi","Noxubee County",3,10,122,64,58
050,28,103,"Mississippi","Noxubee County",3,11,134,70,64
050,28,103,"Mississippi","Noxubee County",3,12,131,65,66
050,28,103,"Mississippi","Noxubee County",3,13,137,73,64
050,28,103,"Mississippi","Noxubee County",3,14,156,85,71
050,28,103,"Mississippi","Noxubee County",3,15,144,75,69
050,28,103,"Mississippi","Noxubee County",3,16,140,75,65
050,28,103,"Mississippi","Noxubee County",3,17,138,72,66
050,28,103,"Mississippi","Noxubee County",3,18,118,64,54
050,28,103,"Mississippi","Noxubee County",3,19,96,47,49
050,28,103,"Mississippi","Noxubee County",3,20,111,59,52
050,28,103,"Mississippi","Noxubee County",3,21,123,67,56
050,28,103,"Mississippi","Noxubee County",3,22,129,66,63
050,28,103,"Mississippi","Noxubee County",3,23,143,68,75
050,28,103,"Mississippi","Noxubee County",3,24,132,61,71
050,28,103,"Mississippi","Noxubee County",3,25,139,61,78
050,28,103,"Mississippi","Noxubee County",3,26,139,65,74
050,28,103,"Mississippi","Noxubee County",3,27,142,72,70
050,28,103,"Mississippi","Noxubee County",3,28,140,73,67
050,28,103,"Mississippi","Noxubee County",3,29,146,73,73
050,28,103,"Mississippi","Noxubee County",3,30,128,63,65
050,28,103,"Mississippi","Noxubee County",3,31,134,63,71
050,28,103,"Mississippi","Noxubee County",3,32,112,54,58
050,28,103,"Mississippi","Noxubee County",3,33,134,64,70
050,28,103,"Mississippi","Noxubee County",3,34,130,63,67
050,28,103,"Mississippi","Noxubee County",3,35,125,61,64
050,28,103,"Mississippi","Noxubee County",3,36,102,57,45
050,28,103,"Mississippi","Noxubee County",3,37,104,53,51
050,28,103,"Mississippi","Noxubee County",3,38,107,53,54
050,28,103,"Mississippi","Noxubee County",3,39,119,52,67
050,28,103,"Mississippi","Noxubee County",3,40,116,52,64
050,28,103,"Mississippi","Noxubee County",3,41,119,54,65
050,28,103,"Mississippi","Noxubee County",3,42,107,44,63
050,28,103,"Mississippi","Noxubee County",3,43,116,55,61
050,28,103,"Mississippi","Noxubee County",3,44,109,50,59
050,28,103,"Mississippi","Noxubee County",3,45,91,42,49
050,28,103,"Mississippi","Noxubee County",3,46,96,40,56
050,28,103,"Mississippi","Noxubee County",3,47,108,50,58
050,28,103,"Mississippi","Noxubee County",3,48,119,52,67
050,28,103,"Mississippi","Noxubee County",3,49,122,63,59
050,28,103,"Mississippi","Noxubee County",3,50,131,63,68
050,28,103,"Mississippi","Noxubee County",3,51,115,56,59
050,28,103,"Mississippi","Noxubee County",3,52,106,48,58
050,28,103,"Mississippi","Noxubee County",3,53,107,46,61
050,28,103,"Mississippi","Noxubee County",3,54,113,48,65
050,28,103,"Mississippi","Noxubee County",3,55,134,60,74
050,28,103,"Mississippi","Noxubee County",3,56,130,56,74
050,28,103,"Mississippi","Noxubee County",3,57,133,58,75
050,28,103,"Mississippi","Noxubee County",3,58,130,58,72
050,28,103,"Mississippi","Noxubee County",3,59,127,61,66
050,28,103,"Mississippi","Noxubee County",3,60,147,70,77
050,28,103,"Mississippi","Noxubee County",3,61,145,64,81
050,28,103,"Mississippi","Noxubee County",3,62,133,65,68
050,28,103,"Mississippi","Noxubee County",3,63,140,65,75
050,28,103,"Mississippi","Noxubee County",3,64,154,82,72
050,28,103,"Mississippi","Noxubee County",3,65,144,73,71
050,28,103,"Mississippi","Noxubee County",3,66,135,68,67
050,28,103,"Mississippi","Noxubee County",3,67,108,52,56
050,28,103,"Mississippi","Noxubee County",3,68,109,59,50
050,28,103,"Mississippi","Noxubee County",3,69,101,54,47
050,28,103,"Mississippi","Noxubee County",3,70,96,43,53
050,28,103,"Mississippi","Noxubee County",3,71,92,42,50
050,28,103,"Mississippi","Noxubee County",3,72,98,46,52
050,28,103,"Mississippi","Noxubee County",3,73,88,36,52
050,28,103,"Mississippi","Noxubee County",3,74,96,44,52
050,28,103,"Mississippi","Noxubee County",3,75,71,28,43
050,28,103,"Mississippi","Noxubee County",3,76,64,23,41
050,28,103,"Mississippi","Noxubee County",3,77,61,20,41
050,28,103,"Mississippi","Noxubee County",3,78,68,23,45
050,28,103,"Mississippi","Noxubee County",3,79,45,16,29
050,28,103,"Mississippi","Noxubee County",3,80,40,16,24
050,28,103,"Mississippi","Noxubee County",3,81,37,18,19
050,28,103,"Mississippi","Noxubee County",3,82,41,20,21
050,28,103,"Mississippi","Noxubee County",3,83,43,15,28
050,28,103,"Mississippi","Noxubee County",3,84,36,18,18
050,28,103,"Mississippi","Noxubee County",3,85,206,60,146
050,28,103,"Mississippi","Noxubee County",4,0,148,78,70
050,28,103,"Mississippi","Noxubee County",4,1,149,81,68
050,28,103,"Mississippi","Noxubee County",4,2,149,67,82
050,28,103,"Mississippi","Noxubee County",4,3,127,69,58
050,28,103,"Mississippi","Noxubee County",4,4,161,79,82
050,28,103,"Mississippi","Noxubee County",4,5,152,70,82
050,28,103,"Mississippi","Noxubee County",4,6,131,64,67
050,28,103,"Mississippi","Noxubee County",4,7,132,65,67
050,28,103,"Mississippi","Noxubee County",4,8,149,72,77
050,28,103,"Mississippi","Noxubee County",4,9,143,73,70
050,28,103,"Mississippi","Noxubee County",4,10,132,71,61
050,28,103,"Mississippi","Noxubee County",4,11,121,61,60
050,28,103,"Mississippi","Noxubee County",4,12,138,73,65
050,28,103,"Mississippi","Noxubee County",4,13,133,67,66
050,28,103,"Mississippi","Noxubee County",4,14,140,75,65
050,28,103,"Mississippi","Noxubee County",4,15,156,84,72
050,28,103,"Mississippi","Noxubee County",4,16,139,71,68
050,28,103,"Mississippi","Noxubee County",4,17,141,73,68
050,28,103,"Mississippi","Noxubee County",4,18,113,59,54
050,28,103,"Mississippi","Noxubee County",4,19,100,55,45
050,28,103,"Mississippi","Noxubee County",4,20,103,49,54
050,28,103,"Mississippi","Noxubee County",4,21,112,58,54
050,28,103,"Mississippi","Noxubee County",4,22,121,69,52
050,28,103,"Mississippi","Noxubee County",4,23,119,60,59
050,28,103,"Mississippi","Noxubee County",4,24,142,70,72
050,28,103,"Mississippi","Noxubee County",4,25,130,58,72
050,28,103,"Mississippi","Noxubee County",4,26,133,56,77
050,28,103,"Mississippi","Noxubee County",4,27,130,60,70
050,28,103,"Mississippi","Noxubee County",4,28,144,76,68
050,28,103,"Mississippi","Noxubee County",4,29,134,66,68
050,28,103,"Mississippi","Noxubee County",4,30,145,72,73
050,28,103,"Mississippi","Noxubee County",4,31,126,61,65
050,28,103,"Mississippi","Noxubee County",4,32,137,62,75
050,28,103,"Mississippi","Noxubee County",4,33,113,51,62
050,28,103,"Mississippi","Noxubee County",4,34,131,62,69
050,28,103,"Mississippi","Noxubee County",4,35,124,61,63
050,28,103,"Mississippi","Noxubee County",4,36,132,64,68
050,28,103,"Mississippi","Noxubee County",4,37,97,53,44
050,28,103,"Mississippi","Noxubee County",4,38,107,56,51
050,28,103,"Mississippi","Noxubee County",4,39,105,53,52
050,28,103,"Mississippi","Noxubee County",4,40,114,51,63
050,28,103,"Mississippi","Noxubee County",4,41,114,52,62
050,28,103,"Mississippi","Noxubee County",4,42,120,54,66
050,28,103,"Mississippi","Noxubee County",4,43,105,42,63
050,28,103,"Mississippi","Noxubee County",4,44,112,54,58
050,28,103,"Mississippi","Noxubee County",4,45,101,44,57
050,28,103,"Mississippi","Noxubee County",4,46,88,39,49
050,28,103,"Mississippi","Noxubee County",4,47,100,42,58
050,28,103,"Mississippi","Noxubee County",4,48,102,47,55
050,28,103,"Mississippi","Noxubee County",4,49,112,47,65
050,28,103,"Mississippi","Noxubee County",4,50,119,63,56
050,28,103,"Mississippi","Noxubee County",4,51,131,64,67
050,28,103,"Mississippi","Noxubee County",4,52,112,55,57
050,28,103,"Mississippi","Noxubee County",4,53,108,48,60
050,28,103,"Mississippi","Noxubee County",4,54,102,44,58
050,28,103,"Mississippi","Noxubee County",4,55,116,52,64
050,28,103,"Mississippi","Noxubee County",4,56,132,56,76
050,28,103,"Mississippi","Noxubee County",4,57,127,54,73
050,28,103,"Mississippi","Noxubee County",4,58,133,59,74
050,28,103,"Mississippi","Noxubee County",4,59,124,57,67
050,28,103,"Mississippi","Noxubee County",4,60,126,64,62
050,28,103,"Mississippi","Noxubee County",4,61,147,65,82
050,28,103,"Mississippi","Noxubee County",4,62,138,60,78
050,28,103,"Mississippi","Noxubee County",4,63,125,61,64
050,28,103,"Mississippi","Noxubee County",4,64,136,66,70
050,28,103,"Mississippi","Noxubee County",4,65,151,81,70
050,28,103,"Mississippi","Noxubee County",4,66,140,71,69
050,28,103,"Mississippi","Noxubee County",4,67,133,66,67
050,28,103,"Mississippi","Noxubee County",4,68,100,46,54
050,28,103,"Mississippi","Noxubee County",4,69,104,56,48
050,28,103,"Mississippi","Noxubee County",4,70,102,53,49
050,28,103,"Mississippi","Noxubee County",4,71,92,41,51
050,28,103,"Mississippi","Noxubee County",4,72,92,43,49
050,28,103,"Mississippi","Noxubee County",4,73,87,41,46
050,28,103,"Mississippi","Noxubee County",4,74,84,32,52
050,28,103,"Mississippi","Noxubee County",4,75,90,41,49
050,28,103,"Mississippi","Noxubee County",4,76,67,26,41
050,28,103,"Mississippi","Noxubee County",4,77,63,22,41
050,28,103,"Mississippi","Noxubee County",4,78,58,19,39
050,28,103,"Mississippi","Noxubee County",4,79,61,23,38
050,28,103,"Mississippi","Noxubee County",4,80,44,14,30
050,28,103,"Mississippi","Noxubee County",4,81,39,17,22
050,28,103,"Mississippi","Noxubee County",4,82,34,15,19
050,28,103,"Mississippi","Noxubee County",4,83,40,16,24
050,28,103,"Mississippi","Noxubee County",4,84,35,13,22
050,28,103,"Mississippi","Noxubee County",4,85,201,61,140
050,28,103,"Mississippi","Noxubee County",5,0,151,80,71
050,28,103,"Mississippi","Noxubee County",5,1,134,73,61
050,28,103,"Mississippi","Noxubee County",5,2,145,81,64
050,28,103,"Mississippi","Noxubee County",5,3,143,62,81
050,28,103,"Mississippi","Noxubee County",5,4,123,71,52
050,28,103,"Mississippi","Noxubee County",5,5,164,76,88
050,28,103,"Mississippi","Noxubee County",5,6,149,68,81
050,28,103,"Mississippi","Noxubee County",5,7,133,67,66
050,28,103,"Mississippi","Noxubee County",5,8,128,63,65
050,28,103,"Mississippi","Noxubee County",5,9,152,77,75
050,28,103,"Mississippi","Noxubee County",5,10,130,63,67
050,28,103,"Mississippi","Noxubee County",5,11,134,70,64
050,28,103,"Mississippi","Noxubee County",5,12,121,62,59
050,28,103,"Mississippi","Noxubee County",5,13,132,69,63
050,28,103,"Mississippi","Noxubee County",5,14,137,67,70
050,28,103,"Mississippi","Noxubee County",5,15,144,78,66
050,28,103,"Mississippi","Noxubee County",5,16,154,82,72
050,28,103,"Mississippi","Noxubee County",5,17,134,66,68
050,28,103,"Mississippi","Noxubee County",5,18,121,66,55
050,28,103,"Mississippi","Noxubee County",5,19,102,55,47
050,28,103,"Mississippi","Noxubee County",5,20,102,56,46
050,28,103,"Mississippi","Noxubee County",5,21,108,51,57
050,28,103,"Mississippi","Noxubee County",5,22,120,59,61
050,28,103,"Mississippi","Noxubee County",5,23,115,63,52
050,28,103,"Mississippi","Noxubee County",5,24,117,64,53
050,28,103,"Mississippi","Noxubee County",5,25,130,64,66
050,28,103,"Mississippi","Noxubee County",5,26,126,56,70
050,28,103,"Mississippi","Noxubee County",5,27,128,54,74
050,28,103,"Mississippi","Noxubee County",5,28,133,63,70
050,28,103,"Mississippi","Noxubee County",5,29,136,67,69
050,28,103,"Mississippi","Noxubee County",5,30,128,64,64
050,28,103,"Mississippi","Noxubee County",5,31,138,68,70
050,28,103,"Mississippi","Noxubee County",5,32,116,57,59
050,28,103,"Mississippi","Noxubee County",5,33,134,65,69
050,28,103,"Mississippi","Noxubee County",5,34,112,51,61
050,28,103,"Mississippi","Noxubee County",5,35,125,58,67
050,28,103,"Mississippi","Noxubee County",5,36,117,59,58
050,28,103,"Mississippi","Noxubee County",5,37,126,62,64
050,28,103,"Mississippi","Noxubee County",5,38,98,51,47
050,28,103,"Mississippi","Noxubee County",5,39,109,59,50
050,28,103,"Mississippi","Noxubee County",5,40,108,54,54
050,28,103,"Mississippi","Noxubee County",5,41,114,48,66
050,28,103,"Mississippi","Noxubee County",5,42,116,57,59
050,28,103,"Mississippi","Noxubee County",5,43,121,56,65
050,28,103,"Mississippi","Noxubee County",5,44,109,43,66
050,28,103,"Mississippi","Noxubee County",5,45,115,55,60
050,28,103,"Mississippi","Noxubee County",5,46,102,44,58
050,28,103,"Mississippi","Noxubee County",5,47,92,40,52
050,28,103,"Mississippi","Noxubee County",5,48,98,43,55
050,28,103,"Mississippi","Noxubee County",5,49,96,40,56
050,28,103,"Mississippi","Noxubee County",5,50,114,47,67
050,28,103,"Mississippi","Noxubee County",5,51,127,71,56
050,28,103,"Mississippi","Noxubee County",5,52,129,62,67
050,28,103,"Mississippi","Noxubee County",5,53,119,57,62
050,28,103,"Mississippi","Noxubee County",5,54,94,38,56
050,28,103,"Mississippi","Noxubee County",5,55,108,49,59
050,28,103,"Mississippi","Noxubee County",5,56,114,49,65
050,28,103,"Mississippi","Noxubee County",5,57,126,54,72
050,28,103,"Mississippi","Noxubee County",5,58,126,56,70
050,28,103,"Mississippi","Noxubee County",5,59,133,61,72
050,28,103,"Mississippi","Noxubee County",5,60,127,59,68
050,28,103,"Mississippi","Noxubee County",5,61,122,59,63
050,28,103,"Mississippi","Noxubee County",5,62,140,59,81
050,28,103,"Mississippi","Noxubee County",5,63,130,57,73
050,28,103,"Mississippi","Noxubee County",5,64,118,62,56
050,28,103,"Mississippi","Noxubee County",5,65,132,64,68
050,28,103,"Mississippi","Noxubee County",5,66,146,78,68
050,28,103,"Mississippi","Noxubee County",5,67,139,69,70
050,28,103,"Mississippi","Noxubee County",5,68,127,65,62
050,28,103,"Mississippi","Noxubee County",5,69,98,44,54
050,28,103,"Mississippi","Noxubee County",5,70,102,52,50
050,28,103,"Mississippi","Noxubee County",5,71,98,51,47
050,28,103,"Mississippi","Noxubee County",5,72,95,43,52
050,28,103,"Mississippi","Noxubee County",5,73,84,41,43
050,28,103,"Mississippi","Noxubee County",5,74,83,38,45
050,28,103,"Mississippi","Noxubee County",5,75,85,31,54
050,28,103,"Mississippi","Noxubee County",5,76,89,40,49
050,28,103,"Mississippi","Noxubee County",5,77,65,25,40
050,28,103,"Mississippi","Noxubee County",5,78,62,21,41
050,28,103,"Mississippi","Noxubee County",5,79,52,19,33
050,28,103,"Mississippi","Noxubee County",5,80,57,20,37
050,28,103,"Mississippi","Noxubee County",5,81,45,15,30
050,28,103,"Mississippi","Noxubee County",5,82,37,15,22
050,28,103,"Mississippi","Noxubee County",5,83,35,13,22
050,28,103,"Mississippi","Noxubee County",5,84,33,16,17
050,28,103,"Mississippi","Noxubee County",5,85,203,58,145
050,28,105,"Mississippi","Oktibbeha County",1,0,521,271,250
050,28,105,"Mississippi","Oktibbeha County",1,1,478,261,217
050,28,105,"Mississippi","Oktibbeha County",1,2,533,276,257
050,28,105,"Mississippi","Oktibbeha County",1,3,546,292,254
050,28,105,"Mississippi","Oktibbeha County",1,4,525,263,262
050,28,105,"Mississippi","Oktibbeha County",1,5,497,257,240
050,28,105,"Mississippi","Oktibbeha County",1,6,514,270,244
050,28,105,"Mississippi","Oktibbeha County",1,7,503,247,256
050,28,105,"Mississippi","Oktibbeha County",1,8,463,247,216
050,28,105,"Mississippi","Oktibbeha County",1,9,485,242,243
050,28,105,"Mississippi","Oktibbeha County",1,10,505,257,248
050,28,105,"Mississippi","Oktibbeha County",1,11,498,241,257
050,28,105,"Mississippi","Oktibbeha County",1,12,506,255,251
050,28,105,"Mississippi","Oktibbeha County",1,13,529,273,256
050,28,105,"Mississippi","Oktibbeha County",1,14,522,272,250
050,28,105,"Mississippi","Oktibbeha County",1,15,506,271,235
050,28,105,"Mississippi","Oktibbeha County",1,16,513,280,233
050,28,105,"Mississippi","Oktibbeha County",1,17,480,245,235
050,28,105,"Mississippi","Oktibbeha County",1,18,1465,688,777
050,28,105,"Mississippi","Oktibbeha County",1,19,2874,1448,1426
050,28,105,"Mississippi","Oktibbeha County",1,20,2624,1345,1279
050,28,105,"Mississippi","Oktibbeha County",1,21,2819,1470,1349
050,28,105,"Mississippi","Oktibbeha County",1,22,2686,1584,1102
050,28,105,"Mississippi","Oktibbeha County",1,23,2176,1230,946
050,28,105,"Mississippi","Oktibbeha County",1,24,1428,787,641
050,28,105,"Mississippi","Oktibbeha County",1,25,1063,581,482
050,28,105,"Mississippi","Oktibbeha County",1,26,885,463,422
050,28,105,"Mississippi","Oktibbeha County",1,27,717,355,362
050,28,105,"Mississippi","Oktibbeha County",1,28,706,363,343
050,28,105,"Mississippi","Oktibbeha County",1,29,677,339,338
050,28,105,"Mississippi","Oktibbeha County",1,30,685,349,336
050,28,105,"Mississippi","Oktibbeha County",1,31,644,314,330
050,28,105,"Mississippi","Oktibbeha County",1,32,555,270,285
050,28,105,"Mississippi","Oktibbeha County",1,33,516,253,263
050,28,105,"Mississippi","Oktibbeha County",1,34,551,281,270
050,28,105,"Mississippi","Oktibbeha County",1,35,562,269,293
050,28,105,"Mississippi","Oktibbeha County",1,36,520,272,248
050,28,105,"Mississippi","Oktibbeha County",1,37,559,291,268
050,28,105,"Mississippi","Oktibbeha County",1,38,525,264,261
050,28,105,"Mississippi","Oktibbeha County",1,39,514,265,249
050,28,105,"Mississippi","Oktibbeha County",1,40,522,255,267
050,28,105,"Mississippi","Oktibbeha County",1,41,445,211,234
050,28,105,"Mississippi","Oktibbeha County",1,42,432,208,224
050,28,105,"Mississippi","Oktibbeha County",1,43,410,203,207
050,28,105,"Mississippi","Oktibbeha County",1,44,430,219,211
050,28,105,"Mississippi","Oktibbeha County",1,45,390,185,205
050,28,105,"Mississippi","Oktibbeha County",1,46,374,177,197
050,28,105,"Mississippi","Oktibbeha County",1,47,412,188,224
050,28,105,"Mississippi","Oktibbeha County",1,48,412,197,215
050,28,105,"Mississippi","Oktibbeha County",1,49,414,200,214
050,28,105,"Mississippi","Oktibbeha County",1,50,411,196,215
050,28,105,"Mississippi","Oktibbeha County",1,51,388,183,205
050,28,105,"Mississippi","Oktibbeha County",1,52,427,196,231
050,28,105,"Mississippi","Oktibbeha County",1,53,397,187,210
050,28,105,"Mississippi","Oktibbeha County",1,54,423,195,228
050,28,105,"Mississippi","Oktibbeha County",1,55,457,212,245
050,28,105,"Mississippi","Oktibbeha County",1,56,470,223,247
050,28,105,"Mississippi","Oktibbeha County",1,57,463,227,236
050,28,105,"Mississippi","Oktibbeha County",1,58,475,225,250
050,28,105,"Mississippi","Oktibbeha County",1,59,470,219,251
050,28,105,"Mississippi","Oktibbeha County",1,60,472,212,260
050,28,105,"Mississippi","Oktibbeha County",1,61,476,201,275
050,28,105,"Mississippi","Oktibbeha County",1,62,477,228,249
050,28,105,"Mississippi","Oktibbeha County",1,63,470,241,229
050,28,105,"Mississippi","Oktibbeha County",1,64,444,211,233
050,28,105,"Mississippi","Oktibbeha County",1,65,447,209,238
050,28,105,"Mississippi","Oktibbeha County",1,66,409,195,214
050,28,105,"Mississippi","Oktibbeha County",1,67,387,189,198
050,28,105,"Mississippi","Oktibbeha County",1,68,374,169,205
050,28,105,"Mississippi","Oktibbeha County",1,69,337,159,178
050,28,105,"Mississippi","Oktibbeha County",1,70,317,151,166
050,28,105,"Mississippi","Oktibbeha County",1,71,318,139,179
050,28,105,"Mississippi","Oktibbeha County",1,72,317,135,182
050,28,105,"Mississippi","Oktibbeha County",1,73,330,161,169
050,28,105,"Mississippi","Oktibbeha County",1,74,200,96,104
050,28,105,"Mississippi","Oktibbeha County",1,75,221,101,120
050,28,105,"Mississippi","Oktibbeha County",1,76,240,114,126
050,28,105,"Mississippi","Oktibbeha County",1,77,214,100,114
050,28,105,"Mississippi","Oktibbeha County",1,78,202,81,121
050,28,105,"Mississippi","Oktibbeha County",1,79,195,82,113
050,28,105,"Mississippi","Oktibbeha County",1,80,180,79,101
050,28,105,"Mississippi","Oktibbeha County",1,81,158,70,88
050,28,105,"Mississippi","Oktibbeha County",1,82,146,65,81
050,28,105,"Mississippi","Oktibbeha County",1,83,111,56,55
050,28,105,"Mississippi","Oktibbeha County",1,84,119,55,64
050,28,105,"Mississippi","Oktibbeha County",1,85,729,250,479
050,28,105,"Mississippi","Oktibbeha County",2,0,512,276,236
050,28,105,"Mississippi","Oktibbeha County",2,1,483,260,223
050,28,105,"Mississippi","Oktibbeha County",2,2,520,273,247
050,28,105,"Mississippi","Oktibbeha County",2,3,534,286,248
050,28,105,"Mississippi","Oktibbeha County",2,4,526,268,258
050,28,105,"Mississippi","Oktibbeha County",2,5,506,261,245
050,28,105,"Mississippi","Oktibbeha County",2,6,508,265,243
050,28,105,"Mississippi","Oktibbeha County",2,7,504,252,252
050,28,105,"Mississippi","Oktibbeha County",2,8,468,245,223
050,28,105,"Mississippi","Oktibbeha County",2,9,477,242,235
050,28,105,"Mississippi","Oktibbeha County",2,10,499,251,248
050,28,105,"Mississippi","Oktibbeha County",2,11,496,244,252
050,28,105,"Mississippi","Oktibbeha County",2,12,510,255,255
050,28,105,"Mississippi","Oktibbeha County",2,13,522,268,254
050,28,105,"Mississippi","Oktibbeha County",2,14,524,273,251
050,28,105,"Mississippi","Oktibbeha County",2,15,509,270,239
050,28,105,"Mississippi","Oktibbeha County",2,16,509,275,234
050,28,105,"Mississippi","Oktibbeha County",2,17,488,254,234
050,28,105,"Mississippi","Oktibbeha County",2,18,1464,682,782
050,28,105,"Mississippi","Oktibbeha County",2,19,2870,1449,1421
050,28,105,"Mississippi","Oktibbeha County",2,20,2641,1350,1291
050,28,105,"Mississippi","Oktibbeha County",2,21,2818,1471,1347
050,28,105,"Mississippi","Oktibbeha County",2,22,2660,1569,1091
050,28,105,"Mississippi","Oktibbeha County",2,23,2159,1217,942
050,28,105,"Mississippi","Oktibbeha County",2,24,1431,791,640
050,28,105,"Mississippi","Oktibbeha County",2,25,1054,574,480
050,28,105,"Mississippi","Oktibbeha County",2,26,878,461,417
050,28,105,"Mississippi","Oktibbeha County",2,27,717,354,363
050,28,105,"Mississippi","Oktibbeha County",2,28,695,354,341
050,28,105,"Mississippi","Oktibbeha County",2,29,679,343,336
050,28,105,"Mississippi","Oktibbeha County",2,30,680,344,336
050,28,105,"Mississippi","Oktibbeha County",2,31,647,319,328
050,28,105,"Mississippi","Oktibbeha County",2,32,569,277,292
050,28,105,"Mississippi","Oktibbeha County",2,33,515,254,261
050,28,105,"Mississippi","Oktibbeha County",2,34,540,273,267
050,28,105,"Mississippi","Oktibbeha County",2,35,556,271,285
050,28,105,"Mississippi","Oktibbeha County",2,36,522,265,257
050,28,105,"Mississippi","Oktibbeha County",2,37,546,284,262
050,28,105,"Mississippi","Oktibbeha County",2,38,534,271,263
050,28,105,"Mississippi","Oktibbeha County",2,39,512,262,250
050,28,105,"Mississippi","Oktibbeha County",2,40,525,262,263
050,28,105,"Mississippi","Oktibbeha County",2,41,463,221,242
050,28,105,"Mississippi","Oktibbeha County",2,42,431,207,224
050,28,105,"Mississippi","Oktibbeha County",2,43,419,209,210
050,28,105,"Mississippi","Oktibbeha County",2,44,417,211,206
050,28,105,"Mississippi","Oktibbeha County",2,45,400,192,208
050,28,105,"Mississippi","Oktibbeha County",2,46,379,178,201
050,28,105,"Mississippi","Oktibbeha County",2,47,401,184,217
050,28,105,"Mississippi","Oktibbeha County",2,48,413,195,218
050,28,105,"Mississippi","Oktibbeha County",2,49,417,201,216
050,28,105,"Mississippi","Oktibbeha County",2,50,411,196,215
050,28,105,"Mississippi","Oktibbeha County",2,51,391,183,208
050,28,105,"Mississippi","Oktibbeha County",2,52,419,195,224
050,28,105,"Mississippi","Oktibbeha County",2,53,402,190,212
050,28,105,"Mississippi","Oktibbeha County",2,54,416,192,224
050,28,105,"Mississippi","Oktibbeha County",2,55,445,206,239
050,28,105,"Mississippi","Oktibbeha County",2,56,465,217,248
050,28,105,"Mississippi","Oktibbeha County",2,57,459,223,236
050,28,105,"Mississippi","Oktibbeha County",2,58,467,222,245
050,28,105,"Mississippi","Oktibbeha County",2,59,477,225,252
050,28,105,"Mississippi","Oktibbeha County",2,60,469,211,258
050,28,105,"Mississippi","Oktibbeha County",2,61,469,200,269
050,28,105,"Mississippi","Oktibbeha County",2,62,468,217,251
050,28,105,"Mississippi","Oktibbeha County",2,63,474,239,235
050,28,105,"Mississippi","Oktibbeha County",2,64,446,215,231
050,28,105,"Mississippi","Oktibbeha County",2,65,448,210,238
050,28,105,"Mississippi","Oktibbeha County",2,66,418,198,220
050,28,105,"Mississippi","Oktibbeha County",2,67,388,187,201
050,28,105,"Mississippi","Oktibbeha County",2,68,372,171,201
050,28,105,"Mississippi","Oktibbeha County",2,69,346,162,184
050,28,105,"Mississippi","Oktibbeha County",2,70,320,150,170
050,28,105,"Mississippi","Oktibbeha County",2,71,318,144,174
050,28,105,"Mississippi","Oktibbeha County",2,72,310,133,177
050,28,105,"Mississippi","Oktibbeha County",2,73,343,163,180
050,28,105,"Mississippi","Oktibbeha County",2,74,216,106,110
050,28,105,"Mississippi","Oktibbeha County",2,75,215,100,115
050,28,105,"Mississippi","Oktibbeha County",2,76,231,107,124
050,28,105,"Mississippi","Oktibbeha County",2,77,224,104,120
050,28,105,"Mississippi","Oktibbeha County",2,78,201,86,115
050,28,105,"Mississippi","Oktibbeha County",2,79,195,81,114
050,28,105,"Mississippi","Oktibbeha County",2,80,181,78,103
050,28,105,"Mississippi","Oktibbeha County",2,81,158,69,89
050,28,105,"Mississippi","Oktibbeha County",2,82,147,64,83
050,28,105,"Mississippi","Oktibbeha County",2,83,114,55,59
050,28,105,"Mississippi","Oktibbeha County",2,84,116,55,61
050,28,105,"Mississippi","Oktibbeha County",2,85,723,252,471
050,28,105,"Mississippi","Oktibbeha County",3,0,492,238,254
050,28,105,"Mississippi","Oktibbeha County",3,1,497,256,241
050,28,105,"Mississippi","Oktibbeha County",3,2,493,262,231
050,28,105,"Mississippi","Oktibbeha County",3,3,504,273,231
050,28,105,"Mississippi","Oktibbeha County",3,4,523,272,251
050,28,105,"Mississippi","Oktibbeha County",3,5,522,275,247
050,28,105,"Mississippi","Oktibbeha County",3,6,516,267,249
050,28,105,"Mississippi","Oktibbeha County",3,7,498,258,240
050,28,105,"Mississippi","Oktibbeha County",3,8,506,253,253
050,28,105,"Mississippi","Oktibbeha County",3,9,455,242,213
050,28,105,"Mississippi","Oktibbeha County",3,10,467,232,235
050,28,105,"Mississippi","Oktibbeha County",3,11,494,248,246
050,28,105,"Mississippi","Oktibbeha County",3,12,488,243,245
050,28,105,"Mississippi","Oktibbeha County",3,13,502,249,253
050,28,105,"Mississippi","Oktibbeha County",3,14,534,270,264
050,28,105,"Mississippi","Oktibbeha County",3,15,515,270,245
050,28,105,"Mississippi","Oktibbeha County",3,16,528,275,253
050,28,105,"Mississippi","Oktibbeha County",3,17,524,292,232
050,28,105,"Mississippi","Oktibbeha County",3,18,1490,693,797
050,28,105,"Mississippi","Oktibbeha County",3,19,2850,1448,1402
050,28,105,"Mississippi","Oktibbeha County",3,20,2625,1328,1297
050,28,105,"Mississippi","Oktibbeha County",3,21,2884,1509,1375
050,28,105,"Mississippi","Oktibbeha County",3,22,2623,1547,1076
050,28,105,"Mississippi","Oktibbeha County",3,23,2106,1177,929
050,28,105,"Mississippi","Oktibbeha County",3,24,1423,788,635
050,28,105,"Mississippi","Oktibbeha County",3,25,1029,558,471
050,28,105,"Mississippi","Oktibbeha County",3,26,851,444,407
050,28,105,"Mississippi","Oktibbeha County",3,27,727,363,364
050,28,105,"Mississippi","Oktibbeha County",3,28,700,348,352
050,28,105,"Mississippi","Oktibbeha County",3,29,665,338,327
050,28,105,"Mississippi","Oktibbeha County",3,30,648,328,320
050,28,105,"Mississippi","Oktibbeha County",3,31,667,338,329
050,28,105,"Mississippi","Oktibbeha County",3,32,658,328,330
050,28,105,"Mississippi","Oktibbeha County",3,33,546,266,280
050,28,105,"Mississippi","Oktibbeha County",3,34,492,237,255
050,28,105,"Mississippi","Oktibbeha County",3,35,559,274,285
050,28,105,"Mississippi","Oktibbeha County",3,36,548,270,278
050,28,105,"Mississippi","Oktibbeha County",3,37,518,258,260
050,28,105,"Mississippi","Oktibbeha County",3,38,551,286,265
050,28,105,"Mississippi","Oktibbeha County",3,39,548,280,268
050,28,105,"Mississippi","Oktibbeha County",3,40,508,257,251
050,28,105,"Mississippi","Oktibbeha County",3,41,520,259,261
050,28,105,"Mississippi","Oktibbeha County",3,42,451,215,236
050,28,105,"Mississippi","Oktibbeha County",3,43,428,199,229
050,28,105,"Mississippi","Oktibbeha County",3,44,435,219,216
050,28,105,"Mississippi","Oktibbeha County",3,45,407,204,203
050,28,105,"Mississippi","Oktibbeha County",3,46,395,190,205
050,28,105,"Mississippi","Oktibbeha County",3,47,386,182,204
050,28,105,"Mississippi","Oktibbeha County",3,48,397,181,216
050,28,105,"Mississippi","Oktibbeha County",3,49,408,196,212
050,28,105,"Mississippi","Oktibbeha County",3,50,412,192,220
050,28,105,"Mississippi","Oktibbeha County",3,51,411,197,214
050,28,105,"Mississippi","Oktibbeha County",3,52,398,195,203
050,28,105,"Mississippi","Oktibbeha County",3,53,415,199,216
050,28,105,"Mississippi","Oktibbeha County",3,54,400,183,217
050,28,105,"Mississippi","Oktibbeha County",3,55,388,183,205
050,28,105,"Mississippi","Oktibbeha County",3,56,441,196,245
050,28,105,"Mississippi","Oktibbeha County",3,57,450,217,233
050,28,105,"Mississippi","Oktibbeha County",3,58,462,226,236
050,28,105,"Mississippi","Oktibbeha County",3,59,468,222,246
050,28,105,"Mississippi","Oktibbeha County",3,60,478,222,256
050,28,105,"Mississippi","Oktibbeha County",3,61,453,195,258
050,28,105,"Mississippi","Oktibbeha County",3,62,457,196,261
050,28,105,"Mississippi","Oktibbeha County",3,63,475,222,253
050,28,105,"Mississippi","Oktibbeha County",3,64,473,237,236
050,28,105,"Mississippi","Oktibbeha County",3,65,439,211,228
050,28,105,"Mississippi","Oktibbeha County",3,66,449,206,243
050,28,105,"Mississippi","Oktibbeha County",3,67,412,195,217
050,28,105,"Mississippi","Oktibbeha County",3,68,382,179,203
050,28,105,"Mississippi","Oktibbeha County",3,69,367,171,196
050,28,105,"Mississippi","Oktibbeha County",3,70,340,155,185
050,28,105,"Mississippi","Oktibbeha County",3,71,308,143,165
050,28,105,"Mississippi","Oktibbeha County",3,72,303,141,162
050,28,105,"Mississippi","Oktibbeha County",3,73,302,128,174
050,28,105,"Mississippi","Oktibbeha County",3,74,325,157,168
050,28,105,"Mississippi","Oktibbeha County",3,75,219,108,111
050,28,105,"Mississippi","Oktibbeha County",3,76,205,92,113
050,28,105,"Mississippi","Oktibbeha County",3,77,213,96,117
050,28,105,"Mississippi","Oktibbeha County",3,78,217,95,122
050,28,105,"Mississippi","Oktibbeha County",3,79,193,81,112
050,28,105,"Mississippi","Oktibbeha County",3,80,181,74,107
050,28,105,"Mississippi","Oktibbeha County",3,81,165,67,98
050,28,105,"Mississippi","Oktibbeha County",3,82,149,67,82
050,28,105,"Mississippi","Oktibbeha County",3,83,132,56,76
050,28,105,"Mississippi","Oktibbeha County",3,84,101,52,49
050,28,105,"Mississippi","Oktibbeha County",3,85,728,268,460
050,28,105,"Mississippi","Oktibbeha County",4,0,497,241,256
050,28,105,"Mississippi","Oktibbeha County",4,1,500,237,263
050,28,105,"Mississippi","Oktibbeha County",4,2,469,245,224
050,28,105,"Mississippi","Oktibbeha County",4,3,473,253,220
050,28,105,"Mississippi","Oktibbeha County",4,4,507,267,240
050,28,105,"Mississippi","Oktibbeha County",4,5,500,270,230
050,28,105,"Mississippi","Oktibbeha County",4,6,507,262,245
050,28,105,"Mississippi","Oktibbeha County",4,7,504,260,244
050,28,105,"Mississippi","Oktibbeha County",4,8,486,260,226
050,28,105,"Mississippi","Oktibbeha County",4,9,486,247,239
050,28,105,"Mississippi","Oktibbeha County",4,10,440,232,208
050,28,105,"Mississippi","Oktibbeha County",4,11,469,236,233
050,28,105,"Mississippi","Oktibbeha County",4,12,499,256,243
050,28,105,"Mississippi","Oktibbeha County",4,13,486,241,245
050,28,105,"Mississippi","Oktibbeha County",4,14,492,250,242
050,28,105,"Mississippi","Oktibbeha County",4,15,527,265,262
050,28,105,"Mississippi","Oktibbeha County",4,16,518,269,249
050,28,105,"Mississippi","Oktibbeha County",4,17,527,278,249
050,28,105,"Mississippi","Oktibbeha County",4,18,1495,715,780
050,28,105,"Mississippi","Oktibbeha County",4,19,2884,1464,1420
050,28,105,"Mississippi","Oktibbeha County",4,20,2596,1321,1275
050,28,105,"Mississippi","Oktibbeha County",4,21,2851,1466,1385
050,28,105,"Mississippi","Oktibbeha County",4,22,2698,1580,1118
050,28,105,"Mississippi","Oktibbeha County",4,23,2096,1165,931
050,28,105,"Mississippi","Oktibbeha County",4,24,1385,746,639
050,28,105,"Mississippi","Oktibbeha County",4,25,984,531,453
050,28,105,"Mississippi","Oktibbeha County",4,26,829,446,383
050,28,105,"Mississippi","Oktibbeha County",4,27,658,327,331
050,28,105,"Mississippi","Oktibbeha County",4,28,679,337,342
050,28,105,"Mississippi","Oktibbeha County",4,29,634,314,320
050,28,105,"Mississippi","Oktibbeha County",4,30,617,314,303
050,28,105,"Mississippi","Oktibbeha County",4,31,624,319,305
050,28,105,"Mississippi","Oktibbeha County",4,32,618,311,307
050,28,105,"Mississippi","Oktibbeha County",4,33,617,317,300
050,28,105,"Mississippi","Oktibbeha County",4,34,540,263,277
050,28,105,"Mississippi","Oktibbeha County",4,35,487,223,264
050,28,105,"Mississippi","Oktibbeha County",4,36,536,264,272
050,28,105,"Mississippi","Oktibbeha County",4,37,530,263,267
050,28,105,"Mississippi","Oktibbeha County",4,38,504,255,249
050,28,105,"Mississippi","Oktibbeha County",4,39,510,255,255
050,28,105,"Mississippi","Oktibbeha County",4,40,528,270,258
050,28,105,"Mississippi","Oktibbeha County",4,41,500,257,243
050,28,105,"Mississippi","Oktibbeha County",4,42,528,251,277
050,28,105,"Mississippi","Oktibbeha County",4,43,448,223,225
050,28,105,"Mississippi","Oktibbeha County",4,44,418,194,224
050,28,105,"Mississippi","Oktibbeha County",4,45,426,213,213
050,28,105,"Mississippi","Oktibbeha County",4,46,399,200,199
050,28,105,"Mississippi","Oktibbeha County",4,47,390,185,205
050,28,105,"Mississippi","Oktibbeha County",4,48,369,167,202
050,28,105,"Mississippi","Oktibbeha County",4,49,393,187,206
050,28,105,"Mississippi","Oktibbeha County",4,50,409,197,212
050,28,105,"Mississippi","Oktibbeha County",4,51,417,194,223
050,28,105,"Mississippi","Oktibbeha County",4,52,404,198,206
050,28,105,"Mississippi","Oktibbeha County",4,53,398,198,200
050,28,105,"Mississippi","Oktibbeha County",4,54,412,196,216
050,28,105,"Mississippi","Oktibbeha County",4,55,388,178,210
050,28,105,"Mississippi","Oktibbeha County",4,56,394,184,210
050,28,105,"Mississippi","Oktibbeha County",4,57,443,199,244
050,28,105,"Mississippi","Oktibbeha County",4,58,432,199,233
050,28,105,"Mississippi","Oktibbeha County",4,59,464,236,228
050,28,105,"Mississippi","Oktibbeha County",4,60,449,207,242
050,28,105,"Mississippi","Oktibbeha County",4,61,469,217,252
050,28,105,"Mississippi","Oktibbeha County",4,62,426,180,246
050,28,105,"Mississippi","Oktibbeha County",4,63,460,197,263
050,28,105,"Mississippi","Oktibbeha County",4,64,459,210,249
050,28,105,"Mississippi","Oktibbeha County",4,65,474,243,231
050,28,105,"Mississippi","Oktibbeha County",4,66,440,211,229
050,28,105,"Mississippi","Oktibbeha County",4,67,431,194,237
050,28,105,"Mississippi","Oktibbeha County",4,68,394,185,209
050,28,105,"Mississippi","Oktibbeha County",4,69,369,170,199
050,28,105,"Mississippi","Oktibbeha County",4,70,359,164,195
050,28,105,"Mississippi","Oktibbeha County",4,71,334,148,186
050,28,105,"Mississippi","Oktibbeha County",4,72,291,137,154
050,28,105,"Mississippi","Oktibbeha County",4,73,303,140,163
050,28,105,"Mississippi","Oktibbeha County",4,74,287,120,167
050,28,105,"Mississippi","Oktibbeha County",4,75,316,153,163
050,28,105,"Mississippi","Oktibbeha County",4,76,212,104,108
050,28,105,"Mississippi","Oktibbeha County",4,77,199,89,110
050,28,105,"Mississippi","Oktibbeha County",4,78,202,88,114
050,28,105,"Mississippi","Oktibbeha County",4,79,213,94,119
050,28,105,"Mississippi","Oktibbeha County",4,80,173,69,104
050,28,105,"Mississippi","Oktibbeha County",4,81,166,64,102
050,28,105,"Mississippi","Oktibbeha County",4,82,160,66,94
050,28,105,"Mississippi","Oktibbeha County",4,83,129,59,70
050,28,105,"Mississippi","Oktibbeha County",4,84,118,49,69
050,28,105,"Mississippi","Oktibbeha County",4,85,732,276,456
050,28,105,"Mississippi","Oktibbeha County",5,0,499,239,260
050,28,105,"Mississippi","Oktibbeha County",5,1,449,226,223
050,28,105,"Mississippi","Oktibbeha County",5,2,476,220,256
050,28,105,"Mississippi","Oktibbeha County",5,3,475,250,225
050,28,105,"Mississippi","Oktibbeha County",5,4,481,262,219
050,28,105,"Mississippi","Oktibbeha County",5,5,497,271,226
050,28,105,"Mississippi","Oktibbeha County",5,6,477,256,221
050,28,105,"Mississippi","Oktibbeha County",5,7,503,260,243
050,28,105,"Mississippi","Oktibbeha County",5,8,495,260,235
050,28,105,"Mississippi","Oktibbeha County",5,9,481,242,239
050,28,105,"Mississippi","Oktibbeha County",5,10,490,250,240
050,28,105,"Mississippi","Oktibbeha County",5,11,454,242,212
050,28,105,"Mississippi","Oktibbeha County",5,12,468,227,241
050,28,105,"Mississippi","Oktibbeha County",5,13,496,257,239
050,28,105,"Mississippi","Oktibbeha County",5,14,489,236,253
050,28,105,"Mississippi","Oktibbeha County",5,15,521,264,257
050,28,105,"Mississippi","Oktibbeha County",5,16,528,272,256
050,28,105,"Mississippi","Oktibbeha County",5,17,542,287,255
050,28,105,"Mississippi","Oktibbeha County",5,18,1520,715,805
050,28,105,"Mississippi","Oktibbeha County",5,19,2892,1489,1403
050,28,105,"Mississippi","Oktibbeha County",5,20,2606,1343,1263
050,28,105,"Mississippi","Oktibbeha County",5,21,2782,1469,1313
050,28,105,"Mississippi","Oktibbeha County",5,22,2674,1554,1120
050,28,105,"Mississippi","Oktibbeha County",5,23,2142,1187,955
050,28,105,"Mississippi","Oktibbeha County",5,24,1361,711,650
050,28,105,"Mississippi","Oktibbeha County",5,25,997,528,469
050,28,105,"Mississippi","Oktibbeha County",5,26,808,415,393
050,28,105,"Mississippi","Oktibbeha County",5,27,675,349,326
050,28,105,"Mississippi","Oktibbeha County",5,28,572,272,300
050,28,105,"Mississippi","Oktibbeha County",5,29,634,317,317
050,28,105,"Mississippi","Oktibbeha County",5,30,612,317,295
050,28,105,"Mississippi","Oktibbeha County",5,31,596,312,284
050,28,105,"Mississippi","Oktibbeha County",5,32,585,301,284
050,28,105,"Mississippi","Oktibbeha County",5,33,581,287,294
050,28,105,"Mississippi","Oktibbeha County",5,34,571,282,289
050,28,105,"Mississippi","Oktibbeha County",5,35,518,252,266
050,28,105,"Mississippi","Oktibbeha County",5,36,482,221,261
050,28,105,"Mississippi","Oktibbeha County",5,37,507,243,264
050,28,105,"Mississippi","Oktibbeha County",5,38,523,257,266
050,28,105,"Mississippi","Oktibbeha County",5,39,508,252,256
050,28,105,"Mississippi","Oktibbeha County",5,40,516,254,262
050,28,105,"Mississippi","Oktibbeha County",5,41,514,256,258
050,28,105,"Mississippi","Oktibbeha County",5,42,482,249,233
050,28,105,"Mississippi","Oktibbeha County",5,43,527,248,279
050,28,105,"Mississippi","Oktibbeha County",5,44,448,223,225
050,28,105,"Mississippi","Oktibbeha County",5,45,401,181,220
050,28,105,"Mississippi","Oktibbeha County",5,46,421,212,209
050,28,105,"Mississippi","Oktibbeha County",5,47,386,191,195
050,28,105,"Mississippi","Oktibbeha County",5,48,382,181,201
050,28,105,"Mississippi","Oktibbeha County",5,49,379,180,199
050,28,105,"Mississippi","Oktibbeha County",5,50,378,179,199
050,28,105,"Mississippi","Oktibbeha County",5,51,416,197,219
050,28,105,"Mississippi","Oktibbeha County",5,52,418,197,221
050,28,105,"Mississippi","Oktibbeha County",5,53,390,194,196
050,28,105,"Mississippi","Oktibbeha County",5,54,415,204,211
050,28,105,"Mississippi","Oktibbeha County",5,55,387,192,195
050,28,105,"Mississippi","Oktibbeha County",5,56,382,170,212
050,28,105,"Mississippi","Oktibbeha County",5,57,383,181,202
050,28,105,"Mississippi","Oktibbeha County",5,58,442,196,246
050,28,105,"Mississippi","Oktibbeha County",5,59,438,212,226
050,28,105,"Mississippi","Oktibbeha County",5,60,464,228,236
050,28,105,"Mississippi","Oktibbeha County",5,61,450,207,243
050,28,105,"Mississippi","Oktibbeha County",5,62,454,212,242
050,28,105,"Mississippi","Oktibbeha County",5,63,419,181,238
050,28,105,"Mississippi","Oktibbeha County",5,64,449,189,260
050,28,105,"Mississippi","Oktibbeha County",5,65,443,199,244
050,28,105,"Mississippi","Oktibbeha County",5,66,463,235,228
050,28,105,"Mississippi","Oktibbeha County",5,67,430,204,226
050,28,105,"Mississippi","Oktibbeha County",5,68,424,190,234
050,28,105,"Mississippi","Oktibbeha County",5,69,399,192,207
050,28,105,"Mississippi","Oktibbeha County",5,70,366,166,200
050,28,105,"Mississippi","Oktibbeha County",5,71,342,152,190
050,28,105,"Mississippi","Oktibbeha County",5,72,324,144,180
050,28,105,"Mississippi","Oktibbeha County",5,73,292,134,158
050,28,105,"Mississippi","Oktibbeha County",5,74,285,133,152
050,28,105,"Mississippi","Oktibbeha County",5,75,282,121,161
050,28,105,"Mississippi","Oktibbeha County",5,76,311,147,164
050,28,105,"Mississippi","Oktibbeha County",5,77,206,99,107
050,28,105,"Mississippi","Oktibbeha County",5,78,198,87,111
050,28,105,"Mississippi","Oktibbeha County",5,79,198,85,113
050,28,105,"Mississippi","Oktibbeha County",5,80,199,89,110
050,28,105,"Mississippi","Oktibbeha County",5,81,156,55,101
050,28,105,"Mississippi","Oktibbeha County",5,82,156,60,96
050,28,105,"Mississippi","Oktibbeha County",5,83,146,59,87
050,28,105,"Mississippi","Oktibbeha County",5,84,113,52,61
050,28,105,"Mississippi","Oktibbeha County",5,85,762,294,468
050,28,107,"Mississippi","Panola County",1,0,460,231,229
050,28,107,"Mississippi","Panola County",1,1,467,226,241
050,28,107,"Mississippi","Panola County",1,2,444,216,228
050,28,107,"Mississippi","Panola County",1,3,466,234,232
050,28,107,"Mississippi","Panola County",1,4,438,223,215
050,28,107,"Mississippi","Panola County",1,5,433,217,216
050,28,107,"Mississippi","Panola County",1,6,446,230,216
050,28,107,"Mississippi","Panola County",1,7,429,220,209
050,28,107,"Mississippi","Panola County",1,8,464,228,236
050,28,107,"Mississippi","Panola County",1,9,446,229,217
050,28,107,"Mississippi","Panola County",1,10,447,238,209
050,28,107,"Mississippi","Panola County",1,11,466,238,228
050,28,107,"Mississippi","Panola County",1,12,501,263,238
050,28,107,"Mississippi","Panola County",1,13,495,273,222
050,28,107,"Mississippi","Panola County",1,14,456,239,217
050,28,107,"Mississippi","Panola County",1,15,437,211,226
050,28,107,"Mississippi","Panola County",1,16,459,213,246
050,28,107,"Mississippi","Panola County",1,17,460,224,236
050,28,107,"Mississippi","Panola County",1,18,420,218,202
050,28,107,"Mississippi","Panola County",1,19,362,192,170
050,28,107,"Mississippi","Panola County",1,20,373,195,178
050,28,107,"Mississippi","Panola County",1,21,386,198,188
050,28,107,"Mississippi","Panola County",1,22,409,206,203
050,28,107,"Mississippi","Panola County",1,23,395,196,199
050,28,107,"Mississippi","Panola County",1,24,401,194,207
050,28,107,"Mississippi","Panola County",1,25,421,198,223
050,28,107,"Mississippi","Panola County",1,26,460,221,239
050,28,107,"Mississippi","Panola County",1,27,463,233,230
050,28,107,"Mississippi","Panola County",1,28,465,228,237
050,28,107,"Mississippi","Panola County",1,29,451,216,235
050,28,107,"Mississippi","Panola County",1,30,437,210,227
050,28,107,"Mississippi","Panola County",1,31,427,203,224
050,28,107,"Mississippi","Panola County",1,32,412,184,228
050,28,107,"Mississippi","Panola County",1,33,384,179,205
050,28,107,"Mississippi","Panola County",1,34,377,158,219
050,28,107,"Mississippi","Panola County",1,35,366,169,197
050,28,107,"Mississippi","Panola County",1,36,395,180,215
050,28,107,"Mississippi","Panola County",1,37,403,191,212
050,28,107,"Mississippi","Panola County",1,38,378,186,192
050,28,107,"Mississippi","Panola County",1,39,408,179,229
050,28,107,"Mississippi","Panola County",1,40,382,189,193
050,28,107,"Mississippi","Panola County",1,41,339,169,170
050,28,107,"Mississippi","Panola County",1,42,394,166,228
050,28,107,"Mississippi","Panola County",1,43,381,167,214
050,28,107,"Mississippi","Panola County",1,44,379,170,209
050,28,107,"Mississippi","Panola County",1,45,359,168,191
050,28,107,"Mississippi","Panola County",1,46,362,185,177
050,28,107,"Mississippi","Panola County",1,47,411,210,201
050,28,107,"Mississippi","Panola County",1,48,427,220,207
050,28,107,"Mississippi","Panola County",1,49,417,188,229
050,28,107,"Mississippi","Panola County",1,50,397,184,213
050,28,107,"Mississippi","Panola County",1,51,386,180,206
050,28,107,"Mississippi","Panola County",1,52,411,193,218
050,28,107,"Mississippi","Panola County",1,53,407,193,214
050,28,107,"Mississippi","Panola County",1,54,434,219,215
050,28,107,"Mississippi","Panola County",1,55,476,226,250
050,28,107,"Mississippi","Panola County",1,56,501,249,252
050,28,107,"Mississippi","Panola County",1,57,462,219,243
050,28,107,"Mississippi","Panola County",1,58,460,227,233
050,28,107,"Mississippi","Panola County",1,59,461,229,232
050,28,107,"Mississippi","Panola County",1,60,436,208,228
050,28,107,"Mississippi","Panola County",1,61,438,205,233
050,28,107,"Mississippi","Panola County",1,62,444,208,236
050,28,107,"Mississippi","Panola County",1,63,450,229,221
050,28,107,"Mississippi","Panola County",1,64,461,229,232
050,28,107,"Mississippi","Panola County",1,65,419,206,213
050,28,107,"Mississippi","Panola County",1,66,413,192,221
050,28,107,"Mississippi","Panola County",1,67,372,161,211
050,28,107,"Mississippi","Panola County",1,68,333,161,172
050,28,107,"Mississippi","Panola County",1,69,331,160,171
050,28,107,"Mississippi","Panola County",1,70,328,149,179
050,28,107,"Mississippi","Panola County",1,71,316,150,166
050,28,107,"Mississippi","Panola County",1,72,315,158,157
050,28,107,"Mississippi","Panola County",1,73,326,156,170
050,28,107,"Mississippi","Panola County",1,74,222,104,118
050,28,107,"Mississippi","Panola County",1,75,218,93,125
050,28,107,"Mississippi","Panola County",1,76,215,86,129
050,28,107,"Mississippi","Panola County",1,77,210,92,118
050,28,107,"Mississippi","Panola County",1,78,178,81,97
050,28,107,"Mississippi","Panola County",1,79,156,73,83
050,28,107,"Mississippi","Panola County",1,80,138,57,81
050,28,107,"Mississippi","Panola County",1,81,119,40,79
050,28,107,"Mississippi","Panola County",1,82,136,47,89
050,28,107,"Mississippi","Panola County",1,83,122,49,73
050,28,107,"Mississippi","Panola County",1,84,107,42,65
050,28,107,"Mississippi","Panola County",1,85,547,192,355
050,28,107,"Mississippi","Panola County",2,0,479,234,245
050,28,107,"Mississippi","Panola County",2,1,464,225,239
050,28,107,"Mississippi","Panola County",2,2,446,217,229
050,28,107,"Mississippi","Panola County",2,3,460,230,230
050,28,107,"Mississippi","Panola County",2,4,444,223,221
050,28,107,"Mississippi","Panola County",2,5,433,218,215
050,28,107,"Mississippi","Panola County",2,6,440,225,215
050,28,107,"Mississippi","Panola County",2,7,429,222,207
050,28,107,"Mississippi","Panola County",2,8,451,224,227
050,28,107,"Mississippi","Panola County",2,9,447,228,219
050,28,107,"Mississippi","Panola County",2,10,443,234,209
050,28,107,"Mississippi","Panola County",2,11,456,236,220
050,28,107,"Mississippi","Panola County",2,12,496,259,237
050,28,107,"Mississippi","Panola County",2,13,494,269,225
050,28,107,"Mississippi","Panola County",2,14,465,248,217
050,28,107,"Mississippi","Panola County",2,15,440,217,223
050,28,107,"Mississippi","Panola County",2,16,452,211,241
050,28,107,"Mississippi","Panola County",2,17,459,220,239
050,28,107,"Mississippi","Panola County",2,18,414,211,203
050,28,107,"Mississippi","Panola County",2,19,366,192,174
050,28,107,"Mississippi","Panola County",2,20,375,196,179
050,28,107,"Mississippi","Panola County",2,21,386,198,188
050,28,107,"Mississippi","Panola County",2,22,406,205,201
050,28,107,"Mississippi","Panola County",2,23,398,197,201
050,28,107,"Mississippi","Panola County",2,24,400,194,206
050,28,107,"Mississippi","Panola County",2,25,417,196,221
050,28,107,"Mississippi","Panola County",2,26,452,216,236
050,28,107,"Mississippi","Panola County",2,27,461,230,231
050,28,107,"Mississippi","Panola County",2,28,464,229,235
050,28,107,"Mississippi","Panola County",2,29,454,218,236
050,28,107,"Mississippi","Panola County",2,30,445,213,232
050,28,107,"Mississippi","Panola County",2,31,429,204,225
050,28,107,"Mississippi","Panola County",2,32,413,189,224
050,28,107,"Mississippi","Panola County",2,33,387,178,209
050,28,107,"Mississippi","Panola County",2,34,377,162,215
050,28,107,"Mississippi","Panola County",2,35,373,169,204
050,28,107,"Mississippi","Panola County",2,36,382,174,208
050,28,107,"Mississippi","Panola County",2,37,399,188,211
050,28,107,"Mississippi","Panola County",2,38,382,185,197
050,28,107,"Mississippi","Panola County",2,39,396,179,217
050,28,107,"Mississippi","Panola County",2,40,387,186,201
050,28,107,"Mississippi","Panola County",2,41,349,173,176
050,28,107,"Mississippi","Panola County",2,42,374,163,211
050,28,107,"Mississippi","Panola County",2,43,386,167,219
050,28,107,"Mississippi","Panola County",2,44,372,166,206
050,28,107,"Mississippi","Panola County",2,45,364,169,195
050,28,107,"Mississippi","Panola County",2,46,363,180,183
050,28,107,"Mississippi","Panola County",2,47,393,203,190
050,28,107,"Mississippi","Panola County",2,48,424,218,206
050,28,107,"Mississippi","Panola County",2,49,424,198,226
050,28,107,"Mississippi","Panola County",2,50,402,183,219
050,28,107,"Mississippi","Panola County",2,51,384,179,205
050,28,107,"Mississippi","Panola County",2,52,405,191,214
050,28,107,"Mississippi","Panola County",2,53,405,193,212
050,28,107,"Mississippi","Panola County",2,54,427,212,215
050,28,107,"Mississippi","Panola County",2,55,468,228,240
050,28,107,"Mississippi","Panola County",2,56,494,241,253
050,28,107,"Mississippi","Panola County",2,57,470,226,244
050,28,107,"Mississippi","Panola County",2,58,462,226,236
050,28,107,"Mississippi","Panola County",2,59,463,228,235
050,28,107,"Mississippi","Panola County",2,60,442,214,228
050,28,107,"Mississippi","Panola County",2,61,437,205,232
050,28,107,"Mississippi","Panola County",2,62,442,207,235
050,28,107,"Mississippi","Panola County",2,63,450,224,226
050,28,107,"Mississippi","Panola County",2,64,453,228,225
050,28,107,"Mississippi","Panola County",2,65,430,211,219
050,28,107,"Mississippi","Panola County",2,66,412,194,218
050,28,107,"Mississippi","Panola County",2,67,381,168,213
050,28,107,"Mississippi","Panola County",2,68,336,157,179
050,28,107,"Mississippi","Panola County",2,69,329,159,170
050,28,107,"Mississippi","Panola County",2,70,330,150,180
050,28,107,"Mississippi","Panola County",2,71,315,149,166
050,28,107,"Mississippi","Panola County",2,72,311,154,157
050,28,107,"Mississippi","Panola County",2,73,332,161,171
050,28,107,"Mississippi","Panola County",2,74,230,108,122
050,28,107,"Mississippi","Panola County",2,75,220,95,125
050,28,107,"Mississippi","Panola County",2,76,211,85,126
050,28,107,"Mississippi","Panola County",2,77,215,92,123
050,28,107,"Mississippi","Panola County",2,78,177,82,95
050,28,107,"Mississippi","Panola County",2,79,158,75,83
050,28,107,"Mississippi","Panola County",2,80,141,58,83
050,28,107,"Mississippi","Panola County",2,81,122,41,81
050,28,107,"Mississippi","Panola County",2,82,132,45,87
050,28,107,"Mississippi","Panola County",2,83,124,49,75
050,28,107,"Mississippi","Panola County",2,84,105,41,64
050,28,107,"Mississippi","Panola County",2,85,544,196,348
050,28,107,"Mississippi","Panola County",3,0,431,215,216
050,28,107,"Mississippi","Panola County",3,1,455,223,232
050,28,107,"Mississippi","Panola County",3,2,447,223,224
050,28,107,"Mississippi","Panola County",3,3,443,218,225
050,28,107,"Mississippi","Panola County",3,4,466,240,226
050,28,107,"Mississippi","Panola County",3,5,446,226,220
050,28,107,"Mississippi","Panola County",3,6,438,227,211
050,28,107,"Mississippi","Panola County",3,7,443,228,215
050,28,107,"Mississippi","Panola County",3,8,419,208,211
050,28,107,"Mississippi","Panola County",3,9,452,223,229
050,28,107,"Mississippi","Panola County",3,10,446,224,222
050,28,107,"Mississippi","Panola County",3,11,442,238,204
050,28,107,"Mississippi","Panola County",3,12,465,244,221
050,28,107,"Mississippi","Panola County",3,13,490,252,238
050,28,107,"Mississippi","Panola County",3,14,488,267,221
050,28,107,"Mississippi","Panola County",3,15,460,251,209
050,28,107,"Mississippi","Panola County",3,16,439,209,230
050,28,107,"Mississippi","Panola County",3,17,465,212,253
050,28,107,"Mississippi","Panola County",3,18,411,203,208
050,28,107,"Mississippi","Panola County",3,19,353,175,178
050,28,107,"Mississippi","Panola County",3,20,368,193,175
050,28,107,"Mississippi","Panola County",3,21,396,197,199
050,28,107,"Mississippi","Panola County",3,22,414,208,206
050,28,107,"Mississippi","Panola County",3,23,400,211,189
050,28,107,"Mississippi","Panola County",3,24,391,194,197
050,28,107,"Mississippi","Panola County",3,25,390,186,204
050,28,107,"Mississippi","Panola County",3,26,409,190,219
050,28,107,"Mississippi","Panola County",3,27,431,208,223
050,28,107,"Mississippi","Panola County",3,28,451,230,221
050,28,107,"Mississippi","Panola County",3,29,434,209,225
050,28,107,"Mississippi","Panola County",3,30,447,216,231
050,28,107,"Mississippi","Panola County",3,31,452,217,235
050,28,107,"Mississippi","Panola County",3,32,410,200,210
050,28,107,"Mississippi","Panola County",3,33,399,177,222
050,28,107,"Mississippi","Panola County",3,34,387,182,205
050,28,107,"Mississippi","Panola County",3,35,368,176,192
050,28,107,"Mississippi","Panola County",3,36,380,167,213
050,28,107,"Mississippi","Panola County",3,37,374,176,198
050,28,107,"Mississippi","Panola County",3,38,393,184,209
050,28,107,"Mississippi","Panola County",3,39,379,186,193
050,28,107,"Mississippi","Panola County",3,40,396,173,223
050,28,107,"Mississippi","Panola County",3,41,387,186,201
050,28,107,"Mississippi","Panola County",3,42,346,172,174
050,28,107,"Mississippi","Panola County",3,43,368,166,202
050,28,107,"Mississippi","Panola County",3,44,391,177,214
050,28,107,"Mississippi","Panola County",3,45,372,165,207
050,28,107,"Mississippi","Panola County",3,46,376,172,204
050,28,107,"Mississippi","Panola County",3,47,343,163,180
050,28,107,"Mississippi","Panola County",3,48,373,194,179
050,28,107,"Mississippi","Panola County",3,49,418,214,204
050,28,107,"Mississippi","Panola County",3,50,417,194,223
050,28,107,"Mississippi","Panola County",3,51,410,190,220
050,28,107,"Mississippi","Panola County",3,52,377,178,199
050,28,107,"Mississippi","Panola County",3,53,410,196,214
050,28,107,"Mississippi","Panola County",3,54,405,188,217
050,28,107,"Mississippi","Panola County",3,55,414,207,207
050,28,107,"Mississippi","Panola County",3,56,474,231,243
050,28,107,"Mississippi","Panola County",3,57,494,241,253
050,28,107,"Mississippi","Panola County",3,58,461,218,243
050,28,107,"Mississippi","Panola County",3,59,446,213,233
050,28,107,"Mississippi","Panola County",3,60,448,217,231
050,28,107,"Mississippi","Panola County",3,61,428,204,224
050,28,107,"Mississippi","Panola County",3,62,441,217,224
050,28,107,"Mississippi","Panola County",3,63,431,201,230
050,28,107,"Mississippi","Panola County",3,64,446,221,225
050,28,107,"Mississippi","Panola County",3,65,445,219,226
050,28,107,"Mississippi","Panola County",3,66,421,203,218
050,28,107,"Mississippi","Panola County",3,67,403,185,218
050,28,107,"Mississippi","Panola County",3,68,368,168,200
050,28,107,"Mississippi","Panola County",3,69,333,153,180
050,28,107,"Mississippi","Panola County",3,70,330,153,177
050,28,107,"Mississippi","Panola County",3,71,310,147,163
050,28,107,"Mississippi","Panola County",3,72,308,140,168
050,28,107,"Mississippi","Panola County",3,73,301,153,148
050,28,107,"Mississippi","Panola County",3,74,308,147,161
050,28,107,"Mississippi","Panola County",3,75,215,96,119
050,28,107,"Mississippi","Panola County",3,76,205,91,114
050,28,107,"Mississippi","Panola County",3,77,194,80,114
050,28,107,"Mississippi","Panola County",3,78,206,92,114
050,28,107,"Mississippi","Panola County",3,79,167,76,91
050,28,107,"Mississippi","Panola County",3,80,145,64,81
050,28,107,"Mississippi","Panola County",3,81,131,44,87
050,28,107,"Mississippi","Panola County",3,82,116,40,76
050,28,107,"Mississippi","Panola County",3,83,124,46,78
050,28,107,"Mississippi","Panola County",3,84,103,31,72
050,28,107,"Mississippi","Panola County",3,85,531,194,337
050,28,107,"Mississippi","Panola County",4,0,391,194,197
050,28,107,"Mississippi","Panola County",4,1,427,220,207
050,28,107,"Mississippi","Panola County",4,2,463,226,237
050,28,107,"Mississippi","Panola County",4,3,449,229,220
050,28,107,"Mississippi","Panola County",4,4,427,214,213
050,28,107,"Mississippi","Panola County",4,5,456,225,231
050,28,107,"Mississippi","Panola County",4,6,441,223,218
050,28,107,"Mississippi","Panola County",4,7,419,217,202
050,28,107,"Mississippi","Panola County",4,8,443,226,217
050,28,107,"Mississippi","Panola County",4,9,410,211,199
050,28,107,"Mississippi","Panola County",4,10,445,220,225
050,28,107,"Mississippi","Panola County",4,11,447,224,223
050,28,107,"Mississippi","Panola County",4,12,435,231,204
050,28,107,"Mississippi","Panola County",4,13,456,237,219
050,28,107,"Mississippi","Panola County",4,14,491,251,240
050,28,107,"Mississippi","Panola County",4,15,477,262,215
050,28,107,"Mississippi","Panola County",4,16,450,242,208
050,28,107,"Mississippi","Panola County",4,17,432,205,227
050,28,107,"Mississippi","Panola County",4,18,392,186,206
050,28,107,"Mississippi","Panola County",4,19,352,169,183
050,28,107,"Mississippi","Panola County",4,20,359,171,188
050,28,107,"Mississippi","Panola County",4,21,375,197,178
050,28,107,"Mississippi","Panola County",4,22,413,197,216
050,28,107,"Mississippi","Panola County",4,23,430,210,220
050,28,107,"Mississippi","Panola County",4,24,390,204,186
050,28,107,"Mississippi","Panola County",4,25,393,184,209
050,28,107,"Mississippi","Panola County",4,26,384,181,203
050,28,107,"Mississippi","Panola County",4,27,384,181,203
050,28,107,"Mississippi","Panola County",4,28,412,205,207
050,28,107,"Mississippi","Panola County",4,29,446,215,231
050,28,107,"Mississippi","Panola County",4,30,421,203,218
050,28,107,"Mississippi","Panola County",4,31,447,221,226
050,28,107,"Mississippi","Panola County",4,32,422,211,211
050,28,107,"Mississippi","Panola County",4,33,402,191,211
050,28,107,"Mississippi","Panola County",4,34,408,178,230
050,28,107,"Mississippi","Panola County",4,35,395,187,208
050,28,107,"Mississippi","Panola County",4,36,363,170,193
050,28,107,"Mississippi","Panola County",4,37,375,165,210
050,28,107,"Mississippi","Panola County",4,38,364,174,190
050,28,107,"Mississippi","Panola County",4,39,388,180,208
050,28,107,"Mississippi","Panola County",4,40,391,190,201
050,28,107,"Mississippi","Panola County",4,41,391,174,217
050,28,107,"Mississippi","Panola County",4,42,389,190,199
050,28,107,"Mississippi","Panola County",4,43,349,172,177
050,28,107,"Mississippi","Panola County",4,44,361,160,201
050,28,107,"Mississippi","Panola County",4,45,374,162,212
050,28,107,"Mississippi","Panola County",4,46,367,160,207
050,28,107,"Mississippi","Panola County",4,47,377,171,206
050,28,107,"Mississippi","Panola County",4,48,339,167,172
050,28,107,"Mississippi","Panola County",4,49,371,188,183
050,28,107,"Mississippi","Panola County",4,50,413,210,203
050,28,107,"Mississippi","Panola County",4,51,421,203,218
050,28,107,"Mississippi","Panola County",4,52,415,197,218
050,28,107,"Mississippi","Panola County",4,53,370,176,194
050,28,107,"Mississippi","Panola County",4,54,417,205,212
050,28,107,"Mississippi","Panola County",4,55,392,175,217
050,28,107,"Mississippi","Panola County",4,56,406,200,206
050,28,107,"Mississippi","Panola County",4,57,471,233,238
050,28,107,"Mississippi","Panola County",4,58,481,227,254
050,28,107,"Mississippi","Panola County",4,59,460,216,244
050,28,107,"Mississippi","Panola County",4,60,439,202,237
050,28,107,"Mississippi","Panola County",4,61,446,217,229
050,28,107,"Mississippi","Panola County",4,62,413,196,217
050,28,107,"Mississippi","Panola County",4,63,438,211,227
050,28,107,"Mississippi","Panola County",4,64,430,193,237
050,28,107,"Mississippi","Panola County",4,65,441,217,224
050,28,107,"Mississippi","Panola County",4,66,435,211,224
050,28,107,"Mississippi","Panola County",4,67,419,204,215
050,28,107,"Mississippi","Panola County",4,68,386,182,204
050,28,107,"Mississippi","Panola County",4,69,352,161,191
050,28,107,"Mississippi","Panola County",4,70,340,157,183
050,28,107,"Mississippi","Panola County",4,71,308,146,162
050,28,107,"Mississippi","Panola County",4,72,305,144,161
050,28,107,"Mississippi","Panola County",4,73,301,135,166
050,28,107,"Mississippi","Panola County",4,74,279,138,141
050,28,107,"Mississippi","Panola County",4,75,293,137,156
050,28,107,"Mississippi","Panola County",4,76,203,92,111
050,28,107,"Mississippi","Panola County",4,77,198,90,108
050,28,107,"Mississippi","Panola County",4,78,182,80,102
050,28,107,"Mississippi","Panola County",4,79,193,84,109
050,28,107,"Mississippi","Panola County",4,80,163,73,90
050,28,107,"Mississippi","Panola County",4,81,134,52,82
050,28,107,"Mississippi","Panola County",4,82,129,45,84
050,28,107,"Mississippi","Panola County",4,83,113,43,70
050,28,107,"Mississippi","Panola County",4,84,103,31,72
050,28,107,"Mississippi","Panola County",4,85,520,182,338
050,28,107,"Mississippi","Panola County",5,0,372,186,186
050,28,107,"Mississippi","Panola County",5,1,404,202,202
050,28,107,"Mississippi","Panola County",5,2,432,229,203
050,28,107,"Mississippi","Panola County",5,3,462,226,236
050,28,107,"Mississippi","Panola County",5,4,436,225,211
050,28,107,"Mississippi","Panola County",5,5,435,218,217
050,28,107,"Mississippi","Panola County",5,6,464,228,236
050,28,107,"Mississippi","Panola County",5,7,442,226,216
050,28,107,"Mississippi","Panola County",5,8,417,214,203
050,28,107,"Mississippi","Panola County",5,9,445,221,224
050,28,107,"Mississippi","Panola County",5,10,411,211,200
050,28,107,"Mississippi","Panola County",5,11,444,221,223
050,28,107,"Mississippi","Panola County",5,12,449,224,225
050,28,107,"Mississippi","Panola County",5,13,435,227,208
050,28,107,"Mississippi","Panola County",5,14,466,236,230
050,28,107,"Mississippi","Panola County",5,15,488,250,238
050,28,107,"Mississippi","Panola County",5,16,469,257,212
050,28,107,"Mississippi","Panola County",5,17,466,252,214
050,28,107,"Mississippi","Panola County",5,18,378,176,202
050,28,107,"Mississippi","Panola County",5,19,352,163,189
050,28,107,"Mississippi","Panola County",5,20,378,182,196
050,28,107,"Mississippi","Panola County",5,21,370,179,191
050,28,107,"Mississippi","Panola County",5,22,398,211,187
050,28,107,"Mississippi","Panola County",5,23,430,203,227
050,28,107,"Mississippi","Panola County",5,24,431,212,219
050,28,107,"Mississippi","Panola County",5,25,395,213,182
050,28,107,"Mississippi","Panola County",5,26,382,180,202
050,28,107,"Mississippi","Panola County",5,27,392,190,202
050,28,107,"Mississippi","Panola County",5,28,397,187,210
050,28,107,"Mississippi","Panola County",5,29,415,208,207
050,28,107,"Mississippi","Panola County",5,30,441,208,233
050,28,107,"Mississippi","Panola County",5,31,430,213,217
050,28,107,"Mississippi","Panola County",5,32,466,231,235
050,28,107,"Mississippi","Panola County",5,33,434,219,215
050,28,107,"Mississippi","Panola County",5,34,396,189,207
050,28,107,"Mississippi","Panola County",5,35,415,183,232
050,28,107,"Mississippi","Panola County",5,36,393,179,214
050,28,107,"Mississippi","Panola County",5,37,357,169,188
050,28,107,"Mississippi","Panola County",5,38,378,168,210
050,28,107,"Mississippi","Panola County",5,39,369,169,200
050,28,107,"Mississippi","Panola County",5,40,382,182,200
050,28,107,"Mississippi","Panola County",5,41,391,186,205
050,28,107,"Mississippi","Panola County",5,42,396,179,217
050,28,107,"Mississippi","Panola County",5,43,383,174,209
050,28,107,"Mississippi","Panola County",5,44,344,166,178
050,28,107,"Mississippi","Panola County",5,45,357,158,199
050,28,107,"Mississippi","Panola County",5,46,372,157,215
050,28,107,"Mississippi","Panola County",5,47,364,159,205
050,28,107,"Mississippi","Panola County",5,48,383,174,209
050,28,107,"Mississippi","Panola County",5,49,344,170,174
050,28,107,"Mississippi","Panola County",5,50,374,187,187
050,28,107,"Mississippi","Panola County",5,51,407,214,193
050,28,107,"Mississippi","Panola County",5,52,411,197,214
050,28,107,"Mississippi","Panola County",5,53,406,189,217
050,28,107,"Mississippi","Panola County",5,54,363,175,188
050,28,107,"Mississippi","Panola County",5,55,420,205,215
050,28,107,"Mississippi","Panola County",5,56,389,177,212
050,28,107,"Mississippi","Panola County",5,57,408,199,209
050,28,107,"Mississippi","Panola County",5,58,462,230,232
050,28,107,"Mississippi","Panola County",5,59,478,220,258
050,28,107,"Mississippi","Panola County",5,60,452,211,241
050,28,107,"Mississippi","Panola County",5,61,434,196,238
050,28,107,"Mississippi","Panola County",5,62,439,210,229
050,28,107,"Mississippi","Panola County",5,63,395,187,208
050,28,107,"Mississippi","Panola County",5,64,431,206,225
050,28,107,"Mississippi","Panola County",5,65,421,189,232
050,28,107,"Mississippi","Panola County",5,66,430,207,223
050,28,107,"Mississippi","Panola County",5,67,439,210,229
050,28,107,"Mississippi","Panola County",5,68,411,205,206
050,28,107,"Mississippi","Panola County",5,69,378,179,199
050,28,107,"Mississippi","Panola County",5,70,358,157,201
050,28,107,"Mississippi","Panola County",5,71,321,152,169
050,28,107,"Mississippi","Panola County",5,72,303,144,159
050,28,107,"Mississippi","Panola County",5,73,296,137,159
050,28,107,"Mississippi","Panola County",5,74,286,128,158
050,28,107,"Mississippi","Panola County",5,75,271,130,141
050,28,107,"Mississippi","Panola County",5,76,282,131,151
050,28,107,"Mississippi","Panola County",5,77,195,90,105
050,28,107,"Mississippi","Panola County",5,78,186,88,98
050,28,107,"Mississippi","Panola County",5,79,175,75,100
050,28,107,"Mississippi","Panola County",5,80,185,76,109
050,28,107,"Mississippi","Panola County",5,81,151,60,91
050,28,107,"Mississippi","Panola County",5,82,128,51,77
050,28,107,"Mississippi","Panola County",5,83,124,48,76
050,28,107,"Mississippi","Panola County",5,84,92,26,66
050,28,107,"Mississippi","Panola County",5,85,518,173,345
050,28,109,"Mississippi","Pearl River County",1,0,612,314,298
050,28,109,"Mississippi","Pearl River County",1,1,633,328,305
050,28,109,"Mississippi","Pearl River County",1,2,632,323,309
050,28,109,"Mississippi","Pearl River County",1,3,666,333,333
050,28,109,"Mississippi","Pearl River County",1,4,712,365,347
050,28,109,"Mississippi","Pearl River County",1,5,667,336,331
050,28,109,"Mississippi","Pearl River County",1,6,691,358,333
050,28,109,"Mississippi","Pearl River County",1,7,678,355,323
050,28,109,"Mississippi","Pearl River County",1,8,724,371,353
050,28,109,"Mississippi","Pearl River County",1,9,715,366,349
050,28,109,"Mississippi","Pearl River County",1,10,714,381,333
050,28,109,"Mississippi","Pearl River County",1,11,793,410,383
050,28,109,"Mississippi","Pearl River County",1,12,815,411,404
050,28,109,"Mississippi","Pearl River County",1,13,840,413,427
050,28,109,"Mississippi","Pearl River County",1,14,734,350,384
050,28,109,"Mississippi","Pearl River County",1,15,739,366,373
050,28,109,"Mississippi","Pearl River County",1,16,761,390,371
050,28,109,"Mississippi","Pearl River County",1,17,747,401,346
050,28,109,"Mississippi","Pearl River County",1,18,782,421,361
050,28,109,"Mississippi","Pearl River County",1,19,835,438,397
050,28,109,"Mississippi","Pearl River County",1,20,768,415,353
050,28,109,"Mississippi","Pearl River County",1,21,641,337,304
050,28,109,"Mississippi","Pearl River County",1,22,597,304,293
050,28,109,"Mississippi","Pearl River County",1,23,599,297,302
050,28,109,"Mississippi","Pearl River County",1,24,641,333,308
050,28,109,"Mississippi","Pearl River County",1,25,642,306,336
050,28,109,"Mississippi","Pearl River County",1,26,657,310,347
050,28,109,"Mississippi","Pearl River County",1,27,660,291,369
050,28,109,"Mississippi","Pearl River County",1,28,689,363,326
050,28,109,"Mississippi","Pearl River County",1,29,690,380,310
050,28,109,"Mississippi","Pearl River County",1,30,655,314,341
050,28,109,"Mississippi","Pearl River County",1,31,641,292,349
050,28,109,"Mississippi","Pearl River County",1,32,616,294,322
050,28,109,"Mississippi","Pearl River County",1,33,614,282,332
050,28,109,"Mississippi","Pearl River County",1,34,599,294,305
050,28,109,"Mississippi","Pearl River County",1,35,639,324,315
050,28,109,"Mississippi","Pearl River County",1,36,618,310,308
050,28,109,"Mississippi","Pearl River County",1,37,650,322,328
050,28,109,"Mississippi","Pearl River County",1,38,636,311,325
050,28,109,"Mississippi","Pearl River County",1,39,661,315,346
050,28,109,"Mississippi","Pearl River County",1,40,631,300,331
050,28,109,"Mississippi","Pearl River County",1,41,630,313,317
050,28,109,"Mississippi","Pearl River County",1,42,656,306,350
050,28,109,"Mississippi","Pearl River County",1,43,646,290,356
050,28,109,"Mississippi","Pearl River County",1,44,660,308,352
050,28,109,"Mississippi","Pearl River County",1,45,668,320,348
050,28,109,"Mississippi","Pearl River County",1,46,640,323,317
050,28,109,"Mississippi","Pearl River County",1,47,680,342,338
050,28,109,"Mississippi","Pearl River County",1,48,713,371,342
050,28,109,"Mississippi","Pearl River County",1,49,734,374,360
050,28,109,"Mississippi","Pearl River County",1,50,710,334,376
050,28,109,"Mississippi","Pearl River County",1,51,706,356,350
050,28,109,"Mississippi","Pearl River County",1,52,717,368,349
050,28,109,"Mississippi","Pearl River County",1,53,713,349,364
050,28,109,"Mississippi","Pearl River County",1,54,745,367,378
050,28,109,"Mississippi","Pearl River County",1,55,805,392,413
050,28,109,"Mississippi","Pearl River County",1,56,809,408,401
050,28,109,"Mississippi","Pearl River County",1,57,773,396,377
050,28,109,"Mississippi","Pearl River County",1,58,800,405,395
050,28,109,"Mississippi","Pearl River County",1,59,799,401,398
050,28,109,"Mississippi","Pearl River County",1,60,780,388,392
050,28,109,"Mississippi","Pearl River County",1,61,711,346,365
050,28,109,"Mississippi","Pearl River County",1,62,762,369,393
050,28,109,"Mississippi","Pearl River County",1,63,738,358,380
050,28,109,"Mississippi","Pearl River County",1,64,727,349,378
050,28,109,"Mississippi","Pearl River County",1,65,727,332,395
050,28,109,"Mississippi","Pearl River County",1,66,735,337,398
050,28,109,"Mississippi","Pearl River County",1,67,689,321,368
050,28,109,"Mississippi","Pearl River County",1,68,722,337,385
050,28,109,"Mississippi","Pearl River County",1,69,665,326,339
050,28,109,"Mississippi","Pearl River County",1,70,666,332,334
050,28,109,"Mississippi","Pearl River County",1,71,661,322,339
050,28,109,"Mississippi","Pearl River County",1,72,650,311,339
050,28,109,"Mississippi","Pearl River County",1,73,650,301,349
050,28,109,"Mississippi","Pearl River County",1,74,440,216,224
050,28,109,"Mississippi","Pearl River County",1,75,471,218,253
050,28,109,"Mississippi","Pearl River County",1,76,448,214,234
050,28,109,"Mississippi","Pearl River County",1,77,435,199,236
050,28,109,"Mississippi","Pearl River County",1,78,373,170,203
050,28,109,"Mississippi","Pearl River County",1,79,334,151,183
050,28,109,"Mississippi","Pearl River County",1,80,298,150,148
050,28,109,"Mississippi","Pearl River County",1,81,265,114,151
050,28,109,"Mississippi","Pearl River County",1,82,238,106,132
050,28,109,"Mississippi","Pearl River County",1,83,204,94,110
050,28,109,"Mississippi","Pearl River County",1,84,177,73,104
050,28,109,"Mississippi","Pearl River County",1,85,949,348,601
050,28,109,"Mississippi","Pearl River County",2,0,630,315,315
050,28,109,"Mississippi","Pearl River County",2,1,628,325,303
050,28,109,"Mississippi","Pearl River County",2,2,634,323,311
050,28,109,"Mississippi","Pearl River County",2,3,658,330,328
050,28,109,"Mississippi","Pearl River County",2,4,706,357,349
050,28,109,"Mississippi","Pearl River County",2,5,677,341,336
050,28,109,"Mississippi","Pearl River County",2,6,685,354,331
050,28,109,"Mississippi","Pearl River County",2,7,680,357,323
050,28,109,"Mississippi","Pearl River County",2,8,716,366,350
050,28,109,"Mississippi","Pearl River County",2,9,716,367,349
050,28,109,"Mississippi","Pearl River County",2,10,715,377,338
050,28,109,"Mississippi","Pearl River County",2,11,772,401,371
050,28,109,"Mississippi","Pearl River County",2,12,818,417,401
050,28,109,"Mississippi","Pearl River County",2,13,830,411,419
050,28,109,"Mississippi","Pearl River County",2,14,762,367,395
050,28,109,"Mississippi","Pearl River County",2,15,744,364,380
050,28,109,"Mississippi","Pearl River County",2,16,756,384,372
050,28,109,"Mississippi","Pearl River County",2,17,748,397,351
050,28,109,"Mississippi","Pearl River County",2,18,775,417,358
050,28,109,"Mississippi","Pearl River County",2,19,841,443,398
050,28,109,"Mississippi","Pearl River County",2,20,773,417,356
050,28,109,"Mississippi","Pearl River County",2,21,651,341,310
050,28,109,"Mississippi","Pearl River County",2,22,604,310,294
050,28,109,"Mississippi","Pearl River County",2,23,605,306,299
050,28,109,"Mississippi","Pearl River County",2,24,633,322,311
050,28,109,"Mississippi","Pearl River County",2,25,643,313,330
050,28,109,"Mississippi","Pearl River County",2,26,655,307,348
050,28,109,"Mississippi","Pearl River County",2,27,658,296,362
050,28,109,"Mississippi","Pearl River County",2,28,676,343,333
050,28,109,"Mississippi","Pearl River County",2,29,688,374,314
050,28,109,"Mississippi","Pearl River County",2,30,667,329,338
050,28,109,"Mississippi","Pearl River County",2,31,648,299,349
050,28,109,"Mississippi","Pearl River County",2,32,626,297,329
050,28,109,"Mississippi","Pearl River County",2,33,614,287,327
050,28,109,"Mississippi","Pearl River County",2,34,602,292,310
050,28,109,"Mississippi","Pearl River County",2,35,633,319,314
050,28,109,"Mississippi","Pearl River County",2,36,620,313,307
050,28,109,"Mississippi","Pearl River County",2,37,644,320,324
050,28,109,"Mississippi","Pearl River County",2,38,645,316,329
050,28,109,"Mississippi","Pearl River County",2,39,653,312,341
050,28,109,"Mississippi","Pearl River County",2,40,643,307,336
050,28,109,"Mississippi","Pearl River County",2,41,633,312,321
050,28,109,"Mississippi","Pearl River County",2,42,647,306,341
050,28,109,"Mississippi","Pearl River County",2,43,658,298,360
050,28,109,"Mississippi","Pearl River County",2,44,652,300,352
050,28,109,"Mississippi","Pearl River County",2,45,670,318,352
050,28,109,"Mississippi","Pearl River County",2,46,647,322,325
050,28,109,"Mississippi","Pearl River County",2,47,672,340,332
050,28,109,"Mississippi","Pearl River County",2,48,705,366,339
050,28,109,"Mississippi","Pearl River County",2,49,731,375,356
050,28,109,"Mississippi","Pearl River County",2,50,715,341,374
050,28,109,"Mississippi","Pearl River County",2,51,705,349,356
050,28,109,"Mississippi","Pearl River County",2,52,713,366,347
050,28,109,"Mississippi","Pearl River County",2,53,717,356,361
050,28,109,"Mississippi","Pearl River County",2,54,738,365,373
050,28,109,"Mississippi","Pearl River County",2,55,791,385,406
050,28,109,"Mississippi","Pearl River County",2,56,808,404,404
050,28,109,"Mississippi","Pearl River County",2,57,779,398,381
050,28,109,"Mississippi","Pearl River County",2,58,798,406,392
050,28,109,"Mississippi","Pearl River County",2,59,808,405,403
050,28,109,"Mississippi","Pearl River County",2,60,777,387,390
050,28,109,"Mississippi","Pearl River County",2,61,727,355,372
050,28,109,"Mississippi","Pearl River County",2,62,744,361,383
050,28,109,"Mississippi","Pearl River County",2,63,745,360,385
050,28,109,"Mississippi","Pearl River County",2,64,725,347,378
050,28,109,"Mississippi","Pearl River County",2,65,720,330,390
050,28,109,"Mississippi","Pearl River County",2,66,735,338,397
050,28,109,"Mississippi","Pearl River County",2,67,694,322,372
050,28,109,"Mississippi","Pearl River County",2,68,707,328,379
050,28,109,"Mississippi","Pearl River County",2,69,681,330,351
050,28,109,"Mississippi","Pearl River County",2,70,664,331,333
050,28,109,"Mississippi","Pearl River County",2,71,659,321,338
050,28,109,"Mississippi","Pearl River County",2,72,637,307,330
050,28,109,"Mississippi","Pearl River County",2,73,681,317,364
050,28,109,"Mississippi","Pearl River County",2,74,456,220,236
050,28,109,"Mississippi","Pearl River County",2,75,464,218,246
050,28,109,"Mississippi","Pearl River County",2,76,446,209,237
050,28,109,"Mississippi","Pearl River County",2,77,443,208,235
050,28,109,"Mississippi","Pearl River County",2,78,380,174,206
050,28,109,"Mississippi","Pearl River County",2,79,335,151,184
050,28,109,"Mississippi","Pearl River County",2,80,302,147,155
050,28,109,"Mississippi","Pearl River County",2,81,262,116,146
050,28,109,"Mississippi","Pearl River County",2,82,240,107,133
050,28,109,"Mississippi","Pearl River County",2,83,201,89,112
050,28,109,"Mississippi","Pearl River County",2,84,181,76,105
050,28,109,"Mississippi","Pearl River County",2,85,946,346,600
050,28,109,"Mississippi","Pearl River County",3,0,556,281,275
050,28,109,"Mississippi","Pearl River County",3,1,612,309,303
050,28,109,"Mississippi","Pearl River County",3,2,653,334,319
050,28,109,"Mississippi","Pearl River County",3,3,643,322,321
050,28,109,"Mississippi","Pearl River County",3,4,703,349,354
050,28,109,"Mississippi","Pearl River County",3,5,721,372,349
050,28,109,"Mississippi","Pearl River County",3,6,690,353,337
050,28,109,"Mississippi","Pearl River County",3,7,702,362,340
050,28,109,"Mississippi","Pearl River County",3,8,700,367,333
050,28,109,"Mississippi","Pearl River County",3,9,726,363,363
050,28,109,"Mississippi","Pearl River County",3,10,740,385,355
050,28,109,"Mississippi","Pearl River County",3,11,717,364,353
050,28,109,"Mississippi","Pearl River County",3,12,765,397,368
050,28,109,"Mississippi","Pearl River County",3,13,820,406,414
050,28,109,"Mississippi","Pearl River County",3,14,848,412,436
050,28,109,"Mississippi","Pearl River County",3,15,775,383,392
050,28,109,"Mississippi","Pearl River County",3,16,721,361,360
050,28,109,"Mississippi","Pearl River County",3,17,751,394,357
050,28,109,"Mississippi","Pearl River County",3,18,773,408,365
050,28,109,"Mississippi","Pearl River County",3,19,833,458,375
050,28,109,"Mississippi","Pearl River County",3,20,748,415,333
050,28,109,"Mississippi","Pearl River County",3,21,682,353,329
050,28,109,"Mississippi","Pearl River County",3,22,608,305,303
050,28,109,"Mississippi","Pearl River County",3,23,642,328,314
050,28,109,"Mississippi","Pearl River County",3,24,628,307,321
050,28,109,"Mississippi","Pearl River County",3,25,641,333,308
050,28,109,"Mississippi","Pearl River County",3,26,627,305,322
050,28,109,"Mississippi","Pearl River County",3,27,656,304,352
050,28,109,"Mississippi","Pearl River County",3,28,661,292,369
050,28,109,"Mississippi","Pearl River County",3,29,695,361,334
050,28,109,"Mississippi","Pearl River County",3,30,712,378,334
050,28,109,"Mississippi","Pearl River County",3,31,678,337,341
050,28,109,"Mississippi","Pearl River County",3,32,650,300,350
050,28,109,"Mississippi","Pearl River County",3,33,640,307,333
050,28,109,"Mississippi","Pearl River County",3,34,641,300,341
050,28,109,"Mississippi","Pearl River County",3,35,641,318,323
050,28,109,"Mississippi","Pearl River County",3,36,656,329,327
050,28,109,"Mississippi","Pearl River County",3,37,627,322,305
050,28,109,"Mississippi","Pearl River County",3,38,647,322,325
050,28,109,"Mississippi","Pearl River County",3,39,664,330,334
050,28,109,"Mississippi","Pearl River County",3,40,659,311,348
050,28,109,"Mississippi","Pearl River County",3,41,647,311,336
050,28,109,"Mississippi","Pearl River County",3,42,637,324,313
050,28,109,"Mississippi","Pearl River County",3,43,652,308,344
050,28,109,"Mississippi","Pearl River County",3,44,649,290,359
050,28,109,"Mississippi","Pearl River County",3,45,652,297,355
050,28,109,"Mississippi","Pearl River County",3,46,662,307,355
050,28,109,"Mississippi","Pearl River County",3,47,656,324,332
050,28,109,"Mississippi","Pearl River County",3,48,676,347,329
050,28,109,"Mississippi","Pearl River County",3,49,693,366,327
050,28,109,"Mississippi","Pearl River County",3,50,728,365,363
050,28,109,"Mississippi","Pearl River County",3,51,714,333,381
050,28,109,"Mississippi","Pearl River County",3,52,692,347,345
050,28,109,"Mississippi","Pearl River County",3,53,721,370,351
050,28,109,"Mississippi","Pearl River County",3,54,728,357,371
050,28,109,"Mississippi","Pearl River County",3,55,738,363,375
050,28,109,"Mississippi","Pearl River County",3,56,805,387,418
050,28,109,"Mississippi","Pearl River County",3,57,798,400,398
050,28,109,"Mississippi","Pearl River County",3,58,796,406,390
050,28,109,"Mississippi","Pearl River County",3,59,812,406,406
050,28,109,"Mississippi","Pearl River County",3,60,805,411,394
050,28,109,"Mississippi","Pearl River County",3,61,774,389,385
050,28,109,"Mississippi","Pearl River County",3,62,721,348,373
050,28,109,"Mississippi","Pearl River County",3,63,731,353,378
050,28,109,"Mississippi","Pearl River County",3,64,742,359,383
050,28,109,"Mississippi","Pearl River County",3,65,709,327,382
050,28,109,"Mississippi","Pearl River County",3,66,709,330,379
050,28,109,"Mississippi","Pearl River County",3,67,708,322,386
050,28,109,"Mississippi","Pearl River County",3,68,680,314,366
050,28,109,"Mississippi","Pearl River County",3,69,688,324,364
050,28,109,"Mississippi","Pearl River County",3,70,673,325,348
050,28,109,"Mississippi","Pearl River County",3,71,650,326,324
050,28,109,"Mississippi","Pearl River County",3,72,630,311,319
050,28,109,"Mississippi","Pearl River County",3,73,616,290,326
050,28,109,"Mississippi","Pearl River County",3,74,659,306,353
050,28,109,"Mississippi","Pearl River County",3,75,455,215,240
050,28,109,"Mississippi","Pearl River County",3,76,439,202,237
050,28,109,"Mississippi","Pearl River County",3,77,425,200,225
050,28,109,"Mississippi","Pearl River County",3,78,426,201,225
050,28,109,"Mississippi","Pearl River County",3,79,357,167,190
050,28,109,"Mississippi","Pearl River County",3,80,318,146,172
050,28,109,"Mississippi","Pearl River County",3,81,274,133,141
050,28,109,"Mississippi","Pearl River County",3,82,240,116,124
050,28,109,"Mississippi","Pearl River County",3,83,208,95,113
050,28,109,"Mississippi","Pearl River County",3,84,187,79,108
050,28,109,"Mississippi","Pearl River County",3,85,948,352,596
050,28,109,"Mississippi","Pearl River County",4,0,593,304,289
050,28,109,"Mississippi","Pearl River County",4,1,613,320,293
050,28,109,"Mississippi","Pearl River County",4,2,645,325,320
050,28,109,"Mississippi","Pearl River County",4,3,661,330,331
050,28,109,"Mississippi","Pearl River County",4,4,659,342,317
050,28,109,"Mississippi","Pearl River County",4,5,726,363,363
050,28,109,"Mississippi","Pearl River County",4,6,753,391,362
050,28,109,"Mississippi","Pearl River County",4,7,731,379,352
050,28,109,"Mississippi","Pearl River County",4,8,714,374,340
050,28,109,"Mississippi","Pearl River County",4,9,713,388,325
050,28,109,"Mississippi","Pearl River County",4,10,736,367,369
050,28,109,"Mississippi","Pearl River County",4,11,748,389,359
050,28,109,"Mississippi","Pearl River County",4,12,714,366,348
050,28,109,"Mississippi","Pearl River County",4,13,784,410,374
050,28,109,"Mississippi","Pearl River County",4,14,864,425,439
050,28,109,"Mississippi","Pearl River County",4,15,870,423,447
050,28,109,"Mississippi","Pearl River County",4,16,772,376,396
050,28,109,"Mississippi","Pearl River County",4,17,745,378,367
050,28,109,"Mississippi","Pearl River County",4,18,771,408,363
050,28,109,"Mississippi","Pearl River County",4,19,817,442,375
050,28,109,"Mississippi","Pearl River County",4,20,734,421,313
050,28,109,"Mississippi","Pearl River County",4,21,659,349,310
050,28,109,"Mississippi","Pearl River County",4,22,658,332,326
050,28,109,"Mississippi","Pearl River County",4,23,651,322,329
050,28,109,"Mississippi","Pearl River County",4,24,648,339,309
050,28,109,"Mississippi","Pearl River County",4,25,642,315,327
050,28,109,"Mississippi","Pearl River County",4,26,662,342,320
050,28,109,"Mississippi","Pearl River County",4,27,648,311,337
050,28,109,"Mississippi","Pearl River County",4,28,687,316,371
050,28,109,"Mississippi","Pearl River County",4,29,674,306,368
050,28,109,"Mississippi","Pearl River County",4,30,736,372,364
050,28,109,"Mississippi","Pearl River County",4,31,742,400,342
050,28,109,"Mississippi","Pearl River County",4,32,670,332,338
050,28,109,"Mississippi","Pearl River County",4,33,671,322,349
050,28,109,"Mississippi","Pearl River County",4,34,649,308,341
050,28,109,"Mississippi","Pearl River County",4,35,630,301,329
050,28,109,"Mississippi","Pearl River County",4,36,664,320,344
050,28,109,"Mississippi","Pearl River County",4,37,676,331,345
050,28,109,"Mississippi","Pearl River County",4,38,631,316,315
050,28,109,"Mississippi","Pearl River County",4,39,646,330,316
050,28,109,"Mississippi","Pearl River County",4,40,675,335,340
050,28,109,"Mississippi","Pearl River County",4,41,658,309,349
050,28,109,"Mississippi","Pearl River County",4,42,663,326,337
050,28,109,"Mississippi","Pearl River County",4,43,645,329,316
050,28,109,"Mississippi","Pearl River County",4,44,669,323,346
050,28,109,"Mississippi","Pearl River County",4,45,653,289,364
050,28,109,"Mississippi","Pearl River County",4,46,653,299,354
050,28,109,"Mississippi","Pearl River County",4,47,665,315,350
050,28,109,"Mississippi","Pearl River County",4,48,673,332,341
050,28,109,"Mississippi","Pearl River County",4,49,678,340,338
050,28,109,"Mississippi","Pearl River County",4,50,709,371,338
050,28,109,"Mississippi","Pearl River County",4,51,737,366,371
050,28,109,"Mississippi","Pearl River County",4,52,727,344,383
050,28,109,"Mississippi","Pearl River County",4,53,699,352,347
050,28,109,"Mississippi","Pearl River County",4,54,732,374,358
050,28,109,"Mississippi","Pearl River County",4,55,727,358,369
050,28,109,"Mississippi","Pearl River County",4,56,748,366,382
050,28,109,"Mississippi","Pearl River County",4,57,810,392,418
050,28,109,"Mississippi","Pearl River County",4,58,790,394,396
050,28,109,"Mississippi","Pearl River County",4,59,782,398,384
050,28,109,"Mississippi","Pearl River County",4,60,796,397,399
050,28,109,"Mississippi","Pearl River County",4,61,812,414,398
050,28,109,"Mississippi","Pearl River County",4,62,766,383,383
050,28,109,"Mississippi","Pearl River County",4,63,733,353,380
050,28,109,"Mississippi","Pearl River County",4,64,748,367,381
050,28,109,"Mississippi","Pearl River County",4,65,714,341,373
050,28,109,"Mississippi","Pearl River County",4,66,715,337,378
050,28,109,"Mississippi","Pearl River County",4,67,693,319,374
050,28,109,"Mississippi","Pearl River County",4,68,703,315,388
050,28,109,"Mississippi","Pearl River County",4,69,667,305,362
050,28,109,"Mississippi","Pearl River County",4,70,674,316,358
050,28,109,"Mississippi","Pearl River County",4,71,671,316,355
050,28,109,"Mississippi","Pearl River County",4,72,631,314,317
050,28,109,"Mississippi","Pearl River County",4,73,609,298,311
050,28,109,"Mississippi","Pearl River County",4,74,595,282,313
050,28,109,"Mississippi","Pearl River County",4,75,659,298,361
050,28,109,"Mississippi","Pearl River County",4,76,422,195,227
050,28,109,"Mississippi","Pearl River County",4,77,416,199,217
050,28,109,"Mississippi","Pearl River County",4,78,408,185,223
050,28,109,"Mississippi","Pearl River County",4,79,387,182,205
050,28,109,"Mississippi","Pearl River County",4,80,326,146,180
050,28,109,"Mississippi","Pearl River County",4,81,299,133,166
050,28,109,"Mississippi","Pearl River County",4,82,257,133,124
050,28,109,"Mississippi","Pearl River County",4,83,214,97,117
050,28,109,"Mississippi","Pearl River County",4,84,199,90,109
050,28,109,"Mississippi","Pearl River County",4,85,969,369,600
050,28,109,"Mississippi","Pearl River County",5,0,641,329,312
050,28,109,"Mississippi","Pearl River County",5,1,630,341,289
050,28,109,"Mississippi","Pearl River County",5,2,623,327,296
050,28,109,"Mississippi","Pearl River County",5,3,657,331,326
050,28,109,"Mississippi","Pearl River County",5,4,677,337,340
050,28,109,"Mississippi","Pearl River County",5,5,690,359,331
050,28,109,"Mississippi","Pearl River County",5,6,723,364,359
050,28,109,"Mississippi","Pearl River County",5,7,769,397,372
050,28,109,"Mississippi","Pearl River County",5,8,721,382,339
050,28,109,"Mississippi","Pearl River County",5,9,742,401,341
050,28,109,"Mississippi","Pearl River County",5,10,723,398,325
050,28,109,"Mississippi","Pearl River County",5,11,751,370,381
050,28,109,"Mississippi","Pearl River County",5,12,757,392,365
050,28,109,"Mississippi","Pearl River County",5,13,748,385,363
050,28,109,"Mississippi","Pearl River County",5,14,830,444,386
050,28,109,"Mississippi","Pearl River County",5,15,880,428,452
050,28,109,"Mississippi","Pearl River County",5,16,863,424,439
050,28,109,"Mississippi","Pearl River County",5,17,773,377,396
050,28,109,"Mississippi","Pearl River County",5,18,770,397,373
050,28,109,"Mississippi","Pearl River County",5,19,810,435,375
050,28,109,"Mississippi","Pearl River County",5,20,756,424,332
050,28,109,"Mississippi","Pearl River County",5,21,656,349,307
050,28,109,"Mississippi","Pearl River County",5,22,669,359,310
050,28,109,"Mississippi","Pearl River County",5,23,675,345,330
050,28,109,"Mississippi","Pearl River County",5,24,674,334,340
050,28,109,"Mississippi","Pearl River County",5,25,654,339,315
050,28,109,"Mississippi","Pearl River County",5,26,598,300,298
050,28,109,"Mississippi","Pearl River County",5,27,698,359,339
050,28,109,"Mississippi","Pearl River County",5,28,656,314,342
050,28,109,"Mississippi","Pearl River County",5,29,702,325,377
050,28,109,"Mississippi","Pearl River County",5,30,682,322,360
050,28,109,"Mississippi","Pearl River County",5,31,733,367,366
050,28,109,"Mississippi","Pearl River County",5,32,764,415,349
050,28,109,"Mississippi","Pearl River County",5,33,683,340,343
050,28,109,"Mississippi","Pearl River County",5,34,680,324,356
050,28,109,"Mississippi","Pearl River County",5,35,655,305,350
050,28,109,"Mississippi","Pearl River County",5,36,640,310,330
050,28,109,"Mississippi","Pearl River County",5,37,670,326,344
050,28,109,"Mississippi","Pearl River County",5,38,693,339,354
050,28,109,"Mississippi","Pearl River County",5,39,640,324,316
050,28,109,"Mississippi","Pearl River County",5,40,645,326,319
050,28,109,"Mississippi","Pearl River County",5,41,681,332,349
050,28,109,"Mississippi","Pearl River County",5,42,671,315,356
050,28,109,"Mississippi","Pearl River County",5,43,665,331,334
050,28,109,"Mississippi","Pearl River County",5,44,643,325,318
050,28,109,"Mississippi","Pearl River County",5,45,679,320,359
050,28,109,"Mississippi","Pearl River County",5,46,671,303,368
050,28,109,"Mississippi","Pearl River County",5,47,674,314,360
050,28,109,"Mississippi","Pearl River County",5,48,683,321,362
050,28,109,"Mississippi","Pearl River County",5,49,695,348,347
050,28,109,"Mississippi","Pearl River County",5,50,679,324,355
050,28,109,"Mississippi","Pearl River County",5,51,722,377,345
050,28,109,"Mississippi","Pearl River County",5,52,724,361,363
050,28,109,"Mississippi","Pearl River County",5,53,753,349,404
050,28,109,"Mississippi","Pearl River County",5,54,719,363,356
050,28,109,"Mississippi","Pearl River County",5,55,743,374,369
050,28,109,"Mississippi","Pearl River County",5,56,737,363,374
050,28,109,"Mississippi","Pearl River County",5,57,749,367,382
050,28,109,"Mississippi","Pearl River County",5,58,831,410,421
050,28,109,"Mississippi","Pearl River County",5,59,818,403,415
050,28,109,"Mississippi","Pearl River County",5,60,776,398,378
050,28,109,"Mississippi","Pearl River County",5,61,789,391,398
050,28,109,"Mississippi","Pearl River County",5,62,828,418,410
050,28,109,"Mississippi","Pearl River County",5,63,763,375,388
050,28,109,"Mississippi","Pearl River County",5,64,745,358,387
050,28,109,"Mississippi","Pearl River County",5,65,739,363,376
050,28,109,"Mississippi","Pearl River County",5,66,738,355,383
050,28,109,"Mississippi","Pearl River County",5,67,713,341,372
050,28,109,"Mississippi","Pearl River County",5,68,691,317,374
050,28,109,"Mississippi","Pearl River County",5,69,705,317,388
050,28,109,"Mississippi","Pearl River County",5,70,662,301,361
050,28,109,"Mississippi","Pearl River County",5,71,667,311,356
050,28,109,"Mississippi","Pearl River County",5,72,654,308,346
050,28,109,"Mississippi","Pearl River County",5,73,616,305,311
050,28,109,"Mississippi","Pearl River County",5,74,585,288,297
050,28,109,"Mississippi","Pearl River County",5,75,577,265,312
050,28,109,"Mississippi","Pearl River County",5,76,628,281,347
050,28,109,"Mississippi","Pearl River County",5,77,395,182,213
050,28,109,"Mississippi","Pearl River County",5,78,403,192,211
050,28,109,"Mississippi","Pearl River County",5,79,375,166,209
050,28,109,"Mississippi","Pearl River County",5,80,356,163,193
050,28,109,"Mississippi","Pearl River County",5,81,295,131,164
050,28,109,"Mississippi","Pearl River County",5,82,275,131,144
050,28,109,"Mississippi","Pearl River County",5,83,230,114,116
050,28,109,"Mississippi","Pearl River County",5,84,204,89,115
050,28,109,"Mississippi","Pearl River County",5,85,1031,410,621
050,28,111,"Mississippi","Perry County",1,0,133,69,64
050,28,111,"Mississippi","Perry County",1,1,129,72,57
050,28,111,"Mississippi","Perry County",1,2,129,73,56
050,28,111,"Mississippi","Perry County",1,3,125,72,53
050,28,111,"Mississippi","Perry County",1,4,130,75,55
050,28,111,"Mississippi","Perry County",1,5,137,68,69
050,28,111,"Mississippi","Perry County",1,6,146,89,57
050,28,111,"Mississippi","Perry County",1,7,142,70,72
050,28,111,"Mississippi","Perry County",1,8,139,59,80
050,28,111,"Mississippi","Perry County",1,9,123,57,66
050,28,111,"Mississippi","Perry County",1,10,134,65,69
050,28,111,"Mississippi","Perry County",1,11,159,86,73
050,28,111,"Mississippi","Perry County",1,12,173,93,80
050,28,111,"Mississippi","Perry County",1,13,178,92,86
050,28,111,"Mississippi","Perry County",1,14,160,87,73
050,28,111,"Mississippi","Perry County",1,15,143,77,66
050,28,111,"Mississippi","Perry County",1,16,134,68,66
050,28,111,"Mississippi","Perry County",1,17,154,81,73
050,28,111,"Mississippi","Perry County",1,18,119,63,56
050,28,111,"Mississippi","Perry County",1,19,111,61,50
050,28,111,"Mississippi","Perry County",1,20,120,62,58
050,28,111,"Mississippi","Perry County",1,21,128,63,65
050,28,111,"Mississippi","Perry County",1,22,136,68,68
050,28,111,"Mississippi","Perry County",1,23,139,70,69
050,28,111,"Mississippi","Perry County",1,24,139,70,69
050,28,111,"Mississippi","Perry County",1,25,147,71,76
050,28,111,"Mississippi","Perry County",1,26,151,80,71
050,28,111,"Mississippi","Perry County",1,27,177,96,81
050,28,111,"Mississippi","Perry County",1,28,160,85,75
050,28,111,"Mississippi","Perry County",1,29,161,82,79
050,28,111,"Mississippi","Perry County",1,30,148,64,84
050,28,111,"Mississippi","Perry County",1,31,128,50,78
050,28,111,"Mississippi","Perry County",1,32,118,54,64
050,28,111,"Mississippi","Perry County",1,33,136,65,71
050,28,111,"Mississippi","Perry County",1,34,103,54,49
050,28,111,"Mississippi","Perry County",1,35,116,52,64
050,28,111,"Mississippi","Perry County",1,36,115,48,67
050,28,111,"Mississippi","Perry County",1,37,139,67,72
050,28,111,"Mississippi","Perry County",1,38,153,75,78
050,28,111,"Mississippi","Perry County",1,39,139,66,73
050,28,111,"Mississippi","Perry County",1,40,148,68,80
050,28,111,"Mississippi","Perry County",1,41,150,72,78
050,28,111,"Mississippi","Perry County",1,42,146,79,67
050,28,111,"Mississippi","Perry County",1,43,130,62,68
050,28,111,"Mississippi","Perry County",1,44,140,72,68
050,28,111,"Mississippi","Perry County",1,45,142,71,71
050,28,111,"Mississippi","Perry County",1,46,146,74,72
050,28,111,"Mississippi","Perry County",1,47,136,63,73
050,28,111,"Mississippi","Perry County",1,48,148,70,78
050,28,111,"Mississippi","Perry County",1,49,153,71,82
050,28,111,"Mississippi","Perry County",1,50,130,70,60
050,28,111,"Mississippi","Perry County",1,51,141,75,66
050,28,111,"Mississippi","Perry County",1,52,143,76,67
050,28,111,"Mississippi","Perry County",1,53,151,68,83
050,28,111,"Mississippi","Perry County",1,54,140,70,70
050,28,111,"Mississippi","Perry County",1,55,153,74,79
050,28,111,"Mississippi","Perry County",1,56,155,72,83
050,28,111,"Mississippi","Perry County",1,57,168,82,86
050,28,111,"Mississippi","Perry County",1,58,185,82,103
050,28,111,"Mississippi","Perry County",1,59,174,90,84
050,28,111,"Mississippi","Perry County",1,60,167,83,84
050,28,111,"Mississippi","Perry County",1,61,178,83,95
050,28,111,"Mississippi","Perry County",1,62,168,87,81
050,28,111,"Mississippi","Perry County",1,63,153,77,76
050,28,111,"Mississippi","Perry County",1,64,163,80,83
050,28,111,"Mississippi","Perry County",1,65,159,74,85
050,28,111,"Mississippi","Perry County",1,66,148,70,78
050,28,111,"Mississippi","Perry County",1,67,128,58,70
050,28,111,"Mississippi","Perry County",1,68,145,64,81
050,28,111,"Mississippi","Perry County",1,69,123,57,66
050,28,111,"Mississippi","Perry County",1,70,123,62,61
050,28,111,"Mississippi","Perry County",1,71,116,58,58
050,28,111,"Mississippi","Perry County",1,72,132,63,69
050,28,111,"Mississippi","Perry County",1,73,121,63,58
050,28,111,"Mississippi","Perry County",1,74,84,39,45
050,28,111,"Mississippi","Perry County",1,75,93,41,52
050,28,111,"Mississippi","Perry County",1,76,83,34,49
050,28,111,"Mississippi","Perry County",1,77,81,39,42
050,28,111,"Mississippi","Perry County",1,78,70,32,38
050,28,111,"Mississippi","Perry County",1,79,67,33,34
050,28,111,"Mississippi","Perry County",1,80,64,24,40
050,28,111,"Mississippi","Perry County",1,81,62,25,37
050,28,111,"Mississippi","Perry County",1,82,58,26,32
050,28,111,"Mississippi","Perry County",1,83,45,18,27
050,28,111,"Mississippi","Perry County",1,84,39,20,19
050,28,111,"Mississippi","Perry County",1,85,208,83,125
050,28,111,"Mississippi","Perry County",2,0,126,63,63
050,28,111,"Mississippi","Perry County",2,1,129,72,57
050,28,111,"Mississippi","Perry County",2,2,131,75,56
050,28,111,"Mississippi","Perry County",2,3,124,71,53
050,28,111,"Mississippi","Perry County",2,4,131,75,56
050,28,111,"Mississippi","Perry County",2,5,134,69,65
050,28,111,"Mississippi","Perry County",2,6,144,84,60
050,28,111,"Mississippi","Perry County",2,7,141,72,69
050,28,111,"Mississippi","Perry County",2,8,140,61,79
050,28,111,"Mississippi","Perry County",2,9,126,56,70
050,28,111,"Mississippi","Perry County",2,10,132,64,68
050,28,111,"Mississippi","Perry County",2,11,151,80,71
050,28,111,"Mississippi","Perry County",2,12,171,91,80
050,28,111,"Mississippi","Perry County",2,13,174,91,83
050,28,111,"Mississippi","Perry County",2,14,162,87,75
050,28,111,"Mississippi","Perry County",2,15,147,79,68
050,28,111,"Mississippi","Perry County",2,16,137,70,67
050,28,111,"Mississippi","Perry County",2,17,146,77,69
050,28,111,"Mississippi","Perry County",2,18,121,64,57
050,28,111,"Mississippi","Perry County",2,19,107,59,48
050,28,111,"Mississippi","Perry County",2,20,121,62,59
050,28,111,"Mississippi","Perry County",2,21,130,64,66
050,28,111,"Mississippi","Perry County",2,22,135,67,68
050,28,111,"Mississippi","Perry County",2,23,140,69,71
050,28,111,"Mississippi","Perry County",2,24,139,70,69
050,28,111,"Mississippi","Perry County",2,25,147,72,75
050,28,111,"Mississippi","Perry County",2,26,149,78,71
050,28,111,"Mississippi","Perry County",2,27,169,93,76
050,28,111,"Mississippi","Perry County",2,28,163,87,76
050,28,111,"Mississippi","Perry County",2,29,160,83,77
050,28,111,"Mississippi","Perry County",2,30,152,68,84
050,28,111,"Mississippi","Perry County",2,31,131,53,78
050,28,111,"Mississippi","Perry County",2,32,121,54,67
050,28,111,"Mississippi","Perry County",2,33,133,64,69
050,28,111,"Mississippi","Perry County",2,34,113,58,55
050,28,111,"Mississippi","Perry County",2,35,112,51,61
050,28,111,"Mississippi","Perry County",2,36,113,48,65
050,28,111,"Mississippi","Perry County",2,37,135,64,71
050,28,111,"Mississippi","Perry County",2,38,150,73,77
050,28,111,"Mississippi","Perry County",2,39,141,67,74
050,28,111,"Mississippi","Perry County",2,40,148,68,80
050,28,111,"Mississippi","Perry County",2,41,148,70,78
050,28,111,"Mississippi","Perry County",2,42,147,77,70
050,28,111,"Mississippi","Perry County",2,43,134,67,67
050,28,111,"Mississippi","Perry County",2,44,134,68,66
050,28,111,"Mississippi","Perry County",2,45,142,72,70
050,28,111,"Mississippi","Perry County",2,46,141,70,71
050,28,111,"Mississippi","Perry County",2,47,138,66,72
050,28,111,"Mississippi","Perry County",2,48,145,68,77
050,28,111,"Mississippi","Perry County",2,49,152,71,81
050,28,111,"Mississippi","Perry County",2,50,134,69,65
050,28,111,"Mississippi","Perry County",2,51,139,74,65
050,28,111,"Mississippi","Perry County",2,52,142,76,66
050,28,111,"Mississippi","Perry County",2,53,149,69,80
050,28,111,"Mississippi","Perry County",2,54,140,69,71
050,28,111,"Mississippi","Perry County",2,55,150,73,77
050,28,111,"Mississippi","Perry County",2,56,153,72,81
050,28,111,"Mississippi","Perry County",2,57,163,79,84
050,28,111,"Mississippi","Perry County",2,58,178,80,98
050,28,111,"Mississippi","Perry County",2,59,174,87,87
050,28,111,"Mississippi","Perry County",2,60,170,84,86
050,28,111,"Mississippi","Perry County",2,61,173,81,92
050,28,111,"Mississippi","Perry County",2,62,169,84,85
050,28,111,"Mississippi","Perry County",2,63,157,79,78
050,28,111,"Mississippi","Perry County",2,64,159,78,81
050,28,111,"Mississippi","Perry County",2,65,159,75,84
050,28,111,"Mississippi","Perry County",2,66,148,70,78
050,28,111,"Mississippi","Perry County",2,67,133,61,72
050,28,111,"Mississippi","Perry County",2,68,141,63,78
050,28,111,"Mississippi","Perry County",2,69,126,58,68
050,28,111,"Mississippi","Perry County",2,70,121,61,60
050,28,111,"Mississippi","Perry County",2,71,119,59,60
050,28,111,"Mississippi","Perry County",2,72,124,61,63
050,28,111,"Mississippi","Perry County",2,73,129,65,64
050,28,111,"Mississippi","Perry County",2,74,87,42,45
050,28,111,"Mississippi","Perry County",2,75,88,39,49
050,28,111,"Mississippi","Perry County",2,76,84,34,50
050,28,111,"Mississippi","Perry County",2,77,82,37,45
050,28,111,"Mississippi","Perry County",2,78,68,31,37
050,28,111,"Mississippi","Perry County",2,79,66,32,34
050,28,111,"Mississippi","Perry County",2,80,65,26,39
050,28,111,"Mississippi","Perry County",2,81,58,24,34
050,28,111,"Mississippi","Perry County",2,82,54,24,30
050,28,111,"Mississippi","Perry County",2,83,45,18,27
050,28,111,"Mississippi","Perry County",2,84,39,19,20
050,28,111,"Mississippi","Perry County",2,85,211,85,126
050,28,111,"Mississippi","Perry County",3,0,120,64,56
050,28,111,"Mississippi","Perry County",3,1,121,66,55
050,28,111,"Mississippi","Perry County",3,2,132,71,61
050,28,111,"Mississippi","Perry County",3,3,131,74,57
050,28,111,"Mississippi","Perry County",3,4,134,73,61
050,28,111,"Mississippi","Perry County",3,5,134,76,58
050,28,111,"Mississippi","Perry County",3,6,136,71,65
050,28,111,"Mississippi","Perry County",3,7,140,83,57
050,28,111,"Mississippi","Perry County",3,8,146,77,69
050,28,111,"Mississippi","Perry County",3,9,140,64,76
050,28,111,"Mississippi","Perry County",3,10,133,56,77
050,28,111,"Mississippi","Perry County",3,11,130,63,67
050,28,111,"Mississippi","Perry County",3,12,150,80,70
050,28,111,"Mississippi","Perry County",3,13,171,89,82
050,28,111,"Mississippi","Perry County",3,14,175,94,81
050,28,111,"Mississippi","Perry County",3,15,173,92,81
050,28,111,"Mississippi","Perry County",3,16,146,76,70
050,28,111,"Mississippi","Perry County",3,17,140,73,67
050,28,111,"Mississippi","Perry County",3,18,128,70,58
050,28,111,"Mississippi","Perry County",3,19,98,51,47
050,28,111,"Mississippi","Perry County",3,20,127,68,59
050,28,111,"Mississippi","Perry County",3,21,129,66,63
050,28,111,"Mississippi","Perry County",3,22,139,65,74
050,28,111,"Mississippi","Perry County",3,23,139,65,74
050,28,111,"Mississippi","Perry County",3,24,152,77,75
050,28,111,"Mississippi","Perry County",3,25,140,71,69
050,28,111,"Mississippi","Perry County",3,26,156,75,81
050,28,111,"Mississippi","Perry County",3,27,151,72,79
050,28,111,"Mississippi","Perry County",3,28,169,98,71
050,28,111,"Mississippi","Perry County",3,29,158,87,71
050,28,111,"Mississippi","Perry County",3,30,161,84,77
050,28,111,"Mississippi","Perry County",3,31,152,66,86
050,28,111,"Mississippi","Perry County",3,32,141,59,82
050,28,111,"Mississippi","Perry County",3,33,117,51,66
050,28,111,"Mississippi","Perry County",3,34,130,64,66
050,28,111,"Mississippi","Perry County",3,35,118,60,58
050,28,111,"Mississippi","Perry County",3,36,108,45,63
050,28,111,"Mississippi","Perry County",3,37,117,49,68
050,28,111,"Mississippi","Perry County",3,38,135,62,73
050,28,111,"Mississippi","Perry County",3,39,143,69,74
050,28,111,"Mississippi","Perry County",3,40,140,66,74
050,28,111,"Mississippi","Perry County",3,41,149,65,84
050,28,111,"Mississippi","Perry County",3,42,159,81,78
050,28,111,"Mississippi","Perry County",3,43,144,75,69
050,28,111,"Mississippi","Perry County",3,44,137,68,69
050,28,111,"Mississippi","Perry County",3,45,137,69,68
050,28,111,"Mississippi","Perry County",3,46,143,74,69
050,28,111,"Mississippi","Perry County",3,47,149,72,77
050,28,111,"Mississippi","Perry County",3,48,137,66,71
050,28,111,"Mississippi","Perry County",3,49,150,72,78
050,28,111,"Mississippi","Perry County",3,50,151,68,83
050,28,111,"Mississippi","Perry County",3,51,141,69,72
050,28,111,"Mississippi","Perry County",3,52,130,69,61
050,28,111,"Mississippi","Perry County",3,53,143,73,70
050,28,111,"Mississippi","Perry County",3,54,146,71,75
050,28,111,"Mississippi","Perry County",3,55,146,75,71
050,28,111,"Mississippi","Perry County",3,56,148,71,77
050,28,111,"Mississippi","Perry County",3,57,152,71,81
050,28,111,"Mississippi","Perry County",3,58,165,81,84
050,28,111,"Mississippi","Perry County",3,59,170,73,97
050,28,111,"Mississippi","Perry County",3,60,171,86,85
050,28,111,"Mississippi","Perry County",3,61,171,84,87
050,28,111,"Mississippi","Perry County",3,62,165,75,90
050,28,111,"Mississippi","Perry County",3,63,163,83,80
050,28,111,"Mississippi","Perry County",3,64,157,83,74
050,28,111,"Mississippi","Perry County",3,65,152,75,77
050,28,111,"Mississippi","Perry County",3,66,154,76,78
050,28,111,"Mississippi","Perry County",3,67,150,70,80
050,28,111,"Mississippi","Perry County",3,68,132,60,72
050,28,111,"Mississippi","Perry County",3,69,135,60,75
050,28,111,"Mississippi","Perry County",3,70,122,58,64
050,28,111,"Mississippi","Perry County",3,71,117,56,61
050,28,111,"Mississippi","Perry County",3,72,112,56,56
050,28,111,"Mississippi","Perry County",3,73,118,54,64
050,28,111,"Mississippi","Perry County",3,74,116,54,62
050,28,111,"Mississippi","Perry County",3,75,84,39,45
050,28,111,"Mississippi","Perry County",3,76,84,37,47
050,28,111,"Mississippi","Perry County",3,77,84,35,49
050,28,111,"Mississippi","Perry County",3,78,75,37,38
050,28,111,"Mississippi","Perry County",3,79,60,24,36
050,28,111,"Mississippi","Perry County",3,80,64,33,31
050,28,111,"Mississippi","Perry County",3,81,57,23,34
050,28,111,"Mississippi","Perry County",3,82,56,24,32
050,28,111,"Mississippi","Perry County",3,83,45,22,23
050,28,111,"Mississippi","Perry County",3,84,39,15,24
050,28,111,"Mississippi","Perry County",3,85,220,92,128
050,28,111,"Mississippi","Perry County",4,0,125,58,67
050,28,111,"Mississippi","Perry County",4,1,132,74,58
050,28,111,"Mississippi","Perry County",4,2,117,60,57
050,28,111,"Mississippi","Perry County",4,3,122,67,55
050,28,111,"Mississippi","Perry County",4,4,130,72,58
050,28,111,"Mississippi","Perry County",4,5,131,70,61
050,28,111,"Mississippi","Perry County",4,6,136,79,57
050,28,111,"Mississippi","Perry County",4,7,136,72,64
050,28,111,"Mississippi","Perry County",4,8,144,83,61
050,28,111,"Mississippi","Perry County",4,9,152,76,76
050,28,111,"Mississippi","Perry County",4,10,133,59,74
050,28,111,"Mississippi","Perry County",4,11,135,53,82
050,28,111,"Mississippi","Perry County",4,12,133,65,68
050,28,111,"Mississippi","Perry County",4,13,149,77,72
050,28,111,"Mississippi","Perry County",4,14,173,91,82
050,28,111,"Mississippi","Perry County",4,15,177,95,82
050,28,111,"Mississippi","Perry County",4,16,167,87,80
050,28,111,"Mississippi","Perry County",4,17,137,72,65
050,28,111,"Mississippi","Perry County",4,18,119,60,59
050,28,111,"Mississippi","Perry County",4,19,97,51,46
050,28,111,"Mississippi","Perry County",4,20,111,56,55
050,28,111,"Mississippi","Perry County",4,21,130,71,59
050,28,111,"Mississippi","Perry County",4,22,139,72,67
050,28,111,"Mississippi","Perry County",4,23,131,57,74
050,28,111,"Mississippi","Perry County",4,24,143,68,75
050,28,111,"Mississippi","Perry County",4,25,147,76,71
050,28,111,"Mississippi","Perry County",4,26,129,66,63
050,28,111,"Mississippi","Perry County",4,27,158,78,80
050,28,111,"Mississippi","Perry County",4,28,159,81,78
050,28,111,"Mississippi","Perry County",4,29,164,97,67
050,28,111,"Mississippi","Perry County",4,30,161,92,69
050,28,111,"Mississippi","Perry County",4,31,164,81,83
050,28,111,"Mississippi","Perry County",4,32,152,63,89
050,28,111,"Mississippi","Perry County",4,33,133,59,74
050,28,111,"Mississippi","Perry County",4,34,115,53,62
050,28,111,"Mississippi","Perry County",4,35,132,65,67
050,28,111,"Mississippi","Perry County",4,36,113,62,51
050,28,111,"Mississippi","Perry County",4,37,112,51,61
050,28,111,"Mississippi","Perry County",4,38,112,49,63
050,28,111,"Mississippi","Perry County",4,39,130,56,74
050,28,111,"Mississippi","Perry County",4,40,151,71,80
050,28,111,"Mississippi","Perry County",4,41,136,61,75
050,28,111,"Mississippi","Perry County",4,42,147,59,88
050,28,111,"Mississippi","Perry County",4,43,153,76,77
050,28,111,"Mississippi","Perry County",4,44,143,71,72
050,28,111,"Mississippi","Perry County",4,45,141,68,73
050,28,111,"Mississippi","Perry County",4,46,135,69,66
050,28,111,"Mississippi","Perry County",4,47,144,75,69
050,28,111,"Mississippi","Perry County",4,48,150,71,79
050,28,111,"Mississippi","Perry County",4,49,134,64,70
050,28,111,"Mississippi","Perry County",4,50,142,63,79
050,28,111,"Mississippi","Perry County",4,51,153,64,89
050,28,111,"Mississippi","Perry County",4,52,136,68,68
050,28,111,"Mississippi","Perry County",4,53,134,69,65
050,28,111,"Mississippi","Perry County",4,54,142,74,68
050,28,111,"Mississippi","Perry County",4,55,140,71,69
050,28,111,"Mississippi","Perry County",4,56,142,70,72
050,28,111,"Mississippi","Perry County",4,57,151,77,74
050,28,111,"Mississippi","Perry County",4,58,153,73,80
050,28,111,"Mississippi","Perry County",4,59,158,77,81
050,28,111,"Mississippi","Perry County",4,60,168,69,99
050,28,111,"Mississippi","Perry County",4,61,165,83,82
050,28,111,"Mississippi","Perry County",4,62,162,78,84
050,28,111,"Mississippi","Perry County",4,63,157,73,84
050,28,111,"Mississippi","Perry County",4,64,162,86,76
050,28,111,"Mississippi","Perry County",4,65,152,78,74
050,28,111,"Mississippi","Perry County",4,66,149,75,74
050,28,111,"Mississippi","Perry County",4,67,151,77,74
050,28,111,"Mississippi","Perry County",4,68,142,65,77
050,28,111,"Mississippi","Perry County",4,69,130,58,72
050,28,111,"Mississippi","Perry County",4,70,140,64,76
050,28,111,"Mississippi","Perry County",4,71,120,53,67
050,28,111,"Mississippi","Perry County",4,72,113,55,58
050,28,111,"Mississippi","Perry County",4,73,107,50,57
050,28,111,"Mississippi","Perry County",4,74,107,49,58
050,28,111,"Mississippi","Perry County",4,75,116,53,63
050,28,111,"Mississippi","Perry County",4,76,82,39,43
050,28,111,"Mississippi","Perry County",4,77,80,34,46
050,28,111,"Mississippi","Perry County",4,78,76,31,45
050,28,111,"Mississippi","Perry County",4,79,71,33,38
050,28,111,"Mississippi","Perry County",4,80,56,22,34
050,28,111,"Mississippi","Perry County",4,81,57,31,26
050,28,111,"Mississippi","Perry County",4,82,55,23,32
050,28,111,"Mississippi","Perry County",4,83,48,22,26
050,28,111,"Mississippi","Perry County",4,84,43,20,23
050,28,111,"Mississippi","Perry County",4,85,224,92,132
050,28,111,"Mississippi","Perry County",5,0,126,59,67
050,28,111,"Mississippi","Perry County",5,1,118,56,62
050,28,111,"Mississippi","Perry County",5,2,133,76,57
050,28,111,"Mississippi","Perry County",5,3,116,58,58
050,28,111,"Mississippi","Perry County",5,4,133,79,54
050,28,111,"Mississippi","Perry County",5,5,142,77,65
050,28,111,"Mississippi","Perry County",5,6,131,74,57
050,28,111,"Mississippi","Perry County",5,7,130,79,51
050,28,111,"Mississippi","Perry County",5,8,128,62,66
050,28,111,"Mississippi","Perry County",5,9,142,81,61
050,28,111,"Mississippi","Perry County",5,10,146,72,74
050,28,111,"Mississippi","Perry County",5,11,131,57,74
050,28,111,"Mississippi","Perry County",5,12,129,52,77
050,28,111,"Mississippi","Perry County",5,13,128,60,68
050,28,111,"Mississippi","Perry County",5,14,146,78,68
050,28,111,"Mississippi","Perry County",5,15,167,90,77
050,28,111,"Mississippi","Perry County",5,16,181,92,89
050,28,111,"Mississippi","Perry County",5,17,169,87,82
050,28,111,"Mississippi","Perry County",5,18,114,60,54
050,28,111,"Mississippi","Perry County",5,19,98,51,47
050,28,111,"Mississippi","Perry County",5,20,106,57,49
050,28,111,"Mississippi","Perry County",5,21,119,57,62
050,28,111,"Mississippi","Perry County",5,22,139,75,64
050,28,111,"Mississippi","Perry County",5,23,143,70,73
050,28,111,"Mississippi","Perry County",5,24,143,68,75
050,28,111,"Mississippi","Perry County",5,25,156,79,77
050,28,111,"Mississippi","Perry County",5,26,145,79,66
050,28,111,"Mississippi","Perry County",5,27,125,63,62
050,28,111,"Mississippi","Perry County",5,28,143,72,71
050,28,111,"Mississippi","Perry County",5,29,157,78,79
050,28,111,"Mississippi","Perry County",5,30,159,94,65
050,28,111,"Mississippi","Perry County",5,31,155,89,66
050,28,111,"Mississippi","Perry County",5,32,161,77,84
050,28,111,"Mississippi","Perry County",5,33,159,70,89
050,28,111,"Mississippi","Perry County",5,34,137,65,72
050,28,111,"Mississippi","Perry County",5,35,120,53,67
050,28,111,"Mississippi","Perry County",5,36,131,65,66
050,28,111,"Mississippi","Perry County",5,37,112,62,50
050,28,111,"Mississippi","Perry County",5,38,111,48,63
050,28,111,"Mississippi","Perry County",5,39,106,43,63
050,28,111,"Mississippi","Perry County",5,40,134,59,75
050,28,111,"Mississippi","Perry County",5,41,146,70,76
050,28,111,"Mississippi","Perry County",5,42,131,60,71
050,28,111,"Mississippi","Perry County",5,43,146,59,87
050,28,111,"Mississippi","Perry County",5,44,150,75,75
050,28,111,"Mississippi","Perry County",5,45,147,75,72
050,28,111,"Mississippi","Perry County",5,46,144,71,73
050,28,111,"Mississippi","Perry County",5,47,137,70,67
050,28,111,"Mississippi","Perry County",5,48,142,75,67
050,28,111,"Mississippi","Perry County",5,49,149,69,80
050,28,111,"Mississippi","Perry County",5,50,131,61,70
050,28,111,"Mississippi","Perry County",5,51,143,61,82
050,28,111,"Mississippi","Perry County",5,52,154,65,89
050,28,111,"Mississippi","Perry County",5,53,146,68,78
050,28,111,"Mississippi","Perry County",5,54,129,67,62
050,28,111,"Mississippi","Perry County",5,55,141,76,65
050,28,111,"Mississippi","Perry County",5,56,138,66,72
050,28,111,"Mississippi","Perry County",5,57,144,70,74
050,28,111,"Mississippi","Perry County",5,58,145,76,69
050,28,111,"Mississippi","Perry County",5,59,142,67,75
050,28,111,"Mississippi","Perry County",5,60,156,74,82
050,28,111,"Mississippi","Perry County",5,61,161,68,93
050,28,111,"Mississippi","Perry County",5,62,160,76,84
050,28,111,"Mississippi","Perry County",5,63,159,79,80
050,28,111,"Mississippi","Perry County",5,64,155,78,77
050,28,111,"Mississippi","Perry County",5,65,157,81,76
050,28,111,"Mississippi","Perry County",5,66,151,80,71
050,28,111,"Mississippi","Perry County",5,67,145,72,73
050,28,111,"Mississippi","Perry County",5,68,142,74,68
050,28,111,"Mississippi","Perry County",5,69,132,59,73
050,28,111,"Mississippi","Perry County",5,70,125,57,68
050,28,111,"Mississippi","Perry County",5,71,135,60,75
050,28,111,"Mississippi","Perry County",5,72,116,52,64
050,28,111,"Mississippi","Perry County",5,73,111,53,58
050,28,111,"Mississippi","Perry County",5,74,96,44,52
050,28,111,"Mississippi","Perry County",5,75,101,47,54
050,28,111,"Mississippi","Perry County",5,76,110,49,61
050,28,111,"Mississippi","Perry County",5,77,78,34,44
050,28,111,"Mississippi","Perry County",5,78,76,33,43
050,28,111,"Mississippi","Perry County",5,79,73,27,46
050,28,111,"Mississippi","Perry County",5,80,69,31,38
050,28,111,"Mississippi","Perry County",5,81,52,21,31
050,28,111,"Mississippi","Perry County",5,82,55,32,23
050,28,111,"Mississippi","Perry County",5,83,47,20,27
050,28,111,"Mississippi","Perry County",5,84,45,20,25
050,28,111,"Mississippi","Perry County",5,85,234,99,135
050,28,113,"Mississippi","Pike County",1,0,526,267,259
050,28,113,"Mississippi","Pike County",1,1,542,268,274
050,28,113,"Mississippi","Pike County",1,2,536,283,253
050,28,113,"Mississippi","Pike County",1,3,579,289,290
050,28,113,"Mississippi","Pike County",1,4,519,253,266
050,28,113,"Mississippi","Pike County",1,5,518,252,266
050,28,113,"Mississippi","Pike County",1,6,547,284,263
050,28,113,"Mississippi","Pike County",1,7,546,280,266
050,28,113,"Mississippi","Pike County",1,8,620,302,318
050,28,113,"Mississippi","Pike County",1,9,586,289,297
050,28,113,"Mississippi","Pike County",1,10,601,299,302
050,28,113,"Mississippi","Pike County",1,11,619,318,301
050,28,113,"Mississippi","Pike County",1,12,642,317,325
050,28,113,"Mississippi","Pike County",1,13,637,314,323
050,28,113,"Mississippi","Pike County",1,14,608,307,301
050,28,113,"Mississippi","Pike County",1,15,620,313,307
050,28,113,"Mississippi","Pike County",1,16,602,320,282
050,28,113,"Mississippi","Pike County",1,17,604,318,286
050,28,113,"Mississippi","Pike County",1,18,599,296,303
050,28,113,"Mississippi","Pike County",1,19,650,339,311
050,28,113,"Mississippi","Pike County",1,20,642,341,301
050,28,113,"Mississippi","Pike County",1,21,539,267,272
050,28,113,"Mississippi","Pike County",1,22,445,224,221
050,28,113,"Mississippi","Pike County",1,23,437,214,223
050,28,113,"Mississippi","Pike County",1,24,447,210,237
050,28,113,"Mississippi","Pike County",1,25,514,239,275
050,28,113,"Mississippi","Pike County",1,26,512,243,269
050,28,113,"Mississippi","Pike County",1,27,552,266,286
050,28,113,"Mississippi","Pike County",1,28,538,265,273
050,28,113,"Mississippi","Pike County",1,29,496,238,258
050,28,113,"Mississippi","Pike County",1,30,486,229,257
050,28,113,"Mississippi","Pike County",1,31,451,211,240
050,28,113,"Mississippi","Pike County",1,32,428,202,226
050,28,113,"Mississippi","Pike County",1,33,401,181,220
050,28,113,"Mississippi","Pike County",1,34,397,190,207
050,28,113,"Mississippi","Pike County",1,35,430,189,241
050,28,113,"Mississippi","Pike County",1,36,446,216,230
050,28,113,"Mississippi","Pike County",1,37,490,236,254
050,28,113,"Mississippi","Pike County",1,38,487,239,248
050,28,113,"Mississippi","Pike County",1,39,476,219,257
050,28,113,"Mississippi","Pike County",1,40,477,224,253
050,28,113,"Mississippi","Pike County",1,41,498,234,264
050,28,113,"Mississippi","Pike County",1,42,470,214,256
050,28,113,"Mississippi","Pike County",1,43,476,204,272
050,28,113,"Mississippi","Pike County",1,44,461,192,269
050,28,113,"Mississippi","Pike County",1,45,453,215,238
050,28,113,"Mississippi","Pike County",1,46,455,220,235
050,28,113,"Mississippi","Pike County",1,47,450,205,245
050,28,113,"Mississippi","Pike County",1,48,501,224,277
050,28,113,"Mississippi","Pike County",1,49,509,227,282
050,28,113,"Mississippi","Pike County",1,50,504,241,263
050,28,113,"Mississippi","Pike County",1,51,444,218,226
050,28,113,"Mississippi","Pike County",1,52,427,200,227
050,28,113,"Mississippi","Pike County",1,53,452,207,245
050,28,113,"Mississippi","Pike County",1,54,467,232,235
050,28,113,"Mississippi","Pike County",1,55,459,237,222
050,28,113,"Mississippi","Pike County",1,56,489,234,255
050,28,113,"Mississippi","Pike County",1,57,499,236,263
050,28,113,"Mississippi","Pike County",1,58,514,249,265
050,28,113,"Mississippi","Pike County",1,59,509,233,276
050,28,113,"Mississippi","Pike County",1,60,530,229,301
050,28,113,"Mississippi","Pike County",1,61,527,242,285
050,28,113,"Mississippi","Pike County",1,62,538,267,271
050,28,113,"Mississippi","Pike County",1,63,477,206,271
050,28,113,"Mississippi","Pike County",1,64,469,228,241
050,28,113,"Mississippi","Pike County",1,65,463,224,239
050,28,113,"Mississippi","Pike County",1,66,506,224,282
050,28,113,"Mississippi","Pike County",1,67,492,214,278
050,28,113,"Mississippi","Pike County",1,68,462,206,256
050,28,113,"Mississippi","Pike County",1,69,449,201,248
050,28,113,"Mississippi","Pike County",1,70,412,178,234
050,28,113,"Mississippi","Pike County",1,71,414,187,227
050,28,113,"Mississippi","Pike County",1,72,396,188,208
050,28,113,"Mississippi","Pike County",1,73,400,197,203
050,28,113,"Mississippi","Pike County",1,74,272,114,158
050,28,113,"Mississippi","Pike County",1,75,261,113,148
050,28,113,"Mississippi","Pike County",1,76,252,107,145
050,28,113,"Mississippi","Pike County",1,77,245,111,134
050,28,113,"Mississippi","Pike County",1,78,210,87,123
050,28,113,"Mississippi","Pike County",1,79,221,93,128
050,28,113,"Mississippi","Pike County",1,80,186,77,109
050,28,113,"Mississippi","Pike County",1,81,163,65,98
050,28,113,"Mississippi","Pike County",1,82,171,73,98
050,28,113,"Mississippi","Pike County",1,83,122,48,74
050,28,113,"Mississippi","Pike County",1,84,147,66,81
050,28,113,"Mississippi","Pike County",1,85,712,230,482
050,28,113,"Mississippi","Pike County",2,0,515,255,260
050,28,113,"Mississippi","Pike County",2,1,533,265,268
050,28,113,"Mississippi","Pike County",2,2,539,279,260
050,28,113,"Mississippi","Pike County",2,3,566,285,281
050,28,113,"Mississippi","Pike County",2,4,535,261,274
050,28,113,"Mississippi","Pike County",2,5,517,253,264
050,28,113,"Mississippi","Pike County",2,6,538,276,262
050,28,113,"Mississippi","Pike County",2,7,547,282,265
050,28,113,"Mississippi","Pike County",2,8,599,295,304
050,28,113,"Mississippi","Pike County",2,9,592,291,301
050,28,113,"Mississippi","Pike County",2,10,593,294,299
050,28,113,"Mississippi","Pike County",2,11,611,309,302
050,28,113,"Mississippi","Pike County",2,12,639,318,321
050,28,113,"Mississippi","Pike County",2,13,636,316,320
050,28,113,"Mississippi","Pike County",2,14,614,309,305
050,28,113,"Mississippi","Pike County",2,15,611,307,304
050,28,113,"Mississippi","Pike County",2,16,603,315,288
050,28,113,"Mississippi","Pike County",2,17,599,314,285
050,28,113,"Mississippi","Pike County",2,18,595,299,296
050,28,113,"Mississippi","Pike County",2,19,651,338,313
050,28,113,"Mississippi","Pike County",2,20,640,336,304
050,28,113,"Mississippi","Pike County",2,21,542,270,272
050,28,113,"Mississippi","Pike County",2,22,465,231,234
050,28,113,"Mississippi","Pike County",2,23,438,215,223
050,28,113,"Mississippi","Pike County",2,24,442,210,232
050,28,113,"Mississippi","Pike County",2,25,493,230,263
050,28,113,"Mississippi","Pike County",2,26,512,241,271
050,28,113,"Mississippi","Pike County",2,27,540,259,281
050,28,113,"Mississippi","Pike County",2,28,538,263,275
050,28,113,"Mississippi","Pike County",2,29,505,244,261
050,28,113,"Mississippi","Pike County",2,30,489,232,257
050,28,113,"Mississippi","Pike County",2,31,461,217,244
050,28,113,"Mississippi","Pike County",2,32,431,203,228
050,28,113,"Mississippi","Pike County",2,33,405,186,219
050,28,113,"Mississippi","Pike County",2,34,397,188,209
050,28,113,"Mississippi","Pike County",2,35,420,191,229
050,28,113,"Mississippi","Pike County",2,36,438,209,229
050,28,113,"Mississippi","Pike County",2,37,476,228,248
050,28,113,"Mississippi","Pike County",2,38,486,237,249
050,28,113,"Mississippi","Pike County",2,39,474,222,252
050,28,113,"Mississippi","Pike County",2,40,483,227,256
050,28,113,"Mississippi","Pike County",2,41,493,232,261
050,28,113,"Mississippi","Pike County",2,42,472,216,256
050,28,113,"Mississippi","Pike County",2,43,479,206,273
050,28,113,"Mississippi","Pike County",2,44,460,194,266
050,28,113,"Mississippi","Pike County",2,45,458,212,246
050,28,113,"Mississippi","Pike County",2,46,451,216,235
050,28,113,"Mississippi","Pike County",2,47,447,205,242
050,28,113,"Mississippi","Pike County",2,48,490,219,271
050,28,113,"Mississippi","Pike County",2,49,509,229,280
050,28,113,"Mississippi","Pike County",2,50,505,240,265
050,28,113,"Mississippi","Pike County",2,51,454,223,231
050,28,113,"Mississippi","Pike County",2,52,431,203,228
050,28,113,"Mississippi","Pike County",2,53,445,206,239
050,28,113,"Mississippi","Pike County",2,54,464,228,236
050,28,113,"Mississippi","Pike County",2,55,456,233,223
050,28,113,"Mississippi","Pike County",2,56,487,237,250
050,28,113,"Mississippi","Pike County",2,57,494,235,259
050,28,113,"Mississippi","Pike County",2,58,510,246,264
050,28,113,"Mississippi","Pike County",2,59,507,236,271
050,28,113,"Mississippi","Pike County",2,60,525,227,298
050,28,113,"Mississippi","Pike County",2,61,524,236,288
050,28,113,"Mississippi","Pike County",2,62,532,259,273
050,28,113,"Mississippi","Pike County",2,63,493,221,272
050,28,113,"Mississippi","Pike County",2,64,466,222,244
050,28,113,"Mississippi","Pike County",2,65,460,223,237
050,28,113,"Mississippi","Pike County",2,66,494,223,271
050,28,113,"Mississippi","Pike County",2,67,489,211,278
050,28,113,"Mississippi","Pike County",2,68,460,203,257
050,28,113,"Mississippi","Pike County",2,69,449,199,250
050,28,113,"Mississippi","Pike County",2,70,416,181,235
050,28,113,"Mississippi","Pike County",2,71,407,185,222
050,28,113,"Mississippi","Pike County",2,72,396,186,210
050,28,113,"Mississippi","Pike County",2,73,411,200,211
050,28,113,"Mississippi","Pike County",2,74,276,120,156
050,28,113,"Mississippi","Pike County",2,75,258,111,147
050,28,113,"Mississippi","Pike County",2,76,250,106,144
050,28,113,"Mississippi","Pike County",2,77,244,111,133
050,28,113,"Mississippi","Pike County",2,78,211,89,122
050,28,113,"Mississippi","Pike County",2,79,213,87,126
050,28,113,"Mississippi","Pike County",2,80,189,80,109
050,28,113,"Mississippi","Pike County",2,81,162,67,95
050,28,113,"Mississippi","Pike County",2,82,169,71,98
050,28,113,"Mississippi","Pike County",2,83,126,51,75
050,28,113,"Mississippi","Pike County",2,84,144,65,79
050,28,113,"Mississippi","Pike County",2,85,708,231,477
050,28,113,"Mississippi","Pike County",3,0,506,267,239
050,28,113,"Mississippi","Pike County",3,1,522,266,256
050,28,113,"Mississippi","Pike County",3,2,538,275,263
050,28,113,"Mississippi","Pike County",3,3,535,274,261
050,28,113,"Mississippi","Pike County",3,4,557,285,272
050,28,113,"Mississippi","Pike County",3,5,530,259,271
050,28,113,"Mississippi","Pike County",3,6,512,242,270
050,28,113,"Mississippi","Pike County",3,7,555,284,271
050,28,113,"Mississippi","Pike County",3,8,558,282,276
050,28,113,"Mississippi","Pike County",3,9,593,307,286
050,28,113,"Mississippi","Pike County",3,10,592,289,303
050,28,113,"Mississippi","Pike County",3,11,590,292,298
050,28,113,"Mississippi","Pike County",3,12,616,324,292
050,28,113,"Mississippi","Pike County",3,13,650,329,321
050,28,113,"Mississippi","Pike County",3,14,631,316,315
050,28,113,"Mississippi","Pike County",3,15,611,308,303
050,28,113,"Mississippi","Pike County",3,16,610,304,306
050,28,113,"Mississippi","Pike County",3,17,618,322,296
050,28,113,"Mississippi","Pike County",3,18,616,319,297
050,28,113,"Mississippi","Pike County",3,19,647,337,310
050,28,113,"Mississippi","Pike County",3,20,607,315,292
050,28,113,"Mississippi","Pike County",3,21,543,284,259
050,28,113,"Mississippi","Pike County",3,22,512,244,268
050,28,113,"Mississippi","Pike County",3,23,472,242,230
050,28,113,"Mississippi","Pike County",3,24,436,208,228
050,28,113,"Mississippi","Pike County",3,25,426,195,231
050,28,113,"Mississippi","Pike County",3,26,479,227,252
050,28,113,"Mississippi","Pike County",3,27,512,231,281
050,28,113,"Mississippi","Pike County",3,28,515,238,277
050,28,113,"Mississippi","Pike County",3,29,525,248,277
050,28,113,"Mississippi","Pike County",3,30,507,236,271
050,28,113,"Mississippi","Pike County",3,31,489,242,247
050,28,113,"Mississippi","Pike County",3,32,445,211,234
050,28,113,"Mississippi","Pike County",3,33,427,199,228
050,28,113,"Mississippi","Pike County",3,34,394,186,208
050,28,113,"Mississippi","Pike County",3,35,390,185,205
050,28,113,"Mississippi","Pike County",3,36,433,198,235
050,28,113,"Mississippi","Pike County",3,37,443,207,236
050,28,113,"Mississippi","Pike County",3,38,475,230,245
050,28,113,"Mississippi","Pike County",3,39,484,244,240
050,28,113,"Mississippi","Pike County",3,40,455,208,247
050,28,113,"Mississippi","Pike County",3,41,475,218,257
050,28,113,"Mississippi","Pike County",3,42,486,220,266
050,28,113,"Mississippi","Pike County",3,43,479,219,260
050,28,113,"Mississippi","Pike County",3,44,481,209,272
050,28,113,"Mississippi","Pike County",3,45,455,192,263
050,28,113,"Mississippi","Pike County",3,46,449,203,246
050,28,113,"Mississippi","Pike County",3,47,454,220,234
050,28,113,"Mississippi","Pike County",3,48,446,206,240
050,28,113,"Mississippi","Pike County",3,49,478,212,266
050,28,113,"Mississippi","Pike County",3,50,494,210,284
050,28,113,"Mississippi","Pike County",3,51,500,250,250
050,28,113,"Mississippi","Pike County",3,52,454,223,231
050,28,113,"Mississippi","Pike County",3,53,431,209,222
050,28,113,"Mississippi","Pike County",3,54,445,208,237
050,28,113,"Mississippi","Pike County",3,55,462,216,246
050,28,113,"Mississippi","Pike County",3,56,464,239,225
050,28,113,"Mississippi","Pike County",3,57,472,225,247
050,28,113,"Mississippi","Pike County",3,58,498,240,258
050,28,113,"Mississippi","Pike County",3,59,509,248,261
050,28,113,"Mississippi","Pike County",3,60,514,240,274
050,28,113,"Mississippi","Pike County",3,61,521,224,297
050,28,113,"Mississippi","Pike County",3,62,515,231,284
050,28,113,"Mississippi","Pike County",3,63,524,244,280
050,28,113,"Mississippi","Pike County",3,64,489,226,263
050,28,113,"Mississippi","Pike County",3,65,454,208,246
050,28,113,"Mississippi","Pike County",3,66,438,214,224
050,28,113,"Mississippi","Pike County",3,67,484,211,273
050,28,113,"Mississippi","Pike County",3,68,467,204,263
050,28,113,"Mississippi","Pike County",3,69,449,195,254
050,28,113,"Mississippi","Pike County",3,70,432,194,238
050,28,113,"Mississippi","Pike County",3,71,403,179,224
050,28,113,"Mississippi","Pike County",3,72,392,178,214
050,28,113,"Mississippi","Pike County",3,73,386,177,209
050,28,113,"Mississippi","Pike County",3,74,389,188,201
050,28,113,"Mississippi","Pike County",3,75,266,118,148
050,28,113,"Mississippi","Pike County",3,76,245,108,137
050,28,113,"Mississippi","Pike County",3,77,226,91,135
050,28,113,"Mississippi","Pike County",3,78,232,109,123
050,28,113,"Mississippi","Pike County",3,79,212,81,131
050,28,113,"Mississippi","Pike County",3,80,188,78,110
050,28,113,"Mississippi","Pike County",3,81,164,70,94
050,28,113,"Mississippi","Pike County",3,82,165,69,96
050,28,113,"Mississippi","Pike County",3,83,141,55,86
050,28,113,"Mississippi","Pike County",3,84,119,48,71
050,28,113,"Mississippi","Pike County",3,85,707,242,465
050,28,113,"Mississippi","Pike County",4,0,498,270,228
050,28,113,"Mississippi","Pike County",4,1,497,254,243
050,28,113,"Mississippi","Pike County",4,2,508,263,245
050,28,113,"Mississippi","Pike County",4,3,529,275,254
050,28,113,"Mississippi","Pike County",4,4,531,271,260
050,28,113,"Mississippi","Pike County",4,5,546,284,262
050,28,113,"Mississippi","Pike County",4,6,526,256,270
050,28,113,"Mississippi","Pike County",4,7,496,242,254
050,28,113,"Mississippi","Pike County",4,8,553,284,269
050,28,113,"Mississippi","Pike County",4,9,543,281,262
050,28,113,"Mississippi","Pike County",4,10,589,300,289
050,28,113,"Mississippi","Pike County",4,11,595,293,302
050,28,113,"Mississippi","Pike County",4,12,595,286,309
050,28,113,"Mississippi","Pike County",4,13,617,323,294
050,28,113,"Mississippi","Pike County",4,14,652,333,319
050,28,113,"Mississippi","Pike County",4,15,634,320,314
050,28,113,"Mississippi","Pike County",4,16,603,303,300
050,28,113,"Mississippi","Pike County",4,17,610,301,309
050,28,113,"Mississippi","Pike County",4,18,612,325,287
050,28,113,"Mississippi","Pike County",4,19,658,353,305
050,28,113,"Mississippi","Pike County",4,20,595,307,288
050,28,113,"Mississippi","Pike County",4,21,507,254,253
050,28,113,"Mississippi","Pike County",4,22,522,265,257
050,28,113,"Mississippi","Pike County",4,23,511,241,270
050,28,113,"Mississippi","Pike County",4,24,459,234,225
050,28,113,"Mississippi","Pike County",4,25,426,204,222
050,28,113,"Mississippi","Pike County",4,26,408,184,224
050,28,113,"Mississippi","Pike County",4,27,472,223,249
050,28,113,"Mississippi","Pike County",4,28,480,220,260
050,28,113,"Mississippi","Pike County",4,29,508,234,274
050,28,113,"Mississippi","Pike County",4,30,506,234,272
050,28,113,"Mississippi","Pike County",4,31,528,253,275
050,28,113,"Mississippi","Pike County",4,32,482,238,244
050,28,113,"Mississippi","Pike County",4,33,447,214,233
050,28,113,"Mississippi","Pike County",4,34,421,197,224
050,28,113,"Mississippi","Pike County",4,35,387,177,210
050,28,113,"Mississippi","Pike County",4,36,388,183,205
050,28,113,"Mississippi","Pike County",4,37,438,198,240
050,28,113,"Mississippi","Pike County",4,38,448,212,236
050,28,113,"Mississippi","Pike County",4,39,471,231,240
050,28,113,"Mississippi","Pike County",4,40,489,245,244
050,28,113,"Mississippi","Pike County",4,41,460,213,247
050,28,113,"Mississippi","Pike County",4,42,491,226,265
050,28,113,"Mississippi","Pike County",4,43,490,225,265
050,28,113,"Mississippi","Pike County",4,44,467,209,258
050,28,113,"Mississippi","Pike County",4,45,479,213,266
050,28,113,"Mississippi","Pike County",4,46,448,183,265
050,28,113,"Mississippi","Pike County",4,47,443,200,243
050,28,113,"Mississippi","Pike County",4,48,454,224,230
050,28,113,"Mississippi","Pike County",4,49,448,205,243
050,28,113,"Mississippi","Pike County",4,50,465,205,260
050,28,113,"Mississippi","Pike County",4,51,494,208,286
050,28,113,"Mississippi","Pike County",4,52,508,245,263
050,28,113,"Mississippi","Pike County",4,53,441,218,223
050,28,113,"Mississippi","Pike County",4,54,427,209,218
050,28,113,"Mississippi","Pike County",4,55,428,192,236
050,28,113,"Mississippi","Pike County",4,56,479,224,255
050,28,113,"Mississippi","Pike County",4,57,452,225,227
050,28,113,"Mississippi","Pike County",4,58,471,224,247
050,28,113,"Mississippi","Pike County",4,59,482,234,248
050,28,113,"Mississippi","Pike County",4,60,502,240,262
050,28,113,"Mississippi","Pike County",4,61,499,241,258
050,28,113,"Mississippi","Pike County",4,62,514,219,295
050,28,113,"Mississippi","Pike County",4,63,507,224,283
050,28,113,"Mississippi","Pike County",4,64,523,253,270
050,28,113,"Mississippi","Pike County",4,65,480,222,258
050,28,113,"Mississippi","Pike County",4,66,453,205,248
050,28,113,"Mississippi","Pike County",4,67,421,201,220
050,28,113,"Mississippi","Pike County",4,68,477,213,264
050,28,113,"Mississippi","Pike County",4,69,456,193,263
050,28,113,"Mississippi","Pike County",4,70,425,185,240
050,28,113,"Mississippi","Pike County",4,71,421,191,230
050,28,113,"Mississippi","Pike County",4,72,400,175,225
050,28,113,"Mississippi","Pike County",4,73,381,174,207
050,28,113,"Mississippi","Pike County",4,74,366,166,200
050,28,113,"Mississippi","Pike County",4,75,381,190,191
050,28,113,"Mississippi","Pike County",4,76,249,113,136
050,28,113,"Mississippi","Pike County",4,77,228,99,129
050,28,113,"Mississippi","Pike County",4,78,208,84,124
050,28,113,"Mississippi","Pike County",4,79,224,98,126
050,28,113,"Mississippi","Pike County",4,80,190,76,114
050,28,113,"Mississippi","Pike County",4,81,165,66,99
050,28,113,"Mississippi","Pike County",4,82,163,66,97
050,28,113,"Mississippi","Pike County",4,83,135,50,85
050,28,113,"Mississippi","Pike County",4,84,140,58,82
050,28,113,"Mississippi","Pike County",4,85,667,225,442
050,28,113,"Mississippi","Pike County",5,0,512,280,232
050,28,113,"Mississippi","Pike County",5,1,515,290,225
050,28,113,"Mississippi","Pike County",5,2,486,249,237
050,28,113,"Mississippi","Pike County",5,3,497,257,240
050,28,113,"Mississippi","Pike County",5,4,505,261,244
050,28,113,"Mississippi","Pike County",5,5,504,253,251
050,28,113,"Mississippi","Pike County",5,6,520,272,248
050,28,113,"Mississippi","Pike County",5,7,536,265,271
050,28,113,"Mississippi","Pike County",5,8,500,233,267
050,28,113,"Mississippi","Pike County",5,9,556,287,269
050,28,113,"Mississippi","Pike County",5,10,553,284,269
050,28,113,"Mississippi","Pike County",5,11,588,300,288
050,28,113,"Mississippi","Pike County",5,12,601,297,304
050,28,113,"Mississippi","Pike County",5,13,592,290,302
050,28,113,"Mississippi","Pike County",5,14,615,321,294
050,28,113,"Mississippi","Pike County",5,15,655,329,326
050,28,113,"Mississippi","Pike County",5,16,631,328,303
050,28,113,"Mississippi","Pike County",5,17,598,303,295
050,28,113,"Mississippi","Pike County",5,18,617,308,309
050,28,113,"Mississippi","Pike County",5,19,661,356,305
050,28,113,"Mississippi","Pike County",5,20,596,325,271
050,28,113,"Mississippi","Pike County",5,21,511,255,256
050,28,113,"Mississippi","Pike County",5,22,473,232,241
050,28,113,"Mississippi","Pike County",5,23,536,267,269
050,28,113,"Mississippi","Pike County",5,24,489,225,264
050,28,113,"Mississippi","Pike County",5,25,430,211,219
050,28,113,"Mississippi","Pike County",5,26,412,191,221
050,28,113,"Mississippi","Pike County",5,27,409,185,224
050,28,113,"Mississippi","Pike County",5,28,443,206,237
050,28,113,"Mississippi","Pike County",5,29,458,201,257
050,28,113,"Mississippi","Pike County",5,30,482,220,262
050,28,113,"Mississippi","Pike County",5,31,537,250,287
050,28,113,"Mississippi","Pike County",5,32,513,236,277
050,28,113,"Mississippi","Pike County",5,33,465,225,240
050,28,113,"Mississippi","Pike County",5,34,427,207,220
050,28,113,"Mississippi","Pike County",5,35,411,191,220
050,28,113,"Mississippi","Pike County",5,36,397,188,209
050,28,113,"Mississippi","Pike County",5,37,397,186,211
050,28,113,"Mississippi","Pike County",5,38,439,197,242
050,28,113,"Mississippi","Pike County",5,39,439,214,225
050,28,113,"Mississippi","Pike County",5,40,459,218,241
050,28,113,"Mississippi","Pike County",5,41,488,246,242
050,28,113,"Mississippi","Pike County",5,42,462,209,253
050,28,113,"Mississippi","Pike County",5,43,485,221,264
050,28,113,"Mississippi","Pike County",5,44,490,224,266
050,28,113,"Mississippi","Pike County",5,45,461,208,253
050,28,113,"Mississippi","Pike County",5,46,481,208,273
050,28,113,"Mississippi","Pike County",5,47,448,182,266
050,28,113,"Mississippi","Pike County",5,48,447,211,236
050,28,113,"Mississippi","Pike County",5,49,445,219,226
050,28,113,"Mississippi","Pike County",5,50,443,202,241
050,28,113,"Mississippi","Pike County",5,51,472,208,264
050,28,113,"Mississippi","Pike County",5,52,482,197,285
050,28,113,"Mississippi","Pike County",5,53,498,244,254
050,28,113,"Mississippi","Pike County",5,54,453,224,229
050,28,113,"Mississippi","Pike County",5,55,423,207,216
050,28,113,"Mississippi","Pike County",5,56,439,196,243
050,28,113,"Mississippi","Pike County",5,57,478,222,256
050,28,113,"Mississippi","Pike County",5,58,450,227,223
050,28,113,"Mississippi","Pike County",5,59,453,214,239
050,28,113,"Mississippi","Pike County",5,60,494,235,259
050,28,113,"Mississippi","Pike County",5,61,504,250,254
050,28,113,"Mississippi","Pike County",5,62,487,232,255
050,28,113,"Mississippi","Pike County",5,63,515,216,299
050,28,113,"Mississippi","Pike County",5,64,502,220,282
050,28,113,"Mississippi","Pike County",5,65,512,249,263
050,28,113,"Mississippi","Pike County",5,66,465,211,254
050,28,113,"Mississippi","Pike County",5,67,434,187,247
050,28,113,"Mississippi","Pike County",5,68,408,200,208
050,28,113,"Mississippi","Pike County",5,69,453,197,256
050,28,113,"Mississippi","Pike County",5,70,438,187,251
050,28,113,"Mississippi","Pike County",5,71,409,179,230
050,28,113,"Mississippi","Pike County",5,72,409,186,223
050,28,113,"Mississippi","Pike County",5,73,389,172,217
050,28,113,"Mississippi","Pike County",5,74,363,162,201
050,28,113,"Mississippi","Pike County",5,75,347,159,188
050,28,113,"Mississippi","Pike County",5,76,364,182,182
050,28,113,"Mississippi","Pike County",5,77,234,104,130
050,28,113,"Mississippi","Pike County",5,78,221,96,125
050,28,113,"Mississippi","Pike County",5,79,205,76,129
050,28,113,"Mississippi","Pike County",5,80,200,93,107
050,28,113,"Mississippi","Pike County",5,81,165,63,102
050,28,113,"Mississippi","Pike County",5,82,166,64,102
050,28,113,"Mississippi","Pike County",5,83,132,46,86
050,28,113,"Mississippi","Pike County",5,84,128,49,79
050,28,113,"Mississippi","Pike County",5,85,687,230,457
050,28,115,"Mississippi","Pontotoc County",1,0,423,216,207
050,28,115,"Mississippi","Pontotoc County",1,1,429,219,210
050,28,115,"Mississippi","Pontotoc County",1,2,405,217,188
050,28,115,"Mississippi","Pontotoc County",1,3,451,236,215
050,28,115,"Mississippi","Pontotoc County",1,4,457,237,220
050,28,115,"Mississippi","Pontotoc County",1,5,441,229,212
050,28,115,"Mississippi","Pontotoc County",1,6,424,224,200
050,28,115,"Mississippi","Pontotoc County",1,7,438,220,218
050,28,115,"Mississippi","Pontotoc County",1,8,435,224,211
050,28,115,"Mississippi","Pontotoc County",1,9,441,230,211
050,28,115,"Mississippi","Pontotoc County",1,10,444,232,212
050,28,115,"Mississippi","Pontotoc County",1,11,489,248,241
050,28,115,"Mississippi","Pontotoc County",1,12,493,254,239
050,28,115,"Mississippi","Pontotoc County",1,13,500,253,247
050,28,115,"Mississippi","Pontotoc County",1,14,497,259,238
050,28,115,"Mississippi","Pontotoc County",1,15,532,268,264
050,28,115,"Mississippi","Pontotoc County",1,16,501,248,253
050,28,115,"Mississippi","Pontotoc County",1,17,467,244,223
050,28,115,"Mississippi","Pontotoc County",1,18,389,197,192
050,28,115,"Mississippi","Pontotoc County",1,19,327,169,158
050,28,115,"Mississippi","Pontotoc County",1,20,337,169,168
050,28,115,"Mississippi","Pontotoc County",1,21,338,170,168
050,28,115,"Mississippi","Pontotoc County",1,22,355,168,187
050,28,115,"Mississippi","Pontotoc County",1,23,371,176,195
050,28,115,"Mississippi","Pontotoc County",1,24,402,193,209
050,28,115,"Mississippi","Pontotoc County",1,25,392,188,204
050,28,115,"Mississippi","Pontotoc County",1,26,420,208,212
050,28,115,"Mississippi","Pontotoc County",1,27,390,203,187
050,28,115,"Mississippi","Pontotoc County",1,28,400,207,193
050,28,115,"Mississippi","Pontotoc County",1,29,391,195,196
050,28,115,"Mississippi","Pontotoc County",1,30,382,173,209
050,28,115,"Mississippi","Pontotoc County",1,31,389,188,201
050,28,115,"Mississippi","Pontotoc County",1,32,389,196,193
050,28,115,"Mississippi","Pontotoc County",1,33,396,211,185
050,28,115,"Mississippi","Pontotoc County",1,34,415,213,202
050,28,115,"Mississippi","Pontotoc County",1,35,390,190,200
050,28,115,"Mississippi","Pontotoc County",1,36,381,193,188
050,28,115,"Mississippi","Pontotoc County",1,37,435,216,219
050,28,115,"Mississippi","Pontotoc County",1,38,425,226,199
050,28,115,"Mississippi","Pontotoc County",1,39,402,204,198
050,28,115,"Mississippi","Pontotoc County",1,40,417,192,225
050,28,115,"Mississippi","Pontotoc County",1,41,395,185,210
050,28,115,"Mississippi","Pontotoc County",1,42,395,197,198
050,28,115,"Mississippi","Pontotoc County",1,43,330,175,155
050,28,115,"Mississippi","Pontotoc County",1,44,357,183,174
050,28,115,"Mississippi","Pontotoc County",1,45,373,179,194
050,28,115,"Mississippi","Pontotoc County",1,46,347,163,184
050,28,115,"Mississippi","Pontotoc County",1,47,373,175,198
050,28,115,"Mississippi","Pontotoc County",1,48,380,189,191
050,28,115,"Mississippi","Pontotoc County",1,49,419,212,207
050,28,115,"Mississippi","Pontotoc County",1,50,399,196,203
050,28,115,"Mississippi","Pontotoc County",1,51,372,185,187
050,28,115,"Mississippi","Pontotoc County",1,52,407,203,204
050,28,115,"Mississippi","Pontotoc County",1,53,387,198,189
050,28,115,"Mississippi","Pontotoc County",1,54,408,206,202
050,28,115,"Mississippi","Pontotoc County",1,55,417,213,204
050,28,115,"Mississippi","Pontotoc County",1,56,438,224,214
050,28,115,"Mississippi","Pontotoc County",1,57,409,205,204
050,28,115,"Mississippi","Pontotoc County",1,58,436,207,229
050,28,115,"Mississippi","Pontotoc County",1,59,423,194,229
050,28,115,"Mississippi","Pontotoc County",1,60,375,183,192
050,28,115,"Mississippi","Pontotoc County",1,61,351,176,175
050,28,115,"Mississippi","Pontotoc County",1,62,383,198,185
050,28,115,"Mississippi","Pontotoc County",1,63,368,190,178
050,28,115,"Mississippi","Pontotoc County",1,64,350,170,180
050,28,115,"Mississippi","Pontotoc County",1,65,331,149,182
050,28,115,"Mississippi","Pontotoc County",1,66,325,161,164
050,28,115,"Mississippi","Pontotoc County",1,67,307,160,147
050,28,115,"Mississippi","Pontotoc County",1,68,291,148,143
050,28,115,"Mississippi","Pontotoc County",1,69,285,141,144
050,28,115,"Mississippi","Pontotoc County",1,70,276,134,142
050,28,115,"Mississippi","Pontotoc County",1,71,274,124,150
050,28,115,"Mississippi","Pontotoc County",1,72,283,136,147
050,28,115,"Mississippi","Pontotoc County",1,73,265,124,141
050,28,115,"Mississippi","Pontotoc County",1,74,193,93,100
050,28,115,"Mississippi","Pontotoc County",1,75,182,82,100
050,28,115,"Mississippi","Pontotoc County",1,76,179,73,106
050,28,115,"Mississippi","Pontotoc County",1,77,184,77,107
050,28,115,"Mississippi","Pontotoc County",1,78,152,63,89
050,28,115,"Mississippi","Pontotoc County",1,79,136,56,80
050,28,115,"Mississippi","Pontotoc County",1,80,128,54,74
050,28,115,"Mississippi","Pontotoc County",1,81,127,58,69
050,28,115,"Mississippi","Pontotoc County",1,82,110,51,59
050,28,115,"Mississippi","Pontotoc County",1,83,101,37,64
050,28,115,"Mississippi","Pontotoc County",1,84,86,37,49
050,28,115,"Mississippi","Pontotoc County",1,85,480,161,319
050,28,115,"Mississippi","Pontotoc County",2,0,407,203,204
050,28,115,"Mississippi","Pontotoc County",2,1,422,219,203
050,28,115,"Mississippi","Pontotoc County",2,2,412,219,193
050,28,115,"Mississippi","Pontotoc County",2,3,439,233,206
050,28,115,"Mississippi","Pontotoc County",2,4,454,235,219
050,28,115,"Mississippi","Pontotoc County",2,5,445,231,214
050,28,115,"Mississippi","Pontotoc County",2,6,432,227,205
050,28,115,"Mississippi","Pontotoc County",2,7,436,221,215
050,28,115,"Mississippi","Pontotoc County",2,8,439,226,213
050,28,115,"Mississippi","Pontotoc County",2,9,441,229,212
050,28,115,"Mississippi","Pontotoc County",2,10,445,233,212
050,28,115,"Mississippi","Pontotoc County",2,11,474,242,232
050,28,115,"Mississippi","Pontotoc County",2,12,495,254,241
050,28,115,"Mississippi","Pontotoc County",2,13,500,255,245
050,28,115,"Mississippi","Pontotoc County",2,14,501,260,241
050,28,115,"Mississippi","Pontotoc County",2,15,527,269,258
050,28,115,"Mississippi","Pontotoc County",2,16,510,253,257
050,28,115,"Mississippi","Pontotoc County",2,17,478,247,231
050,28,115,"Mississippi","Pontotoc County",2,18,390,201,189
050,28,115,"Mississippi","Pontotoc County",2,19,326,167,159
050,28,115,"Mississippi","Pontotoc County",2,20,344,173,171
050,28,115,"Mississippi","Pontotoc County",2,21,341,170,171
050,28,115,"Mississippi","Pontotoc County",2,22,357,170,187
050,28,115,"Mississippi","Pontotoc County",2,23,369,174,195
050,28,115,"Mississippi","Pontotoc County",2,24,394,190,204
050,28,115,"Mississippi","Pontotoc County",2,25,399,192,207
050,28,115,"Mississippi","Pontotoc County",2,26,414,203,211
050,28,115,"Mississippi","Pontotoc County",2,27,399,206,193
050,28,115,"Mississippi","Pontotoc County",2,28,397,205,192
050,28,115,"Mississippi","Pontotoc County",2,29,391,193,198
050,28,115,"Mississippi","Pontotoc County",2,30,384,177,207
050,28,115,"Mississippi","Pontotoc County",2,31,386,184,202
050,28,115,"Mississippi","Pontotoc County",2,32,389,193,196
050,28,115,"Mississippi","Pontotoc County",2,33,391,205,186
050,28,115,"Mississippi","Pontotoc County",2,34,406,211,195
050,28,115,"Mississippi","Pontotoc County",2,35,396,195,201
050,28,115,"Mississippi","Pontotoc County",2,36,379,189,190
050,28,115,"Mississippi","Pontotoc County",2,37,425,213,212
050,28,115,"Mississippi","Pontotoc County",2,38,430,224,206
050,28,115,"Mississippi","Pontotoc County",2,39,408,209,199
050,28,115,"Mississippi","Pontotoc County",2,40,415,196,219
050,28,115,"Mississippi","Pontotoc County",2,41,405,190,215
050,28,115,"Mississippi","Pontotoc County",2,42,393,193,200
050,28,115,"Mississippi","Pontotoc County",2,43,348,182,166
050,28,115,"Mississippi","Pontotoc County",2,44,348,179,169
050,28,115,"Mississippi","Pontotoc County",2,45,370,180,190
050,28,115,"Mississippi","Pontotoc County",2,46,351,166,185
050,28,115,"Mississippi","Pontotoc County",2,47,365,172,193
050,28,115,"Mississippi","Pontotoc County",2,48,378,185,193
050,28,115,"Mississippi","Pontotoc County",2,49,409,206,203
050,28,115,"Mississippi","Pontotoc County",2,50,402,197,205
050,28,115,"Mississippi","Pontotoc County",2,51,374,184,190
050,28,115,"Mississippi","Pontotoc County",2,52,398,199,199
050,28,115,"Mississippi","Pontotoc County",2,53,392,199,193
050,28,115,"Mississippi","Pontotoc County",2,54,401,202,199
050,28,115,"Mississippi","Pontotoc County",2,55,413,212,201
050,28,115,"Mississippi","Pontotoc County",2,56,433,223,210
050,28,115,"Mississippi","Pontotoc County",2,57,419,210,209
050,28,115,"Mississippi","Pontotoc County",2,58,426,203,223
050,28,115,"Mississippi","Pontotoc County",2,59,427,199,228
050,28,115,"Mississippi","Pontotoc County",2,60,382,183,199
050,28,115,"Mississippi","Pontotoc County",2,61,355,178,177
050,28,115,"Mississippi","Pontotoc County",2,62,373,191,182
050,28,115,"Mississippi","Pontotoc County",2,63,374,192,182
050,28,115,"Mississippi","Pontotoc County",2,64,350,173,177
050,28,115,"Mississippi","Pontotoc County",2,65,333,154,179
050,28,115,"Mississippi","Pontotoc County",2,66,325,157,168
050,28,115,"Mississippi","Pontotoc County",2,67,309,158,151
050,28,115,"Mississippi","Pontotoc County",2,68,291,150,141
050,28,115,"Mississippi","Pontotoc County",2,69,288,144,144
050,28,115,"Mississippi","Pontotoc County",2,70,276,135,141
050,28,115,"Mississippi","Pontotoc County",2,71,276,128,148
050,28,115,"Mississippi","Pontotoc County",2,72,274,129,145
050,28,115,"Mississippi","Pontotoc County",2,73,285,135,150
050,28,115,"Mississippi","Pontotoc County",2,74,195,92,103
050,28,115,"Mississippi","Pontotoc County",2,75,184,83,101
050,28,115,"Mississippi","Pontotoc County",2,76,173,72,101
050,28,115,"Mississippi","Pontotoc County",2,77,185,75,110
050,28,115,"Mississippi","Pontotoc County",2,78,156,66,90
050,28,115,"Mississippi","Pontotoc County",2,79,136,57,79
050,28,115,"Mississippi","Pontotoc County",2,80,129,54,75
050,28,115,"Mississippi","Pontotoc County",2,81,126,56,70
050,28,115,"Mississippi","Pontotoc County",2,82,111,52,59
050,28,115,"Mississippi","Pontotoc County",2,83,100,38,62
050,28,115,"Mississippi","Pontotoc County",2,84,86,37,49
050,28,115,"Mississippi","Pontotoc County",2,85,481,167,314
050,28,115,"Mississippi","Pontotoc County",3,0,420,212,208
050,28,115,"Mississippi","Pontotoc County",3,1,413,209,204
050,28,115,"Mississippi","Pontotoc County",3,2,424,227,197
050,28,115,"Mississippi","Pontotoc County",3,3,409,214,195
050,28,115,"Mississippi","Pontotoc County",3,4,441,234,207
050,28,115,"Mississippi","Pontotoc County",3,5,449,233,216
050,28,115,"Mississippi","Pontotoc County",3,6,461,232,229
050,28,115,"Mississippi","Pontotoc County",3,7,450,238,212
050,28,115,"Mississippi","Pontotoc County",3,8,427,217,210
050,28,115,"Mississippi","Pontotoc County",3,9,418,218,200
050,28,115,"Mississippi","Pontotoc County",3,10,461,242,219
050,28,115,"Mississippi","Pontotoc County",3,11,450,243,207
050,28,115,"Mississippi","Pontotoc County",3,12,473,240,233
050,28,115,"Mississippi","Pontotoc County",3,13,496,253,243
050,28,115,"Mississippi","Pontotoc County",3,14,493,253,240
050,28,115,"Mississippi","Pontotoc County",3,15,503,255,248
050,28,115,"Mississippi","Pontotoc County",3,16,526,268,258
050,28,115,"Mississippi","Pontotoc County",3,17,511,258,253
050,28,115,"Mississippi","Pontotoc County",3,18,404,215,189
050,28,115,"Mississippi","Pontotoc County",3,19,317,163,154
050,28,115,"Mississippi","Pontotoc County",3,20,350,177,173
050,28,115,"Mississippi","Pontotoc County",3,21,377,183,194
050,28,115,"Mississippi","Pontotoc County",3,22,360,180,180
050,28,115,"Mississippi","Pontotoc County",3,23,366,181,185
050,28,115,"Mississippi","Pontotoc County",3,24,379,185,194
050,28,115,"Mississippi","Pontotoc County",3,25,398,197,201
050,28,115,"Mississippi","Pontotoc County",3,26,383,183,200
050,28,115,"Mississippi","Pontotoc County",3,27,438,219,219
050,28,115,"Mississippi","Pontotoc County",3,28,423,225,198
050,28,115,"Mississippi","Pontotoc County",3,29,405,206,199
050,28,115,"Mississippi","Pontotoc County",3,30,403,201,202
050,28,115,"Mississippi","Pontotoc County",3,31,400,188,212
050,28,115,"Mississippi","Pontotoc County",3,32,391,187,204
050,28,115,"Mississippi","Pontotoc County",3,33,393,197,196
050,28,115,"Mississippi","Pontotoc County",3,34,391,206,185
050,28,115,"Mississippi","Pontotoc County",3,35,399,206,193
050,28,115,"Mississippi","Pontotoc County",3,36,407,204,203
050,28,115,"Mississippi","Pontotoc County",3,37,394,189,205
050,28,115,"Mississippi","Pontotoc County",3,38,434,215,219
050,28,115,"Mississippi","Pontotoc County",3,39,429,228,201
050,28,115,"Mississippi","Pontotoc County",3,40,410,210,200
050,28,115,"Mississippi","Pontotoc County",3,41,408,193,215
050,28,115,"Mississippi","Pontotoc County",3,42,405,189,216
050,28,115,"Mississippi","Pontotoc County",3,43,395,192,203
050,28,115,"Mississippi","Pontotoc County",3,44,334,177,157
050,28,115,"Mississippi","Pontotoc County",3,45,351,181,170
050,28,115,"Mississippi","Pontotoc County",3,46,372,178,194
050,28,115,"Mississippi","Pontotoc County",3,47,352,171,181
050,28,115,"Mississippi","Pontotoc County",3,48,372,173,199
050,28,115,"Mississippi","Pontotoc County",3,49,373,178,195
050,28,115,"Mississippi","Pontotoc County",3,50,399,195,204
050,28,115,"Mississippi","Pontotoc County",3,51,414,202,212
050,28,115,"Mississippi","Pontotoc County",3,52,374,182,192
050,28,115,"Mississippi","Pontotoc County",3,53,399,196,203
050,28,115,"Mississippi","Pontotoc County",3,54,380,197,183
050,28,115,"Mississippi","Pontotoc County",3,55,401,203,198
050,28,115,"Mississippi","Pontotoc County",3,56,410,213,197
050,28,115,"Mississippi","Pontotoc County",3,57,428,220,208
050,28,115,"Mississippi","Pontotoc County",3,58,405,200,205
050,28,115,"Mississippi","Pontotoc County",3,59,415,195,220
050,28,115,"Mississippi","Pontotoc County",3,60,416,194,222
050,28,115,"Mississippi","Pontotoc County",3,61,383,186,197
050,28,115,"Mississippi","Pontotoc County",3,62,348,173,175
050,28,115,"Mississippi","Pontotoc County",3,63,374,191,183
050,28,115,"Mississippi","Pontotoc County",3,64,365,184,181
050,28,115,"Mississippi","Pontotoc County",3,65,339,168,171
050,28,115,"Mississippi","Pontotoc County",3,66,325,148,177
050,28,115,"Mississippi","Pontotoc County",3,67,320,153,167
050,28,115,"Mississippi","Pontotoc County",3,68,299,151,148
050,28,115,"Mississippi","Pontotoc County",3,69,287,147,140
050,28,115,"Mississippi","Pontotoc County",3,70,282,140,142
050,28,115,"Mississippi","Pontotoc County",3,71,268,129,139
050,28,115,"Mississippi","Pontotoc County",3,72,271,124,147
050,28,115,"Mississippi","Pontotoc County",3,73,261,124,137
050,28,115,"Mississippi","Pontotoc County",3,74,271,127,144
050,28,115,"Mississippi","Pontotoc County",3,75,197,91,106
050,28,115,"Mississippi","Pontotoc County",3,76,167,74,93
050,28,115,"Mississippi","Pontotoc County",3,77,157,62,95
050,28,115,"Mississippi","Pontotoc County",3,78,176,72,104
050,28,115,"Mississippi","Pontotoc County",3,79,145,60,85
050,28,115,"Mississippi","Pontotoc County",3,80,126,47,79
050,28,115,"Mississippi","Pontotoc County",3,81,116,45,71
050,28,115,"Mississippi","Pontotoc County",3,82,121,51,70
050,28,115,"Mississippi","Pontotoc County",3,83,94,44,50
050,28,115,"Mississippi","Pontotoc County",3,84,84,28,56
050,28,115,"Mississippi","Pontotoc County",3,85,470,162,308
050,28,115,"Mississippi","Pontotoc County",4,0,418,212,206
050,28,115,"Mississippi","Pontotoc County",4,1,434,222,212
050,28,115,"Mississippi","Pontotoc County",4,2,435,220,215
050,28,115,"Mississippi","Pontotoc County",4,3,412,214,198
050,28,115,"Mississippi","Pontotoc County",4,4,410,208,202
050,28,115,"Mississippi","Pontotoc County",4,5,461,245,216
050,28,115,"Mississippi","Pontotoc County",4,6,461,237,224
050,28,115,"Mississippi","Pontotoc County",4,7,478,232,246
050,28,115,"Mississippi","Pontotoc County",4,8,447,239,208
050,28,115,"Mississippi","Pontotoc County",4,9,431,217,214
050,28,115,"Mississippi","Pontotoc County",4,10,436,229,207
050,28,115,"Mississippi","Pontotoc County",4,11,453,232,221
050,28,115,"Mississippi","Pontotoc County",4,12,440,231,209
050,28,115,"Mississippi","Pontotoc County",4,13,468,237,231
050,28,115,"Mississippi","Pontotoc County",4,14,503,258,245
050,28,115,"Mississippi","Pontotoc County",4,15,496,249,247
050,28,115,"Mississippi","Pontotoc County",4,16,489,251,238
050,28,115,"Mississippi","Pontotoc County",4,17,528,265,263
050,28,115,"Mississippi","Pontotoc County",4,18,438,219,219
050,28,115,"Mississippi","Pontotoc County",4,19,326,174,152
050,28,115,"Mississippi","Pontotoc County",4,20,341,168,173
050,28,115,"Mississippi","Pontotoc County",4,21,366,186,180
050,28,115,"Mississippi","Pontotoc County",4,22,411,195,216
050,28,115,"Mississippi","Pontotoc County",4,23,366,186,180
050,28,115,"Mississippi","Pontotoc County",4,24,370,179,191
050,28,115,"Mississippi","Pontotoc County",4,25,361,181,180
050,28,115,"Mississippi","Pontotoc County",4,26,414,200,214
050,28,115,"Mississippi","Pontotoc County",4,27,392,184,208
050,28,115,"Mississippi","Pontotoc County",4,28,447,220,227
050,28,115,"Mississippi","Pontotoc County",4,29,409,209,200
050,28,115,"Mississippi","Pontotoc County",4,30,409,208,201
050,28,115,"Mississippi","Pontotoc County",4,31,411,193,218
050,28,115,"Mississippi","Pontotoc County",4,32,409,202,207
050,28,115,"Mississippi","Pontotoc County",4,33,405,199,206
050,28,115,"Mississippi","Pontotoc County",4,34,397,203,194
050,28,115,"Mississippi","Pontotoc County",4,35,393,207,186
050,28,115,"Mississippi","Pontotoc County",4,36,390,195,195
050,28,115,"Mississippi","Pontotoc County",4,37,399,197,202
050,28,115,"Mississippi","Pontotoc County",4,38,400,193,207
050,28,115,"Mississippi","Pontotoc County",4,39,429,216,213
050,28,115,"Mississippi","Pontotoc County",4,40,434,224,210
050,28,115,"Mississippi","Pontotoc County",4,41,413,210,203
050,28,115,"Mississippi","Pontotoc County",4,42,399,188,211
050,28,115,"Mississippi","Pontotoc County",4,43,402,184,218
050,28,115,"Mississippi","Pontotoc County",4,44,400,191,209
050,28,115,"Mississippi","Pontotoc County",4,45,335,173,162
050,28,115,"Mississippi","Pontotoc County",4,46,349,179,170
050,28,115,"Mississippi","Pontotoc County",4,47,374,180,194
050,28,115,"Mississippi","Pontotoc County",4,48,350,171,179
050,28,115,"Mississippi","Pontotoc County",4,49,369,180,189
050,28,115,"Mississippi","Pontotoc County",4,50,372,179,193
050,28,115,"Mississippi","Pontotoc County",4,51,398,189,209
050,28,115,"Mississippi","Pontotoc County",4,52,406,197,209
050,28,115,"Mississippi","Pontotoc County",4,53,364,177,187
050,28,115,"Mississippi","Pontotoc County",4,54,401,202,199
050,28,115,"Mississippi","Pontotoc County",4,55,374,192,182
050,28,115,"Mississippi","Pontotoc County",4,56,400,200,200
050,28,115,"Mississippi","Pontotoc County",4,57,410,216,194
050,28,115,"Mississippi","Pontotoc County",4,58,427,220,207
050,28,115,"Mississippi","Pontotoc County",4,59,392,199,193
050,28,115,"Mississippi","Pontotoc County",4,60,415,197,218
050,28,115,"Mississippi","Pontotoc County",4,61,404,188,216
050,28,115,"Mississippi","Pontotoc County",4,62,371,175,196
050,28,115,"Mississippi","Pontotoc County",4,63,337,164,173
050,28,115,"Mississippi","Pontotoc County",4,64,362,182,180
050,28,115,"Mississippi","Pontotoc County",4,65,363,180,183
050,28,115,"Mississippi","Pontotoc County",4,66,330,160,170
050,28,115,"Mississippi","Pontotoc County",4,67,324,145,179
050,28,115,"Mississippi","Pontotoc County",4,68,310,147,163
050,28,115,"Mississippi","Pontotoc County",4,69,295,146,149
050,28,115,"Mississippi","Pontotoc County",4,70,278,142,136
050,28,115,"Mississippi","Pontotoc County",4,71,268,134,134
050,28,115,"Mississippi","Pontotoc County",4,72,264,127,137
050,28,115,"Mississippi","Pontotoc County",4,73,264,122,142
050,28,115,"Mississippi","Pontotoc County",4,74,247,112,135
050,28,115,"Mississippi","Pontotoc County",4,75,259,121,138
050,28,115,"Mississippi","Pontotoc County",4,76,179,86,93
050,28,115,"Mississippi","Pontotoc County",4,77,154,68,86
050,28,115,"Mississippi","Pontotoc County",4,78,142,53,89
050,28,115,"Mississippi","Pontotoc County",4,79,171,69,102
050,28,115,"Mississippi","Pontotoc County",4,80,135,56,79
050,28,115,"Mississippi","Pontotoc County",4,81,109,40,69
050,28,115,"Mississippi","Pontotoc County",4,82,103,40,63
050,28,115,"Mississippi","Pontotoc County",4,83,111,47,64
050,28,115,"Mississippi","Pontotoc County",4,84,85,39,46
050,28,115,"Mississippi","Pontotoc County",4,85,435,146,289
050,28,115,"Mississippi","Pontotoc County",5,0,414,212,202
050,28,115,"Mississippi","Pontotoc County",5,1,432,225,207
050,28,115,"Mississippi","Pontotoc County",5,2,437,222,215
050,28,115,"Mississippi","Pontotoc County",5,3,439,224,215
050,28,115,"Mississippi","Pontotoc County",5,4,404,207,197
050,28,115,"Mississippi","Pontotoc County",5,5,420,217,203
050,28,115,"Mississippi","Pontotoc County",5,6,472,242,230
050,28,115,"Mississippi","Pontotoc County",5,7,453,232,221
050,28,115,"Mississippi","Pontotoc County",5,8,464,229,235
050,28,115,"Mississippi","Pontotoc County",5,9,444,232,212
050,28,115,"Mississippi","Pontotoc County",5,10,443,223,220
050,28,115,"Mississippi","Pontotoc County",5,11,449,230,219
050,28,115,"Mississippi","Pontotoc County",5,12,455,231,224
050,28,115,"Mississippi","Pontotoc County",5,13,452,235,217
050,28,115,"Mississippi","Pontotoc County",5,14,478,240,238
050,28,115,"Mississippi","Pontotoc County",5,15,498,256,242
050,28,115,"Mississippi","Pontotoc County",5,16,510,267,243
050,28,115,"Mississippi","Pontotoc County",5,17,477,254,223
050,28,115,"Mississippi","Pontotoc County",5,18,451,239,212
050,28,115,"Mississippi","Pontotoc County",5,19,359,177,182
050,28,115,"Mississippi","Pontotoc County",5,20,368,190,178
050,28,115,"Mississippi","Pontotoc County",5,21,370,181,189
050,28,115,"Mississippi","Pontotoc County",5,22,392,195,197
050,28,115,"Mississippi","Pontotoc County",5,23,423,202,221
050,28,115,"Mississippi","Pontotoc County",5,24,369,192,177
050,28,115,"Mississippi","Pontotoc County",5,25,388,192,196
050,28,115,"Mississippi","Pontotoc County",5,26,365,180,185
050,28,115,"Mississippi","Pontotoc County",5,27,424,209,215
050,28,115,"Mississippi","Pontotoc County",5,28,394,186,208
050,28,115,"Mississippi","Pontotoc County",5,29,445,217,228
050,28,115,"Mississippi","Pontotoc County",5,30,405,200,205
050,28,115,"Mississippi","Pontotoc County",5,31,400,198,202
050,28,115,"Mississippi","Pontotoc County",5,32,422,207,215
050,28,115,"Mississippi","Pontotoc County",5,33,414,205,209
050,28,115,"Mississippi","Pontotoc County",5,34,408,199,209
050,28,115,"Mississippi","Pontotoc County",5,35,415,209,206
050,28,115,"Mississippi","Pontotoc County",5,36,394,210,184
050,28,115,"Mississippi","Pontotoc County",5,37,390,194,196
050,28,115,"Mississippi","Pontotoc County",5,38,400,197,203
050,28,115,"Mississippi","Pontotoc County",5,39,405,194,211
050,28,115,"Mississippi","Pontotoc County",5,40,436,216,220
050,28,115,"Mississippi","Pontotoc County",5,41,434,228,206
050,28,115,"Mississippi","Pontotoc County",5,42,415,218,197
050,28,115,"Mississippi","Pontotoc County",5,43,390,180,210
050,28,115,"Mississippi","Pontotoc County",5,44,402,192,210
050,28,115,"Mississippi","Pontotoc County",5,45,410,199,211
050,28,115,"Mississippi","Pontotoc County",5,46,345,173,172
050,28,115,"Mississippi","Pontotoc County",5,47,345,180,165
050,28,115,"Mississippi","Pontotoc County",5,48,367,175,192
050,28,115,"Mississippi","Pontotoc County",5,49,350,170,180
050,28,115,"Mississippi","Pontotoc County",5,50,378,181,197
050,28,115,"Mississippi","Pontotoc County",5,51,369,180,189
050,28,115,"Mississippi","Pontotoc County",5,52,403,193,210
050,28,115,"Mississippi","Pontotoc County",5,53,400,192,208
050,28,115,"Mississippi","Pontotoc County",5,54,358,180,178
050,28,115,"Mississippi","Pontotoc County",5,55,401,200,201
050,28,115,"Mississippi","Pontotoc County",5,56,368,191,177
050,28,115,"Mississippi","Pontotoc County",5,57,399,198,201
050,28,115,"Mississippi","Pontotoc County",5,58,409,218,191
050,28,115,"Mississippi","Pontotoc County",5,59,412,210,202
050,28,115,"Mississippi","Pontotoc County",5,60,383,197,186
050,28,115,"Mississippi","Pontotoc County",5,61,404,190,214
050,28,115,"Mississippi","Pontotoc County",5,62,400,185,215
050,28,115,"Mississippi","Pontotoc County",5,63,362,171,191
050,28,115,"Mississippi","Pontotoc County",5,64,328,158,170
050,28,115,"Mississippi","Pontotoc County",5,65,359,179,180
050,28,115,"Mississippi","Pontotoc County",5,66,359,178,181
050,28,115,"Mississippi","Pontotoc County",5,67,322,155,167
050,28,115,"Mississippi","Pontotoc County",5,68,318,142,176
050,28,115,"Mississippi","Pontotoc County",5,69,306,144,162
050,28,115,"Mississippi","Pontotoc County",5,70,287,140,147
050,28,115,"Mississippi","Pontotoc County",5,71,271,140,131
050,28,115,"Mississippi","Pontotoc County",5,72,264,132,132
050,28,115,"Mississippi","Pontotoc County",5,73,261,125,136
050,28,115,"Mississippi","Pontotoc County",5,74,248,114,134
050,28,115,"Mississippi","Pontotoc County",5,75,245,111,134
050,28,115,"Mississippi","Pontotoc County",5,76,241,111,130
050,28,115,"Mississippi","Pontotoc County",5,77,170,80,90
050,28,115,"Mississippi","Pontotoc County",5,78,144,64,80
050,28,115,"Mississippi","Pontotoc County",5,79,140,52,88
050,28,115,"Mississippi","Pontotoc County",5,80,160,64,96
050,28,115,"Mississippi","Pontotoc County",5,81,116,48,68
050,28,115,"Mississippi","Pontotoc County",5,82,99,36,63
050,28,115,"Mississippi","Pontotoc County",5,83,92,36,56
050,28,115,"Mississippi","Pontotoc County",5,84,101,40,61
050,28,115,"Mississippi","Pontotoc County",5,85,422,148,274
050,28,117,"Mississippi","Prentiss County",1,0,270,138,132
050,28,117,"Mississippi","Prentiss County",1,1,293,136,157
050,28,117,"Mississippi","Prentiss County",1,2,308,155,153
050,28,117,"Mississippi","Prentiss County",1,3,301,147,154
050,28,117,"Mississippi","Prentiss County",1,4,297,148,149
050,28,117,"Mississippi","Prentiss County",1,5,284,145,139
050,28,117,"Mississippi","Prentiss County",1,6,294,163,131
050,28,117,"Mississippi","Prentiss County",1,7,296,147,149
050,28,117,"Mississippi","Prentiss County",1,8,341,178,163
050,28,117,"Mississippi","Prentiss County",1,9,341,178,163
050,28,117,"Mississippi","Prentiss County",1,10,311,165,146
050,28,117,"Mississippi","Prentiss County",1,11,326,177,149
050,28,117,"Mississippi","Prentiss County",1,12,327,172,155
050,28,117,"Mississippi","Prentiss County",1,13,350,193,157
050,28,117,"Mississippi","Prentiss County",1,14,312,170,142
050,28,117,"Mississippi","Prentiss County",1,15,323,168,155
050,28,117,"Mississippi","Prentiss County",1,16,296,144,152
050,28,117,"Mississippi","Prentiss County",1,17,315,182,133
050,28,117,"Mississippi","Prentiss County",1,18,466,210,256
050,28,117,"Mississippi","Prentiss County",1,19,414,219,195
050,28,117,"Mississippi","Prentiss County",1,20,541,302,239
050,28,117,"Mississippi","Prentiss County",1,21,459,272,187
050,28,117,"Mississippi","Prentiss County",1,22,334,170,164
050,28,117,"Mississippi","Prentiss County",1,23,368,203,165
050,28,117,"Mississippi","Prentiss County",1,24,295,159,136
050,28,117,"Mississippi","Prentiss County",1,25,273,142,131
050,28,117,"Mississippi","Prentiss County",1,26,293,153,140
050,28,117,"Mississippi","Prentiss County",1,27,317,172,145
050,28,117,"Mississippi","Prentiss County",1,28,319,155,164
050,28,117,"Mississippi","Prentiss County",1,29,351,163,188
050,28,117,"Mississippi","Prentiss County",1,30,339,154,185
050,28,117,"Mississippi","Prentiss County",1,31,311,151,160
050,28,117,"Mississippi","Prentiss County",1,32,285,143,142
050,28,117,"Mississippi","Prentiss County",1,33,292,144,148
050,28,117,"Mississippi","Prentiss County",1,34,307,160,147
050,28,117,"Mississippi","Prentiss County",1,35,288,140,148
050,28,117,"Mississippi","Prentiss County",1,36,274,145,129
050,28,117,"Mississippi","Prentiss County",1,37,304,169,135
050,28,117,"Mississippi","Prentiss County",1,38,285,154,131
050,28,117,"Mississippi","Prentiss County",1,39,290,143,147
050,28,117,"Mississippi","Prentiss County",1,40,315,162,153
050,28,117,"Mississippi","Prentiss County",1,41,274,142,132
050,28,117,"Mississippi","Prentiss County",1,42,278,145,133
050,28,117,"Mississippi","Prentiss County",1,43,290,149,141
050,28,117,"Mississippi","Prentiss County",1,44,261,123,138
050,28,117,"Mississippi","Prentiss County",1,45,281,135,146
050,28,117,"Mississippi","Prentiss County",1,46,278,141,137
050,28,117,"Mississippi","Prentiss County",1,47,291,144,147
050,28,117,"Mississippi","Prentiss County",1,48,306,167,139
050,28,117,"Mississippi","Prentiss County",1,49,324,165,159
050,28,117,"Mississippi","Prentiss County",1,50,300,152,148
050,28,117,"Mississippi","Prentiss County",1,51,311,152,159
050,28,117,"Mississippi","Prentiss County",1,52,316,157,159
050,28,117,"Mississippi","Prentiss County",1,53,327,161,166
050,28,117,"Mississippi","Prentiss County",1,54,340,160,180
050,28,117,"Mississippi","Prentiss County",1,55,333,168,165
050,28,117,"Mississippi","Prentiss County",1,56,335,160,175
050,28,117,"Mississippi","Prentiss County",1,57,329,166,163
050,28,117,"Mississippi","Prentiss County",1,58,302,153,149
050,28,117,"Mississippi","Prentiss County",1,59,305,149,156
050,28,117,"Mississippi","Prentiss County",1,60,323,159,164
050,28,117,"Mississippi","Prentiss County",1,61,310,138,172
050,28,117,"Mississippi","Prentiss County",1,62,295,135,160
050,28,117,"Mississippi","Prentiss County",1,63,326,165,161
050,28,117,"Mississippi","Prentiss County",1,64,296,149,147
050,28,117,"Mississippi","Prentiss County",1,65,303,151,152
050,28,117,"Mississippi","Prentiss County",1,66,279,136,143
050,28,117,"Mississippi","Prentiss County",1,67,250,115,135
050,28,117,"Mississippi","Prentiss County",1,68,248,118,130
050,28,117,"Mississippi","Prentiss County",1,69,238,114,124
050,28,117,"Mississippi","Prentiss County",1,70,244,115,129
050,28,117,"Mississippi","Prentiss County",1,71,219,98,121
050,28,117,"Mississippi","Prentiss County",1,72,237,100,137
050,28,117,"Mississippi","Prentiss County",1,73,255,113,142
050,28,117,"Mississippi","Prentiss County",1,74,198,79,119
050,28,117,"Mississippi","Prentiss County",1,75,176,66,110
050,28,117,"Mississippi","Prentiss County",1,76,186,72,114
050,28,117,"Mississippi","Prentiss County",1,77,174,72,102
050,28,117,"Mississippi","Prentiss County",1,78,158,62,96
050,28,117,"Mississippi","Prentiss County",1,79,138,50,88
050,28,117,"Mississippi","Prentiss County",1,80,136,54,82
050,28,117,"Mississippi","Prentiss County",1,81,128,53,75
050,28,117,"Mississippi","Prentiss County",1,82,118,51,67
050,28,117,"Mississippi","Prentiss County",1,83,95,32,63
050,28,117,"Mississippi","Prentiss County",1,84,95,34,61
050,28,117,"Mississippi","Prentiss County",1,85,495,157,338
050,28,117,"Mississippi","Prentiss County",2,0,268,133,135
050,28,117,"Mississippi","Prentiss County",2,1,288,138,150
050,28,117,"Mississippi","Prentiss County",2,2,304,151,153
050,28,117,"Mississippi","Prentiss County",2,3,301,148,153
050,28,117,"Mississippi","Prentiss County",2,4,298,147,151
050,28,117,"Mississippi","Prentiss County",2,5,286,146,140
050,28,117,"Mississippi","Prentiss County",2,6,293,159,134
050,28,117,"Mississippi","Prentiss County",2,7,297,151,146
050,28,117,"Mississippi","Prentiss County",2,8,328,170,158
050,28,117,"Mississippi","Prentiss County",2,9,339,176,163
050,28,117,"Mississippi","Prentiss County",2,10,319,168,151
050,28,117,"Mississippi","Prentiss County",2,11,321,173,148
050,28,117,"Mississippi","Prentiss County",2,12,329,174,155
050,28,117,"Mississippi","Prentiss County",2,13,345,188,157
050,28,117,"Mississippi","Prentiss County",2,14,320,175,145
050,28,117,"Mississippi","Prentiss County",2,15,320,168,152
050,28,117,"Mississippi","Prentiss County",2,16,304,152,152
050,28,117,"Mississippi","Prentiss County",2,17,311,173,138
050,28,117,"Mississippi","Prentiss County",2,18,465,213,252
050,28,117,"Mississippi","Prentiss County",2,19,411,217,194
050,28,117,"Mississippi","Prentiss County",2,20,541,301,240
050,28,117,"Mississippi","Prentiss County",2,21,461,273,188
050,28,117,"Mississippi","Prentiss County",2,22,337,174,163
050,28,117,"Mississippi","Prentiss County",2,23,359,196,163
050,28,117,"Mississippi","Prentiss County",2,24,299,161,138
050,28,117,"Mississippi","Prentiss County",2,25,273,143,130
050,28,117,"Mississippi","Prentiss County",2,26,288,150,138
050,28,117,"Mississippi","Prentiss County",2,27,306,162,144
050,28,117,"Mississippi","Prentiss County",2,28,321,161,160
050,28,117,"Mississippi","Prentiss County",2,29,344,161,183
050,28,117,"Mississippi","Prentiss County",2,30,341,156,185
050,28,117,"Mississippi","Prentiss County",2,31,317,151,166
050,28,117,"Mississippi","Prentiss County",2,32,288,143,145
050,28,117,"Mississippi","Prentiss County",2,33,288,141,147
050,28,117,"Mississippi","Prentiss County",2,34,304,155,149
050,28,117,"Mississippi","Prentiss County",2,35,293,144,149
050,28,117,"Mississippi","Prentiss County",2,36,276,142,134
050,28,117,"Mississippi","Prentiss County",2,37,297,163,134
050,28,117,"Mississippi","Prentiss County",2,38,290,157,133
050,28,117,"Mississippi","Prentiss County",2,39,288,147,141
050,28,117,"Mississippi","Prentiss County",2,40,306,156,150
050,28,117,"Mississippi","Prentiss County",2,41,283,146,137
050,28,117,"Mississippi","Prentiss County",2,42,277,145,132
050,28,117,"Mississippi","Prentiss County",2,43,288,149,139
050,28,117,"Mississippi","Prentiss County",2,44,267,130,137
050,28,117,"Mississippi","Prentiss County",2,45,276,132,144
050,28,117,"Mississippi","Prentiss County",2,46,279,140,139
050,28,117,"Mississippi","Prentiss County",2,47,288,143,145
050,28,117,"Mississippi","Prentiss County",2,48,306,163,143
050,28,117,"Mississippi","Prentiss County",2,49,321,166,155
050,28,117,"Mississippi","Prentiss County",2,50,308,156,152
050,28,117,"Mississippi","Prentiss County",2,51,307,152,155
050,28,117,"Mississippi","Prentiss County",2,52,315,155,160
050,28,117,"Mississippi","Prentiss County",2,53,324,160,164
050,28,117,"Mississippi","Prentiss County",2,54,335,160,175
050,28,117,"Mississippi","Prentiss County",2,55,335,165,170
050,28,117,"Mississippi","Prentiss County",2,56,335,163,172
050,28,117,"Mississippi","Prentiss County",2,57,331,164,167
050,28,117,"Mississippi","Prentiss County",2,58,310,157,153
050,28,117,"Mississippi","Prentiss County",2,59,305,150,155
050,28,117,"Mississippi","Prentiss County",2,60,319,157,162
050,28,117,"Mississippi","Prentiss County",2,61,313,144,169
050,28,117,"Mississippi","Prentiss County",2,62,296,136,160
050,28,117,"Mississippi","Prentiss County",2,63,323,160,163
050,28,117,"Mississippi","Prentiss County",2,64,300,152,148
050,28,117,"Mississippi","Prentiss County",2,65,300,149,151
050,28,117,"Mississippi","Prentiss County",2,66,284,139,145
050,28,117,"Mississippi","Prentiss County",2,67,256,119,137
050,28,117,"Mississippi","Prentiss County",2,68,245,114,131
050,28,117,"Mississippi","Prentiss County",2,69,241,115,126
050,28,117,"Mississippi","Prentiss County",2,70,240,113,127
050,28,117,"Mississippi","Prentiss County",2,71,221,101,120
050,28,117,"Mississippi","Prentiss County",2,72,226,97,129
050,28,117,"Mississippi","Prentiss County",2,73,263,116,147
050,28,117,"Mississippi","Prentiss County",2,74,198,82,116
050,28,117,"Mississippi","Prentiss County",2,75,180,68,112
050,28,117,"Mississippi","Prentiss County",2,76,181,70,111
050,28,117,"Mississippi","Prentiss County",2,77,178,72,106
050,28,117,"Mississippi","Prentiss County",2,78,154,60,94
050,28,117,"Mississippi","Prentiss County",2,79,136,49,87
050,28,117,"Mississippi","Prentiss County",2,80,134,51,83
050,28,117,"Mississippi","Prentiss County",2,81,127,51,76
050,28,117,"Mississippi","Prentiss County",2,82,120,52,68
050,28,117,"Mississippi","Prentiss County",2,83,95,36,59
050,28,117,"Mississippi","Prentiss County",2,84,94,33,61
050,28,117,"Mississippi","Prentiss County",2,85,493,158,335
050,28,117,"Mississippi","Prentiss County",3,0,285,158,127
050,28,117,"Mississippi","Prentiss County",3,1,286,155,131
050,28,117,"Mississippi","Prentiss County",3,2,305,146,159
050,28,117,"Mississippi","Prentiss County",3,3,303,151,152
050,28,117,"Mississippi","Prentiss County",3,4,318,156,162
050,28,117,"Mississippi","Prentiss County",3,5,300,152,148
050,28,117,"Mississippi","Prentiss County",3,6,290,149,141
050,28,117,"Mississippi","Prentiss County",3,7,290,160,130
050,28,117,"Mississippi","Prentiss County",3,8,310,157,153
050,28,117,"Mississippi","Prentiss County",3,9,328,171,157
050,28,117,"Mississippi","Prentiss County",3,10,330,169,161
050,28,117,"Mississippi","Prentiss County",3,11,317,166,151
050,28,117,"Mississippi","Prentiss County",3,12,321,174,147
050,28,117,"Mississippi","Prentiss County",3,13,326,175,151
050,28,117,"Mississippi","Prentiss County",3,14,352,190,162
050,28,117,"Mississippi","Prentiss County",3,15,306,170,136
050,28,117,"Mississippi","Prentiss County",3,16,314,164,150
050,28,117,"Mississippi","Prentiss County",3,17,316,159,157
050,28,117,"Mississippi","Prentiss County",3,18,471,215,256
050,28,117,"Mississippi","Prentiss County",3,19,388,216,172
050,28,117,"Mississippi","Prentiss County",3,20,518,280,238
050,28,117,"Mississippi","Prentiss County",3,21,481,281,200
050,28,117,"Mississippi","Prentiss County",3,22,346,187,159
050,28,117,"Mississippi","Prentiss County",3,23,339,177,162
050,28,117,"Mississippi","Prentiss County",3,24,322,167,155
050,28,117,"Mississippi","Prentiss County",3,25,295,155,140
050,28,117,"Mississippi","Prentiss County",3,26,299,162,137
050,28,117,"Mississippi","Prentiss County",3,27,293,150,143
050,28,117,"Mississippi","Prentiss County",3,28,309,162,147
050,28,117,"Mississippi","Prentiss County",3,29,324,166,158
050,28,117,"Mississippi","Prentiss County",3,30,343,158,185
050,28,117,"Mississippi","Prentiss County",3,31,339,158,181
050,28,117,"Mississippi","Prentiss County",3,32,327,161,166
050,28,117,"Mississippi","Prentiss County",3,33,292,142,150
050,28,117,"Mississippi","Prentiss County",3,34,292,145,147
050,28,117,"Mississippi","Prentiss County",3,35,314,154,160
050,28,117,"Mississippi","Prentiss County",3,36,291,142,149
050,28,117,"Mississippi","Prentiss County",3,37,282,147,135
050,28,117,"Mississippi","Prentiss County",3,38,291,158,133
050,28,117,"Mississippi","Prentiss County",3,39,295,158,137
050,28,117,"Mississippi","Prentiss County",3,40,283,143,140
050,28,117,"Mississippi","Prentiss County",3,41,310,158,152
050,28,117,"Mississippi","Prentiss County",3,42,279,140,139
050,28,117,"Mississippi","Prentiss County",3,43,279,150,129
050,28,117,"Mississippi","Prentiss County",3,44,289,150,139
050,28,117,"Mississippi","Prentiss County",3,45,259,124,135
050,28,117,"Mississippi","Prentiss County",3,46,279,133,146
050,28,117,"Mississippi","Prentiss County",3,47,277,142,135
050,28,117,"Mississippi","Prentiss County",3,48,292,143,149
050,28,117,"Mississippi","Prentiss County",3,49,309,163,146
050,28,117,"Mississippi","Prentiss County",3,50,314,162,152
050,28,117,"Mississippi","Prentiss County",3,51,301,155,146
050,28,117,"Mississippi","Prentiss County",3,52,304,151,153
050,28,117,"Mississippi","Prentiss County",3,53,324,159,165
050,28,117,"Mississippi","Prentiss County",3,54,333,167,166
050,28,117,"Mississippi","Prentiss County",3,55,331,156,175
050,28,117,"Mississippi","Prentiss County",3,56,315,154,161
050,28,117,"Mississippi","Prentiss County",3,57,323,155,168
050,28,117,"Mississippi","Prentiss County",3,58,325,162,163
050,28,117,"Mississippi","Prentiss County",3,59,300,151,149
050,28,117,"Mississippi","Prentiss County",3,60,299,143,156
050,28,117,"Mississippi","Prentiss County",3,61,314,156,158
050,28,117,"Mississippi","Prentiss County",3,62,311,145,166
050,28,117,"Mississippi","Prentiss County",3,63,277,127,150
050,28,117,"Mississippi","Prentiss County",3,64,321,157,164
050,28,117,"Mississippi","Prentiss County",3,65,296,147,149
050,28,117,"Mississippi","Prentiss County",3,66,284,136,148
050,28,117,"Mississippi","Prentiss County",3,67,281,135,146
050,28,117,"Mississippi","Prentiss County",3,68,246,115,131
050,28,117,"Mississippi","Prentiss County",3,69,235,107,128
050,28,117,"Mississippi","Prentiss County",3,70,229,109,120
050,28,117,"Mississippi","Prentiss County",3,71,232,109,123
050,28,117,"Mississippi","Prentiss County",3,72,207,93,114
050,28,117,"Mississippi","Prentiss County",3,73,215,94,121
050,28,117,"Mississippi","Prentiss County",3,74,247,109,138
050,28,117,"Mississippi","Prentiss County",3,75,192,82,110
050,28,117,"Mississippi","Prentiss County",3,76,179,65,114
050,28,117,"Mississippi","Prentiss County",3,77,172,66,106
050,28,117,"Mississippi","Prentiss County",3,78,167,67,100
050,28,117,"Mississippi","Prentiss County",3,79,142,55,87
050,28,117,"Mississippi","Prentiss County",3,80,127,45,82
050,28,117,"Mississippi","Prentiss County",3,81,129,46,83
050,28,117,"Mississippi","Prentiss County",3,82,107,41,66
050,28,117,"Mississippi","Prentiss County",3,83,108,47,61
050,28,117,"Mississippi","Prentiss County",3,84,84,32,52
050,28,117,"Mississippi","Prentiss County",3,85,487,158,329
050,28,117,"Mississippi","Prentiss County",4,0,278,165,113
050,28,117,"Mississippi","Prentiss County",4,1,287,165,122
050,28,117,"Mississippi","Prentiss County",4,2,278,151,127
050,28,117,"Mississippi","Prentiss County",4,3,302,143,159
050,28,117,"Mississippi","Prentiss County",4,4,309,151,158
050,28,117,"Mississippi","Prentiss County",4,5,316,157,159
050,28,117,"Mississippi","Prentiss County",4,6,295,150,145
050,28,117,"Mississippi","Prentiss County",4,7,293,150,143
050,28,117,"Mississippi","Prentiss County",4,8,289,157,132
050,28,117,"Mississippi","Prentiss County",4,9,299,152,147
050,28,117,"Mississippi","Prentiss County",4,10,329,168,161
050,28,117,"Mississippi","Prentiss County",4,11,333,173,160
050,28,117,"Mississippi","Prentiss County",4,12,313,172,141
050,28,117,"Mississippi","Prentiss County",4,13,307,169,138
050,28,117,"Mississippi","Prentiss County",4,14,331,174,157
050,28,117,"Mississippi","Prentiss County",4,15,345,182,163
050,28,117,"Mississippi","Prentiss County",4,16,311,168,143
050,28,117,"Mississippi","Prentiss County",4,17,322,173,149
050,28,117,"Mississippi","Prentiss County",4,18,463,209,254
050,28,117,"Mississippi","Prentiss County",4,19,388,215,173
050,28,117,"Mississippi","Prentiss County",4,20,508,289,219
050,28,117,"Mississippi","Prentiss County",4,21,456,259,197
050,28,117,"Mississippi","Prentiss County",4,22,363,193,170
050,28,117,"Mississippi","Prentiss County",4,23,338,183,155
050,28,117,"Mississippi","Prentiss County",4,24,318,160,158
050,28,117,"Mississippi","Prentiss County",4,25,318,164,154
050,28,117,"Mississippi","Prentiss County",4,26,278,143,135
050,28,117,"Mississippi","Prentiss County",4,27,311,159,152
050,28,117,"Mississippi","Prentiss County",4,28,299,149,150
050,28,117,"Mississippi","Prentiss County",4,29,314,168,146
050,28,117,"Mississippi","Prentiss County",4,30,322,164,158
050,28,117,"Mississippi","Prentiss County",4,31,343,166,177
050,28,117,"Mississippi","Prentiss County",4,32,337,153,184
050,28,117,"Mississippi","Prentiss County",4,33,313,149,164
050,28,117,"Mississippi","Prentiss County",4,34,300,151,149
050,28,117,"Mississippi","Prentiss County",4,35,292,142,150
050,28,117,"Mississippi","Prentiss County",4,36,326,158,168
050,28,117,"Mississippi","Prentiss County",4,37,311,157,154
050,28,117,"Mississippi","Prentiss County",4,38,275,142,133
050,28,117,"Mississippi","Prentiss County",4,39,290,161,129
050,28,117,"Mississippi","Prentiss County",4,40,304,154,150
050,28,117,"Mississippi","Prentiss County",4,41,273,139,134
050,28,117,"Mississippi","Prentiss County",4,42,307,155,152
050,28,117,"Mississippi","Prentiss County",4,43,289,147,142
050,28,117,"Mississippi","Prentiss County",4,44,272,147,125
050,28,117,"Mississippi","Prentiss County",4,45,275,141,134
050,28,117,"Mississippi","Prentiss County",4,46,256,123,133
050,28,117,"Mississippi","Prentiss County",4,47,278,131,147
050,28,117,"Mississippi","Prentiss County",4,48,281,140,141
050,28,117,"Mississippi","Prentiss County",4,49,286,141,145
050,28,117,"Mississippi","Prentiss County",4,50,302,161,141
050,28,117,"Mississippi","Prentiss County",4,51,312,163,149
050,28,117,"Mississippi","Prentiss County",4,52,301,156,145
050,28,117,"Mississippi","Prentiss County",4,53,295,149,146
050,28,117,"Mississippi","Prentiss County",4,54,321,157,164
050,28,117,"Mississippi","Prentiss County",4,55,328,160,168
050,28,117,"Mississippi","Prentiss County",4,56,326,155,171
050,28,117,"Mississippi","Prentiss County",4,57,305,147,158
050,28,117,"Mississippi","Prentiss County",4,58,329,156,173
050,28,117,"Mississippi","Prentiss County",4,59,328,161,167
050,28,117,"Mississippi","Prentiss County",4,60,295,149,146
050,28,117,"Mississippi","Prentiss County",4,61,312,157,155
050,28,117,"Mississippi","Prentiss County",4,62,312,159,153
050,28,117,"Mississippi","Prentiss County",4,63,311,144,167
050,28,117,"Mississippi","Prentiss County",4,64,274,128,146
050,28,117,"Mississippi","Prentiss County",4,65,316,151,165
050,28,117,"Mississippi","Prentiss County",4,66,289,142,147
050,28,117,"Mississippi","Prentiss County",4,67,278,130,148
050,28,117,"Mississippi","Prentiss County",4,68,278,132,146
050,28,117,"Mississippi","Prentiss County",4,69,235,110,125
050,28,117,"Mississippi","Prentiss County",4,70,233,105,128
050,28,117,"Mississippi","Prentiss County",4,71,216,103,113
050,28,117,"Mississippi","Prentiss County",4,72,221,103,118
050,28,117,"Mississippi","Prentiss County",4,73,193,89,104
050,28,117,"Mississippi","Prentiss County",4,74,202,89,113
050,28,117,"Mississippi","Prentiss County",4,75,232,106,126
050,28,117,"Mississippi","Prentiss County",4,76,190,76,114
050,28,117,"Mississippi","Prentiss County",4,77,164,59,105
050,28,117,"Mississippi","Prentiss County",4,78,165,63,102
050,28,117,"Mississippi","Prentiss County",4,79,158,66,92
050,28,117,"Mississippi","Prentiss County",4,80,141,52,89
050,28,117,"Mississippi","Prentiss County",4,81,121,40,81
050,28,117,"Mississippi","Prentiss County",4,82,117,41,76
050,28,117,"Mississippi","Prentiss County",4,83,94,34,60
050,28,117,"Mississippi","Prentiss County",4,84,103,44,59
050,28,117,"Mississippi","Prentiss County",4,85,473,154,319
050,28,117,"Mississippi","Prentiss County",5,0,282,167,115
050,28,117,"Mississippi","Prentiss County",5,1,279,156,123
050,28,117,"Mississippi","Prentiss County",5,2,286,160,126
050,28,117,"Mississippi","Prentiss County",5,3,287,151,136
050,28,117,"Mississippi","Prentiss County",5,4,280,133,147
050,28,117,"Mississippi","Prentiss County",5,5,311,157,154
050,28,117,"Mississippi","Prentiss County",5,6,312,153,159
050,28,117,"Mississippi","Prentiss County",5,7,303,154,149
050,28,117,"Mississippi","Prentiss County",5,8,298,147,151
050,28,117,"Mississippi","Prentiss County",5,9,294,157,137
050,28,117,"Mississippi","Prentiss County",5,10,311,158,153
050,28,117,"Mississippi","Prentiss County",5,11,341,173,168
050,28,117,"Mississippi","Prentiss County",5,12,337,173,164
050,28,117,"Mississippi","Prentiss County",5,13,319,177,142
050,28,117,"Mississippi","Prentiss County",5,14,312,172,140
050,28,117,"Mississippi","Prentiss County",5,15,338,172,166
050,28,117,"Mississippi","Prentiss County",5,16,357,186,171
050,28,117,"Mississippi","Prentiss County",5,17,321,172,149
050,28,117,"Mississippi","Prentiss County",5,18,481,225,256
050,28,117,"Mississippi","Prentiss County",5,19,395,211,184
050,28,117,"Mississippi","Prentiss County",5,20,514,293,221
050,28,117,"Mississippi","Prentiss County",5,21,433,264,169
050,28,117,"Mississippi","Prentiss County",5,22,357,173,184
050,28,117,"Mississippi","Prentiss County",5,23,362,188,174
050,28,117,"Mississippi","Prentiss County",5,24,324,170,154
050,28,117,"Mississippi","Prentiss County",5,25,303,156,147
050,28,117,"Mississippi","Prentiss County",5,26,325,161,164
050,28,117,"Mississippi","Prentiss County",5,27,320,145,175
050,28,117,"Mississippi","Prentiss County",5,28,323,168,155
050,28,117,"Mississippi","Prentiss County",5,29,299,154,145
050,28,117,"Mississippi","Prentiss County",5,30,313,169,144
050,28,117,"Mississippi","Prentiss County",5,31,335,172,163
050,28,117,"Mississippi","Prentiss County",5,32,358,178,180
050,28,117,"Mississippi","Prentiss County",5,33,332,144,188
050,28,117,"Mississippi","Prentiss County",5,34,310,143,167
050,28,117,"Mississippi","Prentiss County",5,35,297,140,157
050,28,117,"Mississippi","Prentiss County",5,36,318,151,167
050,28,117,"Mississippi","Prentiss County",5,37,328,164,164
050,28,117,"Mississippi","Prentiss County",5,38,282,144,138
050,28,117,"Mississippi","Prentiss County",5,39,281,146,135
050,28,117,"Mississippi","Prentiss County",5,40,273,147,126
050,28,117,"Mississippi","Prentiss County",5,41,307,158,149
050,28,117,"Mississippi","Prentiss County",5,42,277,140,137
050,28,117,"Mississippi","Prentiss County",5,43,324,164,160
050,28,117,"Mississippi","Prentiss County",5,44,292,149,143
050,28,117,"Mississippi","Prentiss County",5,45,280,146,134
050,28,117,"Mississippi","Prentiss County",5,46,279,141,138
050,28,117,"Mississippi","Prentiss County",5,47,262,126,136
050,28,117,"Mississippi","Prentiss County",5,48,283,130,153
050,28,117,"Mississippi","Prentiss County",5,49,277,137,140
050,28,117,"Mississippi","Prentiss County",5,50,282,143,139
050,28,117,"Mississippi","Prentiss County",5,51,296,156,140
050,28,117,"Mississippi","Prentiss County",5,52,306,158,148
050,28,117,"Mississippi","Prentiss County",5,53,300,158,142
050,28,117,"Mississippi","Prentiss County",5,54,300,149,151
050,28,117,"Mississippi","Prentiss County",5,55,319,156,163
050,28,117,"Mississippi","Prentiss County",5,56,329,161,168
050,28,117,"Mississippi","Prentiss County",5,57,317,149,168
050,28,117,"Mississippi","Prentiss County",5,58,309,147,162
050,28,117,"Mississippi","Prentiss County",5,59,329,157,172
050,28,117,"Mississippi","Prentiss County",5,60,334,166,168
050,28,117,"Mississippi","Prentiss County",5,61,326,180,146
050,28,117,"Mississippi","Prentiss County",5,62,315,161,154
050,28,117,"Mississippi","Prentiss County",5,63,303,150,153
050,28,117,"Mississippi","Prentiss County",5,64,301,140,161
050,28,117,"Mississippi","Prentiss County",5,65,267,122,145
050,28,117,"Mississippi","Prentiss County",5,66,306,145,161
050,28,117,"Mississippi","Prentiss County",5,67,282,141,141
050,28,117,"Mississippi","Prentiss County",5,68,272,127,145
050,28,117,"Mississippi","Prentiss County",5,69,268,129,139
050,28,117,"Mississippi","Prentiss County",5,70,231,106,125
050,28,117,"Mississippi","Prentiss County",5,71,223,100,123
050,28,117,"Mississippi","Prentiss County",5,72,209,99,110
050,28,117,"Mississippi","Prentiss County",5,73,215,100,115
050,28,117,"Mississippi","Prentiss County",5,74,183,84,99
050,28,117,"Mississippi","Prentiss County",5,75,189,85,104
050,28,117,"Mississippi","Prentiss County",5,76,227,98,129
050,28,117,"Mississippi","Prentiss County",5,77,180,72,108
050,28,117,"Mississippi","Prentiss County",5,78,154,55,99
050,28,117,"Mississippi","Prentiss County",5,79,157,63,94
050,28,117,"Mississippi","Prentiss County",5,80,156,62,94
050,28,117,"Mississippi","Prentiss County",5,81,135,47,88
050,28,117,"Mississippi","Prentiss County",5,82,111,34,77
050,28,117,"Mississippi","Prentiss County",5,83,103,34,69
050,28,117,"Mississippi","Prentiss County",5,84,89,34,55
050,28,117,"Mississippi","Prentiss County",5,85,500,169,331
050,28,119,"Mississippi","Quitman County",1,0,66,34,32
050,28,119,"Mississippi","Quitman County",1,1,66,36,30
050,28,119,"Mississippi","Quitman County",1,2,80,43,37
050,28,119,"Mississippi","Quitman County",1,3,80,42,38
050,28,119,"Mississippi","Quitman County",1,4,71,38,33
050,28,119,"Mississippi","Quitman County",1,5,82,33,49
050,28,119,"Mississippi","Quitman County",1,6,66,28,38
050,28,119,"Mississippi","Quitman County",1,7,82,40,42
050,28,119,"Mississippi","Quitman County",1,8,78,36,42
050,28,119,"Mississippi","Quitman County",1,9,76,39,37
050,28,119,"Mississippi","Quitman County",1,10,84,44,40
050,28,119,"Mississippi","Quitman County",1,11,92,53,39
050,28,119,"Mississippi","Quitman County",1,12,82,49,33
050,28,119,"Mississippi","Quitman County",1,13,79,51,28
050,28,119,"Mississippi","Quitman County",1,14,76,38,38
050,28,119,"Mississippi","Quitman County",1,15,86,44,42
050,28,119,"Mississippi","Quitman County",1,16,87,48,39
050,28,119,"Mississippi","Quitman County",1,17,78,43,35
050,28,119,"Mississippi","Quitman County",1,18,80,45,35
050,28,119,"Mississippi","Quitman County",1,19,73,34,39
050,28,119,"Mississippi","Quitman County",1,20,81,42,39
050,28,119,"Mississippi","Quitman County",1,21,75,38,37
050,28,119,"Mississippi","Quitman County",1,22,81,36,45
050,28,119,"Mississippi","Quitman County",1,23,79,31,48
050,28,119,"Mississippi","Quitman County",1,24,85,33,52
050,28,119,"Mississippi","Quitman County",1,25,80,42,38
050,28,119,"Mississippi","Quitman County",1,26,76,40,36
050,28,119,"Mississippi","Quitman County",1,27,84,35,49
050,28,119,"Mississippi","Quitman County",1,28,77,41,36
050,28,119,"Mississippi","Quitman County",1,29,76,35,41
050,28,119,"Mississippi","Quitman County",1,30,79,40,39
050,28,119,"Mississippi","Quitman County",1,31,74,38,36
050,28,119,"Mississippi","Quitman County",1,32,69,38,31
050,28,119,"Mississippi","Quitman County",1,33,67,33,34
050,28,119,"Mississippi","Quitman County",1,34,67,39,28
050,28,119,"Mississippi","Quitman County",1,35,60,34,26
050,28,119,"Mississippi","Quitman County",1,36,45,16,29
050,28,119,"Mississippi","Quitman County",1,37,64,22,42
050,28,119,"Mississippi","Quitman County",1,38,69,32,37
050,28,119,"Mississippi","Quitman County",1,39,70,31,39
050,28,119,"Mississippi","Quitman County",1,40,69,38,31
050,28,119,"Mississippi","Quitman County",1,41,61,26,35
050,28,119,"Mississippi","Quitman County",1,42,74,30,44
050,28,119,"Mississippi","Quitman County",1,43,71,31,40
050,28,119,"Mississippi","Quitman County",1,44,79,32,47
050,28,119,"Mississippi","Quitman County",1,45,85,34,51
050,28,119,"Mississippi","Quitman County",1,46,79,30,49
050,28,119,"Mississippi","Quitman County",1,47,72,25,47
050,28,119,"Mississippi","Quitman County",1,48,70,28,42
050,28,119,"Mississippi","Quitman County",1,49,89,34,55
050,28,119,"Mississippi","Quitman County",1,50,81,38,43
050,28,119,"Mississippi","Quitman County",1,51,85,40,45
050,28,119,"Mississippi","Quitman County",1,52,78,35,43
050,28,119,"Mississippi","Quitman County",1,53,85,39,46
050,28,119,"Mississippi","Quitman County",1,54,84,38,46
050,28,119,"Mississippi","Quitman County",1,55,99,44,55
050,28,119,"Mississippi","Quitman County",1,56,86,43,43
050,28,119,"Mississippi","Quitman County",1,57,92,45,47
050,28,119,"Mississippi","Quitman County",1,58,91,46,45
050,28,119,"Mississippi","Quitman County",1,59,84,41,43
050,28,119,"Mississippi","Quitman County",1,60,104,53,51
050,28,119,"Mississippi","Quitman County",1,61,69,37,32
050,28,119,"Mississippi","Quitman County",1,62,82,45,37
050,28,119,"Mississippi","Quitman County",1,63,82,35,47
050,28,119,"Mississippi","Quitman County",1,64,84,37,47
050,28,119,"Mississippi","Quitman County",1,65,94,43,51
050,28,119,"Mississippi","Quitman County",1,66,90,41,49
050,28,119,"Mississippi","Quitman County",1,67,81,34,47
050,28,119,"Mississippi","Quitman County",1,68,68,29,39
050,28,119,"Mississippi","Quitman County",1,69,63,25,38
050,28,119,"Mississippi","Quitman County",1,70,58,21,37
050,28,119,"Mississippi","Quitman County",1,71,52,28,24
050,28,119,"Mississippi","Quitman County",1,72,57,25,32
050,28,119,"Mississippi","Quitman County",1,73,58,29,29
050,28,119,"Mississippi","Quitman County",1,74,48,22,26
050,28,119,"Mississippi","Quitman County",1,75,51,23,28
050,28,119,"Mississippi","Quitman County",1,76,47,18,29
050,28,119,"Mississippi","Quitman County",1,77,46,17,29
050,28,119,"Mississippi","Quitman County",1,78,38,18,20
050,28,119,"Mississippi","Quitman County",1,79,31,11,20
050,28,119,"Mississippi","Quitman County",1,80,31,12,19
050,28,119,"Mississippi","Quitman County",1,81,28,10,18
050,28,119,"Mississippi","Quitman County",1,82,28,10,18
050,28,119,"Mississippi","Quitman County",1,83,21,7,14
050,28,119,"Mississippi","Quitman County",1,84,20,8,12
050,28,119,"Mississippi","Quitman County",1,85,110,39,71
050,28,119,"Mississippi","Quitman County",2,0,62,35,27
050,28,119,"Mississippi","Quitman County",2,1,67,36,31
050,28,119,"Mississippi","Quitman County",2,2,78,42,36
050,28,119,"Mississippi","Quitman County",2,3,80,42,38
050,28,119,"Mississippi","Quitman County",2,4,74,39,35
050,28,119,"Mississippi","Quitman County",2,5,79,33,46
050,28,119,"Mississippi","Quitman County",2,6,69,29,40
050,28,119,"Mississippi","Quitman County",2,7,79,38,41
050,28,119,"Mississippi","Quitman County",2,8,77,36,41
050,28,119,"Mississippi","Quitman County",2,9,77,39,38
050,28,119,"Mississippi","Quitman County",2,10,82,43,39
050,28,119,"Mississippi","Quitman County",2,11,88,51,37
050,28,119,"Mississippi","Quitman County",2,12,83,50,33
050,28,119,"Mississippi","Quitman County",2,13,80,50,30
050,28,119,"Mississippi","Quitman County",2,14,77,42,35
050,28,119,"Mississippi","Quitman County",2,15,83,42,41
050,28,119,"Mississippi","Quitman County",2,16,87,47,40
050,28,119,"Mississippi","Quitman County",2,17,80,44,36
050,28,119,"Mississippi","Quitman County",2,18,79,44,35
050,28,119,"Mississippi","Quitman County",2,19,73,36,37
050,28,119,"Mississippi","Quitman County",2,20,81,41,40
050,28,119,"Mississippi","Quitman County",2,21,76,38,38
050,28,119,"Mississippi","Quitman County",2,22,79,36,43
050,28,119,"Mississippi","Quitman County",2,23,80,32,48
050,28,119,"Mississippi","Quitman County",2,24,84,33,51
050,28,119,"Mississippi","Quitman County",2,25,78,38,40
050,28,119,"Mississippi","Quitman County",2,26,77,40,37
050,28,119,"Mississippi","Quitman County",2,27,83,37,46
050,28,119,"Mississippi","Quitman County",2,28,79,39,40
050,28,119,"Mississippi","Quitman County",2,29,76,37,39
050,28,119,"Mississippi","Quitman County",2,30,79,39,40
050,28,119,"Mississippi","Quitman County",2,31,76,41,35
050,28,119,"Mississippi","Quitman County",2,32,70,38,32
050,28,119,"Mississippi","Quitman County",2,33,68,35,33
050,28,119,"Mississippi","Quitman County",2,34,68,39,29
050,28,119,"Mississippi","Quitman County",2,35,62,35,27
050,28,119,"Mississippi","Quitman County",2,36,49,20,29
050,28,119,"Mississippi","Quitman County",2,37,59,20,39
050,28,119,"Mississippi","Quitman County",2,38,69,30,39
050,28,119,"Mississippi","Quitman County",2,39,71,32,39
050,28,119,"Mississippi","Quitman County",2,40,67,33,34
050,28,119,"Mississippi","Quitman County",2,41,62,28,34
050,28,119,"Mississippi","Quitman County",2,42,71,29,42
050,28,119,"Mississippi","Quitman County",2,43,71,30,41
050,28,119,"Mississippi","Quitman County",2,44,77,32,45
050,28,119,"Mississippi","Quitman County",2,45,84,33,51
050,28,119,"Mississippi","Quitman County",2,46,78,30,48
050,28,119,"Mississippi","Quitman County",2,47,72,26,46
050,28,119,"Mississippi","Quitman County",2,48,71,27,44
050,28,119,"Mississippi","Quitman County",2,49,86,33,53
050,28,119,"Mississippi","Quitman County",2,50,82,37,45
050,28,119,"Mississippi","Quitman County",2,51,83,39,44
050,28,119,"Mississippi","Quitman County",2,52,81,37,44
050,28,119,"Mississippi","Quitman County",2,53,84,38,46
050,28,119,"Mississippi","Quitman County",2,54,84,38,46
050,28,119,"Mississippi","Quitman County",2,55,97,44,53
050,28,119,"Mississippi","Quitman County",2,56,88,43,45
050,28,119,"Mississippi","Quitman County",2,57,89,43,46
050,28,119,"Mississippi","Quitman County",2,58,92,46,46
050,28,119,"Mississippi","Quitman County",2,59,85,41,44
050,28,119,"Mississippi","Quitman County",2,60,99,50,49
050,28,119,"Mississippi","Quitman County",2,61,77,40,37
050,28,119,"Mississippi","Quitman County",2,62,79,42,37
050,28,119,"Mississippi","Quitman County",2,63,80,36,44
050,28,119,"Mississippi","Quitman County",2,64,83,37,46
050,28,119,"Mississippi","Quitman County",2,65,93,42,51
050,28,119,"Mississippi","Quitman County",2,66,91,42,49
050,28,119,"Mississippi","Quitman County",2,67,82,35,47
050,28,119,"Mississippi","Quitman County",2,68,69,29,40
050,28,119,"Mississippi","Quitman County",2,69,64,25,39
050,28,119,"Mississippi","Quitman County",2,70,58,21,37
050,28,119,"Mississippi","Quitman County",2,71,53,27,26
050,28,119,"Mississippi","Quitman County",2,72,56,26,30
050,28,119,"Mississippi","Quitman County",2,73,59,28,31
050,28,119,"Mississippi","Quitman County",2,74,48,23,25
050,28,119,"Mississippi","Quitman County",2,75,51,23,28
050,28,119,"Mississippi","Quitman County",2,76,46,18,28
050,28,119,"Mississippi","Quitman County",2,77,46,17,29
050,28,119,"Mississippi","Quitman County",2,78,37,17,20
050,28,119,"Mississippi","Quitman County",2,79,33,13,20
050,28,119,"Mississippi","Quitman County",2,80,30,11,19
050,28,119,"Mississippi","Quitman County",2,81,27,10,17
050,28,119,"Mississippi","Quitman County",2,82,29,10,19
050,28,119,"Mississippi","Quitman County",2,83,22,7,15
050,28,119,"Mississippi","Quitman County",2,84,19,8,11
050,28,119,"Mississippi","Quitman County",2,85,106,39,67
050,28,119,"Mississippi","Quitman County",3,0,81,44,37
050,28,119,"Mississippi","Quitman County",3,1,56,30,26
050,28,119,"Mississippi","Quitman County",3,2,68,41,27
050,28,119,"Mississippi","Quitman County",3,3,76,41,35
050,28,119,"Mississippi","Quitman County",3,4,72,36,36
050,28,119,"Mississippi","Quitman County",3,5,79,43,36
050,28,119,"Mississippi","Quitman County",3,6,74,29,45
050,28,119,"Mississippi","Quitman County",3,7,68,33,35
050,28,119,"Mississippi","Quitman County",3,8,78,37,41
050,28,119,"Mississippi","Quitman County",3,9,71,35,36
050,28,119,"Mississippi","Quitman County",3,10,77,40,37
050,28,119,"Mississippi","Quitman County",3,11,70,38,32
050,28,119,"Mississippi","Quitman County",3,12,84,48,36
050,28,119,"Mississippi","Quitman County",3,13,92,54,38
050,28,119,"Mississippi","Quitman County",3,14,79,46,33
050,28,119,"Mississippi","Quitman County",3,15,73,42,31
050,28,119,"Mississippi","Quitman County",3,16,77,38,39
050,28,119,"Mississippi","Quitman County",3,17,82,43,39
050,28,119,"Mississippi","Quitman County",3,18,79,45,34
050,28,119,"Mississippi","Quitman County",3,19,66,39,27
050,28,119,"Mississippi","Quitman County",3,20,76,38,38
050,28,119,"Mississippi","Quitman County",3,21,76,34,42
050,28,119,"Mississippi","Quitman County",3,22,67,32,35
050,28,119,"Mississippi","Quitman County",3,23,72,34,38
050,28,119,"Mississippi","Quitman County",3,24,80,34,46
050,28,119,"Mississippi","Quitman County",3,25,82,34,48
050,28,119,"Mississippi","Quitman County",3,26,74,31,43
050,28,119,"Mississippi","Quitman County",3,27,75,40,35
050,28,119,"Mississippi","Quitman County",3,28,79,34,45
050,28,119,"Mississippi","Quitman County",3,29,74,36,38
050,28,119,"Mississippi","Quitman County",3,30,74,38,36
050,28,119,"Mississippi","Quitman County",3,31,74,39,35
050,28,119,"Mississippi","Quitman County",3,32,74,41,33
050,28,119,"Mississippi","Quitman County",3,33,71,40,31
050,28,119,"Mississippi","Quitman County",3,34,66,33,33
050,28,119,"Mississippi","Quitman County",3,35,64,36,28
050,28,119,"Mississippi","Quitman County",3,36,61,35,26
050,28,119,"Mississippi","Quitman County",3,37,46,19,27
050,28,119,"Mississippi","Quitman County",3,38,62,23,39
050,28,119,"Mississippi","Quitman County",3,39,67,30,37
050,28,119,"Mississippi","Quitman County",3,40,64,33,31
050,28,119,"Mississippi","Quitman County",3,41,68,35,33
050,28,119,"Mississippi","Quitman County",3,42,61,28,33
050,28,119,"Mississippi","Quitman County",3,43,61,20,41
050,28,119,"Mississippi","Quitman County",3,44,70,30,40
050,28,119,"Mississippi","Quitman County",3,45,67,30,37
050,28,119,"Mississippi","Quitman County",3,46,78,31,47
050,28,119,"Mississippi","Quitman County",3,47,77,29,48
050,28,119,"Mississippi","Quitman County",3,48,64,24,40
050,28,119,"Mississippi","Quitman County",3,49,68,30,38
050,28,119,"Mississippi","Quitman County",3,50,81,31,50
050,28,119,"Mississippi","Quitman County",3,51,80,34,46
050,28,119,"Mississippi","Quitman County",3,52,88,41,47
050,28,119,"Mississippi","Quitman County",3,53,74,33,41
050,28,119,"Mississippi","Quitman County",3,54,79,39,40
050,28,119,"Mississippi","Quitman County",3,55,81,38,43
050,28,119,"Mississippi","Quitman County",3,56,91,37,54
050,28,119,"Mississippi","Quitman County",3,57,71,29,42
050,28,119,"Mississippi","Quitman County",3,58,94,48,46
050,28,119,"Mississippi","Quitman County",3,59,93,49,44
050,28,119,"Mississippi","Quitman County",3,60,84,41,43
050,28,119,"Mississippi","Quitman County",3,61,89,45,44
050,28,119,"Mississippi","Quitman County",3,62,75,37,38
050,28,119,"Mississippi","Quitman County",3,63,71,38,33
050,28,119,"Mississippi","Quitman County",3,64,76,34,42
050,28,119,"Mississippi","Quitman County",3,65,78,31,47
050,28,119,"Mississippi","Quitman County",3,66,87,40,47
050,28,119,"Mississippi","Quitman County",3,67,89,42,47
050,28,119,"Mississippi","Quitman County",3,68,78,32,46
050,28,119,"Mississippi","Quitman County",3,69,63,27,36
050,28,119,"Mississippi","Quitman County",3,70,58,22,36
050,28,119,"Mississippi","Quitman County",3,71,51,17,34
050,28,119,"Mississippi","Quitman County",3,72,46,23,23
050,28,119,"Mississippi","Quitman County",3,73,54,25,29
050,28,119,"Mississippi","Quitman County",3,74,57,27,30
050,28,119,"Mississippi","Quitman County",3,75,41,20,21
050,28,119,"Mississippi","Quitman County",3,76,48,22,26
050,28,119,"Mississippi","Quitman County",3,77,43,16,27
050,28,119,"Mississippi","Quitman County",3,78,37,13,24
050,28,119,"Mississippi","Quitman County",3,79,30,12,18
050,28,119,"Mississippi","Quitman County",3,80,28,12,16
050,28,119,"Mississippi","Quitman County",3,81,24,7,17
050,28,119,"Mississippi","Quitman County",3,82,23,7,16
050,28,119,"Mississippi","Quitman County",3,83,25,9,16
050,28,119,"Mississippi","Quitman County",3,84,17,4,13
050,28,119,"Mississippi","Quitman County",3,85,102,38,64
050,28,119,"Mississippi","Quitman County",4,0,58,29,29
050,28,119,"Mississippi","Quitman County",4,1,86,46,40
050,28,119,"Mississippi","Quitman County",4,2,58,29,29
050,28,119,"Mississippi","Quitman County",4,3,72,43,29
050,28,119,"Mississippi","Quitman County",4,4,71,36,35
050,28,119,"Mississippi","Quitman County",4,5,65,33,32
050,28,119,"Mississippi","Quitman County",4,6,73,40,33
050,28,119,"Mississippi","Quitman County",4,7,74,31,43
050,28,119,"Mississippi","Quitman County",4,8,71,36,35
050,28,119,"Mississippi","Quitman County",4,9,73,34,39
050,28,119,"Mississippi","Quitman County",4,10,64,30,34
050,28,119,"Mississippi","Quitman County",4,11,72,34,38
050,28,119,"Mississippi","Quitman County",4,12,70,36,34
050,28,119,"Mississippi","Quitman County",4,13,84,48,36
050,28,119,"Mississippi","Quitman County",4,14,80,49,31
050,28,119,"Mississippi","Quitman County",4,15,76,43,33
050,28,119,"Mississippi","Quitman County",4,16,71,38,33
050,28,119,"Mississippi","Quitman County",4,17,78,39,39
050,28,119,"Mississippi","Quitman County",4,18,68,37,31
050,28,119,"Mississippi","Quitman County",4,19,58,36,22
050,28,119,"Mississippi","Quitman County",4,20,69,40,29
050,28,119,"Mississippi","Quitman County",4,21,71,34,37
050,28,119,"Mississippi","Quitman County",4,22,76,35,41
050,28,119,"Mississippi","Quitman County",4,23,58,28,30
050,28,119,"Mississippi","Quitman County",4,24,73,37,36
050,28,119,"Mississippi","Quitman County",4,25,74,27,47
050,28,119,"Mississippi","Quitman County",4,26,81,35,46
050,28,119,"Mississippi","Quitman County",4,27,72,31,41
050,28,119,"Mississippi","Quitman County",4,28,75,38,37
050,28,119,"Mississippi","Quitman County",4,29,79,35,44
050,28,119,"Mississippi","Quitman County",4,30,74,36,38
050,28,119,"Mississippi","Quitman County",4,31,69,37,32
050,28,119,"Mississippi","Quitman County",4,32,80,40,40
050,28,119,"Mississippi","Quitman County",4,33,73,40,33
050,28,119,"Mississippi","Quitman County",4,34,67,38,29
050,28,119,"Mississippi","Quitman County",4,35,66,33,33
050,28,119,"Mississippi","Quitman County",4,36,62,33,29
050,28,119,"Mississippi","Quitman County",4,37,62,33,29
050,28,119,"Mississippi","Quitman County",4,38,49,19,30
050,28,119,"Mississippi","Quitman County",4,39,61,25,36
050,28,119,"Mississippi","Quitman County",4,40,61,27,34
050,28,119,"Mississippi","Quitman County",4,41,59,28,31
050,28,119,"Mississippi","Quitman County",4,42,64,34,30
050,28,119,"Mississippi","Quitman County",4,43,59,25,34
050,28,119,"Mississippi","Quitman County",4,44,61,20,41
050,28,119,"Mississippi","Quitman County",4,45,68,30,38
050,28,119,"Mississippi","Quitman County",4,46,66,29,37
050,28,119,"Mississippi","Quitman County",4,47,79,32,47
050,28,119,"Mississippi","Quitman County",4,48,70,28,42
050,28,119,"Mississippi","Quitman County",4,49,63,25,38
050,28,119,"Mississippi","Quitman County",4,50,65,28,37
050,28,119,"Mississippi","Quitman County",4,51,76,30,46
050,28,119,"Mississippi","Quitman County",4,52,78,37,41
050,28,119,"Mississippi","Quitman County",4,53,82,35,47
050,28,119,"Mississippi","Quitman County",4,54,72,33,39
050,28,119,"Mississippi","Quitman County",4,55,75,34,41
050,28,119,"Mississippi","Quitman County",4,56,74,37,37
050,28,119,"Mississippi","Quitman County",4,57,78,29,49
050,28,119,"Mississippi","Quitman County",4,58,72,32,40
050,28,119,"Mississippi","Quitman County",4,59,86,43,43
050,28,119,"Mississippi","Quitman County",4,60,91,48,43
050,28,119,"Mississippi","Quitman County",4,61,76,36,40
050,28,119,"Mississippi","Quitman County",4,62,91,43,48
050,28,119,"Mississippi","Quitman County",4,63,62,35,27
050,28,119,"Mississippi","Quitman County",4,64,71,38,33
050,28,119,"Mississippi","Quitman County",4,65,71,31,40
050,28,119,"Mississippi","Quitman County",4,66,78,32,46
050,28,119,"Mississippi","Quitman County",4,67,84,37,47
050,28,119,"Mississippi","Quitman County",4,68,88,41,47
050,28,119,"Mississippi","Quitman County",4,69,78,32,46
050,28,119,"Mississippi","Quitman County",4,70,58,24,34
050,28,119,"Mississippi","Quitman County",4,71,53,21,32
050,28,119,"Mississippi","Quitman County",4,72,48,15,33
050,28,119,"Mississippi","Quitman County",4,73,45,22,23
050,28,119,"Mississippi","Quitman County",4,74,52,24,28
050,28,119,"Mississippi","Quitman County",4,75,52,23,29
050,28,119,"Mississippi","Quitman County",4,76,38,19,19
050,28,119,"Mississippi","Quitman County",4,77,46,20,26
050,28,119,"Mississippi","Quitman County",4,78,42,15,27
050,28,119,"Mississippi","Quitman County",4,79,27,7,20
050,28,119,"Mississippi","Quitman County",4,80,21,10,11
050,28,119,"Mississippi","Quitman County",4,81,24,8,16
050,28,119,"Mississippi","Quitman County",4,82,22,3,19
050,28,119,"Mississippi","Quitman County",4,83,19,6,13
050,28,119,"Mississippi","Quitman County",4,84,23,7,16
050,28,119,"Mississippi","Quitman County",4,85,93,33,60
050,28,119,"Mississippi","Quitman County",5,0,56,28,28
050,28,119,"Mississippi","Quitman County",5,1,67,38,29
050,28,119,"Mississippi","Quitman County",5,2,82,48,34
050,28,119,"Mississippi","Quitman County",5,3,58,27,31
050,28,119,"Mississippi","Quitman County",5,4,73,44,29
050,28,119,"Mississippi","Quitman County",5,5,71,37,34
050,28,119,"Mississippi","Quitman County",5,6,70,37,33
050,28,119,"Mississippi","Quitman County",5,7,73,40,33
050,28,119,"Mississippi","Quitman County",5,8,75,33,42
050,28,119,"Mississippi","Quitman County",5,9,67,34,33
050,28,119,"Mississippi","Quitman County",5,10,78,35,43
050,28,119,"Mississippi","Quitman County",5,11,67,32,35
050,28,119,"Mississippi","Quitman County",5,12,73,35,38
050,28,119,"Mississippi","Quitman County",5,13,71,38,33
050,28,119,"Mississippi","Quitman County",5,14,82,46,36
050,28,119,"Mississippi","Quitman County",5,15,85,50,35
050,28,119,"Mississippi","Quitman County",5,16,75,44,31
050,28,119,"Mississippi","Quitman County",5,17,61,34,27
050,28,119,"Mississippi","Quitman County",5,18,65,35,30
050,28,119,"Mississippi","Quitman County",5,19,60,36,24
050,28,119,"Mississippi","Quitman County",5,20,62,35,27
050,28,119,"Mississippi","Quitman County",5,21,64,40,24
050,28,119,"Mississippi","Quitman County",5,22,71,33,38
050,28,119,"Mississippi","Quitman County",5,23,72,35,37
050,28,119,"Mississippi","Quitman County",5,24,76,36,40
050,28,119,"Mississippi","Quitman County",5,25,66,32,34
050,28,119,"Mississippi","Quitman County",5,26,74,29,45
050,28,119,"Mississippi","Quitman County",5,27,78,34,44
050,28,119,"Mississippi","Quitman County",5,28,70,30,40
050,28,119,"Mississippi","Quitman County",5,29,76,41,35
050,28,119,"Mississippi","Quitman County",5,30,82,39,43
050,28,119,"Mississippi","Quitman County",5,31,65,31,34
050,28,119,"Mississippi","Quitman County",5,32,72,38,34
050,28,119,"Mississippi","Quitman County",5,33,77,40,37
050,28,119,"Mississippi","Quitman County",5,34,71,40,31
050,28,119,"Mississippi","Quitman County",5,35,71,38,33
050,28,119,"Mississippi","Quitman County",5,36,60,29,31
050,28,119,"Mississippi","Quitman County",5,37,59,30,29
050,28,119,"Mississippi","Quitman County",5,38,59,29,30
050,28,119,"Mississippi","Quitman County",5,39,50,22,28
050,28,119,"Mississippi","Quitman County",5,40,61,23,38
050,28,119,"Mississippi","Quitman County",5,41,65,30,35
050,28,119,"Mississippi","Quitman County",5,42,60,29,31
050,28,119,"Mississippi","Quitman County",5,43,63,34,29
050,28,119,"Mississippi","Quitman County",5,44,59,29,30
050,28,119,"Mississippi","Quitman County",5,45,63,22,41
050,28,119,"Mississippi","Quitman County",5,46,69,30,39
050,28,119,"Mississippi","Quitman County",5,47,62,26,36
050,28,119,"Mississippi","Quitman County",5,48,70,30,40
050,28,119,"Mississippi","Quitman County",5,49,69,28,41
050,28,119,"Mississippi","Quitman County",5,50,64,23,41
050,28,119,"Mississippi","Quitman County",5,51,63,27,36
050,28,119,"Mississippi","Quitman County",5,52,72,28,44
050,28,119,"Mississippi","Quitman County",5,53,71,32,39
050,28,119,"Mississippi","Quitman County",5,54,80,35,45
050,28,119,"Mississippi","Quitman County",5,55,70,33,37
050,28,119,"Mississippi","Quitman County",5,56,71,33,38
050,28,119,"Mississippi","Quitman County",5,57,67,30,37
050,28,119,"Mississippi","Quitman County",5,58,77,31,46
050,28,119,"Mississippi","Quitman County",5,59,62,27,35
050,28,119,"Mississippi","Quitman County",5,60,83,41,42
050,28,119,"Mississippi","Quitman County",5,61,90,46,44
050,28,119,"Mississippi","Quitman County",5,62,78,34,44
050,28,119,"Mississippi","Quitman County",5,63,84,41,43
050,28,119,"Mississippi","Quitman County",5,64,60,33,27
050,28,119,"Mississippi","Quitman County",5,65,65,33,32
050,28,119,"Mississippi","Quitman County",5,66,67,32,35
050,28,119,"Mississippi","Quitman County",5,67,72,29,43
050,28,119,"Mississippi","Quitman County",5,68,82,36,46
050,28,119,"Mississippi","Quitman County",5,69,88,44,44
050,28,119,"Mississippi","Quitman County",5,70,74,31,43
050,28,119,"Mississippi","Quitman County",5,71,48,21,27
050,28,119,"Mississippi","Quitman County",5,72,49,19,30
050,28,119,"Mississippi","Quitman County",5,73,46,14,32
050,28,119,"Mississippi","Quitman County",5,74,44,23,21
050,28,119,"Mississippi","Quitman County",5,75,49,19,30
050,28,119,"Mississippi","Quitman County",5,76,47,21,26
050,28,119,"Mississippi","Quitman County",5,77,37,17,20
050,28,119,"Mississippi","Quitman County",5,78,45,20,25
050,28,119,"Mississippi","Quitman County",5,79,33,8,25
050,28,119,"Mississippi","Quitman County",5,80,21,6,15
050,28,119,"Mississippi","Quitman County",5,81,15,5,10
050,28,119,"Mississippi","Quitman County",5,82,22,4,18
050,28,119,"Mississippi","Quitman County",5,83,21,4,17
050,28,119,"Mississippi","Quitman County",5,84,17,4,13
050,28,119,"Mississippi","Quitman County",5,85,87,28,59
050,28,121,"Mississippi","Rankin County",1,0,1701,868,833
050,28,121,"Mississippi","Rankin County",1,1,1695,866,829
050,28,121,"Mississippi","Rankin County",1,2,1732,884,848
050,28,121,"Mississippi","Rankin County",1,3,1815,907,908
050,28,121,"Mississippi","Rankin County",1,4,1794,890,904
050,28,121,"Mississippi","Rankin County",1,5,1870,926,944
050,28,121,"Mississippi","Rankin County",1,6,1922,987,935
050,28,121,"Mississippi","Rankin County",1,7,1924,1006,918
050,28,121,"Mississippi","Rankin County",1,8,1997,1027,970
050,28,121,"Mississippi","Rankin County",1,9,2015,1022,993
050,28,121,"Mississippi","Rankin County",1,10,2004,1023,981
050,28,121,"Mississippi","Rankin County",1,11,2137,1104,1033
050,28,121,"Mississippi","Rankin County",1,12,2280,1173,1107
050,28,121,"Mississippi","Rankin County",1,13,2290,1189,1101
050,28,121,"Mississippi","Rankin County",1,14,2205,1143,1062
050,28,121,"Mississippi","Rankin County",1,15,2221,1150,1071
050,28,121,"Mississippi","Rankin County",1,16,2217,1123,1094
050,28,121,"Mississippi","Rankin County",1,17,2200,1109,1091
050,28,121,"Mississippi","Rankin County",1,18,1799,949,850
050,28,121,"Mississippi","Rankin County",1,19,1473,780,693
050,28,121,"Mississippi","Rankin County",1,20,1654,839,815
050,28,121,"Mississippi","Rankin County",1,21,1687,817,870
050,28,121,"Mississippi","Rankin County",1,22,1789,904,885
050,28,121,"Mississippi","Rankin County",1,23,1852,911,941
050,28,121,"Mississippi","Rankin County",1,24,1924,926,998
050,28,121,"Mississippi","Rankin County",1,25,1938,946,992
050,28,121,"Mississippi","Rankin County",1,26,1975,938,1037
050,28,121,"Mississippi","Rankin County",1,27,2054,1003,1051
050,28,121,"Mississippi","Rankin County",1,28,2108,1042,1066
050,28,121,"Mississippi","Rankin County",1,29,2168,1069,1099
050,28,121,"Mississippi","Rankin County",1,30,2307,1123,1184
050,28,121,"Mississippi","Rankin County",1,31,2190,1036,1154
050,28,121,"Mississippi","Rankin County",1,32,2197,1041,1156
050,28,121,"Mississippi","Rankin County",1,33,2167,1006,1161
050,28,121,"Mississippi","Rankin County",1,34,2141,1024,1117
050,28,121,"Mississippi","Rankin County",1,35,2254,1047,1207
050,28,121,"Mississippi","Rankin County",1,36,2362,1152,1210
050,28,121,"Mississippi","Rankin County",1,37,2321,1133,1188
050,28,121,"Mississippi","Rankin County",1,38,2308,1136,1172
050,28,121,"Mississippi","Rankin County",1,39,2309,1151,1158
050,28,121,"Mississippi","Rankin County",1,40,2192,1070,1122
050,28,121,"Mississippi","Rankin County",1,41,2261,1071,1190
050,28,121,"Mississippi","Rankin County",1,42,2311,1153,1158
050,28,121,"Mississippi","Rankin County",1,43,2184,1110,1074
050,28,121,"Mississippi","Rankin County",1,44,2156,1039,1117
050,28,121,"Mississippi","Rankin County",1,45,2076,1014,1062
050,28,121,"Mississippi","Rankin County",1,46,2050,994,1056
050,28,121,"Mississippi","Rankin County",1,47,2105,1033,1072
050,28,121,"Mississippi","Rankin County",1,48,2145,1063,1082
050,28,121,"Mississippi","Rankin County",1,49,2320,1137,1183
050,28,121,"Mississippi","Rankin County",1,50,2122,1040,1082
050,28,121,"Mississippi","Rankin County",1,51,2085,1019,1066
050,28,121,"Mississippi","Rankin County",1,52,1971,993,978
050,28,121,"Mississippi","Rankin County",1,53,1887,955,932
050,28,121,"Mississippi","Rankin County",1,54,1833,900,933
050,28,121,"Mississippi","Rankin County",1,55,2011,976,1035
050,28,121,"Mississippi","Rankin County",1,56,1968,963,1005
050,28,121,"Mississippi","Rankin County",1,57,1993,1014,979
050,28,121,"Mississippi","Rankin County",1,58,2076,1003,1073
050,28,121,"Mississippi","Rankin County",1,59,2002,964,1038
050,28,121,"Mississippi","Rankin County",1,60,1909,902,1007
050,28,121,"Mississippi","Rankin County",1,61,1905,889,1016
050,28,121,"Mississippi","Rankin County",1,62,1929,933,996
050,28,121,"Mississippi","Rankin County",1,63,1846,863,983
050,28,121,"Mississippi","Rankin County",1,64,1774,850,924
050,28,121,"Mississippi","Rankin County",1,65,1761,808,953
050,28,121,"Mississippi","Rankin County",1,66,1688,796,892
050,28,121,"Mississippi","Rankin County",1,67,1631,728,903
050,28,121,"Mississippi","Rankin County",1,68,1599,730,869
050,28,121,"Mississippi","Rankin County",1,69,1458,663,795
050,28,121,"Mississippi","Rankin County",1,70,1424,624,800
050,28,121,"Mississippi","Rankin County",1,71,1410,630,780
050,28,121,"Mississippi","Rankin County",1,72,1505,674,831
050,28,121,"Mississippi","Rankin County",1,73,1464,663,801
050,28,121,"Mississippi","Rankin County",1,74,999,445,554
050,28,121,"Mississippi","Rankin County",1,75,995,420,575
050,28,121,"Mississippi","Rankin County",1,76,967,423,544
050,28,121,"Mississippi","Rankin County",1,77,977,427,550
050,28,121,"Mississippi","Rankin County",1,78,804,360,444
050,28,121,"Mississippi","Rankin County",1,79,667,287,380
050,28,121,"Mississippi","Rankin County",1,80,645,267,378
050,28,121,"Mississippi","Rankin County",1,81,677,288,389
050,28,121,"Mississippi","Rankin County",1,82,578,237,341
050,28,121,"Mississippi","Rankin County",1,83,527,218,309
050,28,121,"Mississippi","Rankin County",1,84,462,165,297
050,28,121,"Mississippi","Rankin County",1,85,2680,853,1827
050,28,121,"Mississippi","Rankin County",2,0,1671,845,826
050,28,121,"Mississippi","Rankin County",2,1,1691,861,830
050,28,121,"Mississippi","Rankin County",2,2,1726,886,840
050,28,121,"Mississippi","Rankin County",2,3,1784,895,889
050,28,121,"Mississippi","Rankin County",2,4,1797,893,904
050,28,121,"Mississippi","Rankin County",2,5,1852,922,930
050,28,121,"Mississippi","Rankin County",2,6,1903,971,932
050,28,121,"Mississippi","Rankin County",2,7,1919,1001,918
050,28,121,"Mississippi","Rankin County",2,8,1973,1021,952
050,28,121,"Mississippi","Rankin County",2,9,2011,1024,987
050,28,121,"Mississippi","Rankin County",2,10,2003,1021,982
050,28,121,"Mississippi","Rankin County",2,11,2101,1086,1015
050,28,121,"Mississippi","Rankin County",2,12,2258,1163,1095
050,28,121,"Mississippi","Rankin County",2,13,2287,1184,1103
050,28,121,"Mississippi","Rankin County",2,14,2230,1152,1078
050,28,121,"Mississippi","Rankin County",2,15,2223,1153,1070
050,28,121,"Mississippi","Rankin County",2,16,2232,1140,1092
050,28,121,"Mississippi","Rankin County",2,17,2211,1115,1096
050,28,121,"Mississippi","Rankin County",2,18,1813,954,859
050,28,121,"Mississippi","Rankin County",2,19,1485,783,702
050,28,121,"Mississippi","Rankin County",2,20,1658,842,816
050,28,121,"Mississippi","Rankin County",2,21,1696,825,871
050,28,121,"Mississippi","Rankin County",2,22,1801,901,900
050,28,121,"Mississippi","Rankin County",2,23,1868,923,945
050,28,121,"Mississippi","Rankin County",2,24,1914,924,990
050,28,121,"Mississippi","Rankin County",2,25,1938,944,994
050,28,121,"Mississippi","Rankin County",2,26,1995,956,1039
050,28,121,"Mississippi","Rankin County",2,27,2028,987,1041
050,28,121,"Mississippi","Rankin County",2,28,2100,1039,1061
050,28,121,"Mississippi","Rankin County",2,29,2154,1065,1089
050,28,121,"Mississippi","Rankin County",2,30,2298,1119,1179
050,28,121,"Mississippi","Rankin County",2,31,2212,1062,1150
050,28,121,"Mississippi","Rankin County",2,32,2194,1034,1160
050,28,121,"Mississippi","Rankin County",2,33,2168,1014,1154
050,28,121,"Mississippi","Rankin County",2,34,2146,1017,1129
050,28,121,"Mississippi","Rankin County",2,35,2243,1054,1189
050,28,121,"Mississippi","Rankin County",2,36,2326,1127,1199
050,28,121,"Mississippi","Rankin County",2,37,2328,1130,1198
050,28,121,"Mississippi","Rankin County",2,38,2319,1141,1178
050,28,121,"Mississippi","Rankin County",2,39,2295,1140,1155
050,28,121,"Mississippi","Rankin County",2,40,2238,1098,1140
050,28,121,"Mississippi","Rankin County",2,41,2234,1061,1173
050,28,121,"Mississippi","Rankin County",2,42,2294,1132,1162
050,28,121,"Mississippi","Rankin County",2,43,2230,1124,1106
050,28,121,"Mississippi","Rankin County",2,44,2139,1043,1096
050,28,121,"Mississippi","Rankin County",2,45,2102,1022,1080
050,28,121,"Mississippi","Rankin County",2,46,2055,1002,1053
050,28,121,"Mississippi","Rankin County",2,47,2088,1020,1068
050,28,121,"Mississippi","Rankin County",2,48,2129,1055,1074
050,28,121,"Mississippi","Rankin County",2,49,2296,1129,1167
050,28,121,"Mississippi","Rankin County",2,50,2167,1058,1109
050,28,121,"Mississippi","Rankin County",2,51,2089,1022,1067
050,28,121,"Mississippi","Rankin County",2,52,1995,998,997
050,28,121,"Mississippi","Rankin County",2,53,1906,963,943
050,28,121,"Mississippi","Rankin County",2,54,1840,911,929
050,28,121,"Mississippi","Rankin County",2,55,1962,953,1009
050,28,121,"Mississippi","Rankin County",2,56,1977,964,1013
050,28,121,"Mississippi","Rankin County",2,57,1988,1003,985
050,28,121,"Mississippi","Rankin County",2,58,2051,996,1055
050,28,121,"Mississippi","Rankin County",2,59,2025,978,1047
050,28,121,"Mississippi","Rankin County",2,60,1922,910,1012
050,28,121,"Mississippi","Rankin County",2,61,1898,890,1008
050,28,121,"Mississippi","Rankin County",2,62,1923,921,1002
050,28,121,"Mississippi","Rankin County",2,63,1881,887,994
050,28,121,"Mississippi","Rankin County",2,64,1775,844,931
050,28,121,"Mississippi","Rankin County",2,65,1767,823,944
050,28,121,"Mississippi","Rankin County",2,66,1708,797,911
050,28,121,"Mississippi","Rankin County",2,67,1638,741,897
050,28,121,"Mississippi","Rankin County",2,68,1587,719,868
050,28,121,"Mississippi","Rankin County",2,69,1496,680,816
050,28,121,"Mississippi","Rankin County",2,70,1418,626,792
050,28,121,"Mississippi","Rankin County",2,71,1410,626,784
050,28,121,"Mississippi","Rankin County",2,72,1451,648,803
050,28,121,"Mississippi","Rankin County",2,73,1534,690,844
050,28,121,"Mississippi","Rankin County",2,74,1047,471,576
050,28,121,"Mississippi","Rankin County",2,75,989,419,570
050,28,121,"Mississippi","Rankin County",2,76,958,415,543
050,28,121,"Mississippi","Rankin County",2,77,994,430,564
050,28,121,"Mississippi","Rankin County",2,78,825,364,461
050,28,121,"Mississippi","Rankin County",2,79,687,299,388
050,28,121,"Mississippi","Rankin County",2,80,639,268,371
050,28,121,"Mississippi","Rankin County",2,81,668,282,386
050,28,121,"Mississippi","Rankin County",2,82,597,249,348
050,28,121,"Mississippi","Rankin County",2,83,530,218,312
050,28,121,"Mississippi","Rankin County",2,84,462,174,288
050,28,121,"Mississippi","Rankin County",2,85,2702,856,1846
050,28,121,"Mississippi","Rankin County",3,0,1667,806,861
050,28,121,"Mississippi","Rankin County",3,1,1692,866,826
050,28,121,"Mississippi","Rankin County",3,2,1677,854,823
050,28,121,"Mississippi","Rankin County",3,3,1726,896,830
050,28,121,"Mississippi","Rankin County",3,4,1776,887,889
050,28,121,"Mississippi","Rankin County",3,5,1838,918,920
050,28,121,"Mississippi","Rankin County",3,6,1896,940,956
050,28,121,"Mississippi","Rankin County",3,7,1925,982,943
050,28,121,"Mississippi","Rankin County",3,8,1945,1002,943
050,28,121,"Mississippi","Rankin County",3,9,2007,1048,959
050,28,121,"Mississippi","Rankin County",3,10,2010,1014,996
050,28,121,"Mississippi","Rankin County",3,11,2041,1045,996
050,28,121,"Mississippi","Rankin County",3,12,2110,1096,1014
050,28,121,"Mississippi","Rankin County",3,13,2311,1191,1120
050,28,121,"Mississippi","Rankin County",3,14,2331,1208,1123
050,28,121,"Mississippi","Rankin County",3,15,2249,1167,1082
050,28,121,"Mississippi","Rankin County",3,16,2264,1195,1069
050,28,121,"Mississippi","Rankin County",3,17,2257,1149,1108
050,28,121,"Mississippi","Rankin County",3,18,1870,990,880
050,28,121,"Mississippi","Rankin County",3,19,1485,800,685
050,28,121,"Mississippi","Rankin County",3,20,1644,847,797
050,28,121,"Mississippi","Rankin County",3,21,1729,861,868
050,28,121,"Mississippi","Rankin County",3,22,1854,896,958
050,28,121,"Mississippi","Rankin County",3,23,1951,977,974
050,28,121,"Mississippi","Rankin County",3,24,1930,958,972
050,28,121,"Mississippi","Rankin County",3,25,2019,990,1029
050,28,121,"Mississippi","Rankin County",3,26,1984,964,1020
050,28,121,"Mississippi","Rankin County",3,27,2013,942,1071
050,28,121,"Mississippi","Rankin County",3,28,2089,1015,1074
050,28,121,"Mississippi","Rankin County",3,29,2091,1017,1074
050,28,121,"Mississippi","Rankin County",3,30,2228,1097,1131
050,28,121,"Mississippi","Rankin County",3,31,2352,1153,1199
050,28,121,"Mississippi","Rankin County",3,32,2225,1058,1167
050,28,121,"Mississippi","Rankin County",3,33,2213,1029,1184
050,28,121,"Mississippi","Rankin County",3,34,2129,993,1136
050,28,121,"Mississippi","Rankin County",3,35,2164,1011,1153
050,28,121,"Mississippi","Rankin County",3,36,2311,1101,1210
050,28,121,"Mississippi","Rankin County",3,37,2307,1099,1208
050,28,121,"Mississippi","Rankin County",3,38,2318,1146,1172
050,28,121,"Mississippi","Rankin County",3,39,2339,1151,1188
050,28,121,"Mississippi","Rankin County",3,40,2314,1152,1162
050,28,121,"Mississippi","Rankin County",3,41,2249,1095,1154
050,28,121,"Mississippi","Rankin County",3,42,2265,1073,1192
050,28,121,"Mississippi","Rankin County",3,43,2295,1120,1175
050,28,121,"Mississippi","Rankin County",3,44,2166,1074,1092
050,28,121,"Mississippi","Rankin County",3,45,2129,1042,1087
050,28,121,"Mississippi","Rankin County",3,46,2113,1039,1074
050,28,121,"Mississippi","Rankin County",3,47,2049,995,1054
050,28,121,"Mississippi","Rankin County",3,48,2053,1007,1046
050,28,121,"Mississippi","Rankin County",3,49,2158,1073,1085
050,28,121,"Mississippi","Rankin County",3,50,2250,1105,1145
050,28,121,"Mississippi","Rankin County",3,51,2148,1049,1099
050,28,121,"Mississippi","Rankin County",3,52,2100,1023,1077
050,28,121,"Mississippi","Rankin County",3,53,1986,985,1001
050,28,121,"Mississippi","Rankin County",3,54,1926,964,962
050,28,121,"Mississippi","Rankin County",3,55,1848,909,939
050,28,121,"Mississippi","Rankin County",3,56,1966,957,1009
050,28,121,"Mississippi","Rankin County",3,57,1952,959,993
050,28,121,"Mississippi","Rankin County",3,58,1983,979,1004
050,28,121,"Mississippi","Rankin County",3,59,2038,996,1042
050,28,121,"Mississippi","Rankin County",3,60,2015,968,1047
050,28,121,"Mississippi","Rankin County",3,61,1892,900,992
050,28,121,"Mississippi","Rankin County",3,62,1888,882,1006
050,28,121,"Mississippi","Rankin County",3,63,1877,885,992
050,28,121,"Mississippi","Rankin County",3,64,1842,860,982
050,28,121,"Mississippi","Rankin County",3,65,1749,824,925
050,28,121,"Mississippi","Rankin County",3,66,1721,795,926
050,28,121,"Mississippi","Rankin County",3,67,1684,778,906
050,28,121,"Mississippi","Rankin County",3,68,1592,722,870
050,28,121,"Mississippi","Rankin County",3,69,1538,691,847
050,28,121,"Mississippi","Rankin County",3,70,1470,665,805
050,28,121,"Mississippi","Rankin County",3,71,1358,595,763
050,28,121,"Mississippi","Rankin County",3,72,1354,599,755
050,28,121,"Mississippi","Rankin County",3,73,1392,623,769
050,28,121,"Mississippi","Rankin County",3,74,1498,665,833
050,28,121,"Mississippi","Rankin County",3,75,1013,437,576
050,28,121,"Mississippi","Rankin County",3,76,964,414,550
050,28,121,"Mississippi","Rankin County",3,77,941,395,546
050,28,121,"Mississippi","Rankin County",3,78,953,411,542
050,28,121,"Mississippi","Rankin County",3,79,776,343,433
050,28,121,"Mississippi","Rankin County",3,80,634,273,361
050,28,121,"Mississippi","Rankin County",3,81,631,256,375
050,28,121,"Mississippi","Rankin County",3,82,616,254,362
050,28,121,"Mississippi","Rankin County",3,83,562,228,334
050,28,121,"Mississippi","Rankin County",3,84,459,181,278
050,28,121,"Mississippi","Rankin County",3,85,2749,877,1872
050,28,121,"Mississippi","Rankin County",4,0,1708,843,865
050,28,121,"Mississippi","Rankin County",4,1,1677,834,843
050,28,121,"Mississippi","Rankin County",4,2,1701,863,838
050,28,121,"Mississippi","Rankin County",4,3,1727,862,865
050,28,121,"Mississippi","Rankin County",4,4,1765,919,846
050,28,121,"Mississippi","Rankin County",4,5,1758,880,878
050,28,121,"Mississippi","Rankin County",4,6,1860,929,931
050,28,121,"Mississippi","Rankin County",4,7,1909,951,958
050,28,121,"Mississippi","Rankin County",4,8,1933,994,939
050,28,121,"Mississippi","Rankin County",4,9,1941,1008,933
050,28,121,"Mississippi","Rankin County",4,10,2012,1042,970
050,28,121,"Mississippi","Rankin County",4,11,2032,1021,1011
050,28,121,"Mississippi","Rankin County",4,12,2056,1048,1008
050,28,121,"Mississippi","Rankin County",4,13,2151,1114,1037
050,28,121,"Mississippi","Rankin County",4,14,2348,1195,1153
050,28,121,"Mississippi","Rankin County",4,15,2353,1228,1125
050,28,121,"Mississippi","Rankin County",4,16,2288,1204,1084
050,28,121,"Mississippi","Rankin County",4,17,2279,1190,1089
050,28,121,"Mississippi","Rankin County",4,18,1897,1013,884
050,28,121,"Mississippi","Rankin County",4,19,1503,802,701
050,28,121,"Mississippi","Rankin County",4,20,1580,839,741
050,28,121,"Mississippi","Rankin County",4,21,1715,856,859
050,28,121,"Mississippi","Rankin County",4,22,1860,938,922
050,28,121,"Mississippi","Rankin County",4,23,2006,957,1049
050,28,121,"Mississippi","Rankin County",4,24,2059,1008,1051
050,28,121,"Mississippi","Rankin County",4,25,1974,981,993
050,28,121,"Mississippi","Rankin County",4,26,2135,1054,1081
050,28,121,"Mississippi","Rankin County",4,27,1987,980,1007
050,28,121,"Mississippi","Rankin County",4,28,2073,966,1107
050,28,121,"Mississippi","Rankin County",4,29,2078,1027,1051
050,28,121,"Mississippi","Rankin County",4,30,2155,1054,1101
050,28,121,"Mississippi","Rankin County",4,31,2229,1131,1098
050,28,121,"Mississippi","Rankin County",4,32,2381,1150,1231
050,28,121,"Mississippi","Rankin County",4,33,2209,1037,1172
050,28,121,"Mississippi","Rankin County",4,34,2184,1018,1166
050,28,121,"Mississippi","Rankin County",4,35,2118,1008,1110
050,28,121,"Mississippi","Rankin County",4,36,2217,1064,1153
050,28,121,"Mississippi","Rankin County",4,37,2298,1067,1231
050,28,121,"Mississippi","Rankin County",4,38,2275,1087,1188
050,28,121,"Mississippi","Rankin County",4,39,2340,1164,1176
050,28,121,"Mississippi","Rankin County",4,40,2377,1174,1203
050,28,121,"Mississippi","Rankin County",4,41,2314,1132,1182
050,28,121,"Mississippi","Rankin County",4,42,2253,1112,1141
050,28,121,"Mississippi","Rankin County",4,43,2309,1086,1223
050,28,121,"Mississippi","Rankin County",4,44,2295,1124,1171
050,28,121,"Mississippi","Rankin County",4,45,2151,1079,1072
050,28,121,"Mississippi","Rankin County",4,46,2150,1051,1099
050,28,121,"Mississippi","Rankin County",4,47,2119,1039,1080
050,28,121,"Mississippi","Rankin County",4,48,2024,987,1037
050,28,121,"Mississippi","Rankin County",4,49,2069,1007,1062
050,28,121,"Mississippi","Rankin County",4,50,2061,1029,1032
050,28,121,"Mississippi","Rankin County",4,51,2241,1110,1131
050,28,121,"Mississippi","Rankin County",4,52,2143,1049,1094
050,28,121,"Mississippi","Rankin County",4,53,2079,1000,1079
050,28,121,"Mississippi","Rankin County",4,54,1972,975,997
050,28,121,"Mississippi","Rankin County",4,55,1919,954,965
050,28,121,"Mississippi","Rankin County",4,56,1798,885,913
050,28,121,"Mississippi","Rankin County",4,57,1947,944,1003
050,28,121,"Mississippi","Rankin County",4,58,1936,938,998
050,28,121,"Mississippi","Rankin County",4,59,1945,972,973
050,28,121,"Mississippi","Rankin County",4,60,2003,968,1035
050,28,121,"Mississippi","Rankin County",4,61,1972,948,1024
050,28,121,"Mississippi","Rankin County",4,62,1885,897,988
050,28,121,"Mississippi","Rankin County",4,63,1842,867,975
050,28,121,"Mississippi","Rankin County",4,64,1830,862,968
050,28,121,"Mississippi","Rankin County",4,65,1821,843,978
050,28,121,"Mississippi","Rankin County",4,66,1731,810,921
050,28,121,"Mississippi","Rankin County",4,67,1716,789,927
050,28,121,"Mississippi","Rankin County",4,68,1655,756,899
050,28,121,"Mississippi","Rankin County",4,69,1567,696,871
050,28,121,"Mississippi","Rankin County",4,70,1518,667,851
050,28,121,"Mississippi","Rankin County",4,71,1451,645,806
050,28,121,"Mississippi","Rankin County",4,72,1322,573,749
050,28,121,"Mississippi","Rankin County",4,73,1325,590,735
050,28,121,"Mississippi","Rankin County",4,74,1383,613,770
050,28,121,"Mississippi","Rankin County",4,75,1458,637,821
050,28,121,"Mississippi","Rankin County",4,76,1004,442,562
050,28,121,"Mississippi","Rankin County",4,77,939,388,551
050,28,121,"Mississippi","Rankin County",4,78,922,382,540
050,28,121,"Mississippi","Rankin County",4,79,913,392,521
050,28,121,"Mississippi","Rankin County",4,80,731,318,413
050,28,121,"Mississippi","Rankin County",4,81,624,261,363
050,28,121,"Mississippi","Rankin County",4,82,567,229,338
050,28,121,"Mississippi","Rankin County",4,83,591,237,354
050,28,121,"Mississippi","Rankin County",4,84,488,195,293
050,28,121,"Mississippi","Rankin County",4,85,2847,936,1911
050,28,121,"Mississippi","Rankin County",5,0,1732,859,873
050,28,121,"Mississippi","Rankin County",5,1,1722,876,846
050,28,121,"Mississippi","Rankin County",5,2,1679,836,843
050,28,121,"Mississippi","Rankin County",5,3,1718,887,831
050,28,121,"Mississippi","Rankin County",5,4,1742,869,873
050,28,121,"Mississippi","Rankin County",5,5,1787,920,867
050,28,121,"Mississippi","Rankin County",5,6,1815,892,923
050,28,121,"Mississippi","Rankin County",5,7,1911,953,958
050,28,121,"Mississippi","Rankin County",5,8,1953,978,975
050,28,121,"Mississippi","Rankin County",5,9,1961,1005,956
050,28,121,"Mississippi","Rankin County",5,10,1986,1032,954
050,28,121,"Mississippi","Rankin County",5,11,2029,1067,962
050,28,121,"Mississippi","Rankin County",5,12,2029,1009,1020
050,28,121,"Mississippi","Rankin County",5,13,2053,1058,995
050,28,121,"Mississippi","Rankin County",5,14,2209,1149,1060
050,28,121,"Mississippi","Rankin County",5,15,2399,1231,1168
050,28,121,"Mississippi","Rankin County",5,16,2404,1270,1134
050,28,121,"Mississippi","Rankin County",5,17,2326,1208,1118
050,28,121,"Mississippi","Rankin County",5,18,1908,1036,872
050,28,121,"Mississippi","Rankin County",5,19,1532,821,711
050,28,121,"Mississippi","Rankin County",5,20,1673,867,806
050,28,121,"Mississippi","Rankin County",5,21,1698,879,819
050,28,121,"Mississippi","Rankin County",5,22,1886,954,932
050,28,121,"Mississippi","Rankin County",5,23,2018,1008,1010
050,28,121,"Mississippi","Rankin County",5,24,2043,954,1089
050,28,121,"Mississippi","Rankin County",5,25,2125,1064,1061
050,28,121,"Mississippi","Rankin County",5,26,2060,1013,1047
050,28,121,"Mississippi","Rankin County",5,27,2147,1076,1071
050,28,121,"Mississippi","Rankin County",5,28,2048,1013,1035
050,28,121,"Mississippi","Rankin County",5,29,2072,980,1092
050,28,121,"Mississippi","Rankin County",5,30,2148,1057,1091
050,28,121,"Mississippi","Rankin County",5,31,2138,1045,1093
050,28,121,"Mississippi","Rankin County",5,32,2273,1113,1160
050,28,121,"Mississippi","Rankin County",5,33,2392,1153,1239
050,28,121,"Mississippi","Rankin County",5,34,2199,1027,1172
050,28,121,"Mississippi","Rankin County",5,35,2200,1033,1167
050,28,121,"Mississippi","Rankin County",5,36,2118,993,1125
050,28,121,"Mississippi","Rankin County",5,37,2226,1034,1192
050,28,121,"Mississippi","Rankin County",5,38,2290,1092,1198
050,28,121,"Mississippi","Rankin County",5,39,2279,1086,1193
050,28,121,"Mississippi","Rankin County",5,40,2338,1167,1171
050,28,121,"Mississippi","Rankin County",5,41,2371,1148,1223
050,28,121,"Mississippi","Rankin County",5,42,2344,1149,1195
050,28,121,"Mississippi","Rankin County",5,43,2256,1098,1158
050,28,121,"Mississippi","Rankin County",5,44,2310,1050,1260
050,28,121,"Mississippi","Rankin County",5,45,2267,1094,1173
050,28,121,"Mississippi","Rankin County",5,46,2131,1085,1046
050,28,121,"Mississippi","Rankin County",5,47,2160,1054,1106
050,28,121,"Mississippi","Rankin County",5,48,2108,1029,1079
050,28,121,"Mississippi","Rankin County",5,49,2053,1001,1052
050,28,121,"Mississippi","Rankin County",5,50,2038,993,1045
050,28,121,"Mississippi","Rankin County",5,51,2030,1015,1015
050,28,121,"Mississippi","Rankin County",5,52,2248,1114,1134
050,28,121,"Mississippi","Rankin County",5,53,2123,1030,1093
050,28,121,"Mississippi","Rankin County",5,54,2032,973,1059
050,28,121,"Mississippi","Rankin County",5,55,1958,954,1004
050,28,121,"Mississippi","Rankin County",5,56,1918,944,974
050,28,121,"Mississippi","Rankin County",5,57,1774,878,896
050,28,121,"Mississippi","Rankin County",5,58,1960,938,1022
050,28,121,"Mississippi","Rankin County",5,59,1943,959,984
050,28,121,"Mississippi","Rankin County",5,60,1923,956,967
050,28,121,"Mississippi","Rankin County",5,61,1990,961,1029
050,28,121,"Mississippi","Rankin County",5,62,1974,960,1014
050,28,121,"Mississippi","Rankin County",5,63,1842,869,973
050,28,121,"Mississippi","Rankin County",5,64,1836,852,984
050,28,121,"Mississippi","Rankin County",5,65,1812,844,968
050,28,121,"Mississippi","Rankin County",5,66,1798,827,971
050,28,121,"Mississippi","Rankin County",5,67,1731,799,932
050,28,121,"Mississippi","Rankin County",5,68,1699,774,925
050,28,121,"Mississippi","Rankin County",5,69,1631,734,897
050,28,121,"Mississippi","Rankin County",5,70,1569,696,873
050,28,121,"Mississippi","Rankin County",5,71,1496,658,838
050,28,121,"Mississippi","Rankin County",5,72,1432,635,797
050,28,121,"Mississippi","Rankin County",5,73,1279,555,724
050,28,121,"Mississippi","Rankin County",5,74,1330,591,739
050,28,121,"Mississippi","Rankin County",5,75,1343,586,757
050,28,121,"Mississippi","Rankin County",5,76,1433,632,801
050,28,121,"Mississippi","Rankin County",5,77,975,416,559
050,28,121,"Mississippi","Rankin County",5,78,926,375,551
050,28,121,"Mississippi","Rankin County",5,79,880,364,516
050,28,121,"Mississippi","Rankin County",5,80,866,363,503
050,28,121,"Mississippi","Rankin County",5,81,721,307,414
050,28,121,"Mississippi","Rankin County",5,82,567,240,327
050,28,121,"Mississippi","Rankin County",5,83,544,208,336
050,28,121,"Mississippi","Rankin County",5,84,535,208,327
050,28,121,"Mississippi","Rankin County",5,85,2995,1020,1975
050,28,123,"Mississippi","Scott County",1,0,460,231,229
050,28,123,"Mississippi","Scott County",1,1,456,226,230
050,28,123,"Mississippi","Scott County",1,2,494,251,243
050,28,123,"Mississippi","Scott County",1,3,457,232,225
050,28,123,"Mississippi","Scott County",1,4,476,255,221
050,28,123,"Mississippi","Scott County",1,5,432,235,197
050,28,123,"Mississippi","Scott County",1,6,376,203,173
050,28,123,"Mississippi","Scott County",1,7,398,206,192
050,28,123,"Mississippi","Scott County",1,8,408,205,203
050,28,123,"Mississippi","Scott County",1,9,405,209,196
050,28,123,"Mississippi","Scott County",1,10,432,211,221
050,28,123,"Mississippi","Scott County",1,11,450,239,211
050,28,123,"Mississippi","Scott County",1,12,475,244,231
050,28,123,"Mississippi","Scott County",1,13,460,234,226
050,28,123,"Mississippi","Scott County",1,14,417,216,201
050,28,123,"Mississippi","Scott County",1,15,425,229,196
050,28,123,"Mississippi","Scott County",1,16,404,214,190
050,28,123,"Mississippi","Scott County",1,17,387,205,182
050,28,123,"Mississippi","Scott County",1,18,308,162,146
050,28,123,"Mississippi","Scott County",1,19,280,150,130
050,28,123,"Mississippi","Scott County",1,20,285,142,143
050,28,123,"Mississippi","Scott County",1,21,282,134,148
050,28,123,"Mississippi","Scott County",1,22,304,134,170
050,28,123,"Mississippi","Scott County",1,23,328,163,165
050,28,123,"Mississippi","Scott County",1,24,353,182,171
050,28,123,"Mississippi","Scott County",1,25,347,172,175
050,28,123,"Mississippi","Scott County",1,26,373,177,196
050,28,123,"Mississippi","Scott County",1,27,344,158,186
050,28,123,"Mississippi","Scott County",1,28,343,173,170
050,28,123,"Mississippi","Scott County",1,29,360,185,175
050,28,123,"Mississippi","Scott County",1,30,334,162,172
050,28,123,"Mississippi","Scott County",1,31,377,187,190
050,28,123,"Mississippi","Scott County",1,32,336,161,175
050,28,123,"Mississippi","Scott County",1,33,300,158,142
050,28,123,"Mississippi","Scott County",1,34,331,156,175
050,28,123,"Mississippi","Scott County",1,35,352,178,174
050,28,123,"Mississippi","Scott County",1,36,351,178,173
050,28,123,"Mississippi","Scott County",1,37,339,161,178
050,28,123,"Mississippi","Scott County",1,38,335,164,171
050,28,123,"Mississippi","Scott County",1,39,348,167,181
050,28,123,"Mississippi","Scott County",1,40,317,164,153
050,28,123,"Mississippi","Scott County",1,41,302,149,153
050,28,123,"Mississippi","Scott County",1,42,302,146,156
050,28,123,"Mississippi","Scott County",1,43,362,174,188
050,28,123,"Mississippi","Scott County",1,44,390,200,190
050,28,123,"Mississippi","Scott County",1,45,357,193,164
050,28,123,"Mississippi","Scott County",1,46,329,170,159
050,28,123,"Mississippi","Scott County",1,47,359,181,178
050,28,123,"Mississippi","Scott County",1,48,368,199,169
050,28,123,"Mississippi","Scott County",1,49,370,200,170
050,28,123,"Mississippi","Scott County",1,50,352,184,168
050,28,123,"Mississippi","Scott County",1,51,336,184,152
050,28,123,"Mississippi","Scott County",1,52,337,162,175
050,28,123,"Mississippi","Scott County",1,53,319,148,171
050,28,123,"Mississippi","Scott County",1,54,331,161,170
050,28,123,"Mississippi","Scott County",1,55,353,170,183
050,28,123,"Mississippi","Scott County",1,56,343,172,171
050,28,123,"Mississippi","Scott County",1,57,342,157,185
050,28,123,"Mississippi","Scott County",1,58,353,172,181
050,28,123,"Mississippi","Scott County",1,59,357,177,180
050,28,123,"Mississippi","Scott County",1,60,388,201,187
050,28,123,"Mississippi","Scott County",1,61,353,173,180
050,28,123,"Mississippi","Scott County",1,62,353,167,186
050,28,123,"Mississippi","Scott County",1,63,330,154,176
050,28,123,"Mississippi","Scott County",1,64,315,152,163
050,28,123,"Mississippi","Scott County",1,65,338,160,178
050,28,123,"Mississippi","Scott County",1,66,321,156,165
050,28,123,"Mississippi","Scott County",1,67,278,125,153
050,28,123,"Mississippi","Scott County",1,68,255,119,136
050,28,123,"Mississippi","Scott County",1,69,234,102,132
050,28,123,"Mississippi","Scott County",1,70,256,108,148
050,28,123,"Mississippi","Scott County",1,71,254,113,141
050,28,123,"Mississippi","Scott County",1,72,249,108,141
050,28,123,"Mississippi","Scott County",1,73,245,101,144
050,28,123,"Mississippi","Scott County",1,74,169,74,95
050,28,123,"Mississippi","Scott County",1,75,156,65,91
050,28,123,"Mississippi","Scott County",1,76,143,62,81
050,28,123,"Mississippi","Scott County",1,77,156,67,89
050,28,123,"Mississippi","Scott County",1,78,139,51,88
050,28,123,"Mississippi","Scott County",1,79,131,54,77
050,28,123,"Mississippi","Scott County",1,80,114,55,59
050,28,123,"Mississippi","Scott County",1,81,106,42,64
050,28,123,"Mississippi","Scott County",1,82,93,32,61
050,28,123,"Mississippi","Scott County",1,83,93,33,60
050,28,123,"Mississippi","Scott County",1,84,74,24,50
050,28,123,"Mississippi","Scott County",1,85,447,140,307
050,28,123,"Mississippi","Scott County",2,0,475,242,233
050,28,123,"Mississippi","Scott County",2,1,457,225,232
050,28,123,"Mississippi","Scott County",2,2,481,242,239
050,28,123,"Mississippi","Scott County",2,3,464,237,227
050,28,123,"Mississippi","Scott County",2,4,467,249,218
050,28,123,"Mississippi","Scott County",2,5,437,238,199
050,28,123,"Mississippi","Scott County",2,6,389,212,177
050,28,123,"Mississippi","Scott County",2,7,390,202,188
050,28,123,"Mississippi","Scott County",2,8,404,204,200
050,28,123,"Mississippi","Scott County",2,9,406,209,197
050,28,123,"Mississippi","Scott County",2,10,423,210,213
050,28,123,"Mississippi","Scott County",2,11,444,231,213
050,28,123,"Mississippi","Scott County",2,12,469,244,225
050,28,123,"Mississippi","Scott County",2,13,463,237,226
050,28,123,"Mississippi","Scott County",2,14,431,222,209
050,28,123,"Mississippi","Scott County",2,15,423,226,197
050,28,123,"Mississippi","Scott County",2,16,415,221,194
050,28,123,"Mississippi","Scott County",2,17,391,207,184
050,28,123,"Mississippi","Scott County",2,18,313,166,147
050,28,123,"Mississippi","Scott County",2,19,275,147,128
050,28,123,"Mississippi","Scott County",2,20,287,144,143
050,28,123,"Mississippi","Scott County",2,21,285,136,149
050,28,123,"Mississippi","Scott County",2,22,301,135,166
050,28,123,"Mississippi","Scott County",2,23,328,158,170
050,28,123,"Mississippi","Scott County",2,24,346,176,170
050,28,123,"Mississippi","Scott County",2,25,351,175,176
050,28,123,"Mississippi","Scott County",2,26,361,173,188
050,28,123,"Mississippi","Scott County",2,27,346,161,185
050,28,123,"Mississippi","Scott County",2,28,340,170,170
050,28,123,"Mississippi","Scott County",2,29,354,181,173
050,28,123,"Mississippi","Scott County",2,30,340,165,175
050,28,123,"Mississippi","Scott County",2,31,364,178,186
050,28,123,"Mississippi","Scott County",2,32,349,169,180
050,28,123,"Mississippi","Scott County",2,33,307,156,151
050,28,123,"Mississippi","Scott County",2,34,321,155,166
050,28,123,"Mississippi","Scott County",2,35,346,171,175
050,28,123,"Mississippi","Scott County",2,36,346,174,172
050,28,123,"Mississippi","Scott County",2,37,342,166,176
050,28,123,"Mississippi","Scott County",2,38,339,165,174
050,28,123,"Mississippi","Scott County",2,39,334,163,171
050,28,123,"Mississippi","Scott County",2,40,330,168,162
050,28,123,"Mississippi","Scott County",2,41,303,152,151
050,28,123,"Mississippi","Scott County",2,42,300,146,154
050,28,123,"Mississippi","Scott County",2,43,355,171,184
050,28,123,"Mississippi","Scott County",2,44,377,190,187
050,28,123,"Mississippi","Scott County",2,45,367,195,172
050,28,123,"Mississippi","Scott County",2,46,332,172,160
050,28,123,"Mississippi","Scott County",2,47,349,177,172
050,28,123,"Mississippi","Scott County",2,48,367,195,172
050,28,123,"Mississippi","Scott County",2,49,374,202,172
050,28,123,"Mississippi","Scott County",2,50,357,187,170
050,28,123,"Mississippi","Scott County",2,51,339,185,154
050,28,123,"Mississippi","Scott County",2,52,336,166,170
050,28,123,"Mississippi","Scott County",2,53,322,150,172
050,28,123,"Mississippi","Scott County",2,54,327,156,171
050,28,123,"Mississippi","Scott County",2,55,345,166,179
050,28,123,"Mississippi","Scott County",2,56,344,171,173
050,28,123,"Mississippi","Scott County",2,57,343,162,181
050,28,123,"Mississippi","Scott County",2,58,348,167,181
050,28,123,"Mississippi","Scott County",2,59,355,174,181
050,28,123,"Mississippi","Scott County",2,60,377,194,183
050,28,123,"Mississippi","Scott County",2,61,357,177,180
050,28,123,"Mississippi","Scott County",2,62,350,165,185
050,28,123,"Mississippi","Scott County",2,63,336,157,179
050,28,123,"Mississippi","Scott County",2,64,317,151,166
050,28,123,"Mississippi","Scott County",2,65,329,157,172
050,28,123,"Mississippi","Scott County",2,66,322,156,166
050,28,123,"Mississippi","Scott County",2,67,286,130,156
050,28,123,"Mississippi","Scott County",2,68,257,120,137
050,28,123,"Mississippi","Scott County",2,69,242,107,135
050,28,123,"Mississippi","Scott County",2,70,249,106,143
050,28,123,"Mississippi","Scott County",2,71,248,108,140
050,28,123,"Mississippi","Scott County",2,72,247,108,139
050,28,123,"Mississippi","Scott County",2,73,251,104,147
050,28,123,"Mississippi","Scott County",2,74,175,77,98
050,28,123,"Mississippi","Scott County",2,75,160,67,93
050,28,123,"Mississippi","Scott County",2,76,142,62,80
050,28,123,"Mississippi","Scott County",2,77,157,67,90
050,28,123,"Mississippi","Scott County",2,78,140,54,86
050,28,123,"Mississippi","Scott County",2,79,131,51,80
050,28,123,"Mississippi","Scott County",2,80,115,54,61
050,28,123,"Mississippi","Scott County",2,81,106,44,62
050,28,123,"Mississippi","Scott County",2,82,94,34,60
050,28,123,"Mississippi","Scott County",2,83,93,32,61
050,28,123,"Mississippi","Scott County",2,84,76,26,50
050,28,123,"Mississippi","Scott County",2,85,443,137,306
050,28,123,"Mississippi","Scott County",3,0,475,234,241
050,28,123,"Mississippi","Scott County",3,1,460,233,227
050,28,123,"Mississippi","Scott County",3,2,461,226,235
050,28,123,"Mississippi","Scott County",3,3,445,218,227
050,28,123,"Mississippi","Scott County",3,4,448,226,222
050,28,123,"Mississippi","Scott County",3,5,460,245,215
050,28,123,"Mississippi","Scott County",3,6,426,227,199
050,28,123,"Mississippi","Scott County",3,7,383,199,184
050,28,123,"Mississippi","Scott County",3,8,380,200,180
050,28,123,"Mississippi","Scott County",3,9,398,197,201
050,28,123,"Mississippi","Scott County",3,10,396,199,197
050,28,123,"Mississippi","Scott County",3,11,406,205,201
050,28,123,"Mississippi","Scott County",3,12,434,228,206
050,28,123,"Mississippi","Scott County",3,13,463,233,230
050,28,123,"Mississippi","Scott County",3,14,462,236,226
050,28,123,"Mississippi","Scott County",3,15,430,220,210
050,28,123,"Mississippi","Scott County",3,16,399,213,186
050,28,123,"Mississippi","Scott County",3,17,407,214,193
050,28,123,"Mississippi","Scott County",3,18,326,179,147
050,28,123,"Mississippi","Scott County",3,19,260,138,122
050,28,123,"Mississippi","Scott County",3,20,290,149,141
050,28,123,"Mississippi","Scott County",3,21,294,142,152
050,28,123,"Mississippi","Scott County",3,22,289,132,157
050,28,123,"Mississippi","Scott County",3,23,309,140,169
050,28,123,"Mississippi","Scott County",3,24,327,161,166
050,28,123,"Mississippi","Scott County",3,25,340,166,174
050,28,123,"Mississippi","Scott County",3,26,331,158,173
050,28,123,"Mississippi","Scott County",3,27,355,174,181
050,28,123,"Mississippi","Scott County",3,28,348,167,181
050,28,123,"Mississippi","Scott County",3,29,331,160,171
050,28,123,"Mississippi","Scott County",3,30,339,172,167
050,28,123,"Mississippi","Scott County",3,31,326,156,170
050,28,123,"Mississippi","Scott County",3,32,358,182,176
050,28,123,"Mississippi","Scott County",3,33,333,160,173
050,28,123,"Mississippi","Scott County",3,34,280,139,141
050,28,123,"Mississippi","Scott County",3,35,304,144,160
050,28,123,"Mississippi","Scott County",3,36,335,159,176
050,28,123,"Mississippi","Scott County",3,37,346,170,176
050,28,123,"Mississippi","Scott County",3,38,339,171,168
050,28,123,"Mississippi","Scott County",3,39,342,168,174
050,28,123,"Mississippi","Scott County",3,40,341,166,175
050,28,123,"Mississippi","Scott County",3,41,316,159,157
050,28,123,"Mississippi","Scott County",3,42,289,149,140
050,28,123,"Mississippi","Scott County",3,43,285,136,149
050,28,123,"Mississippi","Scott County",3,44,344,169,175
050,28,123,"Mississippi","Scott County",3,45,372,181,191
050,28,123,"Mississippi","Scott County",3,46,370,198,172
050,28,123,"Mississippi","Scott County",3,47,340,171,169
050,28,123,"Mississippi","Scott County",3,48,342,174,168
050,28,123,"Mississippi","Scott County",3,49,354,184,170
050,28,123,"Mississippi","Scott County",3,50,361,196,165
050,28,123,"Mississippi","Scott County",3,51,349,190,159
050,28,123,"Mississippi","Scott County",3,52,328,181,147
050,28,123,"Mississippi","Scott County",3,53,328,154,174
050,28,123,"Mississippi","Scott County",3,54,325,149,176
050,28,123,"Mississippi","Scott County",3,55,321,152,169
050,28,123,"Mississippi","Scott County",3,56,348,168,180
050,28,123,"Mississippi","Scott County",3,57,357,174,183
050,28,123,"Mississippi","Scott County",3,58,345,161,184
050,28,123,"Mississippi","Scott County",3,59,331,157,174
050,28,123,"Mississippi","Scott County",3,60,356,173,183
050,28,123,"Mississippi","Scott County",3,61,366,187,179
050,28,123,"Mississippi","Scott County",3,62,350,173,177
050,28,123,"Mississippi","Scott County",3,63,344,164,180
050,28,123,"Mississippi","Scott County",3,64,321,148,173
050,28,123,"Mississippi","Scott County",3,65,302,140,162
050,28,123,"Mississippi","Scott County",3,66,322,152,170
050,28,123,"Mississippi","Scott County",3,67,307,150,157
050,28,123,"Mississippi","Scott County",3,68,269,122,147
050,28,123,"Mississippi","Scott County",3,69,251,116,135
050,28,123,"Mississippi","Scott County",3,70,226,99,127
050,28,123,"Mississippi","Scott County",3,71,245,103,142
050,28,123,"Mississippi","Scott County",3,72,245,103,142
050,28,123,"Mississippi","Scott County",3,73,231,104,127
050,28,123,"Mississippi","Scott County",3,74,237,99,138
050,28,123,"Mississippi","Scott County",3,75,166,72,94
050,28,123,"Mississippi","Scott County",3,76,153,64,89
050,28,123,"Mississippi","Scott County",3,77,135,60,75
050,28,123,"Mississippi","Scott County",3,78,154,66,88
050,28,123,"Mississippi","Scott County",3,79,132,49,83
050,28,123,"Mississippi","Scott County",3,80,112,48,64
050,28,123,"Mississippi","Scott County",3,81,106,50,56
050,28,123,"Mississippi","Scott County",3,82,91,41,50
050,28,123,"Mississippi","Scott County",3,83,91,30,61
050,28,123,"Mississippi","Scott County",3,84,83,28,55
050,28,123,"Mississippi","Scott County",3,85,427,128,299
050,28,123,"Mississippi","Scott County",4,0,444,231,213
050,28,123,"Mississippi","Scott County",4,1,460,225,235
050,28,123,"Mississippi","Scott County",4,2,467,235,232
050,28,123,"Mississippi","Scott County",4,3,459,235,224
050,28,123,"Mississippi","Scott County",4,4,442,215,227
050,28,123,"Mississippi","Scott County",4,5,448,231,217
050,28,123,"Mississippi","Scott County",4,6,455,247,208
050,28,123,"Mississippi","Scott County",4,7,438,237,201
050,28,123,"Mississippi","Scott County",4,8,383,202,181
050,28,123,"Mississippi","Scott County",4,9,382,193,189
050,28,123,"Mississippi","Scott County",4,10,390,199,191
050,28,123,"Mississippi","Scott County",4,11,412,208,204
050,28,123,"Mississippi","Scott County",4,12,415,211,204
050,28,123,"Mississippi","Scott County",4,13,433,224,209
050,28,123,"Mississippi","Scott County",4,14,475,244,231
050,28,123,"Mississippi","Scott County",4,15,442,229,213
050,28,123,"Mississippi","Scott County",4,16,420,211,209
050,28,123,"Mississippi","Scott County",4,17,410,221,189
050,28,123,"Mississippi","Scott County",4,18,350,189,161
050,28,123,"Mississippi","Scott County",4,19,267,143,124
050,28,123,"Mississippi","Scott County",4,20,274,142,132
050,28,123,"Mississippi","Scott County",4,21,297,151,146
050,28,123,"Mississippi","Scott County",4,22,290,139,151
050,28,123,"Mississippi","Scott County",4,23,298,130,168
050,28,123,"Mississippi","Scott County",4,24,303,135,168
050,28,123,"Mississippi","Scott County",4,25,320,149,171
050,28,123,"Mississippi","Scott County",4,26,325,162,163
050,28,123,"Mississippi","Scott County",4,27,322,158,164
050,28,123,"Mississippi","Scott County",4,28,357,177,180
050,28,123,"Mississippi","Scott County",4,29,341,164,177
050,28,123,"Mississippi","Scott County",4,30,331,160,171
050,28,123,"Mississippi","Scott County",4,31,344,173,171
050,28,123,"Mississippi","Scott County",4,32,340,160,180
050,28,123,"Mississippi","Scott County",4,33,343,173,170
050,28,123,"Mississippi","Scott County",4,34,316,145,171
050,28,123,"Mississippi","Scott County",4,35,275,137,138
050,28,123,"Mississippi","Scott County",4,36,301,144,157
050,28,123,"Mississippi","Scott County",4,37,338,161,177
050,28,123,"Mississippi","Scott County",4,38,347,177,170
050,28,123,"Mississippi","Scott County",4,39,341,179,162
050,28,123,"Mississippi","Scott County",4,40,339,162,177
050,28,123,"Mississippi","Scott County",4,41,327,165,162
050,28,123,"Mississippi","Scott County",4,42,318,160,158
050,28,123,"Mississippi","Scott County",4,43,282,140,142
050,28,123,"Mississippi","Scott County",4,44,294,137,157
050,28,123,"Mississippi","Scott County",4,45,339,163,176
050,28,123,"Mississippi","Scott County",4,46,373,180,193
050,28,123,"Mississippi","Scott County",4,47,369,202,167
050,28,123,"Mississippi","Scott County",4,48,336,170,166
050,28,123,"Mississippi","Scott County",4,49,337,174,163
050,28,123,"Mississippi","Scott County",4,50,349,176,173
050,28,123,"Mississippi","Scott County",4,51,359,200,159
050,28,123,"Mississippi","Scott County",4,52,344,187,157
050,28,123,"Mississippi","Scott County",4,53,336,184,152
050,28,123,"Mississippi","Scott County",4,54,323,152,171
050,28,123,"Mississippi","Scott County",4,55,319,145,174
050,28,123,"Mississippi","Scott County",4,56,323,153,170
050,28,123,"Mississippi","Scott County",4,57,345,161,184
050,28,123,"Mississippi","Scott County",4,58,348,169,179
050,28,123,"Mississippi","Scott County",4,59,337,156,181
050,28,123,"Mississippi","Scott County",4,60,330,157,173
050,28,123,"Mississippi","Scott County",4,61,354,172,182
050,28,123,"Mississippi","Scott County",4,62,361,183,178
050,28,123,"Mississippi","Scott County",4,63,339,164,175
050,28,123,"Mississippi","Scott County",4,64,327,155,172
050,28,123,"Mississippi","Scott County",4,65,310,143,167
050,28,123,"Mississippi","Scott County",4,66,302,134,168
050,28,123,"Mississippi","Scott County",4,67,312,145,167
050,28,123,"Mississippi","Scott County",4,68,301,146,155
050,28,123,"Mississippi","Scott County",4,69,266,118,148
050,28,123,"Mississippi","Scott County",4,70,236,104,132
050,28,123,"Mississippi","Scott County",4,71,215,93,122
050,28,123,"Mississippi","Scott County",4,72,236,96,140
050,28,123,"Mississippi","Scott County",4,73,229,97,132
050,28,123,"Mississippi","Scott County",4,74,222,102,120
050,28,123,"Mississippi","Scott County",4,75,229,97,132
050,28,123,"Mississippi","Scott County",4,76,155,65,90
050,28,123,"Mississippi","Scott County",4,77,143,60,83
050,28,123,"Mississippi","Scott County",4,78,129,54,75
050,28,123,"Mississippi","Scott County",4,79,153,64,89
050,28,123,"Mississippi","Scott County",4,80,118,47,71
050,28,123,"Mississippi","Scott County",4,81,106,47,59
050,28,123,"Mississippi","Scott County",4,82,95,46,49
050,28,123,"Mississippi","Scott County",4,83,90,39,51
050,28,123,"Mississippi","Scott County",4,84,86,28,58
050,28,123,"Mississippi","Scott County",4,85,424,126,298
050,28,123,"Mississippi","Scott County",5,0,453,235,218
050,28,123,"Mississippi","Scott County",5,1,419,217,202
050,28,123,"Mississippi","Scott County",5,2,452,217,235
050,28,123,"Mississippi","Scott County",5,3,457,234,223
050,28,123,"Mississippi","Scott County",5,4,463,245,218
050,28,123,"Mississippi","Scott County",5,5,444,224,220
050,28,123,"Mississippi","Scott County",5,6,423,212,211
050,28,123,"Mississippi","Scott County",5,7,444,235,209
050,28,123,"Mississippi","Scott County",5,8,422,223,199
050,28,123,"Mississippi","Scott County",5,9,375,197,178
050,28,123,"Mississippi","Scott County",5,10,372,190,182
050,28,123,"Mississippi","Scott County",5,11,406,200,206
050,28,123,"Mississippi","Scott County",5,12,412,205,207
050,28,123,"Mississippi","Scott County",5,13,429,203,226
050,28,123,"Mississippi","Scott County",5,14,444,239,205
050,28,123,"Mississippi","Scott County",5,15,467,237,230
050,28,123,"Mississippi","Scott County",5,16,427,222,205
050,28,123,"Mississippi","Scott County",5,17,424,218,206
050,28,123,"Mississippi","Scott County",5,18,338,191,147
050,28,123,"Mississippi","Scott County",5,19,294,158,136
050,28,123,"Mississippi","Scott County",5,20,284,141,143
050,28,123,"Mississippi","Scott County",5,21,283,147,136
050,28,123,"Mississippi","Scott County",5,22,309,156,153
050,28,123,"Mississippi","Scott County",5,23,304,148,156
050,28,123,"Mississippi","Scott County",5,24,303,136,167
050,28,123,"Mississippi","Scott County",5,25,297,127,170
050,28,123,"Mississippi","Scott County",5,26,315,151,164
050,28,123,"Mississippi","Scott County",5,27,340,184,156
050,28,123,"Mississippi","Scott County",5,28,318,161,157
050,28,123,"Mississippi","Scott County",5,29,358,178,180
050,28,123,"Mississippi","Scott County",5,30,329,155,174
050,28,123,"Mississippi","Scott County",5,31,334,157,177
050,28,123,"Mississippi","Scott County",5,32,343,172,171
050,28,123,"Mississippi","Scott County",5,33,331,155,176
050,28,123,"Mississippi","Scott County",5,34,343,176,167
050,28,123,"Mississippi","Scott County",5,35,309,143,166
050,28,123,"Mississippi","Scott County",5,36,284,144,140
050,28,123,"Mississippi","Scott County",5,37,295,138,157
050,28,123,"Mississippi","Scott County",5,38,342,166,176
050,28,123,"Mississippi","Scott County",5,39,374,203,171
050,28,123,"Mississippi","Scott County",5,40,357,193,164
050,28,123,"Mississippi","Scott County",5,41,330,157,173
050,28,123,"Mississippi","Scott County",5,42,324,158,166
050,28,123,"Mississippi","Scott County",5,43,315,160,155
050,28,123,"Mississippi","Scott County",5,44,273,135,138
050,28,123,"Mississippi","Scott County",5,45,289,136,153
050,28,123,"Mississippi","Scott County",5,46,338,163,175
050,28,123,"Mississippi","Scott County",5,47,365,179,186
050,28,123,"Mississippi","Scott County",5,48,359,196,163
050,28,123,"Mississippi","Scott County",5,49,333,168,165
050,28,123,"Mississippi","Scott County",5,50,332,173,159
050,28,123,"Mississippi","Scott County",5,51,351,178,173
050,28,123,"Mississippi","Scott County",5,52,350,194,156
050,28,123,"Mississippi","Scott County",5,53,346,188,158
050,28,123,"Mississippi","Scott County",5,54,331,183,148
050,28,123,"Mississippi","Scott County",5,55,315,148,167
050,28,123,"Mississippi","Scott County",5,56,314,145,169
050,28,123,"Mississippi","Scott County",5,57,321,155,166
050,28,123,"Mississippi","Scott County",5,58,333,156,177
050,28,123,"Mississippi","Scott County",5,59,341,163,178
050,28,123,"Mississippi","Scott County",5,60,335,154,181
050,28,123,"Mississippi","Scott County",5,61,319,153,166
050,28,123,"Mississippi","Scott County",5,62,350,172,178
050,28,123,"Mississippi","Scott County",5,63,352,171,181
050,28,123,"Mississippi","Scott County",5,64,324,156,168
050,28,123,"Mississippi","Scott County",5,65,316,152,164
050,28,123,"Mississippi","Scott County",5,66,296,134,162
050,28,123,"Mississippi","Scott County",5,67,287,128,159
050,28,123,"Mississippi","Scott County",5,68,300,140,160
050,28,123,"Mississippi","Scott County",5,69,297,138,159
050,28,123,"Mississippi","Scott County",5,70,254,109,145
050,28,123,"Mississippi","Scott County",5,71,230,99,131
050,28,123,"Mississippi","Scott County",5,72,210,88,122
050,28,123,"Mississippi","Scott County",5,73,223,93,130
050,28,123,"Mississippi","Scott County",5,74,221,96,125
050,28,123,"Mississippi","Scott County",5,75,217,99,118
050,28,123,"Mississippi","Scott County",5,76,221,91,130
050,28,123,"Mississippi","Scott County",5,77,149,63,86
050,28,123,"Mississippi","Scott County",5,78,138,57,81
050,28,123,"Mississippi","Scott County",5,79,129,52,77
050,28,123,"Mississippi","Scott County",5,80,137,62,75
050,28,123,"Mississippi","Scott County",5,81,111,46,65
050,28,123,"Mississippi","Scott County",5,82,96,45,51
050,28,123,"Mississippi","Scott County",5,83,95,43,52
050,28,123,"Mississippi","Scott County",5,84,84,36,48
050,28,123,"Mississippi","Scott County",5,85,439,128,311
050,28,125,"Mississippi","Sharkey County",1,0,51,27,24
050,28,125,"Mississippi","Sharkey County",1,1,52,27,25
050,28,125,"Mississippi","Sharkey County",1,2,43,15,28
050,28,125,"Mississippi","Sharkey County",1,3,41,23,18
050,28,125,"Mississippi","Sharkey County",1,4,42,21,21
050,28,125,"Mississippi","Sharkey County",1,5,47,23,24
050,28,125,"Mississippi","Sharkey County",1,6,50,30,20
050,28,125,"Mississippi","Sharkey County",1,7,46,26,20
050,28,125,"Mississippi","Sharkey County",1,8,59,32,27
050,28,125,"Mississippi","Sharkey County",1,9,44,21,23
050,28,125,"Mississippi","Sharkey County",1,10,54,26,28
050,28,125,"Mississippi","Sharkey County",1,11,57,26,31
050,28,125,"Mississippi","Sharkey County",1,12,59,28,31
050,28,125,"Mississippi","Sharkey County",1,13,55,28,27
050,28,125,"Mississippi","Sharkey County",1,14,61,32,29
050,28,125,"Mississippi","Sharkey County",1,15,60,35,25
050,28,125,"Mississippi","Sharkey County",1,16,67,42,25
050,28,125,"Mississippi","Sharkey County",1,17,51,30,21
050,28,125,"Mississippi","Sharkey County",1,18,42,25,17
050,28,125,"Mississippi","Sharkey County",1,19,42,23,19
050,28,125,"Mississippi","Sharkey County",1,20,43,25,18
050,28,125,"Mississippi","Sharkey County",1,21,45,19,26
050,28,125,"Mississippi","Sharkey County",1,22,41,15,26
050,28,125,"Mississippi","Sharkey County",1,23,43,18,25
050,28,125,"Mississippi","Sharkey County",1,24,42,24,18
050,28,125,"Mississippi","Sharkey County",1,25,39,21,18
050,28,125,"Mississippi","Sharkey County",1,26,41,18,23
050,28,125,"Mississippi","Sharkey County",1,27,46,21,25
050,28,125,"Mississippi","Sharkey County",1,28,36,15,21
050,28,125,"Mississippi","Sharkey County",1,29,37,20,17
050,28,125,"Mississippi","Sharkey County",1,30,33,18,15
050,28,125,"Mississippi","Sharkey County",1,31,34,17,17
050,28,125,"Mississippi","Sharkey County",1,32,42,18,24
050,28,125,"Mississippi","Sharkey County",1,33,36,14,22
050,28,125,"Mississippi","Sharkey County",1,34,36,18,18
050,28,125,"Mississippi","Sharkey County",1,35,42,22,20
050,28,125,"Mississippi","Sharkey County",1,36,42,23,19
050,28,125,"Mississippi","Sharkey County",1,37,37,16,21
050,28,125,"Mississippi","Sharkey County",1,38,39,20,19
050,28,125,"Mississippi","Sharkey County",1,39,41,17,24
050,28,125,"Mississippi","Sharkey County",1,40,36,13,23
050,28,125,"Mississippi","Sharkey County",1,41,44,17,27
050,28,125,"Mississippi","Sharkey County",1,42,47,23,24
050,28,125,"Mississippi","Sharkey County",1,43,41,20,21
050,28,125,"Mississippi","Sharkey County",1,44,40,18,22
050,28,125,"Mississippi","Sharkey County",1,45,37,15,22
050,28,125,"Mississippi","Sharkey County",1,46,40,21,19
050,28,125,"Mississippi","Sharkey County",1,47,39,20,19
050,28,125,"Mississippi","Sharkey County",1,48,42,20,22
050,28,125,"Mississippi","Sharkey County",1,49,37,15,22
050,28,125,"Mississippi","Sharkey County",1,50,43,22,21
050,28,125,"Mississippi","Sharkey County",1,51,38,19,19
050,28,125,"Mississippi","Sharkey County",1,52,51,27,24
050,28,125,"Mississippi","Sharkey County",1,53,49,23,26
050,28,125,"Mississippi","Sharkey County",1,54,49,23,26
050,28,125,"Mississippi","Sharkey County",1,55,52,25,27
050,28,125,"Mississippi","Sharkey County",1,56,48,25,23
050,28,125,"Mississippi","Sharkey County",1,57,68,30,38
050,28,125,"Mississippi","Sharkey County",1,58,68,28,40
050,28,125,"Mississippi","Sharkey County",1,59,65,27,38
050,28,125,"Mississippi","Sharkey County",1,60,61,24,37
050,28,125,"Mississippi","Sharkey County",1,61,64,28,36
050,28,125,"Mississippi","Sharkey County",1,62,61,32,29
050,28,125,"Mississippi","Sharkey County",1,63,63,33,30
050,28,125,"Mississippi","Sharkey County",1,64,62,22,40
050,28,125,"Mississippi","Sharkey County",1,65,50,19,31
050,28,125,"Mississippi","Sharkey County",1,66,53,22,31
050,28,125,"Mississippi","Sharkey County",1,67,50,23,27
050,28,125,"Mississippi","Sharkey County",1,68,52,26,26
050,28,125,"Mississippi","Sharkey County",1,69,57,28,29
050,28,125,"Mississippi","Sharkey County",1,70,39,13,26
050,28,125,"Mississippi","Sharkey County",1,71,39,21,18
050,28,125,"Mississippi","Sharkey County",1,72,46,24,22
050,28,125,"Mississippi","Sharkey County",1,73,45,22,23
050,28,125,"Mississippi","Sharkey County",1,74,31,18,13
050,28,125,"Mississippi","Sharkey County",1,75,24,9,15
050,28,125,"Mississippi","Sharkey County",1,76,24,13,11
050,28,125,"Mississippi","Sharkey County",1,77,22,11,11
050,28,125,"Mississippi","Sharkey County",1,78,28,12,16
050,28,125,"Mississippi","Sharkey County",1,79,14,7,7
050,28,125,"Mississippi","Sharkey County",1,80,14,6,8
050,28,125,"Mississippi","Sharkey County",1,81,14,8,6
050,28,125,"Mississippi","Sharkey County",1,82,13,5,8
050,28,125,"Mississippi","Sharkey County",1,83,12,6,6
050,28,125,"Mississippi","Sharkey County",1,84,10,5,5
050,28,125,"Mississippi","Sharkey County",1,85,101,40,61
050,28,125,"Mississippi","Sharkey County",2,0,55,30,25
050,28,125,"Mississippi","Sharkey County",2,1,52,27,25
050,28,125,"Mississippi","Sharkey County",2,2,44,18,26
050,28,125,"Mississippi","Sharkey County",2,3,39,20,19
050,28,125,"Mississippi","Sharkey County",2,4,42,21,21
050,28,125,"Mississippi","Sharkey County",2,5,46,23,23
050,28,125,"Mississippi","Sharkey County",2,6,50,28,22
050,28,125,"Mississippi","Sharkey County",2,7,48,27,21
050,28,125,"Mississippi","Sharkey County",2,8,54,29,25
050,28,125,"Mississippi","Sharkey County",2,9,46,23,23
050,28,125,"Mississippi","Sharkey County",2,10,50,25,25
050,28,125,"Mississippi","Sharkey County",2,11,56,26,30
050,28,125,"Mississippi","Sharkey County",2,12,57,26,31
050,28,125,"Mississippi","Sharkey County",2,13,53,27,26
050,28,125,"Mississippi","Sharkey County",2,14,58,30,28
050,28,125,"Mississippi","Sharkey County",2,15,60,34,26
050,28,125,"Mississippi","Sharkey County",2,16,65,39,26
050,28,125,"Mississippi","Sharkey County",2,17,52,31,21
050,28,125,"Mississippi","Sharkey County",2,18,44,26,18
050,28,125,"Mississippi","Sharkey County",2,19,39,22,17
050,28,125,"Mississippi","Sharkey County",2,20,44,26,18
050,28,125,"Mississippi","Sharkey County",2,21,43,19,24
050,28,125,"Mississippi","Sharkey County",2,22,42,16,26
050,28,125,"Mississippi","Sharkey County",2,23,41,18,23
050,28,125,"Mississippi","Sharkey County",2,24,41,23,18
050,28,125,"Mississippi","Sharkey County",2,25,39,21,18
050,28,125,"Mississippi","Sharkey County",2,26,41,19,22
050,28,125,"Mississippi","Sharkey County",2,27,45,20,25
050,28,125,"Mississippi","Sharkey County",2,28,38,16,22
050,28,125,"Mississippi","Sharkey County",2,29,36,19,17
050,28,125,"Mississippi","Sharkey County",2,30,35,20,15
050,28,125,"Mississippi","Sharkey County",2,31,34,17,17
050,28,125,"Mississippi","Sharkey County",2,32,40,17,23
050,28,125,"Mississippi","Sharkey County",2,33,37,15,22
050,28,125,"Mississippi","Sharkey County",2,34,35,16,19
050,28,125,"Mississippi","Sharkey County",2,35,41,21,20
050,28,125,"Mississippi","Sharkey County",2,36,41,22,19
050,28,125,"Mississippi","Sharkey County",2,37,38,18,20
050,28,125,"Mississippi","Sharkey County",2,38,39,19,20
050,28,125,"Mississippi","Sharkey County",2,39,39,17,22
050,28,125,"Mississippi","Sharkey County",2,40,37,14,23
050,28,125,"Mississippi","Sharkey County",2,41,40,16,24
050,28,125,"Mississippi","Sharkey County",2,42,47,23,24
050,28,125,"Mississippi","Sharkey County",2,43,41,20,21
050,28,125,"Mississippi","Sharkey County",2,44,40,18,22
050,28,125,"Mississippi","Sharkey County",2,45,39,17,22
050,28,125,"Mississippi","Sharkey County",2,46,38,18,20
050,28,125,"Mississippi","Sharkey County",2,47,38,19,19
050,28,125,"Mississippi","Sharkey County",2,48,41,20,21
050,28,125,"Mississippi","Sharkey County",2,49,38,16,22
050,28,125,"Mississippi","Sharkey County",2,50,42,21,21
050,28,125,"Mississippi","Sharkey County",2,51,39,20,19
050,28,125,"Mississippi","Sharkey County",2,52,49,25,24
050,28,125,"Mississippi","Sharkey County",2,53,49,24,25
050,28,125,"Mississippi","Sharkey County",2,54,49,24,25
050,28,125,"Mississippi","Sharkey County",2,55,50,24,26
050,28,125,"Mississippi","Sharkey County",2,56,50,25,25
050,28,125,"Mississippi","Sharkey County",2,57,62,28,34
050,28,125,"Mississippi","Sharkey County",2,58,67,28,39
050,28,125,"Mississippi","Sharkey County",2,59,66,27,39
050,28,125,"Mississippi","Sharkey County",2,60,62,25,37
050,28,125,"Mississippi","Sharkey County",2,61,63,26,37
050,28,125,"Mississippi","Sharkey County",2,62,61,31,30
050,28,125,"Mississippi","Sharkey County",2,63,62,33,29
050,28,125,"Mississippi","Sharkey County",2,64,62,25,37
050,28,125,"Mississippi","Sharkey County",2,65,51,19,32
050,28,125,"Mississippi","Sharkey County",2,66,52,21,31
050,28,125,"Mississippi","Sharkey County",2,67,50,22,28
050,28,125,"Mississippi","Sharkey County",2,68,51,25,26
050,28,125,"Mississippi","Sharkey County",2,69,56,28,28
050,28,125,"Mississippi","Sharkey County",2,70,40,15,25
050,28,125,"Mississippi","Sharkey County",2,71,39,19,20
050,28,125,"Mississippi","Sharkey County",2,72,45,23,22
050,28,125,"Mississippi","Sharkey County",2,73,45,23,22
050,28,125,"Mississippi","Sharkey County",2,74,32,17,15
050,28,125,"Mississippi","Sharkey County",2,75,26,11,15
050,28,125,"Mississippi","Sharkey County",2,76,24,12,12
050,28,125,"Mississippi","Sharkey County",2,77,23,12,11
050,28,125,"Mississippi","Sharkey County",2,78,25,11,14
050,28,125,"Mississippi","Sharkey County",2,79,17,8,9
050,28,125,"Mississippi","Sharkey County",2,80,14,6,8
050,28,125,"Mississippi","Sharkey County",2,81,14,8,6
050,28,125,"Mississippi","Sharkey County",2,82,12,6,6
050,28,125,"Mississippi","Sharkey County",2,83,13,6,7
050,28,125,"Mississippi","Sharkey County",2,84,10,5,5
050,28,125,"Mississippi","Sharkey County",2,85,102,40,62
050,28,125,"Mississippi","Sharkey County",3,0,45,18,27
050,28,125,"Mississippi","Sharkey County",3,1,47,20,27
050,28,125,"Mississippi","Sharkey County",3,2,46,23,23
050,28,125,"Mississippi","Sharkey County",3,3,41,16,25
050,28,125,"Mississippi","Sharkey County",3,4,48,22,26
050,28,125,"Mississippi","Sharkey County",3,5,43,24,19
050,28,125,"Mississippi","Sharkey County",3,6,42,21,21
050,28,125,"Mississippi","Sharkey County",3,7,44,24,20
050,28,125,"Mississippi","Sharkey County",3,8,47,27,20
050,28,125,"Mississippi","Sharkey County",3,9,52,28,24
050,28,125,"Mississippi","Sharkey County",3,10,49,27,22
050,28,125,"Mississippi","Sharkey County",3,11,52,24,28
050,28,125,"Mississippi","Sharkey County",3,12,54,24,30
050,28,125,"Mississippi","Sharkey County",3,13,55,26,29
050,28,125,"Mississippi","Sharkey County",3,14,52,29,23
050,28,125,"Mississippi","Sharkey County",3,15,59,32,27
050,28,125,"Mississippi","Sharkey County",3,16,57,32,25
050,28,125,"Mississippi","Sharkey County",3,17,68,39,29
050,28,125,"Mississippi","Sharkey County",3,18,39,24,15
050,28,125,"Mississippi","Sharkey County",3,19,42,24,18
050,28,125,"Mississippi","Sharkey County",3,20,40,22,18
050,28,125,"Mississippi","Sharkey County",3,21,45,22,23
050,28,125,"Mississippi","Sharkey County",3,22,46,21,25
050,28,125,"Mississippi","Sharkey County",3,23,31,14,17
050,28,125,"Mississippi","Sharkey County",3,24,34,15,19
050,28,125,"Mississippi","Sharkey County",3,25,40,22,18
050,28,125,"Mississippi","Sharkey County",3,26,37,19,18
050,28,125,"Mississippi","Sharkey County",3,27,33,18,15
050,28,125,"Mississippi","Sharkey County",3,28,38,12,26
050,28,125,"Mississippi","Sharkey County",3,29,33,13,20
050,28,125,"Mississippi","Sharkey County",3,30,30,14,16
050,28,125,"Mississippi","Sharkey County",3,31,37,21,16
050,28,125,"Mississippi","Sharkey County",3,32,28,13,15
050,28,125,"Mississippi","Sharkey County",3,33,39,18,21
050,28,125,"Mississippi","Sharkey County",3,34,40,15,25
050,28,125,"Mississippi","Sharkey County",3,35,35,16,19
050,28,125,"Mississippi","Sharkey County",3,36,34,15,19
050,28,125,"Mississippi","Sharkey County",3,37,43,22,21
050,28,125,"Mississippi","Sharkey County",3,38,37,17,20
050,28,125,"Mississippi","Sharkey County",3,39,38,18,20
050,28,125,"Mississippi","Sharkey County",3,40,37,16,21
050,28,125,"Mississippi","Sharkey County",3,41,39,16,23
050,28,125,"Mississippi","Sharkey County",3,42,42,17,25
050,28,125,"Mississippi","Sharkey County",3,43,40,20,20
050,28,125,"Mississippi","Sharkey County",3,44,40,19,21
050,28,125,"Mississippi","Sharkey County",3,45,37,16,21
050,28,125,"Mississippi","Sharkey County",3,46,38,17,21
050,28,125,"Mississippi","Sharkey County",3,47,34,15,19
050,28,125,"Mississippi","Sharkey County",3,48,39,21,18
050,28,125,"Mississippi","Sharkey County",3,49,39,17,22
050,28,125,"Mississippi","Sharkey County",3,50,41,20,21
050,28,125,"Mississippi","Sharkey County",3,51,40,22,18
050,28,125,"Mississippi","Sharkey County",3,52,41,21,20
050,28,125,"Mississippi","Sharkey County",3,53,44,21,23
050,28,125,"Mississippi","Sharkey County",3,54,48,22,26
050,28,125,"Mississippi","Sharkey County",3,55,46,23,23
050,28,125,"Mississippi","Sharkey County",3,56,52,24,28
050,28,125,"Mississippi","Sharkey County",3,57,50,26,24
050,28,125,"Mississippi","Sharkey County",3,58,56,25,31
050,28,125,"Mississippi","Sharkey County",3,59,61,26,35
050,28,125,"Mississippi","Sharkey County",3,60,65,27,38
050,28,125,"Mississippi","Sharkey County",3,61,56,24,32
050,28,125,"Mississippi","Sharkey County",3,62,68,30,38
050,28,125,"Mississippi","Sharkey County",3,63,55,26,29
050,28,125,"Mississippi","Sharkey County",3,64,60,31,29
050,28,125,"Mississippi","Sharkey County",3,65,61,25,36
050,28,125,"Mississippi","Sharkey County",3,66,53,18,35
050,28,125,"Mississippi","Sharkey County",3,67,50,20,30
050,28,125,"Mississippi","Sharkey County",3,68,45,19,26
050,28,125,"Mississippi","Sharkey County",3,69,51,25,26
050,28,125,"Mississippi","Sharkey County",3,70,55,28,27
050,28,125,"Mississippi","Sharkey County",3,71,36,11,25
050,28,125,"Mississippi","Sharkey County",3,72,36,15,21
050,28,125,"Mississippi","Sharkey County",3,73,42,23,19
050,28,125,"Mississippi","Sharkey County",3,74,39,21,18
050,28,125,"Mississippi","Sharkey County",3,75,29,15,14
050,28,125,"Mississippi","Sharkey County",3,76,21,7,14
050,28,125,"Mississippi","Sharkey County",3,77,26,13,13
050,28,125,"Mississippi","Sharkey County",3,78,20,10,10
050,28,125,"Mississippi","Sharkey County",3,79,20,10,10
050,28,125,"Mississippi","Sharkey County",3,80,17,8,9
050,28,125,"Mississippi","Sharkey County",3,81,13,6,7
050,28,125,"Mississippi","Sharkey County",3,82,14,9,5
050,28,125,"Mississippi","Sharkey County",3,83,9,4,5
050,28,125,"Mississippi","Sharkey County",3,84,11,6,5
050,28,125,"Mississippi","Sharkey County",3,85,90,38,52
050,28,125,"Mississippi","Sharkey County",4,0,43,21,22
050,28,125,"Mississippi","Sharkey County",4,1,48,21,27
050,28,125,"Mississippi","Sharkey County",4,2,47,18,29
050,28,125,"Mississippi","Sharkey County",4,3,41,26,15
050,28,125,"Mississippi","Sharkey County",4,4,40,15,25
050,28,125,"Mississippi","Sharkey County",4,5,40,19,21
050,28,125,"Mississippi","Sharkey County",4,6,37,18,19
050,28,125,"Mississippi","Sharkey County",4,7,42,24,18
050,28,125,"Mississippi","Sharkey County",4,8,43,21,22
050,28,125,"Mississippi","Sharkey County",4,9,42,26,16
050,28,125,"Mississippi","Sharkey County",4,10,52,29,23
050,28,125,"Mississippi","Sharkey County",4,11,46,25,21
050,28,125,"Mississippi","Sharkey County",4,12,45,22,23
050,28,125,"Mississippi","Sharkey County",4,13,53,24,29
050,28,125,"Mississippi","Sharkey County",4,14,52,25,27
050,28,125,"Mississippi","Sharkey County",4,15,53,30,23
050,28,125,"Mississippi","Sharkey County",4,16,55,28,27
050,28,125,"Mississippi","Sharkey County",4,17,49,26,23
050,28,125,"Mississippi","Sharkey County",4,18,52,32,20
050,28,125,"Mississippi","Sharkey County",4,19,31,18,13
050,28,125,"Mississippi","Sharkey County",4,20,46,26,20
050,28,125,"Mississippi","Sharkey County",4,21,38,17,21
050,28,125,"Mississippi","Sharkey County",4,22,43,23,20
050,28,125,"Mississippi","Sharkey County",4,23,42,19,23
050,28,125,"Mississippi","Sharkey County",4,24,34,15,19
050,28,125,"Mississippi","Sharkey County",4,25,29,12,17
050,28,125,"Mississippi","Sharkey County",4,26,36,19,17
050,28,125,"Mississippi","Sharkey County",4,27,31,17,14
050,28,125,"Mississippi","Sharkey County",4,28,32,15,17
050,28,125,"Mississippi","Sharkey County",4,29,33,11,22
050,28,125,"Mississippi","Sharkey County",4,30,32,13,19
050,28,125,"Mississippi","Sharkey County",4,31,27,14,13
050,28,125,"Mississippi","Sharkey County",4,32,32,16,16
050,28,125,"Mississippi","Sharkey County",4,33,27,12,15
050,28,125,"Mississippi","Sharkey County",4,34,38,19,19
050,28,125,"Mississippi","Sharkey County",4,35,39,16,23
050,28,125,"Mississippi","Sharkey County",4,36,28,12,16
050,28,125,"Mississippi","Sharkey County",4,37,33,14,19
050,28,125,"Mississippi","Sharkey County",4,38,42,21,21
050,28,125,"Mississippi","Sharkey County",4,39,35,17,18
050,28,125,"Mississippi","Sharkey County",4,40,35,17,18
050,28,125,"Mississippi","Sharkey County",4,41,37,15,22
050,28,125,"Mississippi","Sharkey County",4,42,41,16,25
050,28,125,"Mississippi","Sharkey County",4,43,38,15,23
050,28,125,"Mississippi","Sharkey County",4,44,37,19,18
050,28,125,"Mississippi","Sharkey County",4,45,38,16,22
050,28,125,"Mississippi","Sharkey County",4,46,37,16,21
050,28,125,"Mississippi","Sharkey County",4,47,38,19,19
050,28,125,"Mississippi","Sharkey County",4,48,25,6,19
050,28,125,"Mississippi","Sharkey County",4,49,35,20,15
050,28,125,"Mississippi","Sharkey County",4,50,38,16,22
050,28,125,"Mississippi","Sharkey County",4,51,39,22,17
050,28,125,"Mississippi","Sharkey County",4,52,43,25,18
050,28,125,"Mississippi","Sharkey County",4,53,41,19,22
050,28,125,"Mississippi","Sharkey County",4,54,46,23,23
050,28,125,"Mississippi","Sharkey County",4,55,47,22,25
050,28,125,"Mississippi","Sharkey County",4,56,45,23,22
050,28,125,"Mississippi","Sharkey County",4,57,54,23,31
050,28,125,"Mississippi","Sharkey County",4,58,44,22,22
050,28,125,"Mississippi","Sharkey County",4,59,53,23,30
050,28,125,"Mississippi","Sharkey County",4,60,62,28,34
050,28,125,"Mississippi","Sharkey County",4,61,62,25,37
050,28,125,"Mississippi","Sharkey County",4,62,57,27,30
050,28,125,"Mississippi","Sharkey County",4,63,63,28,35
050,28,125,"Mississippi","Sharkey County",4,64,51,22,29
050,28,125,"Mississippi","Sharkey County",4,65,55,30,25
050,28,125,"Mississippi","Sharkey County",4,66,60,22,38
050,28,125,"Mississippi","Sharkey County",4,67,53,19,34
050,28,125,"Mississippi","Sharkey County",4,68,46,17,29
050,28,125,"Mississippi","Sharkey County",4,69,47,21,26
050,28,125,"Mississippi","Sharkey County",4,70,50,24,26
050,28,125,"Mississippi","Sharkey County",4,71,51,25,26
050,28,125,"Mississippi","Sharkey County",4,72,32,8,24
050,28,125,"Mississippi","Sharkey County",4,73,35,15,20
050,28,125,"Mississippi","Sharkey County",4,74,38,23,15
050,28,125,"Mississippi","Sharkey County",4,75,38,19,19
050,28,125,"Mississippi","Sharkey County",4,76,29,14,15
050,28,125,"Mississippi","Sharkey County",4,77,21,9,12
050,28,125,"Mississippi","Sharkey County",4,78,23,11,12
050,28,125,"Mississippi","Sharkey County",4,79,15,9,6
050,28,125,"Mississippi","Sharkey County",4,80,22,11,11
050,28,125,"Mississippi","Sharkey County",4,81,16,8,8
050,28,125,"Mississippi","Sharkey County",4,82,13,6,7
050,28,125,"Mississippi","Sharkey County",4,83,11,7,4
050,28,125,"Mississippi","Sharkey County",4,84,7,4,3
050,28,125,"Mississippi","Sharkey County",4,85,86,40,46
050,28,125,"Mississippi","Sharkey County",5,0,43,21,22
050,28,125,"Mississippi","Sharkey County",5,1,46,20,26
050,28,125,"Mississippi","Sharkey County",5,2,49,22,27
050,28,125,"Mississippi","Sharkey County",5,3,43,17,26
050,28,125,"Mississippi","Sharkey County",5,4,41,26,15
050,28,125,"Mississippi","Sharkey County",5,5,35,11,24
050,28,125,"Mississippi","Sharkey County",5,6,34,16,18
050,28,125,"Mississippi","Sharkey County",5,7,34,17,17
050,28,125,"Mississippi","Sharkey County",5,8,44,22,22
050,28,125,"Mississippi","Sharkey County",5,9,46,23,23
050,28,125,"Mississippi","Sharkey County",5,10,39,24,15
050,28,125,"Mississippi","Sharkey County",5,11,51,30,21
050,28,125,"Mississippi","Sharkey County",5,12,47,26,21
050,28,125,"Mississippi","Sharkey County",5,13,43,22,21
050,28,125,"Mississippi","Sharkey County",5,14,52,23,29
050,28,125,"Mississippi","Sharkey County",5,15,52,28,24
050,28,125,"Mississippi","Sharkey County",5,16,50,28,22
050,28,125,"Mississippi","Sharkey County",5,17,59,29,30
050,28,125,"Mississippi","Sharkey County",5,18,41,23,18
050,28,125,"Mississippi","Sharkey County",5,19,36,22,14
050,28,125,"Mississippi","Sharkey County",5,20,32,14,18
050,28,125,"Mississippi","Sharkey County",5,21,43,22,21
050,28,125,"Mississippi","Sharkey County",5,22,38,18,20
050,28,125,"Mississippi","Sharkey County",5,23,41,23,18
050,28,125,"Mississippi","Sharkey County",5,24,46,16,30
050,28,125,"Mississippi","Sharkey County",5,25,31,13,18
050,28,125,"Mississippi","Sharkey County",5,26,26,11,15
050,28,125,"Mississippi","Sharkey County",5,27,31,17,14
050,28,125,"Mississippi","Sharkey County",5,28,25,11,14
050,28,125,"Mississippi","Sharkey County",5,29,33,15,18
050,28,125,"Mississippi","Sharkey County",5,30,30,11,19
050,28,125,"Mississippi","Sharkey County",5,31,29,13,16
050,28,125,"Mississippi","Sharkey County",5,32,29,16,13
050,28,125,"Mississippi","Sharkey County",5,33,31,16,15
050,28,125,"Mississippi","Sharkey County",5,34,28,13,15
050,28,125,"Mississippi","Sharkey County",5,35,37,19,18
050,28,125,"Mississippi","Sharkey County",5,36,41,16,25
050,28,125,"Mississippi","Sharkey County",5,37,27,14,13
050,28,125,"Mississippi","Sharkey County",5,38,33,15,18
050,28,125,"Mississippi","Sharkey County",5,39,42,21,21
050,28,125,"Mississippi","Sharkey County",5,40,36,15,21
050,28,125,"Mississippi","Sharkey County",5,41,29,14,15
050,28,125,"Mississippi","Sharkey County",5,42,41,17,24
050,28,125,"Mississippi","Sharkey County",5,43,37,13,24
050,28,125,"Mississippi","Sharkey County",5,44,36,14,22
050,28,125,"Mississippi","Sharkey County",5,45,34,18,16
050,28,125,"Mississippi","Sharkey County",5,46,33,14,19
050,28,125,"Mississippi","Sharkey County",5,47,33,12,21
050,28,125,"Mississippi","Sharkey County",5,48,35,18,17
050,28,125,"Mississippi","Sharkey County",5,49,28,5,23
050,28,125,"Mississippi","Sharkey County",5,50,33,20,13
050,28,125,"Mississippi","Sharkey County",5,51,32,15,17
050,28,125,"Mississippi","Sharkey County",5,52,37,20,17
050,28,125,"Mississippi","Sharkey County",5,53,44,26,18
050,28,125,"Mississippi","Sharkey County",5,54,41,20,21
050,28,125,"Mississippi","Sharkey County",5,55,49,26,23
050,28,125,"Mississippi","Sharkey County",5,56,47,23,24
050,28,125,"Mississippi","Sharkey County",5,57,45,25,20
050,28,125,"Mississippi","Sharkey County",5,58,49,19,30
050,28,125,"Mississippi","Sharkey County",5,59,42,22,20
050,28,125,"Mississippi","Sharkey County",5,60,53,23,30
050,28,125,"Mississippi","Sharkey County",5,61,57,25,32
050,28,125,"Mississippi","Sharkey County",5,62,62,27,35
050,28,125,"Mississippi","Sharkey County",5,63,56,25,31
050,28,125,"Mississippi","Sharkey County",5,64,58,24,34
050,28,125,"Mississippi","Sharkey County",5,65,47,19,28
050,28,125,"Mississippi","Sharkey County",5,66,53,28,25
050,28,125,"Mississippi","Sharkey County",5,67,58,23,35
050,28,125,"Mississippi","Sharkey County",5,68,47,17,30
050,28,125,"Mississippi","Sharkey County",5,69,45,16,29
050,28,125,"Mississippi","Sharkey County",5,70,44,21,23
050,28,125,"Mississippi","Sharkey County",5,71,47,22,25
050,28,125,"Mississippi","Sharkey County",5,72,48,22,26
050,28,125,"Mississippi","Sharkey County",5,73,29,8,21
050,28,125,"Mississippi","Sharkey County",5,74,29,13,16
050,28,125,"Mississippi","Sharkey County",5,75,36,22,14
050,28,125,"Mississippi","Sharkey County",5,76,36,17,19
050,28,125,"Mississippi","Sharkey County",5,77,31,15,16
050,28,125,"Mississippi","Sharkey County",5,78,19,8,11
050,28,125,"Mississippi","Sharkey County",5,79,18,10,8
050,28,125,"Mississippi","Sharkey County",5,80,16,10,6
050,28,125,"Mississippi","Sharkey County",5,81,20,11,9
050,28,125,"Mississippi","Sharkey County",5,82,15,8,7
050,28,125,"Mississippi","Sharkey County",5,83,9,4,5
050,28,125,"Mississippi","Sharkey County",5,84,9,7,2
050,28,125,"Mississippi","Sharkey County",5,85,75,39,36
050,28,127,"Mississippi","Simpson County",1,0,311,156,155
050,28,127,"Mississippi","Simpson County",1,1,298,149,149
050,28,127,"Mississippi","Simpson County",1,2,310,156,154
050,28,127,"Mississippi","Simpson County",1,3,289,148,141
050,28,127,"Mississippi","Simpson County",1,4,301,144,157
050,28,127,"Mississippi","Simpson County",1,5,283,154,129
050,28,127,"Mississippi","Simpson County",1,6,317,157,160
050,28,127,"Mississippi","Simpson County",1,7,308,165,143
050,28,127,"Mississippi","Simpson County",1,8,317,159,158
050,28,127,"Mississippi","Simpson County",1,9,326,161,165
050,28,127,"Mississippi","Simpson County",1,10,353,179,174
050,28,127,"Mississippi","Simpson County",1,11,376,205,171
050,28,127,"Mississippi","Simpson County",1,12,397,213,184
050,28,127,"Mississippi","Simpson County",1,13,413,223,190
050,28,127,"Mississippi","Simpson County",1,14,390,194,196
050,28,127,"Mississippi","Simpson County",1,15,359,197,162
050,28,127,"Mississippi","Simpson County",1,16,367,201,166
050,28,127,"Mississippi","Simpson County",1,17,355,191,164
050,28,127,"Mississippi","Simpson County",1,18,317,163,154
050,28,127,"Mississippi","Simpson County",1,19,276,145,131
050,28,127,"Mississippi","Simpson County",1,20,260,136,124
050,28,127,"Mississippi","Simpson County",1,21,275,143,132
050,28,127,"Mississippi","Simpson County",1,22,294,152,142
050,28,127,"Mississippi","Simpson County",1,23,289,150,139
050,28,127,"Mississippi","Simpson County",1,24,320,160,160
050,28,127,"Mississippi","Simpson County",1,25,318,164,154
050,28,127,"Mississippi","Simpson County",1,26,334,172,162
050,28,127,"Mississippi","Simpson County",1,27,354,178,176
050,28,127,"Mississippi","Simpson County",1,28,329,164,165
050,28,127,"Mississippi","Simpson County",1,29,345,165,180
050,28,127,"Mississippi","Simpson County",1,30,328,155,173
050,28,127,"Mississippi","Simpson County",1,31,330,153,177
050,28,127,"Mississippi","Simpson County",1,32,300,143,157
050,28,127,"Mississippi","Simpson County",1,33,275,127,148
050,28,127,"Mississippi","Simpson County",1,34,273,127,146
050,28,127,"Mississippi","Simpson County",1,35,280,131,149
050,28,127,"Mississippi","Simpson County",1,36,303,135,168
050,28,127,"Mississippi","Simpson County",1,37,332,148,184
050,28,127,"Mississippi","Simpson County",1,38,349,181,168
050,28,127,"Mississippi","Simpson County",1,39,330,176,154
050,28,127,"Mississippi","Simpson County",1,40,308,149,159
050,28,127,"Mississippi","Simpson County",1,41,309,154,155
050,28,127,"Mississippi","Simpson County",1,42,286,131,155
050,28,127,"Mississippi","Simpson County",1,43,313,148,165
050,28,127,"Mississippi","Simpson County",1,44,302,143,159
050,28,127,"Mississippi","Simpson County",1,45,282,145,137
050,28,127,"Mississippi","Simpson County",1,46,313,153,160
050,28,127,"Mississippi","Simpson County",1,47,282,117,165
050,28,127,"Mississippi","Simpson County",1,48,320,141,179
050,28,127,"Mississippi","Simpson County",1,49,366,173,193
050,28,127,"Mississippi","Simpson County",1,50,327,164,163
050,28,127,"Mississippi","Simpson County",1,51,326,159,167
050,28,127,"Mississippi","Simpson County",1,52,294,132,162
050,28,127,"Mississippi","Simpson County",1,53,298,151,147
050,28,127,"Mississippi","Simpson County",1,54,329,151,178
050,28,127,"Mississippi","Simpson County",1,55,349,157,192
050,28,127,"Mississippi","Simpson County",1,56,376,179,197
050,28,127,"Mississippi","Simpson County",1,57,385,190,195
050,28,127,"Mississippi","Simpson County",1,58,383,169,214
050,28,127,"Mississippi","Simpson County",1,59,351,154,197
050,28,127,"Mississippi","Simpson County",1,60,362,179,183
050,28,127,"Mississippi","Simpson County",1,61,392,199,193
050,28,127,"Mississippi","Simpson County",1,62,381,184,197
050,28,127,"Mississippi","Simpson County",1,63,363,178,185
050,28,127,"Mississippi","Simpson County",1,64,355,177,178
050,28,127,"Mississippi","Simpson County",1,65,368,187,181
050,28,127,"Mississippi","Simpson County",1,66,331,154,177
050,28,127,"Mississippi","Simpson County",1,67,325,146,179
050,28,127,"Mississippi","Simpson County",1,68,309,145,164
050,28,127,"Mississippi","Simpson County",1,69,281,143,138
050,28,127,"Mississippi","Simpson County",1,70,269,128,141
050,28,127,"Mississippi","Simpson County",1,71,262,111,151
050,28,127,"Mississippi","Simpson County",1,72,275,132,143
050,28,127,"Mississippi","Simpson County",1,73,265,123,142
050,28,127,"Mississippi","Simpson County",1,74,188,86,102
050,28,127,"Mississippi","Simpson County",1,75,167,77,90
050,28,127,"Mississippi","Simpson County",1,76,164,78,86
050,28,127,"Mississippi","Simpson County",1,77,189,81,108
050,28,127,"Mississippi","Simpson County",1,78,169,72,97
050,28,127,"Mississippi","Simpson County",1,79,151,70,81
050,28,127,"Mississippi","Simpson County",1,80,124,56,68
050,28,127,"Mississippi","Simpson County",1,81,113,50,63
050,28,127,"Mississippi","Simpson County",1,82,101,46,55
050,28,127,"Mississippi","Simpson County",1,83,104,40,64
050,28,127,"Mississippi","Simpson County",1,84,93,37,56
050,28,127,"Mississippi","Simpson County",1,85,476,178,298
050,28,127,"Mississippi","Simpson County",2,0,300,149,151
050,28,127,"Mississippi","Simpson County",2,1,300,149,151
050,28,127,"Mississippi","Simpson County",2,2,300,151,149
050,28,127,"Mississippi","Simpson County",2,3,295,151,144
050,28,127,"Mississippi","Simpson County",2,4,299,146,153
050,28,127,"Mississippi","Simpson County",2,5,293,154,139
050,28,127,"Mississippi","Simpson County",2,6,313,160,153
050,28,127,"Mississippi","Simpson County",2,7,310,163,147
050,28,127,"Mississippi","Simpson County",2,8,313,159,154
050,28,127,"Mississippi","Simpson County",2,9,322,160,162
050,28,127,"Mississippi","Simpson County",2,10,345,176,169
050,28,127,"Mississippi","Simpson County",2,11,370,199,171
050,28,127,"Mississippi","Simpson County",2,12,394,213,181
050,28,127,"Mississippi","Simpson County",2,13,410,220,190
050,28,127,"Mississippi","Simpson County",2,14,391,198,193
050,28,127,"Mississippi","Simpson County",2,15,365,196,169
050,28,127,"Mississippi","Simpson County",2,16,365,200,165
050,28,127,"Mississippi","Simpson County",2,17,356,192,164
050,28,127,"Mississippi","Simpson County",2,18,314,165,149
050,28,127,"Mississippi","Simpson County",2,19,271,142,129
050,28,127,"Mississippi","Simpson County",2,20,272,141,131
050,28,127,"Mississippi","Simpson County",2,21,272,141,131
050,28,127,"Mississippi","Simpson County",2,22,294,152,142
050,28,127,"Mississippi","Simpson County",2,23,293,149,144
050,28,127,"Mississippi","Simpson County",2,24,313,158,155
050,28,127,"Mississippi","Simpson County",2,25,318,163,155
050,28,127,"Mississippi","Simpson County",2,26,333,171,162
050,28,127,"Mississippi","Simpson County",2,27,350,176,174
050,28,127,"Mississippi","Simpson County",2,28,331,163,168
050,28,127,"Mississippi","Simpson County",2,29,338,162,176
050,28,127,"Mississippi","Simpson County",2,30,334,157,177
050,28,127,"Mississippi","Simpson County",2,31,330,154,176
050,28,127,"Mississippi","Simpson County",2,32,303,144,159
050,28,127,"Mississippi","Simpson County",2,33,279,127,152
050,28,127,"Mississippi","Simpson County",2,34,273,128,145
050,28,127,"Mississippi","Simpson County",2,35,280,131,149
050,28,127,"Mississippi","Simpson County",2,36,296,133,163
050,28,127,"Mississippi","Simpson County",2,37,326,146,180
050,28,127,"Mississippi","Simpson County",2,38,346,172,174
050,28,127,"Mississippi","Simpson County",2,39,332,177,155
050,28,127,"Mississippi","Simpson County",2,40,313,155,158
050,28,127,"Mississippi","Simpson County",2,41,308,153,155
050,28,127,"Mississippi","Simpson County",2,42,287,134,153
050,28,127,"Mississippi","Simpson County",2,43,307,144,163
050,28,127,"Mississippi","Simpson County",2,44,299,142,157
050,28,127,"Mississippi","Simpson County",2,45,288,145,143
050,28,127,"Mississippi","Simpson County",2,46,301,148,153
050,28,127,"Mississippi","Simpson County",2,47,289,126,163
050,28,127,"Mississippi","Simpson County",2,48,311,135,176
050,28,127,"Mississippi","Simpson County",2,49,356,167,189
050,28,127,"Mississippi","Simpson County",2,50,336,165,171
050,28,127,"Mississippi","Simpson County",2,51,326,160,166
050,28,127,"Mississippi","Simpson County",2,52,301,139,162
050,28,127,"Mississippi","Simpson County",2,53,297,146,151
050,28,127,"Mississippi","Simpson County",2,54,321,150,171
050,28,127,"Mississippi","Simpson County",2,55,346,157,189
050,28,127,"Mississippi","Simpson County",2,56,372,175,197
050,28,127,"Mississippi","Simpson County",2,57,383,187,196
050,28,127,"Mississippi","Simpson County",2,58,378,172,206
050,28,127,"Mississippi","Simpson County",2,59,357,157,200
050,28,127,"Mississippi","Simpson County",2,60,358,173,185
050,28,127,"Mississippi","Simpson County",2,61,380,192,188
050,28,127,"Mississippi","Simpson County",2,62,383,188,195
050,28,127,"Mississippi","Simpson County",2,63,368,180,188
050,28,127,"Mississippi","Simpson County",2,64,354,176,178
050,28,127,"Mississippi","Simpson County",2,65,364,185,179
050,28,127,"Mississippi","Simpson County",2,66,338,160,178
050,28,127,"Mississippi","Simpson County",2,67,327,150,177
050,28,127,"Mississippi","Simpson County",2,68,309,143,166
050,28,127,"Mississippi","Simpson County",2,69,287,141,146
050,28,127,"Mississippi","Simpson County",2,70,270,130,140
050,28,127,"Mississippi","Simpson County",2,71,263,117,146
050,28,127,"Mississippi","Simpson County",2,72,266,124,142
050,28,127,"Mississippi","Simpson County",2,73,279,131,148
050,28,127,"Mississippi","Simpson County",2,74,192,88,104
050,28,127,"Mississippi","Simpson County",2,75,171,80,91
050,28,127,"Mississippi","Simpson County",2,76,162,77,85
050,28,127,"Mississippi","Simpson County",2,77,181,77,104
050,28,127,"Mississippi","Simpson County",2,78,168,72,96
050,28,127,"Mississippi","Simpson County",2,79,149,67,82
050,28,127,"Mississippi","Simpson County",2,80,127,57,70
050,28,127,"Mississippi","Simpson County",2,81,116,52,64
050,28,127,"Mississippi","Simpson County",2,82,102,46,56
050,28,127,"Mississippi","Simpson County",2,83,100,41,59
050,28,127,"Mississippi","Simpson County",2,84,92,35,57
050,28,127,"Mississippi","Simpson County",2,85,480,181,299
050,28,127,"Mississippi","Simpson County",3,0,308,147,161
050,28,127,"Mississippi","Simpson County",3,1,311,145,166
050,28,127,"Mississippi","Simpson County",3,2,310,152,158
050,28,127,"Mississippi","Simpson County",3,3,319,170,149
050,28,127,"Mississippi","Simpson County",3,4,288,148,140
050,28,127,"Mississippi","Simpson County",3,5,298,152,146
050,28,127,"Mississippi","Simpson County",3,6,280,148,132
050,28,127,"Mississippi","Simpson County",3,7,308,155,153
050,28,127,"Mississippi","Simpson County",3,8,308,165,143
050,28,127,"Mississippi","Simpson County",3,9,310,152,158
050,28,127,"Mississippi","Simpson County",3,10,316,155,161
050,28,127,"Mississippi","Simpson County",3,11,353,185,168
050,28,127,"Mississippi","Simpson County",3,12,377,202,175
050,28,127,"Mississippi","Simpson County",3,13,392,210,182
050,28,127,"Mississippi","Simpson County",3,14,404,215,189
050,28,127,"Mississippi","Simpson County",3,15,392,202,190
050,28,127,"Mississippi","Simpson County",3,16,357,189,168
050,28,127,"Mississippi","Simpson County",3,17,367,195,172
050,28,127,"Mississippi","Simpson County",3,18,309,164,145
050,28,127,"Mississippi","Simpson County",3,19,251,129,122
050,28,127,"Mississippi","Simpson County",3,20,291,147,144
050,28,127,"Mississippi","Simpson County",3,21,290,141,149
050,28,127,"Mississippi","Simpson County",3,22,274,143,131
050,28,127,"Mississippi","Simpson County",3,23,305,148,157
050,28,127,"Mississippi","Simpson County",3,24,298,148,150
050,28,127,"Mississippi","Simpson County",3,25,286,144,142
050,28,127,"Mississippi","Simpson County",3,26,303,155,148
050,28,127,"Mississippi","Simpson County",3,27,325,162,163
050,28,127,"Mississippi","Simpson County",3,28,353,176,177
050,28,127,"Mississippi","Simpson County",3,29,320,160,160
050,28,127,"Mississippi","Simpson County",3,30,335,161,174
050,28,127,"Mississippi","Simpson County",3,31,333,157,176
050,28,127,"Mississippi","Simpson County",3,32,332,158,174
050,28,127,"Mississippi","Simpson County",3,33,299,140,159
050,28,127,"Mississippi","Simpson County",3,34,271,120,151
050,28,127,"Mississippi","Simpson County",3,35,264,121,143
050,28,127,"Mississippi","Simpson County",3,36,276,125,151
050,28,127,"Mississippi","Simpson County",3,37,293,138,155
050,28,127,"Mississippi","Simpson County",3,38,318,141,177
050,28,127,"Mississippi","Simpson County",3,39,346,181,165
050,28,127,"Mississippi","Simpson County",3,40,323,169,154
050,28,127,"Mississippi","Simpson County",3,41,307,157,150
050,28,127,"Mississippi","Simpson County",3,42,301,148,153
050,28,127,"Mississippi","Simpson County",3,43,279,135,144
050,28,127,"Mississippi","Simpson County",3,44,306,148,158
050,28,127,"Mississippi","Simpson County",3,45,298,139,159
050,28,127,"Mississippi","Simpson County",3,46,284,141,143
050,28,127,"Mississippi","Simpson County",3,47,307,157,150
050,28,127,"Mississippi","Simpson County",3,48,292,131,161
050,28,127,"Mississippi","Simpson County",3,49,324,146,178
050,28,127,"Mississippi","Simpson County",3,50,349,166,183
050,28,127,"Mississippi","Simpson County",3,51,345,169,176
050,28,127,"Mississippi","Simpson County",3,52,317,151,166
050,28,127,"Mississippi","Simpson County",3,53,293,135,158
050,28,127,"Mississippi","Simpson County",3,54,310,146,164
050,28,127,"Mississippi","Simpson County",3,55,317,143,174
050,28,127,"Mississippi","Simpson County",3,56,334,150,184
050,28,127,"Mississippi","Simpson County",3,57,367,173,194
050,28,127,"Mississippi","Simpson County",3,58,377,188,189
050,28,127,"Mississippi","Simpson County",3,59,361,162,199
050,28,127,"Mississippi","Simpson County",3,60,347,154,193
050,28,127,"Mississippi","Simpson County",3,61,357,168,189
050,28,127,"Mississippi","Simpson County",3,62,371,186,185
050,28,127,"Mississippi","Simpson County",3,63,381,187,194
050,28,127,"Mississippi","Simpson County",3,64,368,174,194
050,28,127,"Mississippi","Simpson County",3,65,356,181,175
050,28,127,"Mississippi","Simpson County",3,66,344,172,172
050,28,127,"Mississippi","Simpson County",3,67,328,156,172
050,28,127,"Mississippi","Simpson County",3,68,321,143,178
050,28,127,"Mississippi","Simpson County",3,69,298,138,160
050,28,127,"Mississippi","Simpson County",3,70,281,137,144
050,28,127,"Mississippi","Simpson County",3,71,269,131,138
050,28,127,"Mississippi","Simpson County",3,72,249,108,141
050,28,127,"Mississippi","Simpson County",3,73,260,122,138
050,28,127,"Mississippi","Simpson County",3,74,270,127,143
050,28,127,"Mississippi","Simpson County",3,75,179,81,98
050,28,127,"Mississippi","Simpson County",3,76,157,74,83
050,28,127,"Mississippi","Simpson County",3,77,150,71,79
050,28,127,"Mississippi","Simpson County",3,78,175,75,100
050,28,127,"Mississippi","Simpson County",3,79,156,66,90
050,28,127,"Mississippi","Simpson County",3,80,136,63,73
050,28,127,"Mississippi","Simpson County",3,81,113,50,63
050,28,127,"Mississippi","Simpson County",3,82,107,46,61
050,28,127,"Mississippi","Simpson County",3,83,92,42,50
050,28,127,"Mississippi","Simpson County",3,84,96,39,57
050,28,127,"Mississippi","Simpson County",3,85,480,189,291
050,28,127,"Mississippi","Simpson County",4,0,327,168,159
050,28,127,"Mississippi","Simpson County",4,1,285,132,153
050,28,127,"Mississippi","Simpson County",4,2,315,146,169
050,28,127,"Mississippi","Simpson County",4,3,307,157,150
050,28,127,"Mississippi","Simpson County",4,4,316,164,152
050,28,127,"Mississippi","Simpson County",4,5,291,157,134
050,28,127,"Mississippi","Simpson County",4,6,303,155,148
050,28,127,"Mississippi","Simpson County",4,7,299,155,144
050,28,127,"Mississippi","Simpson County",4,8,308,161,147
050,28,127,"Mississippi","Simpson County",4,9,300,163,137
050,28,127,"Mississippi","Simpson County",4,10,312,156,156
050,28,127,"Mississippi","Simpson County",4,11,308,153,155
050,28,127,"Mississippi","Simpson County",4,12,359,192,167
050,28,127,"Mississippi","Simpson County",4,13,384,205,179
050,28,127,"Mississippi","Simpson County",4,14,388,215,173
050,28,127,"Mississippi","Simpson County",4,15,416,220,196
050,28,127,"Mississippi","Simpson County",4,16,384,192,192
050,28,127,"Mississippi","Simpson County",4,17,361,192,169
050,28,127,"Mississippi","Simpson County",4,18,322,175,147
050,28,127,"Mississippi","Simpson County",4,19,255,140,115
050,28,127,"Mississippi","Simpson County",4,20,264,134,130
050,28,127,"Mississippi","Simpson County",4,21,300,149,151
050,28,127,"Mississippi","Simpson County",4,22,315,157,158
050,28,127,"Mississippi","Simpson County",4,23,294,140,154
050,28,127,"Mississippi","Simpson County",4,24,298,151,147
050,28,127,"Mississippi","Simpson County",4,25,289,144,145
050,28,127,"Mississippi","Simpson County",4,26,278,134,144
050,28,127,"Mississippi","Simpson County",4,27,294,146,148
050,28,127,"Mississippi","Simpson County",4,28,327,165,162
050,28,127,"Mississippi","Simpson County",4,29,333,165,168
050,28,127,"Mississippi","Simpson County",4,30,321,156,165
050,28,127,"Mississippi","Simpson County",4,31,330,154,176
050,28,127,"Mississippi","Simpson County",4,32,333,158,175
050,28,127,"Mississippi","Simpson County",4,33,328,161,167
050,28,127,"Mississippi","Simpson County",4,34,294,137,157
050,28,127,"Mississippi","Simpson County",4,35,264,115,149
050,28,127,"Mississippi","Simpson County",4,36,247,110,137
050,28,127,"Mississippi","Simpson County",4,37,277,129,148
050,28,127,"Mississippi","Simpson County",4,38,293,136,157
050,28,127,"Mississippi","Simpson County",4,39,315,145,170
050,28,127,"Mississippi","Simpson County",4,40,351,183,168
050,28,127,"Mississippi","Simpson County",4,41,336,181,155
050,28,127,"Mississippi","Simpson County",4,42,298,151,147
050,28,127,"Mississippi","Simpson County",4,43,296,145,151
050,28,127,"Mississippi","Simpson County",4,44,289,140,149
050,28,127,"Mississippi","Simpson County",4,45,311,148,163
050,28,127,"Mississippi","Simpson County",4,46,284,135,149
050,28,127,"Mississippi","Simpson County",4,47,274,129,145
050,28,127,"Mississippi","Simpson County",4,48,310,158,152
050,28,127,"Mississippi","Simpson County",4,49,293,132,161
050,28,127,"Mississippi","Simpson County",4,50,321,141,180
050,28,127,"Mississippi","Simpson County",4,51,346,165,181
050,28,127,"Mississippi","Simpson County",4,52,339,167,172
050,28,127,"Mississippi","Simpson County",4,53,311,146,165
050,28,127,"Mississippi","Simpson County",4,54,296,131,165
050,28,127,"Mississippi","Simpson County",4,55,310,146,164
050,28,127,"Mississippi","Simpson County",4,56,318,143,175
050,28,127,"Mississippi","Simpson County",4,57,340,157,183
050,28,127,"Mississippi","Simpson County",4,58,362,170,192
050,28,127,"Mississippi","Simpson County",4,59,368,183,185
050,28,127,"Mississippi","Simpson County",4,60,360,160,200
050,28,127,"Mississippi","Simpson County",4,61,339,150,189
050,28,127,"Mississippi","Simpson County",4,62,356,162,194
050,28,127,"Mississippi","Simpson County",4,63,378,187,191
050,28,127,"Mississippi","Simpson County",4,64,379,186,193
050,28,127,"Mississippi","Simpson County",4,65,373,180,193
050,28,127,"Mississippi","Simpson County",4,66,346,170,176
050,28,127,"Mississippi","Simpson County",4,67,342,173,169
050,28,127,"Mississippi","Simpson County",4,68,316,148,168
050,28,127,"Mississippi","Simpson County",4,69,313,140,173
050,28,127,"Mississippi","Simpson County",4,70,294,140,154
050,28,127,"Mississippi","Simpson County",4,71,271,131,140
050,28,127,"Mississippi","Simpson County",4,72,253,126,127
050,28,127,"Mississippi","Simpson County",4,73,241,105,136
050,28,127,"Mississippi","Simpson County",4,74,250,119,131
050,28,127,"Mississippi","Simpson County",4,75,252,117,135
050,28,127,"Mississippi","Simpson County",4,76,169,75,94
050,28,127,"Mississippi","Simpson County",4,77,151,72,79
050,28,127,"Mississippi","Simpson County",4,78,141,69,72
050,28,127,"Mississippi","Simpson County",4,79,159,67,92
050,28,127,"Mississippi","Simpson County",4,80,148,62,86
050,28,127,"Mississippi","Simpson County",4,81,127,58,69
050,28,127,"Mississippi","Simpson County",4,82,109,45,64
050,28,127,"Mississippi","Simpson County",4,83,97,41,56
050,28,127,"Mississippi","Simpson County",4,84,90,42,48
050,28,127,"Mississippi","Simpson County",4,85,482,192,290
050,28,127,"Mississippi","Simpson County",5,0,336,172,164
050,28,127,"Mississippi","Simpson County",5,1,320,161,159
050,28,127,"Mississippi","Simpson County",5,2,311,149,162
050,28,127,"Mississippi","Simpson County",5,3,312,154,158
050,28,127,"Mississippi","Simpson County",5,4,296,153,143
050,28,127,"Mississippi","Simpson County",5,5,331,175,156
050,28,127,"Mississippi","Simpson County",5,6,287,148,139
050,28,127,"Mississippi","Simpson County",5,7,308,156,152
050,28,127,"Mississippi","Simpson County",5,8,305,164,141
050,28,127,"Mississippi","Simpson County",5,9,315,169,146
050,28,127,"Mississippi","Simpson County",5,10,312,164,148
050,28,127,"Mississippi","Simpson County",5,11,326,161,165
050,28,127,"Mississippi","Simpson County",5,12,318,159,159
050,28,127,"Mississippi","Simpson County",5,13,365,192,173
050,28,127,"Mississippi","Simpson County",5,14,389,199,190
050,28,127,"Mississippi","Simpson County",5,15,384,216,168
050,28,127,"Mississippi","Simpson County",5,16,405,211,194
050,28,127,"Mississippi","Simpson County",5,17,388,192,196
050,28,127,"Mississippi","Simpson County",5,18,314,170,144
050,28,127,"Mississippi","Simpson County",5,19,257,134,123
050,28,127,"Mississippi","Simpson County",5,20,273,143,130
050,28,127,"Mississippi","Simpson County",5,21,271,129,142
050,28,127,"Mississippi","Simpson County",5,22,320,163,157
050,28,127,"Mississippi","Simpson County",5,23,311,161,150
050,28,127,"Mississippi","Simpson County",5,24,292,139,153
050,28,127,"Mississippi","Simpson County",5,25,292,149,143
050,28,127,"Mississippi","Simpson County",5,26,280,141,139
050,28,127,"Mississippi","Simpson County",5,27,275,133,142
050,28,127,"Mississippi","Simpson County",5,28,281,134,147
050,28,127,"Mississippi","Simpson County",5,29,305,146,159
050,28,127,"Mississippi","Simpson County",5,30,332,168,164
050,28,127,"Mississippi","Simpson County",5,31,331,163,168
050,28,127,"Mississippi","Simpson County",5,32,327,151,176
050,28,127,"Mississippi","Simpson County",5,33,337,164,173
050,28,127,"Mississippi","Simpson County",5,34,335,163,172
050,28,127,"Mississippi","Simpson County",5,35,299,143,156
050,28,127,"Mississippi","Simpson County",5,36,261,106,155
050,28,127,"Mississippi","Simpson County",5,37,254,121,133
050,28,127,"Mississippi","Simpson County",5,38,277,125,152
050,28,127,"Mississippi","Simpson County",5,39,312,145,167
050,28,127,"Mississippi","Simpson County",5,40,309,144,165
050,28,127,"Mississippi","Simpson County",5,41,359,190,169
050,28,127,"Mississippi","Simpson County",5,42,328,174,154
050,28,127,"Mississippi","Simpson County",5,43,291,143,148
050,28,127,"Mississippi","Simpson County",5,44,293,147,146
050,28,127,"Mississippi","Simpson County",5,45,294,139,155
050,28,127,"Mississippi","Simpson County",5,46,316,152,164
050,28,127,"Mississippi","Simpson County",5,47,291,133,158
050,28,127,"Mississippi","Simpson County",5,48,270,129,141
050,28,127,"Mississippi","Simpson County",5,49,318,163,155
050,28,127,"Mississippi","Simpson County",5,50,295,126,169
050,28,127,"Mississippi","Simpson County",5,51,325,148,177
050,28,127,"Mississippi","Simpson County",5,52,345,164,181
050,28,127,"Mississippi","Simpson County",5,53,346,173,173
050,28,127,"Mississippi","Simpson County",5,54,321,149,172
050,28,127,"Mississippi","Simpson County",5,55,290,129,161
050,28,127,"Mississippi","Simpson County",5,56,317,144,173
050,28,127,"Mississippi","Simpson County",5,57,312,133,179
050,28,127,"Mississippi","Simpson County",5,58,333,154,179
050,28,127,"Mississippi","Simpson County",5,59,367,170,197
050,28,127,"Mississippi","Simpson County",5,60,366,184,182
050,28,127,"Mississippi","Simpson County",5,61,354,153,201
050,28,127,"Mississippi","Simpson County",5,62,331,147,184
050,28,127,"Mississippi","Simpson County",5,63,356,164,192
050,28,127,"Mississippi","Simpson County",5,64,367,177,190
050,28,127,"Mississippi","Simpson County",5,65,376,189,187
050,28,127,"Mississippi","Simpson County",5,66,358,168,190
050,28,127,"Mississippi","Simpson County",5,67,340,167,173
050,28,127,"Mississippi","Simpson County",5,68,333,166,167
050,28,127,"Mississippi","Simpson County",5,69,309,146,163
050,28,127,"Mississippi","Simpson County",5,70,304,135,169
050,28,127,"Mississippi","Simpson County",5,71,289,135,154
050,28,127,"Mississippi","Simpson County",5,72,263,128,135
050,28,127,"Mississippi","Simpson County",5,73,249,128,121
050,28,127,"Mississippi","Simpson County",5,74,234,100,134
050,28,127,"Mississippi","Simpson County",5,75,239,112,127
050,28,127,"Mississippi","Simpson County",5,76,240,111,129
050,28,127,"Mississippi","Simpson County",5,77,167,73,94
050,28,127,"Mississippi","Simpson County",5,78,142,67,75
050,28,127,"Mississippi","Simpson County",5,79,128,64,64
050,28,127,"Mississippi","Simpson County",5,80,151,64,87
050,28,127,"Mississippi","Simpson County",5,81,140,58,82
050,28,127,"Mississippi","Simpson County",5,82,122,51,71
050,28,127,"Mississippi","Simpson County",5,83,100,39,61
050,28,127,"Mississippi","Simpson County",5,84,95,40,55
050,28,127,"Mississippi","Simpson County",5,85,498,209,289
050,28,129,"Mississippi","Smith County",1,0,170,87,83
050,28,129,"Mississippi","Smith County",1,1,195,101,94
050,28,129,"Mississippi","Smith County",1,2,162,86,76
050,28,129,"Mississippi","Smith County",1,3,156,74,82
050,28,129,"Mississippi","Smith County",1,4,169,88,81
050,28,129,"Mississippi","Smith County",1,5,161,82,79
050,28,129,"Mississippi","Smith County",1,6,157,79,78
050,28,129,"Mississippi","Smith County",1,7,152,76,76
050,28,129,"Mississippi","Smith County",1,8,162,81,81
050,28,129,"Mississippi","Smith County",1,9,188,89,99
050,28,129,"Mississippi","Smith County",1,10,200,98,102
050,28,129,"Mississippi","Smith County",1,11,202,106,96
050,28,129,"Mississippi","Smith County",1,12,208,103,105
050,28,129,"Mississippi","Smith County",1,13,190,97,93
050,28,129,"Mississippi","Smith County",1,14,185,89,96
050,28,129,"Mississippi","Smith County",1,15,196,97,99
050,28,129,"Mississippi","Smith County",1,16,206,110,96
050,28,129,"Mississippi","Smith County",1,17,197,95,102
050,28,129,"Mississippi","Smith County",1,18,180,94,86
050,28,129,"Mississippi","Smith County",1,19,132,67,65
050,28,129,"Mississippi","Smith County",1,20,143,74,69
050,28,129,"Mississippi","Smith County",1,21,158,86,72
050,28,129,"Mississippi","Smith County",1,22,149,67,82
050,28,129,"Mississippi","Smith County",1,23,168,78,90
050,28,129,"Mississippi","Smith County",1,24,162,85,77
050,28,129,"Mississippi","Smith County",1,25,173,89,84
050,28,129,"Mississippi","Smith County",1,26,157,81,76
050,28,129,"Mississippi","Smith County",1,27,174,84,90
050,28,129,"Mississippi","Smith County",1,28,172,83,89
050,28,129,"Mississippi","Smith County",1,29,168,85,83
050,28,129,"Mississippi","Smith County",1,30,192,94,98
050,28,129,"Mississippi","Smith County",1,31,183,87,96
050,28,129,"Mississippi","Smith County",1,32,149,66,83
050,28,129,"Mississippi","Smith County",1,33,144,71,73
050,28,129,"Mississippi","Smith County",1,34,133,77,56
050,28,129,"Mississippi","Smith County",1,35,150,77,73
050,28,129,"Mississippi","Smith County",1,36,150,68,82
050,28,129,"Mississippi","Smith County",1,37,157,73,84
050,28,129,"Mississippi","Smith County",1,38,158,74,84
050,28,129,"Mississippi","Smith County",1,39,171,88,83
050,28,129,"Mississippi","Smith County",1,40,188,98,90
050,28,129,"Mississippi","Smith County",1,41,172,78,94
050,28,129,"Mississippi","Smith County",1,42,149,71,78
050,28,129,"Mississippi","Smith County",1,43,143,74,69
050,28,129,"Mississippi","Smith County",1,44,155,75,80
050,28,129,"Mississippi","Smith County",1,45,168,84,84
050,28,129,"Mississippi","Smith County",1,46,157,75,82
050,28,129,"Mississippi","Smith County",1,47,174,78,96
050,28,129,"Mississippi","Smith County",1,48,168,86,82
050,28,129,"Mississippi","Smith County",1,49,197,97,100
050,28,129,"Mississippi","Smith County",1,50,193,100,93
050,28,129,"Mississippi","Smith County",1,51,187,104,83
050,28,129,"Mississippi","Smith County",1,52,186,98,88
050,28,129,"Mississippi","Smith County",1,53,172,86,86
050,28,129,"Mississippi","Smith County",1,54,178,84,94
050,28,129,"Mississippi","Smith County",1,55,200,93,107
050,28,129,"Mississippi","Smith County",1,56,191,95,96
050,28,129,"Mississippi","Smith County",1,57,185,89,96
050,28,129,"Mississippi","Smith County",1,58,191,89,102
050,28,129,"Mississippi","Smith County",1,59,199,84,115
050,28,129,"Mississippi","Smith County",1,60,202,94,108
050,28,129,"Mississippi","Smith County",1,61,199,106,93
050,28,129,"Mississippi","Smith County",1,62,195,105,90
050,28,129,"Mississippi","Smith County",1,63,209,103,106
050,28,129,"Mississippi","Smith County",1,64,207,96,111
050,28,129,"Mississippi","Smith County",1,65,190,96,94
050,28,129,"Mississippi","Smith County",1,66,191,90,101
050,28,129,"Mississippi","Smith County",1,67,171,87,84
050,28,129,"Mississippi","Smith County",1,68,172,79,93
050,28,129,"Mississippi","Smith County",1,69,169,78,91
050,28,129,"Mississippi","Smith County",1,70,157,76,81
050,28,129,"Mississippi","Smith County",1,71,148,73,75
050,28,129,"Mississippi","Smith County",1,72,150,78,72
050,28,129,"Mississippi","Smith County",1,73,170,86,84
050,28,129,"Mississippi","Smith County",1,74,123,60,63
050,28,129,"Mississippi","Smith County",1,75,120,58,62
050,28,129,"Mississippi","Smith County",1,76,115,50,65
050,28,129,"Mississippi","Smith County",1,77,108,48,60
050,28,129,"Mississippi","Smith County",1,78,106,48,58
050,28,129,"Mississippi","Smith County",1,79,95,40,55
050,28,129,"Mississippi","Smith County",1,80,77,31,46
050,28,129,"Mississippi","Smith County",1,81,86,29,57
050,28,129,"Mississippi","Smith County",1,82,73,30,43
050,28,129,"Mississippi","Smith County",1,83,67,26,41
050,28,129,"Mississippi","Smith County",1,84,56,15,41
050,28,129,"Mississippi","Smith County",1,85,320,101,219
050,28,129,"Mississippi","Smith County",2,0,171,87,84
050,28,129,"Mississippi","Smith County",2,1,187,96,91
050,28,129,"Mississippi","Smith County",2,2,170,88,82
050,28,129,"Mississippi","Smith County",2,3,157,76,81
050,28,129,"Mississippi","Smith County",2,4,165,83,82
050,28,129,"Mississippi","Smith County",2,5,165,85,80
050,28,129,"Mississippi","Smith County",2,6,160,80,80
050,28,129,"Mississippi","Smith County",2,7,151,75,76
050,28,129,"Mississippi","Smith County",2,8,159,78,81
050,28,129,"Mississippi","Smith County",2,9,183,86,97
050,28,129,"Mississippi","Smith County",2,10,195,95,100
050,28,129,"Mississippi","Smith County",2,11,199,102,97
050,28,129,"Mississippi","Smith County",2,12,203,102,101
050,28,129,"Mississippi","Smith County",2,13,195,100,95
050,28,129,"Mississippi","Smith County",2,14,186,90,96
050,28,129,"Mississippi","Smith County",2,15,191,94,97
050,28,129,"Mississippi","Smith County",2,16,202,107,95
050,28,129,"Mississippi","Smith County",2,17,198,98,100
050,28,129,"Mississippi","Smith County",2,18,176,91,85
050,28,129,"Mississippi","Smith County",2,19,136,70,66
050,28,129,"Mississippi","Smith County",2,20,146,76,70
050,28,129,"Mississippi","Smith County",2,21,154,82,72
050,28,129,"Mississippi","Smith County",2,22,156,73,83
050,28,129,"Mississippi","Smith County",2,23,166,78,88
050,28,129,"Mississippi","Smith County",2,24,166,86,80
050,28,129,"Mississippi","Smith County",2,25,172,89,83
050,28,129,"Mississippi","Smith County",2,26,161,83,78
050,28,129,"Mississippi","Smith County",2,27,170,82,88
050,28,129,"Mississippi","Smith County",2,28,171,82,89
050,28,129,"Mississippi","Smith County",2,29,170,85,85
050,28,129,"Mississippi","Smith County",2,30,188,93,95
050,28,129,"Mississippi","Smith County",2,31,186,89,97
050,28,129,"Mississippi","Smith County",2,32,159,71,88
050,28,129,"Mississippi","Smith County",2,33,147,71,76
050,28,129,"Mississippi","Smith County",2,34,137,77,60
050,28,129,"Mississippi","Smith County",2,35,148,77,71
050,28,129,"Mississippi","Smith County",2,36,148,69,79
050,28,129,"Mississippi","Smith County",2,37,155,72,83
050,28,129,"Mississippi","Smith County",2,38,158,74,84
050,28,129,"Mississippi","Smith County",2,39,167,84,83
050,28,129,"Mississippi","Smith County",2,40,183,95,88
050,28,129,"Mississippi","Smith County",2,41,173,82,91
050,28,129,"Mississippi","Smith County",2,42,152,71,81
050,28,129,"Mississippi","Smith County",2,43,145,74,71
050,28,129,"Mississippi","Smith County",2,44,151,73,78
050,28,129,"Mississippi","Smith County",2,45,164,82,82
050,28,129,"Mississippi","Smith County",2,46,159,77,82
050,28,129,"Mississippi","Smith County",2,47,168,76,92
050,28,129,"Mississippi","Smith County",2,48,168,83,85
050,28,129,"Mississippi","Smith County",2,49,189,93,96
050,28,129,"Mississippi","Smith County",2,50,196,101,95
050,28,129,"Mississippi","Smith County",2,51,188,103,85
050,28,129,"Mississippi","Smith County",2,52,185,99,86
050,28,129,"Mississippi","Smith County",2,53,176,90,86
050,28,129,"Mississippi","Smith County",2,54,177,85,92
050,28,129,"Mississippi","Smith County",2,55,195,89,106
050,28,129,"Mississippi","Smith County",2,56,192,93,99
050,28,129,"Mississippi","Smith County",2,57,186,90,96
050,28,129,"Mississippi","Smith County",2,58,187,87,100
050,28,129,"Mississippi","Smith County",2,59,199,86,113
050,28,129,"Mississippi","Smith County",2,60,199,91,108
050,28,129,"Mississippi","Smith County",2,61,199,103,96
050,28,129,"Mississippi","Smith County",2,62,196,105,91
050,28,129,"Mississippi","Smith County",2,63,208,104,104
050,28,129,"Mississippi","Smith County",2,64,206,98,108
050,28,129,"Mississippi","Smith County",2,65,194,96,98
050,28,129,"Mississippi","Smith County",2,66,189,91,98
050,28,129,"Mississippi","Smith County",2,67,173,87,86
050,28,129,"Mississippi","Smith County",2,68,169,79,90
050,28,129,"Mississippi","Smith County",2,69,170,79,91
050,28,129,"Mississippi","Smith County",2,70,160,77,83
050,28,129,"Mississippi","Smith County",2,71,151,75,76
050,28,129,"Mississippi","Smith County",2,72,147,75,72
050,28,129,"Mississippi","Smith County",2,73,173,88,85
050,28,129,"Mississippi","Smith County",2,74,126,63,63
050,28,129,"Mississippi","Smith County",2,75,121,58,63
050,28,129,"Mississippi","Smith County",2,76,115,52,63
050,28,129,"Mississippi","Smith County",2,77,111,49,62
050,28,129,"Mississippi","Smith County",2,78,103,46,57
050,28,129,"Mississippi","Smith County",2,79,96,42,54
050,28,129,"Mississippi","Smith County",2,80,82,34,48
050,28,129,"Mississippi","Smith County",2,81,82,29,53
050,28,129,"Mississippi","Smith County",2,82,73,29,44
050,28,129,"Mississippi","Smith County",2,83,67,26,41
050,28,129,"Mississippi","Smith County",2,84,56,17,39
050,28,129,"Mississippi","Smith County",2,85,320,98,222
050,28,129,"Mississippi","Smith County",3,0,178,85,93
050,28,129,"Mississippi","Smith County",3,1,187,102,85
050,28,129,"Mississippi","Smith County",3,2,180,95,85
050,28,129,"Mississippi","Smith County",3,3,190,97,93
050,28,129,"Mississippi","Smith County",3,4,164,80,84
050,28,129,"Mississippi","Smith County",3,5,168,85,83
050,28,129,"Mississippi","Smith County",3,6,160,88,72
050,28,129,"Mississippi","Smith County",3,7,168,92,76
050,28,129,"Mississippi","Smith County",3,8,161,77,84
050,28,129,"Mississippi","Smith County",3,9,169,82,87
050,28,129,"Mississippi","Smith County",3,10,180,89,91
050,28,129,"Mississippi","Smith County",3,11,191,96,95
050,28,129,"Mississippi","Smith County",3,12,195,103,92
050,28,129,"Mississippi","Smith County",3,13,207,102,105
050,28,129,"Mississippi","Smith County",3,14,201,102,99
050,28,129,"Mississippi","Smith County",3,15,180,84,96
050,28,129,"Mississippi","Smith County",3,16,190,95,95
050,28,129,"Mississippi","Smith County",3,17,206,107,99
050,28,129,"Mississippi","Smith County",3,18,162,89,73
050,28,129,"Mississippi","Smith County",3,19,144,75,69
050,28,129,"Mississippi","Smith County",3,20,148,72,76
050,28,129,"Mississippi","Smith County",3,21,142,69,73
050,28,129,"Mississippi","Smith County",3,22,154,83,71
050,28,129,"Mississippi","Smith County",3,23,144,70,74
050,28,129,"Mississippi","Smith County",3,24,165,75,90
050,28,129,"Mississippi","Smith County",3,25,168,87,81
050,28,129,"Mississippi","Smith County",3,26,184,92,92
050,28,129,"Mississippi","Smith County",3,27,174,88,86
050,28,129,"Mississippi","Smith County",3,28,169,80,89
050,28,129,"Mississippi","Smith County",3,29,181,91,90
050,28,129,"Mississippi","Smith County",3,30,169,82,87
050,28,129,"Mississippi","Smith County",3,31,187,95,92
050,28,129,"Mississippi","Smith County",3,32,189,91,98
050,28,129,"Mississippi","Smith County",3,33,161,72,89
050,28,129,"Mississippi","Smith County",3,34,151,75,76
050,28,129,"Mississippi","Smith County",3,35,132,74,58
050,28,129,"Mississippi","Smith County",3,36,148,73,75
050,28,129,"Mississippi","Smith County",3,37,156,73,83
050,28,129,"Mississippi","Smith County",3,38,154,71,83
050,28,129,"Mississippi","Smith County",3,39,156,76,80
050,28,129,"Mississippi","Smith County",3,40,162,85,77
050,28,129,"Mississippi","Smith County",3,41,180,92,88
050,28,129,"Mississippi","Smith County",3,42,168,80,88
050,28,129,"Mississippi","Smith County",3,43,156,68,88
050,28,129,"Mississippi","Smith County",3,44,150,72,78
050,28,129,"Mississippi","Smith County",3,45,160,79,81
050,28,129,"Mississippi","Smith County",3,46,165,86,79
050,28,129,"Mississippi","Smith County",3,47,153,74,79
050,28,129,"Mississippi","Smith County",3,48,161,77,84
050,28,129,"Mississippi","Smith County",3,49,164,80,84
050,28,129,"Mississippi","Smith County",3,50,178,89,89
050,28,129,"Mississippi","Smith County",3,51,193,99,94
050,28,129,"Mississippi","Smith County",3,52,184,102,82
050,28,129,"Mississippi","Smith County",3,53,179,97,82
050,28,129,"Mississippi","Smith County",3,54,177,90,87
050,28,129,"Mississippi","Smith County",3,55,173,81,92
050,28,129,"Mississippi","Smith County",3,56,189,89,100
050,28,129,"Mississippi","Smith County",3,57,198,97,101
050,28,129,"Mississippi","Smith County",3,58,177,80,97
050,28,129,"Mississippi","Smith County",3,59,188,89,99
050,28,129,"Mississippi","Smith County",3,60,198,86,112
050,28,129,"Mississippi","Smith County",3,61,184,85,99
050,28,129,"Mississippi","Smith County",3,62,203,101,102
050,28,129,"Mississippi","Smith County",3,63,192,102,90
050,28,129,"Mississippi","Smith County",3,64,204,99,105
050,28,129,"Mississippi","Smith County",3,65,205,95,110
050,28,129,"Mississippi","Smith County",3,66,186,92,94
050,28,129,"Mississippi","Smith County",3,67,187,89,98
050,28,129,"Mississippi","Smith County",3,68,164,82,82
050,28,129,"Mississippi","Smith County",3,69,164,76,88
050,28,129,"Mississippi","Smith County",3,70,169,79,90
050,28,129,"Mississippi","Smith County",3,71,158,73,85
050,28,129,"Mississippi","Smith County",3,72,144,73,71
050,28,129,"Mississippi","Smith County",3,73,139,72,67
050,28,129,"Mississippi","Smith County",3,74,166,83,83
050,28,129,"Mississippi","Smith County",3,75,123,58,65
050,28,129,"Mississippi","Smith County",3,76,115,59,56
050,28,129,"Mississippi","Smith County",3,77,109,49,60
050,28,129,"Mississippi","Smith County",3,78,114,48,66
050,28,129,"Mississippi","Smith County",3,79,101,45,56
050,28,129,"Mississippi","Smith County",3,80,87,42,45
050,28,129,"Mississippi","Smith County",3,81,81,31,50
050,28,129,"Mississippi","Smith County",3,82,73,28,45
050,28,129,"Mississippi","Smith County",3,83,68,22,46
050,28,129,"Mississippi","Smith County",3,84,59,27,32
050,28,129,"Mississippi","Smith County",3,85,330,94,236
050,28,129,"Mississippi","Smith County",4,0,177,90,87
050,28,129,"Mississippi","Smith County",4,1,190,95,95
050,28,129,"Mississippi","Smith County",4,2,187,100,87
050,28,129,"Mississippi","Smith County",4,3,165,87,78
050,28,129,"Mississippi","Smith County",4,4,181,96,85
050,28,129,"Mississippi","Smith County",4,5,155,73,82
050,28,129,"Mississippi","Smith County",4,6,176,84,92
050,28,129,"Mississippi","Smith County",4,7,160,84,76
050,28,129,"Mississippi","Smith County",4,8,167,91,76
050,28,129,"Mississippi","Smith County",4,9,171,81,90
050,28,129,"Mississippi","Smith County",4,10,174,87,87
050,28,129,"Mississippi","Smith County",4,11,179,90,89
050,28,129,"Mississippi","Smith County",4,12,188,93,95
050,28,129,"Mississippi","Smith County",4,13,196,103,93
050,28,129,"Mississippi","Smith County",4,14,200,100,100
050,28,129,"Mississippi","Smith County",4,15,196,98,98
050,28,129,"Mississippi","Smith County",4,16,176,83,93
050,28,129,"Mississippi","Smith County",4,17,184,88,96
050,28,129,"Mississippi","Smith County",4,18,171,95,76
050,28,129,"Mississippi","Smith County",4,19,127,68,59
050,28,129,"Mississippi","Smith County",4,20,152,78,74
050,28,129,"Mississippi","Smith County",4,21,148,71,77
050,28,129,"Mississippi","Smith County",4,22,142,64,78
050,28,129,"Mississippi","Smith County",4,23,159,81,78
050,28,129,"Mississippi","Smith County",4,24,151,75,76
050,28,129,"Mississippi","Smith County",4,25,152,70,82
050,28,129,"Mississippi","Smith County",4,26,163,81,82
050,28,129,"Mississippi","Smith County",4,27,188,94,94
050,28,129,"Mississippi","Smith County",4,28,178,87,91
050,28,129,"Mississippi","Smith County",4,29,173,77,96
050,28,129,"Mississippi","Smith County",4,30,175,85,90
050,28,129,"Mississippi","Smith County",4,31,157,74,83
050,28,129,"Mississippi","Smith County",4,32,183,88,95
050,28,129,"Mississippi","Smith County",4,33,191,93,98
050,28,129,"Mississippi","Smith County",4,34,158,70,88
050,28,129,"Mississippi","Smith County",4,35,156,78,78
050,28,129,"Mississippi","Smith County",4,36,136,75,61
050,28,129,"Mississippi","Smith County",4,37,148,76,72
050,28,129,"Mississippi","Smith County",4,38,148,70,78
050,28,129,"Mississippi","Smith County",4,39,151,68,83
050,28,129,"Mississippi","Smith County",4,40,158,78,80
050,28,129,"Mississippi","Smith County",4,41,168,89,79
050,28,129,"Mississippi","Smith County",4,42,184,91,93
050,28,129,"Mississippi","Smith County",4,43,168,82,86
050,28,129,"Mississippi","Smith County",4,44,160,67,93
050,28,129,"Mississippi","Smith County",4,45,151,72,79
050,28,129,"Mississippi","Smith County",4,46,155,76,79
050,28,129,"Mississippi","Smith County",4,47,164,85,79
050,28,129,"Mississippi","Smith County",4,48,156,75,81
050,28,129,"Mississippi","Smith County",4,49,157,75,82
050,28,129,"Mississippi","Smith County",4,50,164,77,87
050,28,129,"Mississippi","Smith County",4,51,175,82,93
050,28,129,"Mississippi","Smith County",4,52,193,99,94
050,28,129,"Mississippi","Smith County",4,53,182,100,82
050,28,129,"Mississippi","Smith County",4,54,179,95,84
050,28,129,"Mississippi","Smith County",4,55,169,83,86
050,28,129,"Mississippi","Smith County",4,56,176,83,93
050,28,129,"Mississippi","Smith County",4,57,190,90,100
050,28,129,"Mississippi","Smith County",4,58,192,94,98
050,28,129,"Mississippi","Smith County",4,59,178,81,97
050,28,129,"Mississippi","Smith County",4,60,190,92,98
050,28,129,"Mississippi","Smith County",4,61,191,84,107
050,28,129,"Mississippi","Smith County",4,62,182,83,99
050,28,129,"Mississippi","Smith County",4,63,202,100,102
050,28,129,"Mississippi","Smith County",4,64,188,96,92
050,28,129,"Mississippi","Smith County",4,65,200,96,104
050,28,129,"Mississippi","Smith County",4,66,196,87,109
050,28,129,"Mississippi","Smith County",4,67,185,92,93
050,28,129,"Mississippi","Smith County",4,68,179,85,94
050,28,129,"Mississippi","Smith County",4,69,161,82,79
050,28,129,"Mississippi","Smith County",4,70,165,76,89
050,28,129,"Mississippi","Smith County",4,71,167,73,94
050,28,129,"Mississippi","Smith County",4,72,151,70,81
050,28,129,"Mississippi","Smith County",4,73,132,68,64
050,28,129,"Mississippi","Smith County",4,74,132,67,65
050,28,129,"Mississippi","Smith County",4,75,165,76,89
050,28,129,"Mississippi","Smith County",4,76,114,57,57
050,28,129,"Mississippi","Smith County",4,77,107,54,53
050,28,129,"Mississippi","Smith County",4,78,102,45,57
050,28,129,"Mississippi","Smith County",4,79,108,44,64
050,28,129,"Mississippi","Smith County",4,80,93,43,50
050,28,129,"Mississippi","Smith County",4,81,86,39,47
050,28,129,"Mississippi","Smith County",4,82,70,30,40
050,28,129,"Mississippi","Smith County",4,83,66,24,42
050,28,129,"Mississippi","Smith County",4,84,58,21,37
050,28,129,"Mississippi","Smith County",4,85,344,111,233
050,28,129,"Mississippi","Smith County",5,0,177,90,87
050,28,129,"Mississippi","Smith County",5,1,207,109,98
050,28,129,"Mississippi","Smith County",5,2,184,88,96
050,28,129,"Mississippi","Smith County",5,3,176,96,80
050,28,129,"Mississippi","Smith County",5,4,169,90,79
050,28,129,"Mississippi","Smith County",5,5,181,96,85
050,28,129,"Mississippi","Smith County",5,6,156,75,81
050,28,129,"Mississippi","Smith County",5,7,170,83,87
050,28,129,"Mississippi","Smith County",5,8,161,87,74
050,28,129,"Mississippi","Smith County",5,9,168,86,82
050,28,129,"Mississippi","Smith County",5,10,168,80,88
050,28,129,"Mississippi","Smith County",5,11,166,84,82
050,28,129,"Mississippi","Smith County",5,12,182,93,89
050,28,129,"Mississippi","Smith County",5,13,182,88,94
050,28,129,"Mississippi","Smith County",5,14,206,110,96
050,28,129,"Mississippi","Smith County",5,15,210,102,108
050,28,129,"Mississippi","Smith County",5,16,196,101,95
050,28,129,"Mississippi","Smith County",5,17,179,83,96
050,28,129,"Mississippi","Smith County",5,18,150,74,76
050,28,129,"Mississippi","Smith County",5,19,135,75,60
050,28,129,"Mississippi","Smith County",5,20,142,73,69
050,28,129,"Mississippi","Smith County",5,21,157,83,74
050,28,129,"Mississippi","Smith County",5,22,169,77,92
050,28,129,"Mississippi","Smith County",5,23,147,69,78
050,28,129,"Mississippi","Smith County",5,24,164,80,84
050,28,129,"Mississippi","Smith County",5,25,150,76,74
050,28,129,"Mississippi","Smith County",5,26,145,59,86
050,28,129,"Mississippi","Smith County",5,27,170,90,80
050,28,129,"Mississippi","Smith County",5,28,187,96,91
050,28,129,"Mississippi","Smith County",5,29,179,88,91
050,28,129,"Mississippi","Smith County",5,30,166,74,92
050,28,129,"Mississippi","Smith County",5,31,158,75,83
050,28,129,"Mississippi","Smith County",5,32,160,74,86
050,28,129,"Mississippi","Smith County",5,33,175,82,93
050,28,129,"Mississippi","Smith County",5,34,190,90,100
050,28,129,"Mississippi","Smith County",5,35,166,74,92
050,28,129,"Mississippi","Smith County",5,36,161,82,79
050,28,129,"Mississippi","Smith County",5,37,137,74,63
050,28,129,"Mississippi","Smith County",5,38,145,72,73
050,28,129,"Mississippi","Smith County",5,39,139,65,74
050,28,129,"Mississippi","Smith County",5,40,154,71,83
050,28,129,"Mississippi","Smith County",5,41,154,71,83
050,28,129,"Mississippi","Smith County",5,42,173,94,79
050,28,129,"Mississippi","Smith County",5,43,186,92,94
050,28,129,"Mississippi","Smith County",5,44,173,87,86
050,28,129,"Mississippi","Smith County",5,45,159,65,94
050,28,129,"Mississippi","Smith County",5,46,151,70,81
050,28,129,"Mississippi","Smith County",5,47,163,81,82
050,28,129,"Mississippi","Smith County",5,48,160,82,78
050,28,129,"Mississippi","Smith County",5,49,161,76,85
050,28,129,"Mississippi","Smith County",5,50,148,70,78
050,28,129,"Mississippi","Smith County",5,51,158,74,84
050,28,129,"Mississippi","Smith County",5,52,182,88,94
050,28,129,"Mississippi","Smith County",5,53,188,97,91
050,28,129,"Mississippi","Smith County",5,54,181,100,81
050,28,129,"Mississippi","Smith County",5,55,175,93,82
050,28,129,"Mississippi","Smith County",5,56,173,86,87
050,28,129,"Mississippi","Smith County",5,57,172,80,92
050,28,129,"Mississippi","Smith County",5,58,187,87,100
050,28,129,"Mississippi","Smith County",5,59,192,94,98
050,28,129,"Mississippi","Smith County",5,60,182,82,100
050,28,129,"Mississippi","Smith County",5,61,180,91,89
050,28,129,"Mississippi","Smith County",5,62,183,81,102
050,28,129,"Mississippi","Smith County",5,63,178,78,100
050,28,129,"Mississippi","Smith County",5,64,200,99,101
050,28,129,"Mississippi","Smith County",5,65,182,92,90
050,28,129,"Mississippi","Smith County",5,66,202,99,103
050,28,129,"Mississippi","Smith County",5,67,196,85,111
050,28,129,"Mississippi","Smith County",5,68,183,92,91
050,28,129,"Mississippi","Smith County",5,69,177,85,92
050,28,129,"Mississippi","Smith County",5,70,160,80,80
050,28,129,"Mississippi","Smith County",5,71,164,70,94
050,28,129,"Mississippi","Smith County",5,72,160,70,90
050,28,129,"Mississippi","Smith County",5,73,141,66,75
050,28,129,"Mississippi","Smith County",5,74,128,67,61
050,28,129,"Mississippi","Smith County",5,75,131,63,68
050,28,129,"Mississippi","Smith County",5,76,160,78,82
050,28,129,"Mississippi","Smith County",5,77,107,52,55
050,28,129,"Mississippi","Smith County",5,78,105,53,52
050,28,129,"Mississippi","Smith County",5,79,100,43,57
050,28,129,"Mississippi","Smith County",5,80,102,44,58
050,28,129,"Mississippi","Smith County",5,81,93,41,52
050,28,129,"Mississippi","Smith County",5,82,77,36,41
050,28,129,"Mississippi","Smith County",5,83,64,26,38
050,28,129,"Mississippi","Smith County",5,84,59,24,35
050,28,129,"Mississippi","Smith County",5,85,365,123,242
050,28,131,"Mississippi","Stone County",1,0,212,109,103
050,28,131,"Mississippi","Stone County",1,1,190,104,86
050,28,131,"Mississippi","Stone County",1,2,203,107,96
050,28,131,"Mississippi","Stone County",1,3,205,103,102
050,28,131,"Mississippi","Stone County",1,4,215,98,117
050,28,131,"Mississippi","Stone County",1,5,247,127,120
050,28,131,"Mississippi","Stone County",1,6,222,114,108
050,28,131,"Mississippi","Stone County",1,7,217,114,103
050,28,131,"Mississippi","Stone County",1,8,214,113,101
050,28,131,"Mississippi","Stone County",1,9,223,125,98
050,28,131,"Mississippi","Stone County",1,10,228,121,107
050,28,131,"Mississippi","Stone County",1,11,244,125,119
050,28,131,"Mississippi","Stone County",1,12,261,146,115
050,28,131,"Mississippi","Stone County",1,13,256,134,122
050,28,131,"Mississippi","Stone County",1,14,221,112,109
050,28,131,"Mississippi","Stone County",1,15,224,114,110
050,28,131,"Mississippi","Stone County",1,16,217,106,111
050,28,131,"Mississippi","Stone County",1,17,231,122,109
050,28,131,"Mississippi","Stone County",1,18,320,167,153
050,28,131,"Mississippi","Stone County",1,19,496,265,231
050,28,131,"Mississippi","Stone County",1,20,382,205,177
050,28,131,"Mississippi","Stone County",1,21,231,121,110
050,28,131,"Mississippi","Stone County",1,22,218,107,111
050,28,131,"Mississippi","Stone County",1,23,201,100,101
050,28,131,"Mississippi","Stone County",1,24,208,98,110
050,28,131,"Mississippi","Stone County",1,25,224,111,113
050,28,131,"Mississippi","Stone County",1,26,221,111,110
050,28,131,"Mississippi","Stone County",1,27,227,105,122
050,28,131,"Mississippi","Stone County",1,28,245,125,120
050,28,131,"Mississippi","Stone County",1,29,252,129,123
050,28,131,"Mississippi","Stone County",1,30,249,129,120
050,28,131,"Mississippi","Stone County",1,31,214,119,95
050,28,131,"Mississippi","Stone County",1,32,202,105,97
050,28,131,"Mississippi","Stone County",1,33,224,104,120
050,28,131,"Mississippi","Stone County",1,34,200,96,104
050,28,131,"Mississippi","Stone County",1,35,209,112,97
050,28,131,"Mississippi","Stone County",1,36,199,102,97
050,28,131,"Mississippi","Stone County",1,37,231,115,116
050,28,131,"Mississippi","Stone County",1,38,216,96,120
050,28,131,"Mississippi","Stone County",1,39,225,101,124
050,28,131,"Mississippi","Stone County",1,40,222,112,110
050,28,131,"Mississippi","Stone County",1,41,234,114,120
050,28,131,"Mississippi","Stone County",1,42,218,119,99
050,28,131,"Mississippi","Stone County",1,43,206,106,100
050,28,131,"Mississippi","Stone County",1,44,196,97,99
050,28,131,"Mississippi","Stone County",1,45,232,125,107
050,28,131,"Mississippi","Stone County",1,46,208,112,96
050,28,131,"Mississippi","Stone County",1,47,216,114,102
050,28,131,"Mississippi","Stone County",1,48,233,115,118
050,28,131,"Mississippi","Stone County",1,49,264,135,129
050,28,131,"Mississippi","Stone County",1,50,222,111,111
050,28,131,"Mississippi","Stone County",1,51,210,101,109
050,28,131,"Mississippi","Stone County",1,52,213,105,108
050,28,131,"Mississippi","Stone County",1,53,228,127,101
050,28,131,"Mississippi","Stone County",1,54,249,115,134
050,28,131,"Mississippi","Stone County",1,55,272,151,121
050,28,131,"Mississippi","Stone County",1,56,257,130,127
050,28,131,"Mississippi","Stone County",1,57,271,136,135
050,28,131,"Mississippi","Stone County",1,58,257,125,132
050,28,131,"Mississippi","Stone County",1,59,255,114,141
050,28,131,"Mississippi","Stone County",1,60,251,120,131
050,28,131,"Mississippi","Stone County",1,61,230,115,115
050,28,131,"Mississippi","Stone County",1,62,255,142,113
050,28,131,"Mississippi","Stone County",1,63,237,114,123
050,28,131,"Mississippi","Stone County",1,64,237,110,127
050,28,131,"Mississippi","Stone County",1,65,241,106,135
050,28,131,"Mississippi","Stone County",1,66,247,99,148
050,28,131,"Mississippi","Stone County",1,67,219,106,113
050,28,131,"Mississippi","Stone County",1,68,195,105,90
050,28,131,"Mississippi","Stone County",1,69,193,107,86
050,28,131,"Mississippi","Stone County",1,70,202,102,100
050,28,131,"Mississippi","Stone County",1,71,188,90,98
050,28,131,"Mississippi","Stone County",1,72,182,92,90
050,28,131,"Mississippi","Stone County",1,73,188,102,86
050,28,131,"Mississippi","Stone County",1,74,134,69,65
050,28,131,"Mississippi","Stone County",1,75,123,60,63
050,28,131,"Mississippi","Stone County",1,76,109,51,58
050,28,131,"Mississippi","Stone County",1,77,105,44,61
050,28,131,"Mississippi","Stone County",1,78,94,44,50
050,28,131,"Mississippi","Stone County",1,79,89,39,50
050,28,131,"Mississippi","Stone County",1,80,68,29,39
050,28,131,"Mississippi","Stone County",1,81,76,34,42
050,28,131,"Mississippi","Stone County",1,82,69,27,42
050,28,131,"Mississippi","Stone County",1,83,60,24,36
050,28,131,"Mississippi","Stone County",1,84,45,23,22
050,28,131,"Mississippi","Stone County",1,85,212,85,127
050,28,131,"Mississippi","Stone County",2,0,202,102,100
050,28,131,"Mississippi","Stone County",2,1,194,104,90
050,28,131,"Mississippi","Stone County",2,2,202,107,95
050,28,131,"Mississippi","Stone County",2,3,208,107,101
050,28,131,"Mississippi","Stone County",2,4,217,102,115
050,28,131,"Mississippi","Stone County",2,5,240,121,119
050,28,131,"Mississippi","Stone County",2,6,228,116,112
050,28,131,"Mississippi","Stone County",2,7,216,112,104
050,28,131,"Mississippi","Stone County",2,8,212,112,100
050,28,131,"Mississippi","Stone County",2,9,218,121,97
050,28,131,"Mississippi","Stone County",2,10,225,120,105
050,28,131,"Mississippi","Stone County",2,11,241,125,116
050,28,131,"Mississippi","Stone County",2,12,259,143,116
050,28,131,"Mississippi","Stone County",2,13,256,137,119
050,28,131,"Mississippi","Stone County",2,14,227,117,110
050,28,131,"Mississippi","Stone County",2,15,222,113,109
050,28,131,"Mississippi","Stone County",2,16,218,109,109
050,28,131,"Mississippi","Stone County",2,17,229,119,110
050,28,131,"Mississippi","Stone County",2,18,319,168,151
050,28,131,"Mississippi","Stone County",2,19,491,261,230
050,28,131,"Mississippi","Stone County",2,20,384,205,179
050,28,131,"Mississippi","Stone County",2,21,234,124,110
050,28,131,"Mississippi","Stone County",2,22,215,105,110
050,28,131,"Mississippi","Stone County",2,23,203,98,105
050,28,131,"Mississippi","Stone County",2,24,210,101,109
050,28,131,"Mississippi","Stone County",2,25,219,108,111
050,28,131,"Mississippi","Stone County",2,26,226,113,113
050,28,131,"Mississippi","Stone County",2,27,224,104,120
050,28,131,"Mississippi","Stone County",2,28,243,122,121
050,28,131,"Mississippi","Stone County",2,29,249,129,120
050,28,131,"Mississippi","Stone County",2,30,249,129,120
050,28,131,"Mississippi","Stone County",2,31,218,119,99
050,28,131,"Mississippi","Stone County",2,32,208,110,98
050,28,131,"Mississippi","Stone County",2,33,219,104,115
050,28,131,"Mississippi","Stone County",2,34,201,94,107
050,28,131,"Mississippi","Stone County",2,35,210,111,99
050,28,131,"Mississippi","Stone County",2,36,199,101,98
050,28,131,"Mississippi","Stone County",2,37,227,116,111
050,28,131,"Mississippi","Stone County",2,38,219,99,120
050,28,131,"Mississippi","Stone County",2,39,225,102,123
050,28,131,"Mississippi","Stone County",2,40,224,109,115
050,28,131,"Mississippi","Stone County",2,41,232,117,115
050,28,131,"Mississippi","Stone County",2,42,221,118,103
050,28,131,"Mississippi","Stone County",2,43,210,110,100
050,28,131,"Mississippi","Stone County",2,44,200,101,99
050,28,131,"Mississippi","Stone County",2,45,229,123,106
050,28,131,"Mississippi","Stone County",2,46,207,109,98
050,28,131,"Mississippi","Stone County",2,47,215,114,101
050,28,131,"Mississippi","Stone County",2,48,230,114,116
050,28,131,"Mississippi","Stone County",2,49,260,133,127
050,28,131,"Mississippi","Stone County",2,50,227,113,114
050,28,131,"Mississippi","Stone County",2,51,210,101,109
050,28,131,"Mississippi","Stone County",2,52,208,103,105
050,28,131,"Mississippi","Stone County",2,53,224,123,101
050,28,131,"Mississippi","Stone County",2,54,242,116,126
050,28,131,"Mississippi","Stone County",2,55,269,145,124
050,28,131,"Mississippi","Stone County",2,56,265,137,128
050,28,131,"Mississippi","Stone County",2,57,268,134,134
050,28,131,"Mississippi","Stone County",2,58,260,127,133
050,28,131,"Mississippi","Stone County",2,59,260,118,142
050,28,131,"Mississippi","Stone County",2,60,250,117,133
050,28,131,"Mississippi","Stone County",2,61,233,115,118
050,28,131,"Mississippi","Stone County",2,62,254,139,115
050,28,131,"Mississippi","Stone County",2,63,242,121,121
050,28,131,"Mississippi","Stone County",2,64,233,109,124
050,28,131,"Mississippi","Stone County",2,65,239,107,132
050,28,131,"Mississippi","Stone County",2,66,248,101,147
050,28,131,"Mississippi","Stone County",2,67,223,102,121
050,28,131,"Mississippi","Stone County",2,68,202,106,96
050,28,131,"Mississippi","Stone County",2,69,191,107,84
050,28,131,"Mississippi","Stone County",2,70,199,102,97
050,28,131,"Mississippi","Stone County",2,71,191,92,99
050,28,131,"Mississippi","Stone County",2,72,180,90,90
050,28,131,"Mississippi","Stone County",2,73,195,105,90
050,28,131,"Mississippi","Stone County",2,74,138,72,66
050,28,131,"Mississippi","Stone County",2,75,127,63,64
050,28,131,"Mississippi","Stone County",2,76,109,52,57
050,28,131,"Mississippi","Stone County",2,77,108,47,61
050,28,131,"Mississippi","Stone County",2,78,94,42,52
050,28,131,"Mississippi","Stone County",2,79,90,40,50
050,28,131,"Mississippi","Stone County",2,80,72,32,40
050,28,131,"Mississippi","Stone County",2,81,67,28,39
050,28,131,"Mississippi","Stone County",2,82,71,29,42
050,28,131,"Mississippi","Stone County",2,83,58,23,35
050,28,131,"Mississippi","Stone County",2,84,46,22,24
050,28,131,"Mississippi","Stone County",2,85,208,86,122
050,28,131,"Mississippi","Stone County",3,0,197,101,96
050,28,131,"Mississippi","Stone County",3,1,218,109,109
050,28,131,"Mississippi","Stone County",3,2,196,105,91
050,28,131,"Mississippi","Stone County",3,3,217,115,102
050,28,131,"Mississippi","Stone County",3,4,219,111,108
050,28,131,"Mississippi","Stone County",3,5,209,96,113
050,28,131,"Mississippi","Stone County",3,6,236,115,121
050,28,131,"Mississippi","Stone County",3,7,240,118,122
050,28,131,"Mississippi","Stone County",3,8,218,116,102
050,28,131,"Mississippi","Stone County",3,9,223,117,106
050,28,131,"Mississippi","Stone County",3,10,218,117,101
050,28,131,"Mississippi","Stone County",3,11,232,129,103
050,28,131,"Mississippi","Stone County",3,12,245,124,121
050,28,131,"Mississippi","Stone County",3,13,253,140,113
050,28,131,"Mississippi","Stone County",3,14,250,135,115
050,28,131,"Mississippi","Stone County",3,15,217,116,101
050,28,131,"Mississippi","Stone County",3,16,215,106,109
050,28,131,"Mississippi","Stone County",3,17,223,114,109
050,28,131,"Mississippi","Stone County",3,18,317,170,147
050,28,131,"Mississippi","Stone County",3,19,483,260,223
050,28,131,"Mississippi","Stone County",3,20,385,201,184
050,28,131,"Mississippi","Stone County",3,21,238,133,105
050,28,131,"Mississippi","Stone County",3,22,210,108,102
050,28,131,"Mississippi","Stone County",3,23,216,98,118
050,28,131,"Mississippi","Stone County",3,24,208,116,92
050,28,131,"Mississippi","Stone County",3,25,214,104,110
050,28,131,"Mississippi","Stone County",3,26,216,108,108
050,28,131,"Mississippi","Stone County",3,27,208,94,114
050,28,131,"Mississippi","Stone County",3,28,222,106,116
050,28,131,"Mississippi","Stone County",3,29,270,126,144
050,28,131,"Mississippi","Stone County",3,30,282,157,125
050,28,131,"Mississippi","Stone County",3,31,250,127,123
050,28,131,"Mississippi","Stone County",3,32,224,123,101
050,28,131,"Mississippi","Stone County",3,33,215,119,96
050,28,131,"Mississippi","Stone County",3,34,224,103,121
050,28,131,"Mississippi","Stone County",3,35,212,104,108
050,28,131,"Mississippi","Stone County",3,36,207,100,107
050,28,131,"Mississippi","Stone County",3,37,207,109,98
050,28,131,"Mississippi","Stone County",3,38,214,105,109
050,28,131,"Mississippi","Stone County",3,39,213,100,113
050,28,131,"Mississippi","Stone County",3,40,234,103,131
050,28,131,"Mississippi","Stone County",3,41,252,138,114
050,28,131,"Mississippi","Stone County",3,42,232,119,113
050,28,131,"Mississippi","Stone County",3,43,208,106,102
050,28,131,"Mississippi","Stone County",3,44,215,120,95
050,28,131,"Mississippi","Stone County",3,45,213,107,106
050,28,131,"Mississippi","Stone County",3,46,216,104,112
050,28,131,"Mississippi","Stone County",3,47,221,115,106
050,28,131,"Mississippi","Stone County",3,48,213,110,103
050,28,131,"Mississippi","Stone County",3,49,249,130,119
050,28,131,"Mississippi","Stone County",3,50,248,118,130
050,28,131,"Mississippi","Stone County",3,51,227,118,109
050,28,131,"Mississippi","Stone County",3,52,222,105,117
050,28,131,"Mississippi","Stone County",3,53,220,115,105
050,28,131,"Mississippi","Stone County",3,54,222,117,105
050,28,131,"Mississippi","Stone County",3,55,255,123,132
050,28,131,"Mississippi","Stone County",3,56,271,142,129
050,28,131,"Mississippi","Stone County",3,57,269,139,130
050,28,131,"Mississippi","Stone County",3,58,284,148,136
050,28,131,"Mississippi","Stone County",3,59,263,129,134
050,28,131,"Mississippi","Stone County",3,60,256,117,139
050,28,131,"Mississippi","Stone County",3,61,242,112,130
050,28,131,"Mississippi","Stone County",3,62,250,132,118
050,28,131,"Mississippi","Stone County",3,63,254,137,117
050,28,131,"Mississippi","Stone County",3,64,246,117,129
050,28,131,"Mississippi","Stone County",3,65,236,114,122
050,28,131,"Mississippi","Stone County",3,66,237,102,135
050,28,131,"Mississippi","Stone County",3,67,234,93,141
050,28,131,"Mississippi","Stone County",3,68,229,105,124
050,28,131,"Mississippi","Stone County",3,69,194,100,94
050,28,131,"Mississippi","Stone County",3,70,189,107,82
050,28,131,"Mississippi","Stone County",3,71,198,98,100
050,28,131,"Mississippi","Stone County",3,72,187,94,93
050,28,131,"Mississippi","Stone County",3,73,174,91,83
050,28,131,"Mississippi","Stone County",3,74,176,93,83
050,28,131,"Mississippi","Stone County",3,75,126,67,59
050,28,131,"Mississippi","Stone County",3,76,116,58,58
050,28,131,"Mississippi","Stone County",3,77,102,50,52
050,28,131,"Mississippi","Stone County",3,78,106,47,59
050,28,131,"Mississippi","Stone County",3,79,90,38,52
050,28,131,"Mississippi","Stone County",3,80,83,34,49
050,28,131,"Mississippi","Stone County",3,81,67,30,37
050,28,131,"Mississippi","Stone County",3,82,64,30,34
050,28,131,"Mississippi","Stone County",3,83,69,26,43
050,28,131,"Mississippi","Stone County",3,84,52,20,32
050,28,131,"Mississippi","Stone County",3,85,206,88,118
050,28,131,"Mississippi","Stone County",4,0,207,105,102
050,28,131,"Mississippi","Stone County",4,1,199,101,98
050,28,131,"Mississippi","Stone County",4,2,224,115,109
050,28,131,"Mississippi","Stone County",4,3,195,95,100
050,28,131,"Mississippi","Stone County",4,4,209,109,100
050,28,131,"Mississippi","Stone County",4,5,219,112,107
050,28,131,"Mississippi","Stone County",4,6,213,97,116
050,28,131,"Mississippi","Stone County",4,7,237,114,123
050,28,131,"Mississippi","Stone County",4,8,235,118,117
050,28,131,"Mississippi","Stone County",4,9,213,111,102
050,28,131,"Mississippi","Stone County",4,10,222,113,109
050,28,131,"Mississippi","Stone County",4,11,227,118,109
050,28,131,"Mississippi","Stone County",4,12,232,126,106
050,28,131,"Mississippi","Stone County",4,13,244,122,122
050,28,131,"Mississippi","Stone County",4,14,259,142,117
050,28,131,"Mississippi","Stone County",4,15,244,136,108
050,28,131,"Mississippi","Stone County",4,16,208,107,101
050,28,131,"Mississippi","Stone County",4,17,220,109,111
050,28,131,"Mississippi","Stone County",4,18,312,161,151
050,28,131,"Mississippi","Stone County",4,19,481,263,218
050,28,131,"Mississippi","Stone County",4,20,380,204,176
050,28,131,"Mississippi","Stone County",4,21,257,146,111
050,28,131,"Mississippi","Stone County",4,22,214,115,99
050,28,131,"Mississippi","Stone County",4,23,210,105,105
050,28,131,"Mississippi","Stone County",4,24,225,109,116
050,28,131,"Mississippi","Stone County",4,25,199,110,89
050,28,131,"Mississippi","Stone County",4,26,216,111,105
050,28,131,"Mississippi","Stone County",4,27,205,101,104
050,28,131,"Mississippi","Stone County",4,28,202,97,105
050,28,131,"Mississippi","Stone County",4,29,227,114,113
050,28,131,"Mississippi","Stone County",4,30,265,125,140
050,28,131,"Mississippi","Stone County",4,31,253,128,125
050,28,131,"Mississippi","Stone County",4,32,267,137,130
050,28,131,"Mississippi","Stone County",4,33,236,130,106
050,28,131,"Mississippi","Stone County",4,34,213,115,98
050,28,131,"Mississippi","Stone County",4,35,230,121,109
050,28,131,"Mississippi","Stone County",4,36,202,99,103
050,28,131,"Mississippi","Stone County",4,37,218,111,107
050,28,131,"Mississippi","Stone County",4,38,191,91,100
050,28,131,"Mississippi","Stone County",4,39,217,107,110
050,28,131,"Mississippi","Stone County",4,40,219,99,120
050,28,131,"Mississippi","Stone County",4,41,240,111,129
050,28,131,"Mississippi","Stone County",4,42,248,135,113
050,28,131,"Mississippi","Stone County",4,43,225,113,112
050,28,131,"Mississippi","Stone County",4,44,212,108,104
050,28,131,"Mississippi","Stone County",4,45,228,136,92
050,28,131,"Mississippi","Stone County",4,46,200,87,113
050,28,131,"Mississippi","Stone County",4,47,218,104,114
050,28,131,"Mississippi","Stone County",4,48,221,114,107
050,28,131,"Mississippi","Stone County",4,49,233,124,109
050,28,131,"Mississippi","Stone County",4,50,232,113,119
050,28,131,"Mississippi","Stone County",4,51,264,125,139
050,28,131,"Mississippi","Stone County",4,52,232,122,110
050,28,131,"Mississippi","Stone County",4,53,230,116,114
050,28,131,"Mississippi","Stone County",4,54,215,109,106
050,28,131,"Mississippi","Stone County",4,55,231,124,107
050,28,131,"Mississippi","Stone County",4,56,258,124,134
050,28,131,"Mississippi","Stone County",4,57,259,129,130
050,28,131,"Mississippi","Stone County",4,58,283,150,133
050,28,131,"Mississippi","Stone County",4,59,283,147,136
050,28,131,"Mississippi","Stone County",4,60,269,133,136
050,28,131,"Mississippi","Stone County",4,61,243,106,137
050,28,131,"Mississippi","Stone County",4,62,254,122,132
050,28,131,"Mississippi","Stone County",4,63,241,128,113
050,28,131,"Mississippi","Stone County",4,64,243,124,119
050,28,131,"Mississippi","Stone County",4,65,239,119,120
050,28,131,"Mississippi","Stone County",4,66,225,110,115
050,28,131,"Mississippi","Stone County",4,67,229,99,130
050,28,131,"Mississippi","Stone County",4,68,244,98,146
050,28,131,"Mississippi","Stone County",4,69,217,101,116
050,28,131,"Mississippi","Stone County",4,70,193,100,93
050,28,131,"Mississippi","Stone County",4,71,191,106,85
050,28,131,"Mississippi","Stone County",4,72,196,100,96
050,28,131,"Mississippi","Stone County",4,73,179,92,87
050,28,131,"Mississippi","Stone County",4,74,167,85,82
050,28,131,"Mississippi","Stone County",4,75,170,90,80
050,28,131,"Mississippi","Stone County",4,76,117,64,53
050,28,131,"Mississippi","Stone County",4,77,109,52,57
050,28,131,"Mississippi","Stone County",4,78,100,50,50
050,28,131,"Mississippi","Stone County",4,79,104,46,58
050,28,131,"Mississippi","Stone County",4,80,81,31,50
050,28,131,"Mississippi","Stone County",4,81,80,31,49
050,28,131,"Mississippi","Stone County",4,82,64,29,35
050,28,131,"Mississippi","Stone County",4,83,55,24,31
050,28,131,"Mississippi","Stone County",4,84,62,24,38
050,28,131,"Mississippi","Stone County",4,85,211,86,125
050,28,131,"Mississippi","Stone County",5,0,212,106,106
050,28,131,"Mississippi","Stone County",5,1,198,95,103
050,28,131,"Mississippi","Stone County",5,2,201,102,99
050,28,131,"Mississippi","Stone County",5,3,212,113,99
050,28,131,"Mississippi","Stone County",5,4,185,97,88
050,28,131,"Mississippi","Stone County",5,5,207,114,93
050,28,131,"Mississippi","Stone County",5,6,211,103,108
050,28,131,"Mississippi","Stone County",5,7,222,99,123
050,28,131,"Mississippi","Stone County",5,8,238,111,127
050,28,131,"Mississippi","Stone County",5,9,237,114,123
050,28,131,"Mississippi","Stone County",5,10,218,120,98
050,28,131,"Mississippi","Stone County",5,11,229,118,111
050,28,131,"Mississippi","Stone County",5,12,215,117,98
050,28,131,"Mississippi","Stone County",5,13,234,133,101
050,28,131,"Mississippi","Stone County",5,14,244,120,124
050,28,131,"Mississippi","Stone County",5,15,261,140,121
050,28,131,"Mississippi","Stone County",5,16,238,132,106
050,28,131,"Mississippi","Stone County",5,17,209,114,95
050,28,131,"Mississippi","Stone County",5,18,311,159,152
050,28,131,"Mississippi","Stone County",5,19,464,247,217
050,28,131,"Mississippi","Stone County",5,20,376,208,168
050,28,131,"Mississippi","Stone County",5,21,241,129,112
050,28,131,"Mississippi","Stone County",5,22,234,128,106
050,28,131,"Mississippi","Stone County",5,23,224,121,103
050,28,131,"Mississippi","Stone County",5,24,220,115,105
050,28,131,"Mississippi","Stone County",5,25,236,109,127
050,28,131,"Mississippi","Stone County",5,26,221,117,104
050,28,131,"Mississippi","Stone County",5,27,200,99,101
050,28,131,"Mississippi","Stone County",5,28,206,107,99
050,28,131,"Mississippi","Stone County",5,29,199,102,97
050,28,131,"Mississippi","Stone County",5,30,231,119,112
050,28,131,"Mississippi","Stone County",5,31,244,110,134
050,28,131,"Mississippi","Stone County",5,32,263,125,138
050,28,131,"Mississippi","Stone County",5,33,262,137,125
050,28,131,"Mississippi","Stone County",5,34,223,120,103
050,28,131,"Mississippi","Stone County",5,35,214,117,97
050,28,131,"Mississippi","Stone County",5,36,224,113,111
050,28,131,"Mississippi","Stone County",5,37,210,105,105
050,28,131,"Mississippi","Stone County",5,38,211,98,113
050,28,131,"Mississippi","Stone County",5,39,186,92,94
050,28,131,"Mississippi","Stone County",5,40,224,108,116
050,28,131,"Mississippi","Stone County",5,41,238,121,117
050,28,131,"Mississippi","Stone County",5,42,246,113,133
050,28,131,"Mississippi","Stone County",5,43,247,131,116
050,28,131,"Mississippi","Stone County",5,44,221,117,104
050,28,131,"Mississippi","Stone County",5,45,239,133,106
050,28,131,"Mississippi","Stone County",5,46,208,116,92
050,28,131,"Mississippi","Stone County",5,47,207,93,114
050,28,131,"Mississippi","Stone County",5,48,219,104,115
050,28,131,"Mississippi","Stone County",5,49,237,130,107
050,28,131,"Mississippi","Stone County",5,50,217,106,111
050,28,131,"Mississippi","Stone County",5,51,235,118,117
050,28,131,"Mississippi","Stone County",5,52,271,128,143
050,28,131,"Mississippi","Stone County",5,53,249,130,119
050,28,131,"Mississippi","Stone County",5,54,222,112,110
050,28,131,"Mississippi","Stone County",5,55,229,121,108
050,28,131,"Mississippi","Stone County",5,56,235,127,108
050,28,131,"Mississippi","Stone County",5,57,261,122,139
050,28,131,"Mississippi","Stone County",5,58,262,132,130
050,28,131,"Mississippi","Stone County",5,59,280,145,135
050,28,131,"Mississippi","Stone County",5,60,289,148,141
050,28,131,"Mississippi","Stone County",5,61,256,126,130
050,28,131,"Mississippi","Stone County",5,62,262,118,144
050,28,131,"Mississippi","Stone County",5,63,243,113,130
050,28,131,"Mississippi","Stone County",5,64,235,121,114
050,28,131,"Mississippi","Stone County",5,65,246,128,118
050,28,131,"Mississippi","Stone County",5,66,238,117,121
050,28,131,"Mississippi","Stone County",5,67,214,105,109
050,28,131,"Mississippi","Stone County",5,68,232,99,133
050,28,131,"Mississippi","Stone County",5,69,242,104,138
050,28,131,"Mississippi","Stone County",5,70,209,98,111
050,28,131,"Mississippi","Stone County",5,71,201,104,97
050,28,131,"Mississippi","Stone County",5,72,187,103,84
050,28,131,"Mississippi","Stone County",5,73,195,99,96
050,28,131,"Mississippi","Stone County",5,74,163,80,83
050,28,131,"Mississippi","Stone County",5,75,164,85,79
050,28,131,"Mississippi","Stone County",5,76,159,83,76
050,28,131,"Mississippi","Stone County",5,77,113,60,53
050,28,131,"Mississippi","Stone County",5,78,105,49,56
050,28,131,"Mississippi","Stone County",5,79,95,47,48
050,28,131,"Mississippi","Stone County",5,80,95,41,54
050,28,131,"Mississippi","Stone County",5,81,78,29,49
050,28,131,"Mississippi","Stone County",5,82,78,33,45
050,28,131,"Mississippi","Stone County",5,83,56,25,31
050,28,131,"Mississippi","Stone County",5,84,51,23,28
050,28,131,"Mississippi","Stone County",5,85,232,93,139
050,28,133,"Mississippi","Sunflower County",1,0,275,141,134
050,28,133,"Mississippi","Sunflower County",1,1,300,150,150
050,28,133,"Mississippi","Sunflower County",1,2,284,135,149
050,28,133,"Mississippi","Sunflower County",1,3,284,138,146
050,28,133,"Mississippi","Sunflower County",1,4,308,154,154
050,28,133,"Mississippi","Sunflower County",1,5,293,149,144
050,28,133,"Mississippi","Sunflower County",1,6,284,146,138
050,28,133,"Mississippi","Sunflower County",1,7,292,144,148
050,28,133,"Mississippi","Sunflower County",1,8,304,155,149
050,28,133,"Mississippi","Sunflower County",1,9,339,176,163
050,28,133,"Mississippi","Sunflower County",1,10,329,177,152
050,28,133,"Mississippi","Sunflower County",1,11,343,149,194
050,28,133,"Mississippi","Sunflower County",1,12,375,180,195
050,28,133,"Mississippi","Sunflower County",1,13,377,195,182
050,28,133,"Mississippi","Sunflower County",1,14,361,189,172
050,28,133,"Mississippi","Sunflower County",1,15,339,165,174
050,28,133,"Mississippi","Sunflower County",1,16,332,166,166
050,28,133,"Mississippi","Sunflower County",1,17,332,169,163
050,28,133,"Mississippi","Sunflower County",1,18,355,176,179
050,28,133,"Mississippi","Sunflower County",1,19,427,220,207
050,28,133,"Mississippi","Sunflower County",1,20,415,212,203
050,28,133,"Mississippi","Sunflower County",1,21,325,164,161
050,28,133,"Mississippi","Sunflower County",1,22,356,221,135
050,28,133,"Mississippi","Sunflower County",1,23,340,205,135
050,28,133,"Mississippi","Sunflower County",1,24,384,258,126
050,28,133,"Mississippi","Sunflower County",1,25,348,220,128
050,28,133,"Mississippi","Sunflower County",1,26,395,250,145
050,28,133,"Mississippi","Sunflower County",1,27,436,271,165
050,28,133,"Mississippi","Sunflower County",1,28,480,313,167
050,28,133,"Mississippi","Sunflower County",1,29,501,324,177
050,28,133,"Mississippi","Sunflower County",1,30,456,276,180
050,28,133,"Mississippi","Sunflower County",1,31,425,267,158
050,28,133,"Mississippi","Sunflower County",1,32,372,235,137
050,28,133,"Mississippi","Sunflower County",1,33,342,213,129
050,28,133,"Mississippi","Sunflower County",1,34,357,233,124
050,28,133,"Mississippi","Sunflower County",1,35,339,208,131
050,28,133,"Mississippi","Sunflower County",1,36,339,201,138
050,28,133,"Mississippi","Sunflower County",1,37,347,192,155
050,28,133,"Mississippi","Sunflower County",1,38,352,207,145
050,28,133,"Mississippi","Sunflower County",1,39,373,219,154
050,28,133,"Mississippi","Sunflower County",1,40,371,205,166
050,28,133,"Mississippi","Sunflower County",1,41,333,189,144
050,28,133,"Mississippi","Sunflower County",1,42,316,164,152
050,28,133,"Mississippi","Sunflower County",1,43,327,188,139
050,28,133,"Mississippi","Sunflower County",1,44,306,185,121
050,28,133,"Mississippi","Sunflower County",1,45,323,194,129
050,28,133,"Mississippi","Sunflower County",1,46,313,194,119
050,28,133,"Mississippi","Sunflower County",1,47,290,172,118
050,28,133,"Mississippi","Sunflower County",1,48,333,194,139
050,28,133,"Mississippi","Sunflower County",1,49,364,198,166
050,28,133,"Mississippi","Sunflower County",1,50,345,179,166
050,28,133,"Mississippi","Sunflower County",1,51,313,178,135
050,28,133,"Mississippi","Sunflower County",1,52,311,177,134
050,28,133,"Mississippi","Sunflower County",1,53,310,158,152
050,28,133,"Mississippi","Sunflower County",1,54,319,160,159
050,28,133,"Mississippi","Sunflower County",1,55,332,177,155
050,28,133,"Mississippi","Sunflower County",1,56,332,171,161
050,28,133,"Mississippi","Sunflower County",1,57,334,164,170
050,28,133,"Mississippi","Sunflower County",1,58,320,152,168
050,28,133,"Mississippi","Sunflower County",1,59,331,149,182
050,28,133,"Mississippi","Sunflower County",1,60,295,120,175
050,28,133,"Mississippi","Sunflower County",1,61,295,138,157
050,28,133,"Mississippi","Sunflower County",1,62,286,143,143
050,28,133,"Mississippi","Sunflower County",1,63,290,138,152
050,28,133,"Mississippi","Sunflower County",1,64,282,131,151
050,28,133,"Mississippi","Sunflower County",1,65,286,130,156
050,28,133,"Mississippi","Sunflower County",1,66,300,149,151
050,28,133,"Mississippi","Sunflower County",1,67,306,148,158
050,28,133,"Mississippi","Sunflower County",1,68,270,120,150
050,28,133,"Mississippi","Sunflower County",1,69,250,117,133
050,28,133,"Mississippi","Sunflower County",1,70,235,107,128
050,28,133,"Mississippi","Sunflower County",1,71,218,92,126
050,28,133,"Mississippi","Sunflower County",1,72,189,93,96
050,28,133,"Mississippi","Sunflower County",1,73,177,77,100
050,28,133,"Mississippi","Sunflower County",1,74,136,61,75
050,28,133,"Mississippi","Sunflower County",1,75,134,60,74
050,28,133,"Mississippi","Sunflower County",1,76,135,53,82
050,28,133,"Mississippi","Sunflower County",1,77,131,59,72
050,28,133,"Mississippi","Sunflower County",1,78,120,52,68
050,28,133,"Mississippi","Sunflower County",1,79,95,39,56
050,28,133,"Mississippi","Sunflower County",1,80,94,36,58
050,28,133,"Mississippi","Sunflower County",1,81,97,38,59
050,28,133,"Mississippi","Sunflower County",1,82,89,35,54
050,28,133,"Mississippi","Sunflower County",1,83,69,23,46
050,28,133,"Mississippi","Sunflower County",1,84,72,27,45
050,28,133,"Mississippi","Sunflower County",1,85,383,106,277
050,28,133,"Mississippi","Sunflower County",2,0,277,141,136
050,28,133,"Mississippi","Sunflower County",2,1,294,147,147
050,28,133,"Mississippi","Sunflower County",2,2,288,138,150
050,28,133,"Mississippi","Sunflower County",2,3,282,135,147
050,28,133,"Mississippi","Sunflower County",2,4,301,148,153
050,28,133,"Mississippi","Sunflower County",2,5,294,150,144
050,28,133,"Mississippi","Sunflower County",2,6,284,146,138
050,28,133,"Mississippi","Sunflower County",2,7,285,143,142
050,28,133,"Mississippi","Sunflower County",2,8,299,151,148
050,28,133,"Mississippi","Sunflower County",2,9,328,170,158
050,28,133,"Mississippi","Sunflower County",2,10,326,173,153
050,28,133,"Mississippi","Sunflower County",2,11,335,153,182
050,28,133,"Mississippi","Sunflower County",2,12,370,174,196
050,28,133,"Mississippi","Sunflower County",2,13,376,192,184
050,28,133,"Mississippi","Sunflower County",2,14,366,193,173
050,28,133,"Mississippi","Sunflower County",2,15,342,172,170
050,28,133,"Mississippi","Sunflower County",2,16,331,165,166
050,28,133,"Mississippi","Sunflower County",2,17,331,168,163
050,28,133,"Mississippi","Sunflower County",2,18,355,176,179
050,28,133,"Mississippi","Sunflower County",2,19,423,219,204
050,28,133,"Mississippi","Sunflower County",2,20,418,214,204
050,28,133,"Mississippi","Sunflower County",2,21,326,163,163
050,28,133,"Mississippi","Sunflower County",2,22,358,221,137
050,28,133,"Mississippi","Sunflower County",2,23,340,207,133
050,28,133,"Mississippi","Sunflower County",2,24,374,250,124
050,28,133,"Mississippi","Sunflower County",2,25,353,227,126
050,28,133,"Mississippi","Sunflower County",2,26,381,243,138
050,28,133,"Mississippi","Sunflower County",2,27,428,269,159
050,28,133,"Mississippi","Sunflower County",2,28,470,303,167
050,28,133,"Mississippi","Sunflower County",2,29,487,315,172
050,28,133,"Mississippi","Sunflower County",2,30,464,286,178
050,28,133,"Mississippi","Sunflower County",2,31,428,265,163
050,28,133,"Mississippi","Sunflower County",2,32,379,239,140
050,28,133,"Mississippi","Sunflower County",2,33,342,213,129
050,28,133,"Mississippi","Sunflower County",2,34,355,230,125
050,28,133,"Mississippi","Sunflower County",2,35,335,208,127
050,28,133,"Mississippi","Sunflower County",2,36,334,199,135
050,28,133,"Mississippi","Sunflower County",2,37,343,193,150
050,28,133,"Mississippi","Sunflower County",2,38,350,202,148
050,28,133,"Mississippi","Sunflower County",2,39,368,219,149
050,28,133,"Mississippi","Sunflower County",2,40,367,205,162
050,28,133,"Mississippi","Sunflower County",2,41,341,191,150
050,28,133,"Mississippi","Sunflower County",2,42,317,165,152
050,28,133,"Mississippi","Sunflower County",2,43,325,182,143
050,28,133,"Mississippi","Sunflower County",2,44,308,184,124
050,28,133,"Mississippi","Sunflower County",2,45,320,192,128
050,28,133,"Mississippi","Sunflower County",2,46,315,196,119
050,28,133,"Mississippi","Sunflower County",2,47,291,176,115
050,28,133,"Mississippi","Sunflower County",2,48,323,190,133
050,28,133,"Mississippi","Sunflower County",2,49,358,197,161
050,28,133,"Mississippi","Sunflower County",2,50,341,178,163
050,28,133,"Mississippi","Sunflower County",2,51,314,174,140
050,28,133,"Mississippi","Sunflower County",2,52,309,177,132
050,28,133,"Mississippi","Sunflower County",2,53,310,161,149
050,28,133,"Mississippi","Sunflower County",2,54,315,159,156
050,28,133,"Mississippi","Sunflower County",2,55,326,171,155
050,28,133,"Mississippi","Sunflower County",2,56,333,172,161
050,28,133,"Mississippi","Sunflower County",2,57,332,164,168
050,28,133,"Mississippi","Sunflower County",2,58,319,152,167
050,28,133,"Mississippi","Sunflower County",2,59,327,149,178
050,28,133,"Mississippi","Sunflower County",2,60,301,125,176
050,28,133,"Mississippi","Sunflower County",2,61,293,133,160
050,28,133,"Mississippi","Sunflower County",2,62,285,139,146
050,28,133,"Mississippi","Sunflower County",2,63,289,139,150
050,28,133,"Mississippi","Sunflower County",2,64,283,130,153
050,28,133,"Mississippi","Sunflower County",2,65,288,132,156
050,28,133,"Mississippi","Sunflower County",2,66,289,140,149
050,28,133,"Mississippi","Sunflower County",2,67,306,148,158
050,28,133,"Mississippi","Sunflower County",2,68,271,123,148
050,28,133,"Mississippi","Sunflower County",2,69,255,118,137
050,28,133,"Mississippi","Sunflower County",2,70,236,110,126
050,28,133,"Mississippi","Sunflower County",2,71,218,92,126
050,28,133,"Mississippi","Sunflower County",2,72,192,90,102
050,28,133,"Mississippi","Sunflower County",2,73,182,81,101
050,28,133,"Mississippi","Sunflower County",2,74,138,60,78
050,28,133,"Mississippi","Sunflower County",2,75,134,60,74
050,28,133,"Mississippi","Sunflower County",2,76,135,54,81
050,28,133,"Mississippi","Sunflower County",2,77,131,58,73
050,28,133,"Mississippi","Sunflower County",2,78,119,52,67
050,28,133,"Mississippi","Sunflower County",2,79,96,40,56
050,28,133,"Mississippi","Sunflower County",2,80,95,36,59
050,28,133,"Mississippi","Sunflower County",2,81,94,37,57
050,28,133,"Mississippi","Sunflower County",2,82,89,35,54
050,28,133,"Mississippi","Sunflower County",2,83,72,25,47
050,28,133,"Mississippi","Sunflower County",2,84,71,27,44
050,28,133,"Mississippi","Sunflower County",2,85,383,108,275
050,28,133,"Mississippi","Sunflower County",3,0,269,117,152
050,28,133,"Mississippi","Sunflower County",3,1,284,150,134
050,28,133,"Mississippi","Sunflower County",3,2,296,142,154
050,28,133,"Mississippi","Sunflower County",3,3,286,137,149
050,28,133,"Mississippi","Sunflower County",3,4,262,131,131
050,28,133,"Mississippi","Sunflower County",3,5,281,149,132
050,28,133,"Mississippi","Sunflower County",3,6,297,151,146
050,28,133,"Mississippi","Sunflower County",3,7,270,132,138
050,28,133,"Mississippi","Sunflower County",3,8,262,128,134
050,28,133,"Mississippi","Sunflower County",3,9,282,148,134
050,28,133,"Mississippi","Sunflower County",3,10,304,163,141
050,28,133,"Mississippi","Sunflower County",3,11,311,157,154
050,28,133,"Mississippi","Sunflower County",3,12,333,153,180
050,28,133,"Mississippi","Sunflower County",3,13,356,168,188
050,28,133,"Mississippi","Sunflower County",3,14,361,182,179
050,28,133,"Mississippi","Sunflower County",3,15,356,186,170
050,28,133,"Mississippi","Sunflower County",3,16,339,171,168
050,28,133,"Mississippi","Sunflower County",3,17,324,159,165
050,28,133,"Mississippi","Sunflower County",3,18,348,173,175
050,28,133,"Mississippi","Sunflower County",3,19,417,221,196
050,28,133,"Mississippi","Sunflower County",3,20,392,203,189
050,28,133,"Mississippi","Sunflower County",3,21,342,165,177
050,28,133,"Mississippi","Sunflower County",3,22,356,217,139
050,28,133,"Mississippi","Sunflower County",3,23,354,216,138
050,28,133,"Mississippi","Sunflower County",3,24,359,239,120
050,28,133,"Mississippi","Sunflower County",3,25,353,229,124
050,28,133,"Mississippi","Sunflower County",3,26,355,236,119
050,28,133,"Mississippi","Sunflower County",3,27,386,248,138
050,28,133,"Mississippi","Sunflower County",3,28,430,273,157
050,28,133,"Mississippi","Sunflower County",3,29,453,288,165
050,28,133,"Mississippi","Sunflower County",3,30,460,297,163
050,28,133,"Mississippi","Sunflower County",3,31,436,273,163
050,28,133,"Mississippi","Sunflower County",3,32,409,249,160
050,28,133,"Mississippi","Sunflower County",3,33,352,223,129
050,28,133,"Mississippi","Sunflower County",3,34,361,231,130
050,28,133,"Mississippi","Sunflower County",3,35,330,205,125
050,28,133,"Mississippi","Sunflower County",3,36,326,205,121
050,28,133,"Mississippi","Sunflower County",3,37,334,198,136
050,28,133,"Mississippi","Sunflower County",3,38,340,189,151
050,28,133,"Mississippi","Sunflower County",3,39,360,215,145
050,28,133,"Mississippi","Sunflower County",3,40,340,195,145
050,28,133,"Mississippi","Sunflower County",3,41,359,210,149
050,28,133,"Mississippi","Sunflower County",3,42,331,174,157
050,28,133,"Mississippi","Sunflower County",3,43,317,174,143
050,28,133,"Mississippi","Sunflower County",3,44,324,188,136
050,28,133,"Mississippi","Sunflower County",3,45,294,173,121
050,28,133,"Mississippi","Sunflower County",3,46,325,195,130
050,28,133,"Mississippi","Sunflower County",3,47,308,191,117
050,28,133,"Mississippi","Sunflower County",3,48,285,170,115
050,28,133,"Mississippi","Sunflower County",3,49,313,180,133
050,28,133,"Mississippi","Sunflower County",3,50,340,183,157
050,28,133,"Mississippi","Sunflower County",3,51,339,176,163
050,28,133,"Mississippi","Sunflower County",3,52,316,175,141
050,28,133,"Mississippi","Sunflower County",3,53,304,169,135
050,28,133,"Mississippi","Sunflower County",3,54,308,168,140
050,28,133,"Mississippi","Sunflower County",3,55,310,159,151
050,28,133,"Mississippi","Sunflower County",3,56,309,158,151
050,28,133,"Mississippi","Sunflower County",3,57,333,163,170
050,28,133,"Mississippi","Sunflower County",3,58,314,157,157
050,28,133,"Mississippi","Sunflower County",3,59,314,152,162
050,28,133,"Mississippi","Sunflower County",3,60,314,138,176
050,28,133,"Mississippi","Sunflower County",3,61,300,124,176
050,28,133,"Mississippi","Sunflower County",3,62,293,136,157
050,28,133,"Mississippi","Sunflower County",3,63,273,135,138
050,28,133,"Mississippi","Sunflower County",3,64,275,131,144
050,28,133,"Mississippi","Sunflower County",3,65,276,122,154
050,28,133,"Mississippi","Sunflower County",3,66,256,111,145
050,28,133,"Mississippi","Sunflower County",3,67,291,139,152
050,28,133,"Mississippi","Sunflower County",3,68,286,135,151
050,28,133,"Mississippi","Sunflower County",3,69,256,108,148
050,28,133,"Mississippi","Sunflower County",3,70,252,121,131
050,28,133,"Mississippi","Sunflower County",3,71,225,102,123
050,28,133,"Mississippi","Sunflower County",3,72,190,76,114
050,28,133,"Mississippi","Sunflower County",3,73,176,77,99
050,28,133,"Mississippi","Sunflower County",3,74,168,73,95
050,28,133,"Mississippi","Sunflower County",3,75,120,49,71
050,28,133,"Mississippi","Sunflower County",3,76,136,57,79
050,28,133,"Mississippi","Sunflower County",3,77,120,47,73
050,28,133,"Mississippi","Sunflower County",3,78,126,58,68
050,28,133,"Mississippi","Sunflower County",3,79,94,38,56
050,28,133,"Mississippi","Sunflower County",3,80,93,32,61
050,28,133,"Mississippi","Sunflower County",3,81,90,34,56
050,28,133,"Mississippi","Sunflower County",3,82,86,38,48
050,28,133,"Mississippi","Sunflower County",3,83,80,29,51
050,28,133,"Mississippi","Sunflower County",3,84,65,29,36
050,28,133,"Mississippi","Sunflower County",3,85,379,108,271
050,28,133,"Mississippi","Sunflower County",4,0,275,135,140
050,28,133,"Mississippi","Sunflower County",4,1,264,116,148
050,28,133,"Mississippi","Sunflower County",4,2,276,146,130
050,28,133,"Mississippi","Sunflower County",4,3,293,135,158
050,28,133,"Mississippi","Sunflower County",4,4,278,135,143
050,28,133,"Mississippi","Sunflower County",4,5,253,127,126
050,28,133,"Mississippi","Sunflower County",4,6,262,138,124
050,28,133,"Mississippi","Sunflower County",4,7,294,152,142
050,28,133,"Mississippi","Sunflower County",4,8,259,122,137
050,28,133,"Mississippi","Sunflower County",4,9,260,127,133
050,28,133,"Mississippi","Sunflower County",4,10,276,144,132
050,28,133,"Mississippi","Sunflower County",4,11,298,160,138
050,28,133,"Mississippi","Sunflower County",4,12,300,149,151
050,28,133,"Mississippi","Sunflower County",4,13,324,150,174
050,28,133,"Mississippi","Sunflower County",4,14,351,166,185
050,28,133,"Mississippi","Sunflower County",4,15,376,188,188
050,28,133,"Mississippi","Sunflower County",4,16,362,187,175
050,28,133,"Mississippi","Sunflower County",4,17,330,169,161
050,28,133,"Mississippi","Sunflower County",4,18,364,184,180
050,28,133,"Mississippi","Sunflower County",4,19,410,215,195
050,28,133,"Mississippi","Sunflower County",4,20,387,205,182
050,28,133,"Mississippi","Sunflower County",4,21,335,170,165
050,28,133,"Mississippi","Sunflower County",4,22,369,226,143
050,28,133,"Mississippi","Sunflower County",4,23,339,201,138
050,28,133,"Mississippi","Sunflower County",4,24,369,235,134
050,28,133,"Mississippi","Sunflower County",4,25,331,218,113
050,28,133,"Mississippi","Sunflower County",4,26,353,237,116
050,28,133,"Mississippi","Sunflower County",4,27,351,240,111
050,28,133,"Mississippi","Sunflower County",4,28,384,252,132
050,28,133,"Mississippi","Sunflower County",4,29,416,260,156
050,28,133,"Mississippi","Sunflower County",4,30,427,271,156
050,28,133,"Mississippi","Sunflower County",4,31,425,266,159
050,28,133,"Mississippi","Sunflower County",4,32,425,271,154
050,28,133,"Mississippi","Sunflower County",4,33,374,221,153
050,28,133,"Mississippi","Sunflower County",4,34,359,236,123
050,28,133,"Mississippi","Sunflower County",4,35,326,198,128
050,28,133,"Mississippi","Sunflower County",4,36,323,204,119
050,28,133,"Mississippi","Sunflower County",4,37,313,192,121
050,28,133,"Mississippi","Sunflower County",4,38,322,187,135
050,28,133,"Mississippi","Sunflower County",4,39,339,201,138
050,28,133,"Mississippi","Sunflower County",4,40,337,195,142
050,28,133,"Mississippi","Sunflower County",4,41,347,201,146
050,28,133,"Mississippi","Sunflower County",4,42,354,198,156
050,28,133,"Mississippi","Sunflower County",4,43,329,171,158
050,28,133,"Mississippi","Sunflower County",4,44,308,176,132
050,28,133,"Mississippi","Sunflower County",4,45,313,185,128
050,28,133,"Mississippi","Sunflower County",4,46,306,185,121
050,28,133,"Mississippi","Sunflower County",4,47,307,181,126
050,28,133,"Mississippi","Sunflower County",4,48,297,185,112
050,28,133,"Mississippi","Sunflower County",4,49,287,170,117
050,28,133,"Mississippi","Sunflower County",4,50,288,159,129
050,28,133,"Mississippi","Sunflower County",4,51,326,176,150
050,28,133,"Mississippi","Sunflower County",4,52,330,171,159
050,28,133,"Mississippi","Sunflower County",4,53,313,170,143
050,28,133,"Mississippi","Sunflower County",4,54,298,164,134
050,28,133,"Mississippi","Sunflower County",4,55,293,150,143
050,28,133,"Mississippi","Sunflower County",4,56,300,157,143
050,28,133,"Mississippi","Sunflower County",4,57,315,156,159
050,28,133,"Mississippi","Sunflower County",4,58,309,153,156
050,28,133,"Mississippi","Sunflower County",4,59,317,158,159
050,28,133,"Mississippi","Sunflower County",4,60,305,143,162
050,28,133,"Mississippi","Sunflower County",4,61,301,134,167
050,28,133,"Mississippi","Sunflower County",4,62,290,120,170
050,28,133,"Mississippi","Sunflower County",4,63,273,121,152
050,28,133,"Mississippi","Sunflower County",4,64,267,128,139
050,28,133,"Mississippi","Sunflower County",4,65,266,123,143
050,28,133,"Mississippi","Sunflower County",4,66,254,110,144
050,28,133,"Mississippi","Sunflower County",4,67,247,107,140
050,28,133,"Mississippi","Sunflower County",4,68,274,129,145
050,28,133,"Mississippi","Sunflower County",4,69,273,121,152
050,28,133,"Mississippi","Sunflower County",4,70,248,112,136
050,28,133,"Mississippi","Sunflower County",4,71,237,110,127
050,28,133,"Mississippi","Sunflower County",4,72,212,94,118
050,28,133,"Mississippi","Sunflower County",4,73,168,62,106
050,28,133,"Mississippi","Sunflower County",4,74,168,71,97
050,28,133,"Mississippi","Sunflower County",4,75,147,63,84
050,28,133,"Mississippi","Sunflower County",4,76,117,44,73
050,28,133,"Mississippi","Sunflower County",4,77,119,50,69
050,28,133,"Mississippi","Sunflower County",4,78,114,48,66
050,28,133,"Mississippi","Sunflower County",4,79,105,45,60
050,28,133,"Mississippi","Sunflower County",4,80,93,32,61
050,28,133,"Mississippi","Sunflower County",4,81,83,29,54
050,28,133,"Mississippi","Sunflower County",4,82,84,34,50
050,28,133,"Mississippi","Sunflower County",4,83,81,33,48
050,28,133,"Mississippi","Sunflower County",4,84,76,32,44
050,28,133,"Mississippi","Sunflower County",4,85,389,121,268
050,28,133,"Mississippi","Sunflower County",5,0,282,140,142
050,28,133,"Mississippi","Sunflower County",5,1,280,134,146
050,28,133,"Mississippi","Sunflower County",5,2,268,117,151
050,28,133,"Mississippi","Sunflower County",5,3,272,143,129
050,28,133,"Mississippi","Sunflower County",5,4,287,134,153
050,28,133,"Mississippi","Sunflower County",5,5,275,133,142
050,28,133,"Mississippi","Sunflower County",5,6,243,118,125
050,28,133,"Mississippi","Sunflower County",5,7,266,142,124
050,28,133,"Mississippi","Sunflower County",5,8,287,144,143
050,28,133,"Mississippi","Sunflower County",5,9,251,117,134
050,28,133,"Mississippi","Sunflower County",5,10,251,126,125
050,28,133,"Mississippi","Sunflower County",5,11,270,135,135
050,28,133,"Mississippi","Sunflower County",5,12,297,157,140
050,28,133,"Mississippi","Sunflower County",5,13,291,143,148
050,28,133,"Mississippi","Sunflower County",5,14,323,149,174
050,28,133,"Mississippi","Sunflower County",5,15,335,156,179
050,28,133,"Mississippi","Sunflower County",5,16,373,187,186
050,28,133,"Mississippi","Sunflower County",5,17,357,180,177
050,28,133,"Mississippi","Sunflower County",5,18,347,179,168
050,28,133,"Mississippi","Sunflower County",5,19,418,223,195
050,28,133,"Mississippi","Sunflower County",5,20,393,205,188
050,28,133,"Mississippi","Sunflower County",5,21,317,168,149
050,28,133,"Mississippi","Sunflower County",5,22,395,248,147
050,28,133,"Mississippi","Sunflower County",5,23,368,224,144
050,28,133,"Mississippi","Sunflower County",5,24,374,236,138
050,28,133,"Mississippi","Sunflower County",5,25,346,217,129
050,28,133,"Mississippi","Sunflower County",5,26,335,230,105
050,28,133,"Mississippi","Sunflower County",5,27,350,245,105
050,28,133,"Mississippi","Sunflower County",5,28,350,234,116
050,28,133,"Mississippi","Sunflower County",5,29,378,246,132
050,28,133,"Mississippi","Sunflower County",5,30,402,249,153
050,28,133,"Mississippi","Sunflower County",5,31,403,259,144
050,28,133,"Mississippi","Sunflower County",5,32,422,268,154
050,28,133,"Mississippi","Sunflower County",5,33,405,243,162
050,28,133,"Mississippi","Sunflower County",5,34,381,231,150
050,28,133,"Mississippi","Sunflower County",5,35,321,203,118
050,28,133,"Mississippi","Sunflower County",5,36,305,185,120
050,28,133,"Mississippi","Sunflower County",5,37,318,200,118
050,28,133,"Mississippi","Sunflower County",5,38,304,182,122
050,28,133,"Mississippi","Sunflower County",5,39,339,210,129
050,28,133,"Mississippi","Sunflower County",5,40,316,180,136
050,28,133,"Mississippi","Sunflower County",5,41,341,202,139
050,28,133,"Mississippi","Sunflower County",5,42,338,192,146
050,28,133,"Mississippi","Sunflower County",5,43,349,201,148
050,28,133,"Mississippi","Sunflower County",5,44,326,175,151
050,28,133,"Mississippi","Sunflower County",5,45,302,173,129
050,28,133,"Mississippi","Sunflower County",5,46,322,189,133
050,28,133,"Mississippi","Sunflower County",5,47,281,167,114
050,28,133,"Mississippi","Sunflower County",5,48,306,181,125
050,28,133,"Mississippi","Sunflower County",5,49,293,178,115
050,28,133,"Mississippi","Sunflower County",5,50,265,152,113
050,28,133,"Mississippi","Sunflower County",5,51,272,149,123
050,28,133,"Mississippi","Sunflower County",5,52,322,174,148
050,28,133,"Mississippi","Sunflower County",5,53,322,159,163
050,28,133,"Mississippi","Sunflower County",5,54,304,164,140
050,28,133,"Mississippi","Sunflower County",5,55,290,161,129
050,28,133,"Mississippi","Sunflower County",5,56,284,144,140
050,28,133,"Mississippi","Sunflower County",5,57,290,146,144
050,28,133,"Mississippi","Sunflower County",5,58,297,146,151
050,28,133,"Mississippi","Sunflower County",5,59,308,152,156
050,28,133,"Mississippi","Sunflower County",5,60,293,138,155
050,28,133,"Mississippi","Sunflower County",5,61,299,141,158
050,28,133,"Mississippi","Sunflower County",5,62,283,123,160
050,28,133,"Mississippi","Sunflower County",5,63,271,108,163
050,28,133,"Mississippi","Sunflower County",5,64,265,116,149
050,28,133,"Mississippi","Sunflower County",5,65,253,118,135
050,28,133,"Mississippi","Sunflower County",5,66,246,111,135
050,28,133,"Mississippi","Sunflower County",5,67,251,108,143
050,28,133,"Mississippi","Sunflower County",5,68,234,98,136
050,28,133,"Mississippi","Sunflower County",5,69,260,117,143
050,28,133,"Mississippi","Sunflower County",5,70,266,126,140
050,28,133,"Mississippi","Sunflower County",5,71,233,102,131
050,28,133,"Mississippi","Sunflower County",5,72,220,101,119
050,28,133,"Mississippi","Sunflower County",5,73,193,79,114
050,28,133,"Mississippi","Sunflower County",5,74,165,61,104
050,28,133,"Mississippi","Sunflower County",5,75,148,64,84
050,28,133,"Mississippi","Sunflower County",5,76,144,58,86
050,28,133,"Mississippi","Sunflower County",5,77,104,42,62
050,28,133,"Mississippi","Sunflower County",5,78,113,49,64
050,28,133,"Mississippi","Sunflower County",5,79,93,37,56
050,28,133,"Mississippi","Sunflower County",5,80,103,40,63
050,28,133,"Mississippi","Sunflower County",5,81,90,31,59
050,28,133,"Mississippi","Sunflower County",5,82,75,28,47
050,28,133,"Mississippi","Sunflower County",5,83,76,27,49
050,28,133,"Mississippi","Sunflower County",5,84,73,35,38
050,28,133,"Mississippi","Sunflower County",5,85,410,136,274
050,28,135,"Mississippi","Tallahatchie County",1,0,152,77,75
050,28,135,"Mississippi","Tallahatchie County",1,1,156,77,79
050,28,135,"Mississippi","Tallahatchie County",1,2,149,71,78
050,28,135,"Mississippi","Tallahatchie County",1,3,159,72,87
050,28,135,"Mississippi","Tallahatchie County",1,4,150,75,75
050,28,135,"Mississippi","Tallahatchie County",1,5,146,69,77
050,28,135,"Mississippi","Tallahatchie County",1,6,136,65,71
050,28,135,"Mississippi","Tallahatchie County",1,7,125,52,73
050,28,135,"Mississippi","Tallahatchie County",1,8,131,67,64
050,28,135,"Mississippi","Tallahatchie County",1,9,124,55,69
050,28,135,"Mississippi","Tallahatchie County",1,10,149,67,82
050,28,135,"Mississippi","Tallahatchie County",1,11,165,84,81
050,28,135,"Mississippi","Tallahatchie County",1,12,177,93,84
050,28,135,"Mississippi","Tallahatchie County",1,13,166,81,85
050,28,135,"Mississippi","Tallahatchie County",1,14,127,62,65
050,28,135,"Mississippi","Tallahatchie County",1,15,126,63,63
050,28,135,"Mississippi","Tallahatchie County",1,16,138,62,76
050,28,135,"Mississippi","Tallahatchie County",1,17,132,63,69
050,28,135,"Mississippi","Tallahatchie County",1,18,129,65,64
050,28,135,"Mississippi","Tallahatchie County",1,19,127,73,54
050,28,135,"Mississippi","Tallahatchie County",1,20,161,101,60
050,28,135,"Mississippi","Tallahatchie County",1,21,172,105,67
050,28,135,"Mississippi","Tallahatchie County",1,22,222,150,72
050,28,135,"Mississippi","Tallahatchie County",1,23,189,130,59
050,28,135,"Mississippi","Tallahatchie County",1,24,202,120,82
050,28,135,"Mississippi","Tallahatchie County",1,25,215,132,83
050,28,135,"Mississippi","Tallahatchie County",1,26,208,133,75
050,28,135,"Mississippi","Tallahatchie County",1,27,215,133,82
050,28,135,"Mississippi","Tallahatchie County",1,28,216,140,76
050,28,135,"Mississippi","Tallahatchie County",1,29,202,131,71
050,28,135,"Mississippi","Tallahatchie County",1,30,214,137,77
050,28,135,"Mississippi","Tallahatchie County",1,31,192,124,68
050,28,135,"Mississippi","Tallahatchie County",1,32,177,119,58
050,28,135,"Mississippi","Tallahatchie County",1,33,188,123,65
050,28,135,"Mississippi","Tallahatchie County",1,34,181,115,66
050,28,135,"Mississippi","Tallahatchie County",1,35,168,108,60
050,28,135,"Mississippi","Tallahatchie County",1,36,150,90,60
050,28,135,"Mississippi","Tallahatchie County",1,37,144,90,54
050,28,135,"Mississippi","Tallahatchie County",1,38,137,81,56
050,28,135,"Mississippi","Tallahatchie County",1,39,168,101,67
050,28,135,"Mississippi","Tallahatchie County",1,40,171,90,81
050,28,135,"Mississippi","Tallahatchie County",1,41,153,91,62
050,28,135,"Mississippi","Tallahatchie County",1,42,150,84,66
050,28,135,"Mississippi","Tallahatchie County",1,43,173,101,72
050,28,135,"Mississippi","Tallahatchie County",1,44,156,85,71
050,28,135,"Mississippi","Tallahatchie County",1,45,156,90,66
050,28,135,"Mississippi","Tallahatchie County",1,46,160,94,66
050,28,135,"Mississippi","Tallahatchie County",1,47,164,88,76
050,28,135,"Mississippi","Tallahatchie County",1,48,170,91,79
050,28,135,"Mississippi","Tallahatchie County",1,49,166,82,84
050,28,135,"Mississippi","Tallahatchie County",1,50,160,79,81
050,28,135,"Mississippi","Tallahatchie County",1,51,151,73,78
050,28,135,"Mississippi","Tallahatchie County",1,52,150,70,80
050,28,135,"Mississippi","Tallahatchie County",1,53,158,75,83
050,28,135,"Mississippi","Tallahatchie County",1,54,164,88,76
050,28,135,"Mississippi","Tallahatchie County",1,55,156,77,79
050,28,135,"Mississippi","Tallahatchie County",1,56,166,79,87
050,28,135,"Mississippi","Tallahatchie County",1,57,147,70,77
050,28,135,"Mississippi","Tallahatchie County",1,58,164,77,87
050,28,135,"Mississippi","Tallahatchie County",1,59,168,71,97
050,28,135,"Mississippi","Tallahatchie County",1,60,181,75,106
050,28,135,"Mississippi","Tallahatchie County",1,61,147,78,69
050,28,135,"Mississippi","Tallahatchie County",1,62,161,81,80
050,28,135,"Mississippi","Tallahatchie County",1,63,156,83,73
050,28,135,"Mississippi","Tallahatchie County",1,64,163,82,81
050,28,135,"Mississippi","Tallahatchie County",1,65,164,81,83
050,28,135,"Mississippi","Tallahatchie County",1,66,140,64,76
050,28,135,"Mississippi","Tallahatchie County",1,67,113,48,65
050,28,135,"Mississippi","Tallahatchie County",1,68,126,69,57
050,28,135,"Mississippi","Tallahatchie County",1,69,134,67,67
050,28,135,"Mississippi","Tallahatchie County",1,70,136,73,63
050,28,135,"Mississippi","Tallahatchie County",1,71,123,52,71
050,28,135,"Mississippi","Tallahatchie County",1,72,118,50,68
050,28,135,"Mississippi","Tallahatchie County",1,73,106,50,56
050,28,135,"Mississippi","Tallahatchie County",1,74,71,33,38
050,28,135,"Mississippi","Tallahatchie County",1,75,71,26,45
050,28,135,"Mississippi","Tallahatchie County",1,76,81,29,52
050,28,135,"Mississippi","Tallahatchie County",1,77,77,33,44
050,28,135,"Mississippi","Tallahatchie County",1,78,71,29,42
050,28,135,"Mississippi","Tallahatchie County",1,79,64,29,35
050,28,135,"Mississippi","Tallahatchie County",1,80,55,18,37
050,28,135,"Mississippi","Tallahatchie County",1,81,61,24,37
050,28,135,"Mississippi","Tallahatchie County",1,82,62,27,35
050,28,135,"Mississippi","Tallahatchie County",1,83,65,26,39
050,28,135,"Mississippi","Tallahatchie County",1,84,39,14,25
050,28,135,"Mississippi","Tallahatchie County",1,85,239,73,166
050,28,135,"Mississippi","Tallahatchie County",2,0,146,73,73
050,28,135,"Mississippi","Tallahatchie County",2,1,155,78,77
050,28,135,"Mississippi","Tallahatchie County",2,2,149,71,78
050,28,135,"Mississippi","Tallahatchie County",2,3,154,71,83
050,28,135,"Mississippi","Tallahatchie County",2,4,151,73,78
050,28,135,"Mississippi","Tallahatchie County",2,5,146,69,77
050,28,135,"Mississippi","Tallahatchie County",2,6,135,62,73
050,28,135,"Mississippi","Tallahatchie County",2,7,126,54,72
050,28,135,"Mississippi","Tallahatchie County",2,8,127,62,65
050,28,135,"Mississippi","Tallahatchie County",2,9,124,57,67
050,28,135,"Mississippi","Tallahatchie County",2,10,141,64,77
050,28,135,"Mississippi","Tallahatchie County",2,11,160,81,79
050,28,135,"Mississippi","Tallahatchie County",2,12,175,92,83
050,28,135,"Mississippi","Tallahatchie County",2,13,168,84,84
050,28,135,"Mississippi","Tallahatchie County",2,14,135,66,69
050,28,135,"Mississippi","Tallahatchie County",2,15,126,63,63
050,28,135,"Mississippi","Tallahatchie County",2,16,134,63,71
050,28,135,"Mississippi","Tallahatchie County",2,17,132,62,70
050,28,135,"Mississippi","Tallahatchie County",2,18,124,62,62
050,28,135,"Mississippi","Tallahatchie County",2,19,122,68,54
050,28,135,"Mississippi","Tallahatchie County",2,20,163,103,60
050,28,135,"Mississippi","Tallahatchie County",2,21,172,105,67
050,28,135,"Mississippi","Tallahatchie County",2,22,222,151,71
050,28,135,"Mississippi","Tallahatchie County",2,23,196,131,65
050,28,135,"Mississippi","Tallahatchie County",2,24,197,121,76
050,28,135,"Mississippi","Tallahatchie County",2,25,211,128,83
050,28,135,"Mississippi","Tallahatchie County",2,26,212,134,78
050,28,135,"Mississippi","Tallahatchie County",2,27,209,130,79
050,28,135,"Mississippi","Tallahatchie County",2,28,217,141,76
050,28,135,"Mississippi","Tallahatchie County",2,29,202,131,71
050,28,135,"Mississippi","Tallahatchie County",2,30,209,135,74
050,28,135,"Mississippi","Tallahatchie County",2,31,192,124,68
050,28,135,"Mississippi","Tallahatchie County",2,32,179,120,59
050,28,135,"Mississippi","Tallahatchie County",2,33,185,122,63
050,28,135,"Mississippi","Tallahatchie County",2,34,179,115,64
050,28,135,"Mississippi","Tallahatchie County",2,35,173,111,62
050,28,135,"Mississippi","Tallahatchie County",2,36,149,89,60
050,28,135,"Mississippi","Tallahatchie County",2,37,145,90,55
050,28,135,"Mississippi","Tallahatchie County",2,38,137,81,56
050,28,135,"Mississippi","Tallahatchie County",2,39,162,98,64
050,28,135,"Mississippi","Tallahatchie County",2,40,167,90,77
050,28,135,"Mississippi","Tallahatchie County",2,41,156,90,66
050,28,135,"Mississippi","Tallahatchie County",2,42,151,86,65
050,28,135,"Mississippi","Tallahatchie County",2,43,166,96,70
050,28,135,"Mississippi","Tallahatchie County",2,44,156,87,69
050,28,135,"Mississippi","Tallahatchie County",2,45,154,88,66
050,28,135,"Mississippi","Tallahatchie County",2,46,158,92,66
050,28,135,"Mississippi","Tallahatchie County",2,47,161,88,73
050,28,135,"Mississippi","Tallahatchie County",2,48,169,91,78
050,28,135,"Mississippi","Tallahatchie County",2,49,168,84,84
050,28,135,"Mississippi","Tallahatchie County",2,50,158,77,81
050,28,135,"Mississippi","Tallahatchie County",2,51,152,73,79
050,28,135,"Mississippi","Tallahatchie County",2,52,152,71,81
050,28,135,"Mississippi","Tallahatchie County",2,53,155,73,82
050,28,135,"Mississippi","Tallahatchie County",2,54,161,84,77
050,28,135,"Mississippi","Tallahatchie County",2,55,155,77,78
050,28,135,"Mississippi","Tallahatchie County",2,56,165,79,86
050,28,135,"Mississippi","Tallahatchie County",2,57,151,72,79
050,28,135,"Mississippi","Tallahatchie County",2,58,162,76,86
050,28,135,"Mississippi","Tallahatchie County",2,59,167,73,94
050,28,135,"Mississippi","Tallahatchie County",2,60,177,74,103
050,28,135,"Mississippi","Tallahatchie County",2,61,154,76,78
050,28,135,"Mississippi","Tallahatchie County",2,62,153,77,76
050,28,135,"Mississippi","Tallahatchie County",2,63,157,83,74
050,28,135,"Mississippi","Tallahatchie County",2,64,159,82,77
050,28,135,"Mississippi","Tallahatchie County",2,65,163,81,82
050,28,135,"Mississippi","Tallahatchie County",2,66,147,68,79
050,28,135,"Mississippi","Tallahatchie County",2,67,116,51,65
050,28,135,"Mississippi","Tallahatchie County",2,68,122,64,58
050,28,135,"Mississippi","Tallahatchie County",2,69,129,64,65
050,28,135,"Mississippi","Tallahatchie County",2,70,134,71,63
050,28,135,"Mississippi","Tallahatchie County",2,71,125,56,69
050,28,135,"Mississippi","Tallahatchie County",2,72,117,48,69
050,28,135,"Mississippi","Tallahatchie County",2,73,113,52,61
050,28,135,"Mississippi","Tallahatchie County",2,74,70,33,37
050,28,135,"Mississippi","Tallahatchie County",2,75,72,28,44
050,28,135,"Mississippi","Tallahatchie County",2,76,79,29,50
050,28,135,"Mississippi","Tallahatchie County",2,77,78,32,46
050,28,135,"Mississippi","Tallahatchie County",2,78,71,29,42
050,28,135,"Mississippi","Tallahatchie County",2,79,65,29,36
050,28,135,"Mississippi","Tallahatchie County",2,80,58,22,36
050,28,135,"Mississippi","Tallahatchie County",2,81,57,20,37
050,28,135,"Mississippi","Tallahatchie County",2,82,60,26,34
050,28,135,"Mississippi","Tallahatchie County",2,83,63,26,37
050,28,135,"Mississippi","Tallahatchie County",2,84,44,17,27
050,28,135,"Mississippi","Tallahatchie County",2,85,240,74,166
050,28,135,"Mississippi","Tallahatchie County",3,0,119,61,58
050,28,135,"Mississippi","Tallahatchie County",3,1,131,63,68
050,28,135,"Mississippi","Tallahatchie County",3,2,152,76,76
050,28,135,"Mississippi","Tallahatchie County",3,3,142,71,71
050,28,135,"Mississippi","Tallahatchie County",3,4,141,70,71
050,28,135,"Mississippi","Tallahatchie County",3,5,140,66,74
050,28,135,"Mississippi","Tallahatchie County",3,6,143,71,72
050,28,135,"Mississippi","Tallahatchie County",3,7,129,58,71
050,28,135,"Mississippi","Tallahatchie County",3,8,118,53,65
050,28,135,"Mississippi","Tallahatchie County",3,9,125,58,67
050,28,135,"Mississippi","Tallahatchie County",3,10,125,56,69
050,28,135,"Mississippi","Tallahatchie County",3,11,139,63,76
050,28,135,"Mississippi","Tallahatchie County",3,12,148,74,74
050,28,135,"Mississippi","Tallahatchie County",3,13,168,90,78
050,28,135,"Mississippi","Tallahatchie County",3,14,169,87,82
050,28,135,"Mississippi","Tallahatchie County",3,15,138,69,69
050,28,135,"Mississippi","Tallahatchie County",3,16,121,59,62
050,28,135,"Mississippi","Tallahatchie County",3,17,131,63,68
050,28,135,"Mississippi","Tallahatchie County",3,18,104,47,57
050,28,135,"Mississippi","Tallahatchie County",3,19,113,58,55
050,28,135,"Mississippi","Tallahatchie County",3,20,154,101,53
050,28,135,"Mississippi","Tallahatchie County",3,21,158,101,57
050,28,135,"Mississippi","Tallahatchie County",3,22,211,150,61
050,28,135,"Mississippi","Tallahatchie County",3,23,197,132,65
050,28,135,"Mississippi","Tallahatchie County",3,24,181,127,54
050,28,135,"Mississippi","Tallahatchie County",3,25,199,125,74
050,28,135,"Mississippi","Tallahatchie County",3,26,216,131,85
050,28,135,"Mississippi","Tallahatchie County",3,27,198,127,71
050,28,135,"Mississippi","Tallahatchie County",3,28,214,138,76
050,28,135,"Mississippi","Tallahatchie County",3,29,202,134,68
050,28,135,"Mississippi","Tallahatchie County",3,30,187,124,63
050,28,135,"Mississippi","Tallahatchie County",3,31,193,121,72
050,28,135,"Mississippi","Tallahatchie County",3,32,200,126,74
050,28,135,"Mississippi","Tallahatchie County",3,33,179,123,56
050,28,135,"Mississippi","Tallahatchie County",3,34,177,112,65
050,28,135,"Mississippi","Tallahatchie County",3,35,182,119,63
050,28,135,"Mississippi","Tallahatchie County",3,36,149,88,61
050,28,135,"Mississippi","Tallahatchie County",3,37,146,85,61
050,28,135,"Mississippi","Tallahatchie County",3,38,134,77,57
050,28,135,"Mississippi","Tallahatchie County",3,39,139,87,52
050,28,135,"Mississippi","Tallahatchie County",3,40,142,83,59
050,28,135,"Mississippi","Tallahatchie County",3,41,178,96,82
050,28,135,"Mississippi","Tallahatchie County",3,42,159,93,66
050,28,135,"Mississippi","Tallahatchie County",3,43,130,74,56
050,28,135,"Mississippi","Tallahatchie County",3,44,166,95,71
050,28,135,"Mississippi","Tallahatchie County",3,45,148,81,67
050,28,135,"Mississippi","Tallahatchie County",3,46,147,84,63
050,28,135,"Mississippi","Tallahatchie County",3,47,160,89,71
050,28,135,"Mississippi","Tallahatchie County",3,48,161,90,71
050,28,135,"Mississippi","Tallahatchie County",3,49,167,91,76
050,28,135,"Mississippi","Tallahatchie County",3,50,159,80,79
050,28,135,"Mississippi","Tallahatchie County",3,51,148,73,75
050,28,135,"Mississippi","Tallahatchie County",3,52,143,68,75
050,28,135,"Mississippi","Tallahatchie County",3,53,142,61,81
050,28,135,"Mississippi","Tallahatchie County",3,54,145,68,77
050,28,135,"Mississippi","Tallahatchie County",3,55,149,74,75
050,28,135,"Mississippi","Tallahatchie County",3,56,158,80,78
050,28,135,"Mississippi","Tallahatchie County",3,57,166,85,81
050,28,135,"Mississippi","Tallahatchie County",3,58,144,65,79
050,28,135,"Mississippi","Tallahatchie County",3,59,157,80,77
050,28,135,"Mississippi","Tallahatchie County",3,60,162,70,92
050,28,135,"Mississippi","Tallahatchie County",3,61,179,73,106
050,28,135,"Mississippi","Tallahatchie County",3,62,158,75,83
050,28,135,"Mississippi","Tallahatchie County",3,63,148,77,71
050,28,135,"Mississippi","Tallahatchie County",3,64,154,80,74
050,28,135,"Mississippi","Tallahatchie County",3,65,153,82,71
050,28,135,"Mississippi","Tallahatchie County",3,66,161,80,81
050,28,135,"Mississippi","Tallahatchie County",3,67,137,60,77
050,28,135,"Mississippi","Tallahatchie County",3,68,112,50,62
050,28,135,"Mississippi","Tallahatchie County",3,69,119,62,57
050,28,135,"Mississippi","Tallahatchie County",3,70,127,64,63
050,28,135,"Mississippi","Tallahatchie County",3,71,125,62,63
050,28,135,"Mississippi","Tallahatchie County",3,72,123,52,71
050,28,135,"Mississippi","Tallahatchie County",3,73,111,44,67
050,28,135,"Mississippi","Tallahatchie County",3,74,99,46,53
050,28,135,"Mississippi","Tallahatchie County",3,75,69,33,36
050,28,135,"Mississippi","Tallahatchie County",3,76,72,28,44
050,28,135,"Mississippi","Tallahatchie County",3,77,73,27,46
050,28,135,"Mississippi","Tallahatchie County",3,78,73,28,45
050,28,135,"Mississippi","Tallahatchie County",3,79,62,27,35
050,28,135,"Mississippi","Tallahatchie County",3,80,61,26,35
050,28,135,"Mississippi","Tallahatchie County",3,81,52,17,35
050,28,135,"Mississippi","Tallahatchie County",3,82,48,16,32
050,28,135,"Mississippi","Tallahatchie County",3,83,52,22,30
050,28,135,"Mississippi","Tallahatchie County",3,84,54,24,30
050,28,135,"Mississippi","Tallahatchie County",3,85,240,73,167
050,28,135,"Mississippi","Tallahatchie County",4,0,129,59,70
050,28,135,"Mississippi","Tallahatchie County",4,1,119,54,65
050,28,135,"Mississippi","Tallahatchie County",4,2,134,65,69
050,28,135,"Mississippi","Tallahatchie County",4,3,154,77,77
050,28,135,"Mississippi","Tallahatchie County",4,4,137,65,72
050,28,135,"Mississippi","Tallahatchie County",4,5,137,65,72
050,28,135,"Mississippi","Tallahatchie County",4,6,132,62,70
050,28,135,"Mississippi","Tallahatchie County",4,7,139,70,69
050,28,135,"Mississippi","Tallahatchie County",4,8,119,53,66
050,28,135,"Mississippi","Tallahatchie County",4,9,114,51,63
050,28,135,"Mississippi","Tallahatchie County",4,10,116,55,61
050,28,135,"Mississippi","Tallahatchie County",4,11,111,49,62
050,28,135,"Mississippi","Tallahatchie County",4,12,136,64,72
050,28,135,"Mississippi","Tallahatchie County",4,13,145,72,73
050,28,135,"Mississippi","Tallahatchie County",4,14,163,86,77
050,28,135,"Mississippi","Tallahatchie County",4,15,171,88,83
050,28,135,"Mississippi","Tallahatchie County",4,16,134,66,68
050,28,135,"Mississippi","Tallahatchie County",4,17,122,59,63
050,28,135,"Mississippi","Tallahatchie County",4,18,114,57,57
050,28,135,"Mississippi","Tallahatchie County",4,19,100,51,49
050,28,135,"Mississippi","Tallahatchie County",4,20,150,91,59
050,28,135,"Mississippi","Tallahatchie County",4,21,167,107,60
050,28,135,"Mississippi","Tallahatchie County",4,22,199,144,55
050,28,135,"Mississippi","Tallahatchie County",4,23,187,128,59
050,28,135,"Mississippi","Tallahatchie County",4,24,186,125,61
050,28,135,"Mississippi","Tallahatchie County",4,25,178,129,49
050,28,135,"Mississippi","Tallahatchie County",4,26,200,126,74
050,28,135,"Mississippi","Tallahatchie County",4,27,199,121,78
050,28,135,"Mississippi","Tallahatchie County",4,28,202,130,72
050,28,135,"Mississippi","Tallahatchie County",4,29,197,125,72
050,28,135,"Mississippi","Tallahatchie County",4,30,202,132,70
050,28,135,"Mississippi","Tallahatchie County",4,31,173,110,63
050,28,135,"Mississippi","Tallahatchie County",4,32,193,121,72
050,28,135,"Mississippi","Tallahatchie County",4,33,197,132,65
050,28,135,"Mississippi","Tallahatchie County",4,34,162,110,52
050,28,135,"Mississippi","Tallahatchie County",4,35,181,120,61
050,28,135,"Mississippi","Tallahatchie County",4,36,166,100,66
050,28,135,"Mississippi","Tallahatchie County",4,37,146,88,58
050,28,135,"Mississippi","Tallahatchie County",4,38,137,77,60
050,28,135,"Mississippi","Tallahatchie County",4,39,139,83,56
050,28,135,"Mississippi","Tallahatchie County",4,40,125,75,50
050,28,135,"Mississippi","Tallahatchie County",4,41,141,83,58
050,28,135,"Mississippi","Tallahatchie County",4,42,180,98,82
050,28,135,"Mississippi","Tallahatchie County",4,43,159,91,68
050,28,135,"Mississippi","Tallahatchie County",4,44,126,71,55
050,28,135,"Mississippi","Tallahatchie County",4,45,159,93,66
050,28,135,"Mississippi","Tallahatchie County",4,46,143,73,70
050,28,135,"Mississippi","Tallahatchie County",4,47,145,84,61
050,28,135,"Mississippi","Tallahatchie County",4,48,154,86,68
050,28,135,"Mississippi","Tallahatchie County",4,49,160,86,74
050,28,135,"Mississippi","Tallahatchie County",4,50,158,82,76
050,28,135,"Mississippi","Tallahatchie County",4,51,160,77,83
050,28,135,"Mississippi","Tallahatchie County",4,52,148,71,77
050,28,135,"Mississippi","Tallahatchie County",4,53,142,69,73
050,28,135,"Mississippi","Tallahatchie County",4,54,146,67,79
050,28,135,"Mississippi","Tallahatchie County",4,55,137,61,76
050,28,135,"Mississippi","Tallahatchie County",4,56,143,71,72
050,28,135,"Mississippi","Tallahatchie County",4,57,154,78,76
050,28,135,"Mississippi","Tallahatchie County",4,58,166,82,84
050,28,135,"Mississippi","Tallahatchie County",4,59,148,66,82
050,28,135,"Mississippi","Tallahatchie County",4,60,154,75,79
050,28,135,"Mississippi","Tallahatchie County",4,61,158,69,89
050,28,135,"Mississippi","Tallahatchie County",4,62,172,71,101
050,28,135,"Mississippi","Tallahatchie County",4,63,150,75,75
050,28,135,"Mississippi","Tallahatchie County",4,64,134,73,61
050,28,135,"Mississippi","Tallahatchie County",4,65,144,76,68
050,28,135,"Mississippi","Tallahatchie County",4,66,148,79,69
050,28,135,"Mississippi","Tallahatchie County",4,67,157,79,78
050,28,135,"Mississippi","Tallahatchie County",4,68,133,58,75
050,28,135,"Mississippi","Tallahatchie County",4,69,108,48,60
050,28,135,"Mississippi","Tallahatchie County",4,70,115,60,55
050,28,135,"Mississippi","Tallahatchie County",4,71,113,52,61
050,28,135,"Mississippi","Tallahatchie County",4,72,126,63,63
050,28,135,"Mississippi","Tallahatchie County",4,73,120,53,67
050,28,135,"Mississippi","Tallahatchie County",4,74,97,36,61
050,28,135,"Mississippi","Tallahatchie County",4,75,91,44,47
050,28,135,"Mississippi","Tallahatchie County",4,76,69,32,37
050,28,135,"Mississippi","Tallahatchie County",4,77,62,22,40
050,28,135,"Mississippi","Tallahatchie County",4,78,67,25,42
050,28,135,"Mississippi","Tallahatchie County",4,79,63,22,41
050,28,135,"Mississippi","Tallahatchie County",4,80,58,26,32
050,28,135,"Mississippi","Tallahatchie County",4,81,60,23,37
050,28,135,"Mississippi","Tallahatchie County",4,82,50,17,33
050,28,135,"Mississippi","Tallahatchie County",4,83,43,12,31
050,28,135,"Mississippi","Tallahatchie County",4,84,42,20,22
050,28,135,"Mississippi","Tallahatchie County",4,85,252,84,168
050,28,135,"Mississippi","Tallahatchie County",5,0,130,61,69
050,28,135,"Mississippi","Tallahatchie County",5,1,127,58,69
050,28,135,"Mississippi","Tallahatchie County",5,2,109,44,65
050,28,135,"Mississippi","Tallahatchie County",5,3,129,64,65
050,28,135,"Mississippi","Tallahatchie County",5,4,136,70,66
050,28,135,"Mississippi","Tallahatchie County",5,5,124,58,66
050,28,135,"Mississippi","Tallahatchie County",5,6,129,66,63
050,28,135,"Mississippi","Tallahatchie County",5,7,120,61,59
050,28,135,"Mississippi","Tallahatchie County",5,8,139,70,69
050,28,135,"Mississippi","Tallahatchie County",5,9,120,57,63
050,28,135,"Mississippi","Tallahatchie County",5,10,119,50,69
050,28,135,"Mississippi","Tallahatchie County",5,11,116,56,60
050,28,135,"Mississippi","Tallahatchie County",5,12,113,53,60
050,28,135,"Mississippi","Tallahatchie County",5,13,126,63,63
050,28,135,"Mississippi","Tallahatchie County",5,14,137,63,74
050,28,135,"Mississippi","Tallahatchie County",5,15,164,89,75
050,28,135,"Mississippi","Tallahatchie County",5,16,164,88,76
050,28,135,"Mississippi","Tallahatchie County",5,17,141,72,69
050,28,135,"Mississippi","Tallahatchie County",5,18,103,49,54
050,28,135,"Mississippi","Tallahatchie County",5,19,99,53,46
050,28,135,"Mississippi","Tallahatchie County",5,20,137,88,49
050,28,135,"Mississippi","Tallahatchie County",5,21,147,87,60
050,28,135,"Mississippi","Tallahatchie County",5,22,213,150,63
050,28,135,"Mississippi","Tallahatchie County",5,23,183,117,66
050,28,135,"Mississippi","Tallahatchie County",5,24,180,127,53
050,28,135,"Mississippi","Tallahatchie County",5,25,186,126,60
050,28,135,"Mississippi","Tallahatchie County",5,26,188,141,47
050,28,135,"Mississippi","Tallahatchie County",5,27,179,112,67
050,28,135,"Mississippi","Tallahatchie County",5,28,198,127,71
050,28,135,"Mississippi","Tallahatchie County",5,29,192,117,75
050,28,135,"Mississippi","Tallahatchie County",5,30,188,117,71
050,28,135,"Mississippi","Tallahatchie County",5,31,178,107,71
050,28,135,"Mississippi","Tallahatchie County",5,32,177,116,61
050,28,135,"Mississippi","Tallahatchie County",5,33,201,130,71
050,28,135,"Mississippi","Tallahatchie County",5,34,183,121,62
050,28,135,"Mississippi","Tallahatchie County",5,35,169,121,48
050,28,135,"Mississippi","Tallahatchie County",5,36,164,103,61
050,28,135,"Mississippi","Tallahatchie County",5,37,161,98,63
050,28,135,"Mississippi","Tallahatchie County",5,38,134,76,58
050,28,135,"Mississippi","Tallahatchie County",5,39,149,87,62
050,28,135,"Mississippi","Tallahatchie County",5,40,125,72,53
050,28,135,"Mississippi","Tallahatchie County",5,41,121,74,47
050,28,135,"Mississippi","Tallahatchie County",5,42,143,82,61
050,28,135,"Mississippi","Tallahatchie County",5,43,173,94,79
050,28,135,"Mississippi","Tallahatchie County",5,44,155,93,62
050,28,135,"Mississippi","Tallahatchie County",5,45,121,69,52
050,28,135,"Mississippi","Tallahatchie County",5,46,157,92,65
050,28,135,"Mississippi","Tallahatchie County",5,47,141,71,70
050,28,135,"Mississippi","Tallahatchie County",5,48,142,85,57
050,28,135,"Mississippi","Tallahatchie County",5,49,146,81,65
050,28,135,"Mississippi","Tallahatchie County",5,50,146,76,70
050,28,135,"Mississippi","Tallahatchie County",5,51,156,77,79
050,28,135,"Mississippi","Tallahatchie County",5,52,147,71,76
050,28,135,"Mississippi","Tallahatchie County",5,53,154,74,80
050,28,135,"Mississippi","Tallahatchie County",5,54,141,72,69
050,28,135,"Mississippi","Tallahatchie County",5,55,141,63,78
050,28,135,"Mississippi","Tallahatchie County",5,56,138,59,79
050,28,135,"Mississippi","Tallahatchie County",5,57,142,72,70
050,28,135,"Mississippi","Tallahatchie County",5,58,153,77,76
050,28,135,"Mississippi","Tallahatchie County",5,59,163,82,81
050,28,135,"Mississippi","Tallahatchie County",5,60,142,64,78
050,28,135,"Mississippi","Tallahatchie County",5,61,157,81,76
050,28,135,"Mississippi","Tallahatchie County",5,62,151,64,87
050,28,135,"Mississippi","Tallahatchie County",5,63,161,66,95
050,28,135,"Mississippi","Tallahatchie County",5,64,145,72,73
050,28,135,"Mississippi","Tallahatchie County",5,65,129,70,59
050,28,135,"Mississippi","Tallahatchie County",5,66,144,77,67
050,28,135,"Mississippi","Tallahatchie County",5,67,144,76,68
050,28,135,"Mississippi","Tallahatchie County",5,68,156,80,76
050,28,135,"Mississippi","Tallahatchie County",5,69,138,60,78
050,28,135,"Mississippi","Tallahatchie County",5,70,105,48,57
050,28,135,"Mississippi","Tallahatchie County",5,71,106,50,56
050,28,135,"Mississippi","Tallahatchie County",5,72,113,50,63
050,28,135,"Mississippi","Tallahatchie County",5,73,125,63,62
050,28,135,"Mississippi","Tallahatchie County",5,74,109,47,62
050,28,135,"Mississippi","Tallahatchie County",5,75,90,35,55
050,28,135,"Mississippi","Tallahatchie County",5,76,92,45,47
050,28,135,"Mississippi","Tallahatchie County",5,77,60,27,33
050,28,135,"Mississippi","Tallahatchie County",5,78,53,18,35
050,28,135,"Mississippi","Tallahatchie County",5,79,56,20,36
050,28,135,"Mississippi","Tallahatchie County",5,80,57,21,36
050,28,135,"Mississippi","Tallahatchie County",5,81,54,21,33
050,28,135,"Mississippi","Tallahatchie County",5,82,56,23,33
050,28,135,"Mississippi","Tallahatchie County",5,83,42,14,28
050,28,135,"Mississippi","Tallahatchie County",5,84,31,12,19
050,28,135,"Mississippi","Tallahatchie County",5,85,264,90,174
050,28,137,"Mississippi","Tate County",1,0,335,171,164
050,28,137,"Mississippi","Tate County",1,1,328,162,166
050,28,137,"Mississippi","Tate County",1,2,337,164,173
050,28,137,"Mississippi","Tate County",1,3,311,163,148
050,28,137,"Mississippi","Tate County",1,4,349,171,178
050,28,137,"Mississippi","Tate County",1,5,341,165,176
050,28,137,"Mississippi","Tate County",1,6,320,157,163
050,28,137,"Mississippi","Tate County",1,7,309,163,146
050,28,137,"Mississippi","Tate County",1,8,342,176,166
050,28,137,"Mississippi","Tate County",1,9,333,170,163
050,28,137,"Mississippi","Tate County",1,10,345,171,174
050,28,137,"Mississippi","Tate County",1,11,371,182,189
050,28,137,"Mississippi","Tate County",1,12,396,198,198
050,28,137,"Mississippi","Tate County",1,13,423,208,215
050,28,137,"Mississippi","Tate County",1,14,398,198,200
050,28,137,"Mississippi","Tate County",1,15,382,204,178
050,28,137,"Mississippi","Tate County",1,16,408,212,196
050,28,137,"Mississippi","Tate County",1,17,396,194,202
050,28,137,"Mississippi","Tate County",1,18,491,259,232
050,28,137,"Mississippi","Tate County",1,19,642,312,330
050,28,137,"Mississippi","Tate County",1,20,504,255,249
050,28,137,"Mississippi","Tate County",1,21,391,214,177
050,28,137,"Mississippi","Tate County",1,22,351,180,171
050,28,137,"Mississippi","Tate County",1,23,343,155,188
050,28,137,"Mississippi","Tate County",1,24,329,165,164
050,28,137,"Mississippi","Tate County",1,25,326,161,165
050,28,137,"Mississippi","Tate County",1,26,362,177,185
050,28,137,"Mississippi","Tate County",1,27,371,188,183
050,28,137,"Mississippi","Tate County",1,28,345,177,168
050,28,137,"Mississippi","Tate County",1,29,375,190,185
050,28,137,"Mississippi","Tate County",1,30,328,159,169
050,28,137,"Mississippi","Tate County",1,31,324,156,168
050,28,137,"Mississippi","Tate County",1,32,331,154,177
050,28,137,"Mississippi","Tate County",1,33,330,146,184
050,28,137,"Mississippi","Tate County",1,34,357,182,175
050,28,137,"Mississippi","Tate County",1,35,336,163,173
050,28,137,"Mississippi","Tate County",1,36,327,166,161
050,28,137,"Mississippi","Tate County",1,37,310,159,151
050,28,137,"Mississippi","Tate County",1,38,327,167,160
050,28,137,"Mississippi","Tate County",1,39,346,168,178
050,28,137,"Mississippi","Tate County",1,40,345,154,191
050,28,137,"Mississippi","Tate County",1,41,336,152,184
050,28,137,"Mississippi","Tate County",1,42,303,148,155
050,28,137,"Mississippi","Tate County",1,43,302,144,158
050,28,137,"Mississippi","Tate County",1,44,292,134,158
050,28,137,"Mississippi","Tate County",1,45,314,145,169
050,28,137,"Mississippi","Tate County",1,46,322,148,174
050,28,137,"Mississippi","Tate County",1,47,332,141,191
050,28,137,"Mississippi","Tate County",1,48,354,169,185
050,28,137,"Mississippi","Tate County",1,49,405,216,189
050,28,137,"Mississippi","Tate County",1,50,377,184,193
050,28,137,"Mississippi","Tate County",1,51,327,155,172
050,28,137,"Mississippi","Tate County",1,52,351,181,170
050,28,137,"Mississippi","Tate County",1,53,339,160,179
050,28,137,"Mississippi","Tate County",1,54,380,193,187
050,28,137,"Mississippi","Tate County",1,55,396,210,186
050,28,137,"Mississippi","Tate County",1,56,409,194,215
050,28,137,"Mississippi","Tate County",1,57,391,189,202
050,28,137,"Mississippi","Tate County",1,58,413,207,206
050,28,137,"Mississippi","Tate County",1,59,380,184,196
050,28,137,"Mississippi","Tate County",1,60,392,177,215
050,28,137,"Mississippi","Tate County",1,61,385,199,186
050,28,137,"Mississippi","Tate County",1,62,349,171,178
050,28,137,"Mississippi","Tate County",1,63,345,164,181
050,28,137,"Mississippi","Tate County",1,64,312,147,165
050,28,137,"Mississippi","Tate County",1,65,312,138,174
050,28,137,"Mississippi","Tate County",1,66,347,169,178
050,28,137,"Mississippi","Tate County",1,67,315,157,158
050,28,137,"Mississippi","Tate County",1,68,310,140,170
050,28,137,"Mississippi","Tate County",1,69,264,127,137
050,28,137,"Mississippi","Tate County",1,70,297,136,161
050,28,137,"Mississippi","Tate County",1,71,293,138,155
050,28,137,"Mississippi","Tate County",1,72,282,120,162
050,28,137,"Mississippi","Tate County",1,73,274,120,154
050,28,137,"Mississippi","Tate County",1,74,194,92,102
050,28,137,"Mississippi","Tate County",1,75,194,86,108
050,28,137,"Mississippi","Tate County",1,76,191,88,103
050,28,137,"Mississippi","Tate County",1,77,198,93,105
050,28,137,"Mississippi","Tate County",1,78,153,70,83
050,28,137,"Mississippi","Tate County",1,79,131,60,71
050,28,137,"Mississippi","Tate County",1,80,130,54,76
050,28,137,"Mississippi","Tate County",1,81,118,50,68
050,28,137,"Mississippi","Tate County",1,82,115,50,65
050,28,137,"Mississippi","Tate County",1,83,88,40,48
050,28,137,"Mississippi","Tate County",1,84,74,34,40
050,28,137,"Mississippi","Tate County",1,85,366,132,234
050,28,137,"Mississippi","Tate County",2,0,328,164,164
050,28,137,"Mississippi","Tate County",2,1,329,161,168
050,28,137,"Mississippi","Tate County",2,2,338,167,171
050,28,137,"Mississippi","Tate County",2,3,320,165,155
050,28,137,"Mississippi","Tate County",2,4,342,171,171
050,28,137,"Mississippi","Tate County",2,5,347,168,179
050,28,137,"Mississippi","Tate County",2,6,327,159,168
050,28,137,"Mississippi","Tate County",2,7,315,163,152
050,28,137,"Mississippi","Tate County",2,8,330,171,159
050,28,137,"Mississippi","Tate County",2,9,337,172,165
050,28,137,"Mississippi","Tate County",2,10,343,173,170
050,28,137,"Mississippi","Tate County",2,11,362,179,183
050,28,137,"Mississippi","Tate County",2,12,392,194,198
050,28,137,"Mississippi","Tate County",2,13,416,206,210
050,28,137,"Mississippi","Tate County",2,14,405,201,204
050,28,137,"Mississippi","Tate County",2,15,390,205,185
050,28,137,"Mississippi","Tate County",2,16,397,207,190
050,28,137,"Mississippi","Tate County",2,17,402,200,202
050,28,137,"Mississippi","Tate County",2,18,486,251,235
050,28,137,"Mississippi","Tate County",2,19,637,313,324
050,28,137,"Mississippi","Tate County",2,20,510,258,252
050,28,137,"Mississippi","Tate County",2,21,399,218,181
050,28,137,"Mississippi","Tate County",2,22,351,180,171
050,28,137,"Mississippi","Tate County",2,23,345,159,186
050,28,137,"Mississippi","Tate County",2,24,329,161,168
050,28,137,"Mississippi","Tate County",2,25,325,160,165
050,28,137,"Mississippi","Tate County",2,26,360,176,184
050,28,137,"Mississippi","Tate County",2,27,369,187,182
050,28,137,"Mississippi","Tate County",2,28,354,181,173
050,28,137,"Mississippi","Tate County",2,29,368,187,181
050,28,137,"Mississippi","Tate County",2,30,340,165,175
050,28,137,"Mississippi","Tate County",2,31,327,158,169
050,28,137,"Mississippi","Tate County",2,32,330,154,176
050,28,137,"Mississippi","Tate County",2,33,333,151,182
050,28,137,"Mississippi","Tate County",2,34,353,175,178
050,28,137,"Mississippi","Tate County",2,35,345,169,176
050,28,137,"Mississippi","Tate County",2,36,327,164,163
050,28,137,"Mississippi","Tate County",2,37,315,162,153
050,28,137,"Mississippi","Tate County",2,38,318,162,156
050,28,137,"Mississippi","Tate County",2,39,340,166,174
050,28,137,"Mississippi","Tate County",2,40,350,160,190
050,28,137,"Mississippi","Tate County",2,41,342,155,187
050,28,137,"Mississippi","Tate County",2,42,310,148,162
050,28,137,"Mississippi","Tate County",2,43,305,147,158
050,28,137,"Mississippi","Tate County",2,44,292,135,157
050,28,137,"Mississippi","Tate County",2,45,313,146,167
050,28,137,"Mississippi","Tate County",2,46,319,146,173
050,28,137,"Mississippi","Tate County",2,47,330,140,190
050,28,137,"Mississippi","Tate County",2,48,354,164,190
050,28,137,"Mississippi","Tate County",2,49,398,209,189
050,28,137,"Mississippi","Tate County",2,50,386,193,193
050,28,137,"Mississippi","Tate County",2,51,340,162,178
050,28,137,"Mississippi","Tate County",2,52,347,175,172
050,28,137,"Mississippi","Tate County",2,53,344,166,178
050,28,137,"Mississippi","Tate County",2,54,372,186,186
050,28,137,"Mississippi","Tate County",2,55,395,207,188
050,28,137,"Mississippi","Tate County",2,56,407,199,208
050,28,137,"Mississippi","Tate County",2,57,391,190,201
050,28,137,"Mississippi","Tate County",2,58,405,200,205
050,28,137,"Mississippi","Tate County",2,59,388,189,199
050,28,137,"Mississippi","Tate County",2,60,388,177,211
050,28,137,"Mississippi","Tate County",2,61,383,191,192
050,28,137,"Mississippi","Tate County",2,62,359,179,180
050,28,137,"Mississippi","Tate County",2,63,348,168,180
050,28,137,"Mississippi","Tate County",2,64,315,149,166
050,28,137,"Mississippi","Tate County",2,65,305,134,171
050,28,137,"Mississippi","Tate County",2,66,339,162,177
050,28,137,"Mississippi","Tate County",2,67,322,159,163
050,28,137,"Mississippi","Tate County",2,68,308,143,165
050,28,137,"Mississippi","Tate County",2,69,275,130,145
050,28,137,"Mississippi","Tate County",2,70,290,134,156
050,28,137,"Mississippi","Tate County",2,71,293,136,157
050,28,137,"Mississippi","Tate County",2,72,277,120,157
050,28,137,"Mississippi","Tate County",2,73,284,120,164
050,28,137,"Mississippi","Tate County",2,74,198,90,108
050,28,137,"Mississippi","Tate County",2,75,195,89,106
050,28,137,"Mississippi","Tate County",2,76,193,88,105
050,28,137,"Mississippi","Tate County",2,77,197,90,107
050,28,137,"Mississippi","Tate County",2,78,160,73,87
050,28,137,"Mississippi","Tate County",2,79,134,62,72
050,28,137,"Mississippi","Tate County",2,80,130,56,74
050,28,137,"Mississippi","Tate County",2,81,117,49,68
050,28,137,"Mississippi","Tate County",2,82,113,49,64
050,28,137,"Mississippi","Tate County",2,83,90,39,51
050,28,137,"Mississippi","Tate County",2,84,75,36,39
050,28,137,"Mississippi","Tate County",2,85,364,132,232
050,28,137,"Mississippi","Tate County",3,0,319,171,148
050,28,137,"Mississippi","Tate County",3,1,329,170,159
050,28,137,"Mississippi","Tate County",3,2,343,170,173
050,28,137,"Mississippi","Tate County",3,3,342,168,174
050,28,137,"Mississippi","Tate County",3,4,334,175,159
050,28,137,"Mississippi","Tate County",3,5,328,146,182
050,28,137,"Mississippi","Tate County",3,6,341,164,177
050,28,137,"Mississippi","Tate County",3,7,312,151,161
050,28,137,"Mississippi","Tate County",3,8,310,164,146
050,28,137,"Mississippi","Tate County",3,9,315,159,156
050,28,137,"Mississippi","Tate County",3,10,336,164,172
050,28,137,"Mississippi","Tate County",3,11,352,183,169
050,28,137,"Mississippi","Tate County",3,12,371,182,189
050,28,137,"Mississippi","Tate County",3,13,414,201,213
050,28,137,"Mississippi","Tate County",3,14,424,207,217
050,28,137,"Mississippi","Tate County",3,15,412,205,207
050,28,137,"Mississippi","Tate County",3,16,384,207,177
050,28,137,"Mississippi","Tate County",3,17,394,205,189
050,28,137,"Mississippi","Tate County",3,18,481,239,242
050,28,137,"Mississippi","Tate County",3,19,614,303,311
050,28,137,"Mississippi","Tate County",3,20,499,256,243
050,28,137,"Mississippi","Tate County",3,21,415,220,195
050,28,137,"Mississippi","Tate County",3,22,361,187,174
050,28,137,"Mississippi","Tate County",3,23,361,181,180
050,28,137,"Mississippi","Tate County",3,24,367,172,195
050,28,137,"Mississippi","Tate County",3,25,333,163,170
050,28,137,"Mississippi","Tate County",3,26,335,164,171
050,28,137,"Mississippi","Tate County",3,27,371,178,193
050,28,137,"Mississippi","Tate County",3,28,354,177,177
050,28,137,"Mississippi","Tate County",3,29,355,186,169
050,28,137,"Mississippi","Tate County",3,30,362,183,179
050,28,137,"Mississippi","Tate County",3,31,342,169,173
050,28,137,"Mississippi","Tate County",3,32,337,163,174
050,28,137,"Mississippi","Tate County",3,33,329,147,182
050,28,137,"Mississippi","Tate County",3,34,349,168,181
050,28,137,"Mississippi","Tate County",3,35,355,169,186
050,28,137,"Mississippi","Tate County",3,36,335,169,166
050,28,137,"Mississippi","Tate County",3,37,323,160,163
050,28,137,"Mississippi","Tate County",3,38,306,148,158
050,28,137,"Mississippi","Tate County",3,39,328,175,153
050,28,137,"Mississippi","Tate County",3,40,330,167,163
050,28,137,"Mississippi","Tate County",3,41,357,161,196
050,28,137,"Mississippi","Tate County",3,42,322,139,183
050,28,137,"Mississippi","Tate County",3,43,319,147,172
050,28,137,"Mississippi","Tate County",3,44,312,144,168
050,28,137,"Mississippi","Tate County",3,45,298,141,157
050,28,137,"Mississippi","Tate County",3,46,316,142,174
050,28,137,"Mississippi","Tate County",3,47,319,145,174
050,28,137,"Mississippi","Tate County",3,48,336,149,187
050,28,137,"Mississippi","Tate County",3,49,361,172,189
050,28,137,"Mississippi","Tate County",3,50,394,207,187
050,28,137,"Mississippi","Tate County",3,51,376,183,193
050,28,137,"Mississippi","Tate County",3,52,354,161,193
050,28,137,"Mississippi","Tate County",3,53,348,179,169
050,28,137,"Mississippi","Tate County",3,54,339,167,172
050,28,137,"Mississippi","Tate County",3,55,367,188,179
050,28,137,"Mississippi","Tate County",3,56,381,194,187
050,28,137,"Mississippi","Tate County",3,57,400,199,201
050,28,137,"Mississippi","Tate County",3,58,383,186,197
050,28,137,"Mississippi","Tate County",3,59,388,193,195
050,28,137,"Mississippi","Tate County",3,60,403,199,204
050,28,137,"Mississippi","Tate County",3,61,384,173,211
050,28,137,"Mississippi","Tate County",3,62,368,178,190
050,28,137,"Mississippi","Tate County",3,63,359,168,191
050,28,137,"Mississippi","Tate County",3,64,351,175,176
050,28,137,"Mississippi","Tate County",3,65,307,142,165
050,28,137,"Mississippi","Tate County",3,66,299,130,169
050,28,137,"Mississippi","Tate County",3,67,333,158,175
050,28,137,"Mississippi","Tate County",3,68,313,152,161
050,28,137,"Mississippi","Tate County",3,69,289,132,157
050,28,137,"Mississippi","Tate County",3,70,269,126,143
050,28,137,"Mississippi","Tate County",3,71,282,128,154
050,28,137,"Mississippi","Tate County",3,72,279,128,151
050,28,137,"Mississippi","Tate County",3,73,260,112,148
050,28,137,"Mississippi","Tate County",3,74,275,115,160
050,28,137,"Mississippi","Tate County",3,75,182,78,104
050,28,137,"Mississippi","Tate County",3,76,184,86,98
050,28,137,"Mississippi","Tate County",3,77,188,84,104
050,28,137,"Mississippi","Tate County",3,78,186,84,102
050,28,137,"Mississippi","Tate County",3,79,147,65,82
050,28,137,"Mississippi","Tate County",3,80,117,55,62
050,28,137,"Mississippi","Tate County",3,81,122,52,70
050,28,137,"Mississippi","Tate County",3,82,109,44,65
050,28,137,"Mississippi","Tate County",3,83,100,41,59
050,28,137,"Mississippi","Tate County",3,84,80,36,44
050,28,137,"Mississippi","Tate County",3,85,345,136,209
050,28,137,"Mississippi","Tate County",4,0,305,164,141
050,28,137,"Mississippi","Tate County",4,1,359,195,164
050,28,137,"Mississippi","Tate County",4,2,333,169,164
050,28,137,"Mississippi","Tate County",4,3,351,174,177
050,28,137,"Mississippi","Tate County",4,4,354,171,183
050,28,137,"Mississippi","Tate County",4,5,340,178,162
050,28,137,"Mississippi","Tate County",4,6,340,158,182
050,28,137,"Mississippi","Tate County",4,7,335,157,178
050,28,137,"Mississippi","Tate County",4,8,308,145,163
050,28,137,"Mississippi","Tate County",4,9,310,167,143
050,28,137,"Mississippi","Tate County",4,10,328,169,159
050,28,137,"Mississippi","Tate County",4,11,328,165,163
050,28,137,"Mississippi","Tate County",4,12,373,202,171
050,28,137,"Mississippi","Tate County",4,13,383,193,190
050,28,137,"Mississippi","Tate County",4,14,412,196,216
050,28,137,"Mississippi","Tate County",4,15,435,216,219
050,28,137,"Mississippi","Tate County",4,16,398,195,203
050,28,137,"Mississippi","Tate County",4,17,384,214,170
050,28,137,"Mississippi","Tate County",4,18,482,247,235
050,28,137,"Mississippi","Tate County",4,19,605,297,308
050,28,137,"Mississippi","Tate County",4,20,478,246,232
050,28,137,"Mississippi","Tate County",4,21,409,222,187
050,28,137,"Mississippi","Tate County",4,22,374,181,193
050,28,137,"Mississippi","Tate County",4,23,357,181,176
050,28,137,"Mississippi","Tate County",4,24,366,187,179
050,28,137,"Mississippi","Tate County",4,25,357,160,197
050,28,137,"Mississippi","Tate County",4,26,330,161,169
050,28,137,"Mississippi","Tate County",4,27,342,169,173
050,28,137,"Mississippi","Tate County",4,28,383,180,203
050,28,137,"Mississippi","Tate County",4,29,378,193,185
050,28,137,"Mississippi","Tate County",4,30,361,189,172
050,28,137,"Mississippi","Tate County",4,31,366,181,185
050,28,137,"Mississippi","Tate County",4,32,336,171,165
050,28,137,"Mississippi","Tate County",4,33,340,175,165
050,28,137,"Mississippi","Tate County",4,34,340,154,186
050,28,137,"Mississippi","Tate County",4,35,341,165,176
050,28,137,"Mississippi","Tate County",4,36,371,179,192
050,28,137,"Mississippi","Tate County",4,37,339,175,164
050,28,137,"Mississippi","Tate County",4,38,324,160,164
050,28,137,"Mississippi","Tate County",4,39,313,151,162
050,28,137,"Mississippi","Tate County",4,40,324,174,150
050,28,137,"Mississippi","Tate County",4,41,335,164,171
050,28,137,"Mississippi","Tate County",4,42,349,161,188
050,28,137,"Mississippi","Tate County",4,43,333,148,185
050,28,137,"Mississippi","Tate County",4,44,317,147,170
050,28,137,"Mississippi","Tate County",4,45,325,159,166
050,28,137,"Mississippi","Tate County",4,46,307,151,156
050,28,137,"Mississippi","Tate County",4,47,315,138,177
050,28,137,"Mississippi","Tate County",4,48,326,146,180
050,28,137,"Mississippi","Tate County",4,49,332,147,185
050,28,137,"Mississippi","Tate County",4,50,363,178,185
050,28,137,"Mississippi","Tate County",4,51,395,206,189
050,28,137,"Mississippi","Tate County",4,52,389,184,205
050,28,137,"Mississippi","Tate County",4,53,354,167,187
050,28,137,"Mississippi","Tate County",4,54,344,180,164
050,28,137,"Mississippi","Tate County",4,55,345,172,173
050,28,137,"Mississippi","Tate County",4,56,362,178,184
050,28,137,"Mississippi","Tate County",4,57,380,189,191
050,28,137,"Mississippi","Tate County",4,58,410,205,205
050,28,137,"Mississippi","Tate County",4,59,375,174,201
050,28,137,"Mississippi","Tate County",4,60,385,194,191
050,28,137,"Mississippi","Tate County",4,61,402,196,206
050,28,137,"Mississippi","Tate County",4,62,376,168,208
050,28,137,"Mississippi","Tate County",4,63,366,184,182
050,28,137,"Mississippi","Tate County",4,64,353,171,182
050,28,137,"Mississippi","Tate County",4,65,336,161,175
050,28,137,"Mississippi","Tate County",4,66,306,145,161
050,28,137,"Mississippi","Tate County",4,67,285,125,160
050,28,137,"Mississippi","Tate County",4,68,321,146,175
050,28,137,"Mississippi","Tate County",4,69,296,145,151
050,28,137,"Mississippi","Tate County",4,70,282,129,153
050,28,137,"Mississippi","Tate County",4,71,258,120,138
050,28,137,"Mississippi","Tate County",4,72,268,120,148
050,28,137,"Mississippi","Tate County",4,73,268,124,144
050,28,137,"Mississippi","Tate County",4,74,253,110,143
050,28,137,"Mississippi","Tate County",4,75,260,103,157
050,28,137,"Mississippi","Tate County",4,76,172,73,99
050,28,137,"Mississippi","Tate County",4,77,175,83,92
050,28,137,"Mississippi","Tate County",4,78,181,79,102
050,28,137,"Mississippi","Tate County",4,79,173,74,99
050,28,137,"Mississippi","Tate County",4,80,136,60,76
050,28,137,"Mississippi","Tate County",4,81,105,48,57
050,28,137,"Mississippi","Tate County",4,82,106,45,61
050,28,137,"Mississippi","Tate County",4,83,98,38,60
050,28,137,"Mississippi","Tate County",4,84,90,42,48
050,28,137,"Mississippi","Tate County",4,85,360,143,217
050,28,137,"Mississippi","Tate County",5,0,288,156,132
050,28,137,"Mississippi","Tate County",5,1,292,157,135
050,28,137,"Mississippi","Tate County",5,2,349,193,156
050,28,137,"Mississippi","Tate County",5,3,336,173,163
050,28,137,"Mississippi","Tate County",5,4,363,175,188
050,28,137,"Mississippi","Tate County",5,5,353,174,179
050,28,137,"Mississippi","Tate County",5,6,331,173,158
050,28,137,"Mississippi","Tate County",5,7,333,156,177
050,28,137,"Mississippi","Tate County",5,8,336,161,175
050,28,137,"Mississippi","Tate County",5,9,319,154,165
050,28,137,"Mississippi","Tate County",5,10,306,165,141
050,28,137,"Mississippi","Tate County",5,11,335,174,161
050,28,137,"Mississippi","Tate County",5,12,338,167,171
050,28,137,"Mississippi","Tate County",5,13,376,200,176
050,28,137,"Mississippi","Tate County",5,14,376,194,182
050,28,137,"Mississippi","Tate County",5,15,411,196,215
050,28,137,"Mississippi","Tate County",5,16,417,203,214
050,28,137,"Mississippi","Tate County",5,17,394,194,200
050,28,137,"Mississippi","Tate County",5,18,450,239,211
050,28,137,"Mississippi","Tate County",5,19,609,297,312
050,28,137,"Mississippi","Tate County",5,20,484,247,237
050,28,137,"Mississippi","Tate County",5,21,408,223,185
050,28,137,"Mississippi","Tate County",5,22,393,198,195
050,28,137,"Mississippi","Tate County",5,23,375,184,191
050,28,137,"Mississippi","Tate County",5,24,375,186,189
050,28,137,"Mississippi","Tate County",5,25,356,191,165
050,28,137,"Mississippi","Tate County",5,26,373,169,204
050,28,137,"Mississippi","Tate County",5,27,332,166,166
050,28,137,"Mississippi","Tate County",5,28,344,165,179
050,28,137,"Mississippi","Tate County",5,29,383,184,199
050,28,137,"Mississippi","Tate County",5,30,383,189,194
050,28,137,"Mississippi","Tate County",5,31,377,193,184
050,28,137,"Mississippi","Tate County",5,32,345,164,181
050,28,137,"Mississippi","Tate County",5,33,339,162,177
050,28,137,"Mississippi","Tate County",5,34,355,177,178
050,28,137,"Mississippi","Tate County",5,35,338,156,182
050,28,137,"Mississippi","Tate County",5,36,347,173,174
050,28,137,"Mississippi","Tate County",5,37,383,189,194
050,28,137,"Mississippi","Tate County",5,38,335,175,160
050,28,137,"Mississippi","Tate County",5,39,333,166,167
050,28,137,"Mississippi","Tate County",5,40,313,149,164
050,28,137,"Mississippi","Tate County",5,41,316,163,153
050,28,137,"Mississippi","Tate County",5,42,322,159,163
050,28,137,"Mississippi","Tate County",5,43,350,166,184
050,28,137,"Mississippi","Tate County",5,44,330,147,183
050,28,137,"Mississippi","Tate County",5,45,331,159,172
050,28,137,"Mississippi","Tate County",5,46,320,159,161
050,28,137,"Mississippi","Tate County",5,47,306,148,158
050,28,137,"Mississippi","Tate County",5,48,313,135,178
050,28,137,"Mississippi","Tate County",5,49,341,154,187
050,28,137,"Mississippi","Tate County",5,50,328,145,183
050,28,137,"Mississippi","Tate County",5,51,361,174,187
050,28,137,"Mississippi","Tate County",5,52,397,206,191
050,28,137,"Mississippi","Tate County",5,53,377,183,194
050,28,137,"Mississippi","Tate County",5,54,355,168,187
050,28,137,"Mississippi","Tate County",5,55,354,184,170
050,28,137,"Mississippi","Tate County",5,56,347,163,184
050,28,137,"Mississippi","Tate County",5,57,360,178,182
050,28,137,"Mississippi","Tate County",5,58,380,190,190
050,28,137,"Mississippi","Tate County",5,59,402,197,205
050,28,137,"Mississippi","Tate County",5,60,380,176,204
050,28,137,"Mississippi","Tate County",5,61,380,187,193
050,28,137,"Mississippi","Tate County",5,62,374,180,194
050,28,137,"Mississippi","Tate County",5,63,375,172,203
050,28,137,"Mississippi","Tate County",5,64,363,185,178
050,28,137,"Mississippi","Tate County",5,65,348,169,179
050,28,137,"Mississippi","Tate County",5,66,332,160,172
050,28,137,"Mississippi","Tate County",5,67,295,138,157
050,28,137,"Mississippi","Tate County",5,68,277,119,158
050,28,137,"Mississippi","Tate County",5,69,312,141,171
050,28,137,"Mississippi","Tate County",5,70,292,142,150
050,28,137,"Mississippi","Tate County",5,71,269,121,148
050,28,137,"Mississippi","Tate County",5,72,248,115,133
050,28,137,"Mississippi","Tate County",5,73,260,116,144
050,28,137,"Mississippi","Tate County",5,74,262,123,139
050,28,137,"Mississippi","Tate County",5,75,239,102,137
050,28,137,"Mississippi","Tate County",5,76,249,96,153
050,28,137,"Mississippi","Tate County",5,77,160,69,91
050,28,137,"Mississippi","Tate County",5,78,164,76,88
050,28,137,"Mississippi","Tate County",5,79,165,69,96
050,28,137,"Mississippi","Tate County",5,80,158,67,91
050,28,137,"Mississippi","Tate County",5,81,121,52,69
050,28,137,"Mississippi","Tate County",5,82,94,41,53
050,28,137,"Mississippi","Tate County",5,83,98,43,55
050,28,137,"Mississippi","Tate County",5,84,90,40,50
050,28,137,"Mississippi","Tate County",5,85,383,157,226
050,28,139,"Mississippi","Tippah County",1,0,242,124,118
050,28,139,"Mississippi","Tippah County",1,1,239,122,117
050,28,139,"Mississippi","Tippah County",1,2,271,137,134
050,28,139,"Mississippi","Tippah County",1,3,255,140,115
050,28,139,"Mississippi","Tippah County",1,4,282,136,146
050,28,139,"Mississippi","Tippah County",1,5,281,146,135
050,28,139,"Mississippi","Tippah County",1,6,279,157,122
050,28,139,"Mississippi","Tippah County",1,7,281,150,131
050,28,139,"Mississippi","Tippah County",1,8,283,132,151
050,28,139,"Mississippi","Tippah County",1,9,274,136,138
050,28,139,"Mississippi","Tippah County",1,10,308,158,150
050,28,139,"Mississippi","Tippah County",1,11,309,158,151
050,28,139,"Mississippi","Tippah County",1,12,328,167,161
050,28,139,"Mississippi","Tippah County",1,13,330,166,164
050,28,139,"Mississippi","Tippah County",1,14,346,173,173
050,28,139,"Mississippi","Tippah County",1,15,316,155,161
050,28,139,"Mississippi","Tippah County",1,16,318,152,166
050,28,139,"Mississippi","Tippah County",1,17,300,157,143
050,28,139,"Mississippi","Tippah County",1,18,304,149,155
050,28,139,"Mississippi","Tippah County",1,19,297,144,153
050,28,139,"Mississippi","Tippah County",1,20,321,155,166
050,28,139,"Mississippi","Tippah County",1,21,293,153,140
050,28,139,"Mississippi","Tippah County",1,22,285,139,146
050,28,139,"Mississippi","Tippah County",1,23,269,128,141
050,28,139,"Mississippi","Tippah County",1,24,262,130,132
050,28,139,"Mississippi","Tippah County",1,25,258,129,129
050,28,139,"Mississippi","Tippah County",1,26,270,150,120
050,28,139,"Mississippi","Tippah County",1,27,267,140,127
050,28,139,"Mississippi","Tippah County",1,28,284,139,145
050,28,139,"Mississippi","Tippah County",1,29,281,138,143
050,28,139,"Mississippi","Tippah County",1,30,279,137,142
050,28,139,"Mississippi","Tippah County",1,31,253,121,132
050,28,139,"Mississippi","Tippah County",1,32,242,125,117
050,28,139,"Mississippi","Tippah County",1,33,241,114,127
050,28,139,"Mississippi","Tippah County",1,34,234,105,129
050,28,139,"Mississippi","Tippah County",1,35,232,120,112
050,28,139,"Mississippi","Tippah County",1,36,247,129,118
050,28,139,"Mississippi","Tippah County",1,37,249,115,134
050,28,139,"Mississippi","Tippah County",1,38,274,117,157
050,28,139,"Mississippi","Tippah County",1,39,274,116,158
050,28,139,"Mississippi","Tippah County",1,40,276,132,144
050,28,139,"Mississippi","Tippah County",1,41,276,134,142
050,28,139,"Mississippi","Tippah County",1,42,264,131,133
050,28,139,"Mississippi","Tippah County",1,43,269,136,133
050,28,139,"Mississippi","Tippah County",1,44,251,126,125
050,28,139,"Mississippi","Tippah County",1,45,259,130,129
050,28,139,"Mississippi","Tippah County",1,46,258,126,132
050,28,139,"Mississippi","Tippah County",1,47,273,146,127
050,28,139,"Mississippi","Tippah County",1,48,276,140,136
050,28,139,"Mississippi","Tippah County",1,49,283,143,140
050,28,139,"Mississippi","Tippah County",1,50,273,140,133
050,28,139,"Mississippi","Tippah County",1,51,287,150,137
050,28,139,"Mississippi","Tippah County",1,52,286,151,135
050,28,139,"Mississippi","Tippah County",1,53,292,150,142
050,28,139,"Mississippi","Tippah County",1,54,301,157,144
050,28,139,"Mississippi","Tippah County",1,55,297,150,147
050,28,139,"Mississippi","Tippah County",1,56,293,156,137
050,28,139,"Mississippi","Tippah County",1,57,297,157,140
050,28,139,"Mississippi","Tippah County",1,58,307,156,151
050,28,139,"Mississippi","Tippah County",1,59,308,147,161
050,28,139,"Mississippi","Tippah County",1,60,291,143,148
050,28,139,"Mississippi","Tippah County",1,61,265,134,131
050,28,139,"Mississippi","Tippah County",1,62,253,122,131
050,28,139,"Mississippi","Tippah County",1,63,264,127,137
050,28,139,"Mississippi","Tippah County",1,64,233,119,114
050,28,139,"Mississippi","Tippah County",1,65,257,116,141
050,28,139,"Mississippi","Tippah County",1,66,246,108,138
050,28,139,"Mississippi","Tippah County",1,67,242,117,125
050,28,139,"Mississippi","Tippah County",1,68,252,123,129
050,28,139,"Mississippi","Tippah County",1,69,216,93,123
050,28,139,"Mississippi","Tippah County",1,70,206,91,115
050,28,139,"Mississippi","Tippah County",1,71,216,102,114
050,28,139,"Mississippi","Tippah County",1,72,221,99,122
050,28,139,"Mississippi","Tippah County",1,73,223,109,114
050,28,139,"Mississippi","Tippah County",1,74,141,70,71
050,28,139,"Mississippi","Tippah County",1,75,175,74,101
050,28,139,"Mississippi","Tippah County",1,76,168,64,104
050,28,139,"Mississippi","Tippah County",1,77,145,61,84
050,28,139,"Mississippi","Tippah County",1,78,132,56,76
050,28,139,"Mississippi","Tippah County",1,79,107,46,61
050,28,139,"Mississippi","Tippah County",1,80,100,47,53
050,28,139,"Mississippi","Tippah County",1,81,94,36,58
050,28,139,"Mississippi","Tippah County",1,82,80,30,50
050,28,139,"Mississippi","Tippah County",1,83,77,28,49
050,28,139,"Mississippi","Tippah County",1,84,80,25,55
050,28,139,"Mississippi","Tippah County",1,85,351,124,227
050,28,139,"Mississippi","Tippah County",2,0,238,116,122
050,28,139,"Mississippi","Tippah County",2,1,239,121,118
050,28,139,"Mississippi","Tippah County",2,2,262,133,129
050,28,139,"Mississippi","Tippah County",2,3,258,139,119
050,28,139,"Mississippi","Tippah County",2,4,273,135,138
050,28,139,"Mississippi","Tippah County",2,5,276,141,135
050,28,139,"Mississippi","Tippah County",2,6,279,153,126
050,28,139,"Mississippi","Tippah County",2,7,280,151,129
050,28,139,"Mississippi","Tippah County",2,8,279,135,144
050,28,139,"Mississippi","Tippah County",2,9,275,134,141
050,28,139,"Mississippi","Tippah County",2,10,299,152,147
050,28,139,"Mississippi","Tippah County",2,11,309,157,152
050,28,139,"Mississippi","Tippah County",2,12,326,166,160
050,28,139,"Mississippi","Tippah County",2,13,330,167,163
050,28,139,"Mississippi","Tippah County",2,14,341,172,169
050,28,139,"Mississippi","Tippah County",2,15,321,159,162
050,28,139,"Mississippi","Tippah County",2,16,315,152,163
050,28,139,"Mississippi","Tippah County",2,17,304,155,149
050,28,139,"Mississippi","Tippah County",2,18,301,148,153
050,28,139,"Mississippi","Tippah County",2,19,291,143,148
050,28,139,"Mississippi","Tippah County",2,20,328,158,170
050,28,139,"Mississippi","Tippah County",2,21,291,150,141
050,28,139,"Mississippi","Tippah County",2,22,281,138,143
050,28,139,"Mississippi","Tippah County",2,23,275,133,142
050,28,139,"Mississippi","Tippah County",2,24,261,128,133
050,28,139,"Mississippi","Tippah County",2,25,260,131,129
050,28,139,"Mississippi","Tippah County",2,26,268,146,122
050,28,139,"Mississippi","Tippah County",2,27,268,142,126
050,28,139,"Mississippi","Tippah County",2,28,283,140,143
050,28,139,"Mississippi","Tippah County",2,29,281,138,143
050,28,139,"Mississippi","Tippah County",2,30,281,138,143
050,28,139,"Mississippi","Tippah County",2,31,256,125,131
050,28,139,"Mississippi","Tippah County",2,32,244,122,122
050,28,139,"Mississippi","Tippah County",2,33,241,117,124
050,28,139,"Mississippi","Tippah County",2,34,235,105,130
050,28,139,"Mississippi","Tippah County",2,35,234,117,117
050,28,139,"Mississippi","Tippah County",2,36,239,125,114
050,28,139,"Mississippi","Tippah County",2,37,249,119,130
050,28,139,"Mississippi","Tippah County",2,38,270,117,153
050,28,139,"Mississippi","Tippah County",2,39,271,116,155
050,28,139,"Mississippi","Tippah County",2,40,279,131,148
050,28,139,"Mississippi","Tippah County",2,41,273,131,142
050,28,139,"Mississippi","Tippah County",2,42,266,131,135
050,28,139,"Mississippi","Tippah County",2,43,268,134,134
050,28,139,"Mississippi","Tippah County",2,44,251,126,125
050,28,139,"Mississippi","Tippah County",2,45,256,127,129
050,28,139,"Mississippi","Tippah County",2,46,255,125,130
050,28,139,"Mississippi","Tippah County",2,47,266,139,127
050,28,139,"Mississippi","Tippah County",2,48,274,139,135
050,28,139,"Mississippi","Tippah County",2,49,281,144,137
050,28,139,"Mississippi","Tippah County",2,50,275,141,134
050,28,139,"Mississippi","Tippah County",2,51,282,149,133
050,28,139,"Mississippi","Tippah County",2,52,284,150,134
050,28,139,"Mississippi","Tippah County",2,53,289,149,140
050,28,139,"Mississippi","Tippah County",2,54,294,152,142
050,28,139,"Mississippi","Tippah County",2,55,296,151,145
050,28,139,"Mississippi","Tippah County",2,56,292,154,138
050,28,139,"Mississippi","Tippah County",2,57,296,156,140
050,28,139,"Mississippi","Tippah County",2,58,304,156,148
050,28,139,"Mississippi","Tippah County",2,59,310,150,160
050,28,139,"Mississippi","Tippah County",2,60,290,141,149
050,28,139,"Mississippi","Tippah County",2,61,269,134,135
050,28,139,"Mississippi","Tippah County",2,62,256,127,129
050,28,139,"Mississippi","Tippah County",2,63,261,124,137
050,28,139,"Mississippi","Tippah County",2,64,237,121,116
050,28,139,"Mississippi","Tippah County",2,65,250,115,135
050,28,139,"Mississippi","Tippah County",2,66,248,109,139
050,28,139,"Mississippi","Tippah County",2,67,240,114,126
050,28,139,"Mississippi","Tippah County",2,68,245,118,127
050,28,139,"Mississippi","Tippah County",2,69,225,101,124
050,28,139,"Mississippi","Tippah County",2,70,206,91,115
050,28,139,"Mississippi","Tippah County",2,71,214,98,116
050,28,139,"Mississippi","Tippah County",2,72,213,95,118
050,28,139,"Mississippi","Tippah County",2,73,226,109,117
050,28,139,"Mississippi","Tippah County",2,74,150,73,77
050,28,139,"Mississippi","Tippah County",2,75,165,72,93
050,28,139,"Mississippi","Tippah County",2,76,168,66,102
050,28,139,"Mississippi","Tippah County",2,77,152,61,91
050,28,139,"Mississippi","Tippah County",2,78,131,55,76
050,28,139,"Mississippi","Tippah County",2,79,108,46,62
050,28,139,"Mississippi","Tippah County",2,80,99,44,55
050,28,139,"Mississippi","Tippah County",2,81,94,38,56
050,28,139,"Mississippi","Tippah County",2,82,82,29,53
050,28,139,"Mississippi","Tippah County",2,83,79,29,50
050,28,139,"Mississippi","Tippah County",2,84,78,26,52
050,28,139,"Mississippi","Tippah County",2,85,353,124,229
050,28,139,"Mississippi","Tippah County",3,0,242,111,131
050,28,139,"Mississippi","Tippah County",3,1,226,109,117
050,28,139,"Mississippi","Tippah County",3,2,233,116,117
050,28,139,"Mississippi","Tippah County",3,3,273,135,138
050,28,139,"Mississippi","Tippah County",3,4,268,142,126
050,28,139,"Mississippi","Tippah County",3,5,275,135,140
050,28,139,"Mississippi","Tippah County",3,6,268,139,129
050,28,139,"Mississippi","Tippah County",3,7,291,157,134
050,28,139,"Mississippi","Tippah County",3,8,275,149,126
050,28,139,"Mississippi","Tippah County",3,9,283,140,143
050,28,139,"Mississippi","Tippah County",3,10,267,135,132
050,28,139,"Mississippi","Tippah County",3,11,291,148,143
050,28,139,"Mississippi","Tippah County",3,12,314,161,153
050,28,139,"Mississippi","Tippah County",3,13,326,166,160
050,28,139,"Mississippi","Tippah County",3,14,338,171,167
050,28,139,"Mississippi","Tippah County",3,15,338,168,170
050,28,139,"Mississippi","Tippah County",3,16,323,158,165
050,28,139,"Mississippi","Tippah County",3,17,323,158,165
050,28,139,"Mississippi","Tippah County",3,18,307,150,157
050,28,139,"Mississippi","Tippah County",3,19,281,146,135
050,28,139,"Mississippi","Tippah County",3,20,337,160,177
050,28,139,"Mississippi","Tippah County",3,21,306,150,156
050,28,139,"Mississippi","Tippah County",3,22,278,137,141
050,28,139,"Mississippi","Tippah County",3,23,285,142,143
050,28,139,"Mississippi","Tippah County",3,24,265,131,134
050,28,139,"Mississippi","Tippah County",3,25,254,132,122
050,28,139,"Mississippi","Tippah County",3,26,262,136,126
050,28,139,"Mississippi","Tippah County",3,27,254,136,118
050,28,139,"Mississippi","Tippah County",3,28,263,139,124
050,28,139,"Mississippi","Tippah County",3,29,267,130,137
050,28,139,"Mississippi","Tippah County",3,30,276,138,138
050,28,139,"Mississippi","Tippah County",3,31,288,134,154
050,28,139,"Mississippi","Tippah County",3,32,249,121,128
050,28,139,"Mississippi","Tippah County",3,33,240,119,121
050,28,139,"Mississippi","Tippah County",3,34,237,116,121
050,28,139,"Mississippi","Tippah County",3,35,234,101,133
050,28,139,"Mississippi","Tippah County",3,36,235,118,117
050,28,139,"Mississippi","Tippah County",3,37,240,126,114
050,28,139,"Mississippi","Tippah County",3,38,247,116,131
050,28,139,"Mississippi","Tippah County",3,39,262,116,146
050,28,139,"Mississippi","Tippah County",3,40,268,115,153
050,28,139,"Mississippi","Tippah County",3,41,290,136,154
050,28,139,"Mississippi","Tippah County",3,42,267,130,137
050,28,139,"Mississippi","Tippah County",3,43,275,134,141
050,28,139,"Mississippi","Tippah County",3,44,275,139,136
050,28,139,"Mississippi","Tippah County",3,45,245,126,119
050,28,139,"Mississippi","Tippah County",3,46,254,122,132
050,28,139,"Mississippi","Tippah County",3,47,257,126,131
050,28,139,"Mississippi","Tippah County",3,48,268,140,128
050,28,139,"Mississippi","Tippah County",3,49,261,131,130
050,28,139,"Mississippi","Tippah County",3,50,284,144,140
050,28,139,"Mississippi","Tippah County",3,51,283,147,136
050,28,139,"Mississippi","Tippah County",3,52,277,145,132
050,28,139,"Mississippi","Tippah County",3,53,281,147,134
050,28,139,"Mississippi","Tippah County",3,54,287,148,139
050,28,139,"Mississippi","Tippah County",3,55,283,148,135
050,28,139,"Mississippi","Tippah County",3,56,294,153,141
050,28,139,"Mississippi","Tippah County",3,57,288,152,136
050,28,139,"Mississippi","Tippah County",3,58,286,150,136
050,28,139,"Mississippi","Tippah County",3,59,308,154,154
050,28,139,"Mississippi","Tippah County",3,60,292,142,150
050,28,139,"Mississippi","Tippah County",3,61,279,133,146
050,28,139,"Mississippi","Tippah County",3,62,265,134,131
050,28,139,"Mississippi","Tippah County",3,63,252,124,128
050,28,139,"Mississippi","Tippah County",3,64,251,124,127
050,28,139,"Mississippi","Tippah County",3,65,232,117,115
050,28,139,"Mississippi","Tippah County",3,66,235,106,129
050,28,139,"Mississippi","Tippah County",3,67,243,106,137
050,28,139,"Mississippi","Tippah County",3,68,248,115,133
050,28,139,"Mississippi","Tippah County",3,69,233,110,123
050,28,139,"Mississippi","Tippah County",3,70,208,96,112
050,28,139,"Mississippi","Tippah County",3,71,204,87,117
050,28,139,"Mississippi","Tippah County",3,72,205,95,110
050,28,139,"Mississippi","Tippah County",3,73,207,94,113
050,28,139,"Mississippi","Tippah County",3,74,218,101,117
050,28,139,"Mississippi","Tippah County",3,75,149,70,79
050,28,139,"Mississippi","Tippah County",3,76,161,73,88
050,28,139,"Mississippi","Tippah County",3,77,160,62,98
050,28,139,"Mississippi","Tippah County",3,78,147,58,89
050,28,139,"Mississippi","Tippah County",3,79,109,46,63
050,28,139,"Mississippi","Tippah County",3,80,104,44,60
050,28,139,"Mississippi","Tippah County",3,81,94,37,57
050,28,139,"Mississippi","Tippah County",3,82,83,37,46
050,28,139,"Mississippi","Tippah County",3,83,75,25,50
050,28,139,"Mississippi","Tippah County",3,84,75,27,48
050,28,139,"Mississippi","Tippah County",3,85,344,114,230
050,28,139,"Mississippi","Tippah County",4,0,247,112,135
050,28,139,"Mississippi","Tippah County",4,1,239,111,128
050,28,139,"Mississippi","Tippah County",4,2,233,111,122
050,28,139,"Mississippi","Tippah County",4,3,234,118,116
050,28,139,"Mississippi","Tippah County",4,4,261,132,129
050,28,139,"Mississippi","Tippah County",4,5,266,134,132
050,28,139,"Mississippi","Tippah County",4,6,269,138,131
050,28,139,"Mississippi","Tippah County",4,7,272,138,134
050,28,139,"Mississippi","Tippah County",4,8,302,163,139
050,28,139,"Mississippi","Tippah County",4,9,269,152,117
050,28,139,"Mississippi","Tippah County",4,10,279,140,139
050,28,139,"Mississippi","Tippah County",4,11,267,136,131
050,28,139,"Mississippi","Tippah County",4,12,297,150,147
050,28,139,"Mississippi","Tippah County",4,13,313,161,152
050,28,139,"Mississippi","Tippah County",4,14,316,166,150
050,28,139,"Mississippi","Tippah County",4,15,340,172,168
050,28,139,"Mississippi","Tippah County",4,16,330,164,166
050,28,139,"Mississippi","Tippah County",4,17,309,151,158
050,28,139,"Mississippi","Tippah County",4,18,315,149,166
050,28,139,"Mississippi","Tippah County",4,19,272,140,132
050,28,139,"Mississippi","Tippah County",4,20,320,162,158
050,28,139,"Mississippi","Tippah County",4,21,319,152,167
050,28,139,"Mississippi","Tippah County",4,22,274,134,140
050,28,139,"Mississippi","Tippah County",4,23,279,143,136
050,28,139,"Mississippi","Tippah County",4,24,284,141,143
050,28,139,"Mississippi","Tippah County",4,25,265,132,133
050,28,139,"Mississippi","Tippah County",4,26,260,133,127
050,28,139,"Mississippi","Tippah County",4,27,254,136,118
050,28,139,"Mississippi","Tippah County",4,28,231,122,109
050,28,139,"Mississippi","Tippah County",4,29,251,132,119
050,28,139,"Mississippi","Tippah County",4,30,270,135,135
050,28,139,"Mississippi","Tippah County",4,31,273,136,137
050,28,139,"Mississippi","Tippah County",4,32,273,126,147
050,28,139,"Mississippi","Tippah County",4,33,255,128,127
050,28,139,"Mississippi","Tippah County",4,34,240,121,119
050,28,139,"Mississippi","Tippah County",4,35,242,121,121
050,28,139,"Mississippi","Tippah County",4,36,235,104,131
050,28,139,"Mississippi","Tippah County",4,37,231,115,116
050,28,139,"Mississippi","Tippah County",4,38,240,122,118
050,28,139,"Mississippi","Tippah County",4,39,249,120,129
050,28,139,"Mississippi","Tippah County",4,40,260,119,141
050,28,139,"Mississippi","Tippah County",4,41,268,113,155
050,28,139,"Mississippi","Tippah County",4,42,276,122,154
050,28,139,"Mississippi","Tippah County",4,43,267,129,138
050,28,139,"Mississippi","Tippah County",4,44,286,137,149
050,28,139,"Mississippi","Tippah County",4,45,271,135,136
050,28,139,"Mississippi","Tippah County",4,46,242,124,118
050,28,139,"Mississippi","Tippah County",4,47,254,124,130
050,28,139,"Mississippi","Tippah County",4,48,257,125,132
050,28,139,"Mississippi","Tippah County",4,49,261,137,124
050,28,139,"Mississippi","Tippah County",4,50,259,128,131
050,28,139,"Mississippi","Tippah County",4,51,279,142,137
050,28,139,"Mississippi","Tippah County",4,52,291,148,143
050,28,139,"Mississippi","Tippah County",4,53,278,143,135
050,28,139,"Mississippi","Tippah County",4,54,280,144,136
050,28,139,"Mississippi","Tippah County",4,55,274,143,131
050,28,139,"Mississippi","Tippah County",4,56,278,148,130
050,28,139,"Mississippi","Tippah County",4,57,285,146,139
050,28,139,"Mississippi","Tippah County",4,58,277,149,128
050,28,139,"Mississippi","Tippah County",4,59,293,149,144
050,28,139,"Mississippi","Tippah County",4,60,299,151,148
050,28,139,"Mississippi","Tippah County",4,61,294,143,151
050,28,139,"Mississippi","Tippah County",4,62,276,137,139
050,28,139,"Mississippi","Tippah County",4,63,254,122,132
050,28,139,"Mississippi","Tippah County",4,64,247,125,122
050,28,139,"Mississippi","Tippah County",4,65,243,116,127
050,28,139,"Mississippi","Tippah County",4,66,222,112,110
050,28,139,"Mississippi","Tippah County",4,67,232,107,125
050,28,139,"Mississippi","Tippah County",4,68,246,110,136
050,28,139,"Mississippi","Tippah County",4,69,239,108,131
050,28,139,"Mississippi","Tippah County",4,70,217,103,114
050,28,139,"Mississippi","Tippah County",4,71,203,91,112
050,28,139,"Mississippi","Tippah County",4,72,193,80,113
050,28,139,"Mississippi","Tippah County",4,73,199,94,105
050,28,139,"Mississippi","Tippah County",4,74,198,88,110
050,28,139,"Mississippi","Tippah County",4,75,208,93,115
050,28,139,"Mississippi","Tippah County",4,76,145,66,79
050,28,139,"Mississippi","Tippah County",4,77,153,69,84
050,28,139,"Mississippi","Tippah County",4,78,149,57,92
050,28,139,"Mississippi","Tippah County",4,79,127,52,75
050,28,139,"Mississippi","Tippah County",4,80,102,44,58
050,28,139,"Mississippi","Tippah County",4,81,99,39,60
050,28,139,"Mississippi","Tippah County",4,82,84,35,49
050,28,139,"Mississippi","Tippah County",4,83,77,33,44
050,28,139,"Mississippi","Tippah County",4,84,72,23,49
050,28,139,"Mississippi","Tippah County",4,85,349,113,236
050,28,139,"Mississippi","Tippah County",5,0,252,117,135
050,28,139,"Mississippi","Tippah County",5,1,252,112,140
050,28,139,"Mississippi","Tippah County",5,2,228,111,117
050,28,139,"Mississippi","Tippah County",5,3,242,113,129
050,28,139,"Mississippi","Tippah County",5,4,238,118,120
050,28,139,"Mississippi","Tippah County",5,5,255,133,122
050,28,139,"Mississippi","Tippah County",5,6,258,138,120
050,28,139,"Mississippi","Tippah County",5,7,274,135,139
050,28,139,"Mississippi","Tippah County",5,8,268,138,130
050,28,139,"Mississippi","Tippah County",5,9,289,157,132
050,28,139,"Mississippi","Tippah County",5,10,277,160,117
050,28,139,"Mississippi","Tippah County",5,11,272,136,136
050,28,139,"Mississippi","Tippah County",5,12,263,137,126
050,28,139,"Mississippi","Tippah County",5,13,284,142,142
050,28,139,"Mississippi","Tippah County",5,14,319,161,158
050,28,139,"Mississippi","Tippah County",5,15,312,163,149
050,28,139,"Mississippi","Tippah County",5,16,333,172,161
050,28,139,"Mississippi","Tippah County",5,17,329,167,162
050,28,139,"Mississippi","Tippah County",5,18,311,152,159
050,28,139,"Mississippi","Tippah County",5,19,287,144,143
050,28,139,"Mississippi","Tippah County",5,20,321,156,165
050,28,139,"Mississippi","Tippah County",5,21,305,152,153
050,28,139,"Mississippi","Tippah County",5,22,301,141,160
050,28,139,"Mississippi","Tippah County",5,23,268,136,132
050,28,139,"Mississippi","Tippah County",5,24,259,132,127
050,28,139,"Mississippi","Tippah County",5,25,284,135,149
050,28,139,"Mississippi","Tippah County",5,26,273,137,136
050,28,139,"Mississippi","Tippah County",5,27,250,125,125
050,28,139,"Mississippi","Tippah County",5,28,242,127,115
050,28,139,"Mississippi","Tippah County",5,29,233,122,111
050,28,139,"Mississippi","Tippah County",5,30,262,142,120
050,28,139,"Mississippi","Tippah County",5,31,262,133,129
050,28,139,"Mississippi","Tippah County",5,32,264,132,132
050,28,139,"Mississippi","Tippah County",5,33,268,119,149
050,28,139,"Mississippi","Tippah County",5,34,247,122,125
050,28,139,"Mississippi","Tippah County",5,35,241,120,121
050,28,139,"Mississippi","Tippah County",5,36,250,125,125
050,28,139,"Mississippi","Tippah County",5,37,235,110,125
050,28,139,"Mississippi","Tippah County",5,38,229,110,119
050,28,139,"Mississippi","Tippah County",5,39,236,123,113
050,28,139,"Mississippi","Tippah County",5,40,252,121,131
050,28,139,"Mississippi","Tippah County",5,41,265,124,141
050,28,139,"Mississippi","Tippah County",5,42,256,106,150
050,28,139,"Mississippi","Tippah County",5,43,273,121,152
050,28,139,"Mississippi","Tippah County",5,44,271,133,138
050,28,139,"Mississippi","Tippah County",5,45,284,138,146
050,28,139,"Mississippi","Tippah County",5,46,260,129,131
050,28,139,"Mississippi","Tippah County",5,47,246,129,117
050,28,139,"Mississippi","Tippah County",5,48,250,122,128
050,28,139,"Mississippi","Tippah County",5,49,258,124,134
050,28,139,"Mississippi","Tippah County",5,50,252,129,123
050,28,139,"Mississippi","Tippah County",5,51,269,138,131
050,28,139,"Mississippi","Tippah County",5,52,278,142,136
050,28,139,"Mississippi","Tippah County",5,53,295,146,149
050,28,139,"Mississippi","Tippah County",5,54,272,140,132
050,28,139,"Mississippi","Tippah County",5,55,277,141,136
050,28,139,"Mississippi","Tippah County",5,56,270,139,131
050,28,139,"Mississippi","Tippah County",5,57,272,144,128
050,28,139,"Mississippi","Tippah County",5,58,262,138,124
050,28,139,"Mississippi","Tippah County",5,59,286,149,137
050,28,139,"Mississippi","Tippah County",5,60,278,143,135
050,28,139,"Mississippi","Tippah County",5,61,286,147,139
050,28,139,"Mississippi","Tippah County",5,62,295,148,147
050,28,139,"Mississippi","Tippah County",5,63,268,129,139
050,28,139,"Mississippi","Tippah County",5,64,251,123,128
050,28,139,"Mississippi","Tippah County",5,65,244,120,124
050,28,139,"Mississippi","Tippah County",5,66,237,111,126
050,28,139,"Mississippi","Tippah County",5,67,218,110,108
050,28,139,"Mississippi","Tippah County",5,68,236,108,128
050,28,139,"Mississippi","Tippah County",5,69,240,102,138
050,28,139,"Mississippi","Tippah County",5,70,224,104,120
050,28,139,"Mississippi","Tippah County",5,71,217,101,116
050,28,139,"Mississippi","Tippah County",5,72,195,88,107
050,28,139,"Mississippi","Tippah County",5,73,183,74,109
050,28,139,"Mississippi","Tippah County",5,74,192,88,104
050,28,139,"Mississippi","Tippah County",5,75,189,80,109
050,28,139,"Mississippi","Tippah County",5,76,201,89,112
050,28,139,"Mississippi","Tippah County",5,77,138,63,75
050,28,139,"Mississippi","Tippah County",5,78,150,66,84
050,28,139,"Mississippi","Tippah County",5,79,129,49,80
050,28,139,"Mississippi","Tippah County",5,80,114,48,66
050,28,139,"Mississippi","Tippah County",5,81,92,35,57
050,28,139,"Mississippi","Tippah County",5,82,86,36,50
050,28,139,"Mississippi","Tippah County",5,83,78,31,47
050,28,139,"Mississippi","Tippah County",5,84,71,30,41
050,28,139,"Mississippi","Tippah County",5,85,354,112,242
050,28,141,"Mississippi","Tishomingo County",1,0,185,96,89
050,28,141,"Mississippi","Tishomingo County",1,1,198,109,89
050,28,141,"Mississippi","Tishomingo County",1,2,199,106,93
050,28,141,"Mississippi","Tishomingo County",1,3,210,107,103
050,28,141,"Mississippi","Tishomingo County",1,4,223,120,103
050,28,141,"Mississippi","Tishomingo County",1,5,206,112,94
050,28,141,"Mississippi","Tishomingo County",1,6,204,101,103
050,28,141,"Mississippi","Tishomingo County",1,7,213,112,101
050,28,141,"Mississippi","Tishomingo County",1,8,224,114,110
050,28,141,"Mississippi","Tishomingo County",1,9,199,106,93
050,28,141,"Mississippi","Tishomingo County",1,10,222,111,111
050,28,141,"Mississippi","Tishomingo County",1,11,250,119,131
050,28,141,"Mississippi","Tishomingo County",1,12,281,150,131
050,28,141,"Mississippi","Tishomingo County",1,13,286,150,136
050,28,141,"Mississippi","Tishomingo County",1,14,251,129,122
050,28,141,"Mississippi","Tishomingo County",1,15,257,129,128
050,28,141,"Mississippi","Tishomingo County",1,16,267,130,137
050,28,141,"Mississippi","Tishomingo County",1,17,238,119,119
050,28,141,"Mississippi","Tishomingo County",1,18,181,93,88
050,28,141,"Mississippi","Tishomingo County",1,19,161,83,78
050,28,141,"Mississippi","Tishomingo County",1,20,192,99,93
050,28,141,"Mississippi","Tishomingo County",1,21,203,106,97
050,28,141,"Mississippi","Tishomingo County",1,22,194,102,92
050,28,141,"Mississippi","Tishomingo County",1,23,210,106,104
050,28,141,"Mississippi","Tishomingo County",1,24,216,106,110
050,28,141,"Mississippi","Tishomingo County",1,25,224,108,116
050,28,141,"Mississippi","Tishomingo County",1,26,222,116,106
050,28,141,"Mississippi","Tishomingo County",1,27,242,128,114
050,28,141,"Mississippi","Tishomingo County",1,28,228,112,116
050,28,141,"Mississippi","Tishomingo County",1,29,233,123,110
050,28,141,"Mississippi","Tishomingo County",1,30,219,111,108
050,28,141,"Mississippi","Tishomingo County",1,31,225,113,112
050,28,141,"Mississippi","Tishomingo County",1,32,234,126,108
050,28,141,"Mississippi","Tishomingo County",1,33,205,106,99
050,28,141,"Mississippi","Tishomingo County",1,34,189,82,107
050,28,141,"Mississippi","Tishomingo County",1,35,199,96,103
050,28,141,"Mississippi","Tishomingo County",1,36,204,106,98
050,28,141,"Mississippi","Tishomingo County",1,37,195,93,102
050,28,141,"Mississippi","Tishomingo County",1,38,198,97,101
050,28,141,"Mississippi","Tishomingo County",1,39,211,99,112
050,28,141,"Mississippi","Tishomingo County",1,40,214,94,120
050,28,141,"Mississippi","Tishomingo County",1,41,222,100,122
050,28,141,"Mississippi","Tishomingo County",1,42,220,104,116
050,28,141,"Mississippi","Tishomingo County",1,43,205,95,110
050,28,141,"Mississippi","Tishomingo County",1,44,233,112,121
050,28,141,"Mississippi","Tishomingo County",1,45,236,120,116
050,28,141,"Mississippi","Tishomingo County",1,46,202,102,100
050,28,141,"Mississippi","Tishomingo County",1,47,228,106,122
050,28,141,"Mississippi","Tishomingo County",1,48,253,117,136
050,28,141,"Mississippi","Tishomingo County",1,49,257,129,128
050,28,141,"Mississippi","Tishomingo County",1,50,246,118,128
050,28,141,"Mississippi","Tishomingo County",1,51,244,113,131
050,28,141,"Mississippi","Tishomingo County",1,52,225,110,115
050,28,141,"Mississippi","Tishomingo County",1,53,245,120,125
050,28,141,"Mississippi","Tishomingo County",1,54,285,143,142
050,28,141,"Mississippi","Tishomingo County",1,55,292,151,141
050,28,141,"Mississippi","Tishomingo County",1,56,303,160,143
050,28,141,"Mississippi","Tishomingo County",1,57,285,142,143
050,28,141,"Mississippi","Tishomingo County",1,58,279,142,137
050,28,141,"Mississippi","Tishomingo County",1,59,274,147,127
050,28,141,"Mississippi","Tishomingo County",1,60,258,133,125
050,28,141,"Mississippi","Tishomingo County",1,61,237,118,119
050,28,141,"Mississippi","Tishomingo County",1,62,237,121,116
050,28,141,"Mississippi","Tishomingo County",1,63,265,132,133
050,28,141,"Mississippi","Tishomingo County",1,64,263,128,135
050,28,141,"Mississippi","Tishomingo County",1,65,264,124,140
050,28,141,"Mississippi","Tishomingo County",1,66,241,116,125
050,28,141,"Mississippi","Tishomingo County",1,67,245,122,123
050,28,141,"Mississippi","Tishomingo County",1,68,255,125,130
050,28,141,"Mississippi","Tishomingo County",1,69,215,93,122
050,28,141,"Mississippi","Tishomingo County",1,70,223,106,117
050,28,141,"Mississippi","Tishomingo County",1,71,218,110,108
050,28,141,"Mississippi","Tishomingo County",1,72,229,103,126
050,28,141,"Mississippi","Tishomingo County",1,73,247,115,132
050,28,141,"Mississippi","Tishomingo County",1,74,167,70,97
050,28,141,"Mississippi","Tishomingo County",1,75,156,72,84
050,28,141,"Mississippi","Tishomingo County",1,76,168,70,98
050,28,141,"Mississippi","Tishomingo County",1,77,147,70,77
050,28,141,"Mississippi","Tishomingo County",1,78,147,69,78
050,28,141,"Mississippi","Tishomingo County",1,79,134,63,71
050,28,141,"Mississippi","Tishomingo County",1,80,106,46,60
050,28,141,"Mississippi","Tishomingo County",1,81,112,44,68
050,28,141,"Mississippi","Tishomingo County",1,82,119,46,73
050,28,141,"Mississippi","Tishomingo County",1,83,101,34,67
050,28,141,"Mississippi","Tishomingo County",1,84,88,37,51
050,28,141,"Mississippi","Tishomingo County",1,85,366,128,238
050,28,141,"Mississippi","Tishomingo County",2,0,196,94,102
050,28,141,"Mississippi","Tishomingo County",2,1,193,105,88
050,28,141,"Mississippi","Tishomingo County",2,2,199,108,91
050,28,141,"Mississippi","Tishomingo County",2,3,207,107,100
050,28,141,"Mississippi","Tishomingo County",2,4,221,119,102
050,28,141,"Mississippi","Tishomingo County",2,5,210,113,97
050,28,141,"Mississippi","Tishomingo County",2,6,204,103,101
050,28,141,"Mississippi","Tishomingo County",2,7,212,109,103
050,28,141,"Mississippi","Tishomingo County",2,8,221,114,107
050,28,141,"Mississippi","Tishomingo County",2,9,205,109,96
050,28,141,"Mississippi","Tishomingo County",2,10,217,110,107
050,28,141,"Mississippi","Tishomingo County",2,11,243,116,127
050,28,141,"Mississippi","Tishomingo County",2,12,276,144,132
050,28,141,"Mississippi","Tishomingo County",2,13,288,153,135
050,28,141,"Mississippi","Tishomingo County",2,14,261,134,127
050,28,141,"Mississippi","Tishomingo County",2,15,258,130,128
050,28,141,"Mississippi","Tishomingo County",2,16,264,129,135
050,28,141,"Mississippi","Tishomingo County",2,17,243,121,122
050,28,141,"Mississippi","Tishomingo County",2,18,184,95,89
050,28,141,"Mississippi","Tishomingo County",2,19,158,82,76
050,28,141,"Mississippi","Tishomingo County",2,20,190,97,93
050,28,141,"Mississippi","Tishomingo County",2,21,202,106,96
050,28,141,"Mississippi","Tishomingo County",2,22,202,106,96
050,28,141,"Mississippi","Tishomingo County",2,23,208,106,102
050,28,141,"Mississippi","Tishomingo County",2,24,216,106,110
050,28,141,"Mississippi","Tishomingo County",2,25,222,109,113
050,28,141,"Mississippi","Tishomingo County",2,26,219,111,108
050,28,141,"Mississippi","Tishomingo County",2,27,236,123,113
050,28,141,"Mississippi","Tishomingo County",2,28,228,116,112
050,28,141,"Mississippi","Tishomingo County",2,29,230,120,110
050,28,141,"Mississippi","Tishomingo County",2,30,227,116,111
050,28,141,"Mississippi","Tishomingo County",2,31,225,114,111
050,28,141,"Mississippi","Tishomingo County",2,32,233,123,110
050,28,141,"Mississippi","Tishomingo County",2,33,212,110,102
050,28,141,"Mississippi","Tishomingo County",2,34,193,86,107
050,28,141,"Mississippi","Tishomingo County",2,35,200,94,106
050,28,141,"Mississippi","Tishomingo County",2,36,202,102,100
050,28,141,"Mississippi","Tishomingo County",2,37,199,97,102
050,28,141,"Mississippi","Tishomingo County",2,38,198,97,101
050,28,141,"Mississippi","Tishomingo County",2,39,209,99,110
050,28,141,"Mississippi","Tishomingo County",2,40,215,97,118
050,28,141,"Mississippi","Tishomingo County",2,41,217,97,120
050,28,141,"Mississippi","Tishomingo County",2,42,215,101,114
050,28,141,"Mississippi","Tishomingo County",2,43,210,97,113
050,28,141,"Mississippi","Tishomingo County",2,44,222,106,116
050,28,141,"Mississippi","Tishomingo County",2,45,235,116,119
050,28,141,"Mississippi","Tishomingo County",2,46,209,105,104
050,28,141,"Mississippi","Tishomingo County",2,47,222,104,118
050,28,141,"Mississippi","Tishomingo County",2,48,246,114,132
050,28,141,"Mississippi","Tishomingo County",2,49,256,127,129
050,28,141,"Mississippi","Tishomingo County",2,50,248,120,128
050,28,141,"Mississippi","Tishomingo County",2,51,240,113,127
050,28,141,"Mississippi","Tishomingo County",2,52,229,111,118
050,28,141,"Mississippi","Tishomingo County",2,53,241,118,123
050,28,141,"Mississippi","Tishomingo County",2,54,274,137,137
050,28,141,"Mississippi","Tishomingo County",2,55,289,149,140
050,28,141,"Mississippi","Tishomingo County",2,56,304,159,145
050,28,141,"Mississippi","Tishomingo County",2,57,292,148,144
050,28,141,"Mississippi","Tishomingo County",2,58,281,143,138
050,28,141,"Mississippi","Tishomingo County",2,59,275,146,129
050,28,141,"Mississippi","Tishomingo County",2,60,259,135,124
050,28,141,"Mississippi","Tishomingo County",2,61,241,120,121
050,28,141,"Mississippi","Tishomingo County",2,62,238,120,118
050,28,141,"Mississippi","Tishomingo County",2,63,260,131,129
050,28,141,"Mississippi","Tishomingo County",2,64,261,128,133
050,28,141,"Mississippi","Tishomingo County",2,65,261,122,139
050,28,141,"Mississippi","Tishomingo County",2,66,249,118,131
050,28,141,"Mississippi","Tishomingo County",2,67,240,119,121
050,28,141,"Mississippi","Tishomingo County",2,68,249,123,126
050,28,141,"Mississippi","Tishomingo County",2,69,223,101,122
050,28,141,"Mississippi","Tishomingo County",2,70,220,103,117
050,28,141,"Mississippi","Tishomingo County",2,71,218,109,109
050,28,141,"Mississippi","Tishomingo County",2,72,222,102,120
050,28,141,"Mississippi","Tishomingo County",2,73,255,118,137
050,28,141,"Mississippi","Tishomingo County",2,74,175,75,100
050,28,141,"Mississippi","Tishomingo County",2,75,157,71,86
050,28,141,"Mississippi","Tishomingo County",2,76,160,67,93
050,28,141,"Mississippi","Tishomingo County",2,77,155,71,84
050,28,141,"Mississippi","Tishomingo County",2,78,142,66,76
050,28,141,"Mississippi","Tishomingo County",2,79,138,64,74
050,28,141,"Mississippi","Tishomingo County",2,80,114,50,64
050,28,141,"Mississippi","Tishomingo County",2,81,106,43,63
050,28,141,"Mississippi","Tishomingo County",2,82,115,44,71
050,28,141,"Mississippi","Tishomingo County",2,83,104,37,67
050,28,141,"Mississippi","Tishomingo County",2,84,87,33,54
050,28,141,"Mississippi","Tishomingo County",2,85,366,126,240
050,28,141,"Mississippi","Tishomingo County",3,0,186,101,85
050,28,141,"Mississippi","Tishomingo County",3,1,195,89,106
050,28,141,"Mississippi","Tishomingo County",3,2,198,101,97
050,28,141,"Mississippi","Tishomingo County",3,3,199,103,96
050,28,141,"Mississippi","Tishomingo County",3,4,204,103,101
050,28,141,"Mississippi","Tishomingo County",3,5,215,111,104
050,28,141,"Mississippi","Tishomingo County",3,6,224,115,109
050,28,141,"Mississippi","Tishomingo County",3,7,208,103,105
050,28,141,"Mississippi","Tishomingo County",3,8,211,108,103
050,28,141,"Mississippi","Tishomingo County",3,9,220,113,107
050,28,141,"Mississippi","Tishomingo County",3,10,203,111,92
050,28,141,"Mississippi","Tishomingo County",3,11,221,112,109
050,28,141,"Mississippi","Tishomingo County",3,12,241,117,124
050,28,141,"Mississippi","Tishomingo County",3,13,267,141,126
050,28,141,"Mississippi","Tishomingo County",3,14,278,153,125
050,28,141,"Mississippi","Tishomingo County",3,15,261,137,124
050,28,141,"Mississippi","Tishomingo County",3,16,248,129,119
050,28,141,"Mississippi","Tishomingo County",3,17,256,124,132
050,28,141,"Mississippi","Tishomingo County",3,18,202,100,102
050,28,141,"Mississippi","Tishomingo County",3,19,145,73,72
050,28,141,"Mississippi","Tishomingo County",3,20,159,88,71
050,28,141,"Mississippi","Tishomingo County",3,21,202,98,104
050,28,141,"Mississippi","Tishomingo County",3,22,215,110,105
050,28,141,"Mississippi","Tishomingo County",3,23,220,119,101
050,28,141,"Mississippi","Tishomingo County",3,24,214,106,108
050,28,141,"Mississippi","Tishomingo County",3,25,230,118,112
050,28,141,"Mississippi","Tishomingo County",3,26,209,103,106
050,28,141,"Mississippi","Tishomingo County",3,27,232,119,113
050,28,141,"Mississippi","Tishomingo County",3,28,229,118,111
050,28,141,"Mississippi","Tishomingo County",3,29,231,116,115
050,28,141,"Mississippi","Tishomingo County",3,30,232,125,107
050,28,141,"Mississippi","Tishomingo County",3,31,228,119,109
050,28,141,"Mississippi","Tishomingo County",3,32,218,109,109
050,28,141,"Mississippi","Tishomingo County",3,33,224,120,104
050,28,141,"Mississippi","Tishomingo County",3,34,198,103,95
050,28,141,"Mississippi","Tishomingo County",3,35,194,84,110
050,28,141,"Mississippi","Tishomingo County",3,36,204,91,113
050,28,141,"Mississippi","Tishomingo County",3,37,199,104,95
050,28,141,"Mississippi","Tishomingo County",3,38,192,94,98
050,28,141,"Mississippi","Tishomingo County",3,39,204,100,104
050,28,141,"Mississippi","Tishomingo County",3,40,209,98,111
050,28,141,"Mississippi","Tishomingo County",3,41,215,95,120
050,28,141,"Mississippi","Tishomingo County",3,42,208,91,117
050,28,141,"Mississippi","Tishomingo County",3,43,215,101,114
050,28,141,"Mississippi","Tishomingo County",3,44,206,94,112
050,28,141,"Mississippi","Tishomingo County",3,45,221,109,112
050,28,141,"Mississippi","Tishomingo County",3,46,227,110,117
050,28,141,"Mississippi","Tishomingo County",3,47,209,104,105
050,28,141,"Mississippi","Tishomingo County",3,48,235,117,118
050,28,141,"Mississippi","Tishomingo County",3,49,251,118,133
050,28,141,"Mississippi","Tishomingo County",3,50,268,135,133
050,28,141,"Mississippi","Tishomingo County",3,51,257,126,131
050,28,141,"Mississippi","Tishomingo County",3,52,238,114,124
050,28,141,"Mississippi","Tishomingo County",3,53,228,110,118
050,28,141,"Mississippi","Tishomingo County",3,54,239,118,121
050,28,141,"Mississippi","Tishomingo County",3,55,274,140,134
050,28,141,"Mississippi","Tishomingo County",3,56,292,148,144
050,28,141,"Mississippi","Tishomingo County",3,57,300,156,144
050,28,141,"Mississippi","Tishomingo County",3,58,301,153,148
050,28,141,"Mississippi","Tishomingo County",3,59,279,141,138
050,28,141,"Mississippi","Tishomingo County",3,60,279,146,133
050,28,141,"Mississippi","Tishomingo County",3,61,258,131,127
050,28,141,"Mississippi","Tishomingo County",3,62,241,115,126
050,28,141,"Mississippi","Tishomingo County",3,63,234,115,119
050,28,141,"Mississippi","Tishomingo County",3,64,265,137,128
050,28,141,"Mississippi","Tishomingo County",3,65,255,126,129
050,28,141,"Mississippi","Tishomingo County",3,66,251,113,138
050,28,141,"Mississippi","Tishomingo County",3,67,230,111,119
050,28,141,"Mississippi","Tishomingo County",3,68,244,122,122
050,28,141,"Mississippi","Tishomingo County",3,69,242,119,123
050,28,141,"Mississippi","Tishomingo County",3,70,219,100,119
050,28,141,"Mississippi","Tishomingo County",3,71,217,102,115
050,28,141,"Mississippi","Tishomingo County",3,72,216,106,110
050,28,141,"Mississippi","Tishomingo County",3,73,209,99,110
050,28,141,"Mississippi","Tishomingo County",3,74,248,113,135
050,28,141,"Mississippi","Tishomingo County",3,75,168,73,95
050,28,141,"Mississippi","Tishomingo County",3,76,145,65,80
050,28,141,"Mississippi","Tishomingo County",3,77,151,63,88
050,28,141,"Mississippi","Tishomingo County",3,78,141,65,76
050,28,141,"Mississippi","Tishomingo County",3,79,141,60,81
050,28,141,"Mississippi","Tishomingo County",3,80,142,67,75
050,28,141,"Mississippi","Tishomingo County",3,81,102,47,55
050,28,141,"Mississippi","Tishomingo County",3,82,90,33,57
050,28,141,"Mississippi","Tishomingo County",3,83,101,36,65
050,28,141,"Mississippi","Tishomingo County",3,84,94,29,65
050,28,141,"Mississippi","Tishomingo County",3,85,363,117,246
050,28,141,"Mississippi","Tishomingo County",4,0,201,106,95
050,28,141,"Mississippi","Tishomingo County",4,1,175,94,81
050,28,141,"Mississippi","Tishomingo County",4,2,198,92,106
050,28,141,"Mississippi","Tishomingo County",4,3,205,111,94
050,28,141,"Mississippi","Tishomingo County",4,4,200,106,94
050,28,141,"Mississippi","Tishomingo County",4,5,205,101,104
050,28,141,"Mississippi","Tishomingo County",4,6,206,109,97
050,28,141,"Mississippi","Tishomingo County",4,7,225,117,108
050,28,141,"Mississippi","Tishomingo County",4,8,208,113,95
050,28,141,"Mississippi","Tishomingo County",4,9,215,118,97
050,28,141,"Mississippi","Tishomingo County",4,10,226,116,110
050,28,141,"Mississippi","Tishomingo County",4,11,214,115,99
050,28,141,"Mississippi","Tishomingo County",4,12,216,113,103
050,28,141,"Mississippi","Tishomingo County",4,13,247,114,133
050,28,141,"Mississippi","Tishomingo County",4,14,265,141,124
050,28,141,"Mississippi","Tishomingo County",4,15,288,156,132
050,28,141,"Mississippi","Tishomingo County",4,16,255,138,117
050,28,141,"Mississippi","Tishomingo County",4,17,250,128,122
050,28,141,"Mississippi","Tishomingo County",4,18,207,103,104
050,28,141,"Mississippi","Tishomingo County",4,19,164,79,85
050,28,141,"Mississippi","Tishomingo County",4,20,154,82,72
050,28,141,"Mississippi","Tishomingo County",4,21,180,92,88
050,28,141,"Mississippi","Tishomingo County",4,22,227,109,118
050,28,141,"Mississippi","Tishomingo County",4,23,219,113,106
050,28,141,"Mississippi","Tishomingo County",4,24,215,115,100
050,28,141,"Mississippi","Tishomingo County",4,25,218,118,100
050,28,141,"Mississippi","Tishomingo County",4,26,223,113,110
050,28,141,"Mississippi","Tishomingo County",4,27,205,101,104
050,28,141,"Mississippi","Tishomingo County",4,28,229,120,109
050,28,141,"Mississippi","Tishomingo County",4,29,236,118,118
050,28,141,"Mississippi","Tishomingo County",4,30,241,122,119
050,28,141,"Mississippi","Tishomingo County",4,31,238,130,108
050,28,141,"Mississippi","Tishomingo County",4,32,234,118,116
050,28,141,"Mississippi","Tishomingo County",4,33,224,114,110
050,28,141,"Mississippi","Tishomingo County",4,34,213,109,104
050,28,141,"Mississippi","Tishomingo County",4,35,205,109,96
050,28,141,"Mississippi","Tishomingo County",4,36,204,90,114
050,28,141,"Mississippi","Tishomingo County",4,37,200,91,109
050,28,141,"Mississippi","Tishomingo County",4,38,205,112,93
050,28,141,"Mississippi","Tishomingo County",4,39,193,91,102
050,28,141,"Mississippi","Tishomingo County",4,40,210,104,106
050,28,141,"Mississippi","Tishomingo County",4,41,209,100,109
050,28,141,"Mississippi","Tishomingo County",4,42,215,99,116
050,28,141,"Mississippi","Tishomingo County",4,43,214,95,119
050,28,141,"Mississippi","Tishomingo County",4,44,213,105,108
050,28,141,"Mississippi","Tishomingo County",4,45,211,96,115
050,28,141,"Mississippi","Tishomingo County",4,46,214,106,108
050,28,141,"Mississippi","Tishomingo County",4,47,214,99,115
050,28,141,"Mississippi","Tishomingo County",4,48,212,108,104
050,28,141,"Mississippi","Tishomingo County",4,49,232,119,113
050,28,141,"Mississippi","Tishomingo County",4,50,258,119,139
050,28,141,"Mississippi","Tishomingo County",4,51,269,131,138
050,28,141,"Mississippi","Tishomingo County",4,52,252,126,126
050,28,141,"Mississippi","Tishomingo County",4,53,228,109,119
050,28,141,"Mississippi","Tishomingo County",4,54,225,108,117
050,28,141,"Mississippi","Tishomingo County",4,55,234,114,120
050,28,141,"Mississippi","Tishomingo County",4,56,267,133,134
050,28,141,"Mississippi","Tishomingo County",4,57,289,140,149
050,28,141,"Mississippi","Tishomingo County",4,58,302,159,143
050,28,141,"Mississippi","Tishomingo County",4,59,299,151,148
050,28,141,"Mississippi","Tishomingo County",4,60,258,127,131
050,28,141,"Mississippi","Tishomingo County",4,61,276,142,134
050,28,141,"Mississippi","Tishomingo County",4,62,254,130,124
050,28,141,"Mississippi","Tishomingo County",4,63,240,110,130
050,28,141,"Mississippi","Tishomingo County",4,64,237,116,121
050,28,141,"Mississippi","Tishomingo County",4,65,260,136,124
050,28,141,"Mississippi","Tishomingo County",4,66,251,120,131
050,28,141,"Mississippi","Tishomingo County",4,67,243,110,133
050,28,141,"Mississippi","Tishomingo County",4,68,236,117,119
050,28,141,"Mississippi","Tishomingo County",4,69,240,116,124
050,28,141,"Mississippi","Tishomingo County",4,70,237,118,119
050,28,141,"Mississippi","Tishomingo County",4,71,212,98,114
050,28,141,"Mississippi","Tishomingo County",4,72,212,98,114
050,28,141,"Mississippi","Tishomingo County",4,73,202,98,104
050,28,141,"Mississippi","Tishomingo County",4,74,200,95,105
050,28,141,"Mississippi","Tishomingo County",4,75,226,103,123
050,28,141,"Mississippi","Tishomingo County",4,76,151,69,82
050,28,141,"Mississippi","Tishomingo County",4,77,122,57,65
050,28,141,"Mississippi","Tishomingo County",4,78,133,54,79
050,28,141,"Mississippi","Tishomingo County",4,79,136,60,76
050,28,141,"Mississippi","Tishomingo County",4,80,141,60,81
050,28,141,"Mississippi","Tishomingo County",4,81,127,60,67
050,28,141,"Mississippi","Tishomingo County",4,82,83,34,49
050,28,141,"Mississippi","Tishomingo County",4,83,78,29,49
050,28,141,"Mississippi","Tishomingo County",4,84,90,28,62
050,28,141,"Mississippi","Tishomingo County",4,85,376,119,257
050,28,141,"Mississippi","Tishomingo County",5,0,203,107,96
050,28,141,"Mississippi","Tishomingo County",5,1,198,108,90
050,28,141,"Mississippi","Tishomingo County",5,2,177,92,85
050,28,141,"Mississippi","Tishomingo County",5,3,196,97,99
050,28,141,"Mississippi","Tishomingo County",5,4,201,109,92
050,28,141,"Mississippi","Tishomingo County",5,5,204,109,95
050,28,141,"Mississippi","Tishomingo County",5,6,207,96,111
050,28,141,"Mississippi","Tishomingo County",5,7,202,102,100
050,28,141,"Mississippi","Tishomingo County",5,8,224,118,106
050,28,141,"Mississippi","Tishomingo County",5,9,211,115,96
050,28,141,"Mississippi","Tishomingo County",5,10,210,114,96
050,28,141,"Mississippi","Tishomingo County",5,11,223,114,109
050,28,141,"Mississippi","Tishomingo County",5,12,218,114,104
050,28,141,"Mississippi","Tishomingo County",5,13,219,112,107
050,28,141,"Mississippi","Tishomingo County",5,14,252,118,134
050,28,141,"Mississippi","Tishomingo County",5,15,273,147,126
050,28,141,"Mississippi","Tishomingo County",5,16,287,160,127
050,28,141,"Mississippi","Tishomingo County",5,17,259,134,125
050,28,141,"Mississippi","Tishomingo County",5,18,210,113,97
050,28,141,"Mississippi","Tishomingo County",5,19,167,85,82
050,28,141,"Mississippi","Tishomingo County",5,20,180,85,95
050,28,141,"Mississippi","Tishomingo County",5,21,168,87,81
050,28,141,"Mississippi","Tishomingo County",5,22,199,106,93
050,28,141,"Mississippi","Tishomingo County",5,23,250,124,126
050,28,141,"Mississippi","Tishomingo County",5,24,220,115,105
050,28,141,"Mississippi","Tishomingo County",5,25,211,111,100
050,28,141,"Mississippi","Tishomingo County",5,26,209,108,101
050,28,141,"Mississippi","Tishomingo County",5,27,222,116,106
050,28,141,"Mississippi","Tishomingo County",5,28,194,89,105
050,28,141,"Mississippi","Tishomingo County",5,29,232,120,112
050,28,141,"Mississippi","Tishomingo County",5,30,241,118,123
050,28,141,"Mississippi","Tishomingo County",5,31,240,126,114
050,28,141,"Mississippi","Tishomingo County",5,32,230,129,101
050,28,141,"Mississippi","Tishomingo County",5,33,238,120,118
050,28,141,"Mississippi","Tishomingo County",5,34,219,105,114
050,28,141,"Mississippi","Tishomingo County",5,35,213,113,100
050,28,141,"Mississippi","Tishomingo County",5,36,213,113,100
050,28,141,"Mississippi","Tishomingo County",5,37,203,92,111
050,28,141,"Mississippi","Tishomingo County",5,38,189,86,103
050,28,141,"Mississippi","Tishomingo County",5,39,207,112,95
050,28,141,"Mississippi","Tishomingo County",5,40,197,95,102
050,28,141,"Mississippi","Tishomingo County",5,41,216,107,109
050,28,141,"Mississippi","Tishomingo County",5,42,206,94,112
050,28,141,"Mississippi","Tishomingo County",5,43,223,101,122
050,28,141,"Mississippi","Tishomingo County",5,44,213,100,113
050,28,141,"Mississippi","Tishomingo County",5,45,207,99,108
050,28,141,"Mississippi","Tishomingo County",5,46,214,99,115
050,28,141,"Mississippi","Tishomingo County",5,47,208,98,110
050,28,141,"Mississippi","Tishomingo County",5,48,219,104,115
050,28,141,"Mississippi","Tishomingo County",5,49,206,105,101
050,28,141,"Mississippi","Tishomingo County",5,50,230,119,111
050,28,141,"Mississippi","Tishomingo County",5,51,267,122,145
050,28,141,"Mississippi","Tishomingo County",5,52,267,132,135
050,28,141,"Mississippi","Tishomingo County",5,53,247,119,128
050,28,141,"Mississippi","Tishomingo County",5,54,224,102,122
050,28,141,"Mississippi","Tishomingo County",5,55,226,108,118
050,28,141,"Mississippi","Tishomingo County",5,56,237,113,124
050,28,141,"Mississippi","Tishomingo County",5,57,259,129,130
050,28,141,"Mississippi","Tishomingo County",5,58,289,139,150
050,28,141,"Mississippi","Tishomingo County",5,59,305,158,147
050,28,141,"Mississippi","Tishomingo County",5,60,291,145,146
050,28,141,"Mississippi","Tishomingo County",5,61,258,126,132
050,28,141,"Mississippi","Tishomingo County",5,62,271,136,135
050,28,141,"Mississippi","Tishomingo County",5,63,255,130,125
050,28,141,"Mississippi","Tishomingo County",5,64,232,112,120
050,28,141,"Mississippi","Tishomingo County",5,65,235,116,119
050,28,141,"Mississippi","Tishomingo County",5,66,257,126,131
050,28,141,"Mississippi","Tishomingo County",5,67,241,117,124
050,28,141,"Mississippi","Tishomingo County",5,68,233,107,126
050,28,141,"Mississippi","Tishomingo County",5,69,224,107,117
050,28,141,"Mississippi","Tishomingo County",5,70,227,110,117
050,28,141,"Mississippi","Tishomingo County",5,71,230,111,119
050,28,141,"Mississippi","Tishomingo County",5,72,203,92,111
050,28,141,"Mississippi","Tishomingo County",5,73,201,93,108
050,28,141,"Mississippi","Tishomingo County",5,74,193,91,102
050,28,141,"Mississippi","Tishomingo County",5,75,185,85,100
050,28,141,"Mississippi","Tishomingo County",5,76,212,100,112
050,28,141,"Mississippi","Tishomingo County",5,77,132,63,69
050,28,141,"Mississippi","Tishomingo County",5,78,111,52,59
050,28,141,"Mississippi","Tishomingo County",5,79,126,48,78
050,28,141,"Mississippi","Tishomingo County",5,80,136,59,77
050,28,141,"Mississippi","Tishomingo County",5,81,129,54,75
050,28,141,"Mississippi","Tishomingo County",5,82,110,49,61
050,28,141,"Mississippi","Tishomingo County",5,83,73,29,44
050,28,141,"Mississippi","Tishomingo County",5,84,67,19,48
050,28,141,"Mississippi","Tishomingo County",5,85,396,125,271
050,28,143,"Mississippi","Tunica County",1,0,152,79,73
050,28,143,"Mississippi","Tunica County",1,1,156,88,68
050,28,143,"Mississippi","Tunica County",1,2,179,87,92
050,28,143,"Mississippi","Tunica County",1,3,158,82,76
050,28,143,"Mississippi","Tunica County",1,4,151,77,74
050,28,143,"Mississippi","Tunica County",1,5,165,88,77
050,28,143,"Mississippi","Tunica County",1,6,153,72,81
050,28,143,"Mississippi","Tunica County",1,7,157,87,70
050,28,143,"Mississippi","Tunica County",1,8,162,81,81
050,28,143,"Mississippi","Tunica County",1,9,145,71,74
050,28,143,"Mississippi","Tunica County",1,10,145,74,71
050,28,143,"Mississippi","Tunica County",1,11,168,85,83
050,28,143,"Mississippi","Tunica County",1,12,175,93,82
050,28,143,"Mississippi","Tunica County",1,13,156,74,82
050,28,143,"Mississippi","Tunica County",1,14,158,91,67
050,28,143,"Mississippi","Tunica County",1,15,128,70,58
050,28,143,"Mississippi","Tunica County",1,16,138,73,65
050,28,143,"Mississippi","Tunica County",1,17,159,82,77
050,28,143,"Mississippi","Tunica County",1,18,136,64,72
050,28,143,"Mississippi","Tunica County",1,19,114,63,51
050,28,143,"Mississippi","Tunica County",1,20,119,64,55
050,28,143,"Mississippi","Tunica County",1,21,126,62,64
050,28,143,"Mississippi","Tunica County",1,22,115,55,60
050,28,143,"Mississippi","Tunica County",1,23,114,50,64
050,28,143,"Mississippi","Tunica County",1,24,127,56,71
050,28,143,"Mississippi","Tunica County",1,25,125,53,72
050,28,143,"Mississippi","Tunica County",1,26,127,61,66
050,28,143,"Mississippi","Tunica County",1,27,139,70,69
050,28,143,"Mississippi","Tunica County",1,28,128,56,72
050,28,143,"Mississippi","Tunica County",1,29,124,53,71
050,28,143,"Mississippi","Tunica County",1,30,121,50,71
050,28,143,"Mississippi","Tunica County",1,31,124,47,77
050,28,143,"Mississippi","Tunica County",1,32,132,54,78
050,28,143,"Mississippi","Tunica County",1,33,141,58,83
050,28,143,"Mississippi","Tunica County",1,34,122,61,61
050,28,143,"Mississippi","Tunica County",1,35,136,62,74
050,28,143,"Mississippi","Tunica County",1,36,138,55,83
050,28,143,"Mississippi","Tunica County",1,37,136,66,70
050,28,143,"Mississippi","Tunica County",1,38,147,65,82
050,28,143,"Mississippi","Tunica County",1,39,125,52,73
050,28,143,"Mississippi","Tunica County",1,40,147,64,83
050,28,143,"Mississippi","Tunica County",1,41,114,54,60
050,28,143,"Mississippi","Tunica County",1,42,130,57,73
050,28,143,"Mississippi","Tunica County",1,43,117,49,68
050,28,143,"Mississippi","Tunica County",1,44,104,49,55
050,28,143,"Mississippi","Tunica County",1,45,109,50,59
050,28,143,"Mississippi","Tunica County",1,46,116,53,63
050,28,143,"Mississippi","Tunica County",1,47,117,57,60
050,28,143,"Mississippi","Tunica County",1,48,117,54,63
050,28,143,"Mississippi","Tunica County",1,49,132,68,64
050,28,143,"Mississippi","Tunica County",1,50,111,49,62
050,28,143,"Mississippi","Tunica County",1,51,106,51,55
050,28,143,"Mississippi","Tunica County",1,52,106,53,53
050,28,143,"Mississippi","Tunica County",1,53,100,43,57
050,28,143,"Mississippi","Tunica County",1,54,101,48,53
050,28,143,"Mississippi","Tunica County",1,55,116,61,55
050,28,143,"Mississippi","Tunica County",1,56,117,55,62
050,28,143,"Mississippi","Tunica County",1,57,118,54,64
050,28,143,"Mississippi","Tunica County",1,58,119,52,67
050,28,143,"Mississippi","Tunica County",1,59,112,51,61
050,28,143,"Mississippi","Tunica County",1,60,129,60,69
050,28,143,"Mississippi","Tunica County",1,61,128,55,73
050,28,143,"Mississippi","Tunica County",1,62,108,48,60
050,28,143,"Mississippi","Tunica County",1,63,117,44,73
050,28,143,"Mississippi","Tunica County",1,64,121,56,65
050,28,143,"Mississippi","Tunica County",1,65,102,49,53
050,28,143,"Mississippi","Tunica County",1,66,98,45,53
050,28,143,"Mississippi","Tunica County",1,67,98,43,55
050,28,143,"Mississippi","Tunica County",1,68,102,40,62
050,28,143,"Mississippi","Tunica County",1,69,85,34,51
050,28,143,"Mississippi","Tunica County",1,70,86,38,48
050,28,143,"Mississippi","Tunica County",1,71,85,39,46
050,28,143,"Mississippi","Tunica County",1,72,65,30,35
050,28,143,"Mississippi","Tunica County",1,73,61,28,33
050,28,143,"Mississippi","Tunica County",1,74,53,31,22
050,28,143,"Mississippi","Tunica County",1,75,51,25,26
050,28,143,"Mississippi","Tunica County",1,76,50,21,29
050,28,143,"Mississippi","Tunica County",1,77,44,19,25
050,28,143,"Mississippi","Tunica County",1,78,41,14,27
050,28,143,"Mississippi","Tunica County",1,79,32,16,16
050,28,143,"Mississippi","Tunica County",1,80,23,9,14
050,28,143,"Mississippi","Tunica County",1,81,28,9,19
050,28,143,"Mississippi","Tunica County",1,82,25,11,14
050,28,143,"Mississippi","Tunica County",1,83,24,10,14
050,28,143,"Mississippi","Tunica County",1,84,20,11,9
050,28,143,"Mississippi","Tunica County",1,85,81,25,56
050,28,143,"Mississippi","Tunica County",2,0,153,80,73
050,28,143,"Mississippi","Tunica County",2,1,155,86,69
050,28,143,"Mississippi","Tunica County",2,2,173,86,87
050,28,143,"Mississippi","Tunica County",2,3,160,83,77
050,28,143,"Mississippi","Tunica County",2,4,151,77,74
050,28,143,"Mississippi","Tunica County",2,5,158,83,75
050,28,143,"Mississippi","Tunica County",2,6,152,75,77
050,28,143,"Mississippi","Tunica County",2,7,155,83,72
050,28,143,"Mississippi","Tunica County",2,8,158,81,77
050,28,143,"Mississippi","Tunica County",2,9,147,73,74
050,28,143,"Mississippi","Tunica County",2,10,144,72,72
050,28,143,"Mississippi","Tunica County",2,11,160,82,78
050,28,143,"Mississippi","Tunica County",2,12,172,89,83
050,28,143,"Mississippi","Tunica County",2,13,159,79,80
050,28,143,"Mississippi","Tunica County",2,14,154,85,69
050,28,143,"Mississippi","Tunica County",2,15,133,74,59
050,28,143,"Mississippi","Tunica County",2,16,135,72,63
050,28,143,"Mississippi","Tunica County",2,17,151,78,73
050,28,143,"Mississippi","Tunica County",2,18,136,66,70
050,28,143,"Mississippi","Tunica County",2,19,117,63,54
050,28,143,"Mississippi","Tunica County",2,20,118,64,54
050,28,143,"Mississippi","Tunica County",2,21,124,63,61
050,28,143,"Mississippi","Tunica County",2,22,116,54,62
050,28,143,"Mississippi","Tunica County",2,23,114,51,63
050,28,143,"Mississippi","Tunica County",2,24,124,55,69
050,28,143,"Mississippi","Tunica County",2,25,125,54,71
050,28,143,"Mississippi","Tunica County",2,26,124,59,65
050,28,143,"Mississippi","Tunica County",2,27,135,68,67
050,28,143,"Mississippi","Tunica County",2,28,130,60,70
050,28,143,"Mississippi","Tunica County",2,29,127,56,71
050,28,143,"Mississippi","Tunica County",2,30,121,49,72
050,28,143,"Mississippi","Tunica County",2,31,121,47,74
050,28,143,"Mississippi","Tunica County",2,32,127,50,77
050,28,143,"Mississippi","Tunica County",2,33,137,57,80
050,28,143,"Mississippi","Tunica County",2,34,124,59,65
050,28,143,"Mississippi","Tunica County",2,35,136,63,73
050,28,143,"Mississippi","Tunica County",2,36,133,55,78
050,28,143,"Mississippi","Tunica County",2,37,138,64,74
050,28,143,"Mississippi","Tunica County",2,38,144,66,78
050,28,143,"Mississippi","Tunica County",2,39,130,56,74
050,28,143,"Mississippi","Tunica County",2,40,137,59,78
050,28,143,"Mississippi","Tunica County",2,41,123,58,65
050,28,143,"Mississippi","Tunica County",2,42,126,56,70
050,28,143,"Mississippi","Tunica County",2,43,121,51,70
050,28,143,"Mississippi","Tunica County",2,44,105,47,58
050,28,143,"Mississippi","Tunica County",2,45,108,50,58
050,28,143,"Mississippi","Tunica County",2,46,114,52,62
050,28,143,"Mississippi","Tunica County",2,47,117,57,60
050,28,143,"Mississippi","Tunica County",2,48,116,55,61
050,28,143,"Mississippi","Tunica County",2,49,127,63,64
050,28,143,"Mississippi","Tunica County",2,50,115,54,61
050,28,143,"Mississippi","Tunica County",2,51,108,51,57
050,28,143,"Mississippi","Tunica County",2,52,105,53,52
050,28,143,"Mississippi","Tunica County",2,53,101,45,56
050,28,143,"Mississippi","Tunica County",2,54,102,48,54
050,28,143,"Mississippi","Tunica County",2,55,113,59,54
050,28,143,"Mississippi","Tunica County",2,56,113,54,59
050,28,143,"Mississippi","Tunica County",2,57,120,56,64
050,28,143,"Mississippi","Tunica County",2,58,114,50,64
050,28,143,"Mississippi","Tunica County",2,59,113,50,63
050,28,143,"Mississippi","Tunica County",2,60,126,57,69
050,28,143,"Mississippi","Tunica County",2,61,127,56,71
050,28,143,"Mississippi","Tunica County",2,62,112,48,64
050,28,143,"Mississippi","Tunica County",2,63,115,45,70
050,28,143,"Mississippi","Tunica County",2,64,117,52,65
050,28,143,"Mississippi","Tunica County",2,65,105,48,57
050,28,143,"Mississippi","Tunica County",2,66,100,46,54
050,28,143,"Mississippi","Tunica County",2,67,98,44,54
050,28,143,"Mississippi","Tunica County",2,68,100,40,60
050,28,143,"Mississippi","Tunica County",2,69,89,36,53
050,28,143,"Mississippi","Tunica County",2,70,84,36,48
050,28,143,"Mississippi","Tunica County",2,71,83,37,46
050,28,143,"Mississippi","Tunica County",2,72,70,32,38
050,28,143,"Mississippi","Tunica County",2,73,66,31,35
050,28,143,"Mississippi","Tunica County",2,74,52,29,23
050,28,143,"Mississippi","Tunica County",2,75,51,26,25
050,28,143,"Mississippi","Tunica County",2,76,50,22,28
050,28,143,"Mississippi","Tunica County",2,77,45,20,25
050,28,143,"Mississippi","Tunica County",2,78,40,14,26
050,28,143,"Mississippi","Tunica County",2,79,33,16,17
050,28,143,"Mississippi","Tunica County",2,80,26,11,15
050,28,143,"Mississippi","Tunica County",2,81,26,9,17
050,28,143,"Mississippi","Tunica County",2,82,26,11,15
050,28,143,"Mississippi","Tunica County",2,83,24,10,14
050,28,143,"Mississippi","Tunica County",2,84,19,11,8
050,28,143,"Mississippi","Tunica County",2,85,80,27,53
050,28,143,"Mississippi","Tunica County",3,0,122,49,73
050,28,143,"Mississippi","Tunica County",3,1,172,83,89
050,28,143,"Mississippi","Tunica County",3,2,165,87,78
050,28,143,"Mississippi","Tunica County",3,3,173,89,84
050,28,143,"Mississippi","Tunica County",3,4,165,78,87
050,28,143,"Mississippi","Tunica County",3,5,138,71,67
050,28,143,"Mississippi","Tunica County",3,6,157,85,72
050,28,143,"Mississippi","Tunica County",3,7,146,72,74
050,28,143,"Mississippi","Tunica County",3,8,156,82,74
050,28,143,"Mississippi","Tunica County",3,9,155,82,73
050,28,143,"Mississippi","Tunica County",3,10,136,72,64
050,28,143,"Mississippi","Tunica County",3,11,153,78,75
050,28,143,"Mississippi","Tunica County",3,12,151,78,73
050,28,143,"Mississippi","Tunica County",3,13,164,89,75
050,28,143,"Mississippi","Tunica County",3,14,151,75,76
050,28,143,"Mississippi","Tunica County",3,15,146,80,66
050,28,143,"Mississippi","Tunica County",3,16,125,72,53
050,28,143,"Mississippi","Tunica County",3,17,135,71,64
050,28,143,"Mississippi","Tunica County",3,18,124,64,60
050,28,143,"Mississippi","Tunica County",3,19,116,58,58
050,28,143,"Mississippi","Tunica County",3,20,124,63,61
050,28,143,"Mississippi","Tunica County",3,21,126,67,59
050,28,143,"Mississippi","Tunica County",3,22,140,70,70
050,28,143,"Mississippi","Tunica County",3,23,122,57,65
050,28,143,"Mississippi","Tunica County",3,24,118,51,67
050,28,143,"Mississippi","Tunica County",3,25,134,56,78
050,28,143,"Mississippi","Tunica County",3,26,116,48,68
050,28,143,"Mississippi","Tunica County",3,27,132,59,73
050,28,143,"Mississippi","Tunica County",3,28,138,68,70
050,28,143,"Mississippi","Tunica County",3,29,122,58,64
050,28,143,"Mississippi","Tunica County",3,30,120,49,71
050,28,143,"Mississippi","Tunica County",3,31,128,50,78
050,28,143,"Mississippi","Tunica County",3,32,117,46,71
050,28,143,"Mississippi","Tunica County",3,33,124,54,70
050,28,143,"Mississippi","Tunica County",3,34,134,56,78
050,28,143,"Mississippi","Tunica County",3,35,120,61,59
050,28,143,"Mississippi","Tunica County",3,36,136,59,77
050,28,143,"Mississippi","Tunica County",3,37,124,54,70
050,28,143,"Mississippi","Tunica County",3,38,136,63,73
050,28,143,"Mississippi","Tunica County",3,39,141,61,80
050,28,143,"Mississippi","Tunica County",3,40,128,52,76
050,28,143,"Mississippi","Tunica County",3,41,126,53,73
050,28,143,"Mississippi","Tunica County",3,42,120,59,61
050,28,143,"Mississippi","Tunica County",3,43,129,52,77
050,28,143,"Mississippi","Tunica County",3,44,123,56,67
050,28,143,"Mississippi","Tunica County",3,45,97,47,50
050,28,143,"Mississippi","Tunica County",3,46,104,48,56
050,28,143,"Mississippi","Tunica County",3,47,112,54,58
050,28,143,"Mississippi","Tunica County",3,48,112,52,60
050,28,143,"Mississippi","Tunica County",3,49,106,50,56
050,28,143,"Mississippi","Tunica County",3,50,128,62,66
050,28,143,"Mississippi","Tunica County",3,51,120,53,67
050,28,143,"Mississippi","Tunica County",3,52,109,52,57
050,28,143,"Mississippi","Tunica County",3,53,103,53,50
050,28,143,"Mississippi","Tunica County",3,54,101,46,55
050,28,143,"Mississippi","Tunica County",3,55,99,47,52
050,28,143,"Mississippi","Tunica County",3,56,108,57,51
050,28,143,"Mississippi","Tunica County",3,57,110,52,58
050,28,143,"Mississippi","Tunica County",3,58,111,50,61
050,28,143,"Mississippi","Tunica County",3,59,107,47,60
050,28,143,"Mississippi","Tunica County",3,60,116,51,65
050,28,143,"Mississippi","Tunica County",3,61,117,51,66
050,28,143,"Mississippi","Tunica County",3,62,123,52,71
050,28,143,"Mississippi","Tunica County",3,63,109,50,59
050,28,143,"Mississippi","Tunica County",3,64,118,50,68
050,28,143,"Mississippi","Tunica County",3,65,116,49,67
050,28,143,"Mississippi","Tunica County",3,66,95,45,50
050,28,143,"Mississippi","Tunica County",3,67,97,44,53
050,28,143,"Mississippi","Tunica County",3,68,91,39,52
050,28,143,"Mississippi","Tunica County",3,69,98,39,59
050,28,143,"Mississippi","Tunica County",3,70,92,38,54
050,28,143,"Mississippi","Tunica County",3,71,80,34,46
050,28,143,"Mississippi","Tunica County",3,72,79,35,44
050,28,143,"Mississippi","Tunica County",3,73,69,30,39
050,28,143,"Mississippi","Tunica County",3,74,64,32,32
050,28,143,"Mississippi","Tunica County",3,75,50,27,23
050,28,143,"Mississippi","Tunica County",3,76,49,23,26
050,28,143,"Mississippi","Tunica County",3,77,49,24,25
050,28,143,"Mississippi","Tunica County",3,78,38,15,23
050,28,143,"Mississippi","Tunica County",3,79,38,12,26
050,28,143,"Mississippi","Tunica County",3,80,28,14,14
050,28,143,"Mississippi","Tunica County",3,81,24,12,12
050,28,143,"Mississippi","Tunica County",3,82,21,9,12
050,28,143,"Mississippi","Tunica County",3,83,27,10,17
050,28,143,"Mississippi","Tunica County",3,84,20,9,11
050,28,143,"Mississippi","Tunica County",3,85,79,30,49
050,28,143,"Mississippi","Tunica County",4,0,114,55,59
050,28,143,"Mississippi","Tunica County",4,1,119,59,60
050,28,143,"Mississippi","Tunica County",4,2,170,82,88
050,28,143,"Mississippi","Tunica County",4,3,167,88,79
050,28,143,"Mississippi","Tunica County",4,4,163,83,80
050,28,143,"Mississippi","Tunica County",4,5,156,75,81
050,28,143,"Mississippi","Tunica County",4,6,133,68,65
050,28,143,"Mississippi","Tunica County",4,7,142,79,63
050,28,143,"Mississippi","Tunica County",4,8,140,71,69
050,28,143,"Mississippi","Tunica County",4,9,155,78,77
050,28,143,"Mississippi","Tunica County",4,10,156,76,80
050,28,143,"Mississippi","Tunica County",4,11,131,67,64
050,28,143,"Mississippi","Tunica County",4,12,146,72,74
050,28,143,"Mississippi","Tunica County",4,13,139,70,69
050,28,143,"Mississippi","Tunica County",4,14,155,82,73
050,28,143,"Mississippi","Tunica County",4,15,146,78,68
050,28,143,"Mississippi","Tunica County",4,16,146,81,65
050,28,143,"Mississippi","Tunica County",4,17,114,62,52
050,28,143,"Mississippi","Tunica County",4,18,120,64,56
050,28,143,"Mississippi","Tunica County",4,19,108,58,50
050,28,143,"Mississippi","Tunica County",4,20,116,52,64
050,28,143,"Mississippi","Tunica County",4,21,125,58,67
050,28,143,"Mississippi","Tunica County",4,22,132,65,67
050,28,143,"Mississippi","Tunica County",4,23,138,73,65
050,28,143,"Mississippi","Tunica County",4,24,135,65,70
050,28,143,"Mississippi","Tunica County",4,25,134,57,77
050,28,143,"Mississippi","Tunica County",4,26,137,56,81
050,28,143,"Mississippi","Tunica County",4,27,126,54,72
050,28,143,"Mississippi","Tunica County",4,28,114,55,59
050,28,143,"Mississippi","Tunica County",4,29,144,66,78
050,28,143,"Mississippi","Tunica County",4,30,117,57,60
050,28,143,"Mississippi","Tunica County",4,31,121,50,71
050,28,143,"Mississippi","Tunica County",4,32,133,51,82
050,28,143,"Mississippi","Tunica County",4,33,110,44,66
050,28,143,"Mississippi","Tunica County",4,34,120,52,68
050,28,143,"Mississippi","Tunica County",4,35,134,60,74
050,28,143,"Mississippi","Tunica County",4,36,116,58,58
050,28,143,"Mississippi","Tunica County",4,37,127,53,74
050,28,143,"Mississippi","Tunica County",4,38,113,47,66
050,28,143,"Mississippi","Tunica County",4,39,122,55,67
050,28,143,"Mississippi","Tunica County",4,40,120,55,65
050,28,143,"Mississippi","Tunica County",4,41,114,46,68
050,28,143,"Mississippi","Tunica County",4,42,116,49,67
050,28,143,"Mississippi","Tunica County",4,43,108,51,57
050,28,143,"Mississippi","Tunica County",4,44,135,56,79
050,28,143,"Mississippi","Tunica County",4,45,124,51,73
050,28,143,"Mississippi","Tunica County",4,46,89,42,47
050,28,143,"Mississippi","Tunica County",4,47,103,46,57
050,28,143,"Mississippi","Tunica County",4,48,111,53,58
050,28,143,"Mississippi","Tunica County",4,49,112,57,55
050,28,143,"Mississippi","Tunica County",4,50,99,50,49
050,28,143,"Mississippi","Tunica County",4,51,127,59,68
050,28,143,"Mississippi","Tunica County",4,52,121,52,69
050,28,143,"Mississippi","Tunica County",4,53,104,51,53
050,28,143,"Mississippi","Tunica County",4,54,105,56,49
050,28,143,"Mississippi","Tunica County",4,55,98,44,54
050,28,143,"Mississippi","Tunica County",4,56,99,50,49
050,28,143,"Mississippi","Tunica County",4,57,110,58,52
050,28,143,"Mississippi","Tunica County",4,58,109,48,61
050,28,143,"Mississippi","Tunica County",4,59,111,50,61
050,28,143,"Mississippi","Tunica County",4,60,104,46,58
050,28,143,"Mississippi","Tunica County",4,61,116,48,68
050,28,143,"Mississippi","Tunica County",4,62,105,48,57
050,28,143,"Mississippi","Tunica County",4,63,130,53,77
050,28,143,"Mississippi","Tunica County",4,64,102,51,51
050,28,143,"Mississippi","Tunica County",4,65,107,44,63
050,28,143,"Mississippi","Tunica County",4,66,105,45,60
050,28,143,"Mississippi","Tunica County",4,67,91,42,49
050,28,143,"Mississippi","Tunica County",4,68,90,41,49
050,28,143,"Mississippi","Tunica County",4,69,88,39,49
050,28,143,"Mississippi","Tunica County",4,70,97,38,59
050,28,143,"Mississippi","Tunica County",4,71,90,36,54
050,28,143,"Mississippi","Tunica County",4,72,79,33,46
050,28,143,"Mississippi","Tunica County",4,73,74,31,43
050,28,143,"Mississippi","Tunica County",4,74,62,27,35
050,28,143,"Mississippi","Tunica County",4,75,61,29,32
050,28,143,"Mississippi","Tunica County",4,76,49,26,23
050,28,143,"Mississippi","Tunica County",4,77,45,22,23
050,28,143,"Mississippi","Tunica County",4,78,38,17,21
050,28,143,"Mississippi","Tunica County",4,79,33,11,22
050,28,143,"Mississippi","Tunica County",4,80,28,7,21
050,28,143,"Mississippi","Tunica County",4,81,25,12,13
050,28,143,"Mississippi","Tunica County",4,82,24,15,9
050,28,143,"Mississippi","Tunica County",4,83,20,6,14
050,28,143,"Mississippi","Tunica County",4,84,20,8,12
050,28,143,"Mississippi","Tunica County",4,85,75,34,41
050,28,143,"Mississippi","Tunica County",5,0,107,50,57
050,28,143,"Mississippi","Tunica County",5,1,115,62,53
050,28,143,"Mississippi","Tunica County",5,2,114,50,64
050,28,143,"Mississippi","Tunica County",5,3,155,76,79
050,28,143,"Mississippi","Tunica County",5,4,156,85,71
050,28,143,"Mississippi","Tunica County",5,5,159,80,79
050,28,143,"Mississippi","Tunica County",5,6,159,76,83
050,28,143,"Mississippi","Tunica County",5,7,132,66,66
050,28,143,"Mississippi","Tunica County",5,8,143,81,62
050,28,143,"Mississippi","Tunica County",5,9,145,68,77
050,28,143,"Mississippi","Tunica County",5,10,152,78,74
050,28,143,"Mississippi","Tunica County",5,11,157,78,79
050,28,143,"Mississippi","Tunica County",5,12,128,67,61
050,28,143,"Mississippi","Tunica County",5,13,147,70,77
050,28,143,"Mississippi","Tunica County",5,14,135,67,68
050,28,143,"Mississippi","Tunica County",5,15,151,84,67
050,28,143,"Mississippi","Tunica County",5,16,142,74,68
050,28,143,"Mississippi","Tunica County",5,17,139,75,64
050,28,143,"Mississippi","Tunica County",5,18,109,59,50
050,28,143,"Mississippi","Tunica County",5,19,121,65,56
050,28,143,"Mississippi","Tunica County",5,20,117,60,57
050,28,143,"Mississippi","Tunica County",5,21,125,55,70
050,28,143,"Mississippi","Tunica County",5,22,125,55,70
050,28,143,"Mississippi","Tunica County",5,23,129,63,66
050,28,143,"Mississippi","Tunica County",5,24,129,67,62
050,28,143,"Mississippi","Tunica County",5,25,126,63,63
050,28,143,"Mississippi","Tunica County",5,26,134,53,81
050,28,143,"Mississippi","Tunica County",5,27,119,44,75
050,28,143,"Mississippi","Tunica County",5,28,111,44,67
050,28,143,"Mississippi","Tunica County",5,29,107,50,57
050,28,143,"Mississippi","Tunica County",5,30,140,65,75
050,28,143,"Mississippi","Tunica County",5,31,119,59,60
050,28,143,"Mississippi","Tunica County",5,32,107,42,65
050,28,143,"Mississippi","Tunica County",5,33,121,41,80
050,28,143,"Mississippi","Tunica County",5,34,110,47,63
050,28,143,"Mississippi","Tunica County",5,35,113,42,71
050,28,143,"Mississippi","Tunica County",5,36,128,60,68
050,28,143,"Mississippi","Tunica County",5,37,118,57,61
050,28,143,"Mississippi","Tunica County",5,38,132,57,75
050,28,143,"Mississippi","Tunica County",5,39,115,42,73
050,28,143,"Mississippi","Tunica County",5,40,120,55,65
050,28,143,"Mississippi","Tunica County",5,41,123,57,66
050,28,143,"Mississippi","Tunica County",5,42,112,48,64
050,28,143,"Mississippi","Tunica County",5,43,123,48,75
050,28,143,"Mississippi","Tunica County",5,44,114,50,64
050,28,143,"Mississippi","Tunica County",5,45,120,51,69
050,28,143,"Mississippi","Tunica County",5,46,121,48,73
050,28,143,"Mississippi","Tunica County",5,47,93,44,49
050,28,143,"Mississippi","Tunica County",5,48,102,42,60
050,28,143,"Mississippi","Tunica County",5,49,106,49,57
050,28,143,"Mississippi","Tunica County",5,50,106,53,53
050,28,143,"Mississippi","Tunica County",5,51,96,46,50
050,28,143,"Mississippi","Tunica County",5,52,125,58,67
050,28,143,"Mississippi","Tunica County",5,53,117,56,61
050,28,143,"Mississippi","Tunica County",5,54,100,49,51
050,28,143,"Mississippi","Tunica County",5,55,100,53,47
050,28,143,"Mississippi","Tunica County",5,56,99,43,56
050,28,143,"Mississippi","Tunica County",5,57,93,51,42
050,28,143,"Mississippi","Tunica County",5,58,111,58,53
050,28,143,"Mississippi","Tunica County",5,59,105,45,60
050,28,143,"Mississippi","Tunica County",5,60,115,49,66
050,28,143,"Mississippi","Tunica County",5,61,110,48,62
050,28,143,"Mississippi","Tunica County",5,62,107,44,63
050,28,143,"Mississippi","Tunica County",5,63,102,49,53
050,28,143,"Mississippi","Tunica County",5,64,127,49,78
050,28,143,"Mississippi","Tunica County",5,65,97,52,45
050,28,143,"Mississippi","Tunica County",5,66,99,41,58
050,28,143,"Mississippi","Tunica County",5,67,108,44,64
050,28,143,"Mississippi","Tunica County",5,68,85,38,47
050,28,143,"Mississippi","Tunica County",5,69,84,37,47
050,28,143,"Mississippi","Tunica County",5,70,83,34,49
050,28,143,"Mississippi","Tunica County",5,71,88,32,56
050,28,143,"Mississippi","Tunica County",5,72,90,36,54
050,28,143,"Mississippi","Tunica County",5,73,77,31,46
050,28,143,"Mississippi","Tunica County",5,74,70,29,41
050,28,143,"Mississippi","Tunica County",5,75,59,24,35
050,28,143,"Mississippi","Tunica County",5,76,60,27,33
050,28,143,"Mississippi","Tunica County",5,77,43,25,18
050,28,143,"Mississippi","Tunica County",5,78,34,17,17
050,28,143,"Mississippi","Tunica County",5,79,32,13,19
050,28,143,"Mississippi","Tunica County",5,80,27,7,20
050,28,143,"Mississippi","Tunica County",5,81,25,6,19
050,28,143,"Mississippi","Tunica County",5,82,25,13,12
050,28,143,"Mississippi","Tunica County",5,83,23,12,11
050,28,143,"Mississippi","Tunica County",5,84,13,4,9
050,28,143,"Mississippi","Tunica County",5,85,74,33,41
050,28,145,"Mississippi","Union County",1,0,331,169,162
050,28,145,"Mississippi","Union County",1,1,326,166,160
050,28,145,"Mississippi","Union County",1,2,370,176,194
050,28,145,"Mississippi","Union County",1,3,396,210,186
050,28,145,"Mississippi","Union County",1,4,388,202,186
050,28,145,"Mississippi","Union County",1,5,379,187,192
050,28,145,"Mississippi","Union County",1,6,411,208,203
050,28,145,"Mississippi","Union County",1,7,400,202,198
050,28,145,"Mississippi","Union County",1,8,368,178,190
050,28,145,"Mississippi","Union County",1,9,372,172,200
050,28,145,"Mississippi","Union County",1,10,396,191,205
050,28,145,"Mississippi","Union County",1,11,417,211,206
050,28,145,"Mississippi","Union County",1,12,429,209,220
050,28,145,"Mississippi","Union County",1,13,427,210,217
050,28,145,"Mississippi","Union County",1,14,421,209,212
050,28,145,"Mississippi","Union County",1,15,442,227,215
050,28,145,"Mississippi","Union County",1,16,409,210,199
050,28,145,"Mississippi","Union County",1,17,398,213,185
050,28,145,"Mississippi","Union County",1,18,343,174,169
050,28,145,"Mississippi","Union County",1,19,274,139,135
050,28,145,"Mississippi","Union County",1,20,301,153,148
050,28,145,"Mississippi","Union County",1,21,306,164,142
050,28,145,"Mississippi","Union County",1,22,324,166,158
050,28,145,"Mississippi","Union County",1,23,329,161,168
050,28,145,"Mississippi","Union County",1,24,344,176,168
050,28,145,"Mississippi","Union County",1,25,352,171,181
050,28,145,"Mississippi","Union County",1,26,340,169,171
050,28,145,"Mississippi","Union County",1,27,345,173,172
050,28,145,"Mississippi","Union County",1,28,378,189,189
050,28,145,"Mississippi","Union County",1,29,375,195,180
050,28,145,"Mississippi","Union County",1,30,361,183,178
050,28,145,"Mississippi","Union County",1,31,349,170,179
050,28,145,"Mississippi","Union County",1,32,332,164,168
050,28,145,"Mississippi","Union County",1,33,332,165,167
050,28,145,"Mississippi","Union County",1,34,355,175,180
050,28,145,"Mississippi","Union County",1,35,328,162,166
050,28,145,"Mississippi","Union County",1,36,317,167,150
050,28,145,"Mississippi","Union County",1,37,339,168,171
050,28,145,"Mississippi","Union County",1,38,329,162,167
050,28,145,"Mississippi","Union County",1,39,346,180,166
050,28,145,"Mississippi","Union County",1,40,363,188,175
050,28,145,"Mississippi","Union County",1,41,378,194,184
050,28,145,"Mississippi","Union County",1,42,343,157,186
050,28,145,"Mississippi","Union County",1,43,357,179,178
050,28,145,"Mississippi","Union County",1,44,350,172,178
050,28,145,"Mississippi","Union County",1,45,366,179,187
050,28,145,"Mississippi","Union County",1,46,346,160,186
050,28,145,"Mississippi","Union County",1,47,360,176,184
050,28,145,"Mississippi","Union County",1,48,361,187,174
050,28,145,"Mississippi","Union County",1,49,358,178,180
050,28,145,"Mississippi","Union County",1,50,358,169,189
050,28,145,"Mississippi","Union County",1,51,372,191,181
050,28,145,"Mississippi","Union County",1,52,366,196,170
050,28,145,"Mississippi","Union County",1,53,354,173,181
050,28,145,"Mississippi","Union County",1,54,351,175,176
050,28,145,"Mississippi","Union County",1,55,355,168,187
050,28,145,"Mississippi","Union County",1,56,339,169,170
050,28,145,"Mississippi","Union County",1,57,353,174,179
050,28,145,"Mississippi","Union County",1,58,338,175,163
050,28,145,"Mississippi","Union County",1,59,343,169,174
050,28,145,"Mississippi","Union County",1,60,348,174,174
050,28,145,"Mississippi","Union County",1,61,331,165,166
050,28,145,"Mississippi","Union County",1,62,323,170,153
050,28,145,"Mississippi","Union County",1,63,295,144,151
050,28,145,"Mississippi","Union County",1,64,312,142,170
050,28,145,"Mississippi","Union County",1,65,323,157,166
050,28,145,"Mississippi","Union County",1,66,284,138,146
050,28,145,"Mississippi","Union County",1,67,279,137,142
050,28,145,"Mississippi","Union County",1,68,271,129,142
050,28,145,"Mississippi","Union County",1,69,266,124,142
050,28,145,"Mississippi","Union County",1,70,274,133,141
050,28,145,"Mississippi","Union County",1,71,289,137,152
050,28,145,"Mississippi","Union County",1,72,289,130,159
050,28,145,"Mississippi","Union County",1,73,291,142,149
050,28,145,"Mississippi","Union County",1,74,186,88,98
050,28,145,"Mississippi","Union County",1,75,167,81,86
050,28,145,"Mississippi","Union County",1,76,177,82,95
050,28,145,"Mississippi","Union County",1,77,181,79,102
050,28,145,"Mississippi","Union County",1,78,150,62,88
050,28,145,"Mississippi","Union County",1,79,131,55,76
050,28,145,"Mississippi","Union County",1,80,126,50,76
050,28,145,"Mississippi","Union County",1,81,128,50,78
050,28,145,"Mississippi","Union County",1,82,110,44,66
050,28,145,"Mississippi","Union County",1,83,93,39,54
050,28,145,"Mississippi","Union County",1,84,98,43,55
050,28,145,"Mississippi","Union County",1,85,479,162,317
050,28,145,"Mississippi","Union County",2,0,328,172,156
050,28,145,"Mississippi","Union County",2,1,326,165,161
050,28,145,"Mississippi","Union County",2,2,360,175,185
050,28,145,"Mississippi","Union County",2,3,390,205,185
050,28,145,"Mississippi","Union County",2,4,394,205,189
050,28,145,"Mississippi","Union County",2,5,386,193,193
050,28,145,"Mississippi","Union County",2,6,406,207,199
050,28,145,"Mississippi","Union County",2,7,403,204,199
050,28,145,"Mississippi","Union County",2,8,377,184,193
050,28,145,"Mississippi","Union County",2,9,369,173,196
050,28,145,"Mississippi","Union County",2,10,393,188,205
050,28,145,"Mississippi","Union County",2,11,411,206,205
050,28,145,"Mississippi","Union County",2,12,425,210,215
050,28,145,"Mississippi","Union County",2,13,429,210,219
050,28,145,"Mississippi","Union County",2,14,425,210,215
050,28,145,"Mississippi","Union County",2,15,438,223,215
050,28,145,"Mississippi","Union County",2,16,419,216,203
050,28,145,"Mississippi","Union County",2,17,401,210,191
050,28,145,"Mississippi","Union County",2,18,340,175,165
050,28,145,"Mississippi","Union County",2,19,278,141,137
050,28,145,"Mississippi","Union County",2,20,299,152,147
050,28,145,"Mississippi","Union County",2,21,312,165,147
050,28,145,"Mississippi","Union County",2,22,328,168,160
050,28,145,"Mississippi","Union County",2,23,330,164,166
050,28,145,"Mississippi","Union County",2,24,337,169,168
050,28,145,"Mississippi","Union County",2,25,350,172,178
050,28,145,"Mississippi","Union County",2,26,345,171,174
050,28,145,"Mississippi","Union County",2,27,346,173,173
050,28,145,"Mississippi","Union County",2,28,370,183,187
050,28,145,"Mississippi","Union County",2,29,372,190,182
050,28,145,"Mississippi","Union County",2,30,366,186,180
050,28,145,"Mississippi","Union County",2,31,351,173,178
050,28,145,"Mississippi","Union County",2,32,337,167,170
050,28,145,"Mississippi","Union County",2,33,331,165,166
050,28,145,"Mississippi","Union County",2,34,351,173,178
050,28,145,"Mississippi","Union County",2,35,337,167,170
050,28,145,"Mississippi","Union County",2,36,320,166,154
050,28,145,"Mississippi","Union County",2,37,335,168,167
050,28,145,"Mississippi","Union County",2,38,333,164,169
050,28,145,"Mississippi","Union County",2,39,341,175,166
050,28,145,"Mississippi","Union County",2,40,363,188,175
050,28,145,"Mississippi","Union County",2,41,374,193,181
050,28,145,"Mississippi","Union County",2,42,350,164,186
050,28,145,"Mississippi","Union County",2,43,352,172,180
050,28,145,"Mississippi","Union County",2,44,346,170,176
050,28,145,"Mississippi","Union County",2,45,364,178,186
050,28,145,"Mississippi","Union County",2,46,347,162,185
050,28,145,"Mississippi","Union County",2,47,356,174,182
050,28,145,"Mississippi","Union County",2,48,360,184,176
050,28,145,"Mississippi","Union County",2,49,364,183,181
050,28,145,"Mississippi","Union County",2,50,362,174,188
050,28,145,"Mississippi","Union County",2,51,369,186,183
050,28,145,"Mississippi","Union County",2,52,368,195,173
050,28,145,"Mississippi","Union County",2,53,358,179,179
050,28,145,"Mississippi","Union County",2,54,351,174,177
050,28,145,"Mississippi","Union County",2,55,350,168,182
050,28,145,"Mississippi","Union County",2,56,344,169,175
050,28,145,"Mississippi","Union County",2,57,350,172,178
050,28,145,"Mississippi","Union County",2,58,343,176,167
050,28,145,"Mississippi","Union County",2,59,343,172,171
050,28,145,"Mississippi","Union County",2,60,343,171,172
050,28,145,"Mississippi","Union County",2,61,335,168,167
050,28,145,"Mississippi","Union County",2,62,324,167,157
050,28,145,"Mississippi","Union County",2,63,302,151,151
050,28,145,"Mississippi","Union County",2,64,301,142,159
050,28,145,"Mississippi","Union County",2,65,318,151,167
050,28,145,"Mississippi","Union County",2,66,296,145,151
050,28,145,"Mississippi","Union County",2,67,278,136,142
050,28,145,"Mississippi","Union County",2,68,269,128,141
050,28,145,"Mississippi","Union County",2,69,265,126,139
050,28,145,"Mississippi","Union County",2,70,270,131,139
050,28,145,"Mississippi","Union County",2,71,284,134,150
050,28,145,"Mississippi","Union County",2,72,282,128,154
050,28,145,"Mississippi","Union County",2,73,303,144,159
050,28,145,"Mississippi","Union County",2,74,197,94,103
050,28,145,"Mississippi","Union County",2,75,170,81,89
050,28,145,"Mississippi","Union County",2,76,173,81,92
050,28,145,"Mississippi","Union County",2,77,182,79,103
050,28,145,"Mississippi","Union County",2,78,155,66,89
050,28,145,"Mississippi","Union County",2,79,134,56,78
050,28,145,"Mississippi","Union County",2,80,128,51,77
050,28,145,"Mississippi","Union County",2,81,126,48,78
050,28,145,"Mississippi","Union County",2,82,113,45,68
050,28,145,"Mississippi","Union County",2,83,95,40,55
050,28,145,"Mississippi","Union County",2,84,93,39,54
050,28,145,"Mississippi","Union County",2,85,483,166,317
050,28,145,"Mississippi","Union County",3,0,366,199,167
050,28,145,"Mississippi","Union County",3,1,339,165,174
050,28,145,"Mississippi","Union County",3,2,342,169,173
050,28,145,"Mississippi","Union County",3,3,368,186,182
050,28,145,"Mississippi","Union County",3,4,387,205,182
050,28,145,"Mississippi","Union County",3,5,414,216,198
050,28,145,"Mississippi","Union County",3,6,386,197,189
050,28,145,"Mississippi","Union County",3,7,391,199,192
050,28,145,"Mississippi","Union County",3,8,415,215,200
050,28,145,"Mississippi","Union County",3,9,375,188,187
050,28,145,"Mississippi","Union County",3,10,378,180,198
050,28,145,"Mississippi","Union County",3,11,392,189,203
050,28,145,"Mississippi","Union County",3,12,416,209,207
050,28,145,"Mississippi","Union County",3,13,440,213,227
050,28,145,"Mississippi","Union County",3,14,447,223,224
050,28,145,"Mississippi","Union County",3,15,423,214,209
050,28,145,"Mississippi","Union County",3,16,440,217,223
050,28,145,"Mississippi","Union County",3,17,418,212,206
050,28,145,"Mississippi","Union County",3,18,349,189,160
050,28,145,"Mississippi","Union County",3,19,269,141,128
050,28,145,"Mississippi","Union County",3,20,297,151,146
050,28,145,"Mississippi","Union County",3,21,329,171,158
050,28,145,"Mississippi","Union County",3,22,332,169,163
050,28,145,"Mississippi","Union County",3,23,354,178,176
050,28,145,"Mississippi","Union County",3,24,342,172,170
050,28,145,"Mississippi","Union County",3,25,354,187,167
050,28,145,"Mississippi","Union County",3,26,342,158,184
050,28,145,"Mississippi","Union County",3,27,355,177,178
050,28,145,"Mississippi","Union County",3,28,358,178,180
050,28,145,"Mississippi","Union County",3,29,392,199,193
050,28,145,"Mississippi","Union County",3,30,383,196,187
050,28,145,"Mississippi","Union County",3,31,364,182,182
050,28,145,"Mississippi","Union County",3,32,351,169,182
050,28,145,"Mississippi","Union County",3,33,342,171,171
050,28,145,"Mississippi","Union County",3,34,345,170,175
050,28,145,"Mississippi","Union County",3,35,360,175,185
050,28,145,"Mississippi","Union County",3,36,333,163,170
050,28,145,"Mississippi","Union County",3,37,307,167,140
050,28,145,"Mississippi","Union County",3,38,326,161,165
050,28,145,"Mississippi","Union County",3,39,338,168,170
050,28,145,"Mississippi","Union County",3,40,346,172,174
050,28,145,"Mississippi","Union County",3,41,363,189,174
050,28,145,"Mississippi","Union County",3,42,370,191,179
050,28,145,"Mississippi","Union County",3,43,353,169,184
050,28,145,"Mississippi","Union County",3,44,348,167,181
050,28,145,"Mississippi","Union County",3,45,341,164,177
050,28,145,"Mississippi","Union County",3,46,369,181,188
050,28,145,"Mississippi","Union County",3,47,349,164,185
050,28,145,"Mississippi","Union County",3,48,357,175,182
050,28,145,"Mississippi","Union County",3,49,356,182,174
050,28,145,"Mississippi","Union County",3,50,365,181,184
050,28,145,"Mississippi","Union County",3,51,363,171,192
050,28,145,"Mississippi","Union County",3,52,372,192,180
050,28,145,"Mississippi","Union County",3,53,371,201,170
050,28,145,"Mississippi","Union County",3,54,351,171,180
050,28,145,"Mississippi","Union County",3,55,345,168,177
050,28,145,"Mississippi","Union County",3,56,364,177,187
050,28,145,"Mississippi","Union County",3,57,336,164,172
050,28,145,"Mississippi","Union County",3,58,350,168,182
050,28,145,"Mississippi","Union County",3,59,344,177,167
050,28,145,"Mississippi","Union County",3,60,339,166,173
050,28,145,"Mississippi","Union County",3,61,328,162,166
050,28,145,"Mississippi","Union County",3,62,334,167,167
050,28,145,"Mississippi","Union County",3,63,316,163,153
050,28,145,"Mississippi","Union County",3,64,296,142,154
050,28,145,"Mississippi","Union County",3,65,294,140,154
050,28,145,"Mississippi","Union County",3,66,316,150,166
050,28,145,"Mississippi","Union County",3,67,289,145,144
050,28,145,"Mississippi","Union County",3,68,267,127,140
050,28,145,"Mississippi","Union County",3,69,262,122,140
050,28,145,"Mississippi","Union County",3,70,254,118,136
050,28,145,"Mississippi","Union County",3,71,258,121,137
050,28,145,"Mississippi","Union County",3,72,277,130,147
050,28,145,"Mississippi","Union County",3,73,273,127,146
050,28,145,"Mississippi","Union County",3,74,297,139,158
050,28,145,"Mississippi","Union County",3,75,194,91,103
050,28,145,"Mississippi","Union County",3,76,162,77,85
050,28,145,"Mississippi","Union County",3,77,158,70,88
050,28,145,"Mississippi","Union County",3,78,174,73,101
050,28,145,"Mississippi","Union County",3,79,148,57,91
050,28,145,"Mississippi","Union County",3,80,127,53,74
050,28,145,"Mississippi","Union County",3,81,123,49,74
050,28,145,"Mississippi","Union County",3,82,110,41,69
050,28,145,"Mississippi","Union County",3,83,102,38,64
050,28,145,"Mississippi","Union County",3,84,83,31,52
050,28,145,"Mississippi","Union County",3,85,480,167,313
050,28,145,"Mississippi","Union County",4,0,352,191,161
050,28,145,"Mississippi","Union County",4,1,366,189,177
050,28,145,"Mississippi","Union County",4,2,340,173,167
050,28,145,"Mississippi","Union County",4,3,347,171,176
050,28,145,"Mississippi","Union County",4,4,378,192,186
050,28,145,"Mississippi","Union County",4,5,382,202,180
050,28,145,"Mississippi","Union County",4,6,421,218,203
050,28,145,"Mississippi","Union County",4,7,374,198,176
050,28,145,"Mississippi","Union County",4,8,401,205,196
050,28,145,"Mississippi","Union County",4,9,398,207,191
050,28,145,"Mississippi","Union County",4,10,380,189,191
050,28,145,"Mississippi","Union County",4,11,376,189,187
050,28,145,"Mississippi","Union County",4,12,406,192,214
050,28,145,"Mississippi","Union County",4,13,424,212,212
050,28,145,"Mississippi","Union County",4,14,441,221,220
050,28,145,"Mississippi","Union County",4,15,450,227,223
050,28,145,"Mississippi","Union County",4,16,432,218,214
050,28,145,"Mississippi","Union County",4,17,432,221,211
050,28,145,"Mississippi","Union County",4,18,349,185,164
050,28,145,"Mississippi","Union County",4,19,280,157,123
050,28,145,"Mississippi","Union County",4,20,284,145,139
050,28,145,"Mississippi","Union County",4,21,321,163,158
050,28,145,"Mississippi","Union County",4,22,353,182,171
050,28,145,"Mississippi","Union County",4,23,368,188,180
050,28,145,"Mississippi","Union County",4,24,349,180,169
050,28,145,"Mississippi","Union County",4,25,344,176,168
050,28,145,"Mississippi","Union County",4,26,343,178,165
050,28,145,"Mississippi","Union County",4,27,349,162,187
050,28,145,"Mississippi","Union County",4,28,356,173,183
050,28,145,"Mississippi","Union County",4,29,380,186,194
050,28,145,"Mississippi","Union County",4,30,391,198,193
050,28,145,"Mississippi","Union County",4,31,388,204,184
050,28,145,"Mississippi","Union County",4,32,365,186,179
050,28,145,"Mississippi","Union County",4,33,356,173,183
050,28,145,"Mississippi","Union County",4,34,342,168,174
050,28,145,"Mississippi","Union County",4,35,336,170,166
050,28,145,"Mississippi","Union County",4,36,361,174,187
050,28,145,"Mississippi","Union County",4,37,342,169,173
050,28,145,"Mississippi","Union County",4,38,313,163,150
050,28,145,"Mississippi","Union County",4,39,335,162,173
050,28,145,"Mississippi","Union County",4,40,335,163,172
050,28,145,"Mississippi","Union County",4,41,343,171,172
050,28,145,"Mississippi","Union County",4,42,358,186,172
050,28,145,"Mississippi","Union County",4,43,374,192,182
050,28,145,"Mississippi","Union County",4,44,350,168,182
050,28,145,"Mississippi","Union County",4,45,336,160,176
050,28,145,"Mississippi","Union County",4,46,336,162,174
050,28,145,"Mississippi","Union County",4,47,376,184,192
050,28,145,"Mississippi","Union County",4,48,351,164,187
050,28,145,"Mississippi","Union County",4,49,357,175,182
050,28,145,"Mississippi","Union County",4,50,361,183,178
050,28,145,"Mississippi","Union County",4,51,364,175,189
050,28,145,"Mississippi","Union County",4,52,364,175,189
050,28,145,"Mississippi","Union County",4,53,378,195,183
050,28,145,"Mississippi","Union County",4,54,376,200,176
050,28,145,"Mississippi","Union County",4,55,358,176,182
050,28,145,"Mississippi","Union County",4,56,343,164,179
050,28,145,"Mississippi","Union County",4,57,365,181,184
050,28,145,"Mississippi","Union County",4,58,343,171,172
050,28,145,"Mississippi","Union County",4,59,347,172,175
050,28,145,"Mississippi","Union County",4,60,346,176,170
050,28,145,"Mississippi","Union County",4,61,325,161,164
050,28,145,"Mississippi","Union County",4,62,327,166,161
050,28,145,"Mississippi","Union County",4,63,325,162,163
050,28,145,"Mississippi","Union County",4,64,303,157,146
050,28,145,"Mississippi","Union County",4,65,297,144,153
050,28,145,"Mississippi","Union County",4,66,284,134,150
050,28,145,"Mississippi","Union County",4,67,312,148,164
050,28,145,"Mississippi","Union County",4,68,278,136,142
050,28,145,"Mississippi","Union County",4,69,259,124,135
050,28,145,"Mississippi","Union County",4,70,251,117,134
050,28,145,"Mississippi","Union County",4,71,244,111,133
050,28,145,"Mississippi","Union County",4,72,250,118,132
050,28,145,"Mississippi","Union County",4,73,268,125,143
050,28,145,"Mississippi","Union County",4,74,265,117,148
050,28,145,"Mississippi","Union County",4,75,287,134,153
050,28,145,"Mississippi","Union County",4,76,188,90,98
050,28,145,"Mississippi","Union County",4,77,156,74,82
050,28,145,"Mississippi","Union County",4,78,150,66,84
050,28,145,"Mississippi","Union County",4,79,159,64,95
050,28,145,"Mississippi","Union County",4,80,139,56,83
050,28,145,"Mississippi","Union County",4,81,116,46,70
050,28,145,"Mississippi","Union County",4,82,113,46,67
050,28,145,"Mississippi","Union County",4,83,103,39,64
050,28,145,"Mississippi","Union County",4,84,85,31,54
050,28,145,"Mississippi","Union County",4,85,482,161,321
050,28,145,"Mississippi","Union County",5,0,352,190,162
050,28,145,"Mississippi","Union County",5,1,358,202,156
050,28,145,"Mississippi","Union County",5,2,368,189,179
050,28,145,"Mississippi","Union County",5,3,345,173,172
050,28,145,"Mississippi","Union County",5,4,353,176,177
050,28,145,"Mississippi","Union County",5,5,389,199,190
050,28,145,"Mississippi","Union County",5,6,385,202,183
050,28,145,"Mississippi","Union County",5,7,425,225,200
050,28,145,"Mississippi","Union County",5,8,382,205,177
050,28,145,"Mississippi","Union County",5,9,393,197,196
050,28,145,"Mississippi","Union County",5,10,402,208,194
050,28,145,"Mississippi","Union County",5,11,385,193,192
050,28,145,"Mississippi","Union County",5,12,367,187,180
050,28,145,"Mississippi","Union County",5,13,414,197,217
050,28,145,"Mississippi","Union County",5,14,414,218,196
050,28,145,"Mississippi","Union County",5,15,449,226,223
050,28,145,"Mississippi","Union County",5,16,434,218,216
050,28,145,"Mississippi","Union County",5,17,430,220,210
050,28,145,"Mississippi","Union County",5,18,338,162,176
050,28,145,"Mississippi","Union County",5,19,280,148,132
050,28,145,"Mississippi","Union County",5,20,295,166,129
050,28,145,"Mississippi","Union County",5,21,312,152,160
050,28,145,"Mississippi","Union County",5,22,337,169,168
050,28,145,"Mississippi","Union County",5,23,386,192,194
050,28,145,"Mississippi","Union County",5,24,373,199,174
050,28,145,"Mississippi","Union County",5,25,353,180,173
050,28,145,"Mississippi","Union County",5,26,354,190,164
050,28,145,"Mississippi","Union County",5,27,352,176,176
050,28,145,"Mississippi","Union County",5,28,346,162,184
050,28,145,"Mississippi","Union County",5,29,369,179,190
050,28,145,"Mississippi","Union County",5,30,380,186,194
050,28,145,"Mississippi","Union County",5,31,394,204,190
050,28,145,"Mississippi","Union County",5,32,395,215,180
050,28,145,"Mississippi","Union County",5,33,386,197,189
050,28,145,"Mississippi","Union County",5,34,365,175,190
050,28,145,"Mississippi","Union County",5,35,346,172,174
050,28,145,"Mississippi","Union County",5,36,343,168,175
050,28,145,"Mississippi","Union County",5,37,368,176,192
050,28,145,"Mississippi","Union County",5,38,346,171,175
050,28,145,"Mississippi","Union County",5,39,314,164,150
050,28,145,"Mississippi","Union County",5,40,329,158,171
050,28,145,"Mississippi","Union County",5,41,330,159,171
050,28,145,"Mississippi","Union County",5,42,335,166,169
050,28,145,"Mississippi","Union County",5,43,355,189,166
050,28,145,"Mississippi","Union County",5,44,379,197,182
050,28,145,"Mississippi","Union County",5,45,351,170,181
050,28,145,"Mississippi","Union County",5,46,330,158,172
050,28,145,"Mississippi","Union County",5,47,338,162,176
050,28,145,"Mississippi","Union County",5,48,376,181,195
050,28,145,"Mississippi","Union County",5,49,345,163,182
050,28,145,"Mississippi","Union County",5,50,361,180,181
050,28,145,"Mississippi","Union County",5,51,355,175,180
050,28,145,"Mississippi","Union County",5,52,365,173,192
050,28,145,"Mississippi","Union County",5,53,371,178,193
050,28,145,"Mississippi","Union County",5,54,381,194,187
050,28,145,"Mississippi","Union County",5,55,372,195,177
050,28,145,"Mississippi","Union County",5,56,354,172,182
050,28,145,"Mississippi","Union County",5,57,339,161,178
050,28,145,"Mississippi","Union County",5,58,358,172,186
050,28,145,"Mississippi","Union County",5,59,353,177,176
050,28,145,"Mississippi","Union County",5,60,348,168,180
050,28,145,"Mississippi","Union County",5,61,347,179,168
050,28,145,"Mississippi","Union County",5,62,331,164,167
050,28,145,"Mississippi","Union County",5,63,328,161,167
050,28,145,"Mississippi","Union County",5,64,324,162,162
050,28,145,"Mississippi","Union County",5,65,303,159,144
050,28,145,"Mississippi","Union County",5,66,293,143,150
050,28,145,"Mississippi","Union County",5,67,282,134,148
050,28,145,"Mississippi","Union County",5,68,310,142,168
050,28,145,"Mississippi","Union County",5,69,269,133,136
050,28,145,"Mississippi","Union County",5,70,247,117,130
050,28,145,"Mississippi","Union County",5,71,243,110,133
050,28,145,"Mississippi","Union County",5,72,239,105,134
050,28,145,"Mississippi","Union County",5,73,238,111,127
050,28,145,"Mississippi","Union County",5,74,265,119,146
050,28,145,"Mississippi","Union County",5,75,255,113,142
050,28,145,"Mississippi","Union County",5,76,278,130,148
050,28,145,"Mississippi","Union County",5,77,180,87,93
050,28,145,"Mississippi","Union County",5,78,146,69,77
050,28,145,"Mississippi","Union County",5,79,136,56,80
050,28,145,"Mississippi","Union County",5,80,151,60,91
050,28,145,"Mississippi","Union County",5,81,125,46,79
050,28,145,"Mississippi","Union County",5,82,108,45,63
050,28,145,"Mississippi","Union County",5,83,107,44,63
050,28,145,"Mississippi","Union County",5,84,84,30,54
050,28,145,"Mississippi","Union County",5,85,493,162,331
050,28,147,"Mississippi","Walthall County",1,0,149,78,71
050,28,147,"Mississippi","Walthall County",1,1,164,77,87
050,28,147,"Mississippi","Walthall County",1,2,157,81,76
050,28,147,"Mississippi","Walthall County",1,3,158,66,92
050,28,147,"Mississippi","Walthall County",1,4,154,63,91
050,28,147,"Mississippi","Walthall County",1,5,173,78,95
050,28,147,"Mississippi","Walthall County",1,6,175,91,84
050,28,147,"Mississippi","Walthall County",1,7,151,84,67
050,28,147,"Mississippi","Walthall County",1,8,160,88,72
050,28,147,"Mississippi","Walthall County",1,9,189,91,98
050,28,147,"Mississippi","Walthall County",1,10,166,83,83
050,28,147,"Mississippi","Walthall County",1,11,187,91,96
050,28,147,"Mississippi","Walthall County",1,12,201,100,101
050,28,147,"Mississippi","Walthall County",1,13,219,114,105
050,28,147,"Mississippi","Walthall County",1,14,190,104,86
050,28,147,"Mississippi","Walthall County",1,15,181,92,89
050,28,147,"Mississippi","Walthall County",1,16,184,104,80
050,28,147,"Mississippi","Walthall County",1,17,197,96,101
050,28,147,"Mississippi","Walthall County",1,18,164,84,80
050,28,147,"Mississippi","Walthall County",1,19,146,77,69
050,28,147,"Mississippi","Walthall County",1,20,144,74,70
050,28,147,"Mississippi","Walthall County",1,21,158,75,83
050,28,147,"Mississippi","Walthall County",1,22,168,88,80
050,28,147,"Mississippi","Walthall County",1,23,170,88,82
050,28,147,"Mississippi","Walthall County",1,24,150,79,71
050,28,147,"Mississippi","Walthall County",1,25,170,90,80
050,28,147,"Mississippi","Walthall County",1,26,178,92,86
050,28,147,"Mississippi","Walthall County",1,27,176,92,84
050,28,147,"Mississippi","Walthall County",1,28,165,84,81
050,28,147,"Mississippi","Walthall County",1,29,160,85,75
050,28,147,"Mississippi","Walthall County",1,30,158,83,75
050,28,147,"Mississippi","Walthall County",1,31,154,75,79
050,28,147,"Mississippi","Walthall County",1,32,148,73,75
050,28,147,"Mississippi","Walthall County",1,33,147,76,71
050,28,147,"Mississippi","Walthall County",1,34,141,68,73
050,28,147,"Mississippi","Walthall County",1,35,140,72,68
050,28,147,"Mississippi","Walthall County",1,36,164,84,80
050,28,147,"Mississippi","Walthall County",1,37,148,74,74
050,28,147,"Mississippi","Walthall County",1,38,164,95,69
050,28,147,"Mississippi","Walthall County",1,39,184,97,87
050,28,147,"Mississippi","Walthall County",1,40,171,89,82
050,28,147,"Mississippi","Walthall County",1,41,185,82,103
050,28,147,"Mississippi","Walthall County",1,42,156,76,80
050,28,147,"Mississippi","Walthall County",1,43,167,83,84
050,28,147,"Mississippi","Walthall County",1,44,171,74,97
050,28,147,"Mississippi","Walthall County",1,45,160,76,84
050,28,147,"Mississippi","Walthall County",1,46,150,73,77
050,28,147,"Mississippi","Walthall County",1,47,159,77,82
050,28,147,"Mississippi","Walthall County",1,48,169,69,100
050,28,147,"Mississippi","Walthall County",1,49,186,80,106
050,28,147,"Mississippi","Walthall County",1,50,181,85,96
050,28,147,"Mississippi","Walthall County",1,51,192,93,99
050,28,147,"Mississippi","Walthall County",1,52,176,85,91
050,28,147,"Mississippi","Walthall County",1,53,151,72,79
050,28,147,"Mississippi","Walthall County",1,54,160,81,79
050,28,147,"Mississippi","Walthall County",1,55,177,88,89
050,28,147,"Mississippi","Walthall County",1,56,180,86,94
050,28,147,"Mississippi","Walthall County",1,57,201,97,104
050,28,147,"Mississippi","Walthall County",1,58,190,92,98
050,28,147,"Mississippi","Walthall County",1,59,202,107,95
050,28,147,"Mississippi","Walthall County",1,60,206,95,111
050,28,147,"Mississippi","Walthall County",1,61,190,89,101
050,28,147,"Mississippi","Walthall County",1,62,203,88,115
050,28,147,"Mississippi","Walthall County",1,63,179,86,93
050,28,147,"Mississippi","Walthall County",1,64,187,88,99
050,28,147,"Mississippi","Walthall County",1,65,215,117,98
050,28,147,"Mississippi","Walthall County",1,66,184,90,94
050,28,147,"Mississippi","Walthall County",1,67,168,87,81
050,28,147,"Mississippi","Walthall County",1,68,169,78,91
050,28,147,"Mississippi","Walthall County",1,69,186,79,107
050,28,147,"Mississippi","Walthall County",1,70,160,79,81
050,28,147,"Mississippi","Walthall County",1,71,159,77,82
050,28,147,"Mississippi","Walthall County",1,72,145,66,79
050,28,147,"Mississippi","Walthall County",1,73,143,66,77
050,28,147,"Mississippi","Walthall County",1,74,110,53,57
050,28,147,"Mississippi","Walthall County",1,75,94,39,55
050,28,147,"Mississippi","Walthall County",1,76,96,36,60
050,28,147,"Mississippi","Walthall County",1,77,107,49,58
050,28,147,"Mississippi","Walthall County",1,78,107,52,55
050,28,147,"Mississippi","Walthall County",1,79,87,36,51
050,28,147,"Mississippi","Walthall County",1,80,81,33,48
050,28,147,"Mississippi","Walthall County",1,81,77,29,48
050,28,147,"Mississippi","Walthall County",1,82,69,24,45
050,28,147,"Mississippi","Walthall County",1,83,59,23,36
050,28,147,"Mississippi","Walthall County",1,84,55,25,30
050,28,147,"Mississippi","Walthall County",1,85,312,107,205
050,28,147,"Mississippi","Walthall County",2,0,148,74,74
050,28,147,"Mississippi","Walthall County",2,1,161,77,84
050,28,147,"Mississippi","Walthall County",2,2,160,81,79
050,28,147,"Mississippi","Walthall County",2,3,156,69,87
050,28,147,"Mississippi","Walthall County",2,4,157,65,92
050,28,147,"Mississippi","Walthall County",2,5,171,76,95
050,28,147,"Mississippi","Walthall County",2,6,177,90,87
050,28,147,"Mississippi","Walthall County",2,7,157,86,71
050,28,147,"Mississippi","Walthall County",2,8,157,87,70
050,28,147,"Mississippi","Walthall County",2,9,181,89,92
050,28,147,"Mississippi","Walthall County",2,10,171,84,87
050,28,147,"Mississippi","Walthall County",2,11,181,88,93
050,28,147,"Mississippi","Walthall County",2,12,199,98,101
050,28,147,"Mississippi","Walthall County",2,13,216,112,104
050,28,147,"Mississippi","Walthall County",2,14,196,106,90
050,28,147,"Mississippi","Walthall County",2,15,182,94,88
050,28,147,"Mississippi","Walthall County",2,16,185,102,83
050,28,147,"Mississippi","Walthall County",2,17,194,97,97
050,28,147,"Mississippi","Walthall County",2,18,165,83,82
050,28,147,"Mississippi","Walthall County",2,19,145,76,69
050,28,147,"Mississippi","Walthall County",2,20,146,75,71
050,28,147,"Mississippi","Walthall County",2,21,154,75,79
050,28,147,"Mississippi","Walthall County",2,22,165,84,81
050,28,147,"Mississippi","Walthall County",2,23,169,89,80
050,28,147,"Mississippi","Walthall County",2,24,154,81,73
050,28,147,"Mississippi","Walthall County",2,25,167,88,79
050,28,147,"Mississippi","Walthall County",2,26,176,92,84
050,28,147,"Mississippi","Walthall County",2,27,178,93,85
050,28,147,"Mississippi","Walthall County",2,28,165,85,80
050,28,147,"Mississippi","Walthall County",2,29,161,84,77
050,28,147,"Mississippi","Walthall County",2,30,160,84,76
050,28,147,"Mississippi","Walthall County",2,31,152,75,77
050,28,147,"Mississippi","Walthall County",2,32,151,73,78
050,28,147,"Mississippi","Walthall County",2,33,146,75,71
050,28,147,"Mississippi","Walthall County",2,34,140,69,71
050,28,147,"Mississippi","Walthall County",2,35,140,70,70
050,28,147,"Mississippi","Walthall County",2,36,158,80,78
050,28,147,"Mississippi","Walthall County",2,37,152,77,75
050,28,147,"Mississippi","Walthall County",2,38,158,89,69
050,28,147,"Mississippi","Walthall County",2,39,178,95,83
050,28,147,"Mississippi","Walthall County",2,40,176,91,85
050,28,147,"Mississippi","Walthall County",2,41,182,83,99
050,28,147,"Mississippi","Walthall County",2,42,163,78,85
050,28,147,"Mississippi","Walthall County",2,43,164,81,83
050,28,147,"Mississippi","Walthall County",2,44,168,75,93
050,28,147,"Mississippi","Walthall County",2,45,162,76,86
050,28,147,"Mississippi","Walthall County",2,46,150,72,78
050,28,147,"Mississippi","Walthall County",2,47,158,77,81
050,28,147,"Mississippi","Walthall County",2,48,169,72,97
050,28,147,"Mississippi","Walthall County",2,49,183,79,104
050,28,147,"Mississippi","Walthall County",2,50,182,83,99
050,28,147,"Mississippi","Walthall County",2,51,189,90,99
050,28,147,"Mississippi","Walthall County",2,52,181,87,94
050,28,147,"Mississippi","Walthall County",2,53,156,75,81
050,28,147,"Mississippi","Walthall County",2,54,158,79,79
050,28,147,"Mississippi","Walthall County",2,55,173,87,86
050,28,147,"Mississippi","Walthall County",2,56,180,86,94
050,28,147,"Mississippi","Walthall County",2,57,197,95,102
050,28,147,"Mississippi","Walthall County",2,58,194,94,100
050,28,147,"Mississippi","Walthall County",2,59,201,105,96
050,28,147,"Mississippi","Walthall County",2,60,204,97,107
050,28,147,"Mississippi","Walthall County",2,61,196,91,105
050,28,147,"Mississippi","Walthall County",2,62,193,86,107
050,28,147,"Mississippi","Walthall County",2,63,186,87,99
050,28,147,"Mississippi","Walthall County",2,64,184,88,96
050,28,147,"Mississippi","Walthall County",2,65,208,109,99
050,28,147,"Mississippi","Walthall County",2,66,191,97,94
050,28,147,"Mississippi","Walthall County",2,67,172,87,85
050,28,147,"Mississippi","Walthall County",2,68,167,78,89
050,28,147,"Mississippi","Walthall County",2,69,183,80,103
050,28,147,"Mississippi","Walthall County",2,70,166,80,86
050,28,147,"Mississippi","Walthall County",2,71,159,76,83
050,28,147,"Mississippi","Walthall County",2,72,147,68,79
050,28,147,"Mississippi","Walthall County",2,73,149,69,80
050,28,147,"Mississippi","Walthall County",2,74,111,52,59
050,28,147,"Mississippi","Walthall County",2,75,98,42,56
050,28,147,"Mississippi","Walthall County",2,76,93,35,58
050,28,147,"Mississippi","Walthall County",2,77,106,47,59
050,28,147,"Mississippi","Walthall County",2,78,104,50,54
050,28,147,"Mississippi","Walthall County",2,79,91,38,53
050,28,147,"Mississippi","Walthall County",2,80,80,32,48
050,28,147,"Mississippi","Walthall County",2,81,74,28,46
050,28,147,"Mississippi","Walthall County",2,82,69,21,48
050,28,147,"Mississippi","Walthall County",2,83,59,22,37
050,28,147,"Mississippi","Walthall County",2,84,56,25,31
050,28,147,"Mississippi","Walthall County",2,85,310,106,204
050,28,147,"Mississippi","Walthall County",3,0,164,87,77
050,28,147,"Mississippi","Walthall County",3,1,147,74,73
050,28,147,"Mississippi","Walthall County",3,2,161,81,80
050,28,147,"Mississippi","Walthall County",3,3,167,89,78
050,28,147,"Mississippi","Walthall County",3,4,150,66,84
050,28,147,"Mississippi","Walthall County",3,5,157,67,90
050,28,147,"Mississippi","Walthall County",3,6,166,73,93
050,28,147,"Mississippi","Walthall County",3,7,166,86,80
050,28,147,"Mississippi","Walthall County",3,8,160,85,75
050,28,147,"Mississippi","Walthall County",3,9,145,77,68
050,28,147,"Mississippi","Walthall County",3,10,183,86,97
050,28,147,"Mississippi","Walthall County",3,11,174,83,91
050,28,147,"Mississippi","Walthall County",3,12,175,80,95
050,28,147,"Mississippi","Walthall County",3,13,194,99,95
050,28,147,"Mississippi","Walthall County",3,14,213,108,105
050,28,147,"Mississippi","Walthall County",3,15,209,114,95
050,28,147,"Mississippi","Walthall County",3,16,185,89,96
050,28,147,"Mississippi","Walthall County",3,17,191,104,87
050,28,147,"Mississippi","Walthall County",3,18,162,87,75
050,28,147,"Mississippi","Walthall County",3,19,145,73,72
050,28,147,"Mississippi","Walthall County",3,20,151,82,69
050,28,147,"Mississippi","Walthall County",3,21,147,70,77
050,28,147,"Mississippi","Walthall County",3,22,158,83,75
050,28,147,"Mississippi","Walthall County",3,23,163,82,81
050,28,147,"Mississippi","Walthall County",3,24,172,97,75
050,28,147,"Mississippi","Walthall County",3,25,153,79,74
050,28,147,"Mississippi","Walthall County",3,26,154,78,76
050,28,147,"Mississippi","Walthall County",3,27,172,98,74
050,28,147,"Mississippi","Walthall County",3,28,186,94,92
050,28,147,"Mississippi","Walthall County",3,29,169,87,82
050,28,147,"Mississippi","Walthall County",3,30,163,83,80
050,28,147,"Mississippi","Walthall County",3,31,156,80,76
050,28,147,"Mississippi","Walthall County",3,32,156,76,80
050,28,147,"Mississippi","Walthall County",3,33,159,76,83
050,28,147,"Mississippi","Walthall County",3,34,138,70,68
050,28,147,"Mississippi","Walthall County",3,35,137,71,66
050,28,147,"Mississippi","Walthall County",3,36,133,67,66
050,28,147,"Mississippi","Walthall County",3,37,157,88,69
050,28,147,"Mississippi","Walthall County",3,38,157,80,77
050,28,147,"Mississippi","Walthall County",3,39,163,89,74
050,28,147,"Mississippi","Walthall County",3,40,171,92,79
050,28,147,"Mississippi","Walthall County",3,41,175,92,83
050,28,147,"Mississippi","Walthall County",3,42,179,81,98
050,28,147,"Mississippi","Walthall County",3,43,170,83,87
050,28,147,"Mississippi","Walthall County",3,44,170,79,91
050,28,147,"Mississippi","Walthall County",3,45,170,75,95
050,28,147,"Mississippi","Walthall County",3,46,167,80,87
050,28,147,"Mississippi","Walthall County",3,47,152,74,78
050,28,147,"Mississippi","Walthall County",3,48,162,82,80
050,28,147,"Mississippi","Walthall County",3,49,158,68,90
050,28,147,"Mississippi","Walthall County",3,50,186,79,107
050,28,147,"Mississippi","Walthall County",3,51,179,79,100
050,28,147,"Mississippi","Walthall County",3,52,187,90,97
050,28,147,"Mississippi","Walthall County",3,53,183,88,95
050,28,147,"Mississippi","Walthall County",3,54,157,75,82
050,28,147,"Mississippi","Walthall County",3,55,158,81,77
050,28,147,"Mississippi","Walthall County",3,56,174,88,86
050,28,147,"Mississippi","Walthall County",3,57,181,87,94
050,28,147,"Mississippi","Walthall County",3,58,200,94,106
050,28,147,"Mississippi","Walthall County",3,59,188,91,97
050,28,147,"Mississippi","Walthall County",3,60,195,97,98
050,28,147,"Mississippi","Walthall County",3,61,211,102,109
050,28,147,"Mississippi","Walthall County",3,62,195,91,104
050,28,147,"Mississippi","Walthall County",3,63,196,88,108
050,28,147,"Mississippi","Walthall County",3,64,189,91,98
050,28,147,"Mississippi","Walthall County",3,65,183,85,98
050,28,147,"Mississippi","Walthall County",3,66,210,106,104
050,28,147,"Mississippi","Walthall County",3,67,191,96,95
050,28,147,"Mississippi","Walthall County",3,68,168,84,84
050,28,147,"Mississippi","Walthall County",3,69,164,74,90
050,28,147,"Mississippi","Walthall County",3,70,182,81,101
050,28,147,"Mississippi","Walthall County",3,71,160,77,83
050,28,147,"Mississippi","Walthall County",3,72,154,73,81
050,28,147,"Mississippi","Walthall County",3,73,147,68,79
050,28,147,"Mississippi","Walthall County",3,74,135,63,72
050,28,147,"Mississippi","Walthall County",3,75,109,52,57
050,28,147,"Mississippi","Walthall County",3,76,86,37,49
050,28,147,"Mississippi","Walthall County",3,77,84,32,52
050,28,147,"Mississippi","Walthall County",3,78,99,44,55
050,28,147,"Mississippi","Walthall County",3,79,97,44,53
050,28,147,"Mississippi","Walthall County",3,80,77,31,46
050,28,147,"Mississippi","Walthall County",3,81,73,28,45
050,28,147,"Mississippi","Walthall County",3,82,71,24,47
050,28,147,"Mississippi","Walthall County",3,83,59,18,41
050,28,147,"Mississippi","Walthall County",3,84,55,24,31
050,28,147,"Mississippi","Walthall County",3,85,315,112,203
050,28,147,"Mississippi","Walthall County",4,0,174,94,80
050,28,147,"Mississippi","Walthall County",4,1,172,91,81
050,28,147,"Mississippi","Walthall County",4,2,148,73,75
050,28,147,"Mississippi","Walthall County",4,3,162,81,81
050,28,147,"Mississippi","Walthall County",4,4,166,90,76
050,28,147,"Mississippi","Walthall County",4,5,158,73,85
050,28,147,"Mississippi","Walthall County",4,6,161,71,90
050,28,147,"Mississippi","Walthall County",4,7,166,71,95
050,28,147,"Mississippi","Walthall County",4,8,181,91,90
050,28,147,"Mississippi","Walthall County",4,9,156,88,68
050,28,147,"Mississippi","Walthall County",4,10,154,80,74
050,28,147,"Mississippi","Walthall County",4,11,183,86,97
050,28,147,"Mississippi","Walthall County",4,12,179,85,94
050,28,147,"Mississippi","Walthall County",4,13,174,77,97
050,28,147,"Mississippi","Walthall County",4,14,196,100,96
050,28,147,"Mississippi","Walthall County",4,15,212,111,101
050,28,147,"Mississippi","Walthall County",4,16,203,109,94
050,28,147,"Mississippi","Walthall County",4,17,183,85,98
050,28,147,"Mississippi","Walthall County",4,18,160,90,70
050,28,147,"Mississippi","Walthall County",4,19,134,72,62
050,28,147,"Mississippi","Walthall County",4,20,145,70,75
050,28,147,"Mississippi","Walthall County",4,21,151,82,69
050,28,147,"Mississippi","Walthall County",4,22,152,71,81
050,28,147,"Mississippi","Walthall County",4,23,150,79,71
050,28,147,"Mississippi","Walthall County",4,24,169,84,85
050,28,147,"Mississippi","Walthall County",4,25,159,87,72
050,28,147,"Mississippi","Walthall County",4,26,147,76,71
050,28,147,"Mississippi","Walthall County",4,27,140,72,68
050,28,147,"Mississippi","Walthall County",4,28,164,89,75
050,28,147,"Mississippi","Walthall County",4,29,185,95,90
050,28,147,"Mississippi","Walthall County",4,30,163,84,79
050,28,147,"Mississippi","Walthall County",4,31,159,84,75
050,28,147,"Mississippi","Walthall County",4,32,157,78,79
050,28,147,"Mississippi","Walthall County",4,33,151,73,78
050,28,147,"Mississippi","Walthall County",4,34,165,79,86
050,28,147,"Mississippi","Walthall County",4,35,135,70,65
050,28,147,"Mississippi","Walthall County",4,36,147,69,78
050,28,147,"Mississippi","Walthall County",4,37,136,69,67
050,28,147,"Mississippi","Walthall County",4,38,167,87,80
050,28,147,"Mississippi","Walthall County",4,39,160,84,76
050,28,147,"Mississippi","Walthall County",4,40,159,85,74
050,28,147,"Mississippi","Walthall County",4,41,173,95,78
050,28,147,"Mississippi","Walthall County",4,42,166,88,78
050,28,147,"Mississippi","Walthall County",4,43,181,79,102
050,28,147,"Mississippi","Walthall County",4,44,172,85,87
050,28,147,"Mississippi","Walthall County",4,45,176,78,98
050,28,147,"Mississippi","Walthall County",4,46,174,79,95
050,28,147,"Mississippi","Walthall County",4,47,175,87,88
050,28,147,"Mississippi","Walthall County",4,48,150,76,74
050,28,147,"Mississippi","Walthall County",4,49,165,83,82
050,28,147,"Mississippi","Walthall County",4,50,157,68,89
050,28,147,"Mississippi","Walthall County",4,51,191,85,106
050,28,147,"Mississippi","Walthall County",4,52,187,90,97
050,28,147,"Mississippi","Walthall County",4,53,190,94,96
050,28,147,"Mississippi","Walthall County",4,54,186,87,99
050,28,147,"Mississippi","Walthall County",4,55,159,73,86
050,28,147,"Mississippi","Walthall County",4,56,152,79,73
050,28,147,"Mississippi","Walthall County",4,57,167,88,79
050,28,147,"Mississippi","Walthall County",4,58,183,83,100
050,28,147,"Mississippi","Walthall County",4,59,208,102,106
050,28,147,"Mississippi","Walthall County",4,60,191,86,105
050,28,147,"Mississippi","Walthall County",4,61,195,99,96
050,28,147,"Mississippi","Walthall County",4,62,203,93,110
050,28,147,"Mississippi","Walthall County",4,63,184,82,102
050,28,147,"Mississippi","Walthall County",4,64,196,88,108
050,28,147,"Mississippi","Walthall County",4,65,198,95,103
050,28,147,"Mississippi","Walthall County",4,66,179,83,96
050,28,147,"Mississippi","Walthall County",4,67,207,107,100
050,28,147,"Mississippi","Walthall County",4,68,190,94,96
050,28,147,"Mississippi","Walthall County",4,69,164,82,82
050,28,147,"Mississippi","Walthall County",4,70,157,75,82
050,28,147,"Mississippi","Walthall County",4,71,178,77,101
050,28,147,"Mississippi","Walthall County",4,72,155,75,80
050,28,147,"Mississippi","Walthall County",4,73,146,69,77
050,28,147,"Mississippi","Walthall County",4,74,143,64,79
050,28,147,"Mississippi","Walthall County",4,75,130,61,69
050,28,147,"Mississippi","Walthall County",4,76,100,47,53
050,28,147,"Mississippi","Walthall County",4,77,79,32,47
050,28,147,"Mississippi","Walthall County",4,78,77,32,45
050,28,147,"Mississippi","Walthall County",4,79,86,37,49
050,28,147,"Mississippi","Walthall County",4,80,88,42,46
050,28,147,"Mississippi","Walthall County",4,81,65,25,40
050,28,147,"Mississippi","Walthall County",4,82,71,25,46
050,28,147,"Mississippi","Walthall County",4,83,64,23,41
050,28,147,"Mississippi","Walthall County",4,84,56,19,37
050,28,147,"Mississippi","Walthall County",4,85,327,122,205
050,28,147,"Mississippi","Walthall County",5,0,177,95,82
050,28,147,"Mississippi","Walthall County",5,1,173,93,80
050,28,147,"Mississippi","Walthall County",5,2,169,81,88
050,28,147,"Mississippi","Walthall County",5,3,152,78,74
050,28,147,"Mississippi","Walthall County",5,4,160,79,81
050,28,147,"Mississippi","Walthall County",5,5,176,98,78
050,28,147,"Mississippi","Walthall County",5,6,159,73,86
050,28,147,"Mississippi","Walthall County",5,7,158,68,90
050,28,147,"Mississippi","Walthall County",5,8,162,76,86
050,28,147,"Mississippi","Walthall County",5,9,178,88,90
050,28,147,"Mississippi","Walthall County",5,10,164,85,79
050,28,147,"Mississippi","Walthall County",5,11,169,87,82
050,28,147,"Mississippi","Walthall County",5,12,183,86,97
050,28,147,"Mississippi","Walthall County",5,13,171,80,91
050,28,147,"Mississippi","Walthall County",5,14,174,77,97
050,28,147,"Mississippi","Walthall County",5,15,195,99,96
050,28,147,"Mississippi","Walthall County",5,16,219,114,105
050,28,147,"Mississippi","Walthall County",5,17,194,102,92
050,28,147,"Mississippi","Walthall County",5,18,164,81,83
050,28,147,"Mississippi","Walthall County",5,19,135,75,60
050,28,147,"Mississippi","Walthall County",5,20,138,71,67
050,28,147,"Mississippi","Walthall County",5,21,151,72,79
050,28,147,"Mississippi","Walthall County",5,22,157,80,77
050,28,147,"Mississippi","Walthall County",5,23,155,71,84
050,28,147,"Mississippi","Walthall County",5,24,149,78,71
050,28,147,"Mississippi","Walthall County",5,25,168,90,78
050,28,147,"Mississippi","Walthall County",5,26,165,89,76
050,28,147,"Mississippi","Walthall County",5,27,144,77,67
050,28,147,"Mississippi","Walthall County",5,28,146,69,77
050,28,147,"Mississippi","Walthall County",5,29,157,89,68
050,28,147,"Mississippi","Walthall County",5,30,185,100,85
050,28,147,"Mississippi","Walthall County",5,31,163,84,79
050,28,147,"Mississippi","Walthall County",5,32,159,83,76
050,28,147,"Mississippi","Walthall County",5,33,161,84,77
050,28,147,"Mississippi","Walthall County",5,34,162,80,82
050,28,147,"Mississippi","Walthall County",5,35,164,73,91
050,28,147,"Mississippi","Walthall County",5,36,133,70,63
050,28,147,"Mississippi","Walthall County",5,37,144,72,72
050,28,147,"Mississippi","Walthall County",5,38,145,70,75
050,28,147,"Mississippi","Walthall County",5,39,166,90,76
050,28,147,"Mississippi","Walthall County",5,40,159,81,78
050,28,147,"Mississippi","Walthall County",5,41,168,93,75
050,28,147,"Mississippi","Walthall County",5,42,171,93,78
050,28,147,"Mississippi","Walthall County",5,43,167,93,74
050,28,147,"Mississippi","Walthall County",5,44,192,81,111
050,28,147,"Mississippi","Walthall County",5,45,169,84,85
050,28,147,"Mississippi","Walthall County",5,46,172,77,95
050,28,147,"Mississippi","Walthall County",5,47,181,78,103
050,28,147,"Mississippi","Walthall County",5,48,175,90,85
050,28,147,"Mississippi","Walthall County",5,49,158,79,79
050,28,147,"Mississippi","Walthall County",5,50,162,80,82
050,28,147,"Mississippi","Walthall County",5,51,157,70,87
050,28,147,"Mississippi","Walthall County",5,52,191,92,99
050,28,147,"Mississippi","Walthall County",5,53,186,90,96
050,28,147,"Mississippi","Walthall County",5,54,175,82,93
050,28,147,"Mississippi","Walthall County",5,55,181,84,97
050,28,147,"Mississippi","Walthall County",5,56,151,74,77
050,28,147,"Mississippi","Walthall County",5,57,154,83,71
050,28,147,"Mississippi","Walthall County",5,58,174,87,87
050,28,147,"Mississippi","Walthall County",5,59,185,87,98
050,28,147,"Mississippi","Walthall County",5,60,203,98,105
050,28,147,"Mississippi","Walthall County",5,61,182,82,100
050,28,147,"Mississippi","Walthall County",5,62,193,97,96
050,28,147,"Mississippi","Walthall County",5,63,204,93,111
050,28,147,"Mississippi","Walthall County",5,64,192,89,103
050,28,147,"Mississippi","Walthall County",5,65,195,85,110
050,28,147,"Mississippi","Walthall County",5,66,194,91,103
050,28,147,"Mississippi","Walthall County",5,67,179,81,98
050,28,147,"Mississippi","Walthall County",5,68,198,102,96
050,28,147,"Mississippi","Walthall County",5,69,187,94,93
050,28,147,"Mississippi","Walthall County",5,70,159,82,77
050,28,147,"Mississippi","Walthall County",5,71,154,73,81
050,28,147,"Mississippi","Walthall County",5,72,172,75,97
050,28,147,"Mississippi","Walthall County",5,73,149,72,77
050,28,147,"Mississippi","Walthall County",5,74,144,63,81
050,28,147,"Mississippi","Walthall County",5,75,140,61,79
050,28,147,"Mississippi","Walthall County",5,76,124,57,67
050,28,147,"Mississippi","Walthall County",5,77,91,41,50
050,28,147,"Mississippi","Walthall County",5,78,69,29,40
050,28,147,"Mississippi","Walthall County",5,79,71,30,41
050,28,147,"Mississippi","Walthall County",5,80,79,35,44
050,28,147,"Mississippi","Walthall County",5,81,80,38,42
050,28,147,"Mississippi","Walthall County",5,82,64,21,43
050,28,147,"Mississippi","Walthall County",5,83,65,23,42
050,28,147,"Mississippi","Walthall County",5,84,61,23,38
050,28,147,"Mississippi","Walthall County",5,85,342,128,214
050,28,149,"Mississippi","Warren County",1,0,553,285,268
050,28,149,"Mississippi","Warren County",1,1,575,294,281
050,28,149,"Mississippi","Warren County",1,2,546,278,268
050,28,149,"Mississippi","Warren County",1,3,546,280,266
050,28,149,"Mississippi","Warren County",1,4,634,343,291
050,28,149,"Mississippi","Warren County",1,5,620,322,298
050,28,149,"Mississippi","Warren County",1,6,544,285,259
050,28,149,"Mississippi","Warren County",1,7,567,283,284
050,28,149,"Mississippi","Warren County",1,8,540,268,272
050,28,149,"Mississippi","Warren County",1,9,550,269,281
050,28,149,"Mississippi","Warren County",1,10,625,305,320
050,28,149,"Mississippi","Warren County",1,11,609,306,303
050,28,149,"Mississippi","Warren County",1,12,640,347,293
050,28,149,"Mississippi","Warren County",1,13,666,344,322
050,28,149,"Mississippi","Warren County",1,14,641,334,307
050,28,149,"Mississippi","Warren County",1,15,623,324,299
050,28,149,"Mississippi","Warren County",1,16,616,307,309
050,28,149,"Mississippi","Warren County",1,17,632,317,315
050,28,149,"Mississippi","Warren County",1,18,547,293,254
050,28,149,"Mississippi","Warren County",1,19,467,242,225
050,28,149,"Mississippi","Warren County",1,20,476,234,242
050,28,149,"Mississippi","Warren County",1,21,468,222,246
050,28,149,"Mississippi","Warren County",1,22,491,236,255
050,28,149,"Mississippi","Warren County",1,23,549,268,281
050,28,149,"Mississippi","Warren County",1,24,580,276,304
050,28,149,"Mississippi","Warren County",1,25,523,251,272
050,28,149,"Mississippi","Warren County",1,26,562,269,293
050,28,149,"Mississippi","Warren County",1,27,548,261,287
050,28,149,"Mississippi","Warren County",1,28,591,256,335
050,28,149,"Mississippi","Warren County",1,29,556,255,301
050,28,149,"Mississippi","Warren County",1,30,572,278,294
050,28,149,"Mississippi","Warren County",1,31,499,242,257
050,28,149,"Mississippi","Warren County",1,32,484,230,254
050,28,149,"Mississippi","Warren County",1,33,495,226,269
050,28,149,"Mississippi","Warren County",1,34,546,264,282
050,28,149,"Mississippi","Warren County",1,35,531,250,281
050,28,149,"Mississippi","Warren County",1,36,579,281,298
050,28,149,"Mississippi","Warren County",1,37,581,282,299
050,28,149,"Mississippi","Warren County",1,38,566,269,297
050,28,149,"Mississippi","Warren County",1,39,567,266,301
050,28,149,"Mississippi","Warren County",1,40,558,263,295
050,28,149,"Mississippi","Warren County",1,41,551,277,274
050,28,149,"Mississippi","Warren County",1,42,566,292,274
050,28,149,"Mississippi","Warren County",1,43,549,275,274
050,28,149,"Mississippi","Warren County",1,44,535,255,280
050,28,149,"Mississippi","Warren County",1,45,532,243,289
050,28,149,"Mississippi","Warren County",1,46,510,232,278
050,28,149,"Mississippi","Warren County",1,47,525,249,276
050,28,149,"Mississippi","Warren County",1,48,563,265,298
050,28,149,"Mississippi","Warren County",1,49,575,267,308
050,28,149,"Mississippi","Warren County",1,50,552,262,290
050,28,149,"Mississippi","Warren County",1,51,511,244,267
050,28,149,"Mississippi","Warren County",1,52,502,224,278
050,28,149,"Mississippi","Warren County",1,53,495,236,259
050,28,149,"Mississippi","Warren County",1,54,577,275,302
050,28,149,"Mississippi","Warren County",1,55,628,306,322
050,28,149,"Mississippi","Warren County",1,56,624,282,342
050,28,149,"Mississippi","Warren County",1,57,635,298,337
050,28,149,"Mississippi","Warren County",1,58,633,313,320
050,28,149,"Mississippi","Warren County",1,59,655,330,325
050,28,149,"Mississippi","Warren County",1,60,666,320,346
050,28,149,"Mississippi","Warren County",1,61,627,289,338
050,28,149,"Mississippi","Warren County",1,62,601,290,311
050,28,149,"Mississippi","Warren County",1,63,642,309,333
050,28,149,"Mississippi","Warren County",1,64,635,291,344
050,28,149,"Mississippi","Warren County",1,65,623,283,340
050,28,149,"Mississippi","Warren County",1,66,561,274,287
050,28,149,"Mississippi","Warren County",1,67,527,268,259
050,28,149,"Mississippi","Warren County",1,68,508,246,262
050,28,149,"Mississippi","Warren County",1,69,503,247,256
050,28,149,"Mississippi","Warren County",1,70,482,246,236
050,28,149,"Mississippi","Warren County",1,71,438,197,241
050,28,149,"Mississippi","Warren County",1,72,431,187,244
050,28,149,"Mississippi","Warren County",1,73,439,197,242
050,28,149,"Mississippi","Warren County",1,74,314,140,174
050,28,149,"Mississippi","Warren County",1,75,297,123,174
050,28,149,"Mississippi","Warren County",1,76,273,116,157
050,28,149,"Mississippi","Warren County",1,77,283,119,164
050,28,149,"Mississippi","Warren County",1,78,253,118,135
050,28,149,"Mississippi","Warren County",1,79,237,101,136
050,28,149,"Mississippi","Warren County",1,80,218,83,135
050,28,149,"Mississippi","Warren County",1,81,188,76,112
050,28,149,"Mississippi","Warren County",1,82,166,65,101
050,28,149,"Mississippi","Warren County",1,83,154,74,80
050,28,149,"Mississippi","Warren County",1,84,140,55,85
050,28,149,"Mississippi","Warren County",1,85,728,227,501
050,28,149,"Mississippi","Warren County",2,0,536,270,266
050,28,149,"Mississippi","Warren County",2,1,566,291,275
050,28,149,"Mississippi","Warren County",2,2,554,281,273
050,28,149,"Mississippi","Warren County",2,3,549,281,268
050,28,149,"Mississippi","Warren County",2,4,615,327,288
050,28,149,"Mississippi","Warren County",2,5,619,324,295
050,28,149,"Mississippi","Warren County",2,6,559,292,267
050,28,149,"Mississippi","Warren County",2,7,561,284,277
050,28,149,"Mississippi","Warren County",2,8,544,268,276
050,28,149,"Mississippi","Warren County",2,9,549,269,280
050,28,149,"Mississippi","Warren County",2,10,604,297,307
050,28,149,"Mississippi","Warren County",2,11,608,304,304
050,28,149,"Mississippi","Warren County",2,12,637,339,298
050,28,149,"Mississippi","Warren County",2,13,657,345,312
050,28,149,"Mississippi","Warren County",2,14,643,336,307
050,28,149,"Mississippi","Warren County",2,15,626,324,302
050,28,149,"Mississippi","Warren County",2,16,618,312,306
050,28,149,"Mississippi","Warren County",2,17,624,314,310
050,28,149,"Mississippi","Warren County",2,18,541,287,254
050,28,149,"Mississippi","Warren County",2,19,465,244,221
050,28,149,"Mississippi","Warren County",2,20,478,237,241
050,28,149,"Mississippi","Warren County",2,21,469,225,244
050,28,149,"Mississippi","Warren County",2,22,488,232,256
050,28,149,"Mississippi","Warren County",2,23,537,262,275
050,28,149,"Mississippi","Warren County",2,24,563,270,293
050,28,149,"Mississippi","Warren County",2,25,532,255,277
050,28,149,"Mississippi","Warren County",2,26,549,264,285
050,28,149,"Mississippi","Warren County",2,27,548,257,291
050,28,149,"Mississippi","Warren County",2,28,575,254,321
050,28,149,"Mississippi","Warren County",2,29,562,253,309
050,28,149,"Mississippi","Warren County",2,30,568,272,296
050,28,149,"Mississippi","Warren County",2,31,515,250,265
050,28,149,"Mississippi","Warren County",2,32,482,229,253
050,28,149,"Mississippi","Warren County",2,33,491,229,262
050,28,149,"Mississippi","Warren County",2,34,531,253,278
050,28,149,"Mississippi","Warren County",2,35,541,256,285
050,28,149,"Mississippi","Warren County",2,36,565,272,293
050,28,149,"Mississippi","Warren County",2,37,577,279,298
050,28,149,"Mississippi","Warren County",2,38,574,274,300
050,28,149,"Mississippi","Warren County",2,39,564,266,298
050,28,149,"Mississippi","Warren County",2,40,562,266,296
050,28,149,"Mississippi","Warren County",2,41,549,270,279
050,28,149,"Mississippi","Warren County",2,42,557,285,272
050,28,149,"Mississippi","Warren County",2,43,556,280,276
050,28,149,"Mississippi","Warren County",2,44,531,256,275
050,28,149,"Mississippi","Warren County",2,45,532,246,286
050,28,149,"Mississippi","Warren County",2,46,509,234,275
050,28,149,"Mississippi","Warren County",2,47,519,243,276
050,28,149,"Mississippi","Warren County",2,48,551,260,291
050,28,149,"Mississippi","Warren County",2,49,570,265,305
050,28,149,"Mississippi","Warren County",2,50,554,263,291
050,28,149,"Mississippi","Warren County",2,51,514,244,270
050,28,149,"Mississippi","Warren County",2,52,499,228,271
050,28,149,"Mississippi","Warren County",2,53,496,233,263
050,28,149,"Mississippi","Warren County",2,54,552,262,290
050,28,149,"Mississippi","Warren County",2,55,611,296,315
050,28,149,"Mississippi","Warren County",2,56,626,287,339
050,28,149,"Mississippi","Warren County",2,57,629,293,336
050,28,149,"Mississippi","Warren County",2,58,634,309,325
050,28,149,"Mississippi","Warren County",2,59,646,324,322
050,28,149,"Mississippi","Warren County",2,60,662,322,340
050,28,149,"Mississippi","Warren County",2,61,631,295,336
050,28,149,"Mississippi","Warren County",2,62,600,285,315
050,28,149,"Mississippi","Warren County",2,63,631,303,328
050,28,149,"Mississippi","Warren County",2,64,628,291,337
050,28,149,"Mississippi","Warren County",2,65,627,286,341
050,28,149,"Mississippi","Warren County",2,66,578,276,302
050,28,149,"Mississippi","Warren County",2,67,530,265,265
050,28,149,"Mississippi","Warren County",2,68,502,244,258
050,28,149,"Mississippi","Warren County",2,69,503,246,257
050,28,149,"Mississippi","Warren County",2,70,481,242,239
050,28,149,"Mississippi","Warren County",2,71,443,206,237
050,28,149,"Mississippi","Warren County",2,72,427,186,241
050,28,149,"Mississippi","Warren County",2,73,451,199,252
050,28,149,"Mississippi","Warren County",2,74,320,141,179
050,28,149,"Mississippi","Warren County",2,75,300,127,173
050,28,149,"Mississippi","Warren County",2,76,273,115,158
050,28,149,"Mississippi","Warren County",2,77,282,120,162
050,28,149,"Mississippi","Warren County",2,78,252,115,137
050,28,149,"Mississippi","Warren County",2,79,234,99,135
050,28,149,"Mississippi","Warren County",2,80,221,86,135
050,28,149,"Mississippi","Warren County",2,81,196,80,116
050,28,149,"Mississippi","Warren County",2,82,167,65,102
050,28,149,"Mississippi","Warren County",2,83,154,71,83
050,28,149,"Mississippi","Warren County",2,84,139,58,81
050,28,149,"Mississippi","Warren County",2,85,731,229,502
050,28,149,"Mississippi","Warren County",3,0,481,249,232
050,28,149,"Mississippi","Warren County",3,1,511,276,235
050,28,149,"Mississippi","Warren County",3,2,557,280,277
050,28,149,"Mississippi","Warren County",3,3,520,260,260
050,28,149,"Mississippi","Warren County",3,4,536,285,251
050,28,149,"Mississippi","Warren County",3,5,592,315,277
050,28,149,"Mississippi","Warren County",3,6,594,321,273
050,28,149,"Mississippi","Warren County",3,7,556,292,264
050,28,149,"Mississippi","Warren County",3,8,554,278,276
050,28,149,"Mississippi","Warren County",3,9,542,273,269
050,28,149,"Mississippi","Warren County",3,10,524,250,274
050,28,149,"Mississippi","Warren County",3,11,593,299,294
050,28,149,"Mississippi","Warren County",3,12,587,296,291
050,28,149,"Mississippi","Warren County",3,13,637,342,295
050,28,149,"Mississippi","Warren County",3,14,636,338,298
050,28,149,"Mississippi","Warren County",3,15,619,326,293
050,28,149,"Mississippi","Warren County",3,16,624,317,307
050,28,149,"Mississippi","Warren County",3,17,611,303,308
050,28,149,"Mississippi","Warren County",3,18,536,272,264
050,28,149,"Mississippi","Warren County",3,19,456,235,221
050,28,149,"Mississippi","Warren County",3,20,481,237,244
050,28,149,"Mississippi","Warren County",3,21,478,244,234
050,28,149,"Mississippi","Warren County",3,22,466,218,248
050,28,149,"Mississippi","Warren County",3,23,487,235,252
050,28,149,"Mississippi","Warren County",3,24,508,247,261
050,28,149,"Mississippi","Warren County",3,25,512,251,261
050,28,149,"Mississippi","Warren County",3,26,513,238,275
050,28,149,"Mississippi","Warren County",3,27,527,239,288
050,28,149,"Mississippi","Warren County",3,28,557,265,292
050,28,149,"Mississippi","Warren County",3,29,558,254,304
050,28,149,"Mississippi","Warren County",3,30,543,242,301
050,28,149,"Mississippi","Warren County",3,31,558,275,283
050,28,149,"Mississippi","Warren County",3,32,505,239,266
050,28,149,"Mississippi","Warren County",3,33,452,215,237
050,28,149,"Mississippi","Warren County",3,34,460,203,257
050,28,149,"Mississippi","Warren County",3,35,513,251,262
050,28,149,"Mississippi","Warren County",3,36,521,245,276
050,28,149,"Mississippi","Warren County",3,37,544,257,287
050,28,149,"Mississippi","Warren County",3,38,575,280,295
050,28,149,"Mississippi","Warren County",3,39,559,272,287
050,28,149,"Mississippi","Warren County",3,40,538,250,288
050,28,149,"Mississippi","Warren County",3,41,557,263,294
050,28,149,"Mississippi","Warren County",3,42,533,260,273
050,28,149,"Mississippi","Warren County",3,43,541,273,268
050,28,149,"Mississippi","Warren County",3,44,543,270,273
050,28,149,"Mississippi","Warren County",3,45,505,250,255
050,28,149,"Mississippi","Warren County",3,46,517,247,270
050,28,149,"Mississippi","Warren County",3,47,494,226,268
050,28,149,"Mississippi","Warren County",3,48,517,247,270
050,28,149,"Mississippi","Warren County",3,49,546,252,294
050,28,149,"Mississippi","Warren County",3,50,567,263,304
050,28,149,"Mississippi","Warren County",3,51,535,255,280
050,28,149,"Mississippi","Warren County",3,52,496,232,264
050,28,149,"Mississippi","Warren County",3,53,488,226,262
050,28,149,"Mississippi","Warren County",3,54,486,233,253
050,28,149,"Mississippi","Warren County",3,55,543,260,283
050,28,149,"Mississippi","Warren County",3,56,601,292,309
050,28,149,"Mississippi","Warren County",3,57,604,268,336
050,28,149,"Mississippi","Warren County",3,58,616,281,335
050,28,149,"Mississippi","Warren County",3,59,615,298,317
050,28,149,"Mississippi","Warren County",3,60,622,308,314
050,28,149,"Mississippi","Warren County",3,61,652,318,334
050,28,149,"Mississippi","Warren County",3,62,610,283,327
050,28,149,"Mississippi","Warren County",3,63,589,283,306
050,28,149,"Mississippi","Warren County",3,64,619,293,326
050,28,149,"Mississippi","Warren County",3,65,607,283,324
050,28,149,"Mississippi","Warren County",3,66,603,268,335
050,28,149,"Mississippi","Warren County",3,67,565,270,295
050,28,149,"Mississippi","Warren County",3,68,511,254,257
050,28,149,"Mississippi","Warren County",3,69,481,229,252
050,28,149,"Mississippi","Warren County",3,70,488,240,248
050,28,149,"Mississippi","Warren County",3,71,462,229,233
050,28,149,"Mississippi","Warren County",3,72,419,189,230
050,28,149,"Mississippi","Warren County",3,73,411,175,236
050,28,149,"Mississippi","Warren County",3,74,431,187,244
050,28,149,"Mississippi","Warren County",3,75,301,129,172
050,28,149,"Mississippi","Warren County",3,76,293,121,172
050,28,149,"Mississippi","Warren County",3,77,255,112,143
050,28,149,"Mississippi","Warren County",3,78,255,108,147
050,28,149,"Mississippi","Warren County",3,79,240,107,133
050,28,149,"Mississippi","Warren County",3,80,212,85,127
050,28,149,"Mississippi","Warren County",3,81,207,77,130
050,28,149,"Mississippi","Warren County",3,82,180,71,109
050,28,149,"Mississippi","Warren County",3,83,150,62,88
050,28,149,"Mississippi","Warren County",3,84,131,59,72
050,28,149,"Mississippi","Warren County",3,85,711,224,487
050,28,149,"Mississippi","Warren County",4,0,501,254,247
050,28,149,"Mississippi","Warren County",4,1,474,234,240
050,28,149,"Mississippi","Warren County",4,2,509,274,235
050,28,149,"Mississippi","Warren County",4,3,555,281,274
050,28,149,"Mississippi","Warren County",4,4,533,275,258
050,28,149,"Mississippi","Warren County",4,5,517,278,239
050,28,149,"Mississippi","Warren County",4,6,577,314,263
050,28,149,"Mississippi","Warren County",4,7,586,320,266
050,28,149,"Mississippi","Warren County",4,8,518,273,245
050,28,149,"Mississippi","Warren County",4,9,548,274,274
050,28,149,"Mississippi","Warren County",4,10,517,259,258
050,28,149,"Mississippi","Warren County",4,11,501,241,260
050,28,149,"Mississippi","Warren County",4,12,583,295,288
050,28,149,"Mississippi","Warren County",4,13,582,298,284
050,28,149,"Mississippi","Warren County",4,14,640,342,298
050,28,149,"Mississippi","Warren County",4,15,634,335,299
050,28,149,"Mississippi","Warren County",4,16,610,317,293
050,28,149,"Mississippi","Warren County",4,17,607,310,297
050,28,149,"Mississippi","Warren County",4,18,514,268,246
050,28,149,"Mississippi","Warren County",4,19,431,220,211
050,28,149,"Mississippi","Warren County",4,20,459,222,237
050,28,149,"Mississippi","Warren County",4,21,478,243,235
050,28,149,"Mississippi","Warren County",4,22,488,245,243
050,28,149,"Mississippi","Warren County",4,23,501,233,268
050,28,149,"Mississippi","Warren County",4,24,500,247,253
050,28,149,"Mississippi","Warren County",4,25,498,241,257
050,28,149,"Mississippi","Warren County",4,26,498,239,259
050,28,149,"Mississippi","Warren County",4,27,512,235,277
050,28,149,"Mississippi","Warren County",4,28,512,236,276
050,28,149,"Mississippi","Warren County",4,29,550,250,300
050,28,149,"Mississippi","Warren County",4,30,548,258,290
050,28,149,"Mississippi","Warren County",4,31,526,235,291
050,28,149,"Mississippi","Warren County",4,32,551,271,280
050,28,149,"Mississippi","Warren County",4,33,490,238,252
050,28,149,"Mississippi","Warren County",4,34,446,213,233
050,28,149,"Mississippi","Warren County",4,35,451,198,253
050,28,149,"Mississippi","Warren County",4,36,493,238,255
050,28,149,"Mississippi","Warren County",4,37,496,234,262
050,28,149,"Mississippi","Warren County",4,38,548,265,283
050,28,149,"Mississippi","Warren County",4,39,554,272,282
050,28,149,"Mississippi","Warren County",4,40,547,261,286
050,28,149,"Mississippi","Warren County",4,41,522,244,278
050,28,149,"Mississippi","Warren County",4,42,532,245,287
050,28,149,"Mississippi","Warren County",4,43,516,249,267
050,28,149,"Mississippi","Warren County",4,44,543,270,273
050,28,149,"Mississippi","Warren County",4,45,537,264,273
050,28,149,"Mississippi","Warren County",4,46,510,250,260
050,28,149,"Mississippi","Warren County",4,47,509,244,265
050,28,149,"Mississippi","Warren County",4,48,477,224,253
050,28,149,"Mississippi","Warren County",4,49,497,233,264
050,28,149,"Mississippi","Warren County",4,50,545,255,290
050,28,149,"Mississippi","Warren County",4,51,566,267,299
050,28,149,"Mississippi","Warren County",4,52,521,250,271
050,28,149,"Mississippi","Warren County",4,53,496,228,268
050,28,149,"Mississippi","Warren County",4,54,478,223,255
050,28,149,"Mississippi","Warren County",4,55,476,230,246
050,28,149,"Mississippi","Warren County",4,56,518,245,273
050,28,149,"Mississippi","Warren County",4,57,586,285,301
050,28,149,"Mississippi","Warren County",4,58,574,246,328
050,28,149,"Mississippi","Warren County",4,59,597,270,327
050,28,149,"Mississippi","Warren County",4,60,597,288,309
050,28,149,"Mississippi","Warren County",4,61,600,296,304
050,28,149,"Mississippi","Warren County",4,62,624,305,319
050,28,149,"Mississippi","Warren County",4,63,601,278,323
050,28,149,"Mississippi","Warren County",4,64,572,266,306
050,28,149,"Mississippi","Warren County",4,65,599,286,313
050,28,149,"Mississippi","Warren County",4,66,592,279,313
050,28,149,"Mississippi","Warren County",4,67,576,251,325
050,28,149,"Mississippi","Warren County",4,68,552,264,288
050,28,149,"Mississippi","Warren County",4,69,493,252,241
050,28,149,"Mississippi","Warren County",4,70,479,228,251
050,28,149,"Mississippi","Warren County",4,71,472,232,240
050,28,149,"Mississippi","Warren County",4,72,446,218,228
050,28,149,"Mississippi","Warren County",4,73,410,185,225
050,28,149,"Mississippi","Warren County",4,74,398,166,232
050,28,149,"Mississippi","Warren County",4,75,414,176,238
050,28,149,"Mississippi","Warren County",4,76,285,121,164
050,28,149,"Mississippi","Warren County",4,77,275,116,159
050,28,149,"Mississippi","Warren County",4,78,231,104,127
050,28,149,"Mississippi","Warren County",4,79,237,93,144
050,28,149,"Mississippi","Warren County",4,80,213,91,122
050,28,149,"Mississippi","Warren County",4,81,198,81,117
050,28,149,"Mississippi","Warren County",4,82,193,70,123
050,28,149,"Mississippi","Warren County",4,83,165,69,96
050,28,149,"Mississippi","Warren County",4,84,128,52,76
050,28,149,"Mississippi","Warren County",4,85,702,230,472
050,28,149,"Mississippi","Warren County",5,0,497,253,244
050,28,149,"Mississippi","Warren County",5,1,511,251,260
050,28,149,"Mississippi","Warren County",5,2,469,237,232
050,28,149,"Mississippi","Warren County",5,3,500,273,227
050,28,149,"Mississippi","Warren County",5,4,555,278,277
050,28,149,"Mississippi","Warren County",5,5,531,269,262
050,28,149,"Mississippi","Warren County",5,6,503,274,229
050,28,149,"Mississippi","Warren County",5,7,567,307,260
050,28,149,"Mississippi","Warren County",5,8,587,320,267
050,28,149,"Mississippi","Warren County",5,9,528,283,245
050,28,149,"Mississippi","Warren County",5,10,552,273,279
050,28,149,"Mississippi","Warren County",5,11,517,260,257
050,28,149,"Mississippi","Warren County",5,12,492,240,252
050,28,149,"Mississippi","Warren County",5,13,593,305,288
050,28,149,"Mississippi","Warren County",5,14,578,290,288
050,28,149,"Mississippi","Warren County",5,15,637,339,298
050,28,149,"Mississippi","Warren County",5,16,637,328,309
050,28,149,"Mississippi","Warren County",5,17,605,314,291
050,28,149,"Mississippi","Warren County",5,18,530,277,253
050,28,149,"Mississippi","Warren County",5,19,433,227,206
050,28,149,"Mississippi","Warren County",5,20,459,228,231
050,28,149,"Mississippi","Warren County",5,21,470,222,248
050,28,149,"Mississippi","Warren County",5,22,509,251,258
050,28,149,"Mississippi","Warren County",5,23,518,258,260
050,28,149,"Mississippi","Warren County",5,24,492,229,263
050,28,149,"Mississippi","Warren County",5,25,485,239,246
050,28,149,"Mississippi","Warren County",5,26,490,234,256
050,28,149,"Mississippi","Warren County",5,27,495,240,255
050,28,149,"Mississippi","Warren County",5,28,492,227,265
050,28,149,"Mississippi","Warren County",5,29,509,232,277
050,28,149,"Mississippi","Warren County",5,30,553,250,303
050,28,149,"Mississippi","Warren County",5,31,531,244,287
050,28,149,"Mississippi","Warren County",5,32,527,242,285
050,28,149,"Mississippi","Warren County",5,33,541,263,278
050,28,149,"Mississippi","Warren County",5,34,478,226,252
050,28,149,"Mississippi","Warren County",5,35,441,216,225
050,28,149,"Mississippi","Warren County",5,36,441,197,244
050,28,149,"Mississippi","Warren County",5,37,483,231,252
050,28,149,"Mississippi","Warren County",5,38,508,229,279
050,28,149,"Mississippi","Warren County",5,39,534,259,275
050,28,149,"Mississippi","Warren County",5,40,545,257,288
050,28,149,"Mississippi","Warren County",5,41,543,260,283
050,28,149,"Mississippi","Warren County",5,42,513,238,275
050,28,149,"Mississippi","Warren County",5,43,539,253,286
050,28,149,"Mississippi","Warren County",5,44,509,246,263
050,28,149,"Mississippi","Warren County",5,45,549,281,268
050,28,149,"Mississippi","Warren County",5,46,517,250,267
050,28,149,"Mississippi","Warren County",5,47,506,248,258
050,28,149,"Mississippi","Warren County",5,48,504,237,267
050,28,149,"Mississippi","Warren County",5,49,472,221,251
050,28,149,"Mississippi","Warren County",5,50,491,226,265
050,28,149,"Mississippi","Warren County",5,51,539,258,281
050,28,149,"Mississippi","Warren County",5,52,556,263,293
050,28,149,"Mississippi","Warren County",5,53,522,246,276
050,28,149,"Mississippi","Warren County",5,54,476,223,253
050,28,149,"Mississippi","Warren County",5,55,477,225,252
050,28,149,"Mississippi","Warren County",5,56,465,227,238
050,28,149,"Mississippi","Warren County",5,57,504,242,262
050,28,149,"Mississippi","Warren County",5,58,587,284,303
050,28,149,"Mississippi","Warren County",5,59,560,236,324
050,28,149,"Mississippi","Warren County",5,60,586,264,322
050,28,149,"Mississippi","Warren County",5,61,589,284,305
050,28,149,"Mississippi","Warren County",5,62,592,294,298
050,28,149,"Mississippi","Warren County",5,63,625,312,313
050,28,149,"Mississippi","Warren County",5,64,588,264,324
050,28,149,"Mississippi","Warren County",5,65,545,255,290
050,28,149,"Mississippi","Warren County",5,66,578,278,300
050,28,149,"Mississippi","Warren County",5,67,569,267,302
050,28,149,"Mississippi","Warren County",5,68,564,244,320
050,28,149,"Mississippi","Warren County",5,69,538,258,280
050,28,149,"Mississippi","Warren County",5,70,486,246,240
050,28,149,"Mississippi","Warren County",5,71,451,214,237
050,28,149,"Mississippi","Warren County",5,72,460,222,238
050,28,149,"Mississippi","Warren County",5,73,439,213,226
050,28,149,"Mississippi","Warren County",5,74,393,176,217
050,28,149,"Mississippi","Warren County",5,75,377,154,223
050,28,149,"Mississippi","Warren County",5,76,397,164,233
050,28,149,"Mississippi","Warren County",5,77,261,113,148
050,28,149,"Mississippi","Warren County",5,78,255,109,146
050,28,149,"Mississippi","Warren County",5,79,215,91,124
050,28,149,"Mississippi","Warren County",5,80,218,81,137
050,28,149,"Mississippi","Warren County",5,81,203,87,116
050,28,149,"Mississippi","Warren County",5,82,189,73,116
050,28,149,"Mississippi","Warren County",5,83,179,70,109
050,28,149,"Mississippi","Warren County",5,84,144,59,85
050,28,149,"Mississippi","Warren County",5,85,705,232,473
050,28,151,"Mississippi","Washington County",1,0,579,294,285
050,28,151,"Mississippi","Washington County",1,1,569,284,285
050,28,151,"Mississippi","Washington County",1,2,605,286,319
050,28,151,"Mississippi","Washington County",1,3,575,286,289
050,28,151,"Mississippi","Washington County",1,4,618,307,311
050,28,151,"Mississippi","Washington County",1,5,673,327,346
050,28,151,"Mississippi","Washington County",1,6,686,343,343
050,28,151,"Mississippi","Washington County",1,7,675,337,338
050,28,151,"Mississippi","Washington County",1,8,687,357,330
050,28,151,"Mississippi","Washington County",1,9,636,314,322
050,28,151,"Mississippi","Washington County",1,10,634,323,311
050,28,151,"Mississippi","Washington County",1,11,676,350,326
050,28,151,"Mississippi","Washington County",1,12,688,358,330
050,28,151,"Mississippi","Washington County",1,13,721,380,341
050,28,151,"Mississippi","Washington County",1,14,644,320,324
050,28,151,"Mississippi","Washington County",1,15,607,299,308
050,28,151,"Mississippi","Washington County",1,16,611,292,319
050,28,151,"Mississippi","Washington County",1,17,618,308,310
050,28,151,"Mississippi","Washington County",1,18,561,278,283
050,28,151,"Mississippi","Washington County",1,19,515,251,264
050,28,151,"Mississippi","Washington County",1,20,516,261,255
050,28,151,"Mississippi","Washington County",1,21,524,269,255
050,28,151,"Mississippi","Washington County",1,22,572,293,279
050,28,151,"Mississippi","Washington County",1,23,573,281,292
050,28,151,"Mississippi","Washington County",1,24,567,262,305
050,28,151,"Mississippi","Washington County",1,25,578,271,307
050,28,151,"Mississippi","Washington County",1,26,614,295,319
050,28,151,"Mississippi","Washington County",1,27,617,316,301
050,28,151,"Mississippi","Washington County",1,28,590,294,296
050,28,151,"Mississippi","Washington County",1,29,542,254,288
050,28,151,"Mississippi","Washington County",1,30,509,233,276
050,28,151,"Mississippi","Washington County",1,31,511,239,272
050,28,151,"Mississippi","Washington County",1,32,503,231,272
050,28,151,"Mississippi","Washington County",1,33,502,251,251
050,28,151,"Mississippi","Washington County",1,34,514,237,277
050,28,151,"Mississippi","Washington County",1,35,494,237,257
050,28,151,"Mississippi","Washington County",1,36,508,232,276
050,28,151,"Mississippi","Washington County",1,37,534,231,303
050,28,151,"Mississippi","Washington County",1,38,521,245,276
050,28,151,"Mississippi","Washington County",1,39,547,247,300
050,28,151,"Mississippi","Washington County",1,40,540,239,301
050,28,151,"Mississippi","Washington County",1,41,491,221,270
050,28,151,"Mississippi","Washington County",1,42,467,209,258
050,28,151,"Mississippi","Washington County",1,43,495,216,279
050,28,151,"Mississippi","Washington County",1,44,463,207,256
050,28,151,"Mississippi","Washington County",1,45,476,205,271
050,28,151,"Mississippi","Washington County",1,46,488,201,287
050,28,151,"Mississippi","Washington County",1,47,504,212,292
050,28,151,"Mississippi","Washington County",1,48,515,228,287
050,28,151,"Mississippi","Washington County",1,49,570,279,291
050,28,151,"Mississippi","Washington County",1,50,559,269,290
050,28,151,"Mississippi","Washington County",1,51,542,240,302
050,28,151,"Mississippi","Washington County",1,52,551,233,318
050,28,151,"Mississippi","Washington County",1,53,552,239,313
050,28,151,"Mississippi","Washington County",1,54,537,252,285
050,28,151,"Mississippi","Washington County",1,55,570,280,290
050,28,151,"Mississippi","Washington County",1,56,598,277,321
050,28,151,"Mississippi","Washington County",1,57,606,286,320
050,28,151,"Mississippi","Washington County",1,58,649,299,350
050,28,151,"Mississippi","Washington County",1,59,624,292,332
050,28,151,"Mississippi","Washington County",1,60,653,306,347
050,28,151,"Mississippi","Washington County",1,61,627,285,342
050,28,151,"Mississippi","Washington County",1,62,642,279,363
050,28,151,"Mississippi","Washington County",1,63,626,291,335
050,28,151,"Mississippi","Washington County",1,64,593,254,339
050,28,151,"Mississippi","Washington County",1,65,646,296,350
050,28,151,"Mississippi","Washington County",1,66,611,276,335
050,28,151,"Mississippi","Washington County",1,67,556,245,311
050,28,151,"Mississippi","Washington County",1,68,524,250,274
050,28,151,"Mississippi","Washington County",1,69,528,237,291
050,28,151,"Mississippi","Washington County",1,70,471,198,273
050,28,151,"Mississippi","Washington County",1,71,444,199,245
050,28,151,"Mississippi","Washington County",1,72,409,179,230
050,28,151,"Mississippi","Washington County",1,73,387,164,223
050,28,151,"Mississippi","Washington County",1,74,285,113,172
050,28,151,"Mississippi","Washington County",1,75,285,117,168
050,28,151,"Mississippi","Washington County",1,76,271,116,155
050,28,151,"Mississippi","Washington County",1,77,262,110,152
050,28,151,"Mississippi","Washington County",1,78,218,94,124
050,28,151,"Mississippi","Washington County",1,79,205,86,119
050,28,151,"Mississippi","Washington County",1,80,187,77,110
050,28,151,"Mississippi","Washington County",1,81,157,57,100
050,28,151,"Mississippi","Washington County",1,82,148,61,87
050,28,151,"Mississippi","Washington County",1,83,155,52,103
050,28,151,"Mississippi","Washington County",1,84,123,33,90
050,28,151,"Mississippi","Washington County",1,85,698,204,494
050,28,151,"Mississippi","Washington County",2,0,565,291,274
050,28,151,"Mississippi","Washington County",2,1,567,283,284
050,28,151,"Mississippi","Washington County",2,2,590,280,310
050,28,151,"Mississippi","Washington County",2,3,576,283,293
050,28,151,"Mississippi","Washington County",2,4,602,299,303
050,28,151,"Mississippi","Washington County",2,5,659,322,337
050,28,151,"Mississippi","Washington County",2,6,681,337,344
050,28,151,"Mississippi","Washington County",2,7,670,336,334
050,28,151,"Mississippi","Washington County",2,8,676,348,328
050,28,151,"Mississippi","Washington County",2,9,646,325,321
050,28,151,"Mississippi","Washington County",2,10,634,322,312
050,28,151,"Mississippi","Washington County",2,11,657,339,318
050,28,151,"Mississippi","Washington County",2,12,687,356,331
050,28,151,"Mississippi","Washington County",2,13,709,371,338
050,28,151,"Mississippi","Washington County",2,14,653,329,324
050,28,151,"Mississippi","Washington County",2,15,611,301,310
050,28,151,"Mississippi","Washington County",2,16,607,294,313
050,28,151,"Mississippi","Washington County",2,17,612,301,311
050,28,151,"Mississippi","Washington County",2,18,553,276,277
050,28,151,"Mississippi","Washington County",2,19,508,248,260
050,28,151,"Mississippi","Washington County",2,20,524,262,262
050,28,151,"Mississippi","Washington County",2,21,522,267,255
050,28,151,"Mississippi","Washington County",2,22,572,294,278
050,28,151,"Mississippi","Washington County",2,23,573,282,291
050,28,151,"Mississippi","Washington County",2,24,556,257,299
050,28,151,"Mississippi","Washington County",2,25,573,268,305
050,28,151,"Mississippi","Washington County",2,26,598,287,311
050,28,151,"Mississippi","Washington County",2,27,608,308,300
050,28,151,"Mississippi","Washington County",2,28,588,296,292
050,28,151,"Mississippi","Washington County",2,29,547,263,284
050,28,151,"Mississippi","Washington County",2,30,508,232,276
050,28,151,"Mississippi","Washington County",2,31,510,240,270
050,28,151,"Mississippi","Washington County",2,32,495,228,267
050,28,151,"Mississippi","Washington County",2,33,500,245,255
050,28,151,"Mississippi","Washington County",2,34,503,236,267
050,28,151,"Mississippi","Washington County",2,35,503,242,261
050,28,151,"Mississippi","Washington County",2,36,494,226,268
050,28,151,"Mississippi","Washington County",2,37,520,228,292
050,28,151,"Mississippi","Washington County",2,38,518,239,279
050,28,151,"Mississippi","Washington County",2,39,532,240,292
050,28,151,"Mississippi","Washington County",2,40,545,243,302
050,28,151,"Mississippi","Washington County",2,41,496,223,273
050,28,151,"Mississippi","Washington County",2,42,468,209,259
050,28,151,"Mississippi","Washington County",2,43,488,212,276
050,28,151,"Mississippi","Washington County",2,44,465,207,258
050,28,151,"Mississippi","Washington County",2,45,471,205,266
050,28,151,"Mississippi","Washington County",2,46,482,201,281
050,28,151,"Mississippi","Washington County",2,47,494,207,287
050,28,151,"Mississippi","Washington County",2,48,514,228,286
050,28,151,"Mississippi","Washington County",2,49,557,266,291
050,28,151,"Mississippi","Washington County",2,50,560,271,289
050,28,151,"Mississippi","Washington County",2,51,540,245,295
050,28,151,"Mississippi","Washington County",2,52,549,235,314
050,28,151,"Mississippi","Washington County",2,53,541,230,311
050,28,151,"Mississippi","Washington County",2,54,537,248,289
050,28,151,"Mississippi","Washington County",2,55,562,274,288
050,28,151,"Mississippi","Washington County",2,56,589,275,314
050,28,151,"Mississippi","Washington County",2,57,600,284,316
050,28,151,"Mississippi","Washington County",2,58,637,296,341
050,28,151,"Mississippi","Washington County",2,59,625,290,335
050,28,151,"Mississippi","Washington County",2,60,642,300,342
050,28,151,"Mississippi","Washington County",2,61,627,286,341
050,28,151,"Mississippi","Washington County",2,62,629,274,355
050,28,151,"Mississippi","Washington County",2,63,630,289,341
050,28,151,"Mississippi","Washington County",2,64,595,261,334
050,28,151,"Mississippi","Washington County",2,65,627,282,345
050,28,151,"Mississippi","Washington County",2,66,615,279,336
050,28,151,"Mississippi","Washington County",2,67,568,252,316
050,28,151,"Mississippi","Washington County",2,68,522,243,279
050,28,151,"Mississippi","Washington County",2,69,521,236,285
050,28,151,"Mississippi","Washington County",2,70,482,205,277
050,28,151,"Mississippi","Washington County",2,71,447,199,248
050,28,151,"Mississippi","Washington County",2,72,412,181,231
050,28,151,"Mississippi","Washington County",2,73,399,170,229
050,28,151,"Mississippi","Washington County",2,74,291,114,177
050,28,151,"Mississippi","Washington County",2,75,284,117,167
050,28,151,"Mississippi","Washington County",2,76,269,114,155
050,28,151,"Mississippi","Washington County",2,77,264,112,152
050,28,151,"Mississippi","Washington County",2,78,219,93,126
050,28,151,"Mississippi","Washington County",2,79,205,87,118
050,28,151,"Mississippi","Washington County",2,80,192,81,111
050,28,151,"Mississippi","Washington County",2,81,156,57,99
050,28,151,"Mississippi","Washington County",2,82,145,57,88
050,28,151,"Mississippi","Washington County",2,83,152,55,97
050,28,151,"Mississippi","Washington County",2,84,125,36,89
050,28,151,"Mississippi","Washington County",2,85,695,203,492
050,28,151,"Mississippi","Washington County",3,0,556,287,269
050,28,151,"Mississippi","Washington County",3,1,557,291,266
050,28,151,"Mississippi","Washington County",3,2,567,279,288
050,28,151,"Mississippi","Washington County",3,3,581,275,306
050,28,151,"Mississippi","Washington County",3,4,572,275,297
050,28,151,"Mississippi","Washington County",3,5,569,272,297
050,28,151,"Mississippi","Washington County",3,6,648,318,330
050,28,151,"Mississippi","Washington County",3,7,661,335,326
050,28,151,"Mississippi","Washington County",3,8,661,324,337
050,28,151,"Mississippi","Washington County",3,9,660,339,321
050,28,151,"Mississippi","Washington County",3,10,632,321,311
050,28,151,"Mississippi","Washington County",3,11,611,308,303
050,28,151,"Mississippi","Washington County",3,12,632,328,304
050,28,151,"Mississippi","Washington County",3,13,672,344,328
050,28,151,"Mississippi","Washington County",3,14,687,365,322
050,28,151,"Mississippi","Washington County",3,15,642,324,318
050,28,151,"Mississippi","Washington County",3,16,612,305,307
050,28,151,"Mississippi","Washington County",3,17,598,290,308
050,28,151,"Mississippi","Washington County",3,18,539,270,269
050,28,151,"Mississippi","Washington County",3,19,476,234,242
050,28,151,"Mississippi","Washington County",3,20,515,251,264
050,28,151,"Mississippi","Washington County",3,21,527,258,269
050,28,151,"Mississippi","Washington County",3,22,531,282,249
050,28,151,"Mississippi","Washington County",3,23,548,274,274
050,28,151,"Mississippi","Washington County",3,24,521,245,276
050,28,151,"Mississippi","Washington County",3,25,516,241,275
050,28,151,"Mississippi","Washington County",3,26,562,264,298
050,28,151,"Mississippi","Washington County",3,27,597,287,310
050,28,151,"Mississippi","Washington County",3,28,593,302,291
050,28,151,"Mississippi","Washington County",3,29,564,285,279
050,28,151,"Mississippi","Washington County",3,30,527,245,282
050,28,151,"Mississippi","Washington County",3,31,518,237,281
050,28,151,"Mississippi","Washington County",3,32,492,231,261
050,28,151,"Mississippi","Washington County",3,33,488,223,265
050,28,151,"Mississippi","Washington County",3,34,493,243,250
050,28,151,"Mississippi","Washington County",3,35,504,245,259
050,28,151,"Mississippi","Washington County",3,36,477,226,251
050,28,151,"Mississippi","Washington County",3,37,478,222,256
050,28,151,"Mississippi","Washington County",3,38,517,228,289
050,28,151,"Mississippi","Washington County",3,39,494,226,268
050,28,151,"Mississippi","Washington County",3,40,521,242,279
050,28,151,"Mississippi","Washington County",3,41,517,238,279
050,28,151,"Mississippi","Washington County",3,42,490,224,266
050,28,151,"Mississippi","Washington County",3,43,452,196,256
050,28,151,"Mississippi","Washington County",3,44,480,203,277
050,28,151,"Mississippi","Washington County",3,45,461,208,253
050,28,151,"Mississippi","Washington County",3,46,457,196,261
050,28,151,"Mississippi","Washington County",3,47,468,196,272
050,28,151,"Mississippi","Washington County",3,48,477,200,277
050,28,151,"Mississippi","Washington County",3,49,509,225,284
050,28,151,"Mississippi","Washington County",3,50,537,259,278
050,28,151,"Mississippi","Washington County",3,51,547,269,278
050,28,151,"Mississippi","Washington County",3,52,543,248,295
050,28,151,"Mississippi","Washington County",3,53,517,212,305
050,28,151,"Mississippi","Washington County",3,54,527,220,307
050,28,151,"Mississippi","Washington County",3,55,532,248,284
050,28,151,"Mississippi","Washington County",3,56,531,253,278
050,28,151,"Mississippi","Washington County",3,57,584,282,302
050,28,151,"Mississippi","Washington County",3,58,588,279,309
050,28,151,"Mississippi","Washington County",3,59,610,277,333
050,28,151,"Mississippi","Washington County",3,60,612,273,339
050,28,151,"Mississippi","Washington County",3,61,616,286,330
050,28,151,"Mississippi","Washington County",3,62,619,273,346
050,28,151,"Mississippi","Washington County",3,63,621,269,352
050,28,151,"Mississippi","Washington County",3,64,607,278,329
050,28,151,"Mississippi","Washington County",3,65,564,245,319
050,28,151,"Mississippi","Washington County",3,66,612,269,343
050,28,151,"Mississippi","Washington County",3,67,588,264,324
050,28,151,"Mississippi","Washington County",3,68,540,239,301
050,28,151,"Mississippi","Washington County",3,69,511,240,271
050,28,151,"Mississippi","Washington County",3,70,494,220,274
050,28,151,"Mississippi","Washington County",3,71,470,206,264
050,28,151,"Mississippi","Washington County",3,72,425,187,238
050,28,151,"Mississippi","Washington County",3,73,383,167,216
050,28,151,"Mississippi","Washington County",3,74,383,159,224
050,28,151,"Mississippi","Washington County",3,75,266,105,161
050,28,151,"Mississippi","Washington County",3,76,265,106,159
050,28,151,"Mississippi","Washington County",3,77,250,106,144
050,28,151,"Mississippi","Washington County",3,78,236,97,139
050,28,151,"Mississippi","Washington County",3,79,191,78,113
050,28,151,"Mississippi","Washington County",3,80,186,81,105
050,28,151,"Mississippi","Washington County",3,81,182,77,105
050,28,151,"Mississippi","Washington County",3,82,137,44,93
050,28,151,"Mississippi","Washington County",3,83,129,43,86
050,28,151,"Mississippi","Washington County",3,84,135,52,83
050,28,151,"Mississippi","Washington County",3,85,661,187,474
050,28,151,"Mississippi","Washington County",4,0,538,277,261
050,28,151,"Mississippi","Washington County",4,1,562,297,265
050,28,151,"Mississippi","Washington County",4,2,554,292,262
050,28,151,"Mississippi","Washington County",4,3,554,272,282
050,28,151,"Mississippi","Washington County",4,4,572,278,294
050,28,151,"Mississippi","Washington County",4,5,567,262,305
050,28,151,"Mississippi","Washington County",4,6,548,260,288
050,28,151,"Mississippi","Washington County",4,7,630,315,315
050,28,151,"Mississippi","Washington County",4,8,633,324,309
050,28,151,"Mississippi","Washington County",4,9,657,310,347
050,28,151,"Mississippi","Washington County",4,10,632,326,306
050,28,151,"Mississippi","Washington County",4,11,621,320,301
050,28,151,"Mississippi","Washington County",4,12,581,290,291
050,28,151,"Mississippi","Washington County",4,13,619,317,302
050,28,151,"Mississippi","Washington County",4,14,664,341,323
050,28,151,"Mississippi","Washington County",4,15,674,347,327
050,28,151,"Mississippi","Washington County",4,16,632,320,312
050,28,151,"Mississippi","Washington County",4,17,585,289,296
050,28,151,"Mississippi","Washington County",4,18,496,247,249
050,28,151,"Mississippi","Washington County",4,19,443,217,226
050,28,151,"Mississippi","Washington County",4,20,479,231,248
050,28,151,"Mississippi","Washington County",4,21,506,239,267
050,28,151,"Mississippi","Washington County",4,22,553,282,271
050,28,151,"Mississippi","Washington County",4,23,520,272,248
050,28,151,"Mississippi","Washington County",4,24,512,247,265
050,28,151,"Mississippi","Washington County",4,25,510,248,262
050,28,151,"Mississippi","Washington County",4,26,475,213,262
050,28,151,"Mississippi","Washington County",4,27,548,250,298
050,28,151,"Mississippi","Washington County",4,28,562,271,291
050,28,151,"Mississippi","Washington County",4,29,559,281,278
050,28,151,"Mississippi","Washington County",4,30,535,265,270
050,28,151,"Mississippi","Washington County",4,31,531,256,275
050,28,151,"Mississippi","Washington County",4,32,472,206,266
050,28,151,"Mississippi","Washington County",4,33,480,233,247
050,28,151,"Mississippi","Washington County",4,34,467,206,261
050,28,151,"Mississippi","Washington County",4,35,481,242,239
050,28,151,"Mississippi","Washington County",4,36,482,220,262
050,28,151,"Mississippi","Washington County",4,37,465,222,243
050,28,151,"Mississippi","Washington County",4,38,470,212,258
050,28,151,"Mississippi","Washington County",4,39,509,235,274
050,28,151,"Mississippi","Washington County",4,40,489,223,266
050,28,151,"Mississippi","Washington County",4,41,513,235,278
050,28,151,"Mississippi","Washington County",4,42,505,230,275
050,28,151,"Mississippi","Washington County",4,43,468,211,257
050,28,151,"Mississippi","Washington County",4,44,444,202,242
050,28,151,"Mississippi","Washington County",4,45,482,199,283
050,28,151,"Mississippi","Washington County",4,46,454,197,257
050,28,151,"Mississippi","Washington County",4,47,436,183,253
050,28,151,"Mississippi","Washington County",4,48,458,195,263
050,28,151,"Mississippi","Washington County",4,49,463,189,274
050,28,151,"Mississippi","Washington County",4,50,507,228,279
050,28,151,"Mississippi","Washington County",4,51,517,253,264
050,28,151,"Mississippi","Washington County",4,52,536,260,276
050,28,151,"Mississippi","Washington County",4,53,518,226,292
050,28,151,"Mississippi","Washington County",4,54,497,203,294
050,28,151,"Mississippi","Washington County",4,55,513,217,296
050,28,151,"Mississippi","Washington County",4,56,512,230,282
050,28,151,"Mississippi","Washington County",4,57,518,252,266
050,28,151,"Mississippi","Washington County",4,58,578,281,297
050,28,151,"Mississippi","Washington County",4,59,561,264,297
050,28,151,"Mississippi","Washington County",4,60,595,265,330
050,28,151,"Mississippi","Washington County",4,61,597,270,327
050,28,151,"Mississippi","Washington County",4,62,588,269,319
050,28,151,"Mississippi","Washington County",4,63,577,264,313
050,28,151,"Mississippi","Washington County",4,64,598,260,338
050,28,151,"Mississippi","Washington County",4,65,581,258,323
050,28,151,"Mississippi","Washington County",4,66,538,229,309
050,28,151,"Mississippi","Washington County",4,67,582,250,332
050,28,151,"Mississippi","Washington County",4,68,564,255,309
050,28,151,"Mississippi","Washington County",4,69,524,236,288
050,28,151,"Mississippi","Washington County",4,70,484,223,261
050,28,151,"Mississippi","Washington County",4,71,490,225,265
050,28,151,"Mississippi","Washington County",4,72,445,191,254
050,28,151,"Mississippi","Washington County",4,73,399,176,223
050,28,151,"Mississippi","Washington County",4,74,374,156,218
050,28,151,"Mississippi","Washington County",4,75,352,144,208
050,28,151,"Mississippi","Washington County",4,76,263,104,159
050,28,151,"Mississippi","Washington County",4,77,256,102,154
050,28,151,"Mississippi","Washington County",4,78,236,98,138
050,28,151,"Mississippi","Washington County",4,79,211,78,133
050,28,151,"Mississippi","Washington County",4,80,182,70,112
050,28,151,"Mississippi","Washington County",4,81,175,78,97
050,28,151,"Mississippi","Washington County",4,82,168,69,99
050,28,151,"Mississippi","Washington County",4,83,132,38,94
050,28,151,"Mississippi","Washington County",4,84,107,36,71
050,28,151,"Mississippi","Washington County",4,85,659,198,461
050,28,151,"Mississippi","Washington County",5,0,554,283,271
050,28,151,"Mississippi","Washington County",5,1,523,283,240
050,28,151,"Mississippi","Washington County",5,2,597,315,282
050,28,151,"Mississippi","Washington County",5,3,556,292,264
050,28,151,"Mississippi","Washington County",5,4,567,276,291
050,28,151,"Mississippi","Washington County",5,5,558,272,286
050,28,151,"Mississippi","Washington County",5,6,568,274,294
050,28,151,"Mississippi","Washington County",5,7,548,265,283
050,28,151,"Mississippi","Washington County",5,8,627,316,311
050,28,151,"Mississippi","Washington County",5,9,612,305,307
050,28,151,"Mississippi","Washington County",5,10,635,306,329
050,28,151,"Mississippi","Washington County",5,11,637,327,310
050,28,151,"Mississippi","Washington County",5,12,623,319,304
050,28,151,"Mississippi","Washington County",5,13,597,299,298
050,28,151,"Mississippi","Washington County",5,14,621,317,304
050,28,151,"Mississippi","Washington County",5,15,657,337,320
050,28,151,"Mississippi","Washington County",5,16,662,341,321
050,28,151,"Mississippi","Washington County",5,17,618,314,304
050,28,151,"Mississippi","Washington County",5,18,507,253,254
050,28,151,"Mississippi","Washington County",5,19,418,210,208
050,28,151,"Mississippi","Washington County",5,20,464,222,242
050,28,151,"Mississippi","Washington County",5,21,472,232,240
050,28,151,"Mississippi","Washington County",5,22,540,263,277
050,28,151,"Mississippi","Washington County",5,23,566,295,271
050,28,151,"Mississippi","Washington County",5,24,498,259,239
050,28,151,"Mississippi","Washington County",5,25,485,224,261
050,28,151,"Mississippi","Washington County",5,26,487,239,248
050,28,151,"Mississippi","Washington County",5,27,482,221,261
050,28,151,"Mississippi","Washington County",5,28,545,235,310
050,28,151,"Mississippi","Washington County",5,29,551,272,279
050,28,151,"Mississippi","Washington County",5,30,535,263,272
050,28,151,"Mississippi","Washington County",5,31,518,265,253
050,28,151,"Mississippi","Washington County",5,32,517,250,267
050,28,151,"Mississippi","Washington County",5,33,463,204,259
050,28,151,"Mississippi","Washington County",5,34,472,228,244
050,28,151,"Mississippi","Washington County",5,35,461,207,254
050,28,151,"Mississippi","Washington County",5,36,473,231,242
050,28,151,"Mississippi","Washington County",5,37,478,217,261
050,28,151,"Mississippi","Washington County",5,38,464,224,240
050,28,151,"Mississippi","Washington County",5,39,459,209,250
050,28,151,"Mississippi","Washington County",5,40,497,226,271
050,28,151,"Mississippi","Washington County",5,41,481,228,253
050,28,151,"Mississippi","Washington County",5,42,498,223,275
050,28,151,"Mississippi","Washington County",5,43,484,218,266
050,28,151,"Mississippi","Washington County",5,44,467,206,261
050,28,151,"Mississippi","Washington County",5,45,428,193,235
050,28,151,"Mississippi","Washington County",5,46,468,190,278
050,28,151,"Mississippi","Washington County",5,47,448,192,256
050,28,151,"Mississippi","Washington County",5,48,438,190,248
050,28,151,"Mississippi","Washington County",5,49,438,181,257
050,28,151,"Mississippi","Washington County",5,50,452,185,267
050,28,151,"Mississippi","Washington County",5,51,507,234,273
050,28,151,"Mississippi","Washington County",5,52,511,254,257
050,28,151,"Mississippi","Washington County",5,53,506,239,267
050,28,151,"Mississippi","Washington County",5,54,507,218,289
050,28,151,"Mississippi","Washington County",5,55,488,203,285
050,28,151,"Mississippi","Washington County",5,56,485,195,290
050,28,151,"Mississippi","Washington County",5,57,514,237,277
050,28,151,"Mississippi","Washington County",5,58,503,238,265
050,28,151,"Mississippi","Washington County",5,59,545,263,282
050,28,151,"Mississippi","Washington County",5,60,545,256,289
050,28,151,"Mississippi","Washington County",5,61,583,266,317
050,28,151,"Mississippi","Washington County",5,62,578,256,322
050,28,151,"Mississippi","Washington County",5,63,566,262,304
050,28,151,"Mississippi","Washington County",5,64,556,256,300
050,28,151,"Mississippi","Washington County",5,65,570,244,326
050,28,151,"Mississippi","Washington County",5,66,558,242,316
050,28,151,"Mississippi","Washington County",5,67,509,218,291
050,28,151,"Mississippi","Washington County",5,68,560,239,321
050,28,151,"Mississippi","Washington County",5,69,555,253,302
050,28,151,"Mississippi","Washington County",5,70,505,223,282
050,28,151,"Mississippi","Washington County",5,71,480,226,254
050,28,151,"Mississippi","Washington County",5,72,456,208,248
050,28,151,"Mississippi","Washington County",5,73,412,179,233
050,28,151,"Mississippi","Washington County",5,74,392,164,228
050,28,151,"Mississippi","Washington County",5,75,350,147,203
050,28,151,"Mississippi","Washington County",5,76,339,140,199
050,28,151,"Mississippi","Washington County",5,77,248,97,151
050,28,151,"Mississippi","Washington County",5,78,249,97,152
050,28,151,"Mississippi","Washington County",5,79,204,75,129
050,28,151,"Mississippi","Washington County",5,80,195,67,128
050,28,151,"Mississippi","Washington County",5,81,173,68,105
050,28,151,"Mississippi","Washington County",5,82,159,70,89
050,28,151,"Mississippi","Washington County",5,83,163,62,101
050,28,151,"Mississippi","Washington County",5,84,112,32,80
050,28,151,"Mississippi","Washington County",5,85,649,191,458
050,28,153,"Mississippi","Wayne County",1,0,256,129,127
050,28,153,"Mississippi","Wayne County",1,1,258,132,126
050,28,153,"Mississippi","Wayne County",1,2,240,115,125
050,28,153,"Mississippi","Wayne County",1,3,262,118,144
050,28,153,"Mississippi","Wayne County",1,4,270,134,136
050,28,153,"Mississippi","Wayne County",1,5,294,161,133
050,28,153,"Mississippi","Wayne County",1,6,260,136,124
050,28,153,"Mississippi","Wayne County",1,7,262,135,127
050,28,153,"Mississippi","Wayne County",1,8,279,140,139
050,28,153,"Mississippi","Wayne County",1,9,289,140,149
050,28,153,"Mississippi","Wayne County",1,10,273,146,127
050,28,153,"Mississippi","Wayne County",1,11,274,138,136
050,28,153,"Mississippi","Wayne County",1,12,294,155,139
050,28,153,"Mississippi","Wayne County",1,13,307,167,140
050,28,153,"Mississippi","Wayne County",1,14,284,150,134
050,28,153,"Mississippi","Wayne County",1,15,244,119,125
050,28,153,"Mississippi","Wayne County",1,16,280,140,140
050,28,153,"Mississippi","Wayne County",1,17,272,133,139
050,28,153,"Mississippi","Wayne County",1,18,221,110,111
050,28,153,"Mississippi","Wayne County",1,19,205,99,106
050,28,153,"Mississippi","Wayne County",1,20,225,112,113
050,28,153,"Mississippi","Wayne County",1,21,236,117,119
050,28,153,"Mississippi","Wayne County",1,22,233,110,123
050,28,153,"Mississippi","Wayne County",1,23,255,129,126
050,28,153,"Mississippi","Wayne County",1,24,251,122,129
050,28,153,"Mississippi","Wayne County",1,25,247,124,123
050,28,153,"Mississippi","Wayne County",1,26,255,133,122
050,28,153,"Mississippi","Wayne County",1,27,257,124,133
050,28,153,"Mississippi","Wayne County",1,28,259,121,138
050,28,153,"Mississippi","Wayne County",1,29,274,143,131
050,28,153,"Mississippi","Wayne County",1,30,267,129,138
050,28,153,"Mississippi","Wayne County",1,31,246,123,123
050,28,153,"Mississippi","Wayne County",1,32,218,112,106
050,28,153,"Mississippi","Wayne County",1,33,210,102,108
050,28,153,"Mississippi","Wayne County",1,34,225,101,124
050,28,153,"Mississippi","Wayne County",1,35,222,99,123
050,28,153,"Mississippi","Wayne County",1,36,245,103,142
050,28,153,"Mississippi","Wayne County",1,37,242,116,126
050,28,153,"Mississippi","Wayne County",1,38,247,121,126
050,28,153,"Mississippi","Wayne County",1,39,222,105,117
050,28,153,"Mississippi","Wayne County",1,40,219,105,114
050,28,153,"Mississippi","Wayne County",1,41,229,103,126
050,28,153,"Mississippi","Wayne County",1,42,240,107,133
050,28,153,"Mississippi","Wayne County",1,43,243,114,129
050,28,153,"Mississippi","Wayne County",1,44,214,108,106
050,28,153,"Mississippi","Wayne County",1,45,215,106,109
050,28,153,"Mississippi","Wayne County",1,46,231,113,118
050,28,153,"Mississippi","Wayne County",1,47,241,123,118
050,28,153,"Mississippi","Wayne County",1,48,238,112,126
050,28,153,"Mississippi","Wayne County",1,49,236,114,122
050,28,153,"Mississippi","Wayne County",1,50,234,107,127
050,28,153,"Mississippi","Wayne County",1,51,220,120,100
050,28,153,"Mississippi","Wayne County",1,52,229,105,124
050,28,153,"Mississippi","Wayne County",1,53,229,102,127
050,28,153,"Mississippi","Wayne County",1,54,232,114,118
050,28,153,"Mississippi","Wayne County",1,55,248,120,128
050,28,153,"Mississippi","Wayne County",1,56,260,126,134
050,28,153,"Mississippi","Wayne County",1,57,287,143,144
050,28,153,"Mississippi","Wayne County",1,58,300,148,152
050,28,153,"Mississippi","Wayne County",1,59,291,138,153
050,28,153,"Mississippi","Wayne County",1,60,295,135,160
050,28,153,"Mississippi","Wayne County",1,61,277,141,136
050,28,153,"Mississippi","Wayne County",1,62,284,151,133
050,28,153,"Mississippi","Wayne County",1,63,292,143,149
050,28,153,"Mississippi","Wayne County",1,64,263,134,129
050,28,153,"Mississippi","Wayne County",1,65,241,115,126
050,28,153,"Mississippi","Wayne County",1,66,223,110,113
050,28,153,"Mississippi","Wayne County",1,67,203,103,100
050,28,153,"Mississippi","Wayne County",1,68,198,93,105
050,28,153,"Mississippi","Wayne County",1,69,198,94,104
050,28,153,"Mississippi","Wayne County",1,70,194,95,99
050,28,153,"Mississippi","Wayne County",1,71,210,101,109
050,28,153,"Mississippi","Wayne County",1,72,188,87,101
050,28,153,"Mississippi","Wayne County",1,73,185,83,102
050,28,153,"Mississippi","Wayne County",1,74,140,66,74
050,28,153,"Mississippi","Wayne County",1,75,142,63,79
050,28,153,"Mississippi","Wayne County",1,76,123,55,68
050,28,153,"Mississippi","Wayne County",1,77,133,60,73
050,28,153,"Mississippi","Wayne County",1,78,122,48,74
050,28,153,"Mississippi","Wayne County",1,79,118,43,75
050,28,153,"Mississippi","Wayne County",1,80,79,29,50
050,28,153,"Mississippi","Wayne County",1,81,94,39,55
050,28,153,"Mississippi","Wayne County",1,82,95,42,53
050,28,153,"Mississippi","Wayne County",1,83,70,34,36
050,28,153,"Mississippi","Wayne County",1,84,77,39,38
050,28,153,"Mississippi","Wayne County",1,85,338,111,227
050,28,153,"Mississippi","Wayne County",2,0,262,133,129
050,28,153,"Mississippi","Wayne County",2,1,256,131,125
050,28,153,"Mississippi","Wayne County",2,2,246,120,126
050,28,153,"Mississippi","Wayne County",2,3,253,115,138
050,28,153,"Mississippi","Wayne County",2,4,270,130,140
050,28,153,"Mississippi","Wayne County",2,5,289,154,135
050,28,153,"Mississippi","Wayne County",2,6,271,144,127
050,28,153,"Mississippi","Wayne County",2,7,263,136,127
050,28,153,"Mississippi","Wayne County",2,8,274,138,136
050,28,153,"Mississippi","Wayne County",2,9,289,142,147
050,28,153,"Mississippi","Wayne County",2,10,277,144,133
050,28,153,"Mississippi","Wayne County",2,11,273,140,133
050,28,153,"Mississippi","Wayne County",2,12,293,153,140
050,28,153,"Mississippi","Wayne County",2,13,305,165,140
050,28,153,"Mississippi","Wayne County",2,14,288,154,134
050,28,153,"Mississippi","Wayne County",2,15,253,126,127
050,28,153,"Mississippi","Wayne County",2,16,270,134,136
050,28,153,"Mississippi","Wayne County",2,17,273,134,139
050,28,153,"Mississippi","Wayne County",2,18,223,110,113
050,28,153,"Mississippi","Wayne County",2,19,200,97,103
050,28,153,"Mississippi","Wayne County",2,20,228,113,115
050,28,153,"Mississippi","Wayne County",2,21,237,119,118
050,28,153,"Mississippi","Wayne County",2,22,241,115,126
050,28,153,"Mississippi","Wayne County",2,23,254,125,129
050,28,153,"Mississippi","Wayne County",2,24,251,123,128
050,28,153,"Mississippi","Wayne County",2,25,246,123,123
050,28,153,"Mississippi","Wayne County",2,26,255,133,122
050,28,153,"Mississippi","Wayne County",2,27,256,126,130
050,28,153,"Mississippi","Wayne County",2,28,258,121,137
050,28,153,"Mississippi","Wayne County",2,29,272,138,134
050,28,153,"Mississippi","Wayne County",2,30,272,133,139
050,28,153,"Mississippi","Wayne County",2,31,252,125,127
050,28,153,"Mississippi","Wayne County",2,32,224,114,110
050,28,153,"Mississippi","Wayne County",2,33,209,102,107
050,28,153,"Mississippi","Wayne County",2,34,220,101,119
050,28,153,"Mississippi","Wayne County",2,35,226,100,126
050,28,153,"Mississippi","Wayne County",2,36,241,103,138
050,28,153,"Mississippi","Wayne County",2,37,244,114,130
050,28,153,"Mississippi","Wayne County",2,38,245,118,127
050,28,153,"Mississippi","Wayne County",2,39,227,107,120
050,28,153,"Mississippi","Wayne County",2,40,222,106,116
050,28,153,"Mississippi","Wayne County",2,41,228,105,123
050,28,153,"Mississippi","Wayne County",2,42,236,106,130
050,28,153,"Mississippi","Wayne County",2,43,247,114,133
050,28,153,"Mississippi","Wayne County",2,44,220,109,111
050,28,153,"Mississippi","Wayne County",2,45,218,109,109
050,28,153,"Mississippi","Wayne County",2,46,225,112,113
050,28,153,"Mississippi","Wayne County",2,47,239,119,120
050,28,153,"Mississippi","Wayne County",2,48,239,115,124
050,28,153,"Mississippi","Wayne County",2,49,240,115,125
050,28,153,"Mississippi","Wayne County",2,50,233,109,124
050,28,153,"Mississippi","Wayne County",2,51,219,115,104
050,28,153,"Mississippi","Wayne County",2,52,228,109,119
050,28,153,"Mississippi","Wayne County",2,53,229,103,126
050,28,153,"Mississippi","Wayne County",2,54,233,111,122
050,28,153,"Mississippi","Wayne County",2,55,244,118,126
050,28,153,"Mississippi","Wayne County",2,56,255,125,130
050,28,153,"Mississippi","Wayne County",2,57,280,139,141
050,28,153,"Mississippi","Wayne County",2,58,296,147,149
050,28,153,"Mississippi","Wayne County",2,59,292,140,152
050,28,153,"Mississippi","Wayne County",2,60,292,135,157
050,28,153,"Mississippi","Wayne County",2,61,283,141,142
050,28,153,"Mississippi","Wayne County",2,62,285,149,136
050,28,153,"Mississippi","Wayne County",2,63,292,146,146
050,28,153,"Mississippi","Wayne County",2,64,269,134,135
050,28,153,"Mississippi","Wayne County",2,65,247,120,127
050,28,153,"Mississippi","Wayne County",2,66,230,113,117
050,28,153,"Mississippi","Wayne County",2,67,205,103,102
050,28,153,"Mississippi","Wayne County",2,68,193,92,101
050,28,153,"Mississippi","Wayne County",2,69,199,94,105
050,28,153,"Mississippi","Wayne County",2,70,194,94,100
050,28,153,"Mississippi","Wayne County",2,71,207,100,107
050,28,153,"Mississippi","Wayne County",2,72,188,87,101
050,28,153,"Mississippi","Wayne County",2,73,196,88,108
050,28,153,"Mississippi","Wayne County",2,74,138,63,75
050,28,153,"Mississippi","Wayne County",2,75,140,63,77
050,28,153,"Mississippi","Wayne County",2,76,124,54,70
050,28,153,"Mississippi","Wayne County",2,77,131,58,73
050,28,153,"Mississippi","Wayne County",2,78,119,49,70
050,28,153,"Mississippi","Wayne County",2,79,113,42,71
050,28,153,"Mississippi","Wayne County",2,80,85,30,55
050,28,153,"Mississippi","Wayne County",2,81,85,34,51
050,28,153,"Mississippi","Wayne County",2,82,92,41,51
050,28,153,"Mississippi","Wayne County",2,83,73,35,38
050,28,153,"Mississippi","Wayne County",2,84,76,38,38
050,28,153,"Mississippi","Wayne County",2,85,343,115,228
050,28,153,"Mississippi","Wayne County",3,0,266,136,130
050,28,153,"Mississippi","Wayne County",3,1,235,128,107
050,28,153,"Mississippi","Wayne County",3,2,253,134,119
050,28,153,"Mississippi","Wayne County",3,3,257,130,127
050,28,153,"Mississippi","Wayne County",3,4,253,117,136
050,28,153,"Mississippi","Wayne County",3,5,277,133,144
050,28,153,"Mississippi","Wayne County",3,6,276,152,124
050,28,153,"Mississippi","Wayne County",3,7,269,147,122
050,28,153,"Mississippi","Wayne County",3,8,251,131,120
050,28,153,"Mississippi","Wayne County",3,9,262,136,126
050,28,153,"Mississippi","Wayne County",3,10,288,138,150
050,28,153,"Mississippi","Wayne County",3,11,283,150,133
050,28,153,"Mississippi","Wayne County",3,12,280,144,136
050,28,153,"Mississippi","Wayne County",3,13,295,154,141
050,28,153,"Mississippi","Wayne County",3,14,299,162,137
050,28,153,"Mississippi","Wayne County",3,15,279,152,127
050,28,153,"Mississippi","Wayne County",3,16,262,126,136
050,28,153,"Mississippi","Wayne County",3,17,281,134,147
050,28,153,"Mississippi","Wayne County",3,18,232,117,115
050,28,153,"Mississippi","Wayne County",3,19,189,92,97
050,28,153,"Mississippi","Wayne County",3,20,202,97,105
050,28,153,"Mississippi","Wayne County",3,21,235,111,124
050,28,153,"Mississippi","Wayne County",3,22,246,126,120
050,28,153,"Mississippi","Wayne County",3,23,230,108,122
050,28,153,"Mississippi","Wayne County",3,24,247,122,125
050,28,153,"Mississippi","Wayne County",3,25,236,113,123
050,28,153,"Mississippi","Wayne County",3,26,249,117,132
050,28,153,"Mississippi","Wayne County",3,27,255,133,122
050,28,153,"Mississippi","Wayne County",3,28,235,110,125
050,28,153,"Mississippi","Wayne County",3,29,255,120,135
050,28,153,"Mississippi","Wayne County",3,30,264,130,134
050,28,153,"Mississippi","Wayne County",3,31,263,129,134
050,28,153,"Mississippi","Wayne County",3,32,250,129,121
050,28,153,"Mississippi","Wayne County",3,33,208,104,104
050,28,153,"Mississippi","Wayne County",3,34,208,97,111
050,28,153,"Mississippi","Wayne County",3,35,214,97,117
050,28,153,"Mississippi","Wayne County",3,36,223,96,127
050,28,153,"Mississippi","Wayne County",3,37,242,107,135
050,28,153,"Mississippi","Wayne County",3,38,241,113,128
050,28,153,"Mississippi","Wayne County",3,39,252,122,130
050,28,153,"Mississippi","Wayne County",3,40,228,109,119
050,28,153,"Mississippi","Wayne County",3,41,225,106,119
050,28,153,"Mississippi","Wayne County",3,42,237,114,123
050,28,153,"Mississippi","Wayne County",3,43,234,101,133
050,28,153,"Mississippi","Wayne County",3,44,248,117,131
050,28,153,"Mississippi","Wayne County",3,45,218,110,108
050,28,153,"Mississippi","Wayne County",3,46,219,110,109
050,28,153,"Mississippi","Wayne County",3,47,224,107,117
050,28,153,"Mississippi","Wayne County",3,48,240,122,118
050,28,153,"Mississippi","Wayne County",3,49,233,116,117
050,28,153,"Mississippi","Wayne County",3,50,248,118,130
050,28,153,"Mississippi","Wayne County",3,51,234,111,123
050,28,153,"Mississippi","Wayne County",3,52,219,109,110
050,28,153,"Mississippi","Wayne County",3,53,226,110,116
050,28,153,"Mississippi","Wayne County",3,54,222,99,123
050,28,153,"Mississippi","Wayne County",3,55,232,108,124
050,28,153,"Mississippi","Wayne County",3,56,227,114,113
050,28,153,"Mississippi","Wayne County",3,57,248,117,131
050,28,153,"Mississippi","Wayne County",3,58,283,138,145
050,28,153,"Mississippi","Wayne County",3,59,290,147,143
050,28,153,"Mississippi","Wayne County",3,60,291,142,149
050,28,153,"Mississippi","Wayne County",3,61,282,129,153
050,28,153,"Mississippi","Wayne County",3,62,280,136,144
050,28,153,"Mississippi","Wayne County",3,63,289,154,135
050,28,153,"Mississippi","Wayne County",3,64,291,140,151
050,28,153,"Mississippi","Wayne County",3,65,260,131,129
050,28,153,"Mississippi","Wayne County",3,66,244,114,130
050,28,153,"Mississippi","Wayne County",3,67,224,109,115
050,28,153,"Mississippi","Wayne County",3,68,196,97,99
050,28,153,"Mississippi","Wayne County",3,69,190,92,98
050,28,153,"Mississippi","Wayne County",3,70,192,89,103
050,28,153,"Mississippi","Wayne County",3,71,195,96,99
050,28,153,"Mississippi","Wayne County",3,72,199,95,104
050,28,153,"Mississippi","Wayne County",3,73,186,85,101
050,28,153,"Mississippi","Wayne County",3,74,185,82,103
050,28,153,"Mississippi","Wayne County",3,75,133,60,73
050,28,153,"Mississippi","Wayne County",3,76,130,56,74
050,28,153,"Mississippi","Wayne County",3,77,118,49,69
050,28,153,"Mississippi","Wayne County",3,78,118,56,62
050,28,153,"Mississippi","Wayne County",3,79,115,45,70
050,28,153,"Mississippi","Wayne County",3,80,101,38,63
050,28,153,"Mississippi","Wayne County",3,81,79,29,50
050,28,153,"Mississippi","Wayne County",3,82,79,32,47
050,28,153,"Mississippi","Wayne County",3,83,88,39,49
050,28,153,"Mississippi","Wayne County",3,84,69,33,36
050,28,153,"Mississippi","Wayne County",3,85,358,131,227
050,28,153,"Mississippi","Wayne County",4,0,258,138,120
050,28,153,"Mississippi","Wayne County",4,1,253,130,123
050,28,153,"Mississippi","Wayne County",4,2,243,132,111
050,28,153,"Mississippi","Wayne County",4,3,237,128,109
050,28,153,"Mississippi","Wayne County",4,4,260,132,128
050,28,153,"Mississippi","Wayne County",4,5,255,126,129
050,28,153,"Mississippi","Wayne County",4,6,275,133,142
050,28,153,"Mississippi","Wayne County",4,7,277,154,123
050,28,153,"Mississippi","Wayne County",4,8,259,138,121
050,28,153,"Mississippi","Wayne County",4,9,252,131,121
050,28,153,"Mississippi","Wayne County",4,10,265,146,119
050,28,153,"Mississippi","Wayne County",4,11,290,141,149
050,28,153,"Mississippi","Wayne County",4,12,284,147,137
050,28,153,"Mississippi","Wayne County",4,13,283,139,144
050,28,153,"Mississippi","Wayne County",4,14,308,157,151
050,28,153,"Mississippi","Wayne County",4,15,315,169,146
050,28,153,"Mississippi","Wayne County",4,16,285,154,131
050,28,153,"Mississippi","Wayne County",4,17,260,126,134
050,28,153,"Mississippi","Wayne County",4,18,236,118,118
050,28,153,"Mississippi","Wayne County",4,19,185,94,91
050,28,153,"Mississippi","Wayne County",4,20,188,94,94
050,28,153,"Mississippi","Wayne County",4,21,209,98,111
050,28,153,"Mississippi","Wayne County",4,22,237,104,133
050,28,153,"Mississippi","Wayne County",4,23,256,133,123
050,28,153,"Mississippi","Wayne County",4,24,231,103,128
050,28,153,"Mississippi","Wayne County",4,25,250,128,122
050,28,153,"Mississippi","Wayne County",4,26,243,115,128
050,28,153,"Mississippi","Wayne County",4,27,234,110,124
050,28,153,"Mississippi","Wayne County",4,28,241,123,118
050,28,153,"Mississippi","Wayne County",4,29,245,115,130
050,28,153,"Mississippi","Wayne County",4,30,255,118,137
050,28,153,"Mississippi","Wayne County",4,31,256,129,127
050,28,153,"Mississippi","Wayne County",4,32,267,129,138
050,28,153,"Mississippi","Wayne County",4,33,249,131,118
050,28,153,"Mississippi","Wayne County",4,34,204,105,99
050,28,153,"Mississippi","Wayne County",4,35,220,104,116
050,28,153,"Mississippi","Wayne County",4,36,216,98,118
050,28,153,"Mississippi","Wayne County",4,37,221,94,127
050,28,153,"Mississippi","Wayne County",4,38,238,103,135
050,28,153,"Mississippi","Wayne County",4,39,246,116,130
050,28,153,"Mississippi","Wayne County",4,40,242,116,126
050,28,153,"Mississippi","Wayne County",4,41,223,104,119
050,28,153,"Mississippi","Wayne County",4,42,223,108,115
050,28,153,"Mississippi","Wayne County",4,43,237,115,122
050,28,153,"Mississippi","Wayne County",4,44,235,100,135
050,28,153,"Mississippi","Wayne County",4,45,253,120,133
050,28,153,"Mississippi","Wayne County",4,46,207,104,103
050,28,153,"Mississippi","Wayne County",4,47,206,97,109
050,28,153,"Mississippi","Wayne County",4,48,225,105,120
050,28,153,"Mississippi","Wayne County",4,49,239,124,115
050,28,153,"Mississippi","Wayne County",4,50,224,111,113
050,28,153,"Mississippi","Wayne County",4,51,248,117,131
050,28,153,"Mississippi","Wayne County",4,52,232,108,124
050,28,153,"Mississippi","Wayne County",4,53,214,106,108
050,28,153,"Mississippi","Wayne County",4,54,223,106,117
050,28,153,"Mississippi","Wayne County",4,55,224,99,125
050,28,153,"Mississippi","Wayne County",4,56,217,103,114
050,28,153,"Mississippi","Wayne County",4,57,228,112,116
050,28,153,"Mississippi","Wayne County",4,58,245,119,126
050,28,153,"Mississippi","Wayne County",4,59,286,142,144
050,28,153,"Mississippi","Wayne County",4,60,288,147,141
050,28,153,"Mississippi","Wayne County",4,61,281,138,143
050,28,153,"Mississippi","Wayne County",4,62,280,127,153
050,28,153,"Mississippi","Wayne County",4,63,275,133,142
050,28,153,"Mississippi","Wayne County",4,64,280,150,130
050,28,153,"Mississippi","Wayne County",4,65,286,137,149
050,28,153,"Mississippi","Wayne County",4,66,257,130,127
050,28,153,"Mississippi","Wayne County",4,67,242,114,128
050,28,153,"Mississippi","Wayne County",4,68,217,103,114
050,28,153,"Mississippi","Wayne County",4,69,185,94,91
050,28,153,"Mississippi","Wayne County",4,70,182,88,94
050,28,153,"Mississippi","Wayne County",4,71,192,90,102
050,28,153,"Mississippi","Wayne County",4,72,186,89,97
050,28,153,"Mississippi","Wayne County",4,73,191,93,98
050,28,153,"Mississippi","Wayne County",4,74,173,77,96
050,28,153,"Mississippi","Wayne County",4,75,175,80,95
050,28,153,"Mississippi","Wayne County",4,76,130,56,74
050,28,153,"Mississippi","Wayne County",4,77,125,51,74
050,28,153,"Mississippi","Wayne County",4,78,109,45,64
050,28,153,"Mississippi","Wayne County",4,79,113,51,62
050,28,153,"Mississippi","Wayne County",4,80,101,42,59
050,28,153,"Mississippi","Wayne County",4,81,93,35,58
050,28,153,"Mississippi","Wayne County",4,82,75,29,46
050,28,153,"Mississippi","Wayne County",4,83,71,29,42
050,28,153,"Mississippi","Wayne County",4,84,84,37,47
050,28,153,"Mississippi","Wayne County",4,85,375,143,232
050,28,153,"Mississippi","Wayne County",5,0,258,140,118
050,28,153,"Mississippi","Wayne County",5,1,281,151,130
050,28,153,"Mississippi","Wayne County",5,2,264,135,129
050,28,153,"Mississippi","Wayne County",5,3,251,131,120
050,28,153,"Mississippi","Wayne County",5,4,239,126,113
050,28,153,"Mississippi","Wayne County",5,5,265,136,129
050,28,153,"Mississippi","Wayne County",5,6,250,121,129
050,28,153,"Mississippi","Wayne County",5,7,277,136,141
050,28,153,"Mississippi","Wayne County",5,8,277,153,124
050,28,153,"Mississippi","Wayne County",5,9,274,146,128
050,28,153,"Mississippi","Wayne County",5,10,253,132,121
050,28,153,"Mississippi","Wayne County",5,11,272,150,122
050,28,153,"Mississippi","Wayne County",5,12,291,144,147
050,28,153,"Mississippi","Wayne County",5,13,282,151,131
050,28,153,"Mississippi","Wayne County",5,14,292,149,143
050,28,153,"Mississippi","Wayne County",5,15,304,152,152
050,28,153,"Mississippi","Wayne County",5,16,334,174,160
050,28,153,"Mississippi","Wayne County",5,17,286,153,133
050,28,153,"Mississippi","Wayne County",5,18,222,109,113
050,28,153,"Mississippi","Wayne County",5,19,204,107,97
050,28,153,"Mississippi","Wayne County",5,20,211,107,104
050,28,153,"Mississippi","Wayne County",5,21,210,99,111
050,28,153,"Mississippi","Wayne County",5,22,218,104,114
050,28,153,"Mississippi","Wayne County",5,23,247,113,134
050,28,153,"Mississippi","Wayne County",5,24,258,132,126
050,28,153,"Mississippi","Wayne County",5,25,223,99,124
050,28,153,"Mississippi","Wayne County",5,26,239,126,113
050,28,153,"Mississippi","Wayne County",5,27,237,107,130
050,28,153,"Mississippi","Wayne County",5,28,229,110,119
050,28,153,"Mississippi","Wayne County",5,29,247,126,121
050,28,153,"Mississippi","Wayne County",5,30,260,121,139
050,28,153,"Mississippi","Wayne County",5,31,251,114,137
050,28,153,"Mississippi","Wayne County",5,32,251,122,129
050,28,153,"Mississippi","Wayne County",5,33,269,129,140
050,28,153,"Mississippi","Wayne County",5,34,250,130,120
050,28,153,"Mississippi","Wayne County",5,35,215,108,107
050,28,153,"Mississippi","Wayne County",5,36,215,100,115
050,28,153,"Mississippi","Wayne County",5,37,212,96,116
050,28,153,"Mississippi","Wayne County",5,38,208,81,127
050,28,153,"Mississippi","Wayne County",5,39,246,108,138
050,28,153,"Mississippi","Wayne County",5,40,238,113,125
050,28,153,"Mississippi","Wayne County",5,41,243,113,130
050,28,153,"Mississippi","Wayne County",5,42,220,105,115
050,28,153,"Mississippi","Wayne County",5,43,224,108,116
050,28,153,"Mississippi","Wayne County",5,44,237,117,120
050,28,153,"Mississippi","Wayne County",5,45,238,102,136
050,28,153,"Mississippi","Wayne County",5,46,248,117,131
050,28,153,"Mississippi","Wayne County",5,47,205,101,104
050,28,153,"Mississippi","Wayne County",5,48,214,99,115
050,28,153,"Mississippi","Wayne County",5,49,216,101,115
050,28,153,"Mississippi","Wayne County",5,50,239,121,118
050,28,153,"Mississippi","Wayne County",5,51,225,111,114
050,28,153,"Mississippi","Wayne County",5,52,245,112,133
050,28,153,"Mississippi","Wayne County",5,53,231,108,123
050,28,153,"Mississippi","Wayne County",5,54,217,105,112
050,28,153,"Mississippi","Wayne County",5,55,220,105,115
050,28,153,"Mississippi","Wayne County",5,56,217,101,116
050,28,153,"Mississippi","Wayne County",5,57,217,108,109
050,28,153,"Mississippi","Wayne County",5,58,227,113,114
050,28,153,"Mississippi","Wayne County",5,59,241,120,121
050,28,153,"Mississippi","Wayne County",5,60,277,135,142
050,28,153,"Mississippi","Wayne County",5,61,280,142,138
050,28,153,"Mississippi","Wayne County",5,62,280,134,146
050,28,153,"Mississippi","Wayne County",5,63,284,125,159
050,28,153,"Mississippi","Wayne County",5,64,276,133,143
050,28,153,"Mississippi","Wayne County",5,65,275,144,131
050,28,153,"Mississippi","Wayne County",5,66,286,141,145
050,28,153,"Mississippi","Wayne County",5,67,260,131,129
050,28,153,"Mississippi","Wayne County",5,68,237,113,124
050,28,153,"Mississippi","Wayne County",5,69,212,102,110
050,28,153,"Mississippi","Wayne County",5,70,176,90,86
050,28,153,"Mississippi","Wayne County",5,71,184,92,92
050,28,153,"Mississippi","Wayne County",5,72,181,82,99
050,28,153,"Mississippi","Wayne County",5,73,177,85,92
050,28,153,"Mississippi","Wayne County",5,74,177,83,94
050,28,153,"Mississippi","Wayne County",5,75,162,74,88
050,28,153,"Mississippi","Wayne County",5,76,171,77,94
050,28,153,"Mississippi","Wayne County",5,77,126,52,74
050,28,153,"Mississippi","Wayne County",5,78,117,47,70
050,28,153,"Mississippi","Wayne County",5,79,103,39,64
050,28,153,"Mississippi","Wayne County",5,80,101,48,53
050,28,153,"Mississippi","Wayne County",5,81,97,41,56
050,28,153,"Mississippi","Wayne County",5,82,90,35,55
050,28,153,"Mississippi","Wayne County",5,83,66,25,41
050,28,153,"Mississippi","Wayne County",5,84,65,26,39
050,28,153,"Mississippi","Wayne County",5,85,409,157,252
050,28,155,"Mississippi","Webster County",1,0,114,59,55
050,28,155,"Mississippi","Webster County",1,1,125,64,61
050,28,155,"Mississippi","Webster County",1,2,112,59,53
050,28,155,"Mississippi","Webster County",1,3,126,55,71
050,28,155,"Mississippi","Webster County",1,4,125,54,71
050,28,155,"Mississippi","Webster County",1,5,115,49,66
050,28,155,"Mississippi","Webster County",1,6,132,68,64
050,28,155,"Mississippi","Webster County",1,7,139,79,60
050,28,155,"Mississippi","Webster County",1,8,125,73,52
050,28,155,"Mississippi","Webster County",1,9,117,67,50
050,28,155,"Mississippi","Webster County",1,10,117,56,61
050,28,155,"Mississippi","Webster County",1,11,145,77,68
050,28,155,"Mississippi","Webster County",1,12,152,79,73
050,28,155,"Mississippi","Webster County",1,13,154,79,75
050,28,155,"Mississippi","Webster County",1,14,151,72,79
050,28,155,"Mississippi","Webster County",1,15,132,66,66
050,28,155,"Mississippi","Webster County",1,16,139,70,69
050,28,155,"Mississippi","Webster County",1,17,145,71,74
050,28,155,"Mississippi","Webster County",1,18,107,55,52
050,28,155,"Mississippi","Webster County",1,19,96,52,44
050,28,155,"Mississippi","Webster County",1,20,109,57,52
050,28,155,"Mississippi","Webster County",1,21,100,53,47
050,28,155,"Mississippi","Webster County",1,22,106,48,58
050,28,155,"Mississippi","Webster County",1,23,106,50,56
050,28,155,"Mississippi","Webster County",1,24,105,43,62
050,28,155,"Mississippi","Webster County",1,25,107,52,55
050,28,155,"Mississippi","Webster County",1,26,102,47,55
050,28,155,"Mississippi","Webster County",1,27,110,52,58
050,28,155,"Mississippi","Webster County",1,28,121,66,55
050,28,155,"Mississippi","Webster County",1,29,123,58,65
050,28,155,"Mississippi","Webster County",1,30,128,64,64
050,28,155,"Mississippi","Webster County",1,31,128,67,61
050,28,155,"Mississippi","Webster County",1,32,101,46,55
050,28,155,"Mississippi","Webster County",1,33,114,51,63
050,28,155,"Mississippi","Webster County",1,34,128,63,65
050,28,155,"Mississippi","Webster County",1,35,134,60,74
050,28,155,"Mississippi","Webster County",1,36,121,55,66
050,28,155,"Mississippi","Webster County",1,37,116,62,54
050,28,155,"Mississippi","Webster County",1,38,121,60,61
050,28,155,"Mississippi","Webster County",1,39,132,78,54
050,28,155,"Mississippi","Webster County",1,40,114,63,51
050,28,155,"Mississippi","Webster County",1,41,114,56,58
050,28,155,"Mississippi","Webster County",1,42,106,50,56
050,28,155,"Mississippi","Webster County",1,43,108,54,54
050,28,155,"Mississippi","Webster County",1,44,110,58,52
050,28,155,"Mississippi","Webster County",1,45,87,43,44
050,28,155,"Mississippi","Webster County",1,46,110,54,56
050,28,155,"Mississippi","Webster County",1,47,119,60,59
050,28,155,"Mississippi","Webster County",1,48,130,66,64
050,28,155,"Mississippi","Webster County",1,49,121,62,59
050,28,155,"Mississippi","Webster County",1,50,132,74,58
050,28,155,"Mississippi","Webster County",1,51,130,58,72
050,28,155,"Mississippi","Webster County",1,52,137,63,74
050,28,155,"Mississippi","Webster County",1,53,129,64,65
050,28,155,"Mississippi","Webster County",1,54,127,62,65
050,28,155,"Mississippi","Webster County",1,55,137,61,76
050,28,155,"Mississippi","Webster County",1,56,138,65,73
050,28,155,"Mississippi","Webster County",1,57,154,81,73
050,28,155,"Mississippi","Webster County",1,58,163,85,78
050,28,155,"Mississippi","Webster County",1,59,153,87,66
050,28,155,"Mississippi","Webster County",1,60,136,74,62
050,28,155,"Mississippi","Webster County",1,61,143,71,72
050,28,155,"Mississippi","Webster County",1,62,136,63,73
050,28,155,"Mississippi","Webster County",1,63,150,66,84
050,28,155,"Mississippi","Webster County",1,64,141,65,76
050,28,155,"Mississippi","Webster County",1,65,119,65,54
050,28,155,"Mississippi","Webster County",1,66,119,63,56
050,28,155,"Mississippi","Webster County",1,67,114,49,65
050,28,155,"Mississippi","Webster County",1,68,110,45,65
050,28,155,"Mississippi","Webster County",1,69,126,65,61
050,28,155,"Mississippi","Webster County",1,70,104,48,56
050,28,155,"Mississippi","Webster County",1,71,93,41,52
050,28,155,"Mississippi","Webster County",1,72,105,49,56
050,28,155,"Mississippi","Webster County",1,73,96,39,57
050,28,155,"Mississippi","Webster County",1,74,59,28,31
050,28,155,"Mississippi","Webster County",1,75,70,31,39
050,28,155,"Mississippi","Webster County",1,76,74,37,37
050,28,155,"Mississippi","Webster County",1,77,76,36,40
050,28,155,"Mississippi","Webster County",1,78,66,26,40
050,28,155,"Mississippi","Webster County",1,79,49,22,27
050,28,155,"Mississippi","Webster County",1,80,53,18,35
050,28,155,"Mississippi","Webster County",1,81,49,18,31
050,28,155,"Mississippi","Webster County",1,82,44,14,30
050,28,155,"Mississippi","Webster County",1,83,44,20,24
050,28,155,"Mississippi","Webster County",1,84,42,17,25
050,28,155,"Mississippi","Webster County",1,85,207,45,162
050,28,155,"Mississippi","Webster County",2,0,117,63,54
050,28,155,"Mississippi","Webster County",2,1,123,64,59
050,28,155,"Mississippi","Webster County",2,2,115,59,56
050,28,155,"Mississippi","Webster County",2,3,123,56,67
050,28,155,"Mississippi","Webster County",2,4,128,55,73
050,28,155,"Mississippi","Webster County",2,5,119,51,68
050,28,155,"Mississippi","Webster County",2,6,130,64,66
050,28,155,"Mississippi","Webster County",2,7,135,76,59
050,28,155,"Mississippi","Webster County",2,8,127,74,53
050,28,155,"Mississippi","Webster County",2,9,119,68,51
050,28,155,"Mississippi","Webster County",2,10,119,60,59
050,28,155,"Mississippi","Webster County",2,11,138,70,68
050,28,155,"Mississippi","Webster County",2,12,151,79,72
050,28,155,"Mississippi","Webster County",2,13,151,78,73
050,28,155,"Mississippi","Webster County",2,14,150,72,78
050,28,155,"Mississippi","Webster County",2,15,135,66,69
050,28,155,"Mississippi","Webster County",2,16,138,68,70
050,28,155,"Mississippi","Webster County",2,17,140,69,71
050,28,155,"Mississippi","Webster County",2,18,111,57,54
050,28,155,"Mississippi","Webster County",2,19,93,49,44
050,28,155,"Mississippi","Webster County",2,20,109,58,51
050,28,155,"Mississippi","Webster County",2,21,102,53,49
050,28,155,"Mississippi","Webster County",2,22,103,48,55
050,28,155,"Mississippi","Webster County",2,23,107,49,58
050,28,155,"Mississippi","Webster County",2,24,105,45,60
050,28,155,"Mississippi","Webster County",2,25,106,50,56
050,28,155,"Mississippi","Webster County",2,26,104,48,56
050,28,155,"Mississippi","Webster County",2,27,109,51,58
050,28,155,"Mississippi","Webster County",2,28,120,64,56
050,28,155,"Mississippi","Webster County",2,29,124,60,64
050,28,155,"Mississippi","Webster County",2,30,131,65,66
050,28,155,"Mississippi","Webster County",2,31,127,66,61
050,28,155,"Mississippi","Webster County",2,32,107,51,56
050,28,155,"Mississippi","Webster County",2,33,111,51,60
050,28,155,"Mississippi","Webster County",2,34,125,60,65
050,28,155,"Mississippi","Webster County",2,35,132,60,72
050,28,155,"Mississippi","Webster County",2,36,122,55,67
050,28,155,"Mississippi","Webster County",2,37,116,59,57
050,28,155,"Mississippi","Webster County",2,38,122,62,60
050,28,155,"Mississippi","Webster County",2,39,129,73,56
050,28,155,"Mississippi","Webster County",2,40,121,67,54
050,28,155,"Mississippi","Webster County",2,41,115,58,57
050,28,155,"Mississippi","Webster County",2,42,107,52,55
050,28,155,"Mississippi","Webster County",2,43,107,53,54
050,28,155,"Mississippi","Webster County",2,44,108,56,52
050,28,155,"Mississippi","Webster County",2,45,90,44,46
050,28,155,"Mississippi","Webster County",2,46,103,51,52
050,28,155,"Mississippi","Webster County",2,47,115,58,57
050,28,155,"Mississippi","Webster County",2,48,127,65,62
050,28,155,"Mississippi","Webster County",2,49,125,64,61
050,28,155,"Mississippi","Webster County",2,50,130,71,59
050,28,155,"Mississippi","Webster County",2,51,131,62,69
050,28,155,"Mississippi","Webster County",2,52,134,62,72
050,28,155,"Mississippi","Webster County",2,53,130,64,66
050,28,155,"Mississippi","Webster County",2,54,127,62,65
050,28,155,"Mississippi","Webster County",2,55,135,61,74
050,28,155,"Mississippi","Webster County",2,56,140,65,75
050,28,155,"Mississippi","Webster County",2,57,150,77,73
050,28,155,"Mississippi","Webster County",2,58,159,83,76
050,28,155,"Mississippi","Webster County",2,59,155,87,68
050,28,155,"Mississippi","Webster County",2,60,140,76,64
050,28,155,"Mississippi","Webster County",2,61,136,69,67
050,28,155,"Mississippi","Webster County",2,62,139,65,74
050,28,155,"Mississippi","Webster County",2,63,151,67,84
050,28,155,"Mississippi","Webster County",2,64,143,65,78
050,28,155,"Mississippi","Webster County",2,65,123,64,59
050,28,155,"Mississippi","Webster County",2,66,120,64,56
050,28,155,"Mississippi","Webster County",2,67,114,51,63
050,28,155,"Mississippi","Webster County",2,68,109,46,63
050,28,155,"Mississippi","Webster County",2,69,125,62,63
050,28,155,"Mississippi","Webster County",2,70,108,51,57
050,28,155,"Mississippi","Webster County",2,71,93,43,50
050,28,155,"Mississippi","Webster County",2,72,99,45,54
050,28,155,"Mississippi","Webster County",2,73,105,44,61
050,28,155,"Mississippi","Webster County",2,74,64,30,34
050,28,155,"Mississippi","Webster County",2,75,64,28,36
050,28,155,"Mississippi","Webster County",2,76,71,34,37
050,28,155,"Mississippi","Webster County",2,77,77,38,39
050,28,155,"Mississippi","Webster County",2,78,66,26,40
050,28,155,"Mississippi","Webster County",2,79,52,23,29
050,28,155,"Mississippi","Webster County",2,80,46,15,31
050,28,155,"Mississippi","Webster County",2,81,47,17,30
050,28,155,"Mississippi","Webster County",2,82,43,14,29
050,28,155,"Mississippi","Webster County",2,83,45,20,25
050,28,155,"Mississippi","Webster County",2,84,38,15,23
050,28,155,"Mississippi","Webster County",2,85,202,41,161
050,28,155,"Mississippi","Webster County",3,0,125,59,66
050,28,155,"Mississippi","Webster County",3,1,132,67,65
050,28,155,"Mississippi","Webster County",3,2,130,64,66
050,28,155,"Mississippi","Webster County",3,3,126,64,62
050,28,155,"Mississippi","Webster County",3,4,123,57,66
050,28,155,"Mississippi","Webster County",3,5,136,57,79
050,28,155,"Mississippi","Webster County",3,6,122,55,67
050,28,155,"Mississippi","Webster County",3,7,135,68,67
050,28,155,"Mississippi","Webster County",3,8,146,82,64
050,28,155,"Mississippi","Webster County",3,9,128,74,54
050,28,155,"Mississippi","Webster County",3,10,108,62,46
050,28,155,"Mississippi","Webster County",3,11,117,60,57
050,28,155,"Mississippi","Webster County",3,12,138,69,69
050,28,155,"Mississippi","Webster County",3,13,150,76,74
050,28,155,"Mississippi","Webster County",3,14,146,73,73
050,28,155,"Mississippi","Webster County",3,15,151,69,82
050,28,155,"Mississippi","Webster County",3,16,136,67,69
050,28,155,"Mississippi","Webster County",3,17,140,71,69
050,28,155,"Mississippi","Webster County",3,18,114,59,55
050,28,155,"Mississippi","Webster County",3,19,91,49,42
050,28,155,"Mississippi","Webster County",3,20,99,53,46
050,28,155,"Mississippi","Webster County",3,21,113,58,55
050,28,155,"Mississippi","Webster County",3,22,109,56,53
050,28,155,"Mississippi","Webster County",3,23,117,56,61
050,28,155,"Mississippi","Webster County",3,24,114,59,55
050,28,155,"Mississippi","Webster County",3,25,108,49,59
050,28,155,"Mississippi","Webster County",3,26,113,57,56
050,28,155,"Mississippi","Webster County",3,27,105,50,55
050,28,155,"Mississippi","Webster County",3,28,105,47,58
050,28,155,"Mississippi","Webster County",3,29,125,67,58
050,28,155,"Mississippi","Webster County",3,30,127,64,63
050,28,155,"Mississippi","Webster County",3,31,129,69,60
050,28,155,"Mississippi","Webster County",3,32,127,66,61
050,28,155,"Mississippi","Webster County",3,33,110,49,61
050,28,155,"Mississippi","Webster County",3,34,113,50,63
050,28,155,"Mississippi","Webster County",3,35,128,64,64
050,28,155,"Mississippi","Webster County",3,36,131,57,74
050,28,155,"Mississippi","Webster County",3,37,125,55,70
050,28,155,"Mississippi","Webster County",3,38,121,63,58
050,28,155,"Mississippi","Webster County",3,39,124,67,57
050,28,155,"Mississippi","Webster County",3,40,130,73,57
050,28,155,"Mississippi","Webster County",3,41,121,66,55
050,28,155,"Mississippi","Webster County",3,42,115,56,59
050,28,155,"Mississippi","Webster County",3,43,106,52,54
050,28,155,"Mississippi","Webster County",3,44,109,58,51
050,28,155,"Mississippi","Webster County",3,45,110,56,54
050,28,155,"Mississippi","Webster County",3,46,98,49,49
050,28,155,"Mississippi","Webster County",3,47,108,51,57
050,28,155,"Mississippi","Webster County",3,48,113,56,57
050,28,155,"Mississippi","Webster County",3,49,127,65,62
050,28,155,"Mississippi","Webster County",3,50,131,69,62
050,28,155,"Mississippi","Webster County",3,51,119,63,56
050,28,155,"Mississippi","Webster County",3,52,132,63,69
050,28,155,"Mississippi","Webster County",3,53,128,57,71
050,28,155,"Mississippi","Webster County",3,54,128,62,66
050,28,155,"Mississippi","Webster County",3,55,131,64,67
050,28,155,"Mississippi","Webster County",3,56,132,61,71
050,28,155,"Mississippi","Webster County",3,57,148,68,80
050,28,155,"Mississippi","Webster County",3,58,152,77,75
050,28,155,"Mississippi","Webster County",3,59,162,83,79
050,28,155,"Mississippi","Webster County",3,60,151,88,63
050,28,155,"Mississippi","Webster County",3,61,144,76,68
050,28,155,"Mississippi","Webster County",3,62,130,64,66
050,28,155,"Mississippi","Webster County",3,63,139,66,73
050,28,155,"Mississippi","Webster County",3,64,141,64,77
050,28,155,"Mississippi","Webster County",3,65,138,64,74
050,28,155,"Mississippi","Webster County",3,66,123,64,59
050,28,155,"Mississippi","Webster County",3,67,112,57,55
050,28,155,"Mississippi","Webster County",3,68,110,50,60
050,28,155,"Mississippi","Webster County",3,69,112,48,64
050,28,155,"Mississippi","Webster County",3,70,123,56,67
050,28,155,"Mississippi","Webster County",3,71,97,48,49
050,28,155,"Mississippi","Webster County",3,72,90,41,49
050,28,155,"Mississippi","Webster County",3,73,103,42,61
050,28,155,"Mississippi","Webster County",3,74,99,45,54
050,28,155,"Mississippi","Webster County",3,75,48,22,26
050,28,155,"Mississippi","Webster County",3,76,59,25,34
050,28,155,"Mississippi","Webster County",3,77,68,35,33
050,28,155,"Mississippi","Webster County",3,78,75,31,44
050,28,155,"Mississippi","Webster County",3,79,56,23,33
050,28,155,"Mississippi","Webster County",3,80,51,19,32
050,28,155,"Mississippi","Webster County",3,81,36,14,22
050,28,155,"Mississippi","Webster County",3,82,49,17,32
050,28,155,"Mississippi","Webster County",3,83,46,21,25
050,28,155,"Mississippi","Webster County",3,84,37,16,21
050,28,155,"Mississippi","Webster County",3,85,196,33,163
050,28,155,"Mississippi","Webster County",4,0,131,62,69
050,28,155,"Mississippi","Webster County",4,1,122,58,64
050,28,155,"Mississippi","Webster County",4,2,137,67,70
050,28,155,"Mississippi","Webster County",4,3,126,67,59
050,28,155,"Mississippi","Webster County",4,4,125,64,61
050,28,155,"Mississippi","Webster County",4,5,121,55,66
050,28,155,"Mississippi","Webster County",4,6,138,57,81
050,28,155,"Mississippi","Webster County",4,7,120,48,72
050,28,155,"Mississippi","Webster County",4,8,136,68,68
050,28,155,"Mississippi","Webster County",4,9,159,88,71
050,28,155,"Mississippi","Webster County",4,10,133,78,55
050,28,155,"Mississippi","Webster County",4,11,107,61,46
050,28,155,"Mississippi","Webster County",4,12,116,58,58
050,28,155,"Mississippi","Webster County",4,13,142,72,70
050,28,155,"Mississippi","Webster County",4,14,155,78,77
050,28,155,"Mississippi","Webster County",4,15,147,73,74
050,28,155,"Mississippi","Webster County",4,16,152,72,80
050,28,155,"Mississippi","Webster County",4,17,130,66,64
050,28,155,"Mississippi","Webster County",4,18,116,59,57
050,28,155,"Mississippi","Webster County",4,19,88,43,45
050,28,155,"Mississippi","Webster County",4,20,97,51,46
050,28,155,"Mississippi","Webster County",4,21,95,47,48
050,28,155,"Mississippi","Webster County",4,22,118,61,57
050,28,155,"Mississippi","Webster County",4,23,114,58,56
050,28,155,"Mississippi","Webster County",4,24,126,64,62
050,28,155,"Mississippi","Webster County",4,25,110,59,51
050,28,155,"Mississippi","Webster County",4,26,109,49,60
050,28,155,"Mississippi","Webster County",4,27,107,52,55
050,28,155,"Mississippi","Webster County",4,28,111,52,59
050,28,155,"Mississippi","Webster County",4,29,114,56,58
050,28,155,"Mississippi","Webster County",4,30,125,71,54
050,28,155,"Mississippi","Webster County",4,31,130,58,72
050,28,155,"Mississippi","Webster County",4,32,130,69,61
050,28,155,"Mississippi","Webster County",4,33,134,72,62
050,28,155,"Mississippi","Webster County",4,34,107,50,57
050,28,155,"Mississippi","Webster County",4,35,111,50,61
050,28,155,"Mississippi","Webster County",4,36,130,63,67
050,28,155,"Mississippi","Webster County",4,37,132,58,74
050,28,155,"Mississippi","Webster County",4,38,125,55,70
050,28,155,"Mississippi","Webster County",4,39,128,64,64
050,28,155,"Mississippi","Webster County",4,40,127,70,57
050,28,155,"Mississippi","Webster County",4,41,128,76,52
050,28,155,"Mississippi","Webster County",4,42,119,65,54
050,28,155,"Mississippi","Webster County",4,43,117,58,59
050,28,155,"Mississippi","Webster County",4,44,109,52,57
050,28,155,"Mississippi","Webster County",4,45,107,59,48
050,28,155,"Mississippi","Webster County",4,46,106,51,55
050,28,155,"Mississippi","Webster County",4,47,99,50,49
050,28,155,"Mississippi","Webster County",4,48,104,48,56
050,28,155,"Mississippi","Webster County",4,49,114,56,58
050,28,155,"Mississippi","Webster County",4,50,128,65,63
050,28,155,"Mississippi","Webster County",4,51,128,71,57
050,28,155,"Mississippi","Webster County",4,52,121,65,56
050,28,155,"Mississippi","Webster County",4,53,126,56,70
050,28,155,"Mississippi","Webster County",4,54,128,55,73
050,28,155,"Mississippi","Webster County",4,55,131,62,69
050,28,155,"Mississippi","Webster County",4,56,132,64,68
050,28,155,"Mississippi","Webster County",4,57,131,63,68
050,28,155,"Mississippi","Webster County",4,58,146,69,77
050,28,155,"Mississippi","Webster County",4,59,150,77,73
050,28,155,"Mississippi","Webster County",4,60,164,84,80
050,28,155,"Mississippi","Webster County",4,61,147,83,64
050,28,155,"Mississippi","Webster County",4,62,143,74,69
050,28,155,"Mississippi","Webster County",4,63,128,63,65
050,28,155,"Mississippi","Webster County",4,64,131,58,73
050,28,155,"Mississippi","Webster County",4,65,139,60,79
050,28,155,"Mississippi","Webster County",4,66,135,61,74
050,28,155,"Mississippi","Webster County",4,67,118,62,56
050,28,155,"Mississippi","Webster County",4,68,108,54,54
050,28,155,"Mississippi","Webster County",4,69,112,54,58
050,28,155,"Mississippi","Webster County",4,70,103,37,66
050,28,155,"Mississippi","Webster County",4,71,109,51,58
050,28,155,"Mississippi","Webster County",4,72,90,43,47
050,28,155,"Mississippi","Webster County",4,73,90,38,52
050,28,155,"Mississippi","Webster County",4,74,106,47,59
050,28,155,"Mississippi","Webster County",4,75,87,39,48
050,28,155,"Mississippi","Webster County",4,76,42,18,24
050,28,155,"Mississippi","Webster County",4,77,52,24,28
050,28,155,"Mississippi","Webster County",4,78,62,25,37
050,28,155,"Mississippi","Webster County",4,79,61,26,35
050,28,155,"Mississippi","Webster County",4,80,55,19,36
050,28,155,"Mississippi","Webster County",4,81,38,16,22
050,28,155,"Mississippi","Webster County",4,82,37,13,24
050,28,155,"Mississippi","Webster County",4,83,52,22,30
050,28,155,"Mississippi","Webster County",4,84,41,18,23
050,28,155,"Mississippi","Webster County",4,85,189,30,159
050,28,155,"Mississippi","Webster County",5,0,132,62,70
050,28,155,"Mississippi","Webster County",5,1,138,65,73
050,28,155,"Mississippi","Webster County",5,2,130,64,66
050,28,155,"Mississippi","Webster County",5,3,141,72,69
050,28,155,"Mississippi","Webster County",5,4,135,74,61
050,28,155,"Mississippi","Webster County",5,5,126,64,62
050,28,155,"Mississippi","Webster County",5,6,132,62,70
050,28,155,"Mississippi","Webster County",5,7,135,56,79
050,28,155,"Mississippi","Webster County",5,8,114,46,68
050,28,155,"Mississippi","Webster County",5,9,143,69,74
050,28,155,"Mississippi","Webster County",5,10,152,82,70
050,28,155,"Mississippi","Webster County",5,11,123,67,56
050,28,155,"Mississippi","Webster County",5,12,115,67,48
050,28,155,"Mississippi","Webster County",5,13,111,56,55
050,28,155,"Mississippi","Webster County",5,14,144,70,74
050,28,155,"Mississippi","Webster County",5,15,152,75,77
050,28,155,"Mississippi","Webster County",5,16,150,75,75
050,28,155,"Mississippi","Webster County",5,17,153,75,78
050,28,155,"Mississippi","Webster County",5,18,109,57,52
050,28,155,"Mississippi","Webster County",5,19,93,47,46
050,28,155,"Mississippi","Webster County",5,20,102,49,53
050,28,155,"Mississippi","Webster County",5,21,106,55,51
050,28,155,"Mississippi","Webster County",5,22,108,50,58
050,28,155,"Mississippi","Webster County",5,23,122,64,58
050,28,155,"Mississippi","Webster County",5,24,111,61,50
050,28,155,"Mississippi","Webster County",5,25,124,64,60
050,28,155,"Mississippi","Webster County",5,26,110,54,56
050,28,155,"Mississippi","Webster County",5,27,108,52,56
050,28,155,"Mississippi","Webster County",5,28,114,55,59
050,28,155,"Mississippi","Webster County",5,29,113,51,62
050,28,155,"Mississippi","Webster County",5,30,119,60,59
050,28,155,"Mississippi","Webster County",5,31,129,73,56
050,28,155,"Mississippi","Webster County",5,32,142,62,80
050,28,155,"Mississippi","Webster County",5,33,133,70,63
050,28,155,"Mississippi","Webster County",5,34,133,71,62
050,28,155,"Mississippi","Webster County",5,35,107,50,57
050,28,155,"Mississippi","Webster County",5,36,112,49,63
050,28,155,"Mississippi","Webster County",5,37,129,62,67
050,28,155,"Mississippi","Webster County",5,38,136,58,78
050,28,155,"Mississippi","Webster County",5,39,129,58,71
050,28,155,"Mississippi","Webster County",5,40,127,64,63
050,28,155,"Mississippi","Webster County",5,41,122,70,52
050,28,155,"Mississippi","Webster County",5,42,130,81,49
050,28,155,"Mississippi","Webster County",5,43,123,68,55
050,28,155,"Mississippi","Webster County",5,44,117,58,59
050,28,155,"Mississippi","Webster County",5,45,109,52,57
050,28,155,"Mississippi","Webster County",5,46,109,58,51
050,28,155,"Mississippi","Webster County",5,47,109,49,60
050,28,155,"Mississippi","Webster County",5,48,97,47,50
050,28,155,"Mississippi","Webster County",5,49,109,54,55
050,28,155,"Mississippi","Webster County",5,50,115,57,58
050,28,155,"Mississippi","Webster County",5,51,122,67,55
050,28,155,"Mississippi","Webster County",5,52,129,70,59
050,28,155,"Mississippi","Webster County",5,53,116,60,56
050,28,155,"Mississippi","Webster County",5,54,123,55,68
050,28,155,"Mississippi","Webster County",5,55,128,55,73
050,28,155,"Mississippi","Webster County",5,56,127,60,67
050,28,155,"Mississippi","Webster County",5,57,132,65,67
050,28,155,"Mississippi","Webster County",5,58,130,62,68
050,28,155,"Mississippi","Webster County",5,59,144,70,74
050,28,155,"Mississippi","Webster County",5,60,154,77,77
050,28,155,"Mississippi","Webster County",5,61,157,83,74
050,28,155,"Mississippi","Webster County",5,62,144,80,64
050,28,155,"Mississippi","Webster County",5,63,141,72,69
050,28,155,"Mississippi","Webster County",5,64,128,61,67
050,28,155,"Mississippi","Webster County",5,65,129,55,74
050,28,155,"Mississippi","Webster County",5,66,135,58,77
050,28,155,"Mississippi","Webster County",5,67,130,58,72
050,28,155,"Mississippi","Webster County",5,68,113,58,55
050,28,155,"Mississippi","Webster County",5,69,111,56,55
050,28,155,"Mississippi","Webster County",5,70,104,43,61
050,28,155,"Mississippi","Webster County",5,71,93,33,60
050,28,155,"Mississippi","Webster County",5,72,106,51,55
050,28,155,"Mississippi","Webster County",5,73,91,39,52
050,28,155,"Mississippi","Webster County",5,74,87,40,47
050,28,155,"Mississippi","Webster County",5,75,95,41,54
050,28,155,"Mississippi","Webster County",5,76,84,37,47
050,28,155,"Mississippi","Webster County",5,77,35,18,17
050,28,155,"Mississippi","Webster County",5,78,48,15,33
050,28,155,"Mississippi","Webster County",5,79,53,24,29
050,28,155,"Mississippi","Webster County",5,80,58,19,39
050,28,155,"Mississippi","Webster County",5,81,44,16,28
050,28,155,"Mississippi","Webster County",5,82,40,17,23
050,28,155,"Mississippi","Webster County",5,83,41,18,23
050,28,155,"Mississippi","Webster County",5,84,45,19,26
050,28,155,"Mississippi","Webster County",5,85,189,28,161
050,28,157,"Mississippi","Wilkinson County",1,0,92,47,45
050,28,157,"Mississippi","Wilkinson County",1,1,89,43,46
050,28,157,"Mississippi","Wilkinson County",1,2,91,46,45
050,28,157,"Mississippi","Wilkinson County",1,3,82,46,36
050,28,157,"Mississippi","Wilkinson County",1,4,96,59,37
050,28,157,"Mississippi","Wilkinson County",1,5,116,60,56
050,28,157,"Mississippi","Wilkinson County",1,6,100,46,54
050,28,157,"Mississippi","Wilkinson County",1,7,98,49,49
050,28,157,"Mississippi","Wilkinson County",1,8,96,45,51
050,28,157,"Mississippi","Wilkinson County",1,9,103,48,55
050,28,157,"Mississippi","Wilkinson County",1,10,94,49,45
050,28,157,"Mississippi","Wilkinson County",1,11,102,55,47
050,28,157,"Mississippi","Wilkinson County",1,12,121,56,65
050,28,157,"Mississippi","Wilkinson County",1,13,123,57,66
050,28,157,"Mississippi","Wilkinson County",1,14,100,47,53
050,28,157,"Mississippi","Wilkinson County",1,15,106,53,53
050,28,157,"Mississippi","Wilkinson County",1,16,119,59,60
050,28,157,"Mississippi","Wilkinson County",1,17,106,58,48
050,28,157,"Mississippi","Wilkinson County",1,18,86,44,42
050,28,157,"Mississippi","Wilkinson County",1,19,85,42,43
050,28,157,"Mississippi","Wilkinson County",1,20,76,42,34
050,28,157,"Mississippi","Wilkinson County",1,21,94,51,43
050,28,157,"Mississippi","Wilkinson County",1,22,124,81,43
050,28,157,"Mississippi","Wilkinson County",1,23,118,75,43
050,28,157,"Mississippi","Wilkinson County",1,24,111,77,34
050,28,157,"Mississippi","Wilkinson County",1,25,112,78,34
050,28,157,"Mississippi","Wilkinson County",1,26,132,83,49
050,28,157,"Mississippi","Wilkinson County",1,27,139,85,54
050,28,157,"Mississippi","Wilkinson County",1,28,146,98,48
050,28,157,"Mississippi","Wilkinson County",1,29,123,75,48
050,28,157,"Mississippi","Wilkinson County",1,30,128,85,43
050,28,157,"Mississippi","Wilkinson County",1,31,115,74,41
050,28,157,"Mississippi","Wilkinson County",1,32,117,81,36
050,28,157,"Mississippi","Wilkinson County",1,33,124,83,41
050,28,157,"Mississippi","Wilkinson County",1,34,125,77,48
050,28,157,"Mississippi","Wilkinson County",1,35,106,62,44
050,28,157,"Mississippi","Wilkinson County",1,36,108,73,35
050,28,157,"Mississippi","Wilkinson County",1,37,113,72,41
050,28,157,"Mississippi","Wilkinson County",1,38,115,66,49
050,28,157,"Mississippi","Wilkinson County",1,39,118,61,57
050,28,157,"Mississippi","Wilkinson County",1,40,103,64,39
050,28,157,"Mississippi","Wilkinson County",1,41,91,54,37
050,28,157,"Mississippi","Wilkinson County",1,42,96,54,42
050,28,157,"Mississippi","Wilkinson County",1,43,101,54,47
050,28,157,"Mississippi","Wilkinson County",1,44,97,58,39
050,28,157,"Mississippi","Wilkinson County",1,45,96,57,39
050,28,157,"Mississippi","Wilkinson County",1,46,88,55,33
050,28,157,"Mississippi","Wilkinson County",1,47,84,44,40
050,28,157,"Mississippi","Wilkinson County",1,48,95,47,48
050,28,157,"Mississippi","Wilkinson County",1,49,97,49,48
050,28,157,"Mississippi","Wilkinson County",1,50,89,46,43
050,28,157,"Mississippi","Wilkinson County",1,51,94,42,52
050,28,157,"Mississippi","Wilkinson County",1,52,109,61,48
050,28,157,"Mississippi","Wilkinson County",1,53,115,62,53
050,28,157,"Mississippi","Wilkinson County",1,54,110,55,55
050,28,157,"Mississippi","Wilkinson County",1,55,114,50,64
050,28,157,"Mississippi","Wilkinson County",1,56,112,48,64
050,28,157,"Mississippi","Wilkinson County",1,57,120,56,64
050,28,157,"Mississippi","Wilkinson County",1,58,127,62,65
050,28,157,"Mississippi","Wilkinson County",1,59,127,65,62
050,28,157,"Mississippi","Wilkinson County",1,60,121,55,66
050,28,157,"Mississippi","Wilkinson County",1,61,125,64,61
050,28,157,"Mississippi","Wilkinson County",1,62,124,64,60
050,28,157,"Mississippi","Wilkinson County",1,63,126,67,59
050,28,157,"Mississippi","Wilkinson County",1,64,128,74,54
050,28,157,"Mississippi","Wilkinson County",1,65,122,56,66
050,28,157,"Mississippi","Wilkinson County",1,66,115,46,69
050,28,157,"Mississippi","Wilkinson County",1,67,93,41,52
050,28,157,"Mississippi","Wilkinson County",1,68,118,60,58
050,28,157,"Mississippi","Wilkinson County",1,69,102,47,55
050,28,157,"Mississippi","Wilkinson County",1,70,102,47,55
050,28,157,"Mississippi","Wilkinson County",1,71,94,48,46
050,28,157,"Mississippi","Wilkinson County",1,72,76,34,42
050,28,157,"Mississippi","Wilkinson County",1,73,75,43,32
050,28,157,"Mississippi","Wilkinson County",1,74,44,20,24
050,28,157,"Mississippi","Wilkinson County",1,75,51,22,29
050,28,157,"Mississippi","Wilkinson County",1,76,62,26,36
050,28,157,"Mississippi","Wilkinson County",1,77,60,29,31
050,28,157,"Mississippi","Wilkinson County",1,78,46,17,29
050,28,157,"Mississippi","Wilkinson County",1,79,50,19,31
050,28,157,"Mississippi","Wilkinson County",1,80,53,22,31
050,28,157,"Mississippi","Wilkinson County",1,81,40,14,26
050,28,157,"Mississippi","Wilkinson County",1,82,28,11,17
050,28,157,"Mississippi","Wilkinson County",1,83,23,8,15
050,28,157,"Mississippi","Wilkinson County",1,84,34,12,22
050,28,157,"Mississippi","Wilkinson County",1,85,161,48,113
050,28,157,"Mississippi","Wilkinson County",2,0,84,43,41
050,28,157,"Mississippi","Wilkinson County",2,1,89,43,46
050,28,157,"Mississippi","Wilkinson County",2,2,91,45,46
050,28,157,"Mississippi","Wilkinson County",2,3,85,46,39
050,28,157,"Mississippi","Wilkinson County",2,4,94,56,38
050,28,157,"Mississippi","Wilkinson County",2,5,109,58,51
050,28,157,"Mississippi","Wilkinson County",2,6,102,49,53
050,28,157,"Mississippi","Wilkinson County",2,7,97,47,50
050,28,157,"Mississippi","Wilkinson County",2,8,95,46,49
050,28,157,"Mississippi","Wilkinson County",2,9,97,46,51
050,28,157,"Mississippi","Wilkinson County",2,10,95,49,46
050,28,157,"Mississippi","Wilkinson County",2,11,99,54,45
050,28,157,"Mississippi","Wilkinson County",2,12,116,56,60
050,28,157,"Mississippi","Wilkinson County",2,13,121,56,65
050,28,157,"Mississippi","Wilkinson County",2,14,105,49,56
050,28,157,"Mississippi","Wilkinson County",2,15,104,51,53
050,28,157,"Mississippi","Wilkinson County",2,16,114,57,57
050,28,157,"Mississippi","Wilkinson County",2,17,108,58,50
050,28,157,"Mississippi","Wilkinson County",2,18,87,46,41
050,28,157,"Mississippi","Wilkinson County",2,19,82,41,41
050,28,157,"Mississippi","Wilkinson County",2,20,80,42,38
050,28,157,"Mississippi","Wilkinson County",2,21,89,49,40
050,28,157,"Mississippi","Wilkinson County",2,22,126,81,45
050,28,157,"Mississippi","Wilkinson County",2,23,121,78,43
050,28,157,"Mississippi","Wilkinson County",2,24,112,76,36
050,28,157,"Mississippi","Wilkinson County",2,25,110,76,34
050,28,157,"Mississippi","Wilkinson County",2,26,126,81,45
050,28,157,"Mississippi","Wilkinson County",2,27,135,84,51
050,28,157,"Mississippi","Wilkinson County",2,28,143,95,48
050,28,157,"Mississippi","Wilkinson County",2,29,125,76,49
050,28,157,"Mississippi","Wilkinson County",2,30,127,83,44
050,28,157,"Mississippi","Wilkinson County",2,31,116,75,41
050,28,157,"Mississippi","Wilkinson County",2,32,115,79,36
050,28,157,"Mississippi","Wilkinson County",2,33,121,81,40
050,28,157,"Mississippi","Wilkinson County",2,34,120,75,45
050,28,157,"Mississippi","Wilkinson County",2,35,110,65,45
050,28,157,"Mississippi","Wilkinson County",2,36,107,71,36
050,28,157,"Mississippi","Wilkinson County",2,37,110,71,39
050,28,157,"Mississippi","Wilkinson County",2,38,112,65,47
050,28,157,"Mississippi","Wilkinson County",2,39,117,63,54
050,28,157,"Mississippi","Wilkinson County",2,40,108,65,43
050,28,157,"Mississippi","Wilkinson County",2,41,90,53,37
050,28,157,"Mississippi","Wilkinson County",2,42,94,54,40
050,28,157,"Mississippi","Wilkinson County",2,43,101,54,47
050,28,157,"Mississippi","Wilkinson County",2,44,97,57,40
050,28,157,"Mississippi","Wilkinson County",2,45,95,56,39
050,28,157,"Mississippi","Wilkinson County",2,46,90,56,34
050,28,157,"Mississippi","Wilkinson County",2,47,81,44,37
050,28,157,"Mississippi","Wilkinson County",2,48,94,48,46
050,28,157,"Mississippi","Wilkinson County",2,49,97,48,49
050,28,157,"Mississippi","Wilkinson County",2,50,91,47,44
050,28,157,"Mississippi","Wilkinson County",2,51,90,41,49
050,28,157,"Mississippi","Wilkinson County",2,52,108,59,49
050,28,157,"Mississippi","Wilkinson County",2,53,112,60,52
050,28,157,"Mississippi","Wilkinson County",2,54,111,56,55
050,28,157,"Mississippi","Wilkinson County",2,55,112,51,61
050,28,157,"Mississippi","Wilkinson County",2,56,114,49,65
050,28,157,"Mississippi","Wilkinson County",2,57,116,53,63
050,28,157,"Mississippi","Wilkinson County",2,58,126,61,65
050,28,157,"Mississippi","Wilkinson County",2,59,127,65,62
050,28,157,"Mississippi","Wilkinson County",2,60,121,58,63
050,28,157,"Mississippi","Wilkinson County",2,61,123,61,62
050,28,157,"Mississippi","Wilkinson County",2,62,124,64,60
050,28,157,"Mississippi","Wilkinson County",2,63,126,66,60
050,28,157,"Mississippi","Wilkinson County",2,64,126,72,54
050,28,157,"Mississippi","Wilkinson County",2,65,123,60,63
050,28,157,"Mississippi","Wilkinson County",2,66,117,49,68
050,28,157,"Mississippi","Wilkinson County",2,67,98,42,56
050,28,157,"Mississippi","Wilkinson County",2,68,110,54,56
050,28,157,"Mississippi","Wilkinson County",2,69,106,49,57
050,28,157,"Mississippi","Wilkinson County",2,70,101,46,55
050,28,157,"Mississippi","Wilkinson County",2,71,96,48,48
050,28,157,"Mississippi","Wilkinson County",2,72,78,37,41
050,28,157,"Mississippi","Wilkinson County",2,73,77,42,35
050,28,157,"Mississippi","Wilkinson County",2,74,47,23,24
050,28,157,"Mississippi","Wilkinson County",2,75,49,22,27
050,28,157,"Mississippi","Wilkinson County",2,76,58,24,34
050,28,157,"Mississippi","Wilkinson County",2,77,61,28,33
050,28,157,"Mississippi","Wilkinson County",2,78,48,19,29
050,28,157,"Mississippi","Wilkinson County",2,79,48,18,30
050,28,157,"Mississippi","Wilkinson County",2,80,52,21,31
050,28,157,"Mississippi","Wilkinson County",2,81,42,15,27
050,28,157,"Mississippi","Wilkinson County",2,82,30,11,19
050,28,157,"Mississippi","Wilkinson County",2,83,24,9,15
050,28,157,"Mississippi","Wilkinson County",2,84,31,11,20
050,28,157,"Mississippi","Wilkinson County",2,85,160,49,111
050,28,157,"Mississippi","Wilkinson County",3,0,79,33,46
050,28,157,"Mississippi","Wilkinson County",3,1,75,37,38
050,28,157,"Mississippi","Wilkinson County",3,2,89,46,43
050,28,157,"Mississippi","Wilkinson County",3,3,86,41,45
050,28,157,"Mississippi","Wilkinson County",3,4,80,44,36
050,28,157,"Mississippi","Wilkinson County",3,5,87,50,37
050,28,157,"Mississippi","Wilkinson County",3,6,106,58,48
050,28,157,"Mississippi","Wilkinson County",3,7,97,48,49
050,28,157,"Mississippi","Wilkinson County",3,8,97,50,47
050,28,157,"Mississippi","Wilkinson County",3,9,91,44,47
050,28,157,"Mississippi","Wilkinson County",3,10,96,43,53
050,28,157,"Mississippi","Wilkinson County",3,11,93,47,46
050,28,157,"Mississippi","Wilkinson County",3,12,95,52,43
050,28,157,"Mississippi","Wilkinson County",3,13,113,56,57
050,28,157,"Mississippi","Wilkinson County",3,14,115,54,61
050,28,157,"Mississippi","Wilkinson County",3,15,101,49,52
050,28,157,"Mississippi","Wilkinson County",3,16,100,48,52
050,28,157,"Mississippi","Wilkinson County",3,17,112,56,56
050,28,157,"Mississippi","Wilkinson County",3,18,95,53,42
050,28,157,"Mississippi","Wilkinson County",3,19,67,37,30
050,28,157,"Mississippi","Wilkinson County",3,20,82,44,38
050,28,157,"Mississippi","Wilkinson County",3,21,89,48,41
050,28,157,"Mississippi","Wilkinson County",3,22,126,84,42
050,28,157,"Mississippi","Wilkinson County",3,23,131,85,46
050,28,157,"Mississippi","Wilkinson County",3,24,116,76,40
050,28,157,"Mississippi","Wilkinson County",3,25,110,72,38
050,28,157,"Mississippi","Wilkinson County",3,26,106,73,33
050,28,157,"Mississippi","Wilkinson County",3,27,118,77,41
050,28,157,"Mississippi","Wilkinson County",3,28,143,95,48
050,28,157,"Mississippi","Wilkinson County",3,29,123,80,43
050,28,157,"Mississippi","Wilkinson County",3,30,128,77,51
050,28,157,"Mississippi","Wilkinson County",3,31,118,76,42
050,28,157,"Mississippi","Wilkinson County",3,32,128,86,42
050,28,157,"Mississippi","Wilkinson County",3,33,95,62,33
050,28,157,"Mississippi","Wilkinson County",3,34,116,76,40
050,28,157,"Mississippi","Wilkinson County",3,35,118,71,47
050,28,157,"Mississippi","Wilkinson County",3,36,118,73,45
050,28,157,"Mississippi","Wilkinson County",3,37,101,64,37
050,28,157,"Mississippi","Wilkinson County",3,38,93,57,36
050,28,157,"Mississippi","Wilkinson County",3,39,113,67,46
050,28,157,"Mississippi","Wilkinson County",3,40,111,60,51
050,28,157,"Mississippi","Wilkinson County",3,41,92,47,45
050,28,157,"Mississippi","Wilkinson County",3,42,98,58,40
050,28,157,"Mississippi","Wilkinson County",3,43,85,45,40
050,28,157,"Mississippi","Wilkinson County",3,44,104,60,44
050,28,157,"Mississippi","Wilkinson County",3,45,100,58,42
050,28,157,"Mississippi","Wilkinson County",3,46,96,58,38
050,28,157,"Mississippi","Wilkinson County",3,47,81,46,35
050,28,157,"Mississippi","Wilkinson County",3,48,81,48,33
050,28,157,"Mississippi","Wilkinson County",3,49,93,50,43
050,28,157,"Mississippi","Wilkinson County",3,50,94,46,48
050,28,157,"Mississippi","Wilkinson County",3,51,83,41,42
050,28,157,"Mississippi","Wilkinson County",3,52,96,50,46
050,28,157,"Mississippi","Wilkinson County",3,53,105,53,52
050,28,157,"Mississippi","Wilkinson County",3,54,110,61,49
050,28,157,"Mississippi","Wilkinson County",3,55,108,53,55
050,28,157,"Mississippi","Wilkinson County",3,56,109,52,57
050,28,157,"Mississippi","Wilkinson County",3,57,107,45,62
050,28,157,"Mississippi","Wilkinson County",3,58,118,55,63
050,28,157,"Mississippi","Wilkinson County",3,59,120,59,61
050,28,157,"Mississippi","Wilkinson County",3,60,117,60,57
050,28,157,"Mississippi","Wilkinson County",3,61,119,54,65
050,28,157,"Mississippi","Wilkinson County",3,62,120,62,58
050,28,157,"Mississippi","Wilkinson County",3,63,122,60,62
050,28,157,"Mississippi","Wilkinson County",3,64,119,61,58
050,28,157,"Mississippi","Wilkinson County",3,65,121,68,53
050,28,157,"Mississippi","Wilkinson County",3,66,118,58,60
050,28,157,"Mississippi","Wilkinson County",3,67,114,48,66
050,28,157,"Mississippi","Wilkinson County",3,68,96,43,53
050,28,157,"Mississippi","Wilkinson County",3,69,109,53,56
050,28,157,"Mississippi","Wilkinson County",3,70,98,43,55
050,28,157,"Mississippi","Wilkinson County",3,71,93,43,50
050,28,157,"Mississippi","Wilkinson County",3,72,90,43,47
050,28,157,"Mississippi","Wilkinson County",3,73,74,35,39
050,28,157,"Mississippi","Wilkinson County",3,74,69,37,32
050,28,157,"Mississippi","Wilkinson County",3,75,48,25,23
050,28,157,"Mississippi","Wilkinson County",3,76,47,20,27
050,28,157,"Mississippi","Wilkinson County",3,77,54,22,32
050,28,157,"Mississippi","Wilkinson County",3,78,56,25,31
050,28,157,"Mississippi","Wilkinson County",3,79,43,15,28
050,28,157,"Mississippi","Wilkinson County",3,80,47,18,29
050,28,157,"Mississippi","Wilkinson County",3,81,48,19,29
050,28,157,"Mississippi","Wilkinson County",3,82,35,11,24
050,28,157,"Mississippi","Wilkinson County",3,83,29,11,18
050,28,157,"Mississippi","Wilkinson County",3,84,22,8,14
050,28,157,"Mississippi","Wilkinson County",3,85,160,50,110
050,28,157,"Mississippi","Wilkinson County",4,0,92,43,49
050,28,157,"Mississippi","Wilkinson County",4,1,85,39,46
050,28,157,"Mississippi","Wilkinson County",4,2,74,38,36
050,28,157,"Mississippi","Wilkinson County",4,3,88,46,42
050,28,157,"Mississippi","Wilkinson County",4,4,82,41,41
050,28,157,"Mississippi","Wilkinson County",4,5,79,40,39
050,28,157,"Mississippi","Wilkinson County",4,6,83,47,36
050,28,157,"Mississippi","Wilkinson County",4,7,102,56,46
050,28,157,"Mississippi","Wilkinson County",4,8,92,45,47
050,28,157,"Mississippi","Wilkinson County",4,9,99,50,49
050,28,157,"Mississippi","Wilkinson County",4,10,89,45,44
050,28,157,"Mississippi","Wilkinson County",4,11,94,42,52
050,28,157,"Mississippi","Wilkinson County",4,12,92,49,43
050,28,157,"Mississippi","Wilkinson County",4,13,94,51,43
050,28,157,"Mississippi","Wilkinson County",4,14,106,51,55
050,28,157,"Mississippi","Wilkinson County",4,15,114,53,61
050,28,157,"Mississippi","Wilkinson County",4,16,93,47,46
050,28,157,"Mississippi","Wilkinson County",4,17,107,54,53
050,28,157,"Mississippi","Wilkinson County",4,18,101,53,48
050,28,157,"Mississippi","Wilkinson County",4,19,73,40,33
050,28,157,"Mississippi","Wilkinson County",4,20,72,39,33
050,28,157,"Mississippi","Wilkinson County",4,21,84,44,40
050,28,157,"Mississippi","Wilkinson County",4,22,117,78,39
050,28,157,"Mississippi","Wilkinson County",4,23,125,89,36
050,28,157,"Mississippi","Wilkinson County",4,24,133,83,50
050,28,157,"Mississippi","Wilkinson County",4,25,110,69,41
050,28,157,"Mississippi","Wilkinson County",4,26,112,76,36
050,28,157,"Mississippi","Wilkinson County",4,27,97,74,23
050,28,157,"Mississippi","Wilkinson County",4,28,121,79,42
050,28,157,"Mississippi","Wilkinson County",4,29,117,76,41
050,28,157,"Mississippi","Wilkinson County",4,30,126,83,43
050,28,157,"Mississippi","Wilkinson County",4,31,129,77,52
050,28,157,"Mississippi","Wilkinson County",4,32,120,79,41
050,28,157,"Mississippi","Wilkinson County",4,33,109,74,35
050,28,157,"Mississippi","Wilkinson County",4,34,91,54,37
050,28,157,"Mississippi","Wilkinson County",4,35,116,76,40
050,28,157,"Mississippi","Wilkinson County",4,36,130,87,43
050,28,157,"Mississippi","Wilkinson County",4,37,105,62,43
050,28,157,"Mississippi","Wilkinson County",4,38,89,52,37
050,28,157,"Mississippi","Wilkinson County",4,39,103,66,37
050,28,157,"Mississippi","Wilkinson County",4,40,116,70,46
050,28,157,"Mississippi","Wilkinson County",4,41,103,52,51
050,28,157,"Mississippi","Wilkinson County",4,42,97,51,46
050,28,157,"Mississippi","Wilkinson County",4,43,89,50,39
050,28,157,"Mississippi","Wilkinson County",4,44,91,52,39
050,28,157,"Mississippi","Wilkinson County",4,45,103,60,43
050,28,157,"Mississippi","Wilkinson County",4,46,104,58,46
050,28,157,"Mississippi","Wilkinson County",4,47,81,42,39
050,28,157,"Mississippi","Wilkinson County",4,48,81,47,34
050,28,157,"Mississippi","Wilkinson County",4,49,79,48,31
050,28,157,"Mississippi","Wilkinson County",4,50,90,48,42
050,28,157,"Mississippi","Wilkinson County",4,51,85,39,46
050,28,157,"Mississippi","Wilkinson County",4,52,98,55,43
050,28,157,"Mississippi","Wilkinson County",4,53,98,50,48
050,28,157,"Mississippi","Wilkinson County",4,54,106,54,52
050,28,157,"Mississippi","Wilkinson County",4,55,102,54,48
050,28,157,"Mississippi","Wilkinson County",4,56,108,55,53
050,28,157,"Mississippi","Wilkinson County",4,57,104,48,56
050,28,157,"Mississippi","Wilkinson County",4,58,106,43,63
050,28,157,"Mississippi","Wilkinson County",4,59,113,52,61
050,28,157,"Mississippi","Wilkinson County",4,60,121,59,62
050,28,157,"Mississippi","Wilkinson County",4,61,119,61,58
050,28,157,"Mississippi","Wilkinson County",4,62,117,53,64
050,28,157,"Mississippi","Wilkinson County",4,63,118,58,60
050,28,157,"Mississippi","Wilkinson County",4,64,117,59,58
050,28,157,"Mississippi","Wilkinson County",4,65,113,55,58
050,28,157,"Mississippi","Wilkinson County",4,66,117,65,52
050,28,157,"Mississippi","Wilkinson County",4,67,113,56,57
050,28,157,"Mississippi","Wilkinson County",4,68,115,49,66
050,28,157,"Mississippi","Wilkinson County",4,69,94,42,52
050,28,157,"Mississippi","Wilkinson County",4,70,103,47,56
050,28,157,"Mississippi","Wilkinson County",4,71,94,40,54
050,28,157,"Mississippi","Wilkinson County",4,72,88,40,48
050,28,157,"Mississippi","Wilkinson County",4,73,88,42,46
050,28,157,"Mississippi","Wilkinson County",4,74,69,32,37
050,28,157,"Mississippi","Wilkinson County",4,75,71,39,32
050,28,157,"Mississippi","Wilkinson County",4,76,47,23,24
050,28,157,"Mississippi","Wilkinson County",4,77,42,18,24
050,28,157,"Mississippi","Wilkinson County",4,78,51,21,30
050,28,157,"Mississippi","Wilkinson County",4,79,56,25,31
050,28,157,"Mississippi","Wilkinson County",4,80,42,17,25
050,28,157,"Mississippi","Wilkinson County",4,81,42,16,26
050,28,157,"Mississippi","Wilkinson County",4,82,47,17,30
050,28,157,"Mississippi","Wilkinson County",4,83,32,9,23
050,28,157,"Mississippi","Wilkinson County",4,84,28,11,17
050,28,157,"Mississippi","Wilkinson County",4,85,160,49,111
050,28,157,"Mississippi","Wilkinson County",5,0,97,46,51
050,28,157,"Mississippi","Wilkinson County",5,1,93,43,50
050,28,157,"Mississippi","Wilkinson County",5,2,85,37,48
050,28,157,"Mississippi","Wilkinson County",5,3,77,40,37
050,28,157,"Mississippi","Wilkinson County",5,4,87,46,41
050,28,157,"Mississippi","Wilkinson County",5,5,79,40,39
050,28,157,"Mississippi","Wilkinson County",5,6,76,38,38
050,28,157,"Mississippi","Wilkinson County",5,7,82,47,35
050,28,157,"Mississippi","Wilkinson County",5,8,97,51,46
050,28,157,"Mississippi","Wilkinson County",5,9,96,46,50
050,28,157,"Mississippi","Wilkinson County",5,10,93,48,45
050,28,157,"Mississippi","Wilkinson County",5,11,77,39,38
050,28,157,"Mississippi","Wilkinson County",5,12,94,43,51
050,28,157,"Mississippi","Wilkinson County",5,13,83,43,40
050,28,157,"Mississippi","Wilkinson County",5,14,87,44,43
050,28,157,"Mississippi","Wilkinson County",5,15,102,48,54
050,28,157,"Mississippi","Wilkinson County",5,16,107,56,51
050,28,157,"Mississippi","Wilkinson County",5,17,92,49,43
050,28,157,"Mississippi","Wilkinson County",5,18,91,48,43
050,28,157,"Mississippi","Wilkinson County",5,19,78,39,39
050,28,157,"Mississippi","Wilkinson County",5,20,76,44,32
050,28,157,"Mississippi","Wilkinson County",5,21,71,39,32
050,28,157,"Mississippi","Wilkinson County",5,22,127,80,47
050,28,157,"Mississippi","Wilkinson County",5,23,135,90,45
050,28,157,"Mississippi","Wilkinson County",5,24,119,87,32
050,28,157,"Mississippi","Wilkinson County",5,25,117,70,47
050,28,157,"Mississippi","Wilkinson County",5,26,113,75,38
050,28,157,"Mississippi","Wilkinson County",5,27,110,78,32
050,28,157,"Mississippi","Wilkinson County",5,28,104,81,23
050,28,157,"Mississippi","Wilkinson County",5,29,104,66,38
050,28,157,"Mississippi","Wilkinson County",5,30,124,84,40
050,28,157,"Mississippi","Wilkinson County",5,31,130,87,43
050,28,157,"Mississippi","Wilkinson County",5,32,135,83,52
050,28,157,"Mississippi","Wilkinson County",5,33,106,65,41
050,28,157,"Mississippi","Wilkinson County",5,34,100,68,32
050,28,157,"Mississippi","Wilkinson County",5,35,92,57,35
050,28,157,"Mississippi","Wilkinson County",5,36,121,86,35
050,28,157,"Mississippi","Wilkinson County",5,37,111,71,40
050,28,157,"Mississippi","Wilkinson County",5,38,93,49,44
050,28,157,"Mississippi","Wilkinson County",5,39,94,60,34
050,28,157,"Mississippi","Wilkinson County",5,40,102,69,33
050,28,157,"Mississippi","Wilkinson County",5,41,101,59,42
050,28,157,"Mississippi","Wilkinson County",5,42,106,55,51
050,28,157,"Mississippi","Wilkinson County",5,43,88,41,47
050,28,157,"Mississippi","Wilkinson County",5,44,86,55,31
050,28,157,"Mississippi","Wilkinson County",5,45,82,47,35
050,28,157,"Mississippi","Wilkinson County",5,46,106,62,44
050,28,157,"Mississippi","Wilkinson County",5,47,84,41,43
050,28,157,"Mississippi","Wilkinson County",5,48,80,41,39
050,28,157,"Mississippi","Wilkinson County",5,49,81,49,32
050,28,157,"Mississippi","Wilkinson County",5,50,80,46,34
050,28,157,"Mississippi","Wilkinson County",5,51,83,39,44
050,28,157,"Mississippi","Wilkinson County",5,52,94,47,47
050,28,157,"Mississippi","Wilkinson County",5,53,89,49,40
050,28,157,"Mississippi","Wilkinson County",5,54,102,52,50
050,28,157,"Mississippi","Wilkinson County",5,55,103,49,54
050,28,157,"Mississippi","Wilkinson County",5,56,101,54,47
050,28,157,"Mississippi","Wilkinson County",5,57,101,49,52
050,28,157,"Mississippi","Wilkinson County",5,58,111,52,59
050,28,157,"Mississippi","Wilkinson County",5,59,98,39,59
050,28,157,"Mississippi","Wilkinson County",5,60,106,48,58
050,28,157,"Mississippi","Wilkinson County",5,61,124,59,65
050,28,157,"Mississippi","Wilkinson County",5,62,125,65,60
050,28,157,"Mississippi","Wilkinson County",5,63,113,49,64
050,28,157,"Mississippi","Wilkinson County",5,64,113,55,58
050,28,157,"Mississippi","Wilkinson County",5,65,114,58,56
050,28,157,"Mississippi","Wilkinson County",5,66,111,54,57
050,28,157,"Mississippi","Wilkinson County",5,67,113,63,50
050,28,157,"Mississippi","Wilkinson County",5,68,111,54,57
050,28,157,"Mississippi","Wilkinson County",5,69,111,47,64
050,28,157,"Mississippi","Wilkinson County",5,70,86,35,51
050,28,157,"Mississippi","Wilkinson County",5,71,101,45,56
050,28,157,"Mississippi","Wilkinson County",5,72,90,37,53
050,28,157,"Mississippi","Wilkinson County",5,73,84,38,46
050,28,157,"Mississippi","Wilkinson County",5,74,81,39,42
050,28,157,"Mississippi","Wilkinson County",5,75,70,35,35
050,28,157,"Mississippi","Wilkinson County",5,76,69,36,33
050,28,157,"Mississippi","Wilkinson County",5,77,43,22,21
050,28,157,"Mississippi","Wilkinson County",5,78,42,18,24
050,28,157,"Mississippi","Wilkinson County",5,79,50,20,30
050,28,157,"Mississippi","Wilkinson County",5,80,55,25,30
050,28,157,"Mississippi","Wilkinson County",5,81,38,16,22
050,28,157,"Mississippi","Wilkinson County",5,82,39,13,26
050,28,157,"Mississippi","Wilkinson County",5,83,44,15,29
050,28,157,"Mississippi","Wilkinson County",5,84,29,8,21
050,28,157,"Mississippi","Wilkinson County",5,85,163,49,114
050,28,159,"Mississippi","Winston County",1,0,186,97,89
050,28,159,"Mississippi","Winston County",1,1,189,101,88
050,28,159,"Mississippi","Winston County",1,2,196,105,91
050,28,159,"Mississippi","Winston County",1,3,183,92,91
050,28,159,"Mississippi","Winston County",1,4,195,102,93
050,28,159,"Mississippi","Winston County",1,5,194,95,99
050,28,159,"Mississippi","Winston County",1,6,194,98,96
050,28,159,"Mississippi","Winston County",1,7,188,98,90
050,28,159,"Mississippi","Winston County",1,8,188,96,92
050,28,159,"Mississippi","Winston County",1,9,209,102,107
050,28,159,"Mississippi","Winston County",1,10,243,124,119
050,28,159,"Mississippi","Winston County",1,11,259,126,133
050,28,159,"Mississippi","Winston County",1,12,288,137,151
050,28,159,"Mississippi","Winston County",1,13,283,148,135
050,28,159,"Mississippi","Winston County",1,14,251,132,119
050,28,159,"Mississippi","Winston County",1,15,252,133,119
050,28,159,"Mississippi","Winston County",1,16,256,134,122
050,28,159,"Mississippi","Winston County",1,17,221,117,104
050,28,159,"Mississippi","Winston County",1,18,199,102,97
050,28,159,"Mississippi","Winston County",1,19,189,99,90
050,28,159,"Mississippi","Winston County",1,20,193,107,86
050,28,159,"Mississippi","Winston County",1,21,178,95,83
050,28,159,"Mississippi","Winston County",1,22,196,106,90
050,28,159,"Mississippi","Winston County",1,23,169,91,78
050,28,159,"Mississippi","Winston County",1,24,186,97,89
050,28,159,"Mississippi","Winston County",1,25,172,89,83
050,28,159,"Mississippi","Winston County",1,26,202,99,103
050,28,159,"Mississippi","Winston County",1,27,206,103,103
050,28,159,"Mississippi","Winston County",1,28,209,100,109
050,28,159,"Mississippi","Winston County",1,29,229,118,111
050,28,159,"Mississippi","Winston County",1,30,199,100,99
050,28,159,"Mississippi","Winston County",1,31,193,106,87
050,28,159,"Mississippi","Winston County",1,32,185,92,93
050,28,159,"Mississippi","Winston County",1,33,202,95,107
050,28,159,"Mississippi","Winston County",1,34,190,86,104
050,28,159,"Mississippi","Winston County",1,35,222,115,107
050,28,159,"Mississippi","Winston County",1,36,210,102,108
050,28,159,"Mississippi","Winston County",1,37,195,91,104
050,28,159,"Mississippi","Winston County",1,38,200,89,111
050,28,159,"Mississippi","Winston County",1,39,231,106,125
050,28,159,"Mississippi","Winston County",1,40,211,98,113
050,28,159,"Mississippi","Winston County",1,41,221,119,102
050,28,159,"Mississippi","Winston County",1,42,223,97,126
050,28,159,"Mississippi","Winston County",1,43,210,101,109
050,28,159,"Mississippi","Winston County",1,44,206,99,107
050,28,159,"Mississippi","Winston County",1,45,204,104,100
050,28,159,"Mississippi","Winston County",1,46,209,104,105
050,28,159,"Mississippi","Winston County",1,47,194,87,107
050,28,159,"Mississippi","Winston County",1,48,221,109,112
050,28,159,"Mississippi","Winston County",1,49,223,110,113
050,28,159,"Mississippi","Winston County",1,50,232,117,115
050,28,159,"Mississippi","Winston County",1,51,221,104,117
050,28,159,"Mississippi","Winston County",1,52,208,108,100
050,28,159,"Mississippi","Winston County",1,53,210,113,97
050,28,159,"Mississippi","Winston County",1,54,214,112,102
050,28,159,"Mississippi","Winston County",1,55,210,106,104
050,28,159,"Mississippi","Winston County",1,56,250,129,121
050,28,159,"Mississippi","Winston County",1,57,246,119,127
050,28,159,"Mississippi","Winston County",1,58,241,113,128
050,28,159,"Mississippi","Winston County",1,59,231,112,119
050,28,159,"Mississippi","Winston County",1,60,252,122,130
050,28,159,"Mississippi","Winston County",1,61,266,141,125
050,28,159,"Mississippi","Winston County",1,62,250,117,133
050,28,159,"Mississippi","Winston County",1,63,250,116,134
050,28,159,"Mississippi","Winston County",1,64,257,128,129
050,28,159,"Mississippi","Winston County",1,65,269,128,141
050,28,159,"Mississippi","Winston County",1,66,239,106,133
050,28,159,"Mississippi","Winston County",1,67,242,114,128
050,28,159,"Mississippi","Winston County",1,68,229,111,118
050,28,159,"Mississippi","Winston County",1,69,216,105,111
050,28,159,"Mississippi","Winston County",1,70,202,87,115
050,28,159,"Mississippi","Winston County",1,71,197,90,107
050,28,159,"Mississippi","Winston County",1,72,204,102,102
050,28,159,"Mississippi","Winston County",1,73,218,109,109
050,28,159,"Mississippi","Winston County",1,74,142,71,71
050,28,159,"Mississippi","Winston County",1,75,147,76,71
050,28,159,"Mississippi","Winston County",1,76,140,58,82
050,28,159,"Mississippi","Winston County",1,77,147,58,89
050,28,159,"Mississippi","Winston County",1,78,123,50,73
050,28,159,"Mississippi","Winston County",1,79,106,44,62
050,28,159,"Mississippi","Winston County",1,80,95,43,52
050,28,159,"Mississippi","Winston County",1,81,105,42,63
050,28,159,"Mississippi","Winston County",1,82,112,43,69
050,28,159,"Mississippi","Winston County",1,83,98,38,60
050,28,159,"Mississippi","Winston County",1,84,72,32,40
050,28,159,"Mississippi","Winston County",1,85,422,151,271
050,28,159,"Mississippi","Winston County",2,0,191,98,93
050,28,159,"Mississippi","Winston County",2,1,189,102,87
050,28,159,"Mississippi","Winston County",2,2,196,105,91
050,28,159,"Mississippi","Winston County",2,3,185,94,91
050,28,159,"Mississippi","Winston County",2,4,193,101,92
050,28,159,"Mississippi","Winston County",2,5,195,97,98
050,28,159,"Mississippi","Winston County",2,6,195,98,97
050,28,159,"Mississippi","Winston County",2,7,189,98,91
050,28,159,"Mississippi","Winston County",2,8,189,97,92
050,28,159,"Mississippi","Winston County",2,9,203,99,104
050,28,159,"Mississippi","Winston County",2,10,235,118,117
050,28,159,"Mississippi","Winston County",2,11,252,124,128
050,28,159,"Mississippi","Winston County",2,12,279,134,145
050,28,159,"Mississippi","Winston County",2,13,284,146,138
050,28,159,"Mississippi","Winston County",2,14,259,136,123
050,28,159,"Mississippi","Winston County",2,15,252,132,120
050,28,159,"Mississippi","Winston County",2,16,256,134,122
050,28,159,"Mississippi","Winston County",2,17,230,121,109
050,28,159,"Mississippi","Winston County",2,18,195,103,92
050,28,159,"Mississippi","Winston County",2,19,183,95,88
050,28,159,"Mississippi","Winston County",2,20,194,106,88
050,28,159,"Mississippi","Winston County",2,21,182,97,85
050,28,159,"Mississippi","Winston County",2,22,196,108,88
050,28,159,"Mississippi","Winston County",2,23,173,90,83
050,28,159,"Mississippi","Winston County",2,24,180,94,86
050,28,159,"Mississippi","Winston County",2,25,173,89,84
050,28,159,"Mississippi","Winston County",2,26,196,99,97
050,28,159,"Mississippi","Winston County",2,27,207,106,101
050,28,159,"Mississippi","Winston County",2,28,207,101,106
050,28,159,"Mississippi","Winston County",2,29,224,113,111
050,28,159,"Mississippi","Winston County",2,30,208,106,102
050,28,159,"Mississippi","Winston County",2,31,195,105,90
050,28,159,"Mississippi","Winston County",2,32,183,93,90
050,28,159,"Mississippi","Winston County",2,33,200,95,105
050,28,159,"Mississippi","Winston County",2,34,192,87,105
050,28,159,"Mississippi","Winston County",2,35,218,110,108
050,28,159,"Mississippi","Winston County",2,36,209,105,104
050,28,159,"Mississippi","Winston County",2,37,198,93,105
050,28,159,"Mississippi","Winston County",2,38,199,89,110
050,28,159,"Mississippi","Winston County",2,39,221,100,121
050,28,159,"Mississippi","Winston County",2,40,218,100,118
050,28,159,"Mississippi","Winston County",2,41,217,114,103
050,28,159,"Mississippi","Winston County",2,42,220,101,119
050,28,159,"Mississippi","Winston County",2,43,215,101,114
050,28,159,"Mississippi","Winston County",2,44,202,98,104
050,28,159,"Mississippi","Winston County",2,45,206,102,104
050,28,159,"Mississippi","Winston County",2,46,209,105,104
050,28,159,"Mississippi","Winston County",2,47,195,88,107
050,28,159,"Mississippi","Winston County",2,48,214,103,111
050,28,159,"Mississippi","Winston County",2,49,222,110,112
050,28,159,"Mississippi","Winston County",2,50,233,118,115
050,28,159,"Mississippi","Winston County",2,51,222,108,114
050,28,159,"Mississippi","Winston County",2,52,208,105,103
050,28,159,"Mississippi","Winston County",2,53,210,112,98
050,28,159,"Mississippi","Winston County",2,54,211,110,101
050,28,159,"Mississippi","Winston County",2,55,213,109,104
050,28,159,"Mississippi","Winston County",2,56,244,126,118
050,28,159,"Mississippi","Winston County",2,57,244,119,125
050,28,159,"Mississippi","Winston County",2,58,241,113,128
050,28,159,"Mississippi","Winston County",2,59,233,111,122
050,28,159,"Mississippi","Winston County",2,60,246,119,127
050,28,159,"Mississippi","Winston County",2,61,260,136,124
050,28,159,"Mississippi","Winston County",2,62,249,119,130
050,28,159,"Mississippi","Winston County",2,63,253,117,136
050,28,159,"Mississippi","Winston County",2,64,252,124,128
050,28,159,"Mississippi","Winston County",2,65,265,127,138
050,28,159,"Mississippi","Winston County",2,66,244,111,133
050,28,159,"Mississippi","Winston County",2,67,243,113,130
050,28,159,"Mississippi","Winston County",2,68,229,110,119
050,28,159,"Mississippi","Winston County",2,69,218,109,109
050,28,159,"Mississippi","Winston County",2,70,205,92,113
050,28,159,"Mississippi","Winston County",2,71,198,88,110
050,28,159,"Mississippi","Winston County",2,72,197,98,99
050,28,159,"Mississippi","Winston County",2,73,222,110,112
050,28,159,"Mississippi","Winston County",2,74,152,76,76
050,28,159,"Mississippi","Winston County",2,75,146,75,71
050,28,159,"Mississippi","Winston County",2,76,139,61,78
050,28,159,"Mississippi","Winston County",2,77,149,59,90
050,28,159,"Mississippi","Winston County",2,78,123,47,76
050,28,159,"Mississippi","Winston County",2,79,106,45,61
050,28,159,"Mississippi","Winston County",2,80,97,43,54
050,28,159,"Mississippi","Winston County",2,81,102,41,61
050,28,159,"Mississippi","Winston County",2,82,110,42,68
050,28,159,"Mississippi","Winston County",2,83,102,38,64
050,28,159,"Mississippi","Winston County",2,84,74,32,42
050,28,159,"Mississippi","Winston County",2,85,427,155,272
050,28,159,"Mississippi","Winston County",3,0,216,106,110
050,28,159,"Mississippi","Winston County",3,1,185,94,91
050,28,159,"Mississippi","Winston County",3,2,198,112,86
050,28,159,"Mississippi","Winston County",3,3,194,104,90
050,28,159,"Mississippi","Winston County",3,4,179,90,89
050,28,159,"Mississippi","Winston County",3,5,196,102,94
050,28,159,"Mississippi","Winston County",3,6,195,99,96
050,28,159,"Mississippi","Winston County",3,7,192,93,99
050,28,159,"Mississippi","Winston County",3,8,182,97,85
050,28,159,"Mississippi","Winston County",3,9,192,94,98
050,28,159,"Mississippi","Winston County",3,10,207,105,102
050,28,159,"Mississippi","Winston County",3,11,241,117,124
050,28,159,"Mississippi","Winston County",3,12,248,126,122
050,28,159,"Mississippi","Winston County",3,13,273,135,138
050,28,159,"Mississippi","Winston County",3,14,280,145,135
050,28,159,"Mississippi","Winston County",3,15,256,137,119
050,28,159,"Mississippi","Winston County",3,16,249,128,121
050,28,159,"Mississippi","Winston County",3,17,261,135,126
050,28,159,"Mississippi","Winston County",3,18,197,112,85
050,28,159,"Mississippi","Winston County",3,19,161,81,80
050,28,159,"Mississippi","Winston County",3,20,195,99,96
050,28,159,"Mississippi","Winston County",3,21,212,113,99
050,28,159,"Mississippi","Winston County",3,22,216,126,90
050,28,159,"Mississippi","Winston County",3,23,178,88,90
050,28,159,"Mississippi","Winston County",3,24,179,91,88
050,28,159,"Mississippi","Winston County",3,25,178,94,84
050,28,159,"Mississippi","Winston County",3,26,178,89,89
050,28,159,"Mississippi","Winston County",3,27,192,106,86
050,28,159,"Mississippi","Winston County",3,28,203,95,108
050,28,159,"Mississippi","Winston County",3,29,205,102,103
050,28,159,"Mississippi","Winston County",3,30,227,115,112
050,28,159,"Mississippi","Winston County",3,31,228,115,113
050,28,159,"Mississippi","Winston County",3,32,190,99,91
050,28,159,"Mississippi","Winston County",3,33,195,107,88
050,28,159,"Mississippi","Winston County",3,34,195,98,97
050,28,159,"Mississippi","Winston County",3,35,193,86,107
050,28,159,"Mississippi","Winston County",3,36,208,104,104
050,28,159,"Mississippi","Winston County",3,37,209,104,105
050,28,159,"Mississippi","Winston County",3,38,195,90,105
050,28,159,"Mississippi","Winston County",3,39,197,89,108
050,28,159,"Mississippi","Winston County",3,40,220,101,119
050,28,159,"Mississippi","Winston County",3,41,222,111,111
050,28,159,"Mississippi","Winston County",3,42,225,118,107
050,28,159,"Mississippi","Winston County",3,43,212,91,121
050,28,159,"Mississippi","Winston County",3,44,214,103,111
050,28,159,"Mississippi","Winston County",3,45,206,101,105
050,28,159,"Mississippi","Winston County",3,46,210,109,101
050,28,159,"Mississippi","Winston County",3,47,195,92,103
050,28,159,"Mississippi","Winston County",3,48,195,86,109
050,28,159,"Mississippi","Winston County",3,49,219,104,115
050,28,159,"Mississippi","Winston County",3,50,227,116,111
050,28,159,"Mississippi","Winston County",3,51,230,118,112
050,28,159,"Mississippi","Winston County",3,52,222,108,114
050,28,159,"Mississippi","Winston County",3,53,206,104,102
050,28,159,"Mississippi","Winston County",3,54,206,109,97
050,28,159,"Mississippi","Winston County",3,55,207,111,96
050,28,159,"Mississippi","Winston County",3,56,218,114,104
050,28,159,"Mississippi","Winston County",3,57,239,124,115
050,28,159,"Mississippi","Winston County",3,58,239,114,125
050,28,159,"Mississippi","Winston County",3,59,238,110,128
050,28,159,"Mississippi","Winston County",3,60,233,113,120
050,28,159,"Mississippi","Winston County",3,61,243,120,123
050,28,159,"Mississippi","Winston County",3,62,247,124,123
050,28,159,"Mississippi","Winston County",3,63,251,116,135
050,28,159,"Mississippi","Winston County",3,64,247,117,130
050,28,159,"Mississippi","Winston County",3,65,243,117,126
050,28,159,"Mississippi","Winston County",3,66,258,120,138
050,28,159,"Mississippi","Winston County",3,67,243,108,135
050,28,159,"Mississippi","Winston County",3,68,233,106,127
050,28,159,"Mississippi","Winston County",3,69,226,113,113
050,28,159,"Mississippi","Winston County",3,70,211,108,103
050,28,159,"Mississippi","Winston County",3,71,198,84,114
050,28,159,"Mississippi","Winston County",3,72,190,84,106
050,28,159,"Mississippi","Winston County",3,73,191,93,98
050,28,159,"Mississippi","Winston County",3,74,212,105,107
050,28,159,"Mississippi","Winston County",3,75,149,76,73
050,28,159,"Mississippi","Winston County",3,76,138,75,63
050,28,159,"Mississippi","Winston County",3,77,140,65,75
050,28,159,"Mississippi","Winston County",3,78,131,46,85
050,28,159,"Mississippi","Winston County",3,79,109,42,67
050,28,159,"Mississippi","Winston County",3,80,96,39,57
050,28,159,"Mississippi","Winston County",3,81,90,38,52
050,28,159,"Mississippi","Winston County",3,82,93,34,59
050,28,159,"Mississippi","Winston County",3,83,109,34,75
050,28,159,"Mississippi","Winston County",3,84,88,35,53
050,28,159,"Mississippi","Winston County",3,85,386,146,240
050,28,159,"Mississippi","Winston County",4,0,204,98,106
050,28,159,"Mississippi","Winston County",4,1,217,107,110
050,28,159,"Mississippi","Winston County",4,2,182,87,95
050,28,159,"Mississippi","Winston County",4,3,202,114,88
050,28,159,"Mississippi","Winston County",4,4,202,109,93
050,28,159,"Mississippi","Winston County",4,5,188,91,97
050,28,159,"Mississippi","Winston County",4,6,207,106,101
050,28,159,"Mississippi","Winston County",4,7,209,101,108
050,28,159,"Mississippi","Winston County",4,8,180,89,91
050,28,159,"Mississippi","Winston County",4,9,186,99,87
050,28,159,"Mississippi","Winston County",4,10,189,96,93
050,28,159,"Mississippi","Winston County",4,11,196,101,95
050,28,159,"Mississippi","Winston County",4,12,237,112,125
050,28,159,"Mississippi","Winston County",4,13,247,128,119
050,28,159,"Mississippi","Winston County",4,14,264,133,131
050,28,159,"Mississippi","Winston County",4,15,281,148,133
050,28,159,"Mississippi","Winston County",4,16,256,137,119
050,28,159,"Mississippi","Winston County",4,17,250,128,122
050,28,159,"Mississippi","Winston County",4,18,217,119,98
050,28,159,"Mississippi","Winston County",4,19,162,89,73
050,28,159,"Mississippi","Winston County",4,20,178,89,89
050,28,159,"Mississippi","Winston County",4,21,206,107,99
050,28,159,"Mississippi","Winston County",4,22,241,140,101
050,28,159,"Mississippi","Winston County",4,23,194,113,81
050,28,159,"Mississippi","Winston County",4,24,191,99,92
050,28,159,"Mississippi","Winston County",4,25,189,97,92
050,28,159,"Mississippi","Winston County",4,26,187,106,81
050,28,159,"Mississippi","Winston County",4,27,174,86,88
050,28,159,"Mississippi","Winston County",4,28,182,93,89
050,28,159,"Mississippi","Winston County",4,29,212,108,104
050,28,159,"Mississippi","Winston County",4,30,203,103,100
050,28,159,"Mississippi","Winston County",4,31,226,111,115
050,28,159,"Mississippi","Winston County",4,32,216,107,109
050,28,159,"Mississippi","Winston County",4,33,188,98,90
050,28,159,"Mississippi","Winston County",4,34,199,109,90
050,28,159,"Mississippi","Winston County",4,35,194,97,97
050,28,159,"Mississippi","Winston County",4,36,183,85,98
050,28,159,"Mississippi","Winston County",4,37,204,98,106
050,28,159,"Mississippi","Winston County",4,38,214,106,108
050,28,159,"Mississippi","Winston County",4,39,197,96,101
050,28,159,"Mississippi","Winston County",4,40,196,88,108
050,28,159,"Mississippi","Winston County",4,41,221,104,117
050,28,159,"Mississippi","Winston County",4,42,216,108,108
050,28,159,"Mississippi","Winston County",4,43,225,116,109
050,28,159,"Mississippi","Winston County",4,44,207,92,115
050,28,159,"Mississippi","Winston County",4,45,209,102,107
050,28,159,"Mississippi","Winston County",4,46,207,105,102
050,28,159,"Mississippi","Winston County",4,47,201,95,106
050,28,159,"Mississippi","Winston County",4,48,193,92,101
050,28,159,"Mississippi","Winston County",4,49,198,89,109
050,28,159,"Mississippi","Winston County",4,50,227,111,116
050,28,159,"Mississippi","Winston County",4,51,230,120,110
050,28,159,"Mississippi","Winston County",4,52,229,117,112
050,28,159,"Mississippi","Winston County",4,53,220,112,108
050,28,159,"Mississippi","Winston County",4,54,200,98,102
050,28,159,"Mississippi","Winston County",4,55,203,106,97
050,28,159,"Mississippi","Winston County",4,56,212,112,100
050,28,159,"Mississippi","Winston County",4,57,216,116,100
050,28,159,"Mississippi","Winston County",4,58,239,123,116
050,28,159,"Mississippi","Winston County",4,59,236,113,123
050,28,159,"Mississippi","Winston County",4,60,238,109,129
050,28,159,"Mississippi","Winston County",4,61,233,113,120
050,28,159,"Mississippi","Winston County",4,62,237,113,124
050,28,159,"Mississippi","Winston County",4,63,255,125,130
050,28,159,"Mississippi","Winston County",4,64,246,117,129
050,28,159,"Mississippi","Winston County",4,65,242,114,128
050,28,159,"Mississippi","Winston County",4,66,237,114,123
050,28,159,"Mississippi","Winston County",4,67,251,114,137
050,28,159,"Mississippi","Winston County",4,68,236,104,132
050,28,159,"Mississippi","Winston County",4,69,231,108,123
050,28,159,"Mississippi","Winston County",4,70,224,113,111
050,28,159,"Mississippi","Winston County",4,71,204,100,104
050,28,159,"Mississippi","Winston County",4,72,190,80,110
050,28,159,"Mississippi","Winston County",4,73,184,79,105
050,28,159,"Mississippi","Winston County",4,74,182,92,90
050,28,159,"Mississippi","Winston County",4,75,207,106,101
050,28,159,"Mississippi","Winston County",4,76,143,75,68
050,28,159,"Mississippi","Winston County",4,77,146,81,65
050,28,159,"Mississippi","Winston County",4,78,127,54,73
050,28,159,"Mississippi","Winston County",4,79,118,44,74
050,28,159,"Mississippi","Winston County",4,80,104,40,64
050,28,159,"Mississippi","Winston County",4,81,92,38,54
050,28,159,"Mississippi","Winston County",4,82,82,33,49
050,28,159,"Mississippi","Winston County",4,83,89,23,66
050,28,159,"Mississippi","Winston County",4,84,91,30,61
050,28,159,"Mississippi","Winston County",4,85,376,143,233
050,28,159,"Mississippi","Winston County",5,0,199,96,103
050,28,159,"Mississippi","Winston County",5,1,219,108,111
050,28,159,"Mississippi","Winston County",5,2,219,117,102
050,28,159,"Mississippi","Winston County",5,3,180,87,93
050,28,159,"Mississippi","Winston County",5,4,206,116,90
050,28,159,"Mississippi","Winston County",5,5,198,100,98
050,28,159,"Mississippi","Winston County",5,6,196,93,103
050,28,159,"Mississippi","Winston County",5,7,214,107,107
050,28,159,"Mississippi","Winston County",5,8,218,107,111
050,28,159,"Mississippi","Winston County",5,9,167,81,86
050,28,159,"Mississippi","Winston County",5,10,184,101,83
050,28,159,"Mississippi","Winston County",5,11,189,95,94
050,28,159,"Mississippi","Winston County",5,12,198,96,102
050,28,159,"Mississippi","Winston County",5,13,229,111,118
050,28,159,"Mississippi","Winston County",5,14,241,126,115
050,28,159,"Mississippi","Winston County",5,15,260,128,132
050,28,159,"Mississippi","Winston County",5,16,274,141,133
050,28,159,"Mississippi","Winston County",5,17,252,129,123
050,28,159,"Mississippi","Winston County",5,18,217,116,101
050,28,159,"Mississippi","Winston County",5,19,177,94,83
050,28,159,"Mississippi","Winston County",5,20,170,97,73
050,28,159,"Mississippi","Winston County",5,21,190,98,92
050,28,159,"Mississippi","Winston County",5,22,232,134,98
050,28,159,"Mississippi","Winston County",5,23,230,130,100
050,28,159,"Mississippi","Winston County",5,24,214,126,88
050,28,159,"Mississippi","Winston County",5,25,193,93,100
050,28,159,"Mississippi","Winston County",5,26,188,92,96
050,28,159,"Mississippi","Winston County",5,27,194,114,80
050,28,159,"Mississippi","Winston County",5,28,171,81,90
050,28,159,"Mississippi","Winston County",5,29,188,98,90
050,28,159,"Mississippi","Winston County",5,30,216,103,113
050,28,159,"Mississippi","Winston County",5,31,210,101,109
050,28,159,"Mississippi","Winston County",5,32,212,103,109
050,28,159,"Mississippi","Winston County",5,33,228,122,106
050,28,159,"Mississippi","Winston County",5,34,184,93,91
050,28,159,"Mississippi","Winston County",5,35,199,103,96
050,28,159,"Mississippi","Winston County",5,36,190,94,96
050,28,159,"Mississippi","Winston County",5,37,180,84,96
050,28,159,"Mississippi","Winston County",5,38,200,94,106
050,28,159,"Mississippi","Winston County",5,39,219,109,110
050,28,159,"Mississippi","Winston County",5,40,190,89,101
050,28,159,"Mississippi","Winston County",5,41,204,98,106
050,28,159,"Mississippi","Winston County",5,42,217,101,116
050,28,159,"Mississippi","Winston County",5,43,209,98,111
050,28,159,"Mississippi","Winston County",5,44,216,114,102
050,28,159,"Mississippi","Winston County",5,45,216,94,122
050,28,159,"Mississippi","Winston County",5,46,221,113,108
050,28,159,"Mississippi","Winston County",5,47,192,95,97
050,28,159,"Mississippi","Winston County",5,48,195,90,105
050,28,159,"Mississippi","Winston County",5,49,181,87,94
050,28,159,"Mississippi","Winston County",5,50,193,90,103
050,28,159,"Mississippi","Winston County",5,51,223,114,109
050,28,159,"Mississippi","Winston County",5,52,224,116,108
050,28,159,"Mississippi","Winston County",5,53,228,117,111
050,28,159,"Mississippi","Winston County",5,54,215,105,110
050,28,159,"Mississippi","Winston County",5,55,202,100,102
050,28,159,"Mississippi","Winston County",5,56,202,107,95
050,28,159,"Mississippi","Winston County",5,57,213,113,100
050,28,159,"Mississippi","Winston County",5,58,214,115,99
050,28,159,"Mississippi","Winston County",5,59,231,120,111
050,28,159,"Mississippi","Winston County",5,60,239,116,123
050,28,159,"Mississippi","Winston County",5,61,237,111,126
050,28,159,"Mississippi","Winston County",5,62,226,103,123
050,28,159,"Mississippi","Winston County",5,63,243,115,128
050,28,159,"Mississippi","Winston County",5,64,239,120,119
050,28,159,"Mississippi","Winston County",5,65,240,116,124
050,28,159,"Mississippi","Winston County",5,66,245,113,132
050,28,159,"Mississippi","Winston County",5,67,235,111,124
050,28,159,"Mississippi","Winston County",5,68,249,114,135
050,28,159,"Mississippi","Winston County",5,69,232,106,126
050,28,159,"Mississippi","Winston County",5,70,226,106,120
050,28,159,"Mississippi","Winston County",5,71,217,103,114
050,28,159,"Mississippi","Winston County",5,72,195,98,97
050,28,159,"Mississippi","Winston County",5,73,181,75,106
050,28,159,"Mississippi","Winston County",5,74,175,78,97
050,28,159,"Mississippi","Winston County",5,75,173,91,82
050,28,159,"Mississippi","Winston County",5,76,200,105,95
050,28,159,"Mississippi","Winston County",5,77,149,77,72
050,28,159,"Mississippi","Winston County",5,78,132,70,62
050,28,159,"Mississippi","Winston County",5,79,116,52,64
050,28,159,"Mississippi","Winston County",5,80,114,44,70
050,28,159,"Mississippi","Winston County",5,81,101,39,62
050,28,159,"Mississippi","Winston County",5,82,85,34,51
050,28,159,"Mississippi","Winston County",5,83,80,24,56
050,28,159,"Mississippi","Winston County",5,84,72,20,52
050,28,159,"Mississippi","Winston County",5,85,384,145,239
050,28,161,"Mississippi","Yalobusha County",1,0,139,71,68
050,28,161,"Mississippi","Yalobusha County",1,1,143,81,62
050,28,161,"Mississippi","Yalobusha County",1,2,149,85,64
050,28,161,"Mississippi","Yalobusha County",1,3,136,72,64
050,28,161,"Mississippi","Yalobusha County",1,4,157,70,87
050,28,161,"Mississippi","Yalobusha County",1,5,163,76,87
050,28,161,"Mississippi","Yalobusha County",1,6,122,68,54
050,28,161,"Mississippi","Yalobusha County",1,7,127,71,56
050,28,161,"Mississippi","Yalobusha County",1,8,134,62,72
050,28,161,"Mississippi","Yalobusha County",1,9,138,73,65
050,28,161,"Mississippi","Yalobusha County",1,10,140,75,65
050,28,161,"Mississippi","Yalobusha County",1,11,159,87,72
050,28,161,"Mississippi","Yalobusha County",1,12,162,89,73
050,28,161,"Mississippi","Yalobusha County",1,13,175,94,81
050,28,161,"Mississippi","Yalobusha County",1,14,166,85,81
050,28,161,"Mississippi","Yalobusha County",1,15,179,92,87
050,28,161,"Mississippi","Yalobusha County",1,16,163,79,84
050,28,161,"Mississippi","Yalobusha County",1,17,165,75,90
050,28,161,"Mississippi","Yalobusha County",1,18,122,65,57
050,28,161,"Mississippi","Yalobusha County",1,19,111,60,51
050,28,161,"Mississippi","Yalobusha County",1,20,126,69,57
050,28,161,"Mississippi","Yalobusha County",1,21,131,68,63
050,28,161,"Mississippi","Yalobusha County",1,22,144,75,69
050,28,161,"Mississippi","Yalobusha County",1,23,130,69,61
050,28,161,"Mississippi","Yalobusha County",1,24,143,75,68
050,28,161,"Mississippi","Yalobusha County",1,25,123,65,58
050,28,161,"Mississippi","Yalobusha County",1,26,138,73,65
050,28,161,"Mississippi","Yalobusha County",1,27,153,65,88
050,28,161,"Mississippi","Yalobusha County",1,28,173,78,95
050,28,161,"Mississippi","Yalobusha County",1,29,169,85,84
050,28,161,"Mississippi","Yalobusha County",1,30,152,72,80
050,28,161,"Mississippi","Yalobusha County",1,31,144,73,71
050,28,161,"Mississippi","Yalobusha County",1,32,131,75,56
050,28,161,"Mississippi","Yalobusha County",1,33,106,53,53
050,28,161,"Mississippi","Yalobusha County",1,34,124,62,62
050,28,161,"Mississippi","Yalobusha County",1,35,132,59,73
050,28,161,"Mississippi","Yalobusha County",1,36,132,49,83
050,28,161,"Mississippi","Yalobusha County",1,37,144,56,88
050,28,161,"Mississippi","Yalobusha County",1,38,139,67,72
050,28,161,"Mississippi","Yalobusha County",1,39,152,82,70
050,28,161,"Mississippi","Yalobusha County",1,40,149,74,75
050,28,161,"Mississippi","Yalobusha County",1,41,155,73,82
050,28,161,"Mississippi","Yalobusha County",1,42,139,72,67
050,28,161,"Mississippi","Yalobusha County",1,43,151,82,69
050,28,161,"Mississippi","Yalobusha County",1,44,143,76,67
050,28,161,"Mississippi","Yalobusha County",1,45,131,63,68
050,28,161,"Mississippi","Yalobusha County",1,46,137,62,75
050,28,161,"Mississippi","Yalobusha County",1,47,180,85,95
050,28,161,"Mississippi","Yalobusha County",1,48,183,94,89
050,28,161,"Mississippi","Yalobusha County",1,49,189,106,83
050,28,161,"Mississippi","Yalobusha County",1,50,130,66,64
050,28,161,"Mississippi","Yalobusha County",1,51,150,68,82
050,28,161,"Mississippi","Yalobusha County",1,52,146,73,73
050,28,161,"Mississippi","Yalobusha County",1,53,138,67,71
050,28,161,"Mississippi","Yalobusha County",1,54,166,79,87
050,28,161,"Mississippi","Yalobusha County",1,55,158,80,78
050,28,161,"Mississippi","Yalobusha County",1,56,179,81,98
050,28,161,"Mississippi","Yalobusha County",1,57,166,77,89
050,28,161,"Mississippi","Yalobusha County",1,58,170,84,86
050,28,161,"Mississippi","Yalobusha County",1,59,188,86,102
050,28,161,"Mississippi","Yalobusha County",1,60,183,88,95
050,28,161,"Mississippi","Yalobusha County",1,61,201,92,109
050,28,161,"Mississippi","Yalobusha County",1,62,211,104,107
050,28,161,"Mississippi","Yalobusha County",1,63,185,92,93
050,28,161,"Mississippi","Yalobusha County",1,64,176,79,97
050,28,161,"Mississippi","Yalobusha County",1,65,192,85,107
050,28,161,"Mississippi","Yalobusha County",1,66,189,83,106
050,28,161,"Mississippi","Yalobusha County",1,67,162,71,91
050,28,161,"Mississippi","Yalobusha County",1,68,160,80,80
050,28,161,"Mississippi","Yalobusha County",1,69,179,89,90
050,28,161,"Mississippi","Yalobusha County",1,70,171,83,88
050,28,161,"Mississippi","Yalobusha County",1,71,146,74,72
050,28,161,"Mississippi","Yalobusha County",1,72,160,80,80
050,28,161,"Mississippi","Yalobusha County",1,73,150,85,65
050,28,161,"Mississippi","Yalobusha County",1,74,118,62,56
050,28,161,"Mississippi","Yalobusha County",1,75,111,51,60
050,28,161,"Mississippi","Yalobusha County",1,76,100,44,56
050,28,161,"Mississippi","Yalobusha County",1,77,105,44,61
050,28,161,"Mississippi","Yalobusha County",1,78,89,36,53
050,28,161,"Mississippi","Yalobusha County",1,79,75,26,49
050,28,161,"Mississippi","Yalobusha County",1,80,62,20,42
050,28,161,"Mississippi","Yalobusha County",1,81,68,26,42
050,28,161,"Mississippi","Yalobusha County",1,82,58,30,28
050,28,161,"Mississippi","Yalobusha County",1,83,61,25,36
050,28,161,"Mississippi","Yalobusha County",1,84,39,13,26
050,28,161,"Mississippi","Yalobusha County",1,85,247,85,162
050,28,161,"Mississippi","Yalobusha County",2,0,140,72,68
050,28,161,"Mississippi","Yalobusha County",2,1,140,77,63
050,28,161,"Mississippi","Yalobusha County",2,2,145,82,63
050,28,161,"Mississippi","Yalobusha County",2,3,137,75,62
050,28,161,"Mississippi","Yalobusha County",2,4,153,72,81
050,28,161,"Mississippi","Yalobusha County",2,5,159,74,85
050,28,161,"Mississippi","Yalobusha County",2,6,131,70,61
050,28,161,"Mississippi","Yalobusha County",2,7,126,69,57
050,28,161,"Mississippi","Yalobusha County",2,8,131,63,68
050,28,161,"Mississippi","Yalobusha County",2,9,135,69,66
050,28,161,"Mississippi","Yalobusha County",2,10,137,73,64
050,28,161,"Mississippi","Yalobusha County",2,11,152,82,70
050,28,161,"Mississippi","Yalobusha County",2,12,162,88,74
050,28,161,"Mississippi","Yalobusha County",2,13,170,92,78
050,28,161,"Mississippi","Yalobusha County",2,14,169,87,82
050,28,161,"Mississippi","Yalobusha County",2,15,177,91,86
050,28,161,"Mississippi","Yalobusha County",2,16,167,82,85
050,28,161,"Mississippi","Yalobusha County",2,17,163,76,87
050,28,161,"Mississippi","Yalobusha County",2,18,125,64,61
050,28,161,"Mississippi","Yalobusha County",2,19,107,57,50
050,28,161,"Mississippi","Yalobusha County",2,20,128,69,59
050,28,161,"Mississippi","Yalobusha County",2,21,132,69,63
050,28,161,"Mississippi","Yalobusha County",2,22,142,74,68
050,28,161,"Mississippi","Yalobusha County",2,23,134,70,64
050,28,161,"Mississippi","Yalobusha County",2,24,139,73,66
050,28,161,"Mississippi","Yalobusha County",2,25,129,69,60
050,28,161,"Mississippi","Yalobusha County",2,26,134,70,64
050,28,161,"Mississippi","Yalobusha County",2,27,151,69,82
050,28,161,"Mississippi","Yalobusha County",2,28,167,76,91
050,28,161,"Mississippi","Yalobusha County",2,29,169,83,86
050,28,161,"Mississippi","Yalobusha County",2,30,158,77,81
050,28,161,"Mississippi","Yalobusha County",2,31,144,72,72
050,28,161,"Mississippi","Yalobusha County",2,32,129,71,58
050,28,161,"Mississippi","Yalobusha County",2,33,112,58,54
050,28,161,"Mississippi","Yalobusha County",2,34,119,59,60
050,28,161,"Mississippi","Yalobusha County",2,35,130,60,70
050,28,161,"Mississippi","Yalobusha County",2,36,130,51,79
050,28,161,"Mississippi","Yalobusha County",2,37,140,55,85
050,28,161,"Mississippi","Yalobusha County",2,38,140,65,75
050,28,161,"Mississippi","Yalobusha County",2,39,149,78,71
050,28,161,"Mississippi","Yalobusha County",2,40,151,76,75
050,28,161,"Mississippi","Yalobusha County",2,41,153,74,79
050,28,161,"Mississippi","Yalobusha County",2,42,145,73,72
050,28,161,"Mississippi","Yalobusha County",2,43,149,81,68
050,28,161,"Mississippi","Yalobusha County",2,44,143,76,67
050,28,161,"Mississippi","Yalobusha County",2,45,133,65,68
050,28,161,"Mississippi","Yalobusha County",2,46,135,61,74
050,28,161,"Mississippi","Yalobusha County",2,47,169,79,90
050,28,161,"Mississippi","Yalobusha County",2,48,183,93,90
050,28,161,"Mississippi","Yalobusha County",2,49,187,103,84
050,28,161,"Mississippi","Yalobusha County",2,50,142,74,68
050,28,161,"Mississippi","Yalobusha County",2,51,144,68,76
050,28,161,"Mississippi","Yalobusha County",2,52,146,72,74
050,28,161,"Mississippi","Yalobusha County",2,53,141,69,72
050,28,161,"Mississippi","Yalobusha County",2,54,156,74,82
050,28,161,"Mississippi","Yalobusha County",2,55,162,80,82
050,28,161,"Mississippi","Yalobusha County",2,56,174,81,93
050,28,161,"Mississippi","Yalobusha County",2,57,171,79,92
050,28,161,"Mississippi","Yalobusha County",2,58,166,79,87
050,28,161,"Mississippi","Yalobusha County",2,59,184,86,98
050,28,161,"Mississippi","Yalobusha County",2,60,184,87,97
050,28,161,"Mississippi","Yalobusha County",2,61,199,92,107
050,28,161,"Mississippi","Yalobusha County",2,62,206,101,105
050,28,161,"Mississippi","Yalobusha County",2,63,191,94,97
050,28,161,"Mississippi","Yalobusha County",2,64,177,81,96
050,28,161,"Mississippi","Yalobusha County",2,65,188,84,104
050,28,161,"Mississippi","Yalobusha County",2,66,189,83,106
050,28,161,"Mississippi","Yalobusha County",2,67,166,72,94
050,28,161,"Mississippi","Yalobusha County",2,68,162,80,82
050,28,161,"Mississippi","Yalobusha County",2,69,176,87,89
050,28,161,"Mississippi","Yalobusha County",2,70,170,84,86
050,28,161,"Mississippi","Yalobusha County",2,71,152,76,76
050,28,161,"Mississippi","Yalobusha County",2,72,155,78,77
050,28,161,"Mississippi","Yalobusha County",2,73,158,87,71
050,28,161,"Mississippi","Yalobusha County",2,74,119,63,56
050,28,161,"Mississippi","Yalobusha County",2,75,112,54,58
050,28,161,"Mississippi","Yalobusha County",2,76,99,45,54
050,28,161,"Mississippi","Yalobusha County",2,77,105,44,61
050,28,161,"Mississippi","Yalobusha County",2,78,90,36,54
050,28,161,"Mississippi","Yalobusha County",2,79,78,30,48
050,28,161,"Mississippi","Yalobusha County",2,80,64,20,44
050,28,161,"Mississippi","Yalobusha County",2,81,62,24,38
050,28,161,"Mississippi","Yalobusha County",2,82,56,26,30
050,28,161,"Mississippi","Yalobusha County",2,83,59,25,34
050,28,161,"Mississippi","Yalobusha County",2,84,39,14,25
050,28,161,"Mississippi","Yalobusha County",2,85,246,85,161
050,28,161,"Mississippi","Yalobusha County",3,0,164,87,77
050,28,161,"Mississippi","Yalobusha County",3,1,148,75,73
050,28,161,"Mississippi","Yalobusha County",3,2,141,72,69
050,28,161,"Mississippi","Yalobusha County",3,3,139,77,62
050,28,161,"Mississippi","Yalobusha County",3,4,143,77,66
050,28,161,"Mississippi","Yalobusha County",3,5,155,71,84
050,28,161,"Mississippi","Yalobusha County",3,6,162,72,90
050,28,161,"Mississippi","Yalobusha County",3,7,129,72,57
050,28,161,"Mississippi","Yalobusha County",3,8,120,61,59
050,28,161,"Mississippi","Yalobusha County",3,9,126,64,62
050,28,161,"Mississippi","Yalobusha County",3,10,133,69,64
050,28,161,"Mississippi","Yalobusha County",3,11,137,74,63
050,28,161,"Mississippi","Yalobusha County",3,12,157,83,74
050,28,161,"Mississippi","Yalobusha County",3,13,160,89,71
050,28,161,"Mississippi","Yalobusha County",3,14,164,89,75
050,28,161,"Mississippi","Yalobusha County",3,15,170,89,81
050,28,161,"Mississippi","Yalobusha County",3,16,181,96,85
050,28,161,"Mississippi","Yalobusha County",3,17,171,86,85
050,28,161,"Mississippi","Yalobusha County",3,18,137,67,70
050,28,161,"Mississippi","Yalobusha County",3,19,107,54,53
050,28,161,"Mississippi","Yalobusha County",3,20,122,67,55
050,28,161,"Mississippi","Yalobusha County",3,21,131,70,61
050,28,161,"Mississippi","Yalobusha County",3,22,139,72,67
050,28,161,"Mississippi","Yalobusha County",3,23,139,73,66
050,28,161,"Mississippi","Yalobusha County",3,24,136,73,63
050,28,161,"Mississippi","Yalobusha County",3,25,132,67,65
050,28,161,"Mississippi","Yalobusha County",3,26,132,69,63
050,28,161,"Mississippi","Yalobusha County",3,27,137,70,67
050,28,161,"Mississippi","Yalobusha County",3,28,145,68,77
050,28,161,"Mississippi","Yalobusha County",3,29,175,77,98
050,28,161,"Mississippi","Yalobusha County",3,30,154,76,78
050,28,161,"Mississippi","Yalobusha County",3,31,143,67,76
050,28,161,"Mississippi","Yalobusha County",3,32,147,72,75
050,28,161,"Mississippi","Yalobusha County",3,33,135,76,59
050,28,161,"Mississippi","Yalobusha County",3,34,117,62,55
050,28,161,"Mississippi","Yalobusha County",3,35,118,65,53
050,28,161,"Mississippi","Yalobusha County",3,36,135,65,70
050,28,161,"Mississippi","Yalobusha County",3,37,135,50,85
050,28,161,"Mississippi","Yalobusha County",3,38,143,54,89
050,28,161,"Mississippi","Yalobusha County",3,39,148,67,81
050,28,161,"Mississippi","Yalobusha County",3,40,141,73,68
050,28,161,"Mississippi","Yalobusha County",3,41,148,71,77
050,28,161,"Mississippi","Yalobusha County",3,42,160,78,82
050,28,161,"Mississippi","Yalobusha County",3,43,151,84,67
050,28,161,"Mississippi","Yalobusha County",3,44,147,73,74
050,28,161,"Mississippi","Yalobusha County",3,45,142,78,64
050,28,161,"Mississippi","Yalobusha County",3,46,142,67,75
050,28,161,"Mississippi","Yalobusha County",3,47,137,64,73
050,28,161,"Mississippi","Yalobusha County",3,48,163,79,84
050,28,161,"Mississippi","Yalobusha County",3,49,185,97,88
050,28,161,"Mississippi","Yalobusha County",3,50,185,99,86
050,28,161,"Mississippi","Yalobusha County",3,51,144,74,70
050,28,161,"Mississippi","Yalobusha County",3,52,144,69,75
050,28,161,"Mississippi","Yalobusha County",3,53,149,74,75
050,28,161,"Mississippi","Yalobusha County",3,54,144,68,76
050,28,161,"Mississippi","Yalobusha County",3,55,161,72,89
050,28,161,"Mississippi","Yalobusha County",3,56,160,83,77
050,28,161,"Mississippi","Yalobusha County",3,57,174,84,90
050,28,161,"Mississippi","Yalobusha County",3,58,175,78,97
050,28,161,"Mississippi","Yalobusha County",3,59,153,67,86
050,28,161,"Mississippi","Yalobusha County",3,60,182,90,92
050,28,161,"Mississippi","Yalobusha County",3,61,186,84,102
050,28,161,"Mississippi","Yalobusha County",3,62,197,94,103
050,28,161,"Mississippi","Yalobusha County",3,63,215,106,109
050,28,161,"Mississippi","Yalobusha County",3,64,194,95,99
050,28,161,"Mississippi","Yalobusha County",3,65,182,83,99
050,28,161,"Mississippi","Yalobusha County",3,66,177,75,102
050,28,161,"Mississippi","Yalobusha County",3,67,183,79,104
050,28,161,"Mississippi","Yalobusha County",3,68,165,73,92
050,28,161,"Mississippi","Yalobusha County",3,69,155,75,80
050,28,161,"Mississippi","Yalobusha County",3,70,170,85,85
050,28,161,"Mississippi","Yalobusha County",3,71,165,80,85
050,28,161,"Mississippi","Yalobusha County",3,72,146,73,73
050,28,161,"Mississippi","Yalobusha County",3,73,150,76,74
050,28,161,"Mississippi","Yalobusha County",3,74,154,80,74
050,28,161,"Mississippi","Yalobusha County",3,75,106,54,52
050,28,161,"Mississippi","Yalobusha County",3,76,100,50,50
050,28,161,"Mississippi","Yalobusha County",3,77,97,44,53
050,28,161,"Mississippi","Yalobusha County",3,78,100,41,59
050,28,161,"Mississippi","Yalobusha County",3,79,75,27,48
050,28,161,"Mississippi","Yalobusha County",3,80,69,24,45
050,28,161,"Mississippi","Yalobusha County",3,81,64,19,45
050,28,161,"Mississippi","Yalobusha County",3,82,52,20,32
050,28,161,"Mississippi","Yalobusha County",3,83,59,26,33
050,28,161,"Mississippi","Yalobusha County",3,84,45,22,23
050,28,161,"Mississippi","Yalobusha County",3,85,239,80,159
050,28,161,"Mississippi","Yalobusha County",4,0,138,67,71
050,28,161,"Mississippi","Yalobusha County",4,1,169,83,86
050,28,161,"Mississippi","Yalobusha County",4,2,153,84,69
050,28,161,"Mississippi","Yalobusha County",4,3,135,71,64
050,28,161,"Mississippi","Yalobusha County",4,4,139,76,63
050,28,161,"Mississippi","Yalobusha County",4,5,138,75,63
050,28,161,"Mississippi","Yalobusha County",4,6,147,67,80
050,28,161,"Mississippi","Yalobusha County",4,7,165,74,91
050,28,161,"Mississippi","Yalobusha County",4,8,133,73,60
050,28,161,"Mississippi","Yalobusha County",4,9,128,65,63
050,28,161,"Mississippi","Yalobusha County",4,10,134,70,64
050,28,161,"Mississippi","Yalobusha County",4,11,138,76,62
050,28,161,"Mississippi","Yalobusha County",4,12,142,78,64
050,28,161,"Mississippi","Yalobusha County",4,13,160,83,77
050,28,161,"Mississippi","Yalobusha County",4,14,159,89,70
050,28,161,"Mississippi","Yalobusha County",4,15,170,96,74
050,28,161,"Mississippi","Yalobusha County",4,16,160,85,75
050,28,161,"Mississippi","Yalobusha County",4,17,181,92,89
050,28,161,"Mississippi","Yalobusha County",4,18,142,72,70
050,28,161,"Mississippi","Yalobusha County",4,19,110,56,54
050,28,161,"Mississippi","Yalobusha County",4,20,103,50,53
050,28,161,"Mississippi","Yalobusha County",4,21,128,67,61
050,28,161,"Mississippi","Yalobusha County",4,22,139,75,64
050,28,161,"Mississippi","Yalobusha County",4,23,146,72,74
050,28,161,"Mississippi","Yalobusha County",4,24,138,71,67
050,28,161,"Mississippi","Yalobusha County",4,25,131,70,61
050,28,161,"Mississippi","Yalobusha County",4,26,134,68,66
050,28,161,"Mississippi","Yalobusha County",4,27,134,73,61
050,28,161,"Mississippi","Yalobusha County",4,28,135,70,65
050,28,161,"Mississippi","Yalobusha County",4,29,134,66,68
050,28,161,"Mississippi","Yalobusha County",4,30,187,85,102
050,28,161,"Mississippi","Yalobusha County",4,31,157,74,83
050,28,161,"Mississippi","Yalobusha County",4,32,149,67,82
050,28,161,"Mississippi","Yalobusha County",4,33,155,80,75
050,28,161,"Mississippi","Yalobusha County",4,34,134,72,62
050,28,161,"Mississippi","Yalobusha County",4,35,123,65,58
050,28,161,"Mississippi","Yalobusha County",4,36,117,64,53
050,28,161,"Mississippi","Yalobusha County",4,37,126,64,62
050,28,161,"Mississippi","Yalobusha County",4,38,134,48,86
050,28,161,"Mississippi","Yalobusha County",4,39,146,58,88
050,28,161,"Mississippi","Yalobusha County",4,40,147,65,82
050,28,161,"Mississippi","Yalobusha County",4,41,147,73,74
050,28,161,"Mississippi","Yalobusha County",4,42,160,77,83
050,28,161,"Mississippi","Yalobusha County",4,43,154,78,76
050,28,161,"Mississippi","Yalobusha County",4,44,148,80,68
050,28,161,"Mississippi","Yalobusha County",4,45,148,75,73
050,28,161,"Mississippi","Yalobusha County",4,46,141,79,62
050,28,161,"Mississippi","Yalobusha County",4,47,137,62,75
050,28,161,"Mississippi","Yalobusha County",4,48,136,69,67
050,28,161,"Mississippi","Yalobusha County",4,49,164,84,80
050,28,161,"Mississippi","Yalobusha County",4,50,179,89,90
050,28,161,"Mississippi","Yalobusha County",4,51,176,89,87
050,28,161,"Mississippi","Yalobusha County",4,52,146,76,70
050,28,161,"Mississippi","Yalobusha County",4,53,145,65,80
050,28,161,"Mississippi","Yalobusha County",4,54,147,68,79
050,28,161,"Mississippi","Yalobusha County",4,55,147,69,78
050,28,161,"Mississippi","Yalobusha County",4,56,155,68,87
050,28,161,"Mississippi","Yalobusha County",4,57,161,85,76
050,28,161,"Mississippi","Yalobusha County",4,58,168,79,89
050,28,161,"Mississippi","Yalobusha County",4,59,168,77,91
050,28,161,"Mississippi","Yalobusha County",4,60,154,66,88
050,28,161,"Mississippi","Yalobusha County",4,61,177,82,95
050,28,161,"Mississippi","Yalobusha County",4,62,187,85,102
050,28,161,"Mississippi","Yalobusha County",4,63,201,95,106
050,28,161,"Mississippi","Yalobusha County",4,64,214,106,108
050,28,161,"Mississippi","Yalobusha County",4,65,187,95,92
050,28,161,"Mississippi","Yalobusha County",4,66,183,81,102
050,28,161,"Mississippi","Yalobusha County",4,67,172,73,99
050,28,161,"Mississippi","Yalobusha County",4,68,184,82,102
050,28,161,"Mississippi","Yalobusha County",4,69,160,71,89
050,28,161,"Mississippi","Yalobusha County",4,70,156,80,76
050,28,161,"Mississippi","Yalobusha County",4,71,165,77,88
050,28,161,"Mississippi","Yalobusha County",4,72,153,72,81
050,28,161,"Mississippi","Yalobusha County",4,73,144,72,72
050,28,161,"Mississippi","Yalobusha County",4,74,146,73,73
050,28,161,"Mississippi","Yalobusha County",4,75,145,75,70
050,28,161,"Mississippi","Yalobusha County",4,76,101,50,51
050,28,161,"Mississippi","Yalobusha County",4,77,96,46,50
050,28,161,"Mississippi","Yalobusha County",4,78,93,42,51
050,28,161,"Mississippi","Yalobusha County",4,79,94,38,56
050,28,161,"Mississippi","Yalobusha County",4,80,62,19,43
050,28,161,"Mississippi","Yalobusha County",4,81,64,21,43
050,28,161,"Mississippi","Yalobusha County",4,82,58,18,40
050,28,161,"Mississippi","Yalobusha County",4,83,58,23,35
050,28,161,"Mississippi","Yalobusha County",4,84,48,23,25
050,28,161,"Mississippi","Yalobusha County",4,85,246,85,161
050,28,161,"Mississippi","Yalobusha County",5,0,135,66,69
050,28,161,"Mississippi","Yalobusha County",5,1,121,53,68
050,28,161,"Mississippi","Yalobusha County",5,2,163,74,89
050,28,161,"Mississippi","Yalobusha County",5,3,148,71,77
050,28,161,"Mississippi","Yalobusha County",5,4,139,73,66
050,28,161,"Mississippi","Yalobusha County",5,5,148,73,75
050,28,161,"Mississippi","Yalobusha County",5,6,136,74,62
050,28,161,"Mississippi","Yalobusha County",5,7,155,67,88
050,28,161,"Mississippi","Yalobusha County",5,8,160,70,90
050,28,161,"Mississippi","Yalobusha County",5,9,130,71,59
050,28,161,"Mississippi","Yalobusha County",5,10,128,64,64
050,28,161,"Mississippi","Yalobusha County",5,11,134,73,61
050,28,161,"Mississippi","Yalobusha County",5,12,134,71,63
050,28,161,"Mississippi","Yalobusha County",5,13,133,74,59
050,28,161,"Mississippi","Yalobusha County",5,14,151,79,72
050,28,161,"Mississippi","Yalobusha County",5,15,161,92,69
050,28,161,"Mississippi","Yalobusha County",5,16,163,92,71
050,28,161,"Mississippi","Yalobusha County",5,17,166,86,80
050,28,161,"Mississippi","Yalobusha County",5,18,155,82,73
050,28,161,"Mississippi","Yalobusha County",5,19,120,59,61
050,28,161,"Mississippi","Yalobusha County",5,20,108,53,55
050,28,161,"Mississippi","Yalobusha County",5,21,116,58,58
050,28,161,"Mississippi","Yalobusha County",5,22,135,69,66
050,28,161,"Mississippi","Yalobusha County",5,23,143,72,71
050,28,161,"Mississippi","Yalobusha County",5,24,144,74,70
050,28,161,"Mississippi","Yalobusha County",5,25,146,70,76
050,28,161,"Mississippi","Yalobusha County",5,26,136,68,68
050,28,161,"Mississippi","Yalobusha County",5,27,132,63,69
050,28,161,"Mississippi","Yalobusha County",5,28,137,75,62
050,28,161,"Mississippi","Yalobusha County",5,29,140,71,69
050,28,161,"Mississippi","Yalobusha County",5,30,136,68,68
050,28,161,"Mississippi","Yalobusha County",5,31,173,80,93
050,28,161,"Mississippi","Yalobusha County",5,32,144,66,78
050,28,161,"Mississippi","Yalobusha County",5,33,148,65,83
050,28,161,"Mississippi","Yalobusha County",5,34,150,79,71
050,28,161,"Mississippi","Yalobusha County",5,35,135,73,62
050,28,161,"Mississippi","Yalobusha County",5,36,123,68,55
050,28,161,"Mississippi","Yalobusha County",5,37,125,67,58
050,28,161,"Mississippi","Yalobusha County",5,38,126,59,67
050,28,161,"Mississippi","Yalobusha County",5,39,131,53,78
050,28,161,"Mississippi","Yalobusha County",5,40,146,58,88
050,28,161,"Mississippi","Yalobusha County",5,41,149,63,86
050,28,161,"Mississippi","Yalobusha County",5,42,155,70,85
050,28,161,"Mississippi","Yalobusha County",5,43,165,85,80
050,28,161,"Mississippi","Yalobusha County",5,44,149,73,76
050,28,161,"Mississippi","Yalobusha County",5,45,142,77,65
050,28,161,"Mississippi","Yalobusha County",5,46,147,75,72
050,28,161,"Mississippi","Yalobusha County",5,47,140,79,61
050,28,161,"Mississippi","Yalobusha County",5,48,141,62,79
050,28,161,"Mississippi","Yalobusha County",5,49,145,76,69
050,28,161,"Mississippi","Yalobusha County",5,50,166,80,86
050,28,161,"Mississippi","Yalobusha County",5,51,186,89,97
050,28,161,"Mississippi","Yalobusha County",5,52,177,88,89
050,28,161,"Mississippi","Yalobusha County",5,53,146,79,67
050,28,161,"Mississippi","Yalobusha County",5,54,148,67,81
050,28,161,"Mississippi","Yalobusha County",5,55,153,72,81
050,28,161,"Mississippi","Yalobusha County",5,56,151,74,77
050,28,161,"Mississippi","Yalobusha County",5,57,159,69,90
050,28,161,"Mississippi","Yalobusha County",5,58,165,83,82
050,28,161,"Mississippi","Yalobusha County",5,59,164,75,89
050,28,161,"Mississippi","Yalobusha County",5,60,173,82,91
050,28,161,"Mississippi","Yalobusha County",5,61,155,64,91
050,28,161,"Mississippi","Yalobusha County",5,62,172,79,93
050,28,161,"Mississippi","Yalobusha County",5,63,194,89,105
050,28,161,"Mississippi","Yalobusha County",5,64,196,96,100
050,28,161,"Mississippi","Yalobusha County",5,65,213,107,106
050,28,161,"Mississippi","Yalobusha County",5,66,186,91,95
050,28,161,"Mississippi","Yalobusha County",5,67,175,74,101
050,28,161,"Mississippi","Yalobusha County",5,68,171,76,95
050,28,161,"Mississippi","Yalobusha County",5,69,174,77,97
050,28,161,"Mississippi","Yalobusha County",5,70,154,69,85
050,28,161,"Mississippi","Yalobusha County",5,71,156,76,80
050,28,161,"Mississippi","Yalobusha County",5,72,157,74,83
050,28,161,"Mississippi","Yalobusha County",5,73,146,70,76
050,28,161,"Mississippi","Yalobusha County",5,74,146,70,76
050,28,161,"Mississippi","Yalobusha County",5,75,137,66,71
050,28,161,"Mississippi","Yalobusha County",5,76,135,71,64
050,28,161,"Mississippi","Yalobusha County",5,77,93,45,48
050,28,161,"Mississippi","Yalobusha County",5,78,96,46,50
050,28,161,"Mississippi","Yalobusha County",5,79,89,40,49
050,28,161,"Mississippi","Yalobusha County",5,80,82,32,50
050,28,161,"Mississippi","Yalobusha County",5,81,60,17,43
050,28,161,"Mississippi","Yalobusha County",5,82,59,20,39
050,28,161,"Mississippi","Yalobusha County",5,83,62,20,42
050,28,161,"Mississippi","Yalobusha County",5,84,47,20,27
050,28,161,"Mississippi","Yalobusha County",5,85,256,93,163
050,28,163,"Mississippi","Yazoo County",1,0,301,153,148
050,28,163,"Mississippi","Yazoo County",1,1,307,155,152
050,28,163,"Mississippi","Yazoo County",1,2,306,150,156
050,28,163,"Mississippi","Yazoo County",1,3,273,137,136
050,28,163,"Mississippi","Yazoo County",1,4,293,148,145
050,28,163,"Mississippi","Yazoo County",1,5,308,154,154
050,28,163,"Mississippi","Yazoo County",1,6,313,155,158
050,28,163,"Mississippi","Yazoo County",1,7,322,172,150
050,28,163,"Mississippi","Yazoo County",1,8,328,163,165
050,28,163,"Mississippi","Yazoo County",1,9,317,170,147
050,28,163,"Mississippi","Yazoo County",1,10,334,180,154
050,28,163,"Mississippi","Yazoo County",1,11,360,181,179
050,28,163,"Mississippi","Yazoo County",1,12,396,202,194
050,28,163,"Mississippi","Yazoo County",1,13,410,235,175
050,28,163,"Mississippi","Yazoo County",1,14,385,212,173
050,28,163,"Mississippi","Yazoo County",1,15,370,199,171
050,28,163,"Mississippi","Yazoo County",1,16,328,168,160
050,28,163,"Mississippi","Yazoo County",1,17,330,164,166
050,28,163,"Mississippi","Yazoo County",1,18,270,139,131
050,28,163,"Mississippi","Yazoo County",1,19,243,127,116
050,28,163,"Mississippi","Yazoo County",1,20,278,155,123
050,28,163,"Mississippi","Yazoo County",1,21,325,186,139
050,28,163,"Mississippi","Yazoo County",1,22,319,163,156
050,28,163,"Mississippi","Yazoo County",1,23,338,188,150
050,28,163,"Mississippi","Yazoo County",1,24,355,202,153
050,28,163,"Mississippi","Yazoo County",1,25,368,230,138
050,28,163,"Mississippi","Yazoo County",1,26,440,281,159
050,28,163,"Mississippi","Yazoo County",1,27,462,294,168
050,28,163,"Mississippi","Yazoo County",1,28,475,313,162
050,28,163,"Mississippi","Yazoo County",1,29,500,353,147
050,28,163,"Mississippi","Yazoo County",1,30,517,378,139
050,28,163,"Mississippi","Yazoo County",1,31,469,337,132
050,28,163,"Mississippi","Yazoo County",1,32,433,308,125
050,28,163,"Mississippi","Yazoo County",1,33,433,303,130
050,28,163,"Mississippi","Yazoo County",1,34,465,328,137
050,28,163,"Mississippi","Yazoo County",1,35,466,337,129
050,28,163,"Mississippi","Yazoo County",1,36,459,331,128
050,28,163,"Mississippi","Yazoo County",1,37,464,321,143
050,28,163,"Mississippi","Yazoo County",1,38,467,329,138
050,28,163,"Mississippi","Yazoo County",1,39,496,349,147
050,28,163,"Mississippi","Yazoo County",1,40,421,277,144
050,28,163,"Mississippi","Yazoo County",1,41,400,263,137
050,28,163,"Mississippi","Yazoo County",1,42,398,260,138
050,28,163,"Mississippi","Yazoo County",1,43,339,211,128
050,28,163,"Mississippi","Yazoo County",1,44,327,208,119
050,28,163,"Mississippi","Yazoo County",1,45,338,221,117
050,28,163,"Mississippi","Yazoo County",1,46,312,195,117
050,28,163,"Mississippi","Yazoo County",1,47,327,196,131
050,28,163,"Mississippi","Yazoo County",1,48,275,156,119
050,28,163,"Mississippi","Yazoo County",1,49,314,192,122
050,28,163,"Mississippi","Yazoo County",1,50,315,177,138
050,28,163,"Mississippi","Yazoo County",1,51,272,150,122
050,28,163,"Mississippi","Yazoo County",1,52,273,154,119
050,28,163,"Mississippi","Yazoo County",1,53,316,193,123
050,28,163,"Mississippi","Yazoo County",1,54,316,160,156
050,28,163,"Mississippi","Yazoo County",1,55,315,162,153
050,28,163,"Mississippi","Yazoo County",1,56,327,165,162
050,28,163,"Mississippi","Yazoo County",1,57,310,154,156
050,28,163,"Mississippi","Yazoo County",1,58,313,172,141
050,28,163,"Mississippi","Yazoo County",1,59,303,150,153
050,28,163,"Mississippi","Yazoo County",1,60,308,153,155
050,28,163,"Mississippi","Yazoo County",1,61,299,149,150
050,28,163,"Mississippi","Yazoo County",1,62,308,140,168
050,28,163,"Mississippi","Yazoo County",1,63,300,149,151
050,28,163,"Mississippi","Yazoo County",1,64,298,146,152
050,28,163,"Mississippi","Yazoo County",1,65,285,136,149
050,28,163,"Mississippi","Yazoo County",1,66,273,137,136
050,28,163,"Mississippi","Yazoo County",1,67,256,133,123
050,28,163,"Mississippi","Yazoo County",1,68,214,114,100
050,28,163,"Mississippi","Yazoo County",1,69,212,108,104
050,28,163,"Mississippi","Yazoo County",1,70,200,91,109
050,28,163,"Mississippi","Yazoo County",1,71,200,88,112
050,28,163,"Mississippi","Yazoo County",1,72,209,93,116
050,28,163,"Mississippi","Yazoo County",1,73,194,87,107
050,28,163,"Mississippi","Yazoo County",1,74,152,71,81
050,28,163,"Mississippi","Yazoo County",1,75,131,56,75
050,28,163,"Mississippi","Yazoo County",1,76,130,48,82
050,28,163,"Mississippi","Yazoo County",1,77,132,51,81
050,28,163,"Mississippi","Yazoo County",1,78,122,54,68
050,28,163,"Mississippi","Yazoo County",1,79,105,46,59
050,28,163,"Mississippi","Yazoo County",1,80,104,39,65
050,28,163,"Mississippi","Yazoo County",1,81,87,29,58
050,28,163,"Mississippi","Yazoo County",1,82,87,33,54
050,28,163,"Mississippi","Yazoo County",1,83,72,25,47
050,28,163,"Mississippi","Yazoo County",1,84,81,27,54
050,28,163,"Mississippi","Yazoo County",1,85,458,132,326
050,28,163,"Mississippi","Yazoo County",2,0,312,163,149
050,28,163,"Mississippi","Yazoo County",2,1,306,155,151
050,28,163,"Mississippi","Yazoo County",2,2,305,150,155
050,28,163,"Mississippi","Yazoo County",2,3,277,138,139
050,28,163,"Mississippi","Yazoo County",2,4,286,145,141
050,28,163,"Mississippi","Yazoo County",2,5,304,153,151
050,28,163,"Mississippi","Yazoo County",2,6,311,155,156
050,28,163,"Mississippi","Yazoo County",2,7,317,167,150
050,28,163,"Mississippi","Yazoo County",2,8,324,165,159
050,28,163,"Mississippi","Yazoo County",2,9,316,167,149
050,28,163,"Mississippi","Yazoo County",2,10,327,175,152
050,28,163,"Mississippi","Yazoo County",2,11,347,177,170
050,28,163,"Mississippi","Yazoo County",2,12,385,197,188
050,28,163,"Mississippi","Yazoo County",2,13,405,226,179
050,28,163,"Mississippi","Yazoo County",2,14,391,218,173
050,28,163,"Mississippi","Yazoo County",2,15,370,201,169
050,28,163,"Mississippi","Yazoo County",2,16,339,176,163
050,28,163,"Mississippi","Yazoo County",2,17,327,164,163
050,28,163,"Mississippi","Yazoo County",2,18,273,139,134
050,28,163,"Mississippi","Yazoo County",2,19,241,124,117
050,28,163,"Mississippi","Yazoo County",2,20,279,153,126
050,28,163,"Mississippi","Yazoo County",2,21,319,183,136
050,28,163,"Mississippi","Yazoo County",2,22,323,170,153
050,28,163,"Mississippi","Yazoo County",2,23,341,187,154
050,28,163,"Mississippi","Yazoo County",2,24,345,197,148
050,28,163,"Mississippi","Yazoo County",2,25,369,229,140
050,28,163,"Mississippi","Yazoo County",2,26,432,278,154
050,28,163,"Mississippi","Yazoo County",2,27,455,290,165
050,28,163,"Mississippi","Yazoo County",2,28,476,313,163
050,28,163,"Mississippi","Yazoo County",2,29,496,346,150
050,28,163,"Mississippi","Yazoo County",2,30,516,377,139
050,28,163,"Mississippi","Yazoo County",2,31,471,340,131
050,28,163,"Mississippi","Yazoo County",2,32,437,312,125
050,28,163,"Mississippi","Yazoo County",2,33,430,301,129
050,28,163,"Mississippi","Yazoo County",2,34,462,327,135
050,28,163,"Mississippi","Yazoo County",2,35,470,340,130
050,28,163,"Mississippi","Yazoo County",2,36,458,331,127
050,28,163,"Mississippi","Yazoo County",2,37,459,322,137
050,28,163,"Mississippi","Yazoo County",2,38,460,319,141
050,28,163,"Mississippi","Yazoo County",2,39,492,348,144
050,28,163,"Mississippi","Yazoo County",2,40,427,281,146
050,28,163,"Mississippi","Yazoo County",2,41,398,263,135
050,28,163,"Mississippi","Yazoo County",2,42,399,262,137
050,28,163,"Mississippi","Yazoo County",2,43,347,214,133
050,28,163,"Mississippi","Yazoo County",2,44,324,204,120
050,28,163,"Mississippi","Yazoo County",2,45,337,218,119
050,28,163,"Mississippi","Yazoo County",2,46,318,201,117
050,28,163,"Mississippi","Yazoo County",2,47,320,193,127
050,28,163,"Mississippi","Yazoo County",2,48,283,160,123
050,28,163,"Mississippi","Yazoo County",2,49,310,189,121
050,28,163,"Mississippi","Yazoo County",2,50,308,175,133
050,28,163,"Mississippi","Yazoo County",2,51,275,151,124
050,28,163,"Mississippi","Yazoo County",2,52,274,155,119
050,28,163,"Mississippi","Yazoo County",2,53,310,188,122
050,28,163,"Mississippi","Yazoo County",2,54,310,161,149
050,28,163,"Mississippi","Yazoo County",2,55,311,158,153
050,28,163,"Mississippi","Yazoo County",2,56,326,166,160
050,28,163,"Mississippi","Yazoo County",2,57,307,150,157
050,28,163,"Mississippi","Yazoo County",2,58,313,169,144
050,28,163,"Mississippi","Yazoo County",2,59,303,153,150
050,28,163,"Mississippi","Yazoo County",2,60,305,151,154
050,28,163,"Mississippi","Yazoo County",2,61,300,149,151
050,28,163,"Mississippi","Yazoo County",2,62,303,139,164
050,28,163,"Mississippi","Yazoo County",2,63,305,149,156
050,28,163,"Mississippi","Yazoo County",2,64,293,141,152
050,28,163,"Mississippi","Yazoo County",2,65,286,138,148
050,28,163,"Mississippi","Yazoo County",2,66,277,137,140
050,28,163,"Mississippi","Yazoo County",2,67,258,133,125
050,28,163,"Mississippi","Yazoo County",2,68,219,115,104
050,28,163,"Mississippi","Yazoo County",2,69,214,110,104
050,28,163,"Mississippi","Yazoo County",2,70,200,94,106
050,28,163,"Mississippi","Yazoo County",2,71,199,87,112
050,28,163,"Mississippi","Yazoo County",2,72,201,90,111
050,28,163,"Mississippi","Yazoo County",2,73,204,90,114
050,28,163,"Mississippi","Yazoo County",2,74,153,71,82
050,28,163,"Mississippi","Yazoo County",2,75,135,58,77
050,28,163,"Mississippi","Yazoo County",2,76,129,50,79
050,28,163,"Mississippi","Yazoo County",2,77,131,50,81
050,28,163,"Mississippi","Yazoo County",2,78,120,51,69
050,28,163,"Mississippi","Yazoo County",2,79,106,47,59
050,28,163,"Mississippi","Yazoo County",2,80,103,40,63
050,28,163,"Mississippi","Yazoo County",2,81,91,30,61
050,28,163,"Mississippi","Yazoo County",2,82,86,31,55
050,28,163,"Mississippi","Yazoo County",2,83,71,26,45
050,28,163,"Mississippi","Yazoo County",2,84,78,26,52
050,28,163,"Mississippi","Yazoo County",2,85,456,134,322
050,28,163,"Mississippi","Yazoo County",3,0,300,163,137
050,28,163,"Mississippi","Yazoo County",3,1,318,172,146
050,28,163,"Mississippi","Yazoo County",3,2,299,151,148
050,28,163,"Mississippi","Yazoo County",3,3,293,146,147
050,28,163,"Mississippi","Yazoo County",3,4,262,135,127
050,28,163,"Mississippi","Yazoo County",3,5,284,145,139
050,28,163,"Mississippi","Yazoo County",3,6,293,145,148
050,28,163,"Mississippi","Yazoo County",3,7,292,141,151
050,28,163,"Mississippi","Yazoo County",3,8,314,163,151
050,28,163,"Mississippi","Yazoo County",3,9,315,157,158
050,28,163,"Mississippi","Yazoo County",3,10,301,154,147
050,28,163,"Mississippi","Yazoo County",3,11,337,175,162
050,28,163,"Mississippi","Yazoo County",3,12,348,177,171
050,28,163,"Mississippi","Yazoo County",3,13,371,192,179
050,28,163,"Mississippi","Yazoo County",3,14,407,228,179
050,28,163,"Mississippi","Yazoo County",3,15,382,215,167
050,28,163,"Mississippi","Yazoo County",3,16,377,206,171
050,28,163,"Mississippi","Yazoo County",3,17,329,173,156
050,28,163,"Mississippi","Yazoo County",3,18,286,144,142
050,28,163,"Mississippi","Yazoo County",3,19,225,106,119
050,28,163,"Mississippi","Yazoo County",3,20,252,138,114
050,28,163,"Mississippi","Yazoo County",3,21,312,187,125
050,28,163,"Mississippi","Yazoo County",3,22,339,196,143
050,28,163,"Mississippi","Yazoo County",3,23,328,180,148
050,28,163,"Mississippi","Yazoo County",3,24,326,178,148
050,28,163,"Mississippi","Yazoo County",3,25,343,207,136
050,28,163,"Mississippi","Yazoo County",3,26,412,275,137
050,28,163,"Mississippi","Yazoo County",3,27,426,284,142
050,28,163,"Mississippi","Yazoo County",3,28,473,317,156
050,28,163,"Mississippi","Yazoo County",3,29,485,329,156
050,28,163,"Mississippi","Yazoo County",3,30,508,365,143
050,28,163,"Mississippi","Yazoo County",3,31,489,346,143
050,28,163,"Mississippi","Yazoo County",3,32,435,314,121
050,28,163,"Mississippi","Yazoo County",3,33,430,303,127
050,28,163,"Mississippi","Yazoo County",3,34,453,326,127
050,28,163,"Mississippi","Yazoo County",3,35,480,340,140
050,28,163,"Mississippi","Yazoo County",3,36,470,344,126
050,28,163,"Mississippi","Yazoo County",3,37,452,324,128
050,28,163,"Mississippi","Yazoo County",3,38,430,296,134
050,28,163,"Mississippi","Yazoo County",3,39,479,339,140
050,28,163,"Mississippi","Yazoo County",3,40,430,283,147
050,28,163,"Mississippi","Yazoo County",3,41,421,274,147
050,28,163,"Mississippi","Yazoo County",3,42,418,282,136
050,28,163,"Mississippi","Yazoo County",3,43,363,229,134
050,28,163,"Mississippi","Yazoo County",3,44,350,211,139
050,28,163,"Mississippi","Yazoo County",3,45,323,203,120
050,28,163,"Mississippi","Yazoo County",3,46,339,219,120
050,28,163,"Mississippi","Yazoo County",3,47,308,192,116
050,28,163,"Mississippi","Yazoo County",3,48,295,163,132
050,28,163,"Mississippi","Yazoo County",3,49,304,184,120
050,28,163,"Mississippi","Yazoo County",3,50,290,169,121
050,28,163,"Mississippi","Yazoo County",3,51,291,157,134
050,28,163,"Mississippi","Yazoo County",3,52,288,160,128
050,28,163,"Mississippi","Yazoo County",3,53,288,170,118
050,28,163,"Mississippi","Yazoo County",3,54,293,167,126
050,28,163,"Mississippi","Yazoo County",3,55,287,144,143
050,28,163,"Mississippi","Yazoo County",3,56,319,171,148
050,28,163,"Mississippi","Yazoo County",3,57,312,153,159
050,28,163,"Mississippi","Yazoo County",3,58,311,151,160
050,28,163,"Mississippi","Yazoo County",3,59,306,163,143
050,28,163,"Mississippi","Yazoo County",3,60,287,142,145
050,28,163,"Mississippi","Yazoo County",3,61,293,144,149
050,28,163,"Mississippi","Yazoo County",3,62,295,146,149
050,28,163,"Mississippi","Yazoo County",3,63,306,154,152
050,28,163,"Mississippi","Yazoo County",3,64,293,133,160
050,28,163,"Mississippi","Yazoo County",3,65,274,135,139
050,28,163,"Mississippi","Yazoo County",3,66,283,138,145
050,28,163,"Mississippi","Yazoo County",3,67,266,126,140
050,28,163,"Mississippi","Yazoo County",3,68,242,120,122
050,28,163,"Mississippi","Yazoo County",3,69,215,109,106
050,28,163,"Mississippi","Yazoo County",3,70,206,109,97
050,28,163,"Mississippi","Yazoo County",3,71,195,90,105
050,28,163,"Mississippi","Yazoo County",3,72,183,80,103
050,28,163,"Mississippi","Yazoo County",3,73,197,88,109
050,28,163,"Mississippi","Yazoo County",3,74,201,90,111
050,28,163,"Mississippi","Yazoo County",3,75,141,60,81
050,28,163,"Mississippi","Yazoo County",3,76,137,56,81
050,28,163,"Mississippi","Yazoo County",3,77,126,50,76
050,28,163,"Mississippi","Yazoo County",3,78,128,48,80
050,28,163,"Mississippi","Yazoo County",3,79,107,45,62
050,28,163,"Mississippi","Yazoo County",3,80,92,40,52
050,28,163,"Mississippi","Yazoo County",3,81,97,35,62
050,28,163,"Mississippi","Yazoo County",3,82,89,30,59
050,28,163,"Mississippi","Yazoo County",3,83,76,26,50
050,28,163,"Mississippi","Yazoo County",3,84,66,18,48
050,28,163,"Mississippi","Yazoo County",3,85,438,126,312
050,28,163,"Mississippi","Yazoo County",4,0,283,147,136
050,28,163,"Mississippi","Yazoo County",4,1,292,162,130
050,28,163,"Mississippi","Yazoo County",4,2,305,162,143
050,28,163,"Mississippi","Yazoo County",4,3,297,148,149
050,28,163,"Mississippi","Yazoo County",4,4,296,147,149
050,28,163,"Mississippi","Yazoo County",4,5,262,138,124
050,28,163,"Mississippi","Yazoo County",4,6,276,142,134
050,28,163,"Mississippi","Yazoo County",4,7,278,138,140
050,28,163,"Mississippi","Yazoo County",4,8,299,144,155
050,28,163,"Mississippi","Yazoo County",4,9,302,158,144
050,28,163,"Mississippi","Yazoo County",4,10,307,156,151
050,28,163,"Mississippi","Yazoo County",4,11,301,146,155
050,28,163,"Mississippi","Yazoo County",4,12,324,167,157
050,28,163,"Mississippi","Yazoo County",4,13,332,169,163
050,28,163,"Mississippi","Yazoo County",4,14,363,188,175
050,28,163,"Mississippi","Yazoo County",4,15,399,224,175
050,28,163,"Mississippi","Yazoo County",4,16,361,200,161
050,28,163,"Mississippi","Yazoo County",4,17,366,202,164
050,28,163,"Mississippi","Yazoo County",4,18,286,156,130
050,28,163,"Mississippi","Yazoo County",4,19,234,117,117
050,28,163,"Mississippi","Yazoo County",4,20,241,118,123
050,28,163,"Mississippi","Yazoo County",4,21,270,163,107
050,28,163,"Mississippi","Yazoo County",4,22,316,182,134
050,28,163,"Mississippi","Yazoo County",4,23,355,211,144
050,28,163,"Mississippi","Yazoo County",4,24,321,186,135
050,28,163,"Mississippi","Yazoo County",4,25,338,202,136
050,28,163,"Mississippi","Yazoo County",4,26,380,243,137
050,28,163,"Mississippi","Yazoo County",4,27,401,277,124
050,28,163,"Mississippi","Yazoo County",4,28,444,306,138
050,28,163,"Mississippi","Yazoo County",4,29,489,334,155
050,28,163,"Mississippi","Yazoo County",4,30,485,343,142
050,28,163,"Mississippi","Yazoo County",4,31,490,344,146
050,28,163,"Mississippi","Yazoo County",4,32,460,314,146
050,28,163,"Mississippi","Yazoo County",4,33,420,304,116
050,28,163,"Mississippi","Yazoo County",4,34,446,318,128
050,28,163,"Mississippi","Yazoo County",4,35,450,326,124
050,28,163,"Mississippi","Yazoo County",4,36,469,332,137
050,28,163,"Mississippi","Yazoo County",4,37,453,330,123
050,28,163,"Mississippi","Yazoo County",4,38,421,300,121
050,28,163,"Mississippi","Yazoo County",4,39,442,315,127
050,28,163,"Mississippi","Yazoo County",4,40,420,278,142
050,28,163,"Mississippi","Yazoo County",4,41,413,269,144
050,28,163,"Mississippi","Yazoo County",4,42,423,281,142
050,28,163,"Mississippi","Yazoo County",4,43,368,233,135
050,28,163,"Mississippi","Yazoo County",4,44,343,211,132
050,28,163,"Mississippi","Yazoo County",4,45,343,209,134
050,28,163,"Mississippi","Yazoo County",4,46,317,201,116
050,28,163,"Mississippi","Yazoo County",4,47,321,210,111
050,28,163,"Mississippi","Yazoo County",4,48,278,165,113
050,28,163,"Mississippi","Yazoo County",4,49,305,182,123
050,28,163,"Mississippi","Yazoo County",4,50,285,163,122
050,28,163,"Mississippi","Yazoo County",4,51,270,145,125
050,28,163,"Mississippi","Yazoo County",4,52,284,151,133
050,28,163,"Mississippi","Yazoo County",4,53,298,170,128
050,28,163,"Mississippi","Yazoo County",4,54,250,136,114
050,28,163,"Mississippi","Yazoo County",4,55,277,159,118
050,28,163,"Mississippi","Yazoo County",4,56,294,152,142
050,28,163,"Mississippi","Yazoo County",4,57,295,151,144
050,28,163,"Mississippi","Yazoo County",4,58,321,160,161
050,28,163,"Mississippi","Yazoo County",4,59,290,136,154
050,28,163,"Mississippi","Yazoo County",4,60,289,152,137
050,28,163,"Mississippi","Yazoo County",4,61,277,137,140
050,28,163,"Mississippi","Yazoo County",4,62,287,133,154
050,28,163,"Mississippi","Yazoo County",4,63,288,150,138
050,28,163,"Mississippi","Yazoo County",4,64,289,135,154
050,28,163,"Mississippi","Yazoo County",4,65,277,123,154
050,28,163,"Mississippi","Yazoo County",4,66,276,134,142
050,28,163,"Mississippi","Yazoo County",4,67,272,134,138
050,28,163,"Mississippi","Yazoo County",4,68,255,121,134
050,28,163,"Mississippi","Yazoo County",4,69,236,112,124
050,28,163,"Mississippi","Yazoo County",4,70,203,103,100
050,28,163,"Mississippi","Yazoo County",4,71,201,106,95
050,28,163,"Mississippi","Yazoo County",4,72,185,81,104
050,28,163,"Mississippi","Yazoo County",4,73,177,77,100
050,28,163,"Mississippi","Yazoo County",4,74,193,90,103
050,28,163,"Mississippi","Yazoo County",4,75,180,80,100
050,28,163,"Mississippi","Yazoo County",4,76,142,59,83
050,28,163,"Mississippi","Yazoo County",4,77,128,56,72
050,28,163,"Mississippi","Yazoo County",4,78,121,46,75
050,28,163,"Mississippi","Yazoo County",4,79,114,41,73
050,28,163,"Mississippi","Yazoo County",4,80,95,39,56
050,28,163,"Mississippi","Yazoo County",4,81,87,34,53
050,28,163,"Mississippi","Yazoo County",4,82,96,38,58
050,28,163,"Mississippi","Yazoo County",4,83,79,23,56
050,28,163,"Mississippi","Yazoo County",4,84,73,22,51
050,28,163,"Mississippi","Yazoo County",4,85,424,121,303
050,28,163,"Mississippi","Yazoo County",5,0,281,147,134
050,28,163,"Mississippi","Yazoo County",5,1,263,140,123
050,28,163,"Mississippi","Yazoo County",5,2,298,164,134
050,28,163,"Mississippi","Yazoo County",5,3,304,157,147
050,28,163,"Mississippi","Yazoo County",5,4,295,149,146
050,28,163,"Mississippi","Yazoo County",5,5,297,148,149
050,28,163,"Mississippi","Yazoo County",5,6,265,140,125
050,28,163,"Mississippi","Yazoo County",5,7,294,154,140
050,28,163,"Mississippi","Yazoo County",5,8,283,141,142
050,28,163,"Mississippi","Yazoo County",5,9,301,145,156
050,28,163,"Mississippi","Yazoo County",5,10,308,164,144
050,28,163,"Mississippi","Yazoo County",5,11,310,154,156
050,28,163,"Mississippi","Yazoo County",5,12,303,147,156
050,28,163,"Mississippi","Yazoo County",5,13,321,166,155
050,28,163,"Mississippi","Yazoo County",5,14,325,164,161
050,28,163,"Mississippi","Yazoo County",5,15,372,192,180
050,28,163,"Mississippi","Yazoo County",5,16,407,229,178
050,28,163,"Mississippi","Yazoo County",5,17,362,203,159
050,28,163,"Mississippi","Yazoo County",5,18,296,165,131
050,28,163,"Mississippi","Yazoo County",5,19,230,126,104
050,28,163,"Mississippi","Yazoo County",5,20,261,131,130
050,28,163,"Mississippi","Yazoo County",5,21,269,143,126
050,28,163,"Mississippi","Yazoo County",5,22,279,161,118
050,28,163,"Mississippi","Yazoo County",5,23,352,207,145
050,28,163,"Mississippi","Yazoo County",5,24,359,220,139
050,28,163,"Mississippi","Yazoo County",5,25,341,203,138
050,28,163,"Mississippi","Yazoo County",5,26,383,238,145
050,28,163,"Mississippi","Yazoo County",5,27,391,252,139
050,28,163,"Mississippi","Yazoo County",5,28,435,310,125
050,28,163,"Mississippi","Yazoo County",5,29,470,325,145
050,28,163,"Mississippi","Yazoo County",5,30,514,359,155
050,28,163,"Mississippi","Yazoo County",5,31,458,314,144
050,28,163,"Mississippi","Yazoo County",5,32,468,317,151
050,28,163,"Mississippi","Yazoo County",5,33,446,304,142
050,28,163,"Mississippi","Yazoo County",5,34,441,321,120
050,28,163,"Mississippi","Yazoo County",5,35,455,329,126
050,28,163,"Mississippi","Yazoo County",5,36,454,333,121
050,28,163,"Mississippi","Yazoo County",5,37,461,324,137
050,28,163,"Mississippi","Yazoo County",5,38,430,310,120
050,28,163,"Mississippi","Yazoo County",5,39,430,310,120
050,28,163,"Mississippi","Yazoo County",5,40,385,260,125
050,28,163,"Mississippi","Yazoo County",5,41,400,263,137
050,28,163,"Mississippi","Yazoo County",5,42,424,282,142
050,28,163,"Mississippi","Yazoo County",5,43,390,247,143
050,28,163,"Mississippi","Yazoo County",5,44,354,223,131
050,28,163,"Mississippi","Yazoo County",5,45,341,212,129
050,28,163,"Mississippi","Yazoo County",5,46,334,200,134
050,28,163,"Mississippi","Yazoo County",5,47,306,193,113
050,28,163,"Mississippi","Yazoo County",5,48,288,177,111
050,28,163,"Mississippi","Yazoo County",5,49,303,195,108
050,28,163,"Mississippi","Yazoo County",5,50,281,157,124
050,28,163,"Mississippi","Yazoo County",5,51,269,147,122
050,28,163,"Mississippi","Yazoo County",5,52,274,146,128
050,28,163,"Mississippi","Yazoo County",5,53,298,166,132
050,28,163,"Mississippi","Yazoo County",5,54,272,144,128
050,28,163,"Mississippi","Yazoo County",5,55,236,127,109
050,28,163,"Mississippi","Yazoo County",5,56,292,173,119
050,28,163,"Mississippi","Yazoo County",5,57,277,139,138
050,28,163,"Mississippi","Yazoo County",5,58,292,154,138
050,28,163,"Mississippi","Yazoo County",5,59,308,153,155
050,28,163,"Mississippi","Yazoo County",5,60,286,132,154
050,28,163,"Mississippi","Yazoo County",5,61,272,140,132
050,28,163,"Mississippi","Yazoo County",5,62,270,131,139
050,28,163,"Mississippi","Yazoo County",5,63,280,139,141
050,28,163,"Mississippi","Yazoo County",5,64,272,129,143
050,28,163,"Mississippi","Yazoo County",5,65,281,131,150
050,28,163,"Mississippi","Yazoo County",5,66,271,121,150
050,28,163,"Mississippi","Yazoo County",5,67,266,125,141
050,28,163,"Mississippi","Yazoo County",5,68,260,126,134
050,28,163,"Mississippi","Yazoo County",5,69,249,118,131
050,28,163,"Mississippi","Yazoo County",5,70,226,106,120
050,28,163,"Mississippi","Yazoo County",5,71,202,102,100
050,28,163,"Mississippi","Yazoo County",5,72,191,99,92
050,28,163,"Mississippi","Yazoo County",5,73,182,83,99
050,28,163,"Mississippi","Yazoo County",5,74,173,78,95
050,28,163,"Mississippi","Yazoo County",5,75,177,80,97
050,28,163,"Mississippi","Yazoo County",5,76,180,77,103
050,28,163,"Mississippi","Yazoo County",5,77,131,57,74
050,28,163,"Mississippi","Yazoo County",5,78,122,50,72
050,28,163,"Mississippi","Yazoo County",5,79,107,40,67
050,28,163,"Mississippi","Yazoo County",5,80,105,34,71
050,28,163,"Mississippi","Yazoo County",5,81,89,32,57
050,28,163,"Mississippi","Yazoo County",5,82,85,36,49
050,28,163,"Mississippi","Yazoo County",5,83,87,32,55
050,28,163,"Mississippi","Yazoo County",5,84,77,18,59
050,28,163,"Mississippi","Yazoo County",5,85,419,119,300

