"SUMLEV","STATE","COUNTY","STNAME","CTYNAME","YEAR","AGE","TOT_POP","TOT_MALE","TOT_FEMALE"
050,23,001,"Maine","Androscoggin County",1,0,1236,636,600
050,23,001,"Maine","Androscoggin County",1,1,1264,640,624
050,23,001,"Maine","Androscoggin County",1,2,1222,599,623
050,23,001,"Maine","Androscoggin County",1,3,1257,620,637
050,23,001,"Maine","Androscoggin County",1,4,1286,646,640
050,23,001,"Maine","Androscoggin County",1,5,1287,648,639
050,23,001,"Maine","Androscoggin County",1,6,1328,673,655
050,23,001,"Maine","Androscoggin County",1,7,1343,686,657
050,23,001,"Maine","Androscoggin County",1,8,1331,665,666
050,23,001,"Maine","Androscoggin County",1,9,1360,666,694
050,23,001,"Maine","Androscoggin County",1,10,1412,744,668
050,23,001,"Maine","Androscoggin County",1,11,1434,759,675
050,23,001,"Maine","Androscoggin County",1,12,1416,718,698
050,23,001,"Maine","Androscoggin County",1,13,1384,696,688
050,23,001,"Maine","Androscoggin County",1,14,1355,684,671
050,23,001,"Maine","Androscoggin County",1,15,1340,701,639
050,23,001,"Maine","Androscoggin County",1,16,1352,692,660
050,23,001,"Maine","Androscoggin County",1,17,1332,671,661
050,23,001,"Maine","Androscoggin County",1,18,1386,685,701
050,23,001,"Maine","Androscoggin County",1,19,1502,778,724
050,23,001,"Maine","Androscoggin County",1,20,1473,755,718
050,23,001,"Maine","Androscoggin County",1,21,1412,730,682
050,23,001,"Maine","Androscoggin County",1,22,1344,679,665
050,23,001,"Maine","Androscoggin County",1,23,1228,605,623
050,23,001,"Maine","Androscoggin County",1,24,1203,576,627
050,23,001,"Maine","Androscoggin County",1,25,1230,638,592
050,23,001,"Maine","Androscoggin County",1,26,1302,669,633
050,23,001,"Maine","Androscoggin County",1,27,1353,679,674
050,23,001,"Maine","Androscoggin County",1,28,1382,709,673
050,23,001,"Maine","Androscoggin County",1,29,1417,719,698
050,23,001,"Maine","Androscoggin County",1,30,1390,691,699
050,23,001,"Maine","Androscoggin County",1,31,1348,692,656
050,23,001,"Maine","Androscoggin County",1,32,1421,686,735
050,23,001,"Maine","Androscoggin County",1,33,1408,652,756
050,23,001,"Maine","Androscoggin County",1,34,1431,692,739
050,23,001,"Maine","Androscoggin County",1,35,1385,679,706
050,23,001,"Maine","Androscoggin County",1,36,1339,661,678
050,23,001,"Maine","Androscoggin County",1,37,1359,659,700
050,23,001,"Maine","Androscoggin County",1,38,1323,651,672
050,23,001,"Maine","Androscoggin County",1,39,1423,722,701
050,23,001,"Maine","Androscoggin County",1,40,1424,698,726
050,23,001,"Maine","Androscoggin County",1,41,1365,660,705
050,23,001,"Maine","Androscoggin County",1,42,1316,658,658
050,23,001,"Maine","Androscoggin County",1,43,1224,622,602
050,23,001,"Maine","Androscoggin County",1,44,1174,611,563
050,23,001,"Maine","Androscoggin County",1,45,1258,627,631
050,23,001,"Maine","Androscoggin County",1,46,1256,586,670
050,23,001,"Maine","Androscoggin County",1,47,1321,651,670
050,23,001,"Maine","Androscoggin County",1,48,1445,724,721
050,23,001,"Maine","Androscoggin County",1,49,1511,786,725
050,23,001,"Maine","Androscoggin County",1,50,1465,740,725
050,23,001,"Maine","Androscoggin County",1,51,1439,715,724
050,23,001,"Maine","Androscoggin County",1,52,1460,729,731
050,23,001,"Maine","Androscoggin County",1,53,1542,765,777
050,23,001,"Maine","Androscoggin County",1,54,1552,769,783
050,23,001,"Maine","Androscoggin County",1,55,1695,836,859
050,23,001,"Maine","Androscoggin County",1,56,1691,845,846
050,23,001,"Maine","Androscoggin County",1,57,1678,879,799
050,23,001,"Maine","Androscoggin County",1,58,1703,850,853
050,23,001,"Maine","Androscoggin County",1,59,1597,788,809
050,23,001,"Maine","Androscoggin County",1,60,1565,788,777
050,23,001,"Maine","Androscoggin County",1,61,1610,797,813
050,23,001,"Maine","Androscoggin County",1,62,1656,811,845
050,23,001,"Maine","Androscoggin County",1,63,1558,778,780
050,23,001,"Maine","Androscoggin County",1,64,1438,688,750
050,23,001,"Maine","Androscoggin County",1,65,1388,673,715
050,23,001,"Maine","Androscoggin County",1,66,1395,674,721
050,23,001,"Maine","Androscoggin County",1,67,1295,653,642
050,23,001,"Maine","Androscoggin County",1,68,1257,622,635
050,23,001,"Maine","Androscoggin County",1,69,1179,566,613
050,23,001,"Maine","Androscoggin County",1,70,1166,552,614
050,23,001,"Maine","Androscoggin County",1,71,1162,554,608
050,23,001,"Maine","Androscoggin County",1,72,1161,542,619
050,23,001,"Maine","Androscoggin County",1,73,1149,553,596
050,23,001,"Maine","Androscoggin County",1,74,793,395,398
050,23,001,"Maine","Androscoggin County",1,75,783,377,406
050,23,001,"Maine","Androscoggin County",1,76,767,342,425
050,23,001,"Maine","Androscoggin County",1,77,759,331,428
050,23,001,"Maine","Androscoggin County",1,78,606,279,327
050,23,001,"Maine","Androscoggin County",1,79,574,249,325
050,23,001,"Maine","Androscoggin County",1,80,506,208,298
050,23,001,"Maine","Androscoggin County",1,81,478,213,265
050,23,001,"Maine","Androscoggin County",1,82,431,173,258
050,23,001,"Maine","Androscoggin County",1,83,456,188,268
050,23,001,"Maine","Androscoggin County",1,84,401,153,248
050,23,001,"Maine","Androscoggin County",1,85,2485,792,1693
050,23,001,"Maine","Androscoggin County",2,0,1229,638,591
050,23,001,"Maine","Androscoggin County",2,1,1243,629,614
050,23,001,"Maine","Androscoggin County",2,2,1234,608,626
050,23,001,"Maine","Androscoggin County",2,3,1240,609,631
050,23,001,"Maine","Androscoggin County",2,4,1281,642,639
050,23,001,"Maine","Androscoggin County",2,5,1290,650,640
050,23,001,"Maine","Androscoggin County",2,6,1319,669,650
050,23,001,"Maine","Androscoggin County",2,7,1335,680,655
050,23,001,"Maine","Androscoggin County",2,8,1325,662,663
050,23,001,"Maine","Androscoggin County",2,9,1346,663,683
050,23,001,"Maine","Androscoggin County",2,10,1395,724,671
050,23,001,"Maine","Androscoggin County",2,11,1423,750,673
050,23,001,"Maine","Androscoggin County",2,12,1423,730,693
050,23,001,"Maine","Androscoggin County",2,13,1388,698,690
050,23,001,"Maine","Androscoggin County",2,14,1359,685,674
050,23,001,"Maine","Androscoggin County",2,15,1344,699,645
050,23,001,"Maine","Androscoggin County",2,16,1356,698,658
050,23,001,"Maine","Androscoggin County",2,17,1339,676,663
050,23,001,"Maine","Androscoggin County",2,18,1384,679,705
050,23,001,"Maine","Androscoggin County",2,19,1502,775,727
050,23,001,"Maine","Androscoggin County",2,20,1485,763,722
050,23,001,"Maine","Androscoggin County",2,21,1412,726,686
050,23,001,"Maine","Androscoggin County",2,22,1345,679,666
050,23,001,"Maine","Androscoggin County",2,23,1233,607,626
050,23,001,"Maine","Androscoggin County",2,24,1204,583,621
050,23,001,"Maine","Androscoggin County",2,25,1228,628,600
050,23,001,"Maine","Androscoggin County",2,26,1297,672,625
050,23,001,"Maine","Androscoggin County",2,27,1343,675,668
050,23,001,"Maine","Androscoggin County",2,28,1386,709,677
050,23,001,"Maine","Androscoggin County",2,29,1416,720,696
050,23,001,"Maine","Androscoggin County",2,30,1423,715,708
050,23,001,"Maine","Androscoggin County",2,31,1362,691,671
050,23,001,"Maine","Androscoggin County",2,32,1400,684,716
050,23,001,"Maine","Androscoggin County",2,33,1414,664,750
050,23,001,"Maine","Androscoggin County",2,34,1423,681,742
050,23,001,"Maine","Androscoggin County",2,35,1406,688,718
050,23,001,"Maine","Androscoggin County",2,36,1343,664,679
050,23,001,"Maine","Androscoggin County",2,37,1353,659,694
050,23,001,"Maine","Androscoggin County",2,38,1337,657,680
050,23,001,"Maine","Androscoggin County",2,39,1397,703,694
050,23,001,"Maine","Androscoggin County",2,40,1429,704,725
050,23,001,"Maine","Androscoggin County",2,41,1375,667,708
050,23,001,"Maine","Androscoggin County",2,42,1322,651,671
050,23,001,"Maine","Androscoggin County",2,43,1257,638,619
050,23,001,"Maine","Androscoggin County",2,44,1175,609,566
050,23,001,"Maine","Androscoggin County",2,45,1241,622,619
050,23,001,"Maine","Androscoggin County",2,46,1250,594,656
050,23,001,"Maine","Androscoggin County",2,47,1299,635,664
050,23,001,"Maine","Androscoggin County",2,48,1407,699,708
050,23,001,"Maine","Androscoggin County",2,49,1497,775,722
050,23,001,"Maine","Androscoggin County",2,50,1485,755,730
050,23,001,"Maine","Androscoggin County",2,51,1439,716,723
050,23,001,"Maine","Androscoggin County",2,52,1445,721,724
050,23,001,"Maine","Androscoggin County",2,53,1527,760,767
050,23,001,"Maine","Androscoggin County",2,54,1544,763,781
050,23,001,"Maine","Androscoggin County",2,55,1655,817,838
050,23,001,"Maine","Androscoggin County",2,56,1696,841,855
050,23,001,"Maine","Androscoggin County",2,57,1691,877,814
050,23,001,"Maine","Androscoggin County",2,58,1686,847,839
050,23,001,"Maine","Androscoggin County",2,59,1628,809,819
050,23,001,"Maine","Androscoggin County",2,60,1569,786,783
050,23,001,"Maine","Androscoggin County",2,61,1594,791,803
050,23,001,"Maine","Androscoggin County",2,62,1646,808,838
050,23,001,"Maine","Androscoggin County",2,63,1586,785,801
050,23,001,"Maine","Androscoggin County",2,64,1452,702,750
050,23,001,"Maine","Androscoggin County",2,65,1398,678,720
050,23,001,"Maine","Androscoggin County",2,66,1393,671,722
050,23,001,"Maine","Androscoggin County",2,67,1308,653,655
050,23,001,"Maine","Androscoggin County",2,68,1252,621,631
050,23,001,"Maine","Androscoggin County",2,69,1202,579,623
050,23,001,"Maine","Androscoggin County",2,70,1165,552,613
050,23,001,"Maine","Androscoggin County",2,71,1159,547,612
050,23,001,"Maine","Androscoggin County",2,72,1136,533,603
050,23,001,"Maine","Androscoggin County",2,73,1205,574,631
050,23,001,"Maine","Androscoggin County",2,74,822,406,416
050,23,001,"Maine","Androscoggin County",2,75,781,380,401
050,23,001,"Maine","Androscoggin County",2,76,760,344,416
050,23,001,"Maine","Androscoggin County",2,77,779,345,434
050,23,001,"Maine","Androscoggin County",2,78,619,280,339
050,23,001,"Maine","Androscoggin County",2,79,583,253,330
050,23,001,"Maine","Androscoggin County",2,80,507,207,300
050,23,001,"Maine","Androscoggin County",2,81,478,211,267
050,23,001,"Maine","Androscoggin County",2,82,438,178,260
050,23,001,"Maine","Androscoggin County",2,83,445,180,265
050,23,001,"Maine","Androscoggin County",2,84,405,156,249
050,23,001,"Maine","Androscoggin County",2,85,2483,788,1695
050,23,001,"Maine","Androscoggin County",3,0,1040,533,507
050,23,001,"Maine","Androscoggin County",3,1,1242,644,598
050,23,001,"Maine","Androscoggin County",3,2,1249,627,622
050,23,001,"Maine","Androscoggin County",3,3,1220,607,613
050,23,001,"Maine","Androscoggin County",3,4,1220,607,613
050,23,001,"Maine","Androscoggin County",3,5,1266,644,622
050,23,001,"Maine","Androscoggin County",3,6,1290,660,630
050,23,001,"Maine","Androscoggin County",3,7,1324,678,646
050,23,001,"Maine","Androscoggin County",3,8,1310,664,646
050,23,001,"Maine","Androscoggin County",3,9,1295,653,642
050,23,001,"Maine","Androscoggin County",3,10,1304,630,674
050,23,001,"Maine","Androscoggin County",3,11,1376,702,674
050,23,001,"Maine","Androscoggin County",3,12,1386,734,652
050,23,001,"Maine","Androscoggin County",3,13,1422,746,676
050,23,001,"Maine","Androscoggin County",3,14,1388,696,692
050,23,001,"Maine","Androscoggin County",3,15,1357,678,679
050,23,001,"Maine","Androscoggin County",3,16,1381,712,669
050,23,001,"Maine","Androscoggin County",3,17,1381,724,657
050,23,001,"Maine","Androscoggin County",3,18,1595,755,840
050,23,001,"Maine","Androscoggin County",3,19,1934,991,943
050,23,001,"Maine","Androscoggin County",3,20,1804,927,877
050,23,001,"Maine","Androscoggin County",3,21,1654,846,808
050,23,001,"Maine","Androscoggin County",3,22,1518,768,750
050,23,001,"Maine","Androscoggin County",3,23,1278,650,628
050,23,001,"Maine","Androscoggin County",3,24,1236,613,623
050,23,001,"Maine","Androscoggin County",3,25,1253,619,634
050,23,001,"Maine","Androscoggin County",3,26,1297,658,639
050,23,001,"Maine","Androscoggin County",3,27,1337,695,642
050,23,001,"Maine","Androscoggin County",3,28,1359,671,688
050,23,001,"Maine","Androscoggin County",3,29,1464,736,728
050,23,001,"Maine","Androscoggin County",3,30,1488,773,715
050,23,001,"Maine","Androscoggin County",3,31,1463,743,720
050,23,001,"Maine","Androscoggin County",3,32,1384,695,689
050,23,001,"Maine","Androscoggin County",3,33,1445,713,732
050,23,001,"Maine","Androscoggin County",3,34,1402,667,735
050,23,001,"Maine","Androscoggin County",3,35,1427,697,730
050,23,001,"Maine","Androscoggin County",3,36,1438,705,733
050,23,001,"Maine","Androscoggin County",3,37,1368,666,702
050,23,001,"Maine","Androscoggin County",3,38,1361,678,683
050,23,001,"Maine","Androscoggin County",3,39,1353,671,682
050,23,001,"Maine","Androscoggin County",3,40,1398,697,701
050,23,001,"Maine","Androscoggin County",3,41,1404,693,711
050,23,001,"Maine","Androscoggin County",3,42,1370,653,717
050,23,001,"Maine","Androscoggin County",3,43,1332,660,672
050,23,001,"Maine","Androscoggin County",3,44,1261,645,616
050,23,001,"Maine","Androscoggin County",3,45,1196,614,582
050,23,001,"Maine","Androscoggin County",3,46,1212,604,608
050,23,001,"Maine","Androscoggin County",3,47,1253,597,656
050,23,001,"Maine","Androscoggin County",3,48,1291,617,674
050,23,001,"Maine","Androscoggin County",3,49,1376,694,682
050,23,001,"Maine","Androscoggin County",3,50,1489,755,734
050,23,001,"Maine","Androscoggin County",3,51,1448,731,717
050,23,001,"Maine","Androscoggin County",3,52,1423,711,712
050,23,001,"Maine","Androscoggin County",3,53,1455,733,722
050,23,001,"Maine","Androscoggin County",3,54,1530,744,786
050,23,001,"Maine","Androscoggin County",3,55,1512,758,754
050,23,001,"Maine","Androscoggin County",3,56,1641,811,830
050,23,001,"Maine","Androscoggin County",3,57,1666,834,832
050,23,001,"Maine","Androscoggin County",3,58,1662,846,816
050,23,001,"Maine","Androscoggin County",3,59,1641,821,820
050,23,001,"Maine","Androscoggin County",3,60,1623,799,824
050,23,001,"Maine","Androscoggin County",3,61,1540,758,782
050,23,001,"Maine","Androscoggin County",3,62,1585,780,805
050,23,001,"Maine","Androscoggin County",3,63,1621,799,822
050,23,001,"Maine","Androscoggin County",3,64,1576,764,812
050,23,001,"Maine","Androscoggin County",3,65,1431,700,731
050,23,001,"Maine","Androscoggin County",3,66,1382,653,729
050,23,001,"Maine","Androscoggin County",3,67,1345,655,690
050,23,001,"Maine","Androscoggin County",3,68,1302,652,650
050,23,001,"Maine","Androscoggin County",3,69,1208,586,622
050,23,001,"Maine","Androscoggin County",3,70,1198,580,618
050,23,001,"Maine","Androscoggin County",3,71,1154,539,615
050,23,001,"Maine","Androscoggin County",3,72,1108,526,582
050,23,001,"Maine","Androscoggin County",3,73,1115,529,586
050,23,001,"Maine","Androscoggin County",3,74,1158,546,612
050,23,001,"Maine","Androscoggin County",3,75,789,385,404
050,23,001,"Maine","Androscoggin County",3,76,757,355,402
050,23,001,"Maine","Androscoggin County",3,77,761,351,410
050,23,001,"Maine","Androscoggin County",3,78,729,325,404
050,23,001,"Maine","Androscoggin County",3,79,623,275,348
050,23,001,"Maine","Androscoggin County",3,80,532,227,305
050,23,001,"Maine","Androscoggin County",3,81,482,205,277
050,23,001,"Maine","Androscoggin County",3,82,454,187,267
050,23,001,"Maine","Androscoggin County",3,83,443,169,274
050,23,001,"Maine","Androscoggin County",3,84,408,157,251
050,23,001,"Maine","Androscoggin County",3,85,2539,810,1729
050,23,001,"Maine","Androscoggin County",4,0,1142,587,555
050,23,001,"Maine","Androscoggin County",4,1,1047,518,529
050,23,001,"Maine","Androscoggin County",4,2,1253,647,606
050,23,001,"Maine","Androscoggin County",4,3,1218,606,612
050,23,001,"Maine","Androscoggin County",4,4,1222,594,628
050,23,001,"Maine","Androscoggin County",4,5,1229,617,612
050,23,001,"Maine","Androscoggin County",4,6,1291,656,635
050,23,001,"Maine","Androscoggin County",4,7,1311,671,640
050,23,001,"Maine","Androscoggin County",4,8,1333,684,649
050,23,001,"Maine","Androscoggin County",4,9,1305,670,635
050,23,001,"Maine","Androscoggin County",4,10,1303,646,657
050,23,001,"Maine","Androscoggin County",4,11,1303,642,661
050,23,001,"Maine","Androscoggin County",4,12,1403,719,684
050,23,001,"Maine","Androscoggin County",4,13,1378,732,646
050,23,001,"Maine","Androscoggin County",4,14,1425,733,692
050,23,001,"Maine","Androscoggin County",4,15,1390,702,688
050,23,001,"Maine","Androscoggin County",4,16,1377,688,689
050,23,001,"Maine","Androscoggin County",4,17,1408,730,678
050,23,001,"Maine","Androscoggin County",4,18,1611,786,825
050,23,001,"Maine","Androscoggin County",4,19,1926,987,939
050,23,001,"Maine","Androscoggin County",4,20,1832,954,878
050,23,001,"Maine","Androscoggin County",4,21,1617,826,791
050,23,001,"Maine","Androscoggin County",4,22,1535,764,771
050,23,001,"Maine","Androscoggin County",4,23,1315,662,653
050,23,001,"Maine","Androscoggin County",4,24,1275,642,633
050,23,001,"Maine","Androscoggin County",4,25,1277,653,624
050,23,001,"Maine","Androscoggin County",4,26,1288,633,655
050,23,001,"Maine","Androscoggin County",4,27,1305,656,649
050,23,001,"Maine","Androscoggin County",4,28,1418,737,681
050,23,001,"Maine","Androscoggin County",4,29,1406,699,707
050,23,001,"Maine","Androscoggin County",4,30,1523,773,750
050,23,001,"Maine","Androscoggin County",4,31,1531,799,732
050,23,001,"Maine","Androscoggin County",4,32,1509,777,732
050,23,001,"Maine","Androscoggin County",4,33,1434,732,702
050,23,001,"Maine","Androscoggin County",4,34,1471,738,733
050,23,001,"Maine","Androscoggin County",4,35,1415,688,727
050,23,001,"Maine","Androscoggin County",4,36,1439,700,739
050,23,001,"Maine","Androscoggin County",4,37,1449,701,748
050,23,001,"Maine","Androscoggin County",4,38,1385,676,709
050,23,001,"Maine","Androscoggin County",4,39,1401,706,695
050,23,001,"Maine","Androscoggin County",4,40,1371,673,698
050,23,001,"Maine","Androscoggin County",4,41,1415,712,703
050,23,001,"Maine","Androscoggin County",4,42,1417,689,728
050,23,001,"Maine","Androscoggin County",4,43,1390,667,723
050,23,001,"Maine","Androscoggin County",4,44,1320,649,671
050,23,001,"Maine","Androscoggin County",4,45,1269,667,602
050,23,001,"Maine","Androscoggin County",4,46,1204,616,588
050,23,001,"Maine","Androscoggin County",4,47,1209,605,604
050,23,001,"Maine","Androscoggin County",4,48,1253,587,666
050,23,001,"Maine","Androscoggin County",4,49,1276,617,659
050,23,001,"Maine","Androscoggin County",4,50,1387,703,684
050,23,001,"Maine","Androscoggin County",4,51,1441,722,719
050,23,001,"Maine","Androscoggin County",4,52,1439,737,702
050,23,001,"Maine","Androscoggin County",4,53,1442,725,717
050,23,001,"Maine","Androscoggin County",4,54,1419,705,714
050,23,001,"Maine","Androscoggin County",4,55,1489,725,764
050,23,001,"Maine","Androscoggin County",4,56,1517,757,760
050,23,001,"Maine","Androscoggin County",4,57,1652,822,830
050,23,001,"Maine","Androscoggin County",4,58,1636,809,827
050,23,001,"Maine","Androscoggin County",4,59,1639,830,809
050,23,001,"Maine","Androscoggin County",4,60,1631,821,810
050,23,001,"Maine","Androscoggin County",4,61,1605,787,818
050,23,001,"Maine","Androscoggin County",4,62,1540,755,785
050,23,001,"Maine","Androscoggin County",4,63,1553,758,795
050,23,001,"Maine","Androscoggin County",4,64,1591,785,806
050,23,001,"Maine","Androscoggin County",4,65,1531,742,789
050,23,001,"Maine","Androscoggin County",4,66,1417,675,742
050,23,001,"Maine","Androscoggin County",4,67,1336,642,694
050,23,001,"Maine","Androscoggin County",4,68,1321,648,673
050,23,001,"Maine","Androscoggin County",4,69,1261,616,645
050,23,001,"Maine","Androscoggin County",4,70,1191,577,614
050,23,001,"Maine","Androscoggin County",4,71,1183,568,615
050,23,001,"Maine","Androscoggin County",4,72,1100,522,578
050,23,001,"Maine","Androscoggin County",4,73,1076,504,572
050,23,001,"Maine","Androscoggin County",4,74,1062,492,570
050,23,001,"Maine","Androscoggin County",4,75,1117,523,594
050,23,001,"Maine","Androscoggin County",4,76,781,372,409
050,23,001,"Maine","Androscoggin County",4,77,762,361,401
050,23,001,"Maine","Androscoggin County",4,78,712,328,384
050,23,001,"Maine","Androscoggin County",4,79,731,319,412
050,23,001,"Maine","Androscoggin County",4,80,549,238,311
050,23,001,"Maine","Androscoggin County",4,81,505,222,283
050,23,001,"Maine","Androscoggin County",4,82,453,181,272
050,23,001,"Maine","Androscoggin County",4,83,433,168,265
050,23,001,"Maine","Androscoggin County",4,84,388,140,248
050,23,001,"Maine","Androscoggin County",4,85,2511,779,1732
050,23,001,"Maine","Androscoggin County",5,0,1146,591,555
050,23,001,"Maine","Androscoggin County",5,1,1165,587,578
050,23,001,"Maine","Androscoggin County",5,2,1075,526,549
050,23,001,"Maine","Androscoggin County",5,3,1244,634,610
050,23,001,"Maine","Androscoggin County",5,4,1216,600,616
050,23,001,"Maine","Androscoggin County",5,5,1232,600,632
050,23,001,"Maine","Androscoggin County",5,6,1254,628,626
050,23,001,"Maine","Androscoggin County",5,7,1270,645,625
050,23,001,"Maine","Androscoggin County",5,8,1300,679,621
050,23,001,"Maine","Androscoggin County",5,9,1329,686,643
050,23,001,"Maine","Androscoggin County",5,10,1322,669,653
050,23,001,"Maine","Androscoggin County",5,11,1310,642,668
050,23,001,"Maine","Androscoggin County",5,12,1298,642,656
050,23,001,"Maine","Androscoggin County",5,13,1387,700,687
050,23,001,"Maine","Androscoggin County",5,14,1380,724,656
050,23,001,"Maine","Androscoggin County",5,15,1423,741,682
050,23,001,"Maine","Androscoggin County",5,16,1426,722,704
050,23,001,"Maine","Androscoggin County",5,17,1399,706,693
050,23,001,"Maine","Androscoggin County",5,18,1628,802,826
050,23,001,"Maine","Androscoggin County",5,19,1963,1019,944
050,23,001,"Maine","Androscoggin County",5,20,1838,955,883
050,23,001,"Maine","Androscoggin County",5,21,1671,857,814
050,23,001,"Maine","Androscoggin County",5,22,1481,748,733
050,23,001,"Maine","Androscoggin County",5,23,1300,642,658
050,23,001,"Maine","Androscoggin County",5,24,1264,638,626
050,23,001,"Maine","Androscoggin County",5,25,1301,664,637
050,23,001,"Maine","Androscoggin County",5,26,1345,683,662
050,23,001,"Maine","Androscoggin County",5,27,1300,636,664
050,23,001,"Maine","Androscoggin County",5,28,1387,708,679
050,23,001,"Maine","Androscoggin County",5,29,1431,736,695
050,23,001,"Maine","Androscoggin County",5,30,1448,723,725
050,23,001,"Maine","Androscoggin County",5,31,1588,825,763
050,23,001,"Maine","Androscoggin County",5,32,1552,804,748
050,23,001,"Maine","Androscoggin County",5,33,1568,817,751
050,23,001,"Maine","Androscoggin County",5,34,1454,755,699
050,23,001,"Maine","Androscoggin County",5,35,1457,708,749
050,23,001,"Maine","Androscoggin County",5,36,1430,713,717
050,23,001,"Maine","Androscoggin County",5,37,1471,715,756
050,23,001,"Maine","Androscoggin County",5,38,1476,711,765
050,23,001,"Maine","Androscoggin County",5,39,1405,691,714
050,23,001,"Maine","Androscoggin County",5,40,1422,704,718
050,23,001,"Maine","Androscoggin County",5,41,1404,696,708
050,23,001,"Maine","Androscoggin County",5,42,1432,704,728
050,23,001,"Maine","Androscoggin County",5,43,1420,704,716
050,23,001,"Maine","Androscoggin County",5,44,1389,657,732
050,23,001,"Maine","Androscoggin County",5,45,1341,662,679
050,23,001,"Maine","Androscoggin County",5,46,1283,671,612
050,23,001,"Maine","Androscoggin County",5,47,1198,624,574
050,23,001,"Maine","Androscoggin County",5,48,1208,597,611
050,23,001,"Maine","Androscoggin County",5,49,1242,587,655
050,23,001,"Maine","Androscoggin County",5,50,1319,636,683
050,23,001,"Maine","Androscoggin County",5,51,1381,690,691
050,23,001,"Maine","Androscoggin County",5,52,1442,725,717
050,23,001,"Maine","Androscoggin County",5,53,1460,763,697
050,23,001,"Maine","Androscoggin County",5,54,1439,714,725
050,23,001,"Maine","Androscoggin County",5,55,1406,708,698
050,23,001,"Maine","Androscoggin County",5,56,1489,722,767
050,23,001,"Maine","Androscoggin County",5,57,1509,781,728
050,23,001,"Maine","Androscoggin County",5,58,1605,786,819
050,23,001,"Maine","Androscoggin County",5,59,1608,795,813
050,23,001,"Maine","Androscoggin County",5,60,1635,838,797
050,23,001,"Maine","Androscoggin County",5,61,1607,805,802
050,23,001,"Maine","Androscoggin County",5,62,1618,791,827
050,23,001,"Maine","Androscoggin County",5,63,1502,730,772
050,23,001,"Maine","Androscoggin County",5,64,1537,749,788
050,23,001,"Maine","Androscoggin County",5,65,1572,782,790
050,23,001,"Maine","Androscoggin County",5,66,1499,722,777
050,23,001,"Maine","Androscoggin County",5,67,1371,661,710
050,23,001,"Maine","Androscoggin County",5,68,1323,638,685
050,23,001,"Maine","Androscoggin County",5,69,1305,627,678
050,23,001,"Maine","Androscoggin County",5,70,1241,613,628
050,23,001,"Maine","Androscoggin County",5,71,1178,565,613
050,23,001,"Maine","Androscoggin County",5,72,1134,547,587
050,23,001,"Maine","Androscoggin County",5,73,1078,511,567
050,23,001,"Maine","Androscoggin County",5,74,1021,477,544
050,23,001,"Maine","Androscoggin County",5,75,1028,473,555
050,23,001,"Maine","Androscoggin County",5,76,1079,497,582
050,23,001,"Maine","Androscoggin County",5,77,775,375,400
050,23,001,"Maine","Androscoggin County",5,78,712,343,369
050,23,001,"Maine","Androscoggin County",5,79,698,313,385
050,23,001,"Maine","Androscoggin County",5,80,654,285,369
050,23,001,"Maine","Androscoggin County",5,81,523,235,288
050,23,001,"Maine","Androscoggin County",5,82,476,202,274
050,23,001,"Maine","Androscoggin County",5,83,435,162,273
050,23,001,"Maine","Androscoggin County",5,84,375,135,240
050,23,001,"Maine","Androscoggin County",5,85,2458,730,1728
050,23,003,"Maine","Aroostook County",1,0,617,321,296
050,23,003,"Maine","Aroostook County",1,1,640,337,303
050,23,003,"Maine","Aroostook County",1,2,615,320,295
050,23,003,"Maine","Aroostook County",1,3,634,339,295
050,23,003,"Maine","Aroostook County",1,4,686,356,330
050,23,003,"Maine","Aroostook County",1,5,691,342,349
050,23,003,"Maine","Aroostook County",1,6,710,370,340
050,23,003,"Maine","Aroostook County",1,7,681,347,334
050,23,003,"Maine","Aroostook County",1,8,667,336,331
050,23,003,"Maine","Aroostook County",1,9,657,345,312
050,23,003,"Maine","Aroostook County",1,10,684,353,331
050,23,003,"Maine","Aroostook County",1,11,733,371,362
050,23,003,"Maine","Aroostook County",1,12,746,392,354
050,23,003,"Maine","Aroostook County",1,13,756,394,362
050,23,003,"Maine","Aroostook County",1,14,721,373,348
050,23,003,"Maine","Aroostook County",1,15,723,367,356
050,23,003,"Maine","Aroostook County",1,16,773,421,352
050,23,003,"Maine","Aroostook County",1,17,790,429,361
050,23,003,"Maine","Aroostook County",1,18,700,388,312
050,23,003,"Maine","Aroostook County",1,19,598,327,271
050,23,003,"Maine","Aroostook County",1,20,606,328,278
050,23,003,"Maine","Aroostook County",1,21,610,324,286
050,23,003,"Maine","Aroostook County",1,22,632,337,295
050,23,003,"Maine","Aroostook County",1,23,642,314,328
050,23,003,"Maine","Aroostook County",1,24,665,330,335
050,23,003,"Maine","Aroostook County",1,25,664,338,326
050,23,003,"Maine","Aroostook County",1,26,689,368,321
050,23,003,"Maine","Aroostook County",1,27,678,357,321
050,23,003,"Maine","Aroostook County",1,28,669,341,328
050,23,003,"Maine","Aroostook County",1,29,642,317,325
050,23,003,"Maine","Aroostook County",1,30,681,339,342
050,23,003,"Maine","Aroostook County",1,31,654,318,336
050,23,003,"Maine","Aroostook County",1,32,665,325,340
050,23,003,"Maine","Aroostook County",1,33,669,346,323
050,23,003,"Maine","Aroostook County",1,34,688,353,335
050,23,003,"Maine","Aroostook County",1,35,656,319,337
050,23,003,"Maine","Aroostook County",1,36,648,341,307
050,23,003,"Maine","Aroostook County",1,37,687,343,344
050,23,003,"Maine","Aroostook County",1,38,730,364,366
050,23,003,"Maine","Aroostook County",1,39,691,337,354
050,23,003,"Maine","Aroostook County",1,40,723,368,355
050,23,003,"Maine","Aroostook County",1,41,717,356,361
050,23,003,"Maine","Aroostook County",1,42,776,390,386
050,23,003,"Maine","Aroostook County",1,43,717,367,350
050,23,003,"Maine","Aroostook County",1,44,730,371,359
050,23,003,"Maine","Aroostook County",1,45,725,365,360
050,23,003,"Maine","Aroostook County",1,46,726,362,364
050,23,003,"Maine","Aroostook County",1,47,782,383,399
050,23,003,"Maine","Aroostook County",1,48,824,409,415
050,23,003,"Maine","Aroostook County",1,49,885,441,444
050,23,003,"Maine","Aroostook County",1,50,913,472,441
050,23,003,"Maine","Aroostook County",1,51,903,457,446
050,23,003,"Maine","Aroostook County",1,52,916,467,449
050,23,003,"Maine","Aroostook County",1,53,966,475,491
050,23,003,"Maine","Aroostook County",1,54,982,500,482
050,23,003,"Maine","Aroostook County",1,55,1023,515,508
050,23,003,"Maine","Aroostook County",1,56,1062,541,521
050,23,003,"Maine","Aroostook County",1,57,1067,533,534
050,23,003,"Maine","Aroostook County",1,58,1115,570,545
050,23,003,"Maine","Aroostook County",1,59,1113,559,554
050,23,003,"Maine","Aroostook County",1,60,1107,557,550
050,23,003,"Maine","Aroostook County",1,61,1154,601,553
050,23,003,"Maine","Aroostook County",1,62,1175,619,556
050,23,003,"Maine","Aroostook County",1,63,1128,564,564
050,23,003,"Maine","Aroostook County",1,64,1141,557,584
050,23,003,"Maine","Aroostook County",1,65,1122,547,575
050,23,003,"Maine","Aroostook County",1,66,1147,570,577
050,23,003,"Maine","Aroostook County",1,67,1097,551,546
050,23,003,"Maine","Aroostook County",1,68,1058,535,523
050,23,003,"Maine","Aroostook County",1,69,957,468,489
050,23,003,"Maine","Aroostook County",1,70,951,473,478
050,23,003,"Maine","Aroostook County",1,71,922,450,472
050,23,003,"Maine","Aroostook County",1,72,909,451,458
050,23,003,"Maine","Aroostook County",1,73,866,442,424
050,23,003,"Maine","Aroostook County",1,74,662,331,331
050,23,003,"Maine","Aroostook County",1,75,699,329,370
050,23,003,"Maine","Aroostook County",1,76,641,324,317
050,23,003,"Maine","Aroostook County",1,77,602,282,320
050,23,003,"Maine","Aroostook County",1,78,512,228,284
050,23,003,"Maine","Aroostook County",1,79,467,199,268
050,23,003,"Maine","Aroostook County",1,80,436,199,237
050,23,003,"Maine","Aroostook County",1,81,453,193,260
050,23,003,"Maine","Aroostook County",1,82,425,193,232
050,23,003,"Maine","Aroostook County",1,83,359,167,192
050,23,003,"Maine","Aroostook County",1,84,331,136,195
050,23,003,"Maine","Aroostook County",1,85,2025,663,1362
050,23,003,"Maine","Aroostook County",2,0,618,314,304
050,23,003,"Maine","Aroostook County",2,1,630,329,301
050,23,003,"Maine","Aroostook County",2,2,621,323,298
050,23,003,"Maine","Aroostook County",2,3,631,335,296
050,23,003,"Maine","Aroostook County",2,4,676,354,322
050,23,003,"Maine","Aroostook County",2,5,689,344,345
050,23,003,"Maine","Aroostook County",2,6,705,362,343
050,23,003,"Maine","Aroostook County",2,7,688,352,336
050,23,003,"Maine","Aroostook County",2,8,669,337,332
050,23,003,"Maine","Aroostook County",2,9,661,345,316
050,23,003,"Maine","Aroostook County",2,10,677,352,325
050,23,003,"Maine","Aroostook County",2,11,719,366,353
050,23,003,"Maine","Aroostook County",2,12,748,390,358
050,23,003,"Maine","Aroostook County",2,13,757,397,360
050,23,003,"Maine","Aroostook County",2,14,731,380,351
050,23,003,"Maine","Aroostook County",2,15,725,371,354
050,23,003,"Maine","Aroostook County",2,16,772,417,355
050,23,003,"Maine","Aroostook County",2,17,786,428,358
050,23,003,"Maine","Aroostook County",2,18,695,387,308
050,23,003,"Maine","Aroostook County",2,19,601,332,269
050,23,003,"Maine","Aroostook County",2,20,613,328,285
050,23,003,"Maine","Aroostook County",2,21,607,323,284
050,23,003,"Maine","Aroostook County",2,22,628,334,294
050,23,003,"Maine","Aroostook County",2,23,642,319,323
050,23,003,"Maine","Aroostook County",2,24,661,329,332
050,23,003,"Maine","Aroostook County",2,25,666,337,329
050,23,003,"Maine","Aroostook County",2,26,685,362,323
050,23,003,"Maine","Aroostook County",2,27,677,358,319
050,23,003,"Maine","Aroostook County",2,28,670,343,327
050,23,003,"Maine","Aroostook County",2,29,652,323,329
050,23,003,"Maine","Aroostook County",2,30,681,340,341
050,23,003,"Maine","Aroostook County",2,31,665,326,339
050,23,003,"Maine","Aroostook County",2,32,663,322,341
050,23,003,"Maine","Aroostook County",2,33,670,343,327
050,23,003,"Maine","Aroostook County",2,34,684,352,332
050,23,003,"Maine","Aroostook County",2,35,670,332,338
050,23,003,"Maine","Aroostook County",2,36,648,334,314
050,23,003,"Maine","Aroostook County",2,37,677,343,334
050,23,003,"Maine","Aroostook County",2,38,720,358,362
050,23,003,"Maine","Aroostook County",2,39,698,343,355
050,23,003,"Maine","Aroostook County",2,40,714,360,354
050,23,003,"Maine","Aroostook County",2,41,718,359,359
050,23,003,"Maine","Aroostook County",2,42,759,381,378
050,23,003,"Maine","Aroostook County",2,43,737,375,362
050,23,003,"Maine","Aroostook County",2,44,722,366,356
050,23,003,"Maine","Aroostook County",2,45,731,367,364
050,23,003,"Maine","Aroostook County",2,46,724,361,363
050,23,003,"Maine","Aroostook County",2,47,764,376,388
050,23,003,"Maine","Aroostook County",2,48,817,404,413
050,23,003,"Maine","Aroostook County",2,49,877,436,441
050,23,003,"Maine","Aroostook County",2,50,906,463,443
050,23,003,"Maine","Aroostook County",2,51,908,462,446
050,23,003,"Maine","Aroostook County",2,52,909,462,447
050,23,003,"Maine","Aroostook County",2,53,954,474,480
050,23,003,"Maine","Aroostook County",2,54,971,492,479
050,23,003,"Maine","Aroostook County",2,55,1009,509,500
050,23,003,"Maine","Aroostook County",2,56,1058,536,522
050,23,003,"Maine","Aroostook County",2,57,1067,536,531
050,23,003,"Maine","Aroostook County",2,58,1103,561,542
050,23,003,"Maine","Aroostook County",2,59,1121,566,555
050,23,003,"Maine","Aroostook County",2,60,1106,558,548
050,23,003,"Maine","Aroostook County",2,61,1137,588,549
050,23,003,"Maine","Aroostook County",2,62,1167,612,555
050,23,003,"Maine","Aroostook County",2,63,1144,581,563
050,23,003,"Maine","Aroostook County",2,64,1129,554,575
050,23,003,"Maine","Aroostook County",2,65,1127,549,578
050,23,003,"Maine","Aroostook County",2,66,1136,560,576
050,23,003,"Maine","Aroostook County",2,67,1106,555,551
050,23,003,"Maine","Aroostook County",2,68,1056,533,523
050,23,003,"Maine","Aroostook County",2,69,984,485,499
050,23,003,"Maine","Aroostook County",2,70,947,468,479
050,23,003,"Maine","Aroostook County",2,71,929,456,473
050,23,003,"Maine","Aroostook County",2,72,890,442,448
050,23,003,"Maine","Aroostook County",2,73,919,463,456
050,23,003,"Maine","Aroostook County",2,74,659,332,327
050,23,003,"Maine","Aroostook County",2,75,692,329,363
050,23,003,"Maine","Aroostook County",2,76,642,319,323
050,23,003,"Maine","Aroostook County",2,77,627,301,326
050,23,003,"Maine","Aroostook County",2,78,520,233,287
050,23,003,"Maine","Aroostook County",2,79,475,205,270
050,23,003,"Maine","Aroostook County",2,80,428,191,237
050,23,003,"Maine","Aroostook County",2,81,443,188,255
050,23,003,"Maine","Aroostook County",2,82,428,193,235
050,23,003,"Maine","Aroostook County",2,83,368,167,201
050,23,003,"Maine","Aroostook County",2,84,333,141,192
050,23,003,"Maine","Aroostook County",2,85,2026,663,1363
050,23,003,"Maine","Aroostook County",3,0,631,305,326
050,23,003,"Maine","Aroostook County",3,1,647,324,323
050,23,003,"Maine","Aroostook County",3,2,627,338,289
050,23,003,"Maine","Aroostook County",3,3,644,331,313
050,23,003,"Maine","Aroostook County",3,4,638,338,300
050,23,003,"Maine","Aroostook County",3,5,684,352,332
050,23,003,"Maine","Aroostook County",3,6,694,341,353
050,23,003,"Maine","Aroostook County",3,7,714,362,352
050,23,003,"Maine","Aroostook County",3,8,701,362,339
050,23,003,"Maine","Aroostook County",3,9,669,334,335
050,23,003,"Maine","Aroostook County",3,10,673,348,325
050,23,003,"Maine","Aroostook County",3,11,703,365,338
050,23,003,"Maine","Aroostook County",3,12,730,378,352
050,23,003,"Maine","Aroostook County",3,13,749,398,351
050,23,003,"Maine","Aroostook County",3,14,783,404,379
050,23,003,"Maine","Aroostook County",3,15,739,386,353
050,23,003,"Maine","Aroostook County",3,16,763,400,363
050,23,003,"Maine","Aroostook County",3,17,773,409,364
050,23,003,"Maine","Aroostook County",3,18,700,390,310
050,23,003,"Maine","Aroostook County",3,19,574,327,247
050,23,003,"Maine","Aroostook County",3,20,580,312,268
050,23,003,"Maine","Aroostook County",3,21,624,328,296
050,23,003,"Maine","Aroostook County",3,22,627,339,288
050,23,003,"Maine","Aroostook County",3,23,612,315,297
050,23,003,"Maine","Aroostook County",3,24,649,329,320
050,23,003,"Maine","Aroostook County",3,25,653,329,324
050,23,003,"Maine","Aroostook County",3,26,665,335,330
050,23,003,"Maine","Aroostook County",3,27,683,359,324
050,23,003,"Maine","Aroostook County",3,28,660,347,313
050,23,003,"Maine","Aroostook County",3,29,681,342,339
050,23,003,"Maine","Aroostook County",3,30,665,336,329
050,23,003,"Maine","Aroostook County",3,31,684,333,351
050,23,003,"Maine","Aroostook County",3,32,673,331,342
050,23,003,"Maine","Aroostook County",3,33,664,321,343
050,23,003,"Maine","Aroostook County",3,34,665,342,323
050,23,003,"Maine","Aroostook County",3,35,710,362,348
050,23,003,"Maine","Aroostook County",3,36,673,332,341
050,23,003,"Maine","Aroostook County",3,37,650,329,321
050,23,003,"Maine","Aroostook County",3,38,686,350,336
050,23,003,"Maine","Aroostook County",3,39,726,365,361
050,23,003,"Maine","Aroostook County",3,40,719,352,367
050,23,003,"Maine","Aroostook County",3,41,728,369,359
050,23,003,"Maine","Aroostook County",3,42,740,370,370
050,23,003,"Maine","Aroostook County",3,43,769,391,378
050,23,003,"Maine","Aroostook County",3,44,742,378,364
050,23,003,"Maine","Aroostook County",3,45,728,362,366
050,23,003,"Maine","Aroostook County",3,46,738,369,369
050,23,003,"Maine","Aroostook County",3,47,745,374,371
050,23,003,"Maine","Aroostook County",3,48,786,387,399
050,23,003,"Maine","Aroostook County",3,49,816,404,412
050,23,003,"Maine","Aroostook County",3,50,883,443,440
050,23,003,"Maine","Aroostook County",3,51,915,473,442
050,23,003,"Maine","Aroostook County",3,52,912,463,449
050,23,003,"Maine","Aroostook County",3,53,901,461,440
050,23,003,"Maine","Aroostook County",3,54,947,468,479
050,23,003,"Maine","Aroostook County",3,55,981,502,479
050,23,003,"Maine","Aroostook County",3,56,999,505,494
050,23,003,"Maine","Aroostook County",3,57,1066,531,535
050,23,003,"Maine","Aroostook County",3,58,1095,549,546
050,23,003,"Maine","Aroostook County",3,59,1087,557,530
050,23,003,"Maine","Aroostook County",3,60,1131,573,558
050,23,003,"Maine","Aroostook County",3,61,1104,551,553
050,23,003,"Maine","Aroostook County",3,62,1143,592,551
050,23,003,"Maine","Aroostook County",3,63,1174,611,563
050,23,003,"Maine","Aroostook County",3,64,1143,584,559
050,23,003,"Maine","Aroostook County",3,65,1125,552,573
050,23,003,"Maine","Aroostook County",3,66,1112,541,571
050,23,003,"Maine","Aroostook County",3,67,1120,556,564
050,23,003,"Maine","Aroostook County",3,68,1091,542,549
050,23,003,"Maine","Aroostook County",3,69,1018,515,503
050,23,003,"Maine","Aroostook County",3,70,958,464,494
050,23,003,"Maine","Aroostook County",3,71,927,462,465
050,23,003,"Maine","Aroostook County",3,72,894,448,446
050,23,003,"Maine","Aroostook County",3,73,862,420,442
050,23,003,"Maine","Aroostook County",3,74,873,441,432
050,23,003,"Maine","Aroostook County",3,75,644,317,327
050,23,003,"Maine","Aroostook County",3,76,639,294,345
050,23,003,"Maine","Aroostook County",3,77,628,317,311
050,23,003,"Maine","Aroostook County",3,78,615,291,324
050,23,003,"Maine","Aroostook County",3,79,501,222,279
050,23,003,"Maine","Aroostook County",3,80,418,187,231
050,23,003,"Maine","Aroostook County",3,81,413,181,232
050,23,003,"Maine","Aroostook County",3,82,422,185,237
050,23,003,"Maine","Aroostook County",3,83,406,174,232
050,23,003,"Maine","Aroostook County",3,84,336,144,192
050,23,003,"Maine","Aroostook County",3,85,2015,663,1352
050,23,003,"Maine","Aroostook County",4,0,641,337,304
050,23,003,"Maine","Aroostook County",4,1,624,299,325
050,23,003,"Maine","Aroostook County",4,2,647,337,310
050,23,003,"Maine","Aroostook County",4,3,645,351,294
050,23,003,"Maine","Aroostook County",4,4,669,343,326
050,23,003,"Maine","Aroostook County",4,5,647,346,301
050,23,003,"Maine","Aroostook County",4,6,707,365,342
050,23,003,"Maine","Aroostook County",4,7,717,356,361
050,23,003,"Maine","Aroostook County",4,8,717,364,353
050,23,003,"Maine","Aroostook County",4,9,716,371,345
050,23,003,"Maine","Aroostook County",4,10,659,338,321
050,23,003,"Maine","Aroostook County",4,11,690,349,341
050,23,003,"Maine","Aroostook County",4,12,707,361,346
050,23,003,"Maine","Aroostook County",4,13,750,390,360
050,23,003,"Maine","Aroostook County",4,14,759,400,359
050,23,003,"Maine","Aroostook County",4,15,810,420,390
050,23,003,"Maine","Aroostook County",4,16,786,413,373
050,23,003,"Maine","Aroostook County",4,17,778,408,370
050,23,003,"Maine","Aroostook County",4,18,699,392,307
050,23,003,"Maine","Aroostook County",4,19,592,340,252
050,23,003,"Maine","Aroostook County",4,20,591,328,263
050,23,003,"Maine","Aroostook County",4,21,587,311,276
050,23,003,"Maine","Aroostook County",4,22,661,353,308
050,23,003,"Maine","Aroostook County",4,23,634,335,299
050,23,003,"Maine","Aroostook County",4,24,628,320,308
050,23,003,"Maine","Aroostook County",4,25,661,335,326
050,23,003,"Maine","Aroostook County",4,26,638,322,316
050,23,003,"Maine","Aroostook County",4,27,666,326,340
050,23,003,"Maine","Aroostook County",4,28,669,356,313
050,23,003,"Maine","Aroostook County",4,29,671,355,316
050,23,003,"Maine","Aroostook County",4,30,699,351,348
050,23,003,"Maine","Aroostook County",4,31,702,362,340
050,23,003,"Maine","Aroostook County",4,32,693,334,359
050,23,003,"Maine","Aroostook County",4,33,654,317,337
050,23,003,"Maine","Aroostook County",4,34,687,331,356
050,23,003,"Maine","Aroostook County",4,35,683,352,331
050,23,003,"Maine","Aroostook County",4,36,719,360,359
050,23,003,"Maine","Aroostook County",4,37,695,332,363
050,23,003,"Maine","Aroostook County",4,38,675,337,338
050,23,003,"Maine","Aroostook County",4,39,716,373,343
050,23,003,"Maine","Aroostook County",4,40,739,369,370
050,23,003,"Maine","Aroostook County",4,41,753,365,388
050,23,003,"Maine","Aroostook County",4,42,744,373,371
050,23,003,"Maine","Aroostook County",4,43,744,373,371
050,23,003,"Maine","Aroostook County",4,44,775,394,381
050,23,003,"Maine","Aroostook County",4,45,760,383,377
050,23,003,"Maine","Aroostook County",4,46,742,367,375
050,23,003,"Maine","Aroostook County",4,47,746,374,372
050,23,003,"Maine","Aroostook County",4,48,760,383,377
050,23,003,"Maine","Aroostook County",4,49,800,390,410
050,23,003,"Maine","Aroostook County",4,50,835,414,421
050,23,003,"Maine","Aroostook County",4,51,897,447,450
050,23,003,"Maine","Aroostook County",4,52,920,477,443
050,23,003,"Maine","Aroostook County",4,53,913,455,458
050,23,003,"Maine","Aroostook County",4,54,911,460,451
050,23,003,"Maine","Aroostook County",4,55,952,464,488
050,23,003,"Maine","Aroostook County",4,56,981,504,477
050,23,003,"Maine","Aroostook County",4,57,994,500,494
050,23,003,"Maine","Aroostook County",4,58,1062,530,532
050,23,003,"Maine","Aroostook County",4,59,1095,552,543
050,23,003,"Maine","Aroostook County",4,60,1076,546,530
050,23,003,"Maine","Aroostook County",4,61,1114,564,550
050,23,003,"Maine","Aroostook County",4,62,1128,555,573
050,23,003,"Maine","Aroostook County",4,63,1145,591,554
050,23,003,"Maine","Aroostook County",4,64,1171,611,560
050,23,003,"Maine","Aroostook County",4,65,1139,575,564
050,23,003,"Maine","Aroostook County",4,66,1106,541,565
050,23,003,"Maine","Aroostook County",4,67,1096,537,559
050,23,003,"Maine","Aroostook County",4,68,1109,546,563
050,23,003,"Maine","Aroostook County",4,69,1063,532,531
050,23,003,"Maine","Aroostook County",4,70,1000,496,504
050,23,003,"Maine","Aroostook County",4,71,945,459,486
050,23,003,"Maine","Aroostook County",4,72,886,447,439
050,23,003,"Maine","Aroostook County",4,73,885,437,448
050,23,003,"Maine","Aroostook County",4,74,826,399,427
050,23,003,"Maine","Aroostook County",4,75,854,424,430
050,23,003,"Maine","Aroostook County",4,76,614,302,312
050,23,003,"Maine","Aroostook County",4,77,625,301,324
050,23,003,"Maine","Aroostook County",4,78,608,299,309
050,23,003,"Maine","Aroostook County",4,79,591,277,314
050,23,003,"Maine","Aroostook County",4,80,445,194,251
050,23,003,"Maine","Aroostook County",4,81,393,167,226
050,23,003,"Maine","Aroostook County",4,82,375,175,200
050,23,003,"Maine","Aroostook County",4,83,389,163,226
050,23,003,"Maine","Aroostook County",4,84,374,151,223
050,23,003,"Maine","Aroostook County",4,85,1953,641,1312
050,23,003,"Maine","Aroostook County",5,0,636,339,297
050,23,003,"Maine","Aroostook County",5,1,631,320,311
050,23,003,"Maine","Aroostook County",5,2,635,312,323
050,23,003,"Maine","Aroostook County",5,3,658,337,321
050,23,003,"Maine","Aroostook County",5,4,644,350,294
050,23,003,"Maine","Aroostook County",5,5,663,346,317
050,23,003,"Maine","Aroostook County",5,6,653,348,305
050,23,003,"Maine","Aroostook County",5,7,721,386,335
050,23,003,"Maine","Aroostook County",5,8,737,370,367
050,23,003,"Maine","Aroostook County",5,9,733,378,355
050,23,003,"Maine","Aroostook County",5,10,726,378,348
050,23,003,"Maine","Aroostook County",5,11,685,359,326
050,23,003,"Maine","Aroostook County",5,12,683,348,335
050,23,003,"Maine","Aroostook County",5,13,704,357,347
050,23,003,"Maine","Aroostook County",5,14,758,390,368
050,23,003,"Maine","Aroostook County",5,15,767,406,361
050,23,003,"Maine","Aroostook County",5,16,844,445,399
050,23,003,"Maine","Aroostook County",5,17,776,403,373
050,23,003,"Maine","Aroostook County",5,18,693,380,313
050,23,003,"Maine","Aroostook County",5,19,598,343,255
050,23,003,"Maine","Aroostook County",5,20,598,334,264
050,23,003,"Maine","Aroostook County",5,21,604,331,273
050,23,003,"Maine","Aroostook County",5,22,628,324,304
050,23,003,"Maine","Aroostook County",5,23,655,342,313
050,23,003,"Maine","Aroostook County",5,24,632,346,286
050,23,003,"Maine","Aroostook County",5,25,623,328,295
050,23,003,"Maine","Aroostook County",5,26,643,318,325
050,23,003,"Maine","Aroostook County",5,27,671,343,328
050,23,003,"Maine","Aroostook County",5,28,671,329,342
050,23,003,"Maine","Aroostook County",5,29,676,347,329
050,23,003,"Maine","Aroostook County",5,30,698,374,324
050,23,003,"Maine","Aroostook County",5,31,707,351,356
050,23,003,"Maine","Aroostook County",5,32,711,372,339
050,23,003,"Maine","Aroostook County",5,33,695,328,367
050,23,003,"Maine","Aroostook County",5,34,663,324,339
050,23,003,"Maine","Aroostook County",5,35,689,331,358
050,23,003,"Maine","Aroostook County",5,36,687,362,325
050,23,003,"Maine","Aroostook County",5,37,726,359,367
050,23,003,"Maine","Aroostook County",5,38,712,342,370
050,23,003,"Maine","Aroostook County",5,39,678,346,332
050,23,003,"Maine","Aroostook County",5,40,732,370,362
050,23,003,"Maine","Aroostook County",5,41,767,382,385
050,23,003,"Maine","Aroostook County",5,42,755,371,384
050,23,003,"Maine","Aroostook County",5,43,746,378,368
050,23,003,"Maine","Aroostook County",5,44,744,372,372
050,23,003,"Maine","Aroostook County",5,45,776,393,383
050,23,003,"Maine","Aroostook County",5,46,767,382,385
050,23,003,"Maine","Aroostook County",5,47,737,365,372
050,23,003,"Maine","Aroostook County",5,48,760,385,375
050,23,003,"Maine","Aroostook County",5,49,767,382,385
050,23,003,"Maine","Aroostook County",5,50,812,394,418
050,23,003,"Maine","Aroostook County",5,51,840,415,425
050,23,003,"Maine","Aroostook County",5,52,896,442,454
050,23,003,"Maine","Aroostook County",5,53,913,464,449
050,23,003,"Maine","Aroostook County",5,54,912,454,458
050,23,003,"Maine","Aroostook County",5,55,928,468,460
050,23,003,"Maine","Aroostook County",5,56,949,468,481
050,23,003,"Maine","Aroostook County",5,57,980,504,476
050,23,003,"Maine","Aroostook County",5,58,993,491,502
050,23,003,"Maine","Aroostook County",5,59,1069,536,533
050,23,003,"Maine","Aroostook County",5,60,1097,552,545
050,23,003,"Maine","Aroostook County",5,61,1095,555,540
050,23,003,"Maine","Aroostook County",5,62,1125,570,555
050,23,003,"Maine","Aroostook County",5,63,1125,546,579
050,23,003,"Maine","Aroostook County",5,64,1135,594,541
050,23,003,"Maine","Aroostook County",5,65,1166,603,563
050,23,003,"Maine","Aroostook County",5,66,1143,576,567
050,23,003,"Maine","Aroostook County",5,67,1096,538,558
050,23,003,"Maine","Aroostook County",5,68,1095,532,563
050,23,003,"Maine","Aroostook County",5,69,1081,534,547
050,23,003,"Maine","Aroostook County",5,70,1055,522,533
050,23,003,"Maine","Aroostook County",5,71,991,491,500
050,23,003,"Maine","Aroostook County",5,72,915,460,455
050,23,003,"Maine","Aroostook County",5,73,864,431,433
050,23,003,"Maine","Aroostook County",5,74,844,417,427
050,23,003,"Maine","Aroostook County",5,75,798,379,419
050,23,003,"Maine","Aroostook County",5,76,805,395,410
050,23,003,"Maine","Aroostook County",5,77,594,298,296
050,23,003,"Maine","Aroostook County",5,78,605,287,318
050,23,003,"Maine","Aroostook County",5,79,591,289,302
050,23,003,"Maine","Aroostook County",5,80,536,247,289
050,23,003,"Maine","Aroostook County",5,81,422,177,245
050,23,003,"Maine","Aroostook County",5,82,364,162,202
050,23,003,"Maine","Aroostook County",5,83,346,153,193
050,23,003,"Maine","Aroostook County",5,84,358,142,216
050,23,003,"Maine","Aroostook County",5,85,1950,647,1303
050,23,005,"Maine","Cumberland County",1,0,2812,1465,1347
050,23,005,"Maine","Cumberland County",1,1,2846,1499,1347
050,23,005,"Maine","Cumberland County",1,2,2858,1477,1381
050,23,005,"Maine","Cumberland County",1,3,2907,1511,1396
050,23,005,"Maine","Cumberland County",1,4,2989,1536,1453
050,23,005,"Maine","Cumberland County",1,5,3025,1589,1436
050,23,005,"Maine","Cumberland County",1,6,3058,1570,1488
050,23,005,"Maine","Cumberland County",1,7,3002,1482,1520
050,23,005,"Maine","Cumberland County",1,8,2958,1500,1458
050,23,005,"Maine","Cumberland County",1,9,3019,1547,1472
050,23,005,"Maine","Cumberland County",1,10,3188,1622,1566
050,23,005,"Maine","Cumberland County",1,11,3235,1609,1626
050,23,005,"Maine","Cumberland County",1,12,3407,1721,1686
050,23,005,"Maine","Cumberland County",1,13,3412,1783,1629
050,23,005,"Maine","Cumberland County",1,14,3388,1757,1631
050,23,005,"Maine","Cumberland County",1,15,3387,1760,1627
050,23,005,"Maine","Cumberland County",1,16,3468,1792,1676
050,23,005,"Maine","Cumberland County",1,17,3453,1793,1660
050,23,005,"Maine","Cumberland County",1,18,3606,1847,1759
050,23,005,"Maine","Cumberland County",1,19,3764,1933,1831
050,23,005,"Maine","Cumberland County",1,20,3535,1764,1771
050,23,005,"Maine","Cumberland County",1,21,3450,1699,1751
050,23,005,"Maine","Cumberland County",1,22,3466,1715,1751
050,23,005,"Maine","Cumberland County",1,23,3526,1721,1805
050,23,005,"Maine","Cumberland County",1,24,3694,1834,1860
050,23,005,"Maine","Cumberland County",1,25,3832,1877,1955
050,23,005,"Maine","Cumberland County",1,26,3984,1982,2002
050,23,005,"Maine","Cumberland County",1,27,4071,2024,2047
050,23,005,"Maine","Cumberland County",1,28,4221,2112,2109
050,23,005,"Maine","Cumberland County",1,29,4244,2133,2111
050,23,005,"Maine","Cumberland County",1,30,4177,2060,2117
050,23,005,"Maine","Cumberland County",1,31,4258,2093,2165
050,23,005,"Maine","Cumberland County",1,32,4221,2106,2115
050,23,005,"Maine","Cumberland County",1,33,4249,2124,2125
050,23,005,"Maine","Cumberland County",1,34,4262,2103,2159
050,23,005,"Maine","Cumberland County",1,35,4170,2098,2072
050,23,005,"Maine","Cumberland County",1,36,4113,2115,1998
050,23,005,"Maine","Cumberland County",1,37,4160,2101,2059
050,23,005,"Maine","Cumberland County",1,38,4039,2017,2022
050,23,005,"Maine","Cumberland County",1,39,3964,2013,1951
050,23,005,"Maine","Cumberland County",1,40,3871,1941,1930
050,23,005,"Maine","Cumberland County",1,41,3688,1836,1852
050,23,005,"Maine","Cumberland County",1,42,3722,1846,1876
050,23,005,"Maine","Cumberland County",1,43,3573,1775,1798
050,23,005,"Maine","Cumberland County",1,44,3463,1693,1770
050,23,005,"Maine","Cumberland County",1,45,3504,1722,1782
050,23,005,"Maine","Cumberland County",1,46,3491,1709,1782
050,23,005,"Maine","Cumberland County",1,47,3595,1736,1859
050,23,005,"Maine","Cumberland County",1,48,3967,1929,2038
050,23,005,"Maine","Cumberland County",1,49,4329,2153,2176
050,23,005,"Maine","Cumberland County",1,50,4206,2088,2118
050,23,005,"Maine","Cumberland County",1,51,4004,1993,2011
050,23,005,"Maine","Cumberland County",1,52,4003,1939,2064
050,23,005,"Maine","Cumberland County",1,53,4146,1999,2147
050,23,005,"Maine","Cumberland County",1,54,4129,1984,2145
050,23,005,"Maine","Cumberland County",1,55,4239,2048,2191
050,23,005,"Maine","Cumberland County",1,56,4439,2167,2272
050,23,005,"Maine","Cumberland County",1,57,4589,2224,2365
050,23,005,"Maine","Cumberland County",1,58,4619,2238,2381
050,23,005,"Maine","Cumberland County",1,59,4521,2158,2363
050,23,005,"Maine","Cumberland County",1,60,4349,2048,2301
050,23,005,"Maine","Cumberland County",1,61,4393,2055,2338
050,23,005,"Maine","Cumberland County",1,62,4495,2146,2349
050,23,005,"Maine","Cumberland County",1,63,4318,2094,2224
050,23,005,"Maine","Cumberland County",1,64,4189,1989,2200
050,23,005,"Maine","Cumberland County",1,65,4056,1933,2123
050,23,005,"Maine","Cumberland County",1,66,3999,1915,2084
050,23,005,"Maine","Cumberland County",1,67,3892,1835,2057
050,23,005,"Maine","Cumberland County",1,68,3766,1758,2008
050,23,005,"Maine","Cumberland County",1,69,3472,1609,1863
050,23,005,"Maine","Cumberland County",1,70,3374,1541,1833
050,23,005,"Maine","Cumberland County",1,71,3309,1561,1748
050,23,005,"Maine","Cumberland County",1,72,3313,1633,1680
050,23,005,"Maine","Cumberland County",1,73,3301,1595,1706
050,23,005,"Maine","Cumberland County",1,74,2241,1014,1227
050,23,005,"Maine","Cumberland County",1,75,2181,994,1187
050,23,005,"Maine","Cumberland County",1,76,2274,1014,1260
050,23,005,"Maine","Cumberland County",1,77,2202,991,1211
050,23,005,"Maine","Cumberland County",1,78,1798,801,997
050,23,005,"Maine","Cumberland County",1,79,1589,702,887
050,23,005,"Maine","Cumberland County",1,80,1419,616,803
050,23,005,"Maine","Cumberland County",1,81,1357,585,772
050,23,005,"Maine","Cumberland County",1,82,1292,543,749
050,23,005,"Maine","Cumberland County",1,83,1136,447,689
050,23,005,"Maine","Cumberland County",1,84,1098,429,669
050,23,005,"Maine","Cumberland County",1,85,6736,2232,4504
050,23,005,"Maine","Cumberland County",2,0,2854,1486,1368
050,23,005,"Maine","Cumberland County",2,1,2841,1498,1343
050,23,005,"Maine","Cumberland County",2,2,2858,1488,1370
050,23,005,"Maine","Cumberland County",2,3,2888,1497,1391
050,23,005,"Maine","Cumberland County",2,4,2985,1532,1453
050,23,005,"Maine","Cumberland County",2,5,3019,1577,1442
050,23,005,"Maine","Cumberland County",2,6,3054,1581,1473
050,23,005,"Maine","Cumberland County",2,7,3017,1504,1513
050,23,005,"Maine","Cumberland County",2,8,2978,1504,1474
050,23,005,"Maine","Cumberland County",2,9,3012,1536,1476
050,23,005,"Maine","Cumberland County",2,10,3146,1602,1544
050,23,005,"Maine","Cumberland County",2,11,3221,1611,1610
050,23,005,"Maine","Cumberland County",2,12,3380,1701,1679
050,23,005,"Maine","Cumberland County",2,13,3400,1763,1637
050,23,005,"Maine","Cumberland County",2,14,3394,1764,1630
050,23,005,"Maine","Cumberland County",2,15,3386,1754,1632
050,23,005,"Maine","Cumberland County",2,16,3452,1785,1667
050,23,005,"Maine","Cumberland County",2,17,3465,1793,1672
050,23,005,"Maine","Cumberland County",2,18,3605,1854,1751
050,23,005,"Maine","Cumberland County",2,19,3767,1934,1833
050,23,005,"Maine","Cumberland County",2,20,3576,1787,1789
050,23,005,"Maine","Cumberland County",2,21,3466,1704,1762
050,23,005,"Maine","Cumberland County",2,22,3457,1699,1758
050,23,005,"Maine","Cumberland County",2,23,3510,1717,1793
050,23,005,"Maine","Cumberland County",2,24,3673,1815,1858
050,23,005,"Maine","Cumberland County",2,25,3848,1893,1955
050,23,005,"Maine","Cumberland County",2,26,3976,1973,2003
050,23,005,"Maine","Cumberland County",2,27,4060,2022,2038
050,23,005,"Maine","Cumberland County",2,28,4203,2103,2100
050,23,005,"Maine","Cumberland County",2,29,4264,2147,2117
050,23,005,"Maine","Cumberland County",2,30,4230,2090,2140
050,23,005,"Maine","Cumberland County",2,31,4246,2087,2159
050,23,005,"Maine","Cumberland County",2,32,4240,2105,2135
050,23,005,"Maine","Cumberland County",2,33,4245,2121,2124
050,23,005,"Maine","Cumberland County",2,34,4263,2112,2151
050,23,005,"Maine","Cumberland County",2,35,4225,2121,2104
050,23,005,"Maine","Cumberland County",2,36,4119,2106,2013
050,23,005,"Maine","Cumberland County",2,37,4167,2109,2058
050,23,005,"Maine","Cumberland County",2,38,4090,2050,2040
050,23,005,"Maine","Cumberland County",2,39,3979,2014,1965
050,23,005,"Maine","Cumberland County",2,40,3916,1966,1950
050,23,005,"Maine","Cumberland County",2,41,3740,1864,1876
050,23,005,"Maine","Cumberland County",2,42,3704,1837,1867
050,23,005,"Maine","Cumberland County",2,43,3641,1813,1828
050,23,005,"Maine","Cumberland County",2,44,3459,1696,1763
050,23,005,"Maine","Cumberland County",2,45,3512,1727,1785
050,23,005,"Maine","Cumberland County",2,46,3475,1702,1773
050,23,005,"Maine","Cumberland County",2,47,3554,1721,1833
050,23,005,"Maine","Cumberland County",2,48,3868,1876,1992
050,23,005,"Maine","Cumberland County",2,49,4259,2109,2150
050,23,005,"Maine","Cumberland County",2,50,4235,2103,2132
050,23,005,"Maine","Cumberland County",2,51,4025,1998,2027
050,23,005,"Maine","Cumberland County",2,52,3990,1948,2042
050,23,005,"Maine","Cumberland County",2,53,4113,1984,2129
050,23,005,"Maine","Cumberland County",2,54,4110,1974,2136
050,23,005,"Maine","Cumberland County",2,55,4210,2030,2180
050,23,005,"Maine","Cumberland County",2,56,4398,2138,2260
050,23,005,"Maine","Cumberland County",2,57,4560,2211,2349
050,23,005,"Maine","Cumberland County",2,58,4604,2226,2378
050,23,005,"Maine","Cumberland County",2,59,4573,2191,2382
050,23,005,"Maine","Cumberland County",2,60,4367,2061,2306
050,23,005,"Maine","Cumberland County",2,61,4368,2044,2324
050,23,005,"Maine","Cumberland County",2,62,4470,2124,2346
050,23,005,"Maine","Cumberland County",2,63,4395,2114,2281
050,23,005,"Maine","Cumberland County",2,64,4196,1999,2197
050,23,005,"Maine","Cumberland County",2,65,4066,1932,2134
050,23,005,"Maine","Cumberland County",2,66,4012,1917,2095
050,23,005,"Maine","Cumberland County",2,67,3904,1847,2057
050,23,005,"Maine","Cumberland County",2,68,3770,1767,2003
050,23,005,"Maine","Cumberland County",2,69,3558,1649,1909
050,23,005,"Maine","Cumberland County",2,70,3376,1541,1835
050,23,005,"Maine","Cumberland County",2,71,3334,1563,1771
050,23,005,"Maine","Cumberland County",2,72,3232,1574,1658
050,23,005,"Maine","Cumberland County",2,73,3462,1685,1777
050,23,005,"Maine","Cumberland County",2,74,2334,1072,1262
050,23,005,"Maine","Cumberland County",2,75,2190,995,1195
050,23,005,"Maine","Cumberland County",2,76,2220,995,1225
050,23,005,"Maine","Cumberland County",2,77,2244,1006,1238
050,23,005,"Maine","Cumberland County",2,78,1855,824,1031
050,23,005,"Maine","Cumberland County",2,79,1620,717,903
050,23,005,"Maine","Cumberland County",2,80,1445,630,815
050,23,005,"Maine","Cumberland County",2,81,1353,582,771
050,23,005,"Maine","Cumberland County",2,82,1305,545,760
050,23,005,"Maine","Cumberland County",2,83,1155,460,695
050,23,005,"Maine","Cumberland County",2,84,1087,428,659
050,23,005,"Maine","Cumberland County",2,85,6762,2254,4508
050,23,005,"Maine","Cumberland County",3,0,2763,1472,1291
050,23,005,"Maine","Cumberland County",3,1,2859,1485,1374
050,23,005,"Maine","Cumberland County",3,2,2887,1496,1391
050,23,005,"Maine","Cumberland County",3,3,2883,1496,1387
050,23,005,"Maine","Cumberland County",3,4,2978,1552,1426
050,23,005,"Maine","Cumberland County",3,5,3008,1554,1454
050,23,005,"Maine","Cumberland County",3,6,3024,1577,1447
050,23,005,"Maine","Cumberland County",3,7,3049,1577,1472
050,23,005,"Maine","Cumberland County",3,8,3025,1511,1514
050,23,005,"Maine","Cumberland County",3,9,2982,1518,1464
050,23,005,"Maine","Cumberland County",3,10,3024,1555,1469
050,23,005,"Maine","Cumberland County",3,11,3164,1610,1554
050,23,005,"Maine","Cumberland County",3,12,3202,1611,1591
050,23,005,"Maine","Cumberland County",3,13,3337,1672,1665
050,23,005,"Maine","Cumberland County",3,14,3369,1749,1620
050,23,005,"Maine","Cumberland County",3,15,3379,1759,1620
050,23,005,"Maine","Cumberland County",3,16,3374,1742,1632
050,23,005,"Maine","Cumberland County",3,17,3460,1789,1671
050,23,005,"Maine","Cumberland County",3,18,3665,1899,1766
050,23,005,"Maine","Cumberland County",3,19,3683,1902,1781
050,23,005,"Maine","Cumberland County",3,20,3602,1808,1794
050,23,005,"Maine","Cumberland County",3,21,3481,1727,1754
050,23,005,"Maine","Cumberland County",3,22,3418,1654,1764
050,23,005,"Maine","Cumberland County",3,23,3543,1742,1801
050,23,005,"Maine","Cumberland County",3,24,3683,1770,1913
050,23,005,"Maine","Cumberland County",3,25,3808,1901,1907
050,23,005,"Maine","Cumberland County",3,26,4035,1991,2044
050,23,005,"Maine","Cumberland County",3,27,4167,2055,2112
050,23,005,"Maine","Cumberland County",3,28,4141,2045,2096
050,23,005,"Maine","Cumberland County",3,29,4296,2144,2152
050,23,005,"Maine","Cumberland County",3,30,4353,2158,2195
050,23,005,"Maine","Cumberland County",3,31,4350,2147,2203
050,23,005,"Maine","Cumberland County",3,32,4418,2184,2234
050,23,005,"Maine","Cumberland County",3,33,4380,2179,2201
050,23,005,"Maine","Cumberland County",3,34,4303,2141,2162
050,23,005,"Maine","Cumberland County",3,35,4327,2155,2172
050,23,005,"Maine","Cumberland County",3,36,4334,2177,2157
050,23,005,"Maine","Cumberland County",3,37,4165,2124,2041
050,23,005,"Maine","Cumberland County",3,38,4259,2139,2120
050,23,005,"Maine","Cumberland County",3,39,4122,2077,2045
050,23,005,"Maine","Cumberland County",3,40,4045,2055,1990
050,23,005,"Maine","Cumberland County",3,41,3945,1991,1954
050,23,005,"Maine","Cumberland County",3,42,3748,1865,1883
050,23,005,"Maine","Cumberland County",3,43,3713,1861,1852
050,23,005,"Maine","Cumberland County",3,44,3645,1827,1818
050,23,005,"Maine","Cumberland County",3,45,3457,1701,1756
050,23,005,"Maine","Cumberland County",3,46,3491,1729,1762
050,23,005,"Maine","Cumberland County",3,47,3489,1695,1794
050,23,005,"Maine","Cumberland County",3,48,3530,1694,1836
050,23,005,"Maine","Cumberland County",3,49,3804,1856,1948
050,23,005,"Maine","Cumberland County",3,50,4257,2094,2163
050,23,005,"Maine","Cumberland County",3,51,4203,2087,2116
050,23,005,"Maine","Cumberland County",3,52,4022,2021,2001
050,23,005,"Maine","Cumberland County",3,53,3959,1928,2031
050,23,005,"Maine","Cumberland County",3,54,4072,1953,2119
050,23,005,"Maine","Cumberland County",3,55,4126,2009,2117
050,23,005,"Maine","Cumberland County",3,56,4188,2021,2167
050,23,005,"Maine","Cumberland County",3,57,4357,2105,2252
050,23,005,"Maine","Cumberland County",3,58,4510,2182,2328
050,23,005,"Maine","Cumberland County",3,59,4590,2225,2365
050,23,005,"Maine","Cumberland County",3,60,4497,2137,2360
050,23,005,"Maine","Cumberland County",3,61,4316,2028,2288
050,23,005,"Maine","Cumberland County",3,62,4355,2044,2311
050,23,005,"Maine","Cumberland County",3,63,4458,2096,2362
050,23,005,"Maine","Cumberland County",3,64,4418,2120,2298
050,23,005,"Maine","Cumberland County",3,65,4143,1965,2178
050,23,005,"Maine","Cumberland County",3,66,4034,1906,2128
050,23,005,"Maine","Cumberland County",3,67,3948,1879,2069
050,23,005,"Maine","Cumberland County",3,68,3892,1823,2069
050,23,005,"Maine","Cumberland County",3,69,3736,1744,1992
050,23,005,"Maine","Cumberland County",3,70,3532,1619,1913
050,23,005,"Maine","Cumberland County",3,71,3334,1523,1811
050,23,005,"Maine","Cumberland County",3,72,3290,1540,1750
050,23,005,"Maine","Cumberland County",3,73,3206,1546,1660
050,23,005,"Maine","Cumberland County",3,74,3405,1640,1765
050,23,005,"Maine","Cumberland County",3,75,2280,1047,1233
050,23,005,"Maine","Cumberland County",3,76,2157,963,1194
050,23,005,"Maine","Cumberland County",3,77,2149,968,1181
050,23,005,"Maine","Cumberland County",3,78,2200,990,1210
050,23,005,"Maine","Cumberland County",3,79,1821,796,1025
050,23,005,"Maine","Cumberland County",3,80,1546,677,869
050,23,005,"Maine","Cumberland County",3,81,1415,599,816
050,23,005,"Maine","Cumberland County",3,82,1341,556,785
050,23,005,"Maine","Cumberland County",3,83,1245,509,736
050,23,005,"Maine","Cumberland County",3,84,1098,436,662
050,23,005,"Maine","Cumberland County",3,85,6840,2327,4513
050,23,005,"Maine","Cumberland County",4,0,2898,1545,1353
050,23,005,"Maine","Cumberland County",4,1,2714,1435,1279
050,23,005,"Maine","Cumberland County",4,2,2843,1476,1367
050,23,005,"Maine","Cumberland County",4,3,2935,1526,1409
050,23,005,"Maine","Cumberland County",4,4,2927,1512,1415
050,23,005,"Maine","Cumberland County",4,5,2969,1533,1436
050,23,005,"Maine","Cumberland County",4,6,3051,1586,1465
050,23,005,"Maine","Cumberland County",4,7,3088,1618,1470
050,23,005,"Maine","Cumberland County",4,8,3074,1585,1489
050,23,005,"Maine","Cumberland County",4,9,3058,1539,1519
050,23,005,"Maine","Cumberland County",4,10,3008,1537,1471
050,23,005,"Maine","Cumberland County",4,11,3061,1558,1503
050,23,005,"Maine","Cumberland County",4,12,3134,1594,1540
050,23,005,"Maine","Cumberland County",4,13,3239,1612,1627
050,23,005,"Maine","Cumberland County",4,14,3326,1673,1653
050,23,005,"Maine","Cumberland County",4,15,3394,1758,1636
050,23,005,"Maine","Cumberland County",4,16,3379,1761,1618
050,23,005,"Maine","Cumberland County",4,17,3374,1731,1643
050,23,005,"Maine","Cumberland County",4,18,3776,1943,1833
050,23,005,"Maine","Cumberland County",4,19,4053,2092,1961
050,23,005,"Maine","Cumberland County",4,20,3719,1865,1854
050,23,005,"Maine","Cumberland County",4,21,3673,1829,1844
050,23,005,"Maine","Cumberland County",4,22,3512,1692,1820
050,23,005,"Maine","Cumberland County",4,23,3400,1669,1731
050,23,005,"Maine","Cumberland County",4,24,3592,1761,1831
050,23,005,"Maine","Cumberland County",4,25,3720,1799,1921
050,23,005,"Maine","Cumberland County",4,26,3869,1934,1935
050,23,005,"Maine","Cumberland County",4,27,4135,2045,2090
050,23,005,"Maine","Cumberland County",4,28,4236,2104,2132
050,23,005,"Maine","Cumberland County",4,29,4218,2132,2086
050,23,005,"Maine","Cumberland County",4,30,4385,2257,2128
050,23,005,"Maine","Cumberland County",4,31,4402,2141,2261
050,23,005,"Maine","Cumberland County",4,32,4469,2213,2256
050,23,005,"Maine","Cumberland County",4,33,4541,2218,2323
050,23,005,"Maine","Cumberland County",4,34,4453,2229,2224
050,23,005,"Maine","Cumberland County",4,35,4377,2174,2203
050,23,005,"Maine","Cumberland County",4,36,4426,2193,2233
050,23,005,"Maine","Cumberland County",4,37,4377,2195,2182
050,23,005,"Maine","Cumberland County",4,38,4243,2172,2071
050,23,005,"Maine","Cumberland County",4,39,4274,2144,2130
050,23,005,"Maine","Cumberland County",4,40,4158,2104,2054
050,23,005,"Maine","Cumberland County",4,41,3994,2013,1981
050,23,005,"Maine","Cumberland County",4,42,3928,1989,1939
050,23,005,"Maine","Cumberland County",4,43,3809,1919,1890
050,23,005,"Maine","Cumberland County",4,44,3721,1862,1859
050,23,005,"Maine","Cumberland County",4,45,3645,1827,1818
050,23,005,"Maine","Cumberland County",4,46,3410,1670,1740
050,23,005,"Maine","Cumberland County",4,47,3546,1746,1800
050,23,005,"Maine","Cumberland County",4,48,3529,1731,1798
050,23,005,"Maine","Cumberland County",4,49,3530,1707,1823
050,23,005,"Maine","Cumberland County",4,50,3795,1819,1976
050,23,005,"Maine","Cumberland County",4,51,4243,2079,2164
050,23,005,"Maine","Cumberland County",4,52,4188,2056,2132
050,23,005,"Maine","Cumberland County",4,53,4001,2015,1986
050,23,005,"Maine","Cumberland County",4,54,3914,1908,2006
050,23,005,"Maine","Cumberland County",4,55,4072,1973,2099
050,23,005,"Maine","Cumberland County",4,56,4098,1973,2125
050,23,005,"Maine","Cumberland County",4,57,4167,2007,2160
050,23,005,"Maine","Cumberland County",4,58,4351,2112,2239
050,23,005,"Maine","Cumberland County",4,59,4497,2183,2314
050,23,005,"Maine","Cumberland County",4,60,4538,2182,2356
050,23,005,"Maine","Cumberland County",4,61,4453,2112,2341
050,23,005,"Maine","Cumberland County",4,62,4301,2019,2282
050,23,005,"Maine","Cumberland County",4,63,4322,2029,2293
050,23,005,"Maine","Cumberland County",4,64,4398,2072,2326
050,23,005,"Maine","Cumberland County",4,65,4349,2086,2263
050,23,005,"Maine","Cumberland County",4,66,4122,1952,2170
050,23,005,"Maine","Cumberland County",4,67,4016,1888,2128
050,23,005,"Maine","Cumberland County",4,68,3952,1873,2079
050,23,005,"Maine","Cumberland County",4,69,3871,1815,2056
050,23,005,"Maine","Cumberland County",4,70,3709,1707,2002
050,23,005,"Maine","Cumberland County",4,71,3476,1589,1887
050,23,005,"Maine","Cumberland County",4,72,3249,1474,1775
050,23,005,"Maine","Cumberland County",4,73,3258,1515,1743
050,23,005,"Maine","Cumberland County",4,74,3139,1498,1641
050,23,005,"Maine","Cumberland County",4,75,3321,1589,1732
050,23,005,"Maine","Cumberland County",4,76,2210,1005,1205
050,23,005,"Maine","Cumberland County",4,77,2073,928,1145
050,23,005,"Maine","Cumberland County",4,78,2112,946,1166
050,23,005,"Maine","Cumberland County",4,79,2163,954,1209
050,23,005,"Maine","Cumberland County",4,80,1750,761,989
050,23,005,"Maine","Cumberland County",4,81,1487,626,861
050,23,005,"Maine","Cumberland County",4,82,1376,559,817
050,23,005,"Maine","Cumberland County",4,83,1279,528,751
050,23,005,"Maine","Cumberland County",4,84,1159,474,685
050,23,005,"Maine","Cumberland County",4,85,6836,2348,4488
050,23,005,"Maine","Cumberland County",5,0,2922,1549,1373
050,23,005,"Maine","Cumberland County",5,1,2891,1533,1358
050,23,005,"Maine","Cumberland County",5,2,2719,1431,1288
050,23,005,"Maine","Cumberland County",5,3,2871,1486,1385
050,23,005,"Maine","Cumberland County",5,4,2950,1519,1431
050,23,005,"Maine","Cumberland County",5,5,2942,1527,1415
050,23,005,"Maine","Cumberland County",5,6,2984,1533,1451
050,23,005,"Maine","Cumberland County",5,7,3092,1612,1480
050,23,005,"Maine","Cumberland County",5,8,3104,1590,1514
050,23,005,"Maine","Cumberland County",5,9,3066,1595,1471
050,23,005,"Maine","Cumberland County",5,10,3050,1551,1499
050,23,005,"Maine","Cumberland County",5,11,2992,1536,1456
050,23,005,"Maine","Cumberland County",5,12,3048,1555,1493
050,23,005,"Maine","Cumberland County",5,13,3104,1572,1532
050,23,005,"Maine","Cumberland County",5,14,3255,1627,1628
050,23,005,"Maine","Cumberland County",5,15,3346,1670,1676
050,23,005,"Maine","Cumberland County",5,16,3394,1770,1624
050,23,005,"Maine","Cumberland County",5,17,3390,1752,1638
050,23,005,"Maine","Cumberland County",5,18,3695,1897,1798
050,23,005,"Maine","Cumberland County",5,19,3997,2058,1939
050,23,005,"Maine","Cumberland County",5,20,3794,1925,1869
050,23,005,"Maine","Cumberland County",5,21,3646,1813,1833
050,23,005,"Maine","Cumberland County",5,22,3547,1738,1809
050,23,005,"Maine","Cumberland County",5,23,3402,1635,1767
050,23,005,"Maine","Cumberland County",5,24,3562,1725,1837
050,23,005,"Maine","Cumberland County",5,25,3738,1818,1920
050,23,005,"Maine","Cumberland County",5,26,3777,1838,1939
050,23,005,"Maine","Cumberland County",5,27,3943,1933,2010
050,23,005,"Maine","Cumberland County",5,28,4132,2042,2090
050,23,005,"Maine","Cumberland County",5,29,4334,2169,2165
050,23,005,"Maine","Cumberland County",5,30,4283,2175,2108
050,23,005,"Maine","Cumberland County",5,31,4362,2227,2135
050,23,005,"Maine","Cumberland County",5,32,4508,2198,2310
050,23,005,"Maine","Cumberland County",5,33,4577,2242,2335
050,23,005,"Maine","Cumberland County",5,34,4596,2228,2368
050,23,005,"Maine","Cumberland County",5,35,4472,2255,2217
050,23,005,"Maine","Cumberland County",5,36,4403,2192,2211
050,23,005,"Maine","Cumberland County",5,37,4460,2236,2224
050,23,005,"Maine","Cumberland County",5,38,4396,2219,2177
050,23,005,"Maine","Cumberland County",5,39,4257,2172,2085
050,23,005,"Maine","Cumberland County",5,40,4275,2168,2107
050,23,005,"Maine","Cumberland County",5,41,4155,2095,2060
050,23,005,"Maine","Cumberland County",5,42,4044,2025,2019
050,23,005,"Maine","Cumberland County",5,43,3979,2024,1955
050,23,005,"Maine","Cumberland County",5,44,3773,1881,1892
050,23,005,"Maine","Cumberland County",5,45,3713,1849,1864
050,23,005,"Maine","Cumberland County",5,46,3650,1839,1811
050,23,005,"Maine","Cumberland County",5,47,3429,1670,1759
050,23,005,"Maine","Cumberland County",5,48,3538,1755,1783
050,23,005,"Maine","Cumberland County",5,49,3491,1746,1745
050,23,005,"Maine","Cumberland County",5,50,3520,1700,1820
050,23,005,"Maine","Cumberland County",5,51,3730,1785,1945
050,23,005,"Maine","Cumberland County",5,52,4249,2082,2167
050,23,005,"Maine","Cumberland County",5,53,4177,2052,2125
050,23,005,"Maine","Cumberland County",5,54,3940,1966,1974
050,23,005,"Maine","Cumberland County",5,55,3887,1911,1976
050,23,005,"Maine","Cumberland County",5,56,3980,1917,2063
050,23,005,"Maine","Cumberland County",5,57,4024,1944,2080
050,23,005,"Maine","Cumberland County",5,58,4153,1992,2161
050,23,005,"Maine","Cumberland County",5,59,4359,2094,2265
050,23,005,"Maine","Cumberland County",5,60,4477,2162,2315
050,23,005,"Maine","Cumberland County",5,61,4480,2150,2330
050,23,005,"Maine","Cumberland County",5,62,4467,2121,2346
050,23,005,"Maine","Cumberland County",5,63,4295,2000,2295
050,23,005,"Maine","Cumberland County",5,64,4299,2011,2288
050,23,005,"Maine","Cumberland County",5,65,4361,2031,2330
050,23,005,"Maine","Cumberland County",5,66,4320,2062,2258
050,23,005,"Maine","Cumberland County",5,67,4100,1940,2160
050,23,005,"Maine","Cumberland County",5,68,3966,1858,2108
050,23,005,"Maine","Cumberland County",5,69,3886,1836,2050
050,23,005,"Maine","Cumberland County",5,70,3822,1776,2046
050,23,005,"Maine","Cumberland County",5,71,3651,1688,1963
050,23,005,"Maine","Cumberland County",5,72,3389,1539,1850
050,23,005,"Maine","Cumberland County",5,73,3225,1455,1770
050,23,005,"Maine","Cumberland County",5,74,3208,1479,1729
050,23,005,"Maine","Cumberland County",5,75,3059,1454,1605
050,23,005,"Maine","Cumberland County",5,76,3245,1542,1703
050,23,005,"Maine","Cumberland County",5,77,2137,973,1164
050,23,005,"Maine","Cumberland County",5,78,2038,916,1122
050,23,005,"Maine","Cumberland County",5,79,2043,898,1145
050,23,005,"Maine","Cumberland County",5,80,2085,912,1173
050,23,005,"Maine","Cumberland County",5,81,1692,712,980
050,23,005,"Maine","Cumberland County",5,82,1440,587,853
050,23,005,"Maine","Cumberland County",5,83,1334,544,790
050,23,005,"Maine","Cumberland County",5,84,1218,505,713
050,23,005,"Maine","Cumberland County",5,85,6926,2418,4508
050,23,007,"Maine","Franklin County",1,0,227,117,110
050,23,007,"Maine","Franklin County",1,1,244,126,118
050,23,007,"Maine","Franklin County",1,2,236,114,122
050,23,007,"Maine","Franklin County",1,3,262,130,132
050,23,007,"Maine","Franklin County",1,4,272,139,133
050,23,007,"Maine","Franklin County",1,5,272,153,119
050,23,007,"Maine","Franklin County",1,6,267,143,124
050,23,007,"Maine","Franklin County",1,7,289,135,154
050,23,007,"Maine","Franklin County",1,8,281,138,143
050,23,007,"Maine","Franklin County",1,9,264,139,125
050,23,007,"Maine","Franklin County",1,10,312,156,156
050,23,007,"Maine","Franklin County",1,11,323,167,156
050,23,007,"Maine","Franklin County",1,12,351,175,176
050,23,007,"Maine","Franklin County",1,13,334,168,166
050,23,007,"Maine","Franklin County",1,14,343,178,165
050,23,007,"Maine","Franklin County",1,15,313,163,150
050,23,007,"Maine","Franklin County",1,16,330,168,162
050,23,007,"Maine","Franklin County",1,17,311,155,156
050,23,007,"Maine","Franklin County",1,18,444,188,256
050,23,007,"Maine","Franklin County",1,19,534,225,309
050,23,007,"Maine","Franklin County",1,20,460,207,253
050,23,007,"Maine","Franklin County",1,21,418,208,210
050,23,007,"Maine","Franklin County",1,22,363,178,185
050,23,007,"Maine","Franklin County",1,23,311,152,159
050,23,007,"Maine","Franklin County",1,24,296,157,139
050,23,007,"Maine","Franklin County",1,25,290,144,146
050,23,007,"Maine","Franklin County",1,26,324,169,155
050,23,007,"Maine","Franklin County",1,27,324,159,165
050,23,007,"Maine","Franklin County",1,28,290,141,149
050,23,007,"Maine","Franklin County",1,29,313,151,162
050,23,007,"Maine","Franklin County",1,30,323,152,171
050,23,007,"Maine","Franklin County",1,31,331,174,157
050,23,007,"Maine","Franklin County",1,32,347,177,170
050,23,007,"Maine","Franklin County",1,33,321,177,144
050,23,007,"Maine","Franklin County",1,34,301,161,140
050,23,007,"Maine","Franklin County",1,35,320,150,170
050,23,007,"Maine","Franklin County",1,36,330,152,178
050,23,007,"Maine","Franklin County",1,37,315,157,158
050,23,007,"Maine","Franklin County",1,38,313,158,155
050,23,007,"Maine","Franklin County",1,39,334,168,166
050,23,007,"Maine","Franklin County",1,40,301,150,151
050,23,007,"Maine","Franklin County",1,41,280,136,144
050,23,007,"Maine","Franklin County",1,42,308,141,167
050,23,007,"Maine","Franklin County",1,43,299,141,158
050,23,007,"Maine","Franklin County",1,44,314,145,169
050,23,007,"Maine","Franklin County",1,45,312,151,161
050,23,007,"Maine","Franklin County",1,46,299,156,143
050,23,007,"Maine","Franklin County",1,47,327,173,154
050,23,007,"Maine","Franklin County",1,48,343,183,160
050,23,007,"Maine","Franklin County",1,49,367,183,184
050,23,007,"Maine","Franklin County",1,50,350,171,179
050,23,007,"Maine","Franklin County",1,51,359,183,176
050,23,007,"Maine","Franklin County",1,52,359,172,187
050,23,007,"Maine","Franklin County",1,53,390,175,215
050,23,007,"Maine","Franklin County",1,54,414,193,221
050,23,007,"Maine","Franklin County",1,55,448,215,233
050,23,007,"Maine","Franklin County",1,56,492,250,242
050,23,007,"Maine","Franklin County",1,57,487,252,235
050,23,007,"Maine","Franklin County",1,58,507,261,246
050,23,007,"Maine","Franklin County",1,59,499,259,240
050,23,007,"Maine","Franklin County",1,60,491,250,241
050,23,007,"Maine","Franklin County",1,61,515,266,249
050,23,007,"Maine","Franklin County",1,62,513,255,258
050,23,007,"Maine","Franklin County",1,63,500,255,245
050,23,007,"Maine","Franklin County",1,64,508,264,244
050,23,007,"Maine","Franklin County",1,65,471,220,251
050,23,007,"Maine","Franklin County",1,66,466,225,241
050,23,007,"Maine","Franklin County",1,67,474,241,233
050,23,007,"Maine","Franklin County",1,68,451,224,227
050,23,007,"Maine","Franklin County",1,69,422,226,196
050,23,007,"Maine","Franklin County",1,70,394,188,206
050,23,007,"Maine","Franklin County",1,71,355,168,187
050,23,007,"Maine","Franklin County",1,72,397,195,202
050,23,007,"Maine","Franklin County",1,73,395,209,186
050,23,007,"Maine","Franklin County",1,74,261,131,130
050,23,007,"Maine","Franklin County",1,75,263,134,129
050,23,007,"Maine","Franklin County",1,76,262,119,143
050,23,007,"Maine","Franklin County",1,77,262,131,131
050,23,007,"Maine","Franklin County",1,78,230,120,110
050,23,007,"Maine","Franklin County",1,79,187,87,100
050,23,007,"Maine","Franklin County",1,80,181,89,92
050,23,007,"Maine","Franklin County",1,81,148,74,74
050,23,007,"Maine","Franklin County",1,82,136,71,65
050,23,007,"Maine","Franklin County",1,83,142,68,74
050,23,007,"Maine","Franklin County",1,84,113,54,59
050,23,007,"Maine","Franklin County",1,85,627,261,366
050,23,007,"Maine","Franklin County",2,0,229,118,111
050,23,007,"Maine","Franklin County",2,1,239,124,115
050,23,007,"Maine","Franklin County",2,2,238,117,121
050,23,007,"Maine","Franklin County",2,3,253,125,128
050,23,007,"Maine","Franklin County",2,4,272,139,133
050,23,007,"Maine","Franklin County",2,5,272,149,123
050,23,007,"Maine","Franklin County",2,6,270,146,124
050,23,007,"Maine","Franklin County",2,7,280,134,146
050,23,007,"Maine","Franklin County",2,8,281,138,143
050,23,007,"Maine","Franklin County",2,9,269,139,130
050,23,007,"Maine","Franklin County",2,10,297,151,146
050,23,007,"Maine","Franklin County",2,11,319,164,155
050,23,007,"Maine","Franklin County",2,12,347,173,174
050,23,007,"Maine","Franklin County",2,13,337,168,169
050,23,007,"Maine","Franklin County",2,14,340,176,164
050,23,007,"Maine","Franklin County",2,15,325,168,157
050,23,007,"Maine","Franklin County",2,16,329,169,160
050,23,007,"Maine","Franklin County",2,17,315,158,157
050,23,007,"Maine","Franklin County",2,18,442,188,254
050,23,007,"Maine","Franklin County",2,19,533,221,312
050,23,007,"Maine","Franklin County",2,20,461,208,253
050,23,007,"Maine","Franklin County",2,21,414,202,212
050,23,007,"Maine","Franklin County",2,22,365,181,184
050,23,007,"Maine","Franklin County",2,23,310,153,157
050,23,007,"Maine","Franklin County",2,24,296,155,141
050,23,007,"Maine","Franklin County",2,25,291,146,145
050,23,007,"Maine","Franklin County",2,26,318,166,152
050,23,007,"Maine","Franklin County",2,27,323,159,164
050,23,007,"Maine","Franklin County",2,28,301,146,155
050,23,007,"Maine","Franklin County",2,29,309,147,162
050,23,007,"Maine","Franklin County",2,30,323,153,170
050,23,007,"Maine","Franklin County",2,31,327,168,159
050,23,007,"Maine","Franklin County",2,32,347,178,169
050,23,007,"Maine","Franklin County",2,33,330,180,150
050,23,007,"Maine","Franklin County",2,34,308,166,142
050,23,007,"Maine","Franklin County",2,35,321,155,166
050,23,007,"Maine","Franklin County",2,36,327,152,175
050,23,007,"Maine","Franklin County",2,37,322,156,166
050,23,007,"Maine","Franklin County",2,38,314,156,158
050,23,007,"Maine","Franklin County",2,39,330,166,164
050,23,007,"Maine","Franklin County",2,40,312,156,156
050,23,007,"Maine","Franklin County",2,41,283,138,145
050,23,007,"Maine","Franklin County",2,42,300,138,162
050,23,007,"Maine","Franklin County",2,43,303,142,161
050,23,007,"Maine","Franklin County",2,44,305,143,162
050,23,007,"Maine","Franklin County",2,45,312,149,163
050,23,007,"Maine","Franklin County",2,46,302,154,148
050,23,007,"Maine","Franklin County",2,47,320,169,151
050,23,007,"Maine","Franklin County",2,48,339,181,158
050,23,007,"Maine","Franklin County",2,49,365,185,180
050,23,007,"Maine","Franklin County",2,50,356,174,182
050,23,007,"Maine","Franklin County",2,51,355,179,176
050,23,007,"Maine","Franklin County",2,52,358,174,184
050,23,007,"Maine","Franklin County",2,53,383,173,210
050,23,007,"Maine","Franklin County",2,54,409,190,219
050,23,007,"Maine","Franklin County",2,55,442,212,230
050,23,007,"Maine","Franklin County",2,56,480,242,238
050,23,007,"Maine","Franklin County",2,57,491,254,237
050,23,007,"Maine","Franklin County",2,58,499,256,243
050,23,007,"Maine","Franklin County",2,59,502,261,241
050,23,007,"Maine","Franklin County",2,60,492,252,240
050,23,007,"Maine","Franklin County",2,61,508,262,246
050,23,007,"Maine","Franklin County",2,62,511,256,255
050,23,007,"Maine","Franklin County",2,63,509,259,250
050,23,007,"Maine","Franklin County",2,64,504,260,244
050,23,007,"Maine","Franklin County",2,65,480,230,250
050,23,007,"Maine","Franklin County",2,66,469,225,244
050,23,007,"Maine","Franklin County",2,67,469,234,235
050,23,007,"Maine","Franklin County",2,68,453,227,226
050,23,007,"Maine","Franklin County",2,69,433,229,204
050,23,007,"Maine","Franklin County",2,70,395,193,202
050,23,007,"Maine","Franklin County",2,71,362,173,189
050,23,007,"Maine","Franklin County",2,72,378,183,195
050,23,007,"Maine","Franklin County",2,73,418,215,203
050,23,007,"Maine","Franklin County",2,74,272,139,133
050,23,007,"Maine","Franklin County",2,75,264,135,129
050,23,007,"Maine","Franklin County",2,76,261,121,140
050,23,007,"Maine","Franklin County",2,77,269,131,138
050,23,007,"Maine","Franklin County",2,78,231,118,113
050,23,007,"Maine","Franklin County",2,79,197,94,103
050,23,007,"Maine","Franklin County",2,80,181,89,92
050,23,007,"Maine","Franklin County",2,81,157,77,80
050,23,007,"Maine","Franklin County",2,82,136,73,63
050,23,007,"Maine","Franklin County",2,83,133,64,69
050,23,007,"Maine","Franklin County",2,84,117,56,61
050,23,007,"Maine","Franklin County",2,85,629,262,367
050,23,007,"Maine","Franklin County",3,0,220,112,108
050,23,007,"Maine","Franklin County",3,1,250,132,118
050,23,007,"Maine","Franklin County",3,2,250,122,128
050,23,007,"Maine","Franklin County",3,3,242,120,122
050,23,007,"Maine","Franklin County",3,4,270,134,136
050,23,007,"Maine","Franklin County",3,5,286,142,144
050,23,007,"Maine","Franklin County",3,6,283,152,131
050,23,007,"Maine","Franklin County",3,7,279,152,127
050,23,007,"Maine","Franklin County",3,8,279,135,144
050,23,007,"Maine","Franklin County",3,9,286,143,143
050,23,007,"Maine","Franklin County",3,10,286,151,135
050,23,007,"Maine","Franklin County",3,11,307,159,148
050,23,007,"Maine","Franklin County",3,12,316,163,153
050,23,007,"Maine","Franklin County",3,13,346,172,174
050,23,007,"Maine","Franklin County",3,14,349,173,176
050,23,007,"Maine","Franklin County",3,15,345,179,166
050,23,007,"Maine","Franklin County",3,16,328,172,156
050,23,007,"Maine","Franklin County",3,17,330,166,164
050,23,007,"Maine","Franklin County",3,18,536,232,304
050,23,007,"Maine","Franklin County",3,19,701,278,423
050,23,007,"Maine","Franklin County",3,20,545,228,317
050,23,007,"Maine","Franklin County",3,21,467,212,255
050,23,007,"Maine","Franklin County",3,22,423,205,218
050,23,007,"Maine","Franklin County",3,23,337,186,151
050,23,007,"Maine","Franklin County",3,24,311,170,141
050,23,007,"Maine","Franklin County",3,25,292,151,141
050,23,007,"Maine","Franklin County",3,26,281,142,139
050,23,007,"Maine","Franklin County",3,27,326,179,147
050,23,007,"Maine","Franklin County",3,28,325,157,168
050,23,007,"Maine","Franklin County",3,29,324,164,160
050,23,007,"Maine","Franklin County",3,30,327,160,167
050,23,007,"Maine","Franklin County",3,31,328,163,165
050,23,007,"Maine","Franklin County",3,32,324,153,171
050,23,007,"Maine","Franklin County",3,33,365,187,178
050,23,007,"Maine","Franklin County",3,34,348,186,162
050,23,007,"Maine","Franklin County",3,35,315,169,146
050,23,007,"Maine","Franklin County",3,36,330,169,161
050,23,007,"Maine","Franklin County",3,37,335,155,180
050,23,007,"Maine","Franklin County",3,38,319,158,161
050,23,007,"Maine","Franklin County",3,39,323,159,164
050,23,007,"Maine","Franklin County",3,40,320,156,164
050,23,007,"Maine","Franklin County",3,41,309,157,152
050,23,007,"Maine","Franklin County",3,42,287,139,148
050,23,007,"Maine","Franklin County",3,43,311,141,170
050,23,007,"Maine","Franklin County",3,44,313,139,174
050,23,007,"Maine","Franklin County",3,45,310,147,163
050,23,007,"Maine","Franklin County",3,46,307,148,159
050,23,007,"Maine","Franklin County",3,47,299,152,147
050,23,007,"Maine","Franklin County",3,48,324,168,156
050,23,007,"Maine","Franklin County",3,49,348,181,167
050,23,007,"Maine","Franklin County",3,50,380,193,187
050,23,007,"Maine","Franklin County",3,51,363,171,192
050,23,007,"Maine","Franklin County",3,52,360,179,181
050,23,007,"Maine","Franklin County",3,53,368,168,200
050,23,007,"Maine","Franklin County",3,54,388,181,207
050,23,007,"Maine","Franklin County",3,55,422,197,225
050,23,007,"Maine","Franklin County",3,56,442,210,232
050,23,007,"Maine","Franklin County",3,57,500,245,255
050,23,007,"Maine","Franklin County",3,58,495,254,241
050,23,007,"Maine","Franklin County",3,59,506,259,247
050,23,007,"Maine","Franklin County",3,60,506,265,241
050,23,007,"Maine","Franklin County",3,61,491,257,234
050,23,007,"Maine","Franklin County",3,62,511,267,244
050,23,007,"Maine","Franklin County",3,63,517,260,257
050,23,007,"Maine","Franklin County",3,64,505,257,248
050,23,007,"Maine","Franklin County",3,65,493,252,241
050,23,007,"Maine","Franklin County",3,66,487,230,257
050,23,007,"Maine","Franklin County",3,67,464,221,243
050,23,007,"Maine","Franklin County",3,68,470,234,236
050,23,007,"Maine","Franklin County",3,69,454,225,229
050,23,007,"Maine","Franklin County",3,70,433,219,214
050,23,007,"Maine","Franklin County",3,71,384,189,195
050,23,007,"Maine","Franklin County",3,72,356,165,191
050,23,007,"Maine","Franklin County",3,73,376,182,194
050,23,007,"Maine","Franklin County",3,74,383,190,193
050,23,007,"Maine","Franklin County",3,75,258,136,122
050,23,007,"Maine","Franklin County",3,76,263,132,131
050,23,007,"Maine","Franklin County",3,77,237,108,129
050,23,007,"Maine","Franklin County",3,78,262,126,136
050,23,007,"Maine","Franklin County",3,79,229,115,114
050,23,007,"Maine","Franklin County",3,80,179,85,94
050,23,007,"Maine","Franklin County",3,81,169,78,91
050,23,007,"Maine","Franklin County",3,82,147,79,68
050,23,007,"Maine","Franklin County",3,83,124,57,67
050,23,007,"Maine","Franklin County",3,84,123,60,63
050,23,007,"Maine","Franklin County",3,85,651,265,386
050,23,007,"Maine","Franklin County",4,0,223,117,106
050,23,007,"Maine","Franklin County",4,1,214,99,115
050,23,007,"Maine","Franklin County",4,2,262,140,122
050,23,007,"Maine","Franklin County",4,3,255,125,130
050,23,007,"Maine","Franklin County",4,4,248,128,120
050,23,007,"Maine","Franklin County",4,5,284,143,141
050,23,007,"Maine","Franklin County",4,6,286,140,146
050,23,007,"Maine","Franklin County",4,7,304,166,138
050,23,007,"Maine","Franklin County",4,8,283,148,135
050,23,007,"Maine","Franklin County",4,9,288,141,147
050,23,007,"Maine","Franklin County",4,10,299,151,148
050,23,007,"Maine","Franklin County",4,11,291,155,136
050,23,007,"Maine","Franklin County",4,12,317,166,151
050,23,007,"Maine","Franklin County",4,13,320,164,156
050,23,007,"Maine","Franklin County",4,14,343,171,172
050,23,007,"Maine","Franklin County",4,15,348,170,178
050,23,007,"Maine","Franklin County",4,16,341,177,164
050,23,007,"Maine","Franklin County",4,17,332,174,158
050,23,007,"Maine","Franklin County",4,18,573,246,327
050,23,007,"Maine","Franklin County",4,19,745,297,448
050,23,007,"Maine","Franklin County",4,20,574,225,349
050,23,007,"Maine","Franklin County",4,21,472,199,273
050,23,007,"Maine","Franklin County",4,22,434,209,225
050,23,007,"Maine","Franklin County",4,23,360,179,181
050,23,007,"Maine","Franklin County",4,24,310,179,131
050,23,007,"Maine","Franklin County",4,25,289,157,132
050,23,007,"Maine","Franklin County",4,26,283,145,138
050,23,007,"Maine","Franklin County",4,27,289,139,150
050,23,007,"Maine","Franklin County",4,28,316,173,143
050,23,007,"Maine","Franklin County",4,29,332,152,180
050,23,007,"Maine","Franklin County",4,30,335,162,173
050,23,007,"Maine","Franklin County",4,31,337,169,168
050,23,007,"Maine","Franklin County",4,32,338,160,178
050,23,007,"Maine","Franklin County",4,33,340,158,182
050,23,007,"Maine","Franklin County",4,34,359,185,174
050,23,007,"Maine","Franklin County",4,35,353,183,170
050,23,007,"Maine","Franklin County",4,36,331,179,152
050,23,007,"Maine","Franklin County",4,37,356,185,171
050,23,007,"Maine","Franklin County",4,38,350,161,189
050,23,007,"Maine","Franklin County",4,39,337,166,171
050,23,007,"Maine","Franklin County",4,40,319,160,159
050,23,007,"Maine","Franklin County",4,41,315,157,158
050,23,007,"Maine","Franklin County",4,42,326,161,165
050,23,007,"Maine","Franklin County",4,43,287,140,147
050,23,007,"Maine","Franklin County",4,44,318,139,179
050,23,007,"Maine","Franklin County",4,45,321,148,173
050,23,007,"Maine","Franklin County",4,46,312,155,157
050,23,007,"Maine","Franklin County",4,47,307,145,162
050,23,007,"Maine","Franklin County",4,48,289,144,145
050,23,007,"Maine","Franklin County",4,49,325,172,153
050,23,007,"Maine","Franklin County",4,50,348,181,167
050,23,007,"Maine","Franklin County",4,51,382,194,188
050,23,007,"Maine","Franklin County",4,52,373,172,201
050,23,007,"Maine","Franklin County",4,53,368,185,183
050,23,007,"Maine","Franklin County",4,54,378,176,202
050,23,007,"Maine","Franklin County",4,55,391,182,209
050,23,007,"Maine","Franklin County",4,56,421,200,221
050,23,007,"Maine","Franklin County",4,57,454,204,250
050,23,007,"Maine","Franklin County",4,58,510,249,261
050,23,007,"Maine","Franklin County",4,59,494,255,239
050,23,007,"Maine","Franklin County",4,60,516,264,252
050,23,007,"Maine","Franklin County",4,61,504,267,237
050,23,007,"Maine","Franklin County",4,62,492,253,239
050,23,007,"Maine","Franklin County",4,63,517,269,248
050,23,007,"Maine","Franklin County",4,64,531,272,259
050,23,007,"Maine","Franklin County",4,65,509,263,246
050,23,007,"Maine","Franklin County",4,66,495,254,241
050,23,007,"Maine","Franklin County",4,67,483,230,253
050,23,007,"Maine","Franklin County",4,68,474,222,252
050,23,007,"Maine","Franklin County",4,69,466,230,236
050,23,007,"Maine","Franklin County",4,70,452,223,229
050,23,007,"Maine","Franklin County",4,71,415,216,199
050,23,007,"Maine","Franklin County",4,72,384,185,199
050,23,007,"Maine","Franklin County",4,73,343,163,180
050,23,007,"Maine","Franklin County",4,74,346,163,183
050,23,007,"Maine","Franklin County",4,75,372,185,187
050,23,007,"Maine","Franklin County",4,76,255,131,124
050,23,007,"Maine","Franklin County",4,77,245,124,121
050,23,007,"Maine","Franklin County",4,78,217,98,119
050,23,007,"Maine","Franklin County",4,79,252,114,138
050,23,007,"Maine","Franklin County",4,80,213,113,100
050,23,007,"Maine","Franklin County",4,81,168,76,92
050,23,007,"Maine","Franklin County",4,82,157,79,78
050,23,007,"Maine","Franklin County",4,83,137,63,74
050,23,007,"Maine","Franklin County",4,84,108,49,59
050,23,007,"Maine","Franklin County",4,85,655,278,377
050,23,007,"Maine","Franklin County",5,0,224,117,107
050,23,007,"Maine","Franklin County",5,1,221,115,106
050,23,007,"Maine","Franklin County",5,2,224,111,113
050,23,007,"Maine","Franklin County",5,3,263,142,121
050,23,007,"Maine","Franklin County",5,4,263,133,130
050,23,007,"Maine","Franklin County",5,5,255,130,125
050,23,007,"Maine","Franklin County",5,6,289,147,142
050,23,007,"Maine","Franklin County",5,7,305,144,161
050,23,007,"Maine","Franklin County",5,8,311,174,137
050,23,007,"Maine","Franklin County",5,9,290,153,137
050,23,007,"Maine","Franklin County",5,10,310,151,159
050,23,007,"Maine","Franklin County",5,11,306,160,146
050,23,007,"Maine","Franklin County",5,12,294,149,145
050,23,007,"Maine","Franklin County",5,13,316,162,154
050,23,007,"Maine","Franklin County",5,14,324,170,154
050,23,007,"Maine","Franklin County",5,15,338,171,167
050,23,007,"Maine","Franklin County",5,16,341,161,180
050,23,007,"Maine","Franklin County",5,17,345,181,164
050,23,007,"Maine","Franklin County",5,18,579,252,327
050,23,007,"Maine","Franklin County",5,19,760,313,447
050,23,007,"Maine","Franklin County",5,20,588,234,354
050,23,007,"Maine","Franklin County",5,21,469,197,272
050,23,007,"Maine","Franklin County",5,22,392,173,219
050,23,007,"Maine","Franklin County",5,23,357,179,178
050,23,007,"Maine","Franklin County",5,24,331,166,165
050,23,007,"Maine","Franklin County",5,25,306,174,132
050,23,007,"Maine","Franklin County",5,26,293,157,136
050,23,007,"Maine","Franklin County",5,27,285,146,139
050,23,007,"Maine","Franklin County",5,28,307,152,155
050,23,007,"Maine","Franklin County",5,29,326,172,154
050,23,007,"Maine","Franklin County",5,30,341,157,184
050,23,007,"Maine","Franklin County",5,31,333,166,167
050,23,007,"Maine","Franklin County",5,32,345,175,170
050,23,007,"Maine","Franklin County",5,33,351,164,187
050,23,007,"Maine","Franklin County",5,34,353,163,190
050,23,007,"Maine","Franklin County",5,35,374,195,179
050,23,007,"Maine","Franklin County",5,36,357,184,173
050,23,007,"Maine","Franklin County",5,37,339,174,165
050,23,007,"Maine","Franklin County",5,38,349,182,167
050,23,007,"Maine","Franklin County",5,39,361,170,191
050,23,007,"Maine","Franklin County",5,40,347,172,175
050,23,007,"Maine","Franklin County",5,41,318,165,153
050,23,007,"Maine","Franklin County",5,42,328,172,156
050,23,007,"Maine","Franklin County",5,43,333,168,165
050,23,007,"Maine","Franklin County",5,44,286,142,144
050,23,007,"Maine","Franklin County",5,45,327,145,182
050,23,007,"Maine","Franklin County",5,46,322,145,177
050,23,007,"Maine","Franklin County",5,47,310,152,158
050,23,007,"Maine","Franklin County",5,48,297,140,157
050,23,007,"Maine","Franklin County",5,49,284,139,145
050,23,007,"Maine","Franklin County",5,50,325,171,154
050,23,007,"Maine","Franklin County",5,51,362,188,174
050,23,007,"Maine","Franklin County",5,52,379,189,190
050,23,007,"Maine","Franklin County",5,53,391,180,211
050,23,007,"Maine","Franklin County",5,54,371,187,184
050,23,007,"Maine","Franklin County",5,55,380,177,203
050,23,007,"Maine","Franklin County",5,56,403,184,219
050,23,007,"Maine","Franklin County",5,57,427,200,227
050,23,007,"Maine","Franklin County",5,58,452,203,249
050,23,007,"Maine","Franklin County",5,59,522,254,268
050,23,007,"Maine","Franklin County",5,60,493,249,244
050,23,007,"Maine","Franklin County",5,61,514,263,251
050,23,007,"Maine","Franklin County",5,62,502,261,241
050,23,007,"Maine","Franklin County",5,63,494,255,239
050,23,007,"Maine","Franklin County",5,64,525,274,251
050,23,007,"Maine","Franklin County",5,65,533,271,262
050,23,007,"Maine","Franklin County",5,66,510,263,247
050,23,007,"Maine","Franklin County",5,67,498,253,245
050,23,007,"Maine","Franklin County",5,68,483,225,258
050,23,007,"Maine","Franklin County",5,69,461,215,246
050,23,007,"Maine","Franklin County",5,70,471,233,238
050,23,007,"Maine","Franklin County",5,71,447,224,223
050,23,007,"Maine","Franklin County",5,72,412,214,198
050,23,007,"Maine","Franklin County",5,73,375,184,191
050,23,007,"Maine","Franklin County",5,74,325,151,174
050,23,007,"Maine","Franklin County",5,75,328,154,174
050,23,007,"Maine","Franklin County",5,76,372,179,193
050,23,007,"Maine","Franklin County",5,77,239,126,113
050,23,007,"Maine","Franklin County",5,78,229,114,115
050,23,007,"Maine","Franklin County",5,79,215,93,122
050,23,007,"Maine","Franklin County",5,80,235,111,124
050,23,007,"Maine","Franklin County",5,81,204,105,99
050,23,007,"Maine","Franklin County",5,82,155,77,78
050,23,007,"Maine","Franklin County",5,83,148,65,83
050,23,007,"Maine","Franklin County",5,84,123,55,68
050,23,007,"Maine","Franklin County",5,85,658,284,374
050,23,009,"Maine","Hancock County",1,0,420,218,202
050,23,009,"Maine","Hancock County",1,1,426,228,198
050,23,009,"Maine","Hancock County",1,2,450,239,211
050,23,009,"Maine","Hancock County",1,3,487,258,229
050,23,009,"Maine","Hancock County",1,4,487,238,249
050,23,009,"Maine","Hancock County",1,5,489,249,240
050,23,009,"Maine","Hancock County",1,6,503,255,248
050,23,009,"Maine","Hancock County",1,7,520,274,246
050,23,009,"Maine","Hancock County",1,8,502,253,249
050,23,009,"Maine","Hancock County",1,9,510,240,270
050,23,009,"Maine","Hancock County",1,10,525,269,256
050,23,009,"Maine","Hancock County",1,11,537,265,272
050,23,009,"Maine","Hancock County",1,12,560,261,299
050,23,009,"Maine","Hancock County",1,13,586,286,300
050,23,009,"Maine","Hancock County",1,14,598,320,278
050,23,009,"Maine","Hancock County",1,15,592,307,285
050,23,009,"Maine","Hancock County",1,16,609,308,301
050,23,009,"Maine","Hancock County",1,17,589,289,300
050,23,009,"Maine","Hancock County",1,18,568,319,249
050,23,009,"Maine","Hancock County",1,19,662,404,258
050,23,009,"Maine","Hancock County",1,20,633,389,244
050,23,009,"Maine","Hancock County",1,21,570,328,242
050,23,009,"Maine","Hancock County",1,22,491,251,240
050,23,009,"Maine","Hancock County",1,23,512,252,260
050,23,009,"Maine","Hancock County",1,24,516,254,262
050,23,009,"Maine","Hancock County",1,25,551,267,284
050,23,009,"Maine","Hancock County",1,26,540,271,269
050,23,009,"Maine","Hancock County",1,27,598,308,290
050,23,009,"Maine","Hancock County",1,28,599,309,290
050,23,009,"Maine","Hancock County",1,29,632,315,317
050,23,009,"Maine","Hancock County",1,30,655,318,337
050,23,009,"Maine","Hancock County",1,31,624,308,316
050,23,009,"Maine","Hancock County",1,32,644,311,333
050,23,009,"Maine","Hancock County",1,33,615,281,334
050,23,009,"Maine","Hancock County",1,34,632,303,329
050,23,009,"Maine","Hancock County",1,35,639,305,334
050,23,009,"Maine","Hancock County",1,36,611,301,310
050,23,009,"Maine","Hancock County",1,37,583,290,293
050,23,009,"Maine","Hancock County",1,38,596,299,297
050,23,009,"Maine","Hancock County",1,39,609,310,299
050,23,009,"Maine","Hancock County",1,40,587,297,290
050,23,009,"Maine","Hancock County",1,41,570,277,293
050,23,009,"Maine","Hancock County",1,42,567,284,283
050,23,009,"Maine","Hancock County",1,43,582,283,299
050,23,009,"Maine","Hancock County",1,44,544,270,274
050,23,009,"Maine","Hancock County",1,45,615,300,315
050,23,009,"Maine","Hancock County",1,46,592,292,300
050,23,009,"Maine","Hancock County",1,47,620,320,300
050,23,009,"Maine","Hancock County",1,48,680,345,335
050,23,009,"Maine","Hancock County",1,49,722,347,375
050,23,009,"Maine","Hancock County",1,50,742,349,393
050,23,009,"Maine","Hancock County",1,51,725,362,363
050,23,009,"Maine","Hancock County",1,52,698,333,365
050,23,009,"Maine","Hancock County",1,53,712,347,365
050,23,009,"Maine","Hancock County",1,54,755,356,399
050,23,009,"Maine","Hancock County",1,55,834,410,424
050,23,009,"Maine","Hancock County",1,56,876,433,443
050,23,009,"Maine","Hancock County",1,57,882,412,470
050,23,009,"Maine","Hancock County",1,58,930,442,488
050,23,009,"Maine","Hancock County",1,59,920,441,479
050,23,009,"Maine","Hancock County",1,60,953,462,491
050,23,009,"Maine","Hancock County",1,61,946,447,499
050,23,009,"Maine","Hancock County",1,62,974,447,527
050,23,009,"Maine","Hancock County",1,63,1006,487,519
050,23,009,"Maine","Hancock County",1,64,984,495,489
050,23,009,"Maine","Hancock County",1,65,993,499,494
050,23,009,"Maine","Hancock County",1,66,974,473,501
050,23,009,"Maine","Hancock County",1,67,949,459,490
050,23,009,"Maine","Hancock County",1,68,958,444,514
050,23,009,"Maine","Hancock County",1,69,842,387,455
050,23,009,"Maine","Hancock County",1,70,840,405,435
050,23,009,"Maine","Hancock County",1,71,837,399,438
050,23,009,"Maine","Hancock County",1,72,854,414,440
050,23,009,"Maine","Hancock County",1,73,869,425,444
050,23,009,"Maine","Hancock County",1,74,562,280,282
050,23,009,"Maine","Hancock County",1,75,552,266,286
050,23,009,"Maine","Hancock County",1,76,573,284,289
050,23,009,"Maine","Hancock County",1,77,553,262,291
050,23,009,"Maine","Hancock County",1,78,474,230,244
050,23,009,"Maine","Hancock County",1,79,386,182,204
050,23,009,"Maine","Hancock County",1,80,343,160,183
050,23,009,"Maine","Hancock County",1,81,309,130,179
050,23,009,"Maine","Hancock County",1,82,280,124,156
050,23,009,"Maine","Hancock County",1,83,245,115,130
050,23,009,"Maine","Hancock County",1,84,219,95,124
050,23,009,"Maine","Hancock County",1,85,1384,502,882
050,23,009,"Maine","Hancock County",2,0,434,220,214
050,23,009,"Maine","Hancock County",2,1,419,219,200
050,23,009,"Maine","Hancock County",2,2,443,235,208
050,23,009,"Maine","Hancock County",2,3,478,253,225
050,23,009,"Maine","Hancock County",2,4,487,242,245
050,23,009,"Maine","Hancock County",2,5,490,245,245
050,23,009,"Maine","Hancock County",2,6,501,254,247
050,23,009,"Maine","Hancock County",2,7,515,268,247
050,23,009,"Maine","Hancock County",2,8,503,255,248
050,23,009,"Maine","Hancock County",2,9,506,241,265
050,23,009,"Maine","Hancock County",2,10,522,261,261
050,23,009,"Maine","Hancock County",2,11,532,265,267
050,23,009,"Maine","Hancock County",2,12,555,261,294
050,23,009,"Maine","Hancock County",2,13,578,279,299
050,23,009,"Maine","Hancock County",2,14,596,312,284
050,23,009,"Maine","Hancock County",2,15,597,310,287
050,23,009,"Maine","Hancock County",2,16,609,311,298
050,23,009,"Maine","Hancock County",2,17,596,293,303
050,23,009,"Maine","Hancock County",2,18,571,316,255
050,23,009,"Maine","Hancock County",2,19,660,403,257
050,23,009,"Maine","Hancock County",2,20,632,388,244
050,23,009,"Maine","Hancock County",2,21,571,329,242
050,23,009,"Maine","Hancock County",2,22,503,258,245
050,23,009,"Maine","Hancock County",2,23,503,245,258
050,23,009,"Maine","Hancock County",2,24,514,252,262
050,23,009,"Maine","Hancock County",2,25,542,263,279
050,23,009,"Maine","Hancock County",2,26,547,273,274
050,23,009,"Maine","Hancock County",2,27,581,298,283
050,23,009,"Maine","Hancock County",2,28,601,311,290
050,23,009,"Maine","Hancock County",2,29,626,314,312
050,23,009,"Maine","Hancock County",2,30,652,316,336
050,23,009,"Maine","Hancock County",2,31,628,307,321
050,23,009,"Maine","Hancock County",2,32,636,307,329
050,23,009,"Maine","Hancock County",2,33,626,292,334
050,23,009,"Maine","Hancock County",2,34,629,300,329
050,23,009,"Maine","Hancock County",2,35,642,308,334
050,23,009,"Maine","Hancock County",2,36,616,300,316
050,23,009,"Maine","Hancock County",2,37,593,293,300
050,23,009,"Maine","Hancock County",2,38,599,298,301
050,23,009,"Maine","Hancock County",2,39,611,311,300
050,23,009,"Maine","Hancock County",2,40,598,304,294
050,23,009,"Maine","Hancock County",2,41,574,283,291
050,23,009,"Maine","Hancock County",2,42,567,282,285
050,23,009,"Maine","Hancock County",2,43,580,284,296
050,23,009,"Maine","Hancock County",2,44,545,268,277
050,23,009,"Maine","Hancock County",2,45,600,292,308
050,23,009,"Maine","Hancock County",2,46,592,293,299
050,23,009,"Maine","Hancock County",2,47,610,312,298
050,23,009,"Maine","Hancock County",2,48,664,339,325
050,23,009,"Maine","Hancock County",2,49,714,350,364
050,23,009,"Maine","Hancock County",2,50,744,352,392
050,23,009,"Maine","Hancock County",2,51,729,358,371
050,23,009,"Maine","Hancock County",2,52,704,341,363
050,23,009,"Maine","Hancock County",2,53,715,346,369
050,23,009,"Maine","Hancock County",2,54,746,354,392
050,23,009,"Maine","Hancock County",2,55,818,399,419
050,23,009,"Maine","Hancock County",2,56,867,427,440
050,23,009,"Maine","Hancock County",2,57,882,417,465
050,23,009,"Maine","Hancock County",2,58,916,434,482
050,23,009,"Maine","Hancock County",2,59,931,444,487
050,23,009,"Maine","Hancock County",2,60,944,456,488
050,23,009,"Maine","Hancock County",2,61,944,446,498
050,23,009,"Maine","Hancock County",2,62,965,447,518
050,23,009,"Maine","Hancock County",2,63,1010,484,526
050,23,009,"Maine","Hancock County",2,64,986,492,494
050,23,009,"Maine","Hancock County",2,65,987,496,491
050,23,009,"Maine","Hancock County",2,66,986,485,501
050,23,009,"Maine","Hancock County",2,67,951,460,491
050,23,009,"Maine","Hancock County",2,68,952,444,508
050,23,009,"Maine","Hancock County",2,69,877,403,474
050,23,009,"Maine","Hancock County",2,70,836,397,439
050,23,009,"Maine","Hancock County",2,71,835,399,436
050,23,009,"Maine","Hancock County",2,72,833,401,432
050,23,009,"Maine","Hancock County",2,73,909,445,464
050,23,009,"Maine","Hancock County",2,74,590,292,298
050,23,009,"Maine","Hancock County",2,75,550,268,282
050,23,009,"Maine","Hancock County",2,76,555,273,282
050,23,009,"Maine","Hancock County",2,77,571,274,297
050,23,009,"Maine","Hancock County",2,78,483,232,251
050,23,009,"Maine","Hancock County",2,79,403,193,210
050,23,009,"Maine","Hancock County",2,80,353,165,188
050,23,009,"Maine","Hancock County",2,81,311,134,177
050,23,009,"Maine","Hancock County",2,82,288,125,163
050,23,009,"Maine","Hancock County",2,83,246,115,131
050,23,009,"Maine","Hancock County",2,84,221,98,123
050,23,009,"Maine","Hancock County",2,85,1385,496,889
050,23,009,"Maine","Hancock County",3,0,383,193,190
050,23,009,"Maine","Hancock County",3,1,465,232,233
050,23,009,"Maine","Hancock County",3,2,431,227,204
050,23,009,"Maine","Hancock County",3,3,450,246,204
050,23,009,"Maine","Hancock County",3,4,492,260,232
050,23,009,"Maine","Hancock County",3,5,501,248,253
050,23,009,"Maine","Hancock County",3,6,500,249,251
050,23,009,"Maine","Hancock County",3,7,520,258,262
050,23,009,"Maine","Hancock County",3,8,515,265,250
050,23,009,"Maine","Hancock County",3,9,518,266,252
050,23,009,"Maine","Hancock County",3,10,527,263,264
050,23,009,"Maine","Hancock County",3,11,528,268,260
050,23,009,"Maine","Hancock County",3,12,526,265,261
050,23,009,"Maine","Hancock County",3,13,557,260,297
050,23,009,"Maine","Hancock County",3,14,587,286,301
050,23,009,"Maine","Hancock County",3,15,603,314,289
050,23,009,"Maine","Hancock County",3,16,591,307,284
050,23,009,"Maine","Hancock County",3,17,610,312,298
050,23,009,"Maine","Hancock County",3,18,603,323,280
050,23,009,"Maine","Hancock County",3,19,663,398,265
050,23,009,"Maine","Hancock County",3,20,610,375,235
050,23,009,"Maine","Hancock County",3,21,600,346,254
050,23,009,"Maine","Hancock County",3,22,520,269,251
050,23,009,"Maine","Hancock County",3,23,518,255,263
050,23,009,"Maine","Hancock County",3,24,523,241,282
050,23,009,"Maine","Hancock County",3,25,539,257,282
050,23,009,"Maine","Hancock County",3,26,562,273,289
050,23,009,"Maine","Hancock County",3,27,587,284,303
050,23,009,"Maine","Hancock County",3,28,620,292,328
050,23,009,"Maine","Hancock County",3,29,628,330,298
050,23,009,"Maine","Hancock County",3,30,645,314,331
050,23,009,"Maine","Hancock County",3,31,685,324,361
050,23,009,"Maine","Hancock County",3,32,668,325,343
050,23,009,"Maine","Hancock County",3,33,675,340,335
050,23,009,"Maine","Hancock County",3,34,650,305,345
050,23,009,"Maine","Hancock County",3,35,646,307,339
050,23,009,"Maine","Hancock County",3,36,658,304,354
050,23,009,"Maine","Hancock County",3,37,639,317,322
050,23,009,"Maine","Hancock County",3,38,624,313,311
050,23,009,"Maine","Hancock County",3,39,622,308,314
050,23,009,"Maine","Hancock County",3,40,614,311,303
050,23,009,"Maine","Hancock County",3,41,620,308,312
050,23,009,"Maine","Hancock County",3,42,597,293,304
050,23,009,"Maine","Hancock County",3,43,593,300,293
050,23,009,"Maine","Hancock County",3,44,594,285,309
050,23,009,"Maine","Hancock County",3,45,548,267,281
050,23,009,"Maine","Hancock County",3,46,609,300,309
050,23,009,"Maine","Hancock County",3,47,618,306,312
050,23,009,"Maine","Hancock County",3,48,630,318,312
050,23,009,"Maine","Hancock County",3,49,697,359,338
050,23,009,"Maine","Hancock County",3,50,724,352,372
050,23,009,"Maine","Hancock County",3,51,755,359,396
050,23,009,"Maine","Hancock County",3,52,735,368,367
050,23,009,"Maine","Hancock County",3,53,727,349,378
050,23,009,"Maine","Hancock County",3,54,734,355,379
050,23,009,"Maine","Hancock County",3,55,766,357,409
050,23,009,"Maine","Hancock County",3,56,827,405,422
050,23,009,"Maine","Hancock County",3,57,900,443,457
050,23,009,"Maine","Hancock County",3,58,873,418,455
050,23,009,"Maine","Hancock County",3,59,921,429,492
050,23,009,"Maine","Hancock County",3,60,967,461,506
050,23,009,"Maine","Hancock County",3,61,937,452,485
050,23,009,"Maine","Hancock County",3,62,946,445,501
050,23,009,"Maine","Hancock County",3,63,991,455,536
050,23,009,"Maine","Hancock County",3,64,1031,494,537
050,23,009,"Maine","Hancock County",3,65,993,493,500
050,23,009,"Maine","Hancock County",3,66,984,491,493
050,23,009,"Maine","Hancock County",3,67,976,480,496
050,23,009,"Maine","Hancock County",3,68,951,455,496
050,23,009,"Maine","Hancock County",3,69,944,433,511
050,23,009,"Maine","Hancock County",3,70,872,404,468
050,23,009,"Maine","Hancock County",3,71,832,405,427
050,23,009,"Maine","Hancock County",3,72,826,390,436
050,23,009,"Maine","Hancock County",3,73,819,392,427
050,23,009,"Maine","Hancock County",3,74,885,435,450
050,23,009,"Maine","Hancock County",3,75,578,285,293
050,23,009,"Maine","Hancock County",3,76,536,261,275
050,23,009,"Maine","Hancock County",3,77,527,259,268
050,23,009,"Maine","Hancock County",3,78,560,267,293
050,23,009,"Maine","Hancock County",3,79,463,220,243
050,23,009,"Maine","Hancock County",3,80,377,174,203
050,23,009,"Maine","Hancock County",3,81,326,150,176
050,23,009,"Maine","Hancock County",3,82,289,125,164
050,23,009,"Maine","Hancock County",3,83,259,108,151
050,23,009,"Maine","Hancock County",3,84,226,108,118
050,23,009,"Maine","Hancock County",3,85,1389,510,879
050,23,009,"Maine","Hancock County",4,0,367,176,191
050,23,009,"Maine","Hancock County",4,1,401,201,200
050,23,009,"Maine","Hancock County",4,2,469,240,229
050,23,009,"Maine","Hancock County",4,3,439,232,207
050,23,009,"Maine","Hancock County",4,4,456,245,211
050,23,009,"Maine","Hancock County",4,5,501,265,236
050,23,009,"Maine","Hancock County",4,6,502,244,258
050,23,009,"Maine","Hancock County",4,7,508,250,258
050,23,009,"Maine","Hancock County",4,8,506,248,258
050,23,009,"Maine","Hancock County",4,9,517,275,242
050,23,009,"Maine","Hancock County",4,10,522,268,254
050,23,009,"Maine","Hancock County",4,11,541,275,266
050,23,009,"Maine","Hancock County",4,12,524,267,257
050,23,009,"Maine","Hancock County",4,13,526,257,269
050,23,009,"Maine","Hancock County",4,14,568,266,302
050,23,009,"Maine","Hancock County",4,15,595,284,311
050,23,009,"Maine","Hancock County",4,16,622,336,286
050,23,009,"Maine","Hancock County",4,17,600,302,298
050,23,009,"Maine","Hancock County",4,18,624,346,278
050,23,009,"Maine","Hancock County",4,19,683,401,282
050,23,009,"Maine","Hancock County",4,20,613,368,245
050,23,009,"Maine","Hancock County",4,21,571,331,240
050,23,009,"Maine","Hancock County",4,22,545,286,259
050,23,009,"Maine","Hancock County",4,23,511,255,256
050,23,009,"Maine","Hancock County",4,24,500,238,262
050,23,009,"Maine","Hancock County",4,25,517,241,276
050,23,009,"Maine","Hancock County",4,26,536,253,283
050,23,009,"Maine","Hancock County",4,27,552,263,289
050,23,009,"Maine","Hancock County",4,28,579,283,296
050,23,009,"Maine","Hancock County",4,29,590,286,304
050,23,009,"Maine","Hancock County",4,30,642,337,305
050,23,009,"Maine","Hancock County",4,31,662,320,342
050,23,009,"Maine","Hancock County",4,32,697,335,362
050,23,009,"Maine","Hancock County",4,33,678,329,349
050,23,009,"Maine","Hancock County",4,34,698,342,356
050,23,009,"Maine","Hancock County",4,35,670,317,353
050,23,009,"Maine","Hancock County",4,36,651,308,343
050,23,009,"Maine","Hancock County",4,37,670,312,358
050,23,009,"Maine","Hancock County",4,38,664,338,326
050,23,009,"Maine","Hancock County",4,39,653,334,319
050,23,009,"Maine","Hancock County",4,40,621,301,320
050,23,009,"Maine","Hancock County",4,41,616,311,305
050,23,009,"Maine","Hancock County",4,42,628,319,309
050,23,009,"Maine","Hancock County",4,43,631,324,307
050,23,009,"Maine","Hancock County",4,44,593,300,293
050,23,009,"Maine","Hancock County",4,45,610,289,321
050,23,009,"Maine","Hancock County",4,46,560,272,288
050,23,009,"Maine","Hancock County",4,47,621,307,314
050,23,009,"Maine","Hancock County",4,48,627,306,321
050,23,009,"Maine","Hancock County",4,49,622,315,307
050,23,009,"Maine","Hancock County",4,50,686,353,333
050,23,009,"Maine","Hancock County",4,51,736,357,379
050,23,009,"Maine","Hancock County",4,52,768,375,393
050,23,009,"Maine","Hancock County",4,53,755,376,379
050,23,009,"Maine","Hancock County",4,54,725,346,379
050,23,009,"Maine","Hancock County",4,55,740,354,386
050,23,009,"Maine","Hancock County",4,56,774,354,420
050,23,009,"Maine","Hancock County",4,57,834,400,434
050,23,009,"Maine","Hancock County",4,58,914,451,463
050,23,009,"Maine","Hancock County",4,59,904,432,472
050,23,009,"Maine","Hancock County",4,60,941,435,506
050,23,009,"Maine","Hancock County",4,61,983,469,514
050,23,009,"Maine","Hancock County",4,62,956,456,500
050,23,009,"Maine","Hancock County",4,63,949,444,505
050,23,009,"Maine","Hancock County",4,64,994,454,540
050,23,009,"Maine","Hancock County",4,65,1029,498,531
050,23,009,"Maine","Hancock County",4,66,995,502,493
050,23,009,"Maine","Hancock County",4,67,990,491,499
050,23,009,"Maine","Hancock County",4,68,965,470,495
050,23,009,"Maine","Hancock County",4,69,948,455,493
050,23,009,"Maine","Hancock County",4,70,954,437,517
050,23,009,"Maine","Hancock County",4,71,862,401,461
050,23,009,"Maine","Hancock County",4,72,818,397,421
050,23,009,"Maine","Hancock County",4,73,820,383,437
050,23,009,"Maine","Hancock County",4,74,795,383,412
050,23,009,"Maine","Hancock County",4,75,865,423,442
050,23,009,"Maine","Hancock County",4,76,572,289,283
050,23,009,"Maine","Hancock County",4,77,513,248,265
050,23,009,"Maine","Hancock County",4,78,516,248,268
050,23,009,"Maine","Hancock County",4,79,538,250,288
050,23,009,"Maine","Hancock County",4,80,441,205,236
050,23,009,"Maine","Hancock County",4,81,352,161,191
050,23,009,"Maine","Hancock County",4,82,295,137,158
050,23,009,"Maine","Hancock County",4,83,245,98,147
050,23,009,"Maine","Hancock County",4,84,238,97,141
050,23,009,"Maine","Hancock County",4,85,1340,519,821
050,23,009,"Maine","Hancock County",5,0,367,174,193
050,23,009,"Maine","Hancock County",5,1,383,168,215
050,23,009,"Maine","Hancock County",5,2,409,212,197
050,23,009,"Maine","Hancock County",5,3,451,233,218
050,23,009,"Maine","Hancock County",5,4,439,232,207
050,23,009,"Maine","Hancock County",5,5,462,246,216
050,23,009,"Maine","Hancock County",5,6,500,266,234
050,23,009,"Maine","Hancock County",5,7,500,244,256
050,23,009,"Maine","Hancock County",5,8,502,241,261
050,23,009,"Maine","Hancock County",5,9,500,245,255
050,23,009,"Maine","Hancock County",5,10,513,270,243
050,23,009,"Maine","Hancock County",5,11,517,269,248
050,23,009,"Maine","Hancock County",5,12,531,267,264
050,23,009,"Maine","Hancock County",5,13,527,267,260
050,23,009,"Maine","Hancock County",5,14,535,263,272
050,23,009,"Maine","Hancock County",5,15,564,270,294
050,23,009,"Maine","Hancock County",5,16,600,294,306
050,23,009,"Maine","Hancock County",5,17,637,328,309
050,23,009,"Maine","Hancock County",5,18,608,336,272
050,23,009,"Maine","Hancock County",5,19,694,428,266
050,23,009,"Maine","Hancock County",5,20,646,371,275
050,23,009,"Maine","Hancock County",5,21,565,315,250
050,23,009,"Maine","Hancock County",5,22,516,271,245
050,23,009,"Maine","Hancock County",5,23,526,266,260
050,23,009,"Maine","Hancock County",5,24,500,249,251
050,23,009,"Maine","Hancock County",5,25,490,239,251
050,23,009,"Maine","Hancock County",5,26,527,239,288
050,23,009,"Maine","Hancock County",5,27,550,260,290
050,23,009,"Maine","Hancock County",5,28,550,258,292
050,23,009,"Maine","Hancock County",5,29,578,283,295
050,23,009,"Maine","Hancock County",5,30,607,291,316
050,23,009,"Maine","Hancock County",5,31,668,346,322
050,23,009,"Maine","Hancock County",5,32,660,317,343
050,23,009,"Maine","Hancock County",5,33,708,339,369
050,23,009,"Maine","Hancock County",5,34,685,333,352
050,23,009,"Maine","Hancock County",5,35,703,334,369
050,23,009,"Maine","Hancock County",5,36,693,321,372
050,23,009,"Maine","Hancock County",5,37,661,325,336
050,23,009,"Maine","Hancock County",5,38,678,313,365
050,23,009,"Maine","Hancock County",5,39,678,350,328
050,23,009,"Maine","Hancock County",5,40,662,330,332
050,23,009,"Maine","Hancock County",5,41,640,310,330
050,23,009,"Maine","Hancock County",5,42,624,316,308
050,23,009,"Maine","Hancock County",5,43,628,326,302
050,23,009,"Maine","Hancock County",5,44,646,332,314
050,23,009,"Maine","Hancock County",5,45,581,289,292
050,23,009,"Maine","Hancock County",5,46,609,296,313
050,23,009,"Maine","Hancock County",5,47,560,270,290
050,23,009,"Maine","Hancock County",5,48,633,313,320
050,23,009,"Maine","Hancock County",5,49,637,318,319
050,23,009,"Maine","Hancock County",5,50,626,319,307
050,23,009,"Maine","Hancock County",5,51,681,351,330
050,23,009,"Maine","Hancock County",5,52,744,363,381
050,23,009,"Maine","Hancock County",5,53,780,377,403
050,23,009,"Maine","Hancock County",5,54,761,379,382
050,23,009,"Maine","Hancock County",5,55,723,332,391
050,23,009,"Maine","Hancock County",5,56,749,352,397
050,23,009,"Maine","Hancock County",5,57,786,357,429
050,23,009,"Maine","Hancock County",5,58,834,402,432
050,23,009,"Maine","Hancock County",5,59,920,448,472
050,23,009,"Maine","Hancock County",5,60,921,435,486
050,23,009,"Maine","Hancock County",5,61,948,436,512
050,23,009,"Maine","Hancock County",5,62,1002,474,528
050,23,009,"Maine","Hancock County",5,63,962,465,497
050,23,009,"Maine","Hancock County",5,64,956,449,507
050,23,009,"Maine","Hancock County",5,65,984,454,530
050,23,009,"Maine","Hancock County",5,66,1034,500,534
050,23,009,"Maine","Hancock County",5,67,1001,506,495
050,23,009,"Maine","Hancock County",5,68,976,474,502
050,23,009,"Maine","Hancock County",5,69,937,455,482
050,23,009,"Maine","Hancock County",5,70,947,460,487
050,23,009,"Maine","Hancock County",5,71,939,430,509
050,23,009,"Maine","Hancock County",5,72,855,394,461
050,23,009,"Maine","Hancock County",5,73,799,386,413
050,23,009,"Maine","Hancock County",5,74,788,365,423
050,23,009,"Maine","Hancock County",5,75,779,368,411
050,23,009,"Maine","Hancock County",5,76,845,414,431
050,23,009,"Maine","Hancock County",5,77,536,270,266
050,23,009,"Maine","Hancock County",5,78,493,237,256
050,23,009,"Maine","Hancock County",5,79,496,230,266
050,23,009,"Maine","Hancock County",5,80,513,237,276
050,23,009,"Maine","Hancock County",5,81,416,191,225
050,23,009,"Maine","Hancock County",5,82,319,148,171
050,23,009,"Maine","Hancock County",5,83,251,116,135
050,23,009,"Maine","Hancock County",5,84,234,92,142
050,23,009,"Maine","Hancock County",5,85,1343,523,820
050,23,011,"Maine","Kennebec County",1,0,1146,586,560
050,23,011,"Maine","Kennebec County",1,1,1221,608,613
050,23,011,"Maine","Kennebec County",1,2,1189,560,629
050,23,011,"Maine","Kennebec County",1,3,1227,614,613
050,23,011,"Maine","Kennebec County",1,4,1291,674,617
050,23,011,"Maine","Kennebec County",1,5,1359,699,660
050,23,011,"Maine","Kennebec County",1,6,1249,648,601
050,23,011,"Maine","Kennebec County",1,7,1287,658,629
050,23,011,"Maine","Kennebec County",1,8,1316,684,632
050,23,011,"Maine","Kennebec County",1,9,1345,675,670
050,23,011,"Maine","Kennebec County",1,10,1394,704,690
050,23,011,"Maine","Kennebec County",1,11,1382,688,694
050,23,011,"Maine","Kennebec County",1,12,1415,709,706
050,23,011,"Maine","Kennebec County",1,13,1443,730,713
050,23,011,"Maine","Kennebec County",1,14,1440,736,704
050,23,011,"Maine","Kennebec County",1,15,1413,726,687
050,23,011,"Maine","Kennebec County",1,16,1438,752,686
050,23,011,"Maine","Kennebec County",1,17,1457,718,739
050,23,011,"Maine","Kennebec County",1,18,1553,771,782
050,23,011,"Maine","Kennebec County",1,19,1654,794,860
050,23,011,"Maine","Kennebec County",1,20,1670,864,806
050,23,011,"Maine","Kennebec County",1,21,1636,810,826
050,23,011,"Maine","Kennebec County",1,22,1539,763,776
050,23,011,"Maine","Kennebec County",1,23,1328,692,636
050,23,011,"Maine","Kennebec County",1,24,1296,679,617
050,23,011,"Maine","Kennebec County",1,25,1332,680,652
050,23,011,"Maine","Kennebec County",1,26,1429,729,700
050,23,011,"Maine","Kennebec County",1,27,1466,742,724
050,23,011,"Maine","Kennebec County",1,28,1460,739,721
050,23,011,"Maine","Kennebec County",1,29,1532,787,745
050,23,011,"Maine","Kennebec County",1,30,1506,769,737
050,23,011,"Maine","Kennebec County",1,31,1463,725,738
050,23,011,"Maine","Kennebec County",1,32,1449,732,717
050,23,011,"Maine","Kennebec County",1,33,1455,731,724
050,23,011,"Maine","Kennebec County",1,34,1517,756,761
050,23,011,"Maine","Kennebec County",1,35,1479,741,738
050,23,011,"Maine","Kennebec County",1,36,1433,704,729
050,23,011,"Maine","Kennebec County",1,37,1414,693,721
050,23,011,"Maine","Kennebec County",1,38,1535,751,784
050,23,011,"Maine","Kennebec County",1,39,1502,721,781
050,23,011,"Maine","Kennebec County",1,40,1453,733,720
050,23,011,"Maine","Kennebec County",1,41,1482,729,753
050,23,011,"Maine","Kennebec County",1,42,1412,710,702
050,23,011,"Maine","Kennebec County",1,43,1318,652,666
050,23,011,"Maine","Kennebec County",1,44,1332,648,684
050,23,011,"Maine","Kennebec County",1,45,1390,681,709
050,23,011,"Maine","Kennebec County",1,46,1386,692,694
050,23,011,"Maine","Kennebec County",1,47,1481,727,754
050,23,011,"Maine","Kennebec County",1,48,1593,766,827
050,23,011,"Maine","Kennebec County",1,49,1684,848,836
050,23,011,"Maine","Kennebec County",1,50,1651,827,824
050,23,011,"Maine","Kennebec County",1,51,1665,810,855
050,23,011,"Maine","Kennebec County",1,52,1709,840,869
050,23,011,"Maine","Kennebec County",1,53,1800,888,912
050,23,011,"Maine","Kennebec County",1,54,1752,867,885
050,23,011,"Maine","Kennebec County",1,55,1845,904,941
050,23,011,"Maine","Kennebec County",1,56,1893,912,981
050,23,011,"Maine","Kennebec County",1,57,1974,953,1021
050,23,011,"Maine","Kennebec County",1,58,2038,995,1043
050,23,011,"Maine","Kennebec County",1,59,2080,1004,1076
050,23,011,"Maine","Kennebec County",1,60,1992,948,1044
050,23,011,"Maine","Kennebec County",1,61,1986,955,1031
050,23,011,"Maine","Kennebec County",1,62,1973,1002,971
050,23,011,"Maine","Kennebec County",1,63,1989,976,1013
050,23,011,"Maine","Kennebec County",1,64,1859,898,961
050,23,011,"Maine","Kennebec County",1,65,1806,886,920
050,23,011,"Maine","Kennebec County",1,66,1801,871,930
050,23,011,"Maine","Kennebec County",1,67,1766,837,929
050,23,011,"Maine","Kennebec County",1,68,1677,804,873
050,23,011,"Maine","Kennebec County",1,69,1528,734,794
050,23,011,"Maine","Kennebec County",1,70,1445,699,746
050,23,011,"Maine","Kennebec County",1,71,1450,695,755
050,23,011,"Maine","Kennebec County",1,72,1458,707,751
050,23,011,"Maine","Kennebec County",1,73,1391,683,708
050,23,011,"Maine","Kennebec County",1,74,950,459,491
050,23,011,"Maine","Kennebec County",1,75,945,436,509
050,23,011,"Maine","Kennebec County",1,76,960,439,521
050,23,011,"Maine","Kennebec County",1,77,918,425,493
050,23,011,"Maine","Kennebec County",1,78,813,374,439
050,23,011,"Maine","Kennebec County",1,79,670,294,376
050,23,011,"Maine","Kennebec County",1,80,619,263,356
050,23,011,"Maine","Kennebec County",1,81,593,250,343
050,23,011,"Maine","Kennebec County",1,82,559,221,338
050,23,011,"Maine","Kennebec County",1,83,489,206,283
050,23,011,"Maine","Kennebec County",1,84,477,220,257
050,23,011,"Maine","Kennebec County",1,85,2791,1040,1751
050,23,011,"Maine","Kennebec County",2,0,1153,587,566
050,23,011,"Maine","Kennebec County",2,1,1201,599,602
050,23,011,"Maine","Kennebec County",2,2,1209,578,631
050,23,011,"Maine","Kennebec County",2,3,1222,605,617
050,23,011,"Maine","Kennebec County",2,4,1280,661,619
050,23,011,"Maine","Kennebec County",2,5,1343,692,651
050,23,011,"Maine","Kennebec County",2,6,1284,663,621
050,23,011,"Maine","Kennebec County",2,7,1280,656,624
050,23,011,"Maine","Kennebec County",2,8,1309,678,631
050,23,011,"Maine","Kennebec County",2,9,1340,680,660
050,23,011,"Maine","Kennebec County",2,10,1383,696,687
050,23,011,"Maine","Kennebec County",2,11,1378,689,689
050,23,011,"Maine","Kennebec County",2,12,1415,711,704
050,23,011,"Maine","Kennebec County",2,13,1440,726,714
050,23,011,"Maine","Kennebec County",2,14,1441,734,707
050,23,011,"Maine","Kennebec County",2,15,1421,730,691
050,23,011,"Maine","Kennebec County",2,16,1440,753,687
050,23,011,"Maine","Kennebec County",2,17,1455,731,724
050,23,011,"Maine","Kennebec County",2,18,1534,758,776
050,23,011,"Maine","Kennebec County",2,19,1659,800,859
050,23,011,"Maine","Kennebec County",2,20,1692,871,821
050,23,011,"Maine","Kennebec County",2,21,1642,811,831
050,23,011,"Maine","Kennebec County",2,22,1538,765,773
050,23,011,"Maine","Kennebec County",2,23,1346,697,649
050,23,011,"Maine","Kennebec County",2,24,1308,683,625
050,23,011,"Maine","Kennebec County",2,25,1336,686,650
050,23,011,"Maine","Kennebec County",2,26,1423,728,695
050,23,011,"Maine","Kennebec County",2,27,1457,741,716
050,23,011,"Maine","Kennebec County",2,28,1477,751,726
050,23,011,"Maine","Kennebec County",2,29,1526,780,746
050,23,011,"Maine","Kennebec County",2,30,1533,781,752
050,23,011,"Maine","Kennebec County",2,31,1486,740,746
050,23,011,"Maine","Kennebec County",2,32,1461,732,729
050,23,011,"Maine","Kennebec County",2,33,1455,734,721
050,23,011,"Maine","Kennebec County",2,34,1507,754,753
050,23,011,"Maine","Kennebec County",2,35,1510,754,756
050,23,011,"Maine","Kennebec County",2,36,1436,709,727
050,23,011,"Maine","Kennebec County",2,37,1424,700,724
050,23,011,"Maine","Kennebec County",2,38,1518,742,776
050,23,011,"Maine","Kennebec County",2,39,1510,729,781
050,23,011,"Maine","Kennebec County",2,40,1479,734,745
050,23,011,"Maine","Kennebec County",2,41,1477,729,748
050,23,011,"Maine","Kennebec County",2,42,1422,712,710
050,23,011,"Maine","Kennebec County",2,43,1353,673,680
050,23,011,"Maine","Kennebec County",2,44,1323,646,677
050,23,011,"Maine","Kennebec County",2,45,1381,673,708
050,23,011,"Maine","Kennebec County",2,46,1385,688,697
050,23,011,"Maine","Kennebec County",2,47,1456,718,738
050,23,011,"Maine","Kennebec County",2,48,1562,751,811
050,23,011,"Maine","Kennebec County",2,49,1668,833,835
050,23,011,"Maine","Kennebec County",2,50,1663,834,829
050,23,011,"Maine","Kennebec County",2,51,1658,814,844
050,23,011,"Maine","Kennebec County",2,52,1698,835,863
050,23,011,"Maine","Kennebec County",2,53,1785,881,904
050,23,011,"Maine","Kennebec County",2,54,1756,868,888
050,23,011,"Maine","Kennebec County",2,55,1821,894,927
050,23,011,"Maine","Kennebec County",2,56,1888,914,974
050,23,011,"Maine","Kennebec County",2,57,1960,947,1013
050,23,011,"Maine","Kennebec County",2,58,2022,984,1038
050,23,011,"Maine","Kennebec County",2,59,2077,1008,1069
050,23,011,"Maine","Kennebec County",2,60,2000,955,1045
050,23,011,"Maine","Kennebec County",2,61,1979,945,1034
050,23,011,"Maine","Kennebec County",2,62,1979,987,992
050,23,011,"Maine","Kennebec County",2,63,1991,986,1005
050,23,011,"Maine","Kennebec County",2,64,1874,908,966
050,23,011,"Maine","Kennebec County",2,65,1818,887,931
050,23,011,"Maine","Kennebec County",2,66,1805,877,928
050,23,011,"Maine","Kennebec County",2,67,1765,839,926
050,23,011,"Maine","Kennebec County",2,68,1684,803,881
050,23,011,"Maine","Kennebec County",2,69,1572,756,816
050,23,011,"Maine","Kennebec County",2,70,1456,701,755
050,23,011,"Maine","Kennebec County",2,71,1444,691,753
050,23,011,"Maine","Kennebec County",2,72,1421,685,736
050,23,011,"Maine","Kennebec County",2,73,1470,716,754
050,23,011,"Maine","Kennebec County",2,74,983,479,504
050,23,011,"Maine","Kennebec County",2,75,947,442,505
050,23,011,"Maine","Kennebec County",2,76,935,428,507
050,23,011,"Maine","Kennebec County",2,77,942,432,510
050,23,011,"Maine","Kennebec County",2,78,819,377,442
050,23,011,"Maine","Kennebec County",2,79,689,307,382
050,23,011,"Maine","Kennebec County",2,80,630,268,362
050,23,011,"Maine","Kennebec County",2,81,587,249,338
050,23,011,"Maine","Kennebec County",2,82,568,229,339
050,23,011,"Maine","Kennebec County",2,83,494,203,291
050,23,011,"Maine","Kennebec County",2,84,470,217,253
050,23,011,"Maine","Kennebec County",2,85,2784,1038,1746
050,23,011,"Maine","Kennebec County",3,0,1082,544,538
050,23,011,"Maine","Kennebec County",3,1,1159,603,556
050,23,011,"Maine","Kennebec County",3,2,1203,623,580
050,23,011,"Maine","Kennebec County",3,3,1237,594,643
050,23,011,"Maine","Kennebec County",3,4,1225,586,639
050,23,011,"Maine","Kennebec County",3,5,1305,683,622
050,23,011,"Maine","Kennebec County",3,6,1341,694,647
050,23,011,"Maine","Kennebec County",3,7,1288,660,628
050,23,011,"Maine","Kennebec County",3,8,1326,689,637
050,23,011,"Maine","Kennebec County",3,9,1344,690,654
050,23,011,"Maine","Kennebec County",3,10,1347,687,660
050,23,011,"Maine","Kennebec County",3,11,1377,693,684
050,23,011,"Maine","Kennebec County",3,12,1377,677,700
050,23,011,"Maine","Kennebec County",3,13,1457,729,728
050,23,011,"Maine","Kennebec County",3,14,1442,721,721
050,23,011,"Maine","Kennebec County",3,15,1449,741,708
050,23,011,"Maine","Kennebec County",3,16,1414,730,684
050,23,011,"Maine","Kennebec County",3,17,1456,758,698
050,23,011,"Maine","Kennebec County",3,18,1485,735,750
050,23,011,"Maine","Kennebec County",3,19,1639,787,852
050,23,011,"Maine","Kennebec County",3,20,1727,879,848
050,23,011,"Maine","Kennebec County",3,21,1657,815,842
050,23,011,"Maine","Kennebec County",3,22,1552,773,779
050,23,011,"Maine","Kennebec County",3,23,1373,725,648
050,23,011,"Maine","Kennebec County",3,24,1368,700,668
050,23,011,"Maine","Kennebec County",3,25,1365,704,661
050,23,011,"Maine","Kennebec County",3,26,1376,699,677
050,23,011,"Maine","Kennebec County",3,27,1464,733,731
050,23,011,"Maine","Kennebec County",3,28,1531,778,753
050,23,011,"Maine","Kennebec County",3,29,1523,756,767
050,23,011,"Maine","Kennebec County",3,30,1573,811,762
050,23,011,"Maine","Kennebec County",3,31,1600,809,791
050,23,011,"Maine","Kennebec County",3,32,1524,760,764
050,23,011,"Maine","Kennebec County",3,33,1522,765,757
050,23,011,"Maine","Kennebec County",3,34,1483,736,747
050,23,011,"Maine","Kennebec County",3,35,1573,786,787
050,23,011,"Maine","Kennebec County",3,36,1577,781,796
050,23,011,"Maine","Kennebec County",3,37,1446,715,731
050,23,011,"Maine","Kennebec County",3,38,1452,708,744
050,23,011,"Maine","Kennebec County",3,39,1557,770,787
050,23,011,"Maine","Kennebec County",3,40,1553,739,814
050,23,011,"Maine","Kennebec County",3,41,1513,758,755
050,23,011,"Maine","Kennebec County",3,42,1507,750,757
050,23,011,"Maine","Kennebec County",3,43,1426,714,712
050,23,011,"Maine","Kennebec County",3,44,1347,674,673
050,23,011,"Maine","Kennebec County",3,45,1325,636,689
050,23,011,"Maine","Kennebec County",3,46,1394,673,721
050,23,011,"Maine","Kennebec County",3,47,1404,699,705
050,23,011,"Maine","Kennebec County",3,48,1479,718,761
050,23,011,"Maine","Kennebec County",3,49,1576,765,811
050,23,011,"Maine","Kennebec County",3,50,1674,836,838
050,23,011,"Maine","Kennebec County",3,51,1665,824,841
050,23,011,"Maine","Kennebec County",3,52,1650,823,827
050,23,011,"Maine","Kennebec County",3,53,1718,833,885
050,23,011,"Maine","Kennebec County",3,54,1776,862,914
050,23,011,"Maine","Kennebec County",3,55,1750,867,883
050,23,011,"Maine","Kennebec County",3,56,1823,891,932
050,23,011,"Maine","Kennebec County",3,57,1901,914,987
050,23,011,"Maine","Kennebec County",3,58,1937,933,1004
050,23,011,"Maine","Kennebec County",3,59,2014,980,1034
050,23,011,"Maine","Kennebec County",3,60,2065,1009,1056
050,23,011,"Maine","Kennebec County",3,61,2011,962,1049
050,23,011,"Maine","Kennebec County",3,62,2019,949,1070
050,23,011,"Maine","Kennebec County",3,63,1946,957,989
050,23,011,"Maine","Kennebec County",3,64,1959,963,996
050,23,011,"Maine","Kennebec County",3,65,1870,895,975
050,23,011,"Maine","Kennebec County",3,66,1814,879,935
050,23,011,"Maine","Kennebec County",3,67,1786,855,931
050,23,011,"Maine","Kennebec County",3,68,1733,823,910
050,23,011,"Maine","Kennebec County",3,69,1664,796,868
050,23,011,"Maine","Kennebec County",3,70,1524,728,796
050,23,011,"Maine","Kennebec County",3,71,1424,678,746
050,23,011,"Maine","Kennebec County",3,72,1436,688,748
050,23,011,"Maine","Kennebec County",3,73,1390,668,722
050,23,011,"Maine","Kennebec County",3,74,1436,706,730
050,23,011,"Maine","Kennebec County",3,75,958,464,494
050,23,011,"Maine","Kennebec County",3,76,913,420,493
050,23,011,"Maine","Kennebec County",3,77,915,412,503
050,23,011,"Maine","Kennebec County",3,78,932,435,497
050,23,011,"Maine","Kennebec County",3,79,747,343,404
050,23,011,"Maine","Kennebec County",3,80,670,289,381
050,23,011,"Maine","Kennebec County",3,81,575,241,334
050,23,011,"Maine","Kennebec County",3,82,566,238,328
050,23,011,"Maine","Kennebec County",3,83,518,196,322
050,23,011,"Maine","Kennebec County",3,84,450,196,254
050,23,011,"Maine","Kennebec County",3,85,2803,1061,1742
050,23,011,"Maine","Kennebec County",4,0,1106,574,532
050,23,011,"Maine","Kennebec County",4,1,1096,558,538
050,23,011,"Maine","Kennebec County",4,2,1178,620,558
050,23,011,"Maine","Kennebec County",4,3,1228,630,598
050,23,011,"Maine","Kennebec County",4,4,1249,607,642
050,23,011,"Maine","Kennebec County",4,5,1249,596,653
050,23,011,"Maine","Kennebec County",4,6,1310,686,624
050,23,011,"Maine","Kennebec County",4,7,1364,697,667
050,23,011,"Maine","Kennebec County",4,8,1316,680,636
050,23,011,"Maine","Kennebec County",4,9,1331,694,637
050,23,011,"Maine","Kennebec County",4,10,1355,708,647
050,23,011,"Maine","Kennebec County",4,11,1342,689,653
050,23,011,"Maine","Kennebec County",4,12,1406,717,689
050,23,011,"Maine","Kennebec County",4,13,1409,708,701
050,23,011,"Maine","Kennebec County",4,14,1466,751,715
050,23,011,"Maine","Kennebec County",4,15,1463,741,722
050,23,011,"Maine","Kennebec County",4,16,1450,745,705
050,23,011,"Maine","Kennebec County",4,17,1421,738,683
050,23,011,"Maine","Kennebec County",4,18,1517,766,751
050,23,011,"Maine","Kennebec County",4,19,1589,767,822
050,23,011,"Maine","Kennebec County",4,20,1688,861,827
050,23,011,"Maine","Kennebec County",4,21,1720,833,887
050,23,011,"Maine","Kennebec County",4,22,1550,769,781
050,23,011,"Maine","Kennebec County",4,23,1427,727,700
050,23,011,"Maine","Kennebec County",4,24,1392,730,662
050,23,011,"Maine","Kennebec County",4,25,1432,735,697
050,23,011,"Maine","Kennebec County",4,26,1418,742,676
050,23,011,"Maine","Kennebec County",4,27,1449,741,708
050,23,011,"Maine","Kennebec County",4,28,1495,754,741
050,23,011,"Maine","Kennebec County",4,29,1552,788,764
050,23,011,"Maine","Kennebec County",4,30,1573,796,777
050,23,011,"Maine","Kennebec County",4,31,1579,819,760
050,23,011,"Maine","Kennebec County",4,32,1633,825,808
050,23,011,"Maine","Kennebec County",4,33,1575,783,792
050,23,011,"Maine","Kennebec County",4,34,1566,776,790
050,23,011,"Maine","Kennebec County",4,35,1530,744,786
050,23,011,"Maine","Kennebec County",4,36,1592,800,792
050,23,011,"Maine","Kennebec County",4,37,1621,810,811
050,23,011,"Maine","Kennebec County",4,38,1483,738,745
050,23,011,"Maine","Kennebec County",4,39,1492,729,763
050,23,011,"Maine","Kennebec County",4,40,1542,763,779
050,23,011,"Maine","Kennebec County",4,41,1574,748,826
050,23,011,"Maine","Kennebec County",4,42,1539,770,769
050,23,011,"Maine","Kennebec County",4,43,1505,751,754
050,23,011,"Maine","Kennebec County",4,44,1465,748,717
050,23,011,"Maine","Kennebec County",4,45,1358,668,690
050,23,011,"Maine","Kennebec County",4,46,1338,636,702
050,23,011,"Maine","Kennebec County",4,47,1434,692,742
050,23,011,"Maine","Kennebec County",4,48,1394,688,706
050,23,011,"Maine","Kennebec County",4,49,1468,725,743
050,23,011,"Maine","Kennebec County",4,50,1582,758,824
050,23,011,"Maine","Kennebec County",4,51,1698,844,854
050,23,011,"Maine","Kennebec County",4,52,1659,824,835
050,23,011,"Maine","Kennebec County",4,53,1665,833,832
050,23,011,"Maine","Kennebec County",4,54,1726,820,906
050,23,011,"Maine","Kennebec County",4,55,1784,858,926
050,23,011,"Maine","Kennebec County",4,56,1749,863,886
050,23,011,"Maine","Kennebec County",4,57,1835,902,933
050,23,011,"Maine","Kennebec County",4,58,1900,911,989
050,23,011,"Maine","Kennebec County",4,59,1943,933,1010
050,23,011,"Maine","Kennebec County",4,60,2004,975,1029
050,23,011,"Maine","Kennebec County",4,61,2039,983,1056
050,23,011,"Maine","Kennebec County",4,62,1999,952,1047
050,23,011,"Maine","Kennebec County",4,63,1963,916,1047
050,23,011,"Maine","Kennebec County",4,64,1908,936,972
050,23,011,"Maine","Kennebec County",4,65,1938,958,980
050,23,011,"Maine","Kennebec County",4,66,1808,856,952
050,23,011,"Maine","Kennebec County",4,67,1803,864,939
050,23,011,"Maine","Kennebec County",4,68,1753,843,910
050,23,011,"Maine","Kennebec County",4,69,1725,828,897
050,23,011,"Maine","Kennebec County",4,70,1618,767,851
050,23,011,"Maine","Kennebec County",4,71,1489,708,781
050,23,011,"Maine","Kennebec County",4,72,1403,668,735
050,23,011,"Maine","Kennebec County",4,73,1406,657,749
050,23,011,"Maine","Kennebec County",4,74,1345,661,684
050,23,011,"Maine","Kennebec County",4,75,1398,680,718
050,23,011,"Maine","Kennebec County",4,76,904,440,464
050,23,011,"Maine","Kennebec County",4,77,879,405,474
050,23,011,"Maine","Kennebec County",4,78,902,411,491
050,23,011,"Maine","Kennebec County",4,79,861,399,462
050,23,011,"Maine","Kennebec County",4,80,717,316,401
050,23,011,"Maine","Kennebec County",4,81,619,263,356
050,23,011,"Maine","Kennebec County",4,82,549,229,320
050,23,011,"Maine","Kennebec County",4,83,508,207,301
050,23,011,"Maine","Kennebec County",4,84,490,197,293
050,23,011,"Maine","Kennebec County",4,85,2737,1024,1713
050,23,011,"Maine","Kennebec County",5,0,1108,572,536
050,23,011,"Maine","Kennebec County",5,1,1149,605,544
050,23,011,"Maine","Kennebec County",5,2,1101,573,528
050,23,011,"Maine","Kennebec County",5,3,1234,652,582
050,23,011,"Maine","Kennebec County",5,4,1248,639,609
050,23,011,"Maine","Kennebec County",5,5,1260,613,647
050,23,011,"Maine","Kennebec County",5,6,1270,615,655
050,23,011,"Maine","Kennebec County",5,7,1331,690,641
050,23,011,"Maine","Kennebec County",5,8,1376,710,666
050,23,011,"Maine","Kennebec County",5,9,1318,679,639
050,23,011,"Maine","Kennebec County",5,10,1321,686,635
050,23,011,"Maine","Kennebec County",5,11,1364,716,648
050,23,011,"Maine","Kennebec County",5,12,1341,685,656
050,23,011,"Maine","Kennebec County",5,13,1425,731,694
050,23,011,"Maine","Kennebec County",5,14,1398,695,703
050,23,011,"Maine","Kennebec County",5,15,1457,739,718
050,23,011,"Maine","Kennebec County",5,16,1477,751,726
050,23,011,"Maine","Kennebec County",5,17,1473,756,717
050,23,011,"Maine","Kennebec County",5,18,1487,754,733
050,23,011,"Maine","Kennebec County",5,19,1619,789,830
050,23,011,"Maine","Kennebec County",5,20,1662,855,807
050,23,011,"Maine","Kennebec County",5,21,1668,801,867
050,23,011,"Maine","Kennebec County",5,22,1632,803,829
050,23,011,"Maine","Kennebec County",5,23,1438,739,699
050,23,011,"Maine","Kennebec County",5,24,1435,720,715
050,23,011,"Maine","Kennebec County",5,25,1411,739,672
050,23,011,"Maine","Kennebec County",5,26,1435,750,685
050,23,011,"Maine","Kennebec County",5,27,1433,740,693
050,23,011,"Maine","Kennebec County",5,28,1473,747,726
050,23,011,"Maine","Kennebec County",5,29,1506,755,751
050,23,011,"Maine","Kennebec County",5,30,1542,789,753
050,23,011,"Maine","Kennebec County",5,31,1598,810,788
050,23,011,"Maine","Kennebec County",5,32,1603,833,770
050,23,011,"Maine","Kennebec County",5,33,1661,849,812
050,23,011,"Maine","Kennebec County",5,34,1599,794,805
050,23,011,"Maine","Kennebec County",5,35,1619,799,820
050,23,011,"Maine","Kennebec County",5,36,1602,779,823
050,23,011,"Maine","Kennebec County",5,37,1630,818,812
050,23,011,"Maine","Kennebec County",5,38,1644,823,821
050,23,011,"Maine","Kennebec County",5,39,1490,734,756
050,23,011,"Maine","Kennebec County",5,40,1518,745,773
050,23,011,"Maine","Kennebec County",5,41,1565,768,797
050,23,011,"Maine","Kennebec County",5,42,1578,755,823
050,23,011,"Maine","Kennebec County",5,43,1515,755,760
050,23,011,"Maine","Kennebec County",5,44,1516,754,762
050,23,011,"Maine","Kennebec County",5,45,1446,719,727
050,23,011,"Maine","Kennebec County",5,46,1374,679,695
050,23,011,"Maine","Kennebec County",5,47,1397,660,737
050,23,011,"Maine","Kennebec County",5,48,1434,681,753
050,23,011,"Maine","Kennebec County",5,49,1389,688,701
050,23,011,"Maine","Kennebec County",5,50,1462,715,747
050,23,011,"Maine","Kennebec County",5,51,1587,758,829
050,23,011,"Maine","Kennebec County",5,52,1699,846,853
050,23,011,"Maine","Kennebec County",5,53,1658,831,827
050,23,011,"Maine","Kennebec County",5,54,1685,840,845
050,23,011,"Maine","Kennebec County",5,55,1747,825,922
050,23,011,"Maine","Kennebec County",5,56,1793,859,934
050,23,011,"Maine","Kennebec County",5,57,1747,858,889
050,23,011,"Maine","Kennebec County",5,58,1845,892,953
050,23,011,"Maine","Kennebec County",5,59,1900,915,985
050,23,011,"Maine","Kennebec County",5,60,1945,938,1007
050,23,011,"Maine","Kennebec County",5,61,1992,948,1044
050,23,011,"Maine","Kennebec County",5,62,2055,994,1061
050,23,011,"Maine","Kennebec County",5,63,1983,951,1032
050,23,011,"Maine","Kennebec County",5,64,1950,907,1043
050,23,011,"Maine","Kennebec County",5,65,1894,931,963
050,23,011,"Maine","Kennebec County",5,66,1918,940,978
050,23,011,"Maine","Kennebec County",5,67,1791,835,956
050,23,011,"Maine","Kennebec County",5,68,1778,851,927
050,23,011,"Maine","Kennebec County",5,69,1719,826,893
050,23,011,"Maine","Kennebec County",5,70,1682,806,876
050,23,011,"Maine","Kennebec County",5,71,1582,738,844
050,23,011,"Maine","Kennebec County",5,72,1480,700,780
050,23,011,"Maine","Kennebec County",5,73,1375,636,739
050,23,011,"Maine","Kennebec County",5,74,1374,645,729
050,23,011,"Maine","Kennebec County",5,75,1307,639,668
050,23,011,"Maine","Kennebec County",5,76,1340,652,688
050,23,011,"Maine","Kennebec County",5,77,875,416,459
050,23,011,"Maine","Kennebec County",5,78,877,407,470
050,23,011,"Maine","Kennebec County",5,79,838,383,455
050,23,011,"Maine","Kennebec County",5,80,834,377,457
050,23,011,"Maine","Kennebec County",5,81,672,293,379
050,23,011,"Maine","Kennebec County",5,82,598,252,346
050,23,011,"Maine","Kennebec County",5,83,505,202,303
050,23,011,"Maine","Kennebec County",5,84,472,206,266
050,23,011,"Maine","Kennebec County",5,85,2730,1005,1725
050,23,013,"Maine","Knox County",1,0,310,161,149
050,23,013,"Maine","Knox County",1,1,320,166,154
050,23,013,"Maine","Knox County",1,2,321,169,152
050,23,013,"Maine","Knox County",1,3,336,175,161
050,23,013,"Maine","Knox County",1,4,358,179,179
050,23,013,"Maine","Knox County",1,5,380,205,175
050,23,013,"Maine","Knox County",1,6,399,204,195
050,23,013,"Maine","Knox County",1,7,400,221,179
050,23,013,"Maine","Knox County",1,8,373,200,173
050,23,013,"Maine","Knox County",1,9,376,173,203
050,23,013,"Maine","Knox County",1,10,434,228,206
050,23,013,"Maine","Knox County",1,11,445,232,213
050,23,013,"Maine","Knox County",1,12,451,241,210
050,23,013,"Maine","Knox County",1,13,456,226,230
050,23,013,"Maine","Knox County",1,14,454,227,227
050,23,013,"Maine","Knox County",1,15,480,241,239
050,23,013,"Maine","Knox County",1,16,452,244,208
050,23,013,"Maine","Knox County",1,17,465,256,209
050,23,013,"Maine","Knox County",1,18,367,196,171
050,23,013,"Maine","Knox County",1,19,302,165,137
050,23,013,"Maine","Knox County",1,20,315,162,153
050,23,013,"Maine","Knox County",1,21,367,193,174
050,23,013,"Maine","Knox County",1,22,407,207,200
050,23,013,"Maine","Knox County",1,23,394,208,186
050,23,013,"Maine","Knox County",1,24,411,220,191
050,23,013,"Maine","Knox County",1,25,403,212,191
050,23,013,"Maine","Knox County",1,26,374,189,185
050,23,013,"Maine","Knox County",1,27,387,214,173
050,23,013,"Maine","Knox County",1,28,397,206,191
050,23,013,"Maine","Knox County",1,29,423,225,198
050,23,013,"Maine","Knox County",1,30,429,225,204
050,23,013,"Maine","Knox County",1,31,397,212,185
050,23,013,"Maine","Knox County",1,32,428,228,200
050,23,013,"Maine","Knox County",1,33,439,234,205
050,23,013,"Maine","Knox County",1,34,448,243,205
050,23,013,"Maine","Knox County",1,35,476,262,214
050,23,013,"Maine","Knox County",1,36,495,259,236
050,23,013,"Maine","Knox County",1,37,424,212,212
050,23,013,"Maine","Knox County",1,38,435,221,214
050,23,013,"Maine","Knox County",1,39,492,247,245
050,23,013,"Maine","Knox County",1,40,465,229,236
050,23,013,"Maine","Knox County",1,41,442,229,213
050,23,013,"Maine","Knox County",1,42,454,229,225
050,23,013,"Maine","Knox County",1,43,417,202,215
050,23,013,"Maine","Knox County",1,44,435,228,207
050,23,013,"Maine","Knox County",1,45,474,246,228
050,23,013,"Maine","Knox County",1,46,457,252,205
050,23,013,"Maine","Knox County",1,47,473,254,219
050,23,013,"Maine","Knox County",1,48,505,254,251
050,23,013,"Maine","Knox County",1,49,534,263,271
050,23,013,"Maine","Knox County",1,50,524,275,249
050,23,013,"Maine","Knox County",1,51,501,254,247
050,23,013,"Maine","Knox County",1,52,495,237,258
050,23,013,"Maine","Knox County",1,53,510,265,245
050,23,013,"Maine","Knox County",1,54,546,280,266
050,23,013,"Maine","Knox County",1,55,584,291,293
050,23,013,"Maine","Knox County",1,56,598,302,296
050,23,013,"Maine","Knox County",1,57,620,307,313
050,23,013,"Maine","Knox County",1,58,607,297,310
050,23,013,"Maine","Knox County",1,59,654,302,352
050,23,013,"Maine","Knox County",1,60,653,295,358
050,23,013,"Maine","Knox County",1,61,689,330,359
050,23,013,"Maine","Knox County",1,62,663,298,365
050,23,013,"Maine","Knox County",1,63,691,319,372
050,23,013,"Maine","Knox County",1,64,737,374,363
050,23,013,"Maine","Knox County",1,65,710,346,364
050,23,013,"Maine","Knox County",1,66,726,355,371
050,23,013,"Maine","Knox County",1,67,727,346,381
050,23,013,"Maine","Knox County",1,68,700,332,368
050,23,013,"Maine","Knox County",1,69,626,280,346
050,23,013,"Maine","Knox County",1,70,622,295,327
050,23,013,"Maine","Knox County",1,71,618,287,331
050,23,013,"Maine","Knox County",1,72,654,311,343
050,23,013,"Maine","Knox County",1,73,631,303,328
050,23,013,"Maine","Knox County",1,74,424,199,225
050,23,013,"Maine","Knox County",1,75,439,218,221
050,23,013,"Maine","Knox County",1,76,409,201,208
050,23,013,"Maine","Knox County",1,77,421,202,219
050,23,013,"Maine","Knox County",1,78,340,162,178
050,23,013,"Maine","Knox County",1,79,280,120,160
050,23,013,"Maine","Knox County",1,80,261,110,151
050,23,013,"Maine","Knox County",1,81,260,118,142
050,23,013,"Maine","Knox County",1,82,226,99,127
050,23,013,"Maine","Knox County",1,83,217,92,125
050,23,013,"Maine","Knox County",1,84,228,97,131
050,23,013,"Maine","Knox County",1,85,1137,422,715
050,23,013,"Maine","Knox County",2,0,303,163,140
050,23,013,"Maine","Knox County",2,1,318,166,152
050,23,013,"Maine","Knox County",2,2,321,167,154
050,23,013,"Maine","Knox County",2,3,332,172,160
050,23,013,"Maine","Knox County",2,4,355,178,177
050,23,013,"Maine","Knox County",2,5,377,200,177
050,23,013,"Maine","Knox County",2,6,395,206,189
050,23,013,"Maine","Knox County",2,7,400,216,184
050,23,013,"Maine","Knox County",2,8,377,203,174
050,23,013,"Maine","Knox County",2,9,376,183,193
050,23,013,"Maine","Knox County",2,10,420,216,204
050,23,013,"Maine","Knox County",2,11,443,231,212
050,23,013,"Maine","Knox County",2,12,451,239,212
050,23,013,"Maine","Knox County",2,13,455,229,226
050,23,013,"Maine","Knox County",2,14,457,228,229
050,23,013,"Maine","Knox County",2,15,476,239,237
050,23,013,"Maine","Knox County",2,16,460,244,216
050,23,013,"Maine","Knox County",2,17,464,256,208
050,23,013,"Maine","Knox County",2,18,373,202,171
050,23,013,"Maine","Knox County",2,19,304,166,138
050,23,013,"Maine","Knox County",2,20,322,168,154
050,23,013,"Maine","Knox County",2,21,363,190,173
050,23,013,"Maine","Knox County",2,22,399,204,195
050,23,013,"Maine","Knox County",2,23,404,214,190
050,23,013,"Maine","Knox County",2,24,413,222,191
050,23,013,"Maine","Knox County",2,25,404,213,191
050,23,013,"Maine","Knox County",2,26,379,192,187
050,23,013,"Maine","Knox County",2,27,389,209,180
050,23,013,"Maine","Knox County",2,28,395,206,189
050,23,013,"Maine","Knox County",2,29,417,220,197
050,23,013,"Maine","Knox County",2,30,428,223,205
050,23,013,"Maine","Knox County",2,31,406,215,191
050,23,013,"Maine","Knox County",2,32,423,227,196
050,23,013,"Maine","Knox County",2,33,439,231,208
050,23,013,"Maine","Knox County",2,34,444,239,205
050,23,013,"Maine","Knox County",2,35,472,259,213
050,23,013,"Maine","Knox County",2,36,490,261,229
050,23,013,"Maine","Knox County",2,37,443,224,219
050,23,013,"Maine","Knox County",2,38,439,221,218
050,23,013,"Maine","Knox County",2,39,478,239,239
050,23,013,"Maine","Knox County",2,40,477,235,242
050,23,013,"Maine","Knox County",2,41,447,229,218
050,23,013,"Maine","Knox County",2,42,447,227,220
050,23,013,"Maine","Knox County",2,43,427,208,219
050,23,013,"Maine","Knox County",2,44,426,218,208
050,23,013,"Maine","Knox County",2,45,469,243,226
050,23,013,"Maine","Knox County",2,46,460,250,210
050,23,013,"Maine","Knox County",2,47,471,257,214
050,23,013,"Maine","Knox County",2,48,494,250,244
050,23,013,"Maine","Knox County",2,49,532,264,268
050,23,013,"Maine","Knox County",2,50,533,277,256
050,23,013,"Maine","Knox County",2,51,506,258,248
050,23,013,"Maine","Knox County",2,52,494,238,256
050,23,013,"Maine","Knox County",2,53,508,260,248
050,23,013,"Maine","Knox County",2,54,533,272,261
050,23,013,"Maine","Knox County",2,55,577,288,289
050,23,013,"Maine","Knox County",2,56,597,301,296
050,23,013,"Maine","Knox County",2,57,612,305,307
050,23,013,"Maine","Knox County",2,58,619,304,315
050,23,013,"Maine","Knox County",2,59,645,300,345
050,23,013,"Maine","Knox County",2,60,653,298,355
050,23,013,"Maine","Knox County",2,61,680,324,356
050,23,013,"Maine","Knox County",2,62,665,303,362
050,23,013,"Maine","Knox County",2,63,691,318,373
050,23,013,"Maine","Knox County",2,64,723,361,362
050,23,013,"Maine","Knox County",2,65,719,354,365
050,23,013,"Maine","Knox County",2,66,727,355,372
050,23,013,"Maine","Knox County",2,67,725,347,378
050,23,013,"Maine","Knox County",2,68,704,334,370
050,23,013,"Maine","Knox County",2,69,648,294,354
050,23,013,"Maine","Knox County",2,70,622,290,332
050,23,013,"Maine","Knox County",2,71,621,289,332
050,23,013,"Maine","Knox County",2,72,637,302,335
050,23,013,"Maine","Knox County",2,73,663,320,343
050,23,013,"Maine","Knox County",2,74,444,210,234
050,23,013,"Maine","Knox County",2,75,437,213,224
050,23,013,"Maine","Knox County",2,76,409,204,205
050,23,013,"Maine","Knox County",2,77,420,203,217
050,23,013,"Maine","Knox County",2,78,350,166,184
050,23,013,"Maine","Knox County",2,79,292,129,163
050,23,013,"Maine","Knox County",2,80,264,112,152
050,23,013,"Maine","Knox County",2,81,259,116,143
050,23,013,"Maine","Knox County",2,82,233,101,132
050,23,013,"Maine","Knox County",2,83,215,93,122
050,23,013,"Maine","Knox County",2,84,228,97,131
050,23,013,"Maine","Knox County",2,85,1147,429,718
050,23,013,"Maine","Knox County",3,0,269,145,124
050,23,013,"Maine","Knox County",3,1,315,171,144
050,23,013,"Maine","Knox County",3,2,343,182,161
050,23,013,"Maine","Knox County",3,3,328,172,156
050,23,013,"Maine","Knox County",3,4,332,178,154
050,23,013,"Maine","Knox County",3,5,360,186,174
050,23,013,"Maine","Knox County",3,6,359,189,170
050,23,013,"Maine","Knox County",3,7,396,204,192
050,23,013,"Maine","Knox County",3,8,392,219,173
050,23,013,"Maine","Knox County",3,9,385,211,174
050,23,013,"Maine","Knox County",3,10,387,193,194
050,23,013,"Maine","Knox County",3,11,425,216,209
050,23,013,"Maine","Knox County",3,12,448,243,205
050,23,013,"Maine","Knox County",3,13,474,247,227
050,23,013,"Maine","Knox County",3,14,473,249,224
050,23,013,"Maine","Knox County",3,15,460,226,234
050,23,013,"Maine","Knox County",3,16,475,234,241
050,23,013,"Maine","Knox County",3,17,474,251,223
050,23,013,"Maine","Knox County",3,18,400,225,175
050,23,013,"Maine","Knox County",3,19,312,173,139
050,23,013,"Maine","Knox County",3,20,335,182,153
050,23,013,"Maine","Knox County",3,21,363,191,172
050,23,013,"Maine","Knox County",3,22,391,196,195
050,23,013,"Maine","Knox County",3,23,412,207,205
050,23,013,"Maine","Knox County",3,24,414,232,182
050,23,013,"Maine","Knox County",3,25,412,219,193
050,23,013,"Maine","Knox County",3,26,389,202,187
050,23,013,"Maine","Knox County",3,27,399,204,195
050,23,013,"Maine","Knox County",3,28,403,221,182
050,23,013,"Maine","Knox County",3,29,404,215,189
050,23,013,"Maine","Knox County",3,30,420,215,205
050,23,013,"Maine","Knox County",3,31,442,234,208
050,23,013,"Maine","Knox County",3,32,415,225,190
050,23,013,"Maine","Knox County",3,33,437,227,210
050,23,013,"Maine","Knox County",3,34,454,234,220
050,23,013,"Maine","Knox County",3,35,461,251,210
050,23,013,"Maine","Knox County",3,36,489,269,220
050,23,013,"Maine","Knox County",3,37,486,259,227
050,23,013,"Maine","Knox County",3,38,457,235,222
050,23,013,"Maine","Knox County",3,39,434,216,218
050,23,013,"Maine","Knox County",3,40,493,240,253
050,23,013,"Maine","Knox County",3,41,482,246,236
050,23,013,"Maine","Knox County",3,42,463,232,231
050,23,013,"Maine","Knox County",3,43,450,224,226
050,23,013,"Maine","Knox County",3,44,451,220,231
050,23,013,"Maine","Knox County",3,45,437,215,222
050,23,013,"Maine","Knox County",3,46,475,242,233
050,23,013,"Maine","Knox County",3,47,480,268,212
050,23,013,"Maine","Knox County",3,48,462,241,221
050,23,013,"Maine","Knox County",3,49,493,249,244
050,23,013,"Maine","Knox County",3,50,542,274,268
050,23,013,"Maine","Knox County",3,51,537,276,261
050,23,013,"Maine","Knox County",3,52,501,247,254
050,23,013,"Maine","Knox County",3,53,507,250,257
050,23,013,"Maine","Knox County",3,54,494,250,244
050,23,013,"Maine","Knox County",3,55,542,271,271
050,23,013,"Maine","Knox County",3,56,594,306,288
050,23,013,"Maine","Knox County",3,57,606,298,308
050,23,013,"Maine","Knox County",3,58,637,313,324
050,23,013,"Maine","Knox County",3,59,627,297,330
050,23,013,"Maine","Knox County",3,60,659,306,353
050,23,013,"Maine","Knox County",3,61,659,304,355
050,23,013,"Maine","Knox County",3,62,689,328,361
050,23,013,"Maine","Knox County",3,63,680,306,374
050,23,013,"Maine","Knox County",3,64,723,335,388
050,23,013,"Maine","Knox County",3,65,717,349,368
050,23,013,"Maine","Knox County",3,66,724,357,367
050,23,013,"Maine","Knox County",3,67,731,361,370
050,23,013,"Maine","Knox County",3,68,719,347,372
050,23,013,"Maine","Knox County",3,69,704,334,370
050,23,013,"Maine","Knox County",3,70,663,293,370
050,23,013,"Maine","Knox County",3,71,614,280,334
050,23,013,"Maine","Knox County",3,72,630,293,337
050,23,013,"Maine","Knox County",3,73,614,288,326
050,23,013,"Maine","Knox County",3,74,669,329,340
050,23,013,"Maine","Knox County",3,75,439,209,230
050,23,013,"Maine","Knox County",3,76,425,210,215
050,23,013,"Maine","Knox County",3,77,397,196,201
050,23,013,"Maine","Knox County",3,78,403,189,214
050,23,013,"Maine","Knox County",3,79,345,164,181
050,23,013,"Maine","Knox County",3,80,284,130,154
050,23,013,"Maine","Knox County",3,81,257,108,149
050,23,013,"Maine","Knox County",3,82,248,108,140
050,23,013,"Maine","Knox County",3,83,215,99,116
050,23,013,"Maine","Knox County",3,84,198,84,114
050,23,013,"Maine","Knox County",3,85,1166,434,732
050,23,013,"Maine","Knox County",4,0,278,148,130
050,23,013,"Maine","Knox County",4,1,284,151,133
050,23,013,"Maine","Knox County",4,2,320,172,148
050,23,013,"Maine","Knox County",4,3,345,186,159
050,23,013,"Maine","Knox County",4,4,353,183,170
050,23,013,"Maine","Knox County",4,5,331,176,155
050,23,013,"Maine","Knox County",4,6,360,188,172
050,23,013,"Maine","Knox County",4,7,364,194,170
050,23,013,"Maine","Knox County",4,8,405,211,194
050,23,013,"Maine","Knox County",4,9,399,226,173
050,23,013,"Maine","Knox County",4,10,399,220,179
050,23,013,"Maine","Knox County",4,11,392,189,203
050,23,013,"Maine","Knox County",4,12,424,220,204
050,23,013,"Maine","Knox County",4,13,455,250,205
050,23,013,"Maine","Knox County",4,14,471,252,219
050,23,013,"Maine","Knox County",4,15,463,246,217
050,23,013,"Maine","Knox County",4,16,455,227,228
050,23,013,"Maine","Knox County",4,17,476,237,239
050,23,013,"Maine","Knox County",4,18,405,219,186
050,23,013,"Maine","Knox County",4,19,327,184,143
050,23,013,"Maine","Knox County",4,20,315,178,137
050,23,013,"Maine","Knox County",4,21,351,192,159
050,23,013,"Maine","Knox County",4,22,388,203,185
050,23,013,"Maine","Knox County",4,23,425,223,202
050,23,013,"Maine","Knox County",4,24,409,210,199
050,23,013,"Maine","Knox County",4,25,409,223,186
050,23,013,"Maine","Knox County",4,26,402,215,187
050,23,013,"Maine","Knox County",4,27,392,202,190
050,23,013,"Maine","Knox County",4,28,393,199,194
050,23,013,"Maine","Knox County",4,29,431,237,194
050,23,013,"Maine","Knox County",4,30,392,204,188
050,23,013,"Maine","Knox County",4,31,436,225,211
050,23,013,"Maine","Knox County",4,32,465,248,217
050,23,013,"Maine","Knox County",4,33,439,232,207
050,23,013,"Maine","Knox County",4,34,437,231,206
050,23,013,"Maine","Knox County",4,35,458,223,235
050,23,013,"Maine","Knox County",4,36,473,254,219
050,23,013,"Maine","Knox County",4,37,496,262,234
050,23,013,"Maine","Knox County",4,38,492,260,232
050,23,013,"Maine","Knox County",4,39,467,234,233
050,23,013,"Maine","Knox County",4,40,431,214,217
050,23,013,"Maine","Knox County",4,41,496,235,261
050,23,013,"Maine","Knox County",4,42,471,244,227
050,23,013,"Maine","Knox County",4,43,468,235,233
050,23,013,"Maine","Knox County",4,44,459,230,229
050,23,013,"Maine","Knox County",4,45,470,229,241
050,23,013,"Maine","Knox County",4,46,451,221,230
050,23,013,"Maine","Knox County",4,47,494,262,232
050,23,013,"Maine","Knox County",4,48,465,251,214
050,23,013,"Maine","Knox County",4,49,457,242,215
050,23,013,"Maine","Knox County",4,50,506,260,246
050,23,013,"Maine","Knox County",4,51,536,272,264
050,23,013,"Maine","Knox County",4,52,525,258,267
050,23,013,"Maine","Knox County",4,53,509,252,257
050,23,013,"Maine","Knox County",4,54,502,238,264
050,23,013,"Maine","Knox County",4,55,498,252,246
050,23,013,"Maine","Knox County",4,56,529,262,267
050,23,013,"Maine","Knox County",4,57,588,297,291
050,23,013,"Maine","Knox County",4,58,628,314,314
050,23,013,"Maine","Knox County",4,59,621,300,321
050,23,013,"Maine","Knox County",4,60,642,311,331
050,23,013,"Maine","Knox County",4,61,669,319,350
050,23,013,"Maine","Knox County",4,62,663,305,358
050,23,013,"Maine","Knox County",4,63,689,327,362
050,23,013,"Maine","Knox County",4,64,683,309,374
050,23,013,"Maine","Knox County",4,65,714,330,384
050,23,013,"Maine","Knox County",4,66,738,356,382
050,23,013,"Maine","Knox County",4,67,732,361,371
050,23,013,"Maine","Knox County",4,68,744,370,374
050,23,013,"Maine","Knox County",4,69,718,338,380
050,23,013,"Maine","Knox County",4,70,708,335,373
050,23,013,"Maine","Knox County",4,71,657,291,366
050,23,013,"Maine","Knox County",4,72,619,281,338
050,23,013,"Maine","Knox County",4,73,619,288,331
050,23,013,"Maine","Knox County",4,74,618,288,330
050,23,013,"Maine","Knox County",4,75,664,324,340
050,23,013,"Maine","Knox County",4,76,434,208,226
050,23,013,"Maine","Knox County",4,77,417,204,213
050,23,013,"Maine","Knox County",4,78,385,186,199
050,23,013,"Maine","Knox County",4,79,383,173,210
050,23,013,"Maine","Knox County",4,80,329,160,169
050,23,013,"Maine","Knox County",4,81,281,133,148
050,23,013,"Maine","Knox County",4,82,239,94,145
050,23,013,"Maine","Knox County",4,83,231,105,126
050,23,013,"Maine","Knox County",4,84,204,91,113
050,23,013,"Maine","Knox County",4,85,1119,425,694
050,23,013,"Maine","Knox County",5,0,279,149,130
050,23,013,"Maine","Knox County",5,1,289,155,134
050,23,013,"Maine","Knox County",5,2,284,147,137
050,23,013,"Maine","Knox County",5,3,331,178,153
050,23,013,"Maine","Knox County",5,4,353,190,163
050,23,013,"Maine","Knox County",5,5,348,173,175
050,23,013,"Maine","Knox County",5,6,340,184,156
050,23,013,"Maine","Knox County",5,7,366,194,172
050,23,013,"Maine","Knox County",5,8,371,197,174
050,23,013,"Maine","Knox County",5,9,401,209,192
050,23,013,"Maine","Knox County",5,10,411,236,175
050,23,013,"Maine","Knox County",5,11,392,219,173
050,23,013,"Maine","Knox County",5,12,384,187,197
050,23,013,"Maine","Knox County",5,13,433,228,205
050,23,013,"Maine","Knox County",5,14,458,255,203
050,23,013,"Maine","Knox County",5,15,470,254,216
050,23,013,"Maine","Knox County",5,16,464,244,220
050,23,013,"Maine","Knox County",5,17,455,228,227
050,23,013,"Maine","Knox County",5,18,403,205,198
050,23,013,"Maine","Knox County",5,19,326,173,153
050,23,013,"Maine","Knox County",5,20,343,195,148
050,23,013,"Maine","Knox County",5,21,352,200,152
050,23,013,"Maine","Knox County",5,22,365,203,162
050,23,013,"Maine","Knox County",5,23,421,226,195
050,23,013,"Maine","Knox County",5,24,398,219,179
050,23,013,"Maine","Knox County",5,25,394,194,200
050,23,013,"Maine","Knox County",5,26,402,220,182
050,23,013,"Maine","Knox County",5,27,415,229,186
050,23,013,"Maine","Knox County",5,28,393,202,191
050,23,013,"Maine","Knox County",5,29,398,208,190
050,23,013,"Maine","Knox County",5,30,429,230,199
050,23,013,"Maine","Knox County",5,31,398,210,188
050,23,013,"Maine","Knox County",5,32,434,227,207
050,23,013,"Maine","Knox County",5,33,462,247,215
050,23,013,"Maine","Knox County",5,34,444,230,214
050,23,013,"Maine","Knox County",5,35,419,216,203
050,23,013,"Maine","Knox County",5,36,466,231,235
050,23,013,"Maine","Knox County",5,37,475,252,223
050,23,013,"Maine","Knox County",5,38,516,270,246
050,23,013,"Maine","Knox County",5,39,507,268,239
050,23,013,"Maine","Knox County",5,40,458,232,226
050,23,013,"Maine","Knox County",5,41,435,214,221
050,23,013,"Maine","Knox County",5,42,501,242,259
050,23,013,"Maine","Knox County",5,43,471,237,234
050,23,013,"Maine","Knox County",5,44,479,241,238
050,23,013,"Maine","Knox County",5,45,449,220,229
050,23,013,"Maine","Knox County",5,46,483,245,238
050,23,013,"Maine","Knox County",5,47,464,233,231
050,23,013,"Maine","Knox County",5,48,471,238,233
050,23,013,"Maine","Knox County",5,49,455,247,208
050,23,013,"Maine","Knox County",5,50,463,249,214
050,23,013,"Maine","Knox County",5,51,503,256,247
050,23,013,"Maine","Knox County",5,52,527,257,270
050,23,013,"Maine","Knox County",5,53,528,261,267
050,23,013,"Maine","Knox County",5,54,513,246,267
050,23,013,"Maine","Knox County",5,55,515,241,274
050,23,013,"Maine","Knox County",5,56,499,256,243
050,23,013,"Maine","Knox County",5,57,525,259,266
050,23,013,"Maine","Knox County",5,58,599,304,295
050,23,013,"Maine","Knox County",5,59,620,298,322
050,23,013,"Maine","Knox County",5,60,623,307,316
050,23,013,"Maine","Knox County",5,61,666,318,348
050,23,013,"Maine","Knox County",5,62,660,313,347
050,23,013,"Maine","Knox County",5,63,656,306,350
050,23,013,"Maine","Knox County",5,64,696,333,363
050,23,013,"Maine","Knox County",5,65,684,304,380
050,23,013,"Maine","Knox County",5,66,721,334,387
050,23,013,"Maine","Knox County",5,67,729,354,375
050,23,013,"Maine","Knox County",5,68,715,354,361
050,23,013,"Maine","Knox County",5,69,739,367,372
050,23,013,"Maine","Knox County",5,70,695,324,371
050,23,013,"Maine","Knox County",5,71,689,322,367
050,23,013,"Maine","Knox County",5,72,649,281,368
050,23,013,"Maine","Knox County",5,73,585,265,320
050,23,013,"Maine","Knox County",5,74,617,291,326
050,23,013,"Maine","Knox County",5,75,610,282,328
050,23,013,"Maine","Knox County",5,76,634,313,321
050,23,013,"Maine","Knox County",5,77,421,196,225
050,23,013,"Maine","Knox County",5,78,391,190,201
050,23,013,"Maine","Knox County",5,79,373,177,196
050,23,013,"Maine","Knox County",5,80,366,172,194
050,23,013,"Maine","Knox County",5,81,325,161,164
050,23,013,"Maine","Knox County",5,82,254,111,143
050,23,013,"Maine","Knox County",5,83,221,90,131
050,23,013,"Maine","Knox County",5,84,212,91,121
050,23,013,"Maine","Knox County",5,85,1099,427,672
050,23,015,"Maine","Lincoln County",1,0,294,150,144
050,23,015,"Maine","Lincoln County",1,1,295,151,144
050,23,015,"Maine","Lincoln County",1,2,294,147,147
050,23,015,"Maine","Lincoln County",1,3,337,180,157
050,23,015,"Maine","Lincoln County",1,4,319,167,152
050,23,015,"Maine","Lincoln County",1,5,314,153,161
050,23,015,"Maine","Lincoln County",1,6,302,160,142
050,23,015,"Maine","Lincoln County",1,7,297,148,149
050,23,015,"Maine","Lincoln County",1,8,313,165,148
050,23,015,"Maine","Lincoln County",1,9,337,190,147
050,23,015,"Maine","Lincoln County",1,10,348,184,164
050,23,015,"Maine","Lincoln County",1,11,344,180,164
050,23,015,"Maine","Lincoln County",1,12,366,185,181
050,23,015,"Maine","Lincoln County",1,13,363,191,172
050,23,015,"Maine","Lincoln County",1,14,380,185,195
050,23,015,"Maine","Lincoln County",1,15,356,189,167
050,23,015,"Maine","Lincoln County",1,16,365,196,169
050,23,015,"Maine","Lincoln County",1,17,353,189,164
050,23,015,"Maine","Lincoln County",1,18,322,193,129
050,23,015,"Maine","Lincoln County",1,19,309,167,142
050,23,015,"Maine","Lincoln County",1,20,302,155,147
050,23,015,"Maine","Lincoln County",1,21,321,168,153
050,23,015,"Maine","Lincoln County",1,22,335,178,157
050,23,015,"Maine","Lincoln County",1,23,318,165,153
050,23,015,"Maine","Lincoln County",1,24,356,176,180
050,23,015,"Maine","Lincoln County",1,25,359,192,167
050,23,015,"Maine","Lincoln County",1,26,353,188,165
050,23,015,"Maine","Lincoln County",1,27,349,185,164
050,23,015,"Maine","Lincoln County",1,28,355,182,173
050,23,015,"Maine","Lincoln County",1,29,350,187,163
050,23,015,"Maine","Lincoln County",1,30,332,161,171
050,23,015,"Maine","Lincoln County",1,31,330,162,168
050,23,015,"Maine","Lincoln County",1,32,342,177,165
050,23,015,"Maine","Lincoln County",1,33,372,177,195
050,23,015,"Maine","Lincoln County",1,34,373,199,174
050,23,015,"Maine","Lincoln County",1,35,339,172,167
050,23,015,"Maine","Lincoln County",1,36,334,168,166
050,23,015,"Maine","Lincoln County",1,37,361,180,181
050,23,015,"Maine","Lincoln County",1,38,355,169,186
050,23,015,"Maine","Lincoln County",1,39,344,167,177
050,23,015,"Maine","Lincoln County",1,40,350,164,186
050,23,015,"Maine","Lincoln County",1,41,363,177,186
050,23,015,"Maine","Lincoln County",1,42,351,179,172
050,23,015,"Maine","Lincoln County",1,43,348,172,176
050,23,015,"Maine","Lincoln County",1,44,332,158,174
050,23,015,"Maine","Lincoln County",1,45,358,169,189
050,23,015,"Maine","Lincoln County",1,46,368,185,183
050,23,015,"Maine","Lincoln County",1,47,400,189,211
050,23,015,"Maine","Lincoln County",1,48,451,222,229
050,23,015,"Maine","Lincoln County",1,49,476,251,225
050,23,015,"Maine","Lincoln County",1,50,423,211,212
050,23,015,"Maine","Lincoln County",1,51,429,205,224
050,23,015,"Maine","Lincoln County",1,52,415,197,218
050,23,015,"Maine","Lincoln County",1,53,458,236,222
050,23,015,"Maine","Lincoln County",1,54,462,226,236
050,23,015,"Maine","Lincoln County",1,55,514,248,266
050,23,015,"Maine","Lincoln County",1,56,557,272,285
050,23,015,"Maine","Lincoln County",1,57,553,278,275
050,23,015,"Maine","Lincoln County",1,58,593,297,296
050,23,015,"Maine","Lincoln County",1,59,568,281,287
050,23,015,"Maine","Lincoln County",1,60,611,293,318
050,23,015,"Maine","Lincoln County",1,61,655,316,339
050,23,015,"Maine","Lincoln County",1,62,606,296,310
050,23,015,"Maine","Lincoln County",1,63,603,285,318
050,23,015,"Maine","Lincoln County",1,64,578,274,304
050,23,015,"Maine","Lincoln County",1,65,650,325,325
050,23,015,"Maine","Lincoln County",1,66,649,299,350
050,23,015,"Maine","Lincoln County",1,67,625,292,333
050,23,015,"Maine","Lincoln County",1,68,607,280,327
050,23,015,"Maine","Lincoln County",1,69,610,289,321
050,23,015,"Maine","Lincoln County",1,70,591,271,320
050,23,015,"Maine","Lincoln County",1,71,589,284,305
050,23,015,"Maine","Lincoln County",1,72,595,298,297
050,23,015,"Maine","Lincoln County",1,73,610,307,303
050,23,015,"Maine","Lincoln County",1,74,429,203,226
050,23,015,"Maine","Lincoln County",1,75,441,209,232
050,23,015,"Maine","Lincoln County",1,76,430,195,235
050,23,015,"Maine","Lincoln County",1,77,433,211,222
050,23,015,"Maine","Lincoln County",1,78,345,172,173
050,23,015,"Maine","Lincoln County",1,79,296,154,142
050,23,015,"Maine","Lincoln County",1,80,240,111,129
050,23,015,"Maine","Lincoln County",1,81,233,100,133
050,23,015,"Maine","Lincoln County",1,82,211,91,120
050,23,015,"Maine","Lincoln County",1,83,188,89,99
050,23,015,"Maine","Lincoln County",1,84,173,84,89
050,23,015,"Maine","Lincoln County",1,85,993,376,617
050,23,015,"Maine","Lincoln County",2,0,285,143,142
050,23,015,"Maine","Lincoln County",2,1,293,149,144
050,23,015,"Maine","Lincoln County",2,2,298,150,148
050,23,015,"Maine","Lincoln County",2,3,326,172,154
050,23,015,"Maine","Lincoln County",2,4,325,171,154
050,23,015,"Maine","Lincoln County",2,5,318,159,159
050,23,015,"Maine","Lincoln County",2,6,306,158,148
050,23,015,"Maine","Lincoln County",2,7,298,151,147
050,23,015,"Maine","Lincoln County",2,8,307,159,148
050,23,015,"Maine","Lincoln County",2,9,329,183,146
050,23,015,"Maine","Lincoln County",2,10,347,185,162
050,23,015,"Maine","Lincoln County",2,11,341,177,164
050,23,015,"Maine","Lincoln County",2,12,363,184,179
050,23,015,"Maine","Lincoln County",2,13,366,191,175
050,23,015,"Maine","Lincoln County",2,14,377,189,188
050,23,015,"Maine","Lincoln County",2,15,364,191,173
050,23,015,"Maine","Lincoln County",2,16,366,196,170
050,23,015,"Maine","Lincoln County",2,17,354,190,164
050,23,015,"Maine","Lincoln County",2,18,319,185,134
050,23,015,"Maine","Lincoln County",2,19,303,165,138
050,23,015,"Maine","Lincoln County",2,20,309,159,150
050,23,015,"Maine","Lincoln County",2,21,316,165,151
050,23,015,"Maine","Lincoln County",2,22,332,175,157
050,23,015,"Maine","Lincoln County",2,23,319,166,153
050,23,015,"Maine","Lincoln County",2,24,347,174,173
050,23,015,"Maine","Lincoln County",2,25,358,190,168
050,23,015,"Maine","Lincoln County",2,26,353,188,165
050,23,015,"Maine","Lincoln County",2,27,351,186,165
050,23,015,"Maine","Lincoln County",2,28,356,185,171
050,23,015,"Maine","Lincoln County",2,29,353,186,167
050,23,015,"Maine","Lincoln County",2,30,339,169,170
050,23,015,"Maine","Lincoln County",2,31,331,164,167
050,23,015,"Maine","Lincoln County",2,32,339,174,165
050,23,015,"Maine","Lincoln County",2,33,367,181,186
050,23,015,"Maine","Lincoln County",2,34,373,193,180
050,23,015,"Maine","Lincoln County",2,35,351,181,170
050,23,015,"Maine","Lincoln County",2,36,335,169,166
050,23,015,"Maine","Lincoln County",2,37,356,181,175
050,23,015,"Maine","Lincoln County",2,38,359,174,185
050,23,015,"Maine","Lincoln County",2,39,350,169,181
050,23,015,"Maine","Lincoln County",2,40,356,168,188
050,23,015,"Maine","Lincoln County",2,41,358,172,186
050,23,015,"Maine","Lincoln County",2,42,353,178,175
050,23,015,"Maine","Lincoln County",2,43,352,175,177
050,23,015,"Maine","Lincoln County",2,44,332,160,172
050,23,015,"Maine","Lincoln County",2,45,353,165,188
050,23,015,"Maine","Lincoln County",2,46,365,180,185
050,23,015,"Maine","Lincoln County",2,47,389,186,203
050,23,015,"Maine","Lincoln County",2,48,436,215,221
050,23,015,"Maine","Lincoln County",2,49,474,247,227
050,23,015,"Maine","Lincoln County",2,50,440,221,219
050,23,015,"Maine","Lincoln County",2,51,427,205,222
050,23,015,"Maine","Lincoln County",2,52,418,200,218
050,23,015,"Maine","Lincoln County",2,53,448,225,223
050,23,015,"Maine","Lincoln County",2,54,463,228,235
050,23,015,"Maine","Lincoln County",2,55,503,242,261
050,23,015,"Maine","Lincoln County",2,56,553,271,282
050,23,015,"Maine","Lincoln County",2,57,557,278,279
050,23,015,"Maine","Lincoln County",2,58,583,292,291
050,23,015,"Maine","Lincoln County",2,59,580,288,292
050,23,015,"Maine","Lincoln County",2,60,599,288,311
050,23,015,"Maine","Lincoln County",2,61,642,309,333
050,23,015,"Maine","Lincoln County",2,62,619,300,319
050,23,015,"Maine","Lincoln County",2,63,609,290,319
050,23,015,"Maine","Lincoln County",2,64,580,274,306
050,23,015,"Maine","Lincoln County",2,65,635,315,320
050,23,015,"Maine","Lincoln County",2,66,651,306,345
050,23,015,"Maine","Lincoln County",2,67,631,292,339
050,23,015,"Maine","Lincoln County",2,68,610,282,328
050,23,015,"Maine","Lincoln County",2,69,611,287,324
050,23,015,"Maine","Lincoln County",2,70,597,278,319
050,23,015,"Maine","Lincoln County",2,71,592,281,311
050,23,015,"Maine","Lincoln County",2,72,581,289,292
050,23,015,"Maine","Lincoln County",2,73,637,319,318
050,23,015,"Maine","Lincoln County",2,74,442,212,230
050,23,015,"Maine","Lincoln County",2,75,438,209,229
050,23,015,"Maine","Lincoln County",2,76,424,194,230
050,23,015,"Maine","Lincoln County",2,77,439,209,230
050,23,015,"Maine","Lincoln County",2,78,355,176,179
050,23,015,"Maine","Lincoln County",2,79,303,157,146
050,23,015,"Maine","Lincoln County",2,80,250,118,132
050,23,015,"Maine","Lincoln County",2,81,234,102,132
050,23,015,"Maine","Lincoln County",2,82,211,91,120
050,23,015,"Maine","Lincoln County",2,83,184,86,98
050,23,015,"Maine","Lincoln County",2,84,174,85,89
050,23,015,"Maine","Lincoln County",2,85,996,383,613
050,23,015,"Maine","Lincoln County",3,0,234,130,104
050,23,015,"Maine","Lincoln County",3,1,298,142,156
050,23,015,"Maine","Lincoln County",3,2,301,145,156
050,23,015,"Maine","Lincoln County",3,3,304,153,151
050,23,015,"Maine","Lincoln County",3,4,338,181,157
050,23,015,"Maine","Lincoln County",3,5,343,179,164
050,23,015,"Maine","Lincoln County",3,6,339,166,173
050,23,015,"Maine","Lincoln County",3,7,321,168,153
050,23,015,"Maine","Lincoln County",3,8,316,160,156
050,23,015,"Maine","Lincoln County",3,9,330,161,169
050,23,015,"Maine","Lincoln County",3,10,350,194,156
050,23,015,"Maine","Lincoln County",3,11,358,187,171
050,23,015,"Maine","Lincoln County",3,12,341,174,167
050,23,015,"Maine","Lincoln County",3,13,361,188,173
050,23,015,"Maine","Lincoln County",3,14,367,190,177
050,23,015,"Maine","Lincoln County",3,15,377,193,184
050,23,015,"Maine","Lincoln County",3,16,381,197,184
050,23,015,"Maine","Lincoln County",3,17,366,193,173
050,23,015,"Maine","Lincoln County",3,18,321,175,146
050,23,015,"Maine","Lincoln County",3,19,283,160,123
050,23,015,"Maine","Lincoln County",3,20,309,167,142
050,23,015,"Maine","Lincoln County",3,21,320,164,156
050,23,015,"Maine","Lincoln County",3,22,302,153,149
050,23,015,"Maine","Lincoln County",3,23,327,180,147
050,23,015,"Maine","Lincoln County",3,24,338,173,165
050,23,015,"Maine","Lincoln County",3,25,352,174,178
050,23,015,"Maine","Lincoln County",3,26,358,195,163
050,23,015,"Maine","Lincoln County",3,27,344,177,167
050,23,015,"Maine","Lincoln County",3,28,363,191,172
050,23,015,"Maine","Lincoln County",3,29,362,187,175
050,23,015,"Maine","Lincoln County",3,30,378,203,175
050,23,015,"Maine","Lincoln County",3,31,378,181,197
050,23,015,"Maine","Lincoln County",3,32,362,175,187
050,23,015,"Maine","Lincoln County",3,33,360,176,184
050,23,015,"Maine","Lincoln County",3,34,373,186,187
050,23,015,"Maine","Lincoln County",3,35,388,199,189
050,23,015,"Maine","Lincoln County",3,36,372,202,170
050,23,015,"Maine","Lincoln County",3,37,346,178,168
050,23,015,"Maine","Lincoln County",3,38,368,181,187
050,23,015,"Maine","Lincoln County",3,39,373,171,202
050,23,015,"Maine","Lincoln County",3,40,356,166,190
050,23,015,"Maine","Lincoln County",3,41,384,178,206
050,23,015,"Maine","Lincoln County",3,42,384,190,194
050,23,015,"Maine","Lincoln County",3,43,367,184,183
050,23,015,"Maine","Lincoln County",3,44,363,180,183
050,23,015,"Maine","Lincoln County",3,45,343,163,180
050,23,015,"Maine","Lincoln County",3,46,372,181,191
050,23,015,"Maine","Lincoln County",3,47,371,188,183
050,23,015,"Maine","Lincoln County",3,48,399,189,210
050,23,015,"Maine","Lincoln County",3,49,445,226,219
050,23,015,"Maine","Lincoln County",3,50,486,250,236
050,23,015,"Maine","Lincoln County",3,51,452,226,226
050,23,015,"Maine","Lincoln County",3,52,441,210,231
050,23,015,"Maine","Lincoln County",3,53,434,207,227
050,23,015,"Maine","Lincoln County",3,54,482,241,241
050,23,015,"Maine","Lincoln County",3,55,475,230,245
050,23,015,"Maine","Lincoln County",3,56,511,246,265
050,23,015,"Maine","Lincoln County",3,57,569,283,286
050,23,015,"Maine","Lincoln County",3,58,565,282,283
050,23,015,"Maine","Lincoln County",3,59,613,306,307
050,23,015,"Maine","Lincoln County",3,60,602,296,306
050,23,015,"Maine","Lincoln County",3,61,643,314,329
050,23,015,"Maine","Lincoln County",3,62,645,303,342
050,23,015,"Maine","Lincoln County",3,63,627,305,322
050,23,015,"Maine","Lincoln County",3,64,602,284,318
050,23,015,"Maine","Lincoln County",3,65,587,272,315
050,23,015,"Maine","Lincoln County",3,66,640,316,324
050,23,015,"Maine","Lincoln County",3,67,662,312,350
050,23,015,"Maine","Lincoln County",3,68,655,306,349
050,23,015,"Maine","Lincoln County",3,69,616,289,327
050,23,015,"Maine","Lincoln County",3,70,618,285,333
050,23,015,"Maine","Lincoln County",3,71,605,285,320
050,23,015,"Maine","Lincoln County",3,72,597,285,312
050,23,015,"Maine","Lincoln County",3,73,569,283,286
050,23,015,"Maine","Lincoln County",3,74,641,323,318
050,23,015,"Maine","Lincoln County",3,75,438,206,232
050,23,015,"Maine","Lincoln County",3,76,426,205,221
050,23,015,"Maine","Lincoln County",3,77,419,190,229
050,23,015,"Maine","Lincoln County",3,78,420,201,219
050,23,015,"Maine","Lincoln County",3,79,352,177,175
050,23,015,"Maine","Lincoln County",3,80,289,147,142
050,23,015,"Maine","Lincoln County",3,81,245,113,132
050,23,015,"Maine","Lincoln County",3,82,221,96,125
050,23,015,"Maine","Lincoln County",3,83,194,87,107
050,23,015,"Maine","Lincoln County",3,84,166,80,86
050,23,015,"Maine","Lincoln County",3,85,1031,408,623
050,23,015,"Maine","Lincoln County",4,0,260,143,117
050,23,015,"Maine","Lincoln County",4,1,235,143,92
050,23,015,"Maine","Lincoln County",4,2,292,139,153
050,23,015,"Maine","Lincoln County",4,3,309,148,161
050,23,015,"Maine","Lincoln County",4,4,295,154,141
050,23,015,"Maine","Lincoln County",4,5,332,174,158
050,23,015,"Maine","Lincoln County",4,6,363,189,174
050,23,015,"Maine","Lincoln County",4,7,330,167,163
050,23,015,"Maine","Lincoln County",4,8,322,172,150
050,23,015,"Maine","Lincoln County",4,9,315,167,148
050,23,015,"Maine","Lincoln County",4,10,326,161,165
050,23,015,"Maine","Lincoln County",4,11,353,195,158
050,23,015,"Maine","Lincoln County",4,12,354,190,164
050,23,015,"Maine","Lincoln County",4,13,349,176,173
050,23,015,"Maine","Lincoln County",4,14,369,194,175
050,23,015,"Maine","Lincoln County",4,15,373,195,178
050,23,015,"Maine","Lincoln County",4,16,386,198,188
050,23,015,"Maine","Lincoln County",4,17,392,193,199
050,23,015,"Maine","Lincoln County",4,18,328,180,148
050,23,015,"Maine","Lincoln County",4,19,284,155,129
050,23,015,"Maine","Lincoln County",4,20,275,162,113
050,23,015,"Maine","Lincoln County",4,21,306,164,142
050,23,015,"Maine","Lincoln County",4,22,313,157,156
050,23,015,"Maine","Lincoln County",4,23,294,153,141
050,23,015,"Maine","Lincoln County",4,24,328,180,148
050,23,015,"Maine","Lincoln County",4,25,327,173,154
050,23,015,"Maine","Lincoln County",4,26,333,163,170
050,23,015,"Maine","Lincoln County",4,27,379,194,185
050,23,015,"Maine","Lincoln County",4,28,338,168,170
050,23,015,"Maine","Lincoln County",4,29,359,188,171
050,23,015,"Maine","Lincoln County",4,30,376,189,187
050,23,015,"Maine","Lincoln County",4,31,390,204,186
050,23,015,"Maine","Lincoln County",4,32,395,200,195
050,23,015,"Maine","Lincoln County",4,33,367,183,184
050,23,015,"Maine","Lincoln County",4,34,362,171,191
050,23,015,"Maine","Lincoln County",4,35,375,195,180
050,23,015,"Maine","Lincoln County",4,36,413,207,206
050,23,015,"Maine","Lincoln County",4,37,381,206,175
050,23,015,"Maine","Lincoln County",4,38,361,182,179
050,23,015,"Maine","Lincoln County",4,39,372,186,186
050,23,015,"Maine","Lincoln County",4,40,390,178,212
050,23,015,"Maine","Lincoln County",4,41,372,170,202
050,23,015,"Maine","Lincoln County",4,42,402,190,212
050,23,015,"Maine","Lincoln County",4,43,394,192,202
050,23,015,"Maine","Lincoln County",4,44,370,185,185
050,23,015,"Maine","Lincoln County",4,45,370,188,182
050,23,015,"Maine","Lincoln County",4,46,340,162,178
050,23,015,"Maine","Lincoln County",4,47,378,184,194
050,23,015,"Maine","Lincoln County",4,48,377,187,190
050,23,015,"Maine","Lincoln County",4,49,404,188,216
050,23,015,"Maine","Lincoln County",4,50,453,227,226
050,23,015,"Maine","Lincoln County",4,51,502,254,248
050,23,015,"Maine","Lincoln County",4,52,462,234,228
050,23,015,"Maine","Lincoln County",4,53,435,208,227
050,23,015,"Maine","Lincoln County",4,54,437,207,230
050,23,015,"Maine","Lincoln County",4,55,493,251,242
050,23,015,"Maine","Lincoln County",4,56,477,229,248
050,23,015,"Maine","Lincoln County",4,57,521,247,274
050,23,015,"Maine","Lincoln County",4,58,592,287,305
050,23,015,"Maine","Lincoln County",4,59,591,291,300
050,23,015,"Maine","Lincoln County",4,60,625,307,318
050,23,015,"Maine","Lincoln County",4,61,627,308,319
050,23,015,"Maine","Lincoln County",4,62,646,309,337
050,23,015,"Maine","Lincoln County",4,63,660,319,341
050,23,015,"Maine","Lincoln County",4,64,650,312,338
050,23,015,"Maine","Lincoln County",4,65,615,292,323
050,23,015,"Maine","Lincoln County",4,66,603,271,332
050,23,015,"Maine","Lincoln County",4,67,631,310,321
050,23,015,"Maine","Lincoln County",4,68,655,306,349
050,23,015,"Maine","Lincoln County",4,69,664,308,356
050,23,015,"Maine","Lincoln County",4,70,607,287,320
050,23,015,"Maine","Lincoln County",4,71,620,287,333
050,23,015,"Maine","Lincoln County",4,72,612,284,328
050,23,015,"Maine","Lincoln County",4,73,579,276,303
050,23,015,"Maine","Lincoln County",4,74,558,278,280
050,23,015,"Maine","Lincoln County",4,75,622,308,314
050,23,015,"Maine","Lincoln County",4,76,432,203,229
050,23,015,"Maine","Lincoln County",4,77,419,194,225
050,23,015,"Maine","Lincoln County",4,78,401,185,216
050,23,015,"Maine","Lincoln County",4,79,417,205,212
050,23,015,"Maine","Lincoln County",4,80,338,165,173
050,23,015,"Maine","Lincoln County",4,81,283,134,149
050,23,015,"Maine","Lincoln County",4,82,227,101,126
050,23,015,"Maine","Lincoln County",4,83,205,88,117
050,23,015,"Maine","Lincoln County",4,84,176,81,95
050,23,015,"Maine","Lincoln County",4,85,1042,421,621
050,23,015,"Maine","Lincoln County",5,0,257,143,114
050,23,015,"Maine","Lincoln County",5,1,261,140,121
050,23,015,"Maine","Lincoln County",5,2,238,144,94
050,23,015,"Maine","Lincoln County",5,3,284,134,150
050,23,015,"Maine","Lincoln County",5,4,306,148,158
050,23,015,"Maine","Lincoln County",5,5,303,153,150
050,23,015,"Maine","Lincoln County",5,6,342,183,159
050,23,015,"Maine","Lincoln County",5,7,357,190,167
050,23,015,"Maine","Lincoln County",5,8,337,172,165
050,23,015,"Maine","Lincoln County",5,9,330,177,153
050,23,015,"Maine","Lincoln County",5,10,325,172,153
050,23,015,"Maine","Lincoln County",5,11,328,154,174
050,23,015,"Maine","Lincoln County",5,12,356,198,158
050,23,015,"Maine","Lincoln County",5,13,357,198,159
050,23,015,"Maine","Lincoln County",5,14,346,177,169
050,23,015,"Maine","Lincoln County",5,15,380,202,178
050,23,015,"Maine","Lincoln County",5,16,391,208,183
050,23,015,"Maine","Lincoln County",5,17,385,190,195
050,23,015,"Maine","Lincoln County",5,18,348,179,169
050,23,015,"Maine","Lincoln County",5,19,289,163,126
050,23,015,"Maine","Lincoln County",5,20,295,163,132
050,23,015,"Maine","Lincoln County",5,21,274,160,114
050,23,015,"Maine","Lincoln County",5,22,310,156,154
050,23,015,"Maine","Lincoln County",5,23,313,156,157
050,23,015,"Maine","Lincoln County",5,24,316,162,154
050,23,015,"Maine","Lincoln County",5,25,318,184,134
050,23,015,"Maine","Lincoln County",5,26,318,164,154
050,23,015,"Maine","Lincoln County",5,27,359,175,184
050,23,015,"Maine","Lincoln County",5,28,371,183,188
050,23,015,"Maine","Lincoln County",5,29,353,174,179
050,23,015,"Maine","Lincoln County",5,30,380,194,186
050,23,015,"Maine","Lincoln County",5,31,380,194,186
050,23,015,"Maine","Lincoln County",5,32,391,196,195
050,23,015,"Maine","Lincoln County",5,33,428,215,213
050,23,015,"Maine","Lincoln County",5,34,375,196,179
050,23,015,"Maine","Lincoln County",5,35,389,186,203
050,23,015,"Maine","Lincoln County",5,36,382,194,188
050,23,015,"Maine","Lincoln County",5,37,408,204,204
050,23,015,"Maine","Lincoln County",5,38,395,212,183
050,23,015,"Maine","Lincoln County",5,39,370,188,182
050,23,015,"Maine","Lincoln County",5,40,360,179,181
050,23,015,"Maine","Lincoln County",5,41,393,175,218
050,23,015,"Maine","Lincoln County",5,42,392,178,214
050,23,015,"Maine","Lincoln County",5,43,414,188,226
050,23,015,"Maine","Lincoln County",5,44,396,194,202
050,23,015,"Maine","Lincoln County",5,45,366,183,183
050,23,015,"Maine","Lincoln County",5,46,370,189,181
050,23,015,"Maine","Lincoln County",5,47,348,167,181
050,23,015,"Maine","Lincoln County",5,48,378,185,193
050,23,015,"Maine","Lincoln County",5,49,377,184,193
050,23,015,"Maine","Lincoln County",5,50,394,186,208
050,23,015,"Maine","Lincoln County",5,51,458,228,230
050,23,015,"Maine","Lincoln County",5,52,506,258,248
050,23,015,"Maine","Lincoln County",5,53,474,240,234
050,23,015,"Maine","Lincoln County",5,54,435,208,227
050,23,015,"Maine","Lincoln County",5,55,444,212,232
050,23,015,"Maine","Lincoln County",5,56,496,256,240
050,23,015,"Maine","Lincoln County",5,57,482,230,252
050,23,015,"Maine","Lincoln County",5,58,531,250,281
050,23,015,"Maine","Lincoln County",5,59,605,295,310
050,23,015,"Maine","Lincoln County",5,60,592,289,303
050,23,015,"Maine","Lincoln County",5,61,649,324,325
050,23,015,"Maine","Lincoln County",5,62,638,309,329
050,23,015,"Maine","Lincoln County",5,63,671,318,353
050,23,015,"Maine","Lincoln County",5,64,677,323,354
050,23,015,"Maine","Lincoln County",5,65,672,316,356
050,23,015,"Maine","Lincoln County",5,66,629,296,333
050,23,015,"Maine","Lincoln County",5,67,605,270,335
050,23,015,"Maine","Lincoln County",5,68,626,299,327
050,23,015,"Maine","Lincoln County",5,69,652,307,345
050,23,015,"Maine","Lincoln County",5,70,664,307,357
050,23,015,"Maine","Lincoln County",5,71,600,280,320
050,23,015,"Maine","Lincoln County",5,72,604,280,324
050,23,015,"Maine","Lincoln County",5,73,606,279,327
050,23,015,"Maine","Lincoln County",5,74,559,270,289
050,23,015,"Maine","Lincoln County",5,75,548,273,275
050,23,015,"Maine","Lincoln County",5,76,588,293,295
050,23,015,"Maine","Lincoln County",5,77,421,196,225
050,23,015,"Maine","Lincoln County",5,78,390,183,207
050,23,015,"Maine","Lincoln County",5,79,382,180,202
050,23,015,"Maine","Lincoln County",5,80,400,193,207
050,23,015,"Maine","Lincoln County",5,81,327,155,172
050,23,015,"Maine","Lincoln County",5,82,267,120,147
050,23,015,"Maine","Lincoln County",5,83,208,95,113
050,23,015,"Maine","Lincoln County",5,84,184,78,106
050,23,015,"Maine","Lincoln County",5,85,1084,443,641
050,23,017,"Maine","Oxford County",1,0,457,235,222
050,23,017,"Maine","Oxford County",1,1,447,230,217
050,23,017,"Maine","Oxford County",1,2,510,245,265
050,23,017,"Maine","Oxford County",1,3,512,267,245
050,23,017,"Maine","Oxford County",1,4,537,274,263
050,23,017,"Maine","Oxford County",1,5,539,276,263
050,23,017,"Maine","Oxford County",1,6,550,288,262
050,23,017,"Maine","Oxford County",1,7,568,296,272
050,23,017,"Maine","Oxford County",1,8,546,274,272
050,23,017,"Maine","Oxford County",1,9,563,293,270
050,23,017,"Maine","Oxford County",1,10,599,325,274
050,23,017,"Maine","Oxford County",1,11,621,319,302
050,23,017,"Maine","Oxford County",1,12,669,340,329
050,23,017,"Maine","Oxford County",1,13,667,335,332
050,23,017,"Maine","Oxford County",1,14,656,353,303
050,23,017,"Maine","Oxford County",1,15,680,343,337
050,23,017,"Maine","Oxford County",1,16,664,351,313
050,23,017,"Maine","Oxford County",1,17,662,332,330
050,23,017,"Maine","Oxford County",1,18,551,296,255
050,23,017,"Maine","Oxford County",1,19,438,245,193
050,23,017,"Maine","Oxford County",1,20,471,253,218
050,23,017,"Maine","Oxford County",1,21,526,267,259
050,23,017,"Maine","Oxford County",1,22,519,270,249
050,23,017,"Maine","Oxford County",1,23,528,264,264
050,23,017,"Maine","Oxford County",1,24,528,261,267
050,23,017,"Maine","Oxford County",1,25,556,292,264
050,23,017,"Maine","Oxford County",1,26,572,295,277
050,23,017,"Maine","Oxford County",1,27,582,293,289
050,23,017,"Maine","Oxford County",1,28,614,292,322
050,23,017,"Maine","Oxford County",1,29,627,321,306
050,23,017,"Maine","Oxford County",1,30,624,318,306
050,23,017,"Maine","Oxford County",1,31,626,294,332
050,23,017,"Maine","Oxford County",1,32,613,304,309
050,23,017,"Maine","Oxford County",1,33,635,314,321
050,23,017,"Maine","Oxford County",1,34,619,305,314
050,23,017,"Maine","Oxford County",1,35,611,291,320
050,23,017,"Maine","Oxford County",1,36,634,317,317
050,23,017,"Maine","Oxford County",1,37,642,313,329
050,23,017,"Maine","Oxford County",1,38,676,329,347
050,23,017,"Maine","Oxford County",1,39,700,336,364
050,23,017,"Maine","Oxford County",1,40,709,339,370
050,23,017,"Maine","Oxford County",1,41,678,346,332
050,23,017,"Maine","Oxford County",1,42,659,331,328
050,23,017,"Maine","Oxford County",1,43,654,334,320
050,23,017,"Maine","Oxford County",1,44,660,336,324
050,23,017,"Maine","Oxford County",1,45,658,341,317
050,23,017,"Maine","Oxford County",1,46,667,347,320
050,23,017,"Maine","Oxford County",1,47,681,330,351
050,23,017,"Maine","Oxford County",1,48,749,352,397
050,23,017,"Maine","Oxford County",1,49,808,399,409
050,23,017,"Maine","Oxford County",1,50,761,370,391
050,23,017,"Maine","Oxford County",1,51,798,391,407
050,23,017,"Maine","Oxford County",1,52,805,409,396
050,23,017,"Maine","Oxford County",1,53,796,391,405
050,23,017,"Maine","Oxford County",1,54,857,425,432
050,23,017,"Maine","Oxford County",1,55,926,443,483
050,23,017,"Maine","Oxford County",1,56,992,506,486
050,23,017,"Maine","Oxford County",1,57,1018,522,496
050,23,017,"Maine","Oxford County",1,58,1071,549,522
050,23,017,"Maine","Oxford County",1,59,1098,550,548
050,23,017,"Maine","Oxford County",1,60,1064,559,505
050,23,017,"Maine","Oxford County",1,61,1081,536,545
050,23,017,"Maine","Oxford County",1,62,1082,518,564
050,23,017,"Maine","Oxford County",1,63,1050,513,537
050,23,017,"Maine","Oxford County",1,64,996,474,522
050,23,017,"Maine","Oxford County",1,65,971,502,469
050,23,017,"Maine","Oxford County",1,66,954,488,466
050,23,017,"Maine","Oxford County",1,67,937,490,447
050,23,017,"Maine","Oxford County",1,68,892,455,437
050,23,017,"Maine","Oxford County",1,69,796,397,399
050,23,017,"Maine","Oxford County",1,70,800,392,408
050,23,017,"Maine","Oxford County",1,71,727,368,359
050,23,017,"Maine","Oxford County",1,72,768,390,378
050,23,017,"Maine","Oxford County",1,73,735,371,364
050,23,017,"Maine","Oxford County",1,74,458,240,218
050,23,017,"Maine","Oxford County",1,75,452,224,228
050,23,017,"Maine","Oxford County",1,76,478,231,247
050,23,017,"Maine","Oxford County",1,77,488,240,248
050,23,017,"Maine","Oxford County",1,78,419,201,218
050,23,017,"Maine","Oxford County",1,79,376,174,202
050,23,017,"Maine","Oxford County",1,80,330,158,172
050,23,017,"Maine","Oxford County",1,81,307,142,165
050,23,017,"Maine","Oxford County",1,82,299,132,167
050,23,017,"Maine","Oxford County",1,83,252,104,148
050,23,017,"Maine","Oxford County",1,84,236,95,141
050,23,017,"Maine","Oxford County",1,85,1433,552,881
050,23,017,"Maine","Oxford County",2,0,473,254,219
050,23,017,"Maine","Oxford County",2,1,454,235,219
050,23,017,"Maine","Oxford County",2,2,497,243,254
050,23,017,"Maine","Oxford County",2,3,513,263,250
050,23,017,"Maine","Oxford County",2,4,538,276,262
050,23,017,"Maine","Oxford County",2,5,544,278,266
050,23,017,"Maine","Oxford County",2,6,553,287,266
050,23,017,"Maine","Oxford County",2,7,568,297,271
050,23,017,"Maine","Oxford County",2,8,552,279,273
050,23,017,"Maine","Oxford County",2,9,560,290,270
050,23,017,"Maine","Oxford County",2,10,593,319,274
050,23,017,"Maine","Oxford County",2,11,619,324,295
050,23,017,"Maine","Oxford County",2,12,663,339,324
050,23,017,"Maine","Oxford County",2,13,672,340,332
050,23,017,"Maine","Oxford County",2,14,663,350,313
050,23,017,"Maine","Oxford County",2,15,673,345,328
050,23,017,"Maine","Oxford County",2,16,671,352,319
050,23,017,"Maine","Oxford County",2,17,667,338,329
050,23,017,"Maine","Oxford County",2,18,552,295,257
050,23,017,"Maine","Oxford County",2,19,435,241,194
050,23,017,"Maine","Oxford County",2,20,475,255,220
050,23,017,"Maine","Oxford County",2,21,515,265,250
050,23,017,"Maine","Oxford County",2,22,527,270,257
050,23,017,"Maine","Oxford County",2,23,531,266,265
050,23,017,"Maine","Oxford County",2,24,532,264,268
050,23,017,"Maine","Oxford County",2,25,554,287,267
050,23,017,"Maine","Oxford County",2,26,574,299,275
050,23,017,"Maine","Oxford County",2,27,588,297,291
050,23,017,"Maine","Oxford County",2,28,611,295,316
050,23,017,"Maine","Oxford County",2,29,626,316,310
050,23,017,"Maine","Oxford County",2,30,631,322,309
050,23,017,"Maine","Oxford County",2,31,628,303,325
050,23,017,"Maine","Oxford County",2,32,615,302,313
050,23,017,"Maine","Oxford County",2,33,632,312,320
050,23,017,"Maine","Oxford County",2,34,626,309,317
050,23,017,"Maine","Oxford County",2,35,619,296,323
050,23,017,"Maine","Oxford County",2,36,628,310,318
050,23,017,"Maine","Oxford County",2,37,646,315,331
050,23,017,"Maine","Oxford County",2,38,672,327,345
050,23,017,"Maine","Oxford County",2,39,692,333,359
050,23,017,"Maine","Oxford County",2,40,715,344,371
050,23,017,"Maine","Oxford County",2,41,687,346,341
050,23,017,"Maine","Oxford County",2,42,658,333,325
050,23,017,"Maine","Oxford County",2,43,662,337,325
050,23,017,"Maine","Oxford County",2,44,656,334,322
050,23,017,"Maine","Oxford County",2,45,664,345,319
050,23,017,"Maine","Oxford County",2,46,663,345,318
050,23,017,"Maine","Oxford County",2,47,674,332,342
050,23,017,"Maine","Oxford County",2,48,736,348,388
050,23,017,"Maine","Oxford County",2,49,797,390,407
050,23,017,"Maine","Oxford County",2,50,772,376,396
050,23,017,"Maine","Oxford County",2,51,788,387,401
050,23,017,"Maine","Oxford County",2,52,802,403,399
050,23,017,"Maine","Oxford County",2,53,802,396,406
050,23,017,"Maine","Oxford County",2,54,843,418,425
050,23,017,"Maine","Oxford County",2,55,909,437,472
050,23,017,"Maine","Oxford County",2,56,979,491,488
050,23,017,"Maine","Oxford County",2,57,1015,521,494
050,23,017,"Maine","Oxford County",2,58,1059,545,514
050,23,017,"Maine","Oxford County",2,59,1099,550,549
050,23,017,"Maine","Oxford County",2,60,1068,554,514
050,23,017,"Maine","Oxford County",2,61,1074,538,536
050,23,017,"Maine","Oxford County",2,62,1086,524,562
050,23,017,"Maine","Oxford County",2,63,1069,519,550
050,23,017,"Maine","Oxford County",2,64,1007,482,525
050,23,017,"Maine","Oxford County",2,65,979,496,483
050,23,017,"Maine","Oxford County",2,66,959,492,467
050,23,017,"Maine","Oxford County",2,67,936,489,447
050,23,017,"Maine","Oxford County",2,68,895,461,434
050,23,017,"Maine","Oxford County",2,69,822,413,409
050,23,017,"Maine","Oxford County",2,70,794,390,404
050,23,017,"Maine","Oxford County",2,71,740,375,365
050,23,017,"Maine","Oxford County",2,72,745,380,365
050,23,017,"Maine","Oxford County",2,73,782,393,389
050,23,017,"Maine","Oxford County",2,74,489,253,236
050,23,017,"Maine","Oxford County",2,75,454,226,228
050,23,017,"Maine","Oxford County",2,76,467,228,239
050,23,017,"Maine","Oxford County",2,77,492,239,253
050,23,017,"Maine","Oxford County",2,78,420,202,218
050,23,017,"Maine","Oxford County",2,79,381,177,204
050,23,017,"Maine","Oxford County",2,80,335,160,175
050,23,017,"Maine","Oxford County",2,81,307,143,164
050,23,017,"Maine","Oxford County",2,82,302,136,166
050,23,017,"Maine","Oxford County",2,83,258,107,151
050,23,017,"Maine","Oxford County",2,84,235,96,139
050,23,017,"Maine","Oxford County",2,85,1440,550,890
050,23,017,"Maine","Oxford County",3,0,461,257,204
050,23,017,"Maine","Oxford County",3,1,473,246,227
050,23,017,"Maine","Oxford County",3,2,459,234,225
050,23,017,"Maine","Oxford County",3,3,516,253,263
050,23,017,"Maine","Oxford County",3,4,529,268,261
050,23,017,"Maine","Oxford County",3,5,551,268,283
050,23,017,"Maine","Oxford County",3,6,568,292,276
050,23,017,"Maine","Oxford County",3,7,567,300,267
050,23,017,"Maine","Oxford County",3,8,593,310,283
050,23,017,"Maine","Oxford County",3,9,560,284,276
050,23,017,"Maine","Oxford County",3,10,567,287,280
050,23,017,"Maine","Oxford County",3,11,615,333,282
050,23,017,"Maine","Oxford County",3,12,640,334,306
050,23,017,"Maine","Oxford County",3,13,682,356,326
050,23,017,"Maine","Oxford County",3,14,686,341,345
050,23,017,"Maine","Oxford County",3,15,674,353,321
050,23,017,"Maine","Oxford County",3,16,697,364,333
050,23,017,"Maine","Oxford County",3,17,679,360,319
050,23,017,"Maine","Oxford County",3,18,578,303,275
050,23,017,"Maine","Oxford County",3,19,423,224,199
050,23,017,"Maine","Oxford County",3,20,449,251,198
050,23,017,"Maine","Oxford County",3,21,518,281,237
050,23,017,"Maine","Oxford County",3,22,541,275,266
050,23,017,"Maine","Oxford County",3,23,547,289,258
050,23,017,"Maine","Oxford County",3,24,568,281,287
050,23,017,"Maine","Oxford County",3,25,571,279,292
050,23,017,"Maine","Oxford County",3,26,581,306,275
050,23,017,"Maine","Oxford County",3,27,619,317,302
050,23,017,"Maine","Oxford County",3,28,631,320,311
050,23,017,"Maine","Oxford County",3,29,639,316,323
050,23,017,"Maine","Oxford County",3,30,653,331,322
050,23,017,"Maine","Oxford County",3,31,655,334,321
050,23,017,"Maine","Oxford County",3,32,680,337,343
050,23,017,"Maine","Oxford County",3,33,664,327,337
050,23,017,"Maine","Oxford County",3,34,656,324,332
050,23,017,"Maine","Oxford County",3,35,661,319,342
050,23,017,"Maine","Oxford County",3,36,641,308,333
050,23,017,"Maine","Oxford County",3,37,652,328,324
050,23,017,"Maine","Oxford County",3,38,666,328,338
050,23,017,"Maine","Oxford County",3,39,677,325,352
050,23,017,"Maine","Oxford County",3,40,700,340,360
050,23,017,"Maine","Oxford County",3,41,724,354,370
050,23,017,"Maine","Oxford County",3,42,687,346,341
050,23,017,"Maine","Oxford County",3,43,664,337,327
050,23,017,"Maine","Oxford County",3,44,679,352,327
050,23,017,"Maine","Oxford County",3,45,655,329,326
050,23,017,"Maine","Oxford County",3,46,687,357,330
050,23,017,"Maine","Oxford County",3,47,673,346,327
050,23,017,"Maine","Oxford County",3,48,695,343,352
050,23,017,"Maine","Oxford County",3,49,742,355,387
050,23,017,"Maine","Oxford County",3,50,805,406,399
050,23,017,"Maine","Oxford County",3,51,795,392,403
050,23,017,"Maine","Oxford County",3,52,806,391,415
050,23,017,"Maine","Oxford County",3,53,810,392,418
050,23,017,"Maine","Oxford County",3,54,819,406,413
050,23,017,"Maine","Oxford County",3,55,867,414,453
050,23,017,"Maine","Oxford County",3,56,905,443,462
050,23,017,"Maine","Oxford County",3,57,978,490,488
050,23,017,"Maine","Oxford County",3,58,1040,531,509
050,23,017,"Maine","Oxford County",3,59,1071,551,520
050,23,017,"Maine","Oxford County",3,60,1098,552,546
050,23,017,"Maine","Oxford County",3,61,1089,558,531
050,23,017,"Maine","Oxford County",3,62,1088,549,539
050,23,017,"Maine","Oxford County",3,63,1109,529,580
050,23,017,"Maine","Oxford County",3,64,1075,524,551
050,23,017,"Maine","Oxford County",3,65,1010,477,533
050,23,017,"Maine","Oxford County",3,66,976,497,479
050,23,017,"Maine","Oxford County",3,67,966,496,470
050,23,017,"Maine","Oxford County",3,68,915,477,438
050,23,017,"Maine","Oxford County",3,69,884,453,431
050,23,017,"Maine","Oxford County",3,70,814,406,408
050,23,017,"Maine","Oxford County",3,71,777,383,394
050,23,017,"Maine","Oxford County",3,72,727,374,353
050,23,017,"Maine","Oxford County",3,73,718,364,354
050,23,017,"Maine","Oxford County",3,74,757,381,376
050,23,017,"Maine","Oxford County",3,75,471,238,233
050,23,017,"Maine","Oxford County",3,76,440,218,222
050,23,017,"Maine","Oxford County",3,77,454,221,233
050,23,017,"Maine","Oxford County",3,78,464,223,241
050,23,017,"Maine","Oxford County",3,79,403,197,206
050,23,017,"Maine","Oxford County",3,80,342,167,175
050,23,017,"Maine","Oxford County",3,81,296,137,159
050,23,017,"Maine","Oxford County",3,82,301,140,161
050,23,017,"Maine","Oxford County",3,83,271,119,152
050,23,017,"Maine","Oxford County",3,84,229,92,137
050,23,017,"Maine","Oxford County",3,85,1429,553,876
050,23,017,"Maine","Oxford County",4,0,443,235,208
050,23,017,"Maine","Oxford County",4,1,498,285,213
050,23,017,"Maine","Oxford County",4,2,504,265,239
050,23,017,"Maine","Oxford County",4,3,501,260,241
050,23,017,"Maine","Oxford County",4,4,525,258,267
050,23,017,"Maine","Oxford County",4,5,552,279,273
050,23,017,"Maine","Oxford County",4,6,561,268,293
050,23,017,"Maine","Oxford County",4,7,568,291,277
050,23,017,"Maine","Oxford County",4,8,569,296,273
050,23,017,"Maine","Oxford County",4,9,600,312,288
050,23,017,"Maine","Oxford County",4,10,561,280,281
050,23,017,"Maine","Oxford County",4,11,574,286,288
050,23,017,"Maine","Oxford County",4,12,629,339,290
050,23,017,"Maine","Oxford County",4,13,642,329,313
050,23,017,"Maine","Oxford County",4,14,682,354,328
050,23,017,"Maine","Oxford County",4,15,684,345,339
050,23,017,"Maine","Oxford County",4,16,708,373,335
050,23,017,"Maine","Oxford County",4,17,716,378,338
050,23,017,"Maine","Oxford County",4,18,585,326,259
050,23,017,"Maine","Oxford County",4,19,445,232,213
050,23,017,"Maine","Oxford County",4,20,427,217,210
050,23,017,"Maine","Oxford County",4,21,497,272,225
050,23,017,"Maine","Oxford County",4,22,538,283,255
050,23,017,"Maine","Oxford County",4,23,570,296,274
050,23,017,"Maine","Oxford County",4,24,590,318,272
050,23,017,"Maine","Oxford County",4,25,586,295,291
050,23,017,"Maine","Oxford County",4,26,620,307,313
050,23,017,"Maine","Oxford County",4,27,624,325,299
050,23,017,"Maine","Oxford County",4,28,649,331,318
050,23,017,"Maine","Oxford County",4,29,662,336,326
050,23,017,"Maine","Oxford County",4,30,660,323,337
050,23,017,"Maine","Oxford County",4,31,683,345,338
050,23,017,"Maine","Oxford County",4,32,691,347,344
050,23,017,"Maine","Oxford County",4,33,729,370,359
050,23,017,"Maine","Oxford County",4,34,684,343,341
050,23,017,"Maine","Oxford County",4,35,687,331,356
050,23,017,"Maine","Oxford County",4,36,685,330,355
050,23,017,"Maine","Oxford County",4,37,660,312,348
050,23,017,"Maine","Oxford County",4,38,658,330,328
050,23,017,"Maine","Oxford County",4,39,680,342,338
050,23,017,"Maine","Oxford County",4,40,699,333,366
050,23,017,"Maine","Oxford County",4,41,698,338,360
050,23,017,"Maine","Oxford County",4,42,725,346,379
050,23,017,"Maine","Oxford County",4,43,696,350,346
050,23,017,"Maine","Oxford County",4,44,667,343,324
050,23,017,"Maine","Oxford County",4,45,694,349,345
050,23,017,"Maine","Oxford County",4,46,668,329,339
050,23,017,"Maine","Oxford County",4,47,701,366,335
050,23,017,"Maine","Oxford County",4,48,685,345,340
050,23,017,"Maine","Oxford County",4,49,691,339,352
050,23,017,"Maine","Oxford County",4,50,755,367,388
050,23,017,"Maine","Oxford County",4,51,827,421,406
050,23,017,"Maine","Oxford County",4,52,815,401,414
050,23,017,"Maine","Oxford County",4,53,822,404,418
050,23,017,"Maine","Oxford County",4,54,819,403,416
050,23,017,"Maine","Oxford County",4,55,834,405,429
050,23,017,"Maine","Oxford County",4,56,881,418,463
050,23,017,"Maine","Oxford County",4,57,898,441,457
050,23,017,"Maine","Oxford County",4,58,1002,511,491
050,23,017,"Maine","Oxford County",4,59,1066,526,540
050,23,017,"Maine","Oxford County",4,60,1069,541,528
050,23,017,"Maine","Oxford County",4,61,1108,555,553
050,23,017,"Maine","Oxford County",4,62,1100,562,538
050,23,017,"Maine","Oxford County",4,63,1081,541,540
050,23,017,"Maine","Oxford County",4,64,1119,534,585
050,23,017,"Maine","Oxford County",4,65,1091,530,561
050,23,017,"Maine","Oxford County",4,66,1001,477,524
050,23,017,"Maine","Oxford County",4,67,981,497,484
050,23,017,"Maine","Oxford County",4,68,951,482,469
050,23,017,"Maine","Oxford County",4,69,905,473,432
050,23,017,"Maine","Oxford County",4,70,890,451,439
050,23,017,"Maine","Oxford County",4,71,806,402,404
050,23,017,"Maine","Oxford County",4,72,775,386,389
050,23,017,"Maine","Oxford County",4,73,709,357,352
050,23,017,"Maine","Oxford County",4,74,683,347,336
050,23,017,"Maine","Oxford County",4,75,724,355,369
050,23,017,"Maine","Oxford County",4,76,457,228,229
050,23,017,"Maine","Oxford County",4,77,423,208,215
050,23,017,"Maine","Oxford County",4,78,433,202,231
050,23,017,"Maine","Oxford County",4,79,464,227,237
050,23,017,"Maine","Oxford County",4,80,367,192,175
050,23,017,"Maine","Oxford County",4,81,308,148,160
050,23,017,"Maine","Oxford County",4,82,293,133,160
050,23,017,"Maine","Oxford County",4,83,270,115,155
050,23,017,"Maine","Oxford County",4,84,248,106,142
050,23,017,"Maine","Oxford County",4,85,1432,541,891
050,23,017,"Maine","Oxford County",5,0,433,228,205
050,23,017,"Maine","Oxford County",5,1,452,244,208
050,23,017,"Maine","Oxford County",5,2,504,286,218
050,23,017,"Maine","Oxford County",5,3,521,280,241
050,23,017,"Maine","Oxford County",5,4,503,260,243
050,23,017,"Maine","Oxford County",5,5,533,270,263
050,23,017,"Maine","Oxford County",5,6,563,292,271
050,23,017,"Maine","Oxford County",5,7,576,276,300
050,23,017,"Maine","Oxford County",5,8,589,306,283
050,23,017,"Maine","Oxford County",5,9,597,310,287
050,23,017,"Maine","Oxford County",5,10,607,326,281
050,23,017,"Maine","Oxford County",5,11,579,284,295
050,23,017,"Maine","Oxford County",5,12,597,297,300
050,23,017,"Maine","Oxford County",5,13,641,350,291
050,23,017,"Maine","Oxford County",5,14,657,335,322
050,23,017,"Maine","Oxford County",5,15,691,360,331
050,23,017,"Maine","Oxford County",5,16,701,360,341
050,23,017,"Maine","Oxford County",5,17,732,380,352
050,23,017,"Maine","Oxford County",5,18,584,321,263
050,23,017,"Maine","Oxford County",5,19,453,253,200
050,23,017,"Maine","Oxford County",5,20,476,242,234
050,23,017,"Maine","Oxford County",5,21,457,233,224
050,23,017,"Maine","Oxford County",5,22,523,289,234
050,23,017,"Maine","Oxford County",5,23,564,312,252
050,23,017,"Maine","Oxford County",5,24,598,317,281
050,23,017,"Maine","Oxford County",5,25,599,324,275
050,23,017,"Maine","Oxford County",5,26,587,300,287
050,23,017,"Maine","Oxford County",5,27,651,319,332
050,23,017,"Maine","Oxford County",5,28,645,322,323
050,23,017,"Maine","Oxford County",5,29,677,355,322
050,23,017,"Maine","Oxford County",5,30,678,343,335
050,23,017,"Maine","Oxford County",5,31,680,327,353
050,23,017,"Maine","Oxford County",5,32,699,352,347
050,23,017,"Maine","Oxford County",5,33,721,363,358
050,23,017,"Maine","Oxford County",5,34,736,378,358
050,23,017,"Maine","Oxford County",5,35,717,363,354
050,23,017,"Maine","Oxford County",5,36,709,342,367
050,23,017,"Maine","Oxford County",5,37,701,342,359
050,23,017,"Maine","Oxford County",5,38,718,334,384
050,23,017,"Maine","Oxford County",5,39,684,342,342
050,23,017,"Maine","Oxford County",5,40,702,355,347
050,23,017,"Maine","Oxford County",5,41,701,337,364
050,23,017,"Maine","Oxford County",5,42,717,349,368
050,23,017,"Maine","Oxford County",5,43,732,349,383
050,23,017,"Maine","Oxford County",5,44,725,361,364
050,23,017,"Maine","Oxford County",5,45,678,347,331
050,23,017,"Maine","Oxford County",5,46,672,331,341
050,23,017,"Maine","Oxford County",5,47,658,326,332
050,23,017,"Maine","Oxford County",5,48,721,373,348
050,23,017,"Maine","Oxford County",5,49,686,346,340
050,23,017,"Maine","Oxford County",5,50,704,347,357
050,23,017,"Maine","Oxford County",5,51,772,377,395
050,23,017,"Maine","Oxford County",5,52,829,424,405
050,23,017,"Maine","Oxford County",5,53,830,407,423
050,23,017,"Maine","Oxford County",5,54,830,405,425
050,23,017,"Maine","Oxford County",5,55,826,398,428
050,23,017,"Maine","Oxford County",5,56,838,406,432
050,23,017,"Maine","Oxford County",5,57,893,425,468
050,23,017,"Maine","Oxford County",5,58,916,451,465
050,23,017,"Maine","Oxford County",5,59,1006,502,504
050,23,017,"Maine","Oxford County",5,60,1050,507,543
050,23,017,"Maine","Oxford County",5,61,1083,545,538
050,23,017,"Maine","Oxford County",5,62,1120,559,561
050,23,017,"Maine","Oxford County",5,63,1092,552,540
050,23,017,"Maine","Oxford County",5,64,1086,546,540
050,23,017,"Maine","Oxford County",5,65,1113,531,582
050,23,017,"Maine","Oxford County",5,66,1080,519,561
050,23,017,"Maine","Oxford County",5,67,997,479,518
050,23,017,"Maine","Oxford County",5,68,956,480,476
050,23,017,"Maine","Oxford County",5,69,935,474,461
050,23,017,"Maine","Oxford County",5,70,880,452,428
050,23,017,"Maine","Oxford County",5,71,851,441,410
050,23,017,"Maine","Oxford County",5,72,796,402,394
050,23,017,"Maine","Oxford County",5,73,742,366,376
050,23,017,"Maine","Oxford County",5,74,676,345,331
050,23,017,"Maine","Oxford County",5,75,661,326,335
050,23,017,"Maine","Oxford County",5,76,706,339,367
050,23,017,"Maine","Oxford County",5,77,447,219,228
050,23,017,"Maine","Oxford County",5,78,409,192,217
050,23,017,"Maine","Oxford County",5,79,433,203,230
050,23,017,"Maine","Oxford County",5,80,420,217,203
050,23,017,"Maine","Oxford County",5,81,327,170,157
050,23,017,"Maine","Oxford County",5,82,312,147,165
050,23,017,"Maine","Oxford County",5,83,262,115,147
050,23,017,"Maine","Oxford County",5,84,251,106,145
050,23,017,"Maine","Oxford County",5,85,1451,549,902
050,23,019,"Maine","Penobscot County",1,0,1348,689,659
050,23,019,"Maine","Penobscot County",1,1,1380,704,676
050,23,019,"Maine","Penobscot County",1,2,1418,710,708
050,23,019,"Maine","Penobscot County",1,3,1433,728,705
050,23,019,"Maine","Penobscot County",1,4,1407,721,686
050,23,019,"Maine","Penobscot County",1,5,1405,709,696
050,23,019,"Maine","Penobscot County",1,6,1423,716,707
050,23,019,"Maine","Penobscot County",1,7,1441,754,687
050,23,019,"Maine","Penobscot County",1,8,1488,769,719
050,23,019,"Maine","Penobscot County",1,9,1479,790,689
050,23,019,"Maine","Penobscot County",1,10,1564,826,738
050,23,019,"Maine","Penobscot County",1,11,1600,835,765
050,23,019,"Maine","Penobscot County",1,12,1687,897,790
050,23,019,"Maine","Penobscot County",1,13,1710,887,823
050,23,019,"Maine","Penobscot County",1,14,1659,867,792
050,23,019,"Maine","Penobscot County",1,15,1705,894,811
050,23,019,"Maine","Penobscot County",1,16,1707,886,821
050,23,019,"Maine","Penobscot County",1,17,1702,883,819
050,23,019,"Maine","Penobscot County",1,18,2152,1121,1031
050,23,019,"Maine","Penobscot County",1,19,2562,1397,1165
050,23,019,"Maine","Penobscot County",1,20,2248,1205,1043
050,23,019,"Maine","Penobscot County",1,21,2057,1130,927
050,23,019,"Maine","Penobscot County",1,22,1953,1083,870
050,23,019,"Maine","Penobscot County",1,23,1774,925,849
050,23,019,"Maine","Penobscot County",1,24,1852,930,922
050,23,019,"Maine","Penobscot County",1,25,1878,962,916
050,23,019,"Maine","Penobscot County",1,26,1902,956,946
050,23,019,"Maine","Penobscot County",1,27,1880,946,934
050,23,019,"Maine","Penobscot County",1,28,1962,1011,951
050,23,019,"Maine","Penobscot County",1,29,2041,1020,1021
050,23,019,"Maine","Penobscot County",1,30,2151,1087,1064
050,23,019,"Maine","Penobscot County",1,31,2222,1129,1093
050,23,019,"Maine","Penobscot County",1,32,2109,1088,1021
050,23,019,"Maine","Penobscot County",1,33,1992,1028,964
050,23,019,"Maine","Penobscot County",1,34,1909,957,952
050,23,019,"Maine","Penobscot County",1,35,1797,922,875
050,23,019,"Maine","Penobscot County",1,36,1780,908,872
050,23,019,"Maine","Penobscot County",1,37,1937,945,992
050,23,019,"Maine","Penobscot County",1,38,1893,945,948
050,23,019,"Maine","Penobscot County",1,39,1868,920,948
050,23,019,"Maine","Penobscot County",1,40,1800,883,917
050,23,019,"Maine","Penobscot County",1,41,1734,863,871
050,23,019,"Maine","Penobscot County",1,42,1731,836,895
050,23,019,"Maine","Penobscot County",1,43,1653,821,832
050,23,019,"Maine","Penobscot County",1,44,1681,819,862
050,23,019,"Maine","Penobscot County",1,45,1755,854,901
050,23,019,"Maine","Penobscot County",1,46,1778,878,900
050,23,019,"Maine","Penobscot County",1,47,1824,898,926
050,23,019,"Maine","Penobscot County",1,48,1924,944,980
050,23,019,"Maine","Penobscot County",1,49,2075,1074,1001
050,23,019,"Maine","Penobscot County",1,50,1990,986,1004
050,23,019,"Maine","Penobscot County",1,51,2028,986,1042
050,23,019,"Maine","Penobscot County",1,52,1974,987,987
050,23,019,"Maine","Penobscot County",1,53,2046,1004,1042
050,23,019,"Maine","Penobscot County",1,54,2137,1064,1073
050,23,019,"Maine","Penobscot County",1,55,2237,1078,1159
050,23,019,"Maine","Penobscot County",1,56,2381,1157,1224
050,23,019,"Maine","Penobscot County",1,57,2369,1190,1179
050,23,019,"Maine","Penobscot County",1,58,2458,1228,1230
050,23,019,"Maine","Penobscot County",1,59,2394,1170,1224
050,23,019,"Maine","Penobscot County",1,60,2406,1193,1213
050,23,019,"Maine","Penobscot County",1,61,2409,1202,1207
050,23,019,"Maine","Penobscot County",1,62,2394,1158,1236
050,23,019,"Maine","Penobscot County",1,63,2235,1108,1127
050,23,019,"Maine","Penobscot County",1,64,2185,1069,1116
050,23,019,"Maine","Penobscot County",1,65,2137,1045,1092
050,23,019,"Maine","Penobscot County",1,66,2056,1006,1050
050,23,019,"Maine","Penobscot County",1,67,1962,950,1012
050,23,019,"Maine","Penobscot County",1,68,1906,915,991
050,23,019,"Maine","Penobscot County",1,69,1811,882,929
050,23,019,"Maine","Penobscot County",1,70,1787,857,930
050,23,019,"Maine","Penobscot County",1,71,1722,826,896
050,23,019,"Maine","Penobscot County",1,72,1655,806,849
050,23,019,"Maine","Penobscot County",1,73,1598,777,821
050,23,019,"Maine","Penobscot County",1,74,1068,507,561
050,23,019,"Maine","Penobscot County",1,75,1071,513,558
050,23,019,"Maine","Penobscot County",1,76,1060,492,568
050,23,019,"Maine","Penobscot County",1,77,1035,488,547
050,23,019,"Maine","Penobscot County",1,78,918,423,495
050,23,019,"Maine","Penobscot County",1,79,811,370,441
050,23,019,"Maine","Penobscot County",1,80,740,327,413
050,23,019,"Maine","Penobscot County",1,81,746,307,439
050,23,019,"Maine","Penobscot County",1,82,678,268,410
050,23,019,"Maine","Penobscot County",1,83,578,246,332
050,23,019,"Maine","Penobscot County",1,84,523,218,305
050,23,019,"Maine","Penobscot County",1,85,3252,1197,2055
050,23,019,"Maine","Penobscot County",2,0,1322,672,650
050,23,019,"Maine","Penobscot County",2,1,1368,698,670
050,23,019,"Maine","Penobscot County",2,2,1406,706,700
050,23,019,"Maine","Penobscot County",2,3,1417,713,704
050,23,019,"Maine","Penobscot County",2,4,1417,724,693
050,23,019,"Maine","Penobscot County",2,5,1407,714,693
050,23,019,"Maine","Penobscot County",2,6,1421,718,703
050,23,019,"Maine","Penobscot County",2,7,1443,750,693
050,23,019,"Maine","Penobscot County",2,8,1478,769,709
050,23,019,"Maine","Penobscot County",2,9,1484,787,697
050,23,019,"Maine","Penobscot County",2,10,1545,817,728
050,23,019,"Maine","Penobscot County",2,11,1586,831,755
050,23,019,"Maine","Penobscot County",2,12,1670,883,787
050,23,019,"Maine","Penobscot County",2,13,1702,887,815
050,23,019,"Maine","Penobscot County",2,14,1673,874,799
050,23,019,"Maine","Penobscot County",2,15,1698,893,805
050,23,019,"Maine","Penobscot County",2,16,1718,894,824
050,23,019,"Maine","Penobscot County",2,17,1716,893,823
050,23,019,"Maine","Penobscot County",2,18,2153,1124,1029
050,23,019,"Maine","Penobscot County",2,19,2555,1389,1166
050,23,019,"Maine","Penobscot County",2,20,2269,1220,1049
050,23,019,"Maine","Penobscot County",2,21,2045,1123,922
050,23,019,"Maine","Penobscot County",2,22,1932,1069,863
050,23,019,"Maine","Penobscot County",2,23,1792,943,849
050,23,019,"Maine","Penobscot County",2,24,1826,931,895
050,23,019,"Maine","Penobscot County",2,25,1862,946,916
050,23,019,"Maine","Penobscot County",2,26,1892,951,941
050,23,019,"Maine","Penobscot County",2,27,1884,949,935
050,23,019,"Maine","Penobscot County",2,28,1934,991,943
050,23,019,"Maine","Penobscot County",2,29,2013,1010,1003
050,23,019,"Maine","Penobscot County",2,30,2121,1070,1051
050,23,019,"Maine","Penobscot County",2,31,2204,1120,1084
050,23,019,"Maine","Penobscot County",2,32,2124,1088,1036
050,23,019,"Maine","Penobscot County",2,33,2025,1047,978
050,23,019,"Maine","Penobscot County",2,34,1925,970,955
050,23,019,"Maine","Penobscot County",2,35,1836,932,904
050,23,019,"Maine","Penobscot County",2,36,1776,907,869
050,23,019,"Maine","Penobscot County",2,37,1908,941,967
050,23,019,"Maine","Penobscot County",2,38,1913,950,963
050,23,019,"Maine","Penobscot County",2,39,1879,927,952
050,23,019,"Maine","Penobscot County",2,40,1831,900,931
050,23,019,"Maine","Penobscot County",2,41,1755,866,889
050,23,019,"Maine","Penobscot County",2,42,1717,836,881
050,23,019,"Maine","Penobscot County",2,43,1682,829,853
050,23,019,"Maine","Penobscot County",2,44,1666,817,849
050,23,019,"Maine","Penobscot County",2,45,1740,846,894
050,23,019,"Maine","Penobscot County",2,46,1769,872,897
050,23,019,"Maine","Penobscot County",2,47,1810,889,921
050,23,019,"Maine","Penobscot County",2,48,1899,935,964
050,23,019,"Maine","Penobscot County",2,49,2056,1054,1002
050,23,019,"Maine","Penobscot County",2,50,2016,1010,1006
050,23,019,"Maine","Penobscot County",2,51,2013,982,1031
050,23,019,"Maine","Penobscot County",2,52,1971,976,995
050,23,019,"Maine","Penobscot County",2,53,2033,1001,1032
050,23,019,"Maine","Penobscot County",2,54,2109,1047,1062
050,23,019,"Maine","Penobscot County",2,55,2210,1073,1137
050,23,019,"Maine","Penobscot County",2,56,2343,1135,1208
050,23,019,"Maine","Penobscot County",2,57,2371,1180,1191
050,23,019,"Maine","Penobscot County",2,58,2431,1216,1215
050,23,019,"Maine","Penobscot County",2,59,2414,1187,1227
050,23,019,"Maine","Penobscot County",2,60,2386,1179,1207
050,23,019,"Maine","Penobscot County",2,61,2401,1197,1204
050,23,019,"Maine","Penobscot County",2,62,2395,1169,1226
050,23,019,"Maine","Penobscot County",2,63,2290,1126,1164
050,23,019,"Maine","Penobscot County",2,64,2183,1073,1110
050,23,019,"Maine","Penobscot County",2,65,2140,1045,1095
050,23,019,"Maine","Penobscot County",2,66,2075,1017,1058
050,23,019,"Maine","Penobscot County",2,67,1974,960,1014
050,23,019,"Maine","Penobscot County",2,68,1901,912,989
050,23,019,"Maine","Penobscot County",2,69,1831,886,945
050,23,019,"Maine","Penobscot County",2,70,1775,853,922
050,23,019,"Maine","Penobscot County",2,71,1738,833,905
050,23,019,"Maine","Penobscot County",2,72,1638,796,842
050,23,019,"Maine","Penobscot County",2,73,1681,819,862
050,23,019,"Maine","Penobscot County",2,74,1113,529,584
050,23,019,"Maine","Penobscot County",2,75,1068,509,559
050,23,019,"Maine","Penobscot County",2,76,1039,483,556
050,23,019,"Maine","Penobscot County",2,77,1059,495,564
050,23,019,"Maine","Penobscot County",2,78,925,426,499
050,23,019,"Maine","Penobscot County",2,79,831,378,453
050,23,019,"Maine","Penobscot County",2,80,745,330,415
050,23,019,"Maine","Penobscot County",2,81,739,309,430
050,23,019,"Maine","Penobscot County",2,82,683,269,414
050,23,019,"Maine","Penobscot County",2,83,595,250,345
050,23,019,"Maine","Penobscot County",2,84,522,220,302
050,23,019,"Maine","Penobscot County",2,85,3267,1211,2056
050,23,019,"Maine","Penobscot County",3,0,1245,634,611
050,23,019,"Maine","Penobscot County",3,1,1292,646,646
050,23,019,"Maine","Penobscot County",3,2,1386,718,668
050,23,019,"Maine","Penobscot County",3,3,1430,723,707
050,23,019,"Maine","Penobscot County",3,4,1429,729,700
050,23,019,"Maine","Penobscot County",3,5,1423,734,689
050,23,019,"Maine","Penobscot County",3,6,1428,727,701
050,23,019,"Maine","Penobscot County",3,7,1429,729,700
050,23,019,"Maine","Penobscot County",3,8,1459,767,692
050,23,019,"Maine","Penobscot County",3,9,1495,775,720
050,23,019,"Maine","Penobscot County",3,10,1502,786,716
050,23,019,"Maine","Penobscot County",3,11,1560,834,726
050,23,019,"Maine","Penobscot County",3,12,1633,849,784
050,23,019,"Maine","Penobscot County",3,13,1708,897,811
050,23,019,"Maine","Penobscot County",3,14,1725,909,816
050,23,019,"Maine","Penobscot County",3,15,1689,895,794
050,23,019,"Maine","Penobscot County",3,16,1759,916,843
050,23,019,"Maine","Penobscot County",3,17,1815,945,870
050,23,019,"Maine","Penobscot County",3,18,2208,1153,1055
050,23,019,"Maine","Penobscot County",3,19,2555,1398,1157
050,23,019,"Maine","Penobscot County",3,20,2300,1241,1059
050,23,019,"Maine","Penobscot County",3,21,2110,1144,966
050,23,019,"Maine","Penobscot County",3,22,2001,1078,923
050,23,019,"Maine","Penobscot County",3,23,1952,1047,905
050,23,019,"Maine","Penobscot County",3,24,1825,972,853
050,23,019,"Maine","Penobscot County",3,25,1812,924,888
050,23,019,"Maine","Penobscot County",3,26,1893,957,936
050,23,019,"Maine","Penobscot County",3,27,1955,975,980
050,23,019,"Maine","Penobscot County",3,28,1879,957,922
050,23,019,"Maine","Penobscot County",3,29,1928,993,935
050,23,019,"Maine","Penobscot County",3,30,2018,1017,1001
050,23,019,"Maine","Penobscot County",3,31,2136,1089,1047
050,23,019,"Maine","Penobscot County",3,32,2217,1114,1103
050,23,019,"Maine","Penobscot County",3,33,2155,1121,1034
050,23,019,"Maine","Penobscot County",3,34,2013,1025,988
050,23,019,"Maine","Penobscot County",3,35,1962,982,980
050,23,019,"Maine","Penobscot County",3,36,1881,957,924
050,23,019,"Maine","Penobscot County",3,37,1793,913,880
050,23,019,"Maine","Penobscot County",3,38,1924,955,969
050,23,019,"Maine","Penobscot County",3,39,1913,932,981
050,23,019,"Maine","Penobscot County",3,40,1892,925,967
050,23,019,"Maine","Penobscot County",3,41,1847,913,934
050,23,019,"Maine","Penobscot County",3,42,1775,877,898
050,23,019,"Maine","Penobscot County",3,43,1726,848,878
050,23,019,"Maine","Penobscot County",3,44,1733,855,878
050,23,019,"Maine","Penobscot County",3,45,1673,824,849
050,23,019,"Maine","Penobscot County",3,46,1739,838,901
050,23,019,"Maine","Penobscot County",3,47,1772,874,898
050,23,019,"Maine","Penobscot County",3,48,1821,892,929
050,23,019,"Maine","Penobscot County",3,49,1926,950,976
050,23,019,"Maine","Penobscot County",3,50,2071,1064,1007
050,23,019,"Maine","Penobscot County",3,51,2023,1008,1015
050,23,019,"Maine","Penobscot County",3,52,2026,984,1042
050,23,019,"Maine","Penobscot County",3,53,1961,974,987
050,23,019,"Maine","Penobscot County",3,54,2033,1001,1032
050,23,019,"Maine","Penobscot County",3,55,2077,1028,1049
050,23,019,"Maine","Penobscot County",3,56,2205,1066,1139
050,23,019,"Maine","Penobscot County",3,57,2351,1135,1216
050,23,019,"Maine","Penobscot County",3,58,2388,1182,1206
050,23,019,"Maine","Penobscot County",3,59,2410,1196,1214
050,23,019,"Maine","Penobscot County",3,60,2403,1178,1225
050,23,019,"Maine","Penobscot County",3,61,2384,1169,1215
050,23,019,"Maine","Penobscot County",3,62,2416,1201,1215
050,23,019,"Maine","Penobscot County",3,63,2358,1138,1220
050,23,019,"Maine","Penobscot County",3,64,2268,1115,1153
050,23,019,"Maine","Penobscot County",3,65,2169,1056,1113
050,23,019,"Maine","Penobscot County",3,66,2100,1032,1068
050,23,019,"Maine","Penobscot County",3,67,2043,999,1044
050,23,019,"Maine","Penobscot County",3,68,1952,950,1002
050,23,019,"Maine","Penobscot County",3,69,1871,893,978
050,23,019,"Maine","Penobscot County",3,70,1807,866,941
050,23,019,"Maine","Penobscot County",3,71,1736,827,909
050,23,019,"Maine","Penobscot County",3,72,1708,800,908
050,23,019,"Maine","Penobscot County",3,73,1587,762,825
050,23,019,"Maine","Penobscot County",3,74,1637,800,837
050,23,019,"Maine","Penobscot County",3,75,1089,513,576
050,23,019,"Maine","Penobscot County",3,76,1020,489,531
050,23,019,"Maine","Penobscot County",3,77,994,466,528
050,23,019,"Maine","Penobscot County",3,78,1026,467,559
050,23,019,"Maine","Penobscot County",3,79,887,403,484
050,23,019,"Maine","Penobscot County",3,80,772,348,424
050,23,019,"Maine","Penobscot County",3,81,725,326,399
050,23,019,"Maine","Penobscot County",3,82,688,283,405
050,23,019,"Maine","Penobscot County",3,83,642,247,395
050,23,019,"Maine","Penobscot County",3,84,530,223,307
050,23,019,"Maine","Penobscot County",3,85,3261,1240,2021
050,23,019,"Maine","Penobscot County",4,0,1286,693,593
050,23,019,"Maine","Penobscot County",4,1,1241,629,612
050,23,019,"Maine","Penobscot County",4,2,1293,656,637
050,23,019,"Maine","Penobscot County",4,3,1406,726,680
050,23,019,"Maine","Penobscot County",4,4,1423,725,698
050,23,019,"Maine","Penobscot County",4,5,1455,740,715
050,23,019,"Maine","Penobscot County",4,6,1458,761,697
050,23,019,"Maine","Penobscot County",4,7,1442,734,708
050,23,019,"Maine","Penobscot County",4,8,1461,742,719
050,23,019,"Maine","Penobscot County",4,9,1488,786,702
050,23,019,"Maine","Penobscot County",4,10,1526,785,741
050,23,019,"Maine","Penobscot County",4,11,1520,789,731
050,23,019,"Maine","Penobscot County",4,12,1576,839,737
050,23,019,"Maine","Penobscot County",4,13,1662,859,803
050,23,019,"Maine","Penobscot County",4,14,1741,917,824
050,23,019,"Maine","Penobscot County",4,15,1774,943,831
050,23,019,"Maine","Penobscot County",4,16,1701,897,804
050,23,019,"Maine","Penobscot County",4,17,1830,963,867
050,23,019,"Maine","Penobscot County",4,18,2321,1208,1113
050,23,019,"Maine","Penobscot County",4,19,2696,1481,1215
050,23,019,"Maine","Penobscot County",4,20,2335,1268,1067
050,23,019,"Maine","Penobscot County",4,21,2178,1188,990
050,23,019,"Maine","Penobscot County",4,22,2088,1104,984
050,23,019,"Maine","Penobscot County",4,23,2007,1062,945
050,23,019,"Maine","Penobscot County",4,24,1972,1064,908
050,23,019,"Maine","Penobscot County",4,25,1811,971,840
050,23,019,"Maine","Penobscot County",4,26,1803,907,896
050,23,019,"Maine","Penobscot County",4,27,1935,976,959
050,23,019,"Maine","Penobscot County",4,28,1951,955,996
050,23,019,"Maine","Penobscot County",4,29,1924,986,938
050,23,019,"Maine","Penobscot County",4,30,1906,978,928
050,23,019,"Maine","Penobscot County",4,31,2038,1015,1023
050,23,019,"Maine","Penobscot County",4,32,2133,1082,1051
050,23,019,"Maine","Penobscot County",4,33,2233,1123,1110
050,23,019,"Maine","Penobscot County",4,34,2154,1106,1048
050,23,019,"Maine","Penobscot County",4,35,2054,1045,1009
050,23,019,"Maine","Penobscot County",4,36,1974,997,977
050,23,019,"Maine","Penobscot County",4,37,1926,984,942
050,23,019,"Maine","Penobscot County",4,38,1805,914,891
050,23,019,"Maine","Penobscot County",4,39,1920,932,988
050,23,019,"Maine","Penobscot County",4,40,1953,944,1009
050,23,019,"Maine","Penobscot County",4,41,1929,931,998
050,23,019,"Maine","Penobscot County",4,42,1862,928,934
050,23,019,"Maine","Penobscot County",4,43,1778,879,899
050,23,019,"Maine","Penobscot County",4,44,1760,886,874
050,23,019,"Maine","Penobscot County",4,45,1734,858,876
050,23,019,"Maine","Penobscot County",4,46,1677,822,855
050,23,019,"Maine","Penobscot County",4,47,1739,837,902
050,23,019,"Maine","Penobscot County",4,48,1789,876,913
050,23,019,"Maine","Penobscot County",4,49,1844,906,938
050,23,019,"Maine","Penobscot County",4,50,1931,949,982
050,23,019,"Maine","Penobscot County",4,51,2093,1067,1026
050,23,019,"Maine","Penobscot County",4,52,2004,992,1012
050,23,019,"Maine","Penobscot County",4,53,2035,985,1050
050,23,019,"Maine","Penobscot County",4,54,1939,956,983
050,23,019,"Maine","Penobscot County",4,55,2025,997,1028
050,23,019,"Maine","Penobscot County",4,56,2080,1015,1065
050,23,019,"Maine","Penobscot County",4,57,2210,1062,1148
050,23,019,"Maine","Penobscot County",4,58,2361,1125,1236
050,23,019,"Maine","Penobscot County",4,59,2389,1181,1208
050,23,019,"Maine","Penobscot County",4,60,2410,1198,1212
050,23,019,"Maine","Penobscot County",4,61,2400,1166,1234
050,23,019,"Maine","Penobscot County",4,62,2380,1150,1230
050,23,019,"Maine","Penobscot County",4,63,2397,1184,1213
050,23,019,"Maine","Penobscot County",4,64,2337,1135,1202
050,23,019,"Maine","Penobscot County",4,65,2268,1107,1161
050,23,019,"Maine","Penobscot County",4,66,2157,1055,1102
050,23,019,"Maine","Penobscot County",4,67,2085,1026,1059
050,23,019,"Maine","Penobscot County",4,68,2022,991,1031
050,23,019,"Maine","Penobscot County",4,69,1933,934,999
050,23,019,"Maine","Penobscot County",4,70,1828,865,963
050,23,019,"Maine","Penobscot County",4,71,1748,826,922
050,23,019,"Maine","Penobscot County",4,72,1695,794,901
050,23,019,"Maine","Penobscot County",4,73,1665,775,890
050,23,019,"Maine","Penobscot County",4,74,1541,740,801
050,23,019,"Maine","Penobscot County",4,75,1602,775,827
050,23,019,"Maine","Penobscot County",4,76,1040,485,555
050,23,019,"Maine","Penobscot County",4,77,997,476,521
050,23,019,"Maine","Penobscot County",4,78,947,435,512
050,23,019,"Maine","Penobscot County",4,79,984,449,535
050,23,019,"Maine","Penobscot County",4,80,816,364,452
050,23,019,"Maine","Penobscot County",4,81,747,339,408
050,23,019,"Maine","Penobscot County",4,82,673,293,380
050,23,019,"Maine","Penobscot County",4,83,649,270,379
050,23,019,"Maine","Penobscot County",4,84,575,213,362
050,23,019,"Maine","Penobscot County",4,85,3253,1268,1985
050,23,019,"Maine","Penobscot County",5,0,1286,693,593
050,23,019,"Maine","Penobscot County",5,1,1301,713,588
050,23,019,"Maine","Penobscot County",5,2,1259,634,625
050,23,019,"Maine","Penobscot County",5,3,1308,666,642
050,23,019,"Maine","Penobscot County",5,4,1416,730,686
050,23,019,"Maine","Penobscot County",5,5,1429,733,696
050,23,019,"Maine","Penobscot County",5,6,1462,733,729
050,23,019,"Maine","Penobscot County",5,7,1490,771,719
050,23,019,"Maine","Penobscot County",5,8,1456,746,710
050,23,019,"Maine","Penobscot County",5,9,1486,749,737
050,23,019,"Maine","Penobscot County",5,10,1526,818,708
050,23,019,"Maine","Penobscot County",5,11,1524,780,744
050,23,019,"Maine","Penobscot County",5,12,1529,788,741
050,23,019,"Maine","Penobscot County",5,13,1572,830,742
050,23,019,"Maine","Penobscot County",5,14,1671,872,799
050,23,019,"Maine","Penobscot County",5,15,1770,929,841
050,23,019,"Maine","Penobscot County",5,16,1814,954,860
050,23,019,"Maine","Penobscot County",5,17,1777,960,817
050,23,019,"Maine","Penobscot County",5,18,2325,1219,1106
050,23,019,"Maine","Penobscot County",5,19,2743,1496,1247
050,23,019,"Maine","Penobscot County",5,20,2345,1269,1076
050,23,019,"Maine","Penobscot County",5,21,2085,1143,942
050,23,019,"Maine","Penobscot County",5,22,2087,1120,967
050,23,019,"Maine","Penobscot County",5,23,2017,1017,1000
050,23,019,"Maine","Penobscot County",5,24,1998,1089,909
050,23,019,"Maine","Penobscot County",5,25,1931,1031,900
050,23,019,"Maine","Penobscot County",5,26,1843,975,868
050,23,019,"Maine","Penobscot County",5,27,1801,921,880
050,23,019,"Maine","Penobscot County",5,28,1932,961,971
050,23,019,"Maine","Penobscot County",5,29,1956,952,1004
050,23,019,"Maine","Penobscot County",5,30,1904,984,920
050,23,019,"Maine","Penobscot County",5,31,1908,971,937
050,23,019,"Maine","Penobscot County",5,32,2065,1014,1051
050,23,019,"Maine","Penobscot County",5,33,2167,1099,1068
050,23,019,"Maine","Penobscot County",5,34,2224,1130,1094
050,23,019,"Maine","Penobscot County",5,35,2192,1121,1071
050,23,019,"Maine","Penobscot County",5,36,2080,1060,1020
050,23,019,"Maine","Penobscot County",5,37,2001,1002,999
050,23,019,"Maine","Penobscot County",5,38,1947,1002,945
050,23,019,"Maine","Penobscot County",5,39,1838,926,912
050,23,019,"Maine","Penobscot County",5,40,1954,939,1015
050,23,019,"Maine","Penobscot County",5,41,1970,950,1020
050,23,019,"Maine","Penobscot County",5,42,1943,941,1002
050,23,019,"Maine","Penobscot County",5,43,1895,961,934
050,23,019,"Maine","Penobscot County",5,44,1823,920,903
050,23,019,"Maine","Penobscot County",5,45,1762,883,879
050,23,019,"Maine","Penobscot County",5,46,1726,847,879
050,23,019,"Maine","Penobscot County",5,47,1675,824,851
050,23,019,"Maine","Penobscot County",5,48,1786,853,933
050,23,019,"Maine","Penobscot County",5,49,1786,881,905
050,23,019,"Maine","Penobscot County",5,50,1836,910,926
050,23,019,"Maine","Penobscot County",5,51,1959,948,1011
050,23,019,"Maine","Penobscot County",5,52,2063,1068,995
050,23,019,"Maine","Penobscot County",5,53,2016,1007,1009
050,23,019,"Maine","Penobscot County",5,54,2025,973,1052
050,23,019,"Maine","Penobscot County",5,55,1934,953,981
050,23,019,"Maine","Penobscot County",5,56,2019,988,1031
050,23,019,"Maine","Penobscot County",5,57,2087,1017,1070
050,23,019,"Maine","Penobscot County",5,58,2203,1052,1151
050,23,019,"Maine","Penobscot County",5,59,2324,1102,1222
050,23,019,"Maine","Penobscot County",5,60,2355,1175,1180
050,23,019,"Maine","Penobscot County",5,61,2396,1191,1205
050,23,019,"Maine","Penobscot County",5,62,2379,1161,1218
050,23,019,"Maine","Penobscot County",5,63,2360,1145,1215
050,23,019,"Maine","Penobscot County",5,64,2370,1160,1210
050,23,019,"Maine","Penobscot County",5,65,2320,1132,1188
050,23,019,"Maine","Penobscot County",5,66,2242,1095,1147
050,23,019,"Maine","Penobscot County",5,67,2133,1039,1094
050,23,019,"Maine","Penobscot County",5,68,2068,1009,1059
050,23,019,"Maine","Penobscot County",5,69,1991,971,1020
050,23,019,"Maine","Penobscot County",5,70,1887,900,987
050,23,019,"Maine","Penobscot County",5,71,1781,828,953
050,23,019,"Maine","Penobscot County",5,72,1723,805,918
050,23,019,"Maine","Penobscot County",5,73,1652,767,885
050,23,019,"Maine","Penobscot County",5,74,1627,762,865
050,23,019,"Maine","Penobscot County",5,75,1502,709,793
050,23,019,"Maine","Penobscot County",5,76,1538,737,801
050,23,019,"Maine","Penobscot County",5,77,1016,474,542
050,23,019,"Maine","Penobscot County",5,78,949,446,503
050,23,019,"Maine","Penobscot County",5,79,903,409,494
050,23,019,"Maine","Penobscot County",5,80,908,407,501
050,23,019,"Maine","Penobscot County",5,81,768,339,429
050,23,019,"Maine","Penobscot County",5,82,706,311,395
050,23,019,"Maine","Penobscot County",5,83,635,281,354
050,23,019,"Maine","Penobscot County",5,84,571,228,343
050,23,019,"Maine","Penobscot County",5,85,3281,1280,2001
050,23,021,"Maine","Piscataquis County",1,0,188,125,63
050,23,021,"Maine","Piscataquis County",1,1,174,117,57
050,23,021,"Maine","Piscataquis County",1,2,149,69,80
050,23,021,"Maine","Piscataquis County",1,3,154,82,72
050,23,021,"Maine","Piscataquis County",1,4,157,82,75
050,23,021,"Maine","Piscataquis County",1,5,133,65,68
050,23,021,"Maine","Piscataquis County",1,6,134,71,63
050,23,021,"Maine","Piscataquis County",1,7,148,79,69
050,23,021,"Maine","Piscataquis County",1,8,131,61,70
050,23,021,"Maine","Piscataquis County",1,9,142,64,78
050,23,021,"Maine","Piscataquis County",1,10,158,75,83
050,23,021,"Maine","Piscataquis County",1,11,157,77,80
050,23,021,"Maine","Piscataquis County",1,12,164,85,79
050,23,021,"Maine","Piscataquis County",1,13,174,90,84
050,23,021,"Maine","Piscataquis County",1,14,167,83,84
050,23,021,"Maine","Piscataquis County",1,15,188,91,97
050,23,021,"Maine","Piscataquis County",1,16,205,106,99
050,23,021,"Maine","Piscataquis County",1,17,205,108,97
050,23,021,"Maine","Piscataquis County",1,18,178,102,76
050,23,021,"Maine","Piscataquis County",1,19,136,76,60
050,23,021,"Maine","Piscataquis County",1,20,128,71,57
050,23,021,"Maine","Piscataquis County",1,21,130,62,68
050,23,021,"Maine","Piscataquis County",1,22,132,58,74
050,23,021,"Maine","Piscataquis County",1,23,137,67,70
050,23,021,"Maine","Piscataquis County",1,24,142,67,75
050,23,021,"Maine","Piscataquis County",1,25,148,76,72
050,23,021,"Maine","Piscataquis County",1,26,142,76,66
050,23,021,"Maine","Piscataquis County",1,27,134,68,66
050,23,021,"Maine","Piscataquis County",1,28,143,77,66
050,23,021,"Maine","Piscataquis County",1,29,140,77,63
050,23,021,"Maine","Piscataquis County",1,30,148,70,78
050,23,021,"Maine","Piscataquis County",1,31,146,65,81
050,23,021,"Maine","Piscataquis County",1,32,146,63,83
050,23,021,"Maine","Piscataquis County",1,33,162,82,80
050,23,021,"Maine","Piscataquis County",1,34,161,80,81
050,23,021,"Maine","Piscataquis County",1,35,182,91,91
050,23,021,"Maine","Piscataquis County",1,36,153,77,76
050,23,021,"Maine","Piscataquis County",1,37,174,84,90
050,23,021,"Maine","Piscataquis County",1,38,155,76,79
050,23,021,"Maine","Piscataquis County",1,39,169,83,86
050,23,021,"Maine","Piscataquis County",1,40,172,80,92
050,23,021,"Maine","Piscataquis County",1,41,187,91,96
050,23,021,"Maine","Piscataquis County",1,42,178,89,89
050,23,021,"Maine","Piscataquis County",1,43,167,82,85
050,23,021,"Maine","Piscataquis County",1,44,174,82,92
050,23,021,"Maine","Piscataquis County",1,45,192,96,96
050,23,021,"Maine","Piscataquis County",1,46,185,85,100
050,23,021,"Maine","Piscataquis County",1,47,209,102,107
050,23,021,"Maine","Piscataquis County",1,48,216,121,95
050,23,021,"Maine","Piscataquis County",1,49,232,131,101
050,23,021,"Maine","Piscataquis County",1,50,203,95,108
050,23,021,"Maine","Piscataquis County",1,51,208,87,121
050,23,021,"Maine","Piscataquis County",1,52,226,110,116
050,23,021,"Maine","Piscataquis County",1,53,243,127,116
050,23,021,"Maine","Piscataquis County",1,54,234,111,123
050,23,021,"Maine","Piscataquis County",1,55,240,117,123
050,23,021,"Maine","Piscataquis County",1,56,272,141,131
050,23,021,"Maine","Piscataquis County",1,57,278,135,143
050,23,021,"Maine","Piscataquis County",1,58,310,161,149
050,23,021,"Maine","Piscataquis County",1,59,330,168,162
050,23,021,"Maine","Piscataquis County",1,60,329,158,171
050,23,021,"Maine","Piscataquis County",1,61,325,168,157
050,23,021,"Maine","Piscataquis County",1,62,337,166,171
050,23,021,"Maine","Piscataquis County",1,63,330,175,155
050,23,021,"Maine","Piscataquis County",1,64,320,154,166
050,23,021,"Maine","Piscataquis County",1,65,307,155,152
050,23,021,"Maine","Piscataquis County",1,66,321,174,147
050,23,021,"Maine","Piscataquis County",1,67,296,147,149
050,23,021,"Maine","Piscataquis County",1,68,318,167,151
050,23,021,"Maine","Piscataquis County",1,69,270,141,129
050,23,021,"Maine","Piscataquis County",1,70,258,134,124
050,23,021,"Maine","Piscataquis County",1,71,262,145,117
050,23,021,"Maine","Piscataquis County",1,72,275,145,130
050,23,021,"Maine","Piscataquis County",1,73,268,144,124
050,23,021,"Maine","Piscataquis County",1,74,187,97,90
050,23,021,"Maine","Piscataquis County",1,75,190,96,94
050,23,021,"Maine","Piscataquis County",1,76,199,105,94
050,23,021,"Maine","Piscataquis County",1,77,181,100,81
050,23,021,"Maine","Piscataquis County",1,78,148,81,67
050,23,021,"Maine","Piscataquis County",1,79,130,72,58
050,23,021,"Maine","Piscataquis County",1,80,114,57,57
050,23,021,"Maine","Piscataquis County",1,81,107,50,57
050,23,021,"Maine","Piscataquis County",1,82,86,37,49
050,23,021,"Maine","Piscataquis County",1,83,70,26,44
050,23,021,"Maine","Piscataquis County",1,84,67,35,32
050,23,021,"Maine","Piscataquis County",1,85,436,180,256
050,23,021,"Maine","Piscataquis County",2,0,171,108,63
050,23,021,"Maine","Piscataquis County",2,1,177,119,58
050,23,021,"Maine","Piscataquis County",2,2,157,83,74
050,23,021,"Maine","Piscataquis County",2,3,151,78,73
050,23,021,"Maine","Piscataquis County",2,4,155,81,74
050,23,021,"Maine","Piscataquis County",2,5,138,68,70
050,23,021,"Maine","Piscataquis County",2,6,134,70,64
050,23,021,"Maine","Piscataquis County",2,7,145,77,68
050,23,021,"Maine","Piscataquis County",2,8,135,64,71
050,23,021,"Maine","Piscataquis County",2,9,140,64,76
050,23,021,"Maine","Piscataquis County",2,10,155,73,82
050,23,021,"Maine","Piscataquis County",2,11,157,77,80
050,23,021,"Maine","Piscataquis County",2,12,165,83,82
050,23,021,"Maine","Piscataquis County",2,13,174,90,84
050,23,021,"Maine","Piscataquis County",2,14,171,85,86
050,23,021,"Maine","Piscataquis County",2,15,183,89,94
050,23,021,"Maine","Piscataquis County",2,16,205,105,100
050,23,021,"Maine","Piscataquis County",2,17,205,109,96
050,23,021,"Maine","Piscataquis County",2,18,178,100,78
050,23,021,"Maine","Piscataquis County",2,19,136,77,59
050,23,021,"Maine","Piscataquis County",2,20,132,73,59
050,23,021,"Maine","Piscataquis County",2,21,130,63,67
050,23,021,"Maine","Piscataquis County",2,22,133,59,74
050,23,021,"Maine","Piscataquis County",2,23,137,65,72
050,23,021,"Maine","Piscataquis County",2,24,142,68,74
050,23,021,"Maine","Piscataquis County",2,25,147,75,72
050,23,021,"Maine","Piscataquis County",2,26,144,76,68
050,23,021,"Maine","Piscataquis County",2,27,137,70,67
050,23,021,"Maine","Piscataquis County",2,28,142,76,66
050,23,021,"Maine","Piscataquis County",2,29,140,76,64
050,23,021,"Maine","Piscataquis County",2,30,147,72,75
050,23,021,"Maine","Piscataquis County",2,31,149,67,82
050,23,021,"Maine","Piscataquis County",2,32,149,65,84
050,23,021,"Maine","Piscataquis County",2,33,157,78,79
050,23,021,"Maine","Piscataquis County",2,34,162,80,82
050,23,021,"Maine","Piscataquis County",2,35,179,91,88
050,23,021,"Maine","Piscataquis County",2,36,159,80,79
050,23,021,"Maine","Piscataquis County",2,37,168,81,87
050,23,021,"Maine","Piscataquis County",2,38,163,79,84
050,23,021,"Maine","Piscataquis County",2,39,165,81,84
050,23,021,"Maine","Piscataquis County",2,40,175,83,92
050,23,021,"Maine","Piscataquis County",2,41,183,88,95
050,23,021,"Maine","Piscataquis County",2,42,180,90,90
050,23,021,"Maine","Piscataquis County",2,43,172,84,88
050,23,021,"Maine","Piscataquis County",2,44,170,82,88
050,23,021,"Maine","Piscataquis County",2,45,188,92,96
050,23,021,"Maine","Piscataquis County",2,46,187,87,100
050,23,021,"Maine","Piscataquis County",2,47,205,99,106
050,23,021,"Maine","Piscataquis County",2,48,217,118,99
050,23,021,"Maine","Piscataquis County",2,49,230,130,100
050,23,021,"Maine","Piscataquis County",2,50,206,98,108
050,23,021,"Maine","Piscataquis County",2,51,206,89,117
050,23,021,"Maine","Piscataquis County",2,52,221,105,116
050,23,021,"Maine","Piscataquis County",2,53,238,122,116
050,23,021,"Maine","Piscataquis County",2,54,232,114,118
050,23,021,"Maine","Piscataquis County",2,55,241,118,123
050,23,021,"Maine","Piscataquis County",2,56,267,136,131
050,23,021,"Maine","Piscataquis County",2,57,278,140,138
050,23,021,"Maine","Piscataquis County",2,58,302,155,147
050,23,021,"Maine","Piscataquis County",2,59,326,165,161
050,23,021,"Maine","Piscataquis County",2,60,332,161,171
050,23,021,"Maine","Piscataquis County",2,61,326,168,158
050,23,021,"Maine","Piscataquis County",2,62,334,168,166
050,23,021,"Maine","Piscataquis County",2,63,339,177,162
050,23,021,"Maine","Piscataquis County",2,64,321,159,162
050,23,021,"Maine","Piscataquis County",2,65,311,156,155
050,23,021,"Maine","Piscataquis County",2,66,322,172,150
050,23,021,"Maine","Piscataquis County",2,67,303,154,149
050,23,021,"Maine","Piscataquis County",2,68,305,156,149
050,23,021,"Maine","Piscataquis County",2,69,282,148,134
050,23,021,"Maine","Piscataquis County",2,70,260,136,124
050,23,021,"Maine","Piscataquis County",2,71,262,143,119
050,23,021,"Maine","Piscataquis County",2,72,262,140,122
050,23,021,"Maine","Piscataquis County",2,73,283,151,132
050,23,021,"Maine","Piscataquis County",2,74,190,100,90
050,23,021,"Maine","Piscataquis County",2,75,188,96,92
050,23,021,"Maine","Piscataquis County",2,76,193,100,93
050,23,021,"Maine","Piscataquis County",2,77,185,103,82
050,23,021,"Maine","Piscataquis County",2,78,155,84,71
050,23,021,"Maine","Piscataquis County",2,79,130,71,59
050,23,021,"Maine","Piscataquis County",2,80,118,60,58
050,23,021,"Maine","Piscataquis County",2,81,107,51,56
050,23,021,"Maine","Piscataquis County",2,82,91,41,50
050,23,021,"Maine","Piscataquis County",2,83,73,28,45
050,23,021,"Maine","Piscataquis County",2,84,65,33,32
050,23,021,"Maine","Piscataquis County",2,85,433,176,257
050,23,021,"Maine","Piscataquis County",3,0,131,64,67
050,23,021,"Maine","Piscataquis County",3,1,180,111,69
050,23,021,"Maine","Piscataquis County",3,2,189,123,66
050,23,021,"Maine","Piscataquis County",3,3,164,84,80
050,23,021,"Maine","Piscataquis County",3,4,147,77,70
050,23,021,"Maine","Piscataquis County",3,5,168,90,78
050,23,021,"Maine","Piscataquis County",3,6,156,75,81
050,23,021,"Maine","Piscataquis County",3,7,142,78,64
050,23,021,"Maine","Piscataquis County",3,8,152,81,71
050,23,021,"Maine","Piscataquis County",3,9,140,66,74
050,23,021,"Maine","Piscataquis County",3,10,159,75,84
050,23,021,"Maine","Piscataquis County",3,11,159,76,83
050,23,021,"Maine","Piscataquis County",3,12,167,83,84
050,23,021,"Maine","Piscataquis County",3,13,176,87,89
050,23,021,"Maine","Piscataquis County",3,14,175,92,83
050,23,021,"Maine","Piscataquis County",3,15,177,90,87
050,23,021,"Maine","Piscataquis County",3,16,203,101,102
050,23,021,"Maine","Piscataquis County",3,17,208,110,98
050,23,021,"Maine","Piscataquis County",3,18,179,103,76
050,23,021,"Maine","Piscataquis County",3,19,140,76,64
050,23,021,"Maine","Piscataquis County",3,20,144,79,65
050,23,021,"Maine","Piscataquis County",3,21,139,77,62
050,23,021,"Maine","Piscataquis County",3,22,149,70,79
050,23,021,"Maine","Piscataquis County",3,23,150,65,85
050,23,021,"Maine","Piscataquis County",3,24,163,74,89
050,23,021,"Maine","Piscataquis County",3,25,149,73,76
050,23,021,"Maine","Piscataquis County",3,26,150,72,78
050,23,021,"Maine","Piscataquis County",3,27,156,84,72
050,23,021,"Maine","Piscataquis County",3,28,146,71,75
050,23,021,"Maine","Piscataquis County",3,29,146,82,64
050,23,021,"Maine","Piscataquis County",3,30,144,78,66
050,23,021,"Maine","Piscataquis County",3,31,153,72,81
050,23,021,"Maine","Piscataquis County",3,32,155,67,88
050,23,021,"Maine","Piscataquis County",3,33,155,67,88
050,23,021,"Maine","Piscataquis County",3,34,159,74,85
050,23,021,"Maine","Piscataquis County",3,35,176,91,85
050,23,021,"Maine","Piscataquis County",3,36,181,94,87
050,23,021,"Maine","Piscataquis County",3,37,171,84,87
050,23,021,"Maine","Piscataquis County",3,38,167,77,90
050,23,021,"Maine","Piscataquis County",3,39,174,86,88
050,23,021,"Maine","Piscataquis County",3,40,176,89,87
050,23,021,"Maine","Piscataquis County",3,41,192,87,105
050,23,021,"Maine","Piscataquis County",3,42,189,97,92
050,23,021,"Maine","Piscataquis County",3,43,188,89,99
050,23,021,"Maine","Piscataquis County",3,44,176,86,90
050,23,021,"Maine","Piscataquis County",3,45,189,92,97
050,23,021,"Maine","Piscataquis County",3,46,194,95,99
050,23,021,"Maine","Piscataquis County",3,47,190,87,103
050,23,021,"Maine","Piscataquis County",3,48,211,104,107
050,23,021,"Maine","Piscataquis County",3,49,232,129,103
050,23,021,"Maine","Piscataquis County",3,50,228,121,107
050,23,021,"Maine","Piscataquis County",3,51,217,103,114
050,23,021,"Maine","Piscataquis County",3,52,214,96,118
050,23,021,"Maine","Piscataquis County",3,53,232,112,120
050,23,021,"Maine","Piscataquis County",3,54,249,132,117
050,23,021,"Maine","Piscataquis County",3,55,248,118,130
050,23,021,"Maine","Piscataquis County",3,56,256,125,131
050,23,021,"Maine","Piscataquis County",3,57,259,131,128
050,23,021,"Maine","Piscataquis County",3,58,283,140,143
050,23,021,"Maine","Piscataquis County",3,59,310,161,149
050,23,021,"Maine","Piscataquis County",3,60,347,166,181
050,23,021,"Maine","Piscataquis County",3,61,328,168,160
050,23,021,"Maine","Piscataquis County",3,62,320,160,160
050,23,021,"Maine","Piscataquis County",3,63,345,176,169
050,23,021,"Maine","Piscataquis County",3,64,346,183,163
050,23,021,"Maine","Piscataquis County",3,65,323,168,155
050,23,021,"Maine","Piscataquis County",3,66,317,159,158
050,23,021,"Maine","Piscataquis County",3,67,318,166,152
050,23,021,"Maine","Piscataquis County",3,68,298,155,143
050,23,021,"Maine","Piscataquis County",3,69,299,152,147
050,23,021,"Maine","Piscataquis County",3,70,278,143,135
050,23,021,"Maine","Piscataquis County",3,71,260,134,126
050,23,021,"Maine","Piscataquis County",3,72,253,133,120
050,23,021,"Maine","Piscataquis County",3,73,255,138,117
050,23,021,"Maine","Piscataquis County",3,74,268,145,123
050,23,021,"Maine","Piscataquis County",3,75,181,98,83
050,23,021,"Maine","Piscataquis County",3,76,187,93,94
050,23,021,"Maine","Piscataquis County",3,77,186,98,88
050,23,021,"Maine","Piscataquis County",3,78,188,103,85
050,23,021,"Maine","Piscataquis County",3,79,145,78,67
050,23,021,"Maine","Piscataquis County",3,80,121,65,56
050,23,021,"Maine","Piscataquis County",3,81,105,53,52
050,23,021,"Maine","Piscataquis County",3,82,99,49,50
050,23,021,"Maine","Piscataquis County",3,83,87,40,47
050,23,021,"Maine","Piscataquis County",3,84,63,26,37
050,23,021,"Maine","Piscataquis County",3,85,428,175,253
050,23,021,"Maine","Piscataquis County",4,0,128,74,54
050,23,021,"Maine","Piscataquis County",4,1,146,71,75
050,23,021,"Maine","Piscataquis County",4,2,179,111,68
050,23,021,"Maine","Piscataquis County",4,3,171,101,70
050,23,021,"Maine","Piscataquis County",4,4,162,82,80
050,23,021,"Maine","Piscataquis County",4,5,155,75,80
050,23,021,"Maine","Piscataquis County",4,6,164,92,72
050,23,021,"Maine","Piscataquis County",4,7,150,76,74
050,23,021,"Maine","Piscataquis County",4,8,160,89,71
050,23,021,"Maine","Piscataquis County",4,9,162,81,81
050,23,021,"Maine","Piscataquis County",4,10,151,69,82
050,23,021,"Maine","Piscataquis County",4,11,165,78,87
050,23,021,"Maine","Piscataquis County",4,12,160,78,82
050,23,021,"Maine","Piscataquis County",4,13,169,81,88
050,23,021,"Maine","Piscataquis County",4,14,167,82,85
050,23,021,"Maine","Piscataquis County",4,15,181,91,90
050,23,021,"Maine","Piscataquis County",4,16,210,108,102
050,23,021,"Maine","Piscataquis County",4,17,210,104,106
050,23,021,"Maine","Piscataquis County",4,18,181,97,84
050,23,021,"Maine","Piscataquis County",4,19,135,79,56
050,23,021,"Maine","Piscataquis County",4,20,142,77,65
050,23,021,"Maine","Piscataquis County",4,21,151,82,69
050,23,021,"Maine","Piscataquis County",4,22,152,82,70
050,23,021,"Maine","Piscataquis County",4,23,153,71,82
050,23,021,"Maine","Piscataquis County",4,24,185,73,112
050,23,021,"Maine","Piscataquis County",4,25,162,74,88
050,23,021,"Maine","Piscataquis County",4,26,148,75,73
050,23,021,"Maine","Piscataquis County",4,27,142,64,78
050,23,021,"Maine","Piscataquis County",4,28,163,89,74
050,23,021,"Maine","Piscataquis County",4,29,147,78,69
050,23,021,"Maine","Piscataquis County",4,30,149,86,63
050,23,021,"Maine","Piscataquis County",4,31,151,80,71
050,23,021,"Maine","Piscataquis County",4,32,167,75,92
050,23,021,"Maine","Piscataquis County",4,33,166,71,95
050,23,021,"Maine","Piscataquis County",4,34,157,65,92
050,23,021,"Maine","Piscataquis County",4,35,170,79,91
050,23,021,"Maine","Piscataquis County",4,36,180,95,85
050,23,021,"Maine","Piscataquis County",4,37,183,98,85
050,23,021,"Maine","Piscataquis County",4,38,176,90,86
050,23,021,"Maine","Piscataquis County",4,39,185,86,99
050,23,021,"Maine","Piscataquis County",4,40,187,94,93
050,23,021,"Maine","Piscataquis County",4,41,180,90,90
050,23,021,"Maine","Piscataquis County",4,42,199,91,108
050,23,021,"Maine","Piscataquis County",4,43,185,92,93
050,23,021,"Maine","Piscataquis County",4,44,186,86,100
050,23,021,"Maine","Piscataquis County",4,45,184,84,100
050,23,021,"Maine","Piscataquis County",4,46,199,96,103
050,23,021,"Maine","Piscataquis County",4,47,192,94,98
050,23,021,"Maine","Piscataquis County",4,48,195,90,105
050,23,021,"Maine","Piscataquis County",4,49,217,108,109
050,23,021,"Maine","Piscataquis County",4,50,229,124,105
050,23,021,"Maine","Piscataquis County",4,51,237,127,110
050,23,021,"Maine","Piscataquis County",4,52,219,103,116
050,23,021,"Maine","Piscataquis County",4,53,221,99,122
050,23,021,"Maine","Piscataquis County",4,54,234,110,124
050,23,021,"Maine","Piscataquis County",4,55,253,137,116
050,23,021,"Maine","Piscataquis County",4,56,260,129,131
050,23,021,"Maine","Piscataquis County",4,57,253,123,130
050,23,021,"Maine","Piscataquis County",4,58,266,128,138
050,23,021,"Maine","Piscataquis County",4,59,292,147,145
050,23,021,"Maine","Piscataquis County",4,60,326,168,158
050,23,021,"Maine","Piscataquis County",4,61,347,169,178
050,23,021,"Maine","Piscataquis County",4,62,325,165,160
050,23,021,"Maine","Piscataquis County",4,63,330,162,168
050,23,021,"Maine","Piscataquis County",4,64,352,179,173
050,23,021,"Maine","Piscataquis County",4,65,345,184,161
050,23,021,"Maine","Piscataquis County",4,66,333,178,155
050,23,021,"Maine","Piscataquis County",4,67,321,166,155
050,23,021,"Maine","Piscataquis County",4,68,321,165,156
050,23,021,"Maine","Piscataquis County",4,69,296,149,147
050,23,021,"Maine","Piscataquis County",4,70,295,149,146
050,23,021,"Maine","Piscataquis County",4,71,274,143,131
050,23,021,"Maine","Piscataquis County",4,72,254,128,126
050,23,021,"Maine","Piscataquis County",4,73,233,122,111
050,23,021,"Maine","Piscataquis County",4,74,240,129,111
050,23,021,"Maine","Piscataquis County",4,75,254,138,116
050,23,021,"Maine","Piscataquis County",4,76,182,99,83
050,23,021,"Maine","Piscataquis County",4,77,174,87,87
050,23,021,"Maine","Piscataquis County",4,78,185,96,89
050,23,021,"Maine","Piscataquis County",4,79,176,95,81
050,23,021,"Maine","Piscataquis County",4,80,137,73,64
050,23,021,"Maine","Piscataquis County",4,81,108,55,53
050,23,021,"Maine","Piscataquis County",4,82,90,48,42
050,23,021,"Maine","Piscataquis County",4,83,97,47,50
050,23,021,"Maine","Piscataquis County",4,84,79,36,43
050,23,021,"Maine","Piscataquis County",4,85,406,164,242
050,23,021,"Maine","Piscataquis County",5,0,125,73,52
050,23,021,"Maine","Piscataquis County",5,1,135,86,49
050,23,021,"Maine","Piscataquis County",5,2,153,73,80
050,23,021,"Maine","Piscataquis County",5,3,178,110,68
050,23,021,"Maine","Piscataquis County",5,4,177,102,75
050,23,021,"Maine","Piscataquis County",5,5,157,75,82
050,23,021,"Maine","Piscataquis County",5,6,154,78,76
050,23,021,"Maine","Piscataquis County",5,7,158,89,69
050,23,021,"Maine","Piscataquis County",5,8,160,80,80
050,23,021,"Maine","Piscataquis County",5,9,157,87,70
050,23,021,"Maine","Piscataquis County",5,10,166,84,82
050,23,021,"Maine","Piscataquis County",5,11,145,66,79
050,23,021,"Maine","Piscataquis County",5,12,171,82,89
050,23,021,"Maine","Piscataquis County",5,13,176,87,89
050,23,021,"Maine","Piscataquis County",5,14,176,86,90
050,23,021,"Maine","Piscataquis County",5,15,169,86,83
050,23,021,"Maine","Piscataquis County",5,16,199,104,95
050,23,021,"Maine","Piscataquis County",5,17,212,112,100
050,23,021,"Maine","Piscataquis County",5,18,185,98,87
050,23,021,"Maine","Piscataquis County",5,19,135,73,62
050,23,021,"Maine","Piscataquis County",5,20,138,81,57
050,23,021,"Maine","Piscataquis County",5,21,144,81,63
050,23,021,"Maine","Piscataquis County",5,22,155,85,70
050,23,021,"Maine","Piscataquis County",5,23,168,87,81
050,23,021,"Maine","Piscataquis County",5,24,161,76,85
050,23,021,"Maine","Piscataquis County",5,25,189,83,106
050,23,021,"Maine","Piscataquis County",5,26,164,75,89
050,23,021,"Maine","Piscataquis County",5,27,156,80,76
050,23,021,"Maine","Piscataquis County",5,28,155,73,82
050,23,021,"Maine","Piscataquis County",5,29,161,86,75
050,23,021,"Maine","Piscataquis County",5,30,157,76,81
050,23,021,"Maine","Piscataquis County",5,31,151,85,66
050,23,021,"Maine","Piscataquis County",5,32,144,73,71
050,23,021,"Maine","Piscataquis County",5,33,166,78,88
050,23,021,"Maine","Piscataquis County",5,34,176,75,101
050,23,021,"Maine","Piscataquis County",5,35,159,67,92
050,23,021,"Maine","Piscataquis County",5,36,176,80,96
050,23,021,"Maine","Piscataquis County",5,37,175,89,86
050,23,021,"Maine","Piscataquis County",5,38,190,102,88
050,23,021,"Maine","Piscataquis County",5,39,183,93,90
050,23,021,"Maine","Piscataquis County",5,40,198,92,106
050,23,021,"Maine","Piscataquis County",5,41,200,97,103
050,23,021,"Maine","Piscataquis County",5,42,190,95,95
050,23,021,"Maine","Piscataquis County",5,43,190,89,101
050,23,021,"Maine","Piscataquis County",5,44,174,83,91
050,23,021,"Maine","Piscataquis County",5,45,190,89,101
050,23,021,"Maine","Piscataquis County",5,46,200,95,105
050,23,021,"Maine","Piscataquis County",5,47,198,93,105
050,23,021,"Maine","Piscataquis County",5,48,197,96,101
050,23,021,"Maine","Piscataquis County",5,49,206,100,106
050,23,021,"Maine","Piscataquis County",5,50,215,98,117
050,23,021,"Maine","Piscataquis County",5,51,242,133,109
050,23,021,"Maine","Piscataquis County",5,52,246,128,118
050,23,021,"Maine","Piscataquis County",5,53,218,101,117
050,23,021,"Maine","Piscataquis County",5,54,219,97,122
050,23,021,"Maine","Piscataquis County",5,55,241,112,129
050,23,021,"Maine","Piscataquis County",5,56,250,129,121
050,23,021,"Maine","Piscataquis County",5,57,257,123,134
050,23,021,"Maine","Piscataquis County",5,58,258,129,129
050,23,021,"Maine","Piscataquis County",5,59,270,132,138
050,23,021,"Maine","Piscataquis County",5,60,316,157,159
050,23,021,"Maine","Piscataquis County",5,61,324,169,155
050,23,021,"Maine","Piscataquis County",5,62,358,171,187
050,23,021,"Maine","Piscataquis County",5,63,336,168,168
050,23,021,"Maine","Piscataquis County",5,64,336,171,165
050,23,021,"Maine","Piscataquis County",5,65,360,186,174
050,23,021,"Maine","Piscataquis County",5,66,350,187,163
050,23,021,"Maine","Piscataquis County",5,67,322,177,145
050,23,021,"Maine","Piscataquis County",5,68,314,162,152
050,23,021,"Maine","Piscataquis County",5,69,311,159,152
050,23,021,"Maine","Piscataquis County",5,70,294,150,144
050,23,021,"Maine","Piscataquis County",5,71,287,147,140
050,23,021,"Maine","Piscataquis County",5,72,257,134,123
050,23,021,"Maine","Piscataquis County",5,73,231,116,115
050,23,021,"Maine","Piscataquis County",5,74,218,113,105
050,23,021,"Maine","Piscataquis County",5,75,238,128,110
050,23,021,"Maine","Piscataquis County",5,76,246,132,114
050,23,021,"Maine","Piscataquis County",5,77,164,89,75
050,23,021,"Maine","Piscataquis County",5,78,181,87,94
050,23,021,"Maine","Piscataquis County",5,79,177,90,87
050,23,021,"Maine","Piscataquis County",5,80,167,88,79
050,23,021,"Maine","Piscataquis County",5,81,120,65,55
050,23,021,"Maine","Piscataquis County",5,82,92,49,43
050,23,021,"Maine","Piscataquis County",5,83,85,44,41
050,23,021,"Maine","Piscataquis County",5,84,85,43,42
050,23,021,"Maine","Piscataquis County",5,85,402,162,240
050,23,023,"Maine","Sagadahoc County",1,0,310,157,153
050,23,023,"Maine","Sagadahoc County",1,1,304,155,149
050,23,023,"Maine","Sagadahoc County",1,2,322,164,158
050,23,023,"Maine","Sagadahoc County",1,3,352,180,172
050,23,023,"Maine","Sagadahoc County",1,4,391,209,182
050,23,023,"Maine","Sagadahoc County",1,5,378,195,183
050,23,023,"Maine","Sagadahoc County",1,6,359,192,167
050,23,023,"Maine","Sagadahoc County",1,7,364,192,172
050,23,023,"Maine","Sagadahoc County",1,8,389,201,188
050,23,023,"Maine","Sagadahoc County",1,9,377,194,183
050,23,023,"Maine","Sagadahoc County",1,10,398,216,182
050,23,023,"Maine","Sagadahoc County",1,11,401,217,184
050,23,023,"Maine","Sagadahoc County",1,12,402,221,181
050,23,023,"Maine","Sagadahoc County",1,13,433,223,210
050,23,023,"Maine","Sagadahoc County",1,14,429,206,223
050,23,023,"Maine","Sagadahoc County",1,15,424,216,208
050,23,023,"Maine","Sagadahoc County",1,16,460,229,231
050,23,023,"Maine","Sagadahoc County",1,17,444,223,221
050,23,023,"Maine","Sagadahoc County",1,18,346,193,153
050,23,023,"Maine","Sagadahoc County",1,19,268,145,123
050,23,023,"Maine","Sagadahoc County",1,20,304,159,145
050,23,023,"Maine","Sagadahoc County",1,21,322,173,149
050,23,023,"Maine","Sagadahoc County",1,22,315,151,164
050,23,023,"Maine","Sagadahoc County",1,23,323,166,157
050,23,023,"Maine","Sagadahoc County",1,24,353,177,176
050,23,023,"Maine","Sagadahoc County",1,25,335,158,177
050,23,023,"Maine","Sagadahoc County",1,26,378,182,196
050,23,023,"Maine","Sagadahoc County",1,27,392,184,208
050,23,023,"Maine","Sagadahoc County",1,28,416,216,200
050,23,023,"Maine","Sagadahoc County",1,29,401,206,195
050,23,023,"Maine","Sagadahoc County",1,30,410,197,213
050,23,023,"Maine","Sagadahoc County",1,31,436,209,227
050,23,023,"Maine","Sagadahoc County",1,32,440,207,233
050,23,023,"Maine","Sagadahoc County",1,33,460,227,233
050,23,023,"Maine","Sagadahoc County",1,34,462,221,241
050,23,023,"Maine","Sagadahoc County",1,35,440,223,217
050,23,023,"Maine","Sagadahoc County",1,36,461,231,230
050,23,023,"Maine","Sagadahoc County",1,37,448,219,229
050,23,023,"Maine","Sagadahoc County",1,38,472,243,229
050,23,023,"Maine","Sagadahoc County",1,39,437,225,212
050,23,023,"Maine","Sagadahoc County",1,40,446,223,223
050,23,023,"Maine","Sagadahoc County",1,41,426,207,219
050,23,023,"Maine","Sagadahoc County",1,42,435,207,228
050,23,023,"Maine","Sagadahoc County",1,43,386,179,207
050,23,023,"Maine","Sagadahoc County",1,44,378,191,187
050,23,023,"Maine","Sagadahoc County",1,45,405,201,204
050,23,023,"Maine","Sagadahoc County",1,46,388,187,201
050,23,023,"Maine","Sagadahoc County",1,47,406,196,210
050,23,023,"Maine","Sagadahoc County",1,48,505,248,257
050,23,023,"Maine","Sagadahoc County",1,49,533,260,273
050,23,023,"Maine","Sagadahoc County",1,50,475,240,235
050,23,023,"Maine","Sagadahoc County",1,51,516,263,253
050,23,023,"Maine","Sagadahoc County",1,52,480,226,254
050,23,023,"Maine","Sagadahoc County",1,53,473,232,241
050,23,023,"Maine","Sagadahoc County",1,54,497,255,242
050,23,023,"Maine","Sagadahoc County",1,55,540,265,275
050,23,023,"Maine","Sagadahoc County",1,56,544,266,278
050,23,023,"Maine","Sagadahoc County",1,57,541,269,272
050,23,023,"Maine","Sagadahoc County",1,58,643,307,336
050,23,023,"Maine","Sagadahoc County",1,59,616,276,340
050,23,023,"Maine","Sagadahoc County",1,60,634,310,324
050,23,023,"Maine","Sagadahoc County",1,61,633,307,326
050,23,023,"Maine","Sagadahoc County",1,62,614,289,325
050,23,023,"Maine","Sagadahoc County",1,63,559,273,286
050,23,023,"Maine","Sagadahoc County",1,64,561,270,291
050,23,023,"Maine","Sagadahoc County",1,65,546,259,287
050,23,023,"Maine","Sagadahoc County",1,66,567,261,306
050,23,023,"Maine","Sagadahoc County",1,67,568,266,302
050,23,023,"Maine","Sagadahoc County",1,68,536,268,268
050,23,023,"Maine","Sagadahoc County",1,69,496,235,261
050,23,023,"Maine","Sagadahoc County",1,70,480,237,243
050,23,023,"Maine","Sagadahoc County",1,71,466,224,242
050,23,023,"Maine","Sagadahoc County",1,72,519,241,278
050,23,023,"Maine","Sagadahoc County",1,73,491,234,257
050,23,023,"Maine","Sagadahoc County",1,74,341,167,174
050,23,023,"Maine","Sagadahoc County",1,75,357,166,191
050,23,023,"Maine","Sagadahoc County",1,76,363,163,200
050,23,023,"Maine","Sagadahoc County",1,77,331,154,177
050,23,023,"Maine","Sagadahoc County",1,78,274,131,143
050,23,023,"Maine","Sagadahoc County",1,79,264,129,135
050,23,023,"Maine","Sagadahoc County",1,80,229,108,121
050,23,023,"Maine","Sagadahoc County",1,81,232,98,134
050,23,023,"Maine","Sagadahoc County",1,82,187,88,99
050,23,023,"Maine","Sagadahoc County",1,83,175,77,98
050,23,023,"Maine","Sagadahoc County",1,84,161,84,77
050,23,023,"Maine","Sagadahoc County",1,85,930,335,595
050,23,023,"Maine","Sagadahoc County",2,0,306,158,148
050,23,023,"Maine","Sagadahoc County",2,1,305,157,148
050,23,023,"Maine","Sagadahoc County",2,2,317,162,155
050,23,023,"Maine","Sagadahoc County",2,3,346,179,167
050,23,023,"Maine","Sagadahoc County",2,4,382,205,177
050,23,023,"Maine","Sagadahoc County",2,5,381,199,182
050,23,023,"Maine","Sagadahoc County",2,6,366,195,171
050,23,023,"Maine","Sagadahoc County",2,7,365,194,171
050,23,023,"Maine","Sagadahoc County",2,8,379,197,182
050,23,023,"Maine","Sagadahoc County",2,9,378,194,184
050,23,023,"Maine","Sagadahoc County",2,10,388,209,179
050,23,023,"Maine","Sagadahoc County",2,11,400,217,183
050,23,023,"Maine","Sagadahoc County",2,12,404,222,182
050,23,023,"Maine","Sagadahoc County",2,13,426,223,203
050,23,023,"Maine","Sagadahoc County",2,14,429,209,220
050,23,023,"Maine","Sagadahoc County",2,15,428,215,213
050,23,023,"Maine","Sagadahoc County",2,16,451,225,226
050,23,023,"Maine","Sagadahoc County",2,17,445,223,222
050,23,023,"Maine","Sagadahoc County",2,18,350,191,159
050,23,023,"Maine","Sagadahoc County",2,19,274,150,124
050,23,023,"Maine","Sagadahoc County",2,20,302,159,143
050,23,023,"Maine","Sagadahoc County",2,21,323,170,153
050,23,023,"Maine","Sagadahoc County",2,22,319,157,162
050,23,023,"Maine","Sagadahoc County",2,23,330,168,162
050,23,023,"Maine","Sagadahoc County",2,24,350,178,172
050,23,023,"Maine","Sagadahoc County",2,25,344,165,179
050,23,023,"Maine","Sagadahoc County",2,26,372,178,194
050,23,023,"Maine","Sagadahoc County",2,27,397,189,208
050,23,023,"Maine","Sagadahoc County",2,28,413,211,202
050,23,023,"Maine","Sagadahoc County",2,29,404,208,196
050,23,023,"Maine","Sagadahoc County",2,30,409,200,209
050,23,023,"Maine","Sagadahoc County",2,31,431,207,224
050,23,023,"Maine","Sagadahoc County",2,32,442,209,233
050,23,023,"Maine","Sagadahoc County",2,33,457,221,236
050,23,023,"Maine","Sagadahoc County",2,34,464,224,240
050,23,023,"Maine","Sagadahoc County",2,35,450,225,225
050,23,023,"Maine","Sagadahoc County",2,36,454,228,226
050,23,023,"Maine","Sagadahoc County",2,37,454,224,230
050,23,023,"Maine","Sagadahoc County",2,38,467,238,229
050,23,023,"Maine","Sagadahoc County",2,39,445,230,215
050,23,023,"Maine","Sagadahoc County",2,40,448,227,221
050,23,023,"Maine","Sagadahoc County",2,41,428,208,220
050,23,023,"Maine","Sagadahoc County",2,42,431,207,224
050,23,023,"Maine","Sagadahoc County",2,43,399,188,211
050,23,023,"Maine","Sagadahoc County",2,44,378,189,189
050,23,023,"Maine","Sagadahoc County",2,45,401,199,202
050,23,023,"Maine","Sagadahoc County",2,46,390,187,203
050,23,023,"Maine","Sagadahoc County",2,47,403,194,209
050,23,023,"Maine","Sagadahoc County",2,48,477,232,245
050,23,023,"Maine","Sagadahoc County",2,49,527,259,268
050,23,023,"Maine","Sagadahoc County",2,50,492,246,246
050,23,023,"Maine","Sagadahoc County",2,51,509,259,250
050,23,023,"Maine","Sagadahoc County",2,52,487,234,253
050,23,023,"Maine","Sagadahoc County",2,53,475,229,246
050,23,023,"Maine","Sagadahoc County",2,54,489,249,240
050,23,023,"Maine","Sagadahoc County",2,55,532,264,268
050,23,023,"Maine","Sagadahoc County",2,56,544,264,280
050,23,023,"Maine","Sagadahoc County",2,57,546,271,275
050,23,023,"Maine","Sagadahoc County",2,58,621,297,324
050,23,023,"Maine","Sagadahoc County",2,59,626,285,341
050,23,023,"Maine","Sagadahoc County",2,60,628,300,328
050,23,023,"Maine","Sagadahoc County",2,61,627,303,324
050,23,023,"Maine","Sagadahoc County",2,62,617,293,324
050,23,023,"Maine","Sagadahoc County",2,63,575,279,296
050,23,023,"Maine","Sagadahoc County",2,64,553,268,285
050,23,023,"Maine","Sagadahoc County",2,65,547,262,285
050,23,023,"Maine","Sagadahoc County",2,66,560,259,301
050,23,023,"Maine","Sagadahoc County",2,67,568,265,303
050,23,023,"Maine","Sagadahoc County",2,68,537,263,274
050,23,023,"Maine","Sagadahoc County",2,69,509,245,264
050,23,023,"Maine","Sagadahoc County",2,70,483,237,246
050,23,023,"Maine","Sagadahoc County",2,71,473,229,244
050,23,023,"Maine","Sagadahoc County",2,72,498,232,266
050,23,023,"Maine","Sagadahoc County",2,73,521,247,274
050,23,023,"Maine","Sagadahoc County",2,74,354,172,182
050,23,023,"Maine","Sagadahoc County",2,75,353,165,188
050,23,023,"Maine","Sagadahoc County",2,76,358,163,195
050,23,023,"Maine","Sagadahoc County",2,77,339,154,185
050,23,023,"Maine","Sagadahoc County",2,78,285,137,148
050,23,023,"Maine","Sagadahoc County",2,79,260,126,134
050,23,023,"Maine","Sagadahoc County",2,80,237,111,126
050,23,023,"Maine","Sagadahoc County",2,81,228,98,130
050,23,023,"Maine","Sagadahoc County",2,82,194,91,103
050,23,023,"Maine","Sagadahoc County",2,83,173,76,97
050,23,023,"Maine","Sagadahoc County",2,84,163,83,80
050,23,023,"Maine","Sagadahoc County",2,85,942,344,598
050,23,023,"Maine","Sagadahoc County",3,0,281,132,149
050,23,023,"Maine","Sagadahoc County",3,1,310,161,149
050,23,023,"Maine","Sagadahoc County",3,2,310,164,146
050,23,023,"Maine","Sagadahoc County",3,3,313,153,160
050,23,023,"Maine","Sagadahoc County",3,4,341,170,171
050,23,023,"Maine","Sagadahoc County",3,5,384,209,175
050,23,023,"Maine","Sagadahoc County",3,6,384,202,182
050,23,023,"Maine","Sagadahoc County",3,7,366,204,162
050,23,023,"Maine","Sagadahoc County",3,8,368,189,179
050,23,023,"Maine","Sagadahoc County",3,9,390,219,171
050,23,023,"Maine","Sagadahoc County",3,10,399,199,200
050,23,023,"Maine","Sagadahoc County",3,11,393,208,185
050,23,023,"Maine","Sagadahoc County",3,12,411,227,184
050,23,023,"Maine","Sagadahoc County",3,13,403,217,186
050,23,023,"Maine","Sagadahoc County",3,14,422,221,201
050,23,023,"Maine","Sagadahoc County",3,15,432,207,225
050,23,023,"Maine","Sagadahoc County",3,16,423,214,209
050,23,023,"Maine","Sagadahoc County",3,17,450,228,222
050,23,023,"Maine","Sagadahoc County",3,18,372,185,187
050,23,023,"Maine","Sagadahoc County",3,19,280,157,123
050,23,023,"Maine","Sagadahoc County",3,20,300,165,135
050,23,023,"Maine","Sagadahoc County",3,21,323,164,159
050,23,023,"Maine","Sagadahoc County",3,22,342,178,164
050,23,023,"Maine","Sagadahoc County",3,23,346,172,174
050,23,023,"Maine","Sagadahoc County",3,24,358,186,172
050,23,023,"Maine","Sagadahoc County",3,25,371,181,190
050,23,023,"Maine","Sagadahoc County",3,26,368,177,191
050,23,023,"Maine","Sagadahoc County",3,27,388,177,211
050,23,023,"Maine","Sagadahoc County",3,28,397,186,211
050,23,023,"Maine","Sagadahoc County",3,29,428,226,202
050,23,023,"Maine","Sagadahoc County",3,30,409,210,199
050,23,023,"Maine","Sagadahoc County",3,31,434,216,218
050,23,023,"Maine","Sagadahoc County",3,32,438,209,229
050,23,023,"Maine","Sagadahoc County",3,33,454,219,235
050,23,023,"Maine","Sagadahoc County",3,34,498,250,248
050,23,023,"Maine","Sagadahoc County",3,35,487,237,250
050,23,023,"Maine","Sagadahoc County",3,36,466,229,237
050,23,023,"Maine","Sagadahoc County",3,37,459,230,229
050,23,023,"Maine","Sagadahoc County",3,38,471,233,238
050,23,023,"Maine","Sagadahoc County",3,39,493,254,239
050,23,023,"Maine","Sagadahoc County",3,40,455,239,216
050,23,023,"Maine","Sagadahoc County",3,41,445,228,217
050,23,023,"Maine","Sagadahoc County",3,42,447,210,237
050,23,023,"Maine","Sagadahoc County",3,43,430,214,216
050,23,023,"Maine","Sagadahoc County",3,44,408,191,217
050,23,023,"Maine","Sagadahoc County",3,45,403,205,198
050,23,023,"Maine","Sagadahoc County",3,46,408,202,206
050,23,023,"Maine","Sagadahoc County",3,47,400,199,201
050,23,023,"Maine","Sagadahoc County",3,48,411,208,203
050,23,023,"Maine","Sagadahoc County",3,49,489,237,252
050,23,023,"Maine","Sagadahoc County",3,50,518,254,264
050,23,023,"Maine","Sagadahoc County",3,51,488,243,245
050,23,023,"Maine","Sagadahoc County",3,52,510,257,253
050,23,023,"Maine","Sagadahoc County",3,53,483,235,248
050,23,023,"Maine","Sagadahoc County",3,54,466,234,232
050,23,023,"Maine","Sagadahoc County",3,55,499,251,248
050,23,023,"Maine","Sagadahoc County",3,56,534,259,275
050,23,023,"Maine","Sagadahoc County",3,57,552,269,283
050,23,023,"Maine","Sagadahoc County",3,58,577,282,295
050,23,023,"Maine","Sagadahoc County",3,59,619,294,325
050,23,023,"Maine","Sagadahoc County",3,60,635,279,356
050,23,023,"Maine","Sagadahoc County",3,61,643,314,329
050,23,023,"Maine","Sagadahoc County",3,62,624,299,325
050,23,023,"Maine","Sagadahoc County",3,63,622,302,320
050,23,023,"Maine","Sagadahoc County",3,64,584,282,302
050,23,023,"Maine","Sagadahoc County",3,65,558,270,288
050,23,023,"Maine","Sagadahoc County",3,66,540,259,281
050,23,023,"Maine","Sagadahoc County",3,67,555,255,300
050,23,023,"Maine","Sagadahoc County",3,68,561,263,298
050,23,023,"Maine","Sagadahoc County",3,69,538,262,276
050,23,023,"Maine","Sagadahoc County",3,70,517,256,261
050,23,023,"Maine","Sagadahoc County",3,71,479,230,249
050,23,023,"Maine","Sagadahoc County",3,72,469,218,251
050,23,023,"Maine","Sagadahoc County",3,73,488,228,260
050,23,023,"Maine","Sagadahoc County",3,74,516,247,269
050,23,023,"Maine","Sagadahoc County",3,75,349,168,181
050,23,023,"Maine","Sagadahoc County",3,76,334,156,178
050,23,023,"Maine","Sagadahoc County",3,77,336,154,182
050,23,023,"Maine","Sagadahoc County",3,78,343,155,188
050,23,023,"Maine","Sagadahoc County",3,79,264,121,143
050,23,023,"Maine","Sagadahoc County",3,80,254,121,133
050,23,023,"Maine","Sagadahoc County",3,81,237,103,134
050,23,023,"Maine","Sagadahoc County",3,82,212,96,116
050,23,023,"Maine","Sagadahoc County",3,83,176,75,101
050,23,023,"Maine","Sagadahoc County",3,84,162,77,85
050,23,023,"Maine","Sagadahoc County",3,85,970,389,581
050,23,023,"Maine","Sagadahoc County",4,0,306,156,150
050,23,023,"Maine","Sagadahoc County",4,1,305,144,161
050,23,023,"Maine","Sagadahoc County",4,2,332,176,156
050,23,023,"Maine","Sagadahoc County",4,3,313,166,147
050,23,023,"Maine","Sagadahoc County",4,4,323,149,174
050,23,023,"Maine","Sagadahoc County",4,5,355,180,175
050,23,023,"Maine","Sagadahoc County",4,6,375,198,177
050,23,023,"Maine","Sagadahoc County",4,7,389,208,181
050,23,023,"Maine","Sagadahoc County",4,8,357,184,173
050,23,023,"Maine","Sagadahoc County",4,9,372,189,183
050,23,023,"Maine","Sagadahoc County",4,10,387,211,176
050,23,023,"Maine","Sagadahoc County",4,11,386,195,191
050,23,023,"Maine","Sagadahoc County",4,12,392,203,189
050,23,023,"Maine","Sagadahoc County",4,13,413,229,184
050,23,023,"Maine","Sagadahoc County",4,14,400,218,182
050,23,023,"Maine","Sagadahoc County",4,15,423,220,203
050,23,023,"Maine","Sagadahoc County",4,16,426,210,216
050,23,023,"Maine","Sagadahoc County",4,17,427,214,213
050,23,023,"Maine","Sagadahoc County",4,18,378,198,180
050,23,023,"Maine","Sagadahoc County",4,19,279,142,137
050,23,023,"Maine","Sagadahoc County",4,20,280,155,125
050,23,023,"Maine","Sagadahoc County",4,21,318,170,148
050,23,023,"Maine","Sagadahoc County",4,22,319,161,158
050,23,023,"Maine","Sagadahoc County",4,23,334,180,154
050,23,023,"Maine","Sagadahoc County",4,24,349,183,166
050,23,023,"Maine","Sagadahoc County",4,25,365,189,176
050,23,023,"Maine","Sagadahoc County",4,26,359,185,174
050,23,023,"Maine","Sagadahoc County",4,27,382,179,203
050,23,023,"Maine","Sagadahoc County",4,28,404,191,213
050,23,023,"Maine","Sagadahoc County",4,29,413,193,220
050,23,023,"Maine","Sagadahoc County",4,30,485,269,216
050,23,023,"Maine","Sagadahoc County",4,31,437,232,205
050,23,023,"Maine","Sagadahoc County",4,32,462,234,228
050,23,023,"Maine","Sagadahoc County",4,33,462,212,250
050,23,023,"Maine","Sagadahoc County",4,34,477,240,237
050,23,023,"Maine","Sagadahoc County",4,35,493,242,251
050,23,023,"Maine","Sagadahoc County",4,36,506,255,251
050,23,023,"Maine","Sagadahoc County",4,37,479,237,242
050,23,023,"Maine","Sagadahoc County",4,38,465,233,232
050,23,023,"Maine","Sagadahoc County",4,39,481,241,240
050,23,023,"Maine","Sagadahoc County",4,40,494,250,244
050,23,023,"Maine","Sagadahoc County",4,41,455,239,216
050,23,023,"Maine","Sagadahoc County",4,42,451,221,230
050,23,023,"Maine","Sagadahoc County",4,43,442,214,228
050,23,023,"Maine","Sagadahoc County",4,44,419,208,211
050,23,023,"Maine","Sagadahoc County",4,45,401,190,211
050,23,023,"Maine","Sagadahoc County",4,46,410,206,204
050,23,023,"Maine","Sagadahoc County",4,47,398,196,202
050,23,023,"Maine","Sagadahoc County",4,48,383,186,197
050,23,023,"Maine","Sagadahoc County",4,49,405,207,198
050,23,023,"Maine","Sagadahoc County",4,50,494,241,253
050,23,023,"Maine","Sagadahoc County",4,51,516,249,267
050,23,023,"Maine","Sagadahoc County",4,52,501,244,257
050,23,023,"Maine","Sagadahoc County",4,53,527,264,263
050,23,023,"Maine","Sagadahoc County",4,54,506,244,262
050,23,023,"Maine","Sagadahoc County",4,55,472,238,234
050,23,023,"Maine","Sagadahoc County",4,56,500,254,246
050,23,023,"Maine","Sagadahoc County",4,57,530,255,275
050,23,023,"Maine","Sagadahoc County",4,58,565,281,284
050,23,023,"Maine","Sagadahoc County",4,59,582,280,302
050,23,023,"Maine","Sagadahoc County",4,60,625,296,329
050,23,023,"Maine","Sagadahoc County",4,61,640,278,362
050,23,023,"Maine","Sagadahoc County",4,62,627,307,320
050,23,023,"Maine","Sagadahoc County",4,63,623,297,326
050,23,023,"Maine","Sagadahoc County",4,64,631,315,316
050,23,023,"Maine","Sagadahoc County",4,65,596,284,312
050,23,023,"Maine","Sagadahoc County",4,66,565,276,289
050,23,023,"Maine","Sagadahoc County",4,67,530,253,277
050,23,023,"Maine","Sagadahoc County",4,68,557,252,305
050,23,023,"Maine","Sagadahoc County",4,69,567,265,302
050,23,023,"Maine","Sagadahoc County",4,70,539,267,272
050,23,023,"Maine","Sagadahoc County",4,71,514,251,263
050,23,023,"Maine","Sagadahoc County",4,72,478,232,246
050,23,023,"Maine","Sagadahoc County",4,73,463,215,248
050,23,023,"Maine","Sagadahoc County",4,74,464,215,249
050,23,023,"Maine","Sagadahoc County",4,75,513,235,278
050,23,023,"Maine","Sagadahoc County",4,76,333,160,173
050,23,023,"Maine","Sagadahoc County",4,77,331,154,177
050,23,023,"Maine","Sagadahoc County",4,78,334,155,179
050,23,023,"Maine","Sagadahoc County",4,79,333,149,184
050,23,023,"Maine","Sagadahoc County",4,80,250,114,136
050,23,023,"Maine","Sagadahoc County",4,81,249,116,133
050,23,023,"Maine","Sagadahoc County",4,82,223,104,119
050,23,023,"Maine","Sagadahoc County",4,83,196,83,113
050,23,023,"Maine","Sagadahoc County",4,84,162,76,86
050,23,023,"Maine","Sagadahoc County",4,85,970,390,580
050,23,023,"Maine","Sagadahoc County",5,0,315,161,154
050,23,023,"Maine","Sagadahoc County",5,1,328,164,164
050,23,023,"Maine","Sagadahoc County",5,2,314,149,165
050,23,023,"Maine","Sagadahoc County",5,3,348,184,164
050,23,023,"Maine","Sagadahoc County",5,4,304,163,141
050,23,023,"Maine","Sagadahoc County",5,5,336,168,168
050,23,023,"Maine","Sagadahoc County",5,6,352,175,177
050,23,023,"Maine","Sagadahoc County",5,7,385,200,185
050,23,023,"Maine","Sagadahoc County",5,8,389,210,179
050,23,023,"Maine","Sagadahoc County",5,9,373,189,184
050,23,023,"Maine","Sagadahoc County",5,10,369,181,188
050,23,023,"Maine","Sagadahoc County",5,11,383,206,177
050,23,023,"Maine","Sagadahoc County",5,12,392,192,200
050,23,023,"Maine","Sagadahoc County",5,13,383,201,182
050,23,023,"Maine","Sagadahoc County",5,14,413,228,185
050,23,023,"Maine","Sagadahoc County",5,15,401,218,183
050,23,023,"Maine","Sagadahoc County",5,16,426,214,212
050,23,023,"Maine","Sagadahoc County",5,17,437,217,220
050,23,023,"Maine","Sagadahoc County",5,18,348,179,169
050,23,023,"Maine","Sagadahoc County",5,19,297,158,139
050,23,023,"Maine","Sagadahoc County",5,20,308,155,153
050,23,023,"Maine","Sagadahoc County",5,21,296,167,129
050,23,023,"Maine","Sagadahoc County",5,22,326,169,157
050,23,023,"Maine","Sagadahoc County",5,23,342,166,176
050,23,023,"Maine","Sagadahoc County",5,24,340,182,158
050,23,023,"Maine","Sagadahoc County",5,25,344,177,167
050,23,023,"Maine","Sagadahoc County",5,26,373,200,173
050,23,023,"Maine","Sagadahoc County",5,27,354,175,179
050,23,023,"Maine","Sagadahoc County",5,28,379,181,198
050,23,023,"Maine","Sagadahoc County",5,29,425,199,226
050,23,023,"Maine","Sagadahoc County",5,30,442,210,232
050,23,023,"Maine","Sagadahoc County",5,31,506,273,233
050,23,023,"Maine","Sagadahoc County",5,32,450,239,211
050,23,023,"Maine","Sagadahoc County",5,33,472,244,228
050,23,023,"Maine","Sagadahoc County",5,34,473,217,256
050,23,023,"Maine","Sagadahoc County",5,35,453,224,229
050,23,023,"Maine","Sagadahoc County",5,36,516,252,264
050,23,023,"Maine","Sagadahoc County",5,37,537,280,257
050,23,023,"Maine","Sagadahoc County",5,38,495,253,242
050,23,023,"Maine","Sagadahoc County",5,39,475,240,235
050,23,023,"Maine","Sagadahoc County",5,40,498,252,246
050,23,023,"Maine","Sagadahoc County",5,41,493,259,234
050,23,023,"Maine","Sagadahoc County",5,42,466,240,226
050,23,023,"Maine","Sagadahoc County",5,43,451,222,229
050,23,023,"Maine","Sagadahoc County",5,44,437,213,224
050,23,023,"Maine","Sagadahoc County",5,45,427,210,217
050,23,023,"Maine","Sagadahoc County",5,46,406,190,216
050,23,023,"Maine","Sagadahoc County",5,47,416,210,206
050,23,023,"Maine","Sagadahoc County",5,48,410,196,214
050,23,023,"Maine","Sagadahoc County",5,49,380,185,195
050,23,023,"Maine","Sagadahoc County",5,50,391,204,187
050,23,023,"Maine","Sagadahoc County",5,51,488,239,249
050,23,023,"Maine","Sagadahoc County",5,52,515,244,271
050,23,023,"Maine","Sagadahoc County",5,53,491,237,254
050,23,023,"Maine","Sagadahoc County",5,54,528,265,263
050,23,023,"Maine","Sagadahoc County",5,55,517,248,269
050,23,023,"Maine","Sagadahoc County",5,56,471,233,238
050,23,023,"Maine","Sagadahoc County",5,57,496,248,248
050,23,023,"Maine","Sagadahoc County",5,58,537,261,276
050,23,023,"Maine","Sagadahoc County",5,59,559,279,280
050,23,023,"Maine","Sagadahoc County",5,60,579,281,298
050,23,023,"Maine","Sagadahoc County",5,61,624,289,335
050,23,023,"Maine","Sagadahoc County",5,62,631,275,356
050,23,023,"Maine","Sagadahoc County",5,63,626,303,323
050,23,023,"Maine","Sagadahoc County",5,64,630,300,330
050,23,023,"Maine","Sagadahoc County",5,65,625,311,314
050,23,023,"Maine","Sagadahoc County",5,66,591,279,312
050,23,023,"Maine","Sagadahoc County",5,67,564,270,294
050,23,023,"Maine","Sagadahoc County",5,68,528,253,275
050,23,023,"Maine","Sagadahoc County",5,69,559,251,308
050,23,023,"Maine","Sagadahoc County",5,70,563,266,297
050,23,023,"Maine","Sagadahoc County",5,71,539,267,272
050,23,023,"Maine","Sagadahoc County",5,72,508,244,264
050,23,023,"Maine","Sagadahoc County",5,73,470,230,240
050,23,023,"Maine","Sagadahoc County",5,74,447,211,236
050,23,023,"Maine","Sagadahoc County",5,75,455,204,251
050,23,023,"Maine","Sagadahoc County",5,76,494,225,269
050,23,023,"Maine","Sagadahoc County",5,77,312,148,164
050,23,023,"Maine","Sagadahoc County",5,78,320,151,169
050,23,023,"Maine","Sagadahoc County",5,79,319,147,172
050,23,023,"Maine","Sagadahoc County",5,80,325,140,185
050,23,023,"Maine","Sagadahoc County",5,81,242,104,138
050,23,023,"Maine","Sagadahoc County",5,82,231,110,121
050,23,023,"Maine","Sagadahoc County",5,83,199,91,108
050,23,023,"Maine","Sagadahoc County",5,84,177,82,95
050,23,023,"Maine","Sagadahoc County",5,85,979,397,582
050,23,025,"Maine","Somerset County",1,0,466,239,227
050,23,025,"Maine","Somerset County",1,1,442,218,224
050,23,025,"Maine","Somerset County",1,2,457,229,228
050,23,025,"Maine","Somerset County",1,3,504,260,244
050,23,025,"Maine","Somerset County",1,4,480,254,226
050,23,025,"Maine","Somerset County",1,5,485,261,224
050,23,025,"Maine","Somerset County",1,6,486,253,233
050,23,025,"Maine","Somerset County",1,7,490,244,246
050,23,025,"Maine","Somerset County",1,8,500,244,256
050,23,025,"Maine","Somerset County",1,9,482,248,234
050,23,025,"Maine","Somerset County",1,10,544,288,256
050,23,025,"Maine","Somerset County",1,11,557,301,256
050,23,025,"Maine","Somerset County",1,12,571,311,260
050,23,025,"Maine","Somerset County",1,13,597,311,286
050,23,025,"Maine","Somerset County",1,14,603,322,281
050,23,025,"Maine","Somerset County",1,15,618,323,295
050,23,025,"Maine","Somerset County",1,16,591,287,304
050,23,025,"Maine","Somerset County",1,17,580,255,325
050,23,025,"Maine","Somerset County",1,18,512,245,267
050,23,025,"Maine","Somerset County",1,19,407,214,193
050,23,025,"Maine","Somerset County",1,20,437,245,192
050,23,025,"Maine","Somerset County",1,21,458,229,229
050,23,025,"Maine","Somerset County",1,22,496,265,231
050,23,025,"Maine","Somerset County",1,23,558,278,280
050,23,025,"Maine","Somerset County",1,24,548,290,258
050,23,025,"Maine","Somerset County",1,25,509,255,254
050,23,025,"Maine","Somerset County",1,26,539,286,253
050,23,025,"Maine","Somerset County",1,27,566,303,263
050,23,025,"Maine","Somerset County",1,28,570,306,264
050,23,025,"Maine","Somerset County",1,29,562,305,257
050,23,025,"Maine","Somerset County",1,30,529,259,270
050,23,025,"Maine","Somerset County",1,31,551,268,283
050,23,025,"Maine","Somerset County",1,32,544,294,250
050,23,025,"Maine","Somerset County",1,33,525,252,273
050,23,025,"Maine","Somerset County",1,34,541,255,286
050,23,025,"Maine","Somerset County",1,35,563,268,295
050,23,025,"Maine","Somerset County",1,36,585,296,289
050,23,025,"Maine","Somerset County",1,37,546,259,287
050,23,025,"Maine","Somerset County",1,38,529,250,279
050,23,025,"Maine","Somerset County",1,39,567,282,285
050,23,025,"Maine","Somerset County",1,40,595,294,301
050,23,025,"Maine","Somerset County",1,41,578,284,294
050,23,025,"Maine","Somerset County",1,42,578,299,279
050,23,025,"Maine","Somerset County",1,43,590,304,286
050,23,025,"Maine","Somerset County",1,44,601,296,305
050,23,025,"Maine","Somerset County",1,45,606,287,319
050,23,025,"Maine","Somerset County",1,46,580,309,271
050,23,025,"Maine","Somerset County",1,47,619,329,290
050,23,025,"Maine","Somerset County",1,48,680,347,333
050,23,025,"Maine","Somerset County",1,49,751,356,395
050,23,025,"Maine","Somerset County",1,50,712,352,360
050,23,025,"Maine","Somerset County",1,51,756,374,382
050,23,025,"Maine","Somerset County",1,52,760,374,386
050,23,025,"Maine","Somerset County",1,53,781,369,412
050,23,025,"Maine","Somerset County",1,54,791,380,411
050,23,025,"Maine","Somerset County",1,55,781,392,389
050,23,025,"Maine","Somerset County",1,56,826,427,399
050,23,025,"Maine","Somerset County",1,57,855,420,435
050,23,025,"Maine","Somerset County",1,58,850,423,427
050,23,025,"Maine","Somerset County",1,59,850,423,427
050,23,025,"Maine","Somerset County",1,60,856,435,421
050,23,025,"Maine","Somerset County",1,61,857,438,419
050,23,025,"Maine","Somerset County",1,62,886,443,443
050,23,025,"Maine","Somerset County",1,63,850,428,422
050,23,025,"Maine","Somerset County",1,64,830,412,418
050,23,025,"Maine","Somerset County",1,65,795,403,392
050,23,025,"Maine","Somerset County",1,66,772,392,380
050,23,025,"Maine","Somerset County",1,67,726,372,354
050,23,025,"Maine","Somerset County",1,68,735,364,371
050,23,025,"Maine","Somerset County",1,69,652,314,338
050,23,025,"Maine","Somerset County",1,70,629,311,318
050,23,025,"Maine","Somerset County",1,71,688,357,331
050,23,025,"Maine","Somerset County",1,72,679,354,325
050,23,025,"Maine","Somerset County",1,73,643,323,320
050,23,025,"Maine","Somerset County",1,74,439,217,222
050,23,025,"Maine","Somerset County",1,75,442,227,215
050,23,025,"Maine","Somerset County",1,76,448,227,221
050,23,025,"Maine","Somerset County",1,77,445,215,230
050,23,025,"Maine","Somerset County",1,78,375,178,197
050,23,025,"Maine","Somerset County",1,79,315,154,161
050,23,025,"Maine","Somerset County",1,80,295,145,150
050,23,025,"Maine","Somerset County",1,81,280,129,151
050,23,025,"Maine","Somerset County",1,82,226,92,134
050,23,025,"Maine","Somerset County",1,83,188,85,103
050,23,025,"Maine","Somerset County",1,84,191,88,103
050,23,025,"Maine","Somerset County",1,85,1004,378,626
050,23,025,"Maine","Somerset County",2,0,471,245,226
050,23,025,"Maine","Somerset County",2,1,441,220,221
050,23,025,"Maine","Somerset County",2,2,453,227,226
050,23,025,"Maine","Somerset County",2,3,491,252,239
050,23,025,"Maine","Somerset County",2,4,488,257,231
050,23,025,"Maine","Somerset County",2,5,483,258,225
050,23,025,"Maine","Somerset County",2,6,487,254,233
050,23,025,"Maine","Somerset County",2,7,490,246,244
050,23,025,"Maine","Somerset County",2,8,496,242,254
050,23,025,"Maine","Somerset County",2,9,492,250,242
050,23,025,"Maine","Somerset County",2,10,534,281,253
050,23,025,"Maine","Somerset County",2,11,556,298,258
050,23,025,"Maine","Somerset County",2,12,572,310,262
050,23,025,"Maine","Somerset County",2,13,588,311,277
050,23,025,"Maine","Somerset County",2,14,600,319,281
050,23,025,"Maine","Somerset County",2,15,617,325,292
050,23,025,"Maine","Somerset County",2,16,595,293,302
050,23,025,"Maine","Somerset County",2,17,583,261,322
050,23,025,"Maine","Somerset County",2,18,497,236,261
050,23,025,"Maine","Somerset County",2,19,404,208,196
050,23,025,"Maine","Somerset County",2,20,444,245,199
050,23,025,"Maine","Somerset County",2,21,456,233,223
050,23,025,"Maine","Somerset County",2,22,493,256,237
050,23,025,"Maine","Somerset County",2,23,551,277,274
050,23,025,"Maine","Somerset County",2,24,550,287,263
050,23,025,"Maine","Somerset County",2,25,521,267,254
050,23,025,"Maine","Somerset County",2,26,533,278,255
050,23,025,"Maine","Somerset County",2,27,563,302,261
050,23,025,"Maine","Somerset County",2,28,573,308,265
050,23,025,"Maine","Somerset County",2,29,561,302,259
050,23,025,"Maine","Somerset County",2,30,543,272,271
050,23,025,"Maine","Somerset County",2,31,546,267,279
050,23,025,"Maine","Somerset County",2,32,543,284,259
050,23,025,"Maine","Somerset County",2,33,530,263,267
050,23,025,"Maine","Somerset County",2,34,539,254,285
050,23,025,"Maine","Somerset County",2,35,565,269,296
050,23,025,"Maine","Somerset County",2,36,572,285,287
050,23,025,"Maine","Somerset County",2,37,555,268,287
050,23,025,"Maine","Somerset County",2,38,540,257,283
050,23,025,"Maine","Somerset County",2,39,554,274,280
050,23,025,"Maine","Somerset County",2,40,591,294,297
050,23,025,"Maine","Somerset County",2,41,581,288,293
050,23,025,"Maine","Somerset County",2,42,574,293,281
050,23,025,"Maine","Somerset County",2,43,591,305,286
050,23,025,"Maine","Somerset County",2,44,594,298,296
050,23,025,"Maine","Somerset County",2,45,605,289,316
050,23,025,"Maine","Somerset County",2,46,584,302,282
050,23,025,"Maine","Somerset County",2,47,610,322,288
050,23,025,"Maine","Somerset County",2,48,664,342,322
050,23,025,"Maine","Somerset County",2,49,735,352,383
050,23,025,"Maine","Somerset County",2,50,724,353,371
050,23,025,"Maine","Somerset County",2,51,742,363,379
050,23,025,"Maine","Somerset County",2,52,758,374,384
050,23,025,"Maine","Somerset County",2,53,776,368,408
050,23,025,"Maine","Somerset County",2,54,785,376,409
050,23,025,"Maine","Somerset County",2,55,785,390,395
050,23,025,"Maine","Somerset County",2,56,817,420,397
050,23,025,"Maine","Somerset County",2,57,846,420,426
050,23,025,"Maine","Somerset County",2,58,851,424,427
050,23,025,"Maine","Somerset County",2,59,854,426,428
050,23,025,"Maine","Somerset County",2,60,857,434,423
050,23,025,"Maine","Somerset County",2,61,856,437,419
050,23,025,"Maine","Somerset County",2,62,875,440,435
050,23,025,"Maine","Somerset County",2,63,869,435,434
050,23,025,"Maine","Somerset County",2,64,831,415,416
050,23,025,"Maine","Somerset County",2,65,804,405,399
050,23,025,"Maine","Somerset County",2,66,779,395,384
050,23,025,"Maine","Somerset County",2,67,735,375,360
050,23,025,"Maine","Somerset County",2,68,729,362,367
050,23,025,"Maine","Somerset County",2,69,673,326,347
050,23,025,"Maine","Somerset County",2,70,632,310,322
050,23,025,"Maine","Somerset County",2,71,670,344,326
050,23,025,"Maine","Somerset County",2,72,666,344,322
050,23,025,"Maine","Somerset County",2,73,680,343,337
050,23,025,"Maine","Somerset County",2,74,457,227,230
050,23,025,"Maine","Somerset County",2,75,447,226,221
050,23,025,"Maine","Somerset County",2,76,440,226,214
050,23,025,"Maine","Somerset County",2,77,450,219,231
050,23,025,"Maine","Somerset County",2,78,381,180,201
050,23,025,"Maine","Somerset County",2,79,322,155,167
050,23,025,"Maine","Somerset County",2,80,298,146,152
050,23,025,"Maine","Somerset County",2,81,278,131,147
050,23,025,"Maine","Somerset County",2,82,235,99,136
050,23,025,"Maine","Somerset County",2,83,192,84,108
050,23,025,"Maine","Somerset County",2,84,185,83,102
050,23,025,"Maine","Somerset County",2,85,995,373,622
050,23,025,"Maine","Somerset County",3,0,460,218,242
050,23,025,"Maine","Somerset County",3,1,487,248,239
050,23,025,"Maine","Somerset County",3,2,441,219,222
050,23,025,"Maine","Somerset County",3,3,474,232,242
050,23,025,"Maine","Somerset County",3,4,487,244,243
050,23,025,"Maine","Somerset County",3,5,498,261,237
050,23,025,"Maine","Somerset County",3,6,499,261,238
050,23,025,"Maine","Somerset County",3,7,494,254,240
050,23,025,"Maine","Somerset County",3,8,499,240,259
050,23,025,"Maine","Somerset County",3,9,504,245,259
050,23,025,"Maine","Somerset County",3,10,486,250,236
050,23,025,"Maine","Somerset County",3,11,562,298,264
050,23,025,"Maine","Somerset County",3,12,561,310,251
050,23,025,"Maine","Somerset County",3,13,567,309,258
050,23,025,"Maine","Somerset County",3,14,585,311,274
050,23,025,"Maine","Somerset County",3,15,604,319,285
050,23,025,"Maine","Somerset County",3,16,611,318,293
050,23,025,"Maine","Somerset County",3,17,603,300,303
050,23,025,"Maine","Somerset County",3,18,500,238,262
050,23,025,"Maine","Somerset County",3,19,410,199,211
050,23,025,"Maine","Somerset County",3,20,441,228,213
050,23,025,"Maine","Somerset County",3,21,455,253,202
050,23,025,"Maine","Somerset County",3,22,516,262,254
050,23,025,"Maine","Somerset County",3,23,523,259,264
050,23,025,"Maine","Somerset County",3,24,566,308,258
050,23,025,"Maine","Somerset County",3,25,555,290,265
050,23,025,"Maine","Somerset County",3,26,540,284,256
050,23,025,"Maine","Somerset County",3,27,546,285,261
050,23,025,"Maine","Somerset County",3,28,579,320,259
050,23,025,"Maine","Somerset County",3,29,559,306,253
050,23,025,"Maine","Somerset County",3,30,557,292,265
050,23,025,"Maine","Somerset County",3,31,570,278,292
050,23,025,"Maine","Somerset County",3,32,556,281,275
050,23,025,"Maine","Somerset County",3,33,541,283,258
050,23,025,"Maine","Somerset County",3,34,547,275,272
050,23,025,"Maine","Somerset County",3,35,562,259,303
050,23,025,"Maine","Somerset County",3,36,556,269,287
050,23,025,"Maine","Somerset County",3,37,595,299,296
050,23,025,"Maine","Somerset County",3,38,571,283,288
050,23,025,"Maine","Somerset County",3,39,551,263,288
050,23,025,"Maine","Somerset County",3,40,554,274,280
050,23,025,"Maine","Somerset County",3,41,599,297,302
050,23,025,"Maine","Somerset County",3,42,587,284,303
050,23,025,"Maine","Somerset County",3,43,584,292,292
050,23,025,"Maine","Somerset County",3,44,587,298,289
050,23,025,"Maine","Somerset County",3,45,596,297,299
050,23,025,"Maine","Somerset County",3,46,613,297,316
050,23,025,"Maine","Somerset County",3,47,587,304,283
050,23,025,"Maine","Somerset County",3,48,624,334,290
050,23,025,"Maine","Somerset County",3,49,683,354,329
050,23,025,"Maine","Somerset County",3,50,736,346,390
050,23,025,"Maine","Somerset County",3,51,728,350,378
050,23,025,"Maine","Somerset County",3,52,731,351,380
050,23,025,"Maine","Somerset County",3,53,765,381,384
050,23,025,"Maine","Somerset County",3,54,788,374,414
050,23,025,"Maine","Somerset County",3,55,797,379,418
050,23,025,"Maine","Somerset County",3,56,781,388,393
050,23,025,"Maine","Somerset County",3,57,817,427,390
050,23,025,"Maine","Somerset County",3,58,851,424,427
050,23,025,"Maine","Somerset County",3,59,833,421,412
050,23,025,"Maine","Somerset County",3,60,867,427,440
050,23,025,"Maine","Somerset County",3,61,876,442,434
050,23,025,"Maine","Somerset County",3,62,833,431,402
050,23,025,"Maine","Somerset County",3,63,865,430,435
050,23,025,"Maine","Somerset County",3,64,867,437,430
050,23,025,"Maine","Somerset County",3,65,815,402,413
050,23,025,"Maine","Somerset County",3,66,822,412,410
050,23,025,"Maine","Somerset County",3,67,771,387,384
050,23,025,"Maine","Somerset County",3,68,731,366,365
050,23,025,"Maine","Somerset County",3,69,713,363,350
050,23,025,"Maine","Somerset County",3,70,665,319,346
050,23,025,"Maine","Somerset County",3,71,631,312,319
050,23,025,"Maine","Somerset County",3,72,642,320,322
050,23,025,"Maine","Somerset County",3,73,653,332,321
050,23,025,"Maine","Somerset County",3,74,645,322,323
050,23,025,"Maine","Somerset County",3,75,440,215,225
050,23,025,"Maine","Somerset County",3,76,435,221,214
050,23,025,"Maine","Somerset County",3,77,418,209,209
050,23,025,"Maine","Somerset County",3,78,435,210,225
050,23,025,"Maine","Somerset County",3,79,355,168,187
050,23,025,"Maine","Somerset County",3,80,307,139,168
050,23,025,"Maine","Somerset County",3,81,276,132,144
050,23,025,"Maine","Somerset County",3,82,257,121,136
050,23,025,"Maine","Somerset County",3,83,211,91,120
050,23,025,"Maine","Somerset County",3,84,184,76,108
050,23,025,"Maine","Somerset County",3,85,1009,398,611
050,23,025,"Maine","Somerset County",4,0,461,240,221
050,23,025,"Maine","Somerset County",4,1,475,231,244
050,23,025,"Maine","Somerset County",4,2,499,249,250
050,23,025,"Maine","Somerset County",4,3,444,219,225
050,23,025,"Maine","Somerset County",4,4,470,236,234
050,23,025,"Maine","Somerset County",4,5,517,262,255
050,23,025,"Maine","Somerset County",4,6,514,265,249
050,23,025,"Maine","Somerset County",4,7,503,264,239
050,23,025,"Maine","Somerset County",4,8,514,256,258
050,23,025,"Maine","Somerset County",4,9,502,242,260
050,23,025,"Maine","Somerset County",4,10,515,255,260
050,23,025,"Maine","Somerset County",4,11,491,258,233
050,23,025,"Maine","Somerset County",4,12,582,302,280
050,23,025,"Maine","Somerset County",4,13,582,314,268
050,23,025,"Maine","Somerset County",4,14,589,322,267
050,23,025,"Maine","Somerset County",4,15,604,319,285
050,23,025,"Maine","Somerset County",4,16,621,326,295
050,23,025,"Maine","Somerset County",4,17,626,329,297
050,23,025,"Maine","Somerset County",4,18,503,257,246
050,23,025,"Maine","Somerset County",4,19,381,190,191
050,23,025,"Maine","Somerset County",4,20,439,215,224
050,23,025,"Maine","Somerset County",4,21,452,235,217
050,23,025,"Maine","Somerset County",4,22,507,279,228
050,23,025,"Maine","Somerset County",4,23,518,258,260
050,23,025,"Maine","Somerset County",4,24,533,272,261
050,23,025,"Maine","Somerset County",4,25,575,324,251
050,23,025,"Maine","Somerset County",4,26,576,291,285
050,23,025,"Maine","Somerset County",4,27,556,295,261
050,23,025,"Maine","Somerset County",4,28,570,293,277
050,23,025,"Maine","Somerset County",4,29,576,315,261
050,23,025,"Maine","Somerset County",4,30,595,324,271
050,23,025,"Maine","Somerset County",4,31,592,311,281
050,23,025,"Maine","Somerset County",4,32,584,287,297
050,23,025,"Maine","Somerset County",4,33,562,280,282
050,23,025,"Maine","Somerset County",4,34,573,302,271
050,23,025,"Maine","Somerset County",4,35,569,295,274
050,23,025,"Maine","Somerset County",4,36,599,276,323
050,23,025,"Maine","Somerset County",4,37,552,262,290
050,23,025,"Maine","Somerset County",4,38,601,303,298
050,23,025,"Maine","Somerset County",4,39,575,291,284
050,23,025,"Maine","Somerset County",4,40,557,264,293
050,23,025,"Maine","Somerset County",4,41,571,288,283
050,23,025,"Maine","Somerset County",4,42,601,302,299
050,23,025,"Maine","Somerset County",4,43,588,278,310
050,23,025,"Maine","Somerset County",4,44,593,301,292
050,23,025,"Maine","Somerset County",4,45,580,289,291
050,23,025,"Maine","Somerset County",4,46,597,298,299
050,23,025,"Maine","Somerset County",4,47,633,306,327
050,23,025,"Maine","Somerset County",4,48,586,300,286
050,23,025,"Maine","Somerset County",4,49,633,343,290
050,23,025,"Maine","Somerset County",4,50,684,361,323
050,23,025,"Maine","Somerset County",4,51,737,350,387
050,23,025,"Maine","Somerset County",4,52,730,354,376
050,23,025,"Maine","Somerset County",4,53,739,345,394
050,23,025,"Maine","Somerset County",4,54,779,394,385
050,23,025,"Maine","Somerset County",4,55,797,371,426
050,23,025,"Maine","Somerset County",4,56,803,383,420
050,23,025,"Maine","Somerset County",4,57,784,396,388
050,23,025,"Maine","Somerset County",4,58,827,428,399
050,23,025,"Maine","Somerset County",4,59,843,418,425
050,23,025,"Maine","Somerset County",4,60,842,426,416
050,23,025,"Maine","Somerset County",4,61,863,430,433
050,23,025,"Maine","Somerset County",4,62,849,438,411
050,23,025,"Maine","Somerset County",4,63,841,433,408
050,23,025,"Maine","Somerset County",4,64,854,415,439
050,23,025,"Maine","Somerset County",4,65,854,428,426
050,23,025,"Maine","Somerset County",4,66,823,407,416
050,23,025,"Maine","Somerset County",4,67,803,399,404
050,23,025,"Maine","Somerset County",4,68,754,372,382
050,23,025,"Maine","Somerset County",4,69,710,362,348
050,23,025,"Maine","Somerset County",4,70,706,355,351
050,23,025,"Maine","Somerset County",4,71,651,319,332
050,23,025,"Maine","Somerset County",4,72,615,295,320
050,23,025,"Maine","Somerset County",4,73,637,322,315
050,23,025,"Maine","Somerset County",4,74,643,329,314
050,23,025,"Maine","Somerset County",4,75,632,313,319
050,23,025,"Maine","Somerset County",4,76,409,198,211
050,23,025,"Maine","Somerset County",4,77,411,199,212
050,23,025,"Maine","Somerset County",4,78,390,196,194
050,23,025,"Maine","Somerset County",4,79,401,191,210
050,23,025,"Maine","Somerset County",4,80,335,155,180
050,23,025,"Maine","Somerset County",4,81,286,124,162
050,23,025,"Maine","Somerset County",4,82,246,113,133
050,23,025,"Maine","Somerset County",4,83,229,104,125
050,23,025,"Maine","Somerset County",4,84,185,77,108
050,23,025,"Maine","Somerset County",4,85,990,401,589
050,23,025,"Maine","Somerset County",5,0,463,242,221
050,23,025,"Maine","Somerset County",5,1,458,230,228
050,23,025,"Maine","Somerset County",5,2,474,230,244
050,23,025,"Maine","Somerset County",5,3,484,239,245
050,23,025,"Maine","Somerset County",5,4,459,233,226
050,23,025,"Maine","Somerset County",5,5,479,248,231
050,23,025,"Maine","Somerset County",5,6,518,263,255
050,23,025,"Maine","Somerset County",5,7,520,260,260
050,23,025,"Maine","Somerset County",5,8,498,260,238
050,23,025,"Maine","Somerset County",5,9,534,267,267
050,23,025,"Maine","Somerset County",5,10,514,249,265
050,23,025,"Maine","Somerset County",5,11,525,267,258
050,23,025,"Maine","Somerset County",5,12,493,256,237
050,23,025,"Maine","Somerset County",5,13,587,304,283
050,23,025,"Maine","Somerset County",5,14,580,305,275
050,23,025,"Maine","Somerset County",5,15,589,314,275
050,23,025,"Maine","Somerset County",5,16,598,314,284
050,23,025,"Maine","Somerset County",5,17,618,317,301
050,23,025,"Maine","Somerset County",5,18,501,277,224
050,23,025,"Maine","Somerset County",5,19,385,205,180
050,23,025,"Maine","Somerset County",5,20,417,210,207
050,23,025,"Maine","Somerset County",5,21,446,216,230
050,23,025,"Maine","Somerset County",5,22,510,262,248
050,23,025,"Maine","Somerset County",5,23,541,295,246
050,23,025,"Maine","Somerset County",5,24,556,283,273
050,23,025,"Maine","Somerset County",5,25,553,281,272
050,23,025,"Maine","Somerset County",5,26,571,317,254
050,23,025,"Maine","Somerset County",5,27,583,301,282
050,23,025,"Maine","Somerset County",5,28,573,291,282
050,23,025,"Maine","Somerset County",5,29,568,283,285
050,23,025,"Maine","Somerset County",5,30,590,324,266
050,23,025,"Maine","Somerset County",5,31,608,329,279
050,23,025,"Maine","Somerset County",5,32,599,313,286
050,23,025,"Maine","Somerset County",5,33,580,278,302
050,23,025,"Maine","Somerset County",5,34,604,294,310
050,23,025,"Maine","Somerset County",5,35,599,321,278
050,23,025,"Maine","Somerset County",5,36,576,294,282
050,23,025,"Maine","Somerset County",5,37,599,284,315
050,23,025,"Maine","Somerset County",5,38,567,268,299
050,23,025,"Maine","Somerset County",5,39,588,297,291
050,23,025,"Maine","Somerset County",5,40,568,284,284
050,23,025,"Maine","Somerset County",5,41,568,273,295
050,23,025,"Maine","Somerset County",5,42,579,287,292
050,23,025,"Maine","Somerset County",5,43,602,298,304
050,23,025,"Maine","Somerset County",5,44,595,278,317
050,23,025,"Maine","Somerset County",5,45,582,287,295
050,23,025,"Maine","Somerset County",5,46,586,297,289
050,23,025,"Maine","Somerset County",5,47,605,296,309
050,23,025,"Maine","Somerset County",5,48,650,319,331
050,23,025,"Maine","Somerset County",5,49,601,308,293
050,23,025,"Maine","Somerset County",5,50,641,346,295
050,23,025,"Maine","Somerset County",5,51,694,363,331
050,23,025,"Maine","Somerset County",5,52,741,346,395
050,23,025,"Maine","Somerset County",5,53,736,352,384
050,23,025,"Maine","Somerset County",5,54,737,348,389
050,23,025,"Maine","Somerset County",5,55,785,392,393
050,23,025,"Maine","Somerset County",5,56,791,370,421
050,23,025,"Maine","Somerset County",5,57,801,383,418
050,23,025,"Maine","Somerset County",5,58,787,391,396
050,23,025,"Maine","Somerset County",5,59,833,433,400
050,23,025,"Maine","Somerset County",5,60,846,416,430
050,23,025,"Maine","Somerset County",5,61,867,442,425
050,23,025,"Maine","Somerset County",5,62,863,433,430
050,23,025,"Maine","Somerset County",5,63,851,434,417
050,23,025,"Maine","Somerset County",5,64,839,423,416
050,23,025,"Maine","Somerset County",5,65,851,408,443
050,23,025,"Maine","Somerset County",5,66,864,425,439
050,23,025,"Maine","Somerset County",5,67,805,396,409
050,23,025,"Maine","Somerset County",5,68,790,390,400
050,23,025,"Maine","Somerset County",5,69,733,367,366
050,23,025,"Maine","Somerset County",5,70,698,354,344
050,23,025,"Maine","Somerset County",5,71,702,357,345
050,23,025,"Maine","Somerset County",5,72,636,304,332
050,23,025,"Maine","Somerset County",5,73,612,298,314
050,23,025,"Maine","Somerset County",5,74,612,307,305
050,23,025,"Maine","Somerset County",5,75,637,315,322
050,23,025,"Maine","Somerset County",5,76,603,302,301
050,23,025,"Maine","Somerset County",5,77,397,183,214
050,23,025,"Maine","Somerset County",5,78,394,192,202
050,23,025,"Maine","Somerset County",5,79,361,183,178
050,23,025,"Maine","Somerset County",5,80,380,176,204
050,23,025,"Maine","Somerset County",5,81,302,137,165
050,23,025,"Maine","Somerset County",5,82,250,102,148
050,23,025,"Maine","Somerset County",5,83,211,94,117
050,23,025,"Maine","Somerset County",5,84,214,94,120
050,23,025,"Maine","Somerset County",5,85,997,415,582
050,23,027,"Maine","Waldo County",1,0,338,172,166
050,23,027,"Maine","Waldo County",1,1,371,175,196
050,23,027,"Maine","Waldo County",1,2,335,175,160
050,23,027,"Maine","Waldo County",1,3,353,191,162
050,23,027,"Maine","Waldo County",1,4,384,196,188
050,23,027,"Maine","Waldo County",1,5,345,184,161
050,23,027,"Maine","Waldo County",1,6,388,210,178
050,23,027,"Maine","Waldo County",1,7,394,208,186
050,23,027,"Maine","Waldo County",1,8,404,203,201
050,23,027,"Maine","Waldo County",1,9,410,216,194
050,23,027,"Maine","Waldo County",1,10,426,223,203
050,23,027,"Maine","Waldo County",1,11,436,213,223
050,23,027,"Maine","Waldo County",1,12,454,235,219
050,23,027,"Maine","Waldo County",1,13,451,223,228
050,23,027,"Maine","Waldo County",1,14,461,230,231
050,23,027,"Maine","Waldo County",1,15,450,230,220
050,23,027,"Maine","Waldo County",1,16,438,230,208
050,23,027,"Maine","Waldo County",1,17,400,217,183
050,23,027,"Maine","Waldo County",1,18,475,238,237
050,23,027,"Maine","Waldo County",1,19,460,233,227
050,23,027,"Maine","Waldo County",1,20,438,244,194
050,23,027,"Maine","Waldo County",1,21,349,195,154
050,23,027,"Maine","Waldo County",1,22,381,200,181
050,23,027,"Maine","Waldo County",1,23,387,188,199
050,23,027,"Maine","Waldo County",1,24,357,179,178
050,23,027,"Maine","Waldo County",1,25,355,175,180
050,23,027,"Maine","Waldo County",1,26,391,203,188
050,23,027,"Maine","Waldo County",1,27,428,228,200
050,23,027,"Maine","Waldo County",1,28,399,206,193
050,23,027,"Maine","Waldo County",1,29,397,199,198
050,23,027,"Maine","Waldo County",1,30,422,201,221
050,23,027,"Maine","Waldo County",1,31,439,230,209
050,23,027,"Maine","Waldo County",1,32,440,216,224
050,23,027,"Maine","Waldo County",1,33,431,228,203
050,23,027,"Maine","Waldo County",1,34,443,211,232
050,23,027,"Maine","Waldo County",1,35,446,219,227
050,23,027,"Maine","Waldo County",1,36,423,207,216
050,23,027,"Maine","Waldo County",1,37,427,214,213
050,23,027,"Maine","Waldo County",1,38,454,221,233
050,23,027,"Maine","Waldo County",1,39,505,260,245
050,23,027,"Maine","Waldo County",1,40,480,249,231
050,23,027,"Maine","Waldo County",1,41,490,239,251
050,23,027,"Maine","Waldo County",1,42,481,250,231
050,23,027,"Maine","Waldo County",1,43,499,268,231
050,23,027,"Maine","Waldo County",1,44,498,256,242
050,23,027,"Maine","Waldo County",1,45,430,214,216
050,23,027,"Maine","Waldo County",1,46,461,226,235
050,23,027,"Maine","Waldo County",1,47,469,223,246
050,23,027,"Maine","Waldo County",1,48,521,261,260
050,23,027,"Maine","Waldo County",1,49,541,284,257
050,23,027,"Maine","Waldo County",1,50,479,232,247
050,23,027,"Maine","Waldo County",1,51,491,247,244
050,23,027,"Maine","Waldo County",1,52,529,269,260
050,23,027,"Maine","Waldo County",1,53,545,277,268
050,23,027,"Maine","Waldo County",1,54,539,267,272
050,23,027,"Maine","Waldo County",1,55,558,260,298
050,23,027,"Maine","Waldo County",1,56,595,270,325
050,23,027,"Maine","Waldo County",1,57,631,287,344
050,23,027,"Maine","Waldo County",1,58,644,322,322
050,23,027,"Maine","Waldo County",1,59,650,324,326
050,23,027,"Maine","Waldo County",1,60,614,290,324
050,23,027,"Maine","Waldo County",1,61,661,312,349
050,23,027,"Maine","Waldo County",1,62,677,324,353
050,23,027,"Maine","Waldo County",1,63,712,343,369
050,23,027,"Maine","Waldo County",1,64,697,328,369
050,23,027,"Maine","Waldo County",1,65,661,329,332
050,23,027,"Maine","Waldo County",1,66,689,345,344
050,23,027,"Maine","Waldo County",1,67,626,292,334
050,23,027,"Maine","Waldo County",1,68,623,309,314
050,23,027,"Maine","Waldo County",1,69,603,299,304
050,23,027,"Maine","Waldo County",1,70,594,295,299
050,23,027,"Maine","Waldo County",1,71,608,295,313
050,23,027,"Maine","Waldo County",1,72,582,274,308
050,23,027,"Maine","Waldo County",1,73,587,285,302
050,23,027,"Maine","Waldo County",1,74,393,199,194
050,23,027,"Maine","Waldo County",1,75,362,194,168
050,23,027,"Maine","Waldo County",1,76,377,182,195
050,23,027,"Maine","Waldo County",1,77,360,172,188
050,23,027,"Maine","Waldo County",1,78,283,146,137
050,23,027,"Maine","Waldo County",1,79,249,120,129
050,23,027,"Maine","Waldo County",1,80,217,94,123
050,23,027,"Maine","Waldo County",1,81,190,85,105
050,23,027,"Maine","Waldo County",1,82,168,73,95
050,23,027,"Maine","Waldo County",1,83,145,65,80
050,23,027,"Maine","Waldo County",1,84,149,66,83
050,23,027,"Maine","Waldo County",1,85,753,291,462
050,23,027,"Maine","Waldo County",2,0,350,177,173
050,23,027,"Maine","Waldo County",2,1,362,173,189
050,23,027,"Maine","Waldo County",2,2,343,175,168
050,23,027,"Maine","Waldo County",2,3,350,188,162
050,23,027,"Maine","Waldo County",2,4,379,196,183
050,23,027,"Maine","Waldo County",2,5,355,187,168
050,23,027,"Maine","Waldo County",2,6,379,204,175
050,23,027,"Maine","Waldo County",2,7,396,211,185
050,23,027,"Maine","Waldo County",2,8,404,206,198
050,23,027,"Maine","Waldo County",2,9,409,213,196
050,23,027,"Maine","Waldo County",2,10,423,220,203
050,23,027,"Maine","Waldo County",2,11,431,215,216
050,23,027,"Maine","Waldo County",2,12,453,231,222
050,23,027,"Maine","Waldo County",2,13,453,225,228
050,23,027,"Maine","Waldo County",2,14,459,228,231
050,23,027,"Maine","Waldo County",2,15,451,228,223
050,23,027,"Maine","Waldo County",2,16,440,231,209
050,23,027,"Maine","Waldo County",2,17,410,221,189
050,23,027,"Maine","Waldo County",2,18,463,233,230
050,23,027,"Maine","Waldo County",2,19,460,233,227
050,23,027,"Maine","Waldo County",2,20,443,243,200
050,23,027,"Maine","Waldo County",2,21,354,202,152
050,23,027,"Maine","Waldo County",2,22,382,201,181
050,23,027,"Maine","Waldo County",2,23,381,187,194
050,23,027,"Maine","Waldo County",2,24,363,181,182
050,23,027,"Maine","Waldo County",2,25,355,176,179
050,23,027,"Maine","Waldo County",2,26,388,201,187
050,23,027,"Maine","Waldo County",2,27,422,223,199
050,23,027,"Maine","Waldo County",2,28,406,212,194
050,23,027,"Maine","Waldo County",2,29,400,202,198
050,23,027,"Maine","Waldo County",2,30,423,205,218
050,23,027,"Maine","Waldo County",2,31,434,220,214
050,23,027,"Maine","Waldo County",2,32,441,221,220
050,23,027,"Maine","Waldo County",2,33,436,226,210
050,23,027,"Maine","Waldo County",2,34,445,216,229
050,23,027,"Maine","Waldo County",2,35,449,218,231
050,23,027,"Maine","Waldo County",2,36,424,207,217
050,23,027,"Maine","Waldo County",2,37,428,214,214
050,23,027,"Maine","Waldo County",2,38,450,220,230
050,23,027,"Maine","Waldo County",2,39,497,254,243
050,23,027,"Maine","Waldo County",2,40,485,250,235
050,23,027,"Maine","Waldo County",2,41,490,243,247
050,23,027,"Maine","Waldo County",2,42,483,245,238
050,23,027,"Maine","Waldo County",2,43,499,266,233
050,23,027,"Maine","Waldo County",2,44,495,257,238
050,23,027,"Maine","Waldo County",2,45,449,224,225
050,23,027,"Maine","Waldo County",2,46,453,223,230
050,23,027,"Maine","Waldo County",2,47,469,223,246
050,23,027,"Maine","Waldo County",2,48,510,252,258
050,23,027,"Maine","Waldo County",2,49,537,278,259
050,23,027,"Maine","Waldo County",2,50,490,241,249
050,23,027,"Maine","Waldo County",2,51,487,241,246
050,23,027,"Maine","Waldo County",2,52,517,261,256
050,23,027,"Maine","Waldo County",2,53,536,273,263
050,23,027,"Maine","Waldo County",2,54,539,269,270
050,23,027,"Maine","Waldo County",2,55,552,263,289
050,23,027,"Maine","Waldo County",2,56,589,269,320
050,23,027,"Maine","Waldo County",2,57,624,284,340
050,23,027,"Maine","Waldo County",2,58,644,317,327
050,23,027,"Maine","Waldo County",2,59,652,326,326
050,23,027,"Maine","Waldo County",2,60,622,295,327
050,23,027,"Maine","Waldo County",2,61,648,307,341
050,23,027,"Maine","Waldo County",2,62,674,320,354
050,23,027,"Maine","Waldo County",2,63,716,346,370
050,23,027,"Maine","Waldo County",2,64,699,331,368
050,23,027,"Maine","Waldo County",2,65,669,326,343
050,23,027,"Maine","Waldo County",2,66,687,344,343
050,23,027,"Maine","Waldo County",2,67,643,307,336
050,23,027,"Maine","Waldo County",2,68,617,304,313
050,23,027,"Maine","Waldo County",2,69,613,304,309
050,23,027,"Maine","Waldo County",2,70,594,296,298
050,23,027,"Maine","Waldo County",2,71,601,292,309
050,23,027,"Maine","Waldo County",2,72,579,275,304
050,23,027,"Maine","Waldo County",2,73,616,298,318
050,23,027,"Maine","Waldo County",2,74,410,205,205
050,23,027,"Maine","Waldo County",2,75,370,196,174
050,23,027,"Maine","Waldo County",2,76,366,180,186
050,23,027,"Maine","Waldo County",2,77,370,178,192
050,23,027,"Maine","Waldo County",2,78,296,149,147
050,23,027,"Maine","Waldo County",2,79,255,124,131
050,23,027,"Maine","Waldo County",2,80,220,98,122
050,23,027,"Maine","Waldo County",2,81,192,85,107
050,23,027,"Maine","Waldo County",2,82,169,74,95
050,23,027,"Maine","Waldo County",2,83,143,62,81
050,23,027,"Maine","Waldo County",2,84,145,63,82
050,23,027,"Maine","Waldo County",2,85,753,298,455
050,23,027,"Maine","Waldo County",3,0,339,181,158
050,23,027,"Maine","Waldo County",3,1,350,176,174
050,23,027,"Maine","Waldo County",3,2,367,169,198
050,23,027,"Maine","Waldo County",3,3,359,190,169
050,23,027,"Maine","Waldo County",3,4,370,205,165
050,23,027,"Maine","Waldo County",3,5,392,200,192
050,23,027,"Maine","Waldo County",3,6,349,184,165
050,23,027,"Maine","Waldo County",3,7,393,207,186
050,23,027,"Maine","Waldo County",3,8,395,215,180
050,23,027,"Maine","Waldo County",3,9,411,216,195
050,23,027,"Maine","Waldo County",3,10,390,203,187
050,23,027,"Maine","Waldo County",3,11,414,211,203
050,23,027,"Maine","Waldo County",3,12,436,214,222
050,23,027,"Maine","Waldo County",3,13,457,229,228
050,23,027,"Maine","Waldo County",3,14,453,221,232
050,23,027,"Maine","Waldo County",3,15,461,223,238
050,23,027,"Maine","Waldo County",3,16,442,227,215
050,23,027,"Maine","Waldo County",3,17,448,238,210
050,23,027,"Maine","Waldo County",3,18,451,221,230
050,23,027,"Maine","Waldo County",3,19,428,213,215
050,23,027,"Maine","Waldo County",3,20,445,235,210
050,23,027,"Maine","Waldo County",3,21,357,211,146
050,23,027,"Maine","Waldo County",3,22,379,212,167
050,23,027,"Maine","Waldo County",3,23,385,185,200
050,23,027,"Maine","Waldo County",3,24,385,205,180
050,23,027,"Maine","Waldo County",3,25,377,191,186
050,23,027,"Maine","Waldo County",3,26,361,179,182
050,23,027,"Maine","Waldo County",3,27,387,215,172
050,23,027,"Maine","Waldo County",3,28,414,211,203
050,23,027,"Maine","Waldo County",3,29,429,216,213
050,23,027,"Maine","Waldo County",3,30,418,212,206
050,23,027,"Maine","Waldo County",3,31,444,208,236
050,23,027,"Maine","Waldo County",3,32,454,232,222
050,23,027,"Maine","Waldo County",3,33,440,223,217
050,23,027,"Maine","Waldo County",3,34,449,228,221
050,23,027,"Maine","Waldo County",3,35,459,220,239
050,23,027,"Maine","Waldo County",3,36,457,229,228
050,23,027,"Maine","Waldo County",3,37,461,230,231
050,23,027,"Maine","Waldo County",3,38,443,213,230
050,23,027,"Maine","Waldo County",3,39,478,236,242
050,23,027,"Maine","Waldo County",3,40,490,249,241
050,23,027,"Maine","Waldo County",3,41,497,257,240
050,23,027,"Maine","Waldo County",3,42,508,242,266
050,23,027,"Maine","Waldo County",3,43,500,261,239
050,23,027,"Maine","Waldo County",3,44,503,267,236
050,23,027,"Maine","Waldo County",3,45,479,246,233
050,23,027,"Maine","Waldo County",3,46,447,227,220
050,23,027,"Maine","Waldo County",3,47,468,226,242
050,23,027,"Maine","Waldo County",3,48,474,225,249
050,23,027,"Maine","Waldo County",3,49,513,263,250
050,23,027,"Maine","Waldo County",3,50,527,263,264
050,23,027,"Maine","Waldo County",3,51,508,252,256
050,23,027,"Maine","Waldo County",3,52,485,241,244
050,23,027,"Maine","Waldo County",3,53,512,255,257
050,23,027,"Maine","Waldo County",3,54,551,276,275
050,23,027,"Maine","Waldo County",3,55,544,275,269
050,23,027,"Maine","Waldo County",3,56,558,260,298
050,23,027,"Maine","Waldo County",3,57,596,270,326
050,23,027,"Maine","Waldo County",3,58,628,294,334
050,23,027,"Maine","Waldo County",3,59,651,322,329
050,23,027,"Maine","Waldo County",3,60,644,310,334
050,23,027,"Maine","Waldo County",3,61,619,300,319
050,23,027,"Maine","Waldo County",3,62,643,305,338
050,23,027,"Maine","Waldo County",3,63,684,330,354
050,23,027,"Maine","Waldo County",3,64,719,347,372
050,23,027,"Maine","Waldo County",3,65,708,339,369
050,23,027,"Maine","Waldo County",3,66,658,327,331
050,23,027,"Maine","Waldo County",3,67,700,341,359
050,23,027,"Maine","Waldo County",3,68,628,303,325
050,23,027,"Maine","Waldo County",3,69,608,292,316
050,23,027,"Maine","Waldo County",3,70,616,309,307
050,23,027,"Maine","Waldo County",3,71,584,287,297
050,23,027,"Maine","Waldo County",3,72,595,289,306
050,23,027,"Maine","Waldo County",3,73,563,266,297
050,23,027,"Maine","Waldo County",3,74,595,279,316
050,23,027,"Maine","Waldo County",3,75,397,202,195
050,23,027,"Maine","Waldo County",3,76,365,190,175
050,23,027,"Maine","Waldo County",3,77,355,170,185
050,23,027,"Maine","Waldo County",3,78,348,167,181
050,23,027,"Maine","Waldo County",3,79,280,139,141
050,23,027,"Maine","Waldo County",3,80,246,124,122
050,23,027,"Maine","Waldo County",3,81,197,92,105
050,23,027,"Maine","Waldo County",3,82,181,78,103
050,23,027,"Maine","Waldo County",3,83,151,68,83
050,23,027,"Maine","Waldo County",3,84,145,64,81
050,23,027,"Maine","Waldo County",3,85,783,321,462
050,23,027,"Maine","Waldo County",4,0,354,177,177
050,23,027,"Maine","Waldo County",4,1,360,181,179
050,23,027,"Maine","Waldo County",4,2,362,181,181
050,23,027,"Maine","Waldo County",4,3,354,168,186
050,23,027,"Maine","Waldo County",4,4,358,183,175
050,23,027,"Maine","Waldo County",4,5,376,199,177
050,23,027,"Maine","Waldo County",4,6,404,201,203
050,23,027,"Maine","Waldo County",4,7,360,191,169
050,23,027,"Maine","Waldo County",4,8,385,196,189
050,23,027,"Maine","Waldo County",4,9,398,218,180
050,23,027,"Maine","Waldo County",4,10,424,224,200
050,23,027,"Maine","Waldo County",4,11,387,196,191
050,23,027,"Maine","Waldo County",4,12,417,219,198
050,23,027,"Maine","Waldo County",4,13,433,218,215
050,23,027,"Maine","Waldo County",4,14,452,228,224
050,23,027,"Maine","Waldo County",4,15,446,219,227
050,23,027,"Maine","Waldo County",4,16,458,221,237
050,23,027,"Maine","Waldo County",4,17,444,229,215
050,23,027,"Maine","Waldo County",4,18,474,241,233
050,23,027,"Maine","Waldo County",4,19,429,214,215
050,23,027,"Maine","Waldo County",4,20,433,225,208
050,23,027,"Maine","Waldo County",4,21,372,207,165
050,23,027,"Maine","Waldo County",4,22,370,215,155
050,23,027,"Maine","Waldo County",4,23,371,197,174
050,23,027,"Maine","Waldo County",4,24,355,176,179
050,23,027,"Maine","Waldo County",4,25,387,204,183
050,23,027,"Maine","Waldo County",4,26,403,215,188
050,23,027,"Maine","Waldo County",4,27,354,179,175
050,23,027,"Maine","Waldo County",4,28,385,207,178
050,23,027,"Maine","Waldo County",4,29,412,207,205
050,23,027,"Maine","Waldo County",4,30,437,215,222
050,23,027,"Maine","Waldo County",4,31,446,222,224
050,23,027,"Maine","Waldo County",4,32,450,214,236
050,23,027,"Maine","Waldo County",4,33,482,242,240
050,23,027,"Maine","Waldo County",4,34,464,228,236
050,23,027,"Maine","Waldo County",4,35,453,230,223
050,23,027,"Maine","Waldo County",4,36,481,237,244
050,23,027,"Maine","Waldo County",4,37,462,236,226
050,23,027,"Maine","Waldo County",4,38,481,239,242
050,23,027,"Maine","Waldo County",4,39,460,217,243
050,23,027,"Maine","Waldo County",4,40,465,228,237
050,23,027,"Maine","Waldo County",4,41,486,250,236
050,23,027,"Maine","Waldo County",4,42,513,266,247
050,23,027,"Maine","Waldo County",4,43,515,251,264
050,23,027,"Maine","Waldo County",4,44,509,256,253
050,23,027,"Maine","Waldo County",4,45,486,259,227
050,23,027,"Maine","Waldo County",4,46,478,245,233
050,23,027,"Maine","Waldo County",4,47,445,229,216
050,23,027,"Maine","Waldo County",4,48,465,219,246
050,23,027,"Maine","Waldo County",4,49,483,233,250
050,23,027,"Maine","Waldo County",4,50,512,263,249
050,23,027,"Maine","Waldo County",4,51,529,266,263
050,23,027,"Maine","Waldo County",4,52,519,256,263
050,23,027,"Maine","Waldo County",4,53,498,241,257
050,23,027,"Maine","Waldo County",4,54,539,269,270
050,23,027,"Maine","Waldo County",4,55,551,275,276
050,23,027,"Maine","Waldo County",4,56,548,271,277
050,23,027,"Maine","Waldo County",4,57,564,264,300
050,23,027,"Maine","Waldo County",4,58,611,282,329
050,23,027,"Maine","Waldo County",4,59,634,299,335
050,23,027,"Maine","Waldo County",4,60,641,313,328
050,23,027,"Maine","Waldo County",4,61,648,315,333
050,23,027,"Maine","Waldo County",4,62,625,297,328
050,23,027,"Maine","Waldo County",4,63,648,308,340
050,23,027,"Maine","Waldo County",4,64,696,333,363
050,23,027,"Maine","Waldo County",4,65,716,336,380
050,23,027,"Maine","Waldo County",4,66,712,340,372
050,23,027,"Maine","Waldo County",4,67,674,334,340
050,23,027,"Maine","Waldo County",4,68,716,349,367
050,23,027,"Maine","Waldo County",4,69,612,295,317
050,23,027,"Maine","Waldo County",4,70,604,291,313
050,23,027,"Maine","Waldo County",4,71,614,299,315
050,23,027,"Maine","Waldo County",4,72,573,281,292
050,23,027,"Maine","Waldo County",4,73,581,285,296
050,23,027,"Maine","Waldo County",4,74,559,263,296
050,23,027,"Maine","Waldo County",4,75,582,276,306
050,23,027,"Maine","Waldo County",4,76,386,190,196
050,23,027,"Maine","Waldo County",4,77,358,185,173
050,23,027,"Maine","Waldo County",4,78,333,163,170
050,23,027,"Maine","Waldo County",4,79,343,163,180
050,23,027,"Maine","Waldo County",4,80,276,136,140
050,23,027,"Maine","Waldo County",4,81,216,106,110
050,23,027,"Maine","Waldo County",4,82,175,75,100
050,23,027,"Maine","Waldo County",4,83,167,75,92
050,23,027,"Maine","Waldo County",4,84,146,59,87
050,23,027,"Maine","Waldo County",4,85,771,327,444
050,23,027,"Maine","Waldo County",5,0,356,179,177
050,23,027,"Maine","Waldo County",5,1,329,158,171
050,23,027,"Maine","Waldo County",5,2,346,176,170
050,23,027,"Maine","Waldo County",5,3,363,178,185
050,23,027,"Maine","Waldo County",5,4,346,164,182
050,23,027,"Maine","Waldo County",5,5,363,186,177
050,23,027,"Maine","Waldo County",5,6,382,207,175
050,23,027,"Maine","Waldo County",5,7,415,205,210
050,23,027,"Maine","Waldo County",5,8,359,191,168
050,23,027,"Maine","Waldo County",5,9,395,201,194
050,23,027,"Maine","Waldo County",5,10,401,216,185
050,23,027,"Maine","Waldo County",5,11,436,220,216
050,23,027,"Maine","Waldo County",5,12,392,202,190
050,23,027,"Maine","Waldo County",5,13,416,224,192
050,23,027,"Maine","Waldo County",5,14,443,218,225
050,23,027,"Maine","Waldo County",5,15,466,232,234
050,23,027,"Maine","Waldo County",5,16,445,217,228
050,23,027,"Maine","Waldo County",5,17,465,223,242
050,23,027,"Maine","Waldo County",5,18,480,236,244
050,23,027,"Maine","Waldo County",5,19,449,235,214
050,23,027,"Maine","Waldo County",5,20,418,217,201
050,23,027,"Maine","Waldo County",5,21,361,192,169
050,23,027,"Maine","Waldo County",5,22,395,212,183
050,23,027,"Maine","Waldo County",5,23,371,194,177
050,23,027,"Maine","Waldo County",5,24,366,194,172
050,23,027,"Maine","Waldo County",5,25,350,171,179
050,23,027,"Maine","Waldo County",5,26,413,217,196
050,23,027,"Maine","Waldo County",5,27,405,211,194
050,23,027,"Maine","Waldo County",5,28,393,195,198
050,23,027,"Maine","Waldo County",5,29,409,210,199
050,23,027,"Maine","Waldo County",5,30,431,222,209
050,23,027,"Maine","Waldo County",5,31,444,224,220
050,23,027,"Maine","Waldo County",5,32,456,223,233
050,23,027,"Maine","Waldo County",5,33,488,234,254
050,23,027,"Maine","Waldo County",5,34,499,250,249
050,23,027,"Maine","Waldo County",5,35,478,239,239
050,23,027,"Maine","Waldo County",5,36,459,234,225
050,23,027,"Maine","Waldo County",5,37,492,251,241
050,23,027,"Maine","Waldo County",5,38,463,239,224
050,23,027,"Maine","Waldo County",5,39,487,244,243
050,23,027,"Maine","Waldo County",5,40,445,206,239
050,23,027,"Maine","Waldo County",5,41,483,233,250
050,23,027,"Maine","Waldo County",5,42,488,246,242
050,23,027,"Maine","Waldo County",5,43,534,287,247
050,23,027,"Maine","Waldo County",5,44,523,251,272
050,23,027,"Maine","Waldo County",5,45,505,250,255
050,23,027,"Maine","Waldo County",5,46,493,260,233
050,23,027,"Maine","Waldo County",5,47,483,249,234
050,23,027,"Maine","Waldo County",5,48,457,228,229
050,23,027,"Maine","Waldo County",5,49,474,222,252
050,23,027,"Maine","Waldo County",5,50,474,227,247
050,23,027,"Maine","Waldo County",5,51,523,273,250
050,23,027,"Maine","Waldo County",5,52,538,262,276
050,23,027,"Maine","Waldo County",5,53,531,262,269
050,23,027,"Maine","Waldo County",5,54,501,240,261
050,23,027,"Maine","Waldo County",5,55,538,270,268
050,23,027,"Maine","Waldo County",5,56,547,265,282
050,23,027,"Maine","Waldo County",5,57,556,274,282
050,23,027,"Maine","Waldo County",5,58,577,272,305
050,23,027,"Maine","Waldo County",5,59,610,280,330
050,23,027,"Maine","Waldo County",5,60,639,295,344
050,23,027,"Maine","Waldo County",5,61,637,311,326
050,23,027,"Maine","Waldo County",5,62,646,316,330
050,23,027,"Maine","Waldo County",5,63,641,305,336
050,23,027,"Maine","Waldo County",5,64,638,301,337
050,23,027,"Maine","Waldo County",5,65,689,326,363
050,23,027,"Maine","Waldo County",5,66,704,330,374
050,23,027,"Maine","Waldo County",5,67,717,337,380
050,23,027,"Maine","Waldo County",5,68,666,333,333
050,23,027,"Maine","Waldo County",5,69,708,340,368
050,23,027,"Maine","Waldo County",5,70,605,289,316
050,23,027,"Maine","Waldo County",5,71,599,289,310
050,23,027,"Maine","Waldo County",5,72,614,297,317
050,23,027,"Maine","Waldo County",5,73,566,281,285
050,23,027,"Maine","Waldo County",5,74,585,285,300
050,23,027,"Maine","Waldo County",5,75,550,258,292
050,23,027,"Maine","Waldo County",5,76,569,273,296
050,23,027,"Maine","Waldo County",5,77,378,184,194
050,23,027,"Maine","Waldo County",5,78,345,178,167
050,23,027,"Maine","Waldo County",5,79,321,148,173
050,23,027,"Maine","Waldo County",5,80,327,152,175
050,23,027,"Maine","Waldo County",5,81,255,126,129
050,23,027,"Maine","Waldo County",5,82,194,90,104
050,23,027,"Maine","Waldo County",5,83,156,69,87
050,23,027,"Maine","Waldo County",5,84,169,71,98
050,23,027,"Maine","Waldo County",5,85,797,335,462
050,23,029,"Maine","Washington County",1,0,295,153,142
050,23,029,"Maine","Washington County",1,1,306,158,148
050,23,029,"Maine","Washington County",1,2,291,149,142
050,23,029,"Maine","Washington County",1,3,288,154,134
050,23,029,"Maine","Washington County",1,4,301,164,137
050,23,029,"Maine","Washington County",1,5,320,164,156
050,23,029,"Maine","Washington County",1,6,312,162,150
050,23,029,"Maine","Washington County",1,7,310,154,156
050,23,029,"Maine","Washington County",1,8,307,149,158
050,23,029,"Maine","Washington County",1,9,315,157,158
050,23,029,"Maine","Washington County",1,10,322,170,152
050,23,029,"Maine","Washington County",1,11,361,183,178
050,23,029,"Maine","Washington County",1,12,386,193,193
050,23,029,"Maine","Washington County",1,13,372,171,201
050,23,029,"Maine","Washington County",1,14,366,182,184
050,23,029,"Maine","Washington County",1,15,367,179,188
050,23,029,"Maine","Washington County",1,16,364,185,179
050,23,029,"Maine","Washington County",1,17,367,195,172
050,23,029,"Maine","Washington County",1,18,338,168,170
050,23,029,"Maine","Washington County",1,19,329,171,158
050,23,029,"Maine","Washington County",1,20,290,152,138
050,23,029,"Maine","Washington County",1,21,312,166,146
050,23,029,"Maine","Washington County",1,22,289,144,145
050,23,029,"Maine","Washington County",1,23,328,173,155
050,23,029,"Maine","Washington County",1,24,299,165,134
050,23,029,"Maine","Washington County",1,25,320,156,164
050,23,029,"Maine","Washington County",1,26,329,166,163
050,23,029,"Maine","Washington County",1,27,323,160,163
050,23,029,"Maine","Washington County",1,28,298,146,152
050,23,029,"Maine","Washington County",1,29,296,153,143
050,23,029,"Maine","Washington County",1,30,276,135,141
050,23,029,"Maine","Washington County",1,31,274,139,135
050,23,029,"Maine","Washington County",1,32,260,131,129
050,23,029,"Maine","Washington County",1,33,279,138,141
050,23,029,"Maine","Washington County",1,34,313,159,154
050,23,029,"Maine","Washington County",1,35,342,173,169
050,23,029,"Maine","Washington County",1,36,319,158,161
050,23,029,"Maine","Washington County",1,37,332,155,177
050,23,029,"Maine","Washington County",1,38,312,148,164
050,23,029,"Maine","Washington County",1,39,323,160,163
050,23,029,"Maine","Washington County",1,40,333,172,161
050,23,029,"Maine","Washington County",1,41,324,155,169
050,23,029,"Maine","Washington County",1,42,314,142,172
050,23,029,"Maine","Washington County",1,43,346,178,168
050,23,029,"Maine","Washington County",1,44,339,161,178
050,23,029,"Maine","Washington County",1,45,312,147,165
050,23,029,"Maine","Washington County",1,46,314,158,156
050,23,029,"Maine","Washington County",1,47,343,182,161
050,23,029,"Maine","Washington County",1,48,373,188,185
050,23,029,"Maine","Washington County",1,49,388,209,179
050,23,029,"Maine","Washington County",1,50,377,191,186
050,23,029,"Maine","Washington County",1,51,374,183,191
050,23,029,"Maine","Washington County",1,52,370,175,195
050,23,029,"Maine","Washington County",1,53,435,212,223
050,23,029,"Maine","Washington County",1,54,444,215,229
050,23,029,"Maine","Washington County",1,55,430,209,221
050,23,029,"Maine","Washington County",1,56,439,225,214
050,23,029,"Maine","Washington County",1,57,512,257,255
050,23,029,"Maine","Washington County",1,58,538,265,273
050,23,029,"Maine","Washington County",1,59,529,256,273
050,23,029,"Maine","Washington County",1,60,518,244,274
050,23,029,"Maine","Washington County",1,61,532,254,278
050,23,029,"Maine","Washington County",1,62,582,276,306
050,23,029,"Maine","Washington County",1,63,535,273,262
050,23,029,"Maine","Washington County",1,64,568,287,281
050,23,029,"Maine","Washington County",1,65,559,294,265
050,23,029,"Maine","Washington County",1,66,503,254,249
050,23,029,"Maine","Washington County",1,67,512,271,241
050,23,029,"Maine","Washington County",1,68,513,265,248
050,23,029,"Maine","Washington County",1,69,469,224,245
050,23,029,"Maine","Washington County",1,70,468,225,243
050,23,029,"Maine","Washington County",1,71,471,231,240
050,23,029,"Maine","Washington County",1,72,468,227,241
050,23,029,"Maine","Washington County",1,73,479,235,244
050,23,029,"Maine","Washington County",1,74,321,161,160
050,23,029,"Maine","Washington County",1,75,305,155,150
050,23,029,"Maine","Washington County",1,76,326,163,163
050,23,029,"Maine","Washington County",1,77,305,146,159
050,23,029,"Maine","Washington County",1,78,258,117,141
050,23,029,"Maine","Washington County",1,79,223,103,120
050,23,029,"Maine","Washington County",1,80,215,95,120
050,23,029,"Maine","Washington County",1,81,214,97,117
050,23,029,"Maine","Washington County",1,82,175,74,101
050,23,029,"Maine","Washington County",1,83,154,61,93
050,23,029,"Maine","Washington County",1,84,119,50,69
050,23,029,"Maine","Washington County",1,85,733,261,472
050,23,029,"Maine","Washington County",2,0,282,144,138
050,23,029,"Maine","Washington County",2,1,306,159,147
050,23,029,"Maine","Washington County",2,2,297,154,143
050,23,029,"Maine","Washington County",2,3,286,153,133
050,23,029,"Maine","Washington County",2,4,299,162,137
050,23,029,"Maine","Washington County",2,5,319,166,153
050,23,029,"Maine","Washington County",2,6,317,165,152
050,23,029,"Maine","Washington County",2,7,312,158,154
050,23,029,"Maine","Washington County",2,8,307,150,157
050,23,029,"Maine","Washington County",2,9,312,155,157
050,23,029,"Maine","Washington County",2,10,320,165,155
050,23,029,"Maine","Washington County",2,11,348,178,170
050,23,029,"Maine","Washington County",2,12,383,192,191
050,23,029,"Maine","Washington County",2,13,380,179,201
050,23,029,"Maine","Washington County",2,14,368,178,190
050,23,029,"Maine","Washington County",2,15,365,178,187
050,23,029,"Maine","Washington County",2,16,368,185,183
050,23,029,"Maine","Washington County",2,17,368,192,176
050,23,029,"Maine","Washington County",2,18,337,172,165
050,23,029,"Maine","Washington County",2,19,330,171,159
050,23,029,"Maine","Washington County",2,20,298,154,144
050,23,029,"Maine","Washington County",2,21,308,162,146
050,23,029,"Maine","Washington County",2,22,295,149,146
050,23,029,"Maine","Washington County",2,23,316,163,153
050,23,029,"Maine","Washington County",2,24,308,169,139
050,23,029,"Maine","Washington County",2,25,316,157,159
050,23,029,"Maine","Washington County",2,26,324,161,163
050,23,029,"Maine","Washington County",2,27,325,161,164
050,23,029,"Maine","Washington County",2,28,307,152,155
050,23,029,"Maine","Washington County",2,29,300,153,147
050,23,029,"Maine","Washington County",2,30,284,141,143
050,23,029,"Maine","Washington County",2,31,275,140,135
050,23,029,"Maine","Washington County",2,32,262,132,130
050,23,029,"Maine","Washington County",2,33,275,137,138
050,23,029,"Maine","Washington County",2,34,308,154,154
050,23,029,"Maine","Washington County",2,35,340,171,169
050,23,029,"Maine","Washington County",2,36,321,159,162
050,23,029,"Maine","Washington County",2,37,331,157,174
050,23,029,"Maine","Washington County",2,38,323,153,170
050,23,029,"Maine","Washington County",2,39,318,154,164
050,23,029,"Maine","Washington County",2,40,332,169,163
050,23,029,"Maine","Washington County",2,41,327,159,168
050,23,029,"Maine","Washington County",2,42,312,144,168
050,23,029,"Maine","Washington County",2,43,344,171,173
050,23,029,"Maine","Washington County",2,44,337,163,174
050,23,029,"Maine","Washington County",2,45,323,152,171
050,23,029,"Maine","Washington County",2,46,311,154,157
050,23,029,"Maine","Washington County",2,47,336,175,161
050,23,029,"Maine","Washington County",2,48,367,185,182
050,23,029,"Maine","Washington County",2,49,388,206,182
050,23,029,"Maine","Washington County",2,50,379,196,183
050,23,029,"Maine","Washington County",2,51,375,186,189
050,23,029,"Maine","Washington County",2,52,374,177,197
050,23,029,"Maine","Washington County",2,53,420,203,217
050,23,029,"Maine","Washington County",2,54,440,215,225
050,23,029,"Maine","Washington County",2,55,430,208,222
050,23,029,"Maine","Washington County",2,56,437,220,217
050,23,029,"Maine","Washington County",2,57,497,252,245
050,23,029,"Maine","Washington County",2,58,533,263,270
050,23,029,"Maine","Washington County",2,59,534,261,273
050,23,029,"Maine","Washington County",2,60,522,247,275
050,23,029,"Maine","Washington County",2,61,523,249,274
050,23,029,"Maine","Washington County",2,62,567,267,300
050,23,029,"Maine","Washington County",2,63,552,278,274
050,23,029,"Maine","Washington County",2,64,556,280,276
050,23,029,"Maine","Washington County",2,65,558,290,268
050,23,029,"Maine","Washington County",2,66,519,267,252
050,23,029,"Maine","Washington County",2,67,508,267,241
050,23,029,"Maine","Washington County",2,68,510,265,245
050,23,029,"Maine","Washington County",2,69,479,233,246
050,23,029,"Maine","Washington County",2,70,460,218,242
050,23,029,"Maine","Washington County",2,71,467,227,240
050,23,029,"Maine","Washington County",2,72,461,222,239
050,23,029,"Maine","Washington County",2,73,497,244,253
050,23,029,"Maine","Washington County",2,74,331,166,165
050,23,029,"Maine","Washington County",2,75,308,157,151
050,23,029,"Maine","Washington County",2,76,319,160,159
050,23,029,"Maine","Washington County",2,77,314,152,162
050,23,029,"Maine","Washington County",2,78,260,122,138
050,23,029,"Maine","Washington County",2,79,229,104,125
050,23,029,"Maine","Washington County",2,80,214,94,120
050,23,029,"Maine","Washington County",2,81,208,96,112
050,23,029,"Maine","Washington County",2,82,182,78,104
050,23,029,"Maine","Washington County",2,83,155,60,95
050,23,029,"Maine","Washington County",2,84,125,52,73
050,23,029,"Maine","Washington County",2,85,730,263,467
050,23,029,"Maine","Washington County",3,0,273,144,129
050,23,029,"Maine","Washington County",3,1,283,145,138
050,23,029,"Maine","Washington County",3,2,308,155,153
050,23,029,"Maine","Washington County",3,3,307,155,152
050,23,029,"Maine","Washington County",3,4,275,150,125
050,23,029,"Maine","Washington County",3,5,310,165,145
050,23,029,"Maine","Washington County",3,6,325,168,157
050,23,029,"Maine","Washington County",3,7,308,162,146
050,23,029,"Maine","Washington County",3,8,312,158,154
050,23,029,"Maine","Washington County",3,9,310,148,162
050,23,029,"Maine","Washington County",3,10,310,157,153
050,23,029,"Maine","Washington County",3,11,319,168,151
050,23,029,"Maine","Washington County",3,12,353,179,174
050,23,029,"Maine","Washington County",3,13,383,191,192
050,23,029,"Maine","Washington County",3,14,389,185,204
050,23,029,"Maine","Washington County",3,15,364,174,190
050,23,029,"Maine","Washington County",3,16,373,185,188
050,23,029,"Maine","Washington County",3,17,368,185,183
050,23,029,"Maine","Washington County",3,18,353,187,166
050,23,029,"Maine","Washington County",3,19,328,167,161
050,23,029,"Maine","Washington County",3,20,302,155,147
050,23,029,"Maine","Washington County",3,21,294,152,142
050,23,029,"Maine","Washington County",3,22,301,162,139
050,23,029,"Maine","Washington County",3,23,269,129,140
050,23,029,"Maine","Washington County",3,24,324,166,158
050,23,029,"Maine","Washington County",3,25,308,162,146
050,23,029,"Maine","Washington County",3,26,320,153,167
050,23,029,"Maine","Washington County",3,27,323,163,160
050,23,029,"Maine","Washington County",3,28,332,166,166
050,23,029,"Maine","Washington County",3,29,311,151,160
050,23,029,"Maine","Washington County",3,30,316,159,157
050,23,029,"Maine","Washington County",3,31,271,130,141
050,23,029,"Maine","Washington County",3,32,286,149,137
050,23,029,"Maine","Washington County",3,33,275,139,136
050,23,029,"Maine","Washington County",3,34,280,142,138
050,23,029,"Maine","Washington County",3,35,308,150,158
050,23,029,"Maine","Washington County",3,36,343,179,164
050,23,029,"Maine","Washington County",3,37,335,168,167
050,23,029,"Maine","Washington County",3,38,336,158,178
050,23,029,"Maine","Washington County",3,39,323,146,177
050,23,029,"Maine","Washington County",3,40,326,158,168
050,23,029,"Maine","Washington County",3,41,346,175,171
050,23,029,"Maine","Washington County",3,42,329,161,168
050,23,029,"Maine","Washington County",3,43,324,147,177
050,23,029,"Maine","Washington County",3,44,346,173,173
050,23,029,"Maine","Washington County",3,45,340,160,180
050,23,029,"Maine","Washington County",3,46,321,151,170
050,23,029,"Maine","Washington County",3,47,324,159,165
050,23,029,"Maine","Washington County",3,48,339,175,164
050,23,029,"Maine","Washington County",3,49,381,189,192
050,23,029,"Maine","Washington County",3,50,404,217,187
050,23,029,"Maine","Washington County",3,51,387,200,187
050,23,029,"Maine","Washington County",3,52,373,182,191
050,23,029,"Maine","Washington County",3,53,369,178,191
050,23,029,"Maine","Washington County",3,54,425,204,221
050,23,029,"Maine","Washington County",3,55,426,207,219
050,23,029,"Maine","Washington County",3,56,431,208,223
050,23,029,"Maine","Washington County",3,57,448,223,225
050,23,029,"Maine","Washington County",3,58,511,253,258
050,23,029,"Maine","Washington County",3,59,543,276,267
050,23,029,"Maine","Washington County",3,60,544,263,281
050,23,029,"Maine","Washington County",3,61,513,239,274
050,23,029,"Maine","Washington County",3,62,538,244,294
050,23,029,"Maine","Washington County",3,63,570,267,303
050,23,029,"Maine","Washington County",3,64,561,287,274
050,23,029,"Maine","Washington County",3,65,562,285,277
050,23,029,"Maine","Washington County",3,66,557,288,269
050,23,029,"Maine","Washington County",3,67,520,258,262
050,23,029,"Maine","Washington County",3,68,500,260,240
050,23,029,"Maine","Washington County",3,69,509,260,249
050,23,029,"Maine","Washington County",3,70,476,235,241
050,23,029,"Maine","Washington County",3,71,457,220,237
050,23,029,"Maine","Washington County",3,72,459,223,236
050,23,029,"Maine","Washington County",3,73,455,225,230
050,23,029,"Maine","Washington County",3,74,487,234,253
050,23,029,"Maine","Washington County",3,75,306,151,155
050,23,029,"Maine","Washington County",3,76,298,155,143
050,23,029,"Maine","Washington County",3,77,302,140,162
050,23,029,"Maine","Washington County",3,78,297,144,153
050,23,029,"Maine","Washington County",3,79,263,124,139
050,23,029,"Maine","Washington County",3,80,229,99,130
050,23,029,"Maine","Washington County",3,81,202,94,108
050,23,029,"Maine","Washington County",3,82,179,80,99
050,23,029,"Maine","Washington County",3,83,164,72,92
050,23,029,"Maine","Washington County",3,84,143,55,88
050,23,029,"Maine","Washington County",3,85,700,249,451
050,23,029,"Maine","Washington County",4,0,279,152,127
050,23,029,"Maine","Washington County",4,1,265,138,127
050,23,029,"Maine","Washington County",4,2,294,150,144
050,23,029,"Maine","Washington County",4,3,319,159,160
050,23,029,"Maine","Washington County",4,4,308,155,153
050,23,029,"Maine","Washington County",4,5,273,149,124
050,23,029,"Maine","Washington County",4,6,313,165,148
050,23,029,"Maine","Washington County",4,7,330,174,156
050,23,029,"Maine","Washington County",4,8,315,166,149
050,23,029,"Maine","Washington County",4,9,313,157,156
050,23,029,"Maine","Washington County",4,10,317,151,166
050,23,029,"Maine","Washington County",4,11,317,162,155
050,23,029,"Maine","Washington County",4,12,328,171,157
050,23,029,"Maine","Washington County",4,13,356,180,176
050,23,029,"Maine","Washington County",4,14,387,199,188
050,23,029,"Maine","Washington County",4,15,398,193,205
050,23,029,"Maine","Washington County",4,16,371,176,195
050,23,029,"Maine","Washington County",4,17,382,194,188
050,23,029,"Maine","Washington County",4,18,339,177,162
050,23,029,"Maine","Washington County",4,19,340,185,155
050,23,029,"Maine","Washington County",4,20,294,148,146
050,23,029,"Maine","Washington County",4,21,305,149,156
050,23,029,"Maine","Washington County",4,22,290,155,135
050,23,029,"Maine","Washington County",4,23,296,162,134
050,23,029,"Maine","Washington County",4,24,279,139,140
050,23,029,"Maine","Washington County",4,25,334,172,162
050,23,029,"Maine","Washington County",4,26,311,163,148
050,23,029,"Maine","Washington County",4,27,335,159,176
050,23,029,"Maine","Washington County",4,28,344,176,168
050,23,029,"Maine","Washington County",4,29,334,167,167
050,23,029,"Maine","Washington County",4,30,319,152,167
050,23,029,"Maine","Washington County",4,31,310,158,152
050,23,029,"Maine","Washington County",4,32,282,135,147
050,23,029,"Maine","Washington County",4,33,299,157,142
050,23,029,"Maine","Washington County",4,34,278,139,139
050,23,029,"Maine","Washington County",4,35,296,158,138
050,23,029,"Maine","Washington County",4,36,327,161,166
050,23,029,"Maine","Washington County",4,37,343,174,169
050,23,029,"Maine","Washington County",4,38,350,174,176
050,23,029,"Maine","Washington County",4,39,354,164,190
050,23,029,"Maine","Washington County",4,40,306,137,169
050,23,029,"Maine","Washington County",4,41,337,163,174
050,23,029,"Maine","Washington County",4,42,339,172,167
050,23,029,"Maine","Washington County",4,43,337,166,171
050,23,029,"Maine","Washington County",4,44,315,144,171
050,23,029,"Maine","Washington County",4,45,368,183,185
050,23,029,"Maine","Washington County",4,46,330,158,172
050,23,029,"Maine","Washington County",4,47,332,159,173
050,23,029,"Maine","Washington County",4,48,329,157,172
050,23,029,"Maine","Washington County",4,49,354,187,167
050,23,029,"Maine","Washington County",4,50,378,187,191
050,23,029,"Maine","Washington County",4,51,417,227,190
050,23,029,"Maine","Washington County",4,52,414,211,203
050,23,029,"Maine","Washington County",4,53,380,186,194
050,23,029,"Maine","Washington County",4,54,377,182,195
050,23,029,"Maine","Washington County",4,55,419,205,214
050,23,029,"Maine","Washington County",4,56,437,214,223
050,23,029,"Maine","Washington County",4,57,445,215,230
050,23,029,"Maine","Washington County",4,58,470,230,240
050,23,029,"Maine","Washington County",4,59,524,267,257
050,23,029,"Maine","Washington County",4,60,554,275,279
050,23,029,"Maine","Washington County",4,61,551,260,291
050,23,029,"Maine","Washington County",4,62,529,242,287
050,23,029,"Maine","Washington County",4,63,559,261,298
050,23,029,"Maine","Washington County",4,64,585,272,313
050,23,029,"Maine","Washington County",4,65,567,293,274
050,23,029,"Maine","Washington County",4,66,570,288,282
050,23,029,"Maine","Washington County",4,67,557,279,278
050,23,029,"Maine","Washington County",4,68,500,244,256
050,23,029,"Maine","Washington County",4,69,497,254,243
050,23,029,"Maine","Washington County",4,70,511,265,246
050,23,029,"Maine","Washington County",4,71,463,227,236
050,23,029,"Maine","Washington County",4,72,449,207,242
050,23,029,"Maine","Washington County",4,73,447,221,226
050,23,029,"Maine","Washington County",4,74,452,221,231
050,23,029,"Maine","Washington County",4,75,469,223,246
050,23,029,"Maine","Washington County",4,76,309,154,155
050,23,029,"Maine","Washington County",4,77,281,144,137
050,23,029,"Maine","Washington County",4,78,280,130,150
050,23,029,"Maine","Washington County",4,79,284,135,149
050,23,029,"Maine","Washington County",4,80,265,119,146
050,23,029,"Maine","Washington County",4,81,221,101,120
050,23,029,"Maine","Washington County",4,82,183,84,99
050,23,029,"Maine","Washington County",4,83,164,69,95
050,23,029,"Maine","Washington County",4,84,144,61,83
050,23,029,"Maine","Washington County",4,85,704,246,458
050,23,029,"Maine","Washington County",5,0,286,155,131
050,23,029,"Maine","Washington County",5,1,286,157,129
050,23,029,"Maine","Washington County",5,2,281,154,127
050,23,029,"Maine","Washington County",5,3,307,155,152
050,23,029,"Maine","Washington County",5,4,314,154,160
050,23,029,"Maine","Washington County",5,5,316,162,154
050,23,029,"Maine","Washington County",5,6,273,147,126
050,23,029,"Maine","Washington County",5,7,311,163,148
050,23,029,"Maine","Washington County",5,8,334,179,155
050,23,029,"Maine","Washington County",5,9,317,168,149
050,23,029,"Maine","Washington County",5,10,319,159,160
050,23,029,"Maine","Washington County",5,11,322,153,169
050,23,029,"Maine","Washington County",5,12,313,164,149
050,23,029,"Maine","Washington County",5,13,337,180,157
050,23,029,"Maine","Washington County",5,14,351,177,174
050,23,029,"Maine","Washington County",5,15,400,202,198
050,23,029,"Maine","Washington County",5,16,394,196,198
050,23,029,"Maine","Washington County",5,17,377,184,193
050,23,029,"Maine","Washington County",5,18,353,188,165
050,23,029,"Maine","Washington County",5,19,331,177,154
050,23,029,"Maine","Washington County",5,20,305,167,138
050,23,029,"Maine","Washington County",5,21,306,148,158
050,23,029,"Maine","Washington County",5,22,299,142,157
050,23,029,"Maine","Washington County",5,23,289,150,139
050,23,029,"Maine","Washington County",5,24,298,164,134
050,23,029,"Maine","Washington County",5,25,286,138,148
050,23,029,"Maine","Washington County",5,26,333,166,167
050,23,029,"Maine","Washington County",5,27,304,157,147
050,23,029,"Maine","Washington County",5,28,328,159,169
050,23,029,"Maine","Washington County",5,29,345,179,166
050,23,029,"Maine","Washington County",5,30,330,171,159
050,23,029,"Maine","Washington County",5,31,305,144,161
050,23,029,"Maine","Washington County",5,32,326,163,163
050,23,029,"Maine","Washington County",5,33,286,140,146
050,23,029,"Maine","Washington County",5,34,292,153,139
050,23,029,"Maine","Washington County",5,35,270,130,140
050,23,029,"Maine","Washington County",5,36,290,147,143
050,23,029,"Maine","Washington County",5,37,331,164,167
050,23,029,"Maine","Washington County",5,38,361,191,170
050,23,029,"Maine","Washington County",5,39,362,176,186
050,23,029,"Maine","Washington County",5,40,349,161,188
050,23,029,"Maine","Washington County",5,41,320,138,182
050,23,029,"Maine","Washington County",5,42,330,160,170
050,23,029,"Maine","Washington County",5,43,344,170,174
050,23,029,"Maine","Washington County",5,44,339,172,167
050,23,029,"Maine","Washington County",5,45,321,142,179
050,23,029,"Maine","Washington County",5,46,361,187,174
050,23,029,"Maine","Washington County",5,47,341,166,175
050,23,029,"Maine","Washington County",5,48,337,159,178
050,23,029,"Maine","Washington County",5,49,334,156,178
050,23,029,"Maine","Washington County",5,50,363,186,177
050,23,029,"Maine","Washington County",5,51,395,200,195
050,23,029,"Maine","Washington County",5,52,423,230,193
050,23,029,"Maine","Washington County",5,53,421,212,209
050,23,029,"Maine","Washington County",5,54,385,192,193
050,23,029,"Maine","Washington County",5,55,368,178,190
050,23,029,"Maine","Washington County",5,56,423,205,218
050,23,029,"Maine","Washington County",5,57,456,226,230
050,23,029,"Maine","Washington County",5,58,447,210,237
050,23,029,"Maine","Washington County",5,59,476,236,240
050,23,029,"Maine","Washington County",5,60,533,269,264
050,23,029,"Maine","Washington County",5,61,545,271,274
050,23,029,"Maine","Washington County",5,62,551,251,300
050,23,029,"Maine","Washington County",5,63,539,253,286
050,23,029,"Maine","Washington County",5,64,570,266,304
050,23,029,"Maine","Washington County",5,65,575,264,311
050,23,029,"Maine","Washington County",5,66,581,300,281
050,23,029,"Maine","Washington County",5,67,579,290,289
050,23,029,"Maine","Washington County",5,68,542,272,270
050,23,029,"Maine","Washington County",5,69,495,241,254
050,23,029,"Maine","Washington County",5,70,486,245,241
050,23,029,"Maine","Washington County",5,71,492,258,234
050,23,029,"Maine","Washington County",5,72,453,212,241
050,23,029,"Maine","Washington County",5,73,435,203,232
050,23,029,"Maine","Washington County",5,74,431,207,224
050,23,029,"Maine","Washington County",5,75,424,204,220
050,23,029,"Maine","Washington County",5,76,458,219,239
050,23,029,"Maine","Washington County",5,77,290,139,151
050,23,029,"Maine","Washington County",5,78,255,131,124
050,23,029,"Maine","Washington County",5,79,269,123,146
050,23,029,"Maine","Washington County",5,80,280,132,148
050,23,029,"Maine","Washington County",5,81,251,120,131
050,23,029,"Maine","Washington County",5,82,196,89,107
050,23,029,"Maine","Washington County",5,83,169,74,95
050,23,029,"Maine","Washington County",5,84,146,62,84
050,23,029,"Maine","Washington County",5,85,709,253,456
050,23,031,"Maine","York County",1,0,1886,968,918
050,23,031,"Maine","York County",1,1,1939,988,951
050,23,031,"Maine","York County",1,2,1901,959,942
050,23,031,"Maine","York County",1,3,1975,1013,962
050,23,031,"Maine","York County",1,4,2037,1045,992
050,23,031,"Maine","York County",1,5,2069,1061,1008
050,23,031,"Maine","York County",1,6,2093,1061,1032
050,23,031,"Maine","York County",1,7,2069,1096,973
050,23,031,"Maine","York County",1,8,2100,1105,995
050,23,031,"Maine","York County",1,9,2126,1096,1030
050,23,031,"Maine","York County",1,10,2246,1161,1085
050,23,031,"Maine","York County",1,11,2336,1225,1111
050,23,031,"Maine","York County",1,12,2426,1242,1184
050,23,031,"Maine","York County",1,13,2398,1228,1170
050,23,031,"Maine","York County",1,14,2394,1242,1152
050,23,031,"Maine","York County",1,15,2410,1238,1172
050,23,031,"Maine","York County",1,16,2503,1303,1200
050,23,031,"Maine","York County",1,17,2466,1289,1177
050,23,031,"Maine","York County",1,18,2390,1194,1196
050,23,031,"Maine","York County",1,19,2162,1044,1118
050,23,031,"Maine","York County",1,20,2180,1092,1088
050,23,031,"Maine","York County",1,21,2130,1097,1033
050,23,031,"Maine","York County",1,22,2131,1102,1029
050,23,031,"Maine","York County",1,23,2238,1188,1050
050,23,031,"Maine","York County",1,24,2341,1238,1103
050,23,031,"Maine","York County",1,25,2401,1225,1176
050,23,031,"Maine","York County",1,26,2452,1255,1197
050,23,031,"Maine","York County",1,27,2563,1289,1274
050,23,031,"Maine","York County",1,28,2588,1284,1304
050,23,031,"Maine","York County",1,29,2657,1318,1339
050,23,031,"Maine","York County",1,30,2647,1309,1338
050,23,031,"Maine","York County",1,31,2730,1372,1358
050,23,031,"Maine","York County",1,32,2644,1336,1308
050,23,031,"Maine","York County",1,33,2606,1324,1282
050,23,031,"Maine","York County",1,34,2784,1415,1369
050,23,031,"Maine","York County",1,35,2607,1332,1275
050,23,031,"Maine","York County",1,36,2580,1292,1288
050,23,031,"Maine","York County",1,37,2654,1304,1350
050,23,031,"Maine","York County",1,38,2597,1295,1302
050,23,031,"Maine","York County",1,39,2494,1271,1223
050,23,031,"Maine","York County",1,40,2530,1266,1264
050,23,031,"Maine","York County",1,41,2481,1229,1252
050,23,031,"Maine","York County",1,42,2393,1194,1199
050,23,031,"Maine","York County",1,43,2320,1156,1164
050,23,031,"Maine","York County",1,44,2271,1115,1156
050,23,031,"Maine","York County",1,45,2307,1172,1135
050,23,031,"Maine","York County",1,46,2397,1205,1192
050,23,031,"Maine","York County",1,47,2506,1220,1286
050,23,031,"Maine","York County",1,48,2746,1365,1381
050,23,031,"Maine","York County",1,49,2923,1436,1487
050,23,031,"Maine","York County",1,50,2869,1432,1437
050,23,031,"Maine","York County",1,51,2824,1444,1380
050,23,031,"Maine","York County",1,52,2846,1410,1436
050,23,031,"Maine","York County",1,53,2971,1478,1493
050,23,031,"Maine","York County",1,54,3073,1516,1557
050,23,031,"Maine","York County",1,55,3229,1598,1631
050,23,031,"Maine","York County",1,56,3457,1747,1710
050,23,031,"Maine","York County",1,57,3517,1682,1835
050,23,031,"Maine","York County",1,58,3559,1756,1803
050,23,031,"Maine","York County",1,59,3579,1774,1805
050,23,031,"Maine","York County",1,60,3458,1656,1802
050,23,031,"Maine","York County",1,61,3480,1644,1836
050,23,031,"Maine","York County",1,62,3509,1682,1827
050,23,031,"Maine","York County",1,63,3367,1620,1747
050,23,031,"Maine","York County",1,64,3227,1528,1699
050,23,031,"Maine","York County",1,65,3185,1529,1656
050,23,031,"Maine","York County",1,66,3167,1483,1684
050,23,031,"Maine","York County",1,67,3129,1479,1650
050,23,031,"Maine","York County",1,68,2969,1362,1607
050,23,031,"Maine","York County",1,69,2699,1281,1418
050,23,031,"Maine","York County",1,70,2599,1285,1314
050,23,031,"Maine","York County",1,71,2601,1255,1346
050,23,031,"Maine","York County",1,72,2627,1241,1386
050,23,031,"Maine","York County",1,73,2520,1216,1304
050,23,031,"Maine","York County",1,74,1666,786,880
050,23,031,"Maine","York County",1,75,1652,788,864
050,23,031,"Maine","York County",1,76,1726,797,929
050,23,031,"Maine","York County",1,77,1610,753,857
050,23,031,"Maine","York County",1,78,1375,614,761
050,23,031,"Maine","York County",1,79,1244,549,695
050,23,031,"Maine","York County",1,80,1083,478,605
050,23,031,"Maine","York County",1,81,1016,452,564
050,23,031,"Maine","York County",1,82,957,406,551
050,23,031,"Maine","York County",1,83,874,366,508
050,23,031,"Maine","York County",1,84,793,331,462
050,23,031,"Maine","York County",1,85,4688,1678,3010
050,23,031,"Maine","York County",2,0,1849,948,901
050,23,031,"Maine","York County",2,1,1918,980,938
050,23,031,"Maine","York County",2,2,1916,972,944
050,23,031,"Maine","York County",2,3,1950,999,951
050,23,031,"Maine","York County",2,4,2030,1044,986
050,23,031,"Maine","York County",2,5,2065,1057,1008
050,23,031,"Maine","York County",2,6,2097,1066,1031
050,23,031,"Maine","York County",2,7,2066,1081,985
050,23,031,"Maine","York County",2,8,2090,1101,989
050,23,031,"Maine","York County",2,9,2122,1100,1022
050,23,031,"Maine","York County",2,10,2217,1145,1072
050,23,031,"Maine","York County",2,11,2309,1209,1100
050,23,031,"Maine","York County",2,12,2411,1242,1169
050,23,031,"Maine","York County",2,13,2400,1229,1171
050,23,031,"Maine","York County",2,14,2390,1236,1154
050,23,031,"Maine","York County",2,15,2411,1241,1170
050,23,031,"Maine","York County",2,16,2483,1290,1193
050,23,031,"Maine","York County",2,17,2477,1294,1183
050,23,031,"Maine","York County",2,18,2381,1189,1192
050,23,031,"Maine","York County",2,19,2177,1054,1123
050,23,031,"Maine","York County",2,20,2202,1105,1097
050,23,031,"Maine","York County",2,21,2139,1102,1037
050,23,031,"Maine","York County",2,22,2124,1099,1025
050,23,031,"Maine","York County",2,23,2241,1178,1063
050,23,031,"Maine","York County",2,24,2336,1238,1098
050,23,031,"Maine","York County",2,25,2399,1234,1165
050,23,031,"Maine","York County",2,26,2462,1257,1205
050,23,031,"Maine","York County",2,27,2543,1279,1264
050,23,031,"Maine","York County",2,28,2605,1296,1309
050,23,031,"Maine","York County",2,29,2647,1310,1337
050,23,031,"Maine","York County",2,30,2678,1321,1357
050,23,031,"Maine","York County",2,31,2705,1354,1351
050,23,031,"Maine","York County",2,32,2660,1343,1317
050,23,031,"Maine","York County",2,33,2632,1337,1295
050,23,031,"Maine","York County",2,34,2754,1399,1355
050,23,031,"Maine","York County",2,35,2679,1364,1315
050,23,031,"Maine","York County",2,36,2590,1302,1288
050,23,031,"Maine","York County",2,37,2644,1302,1342
050,23,031,"Maine","York County",2,38,2618,1301,1317
050,23,031,"Maine","York County",2,39,2520,1277,1243
050,23,031,"Maine","York County",2,40,2537,1272,1265
050,23,031,"Maine","York County",2,41,2486,1234,1252
050,23,031,"Maine","York County",2,42,2414,1204,1210
050,23,031,"Maine","York County",2,43,2358,1173,1185
050,23,031,"Maine","York County",2,44,2259,1115,1144
050,23,031,"Maine","York County",2,45,2313,1168,1145
050,23,031,"Maine","York County",2,46,2370,1199,1171
050,23,031,"Maine","York County",2,47,2472,1215,1257
050,23,031,"Maine","York County",2,48,2698,1337,1361
050,23,031,"Maine","York County",2,49,2904,1432,1472
050,23,031,"Maine","York County",2,50,2888,1438,1450
050,23,031,"Maine","York County",2,51,2833,1438,1395
050,23,031,"Maine","York County",2,52,2831,1415,1416
050,23,031,"Maine","York County",2,53,2945,1464,1481
050,23,031,"Maine","York County",2,54,3044,1502,1542
050,23,031,"Maine","York County",2,55,3197,1578,1619
050,23,031,"Maine","York County",2,56,3418,1719,1699
050,23,031,"Maine","York County",2,57,3514,1700,1814
050,23,031,"Maine","York County",2,58,3545,1734,1811
050,23,031,"Maine","York County",2,59,3593,1779,1814
050,23,031,"Maine","York County",2,60,3472,1677,1795
050,23,031,"Maine","York County",2,61,3469,1644,1825
050,23,031,"Maine","York County",2,62,3505,1675,1830
050,23,031,"Maine","York County",2,63,3432,1647,1785
050,23,031,"Maine","York County",2,64,3240,1538,1702
050,23,031,"Maine","York County",2,65,3188,1520,1668
050,23,031,"Maine","York County",2,66,3182,1499,1683
050,23,031,"Maine","York County",2,67,3120,1467,1653
050,23,031,"Maine","York County",2,68,2990,1382,1608
050,23,031,"Maine","York County",2,69,2793,1314,1479
050,23,031,"Maine","York County",2,70,2613,1280,1333
050,23,031,"Maine","York County",2,71,2590,1256,1334
050,23,031,"Maine","York County",2,72,2574,1222,1352
050,23,031,"Maine","York County",2,73,2664,1281,1383
050,23,031,"Maine","York County",2,74,1746,831,915
050,23,031,"Maine","York County",2,75,1658,789,869
050,23,031,"Maine","York County",2,76,1685,781,904
050,23,031,"Maine","York County",2,77,1675,782,893
050,23,031,"Maine","York County",2,78,1394,631,763
050,23,031,"Maine","York County",2,79,1259,561,698
050,23,031,"Maine","York County",2,80,1111,492,619
050,23,031,"Maine","York County",2,81,1006,443,563
050,23,031,"Maine","York County",2,82,967,416,551
050,23,031,"Maine","York County",2,83,882,365,517
050,23,031,"Maine","York County",2,84,789,329,460
050,23,031,"Maine","York County",2,85,4700,1687,3013
050,23,031,"Maine","York County",3,0,1747,893,854
050,23,031,"Maine","York County",3,1,1967,1031,936
050,23,031,"Maine","York County",3,2,1977,1002,975
050,23,031,"Maine","York County",3,3,1951,1005,946
050,23,031,"Maine","York County",3,4,2015,1025,990
050,23,031,"Maine","York County",3,5,2050,1032,1018
050,23,031,"Maine","York County",3,6,2108,1096,1012
050,23,031,"Maine","York County",3,7,2141,1092,1049
050,23,031,"Maine","York County",3,8,2075,1077,998
050,23,031,"Maine","York County",3,9,2077,1077,1000
050,23,031,"Maine","York County",3,10,2122,1108,1014
050,23,031,"Maine","York County",3,11,2231,1154,1077
050,23,031,"Maine","York County",3,12,2356,1220,1136
050,23,031,"Maine","York County",3,13,2412,1238,1174
050,23,031,"Maine","York County",3,14,2404,1233,1171
050,23,031,"Maine","York County",3,15,2401,1243,1158
050,23,031,"Maine","York County",3,16,2440,1266,1174
050,23,031,"Maine","York County",3,17,2462,1274,1188
050,23,031,"Maine","York County",3,18,2379,1194,1185
050,23,031,"Maine","York County",3,19,2118,1041,1077
050,23,031,"Maine","York County",3,20,2168,1105,1063
050,23,031,"Maine","York County",3,21,2154,1093,1061
050,23,031,"Maine","York County",3,22,2133,1093,1040
050,23,031,"Maine","York County",3,23,2281,1160,1121
050,23,031,"Maine","York County",3,24,2339,1239,1100
050,23,031,"Maine","York County",3,25,2432,1268,1164
050,23,031,"Maine","York County",3,26,2475,1267,1208
050,23,031,"Maine","York County",3,27,2567,1303,1264
050,23,031,"Maine","York County",3,28,2720,1381,1339
050,23,031,"Maine","York County",3,29,2758,1359,1399
050,23,031,"Maine","York County",3,30,2772,1376,1396
050,23,031,"Maine","York County",3,31,2793,1352,1441
050,23,031,"Maine","York County",3,32,2833,1426,1407
050,23,031,"Maine","York County",3,33,2784,1399,1385
050,23,031,"Maine","York County",3,34,2734,1397,1337
050,23,031,"Maine","York County",3,35,2837,1435,1402
050,23,031,"Maine","York County",3,36,2766,1404,1362
050,23,031,"Maine","York County",3,37,2665,1348,1317
050,23,031,"Maine","York County",3,38,2727,1359,1368
050,23,031,"Maine","York County",3,39,2676,1345,1331
050,23,031,"Maine","York County",3,40,2564,1293,1271
050,23,031,"Maine","York County",3,41,2578,1295,1283
050,23,031,"Maine","York County",3,42,2520,1267,1253
050,23,031,"Maine","York County",3,43,2460,1224,1236
050,23,031,"Maine","York County",3,44,2374,1187,1187
050,23,031,"Maine","York County",3,45,2284,1144,1140
050,23,031,"Maine","York County",3,46,2337,1163,1174
050,23,031,"Maine","York County",3,47,2370,1212,1158
050,23,031,"Maine","York County",3,48,2468,1224,1244
050,23,031,"Maine","York County",3,49,2684,1318,1366
050,23,031,"Maine","York County",3,50,2936,1462,1474
050,23,031,"Maine","York County",3,51,2891,1434,1457
050,23,031,"Maine","York County",3,52,2852,1449,1403
050,23,031,"Maine","York County",3,53,2851,1430,1421
050,23,031,"Maine","York County",3,54,2963,1466,1497
050,23,031,"Maine","York County",3,55,3057,1486,1571
050,23,031,"Maine","York County",3,56,3224,1586,1638
050,23,031,"Maine","York County",3,57,3505,1744,1761
050,23,031,"Maine","York County",3,58,3539,1701,1838
050,23,031,"Maine","York County",3,59,3571,1735,1836
050,23,031,"Maine","York County",3,60,3644,1795,1849
050,23,031,"Maine","York County",3,61,3512,1686,1826
050,23,031,"Maine","York County",3,62,3497,1657,1840
050,23,031,"Maine","York County",3,63,3559,1694,1865
050,23,031,"Maine","York County",3,64,3440,1647,1793
050,23,031,"Maine","York County",3,65,3300,1569,1731
050,23,031,"Maine","York County",3,66,3225,1527,1698
050,23,031,"Maine","York County",3,67,3187,1486,1701
050,23,031,"Maine","York County",3,68,3098,1465,1633
050,23,031,"Maine","York County",3,69,2970,1377,1593
050,23,031,"Maine","York County",3,70,2763,1294,1469
050,23,031,"Maine","York County",3,71,2559,1246,1313
050,23,031,"Maine","York County",3,72,2559,1244,1315
050,23,031,"Maine","York County",3,73,2505,1186,1319
050,23,031,"Maine","York County",3,74,2605,1227,1378
050,23,031,"Maine","York County",3,75,1729,825,904
050,23,031,"Maine","York County",3,76,1624,771,853
050,23,031,"Maine","York County",3,77,1631,759,872
050,23,031,"Maine","York County",3,78,1626,764,862
050,23,031,"Maine","York County",3,79,1346,601,745
050,23,031,"Maine","York County",3,80,1194,545,649
050,23,031,"Maine","York County",3,81,1041,444,597
050,23,031,"Maine","York County",3,82,957,423,534
050,23,031,"Maine","York County",3,83,919,378,541
050,23,031,"Maine","York County",3,84,805,331,474
050,23,031,"Maine","York County",3,85,4655,1698,2957
050,23,031,"Maine","York County",4,0,1798,907,891
050,23,031,"Maine","York County",4,1,1751,902,849
050,23,031,"Maine","York County",4,2,1992,1039,953
050,23,031,"Maine","York County",4,3,2026,1036,990
050,23,031,"Maine","York County",4,4,1986,1011,975
050,23,031,"Maine","York County",4,5,2025,1028,997
050,23,031,"Maine","York County",4,6,2050,1042,1008
050,23,031,"Maine","York County",4,7,2115,1087,1028
050,23,031,"Maine","York County",4,8,2158,1106,1052
050,23,031,"Maine","York County",4,9,2087,1083,1004
050,23,031,"Maine","York County",4,10,2081,1092,989
050,23,031,"Maine","York County",4,11,2123,1113,1010
050,23,031,"Maine","York County",4,12,2256,1164,1092
050,23,031,"Maine","York County",4,13,2336,1206,1130
050,23,031,"Maine","York County",4,14,2436,1255,1181
050,23,031,"Maine","York County",4,15,2418,1232,1186
050,23,031,"Maine","York County",4,16,2436,1268,1168
050,23,031,"Maine","York County",4,17,2413,1244,1169
050,23,031,"Maine","York County",4,18,2362,1180,1182
050,23,031,"Maine","York County",4,19,2100,1040,1060
050,23,031,"Maine","York County",4,20,2114,1092,1022
050,23,031,"Maine","York County",4,21,2121,1113,1008
050,23,031,"Maine","York County",4,22,2162,1103,1059
050,23,031,"Maine","York County",4,23,2244,1154,1090
050,23,031,"Maine","York County",4,24,2351,1170,1181
050,23,031,"Maine","York County",4,25,2362,1200,1162
050,23,031,"Maine","York County",4,26,2538,1337,1201
050,23,031,"Maine","York County",4,27,2591,1331,1260
050,23,031,"Maine","York County",4,28,2670,1367,1303
050,23,031,"Maine","York County",4,29,2792,1399,1393
050,23,031,"Maine","York County",4,30,2858,1392,1466
050,23,031,"Maine","York County",4,31,2798,1400,1398
050,23,031,"Maine","York County",4,32,2891,1404,1487
050,23,031,"Maine","York County",4,33,2945,1475,1470
050,23,031,"Maine","York County",4,34,2842,1444,1398
050,23,031,"Maine","York County",4,35,2791,1401,1390
050,23,031,"Maine","York County",4,36,2838,1431,1407
050,23,031,"Maine","York County",4,37,2807,1444,1363
050,23,031,"Maine","York County",4,38,2678,1357,1321
050,23,031,"Maine","York County",4,39,2782,1387,1395
050,23,031,"Maine","York County",4,40,2736,1374,1362
050,23,031,"Maine","York County",4,41,2591,1319,1272
050,23,031,"Maine","York County",4,42,2604,1316,1288
050,23,031,"Maine","York County",4,43,2554,1285,1269
050,23,031,"Maine","York County",4,44,2506,1241,1265
050,23,031,"Maine","York County",4,45,2407,1210,1197
050,23,031,"Maine","York County",4,46,2306,1162,1144
050,23,031,"Maine","York County",4,47,2361,1176,1185
050,23,031,"Maine","York County",4,48,2406,1230,1176
050,23,031,"Maine","York County",4,49,2470,1229,1241
050,23,031,"Maine","York County",4,50,2698,1328,1370
050,23,031,"Maine","York County",4,51,2951,1459,1492
050,23,031,"Maine","York County",4,52,2911,1446,1465
050,23,031,"Maine","York County",4,53,2880,1449,1431
050,23,031,"Maine","York County",4,54,2863,1427,1436
050,23,031,"Maine","York County",4,55,2955,1452,1503
050,23,031,"Maine","York County",4,56,3056,1495,1561
050,23,031,"Maine","York County",4,57,3258,1586,1672
050,23,031,"Maine","York County",4,58,3510,1726,1784
050,23,031,"Maine","York County",4,59,3536,1697,1839
050,23,031,"Maine","York County",4,60,3586,1743,1843
050,23,031,"Maine","York County",4,61,3702,1820,1882
050,23,031,"Maine","York County",4,62,3499,1681,1818
050,23,031,"Maine","York County",4,63,3498,1646,1852
050,23,031,"Maine","York County",4,64,3592,1704,1888
050,23,031,"Maine","York County",4,65,3453,1640,1813
050,23,031,"Maine","York County",4,66,3297,1536,1761
050,23,031,"Maine","York County",4,67,3266,1543,1723
050,23,031,"Maine","York County",4,68,3180,1480,1700
050,23,031,"Maine","York County",4,69,3087,1446,1641
050,23,031,"Maine","York County",4,70,2950,1356,1594
050,23,031,"Maine","York County",4,71,2746,1281,1465
050,23,031,"Maine","York County",4,72,2560,1246,1314
050,23,031,"Maine","York County",4,73,2509,1221,1288
050,23,031,"Maine","York County",4,74,2446,1144,1302
050,23,031,"Maine","York County",4,75,2576,1218,1358
050,23,031,"Maine","York County",4,76,1698,809,889
050,23,031,"Maine","York County",4,77,1561,739,822
050,23,031,"Maine","York County",4,78,1572,740,832
050,23,031,"Maine","York County",4,79,1564,727,837
050,23,031,"Maine","York County",4,80,1286,577,709
050,23,031,"Maine","York County",4,81,1128,501,627
050,23,031,"Maine","York County",4,82,992,424,568
050,23,031,"Maine","York County",4,83,911,384,527
050,23,031,"Maine","York County",4,84,840,337,503
050,23,031,"Maine","York County",4,85,4768,1768,3000
050,23,031,"Maine","York County",5,0,1689,840,849
050,23,031,"Maine","York County",5,1,1789,893,896
050,23,031,"Maine","York County",5,2,1819,949,870
050,23,031,"Maine","York County",5,3,2014,1050,964
050,23,031,"Maine","York County",5,4,2053,1053,1000
050,23,031,"Maine","York County",5,5,1965,1002,963
050,23,031,"Maine","York County",5,6,2093,1074,1019
050,23,031,"Maine","York County",5,7,2091,1076,1015
050,23,031,"Maine","York County",5,8,2148,1098,1050
050,23,031,"Maine","York County",5,9,2146,1109,1037
050,23,031,"Maine","York County",5,10,2107,1098,1009
050,23,031,"Maine","York County",5,11,2110,1104,1006
050,23,031,"Maine","York County",5,12,2155,1125,1030
050,23,031,"Maine","York County",5,13,2283,1177,1106
050,23,031,"Maine","York County",5,14,2352,1227,1125
050,23,031,"Maine","York County",5,15,2423,1255,1168
050,23,031,"Maine","York County",5,16,2423,1250,1173
050,23,031,"Maine","York County",5,17,2408,1260,1148
050,23,031,"Maine","York County",5,18,2323,1147,1176
050,23,031,"Maine","York County",5,19,2119,1043,1076
050,23,031,"Maine","York County",5,20,2118,1092,1026
050,23,031,"Maine","York County",5,21,2110,1116,994
050,23,031,"Maine","York County",5,22,2116,1119,997
050,23,031,"Maine","York County",5,23,2258,1146,1112
050,23,031,"Maine","York County",5,24,2286,1184,1102
050,23,031,"Maine","York County",5,25,2396,1168,1228
050,23,031,"Maine","York County",5,26,2426,1211,1215
050,23,031,"Maine","York County",5,27,2601,1375,1226
050,23,031,"Maine","York County",5,28,2609,1385,1224
050,23,031,"Maine","York County",5,29,2729,1359,1370
050,23,031,"Maine","York County",5,30,2875,1442,1433
050,23,031,"Maine","York County",5,31,2947,1459,1488
050,23,031,"Maine","York County",5,32,2892,1463,1429
050,23,031,"Maine","York County",5,33,2994,1457,1537
050,23,031,"Maine","York County",5,34,3011,1523,1488
050,23,031,"Maine","York County",5,35,2896,1465,1431
050,23,031,"Maine","York County",5,36,2868,1426,1442
050,23,031,"Maine","York County",5,37,2925,1471,1454
050,23,031,"Maine","York County",5,38,2831,1455,1376
050,23,031,"Maine","York County",5,39,2741,1395,1346
050,23,031,"Maine","York County",5,40,2855,1415,1440
050,23,031,"Maine","York County",5,41,2749,1365,1384
050,23,031,"Maine","York County",5,42,2581,1332,1249
050,23,031,"Maine","York County",5,43,2614,1310,1304
050,23,031,"Maine","York County",5,44,2587,1276,1311
050,23,031,"Maine","York County",5,45,2512,1263,1249
050,23,031,"Maine","York County",5,46,2392,1197,1195
050,23,031,"Maine","York County",5,47,2315,1159,1156
050,23,031,"Maine","York County",5,48,2362,1166,1196
050,23,031,"Maine","York County",5,49,2422,1230,1192
050,23,031,"Maine","York County",5,50,2460,1237,1223
050,23,031,"Maine","York County",5,51,2728,1329,1399
050,23,031,"Maine","York County",5,52,2955,1460,1495
050,23,031,"Maine","York County",5,53,2929,1443,1486
050,23,031,"Maine","York County",5,54,2877,1462,1415
050,23,031,"Maine","York County",5,55,2872,1417,1455
050,23,031,"Maine","York County",5,56,2960,1454,1506
050,23,031,"Maine","York County",5,57,3076,1499,1577
050,23,031,"Maine","York County",5,58,3276,1588,1688
050,23,031,"Maine","York County",5,59,3519,1733,1786
050,23,031,"Maine","York County",5,60,3523,1680,1843
050,23,031,"Maine","York County",5,61,3618,1754,1864
050,23,031,"Maine","York County",5,62,3720,1820,1900
050,23,031,"Maine","York County",5,63,3488,1677,1811
050,23,031,"Maine","York County",5,64,3540,1647,1893
050,23,031,"Maine","York County",5,65,3589,1680,1909
050,23,031,"Maine","York County",5,66,3442,1633,1809
050,23,031,"Maine","York County",5,67,3298,1537,1761
050,23,031,"Maine","York County",5,68,3264,1540,1724
050,23,031,"Maine","York County",5,69,3163,1470,1693
050,23,031,"Maine","York County",5,70,3113,1446,1667
050,23,031,"Maine","York County",5,71,2926,1327,1599
050,23,031,"Maine","York County",5,72,2724,1272,1452
050,23,031,"Maine","York County",5,73,2516,1231,1285
050,23,031,"Maine","York County",5,74,2471,1195,1276
050,23,031,"Maine","York County",5,75,2431,1145,1286
050,23,031,"Maine","York County",5,76,2535,1196,1339
050,23,031,"Maine","York County",5,77,1641,797,844
050,23,031,"Maine","York County",5,78,1499,713,786
050,23,031,"Maine","York County",5,79,1537,718,819
050,23,031,"Maine","York County",5,80,1481,694,787
050,23,031,"Maine","York County",5,81,1209,539,670
050,23,031,"Maine","York County",5,82,1065,477,588
050,23,031,"Maine","York County",5,83,958,390,568
050,23,031,"Maine","York County",5,84,820,331,489
050,23,031,"Maine","York County",5,85,4835,1819,3016

