"SUMLEV","STATE","COUNTY","STNAME","CTYNAME","YEAR","AGE","TOT_POP","TOT_MALE","TOT_FEMALE"
050,47,001,"Tennessee","Anderson County",1,0,805,411,394
050,47,001,"Tennessee","Anderson County",1,1,820,418,402
050,47,001,"Tennessee","Anderson County",1,2,832,410,422
050,47,001,"Tennessee","Anderson County",1,3,810,417,393
050,47,001,"Tennessee","Anderson County",1,4,827,431,396
050,47,001,"Tennessee","Anderson County",1,5,881,448,433
050,47,001,"Tennessee","Anderson County",1,6,870,444,426
050,47,001,"Tennessee","Anderson County",1,7,941,477,464
050,47,001,"Tennessee","Anderson County",1,8,897,461,436
050,47,001,"Tennessee","Anderson County",1,9,902,461,441
050,47,001,"Tennessee","Anderson County",1,10,935,455,480
050,47,001,"Tennessee","Anderson County",1,11,986,496,490
050,47,001,"Tennessee","Anderson County",1,12,1015,517,498
050,47,001,"Tennessee","Anderson County",1,13,1024,520,504
050,47,001,"Tennessee","Anderson County",1,14,1021,533,488
050,47,001,"Tennessee","Anderson County",1,15,1027,550,477
050,47,001,"Tennessee","Anderson County",1,16,1030,522,508
050,47,001,"Tennessee","Anderson County",1,17,1009,515,494
050,47,001,"Tennessee","Anderson County",1,18,857,469,388
050,47,001,"Tennessee","Anderson County",1,19,657,347,310
050,47,001,"Tennessee","Anderson County",1,20,709,368,341
050,47,001,"Tennessee","Anderson County",1,21,783,401,382
050,47,001,"Tennessee","Anderson County",1,22,808,418,390
050,47,001,"Tennessee","Anderson County",1,23,863,436,427
050,47,001,"Tennessee","Anderson County",1,24,887,452,435
050,47,001,"Tennessee","Anderson County",1,25,877,442,435
050,47,001,"Tennessee","Anderson County",1,26,956,481,475
050,47,001,"Tennessee","Anderson County",1,27,985,482,503
050,47,001,"Tennessee","Anderson County",1,28,1050,530,520
050,47,001,"Tennessee","Anderson County",1,29,1013,530,483
050,47,001,"Tennessee","Anderson County",1,30,971,497,474
050,47,001,"Tennessee","Anderson County",1,31,931,456,475
050,47,001,"Tennessee","Anderson County",1,32,915,444,471
050,47,001,"Tennessee","Anderson County",1,33,904,464,440
050,47,001,"Tennessee","Anderson County",1,34,865,448,417
050,47,001,"Tennessee","Anderson County",1,35,831,405,426
050,47,001,"Tennessee","Anderson County",1,36,912,452,460
050,47,001,"Tennessee","Anderson County",1,37,913,460,453
050,47,001,"Tennessee","Anderson County",1,38,900,458,442
050,47,001,"Tennessee","Anderson County",1,39,956,467,489
050,47,001,"Tennessee","Anderson County",1,40,912,469,443
050,47,001,"Tennessee","Anderson County",1,41,929,490,439
050,47,001,"Tennessee","Anderson County",1,42,964,495,469
050,47,001,"Tennessee","Anderson County",1,43,939,444,495
050,47,001,"Tennessee","Anderson County",1,44,885,442,443
050,47,001,"Tennessee","Anderson County",1,45,897,450,447
050,47,001,"Tennessee","Anderson County",1,46,911,449,462
050,47,001,"Tennessee","Anderson County",1,47,948,454,494
050,47,001,"Tennessee","Anderson County",1,48,1001,478,523
050,47,001,"Tennessee","Anderson County",1,49,1090,548,542
050,47,001,"Tennessee","Anderson County",1,50,1074,536,538
050,47,001,"Tennessee","Anderson County",1,51,982,483,499
050,47,001,"Tennessee","Anderson County",1,52,992,471,521
050,47,001,"Tennessee","Anderson County",1,53,978,461,517
050,47,001,"Tennessee","Anderson County",1,54,1037,484,553
050,47,001,"Tennessee","Anderson County",1,55,1110,535,575
050,47,001,"Tennessee","Anderson County",1,56,1120,552,568
050,47,001,"Tennessee","Anderson County",1,57,1101,537,564
050,47,001,"Tennessee","Anderson County",1,58,1120,548,572
050,47,001,"Tennessee","Anderson County",1,59,1142,554,588
050,47,001,"Tennessee","Anderson County",1,60,1111,570,541
050,47,001,"Tennessee","Anderson County",1,61,1112,534,578
050,47,001,"Tennessee","Anderson County",1,62,1125,546,579
050,47,001,"Tennessee","Anderson County",1,63,1108,540,568
050,47,001,"Tennessee","Anderson County",1,64,1054,502,552
050,47,001,"Tennessee","Anderson County",1,65,1063,514,549
050,47,001,"Tennessee","Anderson County",1,66,1016,491,525
050,47,001,"Tennessee","Anderson County",1,67,959,444,515
050,47,001,"Tennessee","Anderson County",1,68,982,456,526
050,47,001,"Tennessee","Anderson County",1,69,917,438,479
050,47,001,"Tennessee","Anderson County",1,70,918,451,467
050,47,001,"Tennessee","Anderson County",1,71,853,393,460
050,47,001,"Tennessee","Anderson County",1,72,867,390,477
050,47,001,"Tennessee","Anderson County",1,73,875,391,484
050,47,001,"Tennessee","Anderson County",1,74,622,287,335
050,47,001,"Tennessee","Anderson County",1,75,633,298,335
050,47,001,"Tennessee","Anderson County",1,76,612,300,312
050,47,001,"Tennessee","Anderson County",1,77,589,284,305
050,47,001,"Tennessee","Anderson County",1,78,468,220,248
050,47,001,"Tennessee","Anderson County",1,79,427,183,244
050,47,001,"Tennessee","Anderson County",1,80,391,175,216
050,47,001,"Tennessee","Anderson County",1,81,368,168,200
050,47,001,"Tennessee","Anderson County",1,82,357,143,214
050,47,001,"Tennessee","Anderson County",1,83,307,120,187
050,47,001,"Tennessee","Anderson County",1,84,290,117,173
050,47,001,"Tennessee","Anderson County",1,85,1816,627,1189
050,47,001,"Tennessee","Anderson County",2,0,812,413,399
050,47,001,"Tennessee","Anderson County",2,1,815,414,401
050,47,001,"Tennessee","Anderson County",2,2,828,412,416
050,47,001,"Tennessee","Anderson County",2,3,811,414,397
050,47,001,"Tennessee","Anderson County",2,4,828,428,400
050,47,001,"Tennessee","Anderson County",2,5,873,445,428
050,47,001,"Tennessee","Anderson County",2,6,885,450,435
050,47,001,"Tennessee","Anderson County",2,7,927,470,457
050,47,001,"Tennessee","Anderson County",2,8,907,462,445
050,47,001,"Tennessee","Anderson County",2,9,910,463,447
050,47,001,"Tennessee","Anderson County",2,10,931,460,471
050,47,001,"Tennessee","Anderson County",2,11,973,488,485
050,47,001,"Tennessee","Anderson County",2,12,1016,516,500
050,47,001,"Tennessee","Anderson County",2,13,1024,522,502
050,47,001,"Tennessee","Anderson County",2,14,1026,534,492
050,47,001,"Tennessee","Anderson County",2,15,1028,547,481
050,47,001,"Tennessee","Anderson County",2,16,1034,533,501
050,47,001,"Tennessee","Anderson County",2,17,1019,521,498
050,47,001,"Tennessee","Anderson County",2,18,856,464,392
050,47,001,"Tennessee","Anderson County",2,19,669,356,313
050,47,001,"Tennessee","Anderson County",2,20,726,376,350
050,47,001,"Tennessee","Anderson County",2,21,775,398,377
050,47,001,"Tennessee","Anderson County",2,22,817,419,398
050,47,001,"Tennessee","Anderson County",2,23,857,432,425
050,47,001,"Tennessee","Anderson County",2,24,884,449,435
050,47,001,"Tennessee","Anderson County",2,25,885,446,439
050,47,001,"Tennessee","Anderson County",2,26,944,475,469
050,47,001,"Tennessee","Anderson County",2,27,987,486,501
050,47,001,"Tennessee","Anderson County",2,28,1041,524,517
050,47,001,"Tennessee","Anderson County",2,29,1022,530,492
050,47,001,"Tennessee","Anderson County",2,30,996,513,483
050,47,001,"Tennessee","Anderson County",2,31,944,465,479
050,47,001,"Tennessee","Anderson County",2,32,922,448,474
050,47,001,"Tennessee","Anderson County",2,33,905,456,449
050,47,001,"Tennessee","Anderson County",2,34,876,453,423
050,47,001,"Tennessee","Anderson County",2,35,849,420,429
050,47,001,"Tennessee","Anderson County",2,36,886,439,447
050,47,001,"Tennessee","Anderson County",2,37,916,460,456
050,47,001,"Tennessee","Anderson County",2,38,910,461,449
050,47,001,"Tennessee","Anderson County",2,39,941,464,477
050,47,001,"Tennessee","Anderson County",2,40,928,474,454
050,47,001,"Tennessee","Anderson County",2,41,921,484,437
050,47,001,"Tennessee","Anderson County",2,42,952,494,458
050,47,001,"Tennessee","Anderson County",2,43,949,457,492
050,47,001,"Tennessee","Anderson County",2,44,894,438,456
050,47,001,"Tennessee","Anderson County",2,45,904,451,453
050,47,001,"Tennessee","Anderson County",2,46,909,451,458
050,47,001,"Tennessee","Anderson County",2,47,939,452,487
050,47,001,"Tennessee","Anderson County",2,48,992,478,514
050,47,001,"Tennessee","Anderson County",2,49,1078,535,543
050,47,001,"Tennessee","Anderson County",2,50,1081,539,542
050,47,001,"Tennessee","Anderson County",2,51,1006,495,511
050,47,001,"Tennessee","Anderson County",2,52,988,474,514
050,47,001,"Tennessee","Anderson County",2,53,988,469,519
050,47,001,"Tennessee","Anderson County",2,54,1026,480,546
050,47,001,"Tennessee","Anderson County",2,55,1097,525,572
050,47,001,"Tennessee","Anderson County",2,56,1127,551,576
050,47,001,"Tennessee","Anderson County",2,57,1105,537,568
050,47,001,"Tennessee","Anderson County",2,58,1112,543,569
050,47,001,"Tennessee","Anderson County",2,59,1143,556,587
050,47,001,"Tennessee","Anderson County",2,60,1115,564,551
050,47,001,"Tennessee","Anderson County",2,61,1109,543,566
050,47,001,"Tennessee","Anderson County",2,62,1118,542,576
050,47,001,"Tennessee","Anderson County",2,63,1118,542,576
050,47,001,"Tennessee","Anderson County",2,64,1055,502,553
050,47,001,"Tennessee","Anderson County",2,65,1056,508,548
050,47,001,"Tennessee","Anderson County",2,66,1027,497,530
050,47,001,"Tennessee","Anderson County",2,67,967,453,514
050,47,001,"Tennessee","Anderson County",2,68,966,447,519
050,47,001,"Tennessee","Anderson County",2,69,937,447,490
050,47,001,"Tennessee","Anderson County",2,70,913,443,470
050,47,001,"Tennessee","Anderson County",2,71,860,400,460
050,47,001,"Tennessee","Anderson County",2,72,848,383,465
050,47,001,"Tennessee","Anderson County",2,73,909,404,505
050,47,001,"Tennessee","Anderson County",2,74,639,292,347
050,47,001,"Tennessee","Anderson County",2,75,625,294,331
050,47,001,"Tennessee","Anderson County",2,76,608,295,313
050,47,001,"Tennessee","Anderson County",2,77,606,293,313
050,47,001,"Tennessee","Anderson County",2,78,483,227,256
050,47,001,"Tennessee","Anderson County",2,79,434,189,245
050,47,001,"Tennessee","Anderson County",2,80,397,174,223
050,47,001,"Tennessee","Anderson County",2,81,365,164,201
050,47,001,"Tennessee","Anderson County",2,82,359,148,211
050,47,001,"Tennessee","Anderson County",2,83,312,123,189
050,47,001,"Tennessee","Anderson County",2,84,289,118,171
050,47,001,"Tennessee","Anderson County",2,85,1811,625,1186
050,47,001,"Tennessee","Anderson County",3,0,747,398,349
050,47,001,"Tennessee","Anderson County",3,1,818,397,421
050,47,001,"Tennessee","Anderson County",3,2,852,435,417
050,47,001,"Tennessee","Anderson County",3,3,849,426,423
050,47,001,"Tennessee","Anderson County",3,4,840,435,405
050,47,001,"Tennessee","Anderson County",3,5,841,426,415
050,47,001,"Tennessee","Anderson County",3,6,886,448,438
050,47,001,"Tennessee","Anderson County",3,7,882,441,441
050,47,001,"Tennessee","Anderson County",3,8,934,468,466
050,47,001,"Tennessee","Anderson County",3,9,920,481,439
050,47,001,"Tennessee","Anderson County",3,10,886,454,432
050,47,001,"Tennessee","Anderson County",3,11,916,448,468
050,47,001,"Tennessee","Anderson County",3,12,978,488,490
050,47,001,"Tennessee","Anderson County",3,13,1019,525,494
050,47,001,"Tennessee","Anderson County",3,14,1038,520,518
050,47,001,"Tennessee","Anderson County",3,15,1030,544,486
050,47,001,"Tennessee","Anderson County",3,16,1037,556,481
050,47,001,"Tennessee","Anderson County",3,17,1008,521,487
050,47,001,"Tennessee","Anderson County",3,18,889,476,413
050,47,001,"Tennessee","Anderson County",3,19,720,387,333
050,47,001,"Tennessee","Anderson County",3,20,738,390,348
050,47,001,"Tennessee","Anderson County",3,21,781,391,390
050,47,001,"Tennessee","Anderson County",3,22,846,425,421
050,47,001,"Tennessee","Anderson County",3,23,874,441,433
050,47,001,"Tennessee","Anderson County",3,24,896,452,444
050,47,001,"Tennessee","Anderson County",3,25,891,451,440
050,47,001,"Tennessee","Anderson County",3,26,927,488,439
050,47,001,"Tennessee","Anderson County",3,27,955,486,469
050,47,001,"Tennessee","Anderson County",3,28,1036,524,512
050,47,001,"Tennessee","Anderson County",3,29,1058,526,532
050,47,001,"Tennessee","Anderson County",3,30,1079,545,534
050,47,001,"Tennessee","Anderson County",3,31,986,498,488
050,47,001,"Tennessee","Anderson County",3,32,942,465,477
050,47,001,"Tennessee","Anderson County",3,33,952,476,476
050,47,001,"Tennessee","Anderson County",3,34,933,476,457
050,47,001,"Tennessee","Anderson County",3,35,916,463,453
050,47,001,"Tennessee","Anderson County",3,36,861,433,428
050,47,001,"Tennessee","Anderson County",3,37,914,448,466
050,47,001,"Tennessee","Anderson County",3,38,936,473,463
050,47,001,"Tennessee","Anderson County",3,39,928,473,455
050,47,001,"Tennessee","Anderson County",3,40,932,462,470
050,47,001,"Tennessee","Anderson County",3,41,916,472,444
050,47,001,"Tennessee","Anderson County",3,42,933,498,435
050,47,001,"Tennessee","Anderson County",3,43,938,475,463
050,47,001,"Tennessee","Anderson County",3,44,947,453,494
050,47,001,"Tennessee","Anderson County",3,45,906,450,456
050,47,001,"Tennessee","Anderson County",3,46,909,448,461
050,47,001,"Tennessee","Anderson County",3,47,904,453,451
050,47,001,"Tennessee","Anderson County",3,48,939,458,481
050,47,001,"Tennessee","Anderson County",3,49,972,468,504
050,47,001,"Tennessee","Anderson County",3,50,1100,537,563
050,47,001,"Tennessee","Anderson County",3,51,1068,534,534
050,47,001,"Tennessee","Anderson County",3,52,996,499,497
050,47,001,"Tennessee","Anderson County",3,53,991,479,512
050,47,001,"Tennessee","Anderson County",3,54,1000,468,532
050,47,001,"Tennessee","Anderson County",3,55,1043,491,552
050,47,001,"Tennessee","Anderson County",3,56,1086,529,557
050,47,001,"Tennessee","Anderson County",3,57,1127,553,574
050,47,001,"Tennessee","Anderson County",3,58,1118,547,571
050,47,001,"Tennessee","Anderson County",3,59,1132,549,583
050,47,001,"Tennessee","Anderson County",3,60,1141,550,591
050,47,001,"Tennessee","Anderson County",3,61,1113,561,552
050,47,001,"Tennessee","Anderson County",3,62,1090,526,564
050,47,001,"Tennessee","Anderson County",3,63,1086,523,563
050,47,001,"Tennessee","Anderson County",3,64,1097,527,570
050,47,001,"Tennessee","Anderson County",3,65,1036,497,539
050,47,001,"Tennessee","Anderson County",3,66,1017,492,525
050,47,001,"Tennessee","Anderson County",3,67,1006,475,531
050,47,001,"Tennessee","Anderson County",3,68,947,442,505
050,47,001,"Tennessee","Anderson County",3,69,960,445,515
050,47,001,"Tennessee","Anderson County",3,70,914,432,482
050,47,001,"Tennessee","Anderson County",3,71,890,422,468
050,47,001,"Tennessee","Anderson County",3,72,829,385,444
050,47,001,"Tennessee","Anderson County",3,73,828,367,461
050,47,001,"Tennessee","Anderson County",3,74,882,386,496
050,47,001,"Tennessee","Anderson County",3,75,611,281,330
050,47,001,"Tennessee","Anderson County",3,76,600,287,313
050,47,001,"Tennessee","Anderson County",3,77,575,280,295
050,47,001,"Tennessee","Anderson County",3,78,581,281,300
050,47,001,"Tennessee","Anderson County",3,79,450,206,244
050,47,001,"Tennessee","Anderson County",3,80,413,174,239
050,47,001,"Tennessee","Anderson County",3,81,361,162,199
050,47,001,"Tennessee","Anderson County",3,82,340,146,194
050,47,001,"Tennessee","Anderson County",3,83,323,129,194
050,47,001,"Tennessee","Anderson County",3,84,290,116,174
050,47,001,"Tennessee","Anderson County",3,85,1739,605,1134
050,47,001,"Tennessee","Anderson County",4,0,825,445,380
050,47,001,"Tennessee","Anderson County",4,1,789,399,390
050,47,001,"Tennessee","Anderson County",4,2,820,398,422
050,47,001,"Tennessee","Anderson County",4,3,885,449,436
050,47,001,"Tennessee","Anderson County",4,4,856,437,419
050,47,001,"Tennessee","Anderson County",4,5,876,457,419
050,47,001,"Tennessee","Anderson County",4,6,895,463,432
050,47,001,"Tennessee","Anderson County",4,7,897,459,438
050,47,001,"Tennessee","Anderson County",4,8,918,469,449
050,47,001,"Tennessee","Anderson County",4,9,980,501,479
050,47,001,"Tennessee","Anderson County",4,10,939,488,451
050,47,001,"Tennessee","Anderson County",4,11,890,460,430
050,47,001,"Tennessee","Anderson County",4,12,949,452,497
050,47,001,"Tennessee","Anderson County",4,13,983,497,486
050,47,001,"Tennessee","Anderson County",4,14,1065,547,518
050,47,001,"Tennessee","Anderson County",4,15,1061,540,521
050,47,001,"Tennessee","Anderson County",4,16,1043,549,494
050,47,001,"Tennessee","Anderson County",4,17,1038,553,485
050,47,001,"Tennessee","Anderson County",4,18,863,483,380
050,47,001,"Tennessee","Anderson County",4,19,695,378,317
050,47,001,"Tennessee","Anderson County",4,20,774,417,357
050,47,001,"Tennessee","Anderson County",4,21,825,430,395
050,47,001,"Tennessee","Anderson County",4,22,869,440,429
050,47,001,"Tennessee","Anderson County",4,23,942,491,451
050,47,001,"Tennessee","Anderson County",4,24,931,481,450
050,47,001,"Tennessee","Anderson County",4,25,970,476,494
050,47,001,"Tennessee","Anderson County",4,26,942,491,451
050,47,001,"Tennessee","Anderson County",4,27,958,490,468
050,47,001,"Tennessee","Anderson County",4,28,1022,523,499
050,47,001,"Tennessee","Anderson County",4,29,1070,546,524
050,47,001,"Tennessee","Anderson County",4,30,1095,563,532
050,47,001,"Tennessee","Anderson County",4,31,1101,550,551
050,47,001,"Tennessee","Anderson County",4,32,1023,525,498
050,47,001,"Tennessee","Anderson County",4,33,963,466,497
050,47,001,"Tennessee","Anderson County",4,34,987,506,481
050,47,001,"Tennessee","Anderson County",4,35,970,465,505
050,47,001,"Tennessee","Anderson County",4,36,930,457,473
050,47,001,"Tennessee","Anderson County",4,37,892,448,444
050,47,001,"Tennessee","Anderson County",4,38,967,489,478
050,47,001,"Tennessee","Anderson County",4,39,977,496,481
050,47,001,"Tennessee","Anderson County",4,40,936,479,457
050,47,001,"Tennessee","Anderson County",4,41,952,472,480
050,47,001,"Tennessee","Anderson County",4,42,940,485,455
050,47,001,"Tennessee","Anderson County",4,43,929,491,438
050,47,001,"Tennessee","Anderson County",4,44,965,487,478
050,47,001,"Tennessee","Anderson County",4,45,970,465,505
050,47,001,"Tennessee","Anderson County",4,46,908,448,460
050,47,001,"Tennessee","Anderson County",4,47,961,482,479
050,47,001,"Tennessee","Anderson County",4,48,930,474,456
050,47,001,"Tennessee","Anderson County",4,49,950,446,504
050,47,001,"Tennessee","Anderson County",4,50,995,488,507
050,47,001,"Tennessee","Anderson County",4,51,1119,536,583
050,47,001,"Tennessee","Anderson County",4,52,1085,540,545
050,47,001,"Tennessee","Anderson County",4,53,995,498,497
050,47,001,"Tennessee","Anderson County",4,54,1001,468,533
050,47,001,"Tennessee","Anderson County",4,55,1013,471,542
050,47,001,"Tennessee","Anderson County",4,56,1054,498,556
050,47,001,"Tennessee","Anderson County",4,57,1085,528,557
050,47,001,"Tennessee","Anderson County",4,58,1126,545,581
050,47,001,"Tennessee","Anderson County",4,59,1132,559,573
050,47,001,"Tennessee","Anderson County",4,60,1128,548,580
050,47,001,"Tennessee","Anderson County",4,61,1129,534,595
050,47,001,"Tennessee","Anderson County",4,62,1108,562,546
050,47,001,"Tennessee","Anderson County",4,63,1093,526,567
050,47,001,"Tennessee","Anderson County",4,64,1081,520,561
050,47,001,"Tennessee","Anderson County",4,65,1098,528,570
050,47,001,"Tennessee","Anderson County",4,66,1020,491,529
050,47,001,"Tennessee","Anderson County",4,67,1000,480,520
050,47,001,"Tennessee","Anderson County",4,68,993,466,527
050,47,001,"Tennessee","Anderson County",4,69,913,434,479
050,47,001,"Tennessee","Anderson County",4,70,932,428,504
050,47,001,"Tennessee","Anderson County",4,71,876,413,463
050,47,001,"Tennessee","Anderson County",4,72,862,407,455
050,47,001,"Tennessee","Anderson County",4,73,809,370,439
050,47,001,"Tennessee","Anderson County",4,74,791,344,447
050,47,001,"Tennessee","Anderson County",4,75,858,372,486
050,47,001,"Tennessee","Anderson County",4,76,585,267,318
050,47,001,"Tennessee","Anderson County",4,77,566,267,299
050,47,001,"Tennessee","Anderson County",4,78,552,269,283
050,47,001,"Tennessee","Anderson County",4,79,539,256,283
050,47,001,"Tennessee","Anderson County",4,80,431,191,240
050,47,001,"Tennessee","Anderson County",4,81,385,170,215
050,47,001,"Tennessee","Anderson County",4,82,346,150,196
050,47,001,"Tennessee","Anderson County",4,83,317,137,180
050,47,001,"Tennessee","Anderson County",4,84,293,115,178
050,47,001,"Tennessee","Anderson County",4,85,1703,614,1089
050,47,001,"Tennessee","Anderson County",5,0,822,442,380
050,47,001,"Tennessee","Anderson County",5,1,862,467,395
050,47,001,"Tennessee","Anderson County",5,2,831,425,406
050,47,001,"Tennessee","Anderson County",5,3,844,418,426
050,47,001,"Tennessee","Anderson County",5,4,873,441,432
050,47,001,"Tennessee","Anderson County",5,5,877,447,430
050,47,001,"Tennessee","Anderson County",5,6,892,466,426
050,47,001,"Tennessee","Anderson County",5,7,901,460,441
050,47,001,"Tennessee","Anderson County",5,8,945,491,454
050,47,001,"Tennessee","Anderson County",5,9,930,484,446
050,47,001,"Tennessee","Anderson County",5,10,1006,522,484
050,47,001,"Tennessee","Anderson County",5,11,944,500,444
050,47,001,"Tennessee","Anderson County",5,12,925,467,458
050,47,001,"Tennessee","Anderson County",5,13,934,450,484
050,47,001,"Tennessee","Anderson County",5,14,1026,528,498
050,47,001,"Tennessee","Anderson County",5,15,1105,563,542
050,47,001,"Tennessee","Anderson County",5,16,1054,530,524
050,47,001,"Tennessee","Anderson County",5,17,1069,563,506
050,47,001,"Tennessee","Anderson County",5,18,886,490,396
050,47,001,"Tennessee","Anderson County",5,19,707,390,317
050,47,001,"Tennessee","Anderson County",5,20,782,407,375
050,47,001,"Tennessee","Anderson County",5,21,859,464,395
050,47,001,"Tennessee","Anderson County",5,22,939,482,457
050,47,001,"Tennessee","Anderson County",5,23,951,472,479
050,47,001,"Tennessee","Anderson County",5,24,997,508,489
050,47,001,"Tennessee","Anderson County",5,25,973,504,469
050,47,001,"Tennessee","Anderson County",5,26,1030,496,534
050,47,001,"Tennessee","Anderson County",5,27,1005,513,492
050,47,001,"Tennessee","Anderson County",5,28,972,501,471
050,47,001,"Tennessee","Anderson County",5,29,1046,542,504
050,47,001,"Tennessee","Anderson County",5,30,1115,574,541
050,47,001,"Tennessee","Anderson County",5,31,1142,582,560
050,47,001,"Tennessee","Anderson County",5,32,1126,564,562
050,47,001,"Tennessee","Anderson County",5,33,1061,552,509
050,47,001,"Tennessee","Anderson County",5,34,1012,496,516
050,47,001,"Tennessee","Anderson County",5,35,1018,514,504
050,47,001,"Tennessee","Anderson County",5,36,1000,471,529
050,47,001,"Tennessee","Anderson County",5,37,945,458,487
050,47,001,"Tennessee","Anderson County",5,38,906,446,460
050,47,001,"Tennessee","Anderson County",5,39,986,505,481
050,47,001,"Tennessee","Anderson County",5,40,984,504,480
050,47,001,"Tennessee","Anderson County",5,41,945,467,478
050,47,001,"Tennessee","Anderson County",5,42,997,498,499
050,47,001,"Tennessee","Anderson County",5,43,966,488,478
050,47,001,"Tennessee","Anderson County",5,44,979,504,475
050,47,001,"Tennessee","Anderson County",5,45,990,505,485
050,47,001,"Tennessee","Anderson County",5,46,981,482,499
050,47,001,"Tennessee","Anderson County",5,47,927,449,478
050,47,001,"Tennessee","Anderson County",5,48,957,484,473
050,47,001,"Tennessee","Anderson County",5,49,927,482,445
050,47,001,"Tennessee","Anderson County",5,50,967,465,502
050,47,001,"Tennessee","Anderson County",5,51,989,487,502
050,47,001,"Tennessee","Anderson County",5,52,1120,543,577
050,47,001,"Tennessee","Anderson County",5,53,1110,559,551
050,47,001,"Tennessee","Anderson County",5,54,999,497,502
050,47,001,"Tennessee","Anderson County",5,55,1030,492,538
050,47,001,"Tennessee","Anderson County",5,56,1026,474,552
050,47,001,"Tennessee","Anderson County",5,57,1074,514,560
050,47,001,"Tennessee","Anderson County",5,58,1084,519,565
050,47,001,"Tennessee","Anderson County",5,59,1158,561,597
050,47,001,"Tennessee","Anderson County",5,60,1146,570,576
050,47,001,"Tennessee","Anderson County",5,61,1111,543,568
050,47,001,"Tennessee","Anderson County",5,62,1131,543,588
050,47,001,"Tennessee","Anderson County",5,63,1101,560,541
050,47,001,"Tennessee","Anderson County",5,64,1072,511,561
050,47,001,"Tennessee","Anderson County",5,65,1075,527,548
050,47,001,"Tennessee","Anderson County",5,66,1080,517,563
050,47,001,"Tennessee","Anderson County",5,67,1000,467,533
050,47,001,"Tennessee","Anderson County",5,68,981,465,516
050,47,001,"Tennessee","Anderson County",5,69,966,446,520
050,47,001,"Tennessee","Anderson County",5,70,892,419,473
050,47,001,"Tennessee","Anderson County",5,71,906,422,484
050,47,001,"Tennessee","Anderson County",5,72,864,411,453
050,47,001,"Tennessee","Anderson County",5,73,837,392,445
050,47,001,"Tennessee","Anderson County",5,74,782,354,428
050,47,001,"Tennessee","Anderson County",5,75,757,328,429
050,47,001,"Tennessee","Anderson County",5,76,824,359,465
050,47,001,"Tennessee","Anderson County",5,77,552,251,301
050,47,001,"Tennessee","Anderson County",5,78,542,252,290
050,47,001,"Tennessee","Anderson County",5,79,521,253,268
050,47,001,"Tennessee","Anderson County",5,80,515,234,281
050,47,001,"Tennessee","Anderson County",5,81,394,185,209
050,47,001,"Tennessee","Anderson County",5,82,370,155,215
050,47,001,"Tennessee","Anderson County",5,83,315,137,178
050,47,001,"Tennessee","Anderson County",5,84,297,125,172
050,47,001,"Tennessee","Anderson County",5,85,1695,636,1059
050,47,003,"Tennessee","Bedford County",1,0,669,344,325
050,47,003,"Tennessee","Bedford County",1,1,644,350,294
050,47,003,"Tennessee","Bedford County",1,2,681,341,340
050,47,003,"Tennessee","Bedford County",1,3,677,332,345
050,47,003,"Tennessee","Bedford County",1,4,673,330,343
050,47,003,"Tennessee","Bedford County",1,5,684,342,342
050,47,003,"Tennessee","Bedford County",1,6,687,346,341
050,47,003,"Tennessee","Bedford County",1,7,693,358,335
050,47,003,"Tennessee","Bedford County",1,8,664,342,322
050,47,003,"Tennessee","Bedford County",1,9,697,352,345
050,47,003,"Tennessee","Bedford County",1,10,741,368,373
050,47,003,"Tennessee","Bedford County",1,11,768,402,366
050,47,003,"Tennessee","Bedford County",1,12,805,409,396
050,47,003,"Tennessee","Bedford County",1,13,799,400,399
050,47,003,"Tennessee","Bedford County",1,14,779,382,397
050,47,003,"Tennessee","Bedford County",1,15,763,384,379
050,47,003,"Tennessee","Bedford County",1,16,747,403,344
050,47,003,"Tennessee","Bedford County",1,17,750,394,356
050,47,003,"Tennessee","Bedford County",1,18,673,379,294
050,47,003,"Tennessee","Bedford County",1,19,551,316,235
050,47,003,"Tennessee","Bedford County",1,20,596,320,276
050,47,003,"Tennessee","Bedford County",1,21,606,324,282
050,47,003,"Tennessee","Bedford County",1,22,642,336,306
050,47,003,"Tennessee","Bedford County",1,23,603,312,291
050,47,003,"Tennessee","Bedford County",1,24,647,333,314
050,47,003,"Tennessee","Bedford County",1,25,695,354,341
050,47,003,"Tennessee","Bedford County",1,26,688,369,319
050,47,003,"Tennessee","Bedford County",1,27,683,366,317
050,47,003,"Tennessee","Bedford County",1,28,726,356,370
050,47,003,"Tennessee","Bedford County",1,29,733,380,353
050,47,003,"Tennessee","Bedford County",1,30,712,377,335
050,47,003,"Tennessee","Bedford County",1,31,698,372,326
050,47,003,"Tennessee","Bedford County",1,32,646,339,307
050,47,003,"Tennessee","Bedford County",1,33,615,311,304
050,47,003,"Tennessee","Bedford County",1,34,633,317,316
050,47,003,"Tennessee","Bedford County",1,35,606,285,321
050,47,003,"Tennessee","Bedford County",1,36,633,312,321
050,47,003,"Tennessee","Bedford County",1,37,673,339,334
050,47,003,"Tennessee","Bedford County",1,38,627,315,312
050,47,003,"Tennessee","Bedford County",1,39,651,331,320
050,47,003,"Tennessee","Bedford County",1,40,645,332,313
050,47,003,"Tennessee","Bedford County",1,41,586,301,285
050,47,003,"Tennessee","Bedford County",1,42,665,326,339
050,47,003,"Tennessee","Bedford County",1,43,603,314,289
050,47,003,"Tennessee","Bedford County",1,44,584,305,279
050,47,003,"Tennessee","Bedford County",1,45,607,282,325
050,47,003,"Tennessee","Bedford County",1,46,639,326,313
050,47,003,"Tennessee","Bedford County",1,47,638,313,325
050,47,003,"Tennessee","Bedford County",1,48,660,326,334
050,47,003,"Tennessee","Bedford County",1,49,744,376,368
050,47,003,"Tennessee","Bedford County",1,50,654,336,318
050,47,003,"Tennessee","Bedford County",1,51,603,315,288
050,47,003,"Tennessee","Bedford County",1,52,603,301,302
050,47,003,"Tennessee","Bedford County",1,53,632,319,313
050,47,003,"Tennessee","Bedford County",1,54,645,315,330
050,47,003,"Tennessee","Bedford County",1,55,654,334,320
050,47,003,"Tennessee","Bedford County",1,56,695,342,353
050,47,003,"Tennessee","Bedford County",1,57,680,321,359
050,47,003,"Tennessee","Bedford County",1,58,672,325,347
050,47,003,"Tennessee","Bedford County",1,59,599,296,303
050,47,003,"Tennessee","Bedford County",1,60,601,291,310
050,47,003,"Tennessee","Bedford County",1,61,627,321,306
050,47,003,"Tennessee","Bedford County",1,62,577,285,292
050,47,003,"Tennessee","Bedford County",1,63,552,275,277
050,47,003,"Tennessee","Bedford County",1,64,514,267,247
050,47,003,"Tennessee","Bedford County",1,65,506,247,259
050,47,003,"Tennessee","Bedford County",1,66,498,234,264
050,47,003,"Tennessee","Bedford County",1,67,457,201,256
050,47,003,"Tennessee","Bedford County",1,68,481,226,255
050,47,003,"Tennessee","Bedford County",1,69,437,202,235
050,47,003,"Tennessee","Bedford County",1,70,437,193,244
050,47,003,"Tennessee","Bedford County",1,71,457,207,250
050,47,003,"Tennessee","Bedford County",1,72,460,200,260
050,47,003,"Tennessee","Bedford County",1,73,447,194,253
050,47,003,"Tennessee","Bedford County",1,74,303,132,171
050,47,003,"Tennessee","Bedford County",1,75,312,141,171
050,47,003,"Tennessee","Bedford County",1,76,319,147,172
050,47,003,"Tennessee","Bedford County",1,77,287,128,159
050,47,003,"Tennessee","Bedford County",1,78,269,124,145
050,47,003,"Tennessee","Bedford County",1,79,222,102,120
050,47,003,"Tennessee","Bedford County",1,80,204,92,112
050,47,003,"Tennessee","Bedford County",1,81,191,85,106
050,47,003,"Tennessee","Bedford County",1,82,164,71,93
050,47,003,"Tennessee","Bedford County",1,83,154,65,89
050,47,003,"Tennessee","Bedford County",1,84,139,62,77
050,47,003,"Tennessee","Bedford County",1,85,556,195,361
050,47,003,"Tennessee","Bedford County",2,0,675,337,338
050,47,003,"Tennessee","Bedford County",2,1,650,348,302
050,47,003,"Tennessee","Bedford County",2,2,670,341,329
050,47,003,"Tennessee","Bedford County",2,3,675,334,341
050,47,003,"Tennessee","Bedford County",2,4,681,333,348
050,47,003,"Tennessee","Bedford County",2,5,684,343,341
050,47,003,"Tennessee","Bedford County",2,6,688,349,339
050,47,003,"Tennessee","Bedford County",2,7,692,354,338
050,47,003,"Tennessee","Bedford County",2,8,671,346,325
050,47,003,"Tennessee","Bedford County",2,9,690,350,340
050,47,003,"Tennessee","Bedford County",2,10,733,368,365
050,47,003,"Tennessee","Bedford County",2,11,760,393,367
050,47,003,"Tennessee","Bedford County",2,12,803,412,391
050,47,003,"Tennessee","Bedford County",2,13,802,401,401
050,47,003,"Tennessee","Bedford County",2,14,788,387,401
050,47,003,"Tennessee","Bedford County",2,15,767,383,384
050,47,003,"Tennessee","Bedford County",2,16,748,399,349
050,47,003,"Tennessee","Bedford County",2,17,749,396,353
050,47,003,"Tennessee","Bedford County",2,18,669,375,294
050,47,003,"Tennessee","Bedford County",2,19,563,319,244
050,47,003,"Tennessee","Bedford County",2,20,602,331,271
050,47,003,"Tennessee","Bedford County",2,21,611,325,286
050,47,003,"Tennessee","Bedford County",2,22,635,333,302
050,47,003,"Tennessee","Bedford County",2,23,614,315,299
050,47,003,"Tennessee","Bedford County",2,24,643,337,306
050,47,003,"Tennessee","Bedford County",2,25,686,355,331
050,47,003,"Tennessee","Bedford County",2,26,684,361,323
050,47,003,"Tennessee","Bedford County",2,27,683,364,319
050,47,003,"Tennessee","Bedford County",2,28,720,361,359
050,47,003,"Tennessee","Bedford County",2,29,728,371,357
050,47,003,"Tennessee","Bedford County",2,30,727,382,345
050,47,003,"Tennessee","Bedford County",2,31,698,372,326
050,47,003,"Tennessee","Bedford County",2,32,658,346,312
050,47,003,"Tennessee","Bedford County",2,33,620,314,306
050,47,003,"Tennessee","Bedford County",2,34,630,316,314
050,47,003,"Tennessee","Bedford County",2,35,616,294,322
050,47,003,"Tennessee","Bedford County",2,36,625,303,322
050,47,003,"Tennessee","Bedford County",2,37,667,334,333
050,47,003,"Tennessee","Bedford County",2,38,646,327,319
050,47,003,"Tennessee","Bedford County",2,39,637,322,315
050,47,003,"Tennessee","Bedford County",2,40,651,334,317
050,47,003,"Tennessee","Bedford County",2,41,599,304,295
050,47,003,"Tennessee","Bedford County",2,42,651,323,328
050,47,003,"Tennessee","Bedford County",2,43,622,320,302
050,47,003,"Tennessee","Bedford County",2,44,590,309,281
050,47,003,"Tennessee","Bedford County",2,45,607,289,318
050,47,003,"Tennessee","Bedford County",2,46,628,314,314
050,47,003,"Tennessee","Bedford County",2,47,635,313,322
050,47,003,"Tennessee","Bedford County",2,48,658,325,333
050,47,003,"Tennessee","Bedford County",2,49,726,364,362
050,47,003,"Tennessee","Bedford County",2,50,679,345,334
050,47,003,"Tennessee","Bedford County",2,51,615,317,298
050,47,003,"Tennessee","Bedford County",2,52,609,308,301
050,47,003,"Tennessee","Bedford County",2,53,628,316,312
050,47,003,"Tennessee","Bedford County",2,54,642,316,326
050,47,003,"Tennessee","Bedford County",2,55,653,331,322
050,47,003,"Tennessee","Bedford County",2,56,689,344,345
050,47,003,"Tennessee","Bedford County",2,57,687,327,360
050,47,003,"Tennessee","Bedford County",2,58,679,328,351
050,47,003,"Tennessee","Bedford County",2,59,622,307,315
050,47,003,"Tennessee","Bedford County",2,60,600,291,309
050,47,003,"Tennessee","Bedford County",2,61,618,313,305
050,47,003,"Tennessee","Bedford County",2,62,585,291,294
050,47,003,"Tennessee","Bedford County",2,63,564,281,283
050,47,003,"Tennessee","Bedford County",2,64,521,268,253
050,47,003,"Tennessee","Bedford County",2,65,505,248,257
050,47,003,"Tennessee","Bedford County",2,66,500,239,261
050,47,003,"Tennessee","Bedford County",2,67,464,211,253
050,47,003,"Tennessee","Bedford County",2,68,469,216,253
050,47,003,"Tennessee","Bedford County",2,69,448,208,240
050,47,003,"Tennessee","Bedford County",2,70,436,195,241
050,47,003,"Tennessee","Bedford County",2,71,449,202,247
050,47,003,"Tennessee","Bedford County",2,72,450,200,250
050,47,003,"Tennessee","Bedford County",2,73,470,205,265
050,47,003,"Tennessee","Bedford County",2,74,314,135,179
050,47,003,"Tennessee","Bedford County",2,75,310,139,171
050,47,003,"Tennessee","Bedford County",2,76,311,142,169
050,47,003,"Tennessee","Bedford County",2,77,298,135,163
050,47,003,"Tennessee","Bedford County",2,78,269,125,144
050,47,003,"Tennessee","Bedford County",2,79,226,101,125
050,47,003,"Tennessee","Bedford County",2,80,206,93,113
050,47,003,"Tennessee","Bedford County",2,81,187,82,105
050,47,003,"Tennessee","Bedford County",2,82,171,74,97
050,47,003,"Tennessee","Bedford County",2,83,155,66,89
050,47,003,"Tennessee","Bedford County",2,84,138,61,77
050,47,003,"Tennessee","Bedford County",2,85,563,203,360
050,47,003,"Tennessee","Bedford County",3,0,718,356,362
050,47,003,"Tennessee","Bedford County",3,1,691,342,349
050,47,003,"Tennessee","Bedford County",3,2,680,358,322
050,47,003,"Tennessee","Bedford County",3,3,672,341,331
050,47,003,"Tennessee","Bedford County",3,4,689,344,345
050,47,003,"Tennessee","Bedford County",3,5,700,347,353
050,47,003,"Tennessee","Bedford County",3,6,695,355,340
050,47,003,"Tennessee","Bedford County",3,7,690,343,347
050,47,003,"Tennessee","Bedford County",3,8,704,370,334
050,47,003,"Tennessee","Bedford County",3,9,691,355,336
050,47,003,"Tennessee","Bedford County",3,10,709,351,358
050,47,003,"Tennessee","Bedford County",3,11,737,368,369
050,47,003,"Tennessee","Bedford County",3,12,757,392,365
050,47,003,"Tennessee","Bedford County",3,13,810,413,397
050,47,003,"Tennessee","Bedford County",3,14,788,403,385
050,47,003,"Tennessee","Bedford County",3,15,790,386,404
050,47,003,"Tennessee","Bedford County",3,16,768,396,372
050,47,003,"Tennessee","Bedford County",3,17,747,393,354
050,47,003,"Tennessee","Bedford County",3,18,679,370,309
050,47,003,"Tennessee","Bedford County",3,19,595,337,258
050,47,003,"Tennessee","Bedford County",3,20,617,350,267
050,47,003,"Tennessee","Bedford County",3,21,643,347,296
050,47,003,"Tennessee","Bedford County",3,22,648,339,309
050,47,003,"Tennessee","Bedford County",3,23,645,311,334
050,47,003,"Tennessee","Bedford County",3,24,649,331,318
050,47,003,"Tennessee","Bedford County",3,25,679,362,317
050,47,003,"Tennessee","Bedford County",3,26,681,344,337
050,47,003,"Tennessee","Bedford County",3,27,684,369,315
050,47,003,"Tennessee","Bedford County",3,28,729,391,338
050,47,003,"Tennessee","Bedford County",3,29,708,358,350
050,47,003,"Tennessee","Bedford County",3,30,754,369,385
050,47,003,"Tennessee","Bedford County",3,31,766,408,358
050,47,003,"Tennessee","Bedford County",3,32,706,362,344
050,47,003,"Tennessee","Bedford County",3,33,643,333,310
050,47,003,"Tennessee","Bedford County",3,34,627,314,313
050,47,003,"Tennessee","Bedford County",3,35,619,299,320
050,47,003,"Tennessee","Bedford County",3,36,637,307,330
050,47,003,"Tennessee","Bedford County",3,37,645,315,330
050,47,003,"Tennessee","Bedford County",3,38,680,354,326
050,47,003,"Tennessee","Bedford County",3,39,653,322,331
050,47,003,"Tennessee","Bedford County",3,40,652,336,316
050,47,003,"Tennessee","Bedford County",3,41,635,322,313
050,47,003,"Tennessee","Bedford County",3,42,643,327,316
050,47,003,"Tennessee","Bedford County",3,43,653,331,322
050,47,003,"Tennessee","Bedford County",3,44,626,327,299
050,47,003,"Tennessee","Bedford County",3,45,607,312,295
050,47,003,"Tennessee","Bedford County",3,46,595,285,310
050,47,003,"Tennessee","Bedford County",3,47,620,302,318
050,47,003,"Tennessee","Bedford County",3,48,667,334,333
050,47,003,"Tennessee","Bedford County",3,49,668,324,344
050,47,003,"Tennessee","Bedford County",3,50,739,376,363
050,47,003,"Tennessee","Bedford County",3,51,677,342,335
050,47,003,"Tennessee","Bedford County",3,52,639,337,302
050,47,003,"Tennessee","Bedford County",3,53,605,305,300
050,47,003,"Tennessee","Bedford County",3,54,637,309,328
050,47,003,"Tennessee","Bedford County",3,55,630,313,317
050,47,003,"Tennessee","Bedford County",3,56,665,340,325
050,47,003,"Tennessee","Bedford County",3,57,672,322,350
050,47,003,"Tennessee","Bedford County",3,58,677,321,356
050,47,003,"Tennessee","Bedford County",3,59,692,343,349
050,47,003,"Tennessee","Bedford County",3,60,611,297,314
050,47,003,"Tennessee","Bedford County",3,61,600,292,308
050,47,003,"Tennessee","Bedford County",3,62,615,316,299
050,47,003,"Tennessee","Bedford County",3,63,601,300,301
050,47,003,"Tennessee","Bedford County",3,64,566,275,291
050,47,003,"Tennessee","Bedford County",3,65,515,262,253
050,47,003,"Tennessee","Bedford County",3,66,499,239,260
050,47,003,"Tennessee","Bedford County",3,67,497,234,263
050,47,003,"Tennessee","Bedford County",3,68,446,194,252
050,47,003,"Tennessee","Bedford County",3,69,466,213,253
050,47,003,"Tennessee","Bedford County",3,70,427,195,232
050,47,003,"Tennessee","Bedford County",3,71,426,197,229
050,47,003,"Tennessee","Bedford County",3,72,447,201,246
050,47,003,"Tennessee","Bedford County",3,73,421,190,231
050,47,003,"Tennessee","Bedford County",3,74,450,188,262
050,47,003,"Tennessee","Bedford County",3,75,303,134,169
050,47,003,"Tennessee","Bedford County",3,76,299,134,165
050,47,003,"Tennessee","Bedford County",3,77,296,132,164
050,47,003,"Tennessee","Bedford County",3,78,285,135,150
050,47,003,"Tennessee","Bedford County",3,79,240,108,132
050,47,003,"Tennessee","Bedford County",3,80,221,100,121
050,47,003,"Tennessee","Bedford County",3,81,188,73,115
050,47,003,"Tennessee","Bedford County",3,82,179,78,101
050,47,003,"Tennessee","Bedford County",3,83,161,65,96
050,47,003,"Tennessee","Bedford County",3,84,133,59,74
050,47,003,"Tennessee","Bedford County",3,85,570,209,361
050,47,003,"Tennessee","Bedford County",4,0,701,345,356
050,47,003,"Tennessee","Bedford County",4,1,734,366,368
050,47,003,"Tennessee","Bedford County",4,2,668,333,335
050,47,003,"Tennessee","Bedford County",4,3,680,343,337
050,47,003,"Tennessee","Bedford County",4,4,692,357,335
050,47,003,"Tennessee","Bedford County",4,5,706,354,352
050,47,003,"Tennessee","Bedford County",4,6,708,332,376
050,47,003,"Tennessee","Bedford County",4,7,722,381,341
050,47,003,"Tennessee","Bedford County",4,8,692,347,345
050,47,003,"Tennessee","Bedford County",4,9,719,383,336
050,47,003,"Tennessee","Bedford County",4,10,676,344,332
050,47,003,"Tennessee","Bedford County",4,11,722,356,366
050,47,003,"Tennessee","Bedford County",4,12,745,377,368
050,47,003,"Tennessee","Bedford County",4,13,763,394,369
050,47,003,"Tennessee","Bedford County",4,14,820,420,400
050,47,003,"Tennessee","Bedford County",4,15,803,404,399
050,47,003,"Tennessee","Bedford County",4,16,814,389,425
050,47,003,"Tennessee","Bedford County",4,17,799,404,395
050,47,003,"Tennessee","Bedford County",4,18,677,373,304
050,47,003,"Tennessee","Bedford County",4,19,576,309,267
050,47,003,"Tennessee","Bedford County",4,20,633,360,273
050,47,003,"Tennessee","Bedford County",4,21,637,359,278
050,47,003,"Tennessee","Bedford County",4,22,694,365,329
050,47,003,"Tennessee","Bedford County",4,23,674,351,323
050,47,003,"Tennessee","Bedford County",4,24,662,331,331
050,47,003,"Tennessee","Bedford County",4,25,672,354,318
050,47,003,"Tennessee","Bedford County",4,26,703,370,333
050,47,003,"Tennessee","Bedford County",4,27,695,348,347
050,47,003,"Tennessee","Bedford County",4,28,708,369,339
050,47,003,"Tennessee","Bedford County",4,29,732,393,339
050,47,003,"Tennessee","Bedford County",4,30,735,375,360
050,47,003,"Tennessee","Bedford County",4,31,798,398,400
050,47,003,"Tennessee","Bedford County",4,32,769,402,367
050,47,003,"Tennessee","Bedford County",4,33,706,364,342
050,47,003,"Tennessee","Bedford County",4,34,649,332,317
050,47,003,"Tennessee","Bedford County",4,35,631,310,321
050,47,003,"Tennessee","Bedford County",4,36,632,311,321
050,47,003,"Tennessee","Bedford County",4,37,631,314,317
050,47,003,"Tennessee","Bedford County",4,38,667,322,345
050,47,003,"Tennessee","Bedford County",4,39,665,341,324
050,47,003,"Tennessee","Bedford County",4,40,655,330,325
050,47,003,"Tennessee","Bedford County",4,41,667,343,324
050,47,003,"Tennessee","Bedford County",4,42,660,344,316
050,47,003,"Tennessee","Bedford County",4,43,656,338,318
050,47,003,"Tennessee","Bedford County",4,44,681,343,338
050,47,003,"Tennessee","Bedford County",4,45,635,334,301
050,47,003,"Tennessee","Bedford County",4,46,603,309,294
050,47,003,"Tennessee","Bedford County",4,47,587,276,311
050,47,003,"Tennessee","Bedford County",4,48,643,316,327
050,47,003,"Tennessee","Bedford County",4,49,655,325,330
050,47,003,"Tennessee","Bedford County",4,50,664,325,339
050,47,003,"Tennessee","Bedford County",4,51,754,386,368
050,47,003,"Tennessee","Bedford County",4,52,686,348,338
050,47,003,"Tennessee","Bedford County",4,53,628,333,295
050,47,003,"Tennessee","Bedford County",4,54,591,287,304
050,47,003,"Tennessee","Bedford County",4,55,632,307,325
050,47,003,"Tennessee","Bedford County",4,56,640,317,323
050,47,003,"Tennessee","Bedford County",4,57,662,340,322
050,47,003,"Tennessee","Bedford County",4,58,665,318,347
050,47,003,"Tennessee","Bedford County",4,59,671,321,350
050,47,003,"Tennessee","Bedford County",4,60,686,333,353
050,47,003,"Tennessee","Bedford County",4,61,597,284,313
050,47,003,"Tennessee","Bedford County",4,62,593,293,300
050,47,003,"Tennessee","Bedford County",4,63,621,321,300
050,47,003,"Tennessee","Bedford County",4,64,612,302,310
050,47,003,"Tennessee","Bedford County",4,65,566,273,293
050,47,003,"Tennessee","Bedford County",4,66,526,266,260
050,47,003,"Tennessee","Bedford County",4,67,488,230,258
050,47,003,"Tennessee","Bedford County",4,68,492,227,265
050,47,003,"Tennessee","Bedford County",4,69,441,188,253
050,47,003,"Tennessee","Bedford County",4,70,465,209,256
050,47,003,"Tennessee","Bedford County",4,71,426,195,231
050,47,003,"Tennessee","Bedford County",4,72,424,198,226
050,47,003,"Tennessee","Bedford County",4,73,433,191,242
050,47,003,"Tennessee","Bedford County",4,74,404,181,223
050,47,003,"Tennessee","Bedford County",4,75,437,182,255
050,47,003,"Tennessee","Bedford County",4,76,287,126,161
050,47,003,"Tennessee","Bedford County",4,77,284,128,156
050,47,003,"Tennessee","Bedford County",4,78,279,124,155
050,47,003,"Tennessee","Bedford County",4,79,250,119,131
050,47,003,"Tennessee","Bedford County",4,80,232,104,128
050,47,003,"Tennessee","Bedford County",4,81,199,84,115
050,47,003,"Tennessee","Bedford County",4,82,174,66,108
050,47,003,"Tennessee","Bedford County",4,83,167,72,95
050,47,003,"Tennessee","Bedford County",4,84,148,67,81
050,47,003,"Tennessee","Bedford County",4,85,588,221,367
050,47,003,"Tennessee","Bedford County",5,0,701,343,358
050,47,003,"Tennessee","Bedford County",5,1,746,375,371
050,47,003,"Tennessee","Bedford County",5,2,742,369,373
050,47,003,"Tennessee","Bedford County",5,3,671,341,330
050,47,003,"Tennessee","Bedford County",5,4,701,361,340
050,47,003,"Tennessee","Bedford County",5,5,720,373,347
050,47,003,"Tennessee","Bedford County",5,6,729,366,363
050,47,003,"Tennessee","Bedford County",5,7,748,350,398
050,47,003,"Tennessee","Bedford County",5,8,723,379,344
050,47,003,"Tennessee","Bedford County",5,9,699,350,349
050,47,003,"Tennessee","Bedford County",5,10,730,391,339
050,47,003,"Tennessee","Bedford County",5,11,697,353,344
050,47,003,"Tennessee","Bedford County",5,12,717,361,356
050,47,003,"Tennessee","Bedford County",5,13,743,368,375
050,47,003,"Tennessee","Bedford County",5,14,793,404,389
050,47,003,"Tennessee","Bedford County",5,15,836,422,414
050,47,003,"Tennessee","Bedford County",5,16,823,415,408
050,47,003,"Tennessee","Bedford County",5,17,829,404,425
050,47,003,"Tennessee","Bedford County",5,18,720,384,336
050,47,003,"Tennessee","Bedford County",5,19,602,331,271
050,47,003,"Tennessee","Bedford County",5,20,634,350,284
050,47,003,"Tennessee","Bedford County",5,21,695,391,304
050,47,003,"Tennessee","Bedford County",5,22,707,388,319
050,47,003,"Tennessee","Bedford County",5,23,705,355,350
050,47,003,"Tennessee","Bedford County",5,24,678,363,315
050,47,003,"Tennessee","Bedford County",5,25,707,357,350
050,47,003,"Tennessee","Bedford County",5,26,688,354,334
050,47,003,"Tennessee","Bedford County",5,27,712,377,335
050,47,003,"Tennessee","Bedford County",5,28,712,359,353
050,47,003,"Tennessee","Bedford County",5,29,701,359,342
050,47,003,"Tennessee","Bedford County",5,30,764,409,355
050,47,003,"Tennessee","Bedford County",5,31,761,386,375
050,47,003,"Tennessee","Bedford County",5,32,783,388,395
050,47,003,"Tennessee","Bedford County",5,33,759,395,364
050,47,003,"Tennessee","Bedford County",5,34,725,372,353
050,47,003,"Tennessee","Bedford County",5,35,648,325,323
050,47,003,"Tennessee","Bedford County",5,36,652,325,327
050,47,003,"Tennessee","Bedford County",5,37,636,320,316
050,47,003,"Tennessee","Bedford County",5,38,649,328,321
050,47,003,"Tennessee","Bedford County",5,39,678,320,358
050,47,003,"Tennessee","Bedford County",5,40,667,338,329
050,47,003,"Tennessee","Bedford County",5,41,656,330,326
050,47,003,"Tennessee","Bedford County",5,42,708,368,340
050,47,003,"Tennessee","Bedford County",5,43,668,334,334
050,47,003,"Tennessee","Bedford County",5,44,666,357,309
050,47,003,"Tennessee","Bedford County",5,45,690,343,347
050,47,003,"Tennessee","Bedford County",5,46,638,341,297
050,47,003,"Tennessee","Bedford County",5,47,611,303,308
050,47,003,"Tennessee","Bedford County",5,48,605,291,314
050,47,003,"Tennessee","Bedford County",5,49,658,331,327
050,47,003,"Tennessee","Bedford County",5,50,665,332,333
050,47,003,"Tennessee","Bedford County",5,51,682,333,349
050,47,003,"Tennessee","Bedford County",5,52,774,392,382
050,47,003,"Tennessee","Bedford County",5,53,687,351,336
050,47,003,"Tennessee","Bedford County",5,54,646,335,311
050,47,003,"Tennessee","Bedford County",5,55,581,288,293
050,47,003,"Tennessee","Bedford County",5,56,644,323,321
050,47,003,"Tennessee","Bedford County",5,57,648,314,334
050,47,003,"Tennessee","Bedford County",5,58,665,347,318
050,47,003,"Tennessee","Bedford County",5,59,679,338,341
050,47,003,"Tennessee","Bedford County",5,60,675,320,355
050,47,003,"Tennessee","Bedford County",5,61,670,316,354
050,47,003,"Tennessee","Bedford County",5,62,608,291,317
050,47,003,"Tennessee","Bedford County",5,63,588,291,297
050,47,003,"Tennessee","Bedford County",5,64,613,319,294
050,47,003,"Tennessee","Bedford County",5,65,611,295,316
050,47,003,"Tennessee","Bedford County",5,66,563,266,297
050,47,003,"Tennessee","Bedford County",5,67,528,268,260
050,47,003,"Tennessee","Bedford County",5,68,474,223,251
050,47,003,"Tennessee","Bedford County",5,69,492,222,270
050,47,003,"Tennessee","Bedford County",5,70,436,181,255
050,47,003,"Tennessee","Bedford County",5,71,456,203,253
050,47,003,"Tennessee","Bedford County",5,72,408,186,222
050,47,003,"Tennessee","Bedford County",5,73,403,193,210
050,47,003,"Tennessee","Bedford County",5,74,415,180,235
050,47,003,"Tennessee","Bedford County",5,75,391,174,217
050,47,003,"Tennessee","Bedford County",5,76,423,167,256
050,47,003,"Tennessee","Bedford County",5,77,276,119,157
050,47,003,"Tennessee","Bedford County",5,78,277,125,152
050,47,003,"Tennessee","Bedford County",5,79,250,108,142
050,47,003,"Tennessee","Bedford County",5,80,243,114,129
050,47,003,"Tennessee","Bedford County",5,81,219,93,126
050,47,003,"Tennessee","Bedford County",5,82,186,75,111
050,47,003,"Tennessee","Bedford County",5,83,170,62,108
050,47,003,"Tennessee","Bedford County",5,84,156,76,80
050,47,003,"Tennessee","Bedford County",5,85,622,241,381
050,47,005,"Tennessee","Benton County",1,0,168,86,82
050,47,005,"Tennessee","Benton County",1,1,167,89,78
050,47,005,"Tennessee","Benton County",1,2,151,76,75
050,47,005,"Tennessee","Benton County",1,3,137,67,70
050,47,005,"Tennessee","Benton County",1,4,184,105,79
050,47,005,"Tennessee","Benton County",1,5,176,98,78
050,47,005,"Tennessee","Benton County",1,6,165,83,82
050,47,005,"Tennessee","Benton County",1,7,186,95,91
050,47,005,"Tennessee","Benton County",1,8,170,97,73
050,47,005,"Tennessee","Benton County",1,9,181,96,85
050,47,005,"Tennessee","Benton County",1,10,188,98,90
050,47,005,"Tennessee","Benton County",1,11,202,104,98
050,47,005,"Tennessee","Benton County",1,12,202,101,101
050,47,005,"Tennessee","Benton County",1,13,187,98,89
050,47,005,"Tennessee","Benton County",1,14,172,80,92
050,47,005,"Tennessee","Benton County",1,15,178,92,86
050,47,005,"Tennessee","Benton County",1,16,170,85,85
050,47,005,"Tennessee","Benton County",1,17,178,82,96
050,47,005,"Tennessee","Benton County",1,18,161,79,82
050,47,005,"Tennessee","Benton County",1,19,123,66,57
050,47,005,"Tennessee","Benton County",1,20,138,71,67
050,47,005,"Tennessee","Benton County",1,21,158,87,71
050,47,005,"Tennessee","Benton County",1,22,139,77,62
050,47,005,"Tennessee","Benton County",1,23,159,74,85
050,47,005,"Tennessee","Benton County",1,24,171,85,86
050,47,005,"Tennessee","Benton County",1,25,165,79,86
050,47,005,"Tennessee","Benton County",1,26,151,76,75
050,47,005,"Tennessee","Benton County",1,27,151,71,80
050,47,005,"Tennessee","Benton County",1,28,158,78,80
050,47,005,"Tennessee","Benton County",1,29,171,87,84
050,47,005,"Tennessee","Benton County",1,30,163,85,78
050,47,005,"Tennessee","Benton County",1,31,171,90,81
050,47,005,"Tennessee","Benton County",1,32,162,80,82
050,47,005,"Tennessee","Benton County",1,33,159,82,77
050,47,005,"Tennessee","Benton County",1,34,157,86,71
050,47,005,"Tennessee","Benton County",1,35,151,74,77
050,47,005,"Tennessee","Benton County",1,36,163,81,82
050,47,005,"Tennessee","Benton County",1,37,174,90,84
050,47,005,"Tennessee","Benton County",1,38,168,79,89
050,47,005,"Tennessee","Benton County",1,39,152,74,78
050,47,005,"Tennessee","Benton County",1,40,183,92,91
050,47,005,"Tennessee","Benton County",1,41,179,93,86
050,47,005,"Tennessee","Benton County",1,42,161,88,73
050,47,005,"Tennessee","Benton County",1,43,163,80,83
050,47,005,"Tennessee","Benton County",1,44,201,106,95
050,47,005,"Tennessee","Benton County",1,45,174,93,81
050,47,005,"Tennessee","Benton County",1,46,189,92,97
050,47,005,"Tennessee","Benton County",1,47,207,110,97
050,47,005,"Tennessee","Benton County",1,48,213,107,106
050,47,005,"Tennessee","Benton County",1,49,202,103,99
050,47,005,"Tennessee","Benton County",1,50,219,107,112
050,47,005,"Tennessee","Benton County",1,51,226,104,122
050,47,005,"Tennessee","Benton County",1,52,223,104,119
050,47,005,"Tennessee","Benton County",1,53,228,116,112
050,47,005,"Tennessee","Benton County",1,54,222,108,114
050,47,005,"Tennessee","Benton County",1,55,245,120,125
050,47,005,"Tennessee","Benton County",1,56,248,122,126
050,47,005,"Tennessee","Benton County",1,57,240,114,126
050,47,005,"Tennessee","Benton County",1,58,248,115,133
050,47,005,"Tennessee","Benton County",1,59,242,119,123
050,47,005,"Tennessee","Benton County",1,60,218,98,120
050,47,005,"Tennessee","Benton County",1,61,254,120,134
050,47,005,"Tennessee","Benton County",1,62,256,121,135
050,47,005,"Tennessee","Benton County",1,63,273,123,150
050,47,005,"Tennessee","Benton County",1,64,258,123,135
050,47,005,"Tennessee","Benton County",1,65,237,122,115
050,47,005,"Tennessee","Benton County",1,66,243,119,124
050,47,005,"Tennessee","Benton County",1,67,248,132,116
050,47,005,"Tennessee","Benton County",1,68,222,117,105
050,47,005,"Tennessee","Benton County",1,69,204,93,111
050,47,005,"Tennessee","Benton County",1,70,219,109,110
050,47,005,"Tennessee","Benton County",1,71,225,113,112
050,47,005,"Tennessee","Benton County",1,72,243,120,123
050,47,005,"Tennessee","Benton County",1,73,272,134,138
050,47,005,"Tennessee","Benton County",1,74,168,83,85
050,47,005,"Tennessee","Benton County",1,75,144,63,81
050,47,005,"Tennessee","Benton County",1,76,166,80,86
050,47,005,"Tennessee","Benton County",1,77,141,71,70
050,47,005,"Tennessee","Benton County",1,78,121,65,56
050,47,005,"Tennessee","Benton County",1,79,114,60,54
050,47,005,"Tennessee","Benton County",1,80,109,48,61
050,47,005,"Tennessee","Benton County",1,81,106,43,63
050,47,005,"Tennessee","Benton County",1,82,91,43,48
050,47,005,"Tennessee","Benton County",1,83,68,34,34
050,47,005,"Tennessee","Benton County",1,84,72,30,42
050,47,005,"Tennessee","Benton County",1,85,355,122,233
050,47,005,"Tennessee","Benton County",2,0,163,84,79
050,47,005,"Tennessee","Benton County",2,1,166,88,78
050,47,005,"Tennessee","Benton County",2,2,152,77,75
050,47,005,"Tennessee","Benton County",2,3,141,71,70
050,47,005,"Tennessee","Benton County",2,4,173,96,77
050,47,005,"Tennessee","Benton County",2,5,178,100,78
050,47,005,"Tennessee","Benton County",2,6,171,88,83
050,47,005,"Tennessee","Benton County",2,7,179,92,87
050,47,005,"Tennessee","Benton County",2,8,171,96,75
050,47,005,"Tennessee","Benton County",2,9,177,95,82
050,47,005,"Tennessee","Benton County",2,10,187,98,89
050,47,005,"Tennessee","Benton County",2,11,198,102,96
050,47,005,"Tennessee","Benton County",2,12,200,101,99
050,47,005,"Tennessee","Benton County",2,13,189,98,91
050,47,005,"Tennessee","Benton County",2,14,175,84,91
050,47,005,"Tennessee","Benton County",2,15,177,89,88
050,47,005,"Tennessee","Benton County",2,16,172,87,85
050,47,005,"Tennessee","Benton County",2,17,176,82,94
050,47,005,"Tennessee","Benton County",2,18,157,77,80
050,47,005,"Tennessee","Benton County",2,19,126,66,60
050,47,005,"Tennessee","Benton County",2,20,139,72,67
050,47,005,"Tennessee","Benton County",2,21,154,85,69
050,47,005,"Tennessee","Benton County",2,22,144,78,66
050,47,005,"Tennessee","Benton County",2,23,158,75,83
050,47,005,"Tennessee","Benton County",2,24,168,84,84
050,47,005,"Tennessee","Benton County",2,25,161,77,84
050,47,005,"Tennessee","Benton County",2,26,153,77,76
050,47,005,"Tennessee","Benton County",2,27,153,74,79
050,47,005,"Tennessee","Benton County",2,28,157,76,81
050,47,005,"Tennessee","Benton County",2,29,168,86,82
050,47,005,"Tennessee","Benton County",2,30,165,86,79
050,47,005,"Tennessee","Benton County",2,31,165,87,78
050,47,005,"Tennessee","Benton County",2,32,162,80,82
050,47,005,"Tennessee","Benton County",2,33,160,82,78
050,47,005,"Tennessee","Benton County",2,34,158,86,72
050,47,005,"Tennessee","Benton County",2,35,154,77,77
050,47,005,"Tennessee","Benton County",2,36,162,81,81
050,47,005,"Tennessee","Benton County",2,37,171,87,84
050,47,005,"Tennessee","Benton County",2,38,168,80,88
050,47,005,"Tennessee","Benton County",2,39,155,76,79
050,47,005,"Tennessee","Benton County",2,40,178,88,90
050,47,005,"Tennessee","Benton County",2,41,179,93,86
050,47,005,"Tennessee","Benton County",2,42,163,88,75
050,47,005,"Tennessee","Benton County",2,43,162,81,81
050,47,005,"Tennessee","Benton County",2,44,188,97,91
050,47,005,"Tennessee","Benton County",2,45,182,97,85
050,47,005,"Tennessee","Benton County",2,46,186,94,92
050,47,005,"Tennessee","Benton County",2,47,205,107,98
050,47,005,"Tennessee","Benton County",2,48,210,107,103
050,47,005,"Tennessee","Benton County",2,49,208,105,103
050,47,005,"Tennessee","Benton County",2,50,218,107,111
050,47,005,"Tennessee","Benton County",2,51,224,104,120
050,47,005,"Tennessee","Benton County",2,52,223,104,119
050,47,005,"Tennessee","Benton County",2,53,229,115,114
050,47,005,"Tennessee","Benton County",2,54,223,110,113
050,47,005,"Tennessee","Benton County",2,55,239,118,121
050,47,005,"Tennessee","Benton County",2,56,250,123,127
050,47,005,"Tennessee","Benton County",2,57,243,117,126
050,47,005,"Tennessee","Benton County",2,58,248,116,132
050,47,005,"Tennessee","Benton County",2,59,248,120,128
050,47,005,"Tennessee","Benton County",2,60,224,103,121
050,47,005,"Tennessee","Benton County",2,61,246,115,131
050,47,005,"Tennessee","Benton County",2,62,254,120,134
050,47,005,"Tennessee","Benton County",2,63,271,123,148
050,47,005,"Tennessee","Benton County",2,64,260,124,136
050,47,005,"Tennessee","Benton County",2,65,241,121,120
050,47,005,"Tennessee","Benton County",2,66,241,118,123
050,47,005,"Tennessee","Benton County",2,67,250,130,120
050,47,005,"Tennessee","Benton County",2,68,228,120,108
050,47,005,"Tennessee","Benton County",2,69,210,100,110
050,47,005,"Tennessee","Benton County",2,70,215,105,110
050,47,005,"Tennessee","Benton County",2,71,220,111,109
050,47,005,"Tennessee","Benton County",2,72,232,115,117
050,47,005,"Tennessee","Benton County",2,73,277,136,141
050,47,005,"Tennessee","Benton County",2,74,175,85,90
050,47,005,"Tennessee","Benton County",2,75,150,68,82
050,47,005,"Tennessee","Benton County",2,76,156,74,82
050,47,005,"Tennessee","Benton County",2,77,149,74,75
050,47,005,"Tennessee","Benton County",2,78,124,66,58
050,47,005,"Tennessee","Benton County",2,79,115,61,54
050,47,005,"Tennessee","Benton County",2,80,108,49,59
050,47,005,"Tennessee","Benton County",2,81,104,43,61
050,47,005,"Tennessee","Benton County",2,82,93,42,51
050,47,005,"Tennessee","Benton County",2,83,72,34,38
050,47,005,"Tennessee","Benton County",2,84,69,30,39
050,47,005,"Tennessee","Benton County",2,85,362,127,235
050,47,005,"Tennessee","Benton County",3,0,146,78,68
050,47,005,"Tennessee","Benton County",3,1,176,99,77
050,47,005,"Tennessee","Benton County",3,2,170,91,79
050,47,005,"Tennessee","Benton County",3,3,147,76,71
050,47,005,"Tennessee","Benton County",3,4,160,78,82
050,47,005,"Tennessee","Benton County",3,5,175,94,81
050,47,005,"Tennessee","Benton County",3,6,188,109,79
050,47,005,"Tennessee","Benton County",3,7,169,87,82
050,47,005,"Tennessee","Benton County",3,8,172,88,84
050,47,005,"Tennessee","Benton County",3,9,183,102,81
050,47,005,"Tennessee","Benton County",3,10,181,97,84
050,47,005,"Tennessee","Benton County",3,11,189,96,93
050,47,005,"Tennessee","Benton County",3,12,198,103,95
050,47,005,"Tennessee","Benton County",3,13,205,99,106
050,47,005,"Tennessee","Benton County",3,14,193,102,91
050,47,005,"Tennessee","Benton County",3,15,181,84,97
050,47,005,"Tennessee","Benton County",3,16,188,97,91
050,47,005,"Tennessee","Benton County",3,17,169,87,82
050,47,005,"Tennessee","Benton County",3,18,155,75,80
050,47,005,"Tennessee","Benton County",3,19,124,65,59
050,47,005,"Tennessee","Benton County",3,20,136,65,71
050,47,005,"Tennessee","Benton County",3,21,150,80,70
050,47,005,"Tennessee","Benton County",3,22,161,86,75
050,47,005,"Tennessee","Benton County",3,23,145,78,67
050,47,005,"Tennessee","Benton County",3,24,165,77,88
050,47,005,"Tennessee","Benton County",3,25,152,74,78
050,47,005,"Tennessee","Benton County",3,26,173,84,89
050,47,005,"Tennessee","Benton County",3,27,154,77,77
050,47,005,"Tennessee","Benton County",3,28,149,74,75
050,47,005,"Tennessee","Benton County",3,29,164,75,89
050,47,005,"Tennessee","Benton County",3,30,186,96,90
050,47,005,"Tennessee","Benton County",3,31,167,85,82
050,47,005,"Tennessee","Benton County",3,32,165,86,79
050,47,005,"Tennessee","Benton County",3,33,156,77,79
050,47,005,"Tennessee","Benton County",3,34,163,88,75
050,47,005,"Tennessee","Benton County",3,35,150,79,71
050,47,005,"Tennessee","Benton County",3,36,163,80,83
050,47,005,"Tennessee","Benton County",3,37,158,76,82
050,47,005,"Tennessee","Benton County",3,38,172,82,90
050,47,005,"Tennessee","Benton County",3,39,168,83,85
050,47,005,"Tennessee","Benton County",3,40,163,76,87
050,47,005,"Tennessee","Benton County",3,41,173,90,83
050,47,005,"Tennessee","Benton County",3,42,179,98,81
050,47,005,"Tennessee","Benton County",3,43,160,86,74
050,47,005,"Tennessee","Benton County",3,44,159,77,82
050,47,005,"Tennessee","Benton County",3,45,195,95,100
050,47,005,"Tennessee","Benton County",3,46,181,97,84
050,47,005,"Tennessee","Benton County",3,47,190,97,93
050,47,005,"Tennessee","Benton County",3,48,196,102,94
050,47,005,"Tennessee","Benton County",3,49,209,106,103
050,47,005,"Tennessee","Benton County",3,50,213,105,108
050,47,005,"Tennessee","Benton County",3,51,222,106,116
050,47,005,"Tennessee","Benton County",3,52,222,107,115
050,47,005,"Tennessee","Benton County",3,53,226,110,116
050,47,005,"Tennessee","Benton County",3,54,229,110,119
050,47,005,"Tennessee","Benton County",3,55,220,113,107
050,47,005,"Tennessee","Benton County",3,56,247,120,127
050,47,005,"Tennessee","Benton County",3,57,234,119,115
050,47,005,"Tennessee","Benton County",3,58,243,120,123
050,47,005,"Tennessee","Benton County",3,59,259,114,145
050,47,005,"Tennessee","Benton County",3,60,248,123,125
050,47,005,"Tennessee","Benton County",3,61,227,111,116
050,47,005,"Tennessee","Benton County",3,62,243,115,128
050,47,005,"Tennessee","Benton County",3,63,263,125,138
050,47,005,"Tennessee","Benton County",3,64,270,125,145
050,47,005,"Tennessee","Benton County",3,65,260,124,136
050,47,005,"Tennessee","Benton County",3,66,239,119,120
050,47,005,"Tennessee","Benton County",3,67,226,106,120
050,47,005,"Tennessee","Benton County",3,68,238,124,114
050,47,005,"Tennessee","Benton County",3,69,223,116,107
050,47,005,"Tennessee","Benton County",3,70,207,97,110
050,47,005,"Tennessee","Benton County",3,71,204,100,104
050,47,005,"Tennessee","Benton County",3,72,214,107,107
050,47,005,"Tennessee","Benton County",3,73,220,110,110
050,47,005,"Tennessee","Benton County",3,74,265,127,138
050,47,005,"Tennessee","Benton County",3,75,169,81,88
050,47,005,"Tennessee","Benton County",3,76,140,62,78
050,47,005,"Tennessee","Benton County",3,77,143,70,73
050,47,005,"Tennessee","Benton County",3,78,130,60,70
050,47,005,"Tennessee","Benton County",3,79,116,59,57
050,47,005,"Tennessee","Benton County",3,80,101,56,45
050,47,005,"Tennessee","Benton County",3,81,104,45,59
050,47,005,"Tennessee","Benton County",3,82,95,40,55
050,47,005,"Tennessee","Benton County",3,83,84,37,47
050,47,005,"Tennessee","Benton County",3,84,64,31,33
050,47,005,"Tennessee","Benton County",3,85,358,130,228
050,47,005,"Tennessee","Benton County",4,0,159,89,70
050,47,005,"Tennessee","Benton County",4,1,152,78,74
050,47,005,"Tennessee","Benton County",4,2,178,93,85
050,47,005,"Tennessee","Benton County",4,3,182,95,87
050,47,005,"Tennessee","Benton County",4,4,154,82,72
050,47,005,"Tennessee","Benton County",4,5,165,83,82
050,47,005,"Tennessee","Benton County",4,6,183,99,84
050,47,005,"Tennessee","Benton County",4,7,193,113,80
050,47,005,"Tennessee","Benton County",4,8,176,88,88
050,47,005,"Tennessee","Benton County",4,9,193,104,89
050,47,005,"Tennessee","Benton County",4,10,198,108,90
050,47,005,"Tennessee","Benton County",4,11,182,99,83
050,47,005,"Tennessee","Benton County",4,12,186,99,87
050,47,005,"Tennessee","Benton County",4,13,200,100,100
050,47,005,"Tennessee","Benton County",4,14,218,110,108
050,47,005,"Tennessee","Benton County",4,15,197,99,98
050,47,005,"Tennessee","Benton County",4,16,180,83,97
050,47,005,"Tennessee","Benton County",4,17,200,99,101
050,47,005,"Tennessee","Benton County",4,18,147,80,67
050,47,005,"Tennessee","Benton County",4,19,120,59,61
050,47,005,"Tennessee","Benton County",4,20,132,69,63
050,47,005,"Tennessee","Benton County",4,21,143,73,70
050,47,005,"Tennessee","Benton County",4,22,152,86,66
050,47,005,"Tennessee","Benton County",4,23,167,85,82
050,47,005,"Tennessee","Benton County",4,24,154,82,72
050,47,005,"Tennessee","Benton County",4,25,161,70,91
050,47,005,"Tennessee","Benton County",4,26,141,70,71
050,47,005,"Tennessee","Benton County",4,27,177,85,92
050,47,005,"Tennessee","Benton County",4,28,159,77,82
050,47,005,"Tennessee","Benton County",4,29,154,75,79
050,47,005,"Tennessee","Benton County",4,30,159,77,82
050,47,005,"Tennessee","Benton County",4,31,196,101,95
050,47,005,"Tennessee","Benton County",4,32,175,87,88
050,47,005,"Tennessee","Benton County",4,33,174,82,92
050,47,005,"Tennessee","Benton County",4,34,166,83,83
050,47,005,"Tennessee","Benton County",4,35,161,86,75
050,47,005,"Tennessee","Benton County",4,36,159,80,79
050,47,005,"Tennessee","Benton County",4,37,158,75,83
050,47,005,"Tennessee","Benton County",4,38,168,84,84
050,47,005,"Tennessee","Benton County",4,39,175,87,88
050,47,005,"Tennessee","Benton County",4,40,181,94,87
050,47,005,"Tennessee","Benton County",4,41,159,72,87
050,47,005,"Tennessee","Benton County",4,42,171,87,84
050,47,005,"Tennessee","Benton County",4,43,185,101,84
050,47,005,"Tennessee","Benton County",4,44,169,93,76
050,47,005,"Tennessee","Benton County",4,45,159,77,82
050,47,005,"Tennessee","Benton County",4,46,199,95,104
050,47,005,"Tennessee","Benton County",4,47,189,106,83
050,47,005,"Tennessee","Benton County",4,48,193,95,98
050,47,005,"Tennessee","Benton County",4,49,189,95,94
050,47,005,"Tennessee","Benton County",4,50,215,105,110
050,47,005,"Tennessee","Benton County",4,51,222,112,110
050,47,005,"Tennessee","Benton County",4,52,236,121,115
050,47,005,"Tennessee","Benton County",4,53,218,106,112
050,47,005,"Tennessee","Benton County",4,54,223,108,115
050,47,005,"Tennessee","Benton County",4,55,226,112,114
050,47,005,"Tennessee","Benton County",4,56,219,113,106
050,47,005,"Tennessee","Benton County",4,57,245,120,125
050,47,005,"Tennessee","Benton County",4,58,245,126,119
050,47,005,"Tennessee","Benton County",4,59,244,114,130
050,47,005,"Tennessee","Benton County",4,60,259,118,141
050,47,005,"Tennessee","Benton County",4,61,249,129,120
050,47,005,"Tennessee","Benton County",4,62,228,106,122
050,47,005,"Tennessee","Benton County",4,63,250,115,135
050,47,005,"Tennessee","Benton County",4,64,263,124,139
050,47,005,"Tennessee","Benton County",4,65,260,120,140
050,47,005,"Tennessee","Benton County",4,66,260,123,137
050,47,005,"Tennessee","Benton County",4,67,235,114,121
050,47,005,"Tennessee","Benton County",4,68,227,107,120
050,47,005,"Tennessee","Benton County",4,69,237,120,117
050,47,005,"Tennessee","Benton County",4,70,215,115,100
050,47,005,"Tennessee","Benton County",4,71,203,98,105
050,47,005,"Tennessee","Benton County",4,72,196,97,99
050,47,005,"Tennessee","Benton County",4,73,208,101,107
050,47,005,"Tennessee","Benton County",4,74,209,103,106
050,47,005,"Tennessee","Benton County",4,75,260,123,137
050,47,005,"Tennessee","Benton County",4,76,168,77,91
050,47,005,"Tennessee","Benton County",4,77,135,59,76
050,47,005,"Tennessee","Benton County",4,78,127,62,65
050,47,005,"Tennessee","Benton County",4,79,123,57,66
050,47,005,"Tennessee","Benton County",4,80,102,53,49
050,47,005,"Tennessee","Benton County",4,81,92,49,43
050,47,005,"Tennessee","Benton County",4,82,93,41,52
050,47,005,"Tennessee","Benton County",4,83,87,32,55
050,47,005,"Tennessee","Benton County",4,84,78,33,45
050,47,005,"Tennessee","Benton County",4,85,349,134,215
050,47,005,"Tennessee","Benton County",5,0,155,85,70
050,47,005,"Tennessee","Benton County",5,1,164,85,79
050,47,005,"Tennessee","Benton County",5,2,153,78,75
050,47,005,"Tennessee","Benton County",5,3,166,91,75
050,47,005,"Tennessee","Benton County",5,4,184,98,86
050,47,005,"Tennessee","Benton County",5,5,155,79,76
050,47,005,"Tennessee","Benton County",5,6,170,89,81
050,47,005,"Tennessee","Benton County",5,7,181,94,87
050,47,005,"Tennessee","Benton County",5,8,192,108,84
050,47,005,"Tennessee","Benton County",5,9,176,91,85
050,47,005,"Tennessee","Benton County",5,10,196,102,94
050,47,005,"Tennessee","Benton County",5,11,200,110,90
050,47,005,"Tennessee","Benton County",5,12,185,104,81
050,47,005,"Tennessee","Benton County",5,13,192,104,88
050,47,005,"Tennessee","Benton County",5,14,196,102,94
050,47,005,"Tennessee","Benton County",5,15,213,105,108
050,47,005,"Tennessee","Benton County",5,16,186,98,88
050,47,005,"Tennessee","Benton County",5,17,184,85,99
050,47,005,"Tennessee","Benton County",5,18,157,79,78
050,47,005,"Tennessee","Benton County",5,19,118,63,55
050,47,005,"Tennessee","Benton County",5,20,129,65,64
050,47,005,"Tennessee","Benton County",5,21,156,85,71
050,47,005,"Tennessee","Benton County",5,22,159,78,81
050,47,005,"Tennessee","Benton County",5,23,178,91,87
050,47,005,"Tennessee","Benton County",5,24,174,91,83
050,47,005,"Tennessee","Benton County",5,25,139,75,64
050,47,005,"Tennessee","Benton County",5,26,177,83,94
050,47,005,"Tennessee","Benton County",5,27,150,73,77
050,47,005,"Tennessee","Benton County",5,28,182,92,90
050,47,005,"Tennessee","Benton County",5,29,165,82,83
050,47,005,"Tennessee","Benton County",5,30,156,74,82
050,47,005,"Tennessee","Benton County",5,31,168,80,88
050,47,005,"Tennessee","Benton County",5,32,213,106,107
050,47,005,"Tennessee","Benton County",5,33,178,89,89
050,47,005,"Tennessee","Benton County",5,34,174,85,89
050,47,005,"Tennessee","Benton County",5,35,172,85,87
050,47,005,"Tennessee","Benton County",5,36,174,96,78
050,47,005,"Tennessee","Benton County",5,37,156,85,71
050,47,005,"Tennessee","Benton County",5,38,155,69,86
050,47,005,"Tennessee","Benton County",5,39,171,89,82
050,47,005,"Tennessee","Benton County",5,40,174,86,88
050,47,005,"Tennessee","Benton County",5,41,179,95,84
050,47,005,"Tennessee","Benton County",5,42,162,82,80
050,47,005,"Tennessee","Benton County",5,43,170,84,86
050,47,005,"Tennessee","Benton County",5,44,187,100,87
050,47,005,"Tennessee","Benton County",5,45,172,96,76
050,47,005,"Tennessee","Benton County",5,46,164,86,78
050,47,005,"Tennessee","Benton County",5,47,204,99,105
050,47,005,"Tennessee","Benton County",5,48,194,102,92
050,47,005,"Tennessee","Benton County",5,49,193,89,104
050,47,005,"Tennessee","Benton County",5,50,195,98,97
050,47,005,"Tennessee","Benton County",5,51,220,109,111
050,47,005,"Tennessee","Benton County",5,52,227,115,112
050,47,005,"Tennessee","Benton County",5,53,241,125,116
050,47,005,"Tennessee","Benton County",5,54,213,98,115
050,47,005,"Tennessee","Benton County",5,55,224,110,114
050,47,005,"Tennessee","Benton County",5,56,237,114,123
050,47,005,"Tennessee","Benton County",5,57,227,115,112
050,47,005,"Tennessee","Benton County",5,58,248,120,128
050,47,005,"Tennessee","Benton County",5,59,247,131,116
050,47,005,"Tennessee","Benton County",5,60,246,117,129
050,47,005,"Tennessee","Benton County",5,61,276,126,150
050,47,005,"Tennessee","Benton County",5,62,254,134,120
050,47,005,"Tennessee","Benton County",5,63,243,114,129
050,47,005,"Tennessee","Benton County",5,64,247,118,129
050,47,005,"Tennessee","Benton County",5,65,256,119,137
050,47,005,"Tennessee","Benton County",5,66,257,116,141
050,47,005,"Tennessee","Benton County",5,67,259,120,139
050,47,005,"Tennessee","Benton County",5,68,226,106,120
050,47,005,"Tennessee","Benton County",5,69,219,104,115
050,47,005,"Tennessee","Benton County",5,70,230,117,113
050,47,005,"Tennessee","Benton County",5,71,210,112,98
050,47,005,"Tennessee","Benton County",5,72,204,98,106
050,47,005,"Tennessee","Benton County",5,73,190,93,97
050,47,005,"Tennessee","Benton County",5,74,194,95,99
050,47,005,"Tennessee","Benton County",5,75,207,101,106
050,47,005,"Tennessee","Benton County",5,76,250,114,136
050,47,005,"Tennessee","Benton County",5,77,158,75,83
050,47,005,"Tennessee","Benton County",5,78,123,55,68
050,47,005,"Tennessee","Benton County",5,79,118,56,62
050,47,005,"Tennessee","Benton County",5,80,106,50,56
050,47,005,"Tennessee","Benton County",5,81,89,45,44
050,47,005,"Tennessee","Benton County",5,82,84,47,37
050,47,005,"Tennessee","Benton County",5,83,83,34,49
050,47,005,"Tennessee","Benton County",5,84,80,30,50
050,47,005,"Tennessee","Benton County",5,85,367,149,218
050,47,007,"Tennessee","Bledsoe County",1,0,114,58,56
050,47,007,"Tennessee","Bledsoe County",1,1,114,57,57
050,47,007,"Tennessee","Bledsoe County",1,2,102,46,56
050,47,007,"Tennessee","Bledsoe County",1,3,112,58,54
050,47,007,"Tennessee","Bledsoe County",1,4,107,59,48
050,47,007,"Tennessee","Bledsoe County",1,5,124,65,59
050,47,007,"Tennessee","Bledsoe County",1,6,112,63,49
050,47,007,"Tennessee","Bledsoe County",1,7,105,52,53
050,47,007,"Tennessee","Bledsoe County",1,8,127,65,62
050,47,007,"Tennessee","Bledsoe County",1,9,114,66,48
050,47,007,"Tennessee","Bledsoe County",1,10,104,60,44
050,47,007,"Tennessee","Bledsoe County",1,11,120,72,48
050,47,007,"Tennessee","Bledsoe County",1,12,126,70,56
050,47,007,"Tennessee","Bledsoe County",1,13,142,77,65
050,47,007,"Tennessee","Bledsoe County",1,14,126,72,54
050,47,007,"Tennessee","Bledsoe County",1,15,128,70,58
050,47,007,"Tennessee","Bledsoe County",1,16,126,62,64
050,47,007,"Tennessee","Bledsoe County",1,17,124,68,56
050,47,007,"Tennessee","Bledsoe County",1,18,117,68,49
050,47,007,"Tennessee","Bledsoe County",1,19,103,61,42
050,47,007,"Tennessee","Bledsoe County",1,20,117,64,53
050,47,007,"Tennessee","Bledsoe County",1,21,152,94,58
050,47,007,"Tennessee","Bledsoe County",1,22,153,94,59
050,47,007,"Tennessee","Bledsoe County",1,23,185,125,60
050,47,007,"Tennessee","Bledsoe County",1,24,151,88,63
050,47,007,"Tennessee","Bledsoe County",1,25,172,101,71
050,47,007,"Tennessee","Bledsoe County",1,26,186,119,67
050,47,007,"Tennessee","Bledsoe County",1,27,199,128,71
050,47,007,"Tennessee","Bledsoe County",1,28,205,141,64
050,47,007,"Tennessee","Bledsoe County",1,29,237,168,69
050,47,007,"Tennessee","Bledsoe County",1,30,238,169,69
050,47,007,"Tennessee","Bledsoe County",1,31,213,153,60
050,47,007,"Tennessee","Bledsoe County",1,32,222,158,64
050,47,007,"Tennessee","Bledsoe County",1,33,192,139,53
050,47,007,"Tennessee","Bledsoe County",1,34,180,123,57
050,47,007,"Tennessee","Bledsoe County",1,35,198,146,52
050,47,007,"Tennessee","Bledsoe County",1,36,204,146,58
050,47,007,"Tennessee","Bledsoe County",1,37,229,161,68
050,47,007,"Tennessee","Bledsoe County",1,38,214,141,73
050,47,007,"Tennessee","Bledsoe County",1,39,252,177,75
050,47,007,"Tennessee","Bledsoe County",1,40,246,172,74
050,47,007,"Tennessee","Bledsoe County",1,41,221,135,86
050,47,007,"Tennessee","Bledsoe County",1,42,235,151,84
050,47,007,"Tennessee","Bledsoe County",1,43,242,164,78
050,47,007,"Tennessee","Bledsoe County",1,44,216,141,75
050,47,007,"Tennessee","Bledsoe County",1,45,224,150,74
050,47,007,"Tennessee","Bledsoe County",1,46,220,143,77
050,47,007,"Tennessee","Bledsoe County",1,47,221,138,83
050,47,007,"Tennessee","Bledsoe County",1,48,239,153,86
050,47,007,"Tennessee","Bledsoe County",1,49,204,128,76
050,47,007,"Tennessee","Bledsoe County",1,50,219,130,89
050,47,007,"Tennessee","Bledsoe County",1,51,229,138,91
050,47,007,"Tennessee","Bledsoe County",1,52,227,146,81
050,47,007,"Tennessee","Bledsoe County",1,53,251,146,105
050,47,007,"Tennessee","Bledsoe County",1,54,245,145,100
050,47,007,"Tennessee","Bledsoe County",1,55,236,138,98
050,47,007,"Tennessee","Bledsoe County",1,56,226,130,96
050,47,007,"Tennessee","Bledsoe County",1,57,254,131,123
050,47,007,"Tennessee","Bledsoe County",1,58,278,151,127
050,47,007,"Tennessee","Bledsoe County",1,59,285,160,125
050,47,007,"Tennessee","Bledsoe County",1,60,240,126,114
050,47,007,"Tennessee","Bledsoe County",1,61,228,134,94
050,47,007,"Tennessee","Bledsoe County",1,62,227,130,97
050,47,007,"Tennessee","Bledsoe County",1,63,228,124,104
050,47,007,"Tennessee","Bledsoe County",1,64,193,107,86
050,47,007,"Tennessee","Bledsoe County",1,65,186,92,94
050,47,007,"Tennessee","Bledsoe County",1,66,187,93,94
050,47,007,"Tennessee","Bledsoe County",1,67,172,85,87
050,47,007,"Tennessee","Bledsoe County",1,68,169,89,80
050,47,007,"Tennessee","Bledsoe County",1,69,171,94,77
050,47,007,"Tennessee","Bledsoe County",1,70,180,97,83
050,47,007,"Tennessee","Bledsoe County",1,71,165,81,84
050,47,007,"Tennessee","Bledsoe County",1,72,165,82,83
050,47,007,"Tennessee","Bledsoe County",1,73,164,80,84
050,47,007,"Tennessee","Bledsoe County",1,74,135,69,66
050,47,007,"Tennessee","Bledsoe County",1,75,113,59,54
050,47,007,"Tennessee","Bledsoe County",1,76,128,75,53
050,47,007,"Tennessee","Bledsoe County",1,77,114,60,54
050,47,007,"Tennessee","Bledsoe County",1,78,105,50,55
050,47,007,"Tennessee","Bledsoe County",1,79,89,47,42
050,47,007,"Tennessee","Bledsoe County",1,80,87,43,44
050,47,007,"Tennessee","Bledsoe County",1,81,76,34,42
050,47,007,"Tennessee","Bledsoe County",1,82,77,37,40
050,47,007,"Tennessee","Bledsoe County",1,83,47,24,23
050,47,007,"Tennessee","Bledsoe County",1,84,52,20,32
050,47,007,"Tennessee","Bledsoe County",1,85,255,100,155
050,47,007,"Tennessee","Bledsoe County",2,0,121,62,59
050,47,007,"Tennessee","Bledsoe County",2,1,113,55,58
050,47,007,"Tennessee","Bledsoe County",2,2,104,47,57
050,47,007,"Tennessee","Bledsoe County",2,3,108,55,53
050,47,007,"Tennessee","Bledsoe County",2,4,109,58,51
050,47,007,"Tennessee","Bledsoe County",2,5,120,63,57
050,47,007,"Tennessee","Bledsoe County",2,6,115,63,52
050,47,007,"Tennessee","Bledsoe County",2,7,107,54,53
050,47,007,"Tennessee","Bledsoe County",2,8,123,64,59
050,47,007,"Tennessee","Bledsoe County",2,9,118,66,52
050,47,007,"Tennessee","Bledsoe County",2,10,106,62,44
050,47,007,"Tennessee","Bledsoe County",2,11,117,70,47
050,47,007,"Tennessee","Bledsoe County",2,12,125,71,54
050,47,007,"Tennessee","Bledsoe County",2,13,138,76,62
050,47,007,"Tennessee","Bledsoe County",2,14,132,74,58
050,47,007,"Tennessee","Bledsoe County",2,15,127,70,57
050,47,007,"Tennessee","Bledsoe County",2,16,127,64,63
050,47,007,"Tennessee","Bledsoe County",2,17,124,67,57
050,47,007,"Tennessee","Bledsoe County",2,18,113,66,47
050,47,007,"Tennessee","Bledsoe County",2,19,102,61,41
050,47,007,"Tennessee","Bledsoe County",2,20,118,65,53
050,47,007,"Tennessee","Bledsoe County",2,21,150,93,57
050,47,007,"Tennessee","Bledsoe County",2,22,154,94,60
050,47,007,"Tennessee","Bledsoe County",2,23,185,124,61
050,47,007,"Tennessee","Bledsoe County",2,24,153,88,65
050,47,007,"Tennessee","Bledsoe County",2,25,171,102,69
050,47,007,"Tennessee","Bledsoe County",2,26,187,118,69
050,47,007,"Tennessee","Bledsoe County",2,27,195,126,69
050,47,007,"Tennessee","Bledsoe County",2,28,206,141,65
050,47,007,"Tennessee","Bledsoe County",2,29,231,164,67
050,47,007,"Tennessee","Bledsoe County",2,30,240,171,69
050,47,007,"Tennessee","Bledsoe County",2,31,219,156,63
050,47,007,"Tennessee","Bledsoe County",2,32,226,163,63
050,47,007,"Tennessee","Bledsoe County",2,33,196,139,57
050,47,007,"Tennessee","Bledsoe County",2,34,175,120,55
050,47,007,"Tennessee","Bledsoe County",2,35,198,144,54
050,47,007,"Tennessee","Bledsoe County",2,36,202,146,56
050,47,007,"Tennessee","Bledsoe County",2,37,224,162,62
050,47,007,"Tennessee","Bledsoe County",2,38,215,143,72
050,47,007,"Tennessee","Bledsoe County",2,39,247,175,72
050,47,007,"Tennessee","Bledsoe County",2,40,248,172,76
050,47,007,"Tennessee","Bledsoe County",2,41,218,136,82
050,47,007,"Tennessee","Bledsoe County",2,42,234,150,84
050,47,007,"Tennessee","Bledsoe County",2,43,245,165,80
050,47,007,"Tennessee","Bledsoe County",2,44,214,141,73
050,47,007,"Tennessee","Bledsoe County",2,45,223,149,74
050,47,007,"Tennessee","Bledsoe County",2,46,217,142,75
050,47,007,"Tennessee","Bledsoe County",2,47,219,138,81
050,47,007,"Tennessee","Bledsoe County",2,48,237,153,84
050,47,007,"Tennessee","Bledsoe County",2,49,209,129,80
050,47,007,"Tennessee","Bledsoe County",2,50,219,131,88
050,47,007,"Tennessee","Bledsoe County",2,51,227,135,92
050,47,007,"Tennessee","Bledsoe County",2,52,230,146,84
050,47,007,"Tennessee","Bledsoe County",2,53,244,146,98
050,47,007,"Tennessee","Bledsoe County",2,54,245,144,101
050,47,007,"Tennessee","Bledsoe County",2,55,238,139,99
050,47,007,"Tennessee","Bledsoe County",2,56,226,129,97
050,47,007,"Tennessee","Bledsoe County",2,57,252,134,118
050,47,007,"Tennessee","Bledsoe County",2,58,276,148,128
050,47,007,"Tennessee","Bledsoe County",2,59,287,161,126
050,47,007,"Tennessee","Bledsoe County",2,60,249,132,117
050,47,007,"Tennessee","Bledsoe County",2,61,232,133,99
050,47,007,"Tennessee","Bledsoe County",2,62,231,132,99
050,47,007,"Tennessee","Bledsoe County",2,63,231,126,105
050,47,007,"Tennessee","Bledsoe County",2,64,199,109,90
050,47,007,"Tennessee","Bledsoe County",2,65,189,98,91
050,47,007,"Tennessee","Bledsoe County",2,66,186,91,95
050,47,007,"Tennessee","Bledsoe County",2,67,175,86,89
050,47,007,"Tennessee","Bledsoe County",2,68,168,87,81
050,47,007,"Tennessee","Bledsoe County",2,69,172,93,79
050,47,007,"Tennessee","Bledsoe County",2,70,176,94,82
050,47,007,"Tennessee","Bledsoe County",2,71,167,84,83
050,47,007,"Tennessee","Bledsoe County",2,72,161,80,81
050,47,007,"Tennessee","Bledsoe County",2,73,172,85,87
050,47,007,"Tennessee","Bledsoe County",2,74,134,67,67
050,47,007,"Tennessee","Bledsoe County",2,75,116,61,55
050,47,007,"Tennessee","Bledsoe County",2,76,126,72,54
050,47,007,"Tennessee","Bledsoe County",2,77,117,64,53
050,47,007,"Tennessee","Bledsoe County",2,78,108,53,55
050,47,007,"Tennessee","Bledsoe County",2,79,90,46,44
050,47,007,"Tennessee","Bledsoe County",2,80,86,43,43
050,47,007,"Tennessee","Bledsoe County",2,81,80,37,43
050,47,007,"Tennessee","Bledsoe County",2,82,78,37,41
050,47,007,"Tennessee","Bledsoe County",2,83,52,27,25
050,47,007,"Tennessee","Bledsoe County",2,84,53,21,32
050,47,007,"Tennessee","Bledsoe County",2,85,259,103,156
050,47,007,"Tennessee","Bledsoe County",3,0,117,57,60
050,47,007,"Tennessee","Bledsoe County",3,1,122,64,58
050,47,007,"Tennessee","Bledsoe County",3,2,106,47,59
050,47,007,"Tennessee","Bledsoe County",3,3,113,57,56
050,47,007,"Tennessee","Bledsoe County",3,4,111,59,52
050,47,007,"Tennessee","Bledsoe County",3,5,117,61,56
050,47,007,"Tennessee","Bledsoe County",3,6,124,59,65
050,47,007,"Tennessee","Bledsoe County",3,7,111,62,49
050,47,007,"Tennessee","Bledsoe County",3,8,110,58,52
050,47,007,"Tennessee","Bledsoe County",3,9,129,67,62
050,47,007,"Tennessee","Bledsoe County",3,10,117,66,51
050,47,007,"Tennessee","Bledsoe County",3,11,124,69,55
050,47,007,"Tennessee","Bledsoe County",3,12,125,72,53
050,47,007,"Tennessee","Bledsoe County",3,13,128,71,57
050,47,007,"Tennessee","Bledsoe County",3,14,141,76,65
050,47,007,"Tennessee","Bledsoe County",3,15,130,70,60
050,47,007,"Tennessee","Bledsoe County",3,16,121,70,51
050,47,007,"Tennessee","Bledsoe County",3,17,128,64,64
050,47,007,"Tennessee","Bledsoe County",3,18,117,66,51
050,47,007,"Tennessee","Bledsoe County",3,19,104,62,42
050,47,007,"Tennessee","Bledsoe County",3,20,111,66,45
050,47,007,"Tennessee","Bledsoe County",3,21,143,89,54
050,47,007,"Tennessee","Bledsoe County",3,22,151,93,58
050,47,007,"Tennessee","Bledsoe County",3,23,172,117,55
050,47,007,"Tennessee","Bledsoe County",3,24,141,83,58
050,47,007,"Tennessee","Bledsoe County",3,25,173,105,68
050,47,007,"Tennessee","Bledsoe County",3,26,173,103,70
050,47,007,"Tennessee","Bledsoe County",3,27,184,114,70
050,47,007,"Tennessee","Bledsoe County",3,28,198,130,68
050,47,007,"Tennessee","Bledsoe County",3,29,199,135,64
050,47,007,"Tennessee","Bledsoe County",3,30,231,157,74
050,47,007,"Tennessee","Bledsoe County",3,31,233,155,78
050,47,007,"Tennessee","Bledsoe County",3,32,223,165,58
050,47,007,"Tennessee","Bledsoe County",3,33,205,134,71
050,47,007,"Tennessee","Bledsoe County",3,34,166,104,62
050,47,007,"Tennessee","Bledsoe County",3,35,184,129,55
050,47,007,"Tennessee","Bledsoe County",3,36,200,143,57
050,47,007,"Tennessee","Bledsoe County",3,37,210,152,58
050,47,007,"Tennessee","Bledsoe County",3,38,197,134,63
050,47,007,"Tennessee","Bledsoe County",3,39,243,168,75
050,47,007,"Tennessee","Bledsoe County",3,40,233,154,79
050,47,007,"Tennessee","Bledsoe County",3,41,200,120,80
050,47,007,"Tennessee","Bledsoe County",3,42,227,151,76
050,47,007,"Tennessee","Bledsoe County",3,43,238,154,84
050,47,007,"Tennessee","Bledsoe County",3,44,219,139,80
050,47,007,"Tennessee","Bledsoe County",3,45,211,131,80
050,47,007,"Tennessee","Bledsoe County",3,46,214,134,80
050,47,007,"Tennessee","Bledsoe County",3,47,216,133,83
050,47,007,"Tennessee","Bledsoe County",3,48,232,142,90
050,47,007,"Tennessee","Bledsoe County",3,49,200,115,85
050,47,007,"Tennessee","Bledsoe County",3,50,211,127,84
050,47,007,"Tennessee","Bledsoe County",3,51,214,127,87
050,47,007,"Tennessee","Bledsoe County",3,52,230,137,93
050,47,007,"Tennessee","Bledsoe County",3,53,230,141,89
050,47,007,"Tennessee","Bledsoe County",3,54,229,134,95
050,47,007,"Tennessee","Bledsoe County",3,55,245,132,113
050,47,007,"Tennessee","Bledsoe County",3,56,211,119,92
050,47,007,"Tennessee","Bledsoe County",3,57,229,131,98
050,47,007,"Tennessee","Bledsoe County",3,58,261,140,121
050,47,007,"Tennessee","Bledsoe County",3,59,275,149,126
050,47,007,"Tennessee","Bledsoe County",3,60,278,154,124
050,47,007,"Tennessee","Bledsoe County",3,61,238,126,112
050,47,007,"Tennessee","Bledsoe County",3,62,232,129,103
050,47,007,"Tennessee","Bledsoe County",3,63,226,127,99
050,47,007,"Tennessee","Bledsoe County",3,64,228,120,108
050,47,007,"Tennessee","Bledsoe County",3,65,207,115,92
050,47,007,"Tennessee","Bledsoe County",3,66,190,99,91
050,47,007,"Tennessee","Bledsoe County",3,67,186,90,96
050,47,007,"Tennessee","Bledsoe County",3,68,182,88,94
050,47,007,"Tennessee","Bledsoe County",3,69,167,86,81
050,47,007,"Tennessee","Bledsoe County",3,70,176,96,80
050,47,007,"Tennessee","Bledsoe County",3,71,176,92,84
050,47,007,"Tennessee","Bledsoe County",3,72,167,85,82
050,47,007,"Tennessee","Bledsoe County",3,73,162,80,82
050,47,007,"Tennessee","Bledsoe County",3,74,168,80,88
050,47,007,"Tennessee","Bledsoe County",3,75,123,58,65
050,47,007,"Tennessee","Bledsoe County",3,76,119,65,54
050,47,007,"Tennessee","Bledsoe County",3,77,115,66,49
050,47,007,"Tennessee","Bledsoe County",3,78,120,67,53
050,47,007,"Tennessee","Bledsoe County",3,79,89,41,48
050,47,007,"Tennessee","Bledsoe County",3,80,84,43,41
050,47,007,"Tennessee","Bledsoe County",3,81,86,37,49
050,47,007,"Tennessee","Bledsoe County",3,82,80,36,44
050,47,007,"Tennessee","Bledsoe County",3,83,66,33,33
050,47,007,"Tennessee","Bledsoe County",3,84,61,28,33
050,47,007,"Tennessee","Bledsoe County",3,85,254,105,149
050,47,007,"Tennessee","Bledsoe County",4,0,129,65,64
050,47,007,"Tennessee","Bledsoe County",4,1,126,65,61
050,47,007,"Tennessee","Bledsoe County",4,2,123,62,61
050,47,007,"Tennessee","Bledsoe County",4,3,112,53,59
050,47,007,"Tennessee","Bledsoe County",4,4,121,62,59
050,47,007,"Tennessee","Bledsoe County",4,5,115,64,51
050,47,007,"Tennessee","Bledsoe County",4,6,121,63,58
050,47,007,"Tennessee","Bledsoe County",4,7,124,57,67
050,47,007,"Tennessee","Bledsoe County",4,8,118,63,55
050,47,007,"Tennessee","Bledsoe County",4,9,114,60,54
050,47,007,"Tennessee","Bledsoe County",4,10,126,69,57
050,47,007,"Tennessee","Bledsoe County",4,11,126,66,60
050,47,007,"Tennessee","Bledsoe County",4,12,128,73,55
050,47,007,"Tennessee","Bledsoe County",4,13,133,78,55
050,47,007,"Tennessee","Bledsoe County",4,14,137,73,64
050,47,007,"Tennessee","Bledsoe County",4,15,154,83,71
050,47,007,"Tennessee","Bledsoe County",4,16,129,68,61
050,47,007,"Tennessee","Bledsoe County",4,17,126,70,56
050,47,007,"Tennessee","Bledsoe County",4,18,115,60,55
050,47,007,"Tennessee","Bledsoe County",4,19,96,60,36
050,47,007,"Tennessee","Bledsoe County",4,20,109,66,43
050,47,007,"Tennessee","Bledsoe County",4,21,130,81,49
050,47,007,"Tennessee","Bledsoe County",4,22,144,78,66
050,47,007,"Tennessee","Bledsoe County",4,23,176,114,62
050,47,007,"Tennessee","Bledsoe County",4,24,144,82,62
050,47,007,"Tennessee","Bledsoe County",4,25,165,101,64
050,47,007,"Tennessee","Bledsoe County",4,26,184,115,69
050,47,007,"Tennessee","Bledsoe County",4,27,170,100,70
050,47,007,"Tennessee","Bledsoe County",4,28,187,117,70
050,47,007,"Tennessee","Bledsoe County",4,29,201,127,74
050,47,007,"Tennessee","Bledsoe County",4,30,195,127,68
050,47,007,"Tennessee","Bledsoe County",4,31,211,138,73
050,47,007,"Tennessee","Bledsoe County",4,32,246,167,79
050,47,007,"Tennessee","Bledsoe County",4,33,202,136,66
050,47,007,"Tennessee","Bledsoe County",4,34,188,111,77
050,47,007,"Tennessee","Bledsoe County",4,35,168,106,62
050,47,007,"Tennessee","Bledsoe County",4,36,189,126,63
050,47,007,"Tennessee","Bledsoe County",4,37,204,146,58
050,47,007,"Tennessee","Bledsoe County",4,38,196,129,67
050,47,007,"Tennessee","Bledsoe County",4,39,198,130,68
050,47,007,"Tennessee","Bledsoe County",4,40,227,150,77
050,47,007,"Tennessee","Bledsoe County",4,41,206,120,86
050,47,007,"Tennessee","Bledsoe County",4,42,201,125,76
050,47,007,"Tennessee","Bledsoe County",4,43,230,153,77
050,47,007,"Tennessee","Bledsoe County",4,44,215,128,87
050,47,007,"Tennessee","Bledsoe County",4,45,210,129,81
050,47,007,"Tennessee","Bledsoe County",4,46,198,117,81
050,47,007,"Tennessee","Bledsoe County",4,47,199,119,80
050,47,007,"Tennessee","Bledsoe County",4,48,216,130,86
050,47,007,"Tennessee","Bledsoe County",4,49,201,111,90
050,47,007,"Tennessee","Bledsoe County",4,50,198,113,85
050,47,007,"Tennessee","Bledsoe County",4,51,201,115,86
050,47,007,"Tennessee","Bledsoe County",4,52,214,127,87
050,47,007,"Tennessee","Bledsoe County",4,53,220,126,94
050,47,007,"Tennessee","Bledsoe County",4,54,222,130,92
050,47,007,"Tennessee","Bledsoe County",4,55,235,128,107
050,47,007,"Tennessee","Bledsoe County",4,56,231,117,114
050,47,007,"Tennessee","Bledsoe County",4,57,221,121,100
050,47,007,"Tennessee","Bledsoe County",4,58,236,135,101
050,47,007,"Tennessee","Bledsoe County",4,59,265,142,123
050,47,007,"Tennessee","Bledsoe County",4,60,266,139,127
050,47,007,"Tennessee","Bledsoe County",4,61,264,140,124
050,47,007,"Tennessee","Bledsoe County",4,62,239,126,113
050,47,007,"Tennessee","Bledsoe County",4,63,251,140,111
050,47,007,"Tennessee","Bledsoe County",4,64,207,115,92
050,47,007,"Tennessee","Bledsoe County",4,65,233,124,109
050,47,007,"Tennessee","Bledsoe County",4,66,208,117,91
050,47,007,"Tennessee","Bledsoe County",4,67,200,103,97
050,47,007,"Tennessee","Bledsoe County",4,68,196,93,103
050,47,007,"Tennessee","Bledsoe County",4,69,180,87,93
050,47,007,"Tennessee","Bledsoe County",4,70,163,82,81
050,47,007,"Tennessee","Bledsoe County",4,71,166,91,75
050,47,007,"Tennessee","Bledsoe County",4,72,172,89,83
050,47,007,"Tennessee","Bledsoe County",4,73,165,80,85
050,47,007,"Tennessee","Bledsoe County",4,74,170,84,86
050,47,007,"Tennessee","Bledsoe County",4,75,157,70,87
050,47,007,"Tennessee","Bledsoe County",4,76,133,65,68
050,47,007,"Tennessee","Bledsoe County",4,77,107,59,48
050,47,007,"Tennessee","Bledsoe County",4,78,126,70,56
050,47,007,"Tennessee","Bledsoe County",4,79,107,61,46
050,47,007,"Tennessee","Bledsoe County",4,80,87,41,46
050,47,007,"Tennessee","Bledsoe County",4,81,87,41,46
050,47,007,"Tennessee","Bledsoe County",4,82,85,36,49
050,47,007,"Tennessee","Bledsoe County",4,83,73,38,35
050,47,007,"Tennessee","Bledsoe County",4,84,81,35,46
050,47,007,"Tennessee","Bledsoe County",4,85,275,119,156
050,47,007,"Tennessee","Bledsoe County",5,0,127,65,62
050,47,007,"Tennessee","Bledsoe County",5,1,147,67,80
050,47,007,"Tennessee","Bledsoe County",5,2,120,56,64
050,47,007,"Tennessee","Bledsoe County",5,3,119,61,58
050,47,007,"Tennessee","Bledsoe County",5,4,116,54,62
050,47,007,"Tennessee","Bledsoe County",5,5,115,60,55
050,47,007,"Tennessee","Bledsoe County",5,6,122,69,53
050,47,007,"Tennessee","Bledsoe County",5,7,122,65,57
050,47,007,"Tennessee","Bledsoe County",5,8,136,65,71
050,47,007,"Tennessee","Bledsoe County",5,9,119,63,56
050,47,007,"Tennessee","Bledsoe County",5,10,121,62,59
050,47,007,"Tennessee","Bledsoe County",5,11,127,67,60
050,47,007,"Tennessee","Bledsoe County",5,12,128,73,55
050,47,007,"Tennessee","Bledsoe County",5,13,128,73,55
050,47,007,"Tennessee","Bledsoe County",5,14,131,76,55
050,47,007,"Tennessee","Bledsoe County",5,15,143,73,70
050,47,007,"Tennessee","Bledsoe County",5,16,161,89,72
050,47,007,"Tennessee","Bledsoe County",5,17,137,74,63
050,47,007,"Tennessee","Bledsoe County",5,18,109,62,47
050,47,007,"Tennessee","Bledsoe County",5,19,106,57,49
050,47,007,"Tennessee","Bledsoe County",5,20,112,66,46
050,47,007,"Tennessee","Bledsoe County",5,21,139,87,52
050,47,007,"Tennessee","Bledsoe County",5,22,134,75,59
050,47,007,"Tennessee","Bledsoe County",5,23,175,107,68
050,47,007,"Tennessee","Bledsoe County",5,24,154,89,65
050,47,007,"Tennessee","Bledsoe County",5,25,155,96,59
050,47,007,"Tennessee","Bledsoe County",5,26,181,111,70
050,47,007,"Tennessee","Bledsoe County",5,27,184,115,69
050,47,007,"Tennessee","Bledsoe County",5,28,174,110,64
050,47,007,"Tennessee","Bledsoe County",5,29,194,124,70
050,47,007,"Tennessee","Bledsoe County",5,30,199,128,71
050,47,007,"Tennessee","Bledsoe County",5,31,189,121,68
050,47,007,"Tennessee","Bledsoe County",5,32,236,164,72
050,47,007,"Tennessee","Bledsoe County",5,33,235,151,84
050,47,007,"Tennessee","Bledsoe County",5,34,186,116,70
050,47,007,"Tennessee","Bledsoe County",5,35,203,121,82
050,47,007,"Tennessee","Bledsoe County",5,36,179,113,66
050,47,007,"Tennessee","Bledsoe County",5,37,202,135,67
050,47,007,"Tennessee","Bledsoe County",5,38,183,126,57
050,47,007,"Tennessee","Bledsoe County",5,39,227,151,76
050,47,007,"Tennessee","Bledsoe County",5,40,199,124,75
050,47,007,"Tennessee","Bledsoe County",5,41,212,132,80
050,47,007,"Tennessee","Bledsoe County",5,42,219,138,81
050,47,007,"Tennessee","Bledsoe County",5,43,229,146,83
050,47,007,"Tennessee","Bledsoe County",5,44,216,144,72
050,47,007,"Tennessee","Bledsoe County",5,45,218,134,84
050,47,007,"Tennessee","Bledsoe County",5,46,203,128,75
050,47,007,"Tennessee","Bledsoe County",5,47,198,114,84
050,47,007,"Tennessee","Bledsoe County",5,48,211,129,82
050,47,007,"Tennessee","Bledsoe County",5,49,200,112,88
050,47,007,"Tennessee","Bledsoe County",5,50,211,115,96
050,47,007,"Tennessee","Bledsoe County",5,51,204,113,91
050,47,007,"Tennessee","Bledsoe County",5,52,204,122,82
050,47,007,"Tennessee","Bledsoe County",5,53,214,127,87
050,47,007,"Tennessee","Bledsoe County",5,54,208,120,88
050,47,007,"Tennessee","Bledsoe County",5,55,235,135,100
050,47,007,"Tennessee","Bledsoe County",5,56,219,116,103
050,47,007,"Tennessee","Bledsoe County",5,57,238,122,116
050,47,007,"Tennessee","Bledsoe County",5,58,226,120,106
050,47,007,"Tennessee","Bledsoe County",5,59,260,149,111
050,47,007,"Tennessee","Bledsoe County",5,60,266,138,128
050,47,007,"Tennessee","Bledsoe County",5,61,263,138,125
050,47,007,"Tennessee","Bledsoe County",5,62,266,140,126
050,47,007,"Tennessee","Bledsoe County",5,63,251,133,118
050,47,007,"Tennessee","Bledsoe County",5,64,233,126,107
050,47,007,"Tennessee","Bledsoe County",5,65,203,117,86
050,47,007,"Tennessee","Bledsoe County",5,66,238,125,113
050,47,007,"Tennessee","Bledsoe County",5,67,215,123,92
050,47,007,"Tennessee","Bledsoe County",5,68,197,107,90
050,47,007,"Tennessee","Bledsoe County",5,69,190,88,102
050,47,007,"Tennessee","Bledsoe County",5,70,182,88,94
050,47,007,"Tennessee","Bledsoe County",5,71,153,79,74
050,47,007,"Tennessee","Bledsoe County",5,72,170,96,74
050,47,007,"Tennessee","Bledsoe County",5,73,174,90,84
050,47,007,"Tennessee","Bledsoe County",5,74,168,79,89
050,47,007,"Tennessee","Bledsoe County",5,75,152,75,77
050,47,007,"Tennessee","Bledsoe County",5,76,159,75,84
050,47,007,"Tennessee","Bledsoe County",5,77,114,58,56
050,47,007,"Tennessee","Bledsoe County",5,78,115,61,54
050,47,007,"Tennessee","Bledsoe County",5,79,104,57,47
050,47,007,"Tennessee","Bledsoe County",5,80,104,59,45
050,47,007,"Tennessee","Bledsoe County",5,81,91,39,52
050,47,007,"Tennessee","Bledsoe County",5,82,84,39,45
050,47,007,"Tennessee","Bledsoe County",5,83,77,37,40
050,47,007,"Tennessee","Bledsoe County",5,84,87,41,46
050,47,007,"Tennessee","Bledsoe County",5,85,305,137,168
050,47,009,"Tennessee","Blount County",1,0,1276,647,629
050,47,009,"Tennessee","Blount County",1,1,1288,657,631
050,47,009,"Tennessee","Blount County",1,2,1344,670,674
050,47,009,"Tennessee","Blount County",1,3,1337,680,657
050,47,009,"Tennessee","Blount County",1,4,1376,723,653
050,47,009,"Tennessee","Blount County",1,5,1450,756,694
050,47,009,"Tennessee","Blount County",1,6,1424,753,671
050,47,009,"Tennessee","Blount County",1,7,1477,750,727
050,47,009,"Tennessee","Blount County",1,8,1509,764,745
050,47,009,"Tennessee","Blount County",1,9,1469,735,734
050,47,009,"Tennessee","Blount County",1,10,1548,778,770
050,47,009,"Tennessee","Blount County",1,11,1611,811,800
050,47,009,"Tennessee","Blount County",1,12,1697,868,829
050,47,009,"Tennessee","Blount County",1,13,1679,872,807
050,47,009,"Tennessee","Blount County",1,14,1662,855,807
050,47,009,"Tennessee","Blount County",1,15,1678,870,808
050,47,009,"Tennessee","Blount County",1,16,1695,876,819
050,47,009,"Tennessee","Blount County",1,17,1660,842,818
050,47,009,"Tennessee","Blount County",1,18,1533,783,750
050,47,009,"Tennessee","Blount County",1,19,1411,734,677
050,47,009,"Tennessee","Blount County",1,20,1422,744,678
050,47,009,"Tennessee","Blount County",1,21,1466,738,728
050,47,009,"Tennessee","Blount County",1,22,1443,722,721
050,47,009,"Tennessee","Blount County",1,23,1480,739,741
050,47,009,"Tennessee","Blount County",1,24,1524,778,746
050,47,009,"Tennessee","Blount County",1,25,1605,817,788
050,47,009,"Tennessee","Blount County",1,26,1610,841,769
050,47,009,"Tennessee","Blount County",1,27,1662,856,806
050,47,009,"Tennessee","Blount County",1,28,1690,856,834
050,47,009,"Tennessee","Blount County",1,29,1762,870,892
050,47,009,"Tennessee","Blount County",1,30,1728,862,866
050,47,009,"Tennessee","Blount County",1,31,1677,838,839
050,47,009,"Tennessee","Blount County",1,32,1520,749,771
050,47,009,"Tennessee","Blount County",1,33,1523,771,752
050,47,009,"Tennessee","Blount County",1,34,1539,777,762
050,47,009,"Tennessee","Blount County",1,35,1481,727,754
050,47,009,"Tennessee","Blount County",1,36,1510,747,763
050,47,009,"Tennessee","Blount County",1,37,1542,754,788
050,47,009,"Tennessee","Blount County",1,38,1598,751,847
050,47,009,"Tennessee","Blount County",1,39,1637,813,824
050,47,009,"Tennessee","Blount County",1,40,1650,845,805
050,47,009,"Tennessee","Blount County",1,41,1599,787,812
050,47,009,"Tennessee","Blount County",1,42,1593,778,815
050,47,009,"Tennessee","Blount County",1,43,1571,781,790
050,47,009,"Tennessee","Blount County",1,44,1548,752,796
050,47,009,"Tennessee","Blount County",1,45,1595,782,813
050,47,009,"Tennessee","Blount County",1,46,1599,778,821
050,47,009,"Tennessee","Blount County",1,47,1655,814,841
050,47,009,"Tennessee","Blount County",1,48,1906,952,954
050,47,009,"Tennessee","Blount County",1,49,2051,1007,1044
050,47,009,"Tennessee","Blount County",1,50,1916,965,951
050,47,009,"Tennessee","Blount County",1,51,1882,919,963
050,47,009,"Tennessee","Blount County",1,52,1856,917,939
050,47,009,"Tennessee","Blount County",1,53,1928,948,980
050,47,009,"Tennessee","Blount County",1,54,1938,940,998
050,47,009,"Tennessee","Blount County",1,55,1968,940,1028
050,47,009,"Tennessee","Blount County",1,56,2088,998,1090
050,47,009,"Tennessee","Blount County",1,57,2095,1007,1088
050,47,009,"Tennessee","Blount County",1,58,2046,999,1047
050,47,009,"Tennessee","Blount County",1,59,2064,1014,1050
050,47,009,"Tennessee","Blount County",1,60,1974,987,987
050,47,009,"Tennessee","Blount County",1,61,1922,951,971
050,47,009,"Tennessee","Blount County",1,62,1969,960,1009
050,47,009,"Tennessee","Blount County",1,63,1870,905,965
050,47,009,"Tennessee","Blount County",1,64,1854,855,999
050,47,009,"Tennessee","Blount County",1,65,1842,846,996
050,47,009,"Tennessee","Blount County",1,66,1823,870,953
050,47,009,"Tennessee","Blount County",1,67,1855,855,1000
050,47,009,"Tennessee","Blount County",1,68,1744,806,938
050,47,009,"Tennessee","Blount County",1,69,1659,790,869
050,47,009,"Tennessee","Blount County",1,70,1588,753,835
050,47,009,"Tennessee","Blount County",1,71,1600,754,846
050,47,009,"Tennessee","Blount County",1,72,1675,765,910
050,47,009,"Tennessee","Blount County",1,73,1667,807,860
050,47,009,"Tennessee","Blount County",1,74,1138,540,598
050,47,009,"Tennessee","Blount County",1,75,1134,511,623
050,47,009,"Tennessee","Blount County",1,76,1139,539,600
050,47,009,"Tennessee","Blount County",1,77,1153,557,596
050,47,009,"Tennessee","Blount County",1,78,977,447,530
050,47,009,"Tennessee","Blount County",1,79,832,369,463
050,47,009,"Tennessee","Blount County",1,80,745,330,415
050,47,009,"Tennessee","Blount County",1,81,702,315,387
050,47,009,"Tennessee","Blount County",1,82,610,275,335
050,47,009,"Tennessee","Blount County",1,83,515,231,284
050,47,009,"Tennessee","Blount County",1,84,498,200,298
050,47,009,"Tennessee","Blount County",1,85,2711,989,1722
050,47,009,"Tennessee","Blount County",2,0,1276,645,631
050,47,009,"Tennessee","Blount County",2,1,1292,658,634
050,47,009,"Tennessee","Blount County",2,2,1338,672,666
050,47,009,"Tennessee","Blount County",2,3,1345,682,663
050,47,009,"Tennessee","Blount County",2,4,1384,722,662
050,47,009,"Tennessee","Blount County",2,5,1437,749,688
050,47,009,"Tennessee","Blount County",2,6,1445,759,686
050,47,009,"Tennessee","Blount County",2,7,1468,754,714
050,47,009,"Tennessee","Blount County",2,8,1506,764,742
050,47,009,"Tennessee","Blount County",2,9,1488,747,741
050,47,009,"Tennessee","Blount County",2,10,1531,769,762
050,47,009,"Tennessee","Blount County",2,11,1597,806,791
050,47,009,"Tennessee","Blount County",2,12,1690,863,827
050,47,009,"Tennessee","Blount County",2,13,1685,872,813
050,47,009,"Tennessee","Blount County",2,14,1669,861,808
050,47,009,"Tennessee","Blount County",2,15,1674,868,806
050,47,009,"Tennessee","Blount County",2,16,1692,878,814
050,47,009,"Tennessee","Blount County",2,17,1669,851,818
050,47,009,"Tennessee","Blount County",2,18,1517,778,739
050,47,009,"Tennessee","Blount County",2,19,1407,730,677
050,47,009,"Tennessee","Blount County",2,20,1455,760,695
050,47,009,"Tennessee","Blount County",2,21,1474,744,730
050,47,009,"Tennessee","Blount County",2,22,1458,733,725
050,47,009,"Tennessee","Blount County",2,23,1475,736,739
050,47,009,"Tennessee","Blount County",2,24,1525,780,745
050,47,009,"Tennessee","Blount County",2,25,1588,812,776
050,47,009,"Tennessee","Blount County",2,26,1626,844,782
050,47,009,"Tennessee","Blount County",2,27,1655,859,796
050,47,009,"Tennessee","Blount County",2,28,1690,857,833
050,47,009,"Tennessee","Blount County",2,29,1753,869,884
050,47,009,"Tennessee","Blount County",2,30,1754,870,884
050,47,009,"Tennessee","Blount County",2,31,1694,847,847
050,47,009,"Tennessee","Blount County",2,32,1558,768,790
050,47,009,"Tennessee","Blount County",2,33,1514,765,749
050,47,009,"Tennessee","Blount County",2,34,1538,775,763
050,47,009,"Tennessee","Blount County",2,35,1506,743,763
050,47,009,"Tennessee","Blount County",2,36,1510,742,768
050,47,009,"Tennessee","Blount County",2,37,1546,757,789
050,47,009,"Tennessee","Blount County",2,38,1598,759,839
050,47,009,"Tennessee","Blount County",2,39,1632,804,828
050,47,009,"Tennessee","Blount County",2,40,1658,843,815
050,47,009,"Tennessee","Blount County",2,41,1618,804,814
050,47,009,"Tennessee","Blount County",2,42,1589,776,813
050,47,009,"Tennessee","Blount County",2,43,1596,794,802
050,47,009,"Tennessee","Blount County",2,44,1534,750,784
050,47,009,"Tennessee","Blount County",2,45,1595,783,812
050,47,009,"Tennessee","Blount County",2,46,1595,775,820
050,47,009,"Tennessee","Blount County",2,47,1635,804,831
050,47,009,"Tennessee","Blount County",2,48,1844,916,928
050,47,009,"Tennessee","Blount County",2,49,2019,991,1028
050,47,009,"Tennessee","Blount County",2,50,1960,983,977
050,47,009,"Tennessee","Blount County",2,51,1888,931,957
050,47,009,"Tennessee","Blount County",2,52,1855,916,939
050,47,009,"Tennessee","Blount County",2,53,1918,945,973
050,47,009,"Tennessee","Blount County",2,54,1936,940,996
050,47,009,"Tennessee","Blount County",2,55,1972,946,1026
050,47,009,"Tennessee","Blount County",2,56,2073,991,1082
050,47,009,"Tennessee","Blount County",2,57,2102,1008,1094
050,47,009,"Tennessee","Blount County",2,58,2053,997,1056
050,47,009,"Tennessee","Blount County",2,59,2074,1018,1056
050,47,009,"Tennessee","Blount County",2,60,1987,988,999
050,47,009,"Tennessee","Blount County",2,61,1942,960,982
050,47,009,"Tennessee","Blount County",2,62,1963,960,1003
050,47,009,"Tennessee","Blount County",2,63,1920,932,988
050,47,009,"Tennessee","Blount County",2,64,1846,862,984
050,47,009,"Tennessee","Blount County",2,65,1841,846,995
050,47,009,"Tennessee","Blount County",2,66,1829,867,962
050,47,009,"Tennessee","Blount County",2,67,1842,855,987
050,47,009,"Tennessee","Blount County",2,68,1762,812,950
050,47,009,"Tennessee","Blount County",2,69,1693,798,895
050,47,009,"Tennessee","Blount County",2,70,1602,761,841
050,47,009,"Tennessee","Blount County",2,71,1588,749,839
050,47,009,"Tennessee","Blount County",2,72,1628,749,879
050,47,009,"Tennessee","Blount County",2,73,1753,836,917
050,47,009,"Tennessee","Blount County",2,74,1180,561,619
050,47,009,"Tennessee","Blount County",2,75,1140,520,620
050,47,009,"Tennessee","Blount County",2,76,1122,524,598
050,47,009,"Tennessee","Blount County",2,77,1164,563,601
050,47,009,"Tennessee","Blount County",2,78,990,460,530
050,47,009,"Tennessee","Blount County",2,79,854,383,471
050,47,009,"Tennessee","Blount County",2,80,760,335,425
050,47,009,"Tennessee","Blount County",2,81,710,319,391
050,47,009,"Tennessee","Blount County",2,82,621,278,343
050,47,009,"Tennessee","Blount County",2,83,527,232,295
050,47,009,"Tennessee","Blount County",2,84,497,207,290
050,47,009,"Tennessee","Blount County",2,85,2723,993,1730
050,47,009,"Tennessee","Blount County",3,0,1228,611,617
050,47,009,"Tennessee","Blount County",3,1,1350,697,653
050,47,009,"Tennessee","Blount County",3,2,1359,693,666
050,47,009,"Tennessee","Blount County",3,3,1391,695,696
050,47,009,"Tennessee","Blount County",3,4,1410,726,684
050,47,009,"Tennessee","Blount County",3,5,1420,732,688
050,47,009,"Tennessee","Blount County",3,6,1502,782,720
050,47,009,"Tennessee","Blount County",3,7,1470,762,708
050,47,009,"Tennessee","Blount County",3,8,1528,784,744
050,47,009,"Tennessee","Blount County",3,9,1540,776,764
050,47,009,"Tennessee","Blount County",3,10,1532,778,754
050,47,009,"Tennessee","Blount County",3,11,1568,797,771
050,47,009,"Tennessee","Blount County",3,12,1652,844,808
050,47,009,"Tennessee","Blount County",3,13,1697,856,841
050,47,009,"Tennessee","Blount County",3,14,1707,881,826
050,47,009,"Tennessee","Blount County",3,15,1715,882,833
050,47,009,"Tennessee","Blount County",3,16,1676,864,812
050,47,009,"Tennessee","Blount County",3,17,1693,867,826
050,47,009,"Tennessee","Blount County",3,18,1517,802,715
050,47,009,"Tennessee","Blount County",3,19,1353,709,644
050,47,009,"Tennessee","Blount County",3,20,1493,764,729
050,47,009,"Tennessee","Blount County",3,21,1502,769,733
050,47,009,"Tennessee","Blount County",3,22,1515,772,743
050,47,009,"Tennessee","Blount County",3,23,1460,729,731
050,47,009,"Tennessee","Blount County",3,24,1521,758,763
050,47,009,"Tennessee","Blount County",3,25,1556,785,771
050,47,009,"Tennessee","Blount County",3,26,1616,814,802
050,47,009,"Tennessee","Blount County",3,27,1682,869,813
050,47,009,"Tennessee","Blount County",3,28,1714,879,835
050,47,009,"Tennessee","Blount County",3,29,1690,865,825
050,47,009,"Tennessee","Blount County",3,30,1796,891,905
050,47,009,"Tennessee","Blount County",3,31,1826,919,907
050,47,009,"Tennessee","Blount County",3,32,1731,850,881
050,47,009,"Tennessee","Blount County",3,33,1580,797,783
050,47,009,"Tennessee","Blount County",3,34,1528,759,769
050,47,009,"Tennessee","Blount County",3,35,1586,819,767
050,47,009,"Tennessee","Blount County",3,36,1546,738,808
050,47,009,"Tennessee","Blount County",3,37,1535,766,769
050,47,009,"Tennessee","Blount County",3,38,1546,757,789
050,47,009,"Tennessee","Blount County",3,39,1679,808,871
050,47,009,"Tennessee","Blount County",3,40,1664,811,853
050,47,009,"Tennessee","Blount County",3,41,1713,877,836
050,47,009,"Tennessee","Blount County",3,42,1678,836,842
050,47,009,"Tennessee","Blount County",3,43,1624,793,831
050,47,009,"Tennessee","Blount County",3,44,1584,793,791
050,47,009,"Tennessee","Blount County",3,45,1536,750,786
050,47,009,"Tennessee","Blount County",3,46,1631,786,845
050,47,009,"Tennessee","Blount County",3,47,1620,796,824
050,47,009,"Tennessee","Blount County",3,48,1656,817,839
050,47,009,"Tennessee","Blount County",3,49,1816,884,932
050,47,009,"Tennessee","Blount County",3,50,2079,1027,1052
050,47,009,"Tennessee","Blount County",3,51,2001,1005,996
050,47,009,"Tennessee","Blount County",3,52,1887,937,950
050,47,009,"Tennessee","Blount County",3,53,1856,921,935
050,47,009,"Tennessee","Blount County",3,54,1965,961,1004
050,47,009,"Tennessee","Blount County",3,55,1944,943,1001
050,47,009,"Tennessee","Blount County",3,56,1992,944,1048
050,47,009,"Tennessee","Blount County",3,57,2115,1019,1096
050,47,009,"Tennessee","Blount County",3,58,2127,1026,1101
050,47,009,"Tennessee","Blount County",3,59,2090,1024,1066
050,47,009,"Tennessee","Blount County",3,60,2105,1026,1079
050,47,009,"Tennessee","Blount County",3,61,2027,999,1028
050,47,009,"Tennessee","Blount County",3,62,1937,953,984
050,47,009,"Tennessee","Blount County",3,63,1976,951,1025
050,47,009,"Tennessee","Blount County",3,64,1932,938,994
050,47,009,"Tennessee","Blount County",3,65,1863,861,1002
050,47,009,"Tennessee","Blount County",3,66,1852,851,1001
050,47,009,"Tennessee","Blount County",3,67,1834,867,967
050,47,009,"Tennessee","Blount County",3,68,1842,849,993
050,47,009,"Tennessee","Blount County",3,69,1762,814,948
050,47,009,"Tennessee","Blount County",3,70,1672,785,887
050,47,009,"Tennessee","Blount County",3,71,1583,753,830
050,47,009,"Tennessee","Blount County",3,72,1588,742,846
050,47,009,"Tennessee","Blount County",3,73,1594,734,860
050,47,009,"Tennessee","Blount County",3,74,1700,813,887
050,47,009,"Tennessee","Blount County",3,75,1159,550,609
050,47,009,"Tennessee","Blount County",3,76,1116,504,612
050,47,009,"Tennessee","Blount County",3,77,1077,500,577
050,47,009,"Tennessee","Blount County",3,78,1113,537,576
050,47,009,"Tennessee","Blount County",3,79,936,432,504
050,47,009,"Tennessee","Blount County",3,80,791,358,433
050,47,009,"Tennessee","Blount County",3,81,730,316,414
050,47,009,"Tennessee","Blount County",3,82,649,285,364
050,47,009,"Tennessee","Blount County",3,83,573,251,322
050,47,009,"Tennessee","Blount County",3,84,487,208,279
050,47,009,"Tennessee","Blount County",3,85,2725,1036,1689
050,47,009,"Tennessee","Blount County",4,0,1289,624,665
050,47,009,"Tennessee","Blount County",4,1,1277,624,653
050,47,009,"Tennessee","Blount County",4,2,1374,696,678
050,47,009,"Tennessee","Blount County",4,3,1409,720,689
050,47,009,"Tennessee","Blount County",4,4,1411,723,688
050,47,009,"Tennessee","Blount County",4,5,1446,743,703
050,47,009,"Tennessee","Blount County",4,6,1488,761,727
050,47,009,"Tennessee","Blount County",4,7,1555,818,737
050,47,009,"Tennessee","Blount County",4,8,1521,821,700
050,47,009,"Tennessee","Blount County",4,9,1559,796,763
050,47,009,"Tennessee","Blount County",4,10,1601,819,782
050,47,009,"Tennessee","Blount County",4,11,1579,805,774
050,47,009,"Tennessee","Blount County",4,12,1619,828,791
050,47,009,"Tennessee","Blount County",4,13,1682,841,841
050,47,009,"Tennessee","Blount County",4,14,1756,896,860
050,47,009,"Tennessee","Blount County",4,15,1766,904,862
050,47,009,"Tennessee","Blount County",4,16,1746,909,837
050,47,009,"Tennessee","Blount County",4,17,1709,880,829
050,47,009,"Tennessee","Blount County",4,18,1513,783,730
050,47,009,"Tennessee","Blount County",4,19,1304,688,616
050,47,009,"Tennessee","Blount County",4,20,1415,739,676
050,47,009,"Tennessee","Blount County",4,21,1534,764,770
050,47,009,"Tennessee","Blount County",4,22,1514,772,742
050,47,009,"Tennessee","Blount County",4,23,1525,771,754
050,47,009,"Tennessee","Blount County",4,24,1546,769,777
050,47,009,"Tennessee","Blount County",4,25,1527,767,760
050,47,009,"Tennessee","Blount County",4,26,1604,810,794
050,47,009,"Tennessee","Blount County",4,27,1662,839,823
050,47,009,"Tennessee","Blount County",4,28,1691,873,818
050,47,009,"Tennessee","Blount County",4,29,1735,887,848
050,47,009,"Tennessee","Blount County",4,30,1784,914,870
050,47,009,"Tennessee","Blount County",4,31,1808,896,912
050,47,009,"Tennessee","Blount County",4,32,1862,936,926
050,47,009,"Tennessee","Blount County",4,33,1755,864,891
050,47,009,"Tennessee","Blount County",4,34,1625,811,814
050,47,009,"Tennessee","Blount County",4,35,1573,792,781
050,47,009,"Tennessee","Blount County",4,36,1631,816,815
050,47,009,"Tennessee","Blount County",4,37,1571,742,829
050,47,009,"Tennessee","Blount County",4,38,1580,779,801
050,47,009,"Tennessee","Blount County",4,39,1623,804,819
050,47,009,"Tennessee","Blount County",4,40,1691,810,881
050,47,009,"Tennessee","Blount County",4,41,1732,859,873
050,47,009,"Tennessee","Blount County",4,42,1735,876,859
050,47,009,"Tennessee","Blount County",4,43,1704,843,861
050,47,009,"Tennessee","Blount County",4,44,1637,804,833
050,47,009,"Tennessee","Blount County",4,45,1617,807,810
050,47,009,"Tennessee","Blount County",4,46,1580,772,808
050,47,009,"Tennessee","Blount County",4,47,1682,824,858
050,47,009,"Tennessee","Blount County",4,48,1659,828,831
050,47,009,"Tennessee","Blount County",4,49,1676,809,867
050,47,009,"Tennessee","Blount County",4,50,1869,927,942
050,47,009,"Tennessee","Blount County",4,51,2085,1020,1065
050,47,009,"Tennessee","Blount County",4,52,2044,1013,1031
050,47,009,"Tennessee","Blount County",4,53,1922,966,956
050,47,009,"Tennessee","Blount County",4,54,1880,922,958
050,47,009,"Tennessee","Blount County",4,55,1985,988,997
050,47,009,"Tennessee","Blount County",4,56,1955,942,1013
050,47,009,"Tennessee","Blount County",4,57,2050,962,1088
050,47,009,"Tennessee","Blount County",4,58,2161,1054,1107
050,47,009,"Tennessee","Blount County",4,59,2169,1066,1103
050,47,009,"Tennessee","Blount County",4,60,2092,1015,1077
050,47,009,"Tennessee","Blount County",4,61,2131,1037,1094
050,47,009,"Tennessee","Blount County",4,62,2042,1003,1039
050,47,009,"Tennessee","Blount County",4,63,1982,989,993
050,47,009,"Tennessee","Blount County",4,64,1988,971,1017
050,47,009,"Tennessee","Blount County",4,65,1964,934,1030
050,47,009,"Tennessee","Blount County",4,66,1877,870,1007
050,47,009,"Tennessee","Blount County",4,67,1845,856,989
050,47,009,"Tennessee","Blount County",4,68,1835,857,978
050,47,009,"Tennessee","Blount County",4,69,1846,861,985
050,47,009,"Tennessee","Blount County",4,70,1746,797,949
050,47,009,"Tennessee","Blount County",4,71,1658,770,888
050,47,009,"Tennessee","Blount County",4,72,1555,739,816
050,47,009,"Tennessee","Blount County",4,73,1555,721,834
050,47,009,"Tennessee","Blount County",4,74,1535,710,825
050,47,009,"Tennessee","Blount County",4,75,1677,790,887
050,47,009,"Tennessee","Blount County",4,76,1138,531,607
050,47,009,"Tennessee","Blount County",4,77,1067,480,587
050,47,009,"Tennessee","Blount County",4,78,1035,473,562
050,47,009,"Tennessee","Blount County",4,79,1059,517,542
050,47,009,"Tennessee","Blount County",4,80,891,400,491
050,47,009,"Tennessee","Blount County",4,81,757,343,414
050,47,009,"Tennessee","Blount County",4,82,667,286,381
050,47,009,"Tennessee","Blount County",4,83,583,261,322
050,47,009,"Tennessee","Blount County",4,84,524,227,297
050,47,009,"Tennessee","Blount County",4,85,2759,1069,1690
050,47,009,"Tennessee","Blount County",5,0,1290,620,670
050,47,009,"Tennessee","Blount County",5,1,1345,658,687
050,47,009,"Tennessee","Blount County",5,2,1319,631,688
050,47,009,"Tennessee","Blount County",5,3,1408,724,684
050,47,009,"Tennessee","Blount County",5,4,1435,728,707
050,47,009,"Tennessee","Blount County",5,5,1447,747,700
050,47,009,"Tennessee","Blount County",5,6,1504,762,742
050,47,009,"Tennessee","Blount County",5,7,1527,790,737
050,47,009,"Tennessee","Blount County",5,8,1599,838,761
050,47,009,"Tennessee","Blount County",5,9,1531,818,713
050,47,009,"Tennessee","Blount County",5,10,1602,817,785
050,47,009,"Tennessee","Blount County",5,11,1632,832,800
050,47,009,"Tennessee","Blount County",5,12,1596,820,776
050,47,009,"Tennessee","Blount County",5,13,1633,835,798
050,47,009,"Tennessee","Blount County",5,14,1722,859,863
050,47,009,"Tennessee","Blount County",5,15,1768,918,850
050,47,009,"Tennessee","Blount County",5,16,1755,899,856
050,47,009,"Tennessee","Blount County",5,17,1756,909,847
050,47,009,"Tennessee","Blount County",5,18,1508,802,706
050,47,009,"Tennessee","Blount County",5,19,1305,684,621
050,47,009,"Tennessee","Blount County",5,20,1423,754,669
050,47,009,"Tennessee","Blount County",5,21,1530,759,771
050,47,009,"Tennessee","Blount County",5,22,1599,819,780
050,47,009,"Tennessee","Blount County",5,23,1579,776,803
050,47,009,"Tennessee","Blount County",5,24,1582,826,756
050,47,009,"Tennessee","Blount County",5,25,1585,800,785
050,47,009,"Tennessee","Blount County",5,26,1579,790,789
050,47,009,"Tennessee","Blount County",5,27,1628,801,827
050,47,009,"Tennessee","Blount County",5,28,1678,847,831
050,47,009,"Tennessee","Blount County",5,29,1713,895,818
050,47,009,"Tennessee","Blount County",5,30,1765,874,891
050,47,009,"Tennessee","Blount County",5,31,1837,933,904
050,47,009,"Tennessee","Blount County",5,32,1883,936,947
050,47,009,"Tennessee","Blount County",5,33,1885,940,945
050,47,009,"Tennessee","Blount County",5,34,1766,885,881
050,47,009,"Tennessee","Blount County",5,35,1627,824,803
050,47,009,"Tennessee","Blount County",5,36,1608,790,818
050,47,009,"Tennessee","Blount County",5,37,1679,851,828
050,47,009,"Tennessee","Blount County",5,38,1603,757,846
050,47,009,"Tennessee","Blount County",5,39,1602,801,801
050,47,009,"Tennessee","Blount County",5,40,1666,823,843
050,47,009,"Tennessee","Blount County",5,41,1721,836,885
050,47,009,"Tennessee","Blount County",5,42,1723,840,883
050,47,009,"Tennessee","Blount County",5,43,1773,896,877
050,47,009,"Tennessee","Blount County",5,44,1706,840,866
050,47,009,"Tennessee","Blount County",5,45,1667,819,848
050,47,009,"Tennessee","Blount County",5,46,1643,821,822
050,47,009,"Tennessee","Blount County",5,47,1610,802,808
050,47,009,"Tennessee","Blount County",5,48,1710,837,873
050,47,009,"Tennessee","Blount County",5,49,1672,832,840
050,47,009,"Tennessee","Blount County",5,50,1723,826,897
050,47,009,"Tennessee","Blount County",5,51,1885,932,953
050,47,009,"Tennessee","Blount County",5,52,2110,1038,1072
050,47,009,"Tennessee","Blount County",5,53,2065,1022,1043
050,47,009,"Tennessee","Blount County",5,54,1950,975,975
050,47,009,"Tennessee","Blount County",5,55,1875,926,949
050,47,009,"Tennessee","Blount County",5,56,2002,998,1004
050,47,009,"Tennessee","Blount County",5,57,1996,951,1045
050,47,009,"Tennessee","Blount County",5,58,2062,980,1082
050,47,009,"Tennessee","Blount County",5,59,2192,1069,1123
050,47,009,"Tennessee","Blount County",5,60,2180,1052,1128
050,47,009,"Tennessee","Blount County",5,61,2122,1023,1099
050,47,009,"Tennessee","Blount County",5,62,2128,1041,1087
050,47,009,"Tennessee","Blount County",5,63,2054,996,1058
050,47,009,"Tennessee","Blount County",5,64,1987,991,996
050,47,009,"Tennessee","Blount County",5,65,2003,978,1025
050,47,009,"Tennessee","Blount County",5,66,1965,937,1028
050,47,009,"Tennessee","Blount County",5,67,1842,841,1001
050,47,009,"Tennessee","Blount County",5,68,1837,845,992
050,47,009,"Tennessee","Blount County",5,69,1822,854,968
050,47,009,"Tennessee","Blount County",5,70,1815,838,977
050,47,009,"Tennessee","Blount County",5,71,1722,779,943
050,47,009,"Tennessee","Blount County",5,72,1624,750,874
050,47,009,"Tennessee","Blount County",5,73,1530,722,808
050,47,009,"Tennessee","Blount County",5,74,1512,718,794
050,47,009,"Tennessee","Blount County",5,75,1492,682,810
050,47,009,"Tennessee","Blount County",5,76,1633,772,861
050,47,009,"Tennessee","Blount County",5,77,1079,504,575
050,47,009,"Tennessee","Blount County",5,78,1026,454,572
050,47,009,"Tennessee","Blount County",5,79,985,452,533
050,47,009,"Tennessee","Blount County",5,80,1012,490,522
050,47,009,"Tennessee","Blount County",5,81,854,386,468
050,47,009,"Tennessee","Blount County",5,82,702,318,384
050,47,009,"Tennessee","Blount County",5,83,611,259,352
050,47,009,"Tennessee","Blount County",5,84,542,233,309
050,47,009,"Tennessee","Blount County",5,85,2793,1124,1669
050,47,011,"Tennessee","Bradley County",1,0,1220,618,602
050,47,011,"Tennessee","Bradley County",1,1,1224,592,632
050,47,011,"Tennessee","Bradley County",1,2,1285,636,649
050,47,011,"Tennessee","Bradley County",1,3,1287,673,614
050,47,011,"Tennessee","Bradley County",1,4,1250,626,624
050,47,011,"Tennessee","Bradley County",1,5,1280,656,624
050,47,011,"Tennessee","Bradley County",1,6,1282,645,637
050,47,011,"Tennessee","Bradley County",1,7,1264,632,632
050,47,011,"Tennessee","Bradley County",1,8,1279,665,614
050,47,011,"Tennessee","Bradley County",1,9,1264,641,623
050,47,011,"Tennessee","Bradley County",1,10,1340,697,643
050,47,011,"Tennessee","Bradley County",1,11,1380,709,671
050,47,011,"Tennessee","Bradley County",1,12,1434,766,668
050,47,011,"Tennessee","Bradley County",1,13,1496,780,716
050,47,011,"Tennessee","Bradley County",1,14,1415,747,668
050,47,011,"Tennessee","Bradley County",1,15,1385,724,661
050,47,011,"Tennessee","Bradley County",1,16,1460,744,716
050,47,011,"Tennessee","Bradley County",1,17,1497,751,746
050,47,011,"Tennessee","Bradley County",1,18,1518,752,766
050,47,011,"Tennessee","Bradley County",1,19,1537,732,805
050,47,011,"Tennessee","Bradley County",1,20,1511,727,784
050,47,011,"Tennessee","Bradley County",1,21,1452,709,743
050,47,011,"Tennessee","Bradley County",1,22,1440,716,724
050,47,011,"Tennessee","Bradley County",1,23,1344,694,650
050,47,011,"Tennessee","Bradley County",1,24,1390,707,683
050,47,011,"Tennessee","Bradley County",1,25,1419,706,713
050,47,011,"Tennessee","Bradley County",1,26,1413,707,706
050,47,011,"Tennessee","Bradley County",1,27,1401,694,707
050,47,011,"Tennessee","Bradley County",1,28,1437,712,725
050,47,011,"Tennessee","Bradley County",1,29,1527,768,759
050,47,011,"Tennessee","Bradley County",1,30,1441,731,710
050,47,011,"Tennessee","Bradley County",1,31,1400,661,739
050,47,011,"Tennessee","Bradley County",1,32,1378,660,718
050,47,011,"Tennessee","Bradley County",1,33,1251,618,633
050,47,011,"Tennessee","Bradley County",1,34,1292,661,631
050,47,011,"Tennessee","Bradley County",1,35,1267,655,612
050,47,011,"Tennessee","Bradley County",1,36,1232,621,611
050,47,011,"Tennessee","Bradley County",1,37,1309,650,659
050,47,011,"Tennessee","Bradley County",1,38,1264,648,616
050,47,011,"Tennessee","Bradley County",1,39,1287,646,641
050,47,011,"Tennessee","Bradley County",1,40,1332,639,693
050,47,011,"Tennessee","Bradley County",1,41,1399,697,702
050,47,011,"Tennessee","Bradley County",1,42,1368,660,708
050,47,011,"Tennessee","Bradley County",1,43,1418,687,731
050,47,011,"Tennessee","Bradley County",1,44,1336,656,680
050,47,011,"Tennessee","Bradley County",1,45,1393,698,695
050,47,011,"Tennessee","Bradley County",1,46,1399,743,656
050,47,011,"Tennessee","Bradley County",1,47,1444,729,715
050,47,011,"Tennessee","Bradley County",1,48,1486,754,732
050,47,011,"Tennessee","Bradley County",1,49,1498,740,758
050,47,011,"Tennessee","Bradley County",1,50,1517,751,766
050,47,011,"Tennessee","Bradley County",1,51,1424,713,711
050,47,011,"Tennessee","Bradley County",1,52,1404,702,702
050,47,011,"Tennessee","Bradley County",1,53,1467,724,743
050,47,011,"Tennessee","Bradley County",1,54,1472,718,754
050,47,011,"Tennessee","Bradley County",1,55,1482,735,747
050,47,011,"Tennessee","Bradley County",1,56,1508,755,753
050,47,011,"Tennessee","Bradley County",1,57,1473,715,758
050,47,011,"Tennessee","Bradley County",1,58,1534,723,811
050,47,011,"Tennessee","Bradley County",1,59,1472,699,773
050,47,011,"Tennessee","Bradley County",1,60,1404,687,717
050,47,011,"Tennessee","Bradley County",1,61,1413,685,728
050,47,011,"Tennessee","Bradley County",1,62,1391,633,758
050,47,011,"Tennessee","Bradley County",1,63,1324,635,689
050,47,011,"Tennessee","Bradley County",1,64,1296,633,663
050,47,011,"Tennessee","Bradley County",1,65,1255,614,641
050,47,011,"Tennessee","Bradley County",1,66,1177,556,621
050,47,011,"Tennessee","Bradley County",1,67,1148,534,614
050,47,011,"Tennessee","Bradley County",1,68,1101,498,603
050,47,011,"Tennessee","Bradley County",1,69,1084,526,558
050,47,011,"Tennessee","Bradley County",1,70,1084,493,591
050,47,011,"Tennessee","Bradley County",1,71,1095,502,593
050,47,011,"Tennessee","Bradley County",1,72,1078,483,595
050,47,011,"Tennessee","Bradley County",1,73,1105,490,615
050,47,011,"Tennessee","Bradley County",1,74,751,332,419
050,47,011,"Tennessee","Bradley County",1,75,809,383,426
050,47,011,"Tennessee","Bradley County",1,76,804,368,436
050,47,011,"Tennessee","Bradley County",1,77,769,348,421
050,47,011,"Tennessee","Bradley County",1,78,639,273,366
050,47,011,"Tennessee","Bradley County",1,79,615,268,347
050,47,011,"Tennessee","Bradley County",1,80,510,211,299
050,47,011,"Tennessee","Bradley County",1,81,490,220,270
050,47,011,"Tennessee","Bradley County",1,82,452,185,267
050,47,011,"Tennessee","Bradley County",1,83,369,156,213
050,47,011,"Tennessee","Bradley County",1,84,327,132,195
050,47,011,"Tennessee","Bradley County",1,85,1752,599,1153
050,47,011,"Tennessee","Bradley County",2,0,1181,589,592
050,47,011,"Tennessee","Bradley County",2,1,1222,594,628
050,47,011,"Tennessee","Bradley County",2,2,1269,623,646
050,47,011,"Tennessee","Bradley County",2,3,1278,656,622
050,47,011,"Tennessee","Bradley County",2,4,1267,642,625
050,47,011,"Tennessee","Bradley County",2,5,1276,651,625
050,47,011,"Tennessee","Bradley County",2,6,1289,651,638
050,47,011,"Tennessee","Bradley County",2,7,1274,636,638
050,47,011,"Tennessee","Bradley County",2,8,1276,655,621
050,47,011,"Tennessee","Bradley County",2,9,1274,650,624
050,47,011,"Tennessee","Bradley County",2,10,1325,682,643
050,47,011,"Tennessee","Bradley County",2,11,1371,708,663
050,47,011,"Tennessee","Bradley County",2,12,1442,766,676
050,47,011,"Tennessee","Bradley County",2,13,1484,781,703
050,47,011,"Tennessee","Bradley County",2,14,1438,760,678
050,47,011,"Tennessee","Bradley County",2,15,1395,732,663
050,47,011,"Tennessee","Bradley County",2,16,1446,743,703
050,47,011,"Tennessee","Bradley County",2,17,1491,751,740
050,47,011,"Tennessee","Bradley County",2,18,1516,745,771
050,47,011,"Tennessee","Bradley County",2,19,1552,741,811
050,47,011,"Tennessee","Bradley County",2,20,1522,733,789
050,47,011,"Tennessee","Bradley County",2,21,1458,710,748
050,47,011,"Tennessee","Bradley County",2,22,1441,718,723
050,47,011,"Tennessee","Bradley County",2,23,1367,704,663
050,47,011,"Tennessee","Bradley County",2,24,1382,706,676
050,47,011,"Tennessee","Bradley County",2,25,1413,706,707
050,47,011,"Tennessee","Bradley County",2,26,1418,707,711
050,47,011,"Tennessee","Bradley County",2,27,1400,692,708
050,47,011,"Tennessee","Bradley County",2,28,1430,710,720
050,47,011,"Tennessee","Bradley County",2,29,1505,754,751
050,47,011,"Tennessee","Bradley County",2,30,1472,742,730
050,47,011,"Tennessee","Bradley County",2,31,1408,676,732
050,47,011,"Tennessee","Bradley County",2,32,1383,661,722
050,47,011,"Tennessee","Bradley County",2,33,1285,628,657
050,47,011,"Tennessee","Bradley County",2,34,1285,651,634
050,47,011,"Tennessee","Bradley County",2,35,1286,664,622
050,47,011,"Tennessee","Bradley County",2,36,1239,628,611
050,47,011,"Tennessee","Bradley County",2,37,1294,642,652
050,47,011,"Tennessee","Bradley County",2,38,1281,652,629
050,47,011,"Tennessee","Bradley County",2,39,1280,647,633
050,47,011,"Tennessee","Bradley County",2,40,1332,648,684
050,47,011,"Tennessee","Bradley County",2,41,1379,681,698
050,47,011,"Tennessee","Bradley County",2,42,1378,668,710
050,47,011,"Tennessee","Bradley County",2,43,1413,683,730
050,47,011,"Tennessee","Bradley County",2,44,1346,657,689
050,47,011,"Tennessee","Bradley County",2,45,1385,691,694
050,47,011,"Tennessee","Bradley County",2,46,1392,729,663
050,47,011,"Tennessee","Bradley County",2,47,1434,732,702
050,47,011,"Tennessee","Bradley County",2,48,1473,747,726
050,47,011,"Tennessee","Bradley County",2,49,1503,744,759
050,47,011,"Tennessee","Bradley County",2,50,1513,750,763
050,47,011,"Tennessee","Bradley County",2,51,1441,721,720
050,47,011,"Tennessee","Bradley County",2,52,1401,703,698
050,47,011,"Tennessee","Bradley County",2,53,1459,719,740
050,47,011,"Tennessee","Bradley County",2,54,1468,717,751
050,47,011,"Tennessee","Bradley County",2,55,1485,734,751
050,47,011,"Tennessee","Bradley County",2,56,1508,753,755
050,47,011,"Tennessee","Bradley County",2,57,1486,727,759
050,47,011,"Tennessee","Bradley County",2,58,1522,719,803
050,47,011,"Tennessee","Bradley County",2,59,1492,706,786
050,47,011,"Tennessee","Bradley County",2,60,1415,688,727
050,47,011,"Tennessee","Bradley County",2,61,1404,681,723
050,47,011,"Tennessee","Bradley County",2,62,1399,648,751
050,47,011,"Tennessee","Bradley County",2,63,1347,637,710
050,47,011,"Tennessee","Bradley County",2,64,1297,631,666
050,47,011,"Tennessee","Bradley County",2,65,1265,616,649
050,47,011,"Tennessee","Bradley County",2,66,1202,573,629
050,47,011,"Tennessee","Bradley County",2,67,1151,537,614
050,47,011,"Tennessee","Bradley County",2,68,1103,501,602
050,47,011,"Tennessee","Bradley County",2,69,1093,520,573
050,47,011,"Tennessee","Bradley County",2,70,1078,500,578
050,47,011,"Tennessee","Bradley County",2,71,1091,499,592
050,47,011,"Tennessee","Bradley County",2,72,1065,479,586
050,47,011,"Tennessee","Bradley County",2,73,1151,512,639
050,47,011,"Tennessee","Bradley County",2,74,780,344,436
050,47,011,"Tennessee","Bradley County",2,75,794,369,425
050,47,011,"Tennessee","Bradley County",2,76,794,368,426
050,47,011,"Tennessee","Bradley County",2,77,788,359,429
050,47,011,"Tennessee","Bradley County",2,78,647,280,367
050,47,011,"Tennessee","Bradley County",2,79,609,265,344
050,47,011,"Tennessee","Bradley County",2,80,531,223,308
050,47,011,"Tennessee","Bradley County",2,81,487,213,274
050,47,011,"Tennessee","Bradley County",2,82,447,187,260
050,47,011,"Tennessee","Bradley County",2,83,377,158,219
050,47,011,"Tennessee","Bradley County",2,84,331,137,194
050,47,011,"Tennessee","Bradley County",2,85,1757,602,1155
050,47,011,"Tennessee","Bradley County",3,0,1124,583,541
050,47,011,"Tennessee","Bradley County",3,1,1206,588,618
050,47,011,"Tennessee","Bradley County",3,2,1248,604,644
050,47,011,"Tennessee","Bradley County",3,3,1329,650,679
050,47,011,"Tennessee","Bradley County",3,4,1301,659,642
050,47,011,"Tennessee","Bradley County",3,5,1292,657,635
050,47,011,"Tennessee","Bradley County",3,6,1324,669,655
050,47,011,"Tennessee","Bradley County",3,7,1321,661,660
050,47,011,"Tennessee","Bradley County",3,8,1304,652,652
050,47,011,"Tennessee","Bradley County",3,9,1313,685,628
050,47,011,"Tennessee","Bradley County",3,10,1292,657,635
050,47,011,"Tennessee","Bradley County",3,11,1340,689,651
050,47,011,"Tennessee","Bradley County",3,12,1393,720,673
050,47,011,"Tennessee","Bradley County",3,13,1460,773,687
050,47,011,"Tennessee","Bradley County",3,14,1491,779,712
050,47,011,"Tennessee","Bradley County",3,15,1468,764,704
050,47,011,"Tennessee","Bradley County",3,16,1396,719,677
050,47,011,"Tennessee","Bradley County",3,17,1492,761,731
050,47,011,"Tennessee","Bradley County",3,18,1512,750,762
050,47,011,"Tennessee","Bradley County",3,19,1492,710,782
050,47,011,"Tennessee","Bradley County",3,20,1460,716,744
050,47,011,"Tennessee","Bradley County",3,21,1453,709,744
050,47,011,"Tennessee","Bradley County",3,22,1458,707,751
050,47,011,"Tennessee","Bradley County",3,23,1414,708,706
050,47,011,"Tennessee","Bradley County",3,24,1410,724,686
050,47,011,"Tennessee","Bradley County",3,25,1380,708,672
050,47,011,"Tennessee","Bradley County",3,26,1416,701,715
050,47,011,"Tennessee","Bradley County",3,27,1432,709,723
050,47,011,"Tennessee","Bradley County",3,28,1429,699,730
050,47,011,"Tennessee","Bradley County",3,29,1439,710,729
050,47,011,"Tennessee","Bradley County",3,30,1507,742,765
050,47,011,"Tennessee","Bradley County",3,31,1495,756,739
050,47,011,"Tennessee","Bradley County",3,32,1435,677,758
050,47,011,"Tennessee","Bradley County",3,33,1405,664,741
050,47,011,"Tennessee","Bradley County",3,34,1305,656,649
050,47,011,"Tennessee","Bradley County",3,35,1303,658,645
050,47,011,"Tennessee","Bradley County",3,36,1294,658,636
050,47,011,"Tennessee","Bradley County",3,37,1240,638,602
050,47,011,"Tennessee","Bradley County",3,38,1300,633,667
050,47,011,"Tennessee","Bradley County",3,39,1292,640,652
050,47,011,"Tennessee","Bradley County",3,40,1286,637,649
050,47,011,"Tennessee","Bradley County",3,41,1321,634,687
050,47,011,"Tennessee","Bradley County",3,42,1401,688,713
050,47,011,"Tennessee","Bradley County",3,43,1369,655,714
050,47,011,"Tennessee","Bradley County",3,44,1415,682,733
050,47,011,"Tennessee","Bradley County",3,45,1338,663,675
050,47,011,"Tennessee","Bradley County",3,46,1394,693,701
050,47,011,"Tennessee","Bradley County",3,47,1394,724,670
050,47,011,"Tennessee","Bradley County",3,48,1461,744,717
050,47,011,"Tennessee","Bradley County",3,49,1487,749,738
050,47,011,"Tennessee","Bradley County",3,50,1540,764,776
050,47,011,"Tennessee","Bradley County",3,51,1512,753,759
050,47,011,"Tennessee","Bradley County",3,52,1476,733,743
050,47,011,"Tennessee","Bradley County",3,53,1416,703,713
050,47,011,"Tennessee","Bradley County",3,54,1474,728,746
050,47,011,"Tennessee","Bradley County",3,55,1476,727,749
050,47,011,"Tennessee","Bradley County",3,56,1503,732,771
050,47,011,"Tennessee","Bradley County",3,57,1486,739,747
050,47,011,"Tennessee","Bradley County",3,58,1498,730,768
050,47,011,"Tennessee","Bradley County",3,59,1548,734,814
050,47,011,"Tennessee","Bradley County",3,60,1513,704,809
050,47,011,"Tennessee","Bradley County",3,61,1421,696,725
050,47,011,"Tennessee","Bradley County",3,62,1383,663,720
050,47,011,"Tennessee","Bradley County",3,63,1409,660,749
050,47,011,"Tennessee","Bradley County",3,64,1337,603,734
050,47,011,"Tennessee","Bradley County",3,65,1276,620,656
050,47,011,"Tennessee","Bradley County",3,66,1266,618,648
050,47,011,"Tennessee","Bradley County",3,67,1215,581,634
050,47,011,"Tennessee","Bradley County",3,68,1157,531,626
050,47,011,"Tennessee","Bradley County",3,69,1076,485,591
050,47,011,"Tennessee","Bradley County",3,70,1067,511,556
050,47,011,"Tennessee","Bradley County",3,71,1045,476,569
050,47,011,"Tennessee","Bradley County",3,72,1076,492,584
050,47,011,"Tennessee","Bradley County",3,73,1031,456,575
050,47,011,"Tennessee","Bradley County",3,74,1110,492,618
050,47,011,"Tennessee","Bradley County",3,75,768,328,440
050,47,011,"Tennessee","Bradley County",3,76,749,348,401
050,47,011,"Tennessee","Bradley County",3,77,781,363,418
050,47,011,"Tennessee","Bradley County",3,78,767,331,436
050,47,011,"Tennessee","Bradley County",3,79,617,274,343
050,47,011,"Tennessee","Bradley County",3,80,550,230,320
050,47,011,"Tennessee","Bradley County",3,81,495,202,293
050,47,011,"Tennessee","Bradley County",3,82,445,190,255
050,47,011,"Tennessee","Bradley County",3,83,397,164,233
050,47,011,"Tennessee","Bradley County",3,84,336,133,203
050,47,011,"Tennessee","Bradley County",3,85,1708,595,1113
050,47,011,"Tennessee","Bradley County",4,0,1191,611,580
050,47,011,"Tennessee","Bradley County",4,1,1115,573,542
050,47,011,"Tennessee","Bradley County",4,2,1219,599,620
050,47,011,"Tennessee","Bradley County",4,3,1283,620,663
050,47,011,"Tennessee","Bradley County",4,4,1332,647,685
050,47,011,"Tennessee","Bradley County",4,5,1332,669,663
050,47,011,"Tennessee","Bradley County",4,6,1323,678,645
050,47,011,"Tennessee","Bradley County",4,7,1320,676,644
050,47,011,"Tennessee","Bradley County",4,8,1342,676,666
050,47,011,"Tennessee","Bradley County",4,9,1297,646,651
050,47,011,"Tennessee","Bradley County",4,10,1337,689,648
050,47,011,"Tennessee","Bradley County",4,11,1314,670,644
050,47,011,"Tennessee","Bradley County",4,12,1350,704,646
050,47,011,"Tennessee","Bradley County",4,13,1405,740,665
050,47,011,"Tennessee","Bradley County",4,14,1477,783,694
050,47,011,"Tennessee","Bradley County",4,15,1515,790,725
050,47,011,"Tennessee","Bradley County",4,16,1488,779,709
050,47,011,"Tennessee","Bradley County",4,17,1452,750,702
050,47,011,"Tennessee","Bradley County",4,18,1464,726,738
050,47,011,"Tennessee","Bradley County",4,19,1468,705,763
050,47,011,"Tennessee","Bradley County",4,20,1436,706,730
050,47,011,"Tennessee","Bradley County",4,21,1413,684,729
050,47,011,"Tennessee","Bradley County",4,22,1453,719,734
050,47,011,"Tennessee","Bradley County",4,23,1484,717,767
050,47,011,"Tennessee","Bradley County",4,24,1440,748,692
050,47,011,"Tennessee","Bradley County",4,25,1446,730,716
050,47,011,"Tennessee","Bradley County",4,26,1376,704,672
050,47,011,"Tennessee","Bradley County",4,27,1452,711,741
050,47,011,"Tennessee","Bradley County",4,28,1433,713,720
050,47,011,"Tennessee","Bradley County",4,29,1456,707,749
050,47,011,"Tennessee","Bradley County",4,30,1438,710,728
050,47,011,"Tennessee","Bradley County",4,31,1523,756,767
050,47,011,"Tennessee","Bradley County",4,32,1519,779,740
050,47,011,"Tennessee","Bradley County",4,33,1429,670,759
050,47,011,"Tennessee","Bradley County",4,34,1424,674,750
050,47,011,"Tennessee","Bradley County",4,35,1299,656,643
050,47,011,"Tennessee","Bradley County",4,36,1308,657,651
050,47,011,"Tennessee","Bradley County",4,37,1320,664,656
050,47,011,"Tennessee","Bradley County",4,38,1238,637,601
050,47,011,"Tennessee","Bradley County",4,39,1337,655,682
050,47,011,"Tennessee","Bradley County",4,40,1286,643,643
050,47,011,"Tennessee","Bradley County",4,41,1298,641,657
050,47,011,"Tennessee","Bradley County",4,42,1359,662,697
050,47,011,"Tennessee","Bradley County",4,43,1439,700,739
050,47,011,"Tennessee","Bradley County",4,44,1397,682,715
050,47,011,"Tennessee","Bradley County",4,45,1432,685,747
050,47,011,"Tennessee","Bradley County",4,46,1362,667,695
050,47,011,"Tennessee","Bradley County",4,47,1423,704,719
050,47,011,"Tennessee","Bradley County",4,48,1394,732,662
050,47,011,"Tennessee","Bradley County",4,49,1451,738,713
050,47,011,"Tennessee","Bradley County",4,50,1500,760,740
050,47,011,"Tennessee","Bradley County",4,51,1553,762,791
050,47,011,"Tennessee","Bradley County",4,52,1522,752,770
050,47,011,"Tennessee","Bradley County",4,53,1466,726,740
050,47,011,"Tennessee","Bradley County",4,54,1418,708,710
050,47,011,"Tennessee","Bradley County",4,55,1469,729,740
050,47,011,"Tennessee","Bradley County",4,56,1469,723,746
050,47,011,"Tennessee","Bradley County",4,57,1520,730,790
050,47,011,"Tennessee","Bradley County",4,58,1482,747,735
050,47,011,"Tennessee","Bradley County",4,59,1515,739,776
050,47,011,"Tennessee","Bradley County",4,60,1533,724,809
050,47,011,"Tennessee","Bradley County",4,61,1501,706,795
050,47,011,"Tennessee","Bradley County",4,62,1394,685,709
050,47,011,"Tennessee","Bradley County",4,63,1387,655,732
050,47,011,"Tennessee","Bradley County",4,64,1395,658,737
050,47,011,"Tennessee","Bradley County",4,65,1313,603,710
050,47,011,"Tennessee","Bradley County",4,66,1276,613,663
050,47,011,"Tennessee","Bradley County",4,67,1237,607,630
050,47,011,"Tennessee","Bradley County",4,68,1204,564,640
050,47,011,"Tennessee","Bradley County",4,69,1146,524,622
050,47,011,"Tennessee","Bradley County",4,70,1037,467,570
050,47,011,"Tennessee","Bradley County",4,71,1065,508,557
050,47,011,"Tennessee","Bradley County",4,72,1032,465,567
050,47,011,"Tennessee","Bradley County",4,73,1040,475,565
050,47,011,"Tennessee","Bradley County",4,74,1006,442,564
050,47,011,"Tennessee","Bradley County",4,75,1084,469,615
050,47,011,"Tennessee","Bradley County",4,76,726,312,414
050,47,011,"Tennessee","Bradley County",4,77,724,333,391
050,47,011,"Tennessee","Bradley County",4,78,747,338,409
050,47,011,"Tennessee","Bradley County",4,79,730,313,417
050,47,011,"Tennessee","Bradley County",4,80,575,246,329
050,47,011,"Tennessee","Bradley County",4,81,509,215,294
050,47,011,"Tennessee","Bradley County",4,82,464,183,281
050,47,011,"Tennessee","Bradley County",4,83,396,162,234
050,47,011,"Tennessee","Bradley County",4,84,348,145,203
050,47,011,"Tennessee","Bradley County",4,85,1667,593,1074
050,47,011,"Tennessee","Bradley County",5,0,1173,604,569
050,47,011,"Tennessee","Bradley County",5,1,1247,646,601
050,47,011,"Tennessee","Bradley County",5,2,1140,582,558
050,47,011,"Tennessee","Bradley County",5,3,1203,589,614
050,47,011,"Tennessee","Bradley County",5,4,1277,616,661
050,47,011,"Tennessee","Bradley County",5,5,1337,639,698
050,47,011,"Tennessee","Bradley County",5,6,1356,667,689
050,47,011,"Tennessee","Bradley County",5,7,1363,705,658
050,47,011,"Tennessee","Bradley County",5,8,1333,673,660
050,47,011,"Tennessee","Bradley County",5,9,1363,701,662
050,47,011,"Tennessee","Bradley County",5,10,1342,662,680
050,47,011,"Tennessee","Bradley County",5,11,1352,689,663
050,47,011,"Tennessee","Bradley County",5,12,1329,677,652
050,47,011,"Tennessee","Bradley County",5,13,1388,720,668
050,47,011,"Tennessee","Bradley County",5,14,1423,747,676
050,47,011,"Tennessee","Bradley County",5,15,1499,780,719
050,47,011,"Tennessee","Bradley County",5,16,1518,777,741
050,47,011,"Tennessee","Bradley County",5,17,1512,782,730
050,47,011,"Tennessee","Bradley County",5,18,1423,731,692
050,47,011,"Tennessee","Bradley County",5,19,1414,679,735
050,47,011,"Tennessee","Bradley County",5,20,1377,664,713
050,47,011,"Tennessee","Bradley County",5,21,1426,690,736
050,47,011,"Tennessee","Bradley County",5,22,1472,727,745
050,47,011,"Tennessee","Bradley County",5,23,1501,741,760
050,47,011,"Tennessee","Bradley County",5,24,1540,760,780
050,47,011,"Tennessee","Bradley County",5,25,1442,756,686
050,47,011,"Tennessee","Bradley County",5,26,1446,723,723
050,47,011,"Tennessee","Bradley County",5,27,1396,705,691
050,47,011,"Tennessee","Bradley County",5,28,1456,719,737
050,47,011,"Tennessee","Bradley County",5,29,1444,723,721
050,47,011,"Tennessee","Bradley County",5,30,1451,699,752
050,47,011,"Tennessee","Bradley County",5,31,1467,711,756
050,47,011,"Tennessee","Bradley County",5,32,1552,768,784
050,47,011,"Tennessee","Bradley County",5,33,1509,768,741
050,47,011,"Tennessee","Bradley County",5,34,1421,668,753
050,47,011,"Tennessee","Bradley County",5,35,1414,658,756
050,47,011,"Tennessee","Bradley County",5,36,1280,635,645
050,47,011,"Tennessee","Bradley County",5,37,1330,677,653
050,47,011,"Tennessee","Bradley County",5,38,1354,682,672
050,47,011,"Tennessee","Bradley County",5,39,1276,663,613
050,47,011,"Tennessee","Bradley County",5,40,1376,677,699
050,47,011,"Tennessee","Bradley County",5,41,1323,659,664
050,47,011,"Tennessee","Bradley County",5,42,1346,669,677
050,47,011,"Tennessee","Bradley County",5,43,1381,668,713
050,47,011,"Tennessee","Bradley County",5,44,1434,689,745
050,47,011,"Tennessee","Bradley County",5,45,1433,699,734
050,47,011,"Tennessee","Bradley County",5,46,1441,685,756
050,47,011,"Tennessee","Bradley County",5,47,1380,672,708
050,47,011,"Tennessee","Bradley County",5,48,1443,717,726
050,47,011,"Tennessee","Bradley County",5,49,1389,721,668
050,47,011,"Tennessee","Bradley County",5,50,1487,756,731
050,47,011,"Tennessee","Bradley County",5,51,1502,755,747
050,47,011,"Tennessee","Bradley County",5,52,1561,753,808
050,47,011,"Tennessee","Bradley County",5,53,1522,743,779
050,47,011,"Tennessee","Bradley County",5,54,1466,738,728
050,47,011,"Tennessee","Bradley County",5,55,1422,718,704
050,47,011,"Tennessee","Bradley County",5,56,1503,760,743
050,47,011,"Tennessee","Bradley County",5,57,1456,703,753
050,47,011,"Tennessee","Bradley County",5,58,1528,739,789
050,47,011,"Tennessee","Bradley County",5,59,1501,748,753
050,47,011,"Tennessee","Bradley County",5,60,1502,739,763
050,47,011,"Tennessee","Bradley County",5,61,1519,724,795
050,47,011,"Tennessee","Bradley County",5,62,1465,683,782
050,47,011,"Tennessee","Bradley County",5,63,1404,684,720
050,47,011,"Tennessee","Bradley County",5,64,1373,653,720
050,47,011,"Tennessee","Bradley County",5,65,1358,633,725
050,47,011,"Tennessee","Bradley County",5,66,1296,596,700
050,47,011,"Tennessee","Bradley County",5,67,1261,606,655
050,47,011,"Tennessee","Bradley County",5,68,1229,602,627
050,47,011,"Tennessee","Bradley County",5,69,1191,562,629
050,47,011,"Tennessee","Bradley County",5,70,1135,515,620
050,47,011,"Tennessee","Bradley County",5,71,1012,455,557
050,47,011,"Tennessee","Bradley County",5,72,1045,493,552
050,47,011,"Tennessee","Bradley County",5,73,1002,449,553
050,47,011,"Tennessee","Bradley County",5,74,1016,465,551
050,47,011,"Tennessee","Bradley County",5,75,989,429,560
050,47,011,"Tennessee","Bradley County",5,76,1043,443,600
050,47,011,"Tennessee","Bradley County",5,77,710,302,408
050,47,011,"Tennessee","Bradley County",5,78,708,321,387
050,47,011,"Tennessee","Bradley County",5,79,718,327,391
050,47,011,"Tennessee","Bradley County",5,80,685,283,402
050,47,011,"Tennessee","Bradley County",5,81,544,235,309
050,47,011,"Tennessee","Bradley County",5,82,486,200,286
050,47,011,"Tennessee","Bradley County",5,83,415,152,263
050,47,011,"Tennessee","Bradley County",5,84,361,151,210
050,47,011,"Tennessee","Bradley County",5,85,1672,606,1066
050,47,013,"Tennessee","Campbell County",1,0,430,222,208
050,47,013,"Tennessee","Campbell County",1,1,442,235,207
050,47,013,"Tennessee","Campbell County",1,2,433,222,211
050,47,013,"Tennessee","Campbell County",1,3,464,246,218
050,47,013,"Tennessee","Campbell County",1,4,454,227,227
050,47,013,"Tennessee","Campbell County",1,5,410,209,201
050,47,013,"Tennessee","Campbell County",1,6,418,225,193
050,47,013,"Tennessee","Campbell County",1,7,420,223,197
050,47,013,"Tennessee","Campbell County",1,8,423,234,189
050,47,013,"Tennessee","Campbell County",1,9,385,208,177
050,47,013,"Tennessee","Campbell County",1,10,434,218,216
050,47,013,"Tennessee","Campbell County",1,11,457,211,246
050,47,013,"Tennessee","Campbell County",1,12,495,256,239
050,47,013,"Tennessee","Campbell County",1,13,484,250,234
050,47,013,"Tennessee","Campbell County",1,14,480,257,223
050,47,013,"Tennessee","Campbell County",1,15,505,276,229
050,47,013,"Tennessee","Campbell County",1,16,493,248,245
050,47,013,"Tennessee","Campbell County",1,17,474,231,243
050,47,013,"Tennessee","Campbell County",1,18,422,216,206
050,47,013,"Tennessee","Campbell County",1,19,360,183,177
050,47,013,"Tennessee","Campbell County",1,20,371,189,182
050,47,013,"Tennessee","Campbell County",1,21,382,207,175
050,47,013,"Tennessee","Campbell County",1,22,403,205,198
050,47,013,"Tennessee","Campbell County",1,23,468,233,235
050,47,013,"Tennessee","Campbell County",1,24,493,251,242
050,47,013,"Tennessee","Campbell County",1,25,470,244,226
050,47,013,"Tennessee","Campbell County",1,26,496,262,234
050,47,013,"Tennessee","Campbell County",1,27,476,244,232
050,47,013,"Tennessee","Campbell County",1,28,507,258,249
050,47,013,"Tennessee","Campbell County",1,29,522,272,250
050,47,013,"Tennessee","Campbell County",1,30,489,245,244
050,47,013,"Tennessee","Campbell County",1,31,454,214,240
050,47,013,"Tennessee","Campbell County",1,32,422,199,223
050,47,013,"Tennessee","Campbell County",1,33,407,205,202
050,47,013,"Tennessee","Campbell County",1,34,404,209,195
050,47,013,"Tennessee","Campbell County",1,35,401,198,203
050,47,013,"Tennessee","Campbell County",1,36,425,194,231
050,47,013,"Tennessee","Campbell County",1,37,417,200,217
050,47,013,"Tennessee","Campbell County",1,38,431,208,223
050,47,013,"Tennessee","Campbell County",1,39,448,229,219
050,47,013,"Tennessee","Campbell County",1,40,459,235,224
050,47,013,"Tennessee","Campbell County",1,41,455,227,228
050,47,013,"Tennessee","Campbell County",1,42,489,251,238
050,47,013,"Tennessee","Campbell County",1,43,469,241,228
050,47,013,"Tennessee","Campbell County",1,44,433,208,225
050,47,013,"Tennessee","Campbell County",1,45,505,244,261
050,47,013,"Tennessee","Campbell County",1,46,524,268,256
050,47,013,"Tennessee","Campbell County",1,47,555,272,283
050,47,013,"Tennessee","Campbell County",1,48,573,277,296
050,47,013,"Tennessee","Campbell County",1,49,604,304,300
050,47,013,"Tennessee","Campbell County",1,50,564,291,273
050,47,013,"Tennessee","Campbell County",1,51,552,293,259
050,47,013,"Tennessee","Campbell County",1,52,598,329,269
050,47,013,"Tennessee","Campbell County",1,53,582,303,279
050,47,013,"Tennessee","Campbell County",1,54,549,267,282
050,47,013,"Tennessee","Campbell County",1,55,577,283,294
050,47,013,"Tennessee","Campbell County",1,56,598,280,318
050,47,013,"Tennessee","Campbell County",1,57,564,271,293
050,47,013,"Tennessee","Campbell County",1,58,563,267,296
050,47,013,"Tennessee","Campbell County",1,59,535,262,273
050,47,013,"Tennessee","Campbell County",1,60,537,264,273
050,47,013,"Tennessee","Campbell County",1,61,536,261,275
050,47,013,"Tennessee","Campbell County",1,62,573,283,290
050,47,013,"Tennessee","Campbell County",1,63,551,285,266
050,47,013,"Tennessee","Campbell County",1,64,545,248,297
050,47,013,"Tennessee","Campbell County",1,65,554,265,289
050,47,013,"Tennessee","Campbell County",1,66,525,245,280
050,47,013,"Tennessee","Campbell County",1,67,494,226,268
050,47,013,"Tennessee","Campbell County",1,68,504,237,267
050,47,013,"Tennessee","Campbell County",1,69,477,236,241
050,47,013,"Tennessee","Campbell County",1,70,454,222,232
050,47,013,"Tennessee","Campbell County",1,71,446,194,252
050,47,013,"Tennessee","Campbell County",1,72,467,207,260
050,47,013,"Tennessee","Campbell County",1,73,457,227,230
050,47,013,"Tennessee","Campbell County",1,74,342,157,185
050,47,013,"Tennessee","Campbell County",1,75,337,146,191
050,47,013,"Tennessee","Campbell County",1,76,348,155,193
050,47,013,"Tennessee","Campbell County",1,77,345,169,176
050,47,013,"Tennessee","Campbell County",1,78,286,130,156
050,47,013,"Tennessee","Campbell County",1,79,276,130,146
050,47,013,"Tennessee","Campbell County",1,80,239,106,133
050,47,013,"Tennessee","Campbell County",1,81,212,92,120
050,47,013,"Tennessee","Campbell County",1,82,198,93,105
050,47,013,"Tennessee","Campbell County",1,83,162,64,98
050,47,013,"Tennessee","Campbell County",1,84,149,62,87
050,47,013,"Tennessee","Campbell County",1,85,744,296,448
050,47,013,"Tennessee","Campbell County",2,0,436,222,214
050,47,013,"Tennessee","Campbell County",2,1,437,231,206
050,47,013,"Tennessee","Campbell County",2,2,435,225,210
050,47,013,"Tennessee","Campbell County",2,3,457,240,217
050,47,013,"Tennessee","Campbell County",2,4,458,232,226
050,47,013,"Tennessee","Campbell County",2,5,422,214,208
050,47,013,"Tennessee","Campbell County",2,6,418,222,196
050,47,013,"Tennessee","Campbell County",2,7,422,226,196
050,47,013,"Tennessee","Campbell County",2,8,419,231,188
050,47,013,"Tennessee","Campbell County",2,9,395,216,179
050,47,013,"Tennessee","Campbell County",2,10,420,213,207
050,47,013,"Tennessee","Campbell County",2,11,451,213,238
050,47,013,"Tennessee","Campbell County",2,12,485,246,239
050,47,013,"Tennessee","Campbell County",2,13,484,250,234
050,47,013,"Tennessee","Campbell County",2,14,479,255,224
050,47,013,"Tennessee","Campbell County",2,15,501,274,227
050,47,013,"Tennessee","Campbell County",2,16,498,255,243
050,47,013,"Tennessee","Campbell County",2,17,482,236,246
050,47,013,"Tennessee","Campbell County",2,18,415,210,205
050,47,013,"Tennessee","Campbell County",2,19,354,180,174
050,47,013,"Tennessee","Campbell County",2,20,381,194,187
050,47,013,"Tennessee","Campbell County",2,21,385,204,181
050,47,013,"Tennessee","Campbell County",2,22,406,209,197
050,47,013,"Tennessee","Campbell County",2,23,462,229,233
050,47,013,"Tennessee","Campbell County",2,24,488,249,239
050,47,013,"Tennessee","Campbell County",2,25,478,247,231
050,47,013,"Tennessee","Campbell County",2,26,493,260,233
050,47,013,"Tennessee","Campbell County",2,27,481,250,231
050,47,013,"Tennessee","Campbell County",2,28,502,259,243
050,47,013,"Tennessee","Campbell County",2,29,518,268,250
050,47,013,"Tennessee","Campbell County",2,30,498,251,247
050,47,013,"Tennessee","Campbell County",2,31,463,221,242
050,47,013,"Tennessee","Campbell County",2,32,433,205,228
050,47,013,"Tennessee","Campbell County",2,33,408,202,206
050,47,013,"Tennessee","Campbell County",2,34,408,211,197
050,47,013,"Tennessee","Campbell County",2,35,405,202,203
050,47,013,"Tennessee","Campbell County",2,36,417,194,223
050,47,013,"Tennessee","Campbell County",2,37,423,201,222
050,47,013,"Tennessee","Campbell County",2,38,430,207,223
050,47,013,"Tennessee","Campbell County",2,39,440,222,218
050,47,013,"Tennessee","Campbell County",2,40,460,236,224
050,47,013,"Tennessee","Campbell County",2,41,454,227,227
050,47,013,"Tennessee","Campbell County",2,42,477,242,235
050,47,013,"Tennessee","Campbell County",2,43,475,240,235
050,47,013,"Tennessee","Campbell County",2,44,439,215,224
050,47,013,"Tennessee","Campbell County",2,45,493,239,254
050,47,013,"Tennessee","Campbell County",2,46,515,259,256
050,47,013,"Tennessee","Campbell County",2,47,545,270,275
050,47,013,"Tennessee","Campbell County",2,48,567,277,290
050,47,013,"Tennessee","Campbell County",2,49,600,299,301
050,47,013,"Tennessee","Campbell County",2,50,571,292,279
050,47,013,"Tennessee","Campbell County",2,51,553,292,261
050,47,013,"Tennessee","Campbell County",2,52,589,321,268
050,47,013,"Tennessee","Campbell County",2,53,587,308,279
050,47,013,"Tennessee","Campbell County",2,54,553,273,280
050,47,013,"Tennessee","Campbell County",2,55,571,277,294
050,47,013,"Tennessee","Campbell County",2,56,598,285,313
050,47,013,"Tennessee","Campbell County",2,57,576,276,300
050,47,013,"Tennessee","Campbell County",2,58,561,268,293
050,47,013,"Tennessee","Campbell County",2,59,546,265,281
050,47,013,"Tennessee","Campbell County",2,60,533,261,272
050,47,013,"Tennessee","Campbell County",2,61,537,261,276
050,47,013,"Tennessee","Campbell County",2,62,564,276,288
050,47,013,"Tennessee","Campbell County",2,63,563,289,274
050,47,013,"Tennessee","Campbell County",2,64,545,256,289
050,47,013,"Tennessee","Campbell County",2,65,550,262,288
050,47,013,"Tennessee","Campbell County",2,66,529,247,282
050,47,013,"Tennessee","Campbell County",2,67,501,229,272
050,47,013,"Tennessee","Campbell County",2,68,501,234,267
050,47,013,"Tennessee","Campbell County",2,69,483,234,249
050,47,013,"Tennessee","Campbell County",2,70,457,223,234
050,47,013,"Tennessee","Campbell County",2,71,447,202,245
050,47,013,"Tennessee","Campbell County",2,72,448,196,252
050,47,013,"Tennessee","Campbell County",2,73,480,234,246
050,47,013,"Tennessee","Campbell County",2,74,345,162,183
050,47,013,"Tennessee","Campbell County",2,75,338,148,190
050,47,013,"Tennessee","Campbell County",2,76,338,149,189
050,47,013,"Tennessee","Campbell County",2,77,349,167,182
050,47,013,"Tennessee","Campbell County",2,78,293,138,155
050,47,013,"Tennessee","Campbell County",2,79,270,127,143
050,47,013,"Tennessee","Campbell County",2,80,245,109,136
050,47,013,"Tennessee","Campbell County",2,81,213,93,120
050,47,013,"Tennessee","Campbell County",2,82,194,86,108
050,47,013,"Tennessee","Campbell County",2,83,168,70,98
050,47,013,"Tennessee","Campbell County",2,84,144,58,86
050,47,013,"Tennessee","Campbell County",2,85,749,301,448
050,47,013,"Tennessee","Campbell County",3,0,456,231,225
050,47,013,"Tennessee","Campbell County",3,1,421,212,209
050,47,013,"Tennessee","Campbell County",3,2,438,224,214
050,47,013,"Tennessee","Campbell County",3,3,438,223,215
050,47,013,"Tennessee","Campbell County",3,4,467,249,218
050,47,013,"Tennessee","Campbell County",3,5,465,243,222
050,47,013,"Tennessee","Campbell County",3,6,432,223,209
050,47,013,"Tennessee","Campbell County",3,7,431,225,206
050,47,013,"Tennessee","Campbell County",3,8,420,218,202
050,47,013,"Tennessee","Campbell County",3,9,432,236,196
050,47,013,"Tennessee","Campbell County",3,10,422,234,188
050,47,013,"Tennessee","Campbell County",3,11,424,219,205
050,47,013,"Tennessee","Campbell County",3,12,451,218,233
050,47,013,"Tennessee","Campbell County",3,13,483,245,238
050,47,013,"Tennessee","Campbell County",3,14,508,251,257
050,47,013,"Tennessee","Campbell County",3,15,487,254,233
050,47,013,"Tennessee","Campbell County",3,16,496,258,238
050,47,013,"Tennessee","Campbell County",3,17,505,260,245
050,47,013,"Tennessee","Campbell County",3,18,410,210,200
050,47,013,"Tennessee","Campbell County",3,19,326,167,159
050,47,013,"Tennessee","Campbell County",3,20,398,197,201
050,47,013,"Tennessee","Campbell County",3,21,403,204,199
050,47,013,"Tennessee","Campbell County",3,22,421,220,201
050,47,013,"Tennessee","Campbell County",3,23,444,227,217
050,47,013,"Tennessee","Campbell County",3,24,470,238,232
050,47,013,"Tennessee","Campbell County",3,25,490,252,238
050,47,013,"Tennessee","Campbell County",3,26,494,259,235
050,47,013,"Tennessee","Campbell County",3,27,502,262,240
050,47,013,"Tennessee","Campbell County",3,28,491,258,233
050,47,013,"Tennessee","Campbell County",3,29,496,250,246
050,47,013,"Tennessee","Campbell County",3,30,526,281,245
050,47,013,"Tennessee","Campbell County",3,31,505,253,252
050,47,013,"Tennessee","Campbell County",3,32,466,221,245
050,47,013,"Tennessee","Campbell County",3,33,429,200,229
050,47,013,"Tennessee","Campbell County",3,34,408,201,207
050,47,013,"Tennessee","Campbell County",3,35,399,206,193
050,47,013,"Tennessee","Campbell County",3,36,404,198,206
050,47,013,"Tennessee","Campbell County",3,37,412,188,224
050,47,013,"Tennessee","Campbell County",3,38,434,205,229
050,47,013,"Tennessee","Campbell County",3,39,430,198,232
050,47,013,"Tennessee","Campbell County",3,40,440,233,207
050,47,013,"Tennessee","Campbell County",3,41,453,231,222
050,47,013,"Tennessee","Campbell County",3,42,453,227,226
050,47,013,"Tennessee","Campbell County",3,43,460,230,230
050,47,013,"Tennessee","Campbell County",3,44,482,237,245
050,47,013,"Tennessee","Campbell County",3,45,436,215,221
050,47,013,"Tennessee","Campbell County",3,46,492,242,250
050,47,013,"Tennessee","Campbell County",3,47,522,263,259
050,47,013,"Tennessee","Campbell County",3,48,551,279,272
050,47,013,"Tennessee","Campbell County",3,49,570,280,290
050,47,013,"Tennessee","Campbell County",3,50,606,304,302
050,47,013,"Tennessee","Campbell County",3,51,574,285,289
050,47,013,"Tennessee","Campbell County",3,52,546,282,264
050,47,013,"Tennessee","Campbell County",3,53,584,316,268
050,47,013,"Tennessee","Campbell County",3,54,582,302,280
050,47,013,"Tennessee","Campbell County",3,55,561,271,290
050,47,013,"Tennessee","Campbell County",3,56,574,286,288
050,47,013,"Tennessee","Campbell County",3,57,624,297,327
050,47,013,"Tennessee","Campbell County",3,58,578,277,301
050,47,013,"Tennessee","Campbell County",3,59,554,258,296
050,47,013,"Tennessee","Campbell County",3,60,542,268,274
050,47,013,"Tennessee","Campbell County",3,61,532,270,262
050,47,013,"Tennessee","Campbell County",3,62,553,270,283
050,47,013,"Tennessee","Campbell County",3,63,559,267,292
050,47,013,"Tennessee","Campbell County",3,64,572,290,282
050,47,013,"Tennessee","Campbell County",3,65,550,262,288
050,47,013,"Tennessee","Campbell County",3,66,543,253,290
050,47,013,"Tennessee","Campbell County",3,67,520,243,277
050,47,013,"Tennessee","Campbell County",3,68,498,231,267
050,47,013,"Tennessee","Campbell County",3,69,487,226,261
050,47,013,"Tennessee","Campbell County",3,70,476,229,247
050,47,013,"Tennessee","Campbell County",3,71,445,216,229
050,47,013,"Tennessee","Campbell County",3,72,433,195,238
050,47,013,"Tennessee","Campbell County",3,73,425,188,237
050,47,013,"Tennessee","Campbell County",3,74,455,217,238
050,47,013,"Tennessee","Campbell County",3,75,333,155,178
050,47,013,"Tennessee","Campbell County",3,76,318,137,181
050,47,013,"Tennessee","Campbell County",3,77,321,139,182
050,47,013,"Tennessee","Campbell County",3,78,321,156,165
050,47,013,"Tennessee","Campbell County",3,79,268,124,144
050,47,013,"Tennessee","Campbell County",3,80,247,114,133
050,47,013,"Tennessee","Campbell County",3,81,228,103,125
050,47,013,"Tennessee","Campbell County",3,82,197,87,110
050,47,013,"Tennessee","Campbell County",3,83,177,79,98
050,47,013,"Tennessee","Campbell County",3,84,143,63,80
050,47,013,"Tennessee","Campbell County",3,85,736,296,440
050,47,013,"Tennessee","Campbell County",4,0,421,223,198
050,47,013,"Tennessee","Campbell County",4,1,455,236,219
050,47,013,"Tennessee","Campbell County",4,2,420,211,209
050,47,013,"Tennessee","Campbell County",4,3,434,224,210
050,47,013,"Tennessee","Campbell County",4,4,436,229,207
050,47,013,"Tennessee","Campbell County",4,5,459,251,208
050,47,013,"Tennessee","Campbell County",4,6,472,242,230
050,47,013,"Tennessee","Campbell County",4,7,440,225,215
050,47,013,"Tennessee","Campbell County",4,8,431,224,207
050,47,013,"Tennessee","Campbell County",4,9,426,227,199
050,47,013,"Tennessee","Campbell County",4,10,446,244,202
050,47,013,"Tennessee","Campbell County",4,11,424,232,192
050,47,013,"Tennessee","Campbell County",4,12,438,220,218
050,47,013,"Tennessee","Campbell County",4,13,458,221,237
050,47,013,"Tennessee","Campbell County",4,14,487,246,241
050,47,013,"Tennessee","Campbell County",4,15,520,258,262
050,47,013,"Tennessee","Campbell County",4,16,486,252,234
050,47,013,"Tennessee","Campbell County",4,17,502,264,238
050,47,013,"Tennessee","Campbell County",4,18,422,224,198
050,47,013,"Tennessee","Campbell County",4,19,310,166,144
050,47,013,"Tennessee","Campbell County",4,20,356,186,170
050,47,013,"Tennessee","Campbell County",4,21,418,204,214
050,47,013,"Tennessee","Campbell County",4,22,419,211,208
050,47,013,"Tennessee","Campbell County",4,23,461,243,218
050,47,013,"Tennessee","Campbell County",4,24,467,236,231
050,47,013,"Tennessee","Campbell County",4,25,470,241,229
050,47,013,"Tennessee","Campbell County",4,26,512,258,254
050,47,013,"Tennessee","Campbell County",4,27,491,260,231
050,47,013,"Tennessee","Campbell County",4,28,491,265,226
050,47,013,"Tennessee","Campbell County",4,29,495,260,235
050,47,013,"Tennessee","Campbell County",4,30,496,258,238
050,47,013,"Tennessee","Campbell County",4,31,535,279,256
050,47,013,"Tennessee","Campbell County",4,32,519,261,258
050,47,013,"Tennessee","Campbell County",4,33,469,221,248
050,47,013,"Tennessee","Campbell County",4,34,443,208,235
050,47,013,"Tennessee","Campbell County",4,35,416,203,213
050,47,013,"Tennessee","Campbell County",4,36,419,223,196
050,47,013,"Tennessee","Campbell County",4,37,407,202,205
050,47,013,"Tennessee","Campbell County",4,38,407,186,221
050,47,013,"Tennessee","Campbell County",4,39,432,204,228
050,47,013,"Tennessee","Campbell County",4,40,444,207,237
050,47,013,"Tennessee","Campbell County",4,41,443,231,212
050,47,013,"Tennessee","Campbell County",4,42,462,226,236
050,47,013,"Tennessee","Campbell County",4,43,462,234,228
050,47,013,"Tennessee","Campbell County",4,44,464,232,232
050,47,013,"Tennessee","Campbell County",4,45,493,234,259
050,47,013,"Tennessee","Campbell County",4,46,453,232,221
050,47,013,"Tennessee","Campbell County",4,47,499,248,251
050,47,013,"Tennessee","Campbell County",4,48,535,272,263
050,47,013,"Tennessee","Campbell County",4,49,569,292,277
050,47,013,"Tennessee","Campbell County",4,50,566,280,286
050,47,013,"Tennessee","Campbell County",4,51,600,302,298
050,47,013,"Tennessee","Campbell County",4,52,578,293,285
050,47,013,"Tennessee","Campbell County",4,53,549,288,261
050,47,013,"Tennessee","Campbell County",4,54,584,313,271
050,47,013,"Tennessee","Campbell County",4,55,577,301,276
050,47,013,"Tennessee","Campbell County",4,56,553,270,283
050,47,013,"Tennessee","Campbell County",4,57,589,299,290
050,47,013,"Tennessee","Campbell County",4,58,638,310,328
050,47,013,"Tennessee","Campbell County",4,59,581,281,300
050,47,013,"Tennessee","Campbell County",4,60,554,256,298
050,47,013,"Tennessee","Campbell County",4,61,557,273,284
050,47,013,"Tennessee","Campbell County",4,62,535,266,269
050,47,013,"Tennessee","Campbell County",4,63,541,266,275
050,47,013,"Tennessee","Campbell County",4,64,565,276,289
050,47,013,"Tennessee","Campbell County",4,65,556,284,272
050,47,013,"Tennessee","Campbell County",4,66,548,261,287
050,47,013,"Tennessee","Campbell County",4,67,547,257,290
050,47,013,"Tennessee","Campbell County",4,68,502,233,269
050,47,013,"Tennessee","Campbell County",4,69,488,224,264
050,47,013,"Tennessee","Campbell County",4,70,470,220,250
050,47,013,"Tennessee","Campbell County",4,71,466,223,243
050,47,013,"Tennessee","Campbell County",4,72,418,204,214
050,47,013,"Tennessee","Campbell County",4,73,419,193,226
050,47,013,"Tennessee","Campbell County",4,74,406,181,225
050,47,013,"Tennessee","Campbell County",4,75,441,213,228
050,47,013,"Tennessee","Campbell County",4,76,313,145,168
050,47,013,"Tennessee","Campbell County",4,77,295,132,163
050,47,013,"Tennessee","Campbell County",4,78,293,126,167
050,47,013,"Tennessee","Campbell County",4,79,295,142,153
050,47,013,"Tennessee","Campbell County",4,80,252,117,135
050,47,013,"Tennessee","Campbell County",4,81,224,102,122
050,47,013,"Tennessee","Campbell County",4,82,207,91,116
050,47,013,"Tennessee","Campbell County",4,83,169,71,98
050,47,013,"Tennessee","Campbell County",4,84,150,66,84
050,47,013,"Tennessee","Campbell County",4,85,704,292,412
050,47,013,"Tennessee","Campbell County",5,0,426,228,198
050,47,013,"Tennessee","Campbell County",5,1,439,227,212
050,47,013,"Tennessee","Campbell County",5,2,458,233,225
050,47,013,"Tennessee","Campbell County",5,3,436,213,223
050,47,013,"Tennessee","Campbell County",5,4,463,242,221
050,47,013,"Tennessee","Campbell County",5,5,443,229,214
050,47,013,"Tennessee","Campbell County",5,6,473,250,223
050,47,013,"Tennessee","Campbell County",5,7,484,256,228
050,47,013,"Tennessee","Campbell County",5,8,446,232,214
050,47,013,"Tennessee","Campbell County",5,9,433,222,211
050,47,013,"Tennessee","Campbell County",5,10,438,229,209
050,47,013,"Tennessee","Campbell County",5,11,463,254,209
050,47,013,"Tennessee","Campbell County",5,12,439,238,201
050,47,013,"Tennessee","Campbell County",5,13,453,239,214
050,47,013,"Tennessee","Campbell County",5,14,464,218,246
050,47,013,"Tennessee","Campbell County",5,15,494,246,248
050,47,013,"Tennessee","Campbell County",5,16,528,264,264
050,47,013,"Tennessee","Campbell County",5,17,485,258,227
050,47,013,"Tennessee","Campbell County",5,18,408,220,188
050,47,013,"Tennessee","Campbell County",5,19,330,178,152
050,47,013,"Tennessee","Campbell County",5,20,361,191,170
050,47,013,"Tennessee","Campbell County",5,21,398,204,194
050,47,013,"Tennessee","Campbell County",5,22,459,221,238
050,47,013,"Tennessee","Campbell County",5,23,472,230,242
050,47,013,"Tennessee","Campbell County",5,24,503,267,236
050,47,013,"Tennessee","Campbell County",5,25,483,258,225
050,47,013,"Tennessee","Campbell County",5,26,491,260,231
050,47,013,"Tennessee","Campbell County",5,27,533,272,261
050,47,013,"Tennessee","Campbell County",5,28,519,273,246
050,47,013,"Tennessee","Campbell County",5,29,518,270,248
050,47,013,"Tennessee","Campbell County",5,30,507,271,236
050,47,013,"Tennessee","Campbell County",5,31,513,272,241
050,47,013,"Tennessee","Campbell County",5,32,571,308,263
050,47,013,"Tennessee","Campbell County",5,33,523,257,266
050,47,013,"Tennessee","Campbell County",5,34,488,230,258
050,47,013,"Tennessee","Campbell County",5,35,455,218,237
050,47,013,"Tennessee","Campbell County",5,36,432,204,228
050,47,013,"Tennessee","Campbell County",5,37,430,225,205
050,47,013,"Tennessee","Campbell County",5,38,418,208,210
050,47,013,"Tennessee","Campbell County",5,39,414,181,233
050,47,013,"Tennessee","Campbell County",5,40,448,213,235
050,47,013,"Tennessee","Campbell County",5,41,461,220,241
050,47,013,"Tennessee","Campbell County",5,42,449,234,215
050,47,013,"Tennessee","Campbell County",5,43,450,219,231
050,47,013,"Tennessee","Campbell County",5,44,479,242,237
050,47,013,"Tennessee","Campbell County",5,45,473,229,244
050,47,013,"Tennessee","Campbell County",5,46,507,242,265
050,47,013,"Tennessee","Campbell County",5,47,449,231,218
050,47,013,"Tennessee","Campbell County",5,48,508,253,255
050,47,013,"Tennessee","Campbell County",5,49,542,279,263
050,47,013,"Tennessee","Campbell County",5,50,560,292,268
050,47,013,"Tennessee","Campbell County",5,51,588,282,306
050,47,013,"Tennessee","Campbell County",5,52,613,306,307
050,47,013,"Tennessee","Campbell County",5,53,579,297,282
050,47,013,"Tennessee","Campbell County",5,54,568,294,274
050,47,013,"Tennessee","Campbell County",5,55,602,323,279
050,47,013,"Tennessee","Campbell County",5,56,582,299,283
050,47,013,"Tennessee","Campbell County",5,57,562,277,285
050,47,013,"Tennessee","Campbell County",5,58,597,302,295
050,47,013,"Tennessee","Campbell County",5,59,647,317,330
050,47,013,"Tennessee","Campbell County",5,60,596,287,309
050,47,013,"Tennessee","Campbell County",5,61,573,266,307
050,47,013,"Tennessee","Campbell County",5,62,556,270,286
050,47,013,"Tennessee","Campbell County",5,63,532,267,265
050,47,013,"Tennessee","Campbell County",5,64,541,267,274
050,47,013,"Tennessee","Campbell County",5,65,571,287,284
050,47,013,"Tennessee","Campbell County",5,66,543,276,267
050,47,013,"Tennessee","Campbell County",5,67,548,265,283
050,47,013,"Tennessee","Campbell County",5,68,540,250,290
050,47,013,"Tennessee","Campbell County",5,69,486,220,266
050,47,013,"Tennessee","Campbell County",5,70,477,222,255
050,47,013,"Tennessee","Campbell County",5,71,464,217,247
050,47,013,"Tennessee","Campbell County",5,72,442,214,228
050,47,013,"Tennessee","Campbell County",5,73,395,200,195
050,47,013,"Tennessee","Campbell County",5,74,397,179,218
050,47,013,"Tennessee","Campbell County",5,75,390,174,216
050,47,013,"Tennessee","Campbell County",5,76,423,194,229
050,47,013,"Tennessee","Campbell County",5,77,291,138,153
050,47,013,"Tennessee","Campbell County",5,78,270,122,148
050,47,013,"Tennessee","Campbell County",5,79,269,113,156
050,47,013,"Tennessee","Campbell County",5,80,280,131,149
050,47,013,"Tennessee","Campbell County",5,81,239,111,128
050,47,013,"Tennessee","Campbell County",5,82,199,92,107
050,47,013,"Tennessee","Campbell County",5,83,185,77,108
050,47,013,"Tennessee","Campbell County",5,84,150,63,87
050,47,013,"Tennessee","Campbell County",5,85,711,307,404
050,47,015,"Tennessee","Cannon County",1,0,160,83,77
050,47,015,"Tennessee","Cannon County",1,1,175,91,84
050,47,015,"Tennessee","Cannon County",1,2,189,97,92
050,47,015,"Tennessee","Cannon County",1,3,154,81,73
050,47,015,"Tennessee","Cannon County",1,4,183,94,89
050,47,015,"Tennessee","Cannon County",1,5,173,92,81
050,47,015,"Tennessee","Cannon County",1,6,182,87,95
050,47,015,"Tennessee","Cannon County",1,7,186,100,86
050,47,015,"Tennessee","Cannon County",1,8,185,99,86
050,47,015,"Tennessee","Cannon County",1,9,175,96,79
050,47,015,"Tennessee","Cannon County",1,10,156,87,69
050,47,015,"Tennessee","Cannon County",1,11,180,96,84
050,47,015,"Tennessee","Cannon County",1,12,184,91,93
050,47,015,"Tennessee","Cannon County",1,13,181,94,87
050,47,015,"Tennessee","Cannon County",1,14,172,80,92
050,47,015,"Tennessee","Cannon County",1,15,180,99,81
050,47,015,"Tennessee","Cannon County",1,16,176,99,77
050,47,015,"Tennessee","Cannon County",1,17,177,77,100
050,47,015,"Tennessee","Cannon County",1,18,147,71,76
050,47,015,"Tennessee","Cannon County",1,19,115,64,51
050,47,015,"Tennessee","Cannon County",1,20,128,72,56
050,47,015,"Tennessee","Cannon County",1,21,145,78,67
050,47,015,"Tennessee","Cannon County",1,22,149,75,74
050,47,015,"Tennessee","Cannon County",1,23,167,81,86
050,47,015,"Tennessee","Cannon County",1,24,174,88,86
050,47,015,"Tennessee","Cannon County",1,25,179,90,89
050,47,015,"Tennessee","Cannon County",1,26,192,110,82
050,47,015,"Tennessee","Cannon County",1,27,193,92,101
050,47,015,"Tennessee","Cannon County",1,28,195,111,84
050,47,015,"Tennessee","Cannon County",1,29,208,112,96
050,47,015,"Tennessee","Cannon County",1,30,205,101,104
050,47,015,"Tennessee","Cannon County",1,31,204,107,97
050,47,015,"Tennessee","Cannon County",1,32,174,97,77
050,47,015,"Tennessee","Cannon County",1,33,175,96,79
050,47,015,"Tennessee","Cannon County",1,34,179,85,94
050,47,015,"Tennessee","Cannon County",1,35,173,82,91
050,47,015,"Tennessee","Cannon County",1,36,193,102,91
050,47,015,"Tennessee","Cannon County",1,37,160,79,81
050,47,015,"Tennessee","Cannon County",1,38,172,91,81
050,47,015,"Tennessee","Cannon County",1,39,185,98,87
050,47,015,"Tennessee","Cannon County",1,40,177,96,81
050,47,015,"Tennessee","Cannon County",1,41,169,87,82
050,47,015,"Tennessee","Cannon County",1,42,163,80,83
050,47,015,"Tennessee","Cannon County",1,43,164,86,78
050,47,015,"Tennessee","Cannon County",1,44,162,88,74
050,47,015,"Tennessee","Cannon County",1,45,158,83,75
050,47,015,"Tennessee","Cannon County",1,46,165,82,83
050,47,015,"Tennessee","Cannon County",1,47,187,91,96
050,47,015,"Tennessee","Cannon County",1,48,194,96,98
050,47,015,"Tennessee","Cannon County",1,49,208,109,99
050,47,015,"Tennessee","Cannon County",1,50,230,117,113
050,47,015,"Tennessee","Cannon County",1,51,225,122,103
050,47,015,"Tennessee","Cannon County",1,52,202,110,92
050,47,015,"Tennessee","Cannon County",1,53,198,102,96
050,47,015,"Tennessee","Cannon County",1,54,217,115,102
050,47,015,"Tennessee","Cannon County",1,55,231,127,104
050,47,015,"Tennessee","Cannon County",1,56,231,112,119
050,47,015,"Tennessee","Cannon County",1,57,219,113,106
050,47,015,"Tennessee","Cannon County",1,58,225,126,99
050,47,015,"Tennessee","Cannon County",1,59,214,112,102
050,47,015,"Tennessee","Cannon County",1,60,209,98,111
050,47,015,"Tennessee","Cannon County",1,61,207,99,108
050,47,015,"Tennessee","Cannon County",1,62,207,90,117
050,47,015,"Tennessee","Cannon County",1,63,217,96,121
050,47,015,"Tennessee","Cannon County",1,64,176,84,92
050,47,015,"Tennessee","Cannon County",1,65,173,82,91
050,47,015,"Tennessee","Cannon County",1,66,173,91,82
050,47,015,"Tennessee","Cannon County",1,67,173,88,85
050,47,015,"Tennessee","Cannon County",1,68,154,65,89
050,47,015,"Tennessee","Cannon County",1,69,160,72,88
050,47,015,"Tennessee","Cannon County",1,70,153,70,83
050,47,015,"Tennessee","Cannon County",1,71,142,66,76
050,47,015,"Tennessee","Cannon County",1,72,143,67,76
050,47,015,"Tennessee","Cannon County",1,73,151,63,88
050,47,015,"Tennessee","Cannon County",1,74,102,45,57
050,47,015,"Tennessee","Cannon County",1,75,108,54,54
050,47,015,"Tennessee","Cannon County",1,76,110,49,61
050,47,015,"Tennessee","Cannon County",1,77,109,52,57
050,47,015,"Tennessee","Cannon County",1,78,78,38,40
050,47,015,"Tennessee","Cannon County",1,79,81,32,49
050,47,015,"Tennessee","Cannon County",1,80,69,30,39
050,47,015,"Tennessee","Cannon County",1,81,69,32,37
050,47,015,"Tennessee","Cannon County",1,82,65,25,40
050,47,015,"Tennessee","Cannon County",1,83,54,29,25
050,47,015,"Tennessee","Cannon County",1,84,54,26,28
050,47,015,"Tennessee","Cannon County",1,85,251,84,167
050,47,015,"Tennessee","Cannon County",2,0,158,84,74
050,47,015,"Tennessee","Cannon County",2,1,173,90,83
050,47,015,"Tennessee","Cannon County",2,2,188,98,90
050,47,015,"Tennessee","Cannon County",2,3,164,87,77
050,47,015,"Tennessee","Cannon County",2,4,177,92,85
050,47,015,"Tennessee","Cannon County",2,5,176,91,85
050,47,015,"Tennessee","Cannon County",2,6,186,91,95
050,47,015,"Tennessee","Cannon County",2,7,187,98,89
050,47,015,"Tennessee","Cannon County",2,8,186,99,87
050,47,015,"Tennessee","Cannon County",2,9,175,96,79
050,47,015,"Tennessee","Cannon County",2,10,160,89,71
050,47,015,"Tennessee","Cannon County",2,11,172,93,79
050,47,015,"Tennessee","Cannon County",2,12,184,93,91
050,47,015,"Tennessee","Cannon County",2,13,182,93,89
050,47,015,"Tennessee","Cannon County",2,14,174,84,90
050,47,015,"Tennessee","Cannon County",2,15,176,95,81
050,47,015,"Tennessee","Cannon County",2,16,175,97,78
050,47,015,"Tennessee","Cannon County",2,17,177,82,95
050,47,015,"Tennessee","Cannon County",2,18,148,71,77
050,47,015,"Tennessee","Cannon County",2,19,118,63,55
050,47,015,"Tennessee","Cannon County",2,20,128,71,57
050,47,015,"Tennessee","Cannon County",2,21,145,78,67
050,47,015,"Tennessee","Cannon County",2,22,153,77,76
050,47,015,"Tennessee","Cannon County",2,23,168,82,86
050,47,015,"Tennessee","Cannon County",2,24,176,88,88
050,47,015,"Tennessee","Cannon County",2,25,182,92,90
050,47,015,"Tennessee","Cannon County",2,26,192,105,87
050,47,015,"Tennessee","Cannon County",2,27,197,99,98
050,47,015,"Tennessee","Cannon County",2,28,197,107,90
050,47,015,"Tennessee","Cannon County",2,29,208,113,95
050,47,015,"Tennessee","Cannon County",2,30,209,105,104
050,47,015,"Tennessee","Cannon County",2,31,203,105,98
050,47,015,"Tennessee","Cannon County",2,32,180,99,81
050,47,015,"Tennessee","Cannon County",2,33,177,97,80
050,47,015,"Tennessee","Cannon County",2,34,178,88,90
050,47,015,"Tennessee","Cannon County",2,35,179,85,94
050,47,015,"Tennessee","Cannon County",2,36,187,95,92
050,47,015,"Tennessee","Cannon County",2,37,170,86,84
050,47,015,"Tennessee","Cannon County",2,38,171,90,81
050,47,015,"Tennessee","Cannon County",2,39,182,96,86
050,47,015,"Tennessee","Cannon County",2,40,180,96,84
050,47,015,"Tennessee","Cannon County",2,41,172,91,81
050,47,015,"Tennessee","Cannon County",2,42,162,82,80
050,47,015,"Tennessee","Cannon County",2,43,164,85,79
050,47,015,"Tennessee","Cannon County",2,44,161,87,74
050,47,015,"Tennessee","Cannon County",2,45,161,85,76
050,47,015,"Tennessee","Cannon County",2,46,162,81,81
050,47,015,"Tennessee","Cannon County",2,47,179,87,92
050,47,015,"Tennessee","Cannon County",2,48,192,96,96
050,47,015,"Tennessee","Cannon County",2,49,209,109,100
050,47,015,"Tennessee","Cannon County",2,50,229,118,111
050,47,015,"Tennessee","Cannon County",2,51,224,121,103
050,47,015,"Tennessee","Cannon County",2,52,206,112,94
050,47,015,"Tennessee","Cannon County",2,53,200,104,96
050,47,015,"Tennessee","Cannon County",2,54,211,110,101
050,47,015,"Tennessee","Cannon County",2,55,228,124,104
050,47,015,"Tennessee","Cannon County",2,56,233,117,116
050,47,015,"Tennessee","Cannon County",2,57,224,115,109
050,47,015,"Tennessee","Cannon County",2,58,222,123,99
050,47,015,"Tennessee","Cannon County",2,59,215,115,100
050,47,015,"Tennessee","Cannon County",2,60,214,103,111
050,47,015,"Tennessee","Cannon County",2,61,208,99,109
050,47,015,"Tennessee","Cannon County",2,62,208,92,116
050,47,015,"Tennessee","Cannon County",2,63,215,94,121
050,47,015,"Tennessee","Cannon County",2,64,181,83,98
050,47,015,"Tennessee","Cannon County",2,65,173,82,91
050,47,015,"Tennessee","Cannon County",2,66,175,89,86
050,47,015,"Tennessee","Cannon County",2,67,169,86,83
050,47,015,"Tennessee","Cannon County",2,68,156,70,86
050,47,015,"Tennessee","Cannon County",2,69,160,71,89
050,47,015,"Tennessee","Cannon County",2,70,154,70,84
050,47,015,"Tennessee","Cannon County",2,71,143,67,76
050,47,015,"Tennessee","Cannon County",2,72,138,64,74
050,47,015,"Tennessee","Cannon County",2,73,157,67,90
050,47,015,"Tennessee","Cannon County",2,74,108,47,61
050,47,015,"Tennessee","Cannon County",2,75,108,52,56
050,47,015,"Tennessee","Cannon County",2,76,106,49,57
050,47,015,"Tennessee","Cannon County",2,77,112,53,59
050,47,015,"Tennessee","Cannon County",2,78,82,40,42
050,47,015,"Tennessee","Cannon County",2,79,79,34,45
050,47,015,"Tennessee","Cannon County",2,80,68,27,41
050,47,015,"Tennessee","Cannon County",2,81,70,32,38
050,47,015,"Tennessee","Cannon County",2,82,64,26,38
050,47,015,"Tennessee","Cannon County",2,83,57,28,29
050,47,015,"Tennessee","Cannon County",2,84,52,26,26
050,47,015,"Tennessee","Cannon County",2,85,256,86,170
050,47,015,"Tennessee","Cannon County",3,0,179,95,84
050,47,015,"Tennessee","Cannon County",3,1,163,90,73
050,47,015,"Tennessee","Cannon County",3,2,173,91,82
050,47,015,"Tennessee","Cannon County",3,3,199,102,97
050,47,015,"Tennessee","Cannon County",3,4,170,93,77
050,47,015,"Tennessee","Cannon County",3,5,164,90,74
050,47,015,"Tennessee","Cannon County",3,6,174,85,89
050,47,015,"Tennessee","Cannon County",3,7,187,98,89
050,47,015,"Tennessee","Cannon County",3,8,182,97,85
050,47,015,"Tennessee","Cannon County",3,9,169,90,79
050,47,015,"Tennessee","Cannon County",3,10,168,92,76
050,47,015,"Tennessee","Cannon County",3,11,166,87,79
050,47,015,"Tennessee","Cannon County",3,12,177,91,86
050,47,015,"Tennessee","Cannon County",3,13,183,90,93
050,47,015,"Tennessee","Cannon County",3,14,175,92,83
050,47,015,"Tennessee","Cannon County",3,15,174,89,85
050,47,015,"Tennessee","Cannon County",3,16,176,98,78
050,47,015,"Tennessee","Cannon County",3,17,176,100,76
050,47,015,"Tennessee","Cannon County",3,18,143,72,71
050,47,015,"Tennessee","Cannon County",3,19,112,52,60
050,47,015,"Tennessee","Cannon County",3,20,127,63,64
050,47,015,"Tennessee","Cannon County",3,21,128,70,58
050,47,015,"Tennessee","Cannon County",3,22,160,84,76
050,47,015,"Tennessee","Cannon County",3,23,162,80,82
050,47,015,"Tennessee","Cannon County",3,24,171,81,90
050,47,015,"Tennessee","Cannon County",3,25,177,89,88
050,47,015,"Tennessee","Cannon County",3,26,186,95,91
050,47,015,"Tennessee","Cannon County",3,27,193,104,89
050,47,015,"Tennessee","Cannon County",3,28,201,105,96
050,47,015,"Tennessee","Cannon County",3,29,193,108,85
050,47,015,"Tennessee","Cannon County",3,30,203,107,96
050,47,015,"Tennessee","Cannon County",3,31,203,102,101
050,47,015,"Tennessee","Cannon County",3,32,206,99,107
050,47,015,"Tennessee","Cannon County",3,33,177,94,83
050,47,015,"Tennessee","Cannon County",3,34,181,97,84
050,47,015,"Tennessee","Cannon County",3,35,181,90,91
050,47,015,"Tennessee","Cannon County",3,36,165,73,92
050,47,015,"Tennessee","Cannon County",3,37,193,97,96
050,47,015,"Tennessee","Cannon County",3,38,168,79,89
050,47,015,"Tennessee","Cannon County",3,39,152,78,74
050,47,015,"Tennessee","Cannon County",3,40,185,98,87
050,47,015,"Tennessee","Cannon County",3,41,180,93,87
050,47,015,"Tennessee","Cannon County",3,42,163,85,78
050,47,015,"Tennessee","Cannon County",3,43,158,77,81
050,47,015,"Tennessee","Cannon County",3,44,168,88,80
050,47,015,"Tennessee","Cannon County",3,45,167,90,77
050,47,015,"Tennessee","Cannon County",3,46,165,88,77
050,47,015,"Tennessee","Cannon County",3,47,161,74,87
050,47,015,"Tennessee","Cannon County",3,48,183,93,90
050,47,015,"Tennessee","Cannon County",3,49,195,94,101
050,47,015,"Tennessee","Cannon County",3,50,211,109,102
050,47,015,"Tennessee","Cannon County",3,51,226,115,111
050,47,015,"Tennessee","Cannon County",3,52,226,122,104
050,47,015,"Tennessee","Cannon County",3,53,199,107,92
050,47,015,"Tennessee","Cannon County",3,54,203,101,102
050,47,015,"Tennessee","Cannon County",3,55,216,113,103
050,47,015,"Tennessee","Cannon County",3,56,231,127,104
050,47,015,"Tennessee","Cannon County",3,57,234,116,118
050,47,015,"Tennessee","Cannon County",3,58,227,115,112
050,47,015,"Tennessee","Cannon County",3,59,224,123,101
050,47,015,"Tennessee","Cannon County",3,60,224,120,104
050,47,015,"Tennessee","Cannon County",3,61,212,101,111
050,47,015,"Tennessee","Cannon County",3,62,200,95,105
050,47,015,"Tennessee","Cannon County",3,63,207,90,117
050,47,015,"Tennessee","Cannon County",3,64,220,93,127
050,47,015,"Tennessee","Cannon County",3,65,188,86,102
050,47,015,"Tennessee","Cannon County",3,66,159,78,81
050,47,015,"Tennessee","Cannon County",3,67,167,84,83
050,47,015,"Tennessee","Cannon County",3,68,166,84,82
050,47,015,"Tennessee","Cannon County",3,69,153,71,82
050,47,015,"Tennessee","Cannon County",3,70,156,70,86
050,47,015,"Tennessee","Cannon County",3,71,155,69,86
050,47,015,"Tennessee","Cannon County",3,72,142,67,75
050,47,015,"Tennessee","Cannon County",3,73,136,59,77
050,47,015,"Tennessee","Cannon County",3,74,147,61,86
050,47,015,"Tennessee","Cannon County",3,75,102,45,57
050,47,015,"Tennessee","Cannon County",3,76,103,48,55
050,47,015,"Tennessee","Cannon County",3,77,103,48,55
050,47,015,"Tennessee","Cannon County",3,78,104,46,58
050,47,015,"Tennessee","Cannon County",3,79,83,39,44
050,47,015,"Tennessee","Cannon County",3,80,70,29,41
050,47,015,"Tennessee","Cannon County",3,81,59,23,36
050,47,015,"Tennessee","Cannon County",3,82,59,29,30
050,47,015,"Tennessee","Cannon County",3,83,59,22,37
050,47,015,"Tennessee","Cannon County",3,84,55,27,28
050,47,015,"Tennessee","Cannon County",3,85,249,91,158
050,47,015,"Tennessee","Cannon County",4,0,186,86,100
050,47,015,"Tennessee","Cannon County",4,1,196,113,83
050,47,015,"Tennessee","Cannon County",4,2,163,92,71
050,47,015,"Tennessee","Cannon County",4,3,186,91,95
050,47,015,"Tennessee","Cannon County",4,4,193,100,93
050,47,015,"Tennessee","Cannon County",4,5,158,85,73
050,47,015,"Tennessee","Cannon County",4,6,158,89,69
050,47,015,"Tennessee","Cannon County",4,7,173,92,81
050,47,015,"Tennessee","Cannon County",4,8,180,98,82
050,47,015,"Tennessee","Cannon County",4,9,188,100,88
050,47,015,"Tennessee","Cannon County",4,10,173,94,79
050,47,015,"Tennessee","Cannon County",4,11,194,103,91
050,47,015,"Tennessee","Cannon County",4,12,169,93,76
050,47,015,"Tennessee","Cannon County",4,13,171,93,78
050,47,015,"Tennessee","Cannon County",4,14,192,91,101
050,47,015,"Tennessee","Cannon County",4,15,184,95,89
050,47,015,"Tennessee","Cannon County",4,16,180,88,92
050,47,015,"Tennessee","Cannon County",4,17,183,98,85
050,47,015,"Tennessee","Cannon County",4,18,150,86,64
050,47,015,"Tennessee","Cannon County",4,19,107,56,51
050,47,015,"Tennessee","Cannon County",4,20,126,55,71
050,47,015,"Tennessee","Cannon County",4,21,131,71,60
050,47,015,"Tennessee","Cannon County",4,22,140,79,61
050,47,015,"Tennessee","Cannon County",4,23,170,86,84
050,47,015,"Tennessee","Cannon County",4,24,186,91,95
050,47,015,"Tennessee","Cannon County",4,25,180,85,95
050,47,015,"Tennessee","Cannon County",4,26,183,100,83
050,47,015,"Tennessee","Cannon County",4,27,199,103,96
050,47,015,"Tennessee","Cannon County",4,28,188,99,89
050,47,015,"Tennessee","Cannon County",4,29,200,106,94
050,47,015,"Tennessee","Cannon County",4,30,192,109,83
050,47,015,"Tennessee","Cannon County",4,31,212,109,103
050,47,015,"Tennessee","Cannon County",4,32,208,106,102
050,47,015,"Tennessee","Cannon County",4,33,205,100,105
050,47,015,"Tennessee","Cannon County",4,34,179,98,81
050,47,015,"Tennessee","Cannon County",4,35,180,90,90
050,47,015,"Tennessee","Cannon County",4,36,192,96,96
050,47,015,"Tennessee","Cannon County",4,37,181,77,104
050,47,015,"Tennessee","Cannon County",4,38,197,98,99
050,47,015,"Tennessee","Cannon County",4,39,158,75,83
050,47,015,"Tennessee","Cannon County",4,40,170,85,85
050,47,015,"Tennessee","Cannon County",4,41,184,95,89
050,47,015,"Tennessee","Cannon County",4,42,179,97,82
050,47,015,"Tennessee","Cannon County",4,43,176,94,82
050,47,015,"Tennessee","Cannon County",4,44,155,72,83
050,47,015,"Tennessee","Cannon County",4,45,177,91,86
050,47,015,"Tennessee","Cannon County",4,46,169,92,77
050,47,015,"Tennessee","Cannon County",4,47,168,95,73
050,47,015,"Tennessee","Cannon County",4,48,165,76,89
050,47,015,"Tennessee","Cannon County",4,49,191,98,93
050,47,015,"Tennessee","Cannon County",4,50,211,103,108
050,47,015,"Tennessee","Cannon County",4,51,208,108,100
050,47,015,"Tennessee","Cannon County",4,52,225,115,110
050,47,015,"Tennessee","Cannon County",4,53,230,131,99
050,47,015,"Tennessee","Cannon County",4,54,204,109,95
050,47,015,"Tennessee","Cannon County",4,55,218,110,108
050,47,015,"Tennessee","Cannon County",4,56,223,114,109
050,47,015,"Tennessee","Cannon County",4,57,227,125,102
050,47,015,"Tennessee","Cannon County",4,58,235,115,120
050,47,015,"Tennessee","Cannon County",4,59,231,115,116
050,47,015,"Tennessee","Cannon County",4,60,239,125,114
050,47,015,"Tennessee","Cannon County",4,61,220,117,103
050,47,015,"Tennessee","Cannon County",4,62,212,101,111
050,47,015,"Tennessee","Cannon County",4,63,198,93,105
050,47,015,"Tennessee","Cannon County",4,64,207,94,113
050,47,015,"Tennessee","Cannon County",4,65,221,93,128
050,47,015,"Tennessee","Cannon County",4,66,184,88,96
050,47,015,"Tennessee","Cannon County",4,67,162,79,83
050,47,015,"Tennessee","Cannon County",4,68,161,83,78
050,47,015,"Tennessee","Cannon County",4,69,160,81,79
050,47,015,"Tennessee","Cannon County",4,70,139,65,74
050,47,015,"Tennessee","Cannon County",4,71,156,73,83
050,47,015,"Tennessee","Cannon County",4,72,147,65,82
050,47,015,"Tennessee","Cannon County",4,73,139,65,74
050,47,015,"Tennessee","Cannon County",4,74,129,58,71
050,47,015,"Tennessee","Cannon County",4,75,139,60,79
050,47,015,"Tennessee","Cannon County",4,76,103,44,59
050,47,015,"Tennessee","Cannon County",4,77,102,48,54
050,47,015,"Tennessee","Cannon County",4,78,95,42,53
050,47,015,"Tennessee","Cannon County",4,79,106,47,59
050,47,015,"Tennessee","Cannon County",4,80,71,32,39
050,47,015,"Tennessee","Cannon County",4,81,66,27,39
050,47,015,"Tennessee","Cannon County",4,82,51,19,32
050,47,015,"Tennessee","Cannon County",4,83,57,30,27
050,47,015,"Tennessee","Cannon County",4,84,53,20,33
050,47,015,"Tennessee","Cannon County",4,85,253,97,156
050,47,015,"Tennessee","Cannon County",5,0,182,84,98
050,47,015,"Tennessee","Cannon County",5,1,201,87,114
050,47,015,"Tennessee","Cannon County",5,2,199,114,85
050,47,015,"Tennessee","Cannon County",5,3,180,99,81
050,47,015,"Tennessee","Cannon County",5,4,185,96,89
050,47,015,"Tennessee","Cannon County",5,5,195,109,86
050,47,015,"Tennessee","Cannon County",5,6,167,90,77
050,47,015,"Tennessee","Cannon County",5,7,161,82,79
050,47,015,"Tennessee","Cannon County",5,8,170,91,79
050,47,015,"Tennessee","Cannon County",5,9,191,109,82
050,47,015,"Tennessee","Cannon County",5,10,188,101,87
050,47,015,"Tennessee","Cannon County",5,11,178,97,81
050,47,015,"Tennessee","Cannon County",5,12,209,114,95
050,47,015,"Tennessee","Cannon County",5,13,174,91,83
050,47,015,"Tennessee","Cannon County",5,14,178,97,81
050,47,015,"Tennessee","Cannon County",5,15,188,93,95
050,47,015,"Tennessee","Cannon County",5,16,182,96,86
050,47,015,"Tennessee","Cannon County",5,17,177,89,88
050,47,015,"Tennessee","Cannon County",5,18,155,89,66
050,47,015,"Tennessee","Cannon County",5,19,108,64,44
050,47,015,"Tennessee","Cannon County",5,20,125,66,59
050,47,015,"Tennessee","Cannon County",5,21,138,57,81
050,47,015,"Tennessee","Cannon County",5,22,152,79,73
050,47,015,"Tennessee","Cannon County",5,23,169,92,77
050,47,015,"Tennessee","Cannon County",5,24,167,91,76
050,47,015,"Tennessee","Cannon County",5,25,190,90,100
050,47,015,"Tennessee","Cannon County",5,26,184,90,94
050,47,015,"Tennessee","Cannon County",5,27,176,93,83
050,47,015,"Tennessee","Cannon County",5,28,206,111,95
050,47,015,"Tennessee","Cannon County",5,29,203,113,90
050,47,015,"Tennessee","Cannon County",5,30,197,99,98
050,47,015,"Tennessee","Cannon County",5,31,199,106,93
050,47,015,"Tennessee","Cannon County",5,32,215,115,100
050,47,015,"Tennessee","Cannon County",5,33,219,112,107
050,47,015,"Tennessee","Cannon County",5,34,212,108,104
050,47,015,"Tennessee","Cannon County",5,35,183,98,85
050,47,015,"Tennessee","Cannon County",5,36,183,90,93
050,47,015,"Tennessee","Cannon County",5,37,201,105,96
050,47,015,"Tennessee","Cannon County",5,38,177,75,102
050,47,015,"Tennessee","Cannon County",5,39,195,95,100
050,47,015,"Tennessee","Cannon County",5,40,145,69,76
050,47,015,"Tennessee","Cannon County",5,41,173,86,87
050,47,015,"Tennessee","Cannon County",5,42,187,98,89
050,47,015,"Tennessee","Cannon County",5,43,182,100,82
050,47,015,"Tennessee","Cannon County",5,44,170,88,82
050,47,015,"Tennessee","Cannon County",5,45,155,73,82
050,47,015,"Tennessee","Cannon County",5,46,175,88,87
050,47,015,"Tennessee","Cannon County",5,47,169,94,75
050,47,015,"Tennessee","Cannon County",5,48,169,91,78
050,47,015,"Tennessee","Cannon County",5,49,170,78,92
050,47,015,"Tennessee","Cannon County",5,50,195,101,94
050,47,015,"Tennessee","Cannon County",5,51,207,100,107
050,47,015,"Tennessee","Cannon County",5,52,220,121,99
050,47,015,"Tennessee","Cannon County",5,53,233,119,114
050,47,015,"Tennessee","Cannon County",5,54,230,132,98
050,47,015,"Tennessee","Cannon County",5,55,210,111,99
050,47,015,"Tennessee","Cannon County",5,56,220,110,110
050,47,015,"Tennessee","Cannon County",5,57,228,116,112
050,47,015,"Tennessee","Cannon County",5,58,230,127,103
050,47,015,"Tennessee","Cannon County",5,59,237,119,118
050,47,015,"Tennessee","Cannon County",5,60,224,111,113
050,47,015,"Tennessee","Cannon County",5,61,231,122,109
050,47,015,"Tennessee","Cannon County",5,62,215,114,101
050,47,015,"Tennessee","Cannon County",5,63,228,111,117
050,47,015,"Tennessee","Cannon County",5,64,195,88,107
050,47,015,"Tennessee","Cannon County",5,65,208,94,114
050,47,015,"Tennessee","Cannon County",5,66,219,93,126
050,47,015,"Tennessee","Cannon County",5,67,186,92,94
050,47,015,"Tennessee","Cannon County",5,68,159,76,83
050,47,015,"Tennessee","Cannon County",5,69,159,81,78
050,47,015,"Tennessee","Cannon County",5,70,157,80,77
050,47,015,"Tennessee","Cannon County",5,71,141,67,74
050,47,015,"Tennessee","Cannon County",5,72,149,70,79
050,47,015,"Tennessee","Cannon County",5,73,142,62,80
050,47,015,"Tennessee","Cannon County",5,74,132,64,68
050,47,015,"Tennessee","Cannon County",5,75,125,58,67
050,47,015,"Tennessee","Cannon County",5,76,140,59,81
050,47,015,"Tennessee","Cannon County",5,77,100,43,57
050,47,015,"Tennessee","Cannon County",5,78,93,40,53
050,47,015,"Tennessee","Cannon County",5,79,93,40,53
050,47,015,"Tennessee","Cannon County",5,80,96,40,56
050,47,015,"Tennessee","Cannon County",5,81,71,32,39
050,47,015,"Tennessee","Cannon County",5,82,59,22,37
050,47,015,"Tennessee","Cannon County",5,83,51,19,32
050,47,015,"Tennessee","Cannon County",5,84,55,28,27
050,47,015,"Tennessee","Cannon County",5,85,271,98,173
050,47,017,"Tennessee","Carroll County",1,0,302,154,148
050,47,017,"Tennessee","Carroll County",1,1,300,159,141
050,47,017,"Tennessee","Carroll County",1,2,293,163,130
050,47,017,"Tennessee","Carroll County",1,3,309,163,146
050,47,017,"Tennessee","Carroll County",1,4,342,173,169
050,47,017,"Tennessee","Carroll County",1,5,342,176,166
050,47,017,"Tennessee","Carroll County",1,6,336,163,173
050,47,017,"Tennessee","Carroll County",1,7,379,202,177
050,47,017,"Tennessee","Carroll County",1,8,353,187,166
050,47,017,"Tennessee","Carroll County",1,9,351,180,171
050,47,017,"Tennessee","Carroll County",1,10,380,206,174
050,47,017,"Tennessee","Carroll County",1,11,393,203,190
050,47,017,"Tennessee","Carroll County",1,12,376,211,165
050,47,017,"Tennessee","Carroll County",1,13,344,175,169
050,47,017,"Tennessee","Carroll County",1,14,362,176,186
050,47,017,"Tennessee","Carroll County",1,15,364,189,175
050,47,017,"Tennessee","Carroll County",1,16,361,200,161
050,47,017,"Tennessee","Carroll County",1,17,339,185,154
050,47,017,"Tennessee","Carroll County",1,18,451,230,221
050,47,017,"Tennessee","Carroll County",1,19,510,286,224
050,47,017,"Tennessee","Carroll County",1,20,418,235,183
050,47,017,"Tennessee","Carroll County",1,21,352,181,171
050,47,017,"Tennessee","Carroll County",1,22,369,197,172
050,47,017,"Tennessee","Carroll County",1,23,317,162,155
050,47,017,"Tennessee","Carroll County",1,24,320,152,168
050,47,017,"Tennessee","Carroll County",1,25,286,144,142
050,47,017,"Tennessee","Carroll County",1,26,311,161,150
050,47,017,"Tennessee","Carroll County",1,27,307,165,142
050,47,017,"Tennessee","Carroll County",1,28,348,177,171
050,47,017,"Tennessee","Carroll County",1,29,347,170,177
050,47,017,"Tennessee","Carroll County",1,30,330,166,164
050,47,017,"Tennessee","Carroll County",1,31,336,171,165
050,47,017,"Tennessee","Carroll County",1,32,330,165,165
050,47,017,"Tennessee","Carroll County",1,33,305,142,163
050,47,017,"Tennessee","Carroll County",1,34,291,136,155
050,47,017,"Tennessee","Carroll County",1,35,293,153,140
050,47,017,"Tennessee","Carroll County",1,36,287,140,147
050,47,017,"Tennessee","Carroll County",1,37,282,138,144
050,47,017,"Tennessee","Carroll County",1,38,319,159,160
050,47,017,"Tennessee","Carroll County",1,39,329,154,175
050,47,017,"Tennessee","Carroll County",1,40,292,147,145
050,47,017,"Tennessee","Carroll County",1,41,301,143,158
050,47,017,"Tennessee","Carroll County",1,42,289,147,142
050,47,017,"Tennessee","Carroll County",1,43,317,155,162
050,47,017,"Tennessee","Carroll County",1,44,307,147,160
050,47,017,"Tennessee","Carroll County",1,45,324,166,158
050,47,017,"Tennessee","Carroll County",1,46,313,150,163
050,47,017,"Tennessee","Carroll County",1,47,314,146,168
050,47,017,"Tennessee","Carroll County",1,48,367,186,181
050,47,017,"Tennessee","Carroll County",1,49,410,207,203
050,47,017,"Tennessee","Carroll County",1,50,387,195,192
050,47,017,"Tennessee","Carroll County",1,51,376,198,178
050,47,017,"Tennessee","Carroll County",1,52,367,182,185
050,47,017,"Tennessee","Carroll County",1,53,378,184,194
050,47,017,"Tennessee","Carroll County",1,54,396,191,205
050,47,017,"Tennessee","Carroll County",1,55,386,195,191
050,47,017,"Tennessee","Carroll County",1,56,397,197,200
050,47,017,"Tennessee","Carroll County",1,57,411,199,212
050,47,017,"Tennessee","Carroll County",1,58,441,226,215
050,47,017,"Tennessee","Carroll County",1,59,412,207,205
050,47,017,"Tennessee","Carroll County",1,60,382,197,185
050,47,017,"Tennessee","Carroll County",1,61,392,197,195
050,47,017,"Tennessee","Carroll County",1,62,380,185,195
050,47,017,"Tennessee","Carroll County",1,63,370,181,189
050,47,017,"Tennessee","Carroll County",1,64,391,193,198
050,47,017,"Tennessee","Carroll County",1,65,371,173,198
050,47,017,"Tennessee","Carroll County",1,66,354,163,191
050,47,017,"Tennessee","Carroll County",1,67,340,156,184
050,47,017,"Tennessee","Carroll County",1,68,324,153,171
050,47,017,"Tennessee","Carroll County",1,69,333,148,185
050,47,017,"Tennessee","Carroll County",1,70,333,145,188
050,47,017,"Tennessee","Carroll County",1,71,343,163,180
050,47,017,"Tennessee","Carroll County",1,72,354,169,185
050,47,017,"Tennessee","Carroll County",1,73,343,162,181
050,47,017,"Tennessee","Carroll County",1,74,241,119,122
050,47,017,"Tennessee","Carroll County",1,75,253,120,133
050,47,017,"Tennessee","Carroll County",1,76,258,118,140
050,47,017,"Tennessee","Carroll County",1,77,231,96,135
050,47,017,"Tennessee","Carroll County",1,78,189,79,110
050,47,017,"Tennessee","Carroll County",1,79,169,77,92
050,47,017,"Tennessee","Carroll County",1,80,146,58,88
050,47,017,"Tennessee","Carroll County",1,81,159,70,89
050,47,017,"Tennessee","Carroll County",1,82,123,50,73
050,47,017,"Tennessee","Carroll County",1,83,115,50,65
050,47,017,"Tennessee","Carroll County",1,84,112,46,66
050,47,017,"Tennessee","Carroll County",1,85,589,208,381
050,47,017,"Tennessee","Carroll County",2,0,299,148,151
050,47,017,"Tennessee","Carroll County",2,1,297,158,139
050,47,017,"Tennessee","Carroll County",2,2,296,165,131
050,47,017,"Tennessee","Carroll County",2,3,305,163,142
050,47,017,"Tennessee","Carroll County",2,4,343,175,168
050,47,017,"Tennessee","Carroll County",2,5,346,178,168
050,47,017,"Tennessee","Carroll County",2,6,339,168,171
050,47,017,"Tennessee","Carroll County",2,7,372,193,179
050,47,017,"Tennessee","Carroll County",2,8,359,192,167
050,47,017,"Tennessee","Carroll County",2,9,354,183,171
050,47,017,"Tennessee","Carroll County",2,10,376,202,174
050,47,017,"Tennessee","Carroll County",2,11,388,203,185
050,47,017,"Tennessee","Carroll County",2,12,380,209,171
050,47,017,"Tennessee","Carroll County",2,13,352,184,168
050,47,017,"Tennessee","Carroll County",2,14,356,175,181
050,47,017,"Tennessee","Carroll County",2,15,365,187,178
050,47,017,"Tennessee","Carroll County",2,16,362,198,164
050,47,017,"Tennessee","Carroll County",2,17,345,188,157
050,47,017,"Tennessee","Carroll County",2,18,443,228,215
050,47,017,"Tennessee","Carroll County",2,19,512,286,226
050,47,017,"Tennessee","Carroll County",2,20,419,234,185
050,47,017,"Tennessee","Carroll County",2,21,355,181,174
050,47,017,"Tennessee","Carroll County",2,22,363,194,169
050,47,017,"Tennessee","Carroll County",2,23,322,164,158
050,47,017,"Tennessee","Carroll County",2,24,313,151,162
050,47,017,"Tennessee","Carroll County",2,25,291,143,148
050,47,017,"Tennessee","Carroll County",2,26,304,157,147
050,47,017,"Tennessee","Carroll County",2,27,313,166,147
050,47,017,"Tennessee","Carroll County",2,28,339,175,164
050,47,017,"Tennessee","Carroll County",2,29,346,171,175
050,47,017,"Tennessee","Carroll County",2,30,333,165,168
050,47,017,"Tennessee","Carroll County",2,31,337,171,166
050,47,017,"Tennessee","Carroll County",2,32,331,165,166
050,47,017,"Tennessee","Carroll County",2,33,312,150,162
050,47,017,"Tennessee","Carroll County",2,34,294,137,157
050,47,017,"Tennessee","Carroll County",2,35,297,150,147
050,47,017,"Tennessee","Carroll County",2,36,285,141,144
050,47,017,"Tennessee","Carroll County",2,37,287,139,148
050,47,017,"Tennessee","Carroll County",2,38,317,158,159
050,47,017,"Tennessee","Carroll County",2,39,325,153,172
050,47,017,"Tennessee","Carroll County",2,40,298,148,150
050,47,017,"Tennessee","Carroll County",2,41,300,145,155
050,47,017,"Tennessee","Carroll County",2,42,288,145,143
050,47,017,"Tennessee","Carroll County",2,43,312,155,157
050,47,017,"Tennessee","Carroll County",2,44,309,149,160
050,47,017,"Tennessee","Carroll County",2,45,325,163,162
050,47,017,"Tennessee","Carroll County",2,46,309,151,158
050,47,017,"Tennessee","Carroll County",2,47,316,149,167
050,47,017,"Tennessee","Carroll County",2,48,352,175,177
050,47,017,"Tennessee","Carroll County",2,49,401,202,199
050,47,017,"Tennessee","Carroll County",2,50,390,198,192
050,47,017,"Tennessee","Carroll County",2,51,375,193,182
050,47,017,"Tennessee","Carroll County",2,52,369,187,182
050,47,017,"Tennessee","Carroll County",2,53,373,182,191
050,47,017,"Tennessee","Carroll County",2,54,390,189,201
050,47,017,"Tennessee","Carroll County",2,55,386,192,194
050,47,017,"Tennessee","Carroll County",2,56,398,200,198
050,47,017,"Tennessee","Carroll County",2,57,409,201,208
050,47,017,"Tennessee","Carroll County",2,58,432,216,216
050,47,017,"Tennessee","Carroll County",2,59,418,211,207
050,47,017,"Tennessee","Carroll County",2,60,390,201,189
050,47,017,"Tennessee","Carroll County",2,61,389,197,192
050,47,017,"Tennessee","Carroll County",2,62,384,188,196
050,47,017,"Tennessee","Carroll County",2,63,375,183,192
050,47,017,"Tennessee","Carroll County",2,64,382,187,195
050,47,017,"Tennessee","Carroll County",2,65,374,176,198
050,47,017,"Tennessee","Carroll County",2,66,359,164,195
050,47,017,"Tennessee","Carroll County",2,67,340,158,182
050,47,017,"Tennessee","Carroll County",2,68,327,155,172
050,47,017,"Tennessee","Carroll County",2,69,329,148,181
050,47,017,"Tennessee","Carroll County",2,70,331,145,186
050,47,017,"Tennessee","Carroll County",2,71,338,156,182
050,47,017,"Tennessee","Carroll County",2,72,345,164,181
050,47,017,"Tennessee","Carroll County",2,73,361,170,191
050,47,017,"Tennessee","Carroll County",2,74,249,121,128
050,47,017,"Tennessee","Carroll County",2,75,249,118,131
050,47,017,"Tennessee","Carroll County",2,76,252,115,137
050,47,017,"Tennessee","Carroll County",2,77,242,102,140
050,47,017,"Tennessee","Carroll County",2,78,195,80,115
050,47,017,"Tennessee","Carroll County",2,79,169,77,92
050,47,017,"Tennessee","Carroll County",2,80,149,60,89
050,47,017,"Tennessee","Carroll County",2,81,152,64,88
050,47,017,"Tennessee","Carroll County",2,82,127,52,75
050,47,017,"Tennessee","Carroll County",2,83,111,46,65
050,47,017,"Tennessee","Carroll County",2,84,107,45,62
050,47,017,"Tennessee","Carroll County",2,85,586,206,380
050,47,017,"Tennessee","Carroll County",3,0,296,146,150
050,47,017,"Tennessee","Carroll County",3,1,319,153,166
050,47,017,"Tennessee","Carroll County",3,2,306,164,142
050,47,017,"Tennessee","Carroll County",3,3,304,155,149
050,47,017,"Tennessee","Carroll County",3,4,305,160,145
050,47,017,"Tennessee","Carroll County",3,5,354,193,161
050,47,017,"Tennessee","Carroll County",3,6,342,179,163
050,47,017,"Tennessee","Carroll County",3,7,335,160,175
050,47,017,"Tennessee","Carroll County",3,8,375,194,181
050,47,017,"Tennessee","Carroll County",3,9,369,194,175
050,47,017,"Tennessee","Carroll County",3,10,363,185,178
050,47,017,"Tennessee","Carroll County",3,11,366,203,163
050,47,017,"Tennessee","Carroll County",3,12,386,206,180
050,47,017,"Tennessee","Carroll County",3,13,394,216,178
050,47,017,"Tennessee","Carroll County",3,14,353,179,174
050,47,017,"Tennessee","Carroll County",3,15,362,184,178
050,47,017,"Tennessee","Carroll County",3,16,362,187,175
050,47,017,"Tennessee","Carroll County",3,17,360,198,162
050,47,017,"Tennessee","Carroll County",3,18,435,228,207
050,47,017,"Tennessee","Carroll County",3,19,510,287,223
050,47,017,"Tennessee","Carroll County",3,20,423,231,192
050,47,017,"Tennessee","Carroll County",3,21,362,188,174
050,47,017,"Tennessee","Carroll County",3,22,351,202,149
050,47,017,"Tennessee","Carroll County",3,23,312,157,155
050,47,017,"Tennessee","Carroll County",3,24,323,156,167
050,47,017,"Tennessee","Carroll County",3,25,303,146,157
050,47,017,"Tennessee","Carroll County",3,26,283,143,140
050,47,017,"Tennessee","Carroll County",3,27,309,156,153
050,47,017,"Tennessee","Carroll County",3,28,299,151,148
050,47,017,"Tennessee","Carroll County",3,29,341,174,167
050,47,017,"Tennessee","Carroll County",3,30,346,165,181
050,47,017,"Tennessee","Carroll County",3,31,328,162,166
050,47,017,"Tennessee","Carroll County",3,32,326,161,165
050,47,017,"Tennessee","Carroll County",3,33,325,164,161
050,47,017,"Tennessee","Carroll County",3,34,290,131,159
050,47,017,"Tennessee","Carroll County",3,35,294,141,153
050,47,017,"Tennessee","Carroll County",3,36,291,142,149
050,47,017,"Tennessee","Carroll County",3,37,290,139,151
050,47,017,"Tennessee","Carroll County",3,38,295,155,140
050,47,017,"Tennessee","Carroll County",3,39,318,147,171
050,47,017,"Tennessee","Carroll County",3,40,305,147,158
050,47,017,"Tennessee","Carroll County",3,41,303,151,152
050,47,017,"Tennessee","Carroll County",3,42,294,140,154
050,47,017,"Tennessee","Carroll County",3,43,295,152,143
050,47,017,"Tennessee","Carroll County",3,44,322,166,156
050,47,017,"Tennessee","Carroll County",3,45,319,153,166
050,47,017,"Tennessee","Carroll County",3,46,314,154,160
050,47,017,"Tennessee","Carroll County",3,47,313,155,158
050,47,017,"Tennessee","Carroll County",3,48,306,141,165
050,47,017,"Tennessee","Carroll County",3,49,361,179,182
050,47,017,"Tennessee","Carroll County",3,50,399,200,199
050,47,017,"Tennessee","Carroll County",3,51,380,190,190
050,47,017,"Tennessee","Carroll County",3,52,371,193,178
050,47,017,"Tennessee","Carroll County",3,53,374,185,189
050,47,017,"Tennessee","Carroll County",3,54,383,190,193
050,47,017,"Tennessee","Carroll County",3,55,387,186,201
050,47,017,"Tennessee","Carroll County",3,56,406,203,203
050,47,017,"Tennessee","Carroll County",3,57,401,197,204
050,47,017,"Tennessee","Carroll County",3,58,415,193,222
050,47,017,"Tennessee","Carroll County",3,59,426,215,211
050,47,017,"Tennessee","Carroll County",3,60,403,203,200
050,47,017,"Tennessee","Carroll County",3,61,378,196,182
050,47,017,"Tennessee","Carroll County",3,62,397,204,193
050,47,017,"Tennessee","Carroll County",3,63,387,191,196
050,47,017,"Tennessee","Carroll County",3,64,379,186,193
050,47,017,"Tennessee","Carroll County",3,65,373,182,191
050,47,017,"Tennessee","Carroll County",3,66,367,173,194
050,47,017,"Tennessee","Carroll County",3,67,356,165,191
050,47,017,"Tennessee","Carroll County",3,68,336,160,176
050,47,017,"Tennessee","Carroll County",3,69,307,142,165
050,47,017,"Tennessee","Carroll County",3,70,327,144,183
050,47,017,"Tennessee","Carroll County",3,71,313,141,172
050,47,017,"Tennessee","Carroll County",3,72,332,159,173
050,47,017,"Tennessee","Carroll County",3,73,319,146,173
050,47,017,"Tennessee","Carroll County",3,74,344,160,184
050,47,017,"Tennessee","Carroll County",3,75,238,119,119
050,47,017,"Tennessee","Carroll County",3,76,230,106,124
050,47,017,"Tennessee","Carroll County",3,77,231,101,130
050,47,017,"Tennessee","Carroll County",3,78,232,96,136
050,47,017,"Tennessee","Carroll County",3,79,183,76,107
050,47,017,"Tennessee","Carroll County",3,80,154,65,89
050,47,017,"Tennessee","Carroll County",3,81,140,54,86
050,47,017,"Tennessee","Carroll County",3,82,132,55,77
050,47,017,"Tennessee","Carroll County",3,83,117,51,66
050,47,017,"Tennessee","Carroll County",3,84,90,34,56
050,47,017,"Tennessee","Carroll County",3,85,551,198,353
050,47,017,"Tennessee","Carroll County",4,0,268,149,119
050,47,017,"Tennessee","Carroll County",4,1,289,146,143
050,47,017,"Tennessee","Carroll County",4,2,330,159,171
050,47,017,"Tennessee","Carroll County",4,3,303,168,135
050,47,017,"Tennessee","Carroll County",4,4,309,157,152
050,47,017,"Tennessee","Carroll County",4,5,309,159,150
050,47,017,"Tennessee","Carroll County",4,6,358,193,165
050,47,017,"Tennessee","Carroll County",4,7,344,181,163
050,47,017,"Tennessee","Carroll County",4,8,339,166,173
050,47,017,"Tennessee","Carroll County",4,9,366,180,186
050,47,017,"Tennessee","Carroll County",4,10,357,189,168
050,47,017,"Tennessee","Carroll County",4,11,362,190,172
050,47,017,"Tennessee","Carroll County",4,12,375,199,176
050,47,017,"Tennessee","Carroll County",4,13,389,205,184
050,47,017,"Tennessee","Carroll County",4,14,394,214,180
050,47,017,"Tennessee","Carroll County",4,15,362,180,182
050,47,017,"Tennessee","Carroll County",4,16,376,192,184
050,47,017,"Tennessee","Carroll County",4,17,378,191,187
050,47,017,"Tennessee","Carroll County",4,18,442,238,204
050,47,017,"Tennessee","Carroll County",4,19,515,294,221
050,47,017,"Tennessee","Carroll County",4,20,421,234,187
050,47,017,"Tennessee","Carroll County",4,21,363,180,183
050,47,017,"Tennessee","Carroll County",4,22,373,209,164
050,47,017,"Tennessee","Carroll County",4,23,327,181,146
050,47,017,"Tennessee","Carroll County",4,24,312,158,154
050,47,017,"Tennessee","Carroll County",4,25,325,155,170
050,47,017,"Tennessee","Carroll County",4,26,309,146,163
050,47,017,"Tennessee","Carroll County",4,27,304,151,153
050,47,017,"Tennessee","Carroll County",4,28,311,164,147
050,47,017,"Tennessee","Carroll County",4,29,292,146,146
050,47,017,"Tennessee","Carroll County",4,30,336,185,151
050,47,017,"Tennessee","Carroll County",4,31,347,170,177
050,47,017,"Tennessee","Carroll County",4,32,323,161,162
050,47,017,"Tennessee","Carroll County",4,33,334,175,159
050,47,017,"Tennessee","Carroll County",4,34,343,170,173
050,47,017,"Tennessee","Carroll County",4,35,293,138,155
050,47,017,"Tennessee","Carroll County",4,36,304,140,164
050,47,017,"Tennessee","Carroll County",4,37,300,142,158
050,47,017,"Tennessee","Carroll County",4,38,319,159,160
050,47,017,"Tennessee","Carroll County",4,39,320,159,161
050,47,017,"Tennessee","Carroll County",4,40,298,142,156
050,47,017,"Tennessee","Carroll County",4,41,332,166,166
050,47,017,"Tennessee","Carroll County",4,42,308,156,152
050,47,017,"Tennessee","Carroll County",4,43,303,148,155
050,47,017,"Tennessee","Carroll County",4,44,308,159,149
050,47,017,"Tennessee","Carroll County",4,45,335,169,166
050,47,017,"Tennessee","Carroll County",4,46,313,153,160
050,47,017,"Tennessee","Carroll County",4,47,336,170,166
050,47,017,"Tennessee","Carroll County",4,48,314,154,160
050,47,017,"Tennessee","Carroll County",4,49,322,146,176
050,47,017,"Tennessee","Carroll County",4,50,358,185,173
050,47,017,"Tennessee","Carroll County",4,51,386,185,201
050,47,017,"Tennessee","Carroll County",4,52,373,182,191
050,47,017,"Tennessee","Carroll County",4,53,371,191,180
050,47,017,"Tennessee","Carroll County",4,54,395,193,202
050,47,017,"Tennessee","Carroll County",4,55,373,181,192
050,47,017,"Tennessee","Carroll County",4,56,385,192,193
050,47,017,"Tennessee","Carroll County",4,57,410,206,204
050,47,017,"Tennessee","Carroll County",4,58,402,187,215
050,47,017,"Tennessee","Carroll County",4,59,408,190,218
050,47,017,"Tennessee","Carroll County",4,60,422,211,211
050,47,017,"Tennessee","Carroll County",4,61,402,202,200
050,47,017,"Tennessee","Carroll County",4,62,369,186,183
050,47,017,"Tennessee","Carroll County",4,63,382,200,182
050,47,017,"Tennessee","Carroll County",4,64,387,191,196
050,47,017,"Tennessee","Carroll County",4,65,351,166,185
050,47,017,"Tennessee","Carroll County",4,66,362,174,188
050,47,017,"Tennessee","Carroll County",4,67,361,171,190
050,47,017,"Tennessee","Carroll County",4,68,357,166,191
050,47,017,"Tennessee","Carroll County",4,69,327,155,172
050,47,017,"Tennessee","Carroll County",4,70,305,136,169
050,47,017,"Tennessee","Carroll County",4,71,311,136,175
050,47,017,"Tennessee","Carroll County",4,72,300,139,161
050,47,017,"Tennessee","Carroll County",4,73,309,147,162
050,47,017,"Tennessee","Carroll County",4,74,305,138,167
050,47,017,"Tennessee","Carroll County",4,75,333,158,175
050,47,017,"Tennessee","Carroll County",4,76,226,116,110
050,47,017,"Tennessee","Carroll County",4,77,222,96,126
050,47,017,"Tennessee","Carroll County",4,78,223,94,129
050,47,017,"Tennessee","Carroll County",4,79,213,89,124
050,47,017,"Tennessee","Carroll County",4,80,166,65,101
050,47,017,"Tennessee","Carroll County",4,81,149,60,89
050,47,017,"Tennessee","Carroll County",4,82,127,53,74
050,47,017,"Tennessee","Carroll County",4,83,129,51,78
050,47,017,"Tennessee","Carroll County",4,84,102,41,61
050,47,017,"Tennessee","Carroll County",4,85,527,196,331
050,47,017,"Tennessee","Carroll County",5,0,271,150,121
050,47,017,"Tennessee","Carroll County",5,1,280,156,124
050,47,017,"Tennessee","Carroll County",5,2,307,154,153
050,47,017,"Tennessee","Carroll County",5,3,337,161,176
050,47,017,"Tennessee","Carroll County",5,4,308,160,148
050,47,017,"Tennessee","Carroll County",5,5,321,159,162
050,47,017,"Tennessee","Carroll County",5,6,316,155,161
050,47,017,"Tennessee","Carroll County",5,7,369,205,164
050,47,017,"Tennessee","Carroll County",5,8,342,174,168
050,47,017,"Tennessee","Carroll County",5,9,357,180,177
050,47,017,"Tennessee","Carroll County",5,10,384,187,197
050,47,017,"Tennessee","Carroll County",5,11,360,187,173
050,47,017,"Tennessee","Carroll County",5,12,370,190,180
050,47,017,"Tennessee","Carroll County",5,13,378,204,174
050,47,017,"Tennessee","Carroll County",5,14,393,210,183
050,47,017,"Tennessee","Carroll County",5,15,411,222,189
050,47,017,"Tennessee","Carroll County",5,16,370,183,187
050,47,017,"Tennessee","Carroll County",5,17,379,197,182
050,47,017,"Tennessee","Carroll County",5,18,476,244,232
050,47,017,"Tennessee","Carroll County",5,19,533,304,229
050,47,017,"Tennessee","Carroll County",5,20,428,245,183
050,47,017,"Tennessee","Carroll County",5,21,376,186,190
050,47,017,"Tennessee","Carroll County",5,22,375,200,175
050,47,017,"Tennessee","Carroll County",5,23,313,174,139
050,47,017,"Tennessee","Carroll County",5,24,323,171,152
050,47,017,"Tennessee","Carroll County",5,25,322,166,156
050,47,017,"Tennessee","Carroll County",5,26,347,171,176
050,47,017,"Tennessee","Carroll County",5,27,325,170,155
050,47,017,"Tennessee","Carroll County",5,28,309,155,154
050,47,017,"Tennessee","Carroll County",5,29,323,167,156
050,47,017,"Tennessee","Carroll County",5,30,292,147,145
050,47,017,"Tennessee","Carroll County",5,31,360,195,165
050,47,017,"Tennessee","Carroll County",5,32,366,179,187
050,47,017,"Tennessee","Carroll County",5,33,324,163,161
050,47,017,"Tennessee","Carroll County",5,34,344,187,157
050,47,017,"Tennessee","Carroll County",5,35,361,185,176
050,47,017,"Tennessee","Carroll County",5,36,310,147,163
050,47,017,"Tennessee","Carroll County",5,37,312,142,170
050,47,017,"Tennessee","Carroll County",5,38,312,156,156
050,47,017,"Tennessee","Carroll County",5,39,333,153,180
050,47,017,"Tennessee","Carroll County",5,40,317,157,160
050,47,017,"Tennessee","Carroll County",5,41,316,155,161
050,47,017,"Tennessee","Carroll County",5,42,333,163,170
050,47,017,"Tennessee","Carroll County",5,43,320,159,161
050,47,017,"Tennessee","Carroll County",5,44,311,155,156
050,47,017,"Tennessee","Carroll County",5,45,323,171,152
050,47,017,"Tennessee","Carroll County",5,46,328,166,162
050,47,017,"Tennessee","Carroll County",5,47,326,159,167
050,47,017,"Tennessee","Carroll County",5,48,324,165,159
050,47,017,"Tennessee","Carroll County",5,49,317,157,160
050,47,017,"Tennessee","Carroll County",5,50,321,149,172
050,47,017,"Tennessee","Carroll County",5,51,364,188,176
050,47,017,"Tennessee","Carroll County",5,52,385,180,205
050,47,017,"Tennessee","Carroll County",5,53,381,186,195
050,47,017,"Tennessee","Carroll County",5,54,392,202,190
050,47,017,"Tennessee","Carroll County",5,55,390,190,200
050,47,017,"Tennessee","Carroll County",5,56,389,190,199
050,47,017,"Tennessee","Carroll County",5,57,380,187,193
050,47,017,"Tennessee","Carroll County",5,58,415,201,214
050,47,017,"Tennessee","Carroll County",5,59,405,192,213
050,47,017,"Tennessee","Carroll County",5,60,407,193,214
050,47,017,"Tennessee","Carroll County",5,61,420,208,212
050,47,017,"Tennessee","Carroll County",5,62,420,212,208
050,47,017,"Tennessee","Carroll County",5,63,368,188,180
050,47,017,"Tennessee","Carroll County",5,64,386,202,184
050,47,017,"Tennessee","Carroll County",5,65,372,184,188
050,47,017,"Tennessee","Carroll County",5,66,342,160,182
050,47,017,"Tennessee","Carroll County",5,67,360,174,186
050,47,017,"Tennessee","Carroll County",5,68,366,172,194
050,47,017,"Tennessee","Carroll County",5,69,337,155,182
050,47,017,"Tennessee","Carroll County",5,70,322,147,175
050,47,017,"Tennessee","Carroll County",5,71,291,127,164
050,47,017,"Tennessee","Carroll County",5,72,300,133,167
050,47,017,"Tennessee","Carroll County",5,73,277,126,151
050,47,017,"Tennessee","Carroll County",5,74,291,138,153
050,47,017,"Tennessee","Carroll County",5,75,296,137,159
050,47,017,"Tennessee","Carroll County",5,76,324,157,167
050,47,017,"Tennessee","Carroll County",5,77,222,111,111
050,47,017,"Tennessee","Carroll County",5,78,217,89,128
050,47,017,"Tennessee","Carroll County",5,79,210,89,121
050,47,017,"Tennessee","Carroll County",5,80,195,77,118
050,47,017,"Tennessee","Carroll County",5,81,160,58,102
050,47,017,"Tennessee","Carroll County",5,82,137,58,79
050,47,017,"Tennessee","Carroll County",5,83,127,52,75
050,47,017,"Tennessee","Carroll County",5,84,115,42,73
050,47,017,"Tennessee","Carroll County",5,85,544,209,335
050,47,019,"Tennessee","Carter County",1,0,441,226,215
050,47,019,"Tennessee","Carter County",1,1,476,248,228
050,47,019,"Tennessee","Carter County",1,2,476,271,205
050,47,019,"Tennessee","Carter County",1,3,493,252,241
050,47,019,"Tennessee","Carter County",1,4,520,263,257
050,47,019,"Tennessee","Carter County",1,5,558,272,286
050,47,019,"Tennessee","Carter County",1,6,506,271,235
050,47,019,"Tennessee","Carter County",1,7,498,252,246
050,47,019,"Tennessee","Carter County",1,8,499,271,228
050,47,019,"Tennessee","Carter County",1,9,537,259,278
050,47,019,"Tennessee","Carter County",1,10,623,311,312
050,47,019,"Tennessee","Carter County",1,11,620,308,312
050,47,019,"Tennessee","Carter County",1,12,639,323,316
050,47,019,"Tennessee","Carter County",1,13,643,321,322
050,47,019,"Tennessee","Carter County",1,14,638,315,323
050,47,019,"Tennessee","Carter County",1,15,692,345,347
050,47,019,"Tennessee","Carter County",1,16,688,344,344
050,47,019,"Tennessee","Carter County",1,17,638,322,316
050,47,019,"Tennessee","Carter County",1,18,653,342,311
050,47,019,"Tennessee","Carter County",1,19,663,340,323
050,47,019,"Tennessee","Carter County",1,20,650,312,338
050,47,019,"Tennessee","Carter County",1,21,645,318,327
050,47,019,"Tennessee","Carter County",1,22,628,320,308
050,47,019,"Tennessee","Carter County",1,23,594,307,287
050,47,019,"Tennessee","Carter County",1,24,628,310,318
050,47,019,"Tennessee","Carter County",1,25,661,308,353
050,47,019,"Tennessee","Carter County",1,26,638,311,327
050,47,019,"Tennessee","Carter County",1,27,645,328,317
050,47,019,"Tennessee","Carter County",1,28,698,360,338
050,47,019,"Tennessee","Carter County",1,29,734,365,369
050,47,019,"Tennessee","Carter County",1,30,727,369,358
050,47,019,"Tennessee","Carter County",1,31,716,356,360
050,47,019,"Tennessee","Carter County",1,32,692,353,339
050,47,019,"Tennessee","Carter County",1,33,672,356,316
050,47,019,"Tennessee","Carter County",1,34,672,340,332
050,47,019,"Tennessee","Carter County",1,35,602,302,300
050,47,019,"Tennessee","Carter County",1,36,585,293,292
050,47,019,"Tennessee","Carter County",1,37,606,323,283
050,47,019,"Tennessee","Carter County",1,38,607,320,287
050,47,019,"Tennessee","Carter County",1,39,646,340,306
050,47,019,"Tennessee","Carter County",1,40,660,326,334
050,47,019,"Tennessee","Carter County",1,41,642,316,326
050,47,019,"Tennessee","Carter County",1,42,625,310,315
050,47,019,"Tennessee","Carter County",1,43,602,306,296
050,47,019,"Tennessee","Carter County",1,44,615,303,312
050,47,019,"Tennessee","Carter County",1,45,693,345,348
050,47,019,"Tennessee","Carter County",1,46,710,343,367
050,47,019,"Tennessee","Carter County",1,47,735,343,392
050,47,019,"Tennessee","Carter County",1,48,784,378,406
050,47,019,"Tennessee","Carter County",1,49,908,448,460
050,47,019,"Tennessee","Carter County",1,50,828,402,426
050,47,019,"Tennessee","Carter County",1,51,795,393,402
050,47,019,"Tennessee","Carter County",1,52,749,392,357
050,47,019,"Tennessee","Carter County",1,53,778,404,374
050,47,019,"Tennessee","Carter County",1,54,818,403,415
050,47,019,"Tennessee","Carter County",1,55,884,432,452
050,47,019,"Tennessee","Carter County",1,56,907,458,449
050,47,019,"Tennessee","Carter County",1,57,878,437,441
050,47,019,"Tennessee","Carter County",1,58,836,416,420
050,47,019,"Tennessee","Carter County",1,59,827,405,422
050,47,019,"Tennessee","Carter County",1,60,808,393,415
050,47,019,"Tennessee","Carter County",1,61,844,413,431
050,47,019,"Tennessee","Carter County",1,62,841,414,427
050,47,019,"Tennessee","Carter County",1,63,846,422,424
050,47,019,"Tennessee","Carter County",1,64,828,403,425
050,47,019,"Tennessee","Carter County",1,65,844,409,435
050,47,019,"Tennessee","Carter County",1,66,759,345,414
050,47,019,"Tennessee","Carter County",1,67,749,344,405
050,47,019,"Tennessee","Carter County",1,68,782,371,411
050,47,019,"Tennessee","Carter County",1,69,730,329,401
050,47,019,"Tennessee","Carter County",1,70,693,324,369
050,47,019,"Tennessee","Carter County",1,71,721,362,359
050,47,019,"Tennessee","Carter County",1,72,733,375,358
050,47,019,"Tennessee","Carter County",1,73,715,356,359
050,47,019,"Tennessee","Carter County",1,74,491,222,269
050,47,019,"Tennessee","Carter County",1,75,508,234,274
050,47,019,"Tennessee","Carter County",1,76,513,244,269
050,47,019,"Tennessee","Carter County",1,77,504,241,263
050,47,019,"Tennessee","Carter County",1,78,448,199,249
050,47,019,"Tennessee","Carter County",1,79,413,182,231
050,47,019,"Tennessee","Carter County",1,80,374,176,198
050,47,019,"Tennessee","Carter County",1,81,329,141,188
050,47,019,"Tennessee","Carter County",1,82,286,125,161
050,47,019,"Tennessee","Carter County",1,83,253,113,140
050,47,019,"Tennessee","Carter County",1,84,248,103,145
050,47,019,"Tennessee","Carter County",1,85,1267,489,778
050,47,019,"Tennessee","Carter County",2,0,461,244,217
050,47,019,"Tennessee","Carter County",2,1,472,244,228
050,47,019,"Tennessee","Carter County",2,2,480,267,213
050,47,019,"Tennessee","Carter County",2,3,485,255,230
050,47,019,"Tennessee","Carter County",2,4,516,261,255
050,47,019,"Tennessee","Carter County",2,5,544,266,278
050,47,019,"Tennessee","Carter County",2,6,521,272,249
050,47,019,"Tennessee","Carter County",2,7,498,257,241
050,47,019,"Tennessee","Carter County",2,8,497,265,232
050,47,019,"Tennessee","Carter County",2,9,530,262,268
050,47,019,"Tennessee","Carter County",2,10,600,297,303
050,47,019,"Tennessee","Carter County",2,11,620,308,312
050,47,019,"Tennessee","Carter County",2,12,636,319,317
050,47,019,"Tennessee","Carter County",2,13,640,320,320
050,47,019,"Tennessee","Carter County",2,14,638,317,321
050,47,019,"Tennessee","Carter County",2,15,684,340,344
050,47,019,"Tennessee","Carter County",2,16,689,343,346
050,47,019,"Tennessee","Carter County",2,17,655,328,327
050,47,019,"Tennessee","Carter County",2,18,652,338,314
050,47,019,"Tennessee","Carter County",2,19,667,340,327
050,47,019,"Tennessee","Carter County",2,20,656,318,338
050,47,019,"Tennessee","Carter County",2,21,646,316,330
050,47,019,"Tennessee","Carter County",2,22,635,322,313
050,47,019,"Tennessee","Carter County",2,23,605,311,294
050,47,019,"Tennessee","Carter County",2,24,627,311,316
050,47,019,"Tennessee","Carter County",2,25,658,312,346
050,47,019,"Tennessee","Carter County",2,26,642,307,335
050,47,019,"Tennessee","Carter County",2,27,644,324,320
050,47,019,"Tennessee","Carter County",2,28,686,352,334
050,47,019,"Tennessee","Carter County",2,29,721,362,359
050,47,019,"Tennessee","Carter County",2,30,734,372,362
050,47,019,"Tennessee","Carter County",2,31,715,358,357
050,47,019,"Tennessee","Carter County",2,32,693,352,341
050,47,019,"Tennessee","Carter County",2,33,671,352,319
050,47,019,"Tennessee","Carter County",2,34,669,343,326
050,47,019,"Tennessee","Carter County",2,35,624,313,311
050,47,019,"Tennessee","Carter County",2,36,588,294,294
050,47,019,"Tennessee","Carter County",2,37,603,316,287
050,47,019,"Tennessee","Carter County",2,38,605,319,286
050,47,019,"Tennessee","Carter County",2,39,635,335,300
050,47,019,"Tennessee","Carter County",2,40,659,331,328
050,47,019,"Tennessee","Carter County",2,41,645,317,328
050,47,019,"Tennessee","Carter County",2,42,631,313,318
050,47,019,"Tennessee","Carter County",2,43,611,308,303
050,47,019,"Tennessee","Carter County",2,44,606,301,305
050,47,019,"Tennessee","Carter County",2,45,681,338,343
050,47,019,"Tennessee","Carter County",2,46,702,340,362
050,47,019,"Tennessee","Carter County",2,47,724,340,384
050,47,019,"Tennessee","Carter County",2,48,772,370,402
050,47,019,"Tennessee","Carter County",2,49,880,428,452
050,47,019,"Tennessee","Carter County",2,50,851,414,437
050,47,019,"Tennessee","Carter County",2,51,800,394,406
050,47,019,"Tennessee","Carter County",2,52,760,394,366
050,47,019,"Tennessee","Carter County",2,53,772,403,369
050,47,019,"Tennessee","Carter County",2,54,809,405,404
050,47,019,"Tennessee","Carter County",2,55,870,428,442
050,47,019,"Tennessee","Carter County",2,56,906,453,453
050,47,019,"Tennessee","Carter County",2,57,886,441,445
050,47,019,"Tennessee","Carter County",2,58,843,417,426
050,47,019,"Tennessee","Carter County",2,59,833,410,423
050,47,019,"Tennessee","Carter County",2,60,812,396,416
050,47,019,"Tennessee","Carter County",2,61,832,406,426
050,47,019,"Tennessee","Carter County",2,62,839,413,426
050,47,019,"Tennessee","Carter County",2,63,847,423,424
050,47,019,"Tennessee","Carter County",2,64,829,409,420
050,47,019,"Tennessee","Carter County",2,65,839,408,431
050,47,019,"Tennessee","Carter County",2,66,783,361,422
050,47,019,"Tennessee","Carter County",2,67,750,345,405
050,47,019,"Tennessee","Carter County",2,68,769,362,407
050,47,019,"Tennessee","Carter County",2,69,741,338,403
050,47,019,"Tennessee","Carter County",2,70,700,324,376
050,47,019,"Tennessee","Carter County",2,71,711,351,360
050,47,019,"Tennessee","Carter County",2,72,712,361,351
050,47,019,"Tennessee","Carter County",2,73,749,376,373
050,47,019,"Tennessee","Carter County",2,74,511,236,275
050,47,019,"Tennessee","Carter County",2,75,502,232,270
050,47,019,"Tennessee","Carter County",2,76,501,233,268
050,47,019,"Tennessee","Carter County",2,77,512,246,266
050,47,019,"Tennessee","Carter County",2,78,453,204,249
050,47,019,"Tennessee","Carter County",2,79,415,182,233
050,47,019,"Tennessee","Carter County",2,80,380,174,206
050,47,019,"Tennessee","Carter County",2,81,329,143,186
050,47,019,"Tennessee","Carter County",2,82,292,127,165
050,47,019,"Tennessee","Carter County",2,83,254,111,143
050,47,019,"Tennessee","Carter County",2,84,244,105,139
050,47,019,"Tennessee","Carter County",2,85,1282,492,790
050,47,019,"Tennessee","Carter County",3,0,447,218,229
050,47,019,"Tennessee","Carter County",3,1,486,267,219
050,47,019,"Tennessee","Carter County",3,2,475,244,231
050,47,019,"Tennessee","Carter County",3,3,492,265,227
050,47,019,"Tennessee","Carter County",3,4,480,248,232
050,47,019,"Tennessee","Carter County",3,5,512,262,250
050,47,019,"Tennessee","Carter County",3,6,549,266,283
050,47,019,"Tennessee","Carter County",3,7,521,268,253
050,47,019,"Tennessee","Carter County",3,8,497,248,249
050,47,019,"Tennessee","Carter County",3,9,507,277,230
050,47,019,"Tennessee","Carter County",3,10,528,260,268
050,47,019,"Tennessee","Carter County",3,11,608,303,305
050,47,019,"Tennessee","Carter County",3,12,631,320,311
050,47,019,"Tennessee","Carter County",3,13,640,320,320
050,47,019,"Tennessee","Carter County",3,14,655,339,316
050,47,019,"Tennessee","Carter County",3,15,638,329,309
050,47,019,"Tennessee","Carter County",3,16,659,331,328
050,47,019,"Tennessee","Carter County",3,17,696,355,341
050,47,019,"Tennessee","Carter County",3,18,658,328,330
050,47,019,"Tennessee","Carter County",3,19,645,335,310
050,47,019,"Tennessee","Carter County",3,20,656,334,322
050,47,019,"Tennessee","Carter County",3,21,646,317,329
050,47,019,"Tennessee","Carter County",3,22,659,325,334
050,47,019,"Tennessee","Carter County",3,23,642,333,309
050,47,019,"Tennessee","Carter County",3,24,626,315,311
050,47,019,"Tennessee","Carter County",3,25,629,312,317
050,47,019,"Tennessee","Carter County",3,26,641,300,341
050,47,019,"Tennessee","Carter County",3,27,651,316,335
050,47,019,"Tennessee","Carter County",3,28,608,299,309
050,47,019,"Tennessee","Carter County",3,29,681,354,327
050,47,019,"Tennessee","Carter County",3,30,712,360,352
050,47,019,"Tennessee","Carter County",3,31,714,356,358
050,47,019,"Tennessee","Carter County",3,32,713,355,358
050,47,019,"Tennessee","Carter County",3,33,693,348,345
050,47,019,"Tennessee","Carter County",3,34,655,336,319
050,47,019,"Tennessee","Carter County",3,35,667,333,334
050,47,019,"Tennessee","Carter County",3,36,623,312,311
050,47,019,"Tennessee","Carter County",3,37,594,300,294
050,47,019,"Tennessee","Carter County",3,38,605,315,290
050,47,019,"Tennessee","Carter County",3,39,596,312,284
050,47,019,"Tennessee","Carter County",3,40,630,335,295
050,47,019,"Tennessee","Carter County",3,41,647,322,325
050,47,019,"Tennessee","Carter County",3,42,667,324,343
050,47,019,"Tennessee","Carter County",3,43,623,310,313
050,47,019,"Tennessee","Carter County",3,44,610,304,306
050,47,019,"Tennessee","Carter County",3,45,614,298,316
050,47,019,"Tennessee","Carter County",3,46,675,334,341
050,47,019,"Tennessee","Carter County",3,47,695,332,363
050,47,019,"Tennessee","Carter County",3,48,713,335,378
050,47,019,"Tennessee","Carter County",3,49,789,376,413
050,47,019,"Tennessee","Carter County",3,50,868,422,446
050,47,019,"Tennessee","Carter County",3,51,836,406,430
050,47,019,"Tennessee","Carter County",3,52,808,393,415
050,47,019,"Tennessee","Carter County",3,53,760,394,366
050,47,019,"Tennessee","Carter County",3,54,776,407,369
050,47,019,"Tennessee","Carter County",3,55,817,402,415
050,47,019,"Tennessee","Carter County",3,56,861,421,440
050,47,019,"Tennessee","Carter County",3,57,894,446,448
050,47,019,"Tennessee","Carter County",3,58,893,443,450
050,47,019,"Tennessee","Carter County",3,59,849,418,431
050,47,019,"Tennessee","Carter County",3,60,822,403,419
050,47,019,"Tennessee","Carter County",3,61,813,401,412
050,47,019,"Tennessee","Carter County",3,62,818,394,424
050,47,019,"Tennessee","Carter County",3,63,829,406,423
050,47,019,"Tennessee","Carter County",3,64,847,419,428
050,47,019,"Tennessee","Carter County",3,65,814,396,418
050,47,019,"Tennessee","Carter County",3,66,827,398,429
050,47,019,"Tennessee","Carter County",3,67,775,360,415
050,47,019,"Tennessee","Carter County",3,68,739,340,399
050,47,019,"Tennessee","Carter County",3,69,756,360,396
050,47,019,"Tennessee","Carter County",3,70,728,334,394
050,47,019,"Tennessee","Carter County",3,71,683,307,376
050,47,019,"Tennessee","Carter County",3,72,689,338,351
050,47,019,"Tennessee","Carter County",3,73,683,342,341
050,47,019,"Tennessee","Carter County",3,74,729,363,366
050,47,019,"Tennessee","Carter County",3,75,492,231,261
050,47,019,"Tennessee","Carter County",3,76,466,215,251
050,47,019,"Tennessee","Carter County",3,77,483,225,258
050,47,019,"Tennessee","Carter County",3,78,495,239,256
050,47,019,"Tennessee","Carter County",3,79,420,175,245
050,47,019,"Tennessee","Carter County",3,80,391,173,218
050,47,019,"Tennessee","Carter County",3,81,345,151,194
050,47,019,"Tennessee","Carter County",3,82,311,135,176
050,47,019,"Tennessee","Carter County",3,83,269,114,155
050,47,019,"Tennessee","Carter County",3,84,220,96,124
050,47,019,"Tennessee","Carter County",3,85,1276,508,768
050,47,019,"Tennessee","Carter County",4,0,433,229,204
050,47,019,"Tennessee","Carter County",4,1,456,220,236
050,47,019,"Tennessee","Carter County",4,2,488,275,213
050,47,019,"Tennessee","Carter County",4,3,487,252,235
050,47,019,"Tennessee","Carter County",4,4,498,269,229
050,47,019,"Tennessee","Carter County",4,5,461,249,212
050,47,019,"Tennessee","Carter County",4,6,533,269,264
050,47,019,"Tennessee","Carter County",4,7,560,281,279
050,47,019,"Tennessee","Carter County",4,8,550,289,261
050,47,019,"Tennessee","Carter County",4,9,518,263,255
050,47,019,"Tennessee","Carter County",4,10,529,287,242
050,47,019,"Tennessee","Carter County",4,11,537,263,274
050,47,019,"Tennessee","Carter County",4,12,605,302,303
050,47,019,"Tennessee","Carter County",4,13,652,335,317
050,47,019,"Tennessee","Carter County",4,14,640,316,324
050,47,019,"Tennessee","Carter County",4,15,654,342,312
050,47,019,"Tennessee","Carter County",4,16,649,323,326
050,47,019,"Tennessee","Carter County",4,17,673,341,332
050,47,019,"Tennessee","Carter County",4,18,688,345,343
050,47,019,"Tennessee","Carter County",4,19,673,339,334
050,47,019,"Tennessee","Carter County",4,20,606,318,288
050,47,019,"Tennessee","Carter County",4,21,654,330,324
050,47,019,"Tennessee","Carter County",4,22,666,326,340
050,47,019,"Tennessee","Carter County",4,23,656,341,315
050,47,019,"Tennessee","Carter County",4,24,651,331,320
050,47,019,"Tennessee","Carter County",4,25,627,322,305
050,47,019,"Tennessee","Carter County",4,26,645,324,321
050,47,019,"Tennessee","Carter County",4,27,625,309,316
050,47,019,"Tennessee","Carter County",4,28,660,324,336
050,47,019,"Tennessee","Carter County",4,29,636,316,320
050,47,019,"Tennessee","Carter County",4,30,700,360,340
050,47,019,"Tennessee","Carter County",4,31,737,371,366
050,47,019,"Tennessee","Carter County",4,32,726,356,370
050,47,019,"Tennessee","Carter County",4,33,712,349,363
050,47,019,"Tennessee","Carter County",4,34,715,360,355
050,47,019,"Tennessee","Carter County",4,35,687,349,338
050,47,019,"Tennessee","Carter County",4,36,684,338,346
050,47,019,"Tennessee","Carter County",4,37,626,320,306
050,47,019,"Tennessee","Carter County",4,38,601,295,306
050,47,019,"Tennessee","Carter County",4,39,629,335,294
050,47,019,"Tennessee","Carter County",4,40,614,327,287
050,47,019,"Tennessee","Carter County",4,41,651,342,309
050,47,019,"Tennessee","Carter County",4,42,666,334,332
050,47,019,"Tennessee","Carter County",4,43,669,331,338
050,47,019,"Tennessee","Carter County",4,44,621,311,310
050,47,019,"Tennessee","Carter County",4,45,622,303,319
050,47,019,"Tennessee","Carter County",4,46,607,299,308
050,47,019,"Tennessee","Carter County",4,47,673,333,340
050,47,019,"Tennessee","Carter County",4,48,692,336,356
050,47,019,"Tennessee","Carter County",4,49,721,345,376
050,47,019,"Tennessee","Carter County",4,50,817,387,430
050,47,019,"Tennessee","Carter County",4,51,863,419,444
050,47,019,"Tennessee","Carter County",4,52,835,415,420
050,47,019,"Tennessee","Carter County",4,53,818,402,416
050,47,019,"Tennessee","Carter County",4,54,789,406,383
050,47,019,"Tennessee","Carter County",4,55,779,411,368
050,47,019,"Tennessee","Carter County",4,56,835,415,420
050,47,019,"Tennessee","Carter County",4,57,857,417,440
050,47,019,"Tennessee","Carter County",4,58,911,460,451
050,47,019,"Tennessee","Carter County",4,59,917,454,463
050,47,019,"Tennessee","Carter County",4,60,853,418,435
050,47,019,"Tennessee","Carter County",4,61,841,407,434
050,47,019,"Tennessee","Carter County",4,62,828,407,421
050,47,019,"Tennessee","Carter County",4,63,828,398,430
050,47,019,"Tennessee","Carter County",4,64,842,413,429
050,47,019,"Tennessee","Carter County",4,65,860,431,429
050,47,019,"Tennessee","Carter County",4,66,819,395,424
050,47,019,"Tennessee","Carter County",4,67,817,397,420
050,47,019,"Tennessee","Carter County",4,68,769,354,415
050,47,019,"Tennessee","Carter County",4,69,707,334,373
050,47,019,"Tennessee","Carter County",4,70,745,350,395
050,47,019,"Tennessee","Carter County",4,71,697,322,375
050,47,019,"Tennessee","Carter County",4,72,657,294,363
050,47,019,"Tennessee","Carter County",4,73,662,325,337
050,47,019,"Tennessee","Carter County",4,74,664,325,339
050,47,019,"Tennessee","Carter County",4,75,692,346,346
050,47,019,"Tennessee","Carter County",4,76,467,219,248
050,47,019,"Tennessee","Carter County",4,77,443,209,234
050,47,019,"Tennessee","Carter County",4,78,471,217,254
050,47,019,"Tennessee","Carter County",4,79,462,211,251
050,47,019,"Tennessee","Carter County",4,80,393,161,232
050,47,019,"Tennessee","Carter County",4,81,356,153,203
050,47,019,"Tennessee","Carter County",4,82,327,143,184
050,47,019,"Tennessee","Carter County",4,83,294,126,168
050,47,019,"Tennessee","Carter County",4,84,246,108,138
050,47,019,"Tennessee","Carter County",4,85,1261,518,743
050,47,019,"Tennessee","Carter County",5,0,435,231,204
050,47,019,"Tennessee","Carter County",5,1,481,256,225
050,47,019,"Tennessee","Carter County",5,2,473,229,244
050,47,019,"Tennessee","Carter County",5,3,500,286,214
050,47,019,"Tennessee","Carter County",5,4,490,256,234
050,47,019,"Tennessee","Carter County",5,5,514,284,230
050,47,019,"Tennessee","Carter County",5,6,475,245,230
050,47,019,"Tennessee","Carter County",5,7,535,274,261
050,47,019,"Tennessee","Carter County",5,8,564,275,289
050,47,019,"Tennessee","Carter County",5,9,549,289,260
050,47,019,"Tennessee","Carter County",5,10,516,257,259
050,47,019,"Tennessee","Carter County",5,11,531,284,247
050,47,019,"Tennessee","Carter County",5,12,556,266,290
050,47,019,"Tennessee","Carter County",5,13,612,304,308
050,47,019,"Tennessee","Carter County",5,14,662,342,320
050,47,019,"Tennessee","Carter County",5,15,652,317,335
050,47,019,"Tennessee","Carter County",5,16,639,334,305
050,47,019,"Tennessee","Carter County",5,17,663,330,333
050,47,019,"Tennessee","Carter County",5,18,666,340,326
050,47,019,"Tennessee","Carter County",5,19,689,345,344
050,47,019,"Tennessee","Carter County",5,20,637,326,311
050,47,019,"Tennessee","Carter County",5,21,580,304,276
050,47,019,"Tennessee","Carter County",5,22,671,340,331
050,47,019,"Tennessee","Carter County",5,23,698,336,362
050,47,019,"Tennessee","Carter County",5,24,696,352,344
050,47,019,"Tennessee","Carter County",5,25,683,351,332
050,47,019,"Tennessee","Carter County",5,26,658,343,315
050,47,019,"Tennessee","Carter County",5,27,654,332,322
050,47,019,"Tennessee","Carter County",5,28,621,311,310
050,47,019,"Tennessee","Carter County",5,29,666,329,337
050,47,019,"Tennessee","Carter County",5,30,632,320,312
050,47,019,"Tennessee","Carter County",5,31,720,351,369
050,47,019,"Tennessee","Carter County",5,32,752,380,372
050,47,019,"Tennessee","Carter County",5,33,737,366,371
050,47,019,"Tennessee","Carter County",5,34,727,366,361
050,47,019,"Tennessee","Carter County",5,35,734,361,373
050,47,019,"Tennessee","Carter County",5,36,708,360,348
050,47,019,"Tennessee","Carter County",5,37,697,361,336
050,47,019,"Tennessee","Carter County",5,38,630,318,312
050,47,019,"Tennessee","Carter County",5,39,613,302,311
050,47,019,"Tennessee","Carter County",5,40,648,348,300
050,47,019,"Tennessee","Carter County",5,41,636,339,297
050,47,019,"Tennessee","Carter County",5,42,632,330,302
050,47,019,"Tennessee","Carter County",5,43,674,334,340
050,47,019,"Tennessee","Carter County",5,44,674,329,345
050,47,019,"Tennessee","Carter County",5,45,625,319,306
050,47,019,"Tennessee","Carter County",5,46,631,308,323
050,47,019,"Tennessee","Carter County",5,47,609,294,315
050,47,019,"Tennessee","Carter County",5,48,691,343,348
050,47,019,"Tennessee","Carter County",5,49,698,335,363
050,47,019,"Tennessee","Carter County",5,50,731,347,384
050,47,019,"Tennessee","Carter County",5,51,827,382,445
050,47,019,"Tennessee","Carter County",5,52,887,428,459
050,47,019,"Tennessee","Carter County",5,53,849,421,428
050,47,019,"Tennessee","Carter County",5,54,815,400,415
050,47,019,"Tennessee","Carter County",5,55,801,416,385
050,47,019,"Tennessee","Carter County",5,56,795,411,384
050,47,019,"Tennessee","Carter County",5,57,877,425,452
050,47,019,"Tennessee","Carter County",5,58,855,414,441
050,47,019,"Tennessee","Carter County",5,59,905,447,458
050,47,019,"Tennessee","Carter County",5,60,919,453,466
050,47,019,"Tennessee","Carter County",5,61,852,422,430
050,47,019,"Tennessee","Carter County",5,62,837,408,429
050,47,019,"Tennessee","Carter County",5,63,835,406,429
050,47,019,"Tennessee","Carter County",5,64,849,402,447
050,47,019,"Tennessee","Carter County",5,65,855,417,438
050,47,019,"Tennessee","Carter County",5,66,854,427,427
050,47,019,"Tennessee","Carter County",5,67,829,400,429
050,47,019,"Tennessee","Carter County",5,68,803,384,419
050,47,019,"Tennessee","Carter County",5,69,759,353,406
050,47,019,"Tennessee","Carter County",5,70,704,330,374
050,47,019,"Tennessee","Carter County",5,71,732,344,388
050,47,019,"Tennessee","Carter County",5,72,681,311,370
050,47,019,"Tennessee","Carter County",5,73,642,283,359
050,47,019,"Tennessee","Carter County",5,74,645,315,330
050,47,019,"Tennessee","Carter County",5,75,632,311,321
050,47,019,"Tennessee","Carter County",5,76,666,334,332
050,47,019,"Tennessee","Carter County",5,77,451,211,240
050,47,019,"Tennessee","Carter County",5,78,436,196,240
050,47,019,"Tennessee","Carter County",5,79,450,199,251
050,47,019,"Tennessee","Carter County",5,80,439,204,235
050,47,019,"Tennessee","Carter County",5,81,365,146,219
050,47,019,"Tennessee","Carter County",5,82,333,143,190
050,47,019,"Tennessee","Carter County",5,83,309,138,171
050,47,019,"Tennessee","Carter County",5,84,268,116,152
050,47,019,"Tennessee","Carter County",5,85,1301,545,756
050,47,021,"Tennessee","Cheatham County",1,0,467,237,230
050,47,021,"Tennessee","Cheatham County",1,1,466,245,221
050,47,021,"Tennessee","Cheatham County",1,2,429,224,205
050,47,021,"Tennessee","Cheatham County",1,3,473,252,221
050,47,021,"Tennessee","Cheatham County",1,4,461,246,215
050,47,021,"Tennessee","Cheatham County",1,5,504,257,247
050,47,021,"Tennessee","Cheatham County",1,6,480,230,250
050,47,021,"Tennessee","Cheatham County",1,7,452,228,224
050,47,021,"Tennessee","Cheatham County",1,8,461,244,217
050,47,021,"Tennessee","Cheatham County",1,9,441,227,214
050,47,021,"Tennessee","Cheatham County",1,10,481,254,227
050,47,021,"Tennessee","Cheatham County",1,11,513,260,253
050,47,021,"Tennessee","Cheatham County",1,12,565,282,283
050,47,021,"Tennessee","Cheatham County",1,13,567,273,294
050,47,021,"Tennessee","Cheatham County",1,14,573,301,272
050,47,021,"Tennessee","Cheatham County",1,15,557,260,297
050,47,021,"Tennessee","Cheatham County",1,16,570,285,285
050,47,021,"Tennessee","Cheatham County",1,17,563,273,290
050,47,021,"Tennessee","Cheatham County",1,18,473,242,231
050,47,021,"Tennessee","Cheatham County",1,19,372,203,169
050,47,021,"Tennessee","Cheatham County",1,20,402,218,184
050,47,021,"Tennessee","Cheatham County",1,21,431,224,207
050,47,021,"Tennessee","Cheatham County",1,22,408,214,194
050,47,021,"Tennessee","Cheatham County",1,23,438,237,201
050,47,021,"Tennessee","Cheatham County",1,24,445,231,214
050,47,021,"Tennessee","Cheatham County",1,25,449,223,226
050,47,021,"Tennessee","Cheatham County",1,26,494,241,253
050,47,021,"Tennessee","Cheatham County",1,27,534,272,262
050,47,021,"Tennessee","Cheatham County",1,28,544,283,261
050,47,021,"Tennessee","Cheatham County",1,29,580,313,267
050,47,021,"Tennessee","Cheatham County",1,30,563,308,255
050,47,021,"Tennessee","Cheatham County",1,31,539,269,270
050,47,021,"Tennessee","Cheatham County",1,32,556,283,273
050,47,021,"Tennessee","Cheatham County",1,33,524,252,272
050,47,021,"Tennessee","Cheatham County",1,34,551,269,282
050,47,021,"Tennessee","Cheatham County",1,35,536,294,242
050,47,021,"Tennessee","Cheatham County",1,36,514,266,248
050,47,021,"Tennessee","Cheatham County",1,37,538,268,270
050,47,021,"Tennessee","Cheatham County",1,38,547,272,275
050,47,021,"Tennessee","Cheatham County",1,39,516,263,253
050,47,021,"Tennessee","Cheatham County",1,40,570,271,299
050,47,021,"Tennessee","Cheatham County",1,41,510,245,265
050,47,021,"Tennessee","Cheatham County",1,42,489,247,242
050,47,021,"Tennessee","Cheatham County",1,43,475,247,228
050,47,021,"Tennessee","Cheatham County",1,44,506,253,253
050,47,021,"Tennessee","Cheatham County",1,45,534,253,281
050,47,021,"Tennessee","Cheatham County",1,46,536,262,274
050,47,021,"Tennessee","Cheatham County",1,47,545,285,260
050,47,021,"Tennessee","Cheatham County",1,48,630,327,303
050,47,021,"Tennessee","Cheatham County",1,49,623,319,304
050,47,021,"Tennessee","Cheatham County",1,50,594,316,278
050,47,021,"Tennessee","Cheatham County",1,51,615,298,317
050,47,021,"Tennessee","Cheatham County",1,52,578,292,286
050,47,021,"Tennessee","Cheatham County",1,53,614,312,302
050,47,021,"Tennessee","Cheatham County",1,54,643,315,328
050,47,021,"Tennessee","Cheatham County",1,55,670,333,337
050,47,021,"Tennessee","Cheatham County",1,56,690,350,340
050,47,021,"Tennessee","Cheatham County",1,57,694,356,338
050,47,021,"Tennessee","Cheatham County",1,58,704,356,348
050,47,021,"Tennessee","Cheatham County",1,59,665,324,341
050,47,021,"Tennessee","Cheatham County",1,60,624,309,315
050,47,021,"Tennessee","Cheatham County",1,61,601,292,309
050,47,021,"Tennessee","Cheatham County",1,62,584,282,302
050,47,021,"Tennessee","Cheatham County",1,63,575,280,295
050,47,021,"Tennessee","Cheatham County",1,64,509,245,264
050,47,021,"Tennessee","Cheatham County",1,65,497,248,249
050,47,021,"Tennessee","Cheatham County",1,66,501,252,249
050,47,021,"Tennessee","Cheatham County",1,67,457,226,231
050,47,021,"Tennessee","Cheatham County",1,68,453,216,237
050,47,021,"Tennessee","Cheatham County",1,69,413,201,212
050,47,021,"Tennessee","Cheatham County",1,70,438,205,233
050,47,021,"Tennessee","Cheatham County",1,71,393,192,201
050,47,021,"Tennessee","Cheatham County",1,72,377,185,192
050,47,021,"Tennessee","Cheatham County",1,73,393,175,218
050,47,021,"Tennessee","Cheatham County",1,74,257,127,130
050,47,021,"Tennessee","Cheatham County",1,75,257,140,117
050,47,021,"Tennessee","Cheatham County",1,76,227,108,119
050,47,021,"Tennessee","Cheatham County",1,77,217,98,119
050,47,021,"Tennessee","Cheatham County",1,78,185,74,111
050,47,021,"Tennessee","Cheatham County",1,79,167,76,91
050,47,021,"Tennessee","Cheatham County",1,80,159,68,91
050,47,021,"Tennessee","Cheatham County",1,81,147,63,84
050,47,021,"Tennessee","Cheatham County",1,82,120,47,73
050,47,021,"Tennessee","Cheatham County",1,83,103,44,59
050,47,021,"Tennessee","Cheatham County",1,84,97,41,56
050,47,021,"Tennessee","Cheatham County",1,85,451,182,269
050,47,021,"Tennessee","Cheatham County",2,0,458,234,224
050,47,021,"Tennessee","Cheatham County",2,1,461,242,219
050,47,021,"Tennessee","Cheatham County",2,2,438,230,208
050,47,021,"Tennessee","Cheatham County",2,3,462,246,216
050,47,021,"Tennessee","Cheatham County",2,4,469,249,220
050,47,021,"Tennessee","Cheatham County",2,5,493,253,240
050,47,021,"Tennessee","Cheatham County",2,6,489,239,250
050,47,021,"Tennessee","Cheatham County",2,7,463,231,232
050,47,021,"Tennessee","Cheatham County",2,8,460,239,221
050,47,021,"Tennessee","Cheatham County",2,9,443,231,212
050,47,021,"Tennessee","Cheatham County",2,10,470,246,224
050,47,021,"Tennessee","Cheatham County",2,11,502,256,246
050,47,021,"Tennessee","Cheatham County",2,12,555,277,278
050,47,021,"Tennessee","Cheatham County",2,13,570,276,294
050,47,021,"Tennessee","Cheatham County",2,14,573,291,282
050,47,021,"Tennessee","Cheatham County",2,15,561,269,292
050,47,021,"Tennessee","Cheatham County",2,16,568,281,287
050,47,021,"Tennessee","Cheatham County",2,17,565,276,289
050,47,021,"Tennessee","Cheatham County",2,18,470,241,229
050,47,021,"Tennessee","Cheatham County",2,19,374,201,173
050,47,021,"Tennessee","Cheatham County",2,20,402,217,185
050,47,021,"Tennessee","Cheatham County",2,21,424,221,203
050,47,021,"Tennessee","Cheatham County",2,22,420,220,200
050,47,021,"Tennessee","Cheatham County",2,23,436,233,203
050,47,021,"Tennessee","Cheatham County",2,24,444,232,212
050,47,021,"Tennessee","Cheatham County",2,25,453,228,225
050,47,021,"Tennessee","Cheatham County",2,26,485,237,248
050,47,021,"Tennessee","Cheatham County",2,27,525,266,259
050,47,021,"Tennessee","Cheatham County",2,28,545,282,263
050,47,021,"Tennessee","Cheatham County",2,29,578,309,269
050,47,021,"Tennessee","Cheatham County",2,30,570,310,260
050,47,021,"Tennessee","Cheatham County",2,31,548,282,266
050,47,021,"Tennessee","Cheatham County",2,32,556,282,274
050,47,021,"Tennessee","Cheatham County",2,33,538,263,275
050,47,021,"Tennessee","Cheatham County",2,34,549,269,280
050,47,021,"Tennessee","Cheatham County",2,35,545,293,252
050,47,021,"Tennessee","Cheatham County",2,36,519,274,245
050,47,021,"Tennessee","Cheatham County",2,37,537,270,267
050,47,021,"Tennessee","Cheatham County",2,38,551,276,275
050,47,021,"Tennessee","Cheatham County",2,39,525,264,261
050,47,021,"Tennessee","Cheatham County",2,40,560,270,290
050,47,021,"Tennessee","Cheatham County",2,41,529,253,276
050,47,021,"Tennessee","Cheatham County",2,42,493,248,245
050,47,021,"Tennessee","Cheatham County",2,43,478,246,232
050,47,021,"Tennessee","Cheatham County",2,44,494,249,245
050,47,021,"Tennessee","Cheatham County",2,45,529,255,274
050,47,021,"Tennessee","Cheatham County",2,46,535,261,274
050,47,021,"Tennessee","Cheatham County",2,47,544,278,266
050,47,021,"Tennessee","Cheatham County",2,48,610,318,292
050,47,021,"Tennessee","Cheatham County",2,49,625,323,302
050,47,021,"Tennessee","Cheatham County",2,50,602,317,285
050,47,021,"Tennessee","Cheatham County",2,51,609,301,308
050,47,021,"Tennessee","Cheatham County",2,52,586,294,292
050,47,021,"Tennessee","Cheatham County",2,53,604,306,298
050,47,021,"Tennessee","Cheatham County",2,54,630,311,319
050,47,021,"Tennessee","Cheatham County",2,55,663,329,334
050,47,021,"Tennessee","Cheatham County",2,56,689,347,342
050,47,021,"Tennessee","Cheatham County",2,57,698,357,341
050,47,021,"Tennessee","Cheatham County",2,58,704,358,346
050,47,021,"Tennessee","Cheatham County",2,59,679,335,344
050,47,021,"Tennessee","Cheatham County",2,60,631,310,321
050,47,021,"Tennessee","Cheatham County",2,61,605,296,309
050,47,021,"Tennessee","Cheatham County",2,62,587,284,303
050,47,021,"Tennessee","Cheatham County",2,63,579,279,300
050,47,021,"Tennessee","Cheatham County",2,64,521,252,269
050,47,021,"Tennessee","Cheatham County",2,65,495,246,249
050,47,021,"Tennessee","Cheatham County",2,66,497,250,247
050,47,021,"Tennessee","Cheatham County",2,67,464,231,233
050,47,021,"Tennessee","Cheatham County",2,68,448,215,233
050,47,021,"Tennessee","Cheatham County",2,69,426,205,221
050,47,021,"Tennessee","Cheatham County",2,70,426,199,227
050,47,021,"Tennessee","Cheatham County",2,71,403,194,209
050,47,021,"Tennessee","Cheatham County",2,72,374,184,190
050,47,021,"Tennessee","Cheatham County",2,73,407,185,222
050,47,021,"Tennessee","Cheatham County",2,74,266,128,138
050,47,021,"Tennessee","Cheatham County",2,75,257,136,121
050,47,021,"Tennessee","Cheatham County",2,76,229,113,116
050,47,021,"Tennessee","Cheatham County",2,77,223,102,121
050,47,021,"Tennessee","Cheatham County",2,78,185,75,110
050,47,021,"Tennessee","Cheatham County",2,79,171,74,97
050,47,021,"Tennessee","Cheatham County",2,80,158,69,89
050,47,021,"Tennessee","Cheatham County",2,81,147,64,83
050,47,021,"Tennessee","Cheatham County",2,82,125,51,74
050,47,021,"Tennessee","Cheatham County",2,83,105,42,63
050,47,021,"Tennessee","Cheatham County",2,84,93,38,55
050,47,021,"Tennessee","Cheatham County",2,85,454,185,269
050,47,021,"Tennessee","Cheatham County",3,0,437,213,224
050,47,021,"Tennessee","Cheatham County",3,1,427,217,210
050,47,021,"Tennessee","Cheatham County",3,2,474,246,228
050,47,021,"Tennessee","Cheatham County",3,3,444,226,218
050,47,021,"Tennessee","Cheatham County",3,4,457,241,216
050,47,021,"Tennessee","Cheatham County",3,5,472,256,216
050,47,021,"Tennessee","Cheatham County",3,6,507,255,252
050,47,021,"Tennessee","Cheatham County",3,7,497,247,250
050,47,021,"Tennessee","Cheatham County",3,8,475,231,244
050,47,021,"Tennessee","Cheatham County",3,9,451,232,219
050,47,021,"Tennessee","Cheatham County",3,10,439,229,210
050,47,021,"Tennessee","Cheatham County",3,11,481,253,228
050,47,021,"Tennessee","Cheatham County",3,12,516,259,257
050,47,021,"Tennessee","Cheatham County",3,13,570,286,284
050,47,021,"Tennessee","Cheatham County",3,14,572,280,292
050,47,021,"Tennessee","Cheatham County",3,15,568,293,275
050,47,021,"Tennessee","Cheatham County",3,16,556,267,289
050,47,021,"Tennessee","Cheatham County",3,17,566,276,290
050,47,021,"Tennessee","Cheatham County",3,18,476,243,233
050,47,021,"Tennessee","Cheatham County",3,19,361,194,167
050,47,021,"Tennessee","Cheatham County",3,20,391,210,181
050,47,021,"Tennessee","Cheatham County",3,21,428,225,203
050,47,021,"Tennessee","Cheatham County",3,22,466,241,225
050,47,021,"Tennessee","Cheatham County",3,23,451,228,223
050,47,021,"Tennessee","Cheatham County",3,24,459,241,218
050,47,021,"Tennessee","Cheatham County",3,25,475,251,224
050,47,021,"Tennessee","Cheatham County",3,26,477,236,241
050,47,021,"Tennessee","Cheatham County",3,27,523,256,267
050,47,021,"Tennessee","Cheatham County",3,28,559,288,271
050,47,021,"Tennessee","Cheatham County",3,29,579,297,282
050,47,021,"Tennessee","Cheatham County",3,30,573,315,258
050,47,021,"Tennessee","Cheatham County",3,31,586,301,285
050,47,021,"Tennessee","Cheatham County",3,32,560,285,275
050,47,021,"Tennessee","Cheatham County",3,33,580,291,289
050,47,021,"Tennessee","Cheatham County",3,34,533,255,278
050,47,021,"Tennessee","Cheatham County",3,35,552,273,279
050,47,021,"Tennessee","Cheatham County",3,36,545,295,250
050,47,021,"Tennessee","Cheatham County",3,37,529,286,243
050,47,021,"Tennessee","Cheatham County",3,38,541,277,264
050,47,021,"Tennessee","Cheatham County",3,39,584,286,298
050,47,021,"Tennessee","Cheatham County",3,40,539,281,258
050,47,021,"Tennessee","Cheatham County",3,41,582,287,295
050,47,021,"Tennessee","Cheatham County",3,42,538,265,273
050,47,021,"Tennessee","Cheatham County",3,43,484,245,239
050,47,021,"Tennessee","Cheatham County",3,44,475,242,233
050,47,021,"Tennessee","Cheatham County",3,45,499,248,251
050,47,021,"Tennessee","Cheatham County",3,46,559,277,282
050,47,021,"Tennessee","Cheatham County",3,47,534,254,280
050,47,021,"Tennessee","Cheatham County",3,48,535,277,258
050,47,021,"Tennessee","Cheatham County",3,49,626,327,299
050,47,021,"Tennessee","Cheatham County",3,50,623,324,299
050,47,021,"Tennessee","Cheatham County",3,51,593,304,289
050,47,021,"Tennessee","Cheatham County",3,52,626,315,311
050,47,021,"Tennessee","Cheatham County",3,53,577,285,292
050,47,021,"Tennessee","Cheatham County",3,54,584,295,289
050,47,021,"Tennessee","Cheatham County",3,55,619,304,315
050,47,021,"Tennessee","Cheatham County",3,56,653,321,332
050,47,021,"Tennessee","Cheatham County",3,57,693,349,344
050,47,021,"Tennessee","Cheatham County",3,58,697,356,341
050,47,021,"Tennessee","Cheatham County",3,59,696,361,335
050,47,021,"Tennessee","Cheatham County",3,60,693,345,348
050,47,021,"Tennessee","Cheatham County",3,61,630,306,324
050,47,021,"Tennessee","Cheatham County",3,62,615,305,310
050,47,021,"Tennessee","Cheatham County",3,63,572,272,300
050,47,021,"Tennessee","Cheatham County",3,64,578,275,303
050,47,021,"Tennessee","Cheatham County",3,65,523,255,268
050,47,021,"Tennessee","Cheatham County",3,66,484,237,247
050,47,021,"Tennessee","Cheatham County",3,67,489,248,241
050,47,021,"Tennessee","Cheatham County",3,68,455,227,228
050,47,021,"Tennessee","Cheatham County",3,69,427,212,215
050,47,021,"Tennessee","Cheatham County",3,70,411,198,213
050,47,021,"Tennessee","Cheatham County",3,71,419,194,225
050,47,021,"Tennessee","Cheatham County",3,72,387,183,204
050,47,021,"Tennessee","Cheatham County",3,73,366,179,187
050,47,021,"Tennessee","Cheatham County",3,74,380,174,206
050,47,021,"Tennessee","Cheatham County",3,75,261,125,136
050,47,021,"Tennessee","Cheatham County",3,76,242,129,113
050,47,021,"Tennessee","Cheatham County",3,77,215,104,111
050,47,021,"Tennessee","Cheatham County",3,78,210,96,114
050,47,021,"Tennessee","Cheatham County",3,79,178,64,114
050,47,021,"Tennessee","Cheatham County",3,80,154,66,88
050,47,021,"Tennessee","Cheatham County",3,81,150,63,87
050,47,021,"Tennessee","Cheatham County",3,82,135,59,76
050,47,021,"Tennessee","Cheatham County",3,83,116,48,68
050,47,021,"Tennessee","Cheatham County",3,84,91,34,57
050,47,021,"Tennessee","Cheatham County",3,85,448,177,271
050,47,021,"Tennessee","Cheatham County",4,0,485,244,241
050,47,021,"Tennessee","Cheatham County",4,1,437,227,210
050,47,021,"Tennessee","Cheatham County",4,2,430,220,210
050,47,021,"Tennessee","Cheatham County",4,3,495,260,235
050,47,021,"Tennessee","Cheatham County",4,4,451,222,229
050,47,021,"Tennessee","Cheatham County",4,5,467,242,225
050,47,021,"Tennessee","Cheatham County",4,6,473,257,216
050,47,021,"Tennessee","Cheatham County",4,7,524,261,263
050,47,021,"Tennessee","Cheatham County",4,8,495,250,245
050,47,021,"Tennessee","Cheatham County",4,9,481,229,252
050,47,021,"Tennessee","Cheatham County",4,10,461,237,224
050,47,021,"Tennessee","Cheatham County",4,11,442,233,209
050,47,021,"Tennessee","Cheatham County",4,12,493,264,229
050,47,021,"Tennessee","Cheatham County",4,13,513,259,254
050,47,021,"Tennessee","Cheatham County",4,14,567,282,285
050,47,021,"Tennessee","Cheatham County",4,15,583,281,302
050,47,021,"Tennessee","Cheatham County",4,16,558,285,273
050,47,021,"Tennessee","Cheatham County",4,17,555,269,286
050,47,021,"Tennessee","Cheatham County",4,18,457,235,222
050,47,021,"Tennessee","Cheatham County",4,19,377,198,179
050,47,021,"Tennessee","Cheatham County",4,20,384,204,180
050,47,021,"Tennessee","Cheatham County",4,21,406,214,192
050,47,021,"Tennessee","Cheatham County",4,22,439,231,208
050,47,021,"Tennessee","Cheatham County",4,23,490,246,244
050,47,021,"Tennessee","Cheatham County",4,24,443,241,202
050,47,021,"Tennessee","Cheatham County",4,25,483,249,234
050,47,021,"Tennessee","Cheatham County",4,26,505,275,230
050,47,021,"Tennessee","Cheatham County",4,27,505,250,255
050,47,021,"Tennessee","Cheatham County",4,28,545,270,275
050,47,021,"Tennessee","Cheatham County",4,29,556,286,270
050,47,021,"Tennessee","Cheatham County",4,30,568,293,275
050,47,021,"Tennessee","Cheatham County",4,31,595,320,275
050,47,021,"Tennessee","Cheatham County",4,32,609,318,291
050,47,021,"Tennessee","Cheatham County",4,33,560,301,259
050,47,021,"Tennessee","Cheatham County",4,34,603,305,298
050,47,021,"Tennessee","Cheatham County",4,35,546,274,272
050,47,021,"Tennessee","Cheatham County",4,36,565,280,285
050,47,021,"Tennessee","Cheatham County",4,37,555,292,263
050,47,021,"Tennessee","Cheatham County",4,38,544,297,247
050,47,021,"Tennessee","Cheatham County",4,39,557,279,278
050,47,021,"Tennessee","Cheatham County",4,40,569,276,293
050,47,021,"Tennessee","Cheatham County",4,41,549,294,255
050,47,021,"Tennessee","Cheatham County",4,42,591,302,289
050,47,021,"Tennessee","Cheatham County",4,43,541,269,272
050,47,021,"Tennessee","Cheatham County",4,44,493,248,245
050,47,021,"Tennessee","Cheatham County",4,45,470,237,233
050,47,021,"Tennessee","Cheatham County",4,46,505,246,259
050,47,021,"Tennessee","Cheatham County",4,47,556,281,275
050,47,021,"Tennessee","Cheatham County",4,48,547,259,288
050,47,021,"Tennessee","Cheatham County",4,49,534,274,260
050,47,021,"Tennessee","Cheatham County",4,50,619,322,297
050,47,021,"Tennessee","Cheatham County",4,51,619,320,299
050,47,021,"Tennessee","Cheatham County",4,52,591,305,286
050,47,021,"Tennessee","Cheatham County",4,53,627,311,316
050,47,021,"Tennessee","Cheatham County",4,54,568,286,282
050,47,021,"Tennessee","Cheatham County",4,55,596,301,295
050,47,021,"Tennessee","Cheatham County",4,56,618,297,321
050,47,021,"Tennessee","Cheatham County",4,57,644,316,328
050,47,021,"Tennessee","Cheatham County",4,58,698,354,344
050,47,021,"Tennessee","Cheatham County",4,59,688,348,340
050,47,021,"Tennessee","Cheatham County",4,60,669,342,327
050,47,021,"Tennessee","Cheatham County",4,61,708,352,356
050,47,021,"Tennessee","Cheatham County",4,62,629,297,332
050,47,021,"Tennessee","Cheatham County",4,63,592,294,298
050,47,021,"Tennessee","Cheatham County",4,64,564,271,293
050,47,021,"Tennessee","Cheatham County",4,65,572,273,299
050,47,021,"Tennessee","Cheatham County",4,66,521,254,267
050,47,021,"Tennessee","Cheatham County",4,67,467,224,243
050,47,021,"Tennessee","Cheatham County",4,68,460,230,230
050,47,021,"Tennessee","Cheatham County",4,69,450,223,227
050,47,021,"Tennessee","Cheatham County",4,70,421,202,219
050,47,021,"Tennessee","Cheatham County",4,71,401,191,210
050,47,021,"Tennessee","Cheatham County",4,72,406,183,223
050,47,021,"Tennessee","Cheatham County",4,73,372,172,200
050,47,021,"Tennessee","Cheatham County",4,74,352,172,180
050,47,021,"Tennessee","Cheatham County",4,75,369,175,194
050,47,021,"Tennessee","Cheatham County",4,76,241,116,125
050,47,021,"Tennessee","Cheatham County",4,77,229,123,106
050,47,021,"Tennessee","Cheatham County",4,78,210,98,112
050,47,021,"Tennessee","Cheatham County",4,79,202,85,117
050,47,021,"Tennessee","Cheatham County",4,80,154,59,95
050,47,021,"Tennessee","Cheatham County",4,81,144,60,84
050,47,021,"Tennessee","Cheatham County",4,82,139,57,82
050,47,021,"Tennessee","Cheatham County",4,83,129,57,72
050,47,021,"Tennessee","Cheatham County",4,84,103,43,60
050,47,021,"Tennessee","Cheatham County",4,85,435,163,272
050,47,021,"Tennessee","Cheatham County",5,0,491,249,242
050,47,021,"Tennessee","Cheatham County",5,1,472,234,238
050,47,021,"Tennessee","Cheatham County",5,2,440,227,213
050,47,021,"Tennessee","Cheatham County",5,3,423,213,210
050,47,021,"Tennessee","Cheatham County",5,4,506,261,245
050,47,021,"Tennessee","Cheatham County",5,5,463,235,228
050,47,021,"Tennessee","Cheatham County",5,6,477,247,230
050,47,021,"Tennessee","Cheatham County",5,7,485,262,223
050,47,021,"Tennessee","Cheatham County",5,8,541,267,274
050,47,021,"Tennessee","Cheatham County",5,9,504,254,250
050,47,021,"Tennessee","Cheatham County",5,10,491,238,253
050,47,021,"Tennessee","Cheatham County",5,11,469,241,228
050,47,021,"Tennessee","Cheatham County",5,12,441,232,209
050,47,021,"Tennessee","Cheatham County",5,13,495,257,238
050,47,021,"Tennessee","Cheatham County",5,14,525,259,266
050,47,021,"Tennessee","Cheatham County",5,15,589,298,291
050,47,021,"Tennessee","Cheatham County",5,16,596,286,310
050,47,021,"Tennessee","Cheatham County",5,17,563,293,270
050,47,021,"Tennessee","Cheatham County",5,18,466,238,228
050,47,021,"Tennessee","Cheatham County",5,19,363,190,173
050,47,021,"Tennessee","Cheatham County",5,20,418,219,199
050,47,021,"Tennessee","Cheatham County",5,21,415,217,198
050,47,021,"Tennessee","Cheatham County",5,22,424,231,193
050,47,021,"Tennessee","Cheatham County",5,23,461,241,220
050,47,021,"Tennessee","Cheatham County",5,24,500,258,242
050,47,021,"Tennessee","Cheatham County",5,25,462,250,212
050,47,021,"Tennessee","Cheatham County",5,26,498,253,245
050,47,021,"Tennessee","Cheatham County",5,27,497,265,232
050,47,021,"Tennessee","Cheatham County",5,28,517,259,258
050,47,021,"Tennessee","Cheatham County",5,29,570,291,279
050,47,021,"Tennessee","Cheatham County",5,30,578,280,298
050,47,021,"Tennessee","Cheatham County",5,31,615,330,285
050,47,021,"Tennessee","Cheatham County",5,32,612,315,297
050,47,021,"Tennessee","Cheatham County",5,33,637,330,307
050,47,021,"Tennessee","Cheatham County",5,34,585,313,272
050,47,021,"Tennessee","Cheatham County",5,35,603,303,300
050,47,021,"Tennessee","Cheatham County",5,36,563,286,277
050,47,021,"Tennessee","Cheatham County",5,37,575,283,292
050,47,021,"Tennessee","Cheatham County",5,38,566,296,270
050,47,021,"Tennessee","Cheatham County",5,39,547,300,247
050,47,021,"Tennessee","Cheatham County",5,40,559,286,273
050,47,021,"Tennessee","Cheatham County",5,41,597,293,304
050,47,021,"Tennessee","Cheatham County",5,42,574,305,269
050,47,021,"Tennessee","Cheatham County",5,43,593,303,290
050,47,021,"Tennessee","Cheatham County",5,44,542,269,273
050,47,021,"Tennessee","Cheatham County",5,45,498,250,248
050,47,021,"Tennessee","Cheatham County",5,46,495,256,239
050,47,021,"Tennessee","Cheatham County",5,47,510,249,261
050,47,021,"Tennessee","Cheatham County",5,48,547,284,263
050,47,021,"Tennessee","Cheatham County",5,49,551,256,295
050,47,021,"Tennessee","Cheatham County",5,50,545,290,255
050,47,021,"Tennessee","Cheatham County",5,51,618,325,293
050,47,021,"Tennessee","Cheatham County",5,52,611,307,304
050,47,021,"Tennessee","Cheatham County",5,53,601,308,293
050,47,021,"Tennessee","Cheatham County",5,54,625,308,317
050,47,021,"Tennessee","Cheatham County",5,55,573,289,284
050,47,021,"Tennessee","Cheatham County",5,56,590,293,297
050,47,021,"Tennessee","Cheatham County",5,57,606,294,312
050,47,021,"Tennessee","Cheatham County",5,58,659,327,332
050,47,021,"Tennessee","Cheatham County",5,59,696,351,345
050,47,021,"Tennessee","Cheatham County",5,60,688,342,346
050,47,021,"Tennessee","Cheatham County",5,61,664,339,325
050,47,021,"Tennessee","Cheatham County",5,62,693,340,353
050,47,021,"Tennessee","Cheatham County",5,63,612,293,319
050,47,021,"Tennessee","Cheatham County",5,64,592,294,298
050,47,021,"Tennessee","Cheatham County",5,65,567,270,297
050,47,021,"Tennessee","Cheatham County",5,66,551,257,294
050,47,021,"Tennessee","Cheatham County",5,67,499,244,255
050,47,021,"Tennessee","Cheatham County",5,68,455,221,234
050,47,021,"Tennessee","Cheatham County",5,69,454,222,232
050,47,021,"Tennessee","Cheatham County",5,70,425,205,220
050,47,021,"Tennessee","Cheatham County",5,71,415,199,216
050,47,021,"Tennessee","Cheatham County",5,72,385,180,205
050,47,021,"Tennessee","Cheatham County",5,73,386,171,215
050,47,021,"Tennessee","Cheatham County",5,74,360,162,198
050,47,021,"Tennessee","Cheatham County",5,75,333,166,167
050,47,021,"Tennessee","Cheatham County",5,76,334,162,172
050,47,021,"Tennessee","Cheatham County",5,77,228,109,119
050,47,021,"Tennessee","Cheatham County",5,78,218,117,101
050,47,021,"Tennessee","Cheatham County",5,79,203,86,117
050,47,021,"Tennessee","Cheatham County",5,80,185,82,103
050,47,021,"Tennessee","Cheatham County",5,81,143,52,91
050,47,021,"Tennessee","Cheatham County",5,82,135,56,79
050,47,021,"Tennessee","Cheatham County",5,83,132,52,80
050,47,021,"Tennessee","Cheatham County",5,84,114,52,62
050,47,021,"Tennessee","Cheatham County",5,85,450,167,283
050,47,023,"Tennessee","Chester County",1,0,172,87,85
050,47,023,"Tennessee","Chester County",1,1,189,90,99
050,47,023,"Tennessee","Chester County",1,2,179,76,103
050,47,023,"Tennessee","Chester County",1,3,189,91,98
050,47,023,"Tennessee","Chester County",1,4,188,93,95
050,47,023,"Tennessee","Chester County",1,5,207,102,105
050,47,023,"Tennessee","Chester County",1,6,231,118,113
050,47,023,"Tennessee","Chester County",1,7,201,103,98
050,47,023,"Tennessee","Chester County",1,8,208,103,105
050,47,023,"Tennessee","Chester County",1,9,204,108,96
050,47,023,"Tennessee","Chester County",1,10,192,92,100
050,47,023,"Tennessee","Chester County",1,11,231,117,114
050,47,023,"Tennessee","Chester County",1,12,243,133,110
050,47,023,"Tennessee","Chester County",1,13,237,124,113
050,47,023,"Tennessee","Chester County",1,14,216,116,100
050,47,023,"Tennessee","Chester County",1,15,235,114,121
050,47,023,"Tennessee","Chester County",1,16,250,124,126
050,47,023,"Tennessee","Chester County",1,17,231,114,117
050,47,023,"Tennessee","Chester County",1,18,300,131,169
050,47,023,"Tennessee","Chester County",1,19,451,219,232
050,47,023,"Tennessee","Chester County",1,20,446,211,235
050,47,023,"Tennessee","Chester County",1,21,384,173,211
050,47,023,"Tennessee","Chester County",1,22,312,154,158
050,47,023,"Tennessee","Chester County",1,23,240,128,112
050,47,023,"Tennessee","Chester County",1,24,210,113,97
050,47,023,"Tennessee","Chester County",1,25,221,117,104
050,47,023,"Tennessee","Chester County",1,26,193,106,87
050,47,023,"Tennessee","Chester County",1,27,219,115,104
050,47,023,"Tennessee","Chester County",1,28,219,106,113
050,47,023,"Tennessee","Chester County",1,29,220,108,112
050,47,023,"Tennessee","Chester County",1,30,197,87,110
050,47,023,"Tennessee","Chester County",1,31,201,89,112
050,47,023,"Tennessee","Chester County",1,32,197,95,102
050,47,023,"Tennessee","Chester County",1,33,177,70,107
050,47,023,"Tennessee","Chester County",1,34,179,92,87
050,47,023,"Tennessee","Chester County",1,35,190,100,90
050,47,023,"Tennessee","Chester County",1,36,184,102,82
050,47,023,"Tennessee","Chester County",1,37,182,95,87
050,47,023,"Tennessee","Chester County",1,38,188,87,101
050,47,023,"Tennessee","Chester County",1,39,216,102,114
050,47,023,"Tennessee","Chester County",1,40,206,95,111
050,47,023,"Tennessee","Chester County",1,41,202,96,106
050,47,023,"Tennessee","Chester County",1,42,177,79,98
050,47,023,"Tennessee","Chester County",1,43,201,96,105
050,47,023,"Tennessee","Chester County",1,44,199,93,106
050,47,023,"Tennessee","Chester County",1,45,233,109,124
050,47,023,"Tennessee","Chester County",1,46,220,109,111
050,47,023,"Tennessee","Chester County",1,47,213,114,99
050,47,023,"Tennessee","Chester County",1,48,216,101,115
050,47,023,"Tennessee","Chester County",1,49,219,109,110
050,47,023,"Tennessee","Chester County",1,50,213,104,109
050,47,023,"Tennessee","Chester County",1,51,182,89,93
050,47,023,"Tennessee","Chester County",1,52,200,93,107
050,47,023,"Tennessee","Chester County",1,53,204,89,115
050,47,023,"Tennessee","Chester County",1,54,205,102,103
050,47,023,"Tennessee","Chester County",1,55,221,113,108
050,47,023,"Tennessee","Chester County",1,56,227,108,119
050,47,023,"Tennessee","Chester County",1,57,227,124,103
050,47,023,"Tennessee","Chester County",1,58,238,119,119
050,47,023,"Tennessee","Chester County",1,59,222,105,117
050,47,023,"Tennessee","Chester County",1,60,219,104,115
050,47,023,"Tennessee","Chester County",1,61,217,111,106
050,47,023,"Tennessee","Chester County",1,62,201,108,93
050,47,023,"Tennessee","Chester County",1,63,203,102,101
050,47,023,"Tennessee","Chester County",1,64,210,98,112
050,47,023,"Tennessee","Chester County",1,65,195,94,101
050,47,023,"Tennessee","Chester County",1,66,189,83,106
050,47,023,"Tennessee","Chester County",1,67,185,76,109
050,47,023,"Tennessee","Chester County",1,68,194,91,103
050,47,023,"Tennessee","Chester County",1,69,170,83,87
050,47,023,"Tennessee","Chester County",1,70,165,80,85
050,47,023,"Tennessee","Chester County",1,71,177,82,95
050,47,023,"Tennessee","Chester County",1,72,193,93,100
050,47,023,"Tennessee","Chester County",1,73,169,74,95
050,47,023,"Tennessee","Chester County",1,74,101,44,57
050,47,023,"Tennessee","Chester County",1,75,116,54,62
050,47,023,"Tennessee","Chester County",1,76,127,64,63
050,47,023,"Tennessee","Chester County",1,77,116,54,62
050,47,023,"Tennessee","Chester County",1,78,106,53,53
050,47,023,"Tennessee","Chester County",1,79,88,34,54
050,47,023,"Tennessee","Chester County",1,80,72,27,45
050,47,023,"Tennessee","Chester County",1,81,73,31,42
050,47,023,"Tennessee","Chester County",1,82,70,27,43
050,47,023,"Tennessee","Chester County",1,83,68,23,45
050,47,023,"Tennessee","Chester County",1,84,54,20,34
050,47,023,"Tennessee","Chester County",1,85,312,97,215
050,47,023,"Tennessee","Chester County",2,0,168,82,86
050,47,023,"Tennessee","Chester County",2,1,184,89,95
050,47,023,"Tennessee","Chester County",2,2,183,79,104
050,47,023,"Tennessee","Chester County",2,3,188,89,99
050,47,023,"Tennessee","Chester County",2,4,189,93,96
050,47,023,"Tennessee","Chester County",2,5,207,102,105
050,47,023,"Tennessee","Chester County",2,6,226,115,111
050,47,023,"Tennessee","Chester County",2,7,210,108,102
050,47,023,"Tennessee","Chester County",2,8,205,102,103
050,47,023,"Tennessee","Chester County",2,9,203,106,97
050,47,023,"Tennessee","Chester County",2,10,196,97,99
050,47,023,"Tennessee","Chester County",2,11,221,112,109
050,47,023,"Tennessee","Chester County",2,12,241,128,113
050,47,023,"Tennessee","Chester County",2,13,239,126,113
050,47,023,"Tennessee","Chester County",2,14,222,118,104
050,47,023,"Tennessee","Chester County",2,15,231,115,116
050,47,023,"Tennessee","Chester County",2,16,243,123,120
050,47,023,"Tennessee","Chester County",2,17,235,116,119
050,47,023,"Tennessee","Chester County",2,18,299,131,168
050,47,023,"Tennessee","Chester County",2,19,448,215,233
050,47,023,"Tennessee","Chester County",2,20,445,211,234
050,47,023,"Tennessee","Chester County",2,21,390,177,213
050,47,023,"Tennessee","Chester County",2,22,311,153,158
050,47,023,"Tennessee","Chester County",2,23,240,127,113
050,47,023,"Tennessee","Chester County",2,24,212,112,100
050,47,023,"Tennessee","Chester County",2,25,221,118,103
050,47,023,"Tennessee","Chester County",2,26,200,108,92
050,47,023,"Tennessee","Chester County",2,27,212,111,101
050,47,023,"Tennessee","Chester County",2,28,224,111,113
050,47,023,"Tennessee","Chester County",2,29,223,108,115
050,47,023,"Tennessee","Chester County",2,30,204,91,113
050,47,023,"Tennessee","Chester County",2,31,202,90,112
050,47,023,"Tennessee","Chester County",2,32,198,93,105
050,47,023,"Tennessee","Chester County",2,33,182,76,106
050,47,023,"Tennessee","Chester County",2,34,179,88,91
050,47,023,"Tennessee","Chester County",2,35,189,99,90
050,47,023,"Tennessee","Chester County",2,36,183,99,84
050,47,023,"Tennessee","Chester County",2,37,182,96,86
050,47,023,"Tennessee","Chester County",2,38,187,89,98
050,47,023,"Tennessee","Chester County",2,39,206,96,110
050,47,023,"Tennessee","Chester County",2,40,210,98,112
050,47,023,"Tennessee","Chester County",2,41,200,96,104
050,47,023,"Tennessee","Chester County",2,42,185,84,101
050,47,023,"Tennessee","Chester County",2,43,195,92,103
050,47,023,"Tennessee","Chester County",2,44,198,92,106
050,47,023,"Tennessee","Chester County",2,45,227,108,119
050,47,023,"Tennessee","Chester County",2,46,221,108,113
050,47,023,"Tennessee","Chester County",2,47,216,113,103
050,47,023,"Tennessee","Chester County",2,48,214,103,111
050,47,023,"Tennessee","Chester County",2,49,222,109,113
050,47,023,"Tennessee","Chester County",2,50,214,106,108
050,47,023,"Tennessee","Chester County",2,51,191,94,97
050,47,023,"Tennessee","Chester County",2,52,195,92,103
050,47,023,"Tennessee","Chester County",2,53,202,89,113
050,47,023,"Tennessee","Chester County",2,54,205,99,106
050,47,023,"Tennessee","Chester County",2,55,217,111,106
050,47,023,"Tennessee","Chester County",2,56,226,110,116
050,47,023,"Tennessee","Chester County",2,57,226,119,107
050,47,023,"Tennessee","Chester County",2,58,236,120,116
050,47,023,"Tennessee","Chester County",2,59,228,110,118
050,47,023,"Tennessee","Chester County",2,60,221,106,115
050,47,023,"Tennessee","Chester County",2,61,216,107,109
050,47,023,"Tennessee","Chester County",2,62,205,109,96
050,47,023,"Tennessee","Chester County",2,63,205,103,102
050,47,023,"Tennessee","Chester County",2,64,209,100,109
050,47,023,"Tennessee","Chester County",2,65,199,94,105
050,47,023,"Tennessee","Chester County",2,66,192,86,106
050,47,023,"Tennessee","Chester County",2,67,185,77,108
050,47,023,"Tennessee","Chester County",2,68,187,85,102
050,47,023,"Tennessee","Chester County",2,69,179,86,93
050,47,023,"Tennessee","Chester County",2,70,166,81,85
050,47,023,"Tennessee","Chester County",2,71,174,82,92
050,47,023,"Tennessee","Chester County",2,72,186,88,98
050,47,023,"Tennessee","Chester County",2,73,183,84,99
050,47,023,"Tennessee","Chester County",2,74,109,46,63
050,47,023,"Tennessee","Chester County",2,75,112,52,60
050,47,023,"Tennessee","Chester County",2,76,120,61,59
050,47,023,"Tennessee","Chester County",2,77,121,58,63
050,47,023,"Tennessee","Chester County",2,78,106,53,53
050,47,023,"Tennessee","Chester County",2,79,93,39,54
050,47,023,"Tennessee","Chester County",2,80,75,29,46
050,47,023,"Tennessee","Chester County",2,81,71,29,42
050,47,023,"Tennessee","Chester County",2,82,71,28,43
050,47,023,"Tennessee","Chester County",2,83,66,24,42
050,47,023,"Tennessee","Chester County",2,84,56,20,36
050,47,023,"Tennessee","Chester County",2,85,312,96,216
050,47,023,"Tennessee","Chester County",3,0,169,96,73
050,47,023,"Tennessee","Chester County",3,1,172,91,81
050,47,023,"Tennessee","Chester County",3,2,191,89,102
050,47,023,"Tennessee","Chester County",3,3,183,81,102
050,47,023,"Tennessee","Chester County",3,4,189,90,99
050,47,023,"Tennessee","Chester County",3,5,206,101,105
050,47,023,"Tennessee","Chester County",3,6,206,102,104
050,47,023,"Tennessee","Chester County",3,7,233,118,115
050,47,023,"Tennessee","Chester County",3,8,215,105,110
050,47,023,"Tennessee","Chester County",3,9,208,106,102
050,47,023,"Tennessee","Chester County",3,10,207,106,101
050,47,023,"Tennessee","Chester County",3,11,200,98,102
050,47,023,"Tennessee","Chester County",3,12,233,116,117
050,47,023,"Tennessee","Chester County",3,13,237,125,112
050,47,023,"Tennessee","Chester County",3,14,248,131,117
050,47,023,"Tennessee","Chester County",3,15,220,116,104
050,47,023,"Tennessee","Chester County",3,16,229,121,108
050,47,023,"Tennessee","Chester County",3,17,246,130,116
050,47,023,"Tennessee","Chester County",3,18,313,135,178
050,47,023,"Tennessee","Chester County",3,19,439,208,231
050,47,023,"Tennessee","Chester County",3,20,420,199,221
050,47,023,"Tennessee","Chester County",3,21,412,198,214
050,47,023,"Tennessee","Chester County",3,22,328,161,167
050,47,023,"Tennessee","Chester County",3,23,230,120,110
050,47,023,"Tennessee","Chester County",3,24,216,101,115
050,47,023,"Tennessee","Chester County",3,25,196,107,89
050,47,023,"Tennessee","Chester County",3,26,220,118,102
050,47,023,"Tennessee","Chester County",3,27,207,108,99
050,47,023,"Tennessee","Chester County",3,28,225,127,98
050,47,023,"Tennessee","Chester County",3,29,216,104,112
050,47,023,"Tennessee","Chester County",3,30,218,103,115
050,47,023,"Tennessee","Chester County",3,31,203,87,116
050,47,023,"Tennessee","Chester County",3,32,202,92,110
050,47,023,"Tennessee","Chester County",3,33,213,105,108
050,47,023,"Tennessee","Chester County",3,34,188,87,101
050,47,023,"Tennessee","Chester County",3,35,177,84,93
050,47,023,"Tennessee","Chester County",3,36,185,93,92
050,47,023,"Tennessee","Chester County",3,37,186,102,84
050,47,023,"Tennessee","Chester County",3,38,193,103,90
050,47,023,"Tennessee","Chester County",3,39,202,96,106
050,47,023,"Tennessee","Chester County",3,40,203,96,107
050,47,023,"Tennessee","Chester County",3,41,212,99,113
050,47,023,"Tennessee","Chester County",3,42,214,104,110
050,47,023,"Tennessee","Chester County",3,43,183,86,97
050,47,023,"Tennessee","Chester County",3,44,191,87,104
050,47,023,"Tennessee","Chester County",3,45,204,96,108
050,47,023,"Tennessee","Chester County",3,46,222,100,122
050,47,023,"Tennessee","Chester County",3,47,219,107,112
050,47,023,"Tennessee","Chester County",3,48,219,117,102
050,47,023,"Tennessee","Chester County",3,49,216,104,112
050,47,023,"Tennessee","Chester County",3,50,211,100,111
050,47,023,"Tennessee","Chester County",3,51,220,110,110
050,47,023,"Tennessee","Chester County",3,52,190,98,92
050,47,023,"Tennessee","Chester County",3,53,192,88,104
050,47,023,"Tennessee","Chester County",3,54,210,88,122
050,47,023,"Tennessee","Chester County",3,55,204,95,109
050,47,023,"Tennessee","Chester County",3,56,219,113,106
050,47,023,"Tennessee","Chester County",3,57,235,117,118
050,47,023,"Tennessee","Chester County",3,58,227,120,107
050,47,023,"Tennessee","Chester County",3,59,235,117,118
050,47,023,"Tennessee","Chester County",3,60,219,107,112
050,47,023,"Tennessee","Chester County",3,61,219,107,112
050,47,023,"Tennessee","Chester County",3,62,212,105,107
050,47,023,"Tennessee","Chester County",3,63,205,111,94
050,47,023,"Tennessee","Chester County",3,64,207,102,105
050,47,023,"Tennessee","Chester County",3,65,205,99,106
050,47,023,"Tennessee","Chester County",3,66,199,90,109
050,47,023,"Tennessee","Chester County",3,67,185,83,102
050,47,023,"Tennessee","Chester County",3,68,176,75,101
050,47,023,"Tennessee","Chester County",3,69,188,82,106
050,47,023,"Tennessee","Chester County",3,70,171,86,85
050,47,023,"Tennessee","Chester County",3,71,164,79,85
050,47,023,"Tennessee","Chester County",3,72,166,81,85
050,47,023,"Tennessee","Chester County",3,73,179,83,96
050,47,023,"Tennessee","Chester County",3,74,176,78,98
050,47,023,"Tennessee","Chester County",3,75,109,46,63
050,47,023,"Tennessee","Chester County",3,76,100,44,56
050,47,023,"Tennessee","Chester County",3,77,110,58,52
050,47,023,"Tennessee","Chester County",3,78,114,53,61
050,47,023,"Tennessee","Chester County",3,79,104,51,53
050,47,023,"Tennessee","Chester County",3,80,86,36,50
050,47,023,"Tennessee","Chester County",3,81,72,25,47
050,47,023,"Tennessee","Chester County",3,82,64,26,38
050,47,023,"Tennessee","Chester County",3,83,66,26,40
050,47,023,"Tennessee","Chester County",3,84,54,16,38
050,47,023,"Tennessee","Chester County",3,85,308,93,215
050,47,023,"Tennessee","Chester County",4,0,174,97,77
050,47,023,"Tennessee","Chester County",4,1,173,92,81
050,47,023,"Tennessee","Chester County",4,2,182,96,86
050,47,023,"Tennessee","Chester County",4,3,189,86,103
050,47,023,"Tennessee","Chester County",4,4,208,93,115
050,47,023,"Tennessee","Chester County",4,5,196,93,103
050,47,023,"Tennessee","Chester County",4,6,206,103,103
050,47,023,"Tennessee","Chester County",4,7,217,110,107
050,47,023,"Tennessee","Chester County",4,8,228,114,114
050,47,023,"Tennessee","Chester County",4,9,227,110,117
050,47,023,"Tennessee","Chester County",4,10,209,104,105
050,47,023,"Tennessee","Chester County",4,11,216,115,101
050,47,023,"Tennessee","Chester County",4,12,208,107,101
050,47,023,"Tennessee","Chester County",4,13,228,110,118
050,47,023,"Tennessee","Chester County",4,14,251,135,116
050,47,023,"Tennessee","Chester County",4,15,251,127,124
050,47,023,"Tennessee","Chester County",4,16,220,110,110
050,47,023,"Tennessee","Chester County",4,17,231,120,111
050,47,023,"Tennessee","Chester County",4,18,309,143,166
050,47,023,"Tennessee","Chester County",4,19,437,200,237
050,47,023,"Tennessee","Chester County",4,20,417,197,220
050,47,023,"Tennessee","Chester County",4,21,384,183,201
050,47,023,"Tennessee","Chester County",4,22,330,172,158
050,47,023,"Tennessee","Chester County",4,23,248,128,120
050,47,023,"Tennessee","Chester County",4,24,198,106,92
050,47,023,"Tennessee","Chester County",4,25,199,98,101
050,47,023,"Tennessee","Chester County",4,26,209,107,102
050,47,023,"Tennessee","Chester County",4,27,224,121,103
050,47,023,"Tennessee","Chester County",4,28,203,110,93
050,47,023,"Tennessee","Chester County",4,29,233,130,103
050,47,023,"Tennessee","Chester County",4,30,213,103,110
050,47,023,"Tennessee","Chester County",4,31,228,108,120
050,47,023,"Tennessee","Chester County",4,32,198,82,116
050,47,023,"Tennessee","Chester County",4,33,216,93,123
050,47,023,"Tennessee","Chester County",4,34,222,113,109
050,47,023,"Tennessee","Chester County",4,35,202,99,103
050,47,023,"Tennessee","Chester County",4,36,173,78,95
050,47,023,"Tennessee","Chester County",4,37,183,88,95
050,47,023,"Tennessee","Chester County",4,38,191,106,85
050,47,023,"Tennessee","Chester County",4,39,191,100,91
050,47,023,"Tennessee","Chester County",4,40,200,96,104
050,47,023,"Tennessee","Chester County",4,41,205,102,103
050,47,023,"Tennessee","Chester County",4,42,219,101,118
050,47,023,"Tennessee","Chester County",4,43,216,105,111
050,47,023,"Tennessee","Chester County",4,44,173,74,99
050,47,023,"Tennessee","Chester County",4,45,194,91,103
050,47,023,"Tennessee","Chester County",4,46,212,96,116
050,47,023,"Tennessee","Chester County",4,47,226,104,122
050,47,023,"Tennessee","Chester County",4,48,222,105,117
050,47,023,"Tennessee","Chester County",4,49,222,121,101
050,47,023,"Tennessee","Chester County",4,50,202,98,104
050,47,023,"Tennessee","Chester County",4,51,212,107,105
050,47,023,"Tennessee","Chester County",4,52,224,117,107
050,47,023,"Tennessee","Chester County",4,53,202,102,100
050,47,023,"Tennessee","Chester County",4,54,188,90,98
050,47,023,"Tennessee","Chester County",4,55,207,89,118
050,47,023,"Tennessee","Chester County",4,56,203,90,113
050,47,023,"Tennessee","Chester County",4,57,228,122,106
050,47,023,"Tennessee","Chester County",4,58,234,115,119
050,47,023,"Tennessee","Chester County",4,59,232,122,110
050,47,023,"Tennessee","Chester County",4,60,231,118,113
050,47,023,"Tennessee","Chester County",4,61,221,106,115
050,47,023,"Tennessee","Chester County",4,62,227,112,115
050,47,023,"Tennessee","Chester County",4,63,215,110,105
050,47,023,"Tennessee","Chester County",4,64,209,111,98
050,47,023,"Tennessee","Chester County",4,65,206,103,103
050,47,023,"Tennessee","Chester County",4,66,212,99,113
050,47,023,"Tennessee","Chester County",4,67,193,86,107
050,47,023,"Tennessee","Chester County",4,68,182,82,100
050,47,023,"Tennessee","Chester County",4,69,174,73,101
050,47,023,"Tennessee","Chester County",4,70,178,76,102
050,47,023,"Tennessee","Chester County",4,71,156,78,78
050,47,023,"Tennessee","Chester County",4,72,160,76,84
050,47,023,"Tennessee","Chester County",4,73,159,78,81
050,47,023,"Tennessee","Chester County",4,74,172,77,95
050,47,023,"Tennessee","Chester County",4,75,171,73,98
050,47,023,"Tennessee","Chester County",4,76,93,35,58
050,47,023,"Tennessee","Chester County",4,77,95,41,54
050,47,023,"Tennessee","Chester County",4,78,100,54,46
050,47,023,"Tennessee","Chester County",4,79,109,47,62
050,47,023,"Tennessee","Chester County",4,80,97,51,46
050,47,023,"Tennessee","Chester County",4,81,79,31,48
050,47,023,"Tennessee","Chester County",4,82,64,23,41
050,47,023,"Tennessee","Chester County",4,83,55,22,33
050,47,023,"Tennessee","Chester County",4,84,60,25,35
050,47,023,"Tennessee","Chester County",4,85,297,79,218
050,47,023,"Tennessee","Chester County",5,0,176,99,77
050,47,023,"Tennessee","Chester County",5,1,179,94,85
050,47,023,"Tennessee","Chester County",5,2,177,96,81
050,47,023,"Tennessee","Chester County",5,3,185,98,87
050,47,023,"Tennessee","Chester County",5,4,202,91,111
050,47,023,"Tennessee","Chester County",5,5,221,95,126
050,47,023,"Tennessee","Chester County",5,6,207,98,109
050,47,023,"Tennessee","Chester County",5,7,219,109,110
050,47,023,"Tennessee","Chester County",5,8,223,119,104
050,47,023,"Tennessee","Chester County",5,9,221,109,112
050,47,023,"Tennessee","Chester County",5,10,221,110,111
050,47,023,"Tennessee","Chester County",5,11,212,109,103
050,47,023,"Tennessee","Chester County",5,12,211,111,100
050,47,023,"Tennessee","Chester County",5,13,205,106,99
050,47,023,"Tennessee","Chester County",5,14,241,121,120
050,47,023,"Tennessee","Chester County",5,15,247,137,110
050,47,023,"Tennessee","Chester County",5,16,253,125,128
050,47,023,"Tennessee","Chester County",5,17,210,107,103
050,47,023,"Tennessee","Chester County",5,18,297,138,159
050,47,023,"Tennessee","Chester County",5,19,449,216,233
050,47,023,"Tennessee","Chester County",5,20,420,188,232
050,47,023,"Tennessee","Chester County",5,21,365,168,197
050,47,023,"Tennessee","Chester County",5,22,309,168,141
050,47,023,"Tennessee","Chester County",5,23,259,138,121
050,47,023,"Tennessee","Chester County",5,24,225,111,114
050,47,023,"Tennessee","Chester County",5,25,189,103,86
050,47,023,"Tennessee","Chester County",5,26,197,94,103
050,47,023,"Tennessee","Chester County",5,27,215,107,108
050,47,023,"Tennessee","Chester County",5,28,231,123,108
050,47,023,"Tennessee","Chester County",5,29,197,98,99
050,47,023,"Tennessee","Chester County",5,30,234,130,104
050,47,023,"Tennessee","Chester County",5,31,220,107,113
050,47,023,"Tennessee","Chester County",5,32,226,112,114
050,47,023,"Tennessee","Chester County",5,33,194,78,116
050,47,023,"Tennessee","Chester County",5,34,215,97,118
050,47,023,"Tennessee","Chester County",5,35,219,109,110
050,47,023,"Tennessee","Chester County",5,36,196,88,108
050,47,023,"Tennessee","Chester County",5,37,177,81,96
050,47,023,"Tennessee","Chester County",5,38,183,89,94
050,47,023,"Tennessee","Chester County",5,39,189,100,89
050,47,023,"Tennessee","Chester County",5,40,200,109,91
050,47,023,"Tennessee","Chester County",5,41,199,98,101
050,47,023,"Tennessee","Chester County",5,42,214,107,107
050,47,023,"Tennessee","Chester County",5,43,224,101,123
050,47,023,"Tennessee","Chester County",5,44,215,105,110
050,47,023,"Tennessee","Chester County",5,45,181,75,106
050,47,023,"Tennessee","Chester County",5,46,191,87,104
050,47,023,"Tennessee","Chester County",5,47,218,100,118
050,47,023,"Tennessee","Chester County",5,48,215,100,115
050,47,023,"Tennessee","Chester County",5,49,221,106,115
050,47,023,"Tennessee","Chester County",5,50,219,118,101
050,47,023,"Tennessee","Chester County",5,51,201,100,101
050,47,023,"Tennessee","Chester County",5,52,210,108,102
050,47,023,"Tennessee","Chester County",5,53,219,108,111
050,47,023,"Tennessee","Chester County",5,54,195,98,97
050,47,023,"Tennessee","Chester County",5,55,192,94,98
050,47,023,"Tennessee","Chester County",5,56,217,95,122
050,47,023,"Tennessee","Chester County",5,57,205,92,113
050,47,023,"Tennessee","Chester County",5,58,216,112,104
050,47,023,"Tennessee","Chester County",5,59,239,118,121
050,47,023,"Tennessee","Chester County",5,60,235,126,109
050,47,023,"Tennessee","Chester County",5,61,231,118,113
050,47,023,"Tennessee","Chester County",5,62,216,103,113
050,47,023,"Tennessee","Chester County",5,63,225,111,114
050,47,023,"Tennessee","Chester County",5,64,224,113,111
050,47,023,"Tennessee","Chester County",5,65,210,107,103
050,47,023,"Tennessee","Chester County",5,66,201,100,101
050,47,023,"Tennessee","Chester County",5,67,207,95,112
050,47,023,"Tennessee","Chester County",5,68,191,88,103
050,47,023,"Tennessee","Chester County",5,69,182,78,104
050,47,023,"Tennessee","Chester County",5,70,170,69,101
050,47,023,"Tennessee","Chester County",5,71,173,75,98
050,47,023,"Tennessee","Chester County",5,72,152,75,77
050,47,023,"Tennessee","Chester County",5,73,152,70,82
050,47,023,"Tennessee","Chester County",5,74,153,73,80
050,47,023,"Tennessee","Chester County",5,75,167,75,92
050,47,023,"Tennessee","Chester County",5,76,164,67,97
050,47,023,"Tennessee","Chester County",5,77,86,27,59
050,47,023,"Tennessee","Chester County",5,78,83,35,48
050,47,023,"Tennessee","Chester County",5,79,91,44,47
050,47,023,"Tennessee","Chester County",5,80,107,48,59
050,47,023,"Tennessee","Chester County",5,81,94,47,47
050,47,023,"Tennessee","Chester County",5,82,69,29,40
050,47,023,"Tennessee","Chester County",5,83,58,21,37
050,47,023,"Tennessee","Chester County",5,84,49,20,29
050,47,023,"Tennessee","Chester County",5,85,309,84,225
050,47,025,"Tennessee","Claiborne County",1,0,324,167,157
050,47,025,"Tennessee","Claiborne County",1,1,314,168,146
050,47,025,"Tennessee","Claiborne County",1,2,336,186,150
050,47,025,"Tennessee","Claiborne County",1,3,318,178,140
050,47,025,"Tennessee","Claiborne County",1,4,323,169,154
050,47,025,"Tennessee","Claiborne County",1,5,334,160,174
050,47,025,"Tennessee","Claiborne County",1,6,333,175,158
050,47,025,"Tennessee","Claiborne County",1,7,323,163,160
050,47,025,"Tennessee","Claiborne County",1,8,342,171,171
050,47,025,"Tennessee","Claiborne County",1,9,301,150,151
050,47,025,"Tennessee","Claiborne County",1,10,323,160,163
050,47,025,"Tennessee","Claiborne County",1,11,326,156,170
050,47,025,"Tennessee","Claiborne County",1,12,357,167,190
050,47,025,"Tennessee","Claiborne County",1,13,360,188,172
050,47,025,"Tennessee","Claiborne County",1,14,377,199,178
050,47,025,"Tennessee","Claiborne County",1,15,368,185,183
050,47,025,"Tennessee","Claiborne County",1,16,476,229,247
050,47,025,"Tennessee","Claiborne County",1,17,352,183,169
050,47,025,"Tennessee","Claiborne County",1,18,413,204,209
050,47,025,"Tennessee","Claiborne County",1,19,428,204,224
050,47,025,"Tennessee","Claiborne County",1,20,420,208,212
050,47,025,"Tennessee","Claiborne County",1,21,405,196,209
050,47,025,"Tennessee","Claiborne County",1,22,396,199,197
050,47,025,"Tennessee","Claiborne County",1,23,439,252,187
050,47,025,"Tennessee","Claiborne County",1,24,432,221,211
050,47,025,"Tennessee","Claiborne County",1,25,426,217,209
050,47,025,"Tennessee","Claiborne County",1,26,456,245,211
050,47,025,"Tennessee","Claiborne County",1,27,436,223,213
050,47,025,"Tennessee","Claiborne County",1,28,457,218,239
050,47,025,"Tennessee","Claiborne County",1,29,442,212,230
050,47,025,"Tennessee","Claiborne County",1,30,405,205,200
050,47,025,"Tennessee","Claiborne County",1,31,372,194,178
050,47,025,"Tennessee","Claiborne County",1,32,363,187,176
050,47,025,"Tennessee","Claiborne County",1,33,364,195,169
050,47,025,"Tennessee","Claiborne County",1,34,362,191,171
050,47,025,"Tennessee","Claiborne County",1,35,334,174,160
050,47,025,"Tennessee","Claiborne County",1,36,332,160,172
050,47,025,"Tennessee","Claiborne County",1,37,319,148,171
050,47,025,"Tennessee","Claiborne County",1,38,349,182,167
050,47,025,"Tennessee","Claiborne County",1,39,346,184,162
050,47,025,"Tennessee","Claiborne County",1,40,374,200,174
050,47,025,"Tennessee","Claiborne County",1,41,394,193,201
050,47,025,"Tennessee","Claiborne County",1,42,385,195,190
050,47,025,"Tennessee","Claiborne County",1,43,381,205,176
050,47,025,"Tennessee","Claiborne County",1,44,378,189,189
050,47,025,"Tennessee","Claiborne County",1,45,406,201,205
050,47,025,"Tennessee","Claiborne County",1,46,398,197,201
050,47,025,"Tennessee","Claiborne County",1,47,409,201,208
050,47,025,"Tennessee","Claiborne County",1,48,414,200,214
050,47,025,"Tennessee","Claiborne County",1,49,457,231,226
050,47,025,"Tennessee","Claiborne County",1,50,452,220,232
050,47,025,"Tennessee","Claiborne County",1,51,414,202,212
050,47,025,"Tennessee","Claiborne County",1,52,417,211,206
050,47,025,"Tennessee","Claiborne County",1,53,465,242,223
050,47,025,"Tennessee","Claiborne County",1,54,459,233,226
050,47,025,"Tennessee","Claiborne County",1,55,464,217,247
050,47,025,"Tennessee","Claiborne County",1,56,451,218,233
050,47,025,"Tennessee","Claiborne County",1,57,432,206,226
050,47,025,"Tennessee","Claiborne County",1,58,448,218,230
050,47,025,"Tennessee","Claiborne County",1,59,433,202,231
050,47,025,"Tennessee","Claiborne County",1,60,451,212,239
050,47,025,"Tennessee","Claiborne County",1,61,464,224,240
050,47,025,"Tennessee","Claiborne County",1,62,479,246,233
050,47,025,"Tennessee","Claiborne County",1,63,485,240,245
050,47,025,"Tennessee","Claiborne County",1,64,480,225,255
050,47,025,"Tennessee","Claiborne County",1,65,451,220,231
050,47,025,"Tennessee","Claiborne County",1,66,439,201,238
050,47,025,"Tennessee","Claiborne County",1,67,433,203,230
050,47,025,"Tennessee","Claiborne County",1,68,414,207,207
050,47,025,"Tennessee","Claiborne County",1,69,399,184,215
050,47,025,"Tennessee","Claiborne County",1,70,366,167,199
050,47,025,"Tennessee","Claiborne County",1,71,368,174,194
050,47,025,"Tennessee","Claiborne County",1,72,383,173,210
050,47,025,"Tennessee","Claiborne County",1,73,391,181,210
050,47,025,"Tennessee","Claiborne County",1,74,283,129,154
050,47,025,"Tennessee","Claiborne County",1,75,279,127,152
050,47,025,"Tennessee","Claiborne County",1,76,271,132,139
050,47,025,"Tennessee","Claiborne County",1,77,248,116,132
050,47,025,"Tennessee","Claiborne County",1,78,218,103,115
050,47,025,"Tennessee","Claiborne County",1,79,175,83,92
050,47,025,"Tennessee","Claiborne County",1,80,167,73,94
050,47,025,"Tennessee","Claiborne County",1,81,156,62,94
050,47,025,"Tennessee","Claiborne County",1,82,144,58,86
050,47,025,"Tennessee","Claiborne County",1,83,113,52,61
050,47,025,"Tennessee","Claiborne County",1,84,133,54,79
050,47,025,"Tennessee","Claiborne County",1,85,537,191,346
050,47,025,"Tennessee","Claiborne County",2,0,306,154,152
050,47,025,"Tennessee","Claiborne County",2,1,315,169,146
050,47,025,"Tennessee","Claiborne County",2,2,330,181,149
050,47,025,"Tennessee","Claiborne County",2,3,319,178,141
050,47,025,"Tennessee","Claiborne County",2,4,323,170,153
050,47,025,"Tennessee","Claiborne County",2,5,331,163,168
050,47,025,"Tennessee","Claiborne County",2,6,337,174,163
050,47,025,"Tennessee","Claiborne County",2,7,329,169,160
050,47,025,"Tennessee","Claiborne County",2,8,338,170,168
050,47,025,"Tennessee","Claiborne County",2,9,310,154,156
050,47,025,"Tennessee","Claiborne County",2,10,315,156,159
050,47,025,"Tennessee","Claiborne County",2,11,324,156,168
050,47,025,"Tennessee","Claiborne County",2,12,355,166,189
050,47,025,"Tennessee","Claiborne County",2,13,361,182,179
050,47,025,"Tennessee","Claiborne County",2,14,372,195,177
050,47,025,"Tennessee","Claiborne County",2,15,375,191,184
050,47,025,"Tennessee","Claiborne County",2,16,467,224,243
050,47,025,"Tennessee","Claiborne County",2,17,364,187,177
050,47,025,"Tennessee","Claiborne County",2,18,403,195,208
050,47,025,"Tennessee","Claiborne County",2,19,429,205,224
050,47,025,"Tennessee","Claiborne County",2,20,420,209,211
050,47,025,"Tennessee","Claiborne County",2,21,408,198,210
050,47,025,"Tennessee","Claiborne County",2,22,399,200,199
050,47,025,"Tennessee","Claiborne County",2,23,442,249,193
050,47,025,"Tennessee","Claiborne County",2,24,426,219,207
050,47,025,"Tennessee","Claiborne County",2,25,431,218,213
050,47,025,"Tennessee","Claiborne County",2,26,451,245,206
050,47,025,"Tennessee","Claiborne County",2,27,437,226,211
050,47,025,"Tennessee","Claiborne County",2,28,449,218,231
050,47,025,"Tennessee","Claiborne County",2,29,442,211,231
050,47,025,"Tennessee","Claiborne County",2,30,412,207,205
050,47,025,"Tennessee","Claiborne County",2,31,377,195,182
050,47,025,"Tennessee","Claiborne County",2,32,364,186,178
050,47,025,"Tennessee","Claiborne County",2,33,363,191,172
050,47,025,"Tennessee","Claiborne County",2,34,359,189,170
050,47,025,"Tennessee","Claiborne County",2,35,344,179,165
050,47,025,"Tennessee","Claiborne County",2,36,328,160,168
050,47,025,"Tennessee","Claiborne County",2,37,320,150,170
050,47,025,"Tennessee","Claiborne County",2,38,342,177,165
050,47,025,"Tennessee","Claiborne County",2,39,342,181,161
050,47,025,"Tennessee","Claiborne County",2,40,370,198,172
050,47,025,"Tennessee","Claiborne County",2,41,391,195,196
050,47,025,"Tennessee","Claiborne County",2,42,389,197,192
050,47,025,"Tennessee","Claiborne County",2,43,387,206,181
050,47,025,"Tennessee","Claiborne County",2,44,378,193,185
050,47,025,"Tennessee","Claiborne County",2,45,402,200,202
050,47,025,"Tennessee","Claiborne County",2,46,399,198,201
050,47,025,"Tennessee","Claiborne County",2,47,402,198,204
050,47,025,"Tennessee","Claiborne County",2,48,411,199,212
050,47,025,"Tennessee","Claiborne County",2,49,455,228,227
050,47,025,"Tennessee","Claiborne County",2,50,454,225,229
050,47,025,"Tennessee","Claiborne County",2,51,421,206,215
050,47,025,"Tennessee","Claiborne County",2,52,418,211,207
050,47,025,"Tennessee","Claiborne County",2,53,454,234,220
050,47,025,"Tennessee","Claiborne County",2,54,462,235,227
050,47,025,"Tennessee","Claiborne County",2,55,466,224,242
050,47,025,"Tennessee","Claiborne County",2,56,454,217,237
050,47,025,"Tennessee","Claiborne County",2,57,440,210,230
050,47,025,"Tennessee","Claiborne County",2,58,445,216,229
050,47,025,"Tennessee","Claiborne County",2,59,440,207,233
050,47,025,"Tennessee","Claiborne County",2,60,447,211,236
050,47,025,"Tennessee","Claiborne County",2,61,460,220,240
050,47,025,"Tennessee","Claiborne County",2,62,479,243,236
050,47,025,"Tennessee","Claiborne County",2,63,488,243,245
050,47,025,"Tennessee","Claiborne County",2,64,479,226,253
050,47,025,"Tennessee","Claiborne County",2,65,462,222,240
050,47,025,"Tennessee","Claiborne County",2,66,446,208,238
050,47,025,"Tennessee","Claiborne County",2,67,436,203,233
050,47,025,"Tennessee","Claiborne County",2,68,417,206,211
050,47,025,"Tennessee","Claiborne County",2,69,406,190,216
050,47,025,"Tennessee","Claiborne County",2,70,366,165,201
050,47,025,"Tennessee","Claiborne County",2,71,365,169,196
050,47,025,"Tennessee","Claiborne County",2,72,371,169,202
050,47,025,"Tennessee","Claiborne County",2,73,404,187,217
050,47,025,"Tennessee","Claiborne County",2,74,289,132,157
050,47,025,"Tennessee","Claiborne County",2,75,276,126,150
050,47,025,"Tennessee","Claiborne County",2,76,272,130,142
050,47,025,"Tennessee","Claiborne County",2,77,255,120,135
050,47,025,"Tennessee","Claiborne County",2,78,217,101,116
050,47,025,"Tennessee","Claiborne County",2,79,183,85,98
050,47,025,"Tennessee","Claiborne County",2,80,167,74,93
050,47,025,"Tennessee","Claiborne County",2,81,156,62,94
050,47,025,"Tennessee","Claiborne County",2,82,144,58,86
050,47,025,"Tennessee","Claiborne County",2,83,119,53,66
050,47,025,"Tennessee","Claiborne County",2,84,127,53,74
050,47,025,"Tennessee","Claiborne County",2,85,544,196,348
050,47,025,"Tennessee","Claiborne County",3,0,294,154,140
050,47,025,"Tennessee","Claiborne County",3,1,325,169,156
050,47,025,"Tennessee","Claiborne County",3,2,328,178,150
050,47,025,"Tennessee","Claiborne County",3,3,344,183,161
050,47,025,"Tennessee","Claiborne County",3,4,327,175,152
050,47,025,"Tennessee","Claiborne County",3,5,333,169,164
050,47,025,"Tennessee","Claiborne County",3,6,345,178,167
050,47,025,"Tennessee","Claiborne County",3,7,335,178,157
050,47,025,"Tennessee","Claiborne County",3,8,317,171,146
050,47,025,"Tennessee","Claiborne County",3,9,336,165,171
050,47,025,"Tennessee","Claiborne County",3,10,317,156,161
050,47,025,"Tennessee","Claiborne County",3,11,327,159,168
050,47,025,"Tennessee","Claiborne County",3,12,346,165,181
050,47,025,"Tennessee","Claiborne County",3,13,359,166,193
050,47,025,"Tennessee","Claiborne County",3,14,357,187,170
050,47,025,"Tennessee","Claiborne County",3,15,386,200,186
050,47,025,"Tennessee","Claiborne County",3,16,445,221,224
050,47,025,"Tennessee","Claiborne County",3,17,397,200,197
050,47,025,"Tennessee","Claiborne County",3,18,390,187,203
050,47,025,"Tennessee","Claiborne County",3,19,393,197,196
050,47,025,"Tennessee","Claiborne County",3,20,387,204,183
050,47,025,"Tennessee","Claiborne County",3,21,398,205,193
050,47,025,"Tennessee","Claiborne County",3,22,376,188,188
050,47,025,"Tennessee","Claiborne County",3,23,425,229,196
050,47,025,"Tennessee","Claiborne County",3,24,420,219,201
050,47,025,"Tennessee","Claiborne County",3,25,435,210,225
050,47,025,"Tennessee","Claiborne County",3,26,422,222,200
050,47,025,"Tennessee","Claiborne County",3,27,410,233,177
050,47,025,"Tennessee","Claiborne County",3,28,430,214,216
050,47,025,"Tennessee","Claiborne County",3,29,428,206,222
050,47,025,"Tennessee","Claiborne County",3,30,439,208,231
050,47,025,"Tennessee","Claiborne County",3,31,422,214,208
050,47,025,"Tennessee","Claiborne County",3,32,373,189,184
050,47,025,"Tennessee","Claiborne County",3,33,359,182,177
050,47,025,"Tennessee","Claiborne County",3,34,368,189,179
050,47,025,"Tennessee","Claiborne County",3,35,355,185,170
050,47,025,"Tennessee","Claiborne County",3,36,350,182,168
050,47,025,"Tennessee","Claiborne County",3,37,331,165,166
050,47,025,"Tennessee","Claiborne County",3,38,334,157,177
050,47,025,"Tennessee","Claiborne County",3,39,338,172,166
050,47,025,"Tennessee","Claiborne County",3,40,353,189,164
050,47,025,"Tennessee","Claiborne County",3,41,362,190,172
050,47,025,"Tennessee","Claiborne County",3,42,388,197,191
050,47,025,"Tennessee","Claiborne County",3,43,400,204,196
050,47,025,"Tennessee","Claiborne County",3,44,391,206,185
050,47,025,"Tennessee","Claiborne County",3,45,367,190,177
050,47,025,"Tennessee","Claiborne County",3,46,403,196,207
050,47,025,"Tennessee","Claiborne County",3,47,409,205,204
050,47,025,"Tennessee","Claiborne County",3,48,417,207,210
050,47,025,"Tennessee","Claiborne County",3,49,432,211,221
050,47,025,"Tennessee","Claiborne County",3,50,456,228,228
050,47,025,"Tennessee","Claiborne County",3,51,471,234,237
050,47,025,"Tennessee","Claiborne County",3,52,431,216,215
050,47,025,"Tennessee","Claiborne County",3,53,420,210,210
050,47,025,"Tennessee","Claiborne County",3,54,452,233,219
050,47,025,"Tennessee","Claiborne County",3,55,458,235,223
050,47,025,"Tennessee","Claiborne County",3,56,466,225,241
050,47,025,"Tennessee","Claiborne County",3,57,446,213,233
050,47,025,"Tennessee","Claiborne County",3,58,452,217,235
050,47,025,"Tennessee","Claiborne County",3,59,444,215,229
050,47,025,"Tennessee","Claiborne County",3,60,443,208,235
050,47,025,"Tennessee","Claiborne County",3,61,453,212,241
050,47,025,"Tennessee","Claiborne County",3,62,469,228,241
050,47,025,"Tennessee","Claiborne County",3,63,474,244,230
050,47,025,"Tennessee","Claiborne County",3,64,490,246,244
050,47,025,"Tennessee","Claiborne County",3,65,464,217,247
050,47,025,"Tennessee","Claiborne County",3,66,459,223,236
050,47,025,"Tennessee","Claiborne County",3,67,442,203,239
050,47,025,"Tennessee","Claiborne County",3,68,417,193,224
050,47,025,"Tennessee","Claiborne County",3,69,403,196,207
050,47,025,"Tennessee","Claiborne County",3,70,389,180,209
050,47,025,"Tennessee","Claiborne County",3,71,353,162,191
050,47,025,"Tennessee","Claiborne County",3,72,352,163,189
050,47,025,"Tennessee","Claiborne County",3,73,351,161,190
050,47,025,"Tennessee","Claiborne County",3,74,390,183,207
050,47,025,"Tennessee","Claiborne County",3,75,276,121,155
050,47,025,"Tennessee","Claiborne County",3,76,262,118,144
050,47,025,"Tennessee","Claiborne County",3,77,257,120,137
050,47,025,"Tennessee","Claiborne County",3,78,239,110,129
050,47,025,"Tennessee","Claiborne County",3,79,200,92,108
050,47,025,"Tennessee","Claiborne County",3,80,171,81,90
050,47,025,"Tennessee","Claiborne County",3,81,153,68,85
050,47,025,"Tennessee","Claiborne County",3,82,137,53,84
050,47,025,"Tennessee","Claiborne County",3,83,132,47,85
050,47,025,"Tennessee","Claiborne County",3,84,111,46,65
050,47,025,"Tennessee","Claiborne County",3,85,555,214,341
050,47,025,"Tennessee","Claiborne County",4,0,322,162,160
050,47,025,"Tennessee","Claiborne County",4,1,311,168,143
050,47,025,"Tennessee","Claiborne County",4,2,332,179,153
050,47,025,"Tennessee","Claiborne County",4,3,304,171,133
050,47,025,"Tennessee","Claiborne County",4,4,343,176,167
050,47,025,"Tennessee","Claiborne County",4,5,339,185,154
050,47,025,"Tennessee","Claiborne County",4,6,333,169,164
050,47,025,"Tennessee","Claiborne County",4,7,344,177,167
050,47,025,"Tennessee","Claiborne County",4,8,332,173,159
050,47,025,"Tennessee","Claiborne County",4,9,319,173,146
050,47,025,"Tennessee","Claiborne County",4,10,337,168,169
050,47,025,"Tennessee","Claiborne County",4,11,323,159,164
050,47,025,"Tennessee","Claiborne County",4,12,323,155,168
050,47,025,"Tennessee","Claiborne County",4,13,369,175,194
050,47,025,"Tennessee","Claiborne County",4,14,373,177,196
050,47,025,"Tennessee","Claiborne County",4,15,354,183,171
050,47,025,"Tennessee","Claiborne County",4,16,464,227,237
050,47,025,"Tennessee","Claiborne County",4,17,392,202,190
050,47,025,"Tennessee","Claiborne County",4,18,420,192,228
050,47,025,"Tennessee","Claiborne County",4,19,421,196,225
050,47,025,"Tennessee","Claiborne County",4,20,413,219,194
050,47,025,"Tennessee","Claiborne County",4,21,412,215,197
050,47,025,"Tennessee","Claiborne County",4,22,404,208,196
050,47,025,"Tennessee","Claiborne County",4,23,453,240,213
050,47,025,"Tennessee","Claiborne County",4,24,432,213,219
050,47,025,"Tennessee","Claiborne County",4,25,427,211,216
050,47,025,"Tennessee","Claiborne County",4,26,434,215,219
050,47,025,"Tennessee","Claiborne County",4,27,422,222,200
050,47,025,"Tennessee","Claiborne County",4,28,408,230,178
050,47,025,"Tennessee","Claiborne County",4,29,445,232,213
050,47,025,"Tennessee","Claiborne County",4,30,430,205,225
050,47,025,"Tennessee","Claiborne County",4,31,434,208,226
050,47,025,"Tennessee","Claiborne County",4,32,420,213,207
050,47,025,"Tennessee","Claiborne County",4,33,386,198,188
050,47,025,"Tennessee","Claiborne County",4,34,354,175,179
050,47,025,"Tennessee","Claiborne County",4,35,370,193,177
050,47,025,"Tennessee","Claiborne County",4,36,369,192,177
050,47,025,"Tennessee","Claiborne County",4,37,354,187,167
050,47,025,"Tennessee","Claiborne County",4,38,337,173,164
050,47,025,"Tennessee","Claiborne County",4,39,331,147,184
050,47,025,"Tennessee","Claiborne County",4,40,352,176,176
050,47,025,"Tennessee","Claiborne County",4,41,352,190,162
050,47,025,"Tennessee","Claiborne County",4,42,367,184,183
050,47,025,"Tennessee","Claiborne County",4,43,402,201,201
050,47,025,"Tennessee","Claiborne County",4,44,411,205,206
050,47,025,"Tennessee","Claiborne County",4,45,380,204,176
050,47,025,"Tennessee","Claiborne County",4,46,363,179,184
050,47,025,"Tennessee","Claiborne County",4,47,398,194,204
050,47,025,"Tennessee","Claiborne County",4,48,404,201,203
050,47,025,"Tennessee","Claiborne County",4,49,424,210,214
050,47,025,"Tennessee","Claiborne County",4,50,445,218,227
050,47,025,"Tennessee","Claiborne County",4,51,465,231,234
050,47,025,"Tennessee","Claiborne County",4,52,484,241,243
050,47,025,"Tennessee","Claiborne County",4,53,430,202,228
050,47,025,"Tennessee","Claiborne County",4,54,416,208,208
050,47,025,"Tennessee","Claiborne County",4,55,461,232,229
050,47,025,"Tennessee","Claiborne County",4,56,454,240,214
050,47,025,"Tennessee","Claiborne County",4,57,489,236,253
050,47,025,"Tennessee","Claiborne County",4,58,460,221,239
050,47,025,"Tennessee","Claiborne County",4,59,460,218,242
050,47,025,"Tennessee","Claiborne County",4,60,460,222,238
050,47,025,"Tennessee","Claiborne County",4,61,447,199,248
050,47,025,"Tennessee","Claiborne County",4,62,451,213,238
050,47,025,"Tennessee","Claiborne County",4,63,455,221,234
050,47,025,"Tennessee","Claiborne County",4,64,473,246,227
050,47,025,"Tennessee","Claiborne County",4,65,484,239,245
050,47,025,"Tennessee","Claiborne County",4,66,460,217,243
050,47,025,"Tennessee","Claiborne County",4,67,453,226,227
050,47,025,"Tennessee","Claiborne County",4,68,431,199,232
050,47,025,"Tennessee","Claiborne County",4,69,403,185,218
050,47,025,"Tennessee","Claiborne County",4,70,373,178,195
050,47,025,"Tennessee","Claiborne County",4,71,382,177,205
050,47,025,"Tennessee","Claiborne County",4,72,340,156,184
050,47,025,"Tennessee","Claiborne County",4,73,333,156,177
050,47,025,"Tennessee","Claiborne County",4,74,333,154,179
050,47,025,"Tennessee","Claiborne County",4,75,365,169,196
050,47,025,"Tennessee","Claiborne County",4,76,260,114,146
050,47,025,"Tennessee","Claiborne County",4,77,238,106,132
050,47,025,"Tennessee","Claiborne County",4,78,243,113,130
050,47,025,"Tennessee","Claiborne County",4,79,217,97,120
050,47,025,"Tennessee","Claiborne County",4,80,182,79,103
050,47,025,"Tennessee","Claiborne County",4,81,157,69,88
050,47,025,"Tennessee","Claiborne County",4,82,138,62,76
050,47,025,"Tennessee","Claiborne County",4,83,118,41,77
050,47,025,"Tennessee","Claiborne County",4,84,124,41,83
050,47,025,"Tennessee","Claiborne County",4,85,530,210,320
050,47,025,"Tennessee","Claiborne County",5,0,335,167,168
050,47,025,"Tennessee","Claiborne County",5,1,310,156,154
050,47,025,"Tennessee","Claiborne County",5,2,323,178,145
050,47,025,"Tennessee","Claiborne County",5,3,320,178,142
050,47,025,"Tennessee","Claiborne County",5,4,318,169,149
050,47,025,"Tennessee","Claiborne County",5,5,337,178,159
050,47,025,"Tennessee","Claiborne County",5,6,346,178,168
050,47,025,"Tennessee","Claiborne County",5,7,328,156,172
050,47,025,"Tennessee","Claiborne County",5,8,351,176,175
050,47,025,"Tennessee","Claiborne County",5,9,347,180,167
050,47,025,"Tennessee","Claiborne County",5,10,334,179,155
050,47,025,"Tennessee","Claiborne County",5,11,339,170,169
050,47,025,"Tennessee","Claiborne County",5,12,335,163,172
050,47,025,"Tennessee","Claiborne County",5,13,323,151,172
050,47,025,"Tennessee","Claiborne County",5,14,365,175,190
050,47,025,"Tennessee","Claiborne County",5,15,377,181,196
050,47,025,"Tennessee","Claiborne County",5,16,439,207,232
050,47,025,"Tennessee","Claiborne County",5,17,403,205,198
050,47,025,"Tennessee","Claiborne County",5,18,431,200,231
050,47,025,"Tennessee","Claiborne County",5,19,428,202,226
050,47,025,"Tennessee","Claiborne County",5,20,409,208,201
050,47,025,"Tennessee","Claiborne County",5,21,420,224,196
050,47,025,"Tennessee","Claiborne County",5,22,400,216,184
050,47,025,"Tennessee","Claiborne County",5,23,458,256,202
050,47,025,"Tennessee","Claiborne County",5,24,469,221,248
050,47,025,"Tennessee","Claiborne County",5,25,453,218,235
050,47,025,"Tennessee","Claiborne County",5,26,435,220,215
050,47,025,"Tennessee","Claiborne County",5,27,414,204,210
050,47,025,"Tennessee","Claiborne County",5,28,408,212,196
050,47,025,"Tennessee","Claiborne County",5,29,386,211,175
050,47,025,"Tennessee","Claiborne County",5,30,437,225,212
050,47,025,"Tennessee","Claiborne County",5,31,452,218,234
050,47,025,"Tennessee","Claiborne County",5,32,438,209,229
050,47,025,"Tennessee","Claiborne County",5,33,434,220,214
050,47,025,"Tennessee","Claiborne County",5,34,393,203,190
050,47,025,"Tennessee","Claiborne County",5,35,345,173,172
050,47,025,"Tennessee","Claiborne County",5,36,386,203,183
050,47,025,"Tennessee","Claiborne County",5,37,365,190,175
050,47,025,"Tennessee","Claiborne County",5,38,369,193,176
050,47,025,"Tennessee","Claiborne County",5,39,337,169,168
050,47,025,"Tennessee","Claiborne County",5,40,324,144,180
050,47,025,"Tennessee","Claiborne County",5,41,364,182,182
050,47,025,"Tennessee","Claiborne County",5,42,367,199,168
050,47,025,"Tennessee","Claiborne County",5,43,370,188,182
050,47,025,"Tennessee","Claiborne County",5,44,405,203,202
050,47,025,"Tennessee","Claiborne County",5,45,405,207,198
050,47,025,"Tennessee","Claiborne County",5,46,379,199,180
050,47,025,"Tennessee","Claiborne County",5,47,360,174,186
050,47,025,"Tennessee","Claiborne County",5,48,401,199,202
050,47,025,"Tennessee","Claiborne County",5,49,410,204,206
050,47,025,"Tennessee","Claiborne County",5,50,420,209,211
050,47,025,"Tennessee","Claiborne County",5,51,444,215,229
050,47,025,"Tennessee","Claiborne County",5,52,471,234,237
050,47,025,"Tennessee","Claiborne County",5,53,481,239,242
050,47,025,"Tennessee","Claiborne County",5,54,438,208,230
050,47,025,"Tennessee","Claiborne County",5,55,414,206,208
050,47,025,"Tennessee","Claiborne County",5,56,470,239,231
050,47,025,"Tennessee","Claiborne County",5,57,454,239,215
050,47,025,"Tennessee","Claiborne County",5,58,496,242,254
050,47,025,"Tennessee","Claiborne County",5,59,472,225,247
050,47,025,"Tennessee","Claiborne County",5,60,474,228,246
050,47,025,"Tennessee","Claiborne County",5,61,467,220,247
050,47,025,"Tennessee","Claiborne County",5,62,451,202,249
050,47,025,"Tennessee","Claiborne County",5,63,447,210,237
050,47,025,"Tennessee","Claiborne County",5,64,452,217,235
050,47,025,"Tennessee","Claiborne County",5,65,478,249,229
050,47,025,"Tennessee","Claiborne County",5,66,487,245,242
050,47,025,"Tennessee","Claiborne County",5,67,452,212,240
050,47,025,"Tennessee","Claiborne County",5,68,457,221,236
050,47,025,"Tennessee","Claiborne County",5,69,424,194,230
050,47,025,"Tennessee","Claiborne County",5,70,390,177,213
050,47,025,"Tennessee","Claiborne County",5,71,367,178,189
050,47,025,"Tennessee","Claiborne County",5,72,364,166,198
050,47,025,"Tennessee","Claiborne County",5,73,322,149,173
050,47,025,"Tennessee","Claiborne County",5,74,319,152,167
050,47,025,"Tennessee","Claiborne County",5,75,307,143,164
050,47,025,"Tennessee","Claiborne County",5,76,352,166,186
050,47,025,"Tennessee","Claiborne County",5,77,244,105,139
050,47,025,"Tennessee","Claiborne County",5,78,232,103,129
050,47,025,"Tennessee","Claiborne County",5,79,230,105,125
050,47,025,"Tennessee","Claiborne County",5,80,202,86,116
050,47,025,"Tennessee","Claiborne County",5,81,164,69,95
050,47,025,"Tennessee","Claiborne County",5,82,143,62,81
050,47,025,"Tennessee","Claiborne County",5,83,119,51,68
050,47,025,"Tennessee","Claiborne County",5,84,111,36,75
050,47,025,"Tennessee","Claiborne County",5,85,557,220,337
050,47,027,"Tennessee","Clay County",1,0,67,35,32
050,47,027,"Tennessee","Clay County",1,1,64,34,30
050,47,027,"Tennessee","Clay County",1,2,66,31,35
050,47,027,"Tennessee","Clay County",1,3,81,37,44
050,47,027,"Tennessee","Clay County",1,4,77,37,40
050,47,027,"Tennessee","Clay County",1,5,78,33,45
050,47,027,"Tennessee","Clay County",1,6,84,45,39
050,47,027,"Tennessee","Clay County",1,7,92,46,46
050,47,027,"Tennessee","Clay County",1,8,74,40,34
050,47,027,"Tennessee","Clay County",1,9,87,46,41
050,47,027,"Tennessee","Clay County",1,10,91,43,48
050,47,027,"Tennessee","Clay County",1,11,105,50,55
050,47,027,"Tennessee","Clay County",1,12,95,43,52
050,47,027,"Tennessee","Clay County",1,13,94,47,47
050,47,027,"Tennessee","Clay County",1,14,104,61,43
050,47,027,"Tennessee","Clay County",1,15,108,57,51
050,47,027,"Tennessee","Clay County",1,16,89,43,46
050,47,027,"Tennessee","Clay County",1,17,84,38,46
050,47,027,"Tennessee","Clay County",1,18,69,36,33
050,47,027,"Tennessee","Clay County",1,19,61,30,31
050,47,027,"Tennessee","Clay County",1,20,62,34,28
050,47,027,"Tennessee","Clay County",1,21,59,33,26
050,47,027,"Tennessee","Clay County",1,22,63,30,33
050,47,027,"Tennessee","Clay County",1,23,67,29,38
050,47,027,"Tennessee","Clay County",1,24,69,30,39
050,47,027,"Tennessee","Clay County",1,25,65,30,35
050,47,027,"Tennessee","Clay County",1,26,80,34,46
050,47,027,"Tennessee","Clay County",1,27,80,39,41
050,47,027,"Tennessee","Clay County",1,28,90,48,42
050,47,027,"Tennessee","Clay County",1,29,84,42,42
050,47,027,"Tennessee","Clay County",1,30,75,34,41
050,47,027,"Tennessee","Clay County",1,31,65,31,34
050,47,027,"Tennessee","Clay County",1,32,57,29,28
050,47,027,"Tennessee","Clay County",1,33,64,29,35
050,47,027,"Tennessee","Clay County",1,34,72,34,38
050,47,027,"Tennessee","Clay County",1,35,77,35,42
050,47,027,"Tennessee","Clay County",1,36,86,45,41
050,47,027,"Tennessee","Clay County",1,37,73,40,33
050,47,027,"Tennessee","Clay County",1,38,78,38,40
050,47,027,"Tennessee","Clay County",1,39,73,42,31
050,47,027,"Tennessee","Clay County",1,40,85,44,41
050,47,027,"Tennessee","Clay County",1,41,80,41,39
050,47,027,"Tennessee","Clay County",1,42,82,47,35
050,47,027,"Tennessee","Clay County",1,43,84,39,45
050,47,027,"Tennessee","Clay County",1,44,81,40,41
050,47,027,"Tennessee","Clay County",1,45,77,38,39
050,47,027,"Tennessee","Clay County",1,46,88,45,43
050,47,027,"Tennessee","Clay County",1,47,98,51,47
050,47,027,"Tennessee","Clay County",1,48,98,54,44
050,47,027,"Tennessee","Clay County",1,49,101,55,46
050,47,027,"Tennessee","Clay County",1,50,113,65,48
050,47,027,"Tennessee","Clay County",1,51,108,56,52
050,47,027,"Tennessee","Clay County",1,52,106,48,58
050,47,027,"Tennessee","Clay County",1,53,106,52,54
050,47,027,"Tennessee","Clay County",1,54,115,56,59
050,47,027,"Tennessee","Clay County",1,55,136,75,61
050,47,027,"Tennessee","Clay County",1,56,115,59,56
050,47,027,"Tennessee","Clay County",1,57,113,62,51
050,47,027,"Tennessee","Clay County",1,58,124,57,67
050,47,027,"Tennessee","Clay County",1,59,117,55,62
050,47,027,"Tennessee","Clay County",1,60,103,53,50
050,47,027,"Tennessee","Clay County",1,61,105,53,52
050,47,027,"Tennessee","Clay County",1,62,132,64,68
050,47,027,"Tennessee","Clay County",1,63,105,50,55
050,47,027,"Tennessee","Clay County",1,64,118,57,61
050,47,027,"Tennessee","Clay County",1,65,129,59,70
050,47,027,"Tennessee","Clay County",1,66,116,59,57
050,47,027,"Tennessee","Clay County",1,67,101,55,46
050,47,027,"Tennessee","Clay County",1,68,111,60,51
050,47,027,"Tennessee","Clay County",1,69,111,48,63
050,47,027,"Tennessee","Clay County",1,70,99,46,53
050,47,027,"Tennessee","Clay County",1,71,111,53,58
050,47,027,"Tennessee","Clay County",1,72,103,44,59
050,47,027,"Tennessee","Clay County",1,73,113,53,60
050,47,027,"Tennessee","Clay County",1,74,81,37,44
050,47,027,"Tennessee","Clay County",1,75,74,38,36
050,47,027,"Tennessee","Clay County",1,76,83,43,40
050,47,027,"Tennessee","Clay County",1,77,92,42,50
050,47,027,"Tennessee","Clay County",1,78,65,31,34
050,47,027,"Tennessee","Clay County",1,79,58,27,31
050,47,027,"Tennessee","Clay County",1,80,66,29,37
050,47,027,"Tennessee","Clay County",1,81,64,28,36
050,47,027,"Tennessee","Clay County",1,82,53,24,29
050,47,027,"Tennessee","Clay County",1,83,37,14,23
050,47,027,"Tennessee","Clay County",1,84,33,14,19
050,47,027,"Tennessee","Clay County",1,85,181,73,108
050,47,027,"Tennessee","Clay County",2,0,68,34,34
050,47,027,"Tennessee","Clay County",2,1,65,35,30
050,47,027,"Tennessee","Clay County",2,2,68,34,34
050,47,027,"Tennessee","Clay County",2,3,78,36,42
050,47,027,"Tennessee","Clay County",2,4,80,38,42
050,47,027,"Tennessee","Clay County",2,5,80,35,45
050,47,027,"Tennessee","Clay County",2,6,83,42,41
050,47,027,"Tennessee","Clay County",2,7,89,45,44
050,47,027,"Tennessee","Clay County",2,8,79,42,37
050,47,027,"Tennessee","Clay County",2,9,82,43,39
050,47,027,"Tennessee","Clay County",2,10,92,45,47
050,47,027,"Tennessee","Clay County",2,11,100,48,52
050,47,027,"Tennessee","Clay County",2,12,98,45,53
050,47,027,"Tennessee","Clay County",2,13,95,47,48
050,47,027,"Tennessee","Clay County",2,14,101,58,43
050,47,027,"Tennessee","Clay County",2,15,106,58,48
050,47,027,"Tennessee","Clay County",2,16,94,47,47
050,47,027,"Tennessee","Clay County",2,17,85,39,46
050,47,027,"Tennessee","Clay County",2,18,69,36,33
050,47,027,"Tennessee","Clay County",2,19,58,29,29
050,47,027,"Tennessee","Clay County",2,20,64,35,29
050,47,027,"Tennessee","Clay County",2,21,59,32,27
050,47,027,"Tennessee","Clay County",2,22,64,31,33
050,47,027,"Tennessee","Clay County",2,23,67,29,38
050,47,027,"Tennessee","Clay County",2,24,70,30,40
050,47,027,"Tennessee","Clay County",2,25,66,31,35
050,47,027,"Tennessee","Clay County",2,26,76,33,43
050,47,027,"Tennessee","Clay County",2,27,80,38,42
050,47,027,"Tennessee","Clay County",2,28,87,45,42
050,47,027,"Tennessee","Clay County",2,29,86,44,42
050,47,027,"Tennessee","Clay County",2,30,76,36,40
050,47,027,"Tennessee","Clay County",2,31,68,32,36
050,47,027,"Tennessee","Clay County",2,32,58,29,29
050,47,027,"Tennessee","Clay County",2,33,62,29,33
050,47,027,"Tennessee","Clay County",2,34,69,32,37
050,47,027,"Tennessee","Clay County",2,35,76,34,42
050,47,027,"Tennessee","Clay County",2,36,84,43,41
050,47,027,"Tennessee","Clay County",2,37,77,42,35
050,47,027,"Tennessee","Clay County",2,38,79,40,39
050,47,027,"Tennessee","Clay County",2,39,75,41,34
050,47,027,"Tennessee","Clay County",2,40,83,43,40
050,47,027,"Tennessee","Clay County",2,41,80,41,39
050,47,027,"Tennessee","Clay County",2,42,82,46,36
050,47,027,"Tennessee","Clay County",2,43,84,41,43
050,47,027,"Tennessee","Clay County",2,44,81,39,42
050,47,027,"Tennessee","Clay County",2,45,79,39,40
050,47,027,"Tennessee","Clay County",2,46,86,45,41
050,47,027,"Tennessee","Clay County",2,47,96,49,47
050,47,027,"Tennessee","Clay County",2,48,98,53,45
050,47,027,"Tennessee","Clay County",2,49,102,56,46
050,47,027,"Tennessee","Clay County",2,50,110,63,47
050,47,027,"Tennessee","Clay County",2,51,108,57,51
050,47,027,"Tennessee","Clay County",2,52,106,49,57
050,47,027,"Tennessee","Clay County",2,53,106,51,55
050,47,027,"Tennessee","Clay County",2,54,114,55,59
050,47,027,"Tennessee","Clay County",2,55,131,71,60
050,47,027,"Tennessee","Clay County",2,56,123,65,58
050,47,027,"Tennessee","Clay County",2,57,114,61,53
050,47,027,"Tennessee","Clay County",2,58,118,57,61
050,47,027,"Tennessee","Clay County",2,59,120,56,64
050,47,027,"Tennessee","Clay County",2,60,106,54,52
050,47,027,"Tennessee","Clay County",2,61,107,55,52
050,47,027,"Tennessee","Clay County",2,62,126,61,65
050,47,027,"Tennessee","Clay County",2,63,112,53,59
050,47,027,"Tennessee","Clay County",2,64,116,56,60
050,47,027,"Tennessee","Clay County",2,65,126,57,69
050,47,027,"Tennessee","Clay County",2,66,120,60,60
050,47,027,"Tennessee","Clay County",2,67,105,56,49
050,47,027,"Tennessee","Clay County",2,68,108,58,50
050,47,027,"Tennessee","Clay County",2,69,113,52,61
050,47,027,"Tennessee","Clay County",2,70,100,46,54
050,47,027,"Tennessee","Clay County",2,71,109,52,57
050,47,027,"Tennessee","Clay County",2,72,103,44,59
050,47,027,"Tennessee","Clay County",2,73,115,53,62
050,47,027,"Tennessee","Clay County",2,74,81,37,44
050,47,027,"Tennessee","Clay County",2,75,73,36,37
050,47,027,"Tennessee","Clay County",2,76,81,43,38
050,47,027,"Tennessee","Clay County",2,77,92,43,49
050,47,027,"Tennessee","Clay County",2,78,68,32,36
050,47,027,"Tennessee","Clay County",2,79,59,27,32
050,47,027,"Tennessee","Clay County",2,80,63,29,34
050,47,027,"Tennessee","Clay County",2,81,63,28,35
050,47,027,"Tennessee","Clay County",2,82,55,24,31
050,47,027,"Tennessee","Clay County",2,83,39,15,24
050,47,027,"Tennessee","Clay County",2,84,33,14,19
050,47,027,"Tennessee","Clay County",2,85,181,73,108
050,47,027,"Tennessee","Clay County",3,0,69,38,31
050,47,027,"Tennessee","Clay County",3,1,80,42,38
050,47,027,"Tennessee","Clay County",3,2,65,38,27
050,47,027,"Tennessee","Clay County",3,3,65,31,34
050,47,027,"Tennessee","Clay County",3,4,79,36,43
050,47,027,"Tennessee","Clay County",3,5,86,41,45
050,47,027,"Tennessee","Clay County",3,6,74,35,39
050,47,027,"Tennessee","Clay County",3,7,77,38,39
050,47,027,"Tennessee","Clay County",3,8,84,44,40
050,47,027,"Tennessee","Clay County",3,9,82,43,39
050,47,027,"Tennessee","Clay County",3,10,84,50,34
050,47,027,"Tennessee","Clay County",3,11,96,49,47
050,47,027,"Tennessee","Clay County",3,12,96,45,51
050,47,027,"Tennessee","Clay County",3,13,90,40,50
050,47,027,"Tennessee","Clay County",3,14,88,45,43
050,47,027,"Tennessee","Clay County",3,15,95,55,40
050,47,027,"Tennessee","Clay County",3,16,102,56,46
050,47,027,"Tennessee","Clay County",3,17,93,47,46
050,47,027,"Tennessee","Clay County",3,18,71,35,36
050,47,027,"Tennessee","Clay County",3,19,55,29,26
050,47,027,"Tennessee","Clay County",3,20,59,29,30
050,47,027,"Tennessee","Clay County",3,21,70,39,31
050,47,027,"Tennessee","Clay County",3,22,67,34,33
050,47,027,"Tennessee","Clay County",3,23,73,34,39
050,47,027,"Tennessee","Clay County",3,24,77,34,43
050,47,027,"Tennessee","Clay County",3,25,79,36,43
050,47,027,"Tennessee","Clay County",3,26,77,36,41
050,47,027,"Tennessee","Clay County",3,27,77,37,40
050,47,027,"Tennessee","Clay County",3,28,71,34,37
050,47,027,"Tennessee","Clay County",3,29,88,43,45
050,47,027,"Tennessee","Clay County",3,30,91,48,43
050,47,027,"Tennessee","Clay County",3,31,74,33,41
050,47,027,"Tennessee","Clay County",3,32,73,33,40
050,47,027,"Tennessee","Clay County",3,33,61,33,28
050,47,027,"Tennessee","Clay County",3,34,58,26,32
050,47,027,"Tennessee","Clay County",3,35,66,30,36
050,47,027,"Tennessee","Clay County",3,36,81,37,44
050,47,027,"Tennessee","Clay County",3,37,77,41,36
050,47,027,"Tennessee","Clay County",3,38,87,48,39
050,47,027,"Tennessee","Clay County",3,39,73,40,33
050,47,027,"Tennessee","Clay County",3,40,81,46,35
050,47,027,"Tennessee","Clay County",3,41,85,42,43
050,47,027,"Tennessee","Clay County",3,42,90,48,42
050,47,027,"Tennessee","Clay County",3,43,86,46,40
050,47,027,"Tennessee","Clay County",3,44,89,46,43
050,47,027,"Tennessee","Clay County",3,45,81,40,41
050,47,027,"Tennessee","Clay County",3,46,83,40,43
050,47,027,"Tennessee","Clay County",3,47,86,44,42
050,47,027,"Tennessee","Clay County",3,48,98,52,46
050,47,027,"Tennessee","Clay County",3,49,103,55,48
050,47,027,"Tennessee","Clay County",3,50,99,54,45
050,47,027,"Tennessee","Clay County",3,51,110,61,49
050,47,027,"Tennessee","Clay County",3,52,108,57,51
050,47,027,"Tennessee","Clay County",3,53,104,48,56
050,47,027,"Tennessee","Clay County",3,54,101,49,52
050,47,027,"Tennessee","Clay County",3,55,117,58,59
050,47,027,"Tennessee","Clay County",3,56,135,73,62
050,47,027,"Tennessee","Clay County",3,57,123,63,60
050,47,027,"Tennessee","Clay County",3,58,114,63,51
050,47,027,"Tennessee","Clay County",3,59,123,59,64
050,47,027,"Tennessee","Clay County",3,60,122,55,67
050,47,027,"Tennessee","Clay County",3,61,106,53,53
050,47,027,"Tennessee","Clay County",3,62,101,53,48
050,47,027,"Tennessee","Clay County",3,63,125,60,65
050,47,027,"Tennessee","Clay County",3,64,106,49,57
050,47,027,"Tennessee","Clay County",3,65,115,55,60
050,47,027,"Tennessee","Clay County",3,66,119,55,64
050,47,027,"Tennessee","Clay County",3,67,121,58,63
050,47,027,"Tennessee","Clay County",3,68,104,55,49
050,47,027,"Tennessee","Clay County",3,69,107,59,48
050,47,027,"Tennessee","Clay County",3,70,111,51,60
050,47,027,"Tennessee","Clay County",3,71,96,41,55
050,47,027,"Tennessee","Clay County",3,72,110,54,56
050,47,027,"Tennessee","Clay County",3,73,96,39,57
050,47,027,"Tennessee","Clay County",3,74,106,48,58
050,47,027,"Tennessee","Clay County",3,75,79,36,43
050,47,027,"Tennessee","Clay County",3,76,74,37,37
050,47,027,"Tennessee","Clay County",3,77,76,41,35
050,47,027,"Tennessee","Clay County",3,78,87,41,46
050,47,027,"Tennessee","Clay County",3,79,62,28,34
050,47,027,"Tennessee","Clay County",3,80,56,25,31
050,47,027,"Tennessee","Clay County",3,81,56,27,29
050,47,027,"Tennessee","Clay County",3,82,61,24,37
050,47,027,"Tennessee","Clay County",3,83,57,25,32
050,47,027,"Tennessee","Clay County",3,84,33,13,20
050,47,027,"Tennessee","Clay County",3,85,174,68,106
050,47,027,"Tennessee","Clay County",4,0,76,38,38
050,47,027,"Tennessee","Clay County",4,1,68,37,31
050,47,027,"Tennessee","Clay County",4,2,79,38,41
050,47,027,"Tennessee","Clay County",4,3,62,37,25
050,47,027,"Tennessee","Clay County",4,4,74,33,41
050,47,027,"Tennessee","Clay County",4,5,90,34,56
050,47,027,"Tennessee","Clay County",4,6,86,42,44
050,47,027,"Tennessee","Clay County",4,7,72,30,42
050,47,027,"Tennessee","Clay County",4,8,80,36,44
050,47,027,"Tennessee","Clay County",4,9,84,45,39
050,47,027,"Tennessee","Clay County",4,10,91,50,41
050,47,027,"Tennessee","Clay County",4,11,85,46,39
050,47,027,"Tennessee","Clay County",4,12,103,52,51
050,47,027,"Tennessee","Clay County",4,13,100,49,51
050,47,027,"Tennessee","Clay County",4,14,95,45,50
050,47,027,"Tennessee","Clay County",4,15,91,46,45
050,47,027,"Tennessee","Clay County",4,16,101,53,48
050,47,027,"Tennessee","Clay County",4,17,104,60,44
050,47,027,"Tennessee","Clay County",4,18,79,41,38
050,47,027,"Tennessee","Clay County",4,19,57,31,26
050,47,027,"Tennessee","Clay County",4,20,60,31,29
050,47,027,"Tennessee","Clay County",4,21,62,29,33
050,47,027,"Tennessee","Clay County",4,22,74,40,34
050,47,027,"Tennessee","Clay County",4,23,66,33,33
050,47,027,"Tennessee","Clay County",4,24,76,36,40
050,47,027,"Tennessee","Clay County",4,25,73,31,42
050,47,027,"Tennessee","Clay County",4,26,69,31,38
050,47,027,"Tennessee","Clay County",4,27,69,31,38
050,47,027,"Tennessee","Clay County",4,28,76,35,41
050,47,027,"Tennessee","Clay County",4,29,75,39,36
050,47,027,"Tennessee","Clay County",4,30,89,40,49
050,47,027,"Tennessee","Clay County",4,31,90,47,43
050,47,027,"Tennessee","Clay County",4,32,73,34,39
050,47,027,"Tennessee","Clay County",4,33,78,38,40
050,47,027,"Tennessee","Clay County",4,34,65,31,34
050,47,027,"Tennessee","Clay County",4,35,56,23,33
050,47,027,"Tennessee","Clay County",4,36,68,33,35
050,47,027,"Tennessee","Clay County",4,37,84,36,48
050,47,027,"Tennessee","Clay County",4,38,72,34,38
050,47,027,"Tennessee","Clay County",4,39,89,50,39
050,47,027,"Tennessee","Clay County",4,40,79,43,36
050,47,027,"Tennessee","Clay County",4,41,80,46,34
050,47,027,"Tennessee","Clay County",4,42,79,41,38
050,47,027,"Tennessee","Clay County",4,43,93,51,42
050,47,027,"Tennessee","Clay County",4,44,85,45,40
050,47,027,"Tennessee","Clay County",4,45,87,42,45
050,47,027,"Tennessee","Clay County",4,46,80,40,40
050,47,027,"Tennessee","Clay County",4,47,86,40,46
050,47,027,"Tennessee","Clay County",4,48,87,43,44
050,47,027,"Tennessee","Clay County",4,49,106,57,49
050,47,027,"Tennessee","Clay County",4,50,109,58,51
050,47,027,"Tennessee","Clay County",4,51,104,54,50
050,47,027,"Tennessee","Clay County",4,52,113,63,50
050,47,027,"Tennessee","Clay County",4,53,111,58,53
050,47,027,"Tennessee","Clay County",4,54,100,46,54
050,47,027,"Tennessee","Clay County",4,55,101,54,47
050,47,027,"Tennessee","Clay County",4,56,117,58,59
050,47,027,"Tennessee","Clay County",4,57,134,71,63
050,47,027,"Tennessee","Clay County",4,58,124,64,60
050,47,027,"Tennessee","Clay County",4,59,119,69,50
050,47,027,"Tennessee","Clay County",4,60,124,59,65
050,47,027,"Tennessee","Clay County",4,61,118,53,65
050,47,027,"Tennessee","Clay County",4,62,108,57,51
050,47,027,"Tennessee","Clay County",4,63,103,55,48
050,47,027,"Tennessee","Clay County",4,64,126,60,66
050,47,027,"Tennessee","Clay County",4,65,109,50,59
050,47,027,"Tennessee","Clay County",4,66,116,54,62
050,47,027,"Tennessee","Clay County",4,67,128,55,73
050,47,027,"Tennessee","Clay County",4,68,116,59,57
050,47,027,"Tennessee","Clay County",4,69,112,57,55
050,47,027,"Tennessee","Clay County",4,70,102,56,46
050,47,027,"Tennessee","Clay County",4,71,106,45,61
050,47,027,"Tennessee","Clay County",4,72,97,41,56
050,47,027,"Tennessee","Clay County",4,73,104,51,53
050,47,027,"Tennessee","Clay County",4,74,93,39,54
050,47,027,"Tennessee","Clay County",4,75,101,45,56
050,47,027,"Tennessee","Clay County",4,76,81,36,45
050,47,027,"Tennessee","Clay County",4,77,74,37,37
050,47,027,"Tennessee","Clay County",4,78,72,39,33
050,47,027,"Tennessee","Clay County",4,79,88,43,45
050,47,027,"Tennessee","Clay County",4,80,57,24,33
050,47,027,"Tennessee","Clay County",4,81,49,23,26
050,47,027,"Tennessee","Clay County",4,82,55,27,28
050,47,027,"Tennessee","Clay County",4,83,56,18,38
050,47,027,"Tennessee","Clay County",4,84,50,25,25
050,47,027,"Tennessee","Clay County",4,85,176,65,111
050,47,027,"Tennessee","Clay County",5,0,76,38,38
050,47,027,"Tennessee","Clay County",5,1,78,38,40
050,47,027,"Tennessee","Clay County",5,2,64,35,29
050,47,027,"Tennessee","Clay County",5,3,82,40,42
050,47,027,"Tennessee","Clay County",5,4,68,40,28
050,47,027,"Tennessee","Clay County",5,5,79,32,47
050,47,027,"Tennessee","Clay County",5,6,85,34,51
050,47,027,"Tennessee","Clay County",5,7,84,40,44
050,47,027,"Tennessee","Clay County",5,8,76,32,44
050,47,027,"Tennessee","Clay County",5,9,78,35,43
050,47,027,"Tennessee","Clay County",5,10,88,51,37
050,47,027,"Tennessee","Clay County",5,11,86,48,38
050,47,027,"Tennessee","Clay County",5,12,84,46,38
050,47,027,"Tennessee","Clay County",5,13,102,53,49
050,47,027,"Tennessee","Clay County",5,14,98,48,50
050,47,027,"Tennessee","Clay County",5,15,93,44,49
050,47,027,"Tennessee","Clay County",5,16,101,52,49
050,47,027,"Tennessee","Clay County",5,17,102,57,45
050,47,027,"Tennessee","Clay County",5,18,90,53,37
050,47,027,"Tennessee","Clay County",5,19,67,35,32
050,47,027,"Tennessee","Clay County",5,20,65,35,30
050,47,027,"Tennessee","Clay County",5,21,67,32,35
050,47,027,"Tennessee","Clay County",5,22,69,31,38
050,47,027,"Tennessee","Clay County",5,23,75,44,31
050,47,027,"Tennessee","Clay County",5,24,82,39,43
050,47,027,"Tennessee","Clay County",5,25,74,36,38
050,47,027,"Tennessee","Clay County",5,26,69,32,37
050,47,027,"Tennessee","Clay County",5,27,68,35,33
050,47,027,"Tennessee","Clay County",5,28,76,38,38
050,47,027,"Tennessee","Clay County",5,29,75,39,36
050,47,027,"Tennessee","Clay County",5,30,74,38,36
050,47,027,"Tennessee","Clay County",5,31,94,44,50
050,47,027,"Tennessee","Clay County",5,32,96,49,47
050,47,027,"Tennessee","Clay County",5,33,74,35,39
050,47,027,"Tennessee","Clay County",5,34,76,39,37
050,47,027,"Tennessee","Clay County",5,35,63,30,33
050,47,027,"Tennessee","Clay County",5,36,58,26,32
050,47,027,"Tennessee","Clay County",5,37,75,32,43
050,47,027,"Tennessee","Clay County",5,38,81,35,46
050,47,027,"Tennessee","Clay County",5,39,79,34,45
050,47,027,"Tennessee","Clay County",5,40,92,49,43
050,47,027,"Tennessee","Clay County",5,41,78,42,36
050,47,027,"Tennessee","Clay County",5,42,79,44,35
050,47,027,"Tennessee","Clay County",5,43,87,49,38
050,47,027,"Tennessee","Clay County",5,44,97,52,45
050,47,027,"Tennessee","Clay County",5,45,93,45,48
050,47,027,"Tennessee","Clay County",5,46,87,44,43
050,47,027,"Tennessee","Clay County",5,47,82,43,39
050,47,027,"Tennessee","Clay County",5,48,80,36,44
050,47,027,"Tennessee","Clay County",5,49,84,45,39
050,47,027,"Tennessee","Clay County",5,50,107,58,49
050,47,027,"Tennessee","Clay County",5,51,111,57,54
050,47,027,"Tennessee","Clay County",5,52,118,58,60
050,47,027,"Tennessee","Clay County",5,53,108,58,50
050,47,027,"Tennessee","Clay County",5,54,110,59,51
050,47,027,"Tennessee","Clay County",5,55,102,48,54
050,47,027,"Tennessee","Clay County",5,56,110,60,50
050,47,027,"Tennessee","Clay County",5,57,116,56,60
050,47,027,"Tennessee","Clay County",5,58,129,67,62
050,47,027,"Tennessee","Clay County",5,59,127,65,62
050,47,027,"Tennessee","Clay County",5,60,120,72,48
050,47,027,"Tennessee","Clay County",5,61,120,58,62
050,47,027,"Tennessee","Clay County",5,62,115,51,64
050,47,027,"Tennessee","Clay County",5,63,106,55,51
050,47,027,"Tennessee","Clay County",5,64,107,58,49
050,47,027,"Tennessee","Clay County",5,65,127,60,67
050,47,027,"Tennessee","Clay County",5,66,112,53,59
050,47,027,"Tennessee","Clay County",5,67,112,53,59
050,47,027,"Tennessee","Clay County",5,68,120,51,69
050,47,027,"Tennessee","Clay County",5,69,117,61,56
050,47,027,"Tennessee","Clay County",5,70,112,56,56
050,47,027,"Tennessee","Clay County",5,71,97,52,45
050,47,027,"Tennessee","Clay County",5,72,103,45,58
050,47,027,"Tennessee","Clay County",5,73,94,41,53
050,47,027,"Tennessee","Clay County",5,74,101,52,49
050,47,027,"Tennessee","Clay County",5,75,89,36,53
050,47,027,"Tennessee","Clay County",5,76,100,44,56
050,47,027,"Tennessee","Clay County",5,77,77,33,44
050,47,027,"Tennessee","Clay County",5,78,70,35,35
050,47,027,"Tennessee","Clay County",5,79,71,40,31
050,47,027,"Tennessee","Clay County",5,80,81,37,44
050,47,027,"Tennessee","Clay County",5,81,52,22,30
050,47,027,"Tennessee","Clay County",5,82,46,19,27
050,47,027,"Tennessee","Clay County",5,83,49,20,29
050,47,027,"Tennessee","Clay County",5,84,51,17,34
050,47,027,"Tennessee","Clay County",5,85,197,78,119
050,47,029,"Tennessee","Cocke County",1,0,345,179,166
050,47,029,"Tennessee","Cocke County",1,1,367,196,171
050,47,029,"Tennessee","Cocke County",1,2,365,199,166
050,47,029,"Tennessee","Cocke County",1,3,383,198,185
050,47,029,"Tennessee","Cocke County",1,4,365,184,181
050,47,029,"Tennessee","Cocke County",1,5,383,193,190
050,47,029,"Tennessee","Cocke County",1,6,398,200,198
050,47,029,"Tennessee","Cocke County",1,7,418,219,199
050,47,029,"Tennessee","Cocke County",1,8,398,191,207
050,47,029,"Tennessee","Cocke County",1,9,367,189,178
050,47,029,"Tennessee","Cocke County",1,10,411,216,195
050,47,029,"Tennessee","Cocke County",1,11,448,236,212
050,47,029,"Tennessee","Cocke County",1,12,463,250,213
050,47,029,"Tennessee","Cocke County",1,13,489,244,245
050,47,029,"Tennessee","Cocke County",1,14,437,217,220
050,47,029,"Tennessee","Cocke County",1,15,424,230,194
050,47,029,"Tennessee","Cocke County",1,16,445,228,217
050,47,029,"Tennessee","Cocke County",1,17,421,210,211
050,47,029,"Tennessee","Cocke County",1,18,374,194,180
050,47,029,"Tennessee","Cocke County",1,19,292,150,142
050,47,029,"Tennessee","Cocke County",1,20,296,154,142
050,47,029,"Tennessee","Cocke County",1,21,339,164,175
050,47,029,"Tennessee","Cocke County",1,22,375,183,192
050,47,029,"Tennessee","Cocke County",1,23,412,208,204
050,47,029,"Tennessee","Cocke County",1,24,402,210,192
050,47,029,"Tennessee","Cocke County",1,25,396,208,188
050,47,029,"Tennessee","Cocke County",1,26,393,190,203
050,47,029,"Tennessee","Cocke County",1,27,394,193,201
050,47,029,"Tennessee","Cocke County",1,28,437,215,222
050,47,029,"Tennessee","Cocke County",1,29,455,214,241
050,47,029,"Tennessee","Cocke County",1,30,411,195,216
050,47,029,"Tennessee","Cocke County",1,31,361,174,187
050,47,029,"Tennessee","Cocke County",1,32,371,166,205
050,47,029,"Tennessee","Cocke County",1,33,391,190,201
050,47,029,"Tennessee","Cocke County",1,34,407,200,207
050,47,029,"Tennessee","Cocke County",1,35,380,184,196
050,47,029,"Tennessee","Cocke County",1,36,371,174,197
050,47,029,"Tennessee","Cocke County",1,37,380,197,183
050,47,029,"Tennessee","Cocke County",1,38,361,173,188
050,47,029,"Tennessee","Cocke County",1,39,356,170,186
050,47,029,"Tennessee","Cocke County",1,40,390,184,206
050,47,029,"Tennessee","Cocke County",1,41,410,188,222
050,47,029,"Tennessee","Cocke County",1,42,402,182,220
050,47,029,"Tennessee","Cocke County",1,43,398,180,218
050,47,029,"Tennessee","Cocke County",1,44,413,195,218
050,47,029,"Tennessee","Cocke County",1,45,440,212,228
050,47,029,"Tennessee","Cocke County",1,46,448,227,221
050,47,029,"Tennessee","Cocke County",1,47,464,239,225
050,47,029,"Tennessee","Cocke County",1,48,529,275,254
050,47,029,"Tennessee","Cocke County",1,49,541,272,269
050,47,029,"Tennessee","Cocke County",1,50,504,237,267
050,47,029,"Tennessee","Cocke County",1,51,492,225,267
050,47,029,"Tennessee","Cocke County",1,52,493,249,244
050,47,029,"Tennessee","Cocke County",1,53,489,260,229
050,47,029,"Tennessee","Cocke County",1,54,512,261,251
050,47,029,"Tennessee","Cocke County",1,55,567,278,289
050,47,029,"Tennessee","Cocke County",1,56,592,270,322
050,47,029,"Tennessee","Cocke County",1,57,566,268,298
050,47,029,"Tennessee","Cocke County",1,58,570,284,286
050,47,029,"Tennessee","Cocke County",1,59,549,267,282
050,47,029,"Tennessee","Cocke County",1,60,583,276,307
050,47,029,"Tennessee","Cocke County",1,61,573,275,298
050,47,029,"Tennessee","Cocke County",1,62,574,280,294
050,47,029,"Tennessee","Cocke County",1,63,537,244,293
050,47,029,"Tennessee","Cocke County",1,64,570,257,313
050,47,029,"Tennessee","Cocke County",1,65,566,267,299
050,47,029,"Tennessee","Cocke County",1,66,510,240,270
050,47,029,"Tennessee","Cocke County",1,67,491,222,269
050,47,029,"Tennessee","Cocke County",1,68,501,246,255
050,47,029,"Tennessee","Cocke County",1,69,487,234,253
050,47,029,"Tennessee","Cocke County",1,70,457,233,224
050,47,029,"Tennessee","Cocke County",1,71,497,243,254
050,47,029,"Tennessee","Cocke County",1,72,499,248,251
050,47,029,"Tennessee","Cocke County",1,73,480,224,256
050,47,029,"Tennessee","Cocke County",1,74,347,164,183
050,47,029,"Tennessee","Cocke County",1,75,350,183,167
050,47,029,"Tennessee","Cocke County",1,76,314,158,156
050,47,029,"Tennessee","Cocke County",1,77,316,164,152
050,47,029,"Tennessee","Cocke County",1,78,265,123,142
050,47,029,"Tennessee","Cocke County",1,79,249,119,130
050,47,029,"Tennessee","Cocke County",1,80,211,107,104
050,47,029,"Tennessee","Cocke County",1,81,166,69,97
050,47,029,"Tennessee","Cocke County",1,82,158,63,95
050,47,029,"Tennessee","Cocke County",1,83,136,60,76
050,47,029,"Tennessee","Cocke County",1,84,145,64,81
050,47,029,"Tennessee","Cocke County",1,85,567,212,355
050,47,029,"Tennessee","Cocke County",2,0,346,180,166
050,47,029,"Tennessee","Cocke County",2,1,361,192,169
050,47,029,"Tennessee","Cocke County",2,2,368,202,166
050,47,029,"Tennessee","Cocke County",2,3,380,200,180
050,47,029,"Tennessee","Cocke County",2,4,375,191,184
050,47,029,"Tennessee","Cocke County",2,5,383,193,190
050,47,029,"Tennessee","Cocke County",2,6,396,200,196
050,47,029,"Tennessee","Cocke County",2,7,412,213,199
050,47,029,"Tennessee","Cocke County",2,8,403,199,204
050,47,029,"Tennessee","Cocke County",2,9,375,189,186
050,47,029,"Tennessee","Cocke County",2,10,401,209,192
050,47,029,"Tennessee","Cocke County",2,11,436,231,205
050,47,029,"Tennessee","Cocke County",2,12,461,247,214
050,47,029,"Tennessee","Cocke County",2,13,481,243,238
050,47,029,"Tennessee","Cocke County",2,14,449,223,226
050,47,029,"Tennessee","Cocke County",2,15,428,227,201
050,47,029,"Tennessee","Cocke County",2,16,439,227,212
050,47,029,"Tennessee","Cocke County",2,17,426,213,213
050,47,029,"Tennessee","Cocke County",2,18,366,189,177
050,47,029,"Tennessee","Cocke County",2,19,292,147,145
050,47,029,"Tennessee","Cocke County",2,20,307,159,148
050,47,029,"Tennessee","Cocke County",2,21,334,163,171
050,47,029,"Tennessee","Cocke County",2,22,372,181,191
050,47,029,"Tennessee","Cocke County",2,23,410,205,205
050,47,029,"Tennessee","Cocke County",2,24,408,214,194
050,47,029,"Tennessee","Cocke County",2,25,399,209,190
050,47,029,"Tennessee","Cocke County",2,26,391,192,199
050,47,029,"Tennessee","Cocke County",2,27,394,195,199
050,47,029,"Tennessee","Cocke County",2,28,430,213,217
050,47,029,"Tennessee","Cocke County",2,29,450,215,235
050,47,029,"Tennessee","Cocke County",2,30,429,203,226
050,47,029,"Tennessee","Cocke County",2,31,374,181,193
050,47,029,"Tennessee","Cocke County",2,32,367,166,201
050,47,029,"Tennessee","Cocke County",2,33,392,188,204
050,47,029,"Tennessee","Cocke County",2,34,406,200,206
050,47,029,"Tennessee","Cocke County",2,35,387,188,199
050,47,029,"Tennessee","Cocke County",2,36,372,176,196
050,47,029,"Tennessee","Cocke County",2,37,381,194,187
050,47,029,"Tennessee","Cocke County",2,38,366,178,188
050,47,029,"Tennessee","Cocke County",2,39,359,172,187
050,47,029,"Tennessee","Cocke County",2,40,383,179,204
050,47,029,"Tennessee","Cocke County",2,41,408,190,218
050,47,029,"Tennessee","Cocke County",2,42,400,183,217
050,47,029,"Tennessee","Cocke County",2,43,406,183,223
050,47,029,"Tennessee","Cocke County",2,44,407,191,216
050,47,029,"Tennessee","Cocke County",2,45,435,209,226
050,47,029,"Tennessee","Cocke County",2,46,443,221,222
050,47,029,"Tennessee","Cocke County",2,47,459,235,224
050,47,029,"Tennessee","Cocke County",2,48,512,266,246
050,47,029,"Tennessee","Cocke County",2,49,539,272,267
050,47,029,"Tennessee","Cocke County",2,50,514,245,269
050,47,029,"Tennessee","Cocke County",2,51,492,225,267
050,47,029,"Tennessee","Cocke County",2,52,493,244,249
050,47,029,"Tennessee","Cocke County",2,53,487,256,231
050,47,029,"Tennessee","Cocke County",2,54,508,262,246
050,47,029,"Tennessee","Cocke County",2,55,554,274,280
050,47,029,"Tennessee","Cocke County",2,56,590,273,317
050,47,029,"Tennessee","Cocke County",2,57,575,269,306
050,47,029,"Tennessee","Cocke County",2,58,568,280,288
050,47,029,"Tennessee","Cocke County",2,59,561,275,286
050,47,029,"Tennessee","Cocke County",2,60,576,274,302
050,47,029,"Tennessee","Cocke County",2,61,572,273,299
050,47,029,"Tennessee","Cocke County",2,62,574,279,295
050,47,029,"Tennessee","Cocke County",2,63,552,256,296
050,47,029,"Tennessee","Cocke County",2,64,562,255,307
050,47,029,"Tennessee","Cocke County",2,65,564,266,298
050,47,029,"Tennessee","Cocke County",2,66,524,248,276
050,47,029,"Tennessee","Cocke County",2,67,494,226,268
050,47,029,"Tennessee","Cocke County",2,68,497,240,257
050,47,029,"Tennessee","Cocke County",2,69,494,241,253
050,47,029,"Tennessee","Cocke County",2,70,466,235,231
050,47,029,"Tennessee","Cocke County",2,71,487,241,246
050,47,029,"Tennessee","Cocke County",2,72,484,242,242
050,47,029,"Tennessee","Cocke County",2,73,508,238,270
050,47,029,"Tennessee","Cocke County",2,74,353,166,187
050,47,029,"Tennessee","Cocke County",2,75,346,177,169
050,47,029,"Tennessee","Cocke County",2,76,318,162,156
050,47,029,"Tennessee","Cocke County",2,77,318,161,157
050,47,029,"Tennessee","Cocke County",2,78,267,130,137
050,47,029,"Tennessee","Cocke County",2,79,248,119,129
050,47,029,"Tennessee","Cocke County",2,80,219,110,109
050,47,029,"Tennessee","Cocke County",2,81,172,75,97
050,47,029,"Tennessee","Cocke County",2,82,157,61,96
050,47,029,"Tennessee","Cocke County",2,83,137,60,77
050,47,029,"Tennessee","Cocke County",2,84,144,63,81
050,47,029,"Tennessee","Cocke County",2,85,572,219,353
050,47,029,"Tennessee","Cocke County",3,0,361,173,188
050,47,029,"Tennessee","Cocke County",3,1,390,193,197
050,47,029,"Tennessee","Cocke County",3,2,358,196,162
050,47,029,"Tennessee","Cocke County",3,3,373,204,169
050,47,029,"Tennessee","Cocke County",3,4,397,213,184
050,47,029,"Tennessee","Cocke County",3,5,370,193,177
050,47,029,"Tennessee","Cocke County",3,6,397,210,187
050,47,029,"Tennessee","Cocke County",3,7,405,202,203
050,47,029,"Tennessee","Cocke County",3,8,422,214,208
050,47,029,"Tennessee","Cocke County",3,9,420,205,215
050,47,029,"Tennessee","Cocke County",3,10,377,185,192
050,47,029,"Tennessee","Cocke County",3,11,410,206,204
050,47,029,"Tennessee","Cocke County",3,12,438,229,209
050,47,029,"Tennessee","Cocke County",3,13,454,235,219
050,47,029,"Tennessee","Cocke County",3,14,478,241,237
050,47,029,"Tennessee","Cocke County",3,15,470,235,235
050,47,029,"Tennessee","Cocke County",3,16,429,226,203
050,47,029,"Tennessee","Cocke County",3,17,439,224,215
050,47,029,"Tennessee","Cocke County",3,18,363,193,170
050,47,029,"Tennessee","Cocke County",3,19,291,153,138
050,47,029,"Tennessee","Cocke County",3,20,332,165,167
050,47,029,"Tennessee","Cocke County",3,21,319,166,153
050,47,029,"Tennessee","Cocke County",3,22,379,182,197
050,47,029,"Tennessee","Cocke County",3,23,402,186,216
050,47,029,"Tennessee","Cocke County",3,24,415,217,198
050,47,029,"Tennessee","Cocke County",3,25,415,214,201
050,47,029,"Tennessee","Cocke County",3,26,388,196,192
050,47,029,"Tennessee","Cocke County",3,27,399,197,202
050,47,029,"Tennessee","Cocke County",3,28,415,223,192
050,47,029,"Tennessee","Cocke County",3,29,433,213,220
050,47,029,"Tennessee","Cocke County",3,30,445,212,233
050,47,029,"Tennessee","Cocke County",3,31,421,198,223
050,47,029,"Tennessee","Cocke County",3,32,384,180,204
050,47,029,"Tennessee","Cocke County",3,33,384,185,199
050,47,029,"Tennessee","Cocke County",3,34,390,181,209
050,47,029,"Tennessee","Cocke County",3,35,425,208,217
050,47,029,"Tennessee","Cocke County",3,36,382,188,194
050,47,029,"Tennessee","Cocke County",3,37,380,177,203
050,47,029,"Tennessee","Cocke County",3,38,375,184,191
050,47,029,"Tennessee","Cocke County",3,39,391,192,199
050,47,029,"Tennessee","Cocke County",3,40,374,177,197
050,47,029,"Tennessee","Cocke County",3,41,397,189,208
050,47,029,"Tennessee","Cocke County",3,42,403,187,216
050,47,029,"Tennessee","Cocke County",3,43,402,184,218
050,47,029,"Tennessee","Cocke County",3,44,391,181,210
050,47,029,"Tennessee","Cocke County",3,45,403,188,215
050,47,029,"Tennessee","Cocke County",3,46,436,207,229
050,47,029,"Tennessee","Cocke County",3,47,432,209,223
050,47,029,"Tennessee","Cocke County",3,48,466,242,224
050,47,029,"Tennessee","Cocke County",3,49,519,266,253
050,47,029,"Tennessee","Cocke County",3,50,568,290,278
050,47,029,"Tennessee","Cocke County",3,51,502,238,264
050,47,029,"Tennessee","Cocke County",3,52,500,224,276
050,47,029,"Tennessee","Cocke County",3,53,509,253,256
050,47,029,"Tennessee","Cocke County",3,54,482,258,224
050,47,029,"Tennessee","Cocke County",3,55,530,268,262
050,47,029,"Tennessee","Cocke County",3,56,572,288,284
050,47,029,"Tennessee","Cocke County",3,57,599,273,326
050,47,029,"Tennessee","Cocke County",3,58,578,266,312
050,47,029,"Tennessee","Cocke County",3,59,574,278,296
050,47,029,"Tennessee","Cocke County",3,60,579,276,303
050,47,029,"Tennessee","Cocke County",3,61,585,277,308
050,47,029,"Tennessee","Cocke County",3,62,582,278,304
050,47,029,"Tennessee","Cocke County",3,63,574,279,295
050,47,029,"Tennessee","Cocke County",3,64,560,259,301
050,47,029,"Tennessee","Cocke County",3,65,569,266,303
050,47,029,"Tennessee","Cocke County",3,66,548,261,287
050,47,029,"Tennessee","Cocke County",3,67,522,244,278
050,47,029,"Tennessee","Cocke County",3,68,492,223,269
050,47,029,"Tennessee","Cocke County",3,69,496,237,259
050,47,029,"Tennessee","Cocke County",3,70,481,238,243
050,47,029,"Tennessee","Cocke County",3,71,455,229,226
050,47,029,"Tennessee","Cocke County",3,72,459,226,233
050,47,029,"Tennessee","Cocke County",3,73,477,235,242
050,47,029,"Tennessee","Cocke County",3,74,486,226,260
050,47,029,"Tennessee","Cocke County",3,75,336,155,181
050,47,029,"Tennessee","Cocke County",3,76,336,167,169
050,47,029,"Tennessee","Cocke County",3,77,301,155,146
050,47,029,"Tennessee","Cocke County",3,78,294,146,148
050,47,029,"Tennessee","Cocke County",3,79,258,121,137
050,47,029,"Tennessee","Cocke County",3,80,226,110,116
050,47,029,"Tennessee","Cocke County",3,81,194,101,93
050,47,029,"Tennessee","Cocke County",3,82,160,68,92
050,47,029,"Tennessee","Cocke County",3,83,140,56,84
050,47,029,"Tennessee","Cocke County",3,84,115,48,67
050,47,029,"Tennessee","Cocke County",3,85,586,235,351
050,47,029,"Tennessee","Cocke County",4,0,371,188,183
050,47,029,"Tennessee","Cocke County",4,1,375,189,186
050,47,029,"Tennessee","Cocke County",4,2,392,183,209
050,47,029,"Tennessee","Cocke County",4,3,375,197,178
050,47,029,"Tennessee","Cocke County",4,4,400,211,189
050,47,029,"Tennessee","Cocke County",4,5,410,222,188
050,47,029,"Tennessee","Cocke County",4,6,383,198,185
050,47,029,"Tennessee","Cocke County",4,7,425,219,206
050,47,029,"Tennessee","Cocke County",4,8,408,191,217
050,47,029,"Tennessee","Cocke County",4,9,434,222,212
050,47,029,"Tennessee","Cocke County",4,10,420,212,208
050,47,029,"Tennessee","Cocke County",4,11,390,192,198
050,47,029,"Tennessee","Cocke County",4,12,426,216,210
050,47,029,"Tennessee","Cocke County",4,13,454,238,216
050,47,029,"Tennessee","Cocke County",4,14,470,247,223
050,47,029,"Tennessee","Cocke County",4,15,492,250,242
050,47,029,"Tennessee","Cocke County",4,16,471,234,237
050,47,029,"Tennessee","Cocke County",4,17,435,224,211
050,47,029,"Tennessee","Cocke County",4,18,379,195,184
050,47,029,"Tennessee","Cocke County",4,19,285,149,136
050,47,029,"Tennessee","Cocke County",4,20,319,166,153
050,47,029,"Tennessee","Cocke County",4,21,337,169,168
050,47,029,"Tennessee","Cocke County",4,22,346,183,163
050,47,029,"Tennessee","Cocke County",4,23,420,200,220
050,47,029,"Tennessee","Cocke County",4,24,421,201,220
050,47,029,"Tennessee","Cocke County",4,25,420,217,203
050,47,029,"Tennessee","Cocke County",4,26,409,210,199
050,47,029,"Tennessee","Cocke County",4,27,373,187,186
050,47,029,"Tennessee","Cocke County",4,28,406,197,209
050,47,029,"Tennessee","Cocke County",4,29,425,220,205
050,47,029,"Tennessee","Cocke County",4,30,447,218,229
050,47,029,"Tennessee","Cocke County",4,31,466,214,252
050,47,029,"Tennessee","Cocke County",4,32,416,197,219
050,47,029,"Tennessee","Cocke County",4,33,393,185,208
050,47,029,"Tennessee","Cocke County",4,34,389,189,200
050,47,029,"Tennessee","Cocke County",4,35,392,181,211
050,47,029,"Tennessee","Cocke County",4,36,463,219,244
050,47,029,"Tennessee","Cocke County",4,37,392,193,199
050,47,029,"Tennessee","Cocke County",4,38,379,174,205
050,47,029,"Tennessee","Cocke County",4,39,404,202,202
050,47,029,"Tennessee","Cocke County",4,40,402,199,203
050,47,029,"Tennessee","Cocke County",4,41,397,195,202
050,47,029,"Tennessee","Cocke County",4,42,402,186,216
050,47,029,"Tennessee","Cocke County",4,43,414,196,218
050,47,029,"Tennessee","Cocke County",4,44,417,192,225
050,47,029,"Tennessee","Cocke County",4,45,415,198,217
050,47,029,"Tennessee","Cocke County",4,46,400,198,202
050,47,029,"Tennessee","Cocke County",4,47,462,225,237
050,47,029,"Tennessee","Cocke County",4,48,441,213,228
050,47,029,"Tennessee","Cocke County",4,49,467,237,230
050,47,029,"Tennessee","Cocke County",4,50,528,276,252
050,47,029,"Tennessee","Cocke County",4,51,572,291,281
050,47,029,"Tennessee","Cocke County",4,52,505,234,271
050,47,029,"Tennessee","Cocke County",4,53,517,242,275
050,47,029,"Tennessee","Cocke County",4,54,520,253,267
050,47,029,"Tennessee","Cocke County",4,55,501,260,241
050,47,029,"Tennessee","Cocke County",4,56,530,267,263
050,47,029,"Tennessee","Cocke County",4,57,583,293,290
050,47,029,"Tennessee","Cocke County",4,58,589,267,322
050,47,029,"Tennessee","Cocke County",4,59,589,268,321
050,47,029,"Tennessee","Cocke County",4,60,587,286,301
050,47,029,"Tennessee","Cocke County",4,61,599,285,314
050,47,029,"Tennessee","Cocke County",4,62,577,270,307
050,47,029,"Tennessee","Cocke County",4,63,580,277,303
050,47,029,"Tennessee","Cocke County",4,64,583,281,302
050,47,029,"Tennessee","Cocke County",4,65,563,264,299
050,47,029,"Tennessee","Cocke County",4,66,563,256,307
050,47,029,"Tennessee","Cocke County",4,67,554,259,295
050,47,029,"Tennessee","Cocke County",4,68,515,244,271
050,47,029,"Tennessee","Cocke County",4,69,476,214,262
050,47,029,"Tennessee","Cocke County",4,70,475,227,248
050,47,029,"Tennessee","Cocke County",4,71,471,230,241
050,47,029,"Tennessee","Cocke County",4,72,433,211,222
050,47,029,"Tennessee","Cocke County",4,73,448,219,229
050,47,029,"Tennessee","Cocke County",4,74,461,223,238
050,47,029,"Tennessee","Cocke County",4,75,465,209,256
050,47,029,"Tennessee","Cocke County",4,76,330,147,183
050,47,029,"Tennessee","Cocke County",4,77,317,160,157
050,47,029,"Tennessee","Cocke County",4,78,282,141,141
050,47,029,"Tennessee","Cocke County",4,79,264,123,141
050,47,029,"Tennessee","Cocke County",4,80,256,123,133
050,47,029,"Tennessee","Cocke County",4,81,196,98,98
050,47,029,"Tennessee","Cocke County",4,82,182,92,90
050,47,029,"Tennessee","Cocke County",4,83,140,64,76
050,47,029,"Tennessee","Cocke County",4,84,120,47,73
050,47,029,"Tennessee","Cocke County",4,85,549,214,335
050,47,029,"Tennessee","Cocke County",5,0,371,187,184
050,47,029,"Tennessee","Cocke County",5,1,375,186,189
050,47,029,"Tennessee","Cocke County",5,2,390,207,183
050,47,029,"Tennessee","Cocke County",5,3,397,192,205
050,47,029,"Tennessee","Cocke County",5,4,391,200,191
050,47,029,"Tennessee","Cocke County",5,5,401,208,193
050,47,029,"Tennessee","Cocke County",5,6,417,230,187
050,47,029,"Tennessee","Cocke County",5,7,396,200,196
050,47,029,"Tennessee","Cocke County",5,8,428,222,206
050,47,029,"Tennessee","Cocke County",5,9,428,195,233
050,47,029,"Tennessee","Cocke County",5,10,445,231,214
050,47,029,"Tennessee","Cocke County",5,11,432,207,225
050,47,029,"Tennessee","Cocke County",5,12,398,189,209
050,47,029,"Tennessee","Cocke County",5,13,441,214,227
050,47,029,"Tennessee","Cocke County",5,14,454,233,221
050,47,029,"Tennessee","Cocke County",5,15,494,260,234
050,47,029,"Tennessee","Cocke County",5,16,498,255,243
050,47,029,"Tennessee","Cocke County",5,17,485,240,245
050,47,029,"Tennessee","Cocke County",5,18,367,201,166
050,47,029,"Tennessee","Cocke County",5,19,313,168,145
050,47,029,"Tennessee","Cocke County",5,20,318,166,152
050,47,029,"Tennessee","Cocke County",5,21,346,177,169
050,47,029,"Tennessee","Cocke County",5,22,363,180,183
050,47,029,"Tennessee","Cocke County",5,23,384,196,188
050,47,029,"Tennessee","Cocke County",5,24,406,199,207
050,47,029,"Tennessee","Cocke County",5,25,452,219,233
050,47,029,"Tennessee","Cocke County",5,26,417,210,207
050,47,029,"Tennessee","Cocke County",5,27,405,205,200
050,47,029,"Tennessee","Cocke County",5,28,397,193,204
050,47,029,"Tennessee","Cocke County",5,29,416,200,216
050,47,029,"Tennessee","Cocke County",5,30,428,223,205
050,47,029,"Tennessee","Cocke County",5,31,447,225,222
050,47,029,"Tennessee","Cocke County",5,32,451,203,248
050,47,029,"Tennessee","Cocke County",5,33,443,215,228
050,47,029,"Tennessee","Cocke County",5,34,416,207,209
050,47,029,"Tennessee","Cocke County",5,35,393,194,199
050,47,029,"Tennessee","Cocke County",5,36,412,181,231
050,47,029,"Tennessee","Cocke County",5,37,476,235,241
050,47,029,"Tennessee","Cocke County",5,38,392,195,197
050,47,029,"Tennessee","Cocke County",5,39,393,185,208
050,47,029,"Tennessee","Cocke County",5,40,407,205,202
050,47,029,"Tennessee","Cocke County",5,41,420,213,207
050,47,029,"Tennessee","Cocke County",5,42,404,204,200
050,47,029,"Tennessee","Cocke County",5,43,405,184,221
050,47,029,"Tennessee","Cocke County",5,44,420,201,219
050,47,029,"Tennessee","Cocke County",5,45,424,198,226
050,47,029,"Tennessee","Cocke County",5,46,439,208,231
050,47,029,"Tennessee","Cocke County",5,47,419,206,213
050,47,029,"Tennessee","Cocke County",5,48,475,229,246
050,47,029,"Tennessee","Cocke County",5,49,436,207,229
050,47,029,"Tennessee","Cocke County",5,50,495,255,240
050,47,029,"Tennessee","Cocke County",5,51,540,272,268
050,47,029,"Tennessee","Cocke County",5,52,581,296,285
050,47,029,"Tennessee","Cocke County",5,53,519,234,285
050,47,029,"Tennessee","Cocke County",5,54,523,246,277
050,47,029,"Tennessee","Cocke County",5,55,525,255,270
050,47,029,"Tennessee","Cocke County",5,56,506,259,247
050,47,029,"Tennessee","Cocke County",5,57,532,271,261
050,47,029,"Tennessee","Cocke County",5,58,567,291,276
050,47,029,"Tennessee","Cocke County",5,59,594,267,327
050,47,029,"Tennessee","Cocke County",5,60,594,265,329
050,47,029,"Tennessee","Cocke County",5,61,609,299,310
050,47,029,"Tennessee","Cocke County",5,62,611,289,322
050,47,029,"Tennessee","Cocke County",5,63,595,280,315
050,47,029,"Tennessee","Cocke County",5,64,600,286,314
050,47,029,"Tennessee","Cocke County",5,65,593,293,300
050,47,029,"Tennessee","Cocke County",5,66,561,260,301
050,47,029,"Tennessee","Cocke County",5,67,556,254,302
050,47,029,"Tennessee","Cocke County",5,68,553,264,289
050,47,029,"Tennessee","Cocke County",5,69,511,241,270
050,47,029,"Tennessee","Cocke County",5,70,474,219,255
050,47,029,"Tennessee","Cocke County",5,71,467,215,252
050,47,029,"Tennessee","Cocke County",5,72,459,221,238
050,47,029,"Tennessee","Cocke County",5,73,418,206,212
050,47,029,"Tennessee","Cocke County",5,74,431,212,219
050,47,029,"Tennessee","Cocke County",5,75,438,210,228
050,47,029,"Tennessee","Cocke County",5,76,455,200,255
050,47,029,"Tennessee","Cocke County",5,77,319,141,178
050,47,029,"Tennessee","Cocke County",5,78,297,148,149
050,47,029,"Tennessee","Cocke County",5,79,262,127,135
050,47,029,"Tennessee","Cocke County",5,80,256,124,132
050,47,029,"Tennessee","Cocke County",5,81,225,113,112
050,47,029,"Tennessee","Cocke County",5,82,186,89,97
050,47,029,"Tennessee","Cocke County",5,83,163,84,79
050,47,029,"Tennessee","Cocke County",5,84,124,57,67
050,47,029,"Tennessee","Cocke County",5,85,540,208,332
050,47,031,"Tennessee","Coffee County",1,0,708,364,344
050,47,031,"Tennessee","Coffee County",1,1,737,365,372
050,47,031,"Tennessee","Coffee County",1,2,772,390,382
050,47,031,"Tennessee","Coffee County",1,3,750,400,350
050,47,031,"Tennessee","Coffee County",1,4,769,412,357
050,47,031,"Tennessee","Coffee County",1,5,772,382,390
050,47,031,"Tennessee","Coffee County",1,6,733,399,334
050,47,031,"Tennessee","Coffee County",1,7,754,381,373
050,47,031,"Tennessee","Coffee County",1,8,730,374,356
050,47,031,"Tennessee","Coffee County",1,9,786,398,388
050,47,031,"Tennessee","Coffee County",1,10,794,391,403
050,47,031,"Tennessee","Coffee County",1,11,828,418,410
050,47,031,"Tennessee","Coffee County",1,12,864,429,435
050,47,031,"Tennessee","Coffee County",1,13,894,454,440
050,47,031,"Tennessee","Coffee County",1,14,868,446,422
050,47,031,"Tennessee","Coffee County",1,15,825,438,387
050,47,031,"Tennessee","Coffee County",1,16,830,425,405
050,47,031,"Tennessee","Coffee County",1,17,768,381,387
050,47,031,"Tennessee","Coffee County",1,18,658,339,319
050,47,031,"Tennessee","Coffee County",1,19,549,293,256
050,47,031,"Tennessee","Coffee County",1,20,594,325,269
050,47,031,"Tennessee","Coffee County",1,21,626,325,301
050,47,031,"Tennessee","Coffee County",1,22,629,310,319
050,47,031,"Tennessee","Coffee County",1,23,667,352,315
050,47,031,"Tennessee","Coffee County",1,24,723,379,344
050,47,031,"Tennessee","Coffee County",1,25,736,374,362
050,47,031,"Tennessee","Coffee County",1,26,688,341,347
050,47,031,"Tennessee","Coffee County",1,27,716,343,373
050,47,031,"Tennessee","Coffee County",1,28,802,394,408
050,47,031,"Tennessee","Coffee County",1,29,777,379,398
050,47,031,"Tennessee","Coffee County",1,30,748,381,367
050,47,031,"Tennessee","Coffee County",1,31,709,355,354
050,47,031,"Tennessee","Coffee County",1,32,702,340,362
050,47,031,"Tennessee","Coffee County",1,33,704,352,352
050,47,031,"Tennessee","Coffee County",1,34,697,309,388
050,47,031,"Tennessee","Coffee County",1,35,669,325,344
050,47,031,"Tennessee","Coffee County",1,36,687,337,350
050,47,031,"Tennessee","Coffee County",1,37,719,354,365
050,47,031,"Tennessee","Coffee County",1,38,720,367,353
050,47,031,"Tennessee","Coffee County",1,39,710,342,368
050,47,031,"Tennessee","Coffee County",1,40,725,358,367
050,47,031,"Tennessee","Coffee County",1,41,685,355,330
050,47,031,"Tennessee","Coffee County",1,42,690,347,343
050,47,031,"Tennessee","Coffee County",1,43,671,317,354
050,47,031,"Tennessee","Coffee County",1,44,651,332,319
050,47,031,"Tennessee","Coffee County",1,45,710,355,355
050,47,031,"Tennessee","Coffee County",1,46,700,345,355
050,47,031,"Tennessee","Coffee County",1,47,686,340,346
050,47,031,"Tennessee","Coffee County",1,48,712,347,365
050,47,031,"Tennessee","Coffee County",1,49,761,373,388
050,47,031,"Tennessee","Coffee County",1,50,734,375,359
050,47,031,"Tennessee","Coffee County",1,51,734,374,360
050,47,031,"Tennessee","Coffee County",1,52,723,352,371
050,47,031,"Tennessee","Coffee County",1,53,723,374,349
050,47,031,"Tennessee","Coffee County",1,54,767,379,388
050,47,031,"Tennessee","Coffee County",1,55,816,410,406
050,47,031,"Tennessee","Coffee County",1,56,821,412,409
050,47,031,"Tennessee","Coffee County",1,57,833,412,421
050,47,031,"Tennessee","Coffee County",1,58,860,417,443
050,47,031,"Tennessee","Coffee County",1,59,793,389,404
050,47,031,"Tennessee","Coffee County",1,60,773,377,396
050,47,031,"Tennessee","Coffee County",1,61,777,384,393
050,47,031,"Tennessee","Coffee County",1,62,746,372,374
050,47,031,"Tennessee","Coffee County",1,63,743,363,380
050,47,031,"Tennessee","Coffee County",1,64,723,350,373
050,47,031,"Tennessee","Coffee County",1,65,694,353,341
050,47,031,"Tennessee","Coffee County",1,66,666,314,352
050,47,031,"Tennessee","Coffee County",1,67,597,275,322
050,47,031,"Tennessee","Coffee County",1,68,608,293,315
050,47,031,"Tennessee","Coffee County",1,69,550,254,296
050,47,031,"Tennessee","Coffee County",1,70,546,253,293
050,47,031,"Tennessee","Coffee County",1,71,554,278,276
050,47,031,"Tennessee","Coffee County",1,72,556,256,300
050,47,031,"Tennessee","Coffee County",1,73,602,273,329
050,47,031,"Tennessee","Coffee County",1,74,425,177,248
050,47,031,"Tennessee","Coffee County",1,75,387,167,220
050,47,031,"Tennessee","Coffee County",1,76,402,181,221
050,47,031,"Tennessee","Coffee County",1,77,402,181,221
050,47,031,"Tennessee","Coffee County",1,78,325,153,172
050,47,031,"Tennessee","Coffee County",1,79,295,123,172
050,47,031,"Tennessee","Coffee County",1,80,301,118,183
050,47,031,"Tennessee","Coffee County",1,81,276,113,163
050,47,031,"Tennessee","Coffee County",1,82,245,94,151
050,47,031,"Tennessee","Coffee County",1,83,232,101,131
050,47,031,"Tennessee","Coffee County",1,84,199,88,111
050,47,031,"Tennessee","Coffee County",1,85,1057,361,696
050,47,031,"Tennessee","Coffee County",2,0,718,371,347
050,47,031,"Tennessee","Coffee County",2,1,738,369,369
050,47,031,"Tennessee","Coffee County",2,2,769,388,381
050,47,031,"Tennessee","Coffee County",2,3,761,400,361
050,47,031,"Tennessee","Coffee County",2,4,764,407,357
050,47,031,"Tennessee","Coffee County",2,5,766,386,380
050,47,031,"Tennessee","Coffee County",2,6,744,395,349
050,47,031,"Tennessee","Coffee County",2,7,748,384,364
050,47,031,"Tennessee","Coffee County",2,8,739,376,363
050,47,031,"Tennessee","Coffee County",2,9,776,390,386
050,47,031,"Tennessee","Coffee County",2,10,793,395,398
050,47,031,"Tennessee","Coffee County",2,11,819,411,408
050,47,031,"Tennessee","Coffee County",2,12,867,433,434
050,47,031,"Tennessee","Coffee County",2,13,889,449,440
050,47,031,"Tennessee","Coffee County",2,14,877,452,425
050,47,031,"Tennessee","Coffee County",2,15,839,445,394
050,47,031,"Tennessee","Coffee County",2,16,830,429,401
050,47,031,"Tennessee","Coffee County",2,17,788,396,392
050,47,031,"Tennessee","Coffee County",2,18,649,334,315
050,47,031,"Tennessee","Coffee County",2,19,547,290,257
050,47,031,"Tennessee","Coffee County",2,20,603,326,277
050,47,031,"Tennessee","Coffee County",2,21,631,328,303
050,47,031,"Tennessee","Coffee County",2,22,642,321,321
050,47,031,"Tennessee","Coffee County",2,23,679,352,327
050,47,031,"Tennessee","Coffee County",2,24,723,377,346
050,47,031,"Tennessee","Coffee County",2,25,742,379,363
050,47,031,"Tennessee","Coffee County",2,26,710,352,358
050,47,031,"Tennessee","Coffee County",2,27,713,346,367
050,47,031,"Tennessee","Coffee County",2,28,781,382,399
050,47,031,"Tennessee","Coffee County",2,29,782,383,399
050,47,031,"Tennessee","Coffee County",2,30,762,382,380
050,47,031,"Tennessee","Coffee County",2,31,725,366,359
050,47,031,"Tennessee","Coffee County",2,32,709,347,362
050,47,031,"Tennessee","Coffee County",2,33,710,355,355
050,47,031,"Tennessee","Coffee County",2,34,702,321,381
050,47,031,"Tennessee","Coffee County",2,35,679,325,354
050,47,031,"Tennessee","Coffee County",2,36,681,334,347
050,47,031,"Tennessee","Coffee County",2,37,719,355,364
050,47,031,"Tennessee","Coffee County",2,38,726,368,358
050,47,031,"Tennessee","Coffee County",2,39,715,349,366
050,47,031,"Tennessee","Coffee County",2,40,724,356,368
050,47,031,"Tennessee","Coffee County",2,41,695,356,339
050,47,031,"Tennessee","Coffee County",2,42,689,349,340
050,47,031,"Tennessee","Coffee County",2,43,683,327,356
050,47,031,"Tennessee","Coffee County",2,44,652,327,325
050,47,031,"Tennessee","Coffee County",2,45,710,356,354
050,47,031,"Tennessee","Coffee County",2,46,702,349,353
050,47,031,"Tennessee","Coffee County",2,47,693,343,350
050,47,031,"Tennessee","Coffee County",2,48,706,346,360
050,47,031,"Tennessee","Coffee County",2,49,758,371,387
050,47,031,"Tennessee","Coffee County",2,50,740,373,367
050,47,031,"Tennessee","Coffee County",2,51,737,374,363
050,47,031,"Tennessee","Coffee County",2,52,726,359,367
050,47,031,"Tennessee","Coffee County",2,53,727,371,356
050,47,031,"Tennessee","Coffee County",2,54,761,383,378
050,47,031,"Tennessee","Coffee County",2,55,800,401,399
050,47,031,"Tennessee","Coffee County",2,56,824,413,411
050,47,031,"Tennessee","Coffee County",2,57,833,415,418
050,47,031,"Tennessee","Coffee County",2,58,851,415,436
050,47,031,"Tennessee","Coffee County",2,59,816,400,416
050,47,031,"Tennessee","Coffee County",2,60,775,378,397
050,47,031,"Tennessee","Coffee County",2,61,773,380,393
050,47,031,"Tennessee","Coffee County",2,62,753,374,379
050,47,031,"Tennessee","Coffee County",2,63,749,365,384
050,47,031,"Tennessee","Coffee County",2,64,721,349,372
050,47,031,"Tennessee","Coffee County",2,65,700,353,347
050,47,031,"Tennessee","Coffee County",2,66,675,323,352
050,47,031,"Tennessee","Coffee County",2,67,610,282,328
050,47,031,"Tennessee","Coffee County",2,68,601,286,315
050,47,031,"Tennessee","Coffee County",2,69,565,265,300
050,47,031,"Tennessee","Coffee County",2,70,548,254,294
050,47,031,"Tennessee","Coffee County",2,71,547,272,275
050,47,031,"Tennessee","Coffee County",2,72,542,255,287
050,47,031,"Tennessee","Coffee County",2,73,622,283,339
050,47,031,"Tennessee","Coffee County",2,74,436,186,250
050,47,031,"Tennessee","Coffee County",2,75,396,170,226
050,47,031,"Tennessee","Coffee County",2,76,385,171,214
050,47,031,"Tennessee","Coffee County",2,77,411,185,226
050,47,031,"Tennessee","Coffee County",2,78,331,154,177
050,47,031,"Tennessee","Coffee County",2,79,292,127,165
050,47,031,"Tennessee","Coffee County",2,80,300,118,182
050,47,031,"Tennessee","Coffee County",2,81,277,111,166
050,47,031,"Tennessee","Coffee County",2,82,246,96,150
050,47,031,"Tennessee","Coffee County",2,83,230,98,132
050,47,031,"Tennessee","Coffee County",2,84,205,90,115
050,47,031,"Tennessee","Coffee County",2,85,1067,367,700
050,47,031,"Tennessee","Coffee County",3,0,714,358,356
050,47,031,"Tennessee","Coffee County",3,1,732,353,379
050,47,031,"Tennessee","Coffee County",3,2,742,368,374
050,47,031,"Tennessee","Coffee County",3,3,777,394,383
050,47,031,"Tennessee","Coffee County",3,4,772,412,360
050,47,031,"Tennessee","Coffee County",3,5,796,421,375
050,47,031,"Tennessee","Coffee County",3,6,780,394,386
050,47,031,"Tennessee","Coffee County",3,7,763,395,368
050,47,031,"Tennessee","Coffee County",3,8,790,408,382
050,47,031,"Tennessee","Coffee County",3,9,748,384,364
050,47,031,"Tennessee","Coffee County",3,10,763,379,384
050,47,031,"Tennessee","Coffee County",3,11,825,422,403
050,47,031,"Tennessee","Coffee County",3,12,846,428,418
050,47,031,"Tennessee","Coffee County",3,13,887,442,445
050,47,031,"Tennessee","Coffee County",3,14,894,446,448
050,47,031,"Tennessee","Coffee County",3,15,891,466,425
050,47,031,"Tennessee","Coffee County",3,16,846,449,397
050,47,031,"Tennessee","Coffee County",3,17,838,422,416
050,47,031,"Tennessee","Coffee County",3,18,689,363,326
050,47,031,"Tennessee","Coffee County",3,19,516,267,249
050,47,031,"Tennessee","Coffee County",3,20,575,295,280
050,47,031,"Tennessee","Coffee County",3,21,625,326,299
050,47,031,"Tennessee","Coffee County",3,22,672,330,342
050,47,031,"Tennessee","Coffee County",3,23,686,348,338
050,47,031,"Tennessee","Coffee County",3,24,727,377,350
050,47,031,"Tennessee","Coffee County",3,25,726,382,344
050,47,031,"Tennessee","Coffee County",3,26,756,377,379
050,47,031,"Tennessee","Coffee County",3,27,735,371,364
050,47,031,"Tennessee","Coffee County",3,28,767,373,394
050,47,031,"Tennessee","Coffee County",3,29,785,381,404
050,47,031,"Tennessee","Coffee County",3,30,771,384,387
050,47,031,"Tennessee","Coffee County",3,31,776,381,395
050,47,031,"Tennessee","Coffee County",3,32,741,369,372
050,47,031,"Tennessee","Coffee County",3,33,720,352,368
050,47,031,"Tennessee","Coffee County",3,34,728,363,365
050,47,031,"Tennessee","Coffee County",3,35,726,341,385
050,47,031,"Tennessee","Coffee County",3,36,707,343,364
050,47,031,"Tennessee","Coffee County",3,37,679,333,346
050,47,031,"Tennessee","Coffee County",3,38,737,353,384
050,47,031,"Tennessee","Coffee County",3,39,740,360,380
050,47,031,"Tennessee","Coffee County",3,40,737,361,376
050,47,031,"Tennessee","Coffee County",3,41,740,376,364
050,47,031,"Tennessee","Coffee County",3,42,713,354,359
050,47,031,"Tennessee","Coffee County",3,43,698,357,341
050,47,031,"Tennessee","Coffee County",3,44,693,341,352
050,47,031,"Tennessee","Coffee County",3,45,672,343,329
050,47,031,"Tennessee","Coffee County",3,46,708,362,346
050,47,031,"Tennessee","Coffee County",3,47,715,358,357
050,47,031,"Tennessee","Coffee County",3,48,685,340,345
050,47,031,"Tennessee","Coffee County",3,49,734,367,367
050,47,031,"Tennessee","Coffee County",3,50,758,370,388
050,47,031,"Tennessee","Coffee County",3,51,738,369,369
050,47,031,"Tennessee","Coffee County",3,52,746,372,374
050,47,031,"Tennessee","Coffee County",3,53,740,360,380
050,47,031,"Tennessee","Coffee County",3,54,730,365,365
050,47,031,"Tennessee","Coffee County",3,55,765,382,383
050,47,031,"Tennessee","Coffee County",3,56,805,411,394
050,47,031,"Tennessee","Coffee County",3,57,837,401,436
050,47,031,"Tennessee","Coffee County",3,58,843,432,411
050,47,031,"Tennessee","Coffee County",3,59,846,411,435
050,47,031,"Tennessee","Coffee County",3,60,825,398,427
050,47,031,"Tennessee","Coffee County",3,61,774,370,404
050,47,031,"Tennessee","Coffee County",3,62,774,378,396
050,47,031,"Tennessee","Coffee County",3,63,758,382,376
050,47,031,"Tennessee","Coffee County",3,64,734,365,369
050,47,031,"Tennessee","Coffee County",3,65,724,348,376
050,47,031,"Tennessee","Coffee County",3,66,701,357,344
050,47,031,"Tennessee","Coffee County",3,67,674,318,356
050,47,031,"Tennessee","Coffee County",3,68,601,279,322
050,47,031,"Tennessee","Coffee County",3,69,586,272,314
050,47,031,"Tennessee","Coffee County",3,70,556,260,296
050,47,031,"Tennessee","Coffee County",3,71,533,250,283
050,47,031,"Tennessee","Coffee County",3,72,540,268,272
050,47,031,"Tennessee","Coffee County",3,73,519,234,285
050,47,031,"Tennessee","Coffee County",3,74,604,271,333
050,47,031,"Tennessee","Coffee County",3,75,423,184,239
050,47,031,"Tennessee","Coffee County",3,76,381,169,212
050,47,031,"Tennessee","Coffee County",3,77,375,160,215
050,47,031,"Tennessee","Coffee County",3,78,387,177,210
050,47,031,"Tennessee","Coffee County",3,79,310,145,165
050,47,031,"Tennessee","Coffee County",3,80,278,116,162
050,47,031,"Tennessee","Coffee County",3,81,287,112,175
050,47,031,"Tennessee","Coffee County",3,82,262,98,164
050,47,031,"Tennessee","Coffee County",3,83,225,92,133
050,47,031,"Tennessee","Coffee County",3,84,204,84,120
050,47,031,"Tennessee","Coffee County",3,85,1057,372,685
050,47,031,"Tennessee","Coffee County",4,0,702,367,335
050,47,031,"Tennessee","Coffee County",4,1,753,374,379
050,47,031,"Tennessee","Coffee County",4,2,762,369,393
050,47,031,"Tennessee","Coffee County",4,3,776,385,391
050,47,031,"Tennessee","Coffee County",4,4,764,390,374
050,47,031,"Tennessee","Coffee County",4,5,777,424,353
050,47,031,"Tennessee","Coffee County",4,6,806,436,370
050,47,031,"Tennessee","Coffee County",4,7,796,397,399
050,47,031,"Tennessee","Coffee County",4,8,768,391,377
050,47,031,"Tennessee","Coffee County",4,9,787,400,387
050,47,031,"Tennessee","Coffee County",4,10,762,381,381
050,47,031,"Tennessee","Coffee County",4,11,760,382,378
050,47,031,"Tennessee","Coffee County",4,12,827,421,406
050,47,031,"Tennessee","Coffee County",4,13,865,430,435
050,47,031,"Tennessee","Coffee County",4,14,877,445,432
050,47,031,"Tennessee","Coffee County",4,15,922,454,468
050,47,031,"Tennessee","Coffee County",4,16,893,465,428
050,47,031,"Tennessee","Coffee County",4,17,845,445,400
050,47,031,"Tennessee","Coffee County",4,18,685,354,331
050,47,031,"Tennessee","Coffee County",4,19,545,289,256
050,47,031,"Tennessee","Coffee County",4,20,545,281,264
050,47,031,"Tennessee","Coffee County",4,21,617,310,307
050,47,031,"Tennessee","Coffee County",4,22,651,333,318
050,47,031,"Tennessee","Coffee County",4,23,745,370,375
050,47,031,"Tennessee","Coffee County",4,24,728,367,361
050,47,031,"Tennessee","Coffee County",4,25,762,395,367
050,47,031,"Tennessee","Coffee County",4,26,737,392,345
050,47,031,"Tennessee","Coffee County",4,27,793,407,386
050,47,031,"Tennessee","Coffee County",4,28,752,383,369
050,47,031,"Tennessee","Coffee County",4,29,760,375,385
050,47,031,"Tennessee","Coffee County",4,30,797,396,401
050,47,031,"Tennessee","Coffee County",4,31,809,400,409
050,47,031,"Tennessee","Coffee County",4,32,825,407,418
050,47,031,"Tennessee","Coffee County",4,33,725,362,363
050,47,031,"Tennessee","Coffee County",4,34,746,373,373
050,47,031,"Tennessee","Coffee County",4,35,762,390,372
050,47,031,"Tennessee","Coffee County",4,36,740,350,390
050,47,031,"Tennessee","Coffee County",4,37,712,348,364
050,47,031,"Tennessee","Coffee County",4,38,683,334,349
050,47,031,"Tennessee","Coffee County",4,39,751,360,391
050,47,031,"Tennessee","Coffee County",4,40,747,359,388
050,47,031,"Tennessee","Coffee County",4,41,759,371,388
050,47,031,"Tennessee","Coffee County",4,42,731,364,367
050,47,031,"Tennessee","Coffee County",4,43,725,349,376
050,47,031,"Tennessee","Coffee County",4,44,683,350,333
050,47,031,"Tennessee","Coffee County",4,45,718,352,366
050,47,031,"Tennessee","Coffee County",4,46,670,349,321
050,47,031,"Tennessee","Coffee County",4,47,716,369,347
050,47,031,"Tennessee","Coffee County",4,48,719,360,359
050,47,031,"Tennessee","Coffee County",4,49,688,338,350
050,47,031,"Tennessee","Coffee County",4,50,748,367,381
050,47,031,"Tennessee","Coffee County",4,51,784,380,404
050,47,031,"Tennessee","Coffee County",4,52,741,369,372
050,47,031,"Tennessee","Coffee County",4,53,752,381,371
050,47,031,"Tennessee","Coffee County",4,54,778,374,404
050,47,031,"Tennessee","Coffee County",4,55,734,362,372
050,47,031,"Tennessee","Coffee County",4,56,779,392,387
050,47,031,"Tennessee","Coffee County",4,57,820,416,404
050,47,031,"Tennessee","Coffee County",4,58,838,406,432
050,47,031,"Tennessee","Coffee County",4,59,848,428,420
050,47,031,"Tennessee","Coffee County",4,60,857,415,442
050,47,031,"Tennessee","Coffee County",4,61,832,405,427
050,47,031,"Tennessee","Coffee County",4,62,756,358,398
050,47,031,"Tennessee","Coffee County",4,63,789,390,399
050,47,031,"Tennessee","Coffee County",4,64,749,371,378
050,47,031,"Tennessee","Coffee County",4,65,711,360,351
050,47,031,"Tennessee","Coffee County",4,66,722,343,379
050,47,031,"Tennessee","Coffee County",4,67,686,349,337
050,47,031,"Tennessee","Coffee County",4,68,670,320,350
050,47,031,"Tennessee","Coffee County",4,69,586,270,316
050,47,031,"Tennessee","Coffee County",4,70,584,267,317
050,47,031,"Tennessee","Coffee County",4,71,549,252,297
050,47,031,"Tennessee","Coffee County",4,72,533,242,291
050,47,031,"Tennessee","Coffee County",4,73,514,253,261
050,47,031,"Tennessee","Coffee County",4,74,505,224,281
050,47,031,"Tennessee","Coffee County",4,75,602,274,328
050,47,031,"Tennessee","Coffee County",4,76,413,180,233
050,47,031,"Tennessee","Coffee County",4,77,366,165,201
050,47,031,"Tennessee","Coffee County",4,78,351,151,200
050,47,031,"Tennessee","Coffee County",4,79,341,151,190
050,47,031,"Tennessee","Coffee County",4,80,302,133,169
050,47,031,"Tennessee","Coffee County",4,81,264,108,156
050,47,031,"Tennessee","Coffee County",4,82,272,104,168
050,47,031,"Tennessee","Coffee County",4,83,239,92,147
050,47,031,"Tennessee","Coffee County",4,84,203,82,121
050,47,031,"Tennessee","Coffee County",4,85,1093,387,706
050,47,031,"Tennessee","Coffee County",5,0,703,366,337
050,47,031,"Tennessee","Coffee County",5,1,747,379,368
050,47,031,"Tennessee","Coffee County",5,2,786,386,400
050,47,031,"Tennessee","Coffee County",5,3,758,365,393
050,47,031,"Tennessee","Coffee County",5,4,777,390,387
050,47,031,"Tennessee","Coffee County",5,5,801,406,395
050,47,031,"Tennessee","Coffee County",5,6,755,396,359
050,47,031,"Tennessee","Coffee County",5,7,808,432,376
050,47,031,"Tennessee","Coffee County",5,8,827,412,415
050,47,031,"Tennessee","Coffee County",5,9,789,408,381
050,47,031,"Tennessee","Coffee County",5,10,809,422,387
050,47,031,"Tennessee","Coffee County",5,11,776,396,380
050,47,031,"Tennessee","Coffee County",5,12,790,403,387
050,47,031,"Tennessee","Coffee County",5,13,855,437,418
050,47,031,"Tennessee","Coffee County",5,14,861,433,428
050,47,031,"Tennessee","Coffee County",5,15,904,468,436
050,47,031,"Tennessee","Coffee County",5,16,931,472,459
050,47,031,"Tennessee","Coffee County",5,17,890,461,429
050,47,031,"Tennessee","Coffee County",5,18,708,379,329
050,47,031,"Tennessee","Coffee County",5,19,534,276,258
050,47,031,"Tennessee","Coffee County",5,20,591,305,286
050,47,031,"Tennessee","Coffee County",5,21,612,308,304
050,47,031,"Tennessee","Coffee County",5,22,675,338,337
050,47,031,"Tennessee","Coffee County",5,23,703,354,349
050,47,031,"Tennessee","Coffee County",5,24,770,382,388
050,47,031,"Tennessee","Coffee County",5,25,741,384,357
050,47,031,"Tennessee","Coffee County",5,26,785,412,373
050,47,031,"Tennessee","Coffee County",5,27,765,417,348
050,47,031,"Tennessee","Coffee County",5,28,799,404,395
050,47,031,"Tennessee","Coffee County",5,29,772,397,375
050,47,031,"Tennessee","Coffee County",5,30,762,385,377
050,47,031,"Tennessee","Coffee County",5,31,826,404,422
050,47,031,"Tennessee","Coffee County",5,32,840,404,436
050,47,031,"Tennessee","Coffee County",5,33,848,441,407
050,47,031,"Tennessee","Coffee County",5,34,751,361,390
050,47,031,"Tennessee","Coffee County",5,35,746,370,376
050,47,031,"Tennessee","Coffee County",5,36,785,407,378
050,47,031,"Tennessee","Coffee County",5,37,760,362,398
050,47,031,"Tennessee","Coffee County",5,38,734,349,385
050,47,031,"Tennessee","Coffee County",5,39,688,333,355
050,47,031,"Tennessee","Coffee County",5,40,766,374,392
050,47,031,"Tennessee","Coffee County",5,41,757,362,395
050,47,031,"Tennessee","Coffee County",5,42,752,365,387
050,47,031,"Tennessee","Coffee County",5,43,729,367,362
050,47,031,"Tennessee","Coffee County",5,44,706,344,362
050,47,031,"Tennessee","Coffee County",5,45,687,342,345
050,47,031,"Tennessee","Coffee County",5,46,719,345,374
050,47,031,"Tennessee","Coffee County",5,47,683,348,335
050,47,031,"Tennessee","Coffee County",5,48,729,375,354
050,47,031,"Tennessee","Coffee County",5,49,736,369,367
050,47,031,"Tennessee","Coffee County",5,50,693,343,350
050,47,031,"Tennessee","Coffee County",5,51,752,367,385
050,47,031,"Tennessee","Coffee County",5,52,802,385,417
050,47,031,"Tennessee","Coffee County",5,53,753,381,372
050,47,031,"Tennessee","Coffee County",5,54,767,385,382
050,47,031,"Tennessee","Coffee County",5,55,759,368,391
050,47,031,"Tennessee","Coffee County",5,56,746,370,376
050,47,031,"Tennessee","Coffee County",5,57,784,396,388
050,47,031,"Tennessee","Coffee County",5,58,835,429,406
050,47,031,"Tennessee","Coffee County",5,59,828,394,434
050,47,031,"Tennessee","Coffee County",5,60,842,429,413
050,47,031,"Tennessee","Coffee County",5,61,867,414,453
050,47,031,"Tennessee","Coffee County",5,62,825,401,424
050,47,031,"Tennessee","Coffee County",5,63,795,376,419
050,47,031,"Tennessee","Coffee County",5,64,790,400,390
050,47,031,"Tennessee","Coffee County",5,65,736,371,365
050,47,031,"Tennessee","Coffee County",5,66,702,344,358
050,47,031,"Tennessee","Coffee County",5,67,707,331,376
050,47,031,"Tennessee","Coffee County",5,68,668,340,328
050,47,031,"Tennessee","Coffee County",5,69,650,315,335
050,47,031,"Tennessee","Coffee County",5,70,584,264,320
050,47,031,"Tennessee","Coffee County",5,71,563,256,307
050,47,031,"Tennessee","Coffee County",5,72,527,236,291
050,47,031,"Tennessee","Coffee County",5,73,519,233,286
050,47,031,"Tennessee","Coffee County",5,74,501,247,254
050,47,031,"Tennessee","Coffee County",5,75,498,226,272
050,47,031,"Tennessee","Coffee County",5,76,585,264,321
050,47,031,"Tennessee","Coffee County",5,77,400,169,231
050,47,031,"Tennessee","Coffee County",5,78,344,155,189
050,47,031,"Tennessee","Coffee County",5,79,304,129,175
050,47,031,"Tennessee","Coffee County",5,80,332,146,186
050,47,031,"Tennessee","Coffee County",5,81,292,128,164
050,47,031,"Tennessee","Coffee County",5,82,248,102,146
050,47,031,"Tennessee","Coffee County",5,83,252,94,158
050,47,031,"Tennessee","Coffee County",5,84,218,84,134
050,47,031,"Tennessee","Coffee County",5,85,1139,406,733
050,47,033,"Tennessee","Crockett County",1,0,154,79,75
050,47,033,"Tennessee","Crockett County",1,1,169,95,74
050,47,033,"Tennessee","Crockett County",1,2,162,93,69
050,47,033,"Tennessee","Crockett County",1,3,155,88,67
050,47,033,"Tennessee","Crockett County",1,4,179,103,76
050,47,033,"Tennessee","Crockett County",1,5,189,107,82
050,47,033,"Tennessee","Crockett County",1,6,180,88,92
050,47,033,"Tennessee","Crockett County",1,7,186,92,94
050,47,033,"Tennessee","Crockett County",1,8,178,85,93
050,47,033,"Tennessee","Crockett County",1,9,182,76,106
050,47,033,"Tennessee","Crockett County",1,10,186,81,105
050,47,033,"Tennessee","Crockett County",1,11,204,97,107
050,47,033,"Tennessee","Crockett County",1,12,203,98,105
050,47,033,"Tennessee","Crockett County",1,13,195,89,106
050,47,033,"Tennessee","Crockett County",1,14,206,99,107
050,47,033,"Tennessee","Crockett County",1,15,197,97,100
050,47,033,"Tennessee","Crockett County",1,16,196,93,103
050,47,033,"Tennessee","Crockett County",1,17,182,89,93
050,47,033,"Tennessee","Crockett County",1,18,171,91,80
050,47,033,"Tennessee","Crockett County",1,19,136,76,60
050,47,033,"Tennessee","Crockett County",1,20,145,74,71
050,47,033,"Tennessee","Crockett County",1,21,146,69,77
050,47,033,"Tennessee","Crockett County",1,22,146,69,77
050,47,033,"Tennessee","Crockett County",1,23,150,73,77
050,47,033,"Tennessee","Crockett County",1,24,159,76,83
050,47,033,"Tennessee","Crockett County",1,25,159,68,91
050,47,033,"Tennessee","Crockett County",1,26,158,77,81
050,47,033,"Tennessee","Crockett County",1,27,181,94,87
050,47,033,"Tennessee","Crockett County",1,28,198,111,87
050,47,033,"Tennessee","Crockett County",1,29,167,87,80
050,47,033,"Tennessee","Crockett County",1,30,173,92,81
050,47,033,"Tennessee","Crockett County",1,31,154,74,80
050,47,033,"Tennessee","Crockett County",1,32,147,64,83
050,47,033,"Tennessee","Crockett County",1,33,159,72,87
050,47,033,"Tennessee","Crockett County",1,34,177,83,94
050,47,033,"Tennessee","Crockett County",1,35,168,86,82
050,47,033,"Tennessee","Crockett County",1,36,177,89,88
050,47,033,"Tennessee","Crockett County",1,37,177,88,89
050,47,033,"Tennessee","Crockett County",1,38,161,78,83
050,47,033,"Tennessee","Crockett County",1,39,161,77,84
050,47,033,"Tennessee","Crockett County",1,40,162,78,84
050,47,033,"Tennessee","Crockett County",1,41,156,65,91
050,47,033,"Tennessee","Crockett County",1,42,154,74,80
050,47,033,"Tennessee","Crockett County",1,43,154,86,68
050,47,033,"Tennessee","Crockett County",1,44,155,77,78
050,47,033,"Tennessee","Crockett County",1,45,174,84,90
050,47,033,"Tennessee","Crockett County",1,46,165,77,88
050,47,033,"Tennessee","Crockett County",1,47,156,77,79
050,47,033,"Tennessee","Crockett County",1,48,181,79,102
050,47,033,"Tennessee","Crockett County",1,49,198,96,102
050,47,033,"Tennessee","Crockett County",1,50,174,87,87
050,47,033,"Tennessee","Crockett County",1,51,151,76,75
050,47,033,"Tennessee","Crockett County",1,52,167,85,82
050,47,033,"Tennessee","Crockett County",1,53,159,87,72
050,47,033,"Tennessee","Crockett County",1,54,191,99,92
050,47,033,"Tennessee","Crockett County",1,55,216,112,104
050,47,033,"Tennessee","Crockett County",1,56,205,96,109
050,47,033,"Tennessee","Crockett County",1,57,218,97,121
050,47,033,"Tennessee","Crockett County",1,58,208,94,114
050,47,033,"Tennessee","Crockett County",1,59,198,93,105
050,47,033,"Tennessee","Crockett County",1,60,201,99,102
050,47,033,"Tennessee","Crockett County",1,61,184,86,98
050,47,033,"Tennessee","Crockett County",1,62,174,77,97
050,47,033,"Tennessee","Crockett County",1,63,176,80,96
050,47,033,"Tennessee","Crockett County",1,64,187,96,91
050,47,033,"Tennessee","Crockett County",1,65,182,92,90
050,47,033,"Tennessee","Crockett County",1,66,158,78,80
050,47,033,"Tennessee","Crockett County",1,67,147,68,79
050,47,033,"Tennessee","Crockett County",1,68,153,76,77
050,47,033,"Tennessee","Crockett County",1,69,159,76,83
050,47,033,"Tennessee","Crockett County",1,70,140,73,67
050,47,033,"Tennessee","Crockett County",1,71,146,84,62
050,47,033,"Tennessee","Crockett County",1,72,144,71,73
050,47,033,"Tennessee","Crockett County",1,73,137,60,77
050,47,033,"Tennessee","Crockett County",1,74,111,47,64
050,47,033,"Tennessee","Crockett County",1,75,111,51,60
050,47,033,"Tennessee","Crockett County",1,76,97,40,57
050,47,033,"Tennessee","Crockett County",1,77,111,48,63
050,47,033,"Tennessee","Crockett County",1,78,88,34,54
050,47,033,"Tennessee","Crockett County",1,79,79,28,51
050,47,033,"Tennessee","Crockett County",1,80,67,24,43
050,47,033,"Tennessee","Crockett County",1,81,72,32,40
050,47,033,"Tennessee","Crockett County",1,82,57,26,31
050,47,033,"Tennessee","Crockett County",1,83,46,22,24
050,47,033,"Tennessee","Crockett County",1,84,65,24,41
050,47,033,"Tennessee","Crockett County",1,85,305,94,211
050,47,033,"Tennessee","Crockett County",2,0,165,85,80
050,47,033,"Tennessee","Crockett County",2,1,169,94,75
050,47,033,"Tennessee","Crockett County",2,2,166,95,71
050,47,033,"Tennessee","Crockett County",2,3,158,90,68
050,47,033,"Tennessee","Crockett County",2,4,174,100,74
050,47,033,"Tennessee","Crockett County",2,5,187,105,82
050,47,033,"Tennessee","Crockett County",2,6,184,94,90
050,47,033,"Tennessee","Crockett County",2,7,185,91,94
050,47,033,"Tennessee","Crockett County",2,8,179,86,93
050,47,033,"Tennessee","Crockett County",2,9,180,78,102
050,47,033,"Tennessee","Crockett County",2,10,185,80,105
050,47,033,"Tennessee","Crockett County",2,11,198,92,106
050,47,033,"Tennessee","Crockett County",2,12,201,97,104
050,47,033,"Tennessee","Crockett County",2,13,196,91,105
050,47,033,"Tennessee","Crockett County",2,14,202,94,108
050,47,033,"Tennessee","Crockett County",2,15,197,95,102
050,47,033,"Tennessee","Crockett County",2,16,196,94,102
050,47,033,"Tennessee","Crockett County",2,17,186,91,95
050,47,033,"Tennessee","Crockett County",2,18,166,87,79
050,47,033,"Tennessee","Crockett County",2,19,138,75,63
050,47,033,"Tennessee","Crockett County",2,20,147,77,70
050,47,033,"Tennessee","Crockett County",2,21,148,70,78
050,47,033,"Tennessee","Crockett County",2,22,149,70,79
050,47,033,"Tennessee","Crockett County",2,23,149,72,77
050,47,033,"Tennessee","Crockett County",2,24,159,77,82
050,47,033,"Tennessee","Crockett County",2,25,158,70,88
050,47,033,"Tennessee","Crockett County",2,26,158,76,82
050,47,033,"Tennessee","Crockett County",2,27,179,92,87
050,47,033,"Tennessee","Crockett County",2,28,193,107,86
050,47,033,"Tennessee","Crockett County",2,29,176,92,84
050,47,033,"Tennessee","Crockett County",2,30,174,92,82
050,47,033,"Tennessee","Crockett County",2,31,158,78,80
050,47,033,"Tennessee","Crockett County",2,32,150,67,83
050,47,033,"Tennessee","Crockett County",2,33,156,70,86
050,47,033,"Tennessee","Crockett County",2,34,174,81,93
050,47,033,"Tennessee","Crockett County",2,35,170,85,85
050,47,033,"Tennessee","Crockett County",2,36,172,87,85
050,47,033,"Tennessee","Crockett County",2,37,178,89,89
050,47,033,"Tennessee","Crockett County",2,38,164,80,84
050,47,033,"Tennessee","Crockett County",2,39,160,77,83
050,47,033,"Tennessee","Crockett County",2,40,163,78,85
050,47,033,"Tennessee","Crockett County",2,41,159,69,90
050,47,033,"Tennessee","Crockett County",2,42,154,72,82
050,47,033,"Tennessee","Crockett County",2,43,154,82,72
050,47,033,"Tennessee","Crockett County",2,44,153,78,75
050,47,033,"Tennessee","Crockett County",2,45,168,81,87
050,47,033,"Tennessee","Crockett County",2,46,162,77,85
050,47,033,"Tennessee","Crockett County",2,47,158,76,82
050,47,033,"Tennessee","Crockett County",2,48,174,79,95
050,47,033,"Tennessee","Crockett County",2,49,194,93,101
050,47,033,"Tennessee","Crockett County",2,50,179,89,90
050,47,033,"Tennessee","Crockett County",2,51,154,78,76
050,47,033,"Tennessee","Crockett County",2,52,165,85,80
050,47,033,"Tennessee","Crockett County",2,53,158,85,73
050,47,033,"Tennessee","Crockett County",2,54,185,97,88
050,47,033,"Tennessee","Crockett County",2,55,210,108,102
050,47,033,"Tennessee","Crockett County",2,56,209,100,109
050,47,033,"Tennessee","Crockett County",2,57,213,97,116
050,47,033,"Tennessee","Crockett County",2,58,210,94,116
050,47,033,"Tennessee","Crockett County",2,59,199,93,106
050,47,033,"Tennessee","Crockett County",2,60,200,97,103
050,47,033,"Tennessee","Crockett County",2,61,188,89,99
050,47,033,"Tennessee","Crockett County",2,62,176,79,97
050,47,033,"Tennessee","Crockett County",2,63,180,82,98
050,47,033,"Tennessee","Crockett County",2,64,182,92,90
050,47,033,"Tennessee","Crockett County",2,65,182,91,91
050,47,033,"Tennessee","Crockett County",2,66,162,79,83
050,47,033,"Tennessee","Crockett County",2,67,149,70,79
050,47,033,"Tennessee","Crockett County",2,68,148,73,75
050,47,033,"Tennessee","Crockett County",2,69,156,75,81
050,47,033,"Tennessee","Crockett County",2,70,143,73,70
050,47,033,"Tennessee","Crockett County",2,71,146,82,64
050,47,033,"Tennessee","Crockett County",2,72,142,73,69
050,47,033,"Tennessee","Crockett County",2,73,143,64,79
050,47,033,"Tennessee","Crockett County",2,74,110,47,63
050,47,033,"Tennessee","Crockett County",2,75,110,50,60
050,47,033,"Tennessee","Crockett County",2,76,98,42,56
050,47,033,"Tennessee","Crockett County",2,77,107,47,60
050,47,033,"Tennessee","Crockett County",2,78,91,36,55
050,47,033,"Tennessee","Crockett County",2,79,83,29,54
050,47,033,"Tennessee","Crockett County",2,80,67,24,43
050,47,033,"Tennessee","Crockett County",2,81,69,31,38
050,47,033,"Tennessee","Crockett County",2,82,58,26,32
050,47,033,"Tennessee","Crockett County",2,83,45,21,24
050,47,033,"Tennessee","Crockett County",2,84,60,23,37
050,47,033,"Tennessee","Crockett County",2,85,308,97,211
050,47,033,"Tennessee","Crockett County",3,0,155,76,79
050,47,033,"Tennessee","Crockett County",3,1,168,89,79
050,47,033,"Tennessee","Crockett County",3,2,164,95,69
050,47,033,"Tennessee","Crockett County",3,3,158,87,71
050,47,033,"Tennessee","Crockett County",3,4,168,94,74
050,47,033,"Tennessee","Crockett County",3,5,183,100,83
050,47,033,"Tennessee","Crockett County",3,6,194,110,84
050,47,033,"Tennessee","Crockett County",3,7,187,100,87
050,47,033,"Tennessee","Crockett County",3,8,190,95,95
050,47,033,"Tennessee","Crockett County",3,9,182,90,92
050,47,033,"Tennessee","Crockett County",3,10,184,80,104
050,47,033,"Tennessee","Crockett County",3,11,192,83,109
050,47,033,"Tennessee","Crockett County",3,12,198,90,108
050,47,033,"Tennessee","Crockett County",3,13,206,102,104
050,47,033,"Tennessee","Crockett County",3,14,202,95,107
050,47,033,"Tennessee","Crockett County",3,15,199,90,109
050,47,033,"Tennessee","Crockett County",3,16,196,95,101
050,47,033,"Tennessee","Crockett County",3,17,199,91,108
050,47,033,"Tennessee","Crockett County",3,18,159,81,78
050,47,033,"Tennessee","Crockett County",3,19,141,74,67
050,47,033,"Tennessee","Crockett County",3,20,155,87,68
050,47,033,"Tennessee","Crockett County",3,21,152,78,74
050,47,033,"Tennessee","Crockett County",3,22,170,74,96
050,47,033,"Tennessee","Crockett County",3,23,154,79,75
050,47,033,"Tennessee","Crockett County",3,24,144,70,74
050,47,033,"Tennessee","Crockett County",3,25,167,82,85
050,47,033,"Tennessee","Crockett County",3,26,160,74,86
050,47,033,"Tennessee","Crockett County",3,27,158,75,83
050,47,033,"Tennessee","Crockett County",3,28,187,92,95
050,47,033,"Tennessee","Crockett County",3,29,195,111,84
050,47,033,"Tennessee","Crockett County",3,30,176,96,80
050,47,033,"Tennessee","Crockett County",3,31,173,96,77
050,47,033,"Tennessee","Crockett County",3,32,164,76,88
050,47,033,"Tennessee","Crockett County",3,33,158,72,86
050,47,033,"Tennessee","Crockett County",3,34,163,72,91
050,47,033,"Tennessee","Crockett County",3,35,174,86,88
050,47,033,"Tennessee","Crockett County",3,36,172,82,90
050,47,033,"Tennessee","Crockett County",3,37,171,87,84
050,47,033,"Tennessee","Crockett County",3,38,179,88,91
050,47,033,"Tennessee","Crockett County",3,39,165,84,81
050,47,033,"Tennessee","Crockett County",3,40,166,82,84
050,47,033,"Tennessee","Crockett County",3,41,164,77,87
050,47,033,"Tennessee","Crockett County",3,42,155,69,86
050,47,033,"Tennessee","Crockett County",3,43,155,70,85
050,47,033,"Tennessee","Crockett County",3,44,155,82,73
050,47,033,"Tennessee","Crockett County",3,45,156,78,78
050,47,033,"Tennessee","Crockett County",3,46,168,84,84
050,47,033,"Tennessee","Crockett County",3,47,163,80,83
050,47,033,"Tennessee","Crockett County",3,48,154,72,82
050,47,033,"Tennessee","Crockett County",3,49,171,79,92
050,47,033,"Tennessee","Crockett County",3,50,186,87,99
050,47,033,"Tennessee","Crockett County",3,51,171,83,88
050,47,033,"Tennessee","Crockett County",3,52,161,83,78
050,47,033,"Tennessee","Crockett County",3,53,161,81,80
050,47,033,"Tennessee","Crockett County",3,54,155,81,74
050,47,033,"Tennessee","Crockett County",3,55,180,96,84
050,47,033,"Tennessee","Crockett County",3,56,213,108,105
050,47,033,"Tennessee","Crockett County",3,57,208,103,105
050,47,033,"Tennessee","Crockett County",3,58,214,96,118
050,47,033,"Tennessee","Crockett County",3,59,217,101,116
050,47,033,"Tennessee","Crockett County",3,60,204,98,106
050,47,033,"Tennessee","Crockett County",3,61,212,101,111
050,47,033,"Tennessee","Crockett County",3,62,191,91,100
050,47,033,"Tennessee","Crockett County",3,63,178,75,103
050,47,033,"Tennessee","Crockett County",3,64,171,76,95
050,47,033,"Tennessee","Crockett County",3,65,173,85,88
050,47,033,"Tennessee","Crockett County",3,66,176,89,87
050,47,033,"Tennessee","Crockett County",3,67,162,82,80
050,47,033,"Tennessee","Crockett County",3,68,142,65,77
050,47,033,"Tennessee","Crockett County",3,69,140,68,72
050,47,033,"Tennessee","Crockett County",3,70,150,73,77
050,47,033,"Tennessee","Crockett County",3,71,147,76,71
050,47,033,"Tennessee","Crockett County",3,72,144,80,64
050,47,033,"Tennessee","Crockett County",3,73,135,68,67
050,47,033,"Tennessee","Crockett County",3,74,139,63,76
050,47,033,"Tennessee","Crockett County",3,75,104,43,61
050,47,033,"Tennessee","Crockett County",3,76,108,51,57
050,47,033,"Tennessee","Crockett County",3,77,91,34,57
050,47,033,"Tennessee","Crockett County",3,78,98,43,55
050,47,033,"Tennessee","Crockett County",3,79,92,34,58
050,47,033,"Tennessee","Crockett County",3,80,75,27,48
050,47,033,"Tennessee","Crockett County",3,81,60,23,37
050,47,033,"Tennessee","Crockett County",3,82,60,26,34
050,47,033,"Tennessee","Crockett County",3,83,51,22,29
050,47,033,"Tennessee","Crockett County",3,84,41,18,23
050,47,033,"Tennessee","Crockett County",3,85,311,103,208
050,47,033,"Tennessee","Crockett County",4,0,154,75,79
050,47,033,"Tennessee","Crockett County",4,1,153,76,77
050,47,033,"Tennessee","Crockett County",4,2,158,83,75
050,47,033,"Tennessee","Crockett County",4,3,171,97,74
050,47,033,"Tennessee","Crockett County",4,4,146,82,64
050,47,033,"Tennessee","Crockett County",4,5,158,89,69
050,47,033,"Tennessee","Crockett County",4,6,179,97,82
050,47,033,"Tennessee","Crockett County",4,7,191,106,85
050,47,033,"Tennessee","Crockett County",4,8,179,93,86
050,47,033,"Tennessee","Crockett County",4,9,201,105,96
050,47,033,"Tennessee","Crockett County",4,10,178,90,88
050,47,033,"Tennessee","Crockett County",4,11,175,79,96
050,47,033,"Tennessee","Crockett County",4,12,194,82,112
050,47,033,"Tennessee","Crockett County",4,13,198,89,109
050,47,033,"Tennessee","Crockett County",4,14,210,102,108
050,47,033,"Tennessee","Crockett County",4,15,200,96,104
050,47,033,"Tennessee","Crockett County",4,16,197,92,105
050,47,033,"Tennessee","Crockett County",4,17,202,99,103
050,47,033,"Tennessee","Crockett County",4,18,176,85,91
050,47,033,"Tennessee","Crockett County",4,19,132,70,62
050,47,033,"Tennessee","Crockett County",4,20,147,78,69
050,47,033,"Tennessee","Crockett County",4,21,147,80,67
050,47,033,"Tennessee","Crockett County",4,22,163,83,80
050,47,033,"Tennessee","Crockett County",4,23,167,71,96
050,47,033,"Tennessee","Crockett County",4,24,161,82,79
050,47,033,"Tennessee","Crockett County",4,25,151,71,80
050,47,033,"Tennessee","Crockett County",4,26,155,73,82
050,47,033,"Tennessee","Crockett County",4,27,149,63,86
050,47,033,"Tennessee","Crockett County",4,28,153,71,82
050,47,033,"Tennessee","Crockett County",4,29,187,90,97
050,47,033,"Tennessee","Crockett County",4,30,186,101,85
050,47,033,"Tennessee","Crockett County",4,31,172,90,82
050,47,033,"Tennessee","Crockett County",4,32,169,90,79
050,47,033,"Tennessee","Crockett County",4,33,162,79,83
050,47,033,"Tennessee","Crockett County",4,34,163,78,85
050,47,033,"Tennessee","Crockett County",4,35,162,66,96
050,47,033,"Tennessee","Crockett County",4,36,171,83,88
050,47,033,"Tennessee","Crockett County",4,37,170,83,87
050,47,033,"Tennessee","Crockett County",4,38,174,89,85
050,47,033,"Tennessee","Crockett County",4,39,181,90,91
050,47,033,"Tennessee","Crockett County",4,40,162,82,80
050,47,033,"Tennessee","Crockett County",4,41,172,82,90
050,47,033,"Tennessee","Crockett County",4,42,160,74,86
050,47,033,"Tennessee","Crockett County",4,43,152,67,85
050,47,033,"Tennessee","Crockett County",4,44,155,72,83
050,47,033,"Tennessee","Crockett County",4,45,145,77,68
050,47,033,"Tennessee","Crockett County",4,46,149,75,74
050,47,033,"Tennessee","Crockett County",4,47,165,80,85
050,47,033,"Tennessee","Crockett County",4,48,168,78,90
050,47,033,"Tennessee","Crockett County",4,49,155,75,80
050,47,033,"Tennessee","Crockett County",4,50,172,78,94
050,47,033,"Tennessee","Crockett County",4,51,191,90,101
050,47,033,"Tennessee","Crockett County",4,52,172,83,89
050,47,033,"Tennessee","Crockett County",4,53,160,79,81
050,47,033,"Tennessee","Crockett County",4,54,161,79,82
050,47,033,"Tennessee","Crockett County",4,55,155,80,75
050,47,033,"Tennessee","Crockett County",4,56,180,97,83
050,47,033,"Tennessee","Crockett County",4,57,206,103,103
050,47,033,"Tennessee","Crockett County",4,58,210,105,105
050,47,033,"Tennessee","Crockett County",4,59,202,87,115
050,47,033,"Tennessee","Crockett County",4,60,221,100,121
050,47,033,"Tennessee","Crockett County",4,61,199,98,101
050,47,033,"Tennessee","Crockett County",4,62,198,95,103
050,47,033,"Tennessee","Crockett County",4,63,188,91,97
050,47,033,"Tennessee","Crockett County",4,64,168,72,96
050,47,033,"Tennessee","Crockett County",4,65,165,72,93
050,47,033,"Tennessee","Crockett County",4,66,172,85,87
050,47,033,"Tennessee","Crockett County",4,67,180,93,87
050,47,033,"Tennessee","Crockett County",4,68,162,81,81
050,47,033,"Tennessee","Crockett County",4,69,136,59,77
050,47,033,"Tennessee","Crockett County",4,70,138,68,70
050,47,033,"Tennessee","Crockett County",4,71,152,76,76
050,47,033,"Tennessee","Crockett County",4,72,149,75,74
050,47,033,"Tennessee","Crockett County",4,73,131,73,58
050,47,033,"Tennessee","Crockett County",4,74,130,65,65
050,47,033,"Tennessee","Crockett County",4,75,136,61,75
050,47,033,"Tennessee","Crockett County",4,76,96,41,55
050,47,033,"Tennessee","Crockett County",4,77,103,47,56
050,47,033,"Tennessee","Crockett County",4,78,81,30,51
050,47,033,"Tennessee","Crockett County",4,79,98,38,60
050,47,033,"Tennessee","Crockett County",4,80,84,32,52
050,47,033,"Tennessee","Crockett County",4,81,75,29,46
050,47,033,"Tennessee","Crockett County",4,82,47,17,30
050,47,033,"Tennessee","Crockett County",4,83,55,24,31
050,47,033,"Tennessee","Crockett County",4,84,52,21,31
050,47,033,"Tennessee","Crockett County",4,85,312,107,205
050,47,033,"Tennessee","Crockett County",5,0,154,75,79
050,47,033,"Tennessee","Crockett County",5,1,164,79,85
050,47,033,"Tennessee","Crockett County",5,2,154,74,80
050,47,033,"Tennessee","Crockett County",5,3,146,79,67
050,47,033,"Tennessee","Crockett County",5,4,175,101,74
050,47,033,"Tennessee","Crockett County",5,5,147,78,69
050,47,033,"Tennessee","Crockett County",5,6,161,93,68
050,47,033,"Tennessee","Crockett County",5,7,171,92,79
050,47,033,"Tennessee","Crockett County",5,8,192,104,88
050,47,033,"Tennessee","Crockett County",5,9,179,96,83
050,47,033,"Tennessee","Crockett County",5,10,193,103,90
050,47,033,"Tennessee","Crockett County",5,11,175,85,90
050,47,033,"Tennessee","Crockett County",5,12,181,84,97
050,47,033,"Tennessee","Crockett County",5,13,190,80,110
050,47,033,"Tennessee","Crockett County",5,14,208,97,111
050,47,033,"Tennessee","Crockett County",5,15,208,101,107
050,47,033,"Tennessee","Crockett County",5,16,205,98,107
050,47,033,"Tennessee","Crockett County",5,17,205,96,109
050,47,033,"Tennessee","Crockett County",5,18,178,90,88
050,47,033,"Tennessee","Crockett County",5,19,143,70,73
050,47,033,"Tennessee","Crockett County",5,20,151,80,71
050,47,033,"Tennessee","Crockett County",5,21,160,83,77
050,47,033,"Tennessee","Crockett County",5,22,175,91,84
050,47,033,"Tennessee","Crockett County",5,23,175,90,85
050,47,033,"Tennessee","Crockett County",5,24,180,78,102
050,47,033,"Tennessee","Crockett County",5,25,170,92,78
050,47,033,"Tennessee","Crockett County",5,26,161,79,82
050,47,033,"Tennessee","Crockett County",5,27,156,81,75
050,47,033,"Tennessee","Crockett County",5,28,157,68,89
050,47,033,"Tennessee","Crockett County",5,29,164,73,91
050,47,033,"Tennessee","Crockett County",5,30,193,95,98
050,47,033,"Tennessee","Crockett County",5,31,184,103,81
050,47,033,"Tennessee","Crockett County",5,32,180,97,83
050,47,033,"Tennessee","Crockett County",5,33,176,92,84
050,47,033,"Tennessee","Crockett County",5,34,157,77,80
050,47,033,"Tennessee","Crockett County",5,35,171,85,86
050,47,033,"Tennessee","Crockett County",5,36,169,68,101
050,47,033,"Tennessee","Crockett County",5,37,178,85,93
050,47,033,"Tennessee","Crockett County",5,38,168,82,86
050,47,033,"Tennessee","Crockett County",5,39,173,89,84
050,47,033,"Tennessee","Crockett County",5,40,181,91,90
050,47,033,"Tennessee","Crockett County",5,41,166,85,81
050,47,033,"Tennessee","Crockett County",5,42,171,81,90
050,47,033,"Tennessee","Crockett County",5,43,161,76,85
050,47,033,"Tennessee","Crockett County",5,44,157,67,90
050,47,033,"Tennessee","Crockett County",5,45,158,74,84
050,47,033,"Tennessee","Crockett County",5,46,146,82,64
050,47,033,"Tennessee","Crockett County",5,47,144,74,70
050,47,033,"Tennessee","Crockett County",5,48,157,76,81
050,47,033,"Tennessee","Crockett County",5,49,172,77,95
050,47,033,"Tennessee","Crockett County",5,50,155,74,81
050,47,033,"Tennessee","Crockett County",5,51,175,80,95
050,47,033,"Tennessee","Crockett County",5,52,193,90,103
050,47,033,"Tennessee","Crockett County",5,53,176,85,91
050,47,033,"Tennessee","Crockett County",5,54,159,76,83
050,47,033,"Tennessee","Crockett County",5,55,160,75,85
050,47,033,"Tennessee","Crockett County",5,56,160,82,78
050,47,033,"Tennessee","Crockett County",5,57,174,90,84
050,47,033,"Tennessee","Crockett County",5,58,208,103,105
050,47,033,"Tennessee","Crockett County",5,59,208,101,107
050,47,033,"Tennessee","Crockett County",5,60,207,89,118
050,47,033,"Tennessee","Crockett County",5,61,221,101,120
050,47,033,"Tennessee","Crockett County",5,62,206,98,108
050,47,033,"Tennessee","Crockett County",5,63,194,93,101
050,47,033,"Tennessee","Crockett County",5,64,180,89,91
050,47,033,"Tennessee","Crockett County",5,65,168,72,96
050,47,033,"Tennessee","Crockett County",5,66,160,71,89
050,47,033,"Tennessee","Crockett County",5,67,166,82,84
050,47,033,"Tennessee","Crockett County",5,68,174,86,88
050,47,033,"Tennessee","Crockett County",5,69,153,75,78
050,47,033,"Tennessee","Crockett County",5,70,131,57,74
050,47,033,"Tennessee","Crockett County",5,71,136,69,67
050,47,033,"Tennessee","Crockett County",5,72,149,72,77
050,47,033,"Tennessee","Crockett County",5,73,141,70,71
050,47,033,"Tennessee","Crockett County",5,74,132,75,57
050,47,033,"Tennessee","Crockett County",5,75,126,62,64
050,47,033,"Tennessee","Crockett County",5,76,126,59,67
050,47,033,"Tennessee","Crockett County",5,77,90,36,54
050,47,033,"Tennessee","Crockett County",5,78,93,42,51
050,47,033,"Tennessee","Crockett County",5,79,82,28,54
050,47,033,"Tennessee","Crockett County",5,80,86,35,51
050,47,033,"Tennessee","Crockett County",5,81,82,33,49
050,47,033,"Tennessee","Crockett County",5,82,60,20,40
050,47,033,"Tennessee","Crockett County",5,83,43,15,28
050,47,033,"Tennessee","Crockett County",5,84,56,23,33
050,47,033,"Tennessee","Crockett County",5,85,312,113,199
050,47,035,"Tennessee","Cumberland County",1,0,552,280,272
050,47,035,"Tennessee","Cumberland County",1,1,540,262,278
050,47,035,"Tennessee","Cumberland County",1,2,529,266,263
050,47,035,"Tennessee","Cumberland County",1,3,533,289,244
050,47,035,"Tennessee","Cumberland County",1,4,560,295,265
050,47,035,"Tennessee","Cumberland County",1,5,567,287,280
050,47,035,"Tennessee","Cumberland County",1,6,570,291,279
050,47,035,"Tennessee","Cumberland County",1,7,607,299,308
050,47,035,"Tennessee","Cumberland County",1,8,586,298,288
050,47,035,"Tennessee","Cumberland County",1,9,621,308,313
050,47,035,"Tennessee","Cumberland County",1,10,634,317,317
050,47,035,"Tennessee","Cumberland County",1,11,613,306,307
050,47,035,"Tennessee","Cumberland County",1,12,617,330,287
050,47,035,"Tennessee","Cumberland County",1,13,619,333,286
050,47,035,"Tennessee","Cumberland County",1,14,617,331,286
050,47,035,"Tennessee","Cumberland County",1,15,631,331,300
050,47,035,"Tennessee","Cumberland County",1,16,631,317,314
050,47,035,"Tennessee","Cumberland County",1,17,613,316,297
050,47,035,"Tennessee","Cumberland County",1,18,503,266,237
050,47,035,"Tennessee","Cumberland County",1,19,412,221,191
050,47,035,"Tennessee","Cumberland County",1,20,466,230,236
050,47,035,"Tennessee","Cumberland County",1,21,515,268,247
050,47,035,"Tennessee","Cumberland County",1,22,527,270,257
050,47,035,"Tennessee","Cumberland County",1,23,519,278,241
050,47,035,"Tennessee","Cumberland County",1,24,578,312,266
050,47,035,"Tennessee","Cumberland County",1,25,582,325,257
050,47,035,"Tennessee","Cumberland County",1,26,572,296,276
050,47,035,"Tennessee","Cumberland County",1,27,607,309,298
050,47,035,"Tennessee","Cumberland County",1,28,626,309,317
050,47,035,"Tennessee","Cumberland County",1,29,651,335,316
050,47,035,"Tennessee","Cumberland County",1,30,625,306,319
050,47,035,"Tennessee","Cumberland County",1,31,586,289,297
050,47,035,"Tennessee","Cumberland County",1,32,573,282,291
050,47,035,"Tennessee","Cumberland County",1,33,552,277,275
050,47,035,"Tennessee","Cumberland County",1,34,552,259,293
050,47,035,"Tennessee","Cumberland County",1,35,569,264,305
050,47,035,"Tennessee","Cumberland County",1,36,551,267,284
050,47,035,"Tennessee","Cumberland County",1,37,532,265,267
050,47,035,"Tennessee","Cumberland County",1,38,572,293,279
050,47,035,"Tennessee","Cumberland County",1,39,573,279,294
050,47,035,"Tennessee","Cumberland County",1,40,546,250,296
050,47,035,"Tennessee","Cumberland County",1,41,532,264,268
050,47,035,"Tennessee","Cumberland County",1,42,545,260,285
050,47,035,"Tennessee","Cumberland County",1,43,545,260,285
050,47,035,"Tennessee","Cumberland County",1,44,549,266,283
050,47,035,"Tennessee","Cumberland County",1,45,563,259,304
050,47,035,"Tennessee","Cumberland County",1,46,576,278,298
050,47,035,"Tennessee","Cumberland County",1,47,621,301,320
050,47,035,"Tennessee","Cumberland County",1,48,653,322,331
050,47,035,"Tennessee","Cumberland County",1,49,741,396,345
050,47,035,"Tennessee","Cumberland County",1,50,735,396,339
050,47,035,"Tennessee","Cumberland County",1,51,693,335,358
050,47,035,"Tennessee","Cumberland County",1,52,657,311,346
050,47,035,"Tennessee","Cumberland County",1,53,687,335,352
050,47,035,"Tennessee","Cumberland County",1,54,770,380,390
050,47,035,"Tennessee","Cumberland County",1,55,817,409,408
050,47,035,"Tennessee","Cumberland County",1,56,899,435,464
050,47,035,"Tennessee","Cumberland County",1,57,865,392,473
050,47,035,"Tennessee","Cumberland County",1,58,925,436,489
050,47,035,"Tennessee","Cumberland County",1,59,935,426,509
050,47,035,"Tennessee","Cumberland County",1,60,1036,466,570
050,47,035,"Tennessee","Cumberland County",1,61,1015,464,551
050,47,035,"Tennessee","Cumberland County",1,62,1034,466,568
050,47,035,"Tennessee","Cumberland County",1,63,1055,480,575
050,47,035,"Tennessee","Cumberland County",1,64,1106,534,572
050,47,035,"Tennessee","Cumberland County",1,65,1149,544,605
050,47,035,"Tennessee","Cumberland County",1,66,1198,572,626
050,47,035,"Tennessee","Cumberland County",1,67,1177,546,631
050,47,035,"Tennessee","Cumberland County",1,68,1114,537,577
050,47,035,"Tennessee","Cumberland County",1,69,1083,516,567
050,47,035,"Tennessee","Cumberland County",1,70,1110,514,596
050,47,035,"Tennessee","Cumberland County",1,71,1156,552,604
050,47,035,"Tennessee","Cumberland County",1,72,1173,538,635
050,47,035,"Tennessee","Cumberland County",1,73,1207,591,616
050,47,035,"Tennessee","Cumberland County",1,74,850,424,426
050,47,035,"Tennessee","Cumberland County",1,75,857,436,421
050,47,035,"Tennessee","Cumberland County",1,76,890,456,434
050,47,035,"Tennessee","Cumberland County",1,77,836,419,417
050,47,035,"Tennessee","Cumberland County",1,78,725,365,360
050,47,035,"Tennessee","Cumberland County",1,79,686,346,340
050,47,035,"Tennessee","Cumberland County",1,80,606,299,307
050,47,035,"Tennessee","Cumberland County",1,81,521,252,269
050,47,035,"Tennessee","Cumberland County",1,82,409,205,204
050,47,035,"Tennessee","Cumberland County",1,83,373,182,191
050,47,035,"Tennessee","Cumberland County",1,84,379,190,189
050,47,035,"Tennessee","Cumberland County",1,85,1669,729,940
050,47,035,"Tennessee","Cumberland County",2,0,547,283,264
050,47,035,"Tennessee","Cumberland County",2,1,539,264,275
050,47,035,"Tennessee","Cumberland County",2,2,537,269,268
050,47,035,"Tennessee","Cumberland County",2,3,532,283,249
050,47,035,"Tennessee","Cumberland County",2,4,554,294,260
050,47,035,"Tennessee","Cumberland County",2,5,567,288,279
050,47,035,"Tennessee","Cumberland County",2,6,574,291,283
050,47,035,"Tennessee","Cumberland County",2,7,595,297,298
050,47,035,"Tennessee","Cumberland County",2,8,591,297,294
050,47,035,"Tennessee","Cumberland County",2,9,612,306,306
050,47,035,"Tennessee","Cumberland County",2,10,627,313,314
050,47,035,"Tennessee","Cumberland County",2,11,618,309,309
050,47,035,"Tennessee","Cumberland County",2,12,622,327,295
050,47,035,"Tennessee","Cumberland County",2,13,616,332,284
050,47,035,"Tennessee","Cumberland County",2,14,617,332,285
050,47,035,"Tennessee","Cumberland County",2,15,631,332,299
050,47,035,"Tennessee","Cumberland County",2,16,636,323,313
050,47,035,"Tennessee","Cumberland County",2,17,616,315,301
050,47,035,"Tennessee","Cumberland County",2,18,506,267,239
050,47,035,"Tennessee","Cumberland County",2,19,411,219,192
050,47,035,"Tennessee","Cumberland County",2,20,470,234,236
050,47,035,"Tennessee","Cumberland County",2,21,510,261,249
050,47,035,"Tennessee","Cumberland County",2,22,529,273,256
050,47,035,"Tennessee","Cumberland County",2,23,530,281,249
050,47,035,"Tennessee","Cumberland County",2,24,568,309,259
050,47,035,"Tennessee","Cumberland County",2,25,582,321,261
050,47,035,"Tennessee","Cumberland County",2,26,579,305,274
050,47,035,"Tennessee","Cumberland County",2,27,598,307,291
050,47,035,"Tennessee","Cumberland County",2,28,620,310,310
050,47,035,"Tennessee","Cumberland County",2,29,644,326,318
050,47,035,"Tennessee","Cumberland County",2,30,635,314,321
050,47,035,"Tennessee","Cumberland County",2,31,594,293,301
050,47,035,"Tennessee","Cumberland County",2,32,573,282,291
050,47,035,"Tennessee","Cumberland County",2,33,559,281,278
050,47,035,"Tennessee","Cumberland County",2,34,553,263,290
050,47,035,"Tennessee","Cumberland County",2,35,567,265,302
050,47,035,"Tennessee","Cumberland County",2,36,550,265,285
050,47,035,"Tennessee","Cumberland County",2,37,537,264,273
050,47,035,"Tennessee","Cumberland County",2,38,568,290,278
050,47,035,"Tennessee","Cumberland County",2,39,572,281,291
050,47,035,"Tennessee","Cumberland County",2,40,558,261,297
050,47,035,"Tennessee","Cumberland County",2,41,534,259,275
050,47,035,"Tennessee","Cumberland County",2,42,541,259,282
050,47,035,"Tennessee","Cumberland County",2,43,551,263,288
050,47,035,"Tennessee","Cumberland County",2,44,544,262,282
050,47,035,"Tennessee","Cumberland County",2,45,564,264,300
050,47,035,"Tennessee","Cumberland County",2,46,573,274,299
050,47,035,"Tennessee","Cumberland County",2,47,607,293,314
050,47,035,"Tennessee","Cumberland County",2,48,649,319,330
050,47,035,"Tennessee","Cumberland County",2,49,726,383,343
050,47,035,"Tennessee","Cumberland County",2,50,741,398,343
050,47,035,"Tennessee","Cumberland County",2,51,701,348,353
050,47,035,"Tennessee","Cumberland County",2,52,664,314,350
050,47,035,"Tennessee","Cumberland County",2,53,682,330,352
050,47,035,"Tennessee","Cumberland County",2,54,752,369,383
050,47,035,"Tennessee","Cumberland County",2,55,811,403,408
050,47,035,"Tennessee","Cumberland County",2,56,890,435,455
050,47,035,"Tennessee","Cumberland County",2,57,883,406,477
050,47,035,"Tennessee","Cumberland County",2,58,921,431,490
050,47,035,"Tennessee","Cumberland County",2,59,954,439,515
050,47,035,"Tennessee","Cumberland County",2,60,1020,462,558
050,47,035,"Tennessee","Cumberland County",2,61,1039,474,565
050,47,035,"Tennessee","Cumberland County",2,62,1039,467,572
050,47,035,"Tennessee","Cumberland County",2,63,1077,489,588
050,47,035,"Tennessee","Cumberland County",2,64,1108,529,579
050,47,035,"Tennessee","Cumberland County",2,65,1159,555,604
050,47,035,"Tennessee","Cumberland County",2,66,1213,578,635
050,47,035,"Tennessee","Cumberland County",2,67,1185,551,634
050,47,035,"Tennessee","Cumberland County",2,68,1137,543,594
050,47,035,"Tennessee","Cumberland County",2,69,1101,529,572
050,47,035,"Tennessee","Cumberland County",2,70,1109,518,591
050,47,035,"Tennessee","Cumberland County",2,71,1148,546,602
050,47,035,"Tennessee","Cumberland County",2,72,1153,534,619
050,47,035,"Tennessee","Cumberland County",2,73,1267,610,657
050,47,035,"Tennessee","Cumberland County",2,74,874,434,440
050,47,035,"Tennessee","Cumberland County",2,75,858,434,424
050,47,035,"Tennessee","Cumberland County",2,76,864,439,425
050,47,035,"Tennessee","Cumberland County",2,77,864,435,429
050,47,035,"Tennessee","Cumberland County",2,78,730,366,364
050,47,035,"Tennessee","Cumberland County",2,79,676,340,336
050,47,035,"Tennessee","Cumberland County",2,80,617,307,310
050,47,035,"Tennessee","Cumberland County",2,81,534,259,275
050,47,035,"Tennessee","Cumberland County",2,82,429,213,216
050,47,035,"Tennessee","Cumberland County",2,83,376,186,190
050,47,035,"Tennessee","Cumberland County",2,84,369,182,187
050,47,035,"Tennessee","Cumberland County",2,85,1701,744,957
050,47,035,"Tennessee","Cumberland County",3,0,478,243,235
050,47,035,"Tennessee","Cumberland County",3,1,546,282,264
050,47,035,"Tennessee","Cumberland County",3,2,537,263,274
050,47,035,"Tennessee","Cumberland County",3,3,561,282,279
050,47,035,"Tennessee","Cumberland County",3,4,553,296,257
050,47,035,"Tennessee","Cumberland County",3,5,563,299,264
050,47,035,"Tennessee","Cumberland County",3,6,590,297,293
050,47,035,"Tennessee","Cumberland County",3,7,580,293,287
050,47,035,"Tennessee","Cumberland County",3,8,621,313,308
050,47,035,"Tennessee","Cumberland County",3,9,619,315,304
050,47,035,"Tennessee","Cumberland County",3,10,618,313,305
050,47,035,"Tennessee","Cumberland County",3,11,638,322,316
050,47,035,"Tennessee","Cumberland County",3,12,633,317,316
050,47,035,"Tennessee","Cumberland County",3,13,613,319,294
050,47,035,"Tennessee","Cumberland County",3,14,629,340,289
050,47,035,"Tennessee","Cumberland County",3,15,628,332,296
050,47,035,"Tennessee","Cumberland County",3,16,644,335,309
050,47,035,"Tennessee","Cumberland County",3,17,641,330,311
050,47,035,"Tennessee","Cumberland County",3,18,533,285,248
050,47,035,"Tennessee","Cumberland County",3,19,426,222,204
050,47,035,"Tennessee","Cumberland County",3,20,458,240,218
050,47,035,"Tennessee","Cumberland County",3,21,507,254,253
050,47,035,"Tennessee","Cumberland County",3,22,545,272,273
050,47,035,"Tennessee","Cumberland County",3,23,575,310,265
050,47,035,"Tennessee","Cumberland County",3,24,550,297,253
050,47,035,"Tennessee","Cumberland County",3,25,575,309,266
050,47,035,"Tennessee","Cumberland County",3,26,599,330,269
050,47,035,"Tennessee","Cumberland County",3,27,586,305,281
050,47,035,"Tennessee","Cumberland County",3,28,614,317,297
050,47,035,"Tennessee","Cumberland County",3,29,633,317,316
050,47,035,"Tennessee","Cumberland County",3,30,624,318,306
050,47,035,"Tennessee","Cumberland County",3,31,637,311,326
050,47,035,"Tennessee","Cumberland County",3,32,607,293,314
050,47,035,"Tennessee","Cumberland County",3,33,575,288,287
050,47,035,"Tennessee","Cumberland County",3,34,556,271,285
050,47,035,"Tennessee","Cumberland County",3,35,540,258,282
050,47,035,"Tennessee","Cumberland County",3,36,578,279,299
050,47,035,"Tennessee","Cumberland County",3,37,544,261,283
050,47,035,"Tennessee","Cumberland County",3,38,555,273,282
050,47,035,"Tennessee","Cumberland County",3,39,581,294,287
050,47,035,"Tennessee","Cumberland County",3,40,559,269,290
050,47,035,"Tennessee","Cumberland County",3,41,577,266,311
050,47,035,"Tennessee","Cumberland County",3,42,543,257,286
050,47,035,"Tennessee","Cumberland County",3,43,548,267,281
050,47,035,"Tennessee","Cumberland County",3,44,566,273,293
050,47,035,"Tennessee","Cumberland County",3,45,572,278,294
050,47,035,"Tennessee","Cumberland County",3,46,579,273,306
050,47,035,"Tennessee","Cumberland County",3,47,591,277,314
050,47,035,"Tennessee","Cumberland County",3,48,636,308,328
050,47,035,"Tennessee","Cumberland County",3,49,656,324,332
050,47,035,"Tennessee","Cumberland County",3,50,743,389,354
050,47,035,"Tennessee","Cumberland County",3,51,753,407,346
050,47,035,"Tennessee","Cumberland County",3,52,729,361,368
050,47,035,"Tennessee","Cumberland County",3,53,670,317,353
050,47,035,"Tennessee","Cumberland County",3,54,703,341,362
050,47,035,"Tennessee","Cumberland County",3,55,797,385,412
050,47,035,"Tennessee","Cumberland County",3,56,846,420,426
050,47,035,"Tennessee","Cumberland County",3,57,936,472,464
050,47,035,"Tennessee","Cumberland County",3,58,935,419,516
050,47,035,"Tennessee","Cumberland County",3,59,958,442,516
050,47,035,"Tennessee","Cumberland County",3,60,1018,460,558
050,47,035,"Tennessee","Cumberland County",3,61,1106,513,593
050,47,035,"Tennessee","Cumberland County",3,62,1124,525,599
050,47,035,"Tennessee","Cumberland County",3,63,1100,498,602
050,47,035,"Tennessee","Cumberland County",3,64,1156,528,628
050,47,035,"Tennessee","Cumberland County",3,65,1160,553,607
050,47,035,"Tennessee","Cumberland County",3,66,1218,574,644
050,47,035,"Tennessee","Cumberland County",3,67,1266,602,664
050,47,035,"Tennessee","Cumberland County",3,68,1249,585,664
050,47,035,"Tennessee","Cumberland County",3,69,1156,550,606
050,47,035,"Tennessee","Cumberland County",3,70,1130,543,587
050,47,035,"Tennessee","Cumberland County",3,71,1123,522,601
050,47,035,"Tennessee","Cumberland County",3,72,1130,542,588
050,47,035,"Tennessee","Cumberland County",3,73,1121,519,602
050,47,035,"Tennessee","Cumberland County",3,74,1245,596,649
050,47,035,"Tennessee","Cumberland County",3,75,842,426,416
050,47,035,"Tennessee","Cumberland County",3,76,834,415,419
050,47,035,"Tennessee","Cumberland County",3,77,818,412,406
050,47,035,"Tennessee","Cumberland County",3,78,810,403,407
050,47,035,"Tennessee","Cumberland County",3,79,693,357,336
050,47,035,"Tennessee","Cumberland County",3,80,620,313,307
050,47,035,"Tennessee","Cumberland County",3,81,563,279,284
050,47,035,"Tennessee","Cumberland County",3,82,477,229,248
050,47,035,"Tennessee","Cumberland County",3,83,395,199,196
050,47,035,"Tennessee","Cumberland County",3,84,330,159,171
050,47,035,"Tennessee","Cumberland County",3,85,1720,754,966
050,47,035,"Tennessee","Cumberland County",4,0,516,259,257
050,47,035,"Tennessee","Cumberland County",4,1,483,240,243
050,47,035,"Tennessee","Cumberland County",4,2,578,305,273
050,47,035,"Tennessee","Cumberland County",4,3,551,265,286
050,47,035,"Tennessee","Cumberland County",4,4,575,294,281
050,47,035,"Tennessee","Cumberland County",4,5,548,293,255
050,47,035,"Tennessee","Cumberland County",4,6,581,307,274
050,47,035,"Tennessee","Cumberland County",4,7,597,310,287
050,47,035,"Tennessee","Cumberland County",4,8,606,318,288
050,47,035,"Tennessee","Cumberland County",4,9,646,320,326
050,47,035,"Tennessee","Cumberland County",4,10,632,326,306
050,47,035,"Tennessee","Cumberland County",4,11,625,311,314
050,47,035,"Tennessee","Cumberland County",4,12,642,325,317
050,47,035,"Tennessee","Cumberland County",4,13,641,317,324
050,47,035,"Tennessee","Cumberland County",4,14,631,332,299
050,47,035,"Tennessee","Cumberland County",4,15,624,339,285
050,47,035,"Tennessee","Cumberland County",4,16,642,337,305
050,47,035,"Tennessee","Cumberland County",4,17,664,347,317
050,47,035,"Tennessee","Cumberland County",4,18,542,293,249
050,47,035,"Tennessee","Cumberland County",4,19,427,231,196
050,47,035,"Tennessee","Cumberland County",4,20,443,223,220
050,47,035,"Tennessee","Cumberland County",4,21,497,267,230
050,47,035,"Tennessee","Cumberland County",4,22,546,264,282
050,47,035,"Tennessee","Cumberland County",4,23,602,309,293
050,47,035,"Tennessee","Cumberland County",4,24,597,322,275
050,47,035,"Tennessee","Cumberland County",4,25,582,320,262
050,47,035,"Tennessee","Cumberland County",4,26,592,306,286
050,47,035,"Tennessee","Cumberland County",4,27,611,335,276
050,47,035,"Tennessee","Cumberland County",4,28,583,303,280
050,47,035,"Tennessee","Cumberland County",4,29,631,308,323
050,47,035,"Tennessee","Cumberland County",4,30,642,321,321
050,47,035,"Tennessee","Cumberland County",4,31,659,331,328
050,47,035,"Tennessee","Cumberland County",4,32,656,322,334
050,47,035,"Tennessee","Cumberland County",4,33,614,297,317
050,47,035,"Tennessee","Cumberland County",4,34,595,292,303
050,47,035,"Tennessee","Cumberland County",4,35,572,271,301
050,47,035,"Tennessee","Cumberland County",4,36,585,287,298
050,47,035,"Tennessee","Cumberland County",4,37,572,281,291
050,47,035,"Tennessee","Cumberland County",4,38,562,277,285
050,47,035,"Tennessee","Cumberland County",4,39,573,279,294
050,47,035,"Tennessee","Cumberland County",4,40,605,312,293
050,47,035,"Tennessee","Cumberland County",4,41,590,284,306
050,47,035,"Tennessee","Cumberland County",4,42,589,267,322
050,47,035,"Tennessee","Cumberland County",4,43,565,274,291
050,47,035,"Tennessee","Cumberland County",4,44,555,272,283
050,47,035,"Tennessee","Cumberland County",4,45,566,270,296
050,47,035,"Tennessee","Cumberland County",4,46,578,281,297
050,47,035,"Tennessee","Cumberland County",4,47,593,281,312
050,47,035,"Tennessee","Cumberland County",4,48,618,297,321
050,47,035,"Tennessee","Cumberland County",4,49,635,302,333
050,47,035,"Tennessee","Cumberland County",4,50,661,324,337
050,47,035,"Tennessee","Cumberland County",4,51,776,412,364
050,47,035,"Tennessee","Cumberland County",4,52,771,415,356
050,47,035,"Tennessee","Cumberland County",4,53,743,369,374
050,47,035,"Tennessee","Cumberland County",4,54,704,334,370
050,47,035,"Tennessee","Cumberland County",4,55,735,356,379
050,47,035,"Tennessee","Cumberland County",4,56,856,414,442
050,47,035,"Tennessee","Cumberland County",4,57,886,436,450
050,47,035,"Tennessee","Cumberland County",4,58,974,479,495
050,47,035,"Tennessee","Cumberland County",4,59,962,435,527
050,47,035,"Tennessee","Cumberland County",4,60,995,459,536
050,47,035,"Tennessee","Cumberland County",4,61,1067,480,587
050,47,035,"Tennessee","Cumberland County",4,62,1167,539,628
050,47,035,"Tennessee","Cumberland County",4,63,1202,569,633
050,47,035,"Tennessee","Cumberland County",4,64,1171,542,629
050,47,035,"Tennessee","Cumberland County",4,65,1196,555,641
050,47,035,"Tennessee","Cumberland County",4,66,1243,597,646
050,47,035,"Tennessee","Cumberland County",4,67,1280,596,684
050,47,035,"Tennessee","Cumberland County",4,68,1301,627,674
050,47,035,"Tennessee","Cumberland County",4,69,1257,583,674
050,47,035,"Tennessee","Cumberland County",4,70,1183,567,616
050,47,035,"Tennessee","Cumberland County",4,71,1136,559,577
050,47,035,"Tennessee","Cumberland County",4,72,1126,516,610
050,47,035,"Tennessee","Cumberland County",4,73,1100,526,574
050,47,035,"Tennessee","Cumberland County",4,74,1102,515,587
050,47,035,"Tennessee","Cumberland County",4,75,1233,616,617
050,47,035,"Tennessee","Cumberland County",4,76,823,417,406
050,47,035,"Tennessee","Cumberland County",4,77,800,396,404
050,47,035,"Tennessee","Cumberland County",4,78,779,392,387
050,47,035,"Tennessee","Cumberland County",4,79,750,367,383
050,47,035,"Tennessee","Cumberland County",4,80,640,332,308
050,47,035,"Tennessee","Cumberland County",4,81,564,286,278
050,47,035,"Tennessee","Cumberland County",4,82,511,253,258
050,47,035,"Tennessee","Cumberland County",4,83,422,204,218
050,47,035,"Tennessee","Cumberland County",4,84,344,168,176
050,47,035,"Tennessee","Cumberland County",4,85,1663,754,909
050,47,035,"Tennessee","Cumberland County",5,0,526,266,260
050,47,035,"Tennessee","Cumberland County",5,1,531,284,247
050,47,035,"Tennessee","Cumberland County",5,2,516,263,253
050,47,035,"Tennessee","Cumberland County",5,3,576,310,266
050,47,035,"Tennessee","Cumberland County",5,4,579,277,302
050,47,035,"Tennessee","Cumberland County",5,5,604,310,294
050,47,035,"Tennessee","Cumberland County",5,6,574,312,262
050,47,035,"Tennessee","Cumberland County",5,7,578,310,268
050,47,035,"Tennessee","Cumberland County",5,8,613,313,300
050,47,035,"Tennessee","Cumberland County",5,9,637,327,310
050,47,035,"Tennessee","Cumberland County",5,10,655,335,320
050,47,035,"Tennessee","Cumberland County",5,11,654,330,324
050,47,035,"Tennessee","Cumberland County",5,12,632,314,318
050,47,035,"Tennessee","Cumberland County",5,13,650,323,327
050,47,035,"Tennessee","Cumberland County",5,14,658,324,334
050,47,035,"Tennessee","Cumberland County",5,15,640,338,302
050,47,035,"Tennessee","Cumberland County",5,16,636,353,283
050,47,035,"Tennessee","Cumberland County",5,17,667,347,320
050,47,035,"Tennessee","Cumberland County",5,18,560,305,255
050,47,035,"Tennessee","Cumberland County",5,19,428,233,195
050,47,035,"Tennessee","Cumberland County",5,20,476,249,227
050,47,035,"Tennessee","Cumberland County",5,21,487,247,240
050,47,035,"Tennessee","Cumberland County",5,22,550,274,276
050,47,035,"Tennessee","Cumberland County",5,23,570,277,293
050,47,035,"Tennessee","Cumberland County",5,24,637,321,316
050,47,035,"Tennessee","Cumberland County",5,25,635,343,292
050,47,035,"Tennessee","Cumberland County",5,26,580,323,257
050,47,035,"Tennessee","Cumberland County",5,27,626,325,301
050,47,035,"Tennessee","Cumberland County",5,28,628,346,282
050,47,035,"Tennessee","Cumberland County",5,29,594,302,292
050,47,035,"Tennessee","Cumberland County",5,30,662,325,337
050,47,035,"Tennessee","Cumberland County",5,31,660,333,327
050,47,035,"Tennessee","Cumberland County",5,32,685,342,343
050,47,035,"Tennessee","Cumberland County",5,33,679,340,339
050,47,035,"Tennessee","Cumberland County",5,34,623,297,326
050,47,035,"Tennessee","Cumberland County",5,35,597,291,306
050,47,035,"Tennessee","Cumberland County",5,36,587,284,303
050,47,035,"Tennessee","Cumberland County",5,37,615,298,317
050,47,035,"Tennessee","Cumberland County",5,38,601,301,300
050,47,035,"Tennessee","Cumberland County",5,39,595,289,306
050,47,035,"Tennessee","Cumberland County",5,40,592,297,295
050,47,035,"Tennessee","Cumberland County",5,41,618,317,301
050,47,035,"Tennessee","Cumberland County",5,42,613,294,319
050,47,035,"Tennessee","Cumberland County",5,43,614,275,339
050,47,035,"Tennessee","Cumberland County",5,44,579,286,293
050,47,035,"Tennessee","Cumberland County",5,45,581,286,295
050,47,035,"Tennessee","Cumberland County",5,46,574,277,297
050,47,035,"Tennessee","Cumberland County",5,47,580,275,305
050,47,035,"Tennessee","Cumberland County",5,48,605,283,322
050,47,035,"Tennessee","Cumberland County",5,49,624,299,325
050,47,035,"Tennessee","Cumberland County",5,50,642,303,339
050,47,035,"Tennessee","Cumberland County",5,51,673,332,341
050,47,035,"Tennessee","Cumberland County",5,52,787,422,365
050,47,035,"Tennessee","Cumberland County",5,53,794,420,374
050,47,035,"Tennessee","Cumberland County",5,54,780,389,391
050,47,035,"Tennessee","Cumberland County",5,55,733,350,383
050,47,035,"Tennessee","Cumberland County",5,56,785,382,403
050,47,035,"Tennessee","Cumberland County",5,57,883,422,461
050,47,035,"Tennessee","Cumberland County",5,58,927,453,474
050,47,035,"Tennessee","Cumberland County",5,59,1019,501,518
050,47,035,"Tennessee","Cumberland County",5,60,1021,461,560
050,47,035,"Tennessee","Cumberland County",5,61,1064,486,578
050,47,035,"Tennessee","Cumberland County",5,62,1138,517,621
050,47,035,"Tennessee","Cumberland County",5,63,1226,558,668
050,47,035,"Tennessee","Cumberland County",5,64,1267,615,652
050,47,035,"Tennessee","Cumberland County",5,65,1218,559,659
050,47,035,"Tennessee","Cumberland County",5,66,1252,593,659
050,47,035,"Tennessee","Cumberland County",5,67,1266,605,661
050,47,035,"Tennessee","Cumberland County",5,68,1309,611,698
050,47,035,"Tennessee","Cumberland County",5,69,1318,641,677
050,47,035,"Tennessee","Cumberland County",5,70,1271,597,674
050,47,035,"Tennessee","Cumberland County",5,71,1176,565,611
050,47,035,"Tennessee","Cumberland County",5,72,1134,551,583
050,47,035,"Tennessee","Cumberland County",5,73,1102,503,599
050,47,035,"Tennessee","Cumberland County",5,74,1071,506,565
050,47,035,"Tennessee","Cumberland County",5,75,1087,515,572
050,47,035,"Tennessee","Cumberland County",5,76,1198,596,602
050,47,035,"Tennessee","Cumberland County",5,77,782,407,375
050,47,035,"Tennessee","Cumberland County",5,78,765,386,379
050,47,035,"Tennessee","Cumberland County",5,79,742,375,367
050,47,035,"Tennessee","Cumberland County",5,80,712,345,367
050,47,035,"Tennessee","Cumberland County",5,81,590,312,278
050,47,035,"Tennessee","Cumberland County",5,82,519,260,259
050,47,035,"Tennessee","Cumberland County",5,83,472,238,234
050,47,035,"Tennessee","Cumberland County",5,84,385,183,202
050,47,035,"Tennessee","Cumberland County",5,85,1671,772,899
050,47,037,"Tennessee","Davidson County",1,0,10489,5339,5150
050,47,037,"Tennessee","Davidson County",1,1,9852,4949,4903
050,47,037,"Tennessee","Davidson County",1,2,9490,4775,4715
050,47,037,"Tennessee","Davidson County",1,3,9124,4549,4575
050,47,037,"Tennessee","Davidson County",1,4,8969,4490,4479
050,47,037,"Tennessee","Davidson County",1,5,8712,4479,4233
050,47,037,"Tennessee","Davidson County",1,6,8262,4228,4034
050,47,037,"Tennessee","Davidson County",1,7,8074,4099,3975
050,47,037,"Tennessee","Davidson County",1,8,7947,4035,3912
050,47,037,"Tennessee","Davidson County",1,9,8002,4024,3978
050,47,037,"Tennessee","Davidson County",1,10,8112,4058,4054
050,47,037,"Tennessee","Davidson County",1,11,8295,4181,4114
050,47,037,"Tennessee","Davidson County",1,12,8425,4334,4091
050,47,037,"Tennessee","Davidson County",1,13,8199,4217,3982
050,47,037,"Tennessee","Davidson County",1,14,7879,4004,3875
050,47,037,"Tennessee","Davidson County",1,15,7572,3825,3747
050,47,037,"Tennessee","Davidson County",1,16,7404,3700,3704
050,47,037,"Tennessee","Davidson County",1,17,7263,3696,3567
050,47,037,"Tennessee","Davidson County",1,18,8492,4236,4256
050,47,037,"Tennessee","Davidson County",1,19,10312,5141,5171
050,47,037,"Tennessee","Davidson County",1,20,9605,4770,4835
050,47,037,"Tennessee","Davidson County",1,21,9236,4403,4833
050,47,037,"Tennessee","Davidson County",1,22,9102,4291,4811
050,47,037,"Tennessee","Davidson County",1,23,10322,4687,5635
050,47,037,"Tennessee","Davidson County",1,24,12057,5549,6508
050,47,037,"Tennessee","Davidson County",1,25,13400,6107,7293
050,47,037,"Tennessee","Davidson County",1,26,14594,6897,7697
050,47,037,"Tennessee","Davidson County",1,27,15110,7150,7960
050,47,037,"Tennessee","Davidson County",1,28,15657,7540,8117
050,47,037,"Tennessee","Davidson County",1,29,15619,7565,8054
050,47,037,"Tennessee","Davidson County",1,30,15341,7562,7779
050,47,037,"Tennessee","Davidson County",1,31,14761,7231,7530
050,47,037,"Tennessee","Davidson County",1,32,14128,6929,7199
050,47,037,"Tennessee","Davidson County",1,33,13428,6710,6718
050,47,037,"Tennessee","Davidson County",1,34,13003,6576,6427
050,47,037,"Tennessee","Davidson County",1,35,12159,6125,6034
050,47,037,"Tennessee","Davidson County",1,36,11542,5779,5763
050,47,037,"Tennessee","Davidson County",1,37,11298,5685,5613
050,47,037,"Tennessee","Davidson County",1,38,10753,5383,5370
050,47,037,"Tennessee","Davidson County",1,39,10185,5173,5012
050,47,037,"Tennessee","Davidson County",1,40,10023,5075,4948
050,47,037,"Tennessee","Davidson County",1,41,9386,4745,4641
050,47,037,"Tennessee","Davidson County",1,42,8903,4426,4477
050,47,037,"Tennessee","Davidson County",1,43,8588,4249,4339
050,47,037,"Tennessee","Davidson County",1,44,8283,4203,4080
050,47,037,"Tennessee","Davidson County",1,45,8309,4283,4026
050,47,037,"Tennessee","Davidson County",1,46,7908,4011,3897
050,47,037,"Tennessee","Davidson County",1,47,8103,4059,4044
050,47,037,"Tennessee","Davidson County",1,48,8474,4261,4213
050,47,037,"Tennessee","Davidson County",1,49,8792,4374,4418
050,47,037,"Tennessee","Davidson County",1,50,8313,4132,4181
050,47,037,"Tennessee","Davidson County",1,51,7970,3947,4023
050,47,037,"Tennessee","Davidson County",1,52,7658,3847,3811
050,47,037,"Tennessee","Davidson County",1,53,7535,3766,3769
050,47,037,"Tennessee","Davidson County",1,54,7791,3882,3909
050,47,037,"Tennessee","Davidson County",1,55,8239,4104,4135
050,47,037,"Tennessee","Davidson County",1,56,8457,4127,4330
050,47,037,"Tennessee","Davidson County",1,57,8297,3988,4309
050,47,037,"Tennessee","Davidson County",1,58,8286,3942,4344
050,47,037,"Tennessee","Davidson County",1,59,8192,3803,4389
050,47,037,"Tennessee","Davidson County",1,60,8168,3808,4360
050,47,037,"Tennessee","Davidson County",1,61,7857,3642,4215
050,47,037,"Tennessee","Davidson County",1,62,7810,3698,4112
050,47,037,"Tennessee","Davidson County",1,63,7557,3498,4059
050,47,037,"Tennessee","Davidson County",1,64,7416,3436,3980
050,47,037,"Tennessee","Davidson County",1,65,6954,3234,3720
050,47,037,"Tennessee","Davidson County",1,66,6701,3090,3611
050,47,037,"Tennessee","Davidson County",1,67,6290,2890,3400
050,47,037,"Tennessee","Davidson County",1,68,6006,2746,3260
050,47,037,"Tennessee","Davidson County",1,69,5673,2578,3095
050,47,037,"Tennessee","Davidson County",1,70,5316,2409,2907
050,47,037,"Tennessee","Davidson County",1,71,5029,2252,2777
050,47,037,"Tennessee","Davidson County",1,72,4934,2254,2680
050,47,037,"Tennessee","Davidson County",1,73,4864,2205,2659
050,47,037,"Tennessee","Davidson County",1,74,3298,1461,1837
050,47,037,"Tennessee","Davidson County",1,75,3224,1367,1857
050,47,037,"Tennessee","Davidson County",1,76,3063,1312,1751
050,47,037,"Tennessee","Davidson County",1,77,2949,1280,1669
050,47,037,"Tennessee","Davidson County",1,78,2617,1135,1482
050,47,037,"Tennessee","Davidson County",1,79,2321,962,1359
050,47,037,"Tennessee","Davidson County",1,80,2120,849,1271
050,47,037,"Tennessee","Davidson County",1,81,2011,786,1225
050,47,037,"Tennessee","Davidson County",1,82,1834,686,1148
050,47,037,"Tennessee","Davidson County",1,83,1569,589,980
050,47,037,"Tennessee","Davidson County",1,84,1579,582,997
050,47,037,"Tennessee","Davidson County",1,85,9037,2906,6131
050,47,037,"Tennessee","Davidson County",2,0,10110,5142,4968
050,47,037,"Tennessee","Davidson County",2,1,9853,4966,4887
050,47,037,"Tennessee","Davidson County",2,2,9477,4762,4715
050,47,037,"Tennessee","Davidson County",2,3,9095,4545,4550
050,47,037,"Tennessee","Davidson County",2,4,8931,4466,4465
050,47,037,"Tennessee","Davidson County",2,5,8694,4449,4245
050,47,037,"Tennessee","Davidson County",2,6,8291,4255,4036
050,47,037,"Tennessee","Davidson County",2,7,8045,4086,3959
050,47,037,"Tennessee","Davidson County",2,8,7899,4006,3893
050,47,037,"Tennessee","Davidson County",2,9,7913,3991,3922
050,47,037,"Tennessee","Davidson County",2,10,8029,4018,4011
050,47,037,"Tennessee","Davidson County",2,11,8152,4101,4051
050,47,037,"Tennessee","Davidson County",2,12,8364,4282,4082
050,47,037,"Tennessee","Davidson County",2,13,8202,4218,3984
050,47,037,"Tennessee","Davidson County",2,14,7892,4019,3873
050,47,037,"Tennessee","Davidson County",2,15,7610,3847,3763
050,47,037,"Tennessee","Davidson County",2,16,7405,3710,3695
050,47,037,"Tennessee","Davidson County",2,17,7276,3685,3591
050,47,037,"Tennessee","Davidson County",2,18,8468,4224,4244
050,47,037,"Tennessee","Davidson County",2,19,10332,5142,5190
050,47,037,"Tennessee","Davidson County",2,20,9706,4811,4895
050,47,037,"Tennessee","Davidson County",2,21,9344,4461,4883
050,47,037,"Tennessee","Davidson County",2,22,9350,4382,4968
050,47,037,"Tennessee","Davidson County",2,23,10281,4699,5582
050,47,037,"Tennessee","Davidson County",2,24,11944,5475,6469
050,47,037,"Tennessee","Davidson County",2,25,13358,6135,7223
050,47,037,"Tennessee","Davidson County",2,26,14500,6813,7687
050,47,037,"Tennessee","Davidson County",2,27,15028,7137,7891
050,47,037,"Tennessee","Davidson County",2,28,15573,7505,8068
050,47,037,"Tennessee","Davidson County",2,29,15606,7555,8051
050,47,037,"Tennessee","Davidson County",2,30,15429,7594,7835
050,47,037,"Tennessee","Davidson County",2,31,14790,7253,7537
050,47,037,"Tennessee","Davidson County",2,32,14156,6953,7203
050,47,037,"Tennessee","Davidson County",2,33,13507,6743,6764
050,47,037,"Tennessee","Davidson County",2,34,13015,6564,6451
050,47,037,"Tennessee","Davidson County",2,35,12334,6220,6114
050,47,037,"Tennessee","Davidson County",2,36,11525,5779,5746
050,47,037,"Tennessee","Davidson County",2,37,11276,5656,5620
050,47,037,"Tennessee","Davidson County",2,38,10863,5442,5421
050,47,037,"Tennessee","Davidson County",2,39,10234,5181,5053
050,47,037,"Tennessee","Davidson County",2,40,10082,5115,4967
050,47,037,"Tennessee","Davidson County",2,41,9420,4761,4659
050,47,037,"Tennessee","Davidson County",2,42,8912,4452,4460
050,47,037,"Tennessee","Davidson County",2,43,8676,4297,4379
050,47,037,"Tennessee","Davidson County",2,44,8257,4164,4093
050,47,037,"Tennessee","Davidson County",2,45,8309,4255,4054
050,47,037,"Tennessee","Davidson County",2,46,7954,4036,3918
050,47,037,"Tennessee","Davidson County",2,47,8037,4038,3999
050,47,037,"Tennessee","Davidson County",2,48,8372,4204,4168
050,47,037,"Tennessee","Davidson County",2,49,8744,4361,4383
050,47,037,"Tennessee","Davidson County",2,50,8417,4175,4242
050,47,037,"Tennessee","Davidson County",2,51,8000,3959,4041
050,47,037,"Tennessee","Davidson County",2,52,7710,3846,3864
050,47,037,"Tennessee","Davidson County",2,53,7545,3781,3764
050,47,037,"Tennessee","Davidson County",2,54,7699,3837,3862
050,47,037,"Tennessee","Davidson County",2,55,8128,4045,4083
050,47,037,"Tennessee","Davidson County",2,56,8403,4118,4285
050,47,037,"Tennessee","Davidson County",2,57,8328,4013,4315
050,47,037,"Tennessee","Davidson County",2,58,8269,3938,4331
050,47,037,"Tennessee","Davidson County",2,59,8226,3844,4382
050,47,037,"Tennessee","Davidson County",2,60,8132,3788,4344
050,47,037,"Tennessee","Davidson County",2,61,7893,3656,4237
050,47,037,"Tennessee","Davidson County",2,62,7764,3651,4113
050,47,037,"Tennessee","Davidson County",2,63,7626,3544,4082
050,47,037,"Tennessee","Davidson County",2,64,7368,3401,3967
050,47,037,"Tennessee","Davidson County",2,65,7002,3247,3755
050,47,037,"Tennessee","Davidson County",2,66,6713,3096,3617
050,47,037,"Tennessee","Davidson County",2,67,6324,2899,3425
050,47,037,"Tennessee","Davidson County",2,68,5987,2741,3246
050,47,037,"Tennessee","Davidson County",2,69,5736,2613,3123
050,47,037,"Tennessee","Davidson County",2,70,5360,2423,2937
050,47,037,"Tennessee","Davidson County",2,71,5063,2268,2795
050,47,037,"Tennessee","Davidson County",2,72,4853,2206,2647
050,47,037,"Tennessee","Davidson County",2,73,5057,2290,2767
050,47,037,"Tennessee","Davidson County",2,74,3438,1537,1901
050,47,037,"Tennessee","Davidson County",2,75,3234,1383,1851
050,47,037,"Tennessee","Davidson County",2,76,3039,1299,1740
050,47,037,"Tennessee","Davidson County",2,77,3008,1299,1709
050,47,037,"Tennessee","Davidson County",2,78,2615,1129,1486
050,47,037,"Tennessee","Davidson County",2,79,2352,983,1369
050,47,037,"Tennessee","Davidson County",2,80,2132,855,1277
050,47,037,"Tennessee","Davidson County",2,81,1989,778,1211
050,47,037,"Tennessee","Davidson County",2,82,1854,697,1157
050,47,037,"Tennessee","Davidson County",2,83,1604,601,1003
050,47,037,"Tennessee","Davidson County",2,84,1532,568,964
050,47,037,"Tennessee","Davidson County",2,85,9039,2916,6123
050,47,037,"Tennessee","Davidson County",3,0,9659,4931,4728
050,47,037,"Tennessee","Davidson County",3,1,9224,4708,4516
050,47,037,"Tennessee","Davidson County",3,2,9142,4611,4531
050,47,037,"Tennessee","Davidson County",3,3,8940,4508,4432
050,47,037,"Tennessee","Davidson County",3,4,8585,4297,4288
050,47,037,"Tennessee","Davidson County",3,5,8435,4223,4212
050,47,037,"Tennessee","Davidson County",3,6,8235,4221,4014
050,47,037,"Tennessee","Davidson County",3,7,7864,3988,3876
050,47,037,"Tennessee","Davidson County",3,8,7647,3878,3769
050,47,037,"Tennessee","Davidson County",3,9,7506,3802,3704
050,47,037,"Tennessee","Davidson County",3,10,7561,3809,3752
050,47,037,"Tennessee","Davidson County",3,11,7700,3885,3815
050,47,037,"Tennessee","Davidson County",3,12,7717,3876,3841
050,47,037,"Tennessee","Davidson County",3,13,8079,4109,3970
050,47,037,"Tennessee","Davidson County",3,14,7953,4095,3858
050,47,037,"Tennessee","Davidson County",3,15,7649,3877,3772
050,47,037,"Tennessee","Davidson County",3,16,7348,3704,3644
050,47,037,"Tennessee","Davidson County",3,17,7234,3638,3596
050,47,037,"Tennessee","Davidson County",3,18,7872,3955,3917
050,47,037,"Tennessee","Davidson County",3,19,9232,4594,4638
050,47,037,"Tennessee","Davidson County",3,20,8867,4397,4470
050,47,037,"Tennessee","Davidson County",3,21,8679,4204,4475
050,47,037,"Tennessee","Davidson County",3,22,8772,4081,4691
050,47,037,"Tennessee","Davidson County",3,23,10160,4541,5619
050,47,037,"Tennessee","Davidson County",3,24,11525,5165,6360
050,47,037,"Tennessee","Davidson County",3,25,12844,5858,6986
050,47,037,"Tennessee","Davidson County",3,26,13727,6382,7345
050,47,037,"Tennessee","Davidson County",3,27,14502,6945,7557
050,47,037,"Tennessee","Davidson County",3,28,14908,7111,7797
050,47,037,"Tennessee","Davidson County",3,29,14998,7235,7763
050,47,037,"Tennessee","Davidson County",3,30,15038,7279,7759
050,47,037,"Tennessee","Davidson County",3,31,14758,7299,7459
050,47,037,"Tennessee","Davidson County",3,32,14086,6912,7174
050,47,037,"Tennessee","Davidson County",3,33,13553,6682,6871
050,47,037,"Tennessee","Davidson County",3,34,12951,6504,6447
050,47,037,"Tennessee","Davidson County",3,35,12366,6269,6097
050,47,037,"Tennessee","Davidson County",3,36,11556,5800,5756
050,47,037,"Tennessee","Davidson County",3,37,10910,5428,5482
050,47,037,"Tennessee","Davidson County",3,38,10807,5445,5362
050,47,037,"Tennessee","Davidson County",3,39,10419,5252,5167
050,47,037,"Tennessee","Davidson County",3,40,9778,4945,4833
050,47,037,"Tennessee","Davidson County",3,41,9565,4772,4793
050,47,037,"Tennessee","Davidson County",3,42,8964,4475,4489
050,47,037,"Tennessee","Davidson County",3,43,8637,4307,4330
050,47,037,"Tennessee","Davidson County",3,44,8298,4095,4203
050,47,037,"Tennessee","Davidson County",3,45,8001,4029,3972
050,47,037,"Tennessee","Davidson County",3,46,7986,4080,3906
050,47,037,"Tennessee","Davidson County",3,47,7759,3933,3826
050,47,037,"Tennessee","Davidson County",3,48,7750,3868,3882
050,47,037,"Tennessee","Davidson County",3,49,8123,4076,4047
050,47,037,"Tennessee","Davidson County",3,50,8482,4222,4260
050,47,037,"Tennessee","Davidson County",3,51,8162,4015,4147
050,47,037,"Tennessee","Davidson County",3,52,7738,3799,3939
050,47,037,"Tennessee","Davidson County",3,53,7582,3795,3787
050,47,037,"Tennessee","Davidson County",3,54,7316,3650,3666
050,47,037,"Tennessee","Davidson County",3,55,7500,3717,3783
050,47,037,"Tennessee","Davidson County",3,56,7863,3884,3979
050,47,037,"Tennessee","Davidson County",3,57,8179,3992,4187
050,47,037,"Tennessee","Davidson County",3,58,8112,3900,4212
050,47,037,"Tennessee","Davidson County",3,59,7933,3781,4152
050,47,037,"Tennessee","Davidson County",3,60,7972,3720,4252
050,47,037,"Tennessee","Davidson County",3,61,7784,3591,4193
050,47,037,"Tennessee","Davidson County",3,62,7648,3531,4117
050,47,037,"Tennessee","Davidson County",3,63,7453,3500,3953
050,47,037,"Tennessee","Davidson County",3,64,7314,3351,3963
050,47,037,"Tennessee","Davidson County",3,65,7070,3251,3819
050,47,037,"Tennessee","Davidson County",3,66,6765,3130,3635
050,47,037,"Tennessee","Davidson County",3,67,6465,2956,3509
050,47,037,"Tennessee","Davidson County",3,68,6092,2763,3329
050,47,037,"Tennessee","Davidson County",3,69,5809,2627,3182
050,47,037,"Tennessee","Davidson County",3,70,5545,2499,3046
050,47,037,"Tennessee","Davidson County",3,71,5196,2311,2885
050,47,037,"Tennessee","Davidson County",3,72,4862,2182,2680
050,47,037,"Tennessee","Davidson County",3,73,4642,2088,2554
050,47,037,"Tennessee","Davidson County",3,74,4894,2217,2677
050,47,037,"Tennessee","Davidson County",3,75,3296,1447,1849
050,47,037,"Tennessee","Davidson County",3,76,3112,1334,1778
050,47,037,"Tennessee","Davidson County",3,77,2849,1192,1657
050,47,037,"Tennessee","Davidson County",3,78,2857,1223,1634
050,47,037,"Tennessee","Davidson County",3,79,2482,1060,1422
050,47,037,"Tennessee","Davidson County",3,80,2228,923,1305
050,47,037,"Tennessee","Davidson County",3,81,1982,786,1196
050,47,037,"Tennessee","Davidson County",3,82,1830,698,1132
050,47,037,"Tennessee","Davidson County",3,83,1700,632,1068
050,47,037,"Tennessee","Davidson County",3,84,1450,537,913
050,47,037,"Tennessee","Davidson County",3,85,8827,2878,5949
050,47,037,"Tennessee","Davidson County",4,0,10107,5101,5006
050,47,037,"Tennessee","Davidson County",4,1,9171,4634,4537
050,47,037,"Tennessee","Davidson County",4,2,8911,4499,4412
050,47,037,"Tennessee","Davidson County",4,3,8818,4408,4410
050,47,037,"Tennessee","Davidson County",4,4,8639,4344,4295
050,47,037,"Tennessee","Davidson County",4,5,8370,4237,4133
050,47,037,"Tennessee","Davidson County",4,6,8147,4054,4093
050,47,037,"Tennessee","Davidson County",4,7,8048,4101,3947
050,47,037,"Tennessee","Davidson County",4,8,7633,3881,3752
050,47,037,"Tennessee","Davidson County",4,9,7422,3785,3637
050,47,037,"Tennessee","Davidson County",4,10,7303,3643,3660
050,47,037,"Tennessee","Davidson County",4,11,7354,3718,3636
050,47,037,"Tennessee","Davidson County",4,12,7476,3756,3720
050,47,037,"Tennessee","Davidson County",4,13,7583,3804,3779
050,47,037,"Tennessee","Davidson County",4,14,7963,4043,3920
050,47,037,"Tennessee","Davidson County",4,15,7784,3988,3796
050,47,037,"Tennessee","Davidson County",4,16,7474,3782,3692
050,47,037,"Tennessee","Davidson County",4,17,7348,3677,3671
050,47,037,"Tennessee","Davidson County",4,18,8228,4068,4160
050,47,037,"Tennessee","Davidson County",4,19,9757,4870,4887
050,47,037,"Tennessee","Davidson County",4,20,9428,4658,4770
050,47,037,"Tennessee","Davidson County",4,21,9223,4410,4813
050,47,037,"Tennessee","Davidson County",4,22,9267,4418,4849
050,47,037,"Tennessee","Davidson County",4,23,10511,4620,5891
050,47,037,"Tennessee","Davidson County",4,24,12301,5479,6822
050,47,037,"Tennessee","Davidson County",4,25,12980,5855,7125
050,47,037,"Tennessee","Davidson County",4,26,14001,6549,7452
050,47,037,"Tennessee","Davidson County",4,27,14432,6773,7659
050,47,037,"Tennessee","Davidson County",4,28,15007,7204,7803
050,47,037,"Tennessee","Davidson County",4,29,15058,7171,7887
050,47,037,"Tennessee","Davidson County",4,30,15021,7307,7714
050,47,037,"Tennessee","Davidson County",4,31,14951,7285,7666
050,47,037,"Tennessee","Davidson County",4,32,14382,7147,7235
050,47,037,"Tennessee","Davidson County",4,33,13800,6850,6950
050,47,037,"Tennessee","Davidson County",4,34,13262,6554,6708
050,47,037,"Tennessee","Davidson County",4,35,12612,6360,6252
050,47,037,"Tennessee","Davidson County",4,36,11947,6035,5912
050,47,037,"Tennessee","Davidson County",4,37,11247,5676,5571
050,47,037,"Tennessee","Davidson County",4,38,10581,5297,5284
050,47,037,"Tennessee","Davidson County",4,39,10570,5315,5255
050,47,037,"Tennessee","Davidson County",4,40,10212,5114,5098
050,47,037,"Tennessee","Davidson County",4,41,9466,4800,4666
050,47,037,"Tennessee","Davidson County",4,42,9334,4623,4711
050,47,037,"Tennessee","Davidson County",4,43,8740,4339,4401
050,47,037,"Tennessee","Davidson County",4,44,8476,4215,4261
050,47,037,"Tennessee","Davidson County",4,45,8190,4040,4150
050,47,037,"Tennessee","Davidson County",4,46,7859,3935,3924
050,47,037,"Tennessee","Davidson County",4,47,7918,4052,3866
050,47,037,"Tennessee","Davidson County",4,48,7619,3860,3759
050,47,037,"Tennessee","Davidson County",4,49,7640,3817,3823
050,47,037,"Tennessee","Davidson County",4,50,7962,3998,3964
050,47,037,"Tennessee","Davidson County",4,51,8361,4110,4251
050,47,037,"Tennessee","Davidson County",4,52,8066,3936,4130
050,47,037,"Tennessee","Davidson County",4,53,7668,3784,3884
050,47,037,"Tennessee","Davidson County",4,54,7499,3706,3793
050,47,037,"Tennessee","Davidson County",4,55,7159,3566,3593
050,47,037,"Tennessee","Davidson County",4,56,7330,3624,3706
050,47,037,"Tennessee","Davidson County",4,57,7775,3819,3956
050,47,037,"Tennessee","Davidson County",4,58,8042,3911,4131
050,47,037,"Tennessee","Davidson County",4,59,7892,3810,4082
050,47,037,"Tennessee","Davidson County",4,60,7809,3715,4094
050,47,037,"Tennessee","Davidson County",4,61,7729,3597,4132
050,47,037,"Tennessee","Davidson County",4,62,7597,3505,4092
050,47,037,"Tennessee","Davidson County",4,63,7392,3387,4005
050,47,037,"Tennessee","Davidson County",4,64,7290,3379,3911
050,47,037,"Tennessee","Davidson County",4,65,7029,3196,3833
050,47,037,"Tennessee","Davidson County",4,66,6811,3125,3686
050,47,037,"Tennessee","Davidson County",4,67,6593,3026,3567
050,47,037,"Tennessee","Davidson County",4,68,6229,2844,3385
050,47,037,"Tennessee","Davidson County",4,69,5923,2672,3251
050,47,037,"Tennessee","Davidson County",4,70,5572,2502,3070
050,47,037,"Tennessee","Davidson County",4,71,5366,2394,2972
050,47,037,"Tennessee","Davidson County",4,72,4990,2220,2770
050,47,037,"Tennessee","Davidson County",4,73,4697,2071,2626
050,47,037,"Tennessee","Davidson County",4,74,4464,1992,2472
050,47,037,"Tennessee","Davidson County",4,75,4641,2064,2577
050,47,037,"Tennessee","Davidson County",4,76,3147,1375,1772
050,47,037,"Tennessee","Davidson County",4,77,2974,1253,1721
050,47,037,"Tennessee","Davidson County",4,78,2746,1156,1590
050,47,037,"Tennessee","Davidson County",4,79,2721,1136,1585
050,47,037,"Tennessee","Davidson County",4,80,2346,994,1352
050,47,037,"Tennessee","Davidson County",4,81,2029,836,1193
050,47,037,"Tennessee","Davidson County",4,82,1847,712,1135
050,47,037,"Tennessee","Davidson County",4,83,1697,638,1059
050,47,037,"Tennessee","Davidson County",4,84,1579,584,995
050,47,037,"Tennessee","Davidson County",4,85,8808,2879,5929
050,47,037,"Tennessee","Davidson County",5,0,10179,5140,5039
050,47,037,"Tennessee","Davidson County",5,1,9706,4907,4799
050,47,037,"Tennessee","Davidson County",5,2,8689,4382,4307
050,47,037,"Tennessee","Davidson County",5,3,8639,4347,4292
050,47,037,"Tennessee","Davidson County",5,4,8447,4250,4197
050,47,037,"Tennessee","Davidson County",5,5,8353,4200,4153
050,47,037,"Tennessee","Davidson County",5,6,8113,4068,4045
050,47,037,"Tennessee","Davidson County",5,7,7973,3952,4021
050,47,037,"Tennessee","Davidson County",5,8,7928,4014,3914
050,47,037,"Tennessee","Davidson County",5,9,7513,3826,3687
050,47,037,"Tennessee","Davidson County",5,10,7382,3726,3656
050,47,037,"Tennessee","Davidson County",5,11,7128,3549,3579
050,47,037,"Tennessee","Davidson County",5,12,7210,3646,3564
050,47,037,"Tennessee","Davidson County",5,13,7378,3688,3690
050,47,037,"Tennessee","Davidson County",5,14,7540,3765,3775
050,47,037,"Tennessee","Davidson County",5,15,7903,4023,3880
050,47,037,"Tennessee","Davidson County",5,16,7719,3974,3745
050,47,037,"Tennessee","Davidson County",5,17,7537,3811,3726
050,47,037,"Tennessee","Davidson County",5,18,8317,4131,4186
050,47,037,"Tennessee","Davidson County",5,19,9956,4948,5008
050,47,037,"Tennessee","Davidson County",5,20,9362,4674,4688
050,47,037,"Tennessee","Davidson County",5,21,9298,4477,4821
050,47,037,"Tennessee","Davidson County",5,22,9264,4428,4836
050,47,037,"Tennessee","Davidson County",5,23,10938,5060,5878
050,47,037,"Tennessee","Davidson County",5,24,12562,5600,6962
050,47,037,"Tennessee","Davidson County",5,25,13592,6243,7349
050,47,037,"Tennessee","Davidson County",5,26,14080,6547,7533
050,47,037,"Tennessee","Davidson County",5,27,14451,6865,7586
050,47,037,"Tennessee","Davidson County",5,28,14784,7022,7762
050,47,037,"Tennessee","Davidson County",5,29,15086,7194,7892
050,47,037,"Tennessee","Davidson County",5,30,14899,7191,7708
050,47,037,"Tennessee","Davidson County",5,31,14783,7244,7539
050,47,037,"Tennessee","Davidson County",5,32,14647,7205,7442
050,47,037,"Tennessee","Davidson County",5,33,14144,7028,7116
050,47,037,"Tennessee","Davidson County",5,34,13300,6586,6714
050,47,037,"Tennessee","Davidson County",5,35,12920,6470,6450
050,47,037,"Tennessee","Davidson County",5,36,12181,6149,6032
050,47,037,"Tennessee","Davidson County",5,37,11621,5830,5791
050,47,037,"Tennessee","Davidson County",5,38,10929,5472,5457
050,47,037,"Tennessee","Davidson County",5,39,10366,5159,5207
050,47,037,"Tennessee","Davidson County",5,40,10344,5188,5156
050,47,037,"Tennessee","Davidson County",5,41,9925,4976,4949
050,47,037,"Tennessee","Davidson County",5,42,9242,4652,4590
050,47,037,"Tennessee","Davidson County",5,43,9169,4528,4641
050,47,037,"Tennessee","Davidson County",5,44,8578,4264,4314
050,47,037,"Tennessee","Davidson County",5,45,8386,4092,4294
050,47,037,"Tennessee","Davidson County",5,46,7998,3902,4096
050,47,037,"Tennessee","Davidson County",5,47,7747,3894,3853
050,47,037,"Tennessee","Davidson County",5,48,7774,3982,3792
050,47,037,"Tennessee","Davidson County",5,49,7516,3833,3683
050,47,037,"Tennessee","Davidson County",5,50,7469,3720,3749
050,47,037,"Tennessee","Davidson County",5,51,7857,3942,3915
050,47,037,"Tennessee","Davidson County",5,52,8272,4027,4245
050,47,037,"Tennessee","Davidson County",5,53,8004,3904,4100
050,47,037,"Tennessee","Davidson County",5,54,7602,3756,3846
050,47,037,"Tennessee","Davidson County",5,55,7392,3637,3755
050,47,037,"Tennessee","Davidson County",5,56,6982,3442,3540
050,47,037,"Tennessee","Davidson County",5,57,7209,3530,3679
050,47,037,"Tennessee","Davidson County",5,58,7603,3741,3862
050,47,037,"Tennessee","Davidson County",5,59,7912,3854,4058
050,47,037,"Tennessee","Davidson County",5,60,7710,3724,3986
050,47,037,"Tennessee","Davidson County",5,61,7589,3576,4013
050,47,037,"Tennessee","Davidson County",5,62,7542,3492,4050
050,47,037,"Tennessee","Davidson County",5,63,7410,3393,4017
050,47,037,"Tennessee","Davidson County",5,64,7265,3303,3962
050,47,037,"Tennessee","Davidson County",5,65,7047,3260,3787
050,47,037,"Tennessee","Davidson County",5,66,6882,3109,3773
050,47,037,"Tennessee","Davidson County",5,67,6658,3031,3627
050,47,037,"Tennessee","Davidson County",5,68,6364,2935,3429
050,47,037,"Tennessee","Davidson County",5,69,6073,2756,3317
050,47,037,"Tennessee","Davidson County",5,70,5799,2605,3194
050,47,037,"Tennessee","Davidson County",5,71,5407,2427,2980
050,47,037,"Tennessee","Davidson County",5,72,5198,2328,2870
050,47,037,"Tennessee","Davidson County",5,73,4859,2155,2704
050,47,037,"Tennessee","Davidson County",5,74,4509,1980,2529
050,47,037,"Tennessee","Davidson County",5,75,4277,1854,2423
050,47,037,"Tennessee","Davidson County",5,76,4492,1992,2500
050,47,037,"Tennessee","Davidson County",5,77,3003,1306,1697
050,47,037,"Tennessee","Davidson County",5,78,2862,1204,1658
050,47,037,"Tennessee","Davidson County",5,79,2619,1078,1541
050,47,037,"Tennessee","Davidson County",5,80,2578,1068,1510
050,47,037,"Tennessee","Davidson County",5,81,2152,905,1247
050,47,037,"Tennessee","Davidson County",5,82,1899,768,1131
050,47,037,"Tennessee","Davidson County",5,83,1733,656,1077
050,47,037,"Tennessee","Davidson County",5,84,1583,585,998
050,47,037,"Tennessee","Davidson County",5,85,9026,2966,6060
050,47,039,"Tennessee","Decatur County",1,0,102,51,51
050,47,039,"Tennessee","Decatur County",1,1,103,50,53
050,47,039,"Tennessee","Decatur County",1,2,110,56,54
050,47,039,"Tennessee","Decatur County",1,3,115,61,54
050,47,039,"Tennessee","Decatur County",1,4,123,63,60
050,47,039,"Tennessee","Decatur County",1,5,137,77,60
050,47,039,"Tennessee","Decatur County",1,6,134,80,54
050,47,039,"Tennessee","Decatur County",1,7,127,71,56
050,47,039,"Tennessee","Decatur County",1,8,113,63,50
050,47,039,"Tennessee","Decatur County",1,9,124,68,56
050,47,039,"Tennessee","Decatur County",1,10,130,69,61
050,47,039,"Tennessee","Decatur County",1,11,138,62,76
050,47,039,"Tennessee","Decatur County",1,12,153,71,82
050,47,039,"Tennessee","Decatur County",1,13,152,76,76
050,47,039,"Tennessee","Decatur County",1,14,152,82,70
050,47,039,"Tennessee","Decatur County",1,15,142,73,69
050,47,039,"Tennessee","Decatur County",1,16,152,77,75
050,47,039,"Tennessee","Decatur County",1,17,162,79,83
050,47,039,"Tennessee","Decatur County",1,18,139,79,60
050,47,039,"Tennessee","Decatur County",1,19,99,53,46
050,47,039,"Tennessee","Decatur County",1,20,108,57,51
050,47,039,"Tennessee","Decatur County",1,21,97,56,41
050,47,039,"Tennessee","Decatur County",1,22,86,46,40
050,47,039,"Tennessee","Decatur County",1,23,102,50,52
050,47,039,"Tennessee","Decatur County",1,24,115,56,59
050,47,039,"Tennessee","Decatur County",1,25,120,57,63
050,47,039,"Tennessee","Decatur County",1,26,114,59,55
050,47,039,"Tennessee","Decatur County",1,27,122,64,58
050,47,039,"Tennessee","Decatur County",1,28,104,51,53
050,47,039,"Tennessee","Decatur County",1,29,118,63,55
050,47,039,"Tennessee","Decatur County",1,30,127,66,61
050,47,039,"Tennessee","Decatur County",1,31,122,66,56
050,47,039,"Tennessee","Decatur County",1,32,110,53,57
050,47,039,"Tennessee","Decatur County",1,33,99,43,56
050,47,039,"Tennessee","Decatur County",1,34,115,55,60
050,47,039,"Tennessee","Decatur County",1,35,105,50,55
050,47,039,"Tennessee","Decatur County",1,36,121,61,60
050,47,039,"Tennessee","Decatur County",1,37,124,59,65
050,47,039,"Tennessee","Decatur County",1,38,143,69,74
050,47,039,"Tennessee","Decatur County",1,39,125,62,63
050,47,039,"Tennessee","Decatur County",1,40,127,64,63
050,47,039,"Tennessee","Decatur County",1,41,138,66,72
050,47,039,"Tennessee","Decatur County",1,42,146,76,70
050,47,039,"Tennessee","Decatur County",1,43,131,70,61
050,47,039,"Tennessee","Decatur County",1,44,131,68,63
050,47,039,"Tennessee","Decatur County",1,45,139,71,68
050,47,039,"Tennessee","Decatur County",1,46,146,75,71
050,47,039,"Tennessee","Decatur County",1,47,138,66,72
050,47,039,"Tennessee","Decatur County",1,48,125,64,61
050,47,039,"Tennessee","Decatur County",1,49,147,74,73
050,47,039,"Tennessee","Decatur County",1,50,153,83,70
050,47,039,"Tennessee","Decatur County",1,51,150,83,67
050,47,039,"Tennessee","Decatur County",1,52,137,73,64
050,47,039,"Tennessee","Decatur County",1,53,159,84,75
050,47,039,"Tennessee","Decatur County",1,54,163,78,85
050,47,039,"Tennessee","Decatur County",1,55,160,78,82
050,47,039,"Tennessee","Decatur County",1,56,156,80,76
050,47,039,"Tennessee","Decatur County",1,57,174,100,74
050,47,039,"Tennessee","Decatur County",1,58,183,98,85
050,47,039,"Tennessee","Decatur County",1,59,178,88,90
050,47,039,"Tennessee","Decatur County",1,60,181,91,90
050,47,039,"Tennessee","Decatur County",1,61,192,97,95
050,47,039,"Tennessee","Decatur County",1,62,194,83,111
050,47,039,"Tennessee","Decatur County",1,63,186,84,102
050,47,039,"Tennessee","Decatur County",1,64,174,86,88
050,47,039,"Tennessee","Decatur County",1,65,179,91,88
050,47,039,"Tennessee","Decatur County",1,66,168,91,77
050,47,039,"Tennessee","Decatur County",1,67,160,76,84
050,47,039,"Tennessee","Decatur County",1,68,171,86,85
050,47,039,"Tennessee","Decatur County",1,69,151,68,83
050,47,039,"Tennessee","Decatur County",1,70,137,66,71
050,47,039,"Tennessee","Decatur County",1,71,146,69,77
050,47,039,"Tennessee","Decatur County",1,72,143,67,76
050,47,039,"Tennessee","Decatur County",1,73,154,75,79
050,47,039,"Tennessee","Decatur County",1,74,109,55,54
050,47,039,"Tennessee","Decatur County",1,75,103,57,46
050,47,039,"Tennessee","Decatur County",1,76,122,58,64
050,47,039,"Tennessee","Decatur County",1,77,113,51,62
050,47,039,"Tennessee","Decatur County",1,78,98,45,53
050,47,039,"Tennessee","Decatur County",1,79,80,36,44
050,47,039,"Tennessee","Decatur County",1,80,78,34,44
050,47,039,"Tennessee","Decatur County",1,81,66,22,44
050,47,039,"Tennessee","Decatur County",1,82,70,28,42
050,47,039,"Tennessee","Decatur County",1,83,50,21,29
050,47,039,"Tennessee","Decatur County",1,84,64,27,37
050,47,039,"Tennessee","Decatur County",1,85,282,86,196
050,47,039,"Tennessee","Decatur County",2,0,102,48,54
050,47,039,"Tennessee","Decatur County",2,1,101,49,52
050,47,039,"Tennessee","Decatur County",2,2,109,54,55
050,47,039,"Tennessee","Decatur County",2,3,114,60,54
050,47,039,"Tennessee","Decatur County",2,4,122,65,57
050,47,039,"Tennessee","Decatur County",2,5,136,76,60
050,47,039,"Tennessee","Decatur County",2,6,136,81,55
050,47,039,"Tennessee","Decatur County",2,7,128,72,56
050,47,039,"Tennessee","Decatur County",2,8,115,64,51
050,47,039,"Tennessee","Decatur County",2,9,124,68,56
050,47,039,"Tennessee","Decatur County",2,10,129,69,60
050,47,039,"Tennessee","Decatur County",2,11,136,64,72
050,47,039,"Tennessee","Decatur County",2,12,151,70,81
050,47,039,"Tennessee","Decatur County",2,13,154,77,77
050,47,039,"Tennessee","Decatur County",2,14,152,81,71
050,47,039,"Tennessee","Decatur County",2,15,142,74,68
050,47,039,"Tennessee","Decatur County",2,16,150,76,74
050,47,039,"Tennessee","Decatur County",2,17,162,79,83
050,47,039,"Tennessee","Decatur County",2,18,137,75,62
050,47,039,"Tennessee","Decatur County",2,19,104,56,48
050,47,039,"Tennessee","Decatur County",2,20,108,58,50
050,47,039,"Tennessee","Decatur County",2,21,98,55,43
050,47,039,"Tennessee","Decatur County",2,22,89,49,40
050,47,039,"Tennessee","Decatur County",2,23,101,51,50
050,47,039,"Tennessee","Decatur County",2,24,113,55,58
050,47,039,"Tennessee","Decatur County",2,25,121,59,62
050,47,039,"Tennessee","Decatur County",2,26,119,61,58
050,47,039,"Tennessee","Decatur County",2,27,121,63,58
050,47,039,"Tennessee","Decatur County",2,28,109,55,54
050,47,039,"Tennessee","Decatur County",2,29,116,61,55
050,47,039,"Tennessee","Decatur County",2,30,125,65,60
050,47,039,"Tennessee","Decatur County",2,31,123,66,57
050,47,039,"Tennessee","Decatur County",2,32,114,56,58
050,47,039,"Tennessee","Decatur County",2,33,104,46,58
050,47,039,"Tennessee","Decatur County",2,34,112,52,60
050,47,039,"Tennessee","Decatur County",2,35,108,52,56
050,47,039,"Tennessee","Decatur County",2,36,115,57,58
050,47,039,"Tennessee","Decatur County",2,37,123,59,64
050,47,039,"Tennessee","Decatur County",2,38,139,66,73
050,47,039,"Tennessee","Decatur County",2,39,130,65,65
050,47,039,"Tennessee","Decatur County",2,40,129,63,66
050,47,039,"Tennessee","Decatur County",2,41,136,65,71
050,47,039,"Tennessee","Decatur County",2,42,146,75,71
050,47,039,"Tennessee","Decatur County",2,43,136,71,65
050,47,039,"Tennessee","Decatur County",2,44,130,68,62
050,47,039,"Tennessee","Decatur County",2,45,139,73,66
050,47,039,"Tennessee","Decatur County",2,46,147,75,72
050,47,039,"Tennessee","Decatur County",2,47,137,68,69
050,47,039,"Tennessee","Decatur County",2,48,126,63,63
050,47,039,"Tennessee","Decatur County",2,49,144,72,72
050,47,039,"Tennessee","Decatur County",2,50,152,81,71
050,47,039,"Tennessee","Decatur County",2,51,149,82,67
050,47,039,"Tennessee","Decatur County",2,52,140,75,65
050,47,039,"Tennessee","Decatur County",2,53,155,81,74
050,47,039,"Tennessee","Decatur County",2,54,163,79,84
050,47,039,"Tennessee","Decatur County",2,55,159,77,82
050,47,039,"Tennessee","Decatur County",2,56,157,80,77
050,47,039,"Tennessee","Decatur County",2,57,170,95,75
050,47,039,"Tennessee","Decatur County",2,58,180,98,82
050,47,039,"Tennessee","Decatur County",2,59,179,90,89
050,47,039,"Tennessee","Decatur County",2,60,182,90,92
050,47,039,"Tennessee","Decatur County",2,61,187,94,93
050,47,039,"Tennessee","Decatur County",2,62,192,86,106
050,47,039,"Tennessee","Decatur County",2,63,191,86,105
050,47,039,"Tennessee","Decatur County",2,64,176,85,91
050,47,039,"Tennessee","Decatur County",2,65,177,89,88
050,47,039,"Tennessee","Decatur County",2,66,172,92,80
050,47,039,"Tennessee","Decatur County",2,67,163,81,82
050,47,039,"Tennessee","Decatur County",2,68,165,83,82
050,47,039,"Tennessee","Decatur County",2,69,154,71,83
050,47,039,"Tennessee","Decatur County",2,70,140,65,75
050,47,039,"Tennessee","Decatur County",2,71,143,68,75
050,47,039,"Tennessee","Decatur County",2,72,137,65,72
050,47,039,"Tennessee","Decatur County",2,73,158,76,82
050,47,039,"Tennessee","Decatur County",2,74,111,55,56
050,47,039,"Tennessee","Decatur County",2,75,104,56,48
050,47,039,"Tennessee","Decatur County",2,76,111,55,56
050,47,039,"Tennessee","Decatur County",2,77,116,52,64
050,47,039,"Tennessee","Decatur County",2,78,98,46,52
050,47,039,"Tennessee","Decatur County",2,79,80,37,43
050,47,039,"Tennessee","Decatur County",2,80,76,34,42
050,47,039,"Tennessee","Decatur County",2,81,68,24,44
050,47,039,"Tennessee","Decatur County",2,82,69,25,44
050,47,039,"Tennessee","Decatur County",2,83,53,22,31
050,47,039,"Tennessee","Decatur County",2,84,59,25,34
050,47,039,"Tennessee","Decatur County",2,85,285,89,196
050,47,039,"Tennessee","Decatur County",3,0,114,62,52
050,47,039,"Tennessee","Decatur County",3,1,102,44,58
050,47,039,"Tennessee","Decatur County",3,2,104,50,54
050,47,039,"Tennessee","Decatur County",3,3,115,59,56
050,47,039,"Tennessee","Decatur County",3,4,114,60,54
050,47,039,"Tennessee","Decatur County",3,5,123,68,55
050,47,039,"Tennessee","Decatur County",3,6,125,69,56
050,47,039,"Tennessee","Decatur County",3,7,134,80,54
050,47,039,"Tennessee","Decatur County",3,8,128,72,56
050,47,039,"Tennessee","Decatur County",3,9,108,61,47
050,47,039,"Tennessee","Decatur County",3,10,129,73,56
050,47,039,"Tennessee","Decatur County",3,11,127,70,57
050,47,039,"Tennessee","Decatur County",3,12,137,68,69
050,47,039,"Tennessee","Decatur County",3,13,152,74,78
050,47,039,"Tennessee","Decatur County",3,14,160,84,76
050,47,039,"Tennessee","Decatur County",3,15,159,85,74
050,47,039,"Tennessee","Decatur County",3,16,139,71,68
050,47,039,"Tennessee","Decatur County",3,17,144,74,70
050,47,039,"Tennessee","Decatur County",3,18,139,76,63
050,47,039,"Tennessee","Decatur County",3,19,107,58,49
050,47,039,"Tennessee","Decatur County",3,20,111,64,47
050,47,039,"Tennessee","Decatur County",3,21,108,57,51
050,47,039,"Tennessee","Decatur County",3,22,105,55,50
050,47,039,"Tennessee","Decatur County",3,23,93,46,47
050,47,039,"Tennessee","Decatur County",3,24,102,55,47
050,47,039,"Tennessee","Decatur County",3,25,124,60,64
050,47,039,"Tennessee","Decatur County",3,26,126,63,63
050,47,039,"Tennessee","Decatur County",3,27,120,64,56
050,47,039,"Tennessee","Decatur County",3,28,117,62,55
050,47,039,"Tennessee","Decatur County",3,29,101,48,53
050,47,039,"Tennessee","Decatur County",3,30,102,51,51
050,47,039,"Tennessee","Decatur County",3,31,122,67,55
050,47,039,"Tennessee","Decatur County",3,32,117,58,59
050,47,039,"Tennessee","Decatur County",3,33,117,59,58
050,47,039,"Tennessee","Decatur County",3,34,106,47,59
050,47,039,"Tennessee","Decatur County",3,35,110,53,57
050,47,039,"Tennessee","Decatur County",3,36,112,56,56
050,47,039,"Tennessee","Decatur County",3,37,132,65,67
050,47,039,"Tennessee","Decatur County",3,38,129,63,66
050,47,039,"Tennessee","Decatur County",3,39,145,70,75
050,47,039,"Tennessee","Decatur County",3,40,130,61,69
050,47,039,"Tennessee","Decatur County",3,41,128,61,67
050,47,039,"Tennessee","Decatur County",3,42,146,76,70
050,47,039,"Tennessee","Decatur County",3,43,146,70,76
050,47,039,"Tennessee","Decatur County",3,44,148,81,67
050,47,039,"Tennessee","Decatur County",3,45,131,73,58
050,47,039,"Tennessee","Decatur County",3,46,145,76,69
050,47,039,"Tennessee","Decatur County",3,47,135,71,64
050,47,039,"Tennessee","Decatur County",3,48,134,69,65
050,47,039,"Tennessee","Decatur County",3,49,131,66,65
050,47,039,"Tennessee","Decatur County",3,50,151,75,76
050,47,039,"Tennessee","Decatur County",3,51,154,81,73
050,47,039,"Tennessee","Decatur County",3,52,153,86,67
050,47,039,"Tennessee","Decatur County",3,53,144,79,65
050,47,039,"Tennessee","Decatur County",3,54,153,76,77
050,47,039,"Tennessee","Decatur County",3,55,165,79,86
050,47,039,"Tennessee","Decatur County",3,56,164,82,82
050,47,039,"Tennessee","Decatur County",3,57,167,83,84
050,47,039,"Tennessee","Decatur County",3,58,161,88,73
050,47,039,"Tennessee","Decatur County",3,59,184,102,82
050,47,039,"Tennessee","Decatur County",3,60,175,91,84
050,47,039,"Tennessee","Decatur County",3,61,177,85,92
050,47,039,"Tennessee","Decatur County",3,62,184,90,94
050,47,039,"Tennessee","Decatur County",3,63,201,84,117
050,47,039,"Tennessee","Decatur County",3,64,191,89,102
050,47,039,"Tennessee","Decatur County",3,65,178,86,92
050,47,039,"Tennessee","Decatur County",3,66,180,90,90
050,47,039,"Tennessee","Decatur County",3,67,173,92,81
050,47,039,"Tennessee","Decatur County",3,68,158,79,79
050,47,039,"Tennessee","Decatur County",3,69,163,79,84
050,47,039,"Tennessee","Decatur County",3,70,148,70,78
050,47,039,"Tennessee","Decatur County",3,71,136,65,71
050,47,039,"Tennessee","Decatur County",3,72,130,64,66
050,47,039,"Tennessee","Decatur County",3,73,126,58,68
050,47,039,"Tennessee","Decatur County",3,74,158,73,85
050,47,039,"Tennessee","Decatur County",3,75,104,50,54
050,47,039,"Tennessee","Decatur County",3,76,100,52,48
050,47,039,"Tennessee","Decatur County",3,77,108,53,55
050,47,039,"Tennessee","Decatur County",3,78,108,47,61
050,47,039,"Tennessee","Decatur County",3,79,86,40,46
050,47,039,"Tennessee","Decatur County",3,80,75,34,41
050,47,039,"Tennessee","Decatur County",3,81,68,30,38
050,47,039,"Tennessee","Decatur County",3,82,68,25,43
050,47,039,"Tennessee","Decatur County",3,83,58,22,36
050,47,039,"Tennessee","Decatur County",3,84,43,15,28
050,47,039,"Tennessee","Decatur County",3,85,277,94,183
050,47,039,"Tennessee","Decatur County",4,0,108,60,48
050,47,039,"Tennessee","Decatur County",4,1,113,60,53
050,47,039,"Tennessee","Decatur County",4,2,114,49,65
050,47,039,"Tennessee","Decatur County",4,3,118,60,58
050,47,039,"Tennessee","Decatur County",4,4,115,62,53
050,47,039,"Tennessee","Decatur County",4,5,115,61,54
050,47,039,"Tennessee","Decatur County",4,6,131,72,59
050,47,039,"Tennessee","Decatur County",4,7,135,74,61
050,47,039,"Tennessee","Decatur County",4,8,145,89,56
050,47,039,"Tennessee","Decatur County",4,9,133,75,58
050,47,039,"Tennessee","Decatur County",4,10,105,63,42
050,47,039,"Tennessee","Decatur County",4,11,130,75,55
050,47,039,"Tennessee","Decatur County",4,12,126,65,61
050,47,039,"Tennessee","Decatur County",4,13,149,72,77
050,47,039,"Tennessee","Decatur County",4,14,156,76,80
050,47,039,"Tennessee","Decatur County",4,15,164,84,80
050,47,039,"Tennessee","Decatur County",4,16,157,81,76
050,47,039,"Tennessee","Decatur County",4,17,145,72,73
050,47,039,"Tennessee","Decatur County",4,18,127,70,57
050,47,039,"Tennessee","Decatur County",4,19,108,60,48
050,47,039,"Tennessee","Decatur County",4,20,117,69,48
050,47,039,"Tennessee","Decatur County",4,21,98,54,44
050,47,039,"Tennessee","Decatur County",4,22,120,64,56
050,47,039,"Tennessee","Decatur County",4,23,104,55,49
050,47,039,"Tennessee","Decatur County",4,24,98,47,51
050,47,039,"Tennessee","Decatur County",4,25,107,50,57
050,47,039,"Tennessee","Decatur County",4,26,116,64,52
050,47,039,"Tennessee","Decatur County",4,27,130,63,67
050,47,039,"Tennessee","Decatur County",4,28,127,63,64
050,47,039,"Tennessee","Decatur County",4,29,122,63,59
050,47,039,"Tennessee","Decatur County",4,30,108,54,54
050,47,039,"Tennessee","Decatur County",4,31,111,56,55
050,47,039,"Tennessee","Decatur County",4,32,124,64,60
050,47,039,"Tennessee","Decatur County",4,33,123,64,59
050,47,039,"Tennessee","Decatur County",4,34,124,62,62
050,47,039,"Tennessee","Decatur County",4,35,108,48,60
050,47,039,"Tennessee","Decatur County",4,36,117,56,61
050,47,039,"Tennessee","Decatur County",4,37,123,61,62
050,47,039,"Tennessee","Decatur County",4,38,140,72,68
050,47,039,"Tennessee","Decatur County",4,39,138,66,72
050,47,039,"Tennessee","Decatur County",4,40,156,77,79
050,47,039,"Tennessee","Decatur County",4,41,127,60,67
050,47,039,"Tennessee","Decatur County",4,42,150,77,73
050,47,039,"Tennessee","Decatur County",4,43,142,73,69
050,47,039,"Tennessee","Decatur County",4,44,141,70,71
050,47,039,"Tennessee","Decatur County",4,45,139,79,60
050,47,039,"Tennessee","Decatur County",4,46,142,81,61
050,47,039,"Tennessee","Decatur County",4,47,140,71,69
050,47,039,"Tennessee","Decatur County",4,48,140,72,68
050,47,039,"Tennessee","Decatur County",4,49,143,73,70
050,47,039,"Tennessee","Decatur County",4,50,135,69,66
050,47,039,"Tennessee","Decatur County",4,51,148,74,74
050,47,039,"Tennessee","Decatur County",4,52,154,82,72
050,47,039,"Tennessee","Decatur County",4,53,161,92,69
050,47,039,"Tennessee","Decatur County",4,54,140,76,64
050,47,039,"Tennessee","Decatur County",4,55,159,79,80
050,47,039,"Tennessee","Decatur County",4,56,174,89,85
050,47,039,"Tennessee","Decatur County",4,57,166,82,84
050,47,039,"Tennessee","Decatur County",4,58,166,77,89
050,47,039,"Tennessee","Decatur County",4,59,169,94,75
050,47,039,"Tennessee","Decatur County",4,60,188,104,84
050,47,039,"Tennessee","Decatur County",4,61,181,98,83
050,47,039,"Tennessee","Decatur County",4,62,177,82,95
050,47,039,"Tennessee","Decatur County",4,63,191,93,98
050,47,039,"Tennessee","Decatur County",4,64,200,81,119
050,47,039,"Tennessee","Decatur County",4,65,189,88,101
050,47,039,"Tennessee","Decatur County",4,66,174,82,92
050,47,039,"Tennessee","Decatur County",4,67,171,84,87
050,47,039,"Tennessee","Decatur County",4,68,170,90,80
050,47,039,"Tennessee","Decatur County",4,69,159,81,78
050,47,039,"Tennessee","Decatur County",4,70,165,81,84
050,47,039,"Tennessee","Decatur County",4,71,154,73,81
050,47,039,"Tennessee","Decatur County",4,72,131,60,71
050,47,039,"Tennessee","Decatur County",4,73,119,59,60
050,47,039,"Tennessee","Decatur County",4,74,128,59,69
050,47,039,"Tennessee","Decatur County",4,75,149,69,80
050,47,039,"Tennessee","Decatur County",4,76,91,43,48
050,47,039,"Tennessee","Decatur County",4,77,90,47,43
050,47,039,"Tennessee","Decatur County",4,78,102,50,52
050,47,039,"Tennessee","Decatur County",4,79,93,44,49
050,47,039,"Tennessee","Decatur County",4,80,75,33,42
050,47,039,"Tennessee","Decatur County",4,81,64,26,38
050,47,039,"Tennessee","Decatur County",4,82,64,26,38
050,47,039,"Tennessee","Decatur County",4,83,60,21,39
050,47,039,"Tennessee","Decatur County",4,84,57,19,38
050,47,039,"Tennessee","Decatur County",4,85,266,93,173
050,47,039,"Tennessee","Decatur County",5,0,105,58,47
050,47,039,"Tennessee","Decatur County",5,1,111,62,49
050,47,039,"Tennessee","Decatur County",5,2,116,61,55
050,47,039,"Tennessee","Decatur County",5,3,117,56,61
050,47,039,"Tennessee","Decatur County",5,4,115,59,56
050,47,039,"Tennessee","Decatur County",5,5,112,59,53
050,47,039,"Tennessee","Decatur County",5,6,121,63,58
050,47,039,"Tennessee","Decatur County",5,7,130,69,61
050,47,039,"Tennessee","Decatur County",5,8,132,70,62
050,47,039,"Tennessee","Decatur County",5,9,152,91,61
050,47,039,"Tennessee","Decatur County",5,10,140,77,63
050,47,039,"Tennessee","Decatur County",5,11,108,64,44
050,47,039,"Tennessee","Decatur County",5,12,147,79,68
050,47,039,"Tennessee","Decatur County",5,13,132,68,64
050,47,039,"Tennessee","Decatur County",5,14,151,75,76
050,47,039,"Tennessee","Decatur County",5,15,161,78,83
050,47,039,"Tennessee","Decatur County",5,16,160,82,78
050,47,039,"Tennessee","Decatur County",5,17,165,94,71
050,47,039,"Tennessee","Decatur County",5,18,121,64,57
050,47,039,"Tennessee","Decatur County",5,19,101,53,48
050,47,039,"Tennessee","Decatur County",5,20,119,68,51
050,47,039,"Tennessee","Decatur County",5,21,118,67,51
050,47,039,"Tennessee","Decatur County",5,22,107,57,50
050,47,039,"Tennessee","Decatur County",5,23,124,66,58
050,47,039,"Tennessee","Decatur County",5,24,112,60,52
050,47,039,"Tennessee","Decatur County",5,25,102,50,52
050,47,039,"Tennessee","Decatur County",5,26,118,52,66
050,47,039,"Tennessee","Decatur County",5,27,119,63,56
050,47,039,"Tennessee","Decatur County",5,28,135,68,67
050,47,039,"Tennessee","Decatur County",5,29,124,66,58
050,47,039,"Tennessee","Decatur County",5,30,120,63,57
050,47,039,"Tennessee","Decatur County",5,31,111,54,57
050,47,039,"Tennessee","Decatur County",5,32,120,57,63
050,47,039,"Tennessee","Decatur County",5,33,125,62,63
050,47,039,"Tennessee","Decatur County",5,34,128,67,61
050,47,039,"Tennessee","Decatur County",5,35,119,56,63
050,47,039,"Tennessee","Decatur County",5,36,113,48,65
050,47,039,"Tennessee","Decatur County",5,37,115,55,60
050,47,039,"Tennessee","Decatur County",5,38,125,64,61
050,47,039,"Tennessee","Decatur County",5,39,157,80,77
050,47,039,"Tennessee","Decatur County",5,40,138,63,75
050,47,039,"Tennessee","Decatur County",5,41,160,76,84
050,47,039,"Tennessee","Decatur County",5,42,145,76,69
050,47,039,"Tennessee","Decatur County",5,43,143,69,74
050,47,039,"Tennessee","Decatur County",5,44,140,73,67
050,47,039,"Tennessee","Decatur County",5,45,146,71,75
050,47,039,"Tennessee","Decatur County",5,46,148,80,68
050,47,039,"Tennessee","Decatur County",5,47,137,74,63
050,47,039,"Tennessee","Decatur County",5,48,145,70,75
050,47,039,"Tennessee","Decatur County",5,49,136,71,65
050,47,039,"Tennessee","Decatur County",5,50,144,74,70
050,47,039,"Tennessee","Decatur County",5,51,141,78,63
050,47,039,"Tennessee","Decatur County",5,52,156,79,77
050,47,039,"Tennessee","Decatur County",5,53,160,87,73
050,47,039,"Tennessee","Decatur County",5,54,172,92,80
050,47,039,"Tennessee","Decatur County",5,55,148,82,66
050,47,039,"Tennessee","Decatur County",5,56,161,81,80
050,47,039,"Tennessee","Decatur County",5,57,173,88,85
050,47,039,"Tennessee","Decatur County",5,58,160,77,83
050,47,039,"Tennessee","Decatur County",5,59,167,78,89
050,47,039,"Tennessee","Decatur County",5,60,165,88,77
050,47,039,"Tennessee","Decatur County",5,61,189,106,83
050,47,039,"Tennessee","Decatur County",5,62,181,97,84
050,47,039,"Tennessee","Decatur County",5,63,178,78,100
050,47,039,"Tennessee","Decatur County",5,64,185,89,96
050,47,039,"Tennessee","Decatur County",5,65,190,75,115
050,47,039,"Tennessee","Decatur County",5,66,195,88,107
050,47,039,"Tennessee","Decatur County",5,67,166,79,87
050,47,039,"Tennessee","Decatur County",5,68,170,82,88
050,47,039,"Tennessee","Decatur County",5,69,169,90,79
050,47,039,"Tennessee","Decatur County",5,70,160,83,77
050,47,039,"Tennessee","Decatur County",5,71,163,80,83
050,47,039,"Tennessee","Decatur County",5,72,151,73,78
050,47,039,"Tennessee","Decatur County",5,73,119,53,66
050,47,039,"Tennessee","Decatur County",5,74,118,58,60
050,47,039,"Tennessee","Decatur County",5,75,123,58,65
050,47,039,"Tennessee","Decatur County",5,76,136,65,71
050,47,039,"Tennessee","Decatur County",5,77,86,42,44
050,47,039,"Tennessee","Decatur County",5,78,83,44,39
050,47,039,"Tennessee","Decatur County",5,79,90,45,45
050,47,039,"Tennessee","Decatur County",5,80,87,38,49
050,47,039,"Tennessee","Decatur County",5,81,71,30,41
050,47,039,"Tennessee","Decatur County",5,82,60,24,36
050,47,039,"Tennessee","Decatur County",5,83,58,23,35
050,47,039,"Tennessee","Decatur County",5,84,56,16,40
050,47,039,"Tennessee","Decatur County",5,85,279,98,181
050,47,041,"Tennessee","DeKalb County",1,0,218,113,105
050,47,041,"Tennessee","DeKalb County",1,1,234,129,105
050,47,041,"Tennessee","DeKalb County",1,2,204,114,90
050,47,041,"Tennessee","DeKalb County",1,3,224,119,105
050,47,041,"Tennessee","DeKalb County",1,4,241,130,111
050,47,041,"Tennessee","DeKalb County",1,5,240,125,115
050,47,041,"Tennessee","DeKalb County",1,6,227,117,110
050,47,041,"Tennessee","DeKalb County",1,7,233,119,114
050,47,041,"Tennessee","DeKalb County",1,8,240,137,103
050,47,041,"Tennessee","DeKalb County",1,9,239,130,109
050,47,041,"Tennessee","DeKalb County",1,10,233,124,109
050,47,041,"Tennessee","DeKalb County",1,11,246,131,115
050,47,041,"Tennessee","DeKalb County",1,12,282,151,131
050,47,041,"Tennessee","DeKalb County",1,13,248,130,118
050,47,041,"Tennessee","DeKalb County",1,14,256,134,122
050,47,041,"Tennessee","DeKalb County",1,15,240,121,119
050,47,041,"Tennessee","DeKalb County",1,16,247,123,124
050,47,041,"Tennessee","DeKalb County",1,17,254,134,120
050,47,041,"Tennessee","DeKalb County",1,18,231,127,104
050,47,041,"Tennessee","DeKalb County",1,19,184,99,85
050,47,041,"Tennessee","DeKalb County",1,20,190,103,87
050,47,041,"Tennessee","DeKalb County",1,21,197,101,96
050,47,041,"Tennessee","DeKalb County",1,22,208,96,112
050,47,041,"Tennessee","DeKalb County",1,23,245,123,122
050,47,041,"Tennessee","DeKalb County",1,24,237,117,120
050,47,041,"Tennessee","DeKalb County",1,25,233,130,103
050,47,041,"Tennessee","DeKalb County",1,26,245,131,114
050,47,041,"Tennessee","DeKalb County",1,27,224,123,101
050,47,041,"Tennessee","DeKalb County",1,28,248,131,117
050,47,041,"Tennessee","DeKalb County",1,29,267,140,127
050,47,041,"Tennessee","DeKalb County",1,30,255,129,126
050,47,041,"Tennessee","DeKalb County",1,31,230,125,105
050,47,041,"Tennessee","DeKalb County",1,32,236,121,115
050,47,041,"Tennessee","DeKalb County",1,33,232,115,117
050,47,041,"Tennessee","DeKalb County",1,34,247,127,120
050,47,041,"Tennessee","DeKalb County",1,35,256,137,119
050,47,041,"Tennessee","DeKalb County",1,36,236,123,113
050,47,041,"Tennessee","DeKalb County",1,37,237,128,109
050,47,041,"Tennessee","DeKalb County",1,38,245,130,115
050,47,041,"Tennessee","DeKalb County",1,39,247,122,125
050,47,041,"Tennessee","DeKalb County",1,40,238,124,114
050,47,041,"Tennessee","DeKalb County",1,41,225,113,112
050,47,041,"Tennessee","DeKalb County",1,42,237,109,128
050,47,041,"Tennessee","DeKalb County",1,43,226,108,118
050,47,041,"Tennessee","DeKalb County",1,44,255,123,132
050,47,041,"Tennessee","DeKalb County",1,45,250,117,133
050,47,041,"Tennessee","DeKalb County",1,46,268,116,152
050,47,041,"Tennessee","DeKalb County",1,47,265,128,137
050,47,041,"Tennessee","DeKalb County",1,48,271,141,130
050,47,041,"Tennessee","DeKalb County",1,49,284,150,134
050,47,041,"Tennessee","DeKalb County",1,50,267,139,128
050,47,041,"Tennessee","DeKalb County",1,51,271,144,127
050,47,041,"Tennessee","DeKalb County",1,52,271,132,139
050,47,041,"Tennessee","DeKalb County",1,53,257,127,130
050,47,041,"Tennessee","DeKalb County",1,54,287,138,149
050,47,041,"Tennessee","DeKalb County",1,55,291,150,141
050,47,041,"Tennessee","DeKalb County",1,56,338,165,173
050,47,041,"Tennessee","DeKalb County",1,57,341,161,180
050,47,041,"Tennessee","DeKalb County",1,58,314,154,160
050,47,041,"Tennessee","DeKalb County",1,59,293,152,141
050,47,041,"Tennessee","DeKalb County",1,60,286,142,144
050,47,041,"Tennessee","DeKalb County",1,61,284,133,151
050,47,041,"Tennessee","DeKalb County",1,62,287,138,149
050,47,041,"Tennessee","DeKalb County",1,63,272,131,141
050,47,041,"Tennessee","DeKalb County",1,64,289,149,140
050,47,041,"Tennessee","DeKalb County",1,65,267,140,127
050,47,041,"Tennessee","DeKalb County",1,66,281,135,146
050,47,041,"Tennessee","DeKalb County",1,67,262,116,146
050,47,041,"Tennessee","DeKalb County",1,68,241,117,124
050,47,041,"Tennessee","DeKalb County",1,69,224,118,106
050,47,041,"Tennessee","DeKalb County",1,70,224,110,114
050,47,041,"Tennessee","DeKalb County",1,71,222,110,112
050,47,041,"Tennessee","DeKalb County",1,72,234,113,121
050,47,041,"Tennessee","DeKalb County",1,73,229,114,115
050,47,041,"Tennessee","DeKalb County",1,74,143,67,76
050,47,041,"Tennessee","DeKalb County",1,75,157,79,78
050,47,041,"Tennessee","DeKalb County",1,76,169,79,90
050,47,041,"Tennessee","DeKalb County",1,77,148,67,81
050,47,041,"Tennessee","DeKalb County",1,78,134,67,67
050,47,041,"Tennessee","DeKalb County",1,79,124,51,73
050,47,041,"Tennessee","DeKalb County",1,80,95,36,59
050,47,041,"Tennessee","DeKalb County",1,81,85,38,47
050,47,041,"Tennessee","DeKalb County",1,82,86,38,48
050,47,041,"Tennessee","DeKalb County",1,83,72,31,41
050,47,041,"Tennessee","DeKalb County",1,84,64,24,40
050,47,041,"Tennessee","DeKalb County",1,85,314,111,203
050,47,041,"Tennessee","DeKalb County",2,0,235,120,115
050,47,041,"Tennessee","DeKalb County",2,1,231,126,105
050,47,041,"Tennessee","DeKalb County",2,2,216,120,96
050,47,041,"Tennessee","DeKalb County",2,3,223,120,103
050,47,041,"Tennessee","DeKalb County",2,4,237,126,111
050,47,041,"Tennessee","DeKalb County",2,5,241,125,116
050,47,041,"Tennessee","DeKalb County",2,6,234,120,114
050,47,041,"Tennessee","DeKalb County",2,7,235,120,115
050,47,041,"Tennessee","DeKalb County",2,8,239,134,105
050,47,041,"Tennessee","DeKalb County",2,9,241,133,108
050,47,041,"Tennessee","DeKalb County",2,10,233,124,109
050,47,041,"Tennessee","DeKalb County",2,11,240,128,112
050,47,041,"Tennessee","DeKalb County",2,12,274,146,128
050,47,041,"Tennessee","DeKalb County",2,13,258,135,123
050,47,041,"Tennessee","DeKalb County",2,14,253,132,121
050,47,041,"Tennessee","DeKalb County",2,15,242,123,119
050,47,041,"Tennessee","DeKalb County",2,16,247,123,124
050,47,041,"Tennessee","DeKalb County",2,17,253,132,121
050,47,041,"Tennessee","DeKalb County",2,18,230,126,104
050,47,041,"Tennessee","DeKalb County",2,19,189,103,86
050,47,041,"Tennessee","DeKalb County",2,20,195,106,89
050,47,041,"Tennessee","DeKalb County",2,21,202,104,98
050,47,041,"Tennessee","DeKalb County",2,22,214,101,113
050,47,041,"Tennessee","DeKalb County",2,23,241,118,123
050,47,041,"Tennessee","DeKalb County",2,24,242,120,122
050,47,041,"Tennessee","DeKalb County",2,25,235,128,107
050,47,041,"Tennessee","DeKalb County",2,26,242,132,110
050,47,041,"Tennessee","DeKalb County",2,27,232,127,105
050,47,041,"Tennessee","DeKalb County",2,28,244,131,113
050,47,041,"Tennessee","DeKalb County",2,29,265,138,127
050,47,041,"Tennessee","DeKalb County",2,30,261,133,128
050,47,041,"Tennessee","DeKalb County",2,31,235,124,111
050,47,041,"Tennessee","DeKalb County",2,32,233,121,112
050,47,041,"Tennessee","DeKalb County",2,33,233,116,117
050,47,041,"Tennessee","DeKalb County",2,34,246,126,120
050,47,041,"Tennessee","DeKalb County",2,35,254,135,119
050,47,041,"Tennessee","DeKalb County",2,36,242,128,114
050,47,041,"Tennessee","DeKalb County",2,37,235,125,110
050,47,041,"Tennessee","DeKalb County",2,38,245,131,114
050,47,041,"Tennessee","DeKalb County",2,39,250,126,124
050,47,041,"Tennessee","DeKalb County",2,40,244,126,118
050,47,041,"Tennessee","DeKalb County",2,41,229,116,113
050,47,041,"Tennessee","DeKalb County",2,42,232,110,122
050,47,041,"Tennessee","DeKalb County",2,43,235,110,125
050,47,041,"Tennessee","DeKalb County",2,44,247,120,127
050,47,041,"Tennessee","DeKalb County",2,45,251,119,132
050,47,041,"Tennessee","DeKalb County",2,46,262,116,146
050,47,041,"Tennessee","DeKalb County",2,47,269,127,142
050,47,041,"Tennessee","DeKalb County",2,48,269,137,132
050,47,041,"Tennessee","DeKalb County",2,49,284,150,134
050,47,041,"Tennessee","DeKalb County",2,50,273,143,130
050,47,041,"Tennessee","DeKalb County",2,51,271,143,128
050,47,041,"Tennessee","DeKalb County",2,52,269,135,134
050,47,041,"Tennessee","DeKalb County",2,53,260,127,133
050,47,041,"Tennessee","DeKalb County",2,54,280,136,144
050,47,041,"Tennessee","DeKalb County",2,55,291,146,145
050,47,041,"Tennessee","DeKalb County",2,56,331,163,168
050,47,041,"Tennessee","DeKalb County",2,57,344,165,179
050,47,041,"Tennessee","DeKalb County",2,58,323,157,166
050,47,041,"Tennessee","DeKalb County",2,59,301,154,147
050,47,041,"Tennessee","DeKalb County",2,60,287,146,141
050,47,041,"Tennessee","DeKalb County",2,61,286,135,151
050,47,041,"Tennessee","DeKalb County",2,62,285,136,149
050,47,041,"Tennessee","DeKalb County",2,63,281,134,147
050,47,041,"Tennessee","DeKalb County",2,64,281,142,139
050,47,041,"Tennessee","DeKalb County",2,65,269,140,129
050,47,041,"Tennessee","DeKalb County",2,66,280,137,143
050,47,041,"Tennessee","DeKalb County",2,67,265,119,146
050,47,041,"Tennessee","DeKalb County",2,68,246,118,128
050,47,041,"Tennessee","DeKalb County",2,69,231,119,112
050,47,041,"Tennessee","DeKalb County",2,70,225,111,114
050,47,041,"Tennessee","DeKalb County",2,71,223,110,113
050,47,041,"Tennessee","DeKalb County",2,72,228,111,117
050,47,041,"Tennessee","DeKalb County",2,73,237,116,121
050,47,041,"Tennessee","DeKalb County",2,74,150,69,81
050,47,041,"Tennessee","DeKalb County",2,75,154,76,78
050,47,041,"Tennessee","DeKalb County",2,76,161,76,85
050,47,041,"Tennessee","DeKalb County",2,77,156,71,85
050,47,041,"Tennessee","DeKalb County",2,78,132,64,68
050,47,041,"Tennessee","DeKalb County",2,79,121,52,69
050,47,041,"Tennessee","DeKalb County",2,80,101,39,62
050,47,041,"Tennessee","DeKalb County",2,81,87,37,50
050,47,041,"Tennessee","DeKalb County",2,82,86,39,47
050,47,041,"Tennessee","DeKalb County",2,83,75,33,42
050,47,041,"Tennessee","DeKalb County",2,84,64,25,39
050,47,041,"Tennessee","DeKalb County",2,85,316,111,205
050,47,041,"Tennessee","DeKalb County",3,0,251,134,117
050,47,041,"Tennessee","DeKalb County",3,1,258,130,128
050,47,041,"Tennessee","DeKalb County",3,2,253,133,120
050,47,041,"Tennessee","DeKalb County",3,3,217,119,98
050,47,041,"Tennessee","DeKalb County",3,4,228,117,111
050,47,041,"Tennessee","DeKalb County",3,5,235,121,114
050,47,041,"Tennessee","DeKalb County",3,6,248,130,118
050,47,041,"Tennessee","DeKalb County",3,7,248,125,123
050,47,041,"Tennessee","DeKalb County",3,8,241,122,119
050,47,041,"Tennessee","DeKalb County",3,9,241,134,107
050,47,041,"Tennessee","DeKalb County",3,10,238,126,112
050,47,041,"Tennessee","DeKalb County",3,11,223,115,108
050,47,041,"Tennessee","DeKalb County",3,12,250,135,115
050,47,041,"Tennessee","DeKalb County",3,13,278,140,138
050,47,041,"Tennessee","DeKalb County",3,14,266,137,129
050,47,041,"Tennessee","DeKalb County",3,15,260,139,121
050,47,041,"Tennessee","DeKalb County",3,16,250,123,127
050,47,041,"Tennessee","DeKalb County",3,17,250,123,127
050,47,041,"Tennessee","DeKalb County",3,18,221,120,101
050,47,041,"Tennessee","DeKalb County",3,19,185,108,77
050,47,041,"Tennessee","DeKalb County",3,20,203,109,94
050,47,041,"Tennessee","DeKalb County",3,21,201,109,92
050,47,041,"Tennessee","DeKalb County",3,22,218,105,113
050,47,041,"Tennessee","DeKalb County",3,23,215,102,113
050,47,041,"Tennessee","DeKalb County",3,24,245,116,129
050,47,041,"Tennessee","DeKalb County",3,25,247,133,114
050,47,041,"Tennessee","DeKalb County",3,26,254,138,116
050,47,041,"Tennessee","DeKalb County",3,27,255,138,117
050,47,041,"Tennessee","DeKalb County",3,28,240,130,110
050,47,041,"Tennessee","DeKalb County",3,29,259,147,112
050,47,041,"Tennessee","DeKalb County",3,30,270,133,137
050,47,041,"Tennessee","DeKalb County",3,31,274,139,135
050,47,041,"Tennessee","DeKalb County",3,32,234,122,112
050,47,041,"Tennessee","DeKalb County",3,33,239,115,124
050,47,041,"Tennessee","DeKalb County",3,34,234,108,126
050,47,041,"Tennessee","DeKalb County",3,35,244,134,110
050,47,041,"Tennessee","DeKalb County",3,36,265,140,125
050,47,041,"Tennessee","DeKalb County",3,37,255,131,124
050,47,041,"Tennessee","DeKalb County",3,38,246,130,116
050,47,041,"Tennessee","DeKalb County",3,39,248,132,116
050,47,041,"Tennessee","DeKalb County",3,40,248,126,122
050,47,041,"Tennessee","DeKalb County",3,41,242,124,118
050,47,041,"Tennessee","DeKalb County",3,42,232,120,112
050,47,041,"Tennessee","DeKalb County",3,43,229,108,121
050,47,041,"Tennessee","DeKalb County",3,44,239,114,125
050,47,041,"Tennessee","DeKalb County",3,45,263,134,129
050,47,041,"Tennessee","DeKalb County",3,46,259,120,139
050,47,041,"Tennessee","DeKalb County",3,47,249,108,141
050,47,041,"Tennessee","DeKalb County",3,48,272,127,145
050,47,041,"Tennessee","DeKalb County",3,49,270,134,136
050,47,041,"Tennessee","DeKalb County",3,50,289,149,140
050,47,041,"Tennessee","DeKalb County",3,51,275,142,133
050,47,041,"Tennessee","DeKalb County",3,52,277,142,135
050,47,041,"Tennessee","DeKalb County",3,53,260,129,131
050,47,041,"Tennessee","DeKalb County",3,54,262,137,125
050,47,041,"Tennessee","DeKalb County",3,55,301,152,149
050,47,041,"Tennessee","DeKalb County",3,56,302,147,155
050,47,041,"Tennessee","DeKalb County",3,57,335,166,169
050,47,041,"Tennessee","DeKalb County",3,58,358,179,179
050,47,041,"Tennessee","DeKalb County",3,59,330,166,164
050,47,041,"Tennessee","DeKalb County",3,60,302,154,148
050,47,041,"Tennessee","DeKalb County",3,61,292,147,145
050,47,041,"Tennessee","DeKalb County",3,62,287,133,154
050,47,041,"Tennessee","DeKalb County",3,63,293,138,155
050,47,041,"Tennessee","DeKalb County",3,64,277,136,141
050,47,041,"Tennessee","DeKalb County",3,65,286,143,143
050,47,041,"Tennessee","DeKalb County",3,66,266,140,126
050,47,041,"Tennessee","DeKalb County",3,67,276,137,139
050,47,041,"Tennessee","DeKalb County",3,68,259,120,139
050,47,041,"Tennessee","DeKalb County",3,69,239,117,122
050,47,041,"Tennessee","DeKalb County",3,70,227,115,112
050,47,041,"Tennessee","DeKalb County",3,71,216,107,109
050,47,041,"Tennessee","DeKalb County",3,72,212,102,110
050,47,041,"Tennessee","DeKalb County",3,73,223,102,121
050,47,041,"Tennessee","DeKalb County",3,74,224,109,115
050,47,041,"Tennessee","DeKalb County",3,75,140,62,78
050,47,041,"Tennessee","DeKalb County",3,76,146,73,73
050,47,041,"Tennessee","DeKalb County",3,77,153,69,84
050,47,041,"Tennessee","DeKalb County",3,78,140,66,74
050,47,041,"Tennessee","DeKalb County",3,79,118,55,63
050,47,041,"Tennessee","DeKalb County",3,80,111,48,63
050,47,041,"Tennessee","DeKalb County",3,81,94,37,57
050,47,041,"Tennessee","DeKalb County",3,82,77,30,47
050,47,041,"Tennessee","DeKalb County",3,83,72,30,42
050,47,041,"Tennessee","DeKalb County",3,84,66,30,36
050,47,041,"Tennessee","DeKalb County",3,85,325,118,207
050,47,041,"Tennessee","DeKalb County",4,0,235,120,115
050,47,041,"Tennessee","DeKalb County",4,1,264,147,117
050,47,041,"Tennessee","DeKalb County",4,2,258,136,122
050,47,041,"Tennessee","DeKalb County",4,3,249,130,119
050,47,041,"Tennessee","DeKalb County",4,4,210,112,98
050,47,041,"Tennessee","DeKalb County",4,5,225,115,110
050,47,041,"Tennessee","DeKalb County",4,6,252,127,125
050,47,041,"Tennessee","DeKalb County",4,7,265,141,124
050,47,041,"Tennessee","DeKalb County",4,8,267,132,135
050,47,041,"Tennessee","DeKalb County",4,9,260,131,129
050,47,041,"Tennessee","DeKalb County",4,10,248,143,105
050,47,041,"Tennessee","DeKalb County",4,11,242,130,112
050,47,041,"Tennessee","DeKalb County",4,12,235,121,114
050,47,041,"Tennessee","DeKalb County",4,13,258,141,117
050,47,041,"Tennessee","DeKalb County",4,14,297,144,153
050,47,041,"Tennessee","DeKalb County",4,15,262,132,130
050,47,041,"Tennessee","DeKalb County",4,16,270,143,127
050,47,041,"Tennessee","DeKalb County",4,17,253,122,131
050,47,041,"Tennessee","DeKalb County",4,18,230,114,116
050,47,041,"Tennessee","DeKalb County",4,19,184,97,87
050,47,041,"Tennessee","DeKalb County",4,20,195,113,82
050,47,041,"Tennessee","DeKalb County",4,21,221,129,92
050,47,041,"Tennessee","DeKalb County",4,22,229,118,111
050,47,041,"Tennessee","DeKalb County",4,23,230,105,125
050,47,041,"Tennessee","DeKalb County",4,24,223,103,120
050,47,041,"Tennessee","DeKalb County",4,25,251,120,131
050,47,041,"Tennessee","DeKalb County",4,26,259,136,123
050,47,041,"Tennessee","DeKalb County",4,27,253,134,119
050,47,041,"Tennessee","DeKalb County",4,28,256,139,117
050,47,041,"Tennessee","DeKalb County",4,29,261,131,130
050,47,041,"Tennessee","DeKalb County",4,30,278,154,124
050,47,041,"Tennessee","DeKalb County",4,31,271,125,146
050,47,041,"Tennessee","DeKalb County",4,32,284,145,139
050,47,041,"Tennessee","DeKalb County",4,33,239,126,113
050,47,041,"Tennessee","DeKalb County",4,34,236,110,126
050,47,041,"Tennessee","DeKalb County",4,35,231,112,119
050,47,041,"Tennessee","DeKalb County",4,36,258,144,114
050,47,041,"Tennessee","DeKalb County",4,37,267,137,130
050,47,041,"Tennessee","DeKalb County",4,38,259,138,121
050,47,041,"Tennessee","DeKalb County",4,39,266,132,134
050,47,041,"Tennessee","DeKalb County",4,40,248,131,117
050,47,041,"Tennessee","DeKalb County",4,41,250,123,127
050,47,041,"Tennessee","DeKalb County",4,42,252,128,124
050,47,041,"Tennessee","DeKalb County",4,43,235,128,107
050,47,041,"Tennessee","DeKalb County",4,44,237,116,121
050,47,041,"Tennessee","DeKalb County",4,45,251,114,137
050,47,041,"Tennessee","DeKalb County",4,46,268,138,130
050,47,041,"Tennessee","DeKalb County",4,47,263,122,141
050,47,041,"Tennessee","DeKalb County",4,48,265,117,148
050,47,041,"Tennessee","DeKalb County",4,49,283,133,150
050,47,041,"Tennessee","DeKalb County",4,50,283,138,145
050,47,041,"Tennessee","DeKalb County",4,51,306,152,154
050,47,041,"Tennessee","DeKalb County",4,52,292,151,141
050,47,041,"Tennessee","DeKalb County",4,53,291,156,135
050,47,041,"Tennessee","DeKalb County",4,54,268,132,136
050,47,041,"Tennessee","DeKalb County",4,55,272,143,129
050,47,041,"Tennessee","DeKalb County",4,56,312,150,162
050,47,041,"Tennessee","DeKalb County",4,57,312,159,153
050,47,041,"Tennessee","DeKalb County",4,58,335,166,169
050,47,041,"Tennessee","DeKalb County",4,59,375,185,190
050,47,041,"Tennessee","DeKalb County",4,60,326,175,151
050,47,041,"Tennessee","DeKalb County",4,61,305,159,146
050,47,041,"Tennessee","DeKalb County",4,62,297,150,147
050,47,041,"Tennessee","DeKalb County",4,63,285,137,148
050,47,041,"Tennessee","DeKalb County",4,64,292,132,160
050,47,041,"Tennessee","DeKalb County",4,65,282,139,143
050,47,041,"Tennessee","DeKalb County",4,66,291,146,145
050,47,041,"Tennessee","DeKalb County",4,67,270,141,129
050,47,041,"Tennessee","DeKalb County",4,68,268,135,133
050,47,041,"Tennessee","DeKalb County",4,69,252,118,134
050,47,041,"Tennessee","DeKalb County",4,70,246,114,132
050,47,041,"Tennessee","DeKalb County",4,71,219,116,103
050,47,041,"Tennessee","DeKalb County",4,72,206,104,102
050,47,041,"Tennessee","DeKalb County",4,73,199,88,111
050,47,041,"Tennessee","DeKalb County",4,74,211,96,115
050,47,041,"Tennessee","DeKalb County",4,75,212,106,106
050,47,041,"Tennessee","DeKalb County",4,76,133,59,74
050,47,041,"Tennessee","DeKalb County",4,77,133,64,69
050,47,041,"Tennessee","DeKalb County",4,78,138,63,75
050,47,041,"Tennessee","DeKalb County",4,79,144,67,77
050,47,041,"Tennessee","DeKalb County",4,80,109,52,57
050,47,041,"Tennessee","DeKalb County",4,81,98,42,56
050,47,041,"Tennessee","DeKalb County",4,82,86,34,52
050,47,041,"Tennessee","DeKalb County",4,83,66,25,41
050,47,041,"Tennessee","DeKalb County",4,84,67,31,36
050,47,041,"Tennessee","DeKalb County",4,85,338,126,212
050,47,041,"Tennessee","DeKalb County",5,0,238,122,116
050,47,041,"Tennessee","DeKalb County",5,1,237,118,119
050,47,041,"Tennessee","DeKalb County",5,2,274,158,116
050,47,041,"Tennessee","DeKalb County",5,3,266,144,122
050,47,041,"Tennessee","DeKalb County",5,4,244,125,119
050,47,041,"Tennessee","DeKalb County",5,5,214,115,99
050,47,041,"Tennessee","DeKalb County",5,6,227,117,110
050,47,041,"Tennessee","DeKalb County",5,7,259,134,125
050,47,041,"Tennessee","DeKalb County",5,8,250,133,117
050,47,041,"Tennessee","DeKalb County",5,9,270,136,134
050,47,041,"Tennessee","DeKalb County",5,10,271,137,134
050,47,041,"Tennessee","DeKalb County",5,11,236,130,106
050,47,041,"Tennessee","DeKalb County",5,12,251,139,112
050,47,041,"Tennessee","DeKalb County",5,13,238,117,121
050,47,041,"Tennessee","DeKalb County",5,14,252,141,111
050,47,041,"Tennessee","DeKalb County",5,15,296,146,150
050,47,041,"Tennessee","DeKalb County",5,16,276,147,129
050,47,041,"Tennessee","DeKalb County",5,17,269,153,116
050,47,041,"Tennessee","DeKalb County",5,18,231,113,118
050,47,041,"Tennessee","DeKalb County",5,19,184,91,93
050,47,041,"Tennessee","DeKalb County",5,20,200,110,90
050,47,041,"Tennessee","DeKalb County",5,21,223,132,91
050,47,041,"Tennessee","DeKalb County",5,22,235,137,98
050,47,041,"Tennessee","DeKalb County",5,23,249,122,127
050,47,041,"Tennessee","DeKalb County",5,24,250,117,133
050,47,041,"Tennessee","DeKalb County",5,25,221,106,115
050,47,041,"Tennessee","DeKalb County",5,26,259,130,129
050,47,041,"Tennessee","DeKalb County",5,27,270,136,134
050,47,041,"Tennessee","DeKalb County",5,28,253,130,123
050,47,041,"Tennessee","DeKalb County",5,29,273,150,123
050,47,041,"Tennessee","DeKalb County",5,30,269,136,133
050,47,041,"Tennessee","DeKalb County",5,31,274,150,124
050,47,041,"Tennessee","DeKalb County",5,32,281,133,148
050,47,041,"Tennessee","DeKalb County",5,33,273,145,128
050,47,041,"Tennessee","DeKalb County",5,34,245,136,109
050,47,041,"Tennessee","DeKalb County",5,35,246,122,124
050,47,041,"Tennessee","DeKalb County",5,36,233,119,114
050,47,041,"Tennessee","DeKalb County",5,37,253,143,110
050,47,041,"Tennessee","DeKalb County",5,38,267,129,138
050,47,041,"Tennessee","DeKalb County",5,39,267,140,127
050,47,041,"Tennessee","DeKalb County",5,40,257,132,125
050,47,041,"Tennessee","DeKalb County",5,41,260,134,126
050,47,041,"Tennessee","DeKalb County",5,42,250,124,126
050,47,041,"Tennessee","DeKalb County",5,43,252,120,132
050,47,041,"Tennessee","DeKalb County",5,44,246,133,113
050,47,041,"Tennessee","DeKalb County",5,45,237,112,125
050,47,041,"Tennessee","DeKalb County",5,46,261,115,146
050,47,041,"Tennessee","DeKalb County",5,47,267,135,132
050,47,041,"Tennessee","DeKalb County",5,48,262,124,138
050,47,041,"Tennessee","DeKalb County",5,49,277,122,155
050,47,041,"Tennessee","DeKalb County",5,50,294,141,153
050,47,041,"Tennessee","DeKalb County",5,51,285,142,143
050,47,041,"Tennessee","DeKalb County",5,52,304,154,150
050,47,041,"Tennessee","DeKalb County",5,53,290,147,143
050,47,041,"Tennessee","DeKalb County",5,54,288,149,139
050,47,041,"Tennessee","DeKalb County",5,55,275,137,138
050,47,041,"Tennessee","DeKalb County",5,56,281,149,132
050,47,041,"Tennessee","DeKalb County",5,57,312,149,163
050,47,041,"Tennessee","DeKalb County",5,58,316,160,156
050,47,041,"Tennessee","DeKalb County",5,59,334,162,172
050,47,041,"Tennessee","DeKalb County",5,60,374,190,184
050,47,041,"Tennessee","DeKalb County",5,61,344,183,161
050,47,041,"Tennessee","DeKalb County",5,62,311,157,154
050,47,041,"Tennessee","DeKalb County",5,63,305,154,151
050,47,041,"Tennessee","DeKalb County",5,64,285,135,150
050,47,041,"Tennessee","DeKalb County",5,65,302,138,164
050,47,041,"Tennessee","DeKalb County",5,66,283,140,143
050,47,041,"Tennessee","DeKalb County",5,67,282,142,140
050,47,041,"Tennessee","DeKalb County",5,68,258,138,120
050,47,041,"Tennessee","DeKalb County",5,69,263,137,126
050,47,041,"Tennessee","DeKalb County",5,70,240,110,130
050,47,041,"Tennessee","DeKalb County",5,71,229,107,122
050,47,041,"Tennessee","DeKalb County",5,72,212,112,100
050,47,041,"Tennessee","DeKalb County",5,73,201,98,103
050,47,041,"Tennessee","DeKalb County",5,74,189,81,108
050,47,041,"Tennessee","DeKalb County",5,75,195,91,104
050,47,041,"Tennessee","DeKalb County",5,76,196,96,100
050,47,041,"Tennessee","DeKalb County",5,77,122,53,69
050,47,041,"Tennessee","DeKalb County",5,78,128,63,65
050,47,041,"Tennessee","DeKalb County",5,79,132,58,74
050,47,041,"Tennessee","DeKalb County",5,80,129,62,67
050,47,041,"Tennessee","DeKalb County",5,81,102,44,58
050,47,041,"Tennessee","DeKalb County",5,82,84,37,47
050,47,041,"Tennessee","DeKalb County",5,83,74,28,46
050,47,041,"Tennessee","DeKalb County",5,84,59,24,35
050,47,041,"Tennessee","DeKalb County",5,85,354,137,217
050,47,043,"Tennessee","Dickson County",1,0,634,326,308
050,47,043,"Tennessee","Dickson County",1,1,654,336,318
050,47,043,"Tennessee","Dickson County",1,2,639,330,309
050,47,043,"Tennessee","Dickson County",1,3,621,333,288
050,47,043,"Tennessee","Dickson County",1,4,678,352,326
050,47,043,"Tennessee","Dickson County",1,5,682,326,356
050,47,043,"Tennessee","Dickson County",1,6,696,342,354
050,47,043,"Tennessee","Dickson County",1,7,708,359,349
050,47,043,"Tennessee","Dickson County",1,8,667,344,323
050,47,043,"Tennessee","Dickson County",1,9,642,327,315
050,47,043,"Tennessee","Dickson County",1,10,695,371,324
050,47,043,"Tennessee","Dickson County",1,11,697,352,345
050,47,043,"Tennessee","Dickson County",1,12,734,367,367
050,47,043,"Tennessee","Dickson County",1,13,761,393,368
050,47,043,"Tennessee","Dickson County",1,14,750,397,353
050,47,043,"Tennessee","Dickson County",1,15,731,378,353
050,47,043,"Tennessee","Dickson County",1,16,753,407,346
050,47,043,"Tennessee","Dickson County",1,17,768,404,364
050,47,043,"Tennessee","Dickson County",1,18,669,375,294
050,47,043,"Tennessee","Dickson County",1,19,526,280,246
050,47,043,"Tennessee","Dickson County",1,20,544,295,249
050,47,043,"Tennessee","Dickson County",1,21,563,307,256
050,47,043,"Tennessee","Dickson County",1,22,601,317,284
050,47,043,"Tennessee","Dickson County",1,23,590,305,285
050,47,043,"Tennessee","Dickson County",1,24,623,303,320
050,47,043,"Tennessee","Dickson County",1,25,669,346,323
050,47,043,"Tennessee","Dickson County",1,26,659,344,315
050,47,043,"Tennessee","Dickson County",1,27,668,344,324
050,47,043,"Tennessee","Dickson County",1,28,735,351,384
050,47,043,"Tennessee","Dickson County",1,29,760,376,384
050,47,043,"Tennessee","Dickson County",1,30,762,359,403
050,47,043,"Tennessee","Dickson County",1,31,771,376,395
050,47,043,"Tennessee","Dickson County",1,32,696,360,336
050,47,043,"Tennessee","Dickson County",1,33,655,331,324
050,47,043,"Tennessee","Dickson County",1,34,708,364,344
050,47,043,"Tennessee","Dickson County",1,35,683,331,352
050,47,043,"Tennessee","Dickson County",1,36,694,328,366
050,47,043,"Tennessee","Dickson County",1,37,741,351,390
050,47,043,"Tennessee","Dickson County",1,38,732,371,361
050,47,043,"Tennessee","Dickson County",1,39,673,331,342
050,47,043,"Tennessee","Dickson County",1,40,683,343,340
050,47,043,"Tennessee","Dickson County",1,41,673,330,343
050,47,043,"Tennessee","Dickson County",1,42,687,333,354
050,47,043,"Tennessee","Dickson County",1,43,701,354,347
050,47,043,"Tennessee","Dickson County",1,44,665,331,334
050,47,043,"Tennessee","Dickson County",1,45,675,335,340
050,47,043,"Tennessee","Dickson County",1,46,692,356,336
050,47,043,"Tennessee","Dickson County",1,47,679,355,324
050,47,043,"Tennessee","Dickson County",1,48,760,381,379
050,47,043,"Tennessee","Dickson County",1,49,852,423,429
050,47,043,"Tennessee","Dickson County",1,50,744,364,380
050,47,043,"Tennessee","Dickson County",1,51,716,342,374
050,47,043,"Tennessee","Dickson County",1,52,697,361,336
050,47,043,"Tennessee","Dickson County",1,53,737,378,359
050,47,043,"Tennessee","Dickson County",1,54,767,379,388
050,47,043,"Tennessee","Dickson County",1,55,819,415,404
050,47,043,"Tennessee","Dickson County",1,56,791,398,393
050,47,043,"Tennessee","Dickson County",1,57,779,396,383
050,47,043,"Tennessee","Dickson County",1,58,798,383,415
050,47,043,"Tennessee","Dickson County",1,59,748,328,420
050,47,043,"Tennessee","Dickson County",1,60,733,353,380
050,47,043,"Tennessee","Dickson County",1,61,751,366,385
050,47,043,"Tennessee","Dickson County",1,62,782,372,410
050,47,043,"Tennessee","Dickson County",1,63,725,348,377
050,47,043,"Tennessee","Dickson County",1,64,683,324,359
050,47,043,"Tennessee","Dickson County",1,65,658,319,339
050,47,043,"Tennessee","Dickson County",1,66,642,303,339
050,47,043,"Tennessee","Dickson County",1,67,618,291,327
050,47,043,"Tennessee","Dickson County",1,68,584,278,306
050,47,043,"Tennessee","Dickson County",1,69,517,251,266
050,47,043,"Tennessee","Dickson County",1,70,533,256,277
050,47,043,"Tennessee","Dickson County",1,71,505,248,257
050,47,043,"Tennessee","Dickson County",1,72,492,251,241
050,47,043,"Tennessee","Dickson County",1,73,498,240,258
050,47,043,"Tennessee","Dickson County",1,74,351,142,209
050,47,043,"Tennessee","Dickson County",1,75,343,158,185
050,47,043,"Tennessee","Dickson County",1,76,395,175,220
050,47,043,"Tennessee","Dickson County",1,77,348,147,201
050,47,043,"Tennessee","Dickson County",1,78,281,124,157
050,47,043,"Tennessee","Dickson County",1,79,243,111,132
050,47,043,"Tennessee","Dickson County",1,80,219,100,119
050,47,043,"Tennessee","Dickson County",1,81,224,95,129
050,47,043,"Tennessee","Dickson County",1,82,203,88,115
050,47,043,"Tennessee","Dickson County",1,83,160,68,92
050,47,043,"Tennessee","Dickson County",1,84,154,56,98
050,47,043,"Tennessee","Dickson County",1,85,770,283,487
050,47,043,"Tennessee","Dickson County",2,0,631,325,306
050,47,043,"Tennessee","Dickson County",2,1,649,331,318
050,47,043,"Tennessee","Dickson County",2,2,642,329,313
050,47,043,"Tennessee","Dickson County",2,3,626,332,294
050,47,043,"Tennessee","Dickson County",2,4,667,349,318
050,47,043,"Tennessee","Dickson County",2,5,683,333,350
050,47,043,"Tennessee","Dickson County",2,6,696,339,357
050,47,043,"Tennessee","Dickson County",2,7,705,356,349
050,47,043,"Tennessee","Dickson County",2,8,670,344,326
050,47,043,"Tennessee","Dickson County",2,9,646,332,314
050,47,043,"Tennessee","Dickson County",2,10,679,357,322
050,47,043,"Tennessee","Dickson County",2,11,696,355,341
050,47,043,"Tennessee","Dickson County",2,12,725,364,361
050,47,043,"Tennessee","Dickson County",2,13,752,387,365
050,47,043,"Tennessee","Dickson County",2,14,749,394,355
050,47,043,"Tennessee","Dickson County",2,15,736,383,353
050,47,043,"Tennessee","Dickson County",2,16,751,403,348
050,47,043,"Tennessee","Dickson County",2,17,762,401,361
050,47,043,"Tennessee","Dickson County",2,18,656,367,289
050,47,043,"Tennessee","Dickson County",2,19,532,287,245
050,47,043,"Tennessee","Dickson County",2,20,552,296,256
050,47,043,"Tennessee","Dickson County",2,21,572,313,259
050,47,043,"Tennessee","Dickson County",2,22,602,317,285
050,47,043,"Tennessee","Dickson County",2,23,607,314,293
050,47,043,"Tennessee","Dickson County",2,24,627,308,319
050,47,043,"Tennessee","Dickson County",2,25,662,339,323
050,47,043,"Tennessee","Dickson County",2,26,666,348,318
050,47,043,"Tennessee","Dickson County",2,27,667,342,325
050,47,043,"Tennessee","Dickson County",2,28,728,355,373
050,47,043,"Tennessee","Dickson County",2,29,756,373,383
050,47,043,"Tennessee","Dickson County",2,30,774,369,405
050,47,043,"Tennessee","Dickson County",2,31,764,373,391
050,47,043,"Tennessee","Dickson County",2,32,711,365,346
050,47,043,"Tennessee","Dickson County",2,33,663,338,325
050,47,043,"Tennessee","Dickson County",2,34,698,357,341
050,47,043,"Tennessee","Dickson County",2,35,696,340,356
050,47,043,"Tennessee","Dickson County",2,36,691,326,365
050,47,043,"Tennessee","Dickson County",2,37,731,348,383
050,47,043,"Tennessee","Dickson County",2,38,733,367,366
050,47,043,"Tennessee","Dickson County",2,39,690,344,346
050,47,043,"Tennessee","Dickson County",2,40,688,346,342
050,47,043,"Tennessee","Dickson County",2,41,678,334,344
050,47,043,"Tennessee","Dickson County",2,42,681,330,351
050,47,043,"Tennessee","Dickson County",2,43,711,356,355
050,47,043,"Tennessee","Dickson County",2,44,669,333,336
050,47,043,"Tennessee","Dickson County",2,45,676,334,342
050,47,043,"Tennessee","Dickson County",2,46,691,353,338
050,47,043,"Tennessee","Dickson County",2,47,679,352,327
050,47,043,"Tennessee","Dickson County",2,48,739,374,365
050,47,043,"Tennessee","Dickson County",2,49,835,418,417
050,47,043,"Tennessee","Dickson County",2,50,775,380,395
050,47,043,"Tennessee","Dickson County",2,51,724,350,374
050,47,043,"Tennessee","Dickson County",2,52,700,355,345
050,47,043,"Tennessee","Dickson County",2,53,729,374,355
050,47,043,"Tennessee","Dickson County",2,54,761,379,382
050,47,043,"Tennessee","Dickson County",2,55,807,407,400
050,47,043,"Tennessee","Dickson County",2,56,802,405,397
050,47,043,"Tennessee","Dickson County",2,57,784,397,387
050,47,043,"Tennessee","Dickson County",2,58,792,383,409
050,47,043,"Tennessee","Dickson County",2,59,764,341,423
050,47,043,"Tennessee","Dickson County",2,60,737,347,390
050,47,043,"Tennessee","Dickson County",2,61,744,362,382
050,47,043,"Tennessee","Dickson County",2,62,773,369,404
050,47,043,"Tennessee","Dickson County",2,63,745,355,390
050,47,043,"Tennessee","Dickson County",2,64,687,327,360
050,47,043,"Tennessee","Dickson County",2,65,662,320,342
050,47,043,"Tennessee","Dickson County",2,66,646,306,340
050,47,043,"Tennessee","Dickson County",2,67,620,292,328
050,47,043,"Tennessee","Dickson County",2,68,588,281,307
050,47,043,"Tennessee","Dickson County",2,69,537,257,280
050,47,043,"Tennessee","Dickson County",2,70,530,255,275
050,47,043,"Tennessee","Dickson County",2,71,510,248,262
050,47,043,"Tennessee","Dickson County",2,72,483,243,240
050,47,043,"Tennessee","Dickson County",2,73,520,254,266
050,47,043,"Tennessee","Dickson County",2,74,363,155,208
050,47,043,"Tennessee","Dickson County",2,75,347,154,193
050,47,043,"Tennessee","Dickson County",2,76,378,169,209
050,47,043,"Tennessee","Dickson County",2,77,371,158,213
050,47,043,"Tennessee","Dickson County",2,78,286,123,163
050,47,043,"Tennessee","Dickson County",2,79,247,112,135
050,47,043,"Tennessee","Dickson County",2,80,224,103,121
050,47,043,"Tennessee","Dickson County",2,81,221,94,127
050,47,043,"Tennessee","Dickson County",2,82,208,91,117
050,47,043,"Tennessee","Dickson County",2,83,165,72,93
050,47,043,"Tennessee","Dickson County",2,84,151,58,93
050,47,043,"Tennessee","Dickson County",2,85,769,282,487
050,47,043,"Tennessee","Dickson County",3,0,608,285,323
050,47,043,"Tennessee","Dickson County",3,1,670,338,332
050,47,043,"Tennessee","Dickson County",3,2,649,332,317
050,47,043,"Tennessee","Dickson County",3,3,663,341,322
050,47,043,"Tennessee","Dickson County",3,4,629,326,303
050,47,043,"Tennessee","Dickson County",3,5,681,347,334
050,47,043,"Tennessee","Dickson County",3,6,699,350,349
050,47,043,"Tennessee","Dickson County",3,7,692,339,353
050,47,043,"Tennessee","Dickson County",3,8,704,362,342
050,47,043,"Tennessee","Dickson County",3,9,671,344,327
050,47,043,"Tennessee","Dickson County",3,10,659,346,313
050,47,043,"Tennessee","Dickson County",3,11,695,365,330
050,47,043,"Tennessee","Dickson County",3,12,701,365,336
050,47,043,"Tennessee","Dickson County",3,13,722,367,355
050,47,043,"Tennessee","Dickson County",3,14,765,397,368
050,47,043,"Tennessee","Dickson County",3,15,749,388,361
050,47,043,"Tennessee","Dickson County",3,16,754,409,345
050,47,043,"Tennessee","Dickson County",3,17,754,402,352
050,47,043,"Tennessee","Dickson County",3,18,652,360,292
050,47,043,"Tennessee","Dickson County",3,19,535,296,239
050,47,043,"Tennessee","Dickson County",3,20,561,295,266
050,47,043,"Tennessee","Dickson County",3,21,594,313,281
050,47,043,"Tennessee","Dickson County",3,22,600,314,286
050,47,043,"Tennessee","Dickson County",3,23,641,340,301
050,47,043,"Tennessee","Dickson County",3,24,648,316,332
050,47,043,"Tennessee","Dickson County",3,25,646,330,316
050,47,043,"Tennessee","Dickson County",3,26,661,339,322
050,47,043,"Tennessee","Dickson County",3,27,701,361,340
050,47,043,"Tennessee","Dickson County",3,28,690,344,346
050,47,043,"Tennessee","Dickson County",3,29,758,388,370
050,47,043,"Tennessee","Dickson County",3,30,813,395,418
050,47,043,"Tennessee","Dickson County",3,31,798,378,420
050,47,043,"Tennessee","Dickson County",3,32,796,384,412
050,47,043,"Tennessee","Dickson County",3,33,723,375,348
050,47,043,"Tennessee","Dickson County",3,34,692,352,340
050,47,043,"Tennessee","Dickson County",3,35,717,370,347
050,47,043,"Tennessee","Dickson County",3,36,694,345,349
050,47,043,"Tennessee","Dickson County",3,37,717,334,383
050,47,043,"Tennessee","Dickson County",3,38,730,350,380
050,47,043,"Tennessee","Dickson County",3,39,758,374,384
050,47,043,"Tennessee","Dickson County",3,40,709,354,355
050,47,043,"Tennessee","Dickson County",3,41,685,345,340
050,47,043,"Tennessee","Dickson County",3,42,688,332,356
050,47,043,"Tennessee","Dickson County",3,43,702,345,357
050,47,043,"Tennessee","Dickson County",3,44,730,363,367
050,47,043,"Tennessee","Dickson County",3,45,673,329,344
050,47,043,"Tennessee","Dickson County",3,46,694,345,349
050,47,043,"Tennessee","Dickson County",3,47,703,352,351
050,47,043,"Tennessee","Dickson County",3,48,676,346,330
050,47,043,"Tennessee","Dickson County",3,49,747,365,382
050,47,043,"Tennessee","Dickson County",3,50,838,416,422
050,47,043,"Tennessee","Dickson County",3,51,778,393,385
050,47,043,"Tennessee","Dickson County",3,52,727,347,380
050,47,043,"Tennessee","Dickson County",3,53,711,364,347
050,47,043,"Tennessee","Dickson County",3,54,727,373,354
050,47,043,"Tennessee","Dickson County",3,55,777,385,392
050,47,043,"Tennessee","Dickson County",3,56,819,414,405
050,47,043,"Tennessee","Dickson County",3,57,814,410,404
050,47,043,"Tennessee","Dickson County",3,58,782,398,384
050,47,043,"Tennessee","Dickson County",3,59,797,389,408
050,47,043,"Tennessee","Dickson County",3,60,749,337,412
050,47,043,"Tennessee","Dickson County",3,61,734,339,395
050,47,043,"Tennessee","Dickson County",3,62,740,357,383
050,47,043,"Tennessee","Dickson County",3,63,772,365,407
050,47,043,"Tennessee","Dickson County",3,64,742,353,389
050,47,043,"Tennessee","Dickson County",3,65,685,324,361
050,47,043,"Tennessee","Dickson County",3,66,654,314,340
050,47,043,"Tennessee","Dickson County",3,67,643,300,343
050,47,043,"Tennessee","Dickson County",3,68,607,283,324
050,47,043,"Tennessee","Dickson County",3,69,575,265,310
050,47,043,"Tennessee","Dickson County",3,70,516,237,279
050,47,043,"Tennessee","Dickson County",3,71,512,245,267
050,47,043,"Tennessee","Dickson County",3,72,498,245,253
050,47,043,"Tennessee","Dickson County",3,73,492,239,253
050,47,043,"Tennessee","Dickson County",3,74,517,253,264
050,47,043,"Tennessee","Dickson County",3,75,353,152,201
050,47,043,"Tennessee","Dickson County",3,76,326,144,182
050,47,043,"Tennessee","Dickson County",3,77,349,157,192
050,47,043,"Tennessee","Dickson County",3,78,347,140,207
050,47,043,"Tennessee","Dickson County",3,79,267,113,154
050,47,043,"Tennessee","Dickson County",3,80,235,100,135
050,47,043,"Tennessee","Dickson County",3,81,208,91,117
050,47,043,"Tennessee","Dickson County",3,82,205,84,121
050,47,043,"Tennessee","Dickson County",3,83,184,81,103
050,47,043,"Tennessee","Dickson County",3,84,149,66,83
050,47,043,"Tennessee","Dickson County",3,85,748,273,475
050,47,043,"Tennessee","Dickson County",4,0,645,317,328
050,47,043,"Tennessee","Dickson County",4,1,623,304,319
050,47,043,"Tennessee","Dickson County",4,2,674,341,333
050,47,043,"Tennessee","Dickson County",4,3,671,342,329
050,47,043,"Tennessee","Dickson County",4,4,649,338,311
050,47,043,"Tennessee","Dickson County",4,5,653,345,308
050,47,043,"Tennessee","Dickson County",4,6,683,353,330
050,47,043,"Tennessee","Dickson County",4,7,723,366,357
050,47,043,"Tennessee","Dickson County",4,8,701,345,356
050,47,043,"Tennessee","Dickson County",4,9,725,376,349
050,47,043,"Tennessee","Dickson County",4,10,697,351,346
050,47,043,"Tennessee","Dickson County",4,11,660,350,310
050,47,043,"Tennessee","Dickson County",4,12,712,371,341
050,47,043,"Tennessee","Dickson County",4,13,716,358,358
050,47,043,"Tennessee","Dickson County",4,14,714,353,361
050,47,043,"Tennessee","Dickson County",4,15,781,401,380
050,47,043,"Tennessee","Dickson County",4,16,792,414,378
050,47,043,"Tennessee","Dickson County",4,17,759,403,356
050,47,043,"Tennessee","Dickson County",4,18,639,357,282
050,47,043,"Tennessee","Dickson County",4,19,492,266,226
050,47,043,"Tennessee","Dickson County",4,20,558,299,259
050,47,043,"Tennessee","Dickson County",4,21,601,318,283
050,47,043,"Tennessee","Dickson County",4,22,597,311,286
050,47,043,"Tennessee","Dickson County",4,23,654,342,312
050,47,043,"Tennessee","Dickson County",4,24,668,345,323
050,47,043,"Tennessee","Dickson County",4,25,600,306,294
050,47,043,"Tennessee","Dickson County",4,26,659,330,329
050,47,043,"Tennessee","Dickson County",4,27,693,353,340
050,47,043,"Tennessee","Dickson County",4,28,712,359,353
050,47,043,"Tennessee","Dickson County",4,29,692,353,339
050,47,043,"Tennessee","Dickson County",4,30,769,400,369
050,47,043,"Tennessee","Dickson County",4,31,806,383,423
050,47,043,"Tennessee","Dickson County",4,32,834,398,436
050,47,043,"Tennessee","Dickson County",4,33,797,382,415
050,47,043,"Tennessee","Dickson County",4,34,746,386,360
050,47,043,"Tennessee","Dickson County",4,35,733,376,357
050,47,043,"Tennessee","Dickson County",4,36,761,396,365
050,47,043,"Tennessee","Dickson County",4,37,723,360,363
050,47,043,"Tennessee","Dickson County",4,38,725,343,382
050,47,043,"Tennessee","Dickson County",4,39,742,365,377
050,47,043,"Tennessee","Dickson County",4,40,779,393,386
050,47,043,"Tennessee","Dickson County",4,41,729,365,364
050,47,043,"Tennessee","Dickson County",4,42,680,330,350
050,47,043,"Tennessee","Dickson County",4,43,719,348,371
050,47,043,"Tennessee","Dickson County",4,44,696,341,355
050,47,043,"Tennessee","Dickson County",4,45,731,363,368
050,47,043,"Tennessee","Dickson County",4,46,688,349,339
050,47,043,"Tennessee","Dickson County",4,47,692,338,354
050,47,043,"Tennessee","Dickson County",4,48,714,350,364
050,47,043,"Tennessee","Dickson County",4,49,689,352,337
050,47,043,"Tennessee","Dickson County",4,50,728,353,375
050,47,043,"Tennessee","Dickson County",4,51,841,421,420
050,47,043,"Tennessee","Dickson County",4,52,781,386,395
050,47,043,"Tennessee","Dickson County",4,53,733,352,381
050,47,043,"Tennessee","Dickson County",4,54,729,368,361
050,47,043,"Tennessee","Dickson County",4,55,721,368,353
050,47,043,"Tennessee","Dickson County",4,56,794,395,399
050,47,043,"Tennessee","Dickson County",4,57,827,425,402
050,47,043,"Tennessee","Dickson County",4,58,799,413,386
050,47,043,"Tennessee","Dickson County",4,59,779,393,386
050,47,043,"Tennessee","Dickson County",4,60,787,388,399
050,47,043,"Tennessee","Dickson County",4,61,741,329,412
050,47,043,"Tennessee","Dickson County",4,62,743,331,412
050,47,043,"Tennessee","Dickson County",4,63,742,361,381
050,47,043,"Tennessee","Dickson County",4,64,759,357,402
050,47,043,"Tennessee","Dickson County",4,65,725,340,385
050,47,043,"Tennessee","Dickson County",4,66,674,320,354
050,47,043,"Tennessee","Dickson County",4,67,662,313,349
050,47,043,"Tennessee","Dickson County",4,68,628,294,334
050,47,043,"Tennessee","Dickson County",4,69,595,272,323
050,47,043,"Tennessee","Dickson County",4,70,571,263,308
050,47,043,"Tennessee","Dickson County",4,71,508,230,278
050,47,043,"Tennessee","Dickson County",4,72,484,235,249
050,47,043,"Tennessee","Dickson County",4,73,490,239,251
050,47,043,"Tennessee","Dickson County",4,74,469,227,242
050,47,043,"Tennessee","Dickson County",4,75,499,250,249
050,47,043,"Tennessee","Dickson County",4,76,333,139,194
050,47,043,"Tennessee","Dickson County",4,77,296,128,168
050,47,043,"Tennessee","Dickson County",4,78,339,146,193
050,47,043,"Tennessee","Dickson County",4,79,321,126,195
050,47,043,"Tennessee","Dickson County",4,80,252,105,147
050,47,043,"Tennessee","Dickson County",4,81,211,86,125
050,47,043,"Tennessee","Dickson County",4,82,179,78,101
050,47,043,"Tennessee","Dickson County",4,83,187,70,117
050,47,043,"Tennessee","Dickson County",4,84,178,79,99
050,47,043,"Tennessee","Dickson County",4,85,726,268,458
050,47,043,"Tennessee","Dickson County",5,0,643,316,327
050,47,043,"Tennessee","Dickson County",5,1,685,352,333
050,47,043,"Tennessee","Dickson County",5,2,639,317,322
050,47,043,"Tennessee","Dickson County",5,3,677,336,341
050,47,043,"Tennessee","Dickson County",5,4,683,352,331
050,47,043,"Tennessee","Dickson County",5,5,657,341,316
050,47,043,"Tennessee","Dickson County",5,6,686,353,333
050,47,043,"Tennessee","Dickson County",5,7,690,359,331
050,47,043,"Tennessee","Dickson County",5,8,729,380,349
050,47,043,"Tennessee","Dickson County",5,9,717,353,364
050,47,043,"Tennessee","Dickson County",5,10,722,373,349
050,47,043,"Tennessee","Dickson County",5,11,718,361,357
050,47,043,"Tennessee","Dickson County",5,12,672,355,317
050,47,043,"Tennessee","Dickson County",5,13,719,379,340
050,47,043,"Tennessee","Dickson County",5,14,704,350,354
050,47,043,"Tennessee","Dickson County",5,15,731,371,360
050,47,043,"Tennessee","Dickson County",5,16,832,441,391
050,47,043,"Tennessee","Dickson County",5,17,820,421,399
050,47,043,"Tennessee","Dickson County",5,18,643,361,282
050,47,043,"Tennessee","Dickson County",5,19,509,279,230
050,47,043,"Tennessee","Dickson County",5,20,551,288,263
050,47,043,"Tennessee","Dickson County",5,21,602,334,268
050,47,043,"Tennessee","Dickson County",5,22,627,322,305
050,47,043,"Tennessee","Dickson County",5,23,675,362,313
050,47,043,"Tennessee","Dickson County",5,24,696,361,335
050,47,043,"Tennessee","Dickson County",5,25,695,353,342
050,47,043,"Tennessee","Dickson County",5,26,626,321,305
050,47,043,"Tennessee","Dickson County",5,27,701,363,338
050,47,043,"Tennessee","Dickson County",5,28,727,368,359
050,47,043,"Tennessee","Dickson County",5,29,747,379,368
050,47,043,"Tennessee","Dickson County",5,30,729,366,363
050,47,043,"Tennessee","Dickson County",5,31,788,399,389
050,47,043,"Tennessee","Dickson County",5,32,834,408,426
050,47,043,"Tennessee","Dickson County",5,33,849,402,447
050,47,043,"Tennessee","Dickson County",5,34,837,397,440
050,47,043,"Tennessee","Dickson County",5,35,744,388,356
050,47,043,"Tennessee","Dickson County",5,36,761,384,377
050,47,043,"Tennessee","Dickson County",5,37,761,393,368
050,47,043,"Tennessee","Dickson County",5,38,710,349,361
050,47,043,"Tennessee","Dickson County",5,39,741,361,380
050,47,043,"Tennessee","Dickson County",5,40,757,374,383
050,47,043,"Tennessee","Dickson County",5,41,790,396,394
050,47,043,"Tennessee","Dickson County",5,42,728,362,366
050,47,043,"Tennessee","Dickson County",5,43,679,344,335
050,47,043,"Tennessee","Dickson County",5,44,730,353,377
050,47,043,"Tennessee","Dickson County",5,45,688,333,355
050,47,043,"Tennessee","Dickson County",5,46,734,372,362
050,47,043,"Tennessee","Dickson County",5,47,675,339,336
050,47,043,"Tennessee","Dickson County",5,48,696,331,365
050,47,043,"Tennessee","Dickson County",5,49,723,355,368
050,47,043,"Tennessee","Dickson County",5,50,684,340,344
050,47,043,"Tennessee","Dickson County",5,51,765,372,393
050,47,043,"Tennessee","Dickson County",5,52,857,431,426
050,47,043,"Tennessee","Dickson County",5,53,784,389,395
050,47,043,"Tennessee","Dickson County",5,54,741,348,393
050,47,043,"Tennessee","Dickson County",5,55,744,371,373
050,47,043,"Tennessee","Dickson County",5,56,723,378,345
050,47,043,"Tennessee","Dickson County",5,57,798,400,398
050,47,043,"Tennessee","Dickson County",5,58,835,426,409
050,47,043,"Tennessee","Dickson County",5,59,804,423,381
050,47,043,"Tennessee","Dickson County",5,60,782,398,384
050,47,043,"Tennessee","Dickson County",5,61,802,393,409
050,47,043,"Tennessee","Dickson County",5,62,743,320,423
050,47,043,"Tennessee","Dickson County",5,63,749,342,407
050,47,043,"Tennessee","Dickson County",5,64,739,359,380
050,47,043,"Tennessee","Dickson County",5,65,751,354,397
050,47,043,"Tennessee","Dickson County",5,66,724,342,382
050,47,043,"Tennessee","Dickson County",5,67,667,312,355
050,47,043,"Tennessee","Dickson County",5,68,660,311,349
050,47,043,"Tennessee","Dickson County",5,69,622,285,337
050,47,043,"Tennessee","Dickson County",5,70,581,265,316
050,47,043,"Tennessee","Dickson County",5,71,568,261,307
050,47,043,"Tennessee","Dickson County",5,72,493,221,272
050,47,043,"Tennessee","Dickson County",5,73,475,232,243
050,47,043,"Tennessee","Dickson County",5,74,474,228,246
050,47,043,"Tennessee","Dickson County",5,75,456,219,237
050,47,043,"Tennessee","Dickson County",5,76,483,241,242
050,47,043,"Tennessee","Dickson County",5,77,314,131,183
050,47,043,"Tennessee","Dickson County",5,78,281,116,165
050,47,043,"Tennessee","Dickson County",5,79,315,139,176
050,47,043,"Tennessee","Dickson County",5,80,311,120,191
050,47,043,"Tennessee","Dickson County",5,81,226,90,136
050,47,043,"Tennessee","Dickson County",5,82,194,78,116
050,47,043,"Tennessee","Dickson County",5,83,165,68,97
050,47,043,"Tennessee","Dickson County",5,84,180,68,112
050,47,043,"Tennessee","Dickson County",5,85,762,291,471
050,47,045,"Tennessee","Dyer County",1,0,441,229,212
050,47,045,"Tennessee","Dyer County",1,1,439,233,206
050,47,045,"Tennessee","Dyer County",1,2,420,214,206
050,47,045,"Tennessee","Dyer County",1,3,490,253,237
050,47,045,"Tennessee","Dyer County",1,4,468,248,220
050,47,045,"Tennessee","Dyer County",1,5,446,236,210
050,47,045,"Tennessee","Dyer County",1,6,468,255,213
050,47,045,"Tennessee","Dyer County",1,7,484,240,244
050,47,045,"Tennessee","Dyer County",1,8,499,238,261
050,47,045,"Tennessee","Dyer County",1,9,478,235,243
050,47,045,"Tennessee","Dyer County",1,10,482,257,225
050,47,045,"Tennessee","Dyer County",1,11,516,265,251
050,47,045,"Tennessee","Dyer County",1,12,552,291,261
050,47,045,"Tennessee","Dyer County",1,13,522,258,264
050,47,045,"Tennessee","Dyer County",1,14,511,266,245
050,47,045,"Tennessee","Dyer County",1,15,525,281,244
050,47,045,"Tennessee","Dyer County",1,16,529,288,241
050,47,045,"Tennessee","Dyer County",1,17,529,265,264
050,47,045,"Tennessee","Dyer County",1,18,446,229,217
050,47,045,"Tennessee","Dyer County",1,19,376,198,178
050,47,045,"Tennessee","Dyer County",1,20,398,200,198
050,47,045,"Tennessee","Dyer County",1,21,400,192,208
050,47,045,"Tennessee","Dyer County",1,22,429,208,221
050,47,045,"Tennessee","Dyer County",1,23,430,208,222
050,47,045,"Tennessee","Dyer County",1,24,447,219,228
050,47,045,"Tennessee","Dyer County",1,25,488,216,272
050,47,045,"Tennessee","Dyer County",1,26,455,214,241
050,47,045,"Tennessee","Dyer County",1,27,485,241,244
050,47,045,"Tennessee","Dyer County",1,28,465,232,233
050,47,045,"Tennessee","Dyer County",1,29,481,230,251
050,47,045,"Tennessee","Dyer County",1,30,495,257,238
050,47,045,"Tennessee","Dyer County",1,31,448,222,226
050,47,045,"Tennessee","Dyer County",1,32,445,197,248
050,47,045,"Tennessee","Dyer County",1,33,447,201,246
050,47,045,"Tennessee","Dyer County",1,34,415,203,212
050,47,045,"Tennessee","Dyer County",1,35,431,208,223
050,47,045,"Tennessee","Dyer County",1,36,434,211,223
050,47,045,"Tennessee","Dyer County",1,37,430,203,227
050,47,045,"Tennessee","Dyer County",1,38,418,189,229
050,47,045,"Tennessee","Dyer County",1,39,431,189,242
050,47,045,"Tennessee","Dyer County",1,40,424,201,223
050,47,045,"Tennessee","Dyer County",1,41,429,192,237
050,47,045,"Tennessee","Dyer County",1,42,485,240,245
050,47,045,"Tennessee","Dyer County",1,43,446,214,232
050,47,045,"Tennessee","Dyer County",1,44,422,209,213
050,47,045,"Tennessee","Dyer County",1,45,464,224,240
050,47,045,"Tennessee","Dyer County",1,46,423,210,213
050,47,045,"Tennessee","Dyer County",1,47,437,219,218
050,47,045,"Tennessee","Dyer County",1,48,484,246,238
050,47,045,"Tennessee","Dyer County",1,49,525,248,277
050,47,045,"Tennessee","Dyer County",1,50,504,236,268
050,47,045,"Tennessee","Dyer County",1,51,475,237,238
050,47,045,"Tennessee","Dyer County",1,52,433,221,212
050,47,045,"Tennessee","Dyer County",1,53,466,222,244
050,47,045,"Tennessee","Dyer County",1,54,511,246,265
050,47,045,"Tennessee","Dyer County",1,55,553,278,275
050,47,045,"Tennessee","Dyer County",1,56,520,268,252
050,47,045,"Tennessee","Dyer County",1,57,510,256,254
050,47,045,"Tennessee","Dyer County",1,58,514,240,274
050,47,045,"Tennessee","Dyer County",1,59,483,235,248
050,47,045,"Tennessee","Dyer County",1,60,485,265,220
050,47,045,"Tennessee","Dyer County",1,61,455,230,225
050,47,045,"Tennessee","Dyer County",1,62,449,217,232
050,47,045,"Tennessee","Dyer County",1,63,469,232,237
050,47,045,"Tennessee","Dyer County",1,64,454,229,225
050,47,045,"Tennessee","Dyer County",1,65,433,214,219
050,47,045,"Tennessee","Dyer County",1,66,412,193,219
050,47,045,"Tennessee","Dyer County",1,67,398,183,215
050,47,045,"Tennessee","Dyer County",1,68,400,181,219
050,47,045,"Tennessee","Dyer County",1,69,372,169,203
050,47,045,"Tennessee","Dyer County",1,70,359,155,204
050,47,045,"Tennessee","Dyer County",1,71,424,199,225
050,47,045,"Tennessee","Dyer County",1,72,410,194,216
050,47,045,"Tennessee","Dyer County",1,73,408,185,223
050,47,045,"Tennessee","Dyer County",1,74,285,119,166
050,47,045,"Tennessee","Dyer County",1,75,295,127,168
050,47,045,"Tennessee","Dyer County",1,76,273,122,151
050,47,045,"Tennessee","Dyer County",1,77,239,104,135
050,47,045,"Tennessee","Dyer County",1,78,193,84,109
050,47,045,"Tennessee","Dyer County",1,79,192,88,104
050,47,045,"Tennessee","Dyer County",1,80,174,68,106
050,47,045,"Tennessee","Dyer County",1,81,166,67,99
050,47,045,"Tennessee","Dyer County",1,82,148,57,91
050,47,045,"Tennessee","Dyer County",1,83,143,62,81
050,47,045,"Tennessee","Dyer County",1,84,128,52,76
050,47,045,"Tennessee","Dyer County",1,85,643,213,430
050,47,045,"Tennessee","Dyer County",2,0,440,238,202
050,47,045,"Tennessee","Dyer County",2,1,433,229,204
050,47,045,"Tennessee","Dyer County",2,2,429,221,208
050,47,045,"Tennessee","Dyer County",2,3,472,246,226
050,47,045,"Tennessee","Dyer County",2,4,470,249,221
050,47,045,"Tennessee","Dyer County",2,5,449,238,211
050,47,045,"Tennessee","Dyer County",2,6,466,250,216
050,47,045,"Tennessee","Dyer County",2,7,479,245,234
050,47,045,"Tennessee","Dyer County",2,8,492,234,258
050,47,045,"Tennessee","Dyer County",2,9,478,233,245
050,47,045,"Tennessee","Dyer County",2,10,480,253,227
050,47,045,"Tennessee","Dyer County",2,11,506,265,241
050,47,045,"Tennessee","Dyer County",2,12,547,287,260
050,47,045,"Tennessee","Dyer County",2,13,526,265,261
050,47,045,"Tennessee","Dyer County",2,14,515,267,248
050,47,045,"Tennessee","Dyer County",2,15,521,276,245
050,47,045,"Tennessee","Dyer County",2,16,528,286,242
050,47,045,"Tennessee","Dyer County",2,17,525,268,257
050,47,045,"Tennessee","Dyer County",2,18,446,229,217
050,47,045,"Tennessee","Dyer County",2,19,376,198,178
050,47,045,"Tennessee","Dyer County",2,20,400,200,200
050,47,045,"Tennessee","Dyer County",2,21,405,194,211
050,47,045,"Tennessee","Dyer County",2,22,425,205,220
050,47,045,"Tennessee","Dyer County",2,23,431,210,221
050,47,045,"Tennessee","Dyer County",2,24,447,217,230
050,47,045,"Tennessee","Dyer County",2,25,473,216,257
050,47,045,"Tennessee","Dyer County",2,26,463,216,247
050,47,045,"Tennessee","Dyer County",2,27,477,234,243
050,47,045,"Tennessee","Dyer County",2,28,467,233,234
050,47,045,"Tennessee","Dyer County",2,29,478,233,245
050,47,045,"Tennessee","Dyer County",2,30,496,254,242
050,47,045,"Tennessee","Dyer County",2,31,458,229,229
050,47,045,"Tennessee","Dyer County",2,32,445,201,244
050,47,045,"Tennessee","Dyer County",2,33,444,202,242
050,47,045,"Tennessee","Dyer County",2,34,420,201,219
050,47,045,"Tennessee","Dyer County",2,35,428,208,220
050,47,045,"Tennessee","Dyer County",2,36,426,207,219
050,47,045,"Tennessee","Dyer County",2,37,431,205,226
050,47,045,"Tennessee","Dyer County",2,38,425,192,233
050,47,045,"Tennessee","Dyer County",2,39,427,189,238
050,47,045,"Tennessee","Dyer County",2,40,428,199,229
050,47,045,"Tennessee","Dyer County",2,41,426,194,232
050,47,045,"Tennessee","Dyer County",2,42,468,227,241
050,47,045,"Tennessee","Dyer County",2,43,459,224,235
050,47,045,"Tennessee","Dyer County",2,44,423,208,215
050,47,045,"Tennessee","Dyer County",2,45,453,220,233
050,47,045,"Tennessee","Dyer County",2,46,429,212,217
050,47,045,"Tennessee","Dyer County",2,47,430,213,217
050,47,045,"Tennessee","Dyer County",2,48,468,237,231
050,47,045,"Tennessee","Dyer County",2,49,516,249,267
050,47,045,"Tennessee","Dyer County",2,50,509,240,269
050,47,045,"Tennessee","Dyer County",2,51,477,235,242
050,47,045,"Tennessee","Dyer County",2,52,435,219,216
050,47,045,"Tennessee","Dyer County",2,53,456,221,235
050,47,045,"Tennessee","Dyer County",2,54,495,238,257
050,47,045,"Tennessee","Dyer County",2,55,539,267,272
050,47,045,"Tennessee","Dyer County",2,56,533,273,260
050,47,045,"Tennessee","Dyer County",2,57,510,259,251
050,47,045,"Tennessee","Dyer County",2,58,511,242,269
050,47,045,"Tennessee","Dyer County",2,59,490,235,255
050,47,045,"Tennessee","Dyer County",2,60,483,258,225
050,47,045,"Tennessee","Dyer County",2,61,457,233,224
050,47,045,"Tennessee","Dyer County",2,62,444,218,226
050,47,045,"Tennessee","Dyer County",2,63,465,228,237
050,47,045,"Tennessee","Dyer County",2,64,451,227,224
050,47,045,"Tennessee","Dyer County",2,65,437,218,219
050,47,045,"Tennessee","Dyer County",2,66,416,202,214
050,47,045,"Tennessee","Dyer County",2,67,399,184,215
050,47,045,"Tennessee","Dyer County",2,68,391,173,218
050,47,045,"Tennessee","Dyer County",2,69,381,173,208
050,47,045,"Tennessee","Dyer County",2,70,360,158,202
050,47,045,"Tennessee","Dyer County",2,71,406,187,219
050,47,045,"Tennessee","Dyer County",2,72,408,193,215
050,47,045,"Tennessee","Dyer County",2,73,423,194,229
050,47,045,"Tennessee","Dyer County",2,74,294,125,169
050,47,045,"Tennessee","Dyer County",2,75,291,125,166
050,47,045,"Tennessee","Dyer County",2,76,273,120,153
050,47,045,"Tennessee","Dyer County",2,77,251,112,139
050,47,045,"Tennessee","Dyer County",2,78,198,85,113
050,47,045,"Tennessee","Dyer County",2,79,189,84,105
050,47,045,"Tennessee","Dyer County",2,80,180,74,106
050,47,045,"Tennessee","Dyer County",2,81,163,63,100
050,47,045,"Tennessee","Dyer County",2,82,151,59,92
050,47,045,"Tennessee","Dyer County",2,83,139,60,79
050,47,045,"Tennessee","Dyer County",2,84,127,51,76
050,47,045,"Tennessee","Dyer County",2,85,640,213,427
050,47,045,"Tennessee","Dyer County",3,0,465,248,217
050,47,045,"Tennessee","Dyer County",3,1,443,230,213
050,47,045,"Tennessee","Dyer County",3,2,427,223,204
050,47,045,"Tennessee","Dyer County",3,3,438,229,209
050,47,045,"Tennessee","Dyer County",3,4,475,245,230
050,47,045,"Tennessee","Dyer County",3,5,471,253,218
050,47,045,"Tennessee","Dyer County",3,6,485,259,226
050,47,045,"Tennessee","Dyer County",3,7,467,254,213
050,47,045,"Tennessee","Dyer County",3,8,464,235,229
050,47,045,"Tennessee","Dyer County",3,9,502,241,261
050,47,045,"Tennessee","Dyer County",3,10,487,239,248
050,47,045,"Tennessee","Dyer County",3,11,473,252,221
050,47,045,"Tennessee","Dyer County",3,12,500,258,242
050,47,045,"Tennessee","Dyer County",3,13,538,275,263
050,47,045,"Tennessee","Dyer County",3,14,535,266,269
050,47,045,"Tennessee","Dyer County",3,15,518,270,248
050,47,045,"Tennessee","Dyer County",3,16,523,270,253
050,47,045,"Tennessee","Dyer County",3,17,526,289,237
050,47,045,"Tennessee","Dyer County",3,18,437,231,206
050,47,045,"Tennessee","Dyer County",3,19,363,188,175
050,47,045,"Tennessee","Dyer County",3,20,414,216,198
050,47,045,"Tennessee","Dyer County",3,21,415,212,203
050,47,045,"Tennessee","Dyer County",3,22,420,198,222
050,47,045,"Tennessee","Dyer County",3,23,429,216,213
050,47,045,"Tennessee","Dyer County",3,24,441,213,228
050,47,045,"Tennessee","Dyer County",3,25,439,208,231
050,47,045,"Tennessee","Dyer County",3,26,475,222,253
050,47,045,"Tennessee","Dyer County",3,27,474,219,255
050,47,045,"Tennessee","Dyer County",3,28,473,228,245
050,47,045,"Tennessee","Dyer County",3,29,453,217,236
050,47,045,"Tennessee","Dyer County",3,30,476,236,240
050,47,045,"Tennessee","Dyer County",3,31,491,250,241
050,47,045,"Tennessee","Dyer County",3,32,472,227,245
050,47,045,"Tennessee","Dyer County",3,33,439,199,240
050,47,045,"Tennessee","Dyer County",3,34,446,208,238
050,47,045,"Tennessee","Dyer County",3,35,414,188,226
050,47,045,"Tennessee","Dyer County",3,36,424,208,216
050,47,045,"Tennessee","Dyer County",3,37,442,217,225
050,47,045,"Tennessee","Dyer County",3,38,424,201,223
050,47,045,"Tennessee","Dyer County",3,39,429,198,231
050,47,045,"Tennessee","Dyer County",3,40,425,193,232
050,47,045,"Tennessee","Dyer County",3,41,411,196,215
050,47,045,"Tennessee","Dyer County",3,42,428,194,234
050,47,045,"Tennessee","Dyer County",3,43,459,228,231
050,47,045,"Tennessee","Dyer County",3,44,456,219,237
050,47,045,"Tennessee","Dyer County",3,45,427,211,216
050,47,045,"Tennessee","Dyer County",3,46,456,218,238
050,47,045,"Tennessee","Dyer County",3,47,431,211,220
050,47,045,"Tennessee","Dyer County",3,48,441,219,222
050,47,045,"Tennessee","Dyer County",3,49,469,234,235
050,47,045,"Tennessee","Dyer County",3,50,507,244,263
050,47,045,"Tennessee","Dyer County",3,51,507,237,270
050,47,045,"Tennessee","Dyer County",3,52,471,229,242
050,47,045,"Tennessee","Dyer County",3,53,429,218,211
050,47,045,"Tennessee","Dyer County",3,54,466,221,245
050,47,045,"Tennessee","Dyer County",3,55,488,234,254
050,47,045,"Tennessee","Dyer County",3,56,534,270,264
050,47,045,"Tennessee","Dyer County",3,57,521,264,257
050,47,045,"Tennessee","Dyer County",3,58,519,267,252
050,47,045,"Tennessee","Dyer County",3,59,504,235,269
050,47,045,"Tennessee","Dyer County",3,60,490,240,250
050,47,045,"Tennessee","Dyer County",3,61,475,244,231
050,47,045,"Tennessee","Dyer County",3,62,438,224,214
050,47,045,"Tennessee","Dyer County",3,63,433,216,217
050,47,045,"Tennessee","Dyer County",3,64,463,227,236
050,47,045,"Tennessee","Dyer County",3,65,436,216,220
050,47,045,"Tennessee","Dyer County",3,66,422,212,210
050,47,045,"Tennessee","Dyer County",3,67,397,185,212
050,47,045,"Tennessee","Dyer County",3,68,377,166,211
050,47,045,"Tennessee","Dyer County",3,69,380,169,211
050,47,045,"Tennessee","Dyer County",3,70,367,163,204
050,47,045,"Tennessee","Dyer County",3,71,353,155,198
050,47,045,"Tennessee","Dyer County",3,72,393,177,216
050,47,045,"Tennessee","Dyer County",3,73,380,181,199
050,47,045,"Tennessee","Dyer County",3,74,401,183,218
050,47,045,"Tennessee","Dyer County",3,75,286,119,167
050,47,045,"Tennessee","Dyer County",3,76,270,106,164
050,47,045,"Tennessee","Dyer County",3,77,260,112,148
050,47,045,"Tennessee","Dyer County",3,78,229,97,132
050,47,045,"Tennessee","Dyer County",3,79,182,75,107
050,47,045,"Tennessee","Dyer County",3,80,184,83,101
050,47,045,"Tennessee","Dyer County",3,81,172,67,105
050,47,045,"Tennessee","Dyer County",3,82,152,62,90
050,47,045,"Tennessee","Dyer County",3,83,138,55,83
050,47,045,"Tennessee","Dyer County",3,84,124,52,72
050,47,045,"Tennessee","Dyer County",3,85,631,223,408
050,47,045,"Tennessee","Dyer County",4,0,489,240,249
050,47,045,"Tennessee","Dyer County",4,1,455,244,211
050,47,045,"Tennessee","Dyer County",4,2,467,235,232
050,47,045,"Tennessee","Dyer County",4,3,421,218,203
050,47,045,"Tennessee","Dyer County",4,4,463,239,224
050,47,045,"Tennessee","Dyer County",4,5,497,260,237
050,47,045,"Tennessee","Dyer County",4,6,460,247,213
050,47,045,"Tennessee","Dyer County",4,7,488,266,222
050,47,045,"Tennessee","Dyer County",4,8,468,254,214
050,47,045,"Tennessee","Dyer County",4,9,466,240,226
050,47,045,"Tennessee","Dyer County",4,10,507,249,258
050,47,045,"Tennessee","Dyer County",4,11,476,233,243
050,47,045,"Tennessee","Dyer County",4,12,476,254,222
050,47,045,"Tennessee","Dyer County",4,13,500,264,236
050,47,045,"Tennessee","Dyer County",4,14,527,272,255
050,47,045,"Tennessee","Dyer County",4,15,533,267,266
050,47,045,"Tennessee","Dyer County",4,16,505,262,243
050,47,045,"Tennessee","Dyer County",4,17,518,268,250
050,47,045,"Tennessee","Dyer County",4,18,446,256,190
050,47,045,"Tennessee","Dyer County",4,19,350,184,166
050,47,045,"Tennessee","Dyer County",4,20,374,190,184
050,47,045,"Tennessee","Dyer County",4,21,441,225,216
050,47,045,"Tennessee","Dyer County",4,22,440,220,220
050,47,045,"Tennessee","Dyer County",4,23,436,205,231
050,47,045,"Tennessee","Dyer County",4,24,421,213,208
050,47,045,"Tennessee","Dyer County",4,25,452,232,220
050,47,045,"Tennessee","Dyer County",4,26,454,219,235
050,47,045,"Tennessee","Dyer County",4,27,491,236,255
050,47,045,"Tennessee","Dyer County",4,28,484,223,261
050,47,045,"Tennessee","Dyer County",4,29,476,231,245
050,47,045,"Tennessee","Dyer County",4,30,471,231,240
050,47,045,"Tennessee","Dyer County",4,31,472,241,231
050,47,045,"Tennessee","Dyer County",4,32,506,250,256
050,47,045,"Tennessee","Dyer County",4,33,483,235,248
050,47,045,"Tennessee","Dyer County",4,34,430,194,236
050,47,045,"Tennessee","Dyer County",4,35,449,207,242
050,47,045,"Tennessee","Dyer County",4,36,400,181,219
050,47,045,"Tennessee","Dyer County",4,37,424,205,219
050,47,045,"Tennessee","Dyer County",4,38,445,212,233
050,47,045,"Tennessee","Dyer County",4,39,429,207,222
050,47,045,"Tennessee","Dyer County",4,40,432,192,240
050,47,045,"Tennessee","Dyer County",4,41,411,192,219
050,47,045,"Tennessee","Dyer County",4,42,419,202,217
050,47,045,"Tennessee","Dyer County",4,43,423,197,226
050,47,045,"Tennessee","Dyer County",4,44,457,227,230
050,47,045,"Tennessee","Dyer County",4,45,457,220,237
050,47,045,"Tennessee","Dyer County",4,46,422,210,212
050,47,045,"Tennessee","Dyer County",4,47,452,212,240
050,47,045,"Tennessee","Dyer County",4,48,427,212,215
050,47,045,"Tennessee","Dyer County",4,49,429,211,218
050,47,045,"Tennessee","Dyer County",4,50,453,227,226
050,47,045,"Tennessee","Dyer County",4,51,509,249,260
050,47,045,"Tennessee","Dyer County",4,52,497,229,268
050,47,045,"Tennessee","Dyer County",4,53,462,224,238
050,47,045,"Tennessee","Dyer County",4,54,412,202,210
050,47,045,"Tennessee","Dyer County",4,55,470,228,242
050,47,045,"Tennessee","Dyer County",4,56,482,225,257
050,47,045,"Tennessee","Dyer County",4,57,511,260,251
050,47,045,"Tennessee","Dyer County",4,58,500,250,250
050,47,045,"Tennessee","Dyer County",4,59,513,258,255
050,47,045,"Tennessee","Dyer County",4,60,491,232,259
050,47,045,"Tennessee","Dyer County",4,61,480,230,250
050,47,045,"Tennessee","Dyer County",4,62,462,239,223
050,47,045,"Tennessee","Dyer County",4,63,434,219,215
050,47,045,"Tennessee","Dyer County",4,64,417,205,212
050,47,045,"Tennessee","Dyer County",4,65,451,215,236
050,47,045,"Tennessee","Dyer County",4,66,426,212,214
050,47,045,"Tennessee","Dyer County",4,67,400,196,204
050,47,045,"Tennessee","Dyer County",4,68,376,169,207
050,47,045,"Tennessee","Dyer County",4,69,369,161,208
050,47,045,"Tennessee","Dyer County",4,70,357,158,199
050,47,045,"Tennessee","Dyer County",4,71,356,155,201
050,47,045,"Tennessee","Dyer County",4,72,331,145,186
050,47,045,"Tennessee","Dyer County",4,73,367,168,199
050,47,045,"Tennessee","Dyer County",4,74,353,168,185
050,47,045,"Tennessee","Dyer County",4,75,384,172,212
050,47,045,"Tennessee","Dyer County",4,76,273,105,168
050,47,045,"Tennessee","Dyer County",4,77,246,95,151
050,47,045,"Tennessee","Dyer County",4,78,243,100,143
050,47,045,"Tennessee","Dyer County",4,79,220,94,126
050,47,045,"Tennessee","Dyer County",4,80,174,71,103
050,47,045,"Tennessee","Dyer County",4,81,169,75,94
050,47,045,"Tennessee","Dyer County",4,82,157,63,94
050,47,045,"Tennessee","Dyer County",4,83,130,56,74
050,47,045,"Tennessee","Dyer County",4,84,124,44,80
050,47,045,"Tennessee","Dyer County",4,85,622,232,390
050,47,045,"Tennessee","Dyer County",5,0,491,242,249
050,47,045,"Tennessee","Dyer County",5,1,515,255,260
050,47,045,"Tennessee","Dyer County",5,2,451,238,213
050,47,045,"Tennessee","Dyer County",5,3,479,233,246
050,47,045,"Tennessee","Dyer County",5,4,446,237,209
050,47,045,"Tennessee","Dyer County",5,5,465,237,228
050,47,045,"Tennessee","Dyer County",5,6,493,256,237
050,47,045,"Tennessee","Dyer County",5,7,472,252,220
050,47,045,"Tennessee","Dyer County",5,8,489,266,223
050,47,045,"Tennessee","Dyer County",5,9,470,251,219
050,47,045,"Tennessee","Dyer County",5,10,485,245,240
050,47,045,"Tennessee","Dyer County",5,11,513,248,265
050,47,045,"Tennessee","Dyer County",5,12,499,249,250
050,47,045,"Tennessee","Dyer County",5,13,474,253,221
050,47,045,"Tennessee","Dyer County",5,14,506,263,243
050,47,045,"Tennessee","Dyer County",5,15,528,273,255
050,47,045,"Tennessee","Dyer County",5,16,521,257,264
050,47,045,"Tennessee","Dyer County",5,17,508,265,243
050,47,045,"Tennessee","Dyer County",5,18,447,233,214
050,47,045,"Tennessee","Dyer County",5,19,365,205,160
050,47,045,"Tennessee","Dyer County",5,20,379,198,181
050,47,045,"Tennessee","Dyer County",5,21,408,199,209
050,47,045,"Tennessee","Dyer County",5,22,450,220,230
050,47,045,"Tennessee","Dyer County",5,23,442,221,221
050,47,045,"Tennessee","Dyer County",5,24,459,223,236
050,47,045,"Tennessee","Dyer County",5,25,417,204,213
050,47,045,"Tennessee","Dyer County",5,26,450,229,221
050,47,045,"Tennessee","Dyer County",5,27,460,224,236
050,47,045,"Tennessee","Dyer County",5,28,493,224,269
050,47,045,"Tennessee","Dyer County",5,29,493,226,267
050,47,045,"Tennessee","Dyer County",5,30,485,240,245
050,47,045,"Tennessee","Dyer County",5,31,461,230,231
050,47,045,"Tennessee","Dyer County",5,32,488,246,242
050,47,045,"Tennessee","Dyer County",5,33,518,258,260
050,47,045,"Tennessee","Dyer County",5,34,487,242,245
050,47,045,"Tennessee","Dyer County",5,35,426,188,238
050,47,045,"Tennessee","Dyer County",5,36,439,197,242
050,47,045,"Tennessee","Dyer County",5,37,405,190,215
050,47,045,"Tennessee","Dyer County",5,38,434,207,227
050,47,045,"Tennessee","Dyer County",5,39,440,219,221
050,47,045,"Tennessee","Dyer County",5,40,435,204,231
050,47,045,"Tennessee","Dyer County",5,41,427,187,240
050,47,045,"Tennessee","Dyer County",5,42,433,206,227
050,47,045,"Tennessee","Dyer County",5,43,416,206,210
050,47,045,"Tennessee","Dyer County",5,44,426,196,230
050,47,045,"Tennessee","Dyer County",5,45,453,227,226
050,47,045,"Tennessee","Dyer County",5,46,436,205,231
050,47,045,"Tennessee","Dyer County",5,47,432,216,216
050,47,045,"Tennessee","Dyer County",5,48,456,221,235
050,47,045,"Tennessee","Dyer County",5,49,425,207,218
050,47,045,"Tennessee","Dyer County",5,50,423,203,220
050,47,045,"Tennessee","Dyer County",5,51,454,227,227
050,47,045,"Tennessee","Dyer County",5,52,494,235,259
050,47,045,"Tennessee","Dyer County",5,53,491,227,264
050,47,045,"Tennessee","Dyer County",5,54,465,226,239
050,47,045,"Tennessee","Dyer County",5,55,404,195,209
050,47,045,"Tennessee","Dyer County",5,56,470,233,237
050,47,045,"Tennessee","Dyer County",5,57,477,224,253
050,47,045,"Tennessee","Dyer County",5,58,494,250,244
050,47,045,"Tennessee","Dyer County",5,59,494,246,248
050,47,045,"Tennessee","Dyer County",5,60,501,255,246
050,47,045,"Tennessee","Dyer County",5,61,486,220,266
050,47,045,"Tennessee","Dyer County",5,62,465,223,242
050,47,045,"Tennessee","Dyer County",5,63,450,228,222
050,47,045,"Tennessee","Dyer County",5,64,419,212,207
050,47,045,"Tennessee","Dyer County",5,65,411,197,214
050,47,045,"Tennessee","Dyer County",5,66,434,211,223
050,47,045,"Tennessee","Dyer County",5,67,413,200,213
050,47,045,"Tennessee","Dyer County",5,68,384,179,205
050,47,045,"Tennessee","Dyer County",5,69,367,164,203
050,47,045,"Tennessee","Dyer County",5,70,358,154,204
050,47,045,"Tennessee","Dyer County",5,71,342,149,193
050,47,045,"Tennessee","Dyer County",5,72,338,149,189
050,47,045,"Tennessee","Dyer County",5,73,308,137,171
050,47,045,"Tennessee","Dyer County",5,74,345,159,186
050,47,045,"Tennessee","Dyer County",5,75,335,155,180
050,47,045,"Tennessee","Dyer County",5,76,357,153,204
050,47,045,"Tennessee","Dyer County",5,77,252,97,155
050,47,045,"Tennessee","Dyer County",5,78,227,86,141
050,47,045,"Tennessee","Dyer County",5,79,234,97,137
050,47,045,"Tennessee","Dyer County",5,80,206,88,118
050,47,045,"Tennessee","Dyer County",5,81,166,66,100
050,47,045,"Tennessee","Dyer County",5,82,158,72,86
050,47,045,"Tennessee","Dyer County",5,83,140,57,83
050,47,045,"Tennessee","Dyer County",5,84,113,46,67
050,47,045,"Tennessee","Dyer County",5,85,633,242,391
050,47,047,"Tennessee","Fayette County",1,0,384,197,187
050,47,047,"Tennessee","Fayette County",1,1,387,193,194
050,47,047,"Tennessee","Fayette County",1,2,410,199,211
050,47,047,"Tennessee","Fayette County",1,3,395,203,192
050,47,047,"Tennessee","Fayette County",1,4,399,200,199
050,47,047,"Tennessee","Fayette County",1,5,393,195,198
050,47,047,"Tennessee","Fayette County",1,6,415,218,197
050,47,047,"Tennessee","Fayette County",1,7,409,199,210
050,47,047,"Tennessee","Fayette County",1,8,402,186,216
050,47,047,"Tennessee","Fayette County",1,9,439,237,202
050,47,047,"Tennessee","Fayette County",1,10,426,217,209
050,47,047,"Tennessee","Fayette County",1,11,433,224,209
050,47,047,"Tennessee","Fayette County",1,12,446,233,213
050,47,047,"Tennessee","Fayette County",1,13,461,255,206
050,47,047,"Tennessee","Fayette County",1,14,468,257,211
050,47,047,"Tennessee","Fayette County",1,15,473,251,222
050,47,047,"Tennessee","Fayette County",1,16,500,281,219
050,47,047,"Tennessee","Fayette County",1,17,510,286,224
050,47,047,"Tennessee","Fayette County",1,18,422,229,193
050,47,047,"Tennessee","Fayette County",1,19,357,188,169
050,47,047,"Tennessee","Fayette County",1,20,391,209,182
050,47,047,"Tennessee","Fayette County",1,21,416,213,203
050,47,047,"Tennessee","Fayette County",1,22,420,213,207
050,47,047,"Tennessee","Fayette County",1,23,427,218,209
050,47,047,"Tennessee","Fayette County",1,24,446,226,220
050,47,047,"Tennessee","Fayette County",1,25,443,214,229
050,47,047,"Tennessee","Fayette County",1,26,432,203,229
050,47,047,"Tennessee","Fayette County",1,27,471,229,242
050,47,047,"Tennessee","Fayette County",1,28,477,235,242
050,47,047,"Tennessee","Fayette County",1,29,487,248,239
050,47,047,"Tennessee","Fayette County",1,30,451,224,227
050,47,047,"Tennessee","Fayette County",1,31,462,220,242
050,47,047,"Tennessee","Fayette County",1,32,457,233,224
050,47,047,"Tennessee","Fayette County",1,33,413,212,201
050,47,047,"Tennessee","Fayette County",1,34,442,232,210
050,47,047,"Tennessee","Fayette County",1,35,444,225,219
050,47,047,"Tennessee","Fayette County",1,36,480,238,242
050,47,047,"Tennessee","Fayette County",1,37,472,243,229
050,47,047,"Tennessee","Fayette County",1,38,492,238,254
050,47,047,"Tennessee","Fayette County",1,39,464,231,233
050,47,047,"Tennessee","Fayette County",1,40,458,226,232
050,47,047,"Tennessee","Fayette County",1,41,459,233,226
050,47,047,"Tennessee","Fayette County",1,42,451,224,227
050,47,047,"Tennessee","Fayette County",1,43,474,215,259
050,47,047,"Tennessee","Fayette County",1,44,445,227,218
050,47,047,"Tennessee","Fayette County",1,45,488,263,225
050,47,047,"Tennessee","Fayette County",1,46,496,253,243
050,47,047,"Tennessee","Fayette County",1,47,515,261,254
050,47,047,"Tennessee","Fayette County",1,48,565,274,291
050,47,047,"Tennessee","Fayette County",1,49,611,292,319
050,47,047,"Tennessee","Fayette County",1,50,607,301,306
050,47,047,"Tennessee","Fayette County",1,51,607,307,300
050,47,047,"Tennessee","Fayette County",1,52,573,281,292
050,47,047,"Tennessee","Fayette County",1,53,594,288,306
050,47,047,"Tennessee","Fayette County",1,54,617,282,335
050,47,047,"Tennessee","Fayette County",1,55,705,354,351
050,47,047,"Tennessee","Fayette County",1,56,710,350,360
050,47,047,"Tennessee","Fayette County",1,57,709,334,375
050,47,047,"Tennessee","Fayette County",1,58,731,362,369
050,47,047,"Tennessee","Fayette County",1,59,746,391,355
050,47,047,"Tennessee","Fayette County",1,60,760,385,375
050,47,047,"Tennessee","Fayette County",1,61,707,358,349
050,47,047,"Tennessee","Fayette County",1,62,698,352,346
050,47,047,"Tennessee","Fayette County",1,63,734,356,378
050,47,047,"Tennessee","Fayette County",1,64,688,331,357
050,47,047,"Tennessee","Fayette County",1,65,668,317,351
050,47,047,"Tennessee","Fayette County",1,66,635,313,322
050,47,047,"Tennessee","Fayette County",1,67,580,275,305
050,47,047,"Tennessee","Fayette County",1,68,574,273,301
050,47,047,"Tennessee","Fayette County",1,69,560,257,303
050,47,047,"Tennessee","Fayette County",1,70,548,256,292
050,47,047,"Tennessee","Fayette County",1,71,558,281,277
050,47,047,"Tennessee","Fayette County",1,72,535,277,258
050,47,047,"Tennessee","Fayette County",1,73,531,263,268
050,47,047,"Tennessee","Fayette County",1,74,374,182,192
050,47,047,"Tennessee","Fayette County",1,75,350,176,174
050,47,047,"Tennessee","Fayette County",1,76,383,181,202
050,47,047,"Tennessee","Fayette County",1,77,366,168,198
050,47,047,"Tennessee","Fayette County",1,78,299,143,156
050,47,047,"Tennessee","Fayette County",1,79,275,143,132
050,47,047,"Tennessee","Fayette County",1,80,255,113,142
050,47,047,"Tennessee","Fayette County",1,81,238,102,136
050,47,047,"Tennessee","Fayette County",1,82,212,94,118
050,47,047,"Tennessee","Fayette County",1,83,192,85,107
050,47,047,"Tennessee","Fayette County",1,84,172,71,101
050,47,047,"Tennessee","Fayette County",1,85,752,290,462
050,47,047,"Tennessee","Fayette County",2,0,374,197,177
050,47,047,"Tennessee","Fayette County",2,1,383,193,190
050,47,047,"Tennessee","Fayette County",2,2,401,195,206
050,47,047,"Tennessee","Fayette County",2,3,394,198,196
050,47,047,"Tennessee","Fayette County",2,4,400,202,198
050,47,047,"Tennessee","Fayette County",2,5,393,197,196
050,47,047,"Tennessee","Fayette County",2,6,405,210,195
050,47,047,"Tennessee","Fayette County",2,7,410,203,207
050,47,047,"Tennessee","Fayette County",2,8,404,190,214
050,47,047,"Tennessee","Fayette County",2,9,429,225,204
050,47,047,"Tennessee","Fayette County",2,10,427,221,206
050,47,047,"Tennessee","Fayette County",2,11,428,221,207
050,47,047,"Tennessee","Fayette County",2,12,442,231,211
050,47,047,"Tennessee","Fayette County",2,13,459,252,207
050,47,047,"Tennessee","Fayette County",2,14,465,257,208
050,47,047,"Tennessee","Fayette County",2,15,480,258,222
050,47,047,"Tennessee","Fayette County",2,16,501,281,220
050,47,047,"Tennessee","Fayette County",2,17,505,283,222
050,47,047,"Tennessee","Fayette County",2,18,422,229,193
050,47,047,"Tennessee","Fayette County",2,19,355,187,168
050,47,047,"Tennessee","Fayette County",2,20,398,209,189
050,47,047,"Tennessee","Fayette County",2,21,417,214,203
050,47,047,"Tennessee","Fayette County",2,22,425,217,208
050,47,047,"Tennessee","Fayette County",2,23,436,222,214
050,47,047,"Tennessee","Fayette County",2,24,444,226,218
050,47,047,"Tennessee","Fayette County",2,25,442,214,228
050,47,047,"Tennessee","Fayette County",2,26,438,205,233
050,47,047,"Tennessee","Fayette County",2,27,464,225,239
050,47,047,"Tennessee","Fayette County",2,28,477,236,241
050,47,047,"Tennessee","Fayette County",2,29,481,244,237
050,47,047,"Tennessee","Fayette County",2,30,463,229,234
050,47,047,"Tennessee","Fayette County",2,31,464,225,239
050,47,047,"Tennessee","Fayette County",2,32,455,227,228
050,47,047,"Tennessee","Fayette County",2,33,424,218,206
050,47,047,"Tennessee","Fayette County",2,34,434,226,208
050,47,047,"Tennessee","Fayette County",2,35,450,229,221
050,47,047,"Tennessee","Fayette County",2,36,467,231,236
050,47,047,"Tennessee","Fayette County",2,37,477,243,234
050,47,047,"Tennessee","Fayette County",2,38,490,241,249
050,47,047,"Tennessee","Fayette County",2,39,477,238,239
050,47,047,"Tennessee","Fayette County",2,40,470,233,237
050,47,047,"Tennessee","Fayette County",2,41,459,232,227
050,47,047,"Tennessee","Fayette County",2,42,453,224,229
050,47,047,"Tennessee","Fayette County",2,43,479,224,255
050,47,047,"Tennessee","Fayette County",2,44,448,222,226
050,47,047,"Tennessee","Fayette County",2,45,485,257,228
050,47,047,"Tennessee","Fayette County",2,46,500,259,241
050,47,047,"Tennessee","Fayette County",2,47,515,260,255
050,47,047,"Tennessee","Fayette County",2,48,558,274,284
050,47,047,"Tennessee","Fayette County",2,49,610,293,317
050,47,047,"Tennessee","Fayette County",2,50,614,301,313
050,47,047,"Tennessee","Fayette County",2,51,606,304,302
050,47,047,"Tennessee","Fayette County",2,52,589,289,300
050,47,047,"Tennessee","Fayette County",2,53,597,288,309
050,47,047,"Tennessee","Fayette County",2,54,619,288,331
050,47,047,"Tennessee","Fayette County",2,55,691,340,351
050,47,047,"Tennessee","Fayette County",2,56,718,354,364
050,47,047,"Tennessee","Fayette County",2,57,719,343,376
050,47,047,"Tennessee","Fayette County",2,58,733,359,374
050,47,047,"Tennessee","Fayette County",2,59,744,382,362
050,47,047,"Tennessee","Fayette County",2,60,761,391,370
050,47,047,"Tennessee","Fayette County",2,61,725,368,357
050,47,047,"Tennessee","Fayette County",2,62,702,357,345
050,47,047,"Tennessee","Fayette County",2,63,730,356,374
050,47,047,"Tennessee","Fayette County",2,64,694,331,363
050,47,047,"Tennessee","Fayette County",2,65,675,322,353
050,47,047,"Tennessee","Fayette County",2,66,647,315,332
050,47,047,"Tennessee","Fayette County",2,67,590,283,307
050,47,047,"Tennessee","Fayette County",2,68,572,274,298
050,47,047,"Tennessee","Fayette County",2,69,566,260,306
050,47,047,"Tennessee","Fayette County",2,70,553,257,296
050,47,047,"Tennessee","Fayette County",2,71,556,276,280
050,47,047,"Tennessee","Fayette County",2,72,531,273,258
050,47,047,"Tennessee","Fayette County",2,73,555,278,277
050,47,047,"Tennessee","Fayette County",2,74,386,189,197
050,47,047,"Tennessee","Fayette County",2,75,354,176,178
050,47,047,"Tennessee","Fayette County",2,76,373,177,196
050,47,047,"Tennessee","Fayette County",2,77,376,173,203
050,47,047,"Tennessee","Fayette County",2,78,302,143,159
050,47,047,"Tennessee","Fayette County",2,79,277,142,135
050,47,047,"Tennessee","Fayette County",2,80,257,117,140
050,47,047,"Tennessee","Fayette County",2,81,238,102,136
050,47,047,"Tennessee","Fayette County",2,82,218,96,122
050,47,047,"Tennessee","Fayette County",2,83,189,85,104
050,47,047,"Tennessee","Fayette County",2,84,176,75,101
050,47,047,"Tennessee","Fayette County",2,85,760,296,464
050,47,047,"Tennessee","Fayette County",3,0,431,219,212
050,47,047,"Tennessee","Fayette County",3,1,413,200,213
050,47,047,"Tennessee","Fayette County",3,2,395,208,187
050,47,047,"Tennessee","Fayette County",3,3,396,186,210
050,47,047,"Tennessee","Fayette County",3,4,391,189,202
050,47,047,"Tennessee","Fayette County",3,5,409,211,198
050,47,047,"Tennessee","Fayette County",3,6,377,186,191
050,47,047,"Tennessee","Fayette County",3,7,388,203,185
050,47,047,"Tennessee","Fayette County",3,8,395,190,205
050,47,047,"Tennessee","Fayette County",3,9,404,185,219
050,47,047,"Tennessee","Fayette County",3,10,414,211,203
050,47,047,"Tennessee","Fayette County",3,11,409,214,195
050,47,047,"Tennessee","Fayette County",3,12,412,212,200
050,47,047,"Tennessee","Fayette County",3,13,440,230,210
050,47,047,"Tennessee","Fayette County",3,14,459,262,197
050,47,047,"Tennessee","Fayette County",3,15,508,295,213
050,47,047,"Tennessee","Fayette County",3,16,493,276,217
050,47,047,"Tennessee","Fayette County",3,17,501,285,216
050,47,047,"Tennessee","Fayette County",3,18,405,215,190
050,47,047,"Tennessee","Fayette County",3,19,343,172,171
050,47,047,"Tennessee","Fayette County",3,20,385,206,179
050,47,047,"Tennessee","Fayette County",3,21,434,228,206
050,47,047,"Tennessee","Fayette County",3,22,444,228,216
050,47,047,"Tennessee","Fayette County",3,23,466,238,228
050,47,047,"Tennessee","Fayette County",3,24,430,221,209
050,47,047,"Tennessee","Fayette County",3,25,478,239,239
050,47,047,"Tennessee","Fayette County",3,26,446,215,231
050,47,047,"Tennessee","Fayette County",3,27,458,221,237
050,47,047,"Tennessee","Fayette County",3,28,500,243,257
050,47,047,"Tennessee","Fayette County",3,29,523,260,263
050,47,047,"Tennessee","Fayette County",3,30,509,263,246
050,47,047,"Tennessee","Fayette County",3,31,486,234,252
050,47,047,"Tennessee","Fayette County",3,32,476,244,232
050,47,047,"Tennessee","Fayette County",3,33,463,227,236
050,47,047,"Tennessee","Fayette County",3,34,432,213,219
050,47,047,"Tennessee","Fayette County",3,35,442,232,210
050,47,047,"Tennessee","Fayette County",3,36,468,235,233
050,47,047,"Tennessee","Fayette County",3,37,461,222,239
050,47,047,"Tennessee","Fayette County",3,38,491,253,238
050,47,047,"Tennessee","Fayette County",3,39,481,240,241
050,47,047,"Tennessee","Fayette County",3,40,479,238,241
050,47,047,"Tennessee","Fayette County",3,41,469,227,242
050,47,047,"Tennessee","Fayette County",3,42,482,239,243
050,47,047,"Tennessee","Fayette County",3,43,469,230,239
050,47,047,"Tennessee","Fayette County",3,44,502,233,269
050,47,047,"Tennessee","Fayette County",3,45,459,227,232
050,47,047,"Tennessee","Fayette County",3,46,494,268,226
050,47,047,"Tennessee","Fayette County",3,47,514,261,253
050,47,047,"Tennessee","Fayette County",3,48,515,253,262
050,47,047,"Tennessee","Fayette County",3,49,559,280,279
050,47,047,"Tennessee","Fayette County",3,50,646,310,336
050,47,047,"Tennessee","Fayette County",3,51,640,317,323
050,47,047,"Tennessee","Fayette County",3,52,634,316,318
050,47,047,"Tennessee","Fayette County",3,53,610,300,310
050,47,047,"Tennessee","Fayette County",3,54,619,298,321
050,47,047,"Tennessee","Fayette County",3,55,639,293,346
050,47,047,"Tennessee","Fayette County",3,56,711,356,355
050,47,047,"Tennessee","Fayette County",3,57,752,371,381
050,47,047,"Tennessee","Fayette County",3,58,730,350,380
050,47,047,"Tennessee","Fayette County",3,59,753,369,384
050,47,047,"Tennessee","Fayette County",3,60,755,389,366
050,47,047,"Tennessee","Fayette County",3,61,758,386,372
050,47,047,"Tennessee","Fayette County",3,62,729,375,354
050,47,047,"Tennessee","Fayette County",3,63,724,368,356
050,47,047,"Tennessee","Fayette County",3,64,740,357,383
050,47,047,"Tennessee","Fayette County",3,65,700,337,363
050,47,047,"Tennessee","Fayette County",3,66,690,327,363
050,47,047,"Tennessee","Fayette County",3,67,656,318,338
050,47,047,"Tennessee","Fayette County",3,68,593,281,312
050,47,047,"Tennessee","Fayette County",3,69,566,268,298
050,47,047,"Tennessee","Fayette County",3,70,555,255,300
050,47,047,"Tennessee","Fayette County",3,71,545,249,296
050,47,047,"Tennessee","Fayette County",3,72,552,266,286
050,47,047,"Tennessee","Fayette County",3,73,527,274,253
050,47,047,"Tennessee","Fayette County",3,74,552,274,278
050,47,047,"Tennessee","Fayette County",3,75,374,182,192
050,47,047,"Tennessee","Fayette County",3,76,348,169,179
050,47,047,"Tennessee","Fayette County",3,77,346,167,179
050,47,047,"Tennessee","Fayette County",3,78,358,167,191
050,47,047,"Tennessee","Fayette County",3,79,288,136,152
050,47,047,"Tennessee","Fayette County",3,80,274,139,135
050,47,047,"Tennessee","Fayette County",3,81,244,112,132
050,47,047,"Tennessee","Fayette County",3,82,225,96,129
050,47,047,"Tennessee","Fayette County",3,83,202,90,112
050,47,047,"Tennessee","Fayette County",3,84,175,70,105
050,47,047,"Tennessee","Fayette County",3,85,808,318,490
050,47,047,"Tennessee","Fayette County",4,0,436,228,208
050,47,047,"Tennessee","Fayette County",4,1,460,233,227
050,47,047,"Tennessee","Fayette County",4,2,439,215,224
050,47,047,"Tennessee","Fayette County",4,3,411,222,189
050,47,047,"Tennessee","Fayette County",4,4,413,202,211
050,47,047,"Tennessee","Fayette County",4,5,388,185,203
050,47,047,"Tennessee","Fayette County",4,6,412,215,197
050,47,047,"Tennessee","Fayette County",4,7,384,189,195
050,47,047,"Tennessee","Fayette County",4,8,391,202,189
050,47,047,"Tennessee","Fayette County",4,9,413,195,218
050,47,047,"Tennessee","Fayette County",4,10,416,192,224
050,47,047,"Tennessee","Fayette County",4,11,417,215,202
050,47,047,"Tennessee","Fayette County",4,12,425,216,209
050,47,047,"Tennessee","Fayette County",4,13,424,230,194
050,47,047,"Tennessee","Fayette County",4,14,456,238,218
050,47,047,"Tennessee","Fayette County",4,15,496,300,196
050,47,047,"Tennessee","Fayette County",4,16,519,302,217
050,47,047,"Tennessee","Fayette County",4,17,509,286,223
050,47,047,"Tennessee","Fayette County",4,18,409,230,179
050,47,047,"Tennessee","Fayette County",4,19,315,160,155
050,47,047,"Tennessee","Fayette County",4,20,381,195,186
050,47,047,"Tennessee","Fayette County",4,21,408,209,199
050,47,047,"Tennessee","Fayette County",4,22,458,246,212
050,47,047,"Tennessee","Fayette County",4,23,465,228,237
050,47,047,"Tennessee","Fayette County",4,24,475,246,229
050,47,047,"Tennessee","Fayette County",4,25,443,227,216
050,47,047,"Tennessee","Fayette County",4,26,464,231,233
050,47,047,"Tennessee","Fayette County",4,27,474,234,240
050,47,047,"Tennessee","Fayette County",4,28,480,236,244
050,47,047,"Tennessee","Fayette County",4,29,488,240,248
050,47,047,"Tennessee","Fayette County",4,30,530,259,271
050,47,047,"Tennessee","Fayette County",4,31,523,270,253
050,47,047,"Tennessee","Fayette County",4,32,486,230,256
050,47,047,"Tennessee","Fayette County",4,33,491,249,242
050,47,047,"Tennessee","Fayette County",4,34,454,218,236
050,47,047,"Tennessee","Fayette County",4,35,451,217,234
050,47,047,"Tennessee","Fayette County",4,36,435,222,213
050,47,047,"Tennessee","Fayette County",4,37,471,228,243
050,47,047,"Tennessee","Fayette County",4,38,469,231,238
050,47,047,"Tennessee","Fayette County",4,39,494,247,247
050,47,047,"Tennessee","Fayette County",4,40,503,250,253
050,47,047,"Tennessee","Fayette County",4,41,505,254,251
050,47,047,"Tennessee","Fayette County",4,42,498,239,259
050,47,047,"Tennessee","Fayette County",4,43,503,253,250
050,47,047,"Tennessee","Fayette County",4,44,480,229,251
050,47,047,"Tennessee","Fayette County",4,45,509,234,275
050,47,047,"Tennessee","Fayette County",4,46,481,237,244
050,47,047,"Tennessee","Fayette County",4,47,510,270,240
050,47,047,"Tennessee","Fayette County",4,48,533,273,260
050,47,047,"Tennessee","Fayette County",4,49,547,270,277
050,47,047,"Tennessee","Fayette County",4,50,573,289,284
050,47,047,"Tennessee","Fayette County",4,51,679,332,347
050,47,047,"Tennessee","Fayette County",4,52,639,312,327
050,47,047,"Tennessee","Fayette County",4,53,646,321,325
050,47,047,"Tennessee","Fayette County",4,54,612,299,313
050,47,047,"Tennessee","Fayette County",4,55,636,308,328
050,47,047,"Tennessee","Fayette County",4,56,669,308,361
050,47,047,"Tennessee","Fayette County",4,57,728,359,369
050,47,047,"Tennessee","Fayette County",4,58,759,369,390
050,47,047,"Tennessee","Fayette County",4,59,733,352,381
050,47,047,"Tennessee","Fayette County",4,60,755,367,388
050,47,047,"Tennessee","Fayette County",4,61,753,389,364
050,47,047,"Tennessee","Fayette County",4,62,755,397,358
050,47,047,"Tennessee","Fayette County",4,63,725,368,357
050,47,047,"Tennessee","Fayette County",4,64,706,358,348
050,47,047,"Tennessee","Fayette County",4,65,732,354,378
050,47,047,"Tennessee","Fayette County",4,66,708,336,372
050,47,047,"Tennessee","Fayette County",4,67,696,334,362
050,47,047,"Tennessee","Fayette County",4,68,663,319,344
050,47,047,"Tennessee","Fayette County",4,69,590,275,315
050,47,047,"Tennessee","Fayette County",4,70,573,274,299
050,47,047,"Tennessee","Fayette County",4,71,540,245,295
050,47,047,"Tennessee","Fayette County",4,72,535,245,290
050,47,047,"Tennessee","Fayette County",4,73,547,268,279
050,47,047,"Tennessee","Fayette County",4,74,518,267,251
050,47,047,"Tennessee","Fayette County",4,75,528,266,262
050,47,047,"Tennessee","Fayette County",4,76,366,177,189
050,47,047,"Tennessee","Fayette County",4,77,341,171,170
050,47,047,"Tennessee","Fayette County",4,78,335,162,173
050,47,047,"Tennessee","Fayette County",4,79,344,155,189
050,47,047,"Tennessee","Fayette County",4,80,279,133,146
050,47,047,"Tennessee","Fayette County",4,81,263,130,133
050,47,047,"Tennessee","Fayette County",4,82,227,101,126
050,47,047,"Tennessee","Fayette County",4,83,210,92,118
050,47,047,"Tennessee","Fayette County",4,84,196,88,108
050,47,047,"Tennessee","Fayette County",4,85,837,330,507
050,47,047,"Tennessee","Fayette County",5,0,442,230,212
050,47,047,"Tennessee","Fayette County",5,1,444,237,207
050,47,047,"Tennessee","Fayette County",5,2,460,227,233
050,47,047,"Tennessee","Fayette County",5,3,440,213,227
050,47,047,"Tennessee","Fayette County",5,4,438,241,197
050,47,047,"Tennessee","Fayette County",5,5,433,208,225
050,47,047,"Tennessee","Fayette County",5,6,394,199,195
050,47,047,"Tennessee","Fayette County",5,7,413,218,195
050,47,047,"Tennessee","Fayette County",5,8,399,201,198
050,47,047,"Tennessee","Fayette County",5,9,404,207,197
050,47,047,"Tennessee","Fayette County",5,10,422,204,218
050,47,047,"Tennessee","Fayette County",5,11,423,201,222
050,47,047,"Tennessee","Fayette County",5,12,427,218,209
050,47,047,"Tennessee","Fayette County",5,13,426,222,204
050,47,047,"Tennessee","Fayette County",5,14,428,231,197
050,47,047,"Tennessee","Fayette County",5,15,494,276,218
050,47,047,"Tennessee","Fayette County",5,16,510,308,202
050,47,047,"Tennessee","Fayette County",5,17,528,305,223
050,47,047,"Tennessee","Fayette County",5,18,416,231,185
050,47,047,"Tennessee","Fayette County",5,19,341,184,157
050,47,047,"Tennessee","Fayette County",5,20,353,177,176
050,47,047,"Tennessee","Fayette County",5,21,409,205,204
050,47,047,"Tennessee","Fayette County",5,22,436,222,214
050,47,047,"Tennessee","Fayette County",5,23,467,244,223
050,47,047,"Tennessee","Fayette County",5,24,468,241,227
050,47,047,"Tennessee","Fayette County",5,25,492,243,249
050,47,047,"Tennessee","Fayette County",5,26,455,232,223
050,47,047,"Tennessee","Fayette County",5,27,470,237,233
050,47,047,"Tennessee","Fayette County",5,28,486,239,247
050,47,047,"Tennessee","Fayette County",5,29,500,240,260
050,47,047,"Tennessee","Fayette County",5,30,496,240,256
050,47,047,"Tennessee","Fayette County",5,31,545,275,270
050,47,047,"Tennessee","Fayette County",5,32,543,287,256
050,47,047,"Tennessee","Fayette County",5,33,515,240,275
050,47,047,"Tennessee","Fayette County",5,34,523,265,258
050,47,047,"Tennessee","Fayette County",5,35,472,228,244
050,47,047,"Tennessee","Fayette County",5,36,470,219,251
050,47,047,"Tennessee","Fayette County",5,37,443,228,215
050,47,047,"Tennessee","Fayette County",5,38,496,247,249
050,47,047,"Tennessee","Fayette County",5,39,477,230,247
050,47,047,"Tennessee","Fayette County",5,40,510,257,253
050,47,047,"Tennessee","Fayette County",5,41,514,256,258
050,47,047,"Tennessee","Fayette County",5,42,519,262,257
050,47,047,"Tennessee","Fayette County",5,43,525,255,270
050,47,047,"Tennessee","Fayette County",5,44,500,256,244
050,47,047,"Tennessee","Fayette County",5,45,503,234,269
050,47,047,"Tennessee","Fayette County",5,46,534,256,278
050,47,047,"Tennessee","Fayette County",5,47,472,229,243
050,47,047,"Tennessee","Fayette County",5,48,523,270,253
050,47,047,"Tennessee","Fayette County",5,49,533,282,251
050,47,047,"Tennessee","Fayette County",5,50,565,273,292
050,47,047,"Tennessee","Fayette County",5,51,588,297,291
050,47,047,"Tennessee","Fayette County",5,52,698,346,352
050,47,047,"Tennessee","Fayette County",5,53,651,310,341
050,47,047,"Tennessee","Fayette County",5,54,667,333,334
050,47,047,"Tennessee","Fayette County",5,55,647,315,332
050,47,047,"Tennessee","Fayette County",5,56,645,310,335
050,47,047,"Tennessee","Fayette County",5,57,695,327,368
050,47,047,"Tennessee","Fayette County",5,58,726,356,370
050,47,047,"Tennessee","Fayette County",5,59,763,375,388
050,47,047,"Tennessee","Fayette County",5,60,730,355,375
050,47,047,"Tennessee","Fayette County",5,61,770,368,402
050,47,047,"Tennessee","Fayette County",5,62,783,411,372
050,47,047,"Tennessee","Fayette County",5,63,754,392,362
050,47,047,"Tennessee","Fayette County",5,64,730,375,355
050,47,047,"Tennessee","Fayette County",5,65,715,356,359
050,47,047,"Tennessee","Fayette County",5,66,720,345,375
050,47,047,"Tennessee","Fayette County",5,67,699,332,367
050,47,047,"Tennessee","Fayette County",5,68,688,336,352
050,47,047,"Tennessee","Fayette County",5,69,650,307,343
050,47,047,"Tennessee","Fayette County",5,70,594,277,317
050,47,047,"Tennessee","Fayette County",5,71,572,268,304
050,47,047,"Tennessee","Fayette County",5,72,515,236,279
050,47,047,"Tennessee","Fayette County",5,73,527,245,282
050,47,047,"Tennessee","Fayette County",5,74,537,262,275
050,47,047,"Tennessee","Fayette County",5,75,509,269,240
050,47,047,"Tennessee","Fayette County",5,76,525,261,264
050,47,047,"Tennessee","Fayette County",5,77,354,174,180
050,47,047,"Tennessee","Fayette County",5,78,326,164,162
050,47,047,"Tennessee","Fayette County",5,79,319,156,163
050,47,047,"Tennessee","Fayette County",5,80,334,149,185
050,47,047,"Tennessee","Fayette County",5,81,268,123,145
050,47,047,"Tennessee","Fayette County",5,82,248,122,126
050,47,047,"Tennessee","Fayette County",5,83,209,99,110
050,47,047,"Tennessee","Fayette County",5,84,205,90,115
050,47,047,"Tennessee","Fayette County",5,85,918,372,546
050,47,049,"Tennessee","Fentress County",1,0,184,93,91
050,47,049,"Tennessee","Fentress County",1,1,202,100,102
050,47,049,"Tennessee","Fentress County",1,2,191,102,89
050,47,049,"Tennessee","Fentress County",1,3,202,105,97
050,47,049,"Tennessee","Fentress County",1,4,224,113,111
050,47,049,"Tennessee","Fentress County",1,5,204,99,105
050,47,049,"Tennessee","Fentress County",1,6,210,113,97
050,47,049,"Tennessee","Fentress County",1,7,221,116,105
050,47,049,"Tennessee","Fentress County",1,8,201,105,96
050,47,049,"Tennessee","Fentress County",1,9,217,111,106
050,47,049,"Tennessee","Fentress County",1,10,212,104,108
050,47,049,"Tennessee","Fentress County",1,11,215,109,106
050,47,049,"Tennessee","Fentress County",1,12,216,107,109
050,47,049,"Tennessee","Fentress County",1,13,229,118,111
050,47,049,"Tennessee","Fentress County",1,14,229,112,117
050,47,049,"Tennessee","Fentress County",1,15,203,99,104
050,47,049,"Tennessee","Fentress County",1,16,226,114,112
050,47,049,"Tennessee","Fentress County",1,17,244,126,118
050,47,049,"Tennessee","Fentress County",1,18,203,112,91
050,47,049,"Tennessee","Fentress County",1,19,162,90,72
050,47,049,"Tennessee","Fentress County",1,20,168,90,78
050,47,049,"Tennessee","Fentress County",1,21,194,109,85
050,47,049,"Tennessee","Fentress County",1,22,189,104,85
050,47,049,"Tennessee","Fentress County",1,23,194,106,88
050,47,049,"Tennessee","Fentress County",1,24,209,108,101
050,47,049,"Tennessee","Fentress County",1,25,194,91,103
050,47,049,"Tennessee","Fentress County",1,26,186,97,89
050,47,049,"Tennessee","Fentress County",1,27,185,94,91
050,47,049,"Tennessee","Fentress County",1,28,200,96,104
050,47,049,"Tennessee","Fentress County",1,29,215,108,107
050,47,049,"Tennessee","Fentress County",1,30,197,101,96
050,47,049,"Tennessee","Fentress County",1,31,193,112,81
050,47,049,"Tennessee","Fentress County",1,32,179,93,86
050,47,049,"Tennessee","Fentress County",1,33,170,87,83
050,47,049,"Tennessee","Fentress County",1,34,187,82,105
050,47,049,"Tennessee","Fentress County",1,35,205,102,103
050,47,049,"Tennessee","Fentress County",1,36,178,95,83
050,47,049,"Tennessee","Fentress County",1,37,197,97,100
050,47,049,"Tennessee","Fentress County",1,38,208,105,103
050,47,049,"Tennessee","Fentress County",1,39,207,108,99
050,47,049,"Tennessee","Fentress County",1,40,211,114,97
050,47,049,"Tennessee","Fentress County",1,41,185,97,88
050,47,049,"Tennessee","Fentress County",1,42,198,102,96
050,47,049,"Tennessee","Fentress County",1,43,204,99,105
050,47,049,"Tennessee","Fentress County",1,44,203,103,100
050,47,049,"Tennessee","Fentress County",1,45,203,96,107
050,47,049,"Tennessee","Fentress County",1,46,212,110,102
050,47,049,"Tennessee","Fentress County",1,47,229,112,117
050,47,049,"Tennessee","Fentress County",1,48,255,126,129
050,47,049,"Tennessee","Fentress County",1,49,275,137,138
050,47,049,"Tennessee","Fentress County",1,50,248,127,121
050,47,049,"Tennessee","Fentress County",1,51,241,120,121
050,47,049,"Tennessee","Fentress County",1,52,244,119,125
050,47,049,"Tennessee","Fentress County",1,53,269,126,143
050,47,049,"Tennessee","Fentress County",1,54,272,133,139
050,47,049,"Tennessee","Fentress County",1,55,284,145,139
050,47,049,"Tennessee","Fentress County",1,56,294,129,165
050,47,049,"Tennessee","Fentress County",1,57,267,119,148
050,47,049,"Tennessee","Fentress County",1,58,293,140,153
050,47,049,"Tennessee","Fentress County",1,59,289,147,142
050,47,049,"Tennessee","Fentress County",1,60,264,117,147
050,47,049,"Tennessee","Fentress County",1,61,300,144,156
050,47,049,"Tennessee","Fentress County",1,62,308,165,143
050,47,049,"Tennessee","Fentress County",1,63,276,134,142
050,47,049,"Tennessee","Fentress County",1,64,278,141,137
050,47,049,"Tennessee","Fentress County",1,65,298,142,156
050,47,049,"Tennessee","Fentress County",1,66,293,143,150
050,47,049,"Tennessee","Fentress County",1,67,268,125,143
050,47,049,"Tennessee","Fentress County",1,68,263,125,138
050,47,049,"Tennessee","Fentress County",1,69,251,117,134
050,47,049,"Tennessee","Fentress County",1,70,248,119,129
050,47,049,"Tennessee","Fentress County",1,71,245,121,124
050,47,049,"Tennessee","Fentress County",1,72,248,124,124
050,47,049,"Tennessee","Fentress County",1,73,263,116,147
050,47,049,"Tennessee","Fentress County",1,74,177,73,104
050,47,049,"Tennessee","Fentress County",1,75,203,96,107
050,47,049,"Tennessee","Fentress County",1,76,189,93,96
050,47,049,"Tennessee","Fentress County",1,77,173,86,87
050,47,049,"Tennessee","Fentress County",1,78,145,76,69
050,47,049,"Tennessee","Fentress County",1,79,129,64,65
050,47,049,"Tennessee","Fentress County",1,80,106,45,61
050,47,049,"Tennessee","Fentress County",1,81,95,50,45
050,47,049,"Tennessee","Fentress County",1,82,105,52,53
050,47,049,"Tennessee","Fentress County",1,83,70,27,43
050,47,049,"Tennessee","Fentress County",1,84,68,24,44
050,47,049,"Tennessee","Fentress County",1,85,298,89,209
050,47,049,"Tennessee","Fentress County",2,0,176,90,86
050,47,049,"Tennessee","Fentress County",2,1,196,98,98
050,47,049,"Tennessee","Fentress County",2,2,195,102,93
050,47,049,"Tennessee","Fentress County",2,3,200,105,95
050,47,049,"Tennessee","Fentress County",2,4,219,112,107
050,47,049,"Tennessee","Fentress County",2,5,209,103,106
050,47,049,"Tennessee","Fentress County",2,6,213,111,102
050,47,049,"Tennessee","Fentress County",2,7,220,115,105
050,47,049,"Tennessee","Fentress County",2,8,208,109,99
050,47,049,"Tennessee","Fentress County",2,9,215,109,106
050,47,049,"Tennessee","Fentress County",2,10,214,106,108
050,47,049,"Tennessee","Fentress County",2,11,215,109,106
050,47,049,"Tennessee","Fentress County",2,12,218,109,109
050,47,049,"Tennessee","Fentress County",2,13,226,116,110
050,47,049,"Tennessee","Fentress County",2,14,229,114,115
050,47,049,"Tennessee","Fentress County",2,15,208,101,107
050,47,049,"Tennessee","Fentress County",2,16,223,111,112
050,47,049,"Tennessee","Fentress County",2,17,239,122,117
050,47,049,"Tennessee","Fentress County",2,18,201,112,89
050,47,049,"Tennessee","Fentress County",2,19,159,89,70
050,47,049,"Tennessee","Fentress County",2,20,172,93,79
050,47,049,"Tennessee","Fentress County",2,21,190,107,83
050,47,049,"Tennessee","Fentress County",2,22,193,106,87
050,47,049,"Tennessee","Fentress County",2,23,197,107,90
050,47,049,"Tennessee","Fentress County",2,24,206,106,100
050,47,049,"Tennessee","Fentress County",2,25,198,95,103
050,47,049,"Tennessee","Fentress County",2,26,191,98,93
050,47,049,"Tennessee","Fentress County",2,27,187,95,92
050,47,049,"Tennessee","Fentress County",2,28,197,96,101
050,47,049,"Tennessee","Fentress County",2,29,212,107,105
050,47,049,"Tennessee","Fentress County",2,30,201,102,99
050,47,049,"Tennessee","Fentress County",2,31,195,111,84
050,47,049,"Tennessee","Fentress County",2,32,181,95,86
050,47,049,"Tennessee","Fentress County",2,33,174,90,84
050,47,049,"Tennessee","Fentress County",2,34,180,80,100
050,47,049,"Tennessee","Fentress County",2,35,203,99,104
050,47,049,"Tennessee","Fentress County",2,36,184,97,87
050,47,049,"Tennessee","Fentress County",2,37,192,96,96
050,47,049,"Tennessee","Fentress County",2,38,206,104,102
050,47,049,"Tennessee","Fentress County",2,39,208,107,101
050,47,049,"Tennessee","Fentress County",2,40,216,117,99
050,47,049,"Tennessee","Fentress County",2,41,186,97,89
050,47,049,"Tennessee","Fentress County",2,42,196,101,95
050,47,049,"Tennessee","Fentress County",2,43,202,100,102
050,47,049,"Tennessee","Fentress County",2,44,202,101,101
050,47,049,"Tennessee","Fentress County",2,45,205,99,106
050,47,049,"Tennessee","Fentress County",2,46,210,106,104
050,47,049,"Tennessee","Fentress County",2,47,224,111,113
050,47,049,"Tennessee","Fentress County",2,48,250,125,125
050,47,049,"Tennessee","Fentress County",2,49,270,134,136
050,47,049,"Tennessee","Fentress County",2,50,253,128,125
050,47,049,"Tennessee","Fentress County",2,51,244,122,122
050,47,049,"Tennessee","Fentress County",2,52,244,120,124
050,47,049,"Tennessee","Fentress County",2,53,265,126,139
050,47,049,"Tennessee","Fentress County",2,54,274,133,141
050,47,049,"Tennessee","Fentress County",2,55,283,143,140
050,47,049,"Tennessee","Fentress County",2,56,297,135,162
050,47,049,"Tennessee","Fentress County",2,57,277,121,156
050,47,049,"Tennessee","Fentress County",2,58,289,137,152
050,47,049,"Tennessee","Fentress County",2,59,290,145,145
050,47,049,"Tennessee","Fentress County",2,60,269,122,147
050,47,049,"Tennessee","Fentress County",2,61,295,141,154
050,47,049,"Tennessee","Fentress County",2,62,307,161,146
050,47,049,"Tennessee","Fentress County",2,63,288,144,144
050,47,049,"Tennessee","Fentress County",2,64,274,136,138
050,47,049,"Tennessee","Fentress County",2,65,298,144,154
050,47,049,"Tennessee","Fentress County",2,66,296,144,152
050,47,049,"Tennessee","Fentress County",2,67,276,130,146
050,47,049,"Tennessee","Fentress County",2,68,264,125,139
050,47,049,"Tennessee","Fentress County",2,69,258,121,137
050,47,049,"Tennessee","Fentress County",2,70,246,117,129
050,47,049,"Tennessee","Fentress County",2,71,244,120,124
050,47,049,"Tennessee","Fentress County",2,72,243,122,121
050,47,049,"Tennessee","Fentress County",2,73,271,123,148
050,47,049,"Tennessee","Fentress County",2,74,183,77,106
050,47,049,"Tennessee","Fentress County",2,75,195,89,106
050,47,049,"Tennessee","Fentress County",2,76,188,90,98
050,47,049,"Tennessee","Fentress County",2,77,179,87,92
050,47,049,"Tennessee","Fentress County",2,78,147,75,72
050,47,049,"Tennessee","Fentress County",2,79,133,66,67
050,47,049,"Tennessee","Fentress County",2,80,110,49,61
050,47,049,"Tennessee","Fentress County",2,81,95,47,48
050,47,049,"Tennessee","Fentress County",2,82,101,50,51
050,47,049,"Tennessee","Fentress County",2,83,75,32,43
050,47,049,"Tennessee","Fentress County",2,84,70,25,45
050,47,049,"Tennessee","Fentress County",2,85,301,91,210
050,47,049,"Tennessee","Fentress County",3,0,175,88,87
050,47,049,"Tennessee","Fentress County",3,1,184,95,89
050,47,049,"Tennessee","Fentress County",3,2,194,97,97
050,47,049,"Tennessee","Fentress County",3,3,215,115,100
050,47,049,"Tennessee","Fentress County",3,4,202,101,101
050,47,049,"Tennessee","Fentress County",3,5,228,113,115
050,47,049,"Tennessee","Fentress County",3,6,210,108,102
050,47,049,"Tennessee","Fentress County",3,7,227,120,107
050,47,049,"Tennessee","Fentress County",3,8,222,116,106
050,47,049,"Tennessee","Fentress County",3,9,208,116,92
050,47,049,"Tennessee","Fentress County",3,10,210,109,101
050,47,049,"Tennessee","Fentress County",3,11,217,109,108
050,47,049,"Tennessee","Fentress County",3,12,222,111,111
050,47,049,"Tennessee","Fentress County",3,13,222,111,111
050,47,049,"Tennessee","Fentress County",3,14,225,118,107
050,47,049,"Tennessee","Fentress County",3,15,234,118,116
050,47,049,"Tennessee","Fentress County",3,16,207,99,108
050,47,049,"Tennessee","Fentress County",3,17,232,119,113
050,47,049,"Tennessee","Fentress County",3,18,202,108,94
050,47,049,"Tennessee","Fentress County",3,19,154,89,65
050,47,049,"Tennessee","Fentress County",3,20,168,94,74
050,47,049,"Tennessee","Fentress County",3,21,186,96,90
050,47,049,"Tennessee","Fentress County",3,22,204,114,90
050,47,049,"Tennessee","Fentress County",3,23,206,117,89
050,47,049,"Tennessee","Fentress County",3,24,192,103,89
050,47,049,"Tennessee","Fentress County",3,25,201,106,95
050,47,049,"Tennessee","Fentress County",3,26,203,98,105
050,47,049,"Tennessee","Fentress County",3,27,185,90,95
050,47,049,"Tennessee","Fentress County",3,28,188,92,96
050,47,049,"Tennessee","Fentress County",3,29,199,99,100
050,47,049,"Tennessee","Fentress County",3,30,209,98,111
050,47,049,"Tennessee","Fentress County",3,31,216,111,105
050,47,049,"Tennessee","Fentress County",3,32,196,111,85
050,47,049,"Tennessee","Fentress County",3,33,188,103,85
050,47,049,"Tennessee","Fentress County",3,34,182,93,89
050,47,049,"Tennessee","Fentress County",3,35,188,89,99
050,47,049,"Tennessee","Fentress County",3,36,208,105,103
050,47,049,"Tennessee","Fentress County",3,37,180,94,86
050,47,049,"Tennessee","Fentress County",3,38,189,87,102
050,47,049,"Tennessee","Fentress County",3,39,210,106,104
050,47,049,"Tennessee","Fentress County",3,40,222,121,101
050,47,049,"Tennessee","Fentress County",3,41,213,107,106
050,47,049,"Tennessee","Fentress County",3,42,191,95,96
050,47,049,"Tennessee","Fentress County",3,43,197,103,94
050,47,049,"Tennessee","Fentress County",3,44,197,98,99
050,47,049,"Tennessee","Fentress County",3,45,201,101,100
050,47,049,"Tennessee","Fentress County",3,46,210,101,109
050,47,049,"Tennessee","Fentress County",3,47,214,108,106
050,47,049,"Tennessee","Fentress County",3,48,234,120,114
050,47,049,"Tennessee","Fentress County",3,49,246,119,127
050,47,049,"Tennessee","Fentress County",3,50,276,129,147
050,47,049,"Tennessee","Fentress County",3,51,267,130,137
050,47,049,"Tennessee","Fentress County",3,52,254,126,128
050,47,049,"Tennessee","Fentress County",3,53,252,120,132
050,47,049,"Tennessee","Fentress County",3,54,271,128,143
050,47,049,"Tennessee","Fentress County",3,55,283,139,144
050,47,049,"Tennessee","Fentress County",3,56,311,153,158
050,47,049,"Tennessee","Fentress County",3,57,318,146,172
050,47,049,"Tennessee","Fentress County",3,58,281,122,159
050,47,049,"Tennessee","Fentress County",3,59,297,139,158
050,47,049,"Tennessee","Fentress County",3,60,292,142,150
050,47,049,"Tennessee","Fentress County",3,61,283,126,157
050,47,049,"Tennessee","Fentress County",3,62,307,149,158
050,47,049,"Tennessee","Fentress County",3,63,326,171,155
050,47,049,"Tennessee","Fentress County",3,64,301,147,154
050,47,049,"Tennessee","Fentress County",3,65,289,136,153
050,47,049,"Tennessee","Fentress County",3,66,307,145,162
050,47,049,"Tennessee","Fentress County",3,67,307,148,159
050,47,049,"Tennessee","Fentress County",3,68,278,130,148
050,47,049,"Tennessee","Fentress County",3,69,264,127,137
050,47,049,"Tennessee","Fentress County",3,70,263,125,138
050,47,049,"Tennessee","Fentress County",3,71,244,113,131
050,47,049,"Tennessee","Fentress County",3,72,239,123,116
050,47,049,"Tennessee","Fentress County",3,73,234,115,119
050,47,049,"Tennessee","Fentress County",3,74,262,121,141
050,47,049,"Tennessee","Fentress County",3,75,174,74,100
050,47,049,"Tennessee","Fentress County",3,76,184,87,97
050,47,049,"Tennessee","Fentress County",3,77,173,82,91
050,47,049,"Tennessee","Fentress County",3,78,177,84,93
050,47,049,"Tennessee","Fentress County",3,79,134,66,68
050,47,049,"Tennessee","Fentress County",3,80,124,61,63
050,47,049,"Tennessee","Fentress County",3,81,89,39,50
050,47,049,"Tennessee","Fentress County",3,82,87,39,48
050,47,049,"Tennessee","Fentress County",3,83,92,43,49
050,47,049,"Tennessee","Fentress County",3,84,74,31,43
050,47,049,"Tennessee","Fentress County",3,85,308,95,213
050,47,049,"Tennessee","Fentress County",4,0,211,106,105
050,47,049,"Tennessee","Fentress County",4,1,197,93,104
050,47,049,"Tennessee","Fentress County",4,2,187,103,84
050,47,049,"Tennessee","Fentress County",4,3,205,104,101
050,47,049,"Tennessee","Fentress County",4,4,227,121,106
050,47,049,"Tennessee","Fentress County",4,5,214,109,105
050,47,049,"Tennessee","Fentress County",4,6,233,121,112
050,47,049,"Tennessee","Fentress County",4,7,220,112,108
050,47,049,"Tennessee","Fentress County",4,8,237,126,111
050,47,049,"Tennessee","Fentress County",4,9,230,123,107
050,47,049,"Tennessee","Fentress County",4,10,219,126,93
050,47,049,"Tennessee","Fentress County",4,11,219,112,107
050,47,049,"Tennessee","Fentress County",4,12,222,112,110
050,47,049,"Tennessee","Fentress County",4,13,231,112,119
050,47,049,"Tennessee","Fentress County",4,14,233,114,119
050,47,049,"Tennessee","Fentress County",4,15,238,122,116
050,47,049,"Tennessee","Fentress County",4,16,235,123,112
050,47,049,"Tennessee","Fentress County",4,17,218,101,117
050,47,049,"Tennessee","Fentress County",4,18,203,108,95
050,47,049,"Tennessee","Fentress County",4,19,146,77,69
050,47,049,"Tennessee","Fentress County",4,20,176,100,76
050,47,049,"Tennessee","Fentress County",4,21,184,99,85
050,47,049,"Tennessee","Fentress County",4,22,185,92,93
050,47,049,"Tennessee","Fentress County",4,23,217,116,101
050,47,049,"Tennessee","Fentress County",4,24,203,110,93
050,47,049,"Tennessee","Fentress County",4,25,204,101,103
050,47,049,"Tennessee","Fentress County",4,26,202,110,92
050,47,049,"Tennessee","Fentress County",4,27,210,102,108
050,47,049,"Tennessee","Fentress County",4,28,202,95,107
050,47,049,"Tennessee","Fentress County",4,29,203,106,97
050,47,049,"Tennessee","Fentress County",4,30,206,98,108
050,47,049,"Tennessee","Fentress County",4,31,213,107,106
050,47,049,"Tennessee","Fentress County",4,32,222,108,114
050,47,049,"Tennessee","Fentress County",4,33,212,119,93
050,47,049,"Tennessee","Fentress County",4,34,186,95,91
050,47,049,"Tennessee","Fentress County",4,35,183,96,87
050,47,049,"Tennessee","Fentress County",4,36,202,96,106
050,47,049,"Tennessee","Fentress County",4,37,207,100,107
050,47,049,"Tennessee","Fentress County",4,38,189,100,89
050,47,049,"Tennessee","Fentress County",4,39,204,92,112
050,47,049,"Tennessee","Fentress County",4,40,224,118,106
050,47,049,"Tennessee","Fentress County",4,41,223,110,113
050,47,049,"Tennessee","Fentress County",4,42,215,106,109
050,47,049,"Tennessee","Fentress County",4,43,191,94,97
050,47,049,"Tennessee","Fentress County",4,44,197,101,96
050,47,049,"Tennessee","Fentress County",4,45,203,102,101
050,47,049,"Tennessee","Fentress County",4,46,206,107,99
050,47,049,"Tennessee","Fentress County",4,47,216,96,120
050,47,049,"Tennessee","Fentress County",4,48,226,118,108
050,47,049,"Tennessee","Fentress County",4,49,245,118,127
050,47,049,"Tennessee","Fentress County",4,50,248,119,129
050,47,049,"Tennessee","Fentress County",4,51,295,133,162
050,47,049,"Tennessee","Fentress County",4,52,283,138,145
050,47,049,"Tennessee","Fentress County",4,53,259,126,133
050,47,049,"Tennessee","Fentress County",4,54,259,121,138
050,47,049,"Tennessee","Fentress County",4,55,279,128,151
050,47,049,"Tennessee","Fentress County",4,56,299,146,153
050,47,049,"Tennessee","Fentress County",4,57,314,151,163
050,47,049,"Tennessee","Fentress County",4,58,325,150,175
050,47,049,"Tennessee","Fentress County",4,59,289,130,159
050,47,049,"Tennessee","Fentress County",4,60,293,139,154
050,47,049,"Tennessee","Fentress County",4,61,311,147,164
050,47,049,"Tennessee","Fentress County",4,62,290,132,158
050,47,049,"Tennessee","Fentress County",4,63,344,166,178
050,47,049,"Tennessee","Fentress County",4,64,324,165,159
050,47,049,"Tennessee","Fentress County",4,65,306,147,159
050,47,049,"Tennessee","Fentress County",4,66,302,152,150
050,47,049,"Tennessee","Fentress County",4,67,314,143,171
050,47,049,"Tennessee","Fentress County",4,68,315,157,158
050,47,049,"Tennessee","Fentress County",4,69,263,123,140
050,47,049,"Tennessee","Fentress County",4,70,259,124,135
050,47,049,"Tennessee","Fentress County",4,71,262,124,138
050,47,049,"Tennessee","Fentress County",4,72,237,110,127
050,47,049,"Tennessee","Fentress County",4,73,235,119,116
050,47,049,"Tennessee","Fentress County",4,74,221,109,112
050,47,049,"Tennessee","Fentress County",4,75,245,119,126
050,47,049,"Tennessee","Fentress County",4,76,165,75,90
050,47,049,"Tennessee","Fentress County",4,77,172,80,92
050,47,049,"Tennessee","Fentress County",4,78,163,78,85
050,47,049,"Tennessee","Fentress County",4,79,163,73,90
050,47,049,"Tennessee","Fentress County",4,80,130,68,62
050,47,049,"Tennessee","Fentress County",4,81,111,53,58
050,47,049,"Tennessee","Fentress County",4,82,85,33,52
050,47,049,"Tennessee","Fentress County",4,83,77,29,48
050,47,049,"Tennessee","Fentress County",4,84,89,43,46
050,47,049,"Tennessee","Fentress County",4,85,328,107,221
050,47,049,"Tennessee","Fentress County",5,0,219,108,111
050,47,049,"Tennessee","Fentress County",5,1,220,108,112
050,47,049,"Tennessee","Fentress County",5,2,194,94,100
050,47,049,"Tennessee","Fentress County",5,3,197,103,94
050,47,049,"Tennessee","Fentress County",5,4,210,103,107
050,47,049,"Tennessee","Fentress County",5,5,235,128,107
050,47,049,"Tennessee","Fentress County",5,6,220,112,108
050,47,049,"Tennessee","Fentress County",5,7,238,121,117
050,47,049,"Tennessee","Fentress County",5,8,229,114,115
050,47,049,"Tennessee","Fentress County",5,9,252,134,118
050,47,049,"Tennessee","Fentress County",5,10,222,119,103
050,47,049,"Tennessee","Fentress County",5,11,219,124,95
050,47,049,"Tennessee","Fentress County",5,12,220,113,107
050,47,049,"Tennessee","Fentress County",5,13,229,118,111
050,47,049,"Tennessee","Fentress County",5,14,241,118,123
050,47,049,"Tennessee","Fentress County",5,15,246,126,120
050,47,049,"Tennessee","Fentress County",5,16,245,126,119
050,47,049,"Tennessee","Fentress County",5,17,240,128,112
050,47,049,"Tennessee","Fentress County",5,18,194,92,102
050,47,049,"Tennessee","Fentress County",5,19,157,86,71
050,47,049,"Tennessee","Fentress County",5,20,166,82,84
050,47,049,"Tennessee","Fentress County",5,21,189,109,80
050,47,049,"Tennessee","Fentress County",5,22,184,97,87
050,47,049,"Tennessee","Fentress County",5,23,197,98,99
050,47,049,"Tennessee","Fentress County",5,24,220,123,97
050,47,049,"Tennessee","Fentress County",5,25,204,108,96
050,47,049,"Tennessee","Fentress County",5,26,199,105,94
050,47,049,"Tennessee","Fentress County",5,27,198,110,88
050,47,049,"Tennessee","Fentress County",5,28,210,102,108
050,47,049,"Tennessee","Fentress County",5,29,214,103,111
050,47,049,"Tennessee","Fentress County",5,30,208,102,106
050,47,049,"Tennessee","Fentress County",5,31,213,101,112
050,47,049,"Tennessee","Fentress County",5,32,205,98,107
050,47,049,"Tennessee","Fentress County",5,33,231,114,117
050,47,049,"Tennessee","Fentress County",5,34,213,118,95
050,47,049,"Tennessee","Fentress County",5,35,192,101,91
050,47,049,"Tennessee","Fentress County",5,36,203,110,93
050,47,049,"Tennessee","Fentress County",5,37,200,96,104
050,47,049,"Tennessee","Fentress County",5,38,211,100,111
050,47,049,"Tennessee","Fentress County",5,39,194,102,92
050,47,049,"Tennessee","Fentress County",5,40,216,110,106
050,47,049,"Tennessee","Fentress County",5,41,218,112,106
050,47,049,"Tennessee","Fentress County",5,42,227,110,117
050,47,049,"Tennessee","Fentress County",5,43,209,101,108
050,47,049,"Tennessee","Fentress County",5,44,204,101,103
050,47,049,"Tennessee","Fentress County",5,45,203,104,99
050,47,049,"Tennessee","Fentress County",5,46,215,105,110
050,47,049,"Tennessee","Fentress County",5,47,215,107,108
050,47,049,"Tennessee","Fentress County",5,48,228,109,119
050,47,049,"Tennessee","Fentress County",5,49,222,114,108
050,47,049,"Tennessee","Fentress County",5,50,250,120,130
050,47,049,"Tennessee","Fentress County",5,51,253,118,135
050,47,049,"Tennessee","Fentress County",5,52,303,139,164
050,47,049,"Tennessee","Fentress County",5,53,283,138,145
050,47,049,"Tennessee","Fentress County",5,54,281,137,144
050,47,049,"Tennessee","Fentress County",5,55,266,121,145
050,47,049,"Tennessee","Fentress County",5,56,293,130,163
050,47,049,"Tennessee","Fentress County",5,57,304,151,153
050,47,049,"Tennessee","Fentress County",5,58,341,162,179
050,47,049,"Tennessee","Fentress County",5,59,328,153,175
050,47,049,"Tennessee","Fentress County",5,60,294,130,164
050,47,049,"Tennessee","Fentress County",5,61,309,142,167
050,47,049,"Tennessee","Fentress County",5,62,328,162,166
050,47,049,"Tennessee","Fentress County",5,63,306,142,164
050,47,049,"Tennessee","Fentress County",5,64,345,161,184
050,47,049,"Tennessee","Fentress County",5,65,335,165,170
050,47,049,"Tennessee","Fentress County",5,66,308,150,158
050,47,049,"Tennessee","Fentress County",5,67,312,158,154
050,47,049,"Tennessee","Fentress County",5,68,316,147,169
050,47,049,"Tennessee","Fentress County",5,69,312,154,158
050,47,049,"Tennessee","Fentress County",5,70,260,121,139
050,47,049,"Tennessee","Fentress County",5,71,247,122,125
050,47,049,"Tennessee","Fentress County",5,72,246,119,127
050,47,049,"Tennessee","Fentress County",5,73,230,104,126
050,47,049,"Tennessee","Fentress County",5,74,220,111,109
050,47,049,"Tennessee","Fentress County",5,75,208,106,102
050,47,049,"Tennessee","Fentress County",5,76,232,117,115
050,47,049,"Tennessee","Fentress County",5,77,151,68,83
050,47,049,"Tennessee","Fentress County",5,78,164,70,94
050,47,049,"Tennessee","Fentress County",5,79,153,70,83
050,47,049,"Tennessee","Fentress County",5,80,151,72,79
050,47,049,"Tennessee","Fentress County",5,81,117,59,58
050,47,049,"Tennessee","Fentress County",5,82,104,47,57
050,47,049,"Tennessee","Fentress County",5,83,74,25,49
050,47,049,"Tennessee","Fentress County",5,84,74,28,46
050,47,049,"Tennessee","Fentress County",5,85,363,133,230
050,47,051,"Tennessee","Franklin County",1,0,401,205,196
050,47,051,"Tennessee","Franklin County",1,1,412,212,200
050,47,051,"Tennessee","Franklin County",1,2,442,219,223
050,47,051,"Tennessee","Franklin County",1,3,462,233,229
050,47,051,"Tennessee","Franklin County",1,4,449,233,216
050,47,051,"Tennessee","Franklin County",1,5,426,221,205
050,47,051,"Tennessee","Franklin County",1,6,439,228,211
050,47,051,"Tennessee","Franklin County",1,7,469,226,243
050,47,051,"Tennessee","Franklin County",1,8,448,227,221
050,47,051,"Tennessee","Franklin County",1,9,429,223,206
050,47,051,"Tennessee","Franklin County",1,10,451,214,237
050,47,051,"Tennessee","Franklin County",1,11,487,236,251
050,47,051,"Tennessee","Franklin County",1,12,520,268,252
050,47,051,"Tennessee","Franklin County",1,13,490,243,247
050,47,051,"Tennessee","Franklin County",1,14,541,275,266
050,47,051,"Tennessee","Franklin County",1,15,527,267,260
050,47,051,"Tennessee","Franklin County",1,16,559,268,291
050,47,051,"Tennessee","Franklin County",1,17,585,296,289
050,47,051,"Tennessee","Franklin County",1,18,631,335,296
050,47,051,"Tennessee","Franklin County",1,19,834,408,426
050,47,051,"Tennessee","Franklin County",1,20,864,421,443
050,47,051,"Tennessee","Franklin County",1,21,759,373,386
050,47,051,"Tennessee","Franklin County",1,22,692,358,334
050,47,051,"Tennessee","Franklin County",1,23,497,255,242
050,47,051,"Tennessee","Franklin County",1,24,473,251,222
050,47,051,"Tennessee","Franklin County",1,25,463,232,231
050,47,051,"Tennessee","Franklin County",1,26,501,249,252
050,47,051,"Tennessee","Franklin County",1,27,439,211,228
050,47,051,"Tennessee","Franklin County",1,28,484,250,234
050,47,051,"Tennessee","Franklin County",1,29,485,253,232
050,47,051,"Tennessee","Franklin County",1,30,503,246,257
050,47,051,"Tennessee","Franklin County",1,31,475,245,230
050,47,051,"Tennessee","Franklin County",1,32,426,221,205
050,47,051,"Tennessee","Franklin County",1,33,441,206,235
050,47,051,"Tennessee","Franklin County",1,34,422,208,214
050,47,051,"Tennessee","Franklin County",1,35,444,222,222
050,47,051,"Tennessee","Franklin County",1,36,421,218,203
050,47,051,"Tennessee","Franklin County",1,37,471,244,227
050,47,051,"Tennessee","Franklin County",1,38,504,262,242
050,47,051,"Tennessee","Franklin County",1,39,499,257,242
050,47,051,"Tennessee","Franklin County",1,40,486,254,232
050,47,051,"Tennessee","Franklin County",1,41,462,228,234
050,47,051,"Tennessee","Franklin County",1,42,468,250,218
050,47,051,"Tennessee","Franklin County",1,43,493,250,243
050,47,051,"Tennessee","Franklin County",1,44,467,230,237
050,47,051,"Tennessee","Franklin County",1,45,483,232,251
050,47,051,"Tennessee","Franklin County",1,46,510,258,252
050,47,051,"Tennessee","Franklin County",1,47,541,260,281
050,47,051,"Tennessee","Franklin County",1,48,555,266,289
050,47,051,"Tennessee","Franklin County",1,49,589,301,288
050,47,051,"Tennessee","Franklin County",1,50,499,243,256
050,47,051,"Tennessee","Franklin County",1,51,504,262,242
050,47,051,"Tennessee","Franklin County",1,52,498,240,258
050,47,051,"Tennessee","Franklin County",1,53,483,240,243
050,47,051,"Tennessee","Franklin County",1,54,526,261,265
050,47,051,"Tennessee","Franklin County",1,55,579,283,296
050,47,051,"Tennessee","Franklin County",1,56,636,308,328
050,47,051,"Tennessee","Franklin County",1,57,649,309,340
050,47,051,"Tennessee","Franklin County",1,58,644,331,313
050,47,051,"Tennessee","Franklin County",1,59,599,302,297
050,47,051,"Tennessee","Franklin County",1,60,617,302,315
050,47,051,"Tennessee","Franklin County",1,61,645,302,343
050,47,051,"Tennessee","Franklin County",1,62,635,314,321
050,47,051,"Tennessee","Franklin County",1,63,615,309,306
050,47,051,"Tennessee","Franklin County",1,64,620,290,330
050,47,051,"Tennessee","Franklin County",1,65,619,283,336
050,47,051,"Tennessee","Franklin County",1,66,585,265,320
050,47,051,"Tennessee","Franklin County",1,67,553,253,300
050,47,051,"Tennessee","Franklin County",1,68,549,267,282
050,47,051,"Tennessee","Franklin County",1,69,498,249,249
050,47,051,"Tennessee","Franklin County",1,70,486,226,260
050,47,051,"Tennessee","Franklin County",1,71,505,229,276
050,47,051,"Tennessee","Franklin County",1,72,519,259,260
050,47,051,"Tennessee","Franklin County",1,73,505,255,250
050,47,051,"Tennessee","Franklin County",1,74,332,160,172
050,47,051,"Tennessee","Franklin County",1,75,368,175,193
050,47,051,"Tennessee","Franklin County",1,76,384,180,204
050,47,051,"Tennessee","Franklin County",1,77,367,170,197
050,47,051,"Tennessee","Franklin County",1,78,298,126,172
050,47,051,"Tennessee","Franklin County",1,79,260,119,141
050,47,051,"Tennessee","Franklin County",1,80,247,117,130
050,47,051,"Tennessee","Franklin County",1,81,236,105,131
050,47,051,"Tennessee","Franklin County",1,82,204,90,114
050,47,051,"Tennessee","Franklin County",1,83,179,79,100
050,47,051,"Tennessee","Franklin County",1,84,153,71,82
050,47,051,"Tennessee","Franklin County",1,85,855,296,559
050,47,051,"Tennessee","Franklin County",2,0,398,206,192
050,47,051,"Tennessee","Franklin County",2,1,409,209,200
050,47,051,"Tennessee","Franklin County",2,2,439,218,221
050,47,051,"Tennessee","Franklin County",2,3,453,230,223
050,47,051,"Tennessee","Franklin County",2,4,457,236,221
050,47,051,"Tennessee","Franklin County",2,5,440,228,212
050,47,051,"Tennessee","Franklin County",2,6,443,230,213
050,47,051,"Tennessee","Franklin County",2,7,461,225,236
050,47,051,"Tennessee","Franklin County",2,8,448,225,223
050,47,051,"Tennessee","Franklin County",2,9,435,224,211
050,47,051,"Tennessee","Franklin County",2,10,447,217,230
050,47,051,"Tennessee","Franklin County",2,11,481,231,250
050,47,051,"Tennessee","Franklin County",2,12,516,262,254
050,47,051,"Tennessee","Franklin County",2,13,503,251,252
050,47,051,"Tennessee","Franklin County",2,14,529,267,262
050,47,051,"Tennessee","Franklin County",2,15,530,270,260
050,47,051,"Tennessee","Franklin County",2,16,554,270,284
050,47,051,"Tennessee","Franklin County",2,17,579,289,290
050,47,051,"Tennessee","Franklin County",2,18,636,332,304
050,47,051,"Tennessee","Franklin County",2,19,830,409,421
050,47,051,"Tennessee","Franklin County",2,20,868,420,448
050,47,051,"Tennessee","Franklin County",2,21,761,374,387
050,47,051,"Tennessee","Franklin County",2,22,696,362,334
050,47,051,"Tennessee","Franklin County",2,23,498,256,242
050,47,051,"Tennessee","Franklin County",2,24,472,248,224
050,47,051,"Tennessee","Franklin County",2,25,463,236,227
050,47,051,"Tennessee","Franklin County",2,26,487,241,246
050,47,051,"Tennessee","Franklin County",2,27,457,222,235
050,47,051,"Tennessee","Franklin County",2,28,478,244,234
050,47,051,"Tennessee","Franklin County",2,29,484,249,235
050,47,051,"Tennessee","Franklin County",2,30,501,248,253
050,47,051,"Tennessee","Franklin County",2,31,482,246,236
050,47,051,"Tennessee","Franklin County",2,32,442,229,213
050,47,051,"Tennessee","Franklin County",2,33,438,210,228
050,47,051,"Tennessee","Franklin County",2,34,429,210,219
050,47,051,"Tennessee","Franklin County",2,35,444,218,226
050,47,051,"Tennessee","Franklin County",2,36,428,220,208
050,47,051,"Tennessee","Franklin County",2,37,463,238,225
050,47,051,"Tennessee","Franklin County",2,38,494,256,238
050,47,051,"Tennessee","Franklin County",2,39,495,255,240
050,47,051,"Tennessee","Franklin County",2,40,497,259,238
050,47,051,"Tennessee","Franklin County",2,41,467,235,232
050,47,051,"Tennessee","Franklin County",2,42,463,242,221
050,47,051,"Tennessee","Franklin County",2,43,489,251,238
050,47,051,"Tennessee","Franklin County",2,44,470,232,238
050,47,051,"Tennessee","Franklin County",2,45,485,236,249
050,47,051,"Tennessee","Franklin County",2,46,499,249,250
050,47,051,"Tennessee","Franklin County",2,47,531,256,275
050,47,051,"Tennessee","Franklin County",2,48,556,267,289
050,47,051,"Tennessee","Franklin County",2,49,585,294,291
050,47,051,"Tennessee","Franklin County",2,50,525,258,267
050,47,051,"Tennessee","Franklin County",2,51,501,254,247
050,47,051,"Tennessee","Franklin County",2,52,499,243,256
050,47,051,"Tennessee","Franklin County",2,53,490,241,249
050,47,051,"Tennessee","Franklin County",2,54,517,258,259
050,47,051,"Tennessee","Franklin County",2,55,567,278,289
050,47,051,"Tennessee","Franklin County",2,56,628,305,323
050,47,051,"Tennessee","Franklin County",2,57,649,310,339
050,47,051,"Tennessee","Franklin County",2,58,640,321,319
050,47,051,"Tennessee","Franklin County",2,59,615,312,303
050,47,051,"Tennessee","Franklin County",2,60,615,302,313
050,47,051,"Tennessee","Franklin County",2,61,633,298,335
050,47,051,"Tennessee","Franklin County",2,62,636,310,326
050,47,051,"Tennessee","Franklin County",2,63,625,311,314
050,47,051,"Tennessee","Franklin County",2,64,616,292,324
050,47,051,"Tennessee","Franklin County",2,65,619,285,334
050,47,051,"Tennessee","Franklin County",2,66,590,267,323
050,47,051,"Tennessee","Franklin County",2,67,559,255,304
050,47,051,"Tennessee","Franklin County",2,68,545,261,284
050,47,051,"Tennessee","Franklin County",2,69,518,257,261
050,47,051,"Tennessee","Franklin County",2,70,487,231,256
050,47,051,"Tennessee","Franklin County",2,71,498,225,273
050,47,051,"Tennessee","Franklin County",2,72,506,248,258
050,47,051,"Tennessee","Franklin County",2,73,534,268,266
050,47,051,"Tennessee","Franklin County",2,74,350,171,179
050,47,051,"Tennessee","Franklin County",2,75,356,169,187
050,47,051,"Tennessee","Franklin County",2,76,374,175,199
050,47,051,"Tennessee","Franklin County",2,77,377,175,202
050,47,051,"Tennessee","Franklin County",2,78,304,130,174
050,47,051,"Tennessee","Franklin County",2,79,265,118,147
050,47,051,"Tennessee","Franklin County",2,80,246,114,132
050,47,051,"Tennessee","Franklin County",2,81,236,108,128
050,47,051,"Tennessee","Franklin County",2,82,210,93,117
050,47,051,"Tennessee","Franklin County",2,83,184,80,104
050,47,051,"Tennessee","Franklin County",2,84,159,73,86
050,47,051,"Tennessee","Franklin County",2,85,862,299,563
050,47,051,"Tennessee","Franklin County",3,0,428,223,205
050,47,051,"Tennessee","Franklin County",3,1,436,233,203
050,47,051,"Tennessee","Franklin County",3,2,437,228,209
050,47,051,"Tennessee","Franklin County",3,3,454,226,228
050,47,051,"Tennessee","Franklin County",3,4,461,234,227
050,47,051,"Tennessee","Franklin County",3,5,459,234,225
050,47,051,"Tennessee","Franklin County",3,6,455,236,219
050,47,051,"Tennessee","Franklin County",3,7,437,224,213
050,47,051,"Tennessee","Franklin County",3,8,462,219,243
050,47,051,"Tennessee","Franklin County",3,9,459,239,220
050,47,051,"Tennessee","Franklin County",3,10,452,240,212
050,47,051,"Tennessee","Franklin County",3,11,453,219,234
050,47,051,"Tennessee","Franklin County",3,12,475,225,250
050,47,051,"Tennessee","Franklin County",3,13,535,276,259
050,47,051,"Tennessee","Franklin County",3,14,513,261,252
050,47,051,"Tennessee","Franklin County",3,15,519,267,252
050,47,051,"Tennessee","Franklin County",3,16,534,272,262
050,47,051,"Tennessee","Franklin County",3,17,551,279,272
050,47,051,"Tennessee","Franklin County",3,18,646,331,315
050,47,051,"Tennessee","Franklin County",3,19,831,420,411
050,47,051,"Tennessee","Franklin County",3,20,870,421,449
050,47,051,"Tennessee","Franklin County",3,21,799,383,416
050,47,051,"Tennessee","Franklin County",3,22,710,370,340
050,47,051,"Tennessee","Franklin County",3,23,487,247,240
050,47,051,"Tennessee","Franklin County",3,24,485,252,233
050,47,051,"Tennessee","Franklin County",3,25,475,244,231
050,47,051,"Tennessee","Franklin County",3,26,477,237,240
050,47,051,"Tennessee","Franklin County",3,27,495,233,262
050,47,051,"Tennessee","Franklin County",3,28,466,223,243
050,47,051,"Tennessee","Franklin County",3,29,481,250,231
050,47,051,"Tennessee","Franklin County",3,30,493,244,249
050,47,051,"Tennessee","Franklin County",3,31,509,257,252
050,47,051,"Tennessee","Franklin County",3,32,494,256,238
050,47,051,"Tennessee","Franklin County",3,33,437,222,215
050,47,051,"Tennessee","Franklin County",3,34,431,209,222
050,47,051,"Tennessee","Franklin County",3,35,433,209,224
050,47,051,"Tennessee","Franklin County",3,36,441,216,225
050,47,051,"Tennessee","Franklin County",3,37,440,222,218
050,47,051,"Tennessee","Franklin County",3,38,472,248,224
050,47,051,"Tennessee","Franklin County",3,39,499,257,242
050,47,051,"Tennessee","Franklin County",3,40,511,272,239
050,47,051,"Tennessee","Franklin County",3,41,490,248,242
050,47,051,"Tennessee","Franklin County",3,42,472,241,231
050,47,051,"Tennessee","Franklin County",3,43,480,243,237
050,47,051,"Tennessee","Franklin County",3,44,498,249,249
050,47,051,"Tennessee","Franklin County",3,45,469,231,238
050,47,051,"Tennessee","Franklin County",3,46,492,239,253
050,47,051,"Tennessee","Franklin County",3,47,514,255,259
050,47,051,"Tennessee","Franklin County",3,48,555,267,288
050,47,051,"Tennessee","Franklin County",3,49,568,263,305
050,47,051,"Tennessee","Franklin County",3,50,590,300,290
050,47,051,"Tennessee","Franklin County",3,51,542,266,276
050,47,051,"Tennessee","Franklin County",3,52,501,253,248
050,47,051,"Tennessee","Franklin County",3,53,506,247,259
050,47,051,"Tennessee","Franklin County",3,54,496,246,250
050,47,051,"Tennessee","Franklin County",3,55,523,264,259
050,47,051,"Tennessee","Franklin County",3,56,590,288,302
050,47,051,"Tennessee","Franklin County",3,57,666,329,337
050,47,051,"Tennessee","Franklin County",3,58,638,301,337
050,47,051,"Tennessee","Franklin County",3,59,650,322,328
050,47,051,"Tennessee","Franklin County",3,60,624,317,307
050,47,051,"Tennessee","Franklin County",3,61,621,309,312
050,47,051,"Tennessee","Franklin County",3,62,640,313,327
050,47,051,"Tennessee","Franklin County",3,63,638,306,332
050,47,051,"Tennessee","Franklin County",3,64,630,313,317
050,47,051,"Tennessee","Franklin County",3,65,628,300,328
050,47,051,"Tennessee","Franklin County",3,66,625,288,337
050,47,051,"Tennessee","Franklin County",3,67,584,265,319
050,47,051,"Tennessee","Franklin County",3,68,551,253,298
050,47,051,"Tennessee","Franklin County",3,69,535,256,279
050,47,051,"Tennessee","Franklin County",3,70,502,245,257
050,47,051,"Tennessee","Franklin County",3,71,476,227,249
050,47,051,"Tennessee","Franklin County",3,72,465,209,256
050,47,051,"Tennessee","Franklin County",3,73,483,232,251
050,47,051,"Tennessee","Franklin County",3,74,514,263,251
050,47,051,"Tennessee","Franklin County",3,75,331,160,171
050,47,051,"Tennessee","Franklin County",3,76,342,162,180
050,47,051,"Tennessee","Franklin County",3,77,344,157,187
050,47,051,"Tennessee","Franklin County",3,78,353,160,193
050,47,051,"Tennessee","Franklin County",3,79,284,123,161
050,47,051,"Tennessee","Franklin County",3,80,248,108,140
050,47,051,"Tennessee","Franklin County",3,81,228,102,126
050,47,051,"Tennessee","Franklin County",3,82,210,102,108
050,47,051,"Tennessee","Franklin County",3,83,187,80,107
050,47,051,"Tennessee","Franklin County",3,84,159,71,88
050,47,051,"Tennessee","Franklin County",3,85,852,303,549
050,47,051,"Tennessee","Franklin County",4,0,437,218,219
050,47,051,"Tennessee","Franklin County",4,1,429,215,214
050,47,051,"Tennessee","Franklin County",4,2,462,244,218
050,47,051,"Tennessee","Franklin County",4,3,462,242,220
050,47,051,"Tennessee","Franklin County",4,4,474,233,241
050,47,051,"Tennessee","Franklin County",4,5,480,241,239
050,47,051,"Tennessee","Franklin County",4,6,475,244,231
050,47,051,"Tennessee","Franklin County",4,7,479,253,226
050,47,051,"Tennessee","Franklin County",4,8,467,237,230
050,47,051,"Tennessee","Franklin County",4,9,484,238,246
050,47,051,"Tennessee","Franklin County",4,10,466,238,228
050,47,051,"Tennessee","Franklin County",4,11,458,245,213
050,47,051,"Tennessee","Franklin County",4,12,464,229,235
050,47,051,"Tennessee","Franklin County",4,13,476,234,242
050,47,051,"Tennessee","Franklin County",4,14,535,273,262
050,47,051,"Tennessee","Franklin County",4,15,509,251,258
050,47,051,"Tennessee","Franklin County",4,16,545,274,271
050,47,051,"Tennessee","Franklin County",4,17,556,280,276
050,47,051,"Tennessee","Franklin County",4,18,652,336,316
050,47,051,"Tennessee","Franklin County",4,19,907,450,457
050,47,051,"Tennessee","Franklin County",4,20,926,463,463
050,47,051,"Tennessee","Franklin County",4,21,836,411,425
050,47,051,"Tennessee","Franklin County",4,22,787,392,395
050,47,051,"Tennessee","Franklin County",4,23,537,276,261
050,47,051,"Tennessee","Franklin County",4,24,481,246,235
050,47,051,"Tennessee","Franklin County",4,25,480,248,232
050,47,051,"Tennessee","Franklin County",4,26,499,256,243
050,47,051,"Tennessee","Franklin County",4,27,488,250,238
050,47,051,"Tennessee","Franklin County",4,28,521,247,274
050,47,051,"Tennessee","Franklin County",4,29,462,220,242
050,47,051,"Tennessee","Franklin County",4,30,485,238,247
050,47,051,"Tennessee","Franklin County",4,31,505,242,263
050,47,051,"Tennessee","Franklin County",4,32,519,263,256
050,47,051,"Tennessee","Franklin County",4,33,514,268,246
050,47,051,"Tennessee","Franklin County",4,34,464,238,226
050,47,051,"Tennessee","Franklin County",4,35,450,217,233
050,47,051,"Tennessee","Franklin County",4,36,444,221,223
050,47,051,"Tennessee","Franklin County",4,37,469,235,234
050,47,051,"Tennessee","Franklin County",4,38,459,233,226
050,47,051,"Tennessee","Franklin County",4,39,484,247,237
050,47,051,"Tennessee","Franklin County",4,40,526,273,253
050,47,051,"Tennessee","Franklin County",4,41,527,279,248
050,47,051,"Tennessee","Franklin County",4,42,505,249,256
050,47,051,"Tennessee","Franklin County",4,43,482,248,234
050,47,051,"Tennessee","Franklin County",4,44,486,248,238
050,47,051,"Tennessee","Franklin County",4,45,495,246,249
050,47,051,"Tennessee","Franklin County",4,46,483,244,239
050,47,051,"Tennessee","Franklin County",4,47,497,233,264
050,47,051,"Tennessee","Franklin County",4,48,507,252,255
050,47,051,"Tennessee","Franklin County",4,49,562,275,287
050,47,051,"Tennessee","Franklin County",4,50,581,275,306
050,47,051,"Tennessee","Franklin County",4,51,608,305,303
050,47,051,"Tennessee","Franklin County",4,52,569,280,289
050,47,051,"Tennessee","Franklin County",4,53,506,259,247
050,47,051,"Tennessee","Franklin County",4,54,515,246,269
050,47,051,"Tennessee","Franklin County",4,55,487,242,245
050,47,051,"Tennessee","Franklin County",4,56,543,280,263
050,47,051,"Tennessee","Franklin County",4,57,604,299,305
050,47,051,"Tennessee","Franklin County",4,58,648,319,329
050,47,051,"Tennessee","Franklin County",4,59,643,303,340
050,47,051,"Tennessee","Franklin County",4,60,670,328,342
050,47,051,"Tennessee","Franklin County",4,61,635,328,307
050,47,051,"Tennessee","Franklin County",4,62,631,314,317
050,47,051,"Tennessee","Franklin County",4,63,645,320,325
050,47,051,"Tennessee","Franklin County",4,64,619,293,326
050,47,051,"Tennessee","Franklin County",4,65,624,307,317
050,47,051,"Tennessee","Franklin County",4,66,635,305,330
050,47,051,"Tennessee","Franklin County",4,67,630,289,341
050,47,051,"Tennessee","Franklin County",4,68,581,261,320
050,47,051,"Tennessee","Franklin County",4,69,545,251,294
050,47,051,"Tennessee","Franklin County",4,70,516,246,270
050,47,051,"Tennessee","Franklin County",4,71,505,243,262
050,47,051,"Tennessee","Franklin County",4,72,454,216,238
050,47,051,"Tennessee","Franklin County",4,73,456,198,258
050,47,051,"Tennessee","Franklin County",4,74,469,228,241
050,47,051,"Tennessee","Franklin County",4,75,498,252,246
050,47,051,"Tennessee","Franklin County",4,76,323,157,166
050,47,051,"Tennessee","Franklin County",4,77,324,151,173
050,47,051,"Tennessee","Franklin County",4,78,323,142,181
050,47,051,"Tennessee","Franklin County",4,79,337,154,183
050,47,051,"Tennessee","Franklin County",4,80,271,116,155
050,47,051,"Tennessee","Franklin County",4,81,240,100,140
050,47,051,"Tennessee","Franklin County",4,82,199,90,109
050,47,051,"Tennessee","Franklin County",4,83,185,89,96
050,47,051,"Tennessee","Franklin County",4,84,156,64,92
050,47,051,"Tennessee","Franklin County",4,85,847,316,531
050,47,051,"Tennessee","Franklin County",5,0,438,218,220
050,47,051,"Tennessee","Franklin County",5,1,436,221,215
050,47,051,"Tennessee","Franklin County",5,2,437,224,213
050,47,051,"Tennessee","Franklin County",5,3,469,246,223
050,47,051,"Tennessee","Franklin County",5,4,476,244,232
050,47,051,"Tennessee","Franklin County",5,5,456,220,236
050,47,051,"Tennessee","Franklin County",5,6,496,262,234
050,47,051,"Tennessee","Franklin County",5,7,482,251,231
050,47,051,"Tennessee","Franklin County",5,8,476,252,224
050,47,051,"Tennessee","Franklin County",5,9,476,248,228
050,47,051,"Tennessee","Franklin County",5,10,491,239,252
050,47,051,"Tennessee","Franklin County",5,11,466,248,218
050,47,051,"Tennessee","Franklin County",5,12,463,244,219
050,47,051,"Tennessee","Franklin County",5,13,482,233,249
050,47,051,"Tennessee","Franklin County",5,14,477,240,237
050,47,051,"Tennessee","Franklin County",5,15,535,275,260
050,47,051,"Tennessee","Franklin County",5,16,512,257,255
050,47,051,"Tennessee","Franklin County",5,17,545,274,271
050,47,051,"Tennessee","Franklin County",5,18,664,347,317
050,47,051,"Tennessee","Franklin County",5,19,962,467,495
050,47,051,"Tennessee","Franklin County",5,20,991,479,512
050,47,051,"Tennessee","Franklin County",5,21,862,422,440
050,47,051,"Tennessee","Franklin County",5,22,816,439,377
050,47,051,"Tennessee","Franklin County",5,23,554,274,280
050,47,051,"Tennessee","Franklin County",5,24,537,275,262
050,47,051,"Tennessee","Franklin County",5,25,484,249,235
050,47,051,"Tennessee","Franklin County",5,26,483,251,232
050,47,051,"Tennessee","Franklin County",5,27,505,255,250
050,47,051,"Tennessee","Franklin County",5,28,493,250,243
050,47,051,"Tennessee","Franklin County",5,29,535,255,280
050,47,051,"Tennessee","Franklin County",5,30,471,236,235
050,47,051,"Tennessee","Franklin County",5,31,485,239,246
050,47,051,"Tennessee","Franklin County",5,32,507,245,262
050,47,051,"Tennessee","Franklin County",5,33,531,261,270
050,47,051,"Tennessee","Franklin County",5,34,522,268,254
050,47,051,"Tennessee","Franklin County",5,35,464,232,232
050,47,051,"Tennessee","Franklin County",5,36,459,224,235
050,47,051,"Tennessee","Franklin County",5,37,426,218,208
050,47,051,"Tennessee","Franklin County",5,38,462,229,233
050,47,051,"Tennessee","Franklin County",5,39,455,227,228
050,47,051,"Tennessee","Franklin County",5,40,499,249,250
050,47,051,"Tennessee","Franklin County",5,41,506,257,249
050,47,051,"Tennessee","Franklin County",5,42,530,280,250
050,47,051,"Tennessee","Franklin County",5,43,507,245,262
050,47,051,"Tennessee","Franklin County",5,44,480,247,233
050,47,051,"Tennessee","Franklin County",5,45,480,244,236
050,47,051,"Tennessee","Franklin County",5,46,514,260,254
050,47,051,"Tennessee","Franklin County",5,47,507,252,255
050,47,051,"Tennessee","Franklin County",5,48,499,237,262
050,47,051,"Tennessee","Franklin County",5,49,515,258,257
050,47,051,"Tennessee","Franklin County",5,50,566,273,293
050,47,051,"Tennessee","Franklin County",5,51,576,272,304
050,47,051,"Tennessee","Franklin County",5,52,610,302,308
050,47,051,"Tennessee","Franklin County",5,53,567,285,282
050,47,051,"Tennessee","Franklin County",5,54,518,266,252
050,47,051,"Tennessee","Franklin County",5,55,521,250,271
050,47,051,"Tennessee","Franklin County",5,56,493,241,252
050,47,051,"Tennessee","Franklin County",5,57,555,283,272
050,47,051,"Tennessee","Franklin County",5,58,614,297,317
050,47,051,"Tennessee","Franklin County",5,59,659,330,329
050,47,051,"Tennessee","Franklin County",5,60,655,306,349
050,47,051,"Tennessee","Franklin County",5,61,680,331,349
050,47,051,"Tennessee","Franklin County",5,62,648,337,311
050,47,051,"Tennessee","Franklin County",5,63,630,306,324
050,47,051,"Tennessee","Franklin County",5,64,639,316,323
050,47,051,"Tennessee","Franklin County",5,65,627,299,328
050,47,051,"Tennessee","Franklin County",5,66,637,315,322
050,47,051,"Tennessee","Franklin County",5,67,621,306,315
050,47,051,"Tennessee","Franklin County",5,68,622,288,334
050,47,051,"Tennessee","Franklin County",5,69,580,257,323
050,47,051,"Tennessee","Franklin County",5,70,548,250,298
050,47,051,"Tennessee","Franklin County",5,71,519,248,271
050,47,051,"Tennessee","Franklin County",5,72,497,238,259
050,47,051,"Tennessee","Franklin County",5,73,443,204,239
050,47,051,"Tennessee","Franklin County",5,74,444,194,250
050,47,051,"Tennessee","Franklin County",5,75,448,213,235
050,47,051,"Tennessee","Franklin County",5,76,483,241,242
050,47,051,"Tennessee","Franklin County",5,77,312,147,165
050,47,051,"Tennessee","Franklin County",5,78,307,141,166
050,47,051,"Tennessee","Franklin County",5,79,302,133,169
050,47,051,"Tennessee","Franklin County",5,80,320,145,175
050,47,051,"Tennessee","Franklin County",5,81,258,107,151
050,47,051,"Tennessee","Franklin County",5,82,213,92,121
050,47,051,"Tennessee","Franklin County",5,83,183,77,106
050,47,051,"Tennessee","Franklin County",5,84,162,75,87
050,47,051,"Tennessee","Franklin County",5,85,879,331,548
050,47,053,"Tennessee","Gibson County",1,0,567,291,276
050,47,053,"Tennessee","Gibson County",1,1,598,312,286
050,47,053,"Tennessee","Gibson County",1,2,597,291,306
050,47,053,"Tennessee","Gibson County",1,3,635,319,316
050,47,053,"Tennessee","Gibson County",1,4,680,361,319
050,47,053,"Tennessee","Gibson County",1,5,680,354,326
050,47,053,"Tennessee","Gibson County",1,6,704,370,334
050,47,053,"Tennessee","Gibson County",1,7,719,355,364
050,47,053,"Tennessee","Gibson County",1,8,708,375,333
050,47,053,"Tennessee","Gibson County",1,9,667,358,309
050,47,053,"Tennessee","Gibson County",1,10,717,363,354
050,47,053,"Tennessee","Gibson County",1,11,703,359,344
050,47,053,"Tennessee","Gibson County",1,12,763,415,348
050,47,053,"Tennessee","Gibson County",1,13,757,387,370
050,47,053,"Tennessee","Gibson County",1,14,734,371,363
050,47,053,"Tennessee","Gibson County",1,15,728,382,346
050,47,053,"Tennessee","Gibson County",1,16,714,340,374
050,47,053,"Tennessee","Gibson County",1,17,695,351,344
050,47,053,"Tennessee","Gibson County",1,18,620,313,307
050,47,053,"Tennessee","Gibson County",1,19,511,259,252
050,47,053,"Tennessee","Gibson County",1,20,507,254,253
050,47,053,"Tennessee","Gibson County",1,21,513,268,245
050,47,053,"Tennessee","Gibson County",1,22,511,253,258
050,47,053,"Tennessee","Gibson County",1,23,543,263,280
050,47,053,"Tennessee","Gibson County",1,24,575,286,289
050,47,053,"Tennessee","Gibson County",1,25,591,311,280
050,47,053,"Tennessee","Gibson County",1,26,589,289,300
050,47,053,"Tennessee","Gibson County",1,27,591,299,292
050,47,053,"Tennessee","Gibson County",1,28,621,287,334
050,47,053,"Tennessee","Gibson County",1,29,603,278,325
050,47,053,"Tennessee","Gibson County",1,30,611,271,340
050,47,053,"Tennessee","Gibson County",1,31,565,267,298
050,47,053,"Tennessee","Gibson County",1,32,580,268,312
050,47,053,"Tennessee","Gibson County",1,33,608,293,315
050,47,053,"Tennessee","Gibson County",1,34,638,287,351
050,47,053,"Tennessee","Gibson County",1,35,636,302,334
050,47,053,"Tennessee","Gibson County",1,36,668,319,349
050,47,053,"Tennessee","Gibson County",1,37,672,327,345
050,47,053,"Tennessee","Gibson County",1,38,646,307,339
050,47,053,"Tennessee","Gibson County",1,39,649,310,339
050,47,053,"Tennessee","Gibson County",1,40,641,321,320
050,47,053,"Tennessee","Gibson County",1,41,649,319,330
050,47,053,"Tennessee","Gibson County",1,42,641,318,323
050,47,053,"Tennessee","Gibson County",1,43,611,310,301
050,47,053,"Tennessee","Gibson County",1,44,616,309,307
050,47,053,"Tennessee","Gibson County",1,45,589,280,309
050,47,053,"Tennessee","Gibson County",1,46,572,270,302
050,47,053,"Tennessee","Gibson County",1,47,619,301,318
050,47,053,"Tennessee","Gibson County",1,48,697,352,345
050,47,053,"Tennessee","Gibson County",1,49,692,349,343
050,47,053,"Tennessee","Gibson County",1,50,660,334,326
050,47,053,"Tennessee","Gibson County",1,51,611,298,313
050,47,053,"Tennessee","Gibson County",1,52,575,273,302
050,47,053,"Tennessee","Gibson County",1,53,590,302,288
050,47,053,"Tennessee","Gibson County",1,54,639,322,317
050,47,053,"Tennessee","Gibson County",1,55,674,309,365
050,47,053,"Tennessee","Gibson County",1,56,711,353,358
050,47,053,"Tennessee","Gibson County",1,57,700,345,355
050,47,053,"Tennessee","Gibson County",1,58,699,330,369
050,47,053,"Tennessee","Gibson County",1,59,707,335,372
050,47,053,"Tennessee","Gibson County",1,60,690,343,347
050,47,053,"Tennessee","Gibson County",1,61,672,341,331
050,47,053,"Tennessee","Gibson County",1,62,656,321,335
050,47,053,"Tennessee","Gibson County",1,63,626,292,334
050,47,053,"Tennessee","Gibson County",1,64,620,296,324
050,47,053,"Tennessee","Gibson County",1,65,574,284,290
050,47,053,"Tennessee","Gibson County",1,66,599,290,309
050,47,053,"Tennessee","Gibson County",1,67,575,281,294
050,47,053,"Tennessee","Gibson County",1,68,517,255,262
050,47,053,"Tennessee","Gibson County",1,69,503,231,272
050,47,053,"Tennessee","Gibson County",1,70,466,182,284
050,47,053,"Tennessee","Gibson County",1,71,489,216,273
050,47,053,"Tennessee","Gibson County",1,72,522,233,289
050,47,053,"Tennessee","Gibson County",1,73,504,230,274
050,47,053,"Tennessee","Gibson County",1,74,363,154,209
050,47,053,"Tennessee","Gibson County",1,75,362,145,217
050,47,053,"Tennessee","Gibson County",1,76,354,160,194
050,47,053,"Tennessee","Gibson County",1,77,341,150,191
050,47,053,"Tennessee","Gibson County",1,78,311,130,181
050,47,053,"Tennessee","Gibson County",1,79,268,109,159
050,47,053,"Tennessee","Gibson County",1,80,233,92,141
050,47,053,"Tennessee","Gibson County",1,81,237,104,133
050,47,053,"Tennessee","Gibson County",1,82,217,87,130
050,47,053,"Tennessee","Gibson County",1,83,198,78,120
050,47,053,"Tennessee","Gibson County",1,84,179,63,116
050,47,053,"Tennessee","Gibson County",1,85,1028,341,687
050,47,053,"Tennessee","Gibson County",2,0,552,291,261
050,47,053,"Tennessee","Gibson County",2,1,594,307,287
050,47,053,"Tennessee","Gibson County",2,2,604,300,304
050,47,053,"Tennessee","Gibson County",2,3,628,315,313
050,47,053,"Tennessee","Gibson County",2,4,675,354,321
050,47,053,"Tennessee","Gibson County",2,5,688,360,328
050,47,053,"Tennessee","Gibson County",2,6,707,371,336
050,47,053,"Tennessee","Gibson County",2,7,717,361,356
050,47,053,"Tennessee","Gibson County",2,8,710,372,338
050,47,053,"Tennessee","Gibson County",2,9,681,365,316
050,47,053,"Tennessee","Gibson County",2,10,703,361,342
050,47,053,"Tennessee","Gibson County",2,11,707,362,345
050,47,053,"Tennessee","Gibson County",2,12,753,404,349
050,47,053,"Tennessee","Gibson County",2,13,761,395,366
050,47,053,"Tennessee","Gibson County",2,14,740,375,365
050,47,053,"Tennessee","Gibson County",2,15,731,378,353
050,47,053,"Tennessee","Gibson County",2,16,716,349,367
050,47,053,"Tennessee","Gibson County",2,17,699,347,352
050,47,053,"Tennessee","Gibson County",2,18,607,308,299
050,47,053,"Tennessee","Gibson County",2,19,509,257,252
050,47,053,"Tennessee","Gibson County",2,20,524,263,261
050,47,053,"Tennessee","Gibson County",2,21,513,263,250
050,47,053,"Tennessee","Gibson County",2,22,517,258,259
050,47,053,"Tennessee","Gibson County",2,23,541,265,276
050,47,053,"Tennessee","Gibson County",2,24,567,280,287
050,47,053,"Tennessee","Gibson County",2,25,587,305,282
050,47,053,"Tennessee","Gibson County",2,26,591,297,294
050,47,053,"Tennessee","Gibson County",2,27,590,293,297
050,47,053,"Tennessee","Gibson County",2,28,614,287,327
050,47,053,"Tennessee","Gibson County",2,29,610,280,330
050,47,053,"Tennessee","Gibson County",2,30,610,270,340
050,47,053,"Tennessee","Gibson County",2,31,576,267,309
050,47,053,"Tennessee","Gibson County",2,32,577,271,306
050,47,053,"Tennessee","Gibson County",2,33,603,288,315
050,47,053,"Tennessee","Gibson County",2,34,632,290,342
050,47,053,"Tennessee","Gibson County",2,35,645,300,345
050,47,053,"Tennessee","Gibson County",2,36,661,315,346
050,47,053,"Tennessee","Gibson County",2,37,667,321,346
050,47,053,"Tennessee","Gibson County",2,38,657,312,345
050,47,053,"Tennessee","Gibson County",2,39,647,309,338
050,47,053,"Tennessee","Gibson County",2,40,647,321,326
050,47,053,"Tennessee","Gibson County",2,41,644,317,327
050,47,053,"Tennessee","Gibson County",2,42,640,317,323
050,47,053,"Tennessee","Gibson County",2,43,630,319,311
050,47,053,"Tennessee","Gibson County",2,44,612,307,305
050,47,053,"Tennessee","Gibson County",2,45,597,288,309
050,47,053,"Tennessee","Gibson County",2,46,574,272,302
050,47,053,"Tennessee","Gibson County",2,47,608,293,315
050,47,053,"Tennessee","Gibson County",2,48,681,344,337
050,47,053,"Tennessee","Gibson County",2,49,697,351,346
050,47,053,"Tennessee","Gibson County",2,50,670,339,331
050,47,053,"Tennessee","Gibson County",2,51,622,307,315
050,47,053,"Tennessee","Gibson County",2,52,577,279,298
050,47,053,"Tennessee","Gibson County",2,53,589,296,293
050,47,053,"Tennessee","Gibson County",2,54,626,318,308
050,47,053,"Tennessee","Gibson County",2,55,663,311,352
050,47,053,"Tennessee","Gibson County",2,56,706,343,363
050,47,053,"Tennessee","Gibson County",2,57,702,346,356
050,47,053,"Tennessee","Gibson County",2,58,695,333,362
050,47,053,"Tennessee","Gibson County",2,59,708,337,371
050,47,053,"Tennessee","Gibson County",2,60,690,340,350
050,47,053,"Tennessee","Gibson County",2,61,672,339,333
050,47,053,"Tennessee","Gibson County",2,62,660,327,333
050,47,053,"Tennessee","Gibson County",2,63,634,300,334
050,47,053,"Tennessee","Gibson County",2,64,618,294,324
050,47,053,"Tennessee","Gibson County",2,65,582,286,296
050,47,053,"Tennessee","Gibson County",2,66,592,287,305
050,47,053,"Tennessee","Gibson County",2,67,576,281,295
050,47,053,"Tennessee","Gibson County",2,68,523,257,266
050,47,053,"Tennessee","Gibson County",2,69,505,236,269
050,47,053,"Tennessee","Gibson County",2,70,474,194,280
050,47,053,"Tennessee","Gibson County",2,71,482,204,278
050,47,053,"Tennessee","Gibson County",2,72,506,224,282
050,47,053,"Tennessee","Gibson County",2,73,525,236,289
050,47,053,"Tennessee","Gibson County",2,74,371,161,210
050,47,053,"Tennessee","Gibson County",2,75,362,146,216
050,47,053,"Tennessee","Gibson County",2,76,351,155,196
050,47,053,"Tennessee","Gibson County",2,77,348,154,194
050,47,053,"Tennessee","Gibson County",2,78,312,132,180
050,47,053,"Tennessee","Gibson County",2,79,273,111,162
050,47,053,"Tennessee","Gibson County",2,80,231,94,137
050,47,053,"Tennessee","Gibson County",2,81,231,101,130
050,47,053,"Tennessee","Gibson County",2,82,219,87,132
050,47,053,"Tennessee","Gibson County",2,83,196,77,119
050,47,053,"Tennessee","Gibson County",2,84,181,66,115
050,47,053,"Tennessee","Gibson County",2,85,1031,338,693
050,47,053,"Tennessee","Gibson County",3,0,531,260,271
050,47,053,"Tennessee","Gibson County",3,1,558,301,257
050,47,053,"Tennessee","Gibson County",3,2,592,302,290
050,47,053,"Tennessee","Gibson County",3,3,613,305,308
050,47,053,"Tennessee","Gibson County",3,4,616,293,323
050,47,053,"Tennessee","Gibson County",3,5,690,356,334
050,47,053,"Tennessee","Gibson County",3,6,682,354,328
050,47,053,"Tennessee","Gibson County",3,7,712,372,340
050,47,053,"Tennessee","Gibson County",3,8,742,379,363
050,47,053,"Tennessee","Gibson County",3,9,719,375,344
050,47,053,"Tennessee","Gibson County",3,10,693,365,328
050,47,053,"Tennessee","Gibson County",3,11,698,360,338
050,47,053,"Tennessee","Gibson County",3,12,707,352,355
050,47,053,"Tennessee","Gibson County",3,13,766,417,349
050,47,053,"Tennessee","Gibson County",3,14,751,383,368
050,47,053,"Tennessee","Gibson County",3,15,735,375,360
050,47,053,"Tennessee","Gibson County",3,16,741,380,361
050,47,053,"Tennessee","Gibson County",3,17,722,357,365
050,47,053,"Tennessee","Gibson County",3,18,605,314,291
050,47,053,"Tennessee","Gibson County",3,19,494,257,237
050,47,053,"Tennessee","Gibson County",3,20,562,285,277
050,47,053,"Tennessee","Gibson County",3,21,525,259,266
050,47,053,"Tennessee","Gibson County",3,22,550,272,278
050,47,053,"Tennessee","Gibson County",3,23,529,269,260
050,47,053,"Tennessee","Gibson County",3,24,533,264,269
050,47,053,"Tennessee","Gibson County",3,25,588,294,294
050,47,053,"Tennessee","Gibson County",3,26,612,302,310
050,47,053,"Tennessee","Gibson County",3,27,608,301,307
050,47,053,"Tennessee","Gibson County",3,28,619,302,317
050,47,053,"Tennessee","Gibson County",3,29,632,298,334
050,47,053,"Tennessee","Gibson County",3,30,628,288,340
050,47,053,"Tennessee","Gibson County",3,31,627,281,346
050,47,053,"Tennessee","Gibson County",3,32,613,286,327
050,47,053,"Tennessee","Gibson County",3,33,584,278,306
050,47,053,"Tennessee","Gibson County",3,34,597,291,306
050,47,053,"Tennessee","Gibson County",3,35,651,300,351
050,47,053,"Tennessee","Gibson County",3,36,655,306,349
050,47,053,"Tennessee","Gibson County",3,37,642,302,340
050,47,053,"Tennessee","Gibson County",3,38,664,331,333
050,47,053,"Tennessee","Gibson County",3,39,647,308,339
050,47,053,"Tennessee","Gibson County",3,40,647,307,340
050,47,053,"Tennessee","Gibson County",3,41,652,324,328
050,47,053,"Tennessee","Gibson County",3,42,665,319,346
050,47,053,"Tennessee","Gibson County",3,43,649,325,324
050,47,053,"Tennessee","Gibson County",3,44,622,308,314
050,47,053,"Tennessee","Gibson County",3,45,598,301,297
050,47,053,"Tennessee","Gibson County",3,46,607,294,313
050,47,053,"Tennessee","Gibson County",3,47,580,281,299
050,47,053,"Tennessee","Gibson County",3,48,625,307,318
050,47,053,"Tennessee","Gibson County",3,49,672,326,346
050,47,053,"Tennessee","Gibson County",3,50,699,354,345
050,47,053,"Tennessee","Gibson County",3,51,675,339,336
050,47,053,"Tennessee","Gibson County",3,52,601,295,306
050,47,053,"Tennessee","Gibson County",3,53,562,260,302
050,47,053,"Tennessee","Gibson County",3,54,579,297,282
050,47,053,"Tennessee","Gibson County",3,55,634,314,320
050,47,053,"Tennessee","Gibson County",3,56,664,305,359
050,47,053,"Tennessee","Gibson County",3,57,700,335,365
050,47,053,"Tennessee","Gibson County",3,58,695,340,355
050,47,053,"Tennessee","Gibson County",3,59,689,333,356
050,47,053,"Tennessee","Gibson County",3,60,717,343,374
050,47,053,"Tennessee","Gibson County",3,61,681,332,349
050,47,053,"Tennessee","Gibson County",3,62,671,328,343
050,47,053,"Tennessee","Gibson County",3,63,637,314,323
050,47,053,"Tennessee","Gibson County",3,64,638,301,337
050,47,053,"Tennessee","Gibson County",3,65,598,282,316
050,47,053,"Tennessee","Gibson County",3,66,572,279,293
050,47,053,"Tennessee","Gibson County",3,67,601,292,309
050,47,053,"Tennessee","Gibson County",3,68,544,264,280
050,47,053,"Tennessee","Gibson County",3,69,492,245,247
050,47,053,"Tennessee","Gibson County",3,70,488,221,267
050,47,053,"Tennessee","Gibson County",3,71,469,187,282
050,47,053,"Tennessee","Gibson County",3,72,464,195,269
050,47,053,"Tennessee","Gibson County",3,73,479,203,276
050,47,053,"Tennessee","Gibson County",3,74,504,227,277
050,47,053,"Tennessee","Gibson County",3,75,346,146,200
050,47,053,"Tennessee","Gibson County",3,76,336,137,199
050,47,053,"Tennessee","Gibson County",3,77,331,144,187
050,47,053,"Tennessee","Gibson County",3,78,338,143,195
050,47,053,"Tennessee","Gibson County",3,79,289,130,159
050,47,053,"Tennessee","Gibson County",3,80,241,96,145
050,47,053,"Tennessee","Gibson County",3,81,213,91,122
050,47,053,"Tennessee","Gibson County",3,82,210,84,126
050,47,053,"Tennessee","Gibson County",3,83,197,82,115
050,47,053,"Tennessee","Gibson County",3,84,184,74,110
050,47,053,"Tennessee","Gibson County",3,85,980,322,658
050,47,053,"Tennessee","Gibson County",4,0,615,311,304
050,47,053,"Tennessee","Gibson County",4,1,576,290,286
050,47,053,"Tennessee","Gibson County",4,2,580,312,268
050,47,053,"Tennessee","Gibson County",4,3,612,313,299
050,47,053,"Tennessee","Gibson County",4,4,635,308,327
050,47,053,"Tennessee","Gibson County",4,5,636,314,322
050,47,053,"Tennessee","Gibson County",4,6,696,349,347
050,47,053,"Tennessee","Gibson County",4,7,696,356,340
050,47,053,"Tennessee","Gibson County",4,8,726,379,347
050,47,053,"Tennessee","Gibson County",4,9,746,371,375
050,47,053,"Tennessee","Gibson County",4,10,732,382,350
050,47,053,"Tennessee","Gibson County",4,11,697,360,337
050,47,053,"Tennessee","Gibson County",4,12,712,380,332
050,47,053,"Tennessee","Gibson County",4,13,755,380,375
050,47,053,"Tennessee","Gibson County",4,14,775,428,347
050,47,053,"Tennessee","Gibson County",4,15,752,384,368
050,47,053,"Tennessee","Gibson County",4,16,756,387,369
050,47,053,"Tennessee","Gibson County",4,17,741,387,354
050,47,053,"Tennessee","Gibson County",4,18,606,310,296
050,47,053,"Tennessee","Gibson County",4,19,475,253,222
050,47,053,"Tennessee","Gibson County",4,20,520,269,251
050,47,053,"Tennessee","Gibson County",4,21,582,296,286
050,47,053,"Tennessee","Gibson County",4,22,557,277,280
050,47,053,"Tennessee","Gibson County",4,23,589,298,291
050,47,053,"Tennessee","Gibson County",4,24,536,276,260
050,47,053,"Tennessee","Gibson County",4,25,553,269,284
050,47,053,"Tennessee","Gibson County",4,26,589,298,291
050,47,053,"Tennessee","Gibson County",4,27,597,289,308
050,47,053,"Tennessee","Gibson County",4,28,615,294,321
050,47,053,"Tennessee","Gibson County",4,29,636,308,328
050,47,053,"Tennessee","Gibson County",4,30,659,314,345
050,47,053,"Tennessee","Gibson County",4,31,673,302,371
050,47,053,"Tennessee","Gibson County",4,32,638,299,339
050,47,053,"Tennessee","Gibson County",4,33,639,304,335
050,47,053,"Tennessee","Gibson County",4,34,599,284,315
050,47,053,"Tennessee","Gibson County",4,35,610,295,315
050,47,053,"Tennessee","Gibson County",4,36,686,308,378
050,47,053,"Tennessee","Gibson County",4,37,656,304,352
050,47,053,"Tennessee","Gibson County",4,38,645,307,338
050,47,053,"Tennessee","Gibson County",4,39,652,320,332
050,47,053,"Tennessee","Gibson County",4,40,647,321,326
050,47,053,"Tennessee","Gibson County",4,41,651,308,343
050,47,053,"Tennessee","Gibson County",4,42,669,333,336
050,47,053,"Tennessee","Gibson County",4,43,666,323,343
050,47,053,"Tennessee","Gibson County",4,44,646,322,324
050,47,053,"Tennessee","Gibson County",4,45,634,314,320
050,47,053,"Tennessee","Gibson County",4,46,604,303,301
050,47,053,"Tennessee","Gibson County",4,47,596,289,307
050,47,053,"Tennessee","Gibson County",4,48,609,303,306
050,47,053,"Tennessee","Gibson County",4,49,618,295,323
050,47,053,"Tennessee","Gibson County",4,50,666,330,336
050,47,053,"Tennessee","Gibson County",4,51,704,350,354
050,47,053,"Tennessee","Gibson County",4,52,653,334,319
050,47,053,"Tennessee","Gibson County",4,53,609,299,310
050,47,053,"Tennessee","Gibson County",4,54,565,266,299
050,47,053,"Tennessee","Gibson County",4,55,581,298,283
050,47,053,"Tennessee","Gibson County",4,56,634,315,319
050,47,053,"Tennessee","Gibson County",4,57,666,307,359
050,47,053,"Tennessee","Gibson County",4,58,689,329,360
050,47,053,"Tennessee","Gibson County",4,59,703,346,357
050,47,053,"Tennessee","Gibson County",4,60,684,331,353
050,47,053,"Tennessee","Gibson County",4,61,703,330,373
050,47,053,"Tennessee","Gibson County",4,62,663,310,353
050,47,053,"Tennessee","Gibson County",4,63,670,328,342
050,47,053,"Tennessee","Gibson County",4,64,652,327,325
050,47,053,"Tennessee","Gibson County",4,65,623,296,327
050,47,053,"Tennessee","Gibson County",4,66,601,281,320
050,47,053,"Tennessee","Gibson County",4,67,560,272,288
050,47,053,"Tennessee","Gibson County",4,68,584,280,304
050,47,053,"Tennessee","Gibson County",4,69,518,247,271
050,47,053,"Tennessee","Gibson County",4,70,469,228,241
050,47,053,"Tennessee","Gibson County",4,71,471,214,257
050,47,053,"Tennessee","Gibson County",4,72,447,181,266
050,47,053,"Tennessee","Gibson County",4,73,438,173,265
050,47,053,"Tennessee","Gibson County",4,74,453,187,266
050,47,053,"Tennessee","Gibson County",4,75,480,216,264
050,47,053,"Tennessee","Gibson County",4,76,328,137,191
050,47,053,"Tennessee","Gibson County",4,77,302,118,184
050,47,053,"Tennessee","Gibson County",4,78,320,135,185
050,47,053,"Tennessee","Gibson County",4,79,309,128,181
050,47,053,"Tennessee","Gibson County",4,80,259,115,144
050,47,053,"Tennessee","Gibson County",4,81,218,84,134
050,47,053,"Tennessee","Gibson County",4,82,195,76,119
050,47,053,"Tennessee","Gibson County",4,83,197,84,113
050,47,053,"Tennessee","Gibson County",4,84,180,76,104
050,47,053,"Tennessee","Gibson County",4,85,942,320,622
050,47,053,"Tennessee","Gibson County",5,0,623,316,307
050,47,053,"Tennessee","Gibson County",5,1,602,303,299
050,47,053,"Tennessee","Gibson County",5,2,574,293,281
050,47,053,"Tennessee","Gibson County",5,3,604,313,291
050,47,053,"Tennessee","Gibson County",5,4,613,301,312
050,47,053,"Tennessee","Gibson County",5,5,667,335,332
050,47,053,"Tennessee","Gibson County",5,6,643,321,322
050,47,053,"Tennessee","Gibson County",5,7,688,345,343
050,47,053,"Tennessee","Gibson County",5,8,687,339,348
050,47,053,"Tennessee","Gibson County",5,9,733,385,348
050,47,053,"Tennessee","Gibson County",5,10,762,377,385
050,47,053,"Tennessee","Gibson County",5,11,734,384,350
050,47,053,"Tennessee","Gibson County",5,12,699,363,336
050,47,053,"Tennessee","Gibson County",5,13,724,380,344
050,47,053,"Tennessee","Gibson County",5,14,757,384,373
050,47,053,"Tennessee","Gibson County",5,15,788,440,348
050,47,053,"Tennessee","Gibson County",5,16,764,390,374
050,47,053,"Tennessee","Gibson County",5,17,758,384,374
050,47,053,"Tennessee","Gibson County",5,18,620,334,286
050,47,053,"Tennessee","Gibson County",5,19,483,252,231
050,47,053,"Tennessee","Gibson County",5,20,513,262,251
050,47,053,"Tennessee","Gibson County",5,21,521,265,256
050,47,053,"Tennessee","Gibson County",5,22,624,307,317
050,47,053,"Tennessee","Gibson County",5,23,607,301,306
050,47,053,"Tennessee","Gibson County",5,24,624,300,324
050,47,053,"Tennessee","Gibson County",5,25,547,279,268
050,47,053,"Tennessee","Gibson County",5,26,568,281,287
050,47,053,"Tennessee","Gibson County",5,27,604,300,304
050,47,053,"Tennessee","Gibson County",5,28,598,286,312
050,47,053,"Tennessee","Gibson County",5,29,632,303,329
050,47,053,"Tennessee","Gibson County",5,30,634,302,332
050,47,053,"Tennessee","Gibson County",5,31,673,326,347
050,47,053,"Tennessee","Gibson County",5,32,690,318,372
050,47,053,"Tennessee","Gibson County",5,33,644,286,358
050,47,053,"Tennessee","Gibson County",5,34,641,302,339
050,47,053,"Tennessee","Gibson County",5,35,611,287,324
050,47,053,"Tennessee","Gibson County",5,36,630,309,321
050,47,053,"Tennessee","Gibson County",5,37,684,312,372
050,47,053,"Tennessee","Gibson County",5,38,657,305,352
050,47,053,"Tennessee","Gibson County",5,39,654,309,345
050,47,053,"Tennessee","Gibson County",5,40,659,319,340
050,47,053,"Tennessee","Gibson County",5,41,663,332,331
050,47,053,"Tennessee","Gibson County",5,42,669,319,350
050,47,053,"Tennessee","Gibson County",5,43,667,338,329
050,47,053,"Tennessee","Gibson County",5,44,670,322,348
050,47,053,"Tennessee","Gibson County",5,45,657,328,329
050,47,053,"Tennessee","Gibson County",5,46,650,323,327
050,47,053,"Tennessee","Gibson County",5,47,609,304,305
050,47,053,"Tennessee","Gibson County",5,48,609,299,310
050,47,053,"Tennessee","Gibson County",5,49,580,285,295
050,47,053,"Tennessee","Gibson County",5,50,620,310,310
050,47,053,"Tennessee","Gibson County",5,51,682,341,341
050,47,053,"Tennessee","Gibson County",5,52,700,343,357
050,47,053,"Tennessee","Gibson County",5,53,664,333,331
050,47,053,"Tennessee","Gibson County",5,54,593,298,295
050,47,053,"Tennessee","Gibson County",5,55,559,254,305
050,47,053,"Tennessee","Gibson County",5,56,601,308,293
050,47,053,"Tennessee","Gibson County",5,57,642,314,328
050,47,053,"Tennessee","Gibson County",5,58,659,306,353
050,47,053,"Tennessee","Gibson County",5,59,696,338,358
050,47,053,"Tennessee","Gibson County",5,60,699,348,351
050,47,053,"Tennessee","Gibson County",5,61,668,316,352
050,47,053,"Tennessee","Gibson County",5,62,690,310,380
050,47,053,"Tennessee","Gibson County",5,63,650,294,356
050,47,053,"Tennessee","Gibson County",5,64,673,326,347
050,47,053,"Tennessee","Gibson County",5,65,628,313,315
050,47,053,"Tennessee","Gibson County",5,66,605,283,322
050,47,053,"Tennessee","Gibson County",5,67,593,280,313
050,47,053,"Tennessee","Gibson County",5,68,545,256,289
050,47,053,"Tennessee","Gibson County",5,69,550,265,285
050,47,053,"Tennessee","Gibson County",5,70,498,233,265
050,47,053,"Tennessee","Gibson County",5,71,466,227,239
050,47,053,"Tennessee","Gibson County",5,72,462,215,247
050,47,053,"Tennessee","Gibson County",5,73,421,162,259
050,47,053,"Tennessee","Gibson County",5,74,421,164,257
050,47,053,"Tennessee","Gibson County",5,75,430,175,255
050,47,053,"Tennessee","Gibson County",5,76,453,204,249
050,47,053,"Tennessee","Gibson County",5,77,301,121,180
050,47,053,"Tennessee","Gibson County",5,78,288,108,180
050,47,053,"Tennessee","Gibson County",5,79,285,119,166
050,47,053,"Tennessee","Gibson County",5,80,278,116,162
050,47,053,"Tennessee","Gibson County",5,81,230,105,125
050,47,053,"Tennessee","Gibson County",5,82,198,70,128
050,47,053,"Tennessee","Gibson County",5,83,173,73,100
050,47,053,"Tennessee","Gibson County",5,84,174,74,100
050,47,053,"Tennessee","Gibson County",5,85,938,332,606
050,47,055,"Tennessee","Giles County",1,0,315,161,154
050,47,055,"Tennessee","Giles County",1,1,318,154,164
050,47,055,"Tennessee","Giles County",1,2,322,168,154
050,47,055,"Tennessee","Giles County",1,3,344,175,169
050,47,055,"Tennessee","Giles County",1,4,362,187,175
050,47,055,"Tennessee","Giles County",1,5,356,197,159
050,47,055,"Tennessee","Giles County",1,6,309,152,157
050,47,055,"Tennessee","Giles County",1,7,325,169,156
050,47,055,"Tennessee","Giles County",1,8,327,163,164
050,47,055,"Tennessee","Giles County",1,9,330,153,177
050,47,055,"Tennessee","Giles County",1,10,375,185,190
050,47,055,"Tennessee","Giles County",1,11,372,193,179
050,47,055,"Tennessee","Giles County",1,12,392,199,193
050,47,055,"Tennessee","Giles County",1,13,394,189,205
050,47,055,"Tennessee","Giles County",1,14,376,174,202
050,47,055,"Tennessee","Giles County",1,15,379,182,197
050,47,055,"Tennessee","Giles County",1,16,359,175,184
050,47,055,"Tennessee","Giles County",1,17,377,183,194
050,47,055,"Tennessee","Giles County",1,18,359,178,181
050,47,055,"Tennessee","Giles County",1,19,367,168,199
050,47,055,"Tennessee","Giles County",1,20,363,172,191
050,47,055,"Tennessee","Giles County",1,21,364,179,185
050,47,055,"Tennessee","Giles County",1,22,343,176,167
050,47,055,"Tennessee","Giles County",1,23,330,174,156
050,47,055,"Tennessee","Giles County",1,24,336,158,178
050,47,055,"Tennessee","Giles County",1,25,327,163,164
050,47,055,"Tennessee","Giles County",1,26,345,180,165
050,47,055,"Tennessee","Giles County",1,27,350,181,169
050,47,055,"Tennessee","Giles County",1,28,371,188,183
050,47,055,"Tennessee","Giles County",1,29,386,198,188
050,47,055,"Tennessee","Giles County",1,30,356,157,199
050,47,055,"Tennessee","Giles County",1,31,351,162,189
050,47,055,"Tennessee","Giles County",1,32,344,160,184
050,47,055,"Tennessee","Giles County",1,33,329,158,171
050,47,055,"Tennessee","Giles County",1,34,313,147,166
050,47,055,"Tennessee","Giles County",1,35,334,168,166
050,47,055,"Tennessee","Giles County",1,36,309,152,157
050,47,055,"Tennessee","Giles County",1,37,333,160,173
050,47,055,"Tennessee","Giles County",1,38,352,174,178
050,47,055,"Tennessee","Giles County",1,39,335,177,158
050,47,055,"Tennessee","Giles County",1,40,332,176,156
050,47,055,"Tennessee","Giles County",1,41,324,155,169
050,47,055,"Tennessee","Giles County",1,42,329,162,167
050,47,055,"Tennessee","Giles County",1,43,327,178,149
050,47,055,"Tennessee","Giles County",1,44,303,152,151
050,47,055,"Tennessee","Giles County",1,45,344,171,173
050,47,055,"Tennessee","Giles County",1,46,352,171,181
050,47,055,"Tennessee","Giles County",1,47,352,164,188
050,47,055,"Tennessee","Giles County",1,48,395,199,196
050,47,055,"Tennessee","Giles County",1,49,419,203,216
050,47,055,"Tennessee","Giles County",1,50,401,196,205
050,47,055,"Tennessee","Giles County",1,51,386,187,199
050,47,055,"Tennessee","Giles County",1,52,390,190,200
050,47,055,"Tennessee","Giles County",1,53,417,211,206
050,47,055,"Tennessee","Giles County",1,54,428,224,204
050,47,055,"Tennessee","Giles County",1,55,490,243,247
050,47,055,"Tennessee","Giles County",1,56,480,234,246
050,47,055,"Tennessee","Giles County",1,57,482,240,242
050,47,055,"Tennessee","Giles County",1,58,469,234,235
050,47,055,"Tennessee","Giles County",1,59,475,234,241
050,47,055,"Tennessee","Giles County",1,60,518,263,255
050,47,055,"Tennessee","Giles County",1,61,461,239,222
050,47,055,"Tennessee","Giles County",1,62,409,202,207
050,47,055,"Tennessee","Giles County",1,63,445,222,223
050,47,055,"Tennessee","Giles County",1,64,421,212,209
050,47,055,"Tennessee","Giles County",1,65,391,205,186
050,47,055,"Tennessee","Giles County",1,66,447,214,233
050,47,055,"Tennessee","Giles County",1,67,407,199,208
050,47,055,"Tennessee","Giles County",1,68,420,190,230
050,47,055,"Tennessee","Giles County",1,69,371,175,196
050,47,055,"Tennessee","Giles County",1,70,325,138,187
050,47,055,"Tennessee","Giles County",1,71,355,158,197
050,47,055,"Tennessee","Giles County",1,72,368,183,185
050,47,055,"Tennessee","Giles County",1,73,357,185,172
050,47,055,"Tennessee","Giles County",1,74,270,133,137
050,47,055,"Tennessee","Giles County",1,75,271,124,147
050,47,055,"Tennessee","Giles County",1,76,264,116,148
050,47,055,"Tennessee","Giles County",1,77,243,108,135
050,47,055,"Tennessee","Giles County",1,78,192,78,114
050,47,055,"Tennessee","Giles County",1,79,191,80,111
050,47,055,"Tennessee","Giles County",1,80,184,75,109
050,47,055,"Tennessee","Giles County",1,81,159,69,90
050,47,055,"Tennessee","Giles County",1,82,140,63,77
050,47,055,"Tennessee","Giles County",1,83,131,61,70
050,47,055,"Tennessee","Giles County",1,84,118,53,65
050,47,055,"Tennessee","Giles County",1,85,659,195,464
050,47,055,"Tennessee","Giles County",2,0,300,151,149
050,47,055,"Tennessee","Giles County",2,1,316,153,163
050,47,055,"Tennessee","Giles County",2,2,326,166,160
050,47,055,"Tennessee","Giles County",2,3,338,172,166
050,47,055,"Tennessee","Giles County",2,4,358,184,174
050,47,055,"Tennessee","Giles County",2,5,356,195,161
050,47,055,"Tennessee","Giles County",2,6,322,164,158
050,47,055,"Tennessee","Giles County",2,7,323,167,156
050,47,055,"Tennessee","Giles County",2,8,325,165,160
050,47,055,"Tennessee","Giles County",2,9,331,156,175
050,47,055,"Tennessee","Giles County",2,10,366,179,187
050,47,055,"Tennessee","Giles County",2,11,372,190,182
050,47,055,"Tennessee","Giles County",2,12,392,200,192
050,47,055,"Tennessee","Giles County",2,13,395,193,202
050,47,055,"Tennessee","Giles County",2,14,381,179,202
050,47,055,"Tennessee","Giles County",2,15,377,179,198
050,47,055,"Tennessee","Giles County",2,16,365,177,188
050,47,055,"Tennessee","Giles County",2,17,371,181,190
050,47,055,"Tennessee","Giles County",2,18,362,178,184
050,47,055,"Tennessee","Giles County",2,19,364,167,197
050,47,055,"Tennessee","Giles County",2,20,366,172,194
050,47,055,"Tennessee","Giles County",2,21,364,178,186
050,47,055,"Tennessee","Giles County",2,22,349,179,170
050,47,055,"Tennessee","Giles County",2,23,337,174,163
050,47,055,"Tennessee","Giles County",2,24,333,161,172
050,47,055,"Tennessee","Giles County",2,25,328,161,167
050,47,055,"Tennessee","Giles County",2,26,336,175,161
050,47,055,"Tennessee","Giles County",2,27,346,180,166
050,47,055,"Tennessee","Giles County",2,28,367,188,179
050,47,055,"Tennessee","Giles County",2,29,380,194,186
050,47,055,"Tennessee","Giles County",2,30,363,165,198
050,47,055,"Tennessee","Giles County",2,31,355,161,194
050,47,055,"Tennessee","Giles County",2,32,342,157,185
050,47,055,"Tennessee","Giles County",2,33,334,160,174
050,47,055,"Tennessee","Giles County",2,34,316,150,166
050,47,055,"Tennessee","Giles County",2,35,330,163,167
050,47,055,"Tennessee","Giles County",2,36,313,154,159
050,47,055,"Tennessee","Giles County",2,37,326,159,167
050,47,055,"Tennessee","Giles County",2,38,349,172,177
050,47,055,"Tennessee","Giles County",2,39,340,178,162
050,47,055,"Tennessee","Giles County",2,40,334,176,158
050,47,055,"Tennessee","Giles County",2,41,329,161,168
050,47,055,"Tennessee","Giles County",2,42,325,157,168
050,47,055,"Tennessee","Giles County",2,43,332,176,156
050,47,055,"Tennessee","Giles County",2,44,305,158,147
050,47,055,"Tennessee","Giles County",2,45,339,169,170
050,47,055,"Tennessee","Giles County",2,46,348,169,179
050,47,055,"Tennessee","Giles County",2,47,347,164,183
050,47,055,"Tennessee","Giles County",2,48,387,191,196
050,47,055,"Tennessee","Giles County",2,49,417,205,212
050,47,055,"Tennessee","Giles County",2,50,405,199,206
050,47,055,"Tennessee","Giles County",2,51,387,189,198
050,47,055,"Tennessee","Giles County",2,52,389,189,200
050,47,055,"Tennessee","Giles County",2,53,413,208,205
050,47,055,"Tennessee","Giles County",2,54,427,221,206
050,47,055,"Tennessee","Giles County",2,55,477,238,239
050,47,055,"Tennessee","Giles County",2,56,482,237,245
050,47,055,"Tennessee","Giles County",2,57,479,239,240
050,47,055,"Tennessee","Giles County",2,58,471,235,236
050,47,055,"Tennessee","Giles County",2,59,480,236,244
050,47,055,"Tennessee","Giles County",2,60,507,255,252
050,47,055,"Tennessee","Giles County",2,61,471,244,227
050,47,055,"Tennessee","Giles County",2,62,419,210,209
050,47,055,"Tennessee","Giles County",2,63,441,219,222
050,47,055,"Tennessee","Giles County",2,64,421,212,209
050,47,055,"Tennessee","Giles County",2,65,399,210,189
050,47,055,"Tennessee","Giles County",2,66,434,213,221
050,47,055,"Tennessee","Giles County",2,67,413,199,214
050,47,055,"Tennessee","Giles County",2,68,418,194,224
050,47,055,"Tennessee","Giles County",2,69,381,176,205
050,47,055,"Tennessee","Giles County",2,70,335,146,189
050,47,055,"Tennessee","Giles County",2,71,343,150,193
050,47,055,"Tennessee","Giles County",2,72,357,174,183
050,47,055,"Tennessee","Giles County",2,73,375,191,184
050,47,055,"Tennessee","Giles County",2,74,273,138,135
050,47,055,"Tennessee","Giles County",2,75,267,122,145
050,47,055,"Tennessee","Giles County",2,76,263,117,146
050,47,055,"Tennessee","Giles County",2,77,250,109,141
050,47,055,"Tennessee","Giles County",2,78,196,83,113
050,47,055,"Tennessee","Giles County",2,79,190,80,110
050,47,055,"Tennessee","Giles County",2,80,186,75,111
050,47,055,"Tennessee","Giles County",2,81,161,69,92
050,47,055,"Tennessee","Giles County",2,82,143,65,78
050,47,055,"Tennessee","Giles County",2,83,132,60,72
050,47,055,"Tennessee","Giles County",2,84,113,50,63
050,47,055,"Tennessee","Giles County",2,85,665,197,468
050,47,055,"Tennessee","Giles County",3,0,297,141,156
050,47,055,"Tennessee","Giles County",3,1,312,159,153
050,47,055,"Tennessee","Giles County",3,2,329,157,172
050,47,055,"Tennessee","Giles County",3,3,342,174,168
050,47,055,"Tennessee","Giles County",3,4,343,174,169
050,47,055,"Tennessee","Giles County",3,5,355,179,176
050,47,055,"Tennessee","Giles County",3,6,369,198,171
050,47,055,"Tennessee","Giles County",3,7,345,178,167
050,47,055,"Tennessee","Giles County",3,8,326,165,161
050,47,055,"Tennessee","Giles County",3,9,327,158,169
050,47,055,"Tennessee","Giles County",3,10,341,157,184
050,47,055,"Tennessee","Giles County",3,11,366,183,183
050,47,055,"Tennessee","Giles County",3,12,371,192,179
050,47,055,"Tennessee","Giles County",3,13,387,195,192
050,47,055,"Tennessee","Giles County",3,14,409,200,209
050,47,055,"Tennessee","Giles County",3,15,369,171,198
050,47,055,"Tennessee","Giles County",3,16,387,188,199
050,47,055,"Tennessee","Giles County",3,17,368,178,190
050,47,055,"Tennessee","Giles County",3,18,363,185,178
050,47,055,"Tennessee","Giles County",3,19,341,160,181
050,47,055,"Tennessee","Giles County",3,20,367,170,197
050,47,055,"Tennessee","Giles County",3,21,351,169,182
050,47,055,"Tennessee","Giles County",3,22,354,178,176
050,47,055,"Tennessee","Giles County",3,23,350,178,172
050,47,055,"Tennessee","Giles County",3,24,329,170,159
050,47,055,"Tennessee","Giles County",3,25,344,175,169
050,47,055,"Tennessee","Giles County",3,26,329,162,167
050,47,055,"Tennessee","Giles County",3,27,340,171,169
050,47,055,"Tennessee","Giles County",3,28,356,190,166
050,47,055,"Tennessee","Giles County",3,29,384,200,184
050,47,055,"Tennessee","Giles County",3,30,403,209,194
050,47,055,"Tennessee","Giles County",3,31,361,162,199
050,47,055,"Tennessee","Giles County",3,32,357,160,197
050,47,055,"Tennessee","Giles County",3,33,346,159,187
050,47,055,"Tennessee","Giles County",3,34,329,159,170
050,47,055,"Tennessee","Giles County",3,35,308,141,167
050,47,055,"Tennessee","Giles County",3,36,349,170,179
050,47,055,"Tennessee","Giles County",3,37,331,158,173
050,47,055,"Tennessee","Giles County",3,38,329,162,167
050,47,055,"Tennessee","Giles County",3,39,359,179,180
050,47,055,"Tennessee","Giles County",3,40,341,171,170
050,47,055,"Tennessee","Giles County",3,41,342,185,157
050,47,055,"Tennessee","Giles County",3,42,316,157,159
050,47,055,"Tennessee","Giles County",3,43,332,162,170
050,47,055,"Tennessee","Giles County",3,44,318,163,155
050,47,055,"Tennessee","Giles County",3,45,304,150,154
050,47,055,"Tennessee","Giles County",3,46,341,169,172
050,47,055,"Tennessee","Giles County",3,47,341,170,171
050,47,055,"Tennessee","Giles County",3,48,351,167,184
050,47,055,"Tennessee","Giles County",3,49,383,192,191
050,47,055,"Tennessee","Giles County",3,50,417,201,216
050,47,055,"Tennessee","Giles County",3,51,404,198,206
050,47,055,"Tennessee","Giles County",3,52,386,186,200
050,47,055,"Tennessee","Giles County",3,53,400,193,207
050,47,055,"Tennessee","Giles County",3,54,415,212,203
050,47,055,"Tennessee","Giles County",3,55,428,219,209
050,47,055,"Tennessee","Giles County",3,56,487,242,245
050,47,055,"Tennessee","Giles County",3,57,477,234,243
050,47,055,"Tennessee","Giles County",3,58,484,239,245
050,47,055,"Tennessee","Giles County",3,59,477,239,238
050,47,055,"Tennessee","Giles County",3,60,476,238,238
050,47,055,"Tennessee","Giles County",3,61,501,258,243
050,47,055,"Tennessee","Giles County",3,62,468,244,224
050,47,055,"Tennessee","Giles County",3,63,422,214,208
050,47,055,"Tennessee","Giles County",3,64,430,208,222
050,47,055,"Tennessee","Giles County",3,65,417,203,214
050,47,055,"Tennessee","Giles County",3,66,400,204,196
050,47,055,"Tennessee","Giles County",3,67,427,208,219
050,47,055,"Tennessee","Giles County",3,68,408,196,212
050,47,055,"Tennessee","Giles County",3,69,405,189,216
050,47,055,"Tennessee","Giles County",3,70,374,171,203
050,47,055,"Tennessee","Giles County",3,71,320,142,178
050,47,055,"Tennessee","Giles County",3,72,331,147,184
050,47,055,"Tennessee","Giles County",3,73,343,157,186
050,47,055,"Tennessee","Giles County",3,74,359,193,166
050,47,055,"Tennessee","Giles County",3,75,243,110,133
050,47,055,"Tennessee","Giles County",3,76,258,120,138
050,47,055,"Tennessee","Giles County",3,77,244,106,138
050,47,055,"Tennessee","Giles County",3,78,223,99,124
050,47,055,"Tennessee","Giles County",3,79,196,81,115
050,47,055,"Tennessee","Giles County",3,80,172,63,109
050,47,055,"Tennessee","Giles County",3,81,166,68,98
050,47,055,"Tennessee","Giles County",3,82,147,67,80
050,47,055,"Tennessee","Giles County",3,83,138,60,78
050,47,055,"Tennessee","Giles County",3,84,108,49,59
050,47,055,"Tennessee","Giles County",3,85,658,198,460
050,47,055,"Tennessee","Giles County",4,0,298,153,145
050,47,055,"Tennessee","Giles County",4,1,318,151,167
050,47,055,"Tennessee","Giles County",4,2,320,163,157
050,47,055,"Tennessee","Giles County",4,3,335,161,174
050,47,055,"Tennessee","Giles County",4,4,342,171,171
050,47,055,"Tennessee","Giles County",4,5,350,175,175
050,47,055,"Tennessee","Giles County",4,6,360,183,177
050,47,055,"Tennessee","Giles County",4,7,377,196,181
050,47,055,"Tennessee","Giles County",4,8,349,178,171
050,47,055,"Tennessee","Giles County",4,9,330,161,169
050,47,055,"Tennessee","Giles County",4,10,346,170,176
050,47,055,"Tennessee","Giles County",4,11,356,170,186
050,47,055,"Tennessee","Giles County",4,12,369,192,177
050,47,055,"Tennessee","Giles County",4,13,384,204,180
050,47,055,"Tennessee","Giles County",4,14,396,203,193
050,47,055,"Tennessee","Giles County",4,15,416,206,210
050,47,055,"Tennessee","Giles County",4,16,377,179,198
050,47,055,"Tennessee","Giles County",4,17,388,183,205
050,47,055,"Tennessee","Giles County",4,18,373,184,189
050,47,055,"Tennessee","Giles County",4,19,354,165,189
050,47,055,"Tennessee","Giles County",4,20,342,154,188
050,47,055,"Tennessee","Giles County",4,21,362,165,197
050,47,055,"Tennessee","Giles County",4,22,360,182,178
050,47,055,"Tennessee","Giles County",4,23,343,174,169
050,47,055,"Tennessee","Giles County",4,24,333,166,167
050,47,055,"Tennessee","Giles County",4,25,323,167,156
050,47,055,"Tennessee","Giles County",4,26,344,171,173
050,47,055,"Tennessee","Giles County",4,27,331,164,167
050,47,055,"Tennessee","Giles County",4,28,354,175,179
050,47,055,"Tennessee","Giles County",4,29,352,185,167
050,47,055,"Tennessee","Giles County",4,30,381,190,191
050,47,055,"Tennessee","Giles County",4,31,395,209,186
050,47,055,"Tennessee","Giles County",4,32,359,161,198
050,47,055,"Tennessee","Giles County",4,33,339,153,186
050,47,055,"Tennessee","Giles County",4,34,354,161,193
050,47,055,"Tennessee","Giles County",4,35,342,174,168
050,47,055,"Tennessee","Giles County",4,36,313,140,173
050,47,055,"Tennessee","Giles County",4,37,339,169,170
050,47,055,"Tennessee","Giles County",4,38,343,164,179
050,47,055,"Tennessee","Giles County",4,39,338,169,169
050,47,055,"Tennessee","Giles County",4,40,365,181,184
050,47,055,"Tennessee","Giles County",4,41,350,181,169
050,47,055,"Tennessee","Giles County",4,42,335,177,158
050,47,055,"Tennessee","Giles County",4,43,325,149,176
050,47,055,"Tennessee","Giles County",4,44,340,164,176
050,47,055,"Tennessee","Giles County",4,45,311,156,155
050,47,055,"Tennessee","Giles County",4,46,309,152,157
050,47,055,"Tennessee","Giles County",4,47,331,164,167
050,47,055,"Tennessee","Giles County",4,48,347,175,172
050,47,055,"Tennessee","Giles County",4,49,367,167,200
050,47,055,"Tennessee","Giles County",4,50,396,196,200
050,47,055,"Tennessee","Giles County",4,51,420,210,210
050,47,055,"Tennessee","Giles County",4,52,402,198,204
050,47,055,"Tennessee","Giles County",4,53,402,194,208
050,47,055,"Tennessee","Giles County",4,54,405,194,211
050,47,055,"Tennessee","Giles County",4,55,412,208,204
050,47,055,"Tennessee","Giles County",4,56,418,216,202
050,47,055,"Tennessee","Giles County",4,57,470,237,233
050,47,055,"Tennessee","Giles County",4,58,479,233,246
050,47,055,"Tennessee","Giles County",4,59,489,242,247
050,47,055,"Tennessee","Giles County",4,60,471,233,238
050,47,055,"Tennessee","Giles County",4,61,470,236,234
050,47,055,"Tennessee","Giles County",4,62,506,258,248
050,47,055,"Tennessee","Giles County",4,63,476,238,238
050,47,055,"Tennessee","Giles County",4,64,420,215,205
050,47,055,"Tennessee","Giles County",4,65,428,205,223
050,47,055,"Tennessee","Giles County",4,66,417,198,219
050,47,055,"Tennessee","Giles County",4,67,394,203,191
050,47,055,"Tennessee","Giles County",4,68,424,203,221
050,47,055,"Tennessee","Giles County",4,69,391,190,201
050,47,055,"Tennessee","Giles County",4,70,400,185,215
050,47,055,"Tennessee","Giles County",4,71,358,161,197
050,47,055,"Tennessee","Giles County",4,72,300,135,165
050,47,055,"Tennessee","Giles County",4,73,315,133,182
050,47,055,"Tennessee","Giles County",4,74,337,161,176
050,47,055,"Tennessee","Giles County",4,75,338,176,162
050,47,055,"Tennessee","Giles County",4,76,225,102,123
050,47,055,"Tennessee","Giles County",4,77,246,114,132
050,47,055,"Tennessee","Giles County",4,78,217,89,128
050,47,055,"Tennessee","Giles County",4,79,229,101,128
050,47,055,"Tennessee","Giles County",4,80,183,69,114
050,47,055,"Tennessee","Giles County",4,81,157,60,97
050,47,055,"Tennessee","Giles County",4,82,152,64,88
050,47,055,"Tennessee","Giles County",4,83,144,63,81
050,47,055,"Tennessee","Giles County",4,84,116,48,68
050,47,055,"Tennessee","Giles County",4,85,668,201,467
050,47,055,"Tennessee","Giles County",5,0,299,153,146
050,47,055,"Tennessee","Giles County",5,1,304,153,151
050,47,055,"Tennessee","Giles County",5,2,311,151,160
050,47,055,"Tennessee","Giles County",5,3,322,159,163
050,47,055,"Tennessee","Giles County",5,4,332,160,172
050,47,055,"Tennessee","Giles County",5,5,342,178,164
050,47,055,"Tennessee","Giles County",5,6,354,173,181
050,47,055,"Tennessee","Giles County",5,7,370,190,180
050,47,055,"Tennessee","Giles County",5,8,378,194,184
050,47,055,"Tennessee","Giles County",5,9,327,164,163
050,47,055,"Tennessee","Giles County",5,10,333,164,169
050,47,055,"Tennessee","Giles County",5,11,333,169,164
050,47,055,"Tennessee","Giles County",5,12,355,173,182
050,47,055,"Tennessee","Giles County",5,13,375,199,176
050,47,055,"Tennessee","Giles County",5,14,390,209,181
050,47,055,"Tennessee","Giles County",5,15,397,202,195
050,47,055,"Tennessee","Giles County",5,16,418,204,214
050,47,055,"Tennessee","Giles County",5,17,367,173,194
050,47,055,"Tennessee","Giles County",5,18,381,181,200
050,47,055,"Tennessee","Giles County",5,19,370,167,203
050,47,055,"Tennessee","Giles County",5,20,353,159,194
050,47,055,"Tennessee","Giles County",5,21,344,154,190
050,47,055,"Tennessee","Giles County",5,22,376,188,188
050,47,055,"Tennessee","Giles County",5,23,377,197,180
050,47,055,"Tennessee","Giles County",5,24,358,177,181
050,47,055,"Tennessee","Giles County",5,25,352,184,168
050,47,055,"Tennessee","Giles County",5,26,322,161,161
050,47,055,"Tennessee","Giles County",5,27,325,151,174
050,47,055,"Tennessee","Giles County",5,28,327,155,172
050,47,055,"Tennessee","Giles County",5,29,367,181,186
050,47,055,"Tennessee","Giles County",5,30,349,186,163
050,47,055,"Tennessee","Giles County",5,31,368,183,185
050,47,055,"Tennessee","Giles County",5,32,394,203,191
050,47,055,"Tennessee","Giles County",5,33,380,176,204
050,47,055,"Tennessee","Giles County",5,34,345,157,188
050,47,055,"Tennessee","Giles County",5,35,358,162,196
050,47,055,"Tennessee","Giles County",5,36,332,169,163
050,47,055,"Tennessee","Giles County",5,37,316,137,179
050,47,055,"Tennessee","Giles County",5,38,336,171,165
050,47,055,"Tennessee","Giles County",5,39,351,166,185
050,47,055,"Tennessee","Giles County",5,40,353,174,179
050,47,055,"Tennessee","Giles County",5,41,389,196,193
050,47,055,"Tennessee","Giles County",5,42,355,181,174
050,47,055,"Tennessee","Giles County",5,43,348,188,160
050,47,055,"Tennessee","Giles County",5,44,344,153,191
050,47,055,"Tennessee","Giles County",5,45,344,169,175
050,47,055,"Tennessee","Giles County",5,46,320,161,159
050,47,055,"Tennessee","Giles County",5,47,325,156,169
050,47,055,"Tennessee","Giles County",5,48,342,169,173
050,47,055,"Tennessee","Giles County",5,49,356,181,175
050,47,055,"Tennessee","Giles County",5,50,358,167,191
050,47,055,"Tennessee","Giles County",5,51,408,205,203
050,47,055,"Tennessee","Giles County",5,52,434,217,217
050,47,055,"Tennessee","Giles County",5,53,421,206,215
050,47,055,"Tennessee","Giles County",5,54,412,195,217
050,47,055,"Tennessee","Giles County",5,55,423,205,218
050,47,055,"Tennessee","Giles County",5,56,416,218,198
050,47,055,"Tennessee","Giles County",5,57,421,217,204
050,47,055,"Tennessee","Giles County",5,58,465,231,234
050,47,055,"Tennessee","Giles County",5,59,476,232,244
050,47,055,"Tennessee","Giles County",5,60,483,247,236
050,47,055,"Tennessee","Giles County",5,61,467,227,240
050,47,055,"Tennessee","Giles County",5,62,467,231,236
050,47,055,"Tennessee","Giles County",5,63,505,261,244
050,47,055,"Tennessee","Giles County",5,64,468,241,227
050,47,055,"Tennessee","Giles County",5,65,420,213,207
050,47,055,"Tennessee","Giles County",5,66,421,199,222
050,47,055,"Tennessee","Giles County",5,67,411,196,215
050,47,055,"Tennessee","Giles County",5,68,388,198,190
050,47,055,"Tennessee","Giles County",5,69,414,197,217
050,47,055,"Tennessee","Giles County",5,70,383,186,197
050,47,055,"Tennessee","Giles County",5,71,394,179,215
050,47,055,"Tennessee","Giles County",5,72,337,154,183
050,47,055,"Tennessee","Giles County",5,73,297,124,173
050,47,055,"Tennessee","Giles County",5,74,311,140,171
050,47,055,"Tennessee","Giles County",5,75,309,139,170
050,47,055,"Tennessee","Giles County",5,76,310,161,149
050,47,055,"Tennessee","Giles County",5,77,208,95,113
050,47,055,"Tennessee","Giles County",5,78,218,100,118
050,47,055,"Tennessee","Giles County",5,79,216,86,130
050,47,055,"Tennessee","Giles County",5,80,215,86,129
050,47,055,"Tennessee","Giles County",5,81,166,65,101
050,47,055,"Tennessee","Giles County",5,82,145,59,86
050,47,055,"Tennessee","Giles County",5,83,148,59,89
050,47,055,"Tennessee","Giles County",5,84,120,52,68
050,47,055,"Tennessee","Giles County",5,85,702,213,489
050,47,057,"Tennessee","Grainger County",1,0,234,120,114
050,47,057,"Tennessee","Grainger County",1,1,239,121,118
050,47,057,"Tennessee","Grainger County",1,2,231,115,116
050,47,057,"Tennessee","Grainger County",1,3,230,117,113
050,47,057,"Tennessee","Grainger County",1,4,224,126,98
050,47,057,"Tennessee","Grainger County",1,5,223,108,115
050,47,057,"Tennessee","Grainger County",1,6,231,122,109
050,47,057,"Tennessee","Grainger County",1,7,236,135,101
050,47,057,"Tennessee","Grainger County",1,8,248,133,115
050,47,057,"Tennessee","Grainger County",1,9,223,112,111
050,47,057,"Tennessee","Grainger County",1,10,278,144,134
050,47,057,"Tennessee","Grainger County",1,11,290,153,137
050,47,057,"Tennessee","Grainger County",1,12,305,165,140
050,47,057,"Tennessee","Grainger County",1,13,301,153,148
050,47,057,"Tennessee","Grainger County",1,14,309,170,139
050,47,057,"Tennessee","Grainger County",1,15,293,166,127
050,47,057,"Tennessee","Grainger County",1,16,311,166,145
050,47,057,"Tennessee","Grainger County",1,17,322,181,141
050,47,057,"Tennessee","Grainger County",1,18,263,141,122
050,47,057,"Tennessee","Grainger County",1,19,204,103,101
050,47,057,"Tennessee","Grainger County",1,20,223,123,100
050,47,057,"Tennessee","Grainger County",1,21,221,124,97
050,47,057,"Tennessee","Grainger County",1,22,232,124,108
050,47,057,"Tennessee","Grainger County",1,23,264,145,119
050,47,057,"Tennessee","Grainger County",1,24,285,149,136
050,47,057,"Tennessee","Grainger County",1,25,304,153,151
050,47,057,"Tennessee","Grainger County",1,26,255,136,119
050,47,057,"Tennessee","Grainger County",1,27,279,155,124
050,47,057,"Tennessee","Grainger County",1,28,257,139,118
050,47,057,"Tennessee","Grainger County",1,29,261,138,123
050,47,057,"Tennessee","Grainger County",1,30,241,126,115
050,47,057,"Tennessee","Grainger County",1,31,261,138,123
050,47,057,"Tennessee","Grainger County",1,32,244,132,112
050,47,057,"Tennessee","Grainger County",1,33,260,136,124
050,47,057,"Tennessee","Grainger County",1,34,232,111,121
050,47,057,"Tennessee","Grainger County",1,35,238,117,121
050,47,057,"Tennessee","Grainger County",1,36,220,98,122
050,47,057,"Tennessee","Grainger County",1,37,236,111,125
050,47,057,"Tennessee","Grainger County",1,38,263,126,137
050,47,057,"Tennessee","Grainger County",1,39,286,148,138
050,47,057,"Tennessee","Grainger County",1,40,260,132,128
050,47,057,"Tennessee","Grainger County",1,41,263,130,133
050,47,057,"Tennessee","Grainger County",1,42,271,146,125
050,47,057,"Tennessee","Grainger County",1,43,271,148,123
050,47,057,"Tennessee","Grainger County",1,44,283,147,136
050,47,057,"Tennessee","Grainger County",1,45,293,144,149
050,47,057,"Tennessee","Grainger County",1,46,279,134,145
050,47,057,"Tennessee","Grainger County",1,47,320,164,156
050,47,057,"Tennessee","Grainger County",1,48,341,178,163
050,47,057,"Tennessee","Grainger County",1,49,354,193,161
050,47,057,"Tennessee","Grainger County",1,50,364,190,174
050,47,057,"Tennessee","Grainger County",1,51,365,188,177
050,47,057,"Tennessee","Grainger County",1,52,368,182,186
050,47,057,"Tennessee","Grainger County",1,53,371,188,183
050,47,057,"Tennessee","Grainger County",1,54,365,185,180
050,47,057,"Tennessee","Grainger County",1,55,395,186,209
050,47,057,"Tennessee","Grainger County",1,56,351,159,192
050,47,057,"Tennessee","Grainger County",1,57,353,182,171
050,47,057,"Tennessee","Grainger County",1,58,385,186,199
050,47,057,"Tennessee","Grainger County",1,59,348,177,171
050,47,057,"Tennessee","Grainger County",1,60,349,173,176
050,47,057,"Tennessee","Grainger County",1,61,358,175,183
050,47,057,"Tennessee","Grainger County",1,62,352,181,171
050,47,057,"Tennessee","Grainger County",1,63,346,173,173
050,47,057,"Tennessee","Grainger County",1,64,373,188,185
050,47,057,"Tennessee","Grainger County",1,65,369,176,193
050,47,057,"Tennessee","Grainger County",1,66,332,162,170
050,47,057,"Tennessee","Grainger County",1,67,328,155,173
050,47,057,"Tennessee","Grainger County",1,68,335,169,166
050,47,057,"Tennessee","Grainger County",1,69,286,142,144
050,47,057,"Tennessee","Grainger County",1,70,294,147,147
050,47,057,"Tennessee","Grainger County",1,71,302,148,154
050,47,057,"Tennessee","Grainger County",1,72,305,148,157
050,47,057,"Tennessee","Grainger County",1,73,311,162,149
050,47,057,"Tennessee","Grainger County",1,74,223,109,114
050,47,057,"Tennessee","Grainger County",1,75,223,107,116
050,47,057,"Tennessee","Grainger County",1,76,191,89,102
050,47,057,"Tennessee","Grainger County",1,77,188,90,98
050,47,057,"Tennessee","Grainger County",1,78,176,85,91
050,47,057,"Tennessee","Grainger County",1,79,154,72,82
050,47,057,"Tennessee","Grainger County",1,80,146,65,81
050,47,057,"Tennessee","Grainger County",1,81,124,57,67
050,47,057,"Tennessee","Grainger County",1,82,115,54,61
050,47,057,"Tennessee","Grainger County",1,83,78,42,36
050,47,057,"Tennessee","Grainger County",1,84,84,39,45
050,47,057,"Tennessee","Grainger County",1,85,331,115,216
050,47,057,"Tennessee","Grainger County",2,0,231,111,120
050,47,057,"Tennessee","Grainger County",2,1,235,118,117
050,47,057,"Tennessee","Grainger County",2,2,236,118,118
050,47,057,"Tennessee","Grainger County",2,3,231,119,112
050,47,057,"Tennessee","Grainger County",2,4,225,123,102
050,47,057,"Tennessee","Grainger County",2,5,223,111,112
050,47,057,"Tennessee","Grainger County",2,6,233,121,112
050,47,057,"Tennessee","Grainger County",2,7,237,133,104
050,47,057,"Tennessee","Grainger County",2,8,242,132,110
050,47,057,"Tennessee","Grainger County",2,9,231,118,113
050,47,057,"Tennessee","Grainger County",2,10,266,136,130
050,47,057,"Tennessee","Grainger County",2,11,289,153,136
050,47,057,"Tennessee","Grainger County",2,12,300,162,138
050,47,057,"Tennessee","Grainger County",2,13,302,157,145
050,47,057,"Tennessee","Grainger County",2,14,304,165,139
050,47,057,"Tennessee","Grainger County",2,15,300,169,131
050,47,057,"Tennessee","Grainger County",2,16,308,166,142
050,47,057,"Tennessee","Grainger County",2,17,320,177,143
050,47,057,"Tennessee","Grainger County",2,18,265,146,119
050,47,057,"Tennessee","Grainger County",2,19,208,107,101
050,47,057,"Tennessee","Grainger County",2,20,227,122,105
050,47,057,"Tennessee","Grainger County",2,21,223,123,100
050,47,057,"Tennessee","Grainger County",2,22,233,126,107
050,47,057,"Tennessee","Grainger County",2,23,261,142,119
050,47,057,"Tennessee","Grainger County",2,24,284,150,134
050,47,057,"Tennessee","Grainger County",2,25,301,152,149
050,47,057,"Tennessee","Grainger County",2,26,269,140,129
050,47,057,"Tennessee","Grainger County",2,27,273,151,122
050,47,057,"Tennessee","Grainger County",2,28,265,144,121
050,47,057,"Tennessee","Grainger County",2,29,257,136,121
050,47,057,"Tennessee","Grainger County",2,30,251,131,120
050,47,057,"Tennessee","Grainger County",2,31,254,134,120
050,47,057,"Tennessee","Grainger County",2,32,249,133,116
050,47,057,"Tennessee","Grainger County",2,33,257,136,121
050,47,057,"Tennessee","Grainger County",2,34,240,117,123
050,47,057,"Tennessee","Grainger County",2,35,239,116,123
050,47,057,"Tennessee","Grainger County",2,36,222,101,121
050,47,057,"Tennessee","Grainger County",2,37,231,108,123
050,47,057,"Tennessee","Grainger County",2,38,258,123,135
050,47,057,"Tennessee","Grainger County",2,39,281,142,139
050,47,057,"Tennessee","Grainger County",2,40,268,137,131
050,47,057,"Tennessee","Grainger County",2,41,262,130,132
050,47,057,"Tennessee","Grainger County",2,42,268,142,126
050,47,057,"Tennessee","Grainger County",2,43,273,150,123
050,47,057,"Tennessee","Grainger County",2,44,278,147,131
050,47,057,"Tennessee","Grainger County",2,45,293,144,149
050,47,057,"Tennessee","Grainger County",2,46,282,136,146
050,47,057,"Tennessee","Grainger County",2,47,310,156,154
050,47,057,"Tennessee","Grainger County",2,48,338,176,162
050,47,057,"Tennessee","Grainger County",2,49,352,191,161
050,47,057,"Tennessee","Grainger County",2,50,365,193,172
050,47,057,"Tennessee","Grainger County",2,51,364,189,175
050,47,057,"Tennessee","Grainger County",2,52,367,184,183
050,47,057,"Tennessee","Grainger County",2,53,373,189,184
050,47,057,"Tennessee","Grainger County",2,54,366,186,180
050,47,057,"Tennessee","Grainger County",2,55,391,187,204
050,47,057,"Tennessee","Grainger County",2,56,363,165,198
050,47,057,"Tennessee","Grainger County",2,57,352,175,177
050,47,057,"Tennessee","Grainger County",2,58,376,186,190
050,47,057,"Tennessee","Grainger County",2,59,356,178,178
050,47,057,"Tennessee","Grainger County",2,60,347,173,174
050,47,057,"Tennessee","Grainger County",2,61,357,175,182
050,47,057,"Tennessee","Grainger County",2,62,353,180,173
050,47,057,"Tennessee","Grainger County",2,63,353,179,174
050,47,057,"Tennessee","Grainger County",2,64,365,184,181
050,47,057,"Tennessee","Grainger County",2,65,372,180,192
050,47,057,"Tennessee","Grainger County",2,66,345,166,179
050,47,057,"Tennessee","Grainger County",2,67,326,155,171
050,47,057,"Tennessee","Grainger County",2,68,329,165,164
050,47,057,"Tennessee","Grainger County",2,69,300,149,151
050,47,057,"Tennessee","Grainger County",2,70,291,145,146
050,47,057,"Tennessee","Grainger County",2,71,303,150,153
050,47,057,"Tennessee","Grainger County",2,72,294,143,151
050,47,057,"Tennessee","Grainger County",2,73,325,166,159
050,47,057,"Tennessee","Grainger County",2,74,225,112,113
050,47,057,"Tennessee","Grainger County",2,75,223,108,115
050,47,057,"Tennessee","Grainger County",2,76,195,92,103
050,47,057,"Tennessee","Grainger County",2,77,193,91,102
050,47,057,"Tennessee","Grainger County",2,78,175,84,91
050,47,057,"Tennessee","Grainger County",2,79,155,73,82
050,47,057,"Tennessee","Grainger County",2,80,143,65,78
050,47,057,"Tennessee","Grainger County",2,81,127,58,69
050,47,057,"Tennessee","Grainger County",2,82,116,53,63
050,47,057,"Tennessee","Grainger County",2,83,86,45,41
050,47,057,"Tennessee","Grainger County",2,84,80,37,43
050,47,057,"Tennessee","Grainger County",2,85,333,116,217
050,47,057,"Tennessee","Grainger County",3,0,225,119,106
050,47,057,"Tennessee","Grainger County",3,1,244,109,135
050,47,057,"Tennessee","Grainger County",3,2,227,116,111
050,47,057,"Tennessee","Grainger County",3,3,234,120,114
050,47,057,"Tennessee","Grainger County",3,4,227,114,113
050,47,057,"Tennessee","Grainger County",3,5,227,124,103
050,47,057,"Tennessee","Grainger County",3,6,234,122,112
050,47,057,"Tennessee","Grainger County",3,7,243,124,119
050,47,057,"Tennessee","Grainger County",3,8,229,125,104
050,47,057,"Tennessee","Grainger County",3,9,250,131,119
050,47,057,"Tennessee","Grainger County",3,10,231,122,109
050,47,057,"Tennessee","Grainger County",3,11,271,142,129
050,47,057,"Tennessee","Grainger County",3,12,300,158,142
050,47,057,"Tennessee","Grainger County",3,13,307,166,141
050,47,057,"Tennessee","Grainger County",3,14,306,156,150
050,47,057,"Tennessee","Grainger County",3,15,310,172,138
050,47,057,"Tennessee","Grainger County",3,16,304,165,139
050,47,057,"Tennessee","Grainger County",3,17,304,163,141
050,47,057,"Tennessee","Grainger County",3,18,278,155,123
050,47,057,"Tennessee","Grainger County",3,19,210,121,89
050,47,057,"Tennessee","Grainger County",3,20,213,109,104
050,47,057,"Tennessee","Grainger County",3,21,242,133,109
050,47,057,"Tennessee","Grainger County",3,22,246,133,113
050,47,057,"Tennessee","Grainger County",3,23,248,131,117
050,47,057,"Tennessee","Grainger County",3,24,268,148,120
050,47,057,"Tennessee","Grainger County",3,25,292,158,134
050,47,057,"Tennessee","Grainger County",3,26,307,153,154
050,47,057,"Tennessee","Grainger County",3,27,286,145,141
050,47,057,"Tennessee","Grainger County",3,28,266,150,116
050,47,057,"Tennessee","Grainger County",3,29,276,144,132
050,47,057,"Tennessee","Grainger County",3,30,266,133,133
050,47,057,"Tennessee","Grainger County",3,31,251,134,117
050,47,057,"Tennessee","Grainger County",3,32,257,134,123
050,47,057,"Tennessee","Grainger County",3,33,263,144,119
050,47,057,"Tennessee","Grainger County",3,34,255,139,116
050,47,057,"Tennessee","Grainger County",3,35,244,121,123
050,47,057,"Tennessee","Grainger County",3,36,244,119,125
050,47,057,"Tennessee","Grainger County",3,37,226,114,112
050,47,057,"Tennessee","Grainger County",3,38,242,114,128
050,47,057,"Tennessee","Grainger County",3,39,267,127,140
050,47,057,"Tennessee","Grainger County",3,40,274,141,133
050,47,057,"Tennessee","Grainger County",3,41,280,146,134
050,47,057,"Tennessee","Grainger County",3,42,269,134,135
050,47,057,"Tennessee","Grainger County",3,43,272,144,128
050,47,057,"Tennessee","Grainger County",3,44,281,154,127
050,47,057,"Tennessee","Grainger County",3,45,286,146,140
050,47,057,"Tennessee","Grainger County",3,46,299,144,155
050,47,057,"Tennessee","Grainger County",3,47,282,138,144
050,47,057,"Tennessee","Grainger County",3,48,321,163,158
050,47,057,"Tennessee","Grainger County",3,49,336,175,161
050,47,057,"Tennessee","Grainger County",3,50,353,195,158
050,47,057,"Tennessee","Grainger County",3,51,382,198,184
050,47,057,"Tennessee","Grainger County",3,52,367,185,182
050,47,057,"Tennessee","Grainger County",3,53,363,181,182
050,47,057,"Tennessee","Grainger County",3,54,371,182,189
050,47,057,"Tennessee","Grainger County",3,55,374,195,179
050,47,057,"Tennessee","Grainger County",3,56,410,198,212
050,47,057,"Tennessee","Grainger County",3,57,373,171,202
050,47,057,"Tennessee","Grainger County",3,58,350,171,179
050,47,057,"Tennessee","Grainger County",3,59,385,190,195
050,47,057,"Tennessee","Grainger County",3,60,355,177,178
050,47,057,"Tennessee","Grainger County",3,61,353,176,177
050,47,057,"Tennessee","Grainger County",3,62,372,183,189
050,47,057,"Tennessee","Grainger County",3,63,357,182,175
050,47,057,"Tennessee","Grainger County",3,64,351,187,164
050,47,057,"Tennessee","Grainger County",3,65,372,191,181
050,47,057,"Tennessee","Grainger County",3,66,365,178,187
050,47,057,"Tennessee","Grainger County",3,67,342,168,174
050,47,057,"Tennessee","Grainger County",3,68,330,158,172
050,47,057,"Tennessee","Grainger County",3,69,323,164,159
050,47,057,"Tennessee","Grainger County",3,70,288,144,144
050,47,057,"Tennessee","Grainger County",3,71,279,137,142
050,47,057,"Tennessee","Grainger County",3,72,292,144,148
050,47,057,"Tennessee","Grainger County",3,73,301,145,156
050,47,057,"Tennessee","Grainger County",3,74,313,156,157
050,47,057,"Tennessee","Grainger County",3,75,217,109,108
050,47,057,"Tennessee","Grainger County",3,76,208,99,109
050,47,057,"Tennessee","Grainger County",3,77,183,83,100
050,47,057,"Tennessee","Grainger County",3,78,184,84,100
050,47,057,"Tennessee","Grainger County",3,79,167,81,86
050,47,057,"Tennessee","Grainger County",3,80,141,66,75
050,47,057,"Tennessee","Grainger County",3,81,131,62,69
050,47,057,"Tennessee","Grainger County",3,82,114,51,63
050,47,057,"Tennessee","Grainger County",3,83,103,48,55
050,47,057,"Tennessee","Grainger County",3,84,85,42,43
050,47,057,"Tennessee","Grainger County",3,85,326,117,209
050,47,057,"Tennessee","Grainger County",4,0,259,139,120
050,47,057,"Tennessee","Grainger County",4,1,230,120,110
050,47,057,"Tennessee","Grainger County",4,2,246,120,126
050,47,057,"Tennessee","Grainger County",4,3,248,120,128
050,47,057,"Tennessee","Grainger County",4,4,244,120,124
050,47,057,"Tennessee","Grainger County",4,5,239,124,115
050,47,057,"Tennessee","Grainger County",4,6,238,131,107
050,47,057,"Tennessee","Grainger County",4,7,230,121,109
050,47,057,"Tennessee","Grainger County",4,8,244,127,117
050,47,057,"Tennessee","Grainger County",4,9,238,127,111
050,47,057,"Tennessee","Grainger County",4,10,256,133,123
050,47,057,"Tennessee","Grainger County",4,11,227,115,112
050,47,057,"Tennessee","Grainger County",4,12,269,137,132
050,47,057,"Tennessee","Grainger County",4,13,297,156,141
050,47,057,"Tennessee","Grainger County",4,14,306,170,136
050,47,057,"Tennessee","Grainger County",4,15,312,156,156
050,47,057,"Tennessee","Grainger County",4,16,317,172,145
050,47,057,"Tennessee","Grainger County",4,17,301,159,142
050,47,057,"Tennessee","Grainger County",4,18,250,133,117
050,47,057,"Tennessee","Grainger County",4,19,212,118,94
050,47,057,"Tennessee","Grainger County",4,20,239,132,107
050,47,057,"Tennessee","Grainger County",4,21,237,118,119
050,47,057,"Tennessee","Grainger County",4,22,269,143,126
050,47,057,"Tennessee","Grainger County",4,23,272,150,122
050,47,057,"Tennessee","Grainger County",4,24,269,143,126
050,47,057,"Tennessee","Grainger County",4,25,282,153,129
050,47,057,"Tennessee","Grainger County",4,26,298,163,135
050,47,057,"Tennessee","Grainger County",4,27,300,155,145
050,47,057,"Tennessee","Grainger County",4,28,278,140,138
050,47,057,"Tennessee","Grainger County",4,29,267,146,121
050,47,057,"Tennessee","Grainger County",4,30,276,146,130
050,47,057,"Tennessee","Grainger County",4,31,265,136,129
050,47,057,"Tennessee","Grainger County",4,32,258,129,129
050,47,057,"Tennessee","Grainger County",4,33,240,125,115
050,47,057,"Tennessee","Grainger County",4,34,257,136,121
050,47,057,"Tennessee","Grainger County",4,35,251,136,115
050,47,057,"Tennessee","Grainger County",4,36,237,113,124
050,47,057,"Tennessee","Grainger County",4,37,257,126,131
050,47,057,"Tennessee","Grainger County",4,38,227,111,116
050,47,057,"Tennessee","Grainger County",4,39,253,121,132
050,47,057,"Tennessee","Grainger County",4,40,276,126,150
050,47,057,"Tennessee","Grainger County",4,41,281,142,139
050,47,057,"Tennessee","Grainger County",4,42,272,137,135
050,47,057,"Tennessee","Grainger County",4,43,272,129,143
050,47,057,"Tennessee","Grainger County",4,44,278,149,129
050,47,057,"Tennessee","Grainger County",4,45,305,162,143
050,47,057,"Tennessee","Grainger County",4,46,295,142,153
050,47,057,"Tennessee","Grainger County",4,47,303,149,154
050,47,057,"Tennessee","Grainger County",4,48,291,140,151
050,47,057,"Tennessee","Grainger County",4,49,337,167,170
050,47,057,"Tennessee","Grainger County",4,50,346,181,165
050,47,057,"Tennessee","Grainger County",4,51,366,202,164
050,47,057,"Tennessee","Grainger County",4,52,385,201,184
050,47,057,"Tennessee","Grainger County",4,53,388,198,190
050,47,057,"Tennessee","Grainger County",4,54,361,177,184
050,47,057,"Tennessee","Grainger County",4,55,388,190,198
050,47,057,"Tennessee","Grainger County",4,56,390,200,190
050,47,057,"Tennessee","Grainger County",4,57,421,208,213
050,47,057,"Tennessee","Grainger County",4,58,372,170,202
050,47,057,"Tennessee","Grainger County",4,59,359,177,182
050,47,057,"Tennessee","Grainger County",4,60,396,195,201
050,47,057,"Tennessee","Grainger County",4,61,376,192,184
050,47,057,"Tennessee","Grainger County",4,62,361,176,185
050,47,057,"Tennessee","Grainger County",4,63,394,190,204
050,47,057,"Tennessee","Grainger County",4,64,362,185,177
050,47,057,"Tennessee","Grainger County",4,65,358,191,167
050,47,057,"Tennessee","Grainger County",4,66,369,190,179
050,47,057,"Tennessee","Grainger County",4,67,362,183,179
050,47,057,"Tennessee","Grainger County",4,68,361,171,190
050,47,057,"Tennessee","Grainger County",4,69,333,161,172
050,47,057,"Tennessee","Grainger County",4,70,317,162,155
050,47,057,"Tennessee","Grainger County",4,71,292,148,144
050,47,057,"Tennessee","Grainger County",4,72,267,132,135
050,47,057,"Tennessee","Grainger County",4,73,285,138,147
050,47,057,"Tennessee","Grainger County",4,74,282,134,148
050,47,057,"Tennessee","Grainger County",4,75,294,148,146
050,47,057,"Tennessee","Grainger County",4,76,206,102,104
050,47,057,"Tennessee","Grainger County",4,77,192,91,101
050,47,057,"Tennessee","Grainger County",4,78,177,80,97
050,47,057,"Tennessee","Grainger County",4,79,177,81,96
050,47,057,"Tennessee","Grainger County",4,80,148,72,76
050,47,057,"Tennessee","Grainger County",4,81,127,60,67
050,47,057,"Tennessee","Grainger County",4,82,117,59,58
050,47,057,"Tennessee","Grainger County",4,83,101,51,50
050,47,057,"Tennessee","Grainger County",4,84,102,45,57
050,47,057,"Tennessee","Grainger County",4,85,348,132,216
050,47,057,"Tennessee","Grainger County",5,0,261,139,122
050,47,057,"Tennessee","Grainger County",5,1,274,148,126
050,47,057,"Tennessee","Grainger County",5,2,219,110,109
050,47,057,"Tennessee","Grainger County",5,3,251,123,128
050,47,057,"Tennessee","Grainger County",5,4,251,126,125
050,47,057,"Tennessee","Grainger County",5,5,240,119,121
050,47,057,"Tennessee","Grainger County",5,6,234,120,114
050,47,057,"Tennessee","Grainger County",5,7,242,132,110
050,47,057,"Tennessee","Grainger County",5,8,245,131,114
050,47,057,"Tennessee","Grainger County",5,9,250,132,118
050,47,057,"Tennessee","Grainger County",5,10,241,131,110
050,47,057,"Tennessee","Grainger County",5,11,262,132,130
050,47,057,"Tennessee","Grainger County",5,12,239,121,118
050,47,057,"Tennessee","Grainger County",5,13,273,144,129
050,47,057,"Tennessee","Grainger County",5,14,314,165,149
050,47,057,"Tennessee","Grainger County",5,15,305,164,141
050,47,057,"Tennessee","Grainger County",5,16,319,155,164
050,47,057,"Tennessee","Grainger County",5,17,318,174,144
050,47,057,"Tennessee","Grainger County",5,18,243,135,108
050,47,057,"Tennessee","Grainger County",5,19,193,105,88
050,47,057,"Tennessee","Grainger County",5,20,251,144,107
050,47,057,"Tennessee","Grainger County",5,21,255,142,113
050,47,057,"Tennessee","Grainger County",5,22,259,123,136
050,47,057,"Tennessee","Grainger County",5,23,285,151,134
050,47,057,"Tennessee","Grainger County",5,24,293,162,131
050,47,057,"Tennessee","Grainger County",5,25,277,144,133
050,47,057,"Tennessee","Grainger County",5,26,310,183,127
050,47,057,"Tennessee","Grainger County",5,27,293,160,133
050,47,057,"Tennessee","Grainger County",5,28,300,154,146
050,47,057,"Tennessee","Grainger County",5,29,278,146,132
050,47,057,"Tennessee","Grainger County",5,30,265,144,121
050,47,057,"Tennessee","Grainger County",5,31,300,155,145
050,47,057,"Tennessee","Grainger County",5,32,275,139,136
050,47,057,"Tennessee","Grainger County",5,33,274,142,132
050,47,057,"Tennessee","Grainger County",5,34,250,132,118
050,47,057,"Tennessee","Grainger County",5,35,263,144,119
050,47,057,"Tennessee","Grainger County",5,36,256,133,123
050,47,057,"Tennessee","Grainger County",5,37,254,125,129
050,47,057,"Tennessee","Grainger County",5,38,275,139,136
050,47,057,"Tennessee","Grainger County",5,39,236,118,118
050,47,057,"Tennessee","Grainger County",5,40,264,128,136
050,47,057,"Tennessee","Grainger County",5,41,275,120,155
050,47,057,"Tennessee","Grainger County",5,42,282,144,138
050,47,057,"Tennessee","Grainger County",5,43,289,145,144
050,47,057,"Tennessee","Grainger County",5,44,278,134,144
050,47,057,"Tennessee","Grainger County",5,45,289,157,132
050,47,057,"Tennessee","Grainger County",5,46,316,172,144
050,47,057,"Tennessee","Grainger County",5,47,309,149,160
050,47,057,"Tennessee","Grainger County",5,48,313,148,165
050,47,057,"Tennessee","Grainger County",5,49,300,144,156
050,47,057,"Tennessee","Grainger County",5,50,352,177,175
050,47,057,"Tennessee","Grainger County",5,51,362,195,167
050,47,057,"Tennessee","Grainger County",5,52,365,204,161
050,47,057,"Tennessee","Grainger County",5,53,381,195,186
050,47,057,"Tennessee","Grainger County",5,54,394,198,196
050,47,057,"Tennessee","Grainger County",5,55,365,180,185
050,47,057,"Tennessee","Grainger County",5,56,394,187,207
050,47,057,"Tennessee","Grainger County",5,57,403,210,193
050,47,057,"Tennessee","Grainger County",5,58,425,210,215
050,47,057,"Tennessee","Grainger County",5,59,381,176,205
050,47,057,"Tennessee","Grainger County",5,60,357,184,173
050,47,057,"Tennessee","Grainger County",5,61,413,204,209
050,47,057,"Tennessee","Grainger County",5,62,382,194,188
050,47,057,"Tennessee","Grainger County",5,63,364,174,190
050,47,057,"Tennessee","Grainger County",5,64,403,197,206
050,47,057,"Tennessee","Grainger County",5,65,364,192,172
050,47,057,"Tennessee","Grainger County",5,66,355,187,168
050,47,057,"Tennessee","Grainger County",5,67,361,189,172
050,47,057,"Tennessee","Grainger County",5,68,369,187,182
050,47,057,"Tennessee","Grainger County",5,69,354,166,188
050,47,057,"Tennessee","Grainger County",5,70,330,163,167
050,47,057,"Tennessee","Grainger County",5,71,308,159,149
050,47,057,"Tennessee","Grainger County",5,72,284,143,141
050,47,057,"Tennessee","Grainger County",5,73,267,134,133
050,47,057,"Tennessee","Grainger County",5,74,278,133,145
050,47,057,"Tennessee","Grainger County",5,75,269,128,141
050,47,057,"Tennessee","Grainger County",5,76,287,145,142
050,47,057,"Tennessee","Grainger County",5,77,196,93,103
050,47,057,"Tennessee","Grainger County",5,78,190,88,102
050,47,057,"Tennessee","Grainger County",5,79,171,77,94
050,47,057,"Tennessee","Grainger County",5,80,168,77,91
050,47,057,"Tennessee","Grainger County",5,81,139,70,69
050,47,057,"Tennessee","Grainger County",5,82,114,58,56
050,47,057,"Tennessee","Grainger County",5,83,104,59,45
050,47,057,"Tennessee","Grainger County",5,84,97,45,52
050,47,057,"Tennessee","Grainger County",5,85,397,155,242
050,47,059,"Tennessee","Greene County",1,0,650,334,316
050,47,059,"Tennessee","Greene County",1,1,673,343,330
050,47,059,"Tennessee","Greene County",1,2,688,362,326
050,47,059,"Tennessee","Greene County",1,3,709,357,352
050,47,059,"Tennessee","Greene County",1,4,721,376,345
050,47,059,"Tennessee","Greene County",1,5,684,356,328
050,47,059,"Tennessee","Greene County",1,6,705,371,334
050,47,059,"Tennessee","Greene County",1,7,699,348,351
050,47,059,"Tennessee","Greene County",1,8,654,347,307
050,47,059,"Tennessee","Greene County",1,9,669,362,307
050,47,059,"Tennessee","Greene County",1,10,759,395,364
050,47,059,"Tennessee","Greene County",1,11,795,419,376
050,47,059,"Tennessee","Greene County",1,12,857,454,403
050,47,059,"Tennessee","Greene County",1,13,875,454,421
050,47,059,"Tennessee","Greene County",1,14,827,422,405
050,47,059,"Tennessee","Greene County",1,15,899,473,426
050,47,059,"Tennessee","Greene County",1,16,875,466,409
050,47,059,"Tennessee","Greene County",1,17,877,459,418
050,47,059,"Tennessee","Greene County",1,18,959,496,463
050,47,059,"Tennessee","Greene County",1,19,992,521,471
050,47,059,"Tennessee","Greene County",1,20,942,492,450
050,47,059,"Tennessee","Greene County",1,21,875,476,399
050,47,059,"Tennessee","Greene County",1,22,843,450,393
050,47,059,"Tennessee","Greene County",1,23,780,396,384
050,47,059,"Tennessee","Greene County",1,24,800,430,370
050,47,059,"Tennessee","Greene County",1,25,799,414,385
050,47,059,"Tennessee","Greene County",1,26,781,408,373
050,47,059,"Tennessee","Greene County",1,27,774,413,361
050,47,059,"Tennessee","Greene County",1,28,801,406,395
050,47,059,"Tennessee","Greene County",1,29,822,404,418
050,47,059,"Tennessee","Greene County",1,30,829,426,403
050,47,059,"Tennessee","Greene County",1,31,777,398,379
050,47,059,"Tennessee","Greene County",1,32,709,343,366
050,47,059,"Tennessee","Greene County",1,33,699,345,354
050,47,059,"Tennessee","Greene County",1,34,731,352,379
050,47,059,"Tennessee","Greene County",1,35,701,333,368
050,47,059,"Tennessee","Greene County",1,36,716,368,348
050,47,059,"Tennessee","Greene County",1,37,740,381,359
050,47,059,"Tennessee","Greene County",1,38,771,363,408
050,47,059,"Tennessee","Greene County",1,39,809,403,406
050,47,059,"Tennessee","Greene County",1,40,807,415,392
050,47,059,"Tennessee","Greene County",1,41,819,420,399
050,47,059,"Tennessee","Greene County",1,42,868,433,435
050,47,059,"Tennessee","Greene County",1,43,776,366,410
050,47,059,"Tennessee","Greene County",1,44,801,393,408
050,47,059,"Tennessee","Greene County",1,45,847,417,430
050,47,059,"Tennessee","Greene County",1,46,882,438,444
050,47,059,"Tennessee","Greene County",1,47,900,455,445
050,47,059,"Tennessee","Greene County",1,48,969,502,467
050,47,059,"Tennessee","Greene County",1,49,1019,518,501
050,47,059,"Tennessee","Greene County",1,50,953,478,475
050,47,059,"Tennessee","Greene County",1,51,963,481,482
050,47,059,"Tennessee","Greene County",1,52,960,478,482
050,47,059,"Tennessee","Greene County",1,53,969,467,502
050,47,059,"Tennessee","Greene County",1,54,1002,492,510
050,47,059,"Tennessee","Greene County",1,55,1043,497,546
050,47,059,"Tennessee","Greene County",1,56,1045,511,534
050,47,059,"Tennessee","Greene County",1,57,1039,501,538
050,47,059,"Tennessee","Greene County",1,58,1065,503,562
050,47,059,"Tennessee","Greene County",1,59,1062,520,542
050,47,059,"Tennessee","Greene County",1,60,1043,530,513
050,47,059,"Tennessee","Greene County",1,61,1010,497,513
050,47,059,"Tennessee","Greene County",1,62,1025,497,528
050,47,059,"Tennessee","Greene County",1,63,1025,492,533
050,47,059,"Tennessee","Greene County",1,64,988,481,507
050,47,059,"Tennessee","Greene County",1,65,980,478,502
050,47,059,"Tennessee","Greene County",1,66,959,469,490
050,47,059,"Tennessee","Greene County",1,67,904,418,486
050,47,059,"Tennessee","Greene County",1,68,941,418,523
050,47,059,"Tennessee","Greene County",1,69,872,411,461
050,47,059,"Tennessee","Greene County",1,70,873,410,463
050,47,059,"Tennessee","Greene County",1,71,933,440,493
050,47,059,"Tennessee","Greene County",1,72,909,432,477
050,47,059,"Tennessee","Greene County",1,73,925,463,462
050,47,059,"Tennessee","Greene County",1,74,678,317,361
050,47,059,"Tennessee","Greene County",1,75,642,302,340
050,47,059,"Tennessee","Greene County",1,76,624,290,334
050,47,059,"Tennessee","Greene County",1,77,649,307,342
050,47,059,"Tennessee","Greene County",1,78,556,258,298
050,47,059,"Tennessee","Greene County",1,79,473,207,266
050,47,059,"Tennessee","Greene County",1,80,418,176,242
050,47,059,"Tennessee","Greene County",1,81,406,180,226
050,47,059,"Tennessee","Greene County",1,82,354,166,188
050,47,059,"Tennessee","Greene County",1,83,316,144,172
050,47,059,"Tennessee","Greene County",1,84,291,128,163
050,47,059,"Tennessee","Greene County",1,85,1309,472,837
050,47,059,"Tennessee","Greene County",2,0,664,334,330
050,47,059,"Tennessee","Greene County",2,1,670,342,328
050,47,059,"Tennessee","Greene County",2,2,690,360,330
050,47,059,"Tennessee","Greene County",2,3,705,359,346
050,47,059,"Tennessee","Greene County",2,4,721,372,349
050,47,059,"Tennessee","Greene County",2,5,698,362,336
050,47,059,"Tennessee","Greene County",2,6,704,369,335
050,47,059,"Tennessee","Greene County",2,7,701,353,348
050,47,059,"Tennessee","Greene County",2,8,667,349,318
050,47,059,"Tennessee","Greene County",2,9,670,359,311
050,47,059,"Tennessee","Greene County",2,10,739,387,352
050,47,059,"Tennessee","Greene County",2,11,785,413,372
050,47,059,"Tennessee","Greene County",2,12,851,449,402
050,47,059,"Tennessee","Greene County",2,13,870,452,418
050,47,059,"Tennessee","Greene County",2,14,840,430,410
050,47,059,"Tennessee","Greene County",2,15,880,463,417
050,47,059,"Tennessee","Greene County",2,16,884,470,414
050,47,059,"Tennessee","Greene County",2,17,882,468,414
050,47,059,"Tennessee","Greene County",2,18,951,489,462
050,47,059,"Tennessee","Greene County",2,19,992,524,468
050,47,059,"Tennessee","Greene County",2,20,948,496,452
050,47,059,"Tennessee","Greene County",2,21,874,476,398
050,47,059,"Tennessee","Greene County",2,22,844,450,394
050,47,059,"Tennessee","Greene County",2,23,800,414,386
050,47,059,"Tennessee","Greene County",2,24,791,418,373
050,47,059,"Tennessee","Greene County",2,25,806,424,382
050,47,059,"Tennessee","Greene County",2,26,789,412,377
050,47,059,"Tennessee","Greene County",2,27,772,409,363
050,47,059,"Tennessee","Greene County",2,28,801,410,391
050,47,059,"Tennessee","Greene County",2,29,816,404,412
050,47,059,"Tennessee","Greene County",2,30,837,426,411
050,47,059,"Tennessee","Greene County",2,31,784,402,382
050,47,059,"Tennessee","Greene County",2,32,725,357,368
050,47,059,"Tennessee","Greene County",2,33,705,347,358
050,47,059,"Tennessee","Greene County",2,34,728,351,377
050,47,059,"Tennessee","Greene County",2,35,713,339,374
050,47,059,"Tennessee","Greene County",2,36,710,357,353
050,47,059,"Tennessee","Greene County",2,37,739,379,360
050,47,059,"Tennessee","Greene County",2,38,768,368,400
050,47,059,"Tennessee","Greene County",2,39,802,394,408
050,47,059,"Tennessee","Greene County",2,40,812,412,400
050,47,059,"Tennessee","Greene County",2,41,821,421,400
050,47,059,"Tennessee","Greene County",2,42,850,427,423
050,47,059,"Tennessee","Greene County",2,43,805,386,419
050,47,059,"Tennessee","Greene County",2,44,792,384,408
050,47,059,"Tennessee","Greene County",2,45,843,415,428
050,47,059,"Tennessee","Greene County",2,46,871,432,439
050,47,059,"Tennessee","Greene County",2,47,895,450,445
050,47,059,"Tennessee","Greene County",2,48,955,492,463
050,47,059,"Tennessee","Greene County",2,49,1013,518,495
050,47,059,"Tennessee","Greene County",2,50,975,489,486
050,47,059,"Tennessee","Greene County",2,51,955,476,479
050,47,059,"Tennessee","Greene County",2,52,964,482,482
050,47,059,"Tennessee","Greene County",2,53,972,476,496
050,47,059,"Tennessee","Greene County",2,54,998,490,508
050,47,059,"Tennessee","Greene County",2,55,1039,497,542
050,47,059,"Tennessee","Greene County",2,56,1051,511,540
050,47,059,"Tennessee","Greene County",2,57,1047,505,542
050,47,059,"Tennessee","Greene County",2,58,1062,504,558
050,47,059,"Tennessee","Greene County",2,59,1068,518,550
050,47,059,"Tennessee","Greene County",2,60,1048,527,521
050,47,059,"Tennessee","Greene County",2,61,1018,505,513
050,47,059,"Tennessee","Greene County",2,62,1022,498,524
050,47,059,"Tennessee","Greene County",2,63,1033,498,535
050,47,059,"Tennessee","Greene County",2,64,989,478,511
050,47,059,"Tennessee","Greene County",2,65,984,483,501
050,47,059,"Tennessee","Greene County",2,66,969,471,498
050,47,059,"Tennessee","Greene County",2,67,918,431,487
050,47,059,"Tennessee","Greene County",2,68,929,418,511
050,47,059,"Tennessee","Greene County",2,69,892,416,476
050,47,059,"Tennessee","Greene County",2,70,867,406,461
050,47,059,"Tennessee","Greene County",2,71,916,431,485
050,47,059,"Tennessee","Greene County",2,72,893,421,472
050,47,059,"Tennessee","Greene County",2,73,969,479,490
050,47,059,"Tennessee","Greene County",2,74,693,329,364
050,47,059,"Tennessee","Greene County",2,75,652,307,345
050,47,059,"Tennessee","Greene County",2,76,617,288,329
050,47,059,"Tennessee","Greene County",2,77,656,308,348
050,47,059,"Tennessee","Greene County",2,78,565,264,301
050,47,059,"Tennessee","Greene County",2,79,486,215,271
050,47,059,"Tennessee","Greene County",2,80,421,180,241
050,47,059,"Tennessee","Greene County",2,81,402,177,225
050,47,059,"Tennessee","Greene County",2,82,359,166,193
050,47,059,"Tennessee","Greene County",2,83,319,145,174
050,47,059,"Tennessee","Greene County",2,84,294,131,163
050,47,059,"Tennessee","Greene County",2,85,1329,488,841
050,47,059,"Tennessee","Greene County",3,0,624,326,298
050,47,059,"Tennessee","Greene County",3,1,655,342,313
050,47,059,"Tennessee","Greene County",3,2,668,335,333
050,47,059,"Tennessee","Greene County",3,3,696,357,339
050,47,059,"Tennessee","Greene County",3,4,709,353,356
050,47,059,"Tennessee","Greene County",3,5,746,389,357
050,47,059,"Tennessee","Greene County",3,6,706,368,338
050,47,059,"Tennessee","Greene County",3,7,727,386,341
050,47,059,"Tennessee","Greene County",3,8,728,361,367
050,47,059,"Tennessee","Greene County",3,9,656,339,317
050,47,059,"Tennessee","Greene County",3,10,669,357,312
050,47,059,"Tennessee","Greene County",3,11,757,396,361
050,47,059,"Tennessee","Greene County",3,12,788,420,368
050,47,059,"Tennessee","Greene County",3,13,866,471,395
050,47,059,"Tennessee","Greene County",3,14,872,451,421
050,47,059,"Tennessee","Greene County",3,15,874,455,419
050,47,059,"Tennessee","Greene County",3,16,896,462,434
050,47,059,"Tennessee","Greene County",3,17,892,470,422
050,47,059,"Tennessee","Greene County",3,18,952,495,457
050,47,059,"Tennessee","Greene County",3,19,990,530,460
050,47,059,"Tennessee","Greene County",3,20,955,496,459
050,47,059,"Tennessee","Greene County",3,21,854,468,386
050,47,059,"Tennessee","Greene County",3,22,848,438,410
050,47,059,"Tennessee","Greene County",3,23,823,434,389
050,47,059,"Tennessee","Greene County",3,24,761,386,375
050,47,059,"Tennessee","Greene County",3,25,792,413,379
050,47,059,"Tennessee","Greene County",3,26,827,436,391
050,47,059,"Tennessee","Greene County",3,27,788,408,380
050,47,059,"Tennessee","Greene County",3,28,771,403,368
050,47,059,"Tennessee","Greene County",3,29,803,409,394
050,47,059,"Tennessee","Greene County",3,30,813,400,413
050,47,059,"Tennessee","Greene County",3,31,830,420,410
050,47,059,"Tennessee","Greene County",3,32,782,396,386
050,47,059,"Tennessee","Greene County",3,33,743,358,385
050,47,059,"Tennessee","Greene County",3,34,701,347,354
050,47,059,"Tennessee","Greene County",3,35,713,337,376
050,47,059,"Tennessee","Greene County",3,36,719,338,381
050,47,059,"Tennessee","Greene County",3,37,720,359,361
050,47,059,"Tennessee","Greene County",3,38,759,389,370
050,47,059,"Tennessee","Greene County",3,39,763,360,403
050,47,059,"Tennessee","Greene County",3,40,795,385,410
050,47,059,"Tennessee","Greene County",3,41,843,437,406
050,47,059,"Tennessee","Greene County",3,42,826,431,395
050,47,059,"Tennessee","Greene County",3,43,853,428,425
050,47,059,"Tennessee","Greene County",3,44,821,399,422
050,47,059,"Tennessee","Greene County",3,45,788,386,402
050,47,059,"Tennessee","Greene County",3,46,850,411,439
050,47,059,"Tennessee","Greene County",3,47,866,426,440
050,47,059,"Tennessee","Greene County",3,48,921,473,448
050,47,059,"Tennessee","Greene County",3,49,956,500,456
050,47,059,"Tennessee","Greene County",3,50,1025,520,505
050,47,059,"Tennessee","Greene County",3,51,985,490,495
050,47,059,"Tennessee","Greene County",3,52,960,474,486
050,47,059,"Tennessee","Greene County",3,53,995,494,501
050,47,059,"Tennessee","Greene County",3,54,979,489,490
050,47,059,"Tennessee","Greene County",3,55,1024,494,530
050,47,059,"Tennessee","Greene County",3,56,1055,494,561
050,47,059,"Tennessee","Greene County",3,57,1069,515,554
050,47,059,"Tennessee","Greene County",3,58,1061,517,544
050,47,059,"Tennessee","Greene County",3,59,1081,507,574
050,47,059,"Tennessee","Greene County",3,60,1076,530,546
050,47,059,"Tennessee","Greene County",3,61,1058,535,523
050,47,059,"Tennessee","Greene County",3,62,1008,498,510
050,47,059,"Tennessee","Greene County",3,63,1039,513,526
050,47,059,"Tennessee","Greene County",3,64,1068,511,557
050,47,059,"Tennessee","Greene County",3,65,985,478,507
050,47,059,"Tennessee","Greene County",3,66,985,486,499
050,47,059,"Tennessee","Greene County",3,67,972,468,504
050,47,059,"Tennessee","Greene County",3,68,910,423,487
050,47,059,"Tennessee","Greene County",3,69,905,410,495
050,47,059,"Tennessee","Greene County",3,70,869,401,468
050,47,059,"Tennessee","Greene County",3,71,861,408,453
050,47,059,"Tennessee","Greene County",3,72,886,405,481
050,47,059,"Tennessee","Greene County",3,73,858,407,451
050,47,059,"Tennessee","Greene County",3,74,938,454,484
050,47,059,"Tennessee","Greene County",3,75,664,315,349
050,47,059,"Tennessee","Greene County",3,76,621,284,337
050,47,059,"Tennessee","Greene County",3,77,596,279,317
050,47,059,"Tennessee","Greene County",3,78,607,279,328
050,47,059,"Tennessee","Greene County",3,79,524,246,278
050,47,059,"Tennessee","Greene County",3,80,454,198,256
050,47,059,"Tennessee","Greene County",3,81,394,170,224
050,47,059,"Tennessee","Greene County",3,82,359,153,206
050,47,059,"Tennessee","Greene County",3,83,316,142,174
050,47,059,"Tennessee","Greene County",3,84,283,131,152
050,47,059,"Tennessee","Greene County",3,85,1340,514,826
050,47,059,"Tennessee","Greene County",4,0,633,324,309
050,47,059,"Tennessee","Greene County",4,1,640,350,290
050,47,059,"Tennessee","Greene County",4,2,669,346,323
050,47,059,"Tennessee","Greene County",4,3,678,344,334
050,47,059,"Tennessee","Greene County",4,4,684,344,340
050,47,059,"Tennessee","Greene County",4,5,717,359,358
050,47,059,"Tennessee","Greene County",4,6,765,393,372
050,47,059,"Tennessee","Greene County",4,7,720,378,342
050,47,059,"Tennessee","Greene County",4,8,745,393,352
050,47,059,"Tennessee","Greene County",4,9,757,376,381
050,47,059,"Tennessee","Greene County",4,10,680,361,319
050,47,059,"Tennessee","Greene County",4,11,676,366,310
050,47,059,"Tennessee","Greene County",4,12,768,402,366
050,47,059,"Tennessee","Greene County",4,13,797,434,363
050,47,059,"Tennessee","Greene County",4,14,866,466,400
050,47,059,"Tennessee","Greene County",4,15,907,476,431
050,47,059,"Tennessee","Greene County",4,16,893,454,439
050,47,059,"Tennessee","Greene County",4,17,931,487,444
050,47,059,"Tennessee","Greene County",4,18,953,500,453
050,47,059,"Tennessee","Greene County",4,19,953,506,447
050,47,059,"Tennessee","Greene County",4,20,949,511,438
050,47,059,"Tennessee","Greene County",4,21,858,455,403
050,47,059,"Tennessee","Greene County",4,22,838,447,391
050,47,059,"Tennessee","Greene County",4,23,830,439,391
050,47,059,"Tennessee","Greene County",4,24,769,396,373
050,47,059,"Tennessee","Greene County",4,25,763,391,372
050,47,059,"Tennessee","Greene County",4,26,784,401,383
050,47,059,"Tennessee","Greene County",4,27,827,424,403
050,47,059,"Tennessee","Greene County",4,28,789,397,392
050,47,059,"Tennessee","Greene County",4,29,795,422,373
050,47,059,"Tennessee","Greene County",4,30,851,433,418
050,47,059,"Tennessee","Greene County",4,31,847,422,425
050,47,059,"Tennessee","Greene County",4,32,835,423,412
050,47,059,"Tennessee","Greene County",4,33,803,413,390
050,47,059,"Tennessee","Greene County",4,34,756,359,397
050,47,059,"Tennessee","Greene County",4,35,709,354,355
050,47,059,"Tennessee","Greene County",4,36,727,345,382
050,47,059,"Tennessee","Greene County",4,37,743,347,396
050,47,059,"Tennessee","Greene County",4,38,718,356,362
050,47,059,"Tennessee","Greene County",4,39,774,389,385
050,47,059,"Tennessee","Greene County",4,40,779,364,415
050,47,059,"Tennessee","Greene County",4,41,827,406,421
050,47,059,"Tennessee","Greene County",4,42,866,451,415
050,47,059,"Tennessee","Greene County",4,43,820,424,396
050,47,059,"Tennessee","Greene County",4,44,879,440,439
050,47,059,"Tennessee","Greene County",4,45,833,408,425
050,47,059,"Tennessee","Greene County",4,46,800,390,410
050,47,059,"Tennessee","Greene County",4,47,863,417,446
050,47,059,"Tennessee","Greene County",4,48,906,437,469
050,47,059,"Tennessee","Greene County",4,49,927,480,447
050,47,059,"Tennessee","Greene County",4,50,961,495,466
050,47,059,"Tennessee","Greene County",4,51,1043,533,510
050,47,059,"Tennessee","Greene County",4,52,1009,496,513
050,47,059,"Tennessee","Greene County",4,53,968,480,488
050,47,059,"Tennessee","Greene County",4,54,1030,527,503
050,47,059,"Tennessee","Greene County",4,55,999,489,510
050,47,059,"Tennessee","Greene County",4,56,1029,492,537
050,47,059,"Tennessee","Greene County",4,57,1073,503,570
050,47,059,"Tennessee","Greene County",4,58,1074,515,559
050,47,059,"Tennessee","Greene County",4,59,1074,530,544
050,47,059,"Tennessee","Greene County",4,60,1104,506,598
050,47,059,"Tennessee","Greene County",4,61,1118,546,572
050,47,059,"Tennessee","Greene County",4,62,1088,543,545
050,47,059,"Tennessee","Greene County",4,63,1034,517,517
050,47,059,"Tennessee","Greene County",4,64,1068,535,533
050,47,059,"Tennessee","Greene County",4,65,1089,524,565
050,47,059,"Tennessee","Greene County",4,66,989,484,505
050,47,059,"Tennessee","Greene County",4,67,989,480,509
050,47,059,"Tennessee","Greene County",4,68,993,476,517
050,47,059,"Tennessee","Greene County",4,69,897,417,480
050,47,059,"Tennessee","Greene County",4,70,906,407,499
050,47,059,"Tennessee","Greene County",4,71,862,401,461
050,47,059,"Tennessee","Greene County",4,72,836,390,446
050,47,059,"Tennessee","Greene County",4,73,855,388,467
050,47,059,"Tennessee","Greene County",4,74,824,386,438
050,47,059,"Tennessee","Greene County",4,75,912,442,470
050,47,059,"Tennessee","Greene County",4,76,651,310,341
050,47,059,"Tennessee","Greene County",4,77,600,272,328
050,47,059,"Tennessee","Greene County",4,78,559,258,301
050,47,059,"Tennessee","Greene County",4,79,574,265,309
050,47,059,"Tennessee","Greene County",4,80,479,225,254
050,47,059,"Tennessee","Greene County",4,81,419,181,238
050,47,059,"Tennessee","Greene County",4,82,345,145,200
050,47,059,"Tennessee","Greene County",4,83,325,133,192
050,47,059,"Tennessee","Greene County",4,84,281,125,156
050,47,059,"Tennessee","Greene County",4,85,1338,541,797
050,47,059,"Tennessee","Greene County",5,0,640,327,313
050,47,059,"Tennessee","Greene County",5,1,625,314,311
050,47,059,"Tennessee","Greene County",5,2,661,349,312
050,47,059,"Tennessee","Greene County",5,3,684,352,332
050,47,059,"Tennessee","Greene County",5,4,714,360,354
050,47,059,"Tennessee","Greene County",5,5,707,354,353
050,47,059,"Tennessee","Greene County",5,6,751,374,377
050,47,059,"Tennessee","Greene County",5,7,779,393,386
050,47,059,"Tennessee","Greene County",5,8,755,399,356
050,47,059,"Tennessee","Greene County",5,9,766,398,368
050,47,059,"Tennessee","Greene County",5,10,785,381,404
050,47,059,"Tennessee","Greene County",5,11,715,382,333
050,47,059,"Tennessee","Greene County",5,12,696,369,327
050,47,059,"Tennessee","Greene County",5,13,829,428,401
050,47,059,"Tennessee","Greene County",5,14,820,437,383
050,47,059,"Tennessee","Greene County",5,15,890,478,412
050,47,059,"Tennessee","Greene County",5,16,914,480,434
050,47,059,"Tennessee","Greene County",5,17,948,495,453
050,47,059,"Tennessee","Greene County",5,18,999,502,497
050,47,059,"Tennessee","Greene County",5,19,996,538,458
050,47,059,"Tennessee","Greene County",5,20,918,485,433
050,47,059,"Tennessee","Greene County",5,21,886,493,393
050,47,059,"Tennessee","Greene County",5,22,844,438,406
050,47,059,"Tennessee","Greene County",5,23,836,444,392
050,47,059,"Tennessee","Greene County",5,24,818,421,397
050,47,059,"Tennessee","Greene County",5,25,793,420,373
050,47,059,"Tennessee","Greene County",5,26,800,410,390
050,47,059,"Tennessee","Greene County",5,27,805,411,394
050,47,059,"Tennessee","Greene County",5,28,846,430,416
050,47,059,"Tennessee","Greene County",5,29,812,426,386
050,47,059,"Tennessee","Greene County",5,30,816,442,374
050,47,059,"Tennessee","Greene County",5,31,878,450,428
050,47,059,"Tennessee","Greene County",5,32,858,436,422
050,47,059,"Tennessee","Greene County",5,33,869,431,438
050,47,059,"Tennessee","Greene County",5,34,832,405,427
050,47,059,"Tennessee","Greene County",5,35,772,373,399
050,47,059,"Tennessee","Greene County",5,36,728,355,373
050,47,059,"Tennessee","Greene County",5,37,779,380,399
050,47,059,"Tennessee","Greene County",5,38,754,351,403
050,47,059,"Tennessee","Greene County",5,39,746,364,382
050,47,059,"Tennessee","Greene County",5,40,785,395,390
050,47,059,"Tennessee","Greene County",5,41,814,388,426
050,47,059,"Tennessee","Greene County",5,42,853,407,446
050,47,059,"Tennessee","Greene County",5,43,885,454,431
050,47,059,"Tennessee","Greene County",5,44,831,421,410
050,47,059,"Tennessee","Greene County",5,45,891,450,441
050,47,059,"Tennessee","Greene County",5,46,828,396,432
050,47,059,"Tennessee","Greene County",5,47,834,416,418
050,47,059,"Tennessee","Greene County",5,48,867,410,457
050,47,059,"Tennessee","Greene County",5,49,926,455,471
050,47,059,"Tennessee","Greene County",5,50,954,482,472
050,47,059,"Tennessee","Greene County",5,51,991,517,474
050,47,059,"Tennessee","Greene County",5,52,1058,528,530
050,47,059,"Tennessee","Greene County",5,53,1058,518,540
050,47,059,"Tennessee","Greene County",5,54,987,495,492
050,47,059,"Tennessee","Greene County",5,55,1070,547,523
050,47,059,"Tennessee","Greene County",5,56,1013,488,525
050,47,059,"Tennessee","Greene County",5,57,1046,505,541
050,47,059,"Tennessee","Greene County",5,58,1086,520,566
050,47,059,"Tennessee","Greene County",5,59,1080,508,572
050,47,059,"Tennessee","Greene County",5,60,1102,532,570
050,47,059,"Tennessee","Greene County",5,61,1107,509,598
050,47,059,"Tennessee","Greene County",5,62,1150,554,596
050,47,059,"Tennessee","Greene County",5,63,1080,532,548
050,47,059,"Tennessee","Greene County",5,64,1043,521,522
050,47,059,"Tennessee","Greene County",5,65,1081,539,542
050,47,059,"Tennessee","Greene County",5,66,1088,518,570
050,47,059,"Tennessee","Greene County",5,67,1001,487,514
050,47,059,"Tennessee","Greene County",5,68,981,487,494
050,47,059,"Tennessee","Greene County",5,69,984,474,510
050,47,059,"Tennessee","Greene County",5,70,902,415,487
050,47,059,"Tennessee","Greene County",5,71,905,409,496
050,47,059,"Tennessee","Greene County",5,72,848,387,461
050,47,059,"Tennessee","Greene County",5,73,828,385,443
050,47,059,"Tennessee","Greene County",5,74,837,378,459
050,47,059,"Tennessee","Greene County",5,75,791,361,430
050,47,059,"Tennessee","Greene County",5,76,873,419,454
050,47,059,"Tennessee","Greene County",5,77,630,298,332
050,47,059,"Tennessee","Greene County",5,78,574,256,318
050,47,059,"Tennessee","Greene County",5,79,529,253,276
050,47,059,"Tennessee","Greene County",5,80,531,242,289
050,47,059,"Tennessee","Greene County",5,81,440,205,235
050,47,059,"Tennessee","Greene County",5,82,383,160,223
050,47,059,"Tennessee","Greene County",5,83,314,125,189
050,47,059,"Tennessee","Greene County",5,84,286,113,173
050,47,059,"Tennessee","Greene County",5,85,1368,569,799
050,47,061,"Tennessee","Grundy County",1,0,152,77,75
050,47,061,"Tennessee","Grundy County",1,1,144,75,69
050,47,061,"Tennessee","Grundy County",1,2,163,87,76
050,47,061,"Tennessee","Grundy County",1,3,151,84,67
050,47,061,"Tennessee","Grundy County",1,4,143,79,64
050,47,061,"Tennessee","Grundy County",1,5,156,85,71
050,47,061,"Tennessee","Grundy County",1,6,149,85,64
050,47,061,"Tennessee","Grundy County",1,7,144,75,69
050,47,061,"Tennessee","Grundy County",1,8,148,86,62
050,47,061,"Tennessee","Grundy County",1,9,147,77,70
050,47,061,"Tennessee","Grundy County",1,10,155,87,68
050,47,061,"Tennessee","Grundy County",1,11,181,98,83
050,47,061,"Tennessee","Grundy County",1,12,167,85,82
050,47,061,"Tennessee","Grundy County",1,13,177,93,84
050,47,061,"Tennessee","Grundy County",1,14,174,98,76
050,47,061,"Tennessee","Grundy County",1,15,163,88,75
050,47,061,"Tennessee","Grundy County",1,16,192,111,81
050,47,061,"Tennessee","Grundy County",1,17,191,106,85
050,47,061,"Tennessee","Grundy County",1,18,150,79,71
050,47,061,"Tennessee","Grundy County",1,19,120,62,58
050,47,061,"Tennessee","Grundy County",1,20,131,70,61
050,47,061,"Tennessee","Grundy County",1,21,135,71,64
050,47,061,"Tennessee","Grundy County",1,22,147,76,71
050,47,061,"Tennessee","Grundy County",1,23,154,83,71
050,47,061,"Tennessee","Grundy County",1,24,160,82,78
050,47,061,"Tennessee","Grundy County",1,25,156,86,70
050,47,061,"Tennessee","Grundy County",1,26,166,85,81
050,47,061,"Tennessee","Grundy County",1,27,171,94,77
050,47,061,"Tennessee","Grundy County",1,28,168,86,82
050,47,061,"Tennessee","Grundy County",1,29,161,81,80
050,47,061,"Tennessee","Grundy County",1,30,153,69,84
050,47,061,"Tennessee","Grundy County",1,31,155,72,83
050,47,061,"Tennessee","Grundy County",1,32,144,74,70
050,47,061,"Tennessee","Grundy County",1,33,151,72,79
050,47,061,"Tennessee","Grundy County",1,34,147,67,80
050,47,061,"Tennessee","Grundy County",1,35,128,61,67
050,47,061,"Tennessee","Grundy County",1,36,145,66,79
050,47,061,"Tennessee","Grundy County",1,37,146,77,69
050,47,061,"Tennessee","Grundy County",1,38,163,84,79
050,47,061,"Tennessee","Grundy County",1,39,169,87,82
050,47,061,"Tennessee","Grundy County",1,40,182,87,95
050,47,061,"Tennessee","Grundy County",1,41,179,92,87
050,47,061,"Tennessee","Grundy County",1,42,173,91,82
050,47,061,"Tennessee","Grundy County",1,43,167,83,84
050,47,061,"Tennessee","Grundy County",1,44,142,70,72
050,47,061,"Tennessee","Grundy County",1,45,161,80,81
050,47,061,"Tennessee","Grundy County",1,46,179,84,95
050,47,061,"Tennessee","Grundy County",1,47,178,98,80
050,47,061,"Tennessee","Grundy County",1,48,182,97,85
050,47,061,"Tennessee","Grundy County",1,49,209,108,101
050,47,061,"Tennessee","Grundy County",1,50,183,102,81
050,47,061,"Tennessee","Grundy County",1,51,161,79,82
050,47,061,"Tennessee","Grundy County",1,52,162,79,83
050,47,061,"Tennessee","Grundy County",1,53,184,99,85
050,47,061,"Tennessee","Grundy County",1,54,193,94,99
050,47,061,"Tennessee","Grundy County",1,55,206,100,106
050,47,061,"Tennessee","Grundy County",1,56,192,100,92
050,47,061,"Tennessee","Grundy County",1,57,182,98,84
050,47,061,"Tennessee","Grundy County",1,58,172,98,74
050,47,061,"Tennessee","Grundy County",1,59,197,95,102
050,47,061,"Tennessee","Grundy County",1,60,199,103,96
050,47,061,"Tennessee","Grundy County",1,61,187,93,94
050,47,061,"Tennessee","Grundy County",1,62,189,88,101
050,47,061,"Tennessee","Grundy County",1,63,196,92,104
050,47,061,"Tennessee","Grundy County",1,64,185,91,94
050,47,061,"Tennessee","Grundy County",1,65,172,83,89
050,47,061,"Tennessee","Grundy County",1,66,168,86,82
050,47,061,"Tennessee","Grundy County",1,67,163,73,90
050,47,061,"Tennessee","Grundy County",1,68,156,71,85
050,47,061,"Tennessee","Grundy County",1,69,166,69,97
050,47,061,"Tennessee","Grundy County",1,70,164,73,91
050,47,061,"Tennessee","Grundy County",1,71,161,76,85
050,47,061,"Tennessee","Grundy County",1,72,175,79,96
050,47,061,"Tennessee","Grundy County",1,73,166,76,90
050,47,061,"Tennessee","Grundy County",1,74,131,58,73
050,47,061,"Tennessee","Grundy County",1,75,152,71,81
050,47,061,"Tennessee","Grundy County",1,76,132,62,70
050,47,061,"Tennessee","Grundy County",1,77,116,59,57
050,47,061,"Tennessee","Grundy County",1,78,93,49,44
050,47,061,"Tennessee","Grundy County",1,79,86,41,45
050,47,061,"Tennessee","Grundy County",1,80,77,29,48
050,47,061,"Tennessee","Grundy County",1,81,74,28,46
050,47,061,"Tennessee","Grundy County",1,82,69,27,42
050,47,061,"Tennessee","Grundy County",1,83,55,15,40
050,47,061,"Tennessee","Grundy County",1,84,59,24,35
050,47,061,"Tennessee","Grundy County",1,85,236,73,163
050,47,061,"Tennessee","Grundy County",2,0,152,76,76
050,47,061,"Tennessee","Grundy County",2,1,145,76,69
050,47,061,"Tennessee","Grundy County",2,2,158,83,75
050,47,061,"Tennessee","Grundy County",2,3,150,83,67
050,47,061,"Tennessee","Grundy County",2,4,144,79,65
050,47,061,"Tennessee","Grundy County",2,5,156,86,70
050,47,061,"Tennessee","Grundy County",2,6,149,84,65
050,47,061,"Tennessee","Grundy County",2,7,145,78,67
050,47,061,"Tennessee","Grundy County",2,8,148,84,64
050,47,061,"Tennessee","Grundy County",2,9,149,80,69
050,47,061,"Tennessee","Grundy County",2,10,154,86,68
050,47,061,"Tennessee","Grundy County",2,11,174,95,79
050,47,061,"Tennessee","Grundy County",2,12,172,89,83
050,47,061,"Tennessee","Grundy County",2,13,174,92,82
050,47,061,"Tennessee","Grundy County",2,14,174,96,78
050,47,061,"Tennessee","Grundy County",2,15,164,91,73
050,47,061,"Tennessee","Grundy County",2,16,186,106,80
050,47,061,"Tennessee","Grundy County",2,17,189,107,82
050,47,061,"Tennessee","Grundy County",2,18,153,83,70
050,47,061,"Tennessee","Grundy County",2,19,121,63,58
050,47,061,"Tennessee","Grundy County",2,20,134,71,63
050,47,061,"Tennessee","Grundy County",2,21,137,72,65
050,47,061,"Tennessee","Grundy County",2,22,148,77,71
050,47,061,"Tennessee","Grundy County",2,23,154,82,72
050,47,061,"Tennessee","Grundy County",2,24,155,80,75
050,47,061,"Tennessee","Grundy County",2,25,157,85,72
050,47,061,"Tennessee","Grundy County",2,26,165,87,78
050,47,061,"Tennessee","Grundy County",2,27,169,92,77
050,47,061,"Tennessee","Grundy County",2,28,169,87,82
050,47,061,"Tennessee","Grundy County",2,29,161,82,79
050,47,061,"Tennessee","Grundy County",2,30,156,72,84
050,47,061,"Tennessee","Grundy County",2,31,154,72,82
050,47,061,"Tennessee","Grundy County",2,32,147,74,73
050,47,061,"Tennessee","Grundy County",2,33,150,74,76
050,47,061,"Tennessee","Grundy County",2,34,150,69,81
050,47,061,"Tennessee","Grundy County",2,35,136,63,73
050,47,061,"Tennessee","Grundy County",2,36,142,66,76
050,47,061,"Tennessee","Grundy County",2,37,145,75,70
050,47,061,"Tennessee","Grundy County",2,38,160,83,77
050,47,061,"Tennessee","Grundy County",2,39,168,85,83
050,47,061,"Tennessee","Grundy County",2,40,182,90,92
050,47,061,"Tennessee","Grundy County",2,41,178,91,87
050,47,061,"Tennessee","Grundy County",2,42,176,93,83
050,47,061,"Tennessee","Grundy County",2,43,170,85,85
050,47,061,"Tennessee","Grundy County",2,44,148,72,76
050,47,061,"Tennessee","Grundy County",2,45,160,79,81
050,47,061,"Tennessee","Grundy County",2,46,175,83,92
050,47,061,"Tennessee","Grundy County",2,47,180,97,83
050,47,061,"Tennessee","Grundy County",2,48,182,97,85
050,47,061,"Tennessee","Grundy County",2,49,203,105,98
050,47,061,"Tennessee","Grundy County",2,50,189,103,86
050,47,061,"Tennessee","Grundy County",2,51,165,84,81
050,47,061,"Tennessee","Grundy County",2,52,161,80,81
050,47,061,"Tennessee","Grundy County",2,53,180,96,84
050,47,061,"Tennessee","Grundy County",2,54,191,95,96
050,47,061,"Tennessee","Grundy County",2,55,203,98,105
050,47,061,"Tennessee","Grundy County",2,56,195,99,96
050,47,061,"Tennessee","Grundy County",2,57,184,99,85
050,47,061,"Tennessee","Grundy County",2,58,176,99,77
050,47,061,"Tennessee","Grundy County",2,59,192,95,97
050,47,061,"Tennessee","Grundy County",2,60,199,102,97
050,47,061,"Tennessee","Grundy County",2,61,186,94,92
050,47,061,"Tennessee","Grundy County",2,62,186,87,99
050,47,061,"Tennessee","Grundy County",2,63,194,90,104
050,47,061,"Tennessee","Grundy County",2,64,187,90,97
050,47,061,"Tennessee","Grundy County",2,65,177,86,91
050,47,061,"Tennessee","Grundy County",2,66,169,85,84
050,47,061,"Tennessee","Grundy County",2,67,166,78,88
050,47,061,"Tennessee","Grundy County",2,68,153,70,83
050,47,061,"Tennessee","Grundy County",2,69,166,70,96
050,47,061,"Tennessee","Grundy County",2,70,164,71,93
050,47,061,"Tennessee","Grundy County",2,71,162,75,87
050,47,061,"Tennessee","Grundy County",2,72,168,78,90
050,47,061,"Tennessee","Grundy County",2,73,176,80,96
050,47,061,"Tennessee","Grundy County",2,74,129,58,71
050,47,061,"Tennessee","Grundy County",2,75,147,69,78
050,47,061,"Tennessee","Grundy County",2,76,132,61,71
050,47,061,"Tennessee","Grundy County",2,77,121,61,60
050,47,061,"Tennessee","Grundy County",2,78,97,50,47
050,47,061,"Tennessee","Grundy County",2,79,85,41,44
050,47,061,"Tennessee","Grundy County",2,80,78,31,47
050,47,061,"Tennessee","Grundy County",2,81,71,27,44
050,47,061,"Tennessee","Grundy County",2,82,69,26,43
050,47,061,"Tennessee","Grundy County",2,83,57,17,40
050,47,061,"Tennessee","Grundy County",2,84,58,22,36
050,47,061,"Tennessee","Grundy County",2,85,242,78,164
050,47,061,"Tennessee","Grundy County",3,0,169,79,90
050,47,061,"Tennessee","Grundy County",3,1,157,75,82
050,47,061,"Tennessee","Grundy County",3,2,149,73,76
050,47,061,"Tennessee","Grundy County",3,3,158,87,71
050,47,061,"Tennessee","Grundy County",3,4,152,80,72
050,47,061,"Tennessee","Grundy County",3,5,150,81,69
050,47,061,"Tennessee","Grundy County",3,6,161,87,74
050,47,061,"Tennessee","Grundy County",3,7,149,79,70
050,47,061,"Tennessee","Grundy County",3,8,154,84,70
050,47,061,"Tennessee","Grundy County",3,9,156,83,73
050,47,061,"Tennessee","Grundy County",3,10,149,84,65
050,47,061,"Tennessee","Grundy County",3,11,150,82,68
050,47,061,"Tennessee","Grundy County",3,12,180,97,83
050,47,061,"Tennessee","Grundy County",3,13,170,86,84
050,47,061,"Tennessee","Grundy County",3,14,175,94,81
050,47,061,"Tennessee","Grundy County",3,15,181,103,78
050,47,061,"Tennessee","Grundy County",3,16,161,88,73
050,47,061,"Tennessee","Grundy County",3,17,190,107,83
050,47,061,"Tennessee","Grundy County",3,18,162,91,71
050,47,061,"Tennessee","Grundy County",3,19,121,64,57
050,47,061,"Tennessee","Grundy County",3,20,132,66,66
050,47,061,"Tennessee","Grundy County",3,21,143,78,65
050,47,061,"Tennessee","Grundy County",3,22,146,73,73
050,47,061,"Tennessee","Grundy County",3,23,142,77,65
050,47,061,"Tennessee","Grundy County",3,24,170,87,83
050,47,061,"Tennessee","Grundy County",3,25,157,78,79
050,47,061,"Tennessee","Grundy County",3,26,159,86,73
050,47,061,"Tennessee","Grundy County",3,27,159,85,74
050,47,061,"Tennessee","Grundy County",3,28,165,87,78
050,47,061,"Tennessee","Grundy County",3,29,171,88,83
050,47,061,"Tennessee","Grundy County",3,30,160,83,77
050,47,061,"Tennessee","Grundy County",3,31,162,82,80
050,47,061,"Tennessee","Grundy County",3,32,155,76,79
050,47,061,"Tennessee","Grundy County",3,33,143,75,68
050,47,061,"Tennessee","Grundy County",3,34,158,79,79
050,47,061,"Tennessee","Grundy County",3,35,148,68,80
050,47,061,"Tennessee","Grundy County",3,36,144,64,80
050,47,061,"Tennessee","Grundy County",3,37,140,65,75
050,47,061,"Tennessee","Grundy County",3,38,151,83,68
050,47,061,"Tennessee","Grundy County",3,39,162,82,80
050,47,061,"Tennessee","Grundy County",3,40,169,82,87
050,47,061,"Tennessee","Grundy County",3,41,180,87,93
050,47,061,"Tennessee","Grundy County",3,42,188,95,93
050,47,061,"Tennessee","Grundy County",3,43,170,91,79
050,47,061,"Tennessee","Grundy County",3,44,170,83,87
050,47,061,"Tennessee","Grundy County",3,45,145,76,69
050,47,061,"Tennessee","Grundy County",3,46,161,79,82
050,47,061,"Tennessee","Grundy County",3,47,168,82,86
050,47,061,"Tennessee","Grundy County",3,48,183,93,90
050,47,061,"Tennessee","Grundy County",3,49,178,93,85
050,47,061,"Tennessee","Grundy County",3,50,208,102,106
050,47,061,"Tennessee","Grundy County",3,51,192,104,88
050,47,061,"Tennessee","Grundy County",3,52,165,82,83
050,47,061,"Tennessee","Grundy County",3,53,159,80,79
050,47,061,"Tennessee","Grundy County",3,54,179,93,86
050,47,061,"Tennessee","Grundy County",3,55,187,91,96
050,47,061,"Tennessee","Grundy County",3,56,206,103,103
050,47,061,"Tennessee","Grundy County",3,57,192,100,92
050,47,061,"Tennessee","Grundy County",3,58,193,112,81
050,47,061,"Tennessee","Grundy County",3,59,182,94,88
050,47,061,"Tennessee","Grundy County",3,60,191,97,94
050,47,061,"Tennessee","Grundy County",3,61,194,103,91
050,47,061,"Tennessee","Grundy County",3,62,188,94,94
050,47,061,"Tennessee","Grundy County",3,63,191,91,100
050,47,061,"Tennessee","Grundy County",3,64,194,92,102
050,47,061,"Tennessee","Grundy County",3,65,189,90,99
050,47,061,"Tennessee","Grundy County",3,66,168,77,91
050,47,061,"Tennessee","Grundy County",3,67,170,86,84
050,47,061,"Tennessee","Grundy County",3,68,159,75,84
050,47,061,"Tennessee","Grundy County",3,69,147,67,80
050,47,061,"Tennessee","Grundy County",3,70,158,63,95
050,47,061,"Tennessee","Grundy County",3,71,151,62,89
050,47,061,"Tennessee","Grundy County",3,72,152,71,81
050,47,061,"Tennessee","Grundy County",3,73,161,76,85
050,47,061,"Tennessee","Grundy County",3,74,167,75,92
050,47,061,"Tennessee","Grundy County",3,75,118,50,68
050,47,061,"Tennessee","Grundy County",3,76,138,62,76
050,47,061,"Tennessee","Grundy County",3,77,124,57,67
050,47,061,"Tennessee","Grundy County",3,78,115,55,60
050,47,061,"Tennessee","Grundy County",3,79,88,46,42
050,47,061,"Tennessee","Grundy County",3,80,78,37,41
050,47,061,"Tennessee","Grundy County",3,81,70,27,43
050,47,061,"Tennessee","Grundy County",3,82,65,22,43
050,47,061,"Tennessee","Grundy County",3,83,62,23,39
050,47,061,"Tennessee","Grundy County",3,84,51,16,35
050,47,061,"Tennessee","Grundy County",3,85,262,81,181
050,47,061,"Tennessee","Grundy County",4,0,167,93,74
050,47,061,"Tennessee","Grundy County",4,1,168,77,91
050,47,061,"Tennessee","Grundy County",4,2,158,76,82
050,47,061,"Tennessee","Grundy County",4,3,151,78,73
050,47,061,"Tennessee","Grundy County",4,4,169,90,79
050,47,061,"Tennessee","Grundy County",4,5,158,80,78
050,47,061,"Tennessee","Grundy County",4,6,154,85,69
050,47,061,"Tennessee","Grundy County",4,7,168,93,75
050,47,061,"Tennessee","Grundy County",4,8,154,83,71
050,47,061,"Tennessee","Grundy County",4,9,156,81,75
050,47,061,"Tennessee","Grundy County",4,10,157,82,75
050,47,061,"Tennessee","Grundy County",4,11,149,76,73
050,47,061,"Tennessee","Grundy County",4,12,150,85,65
050,47,061,"Tennessee","Grundy County",4,13,188,102,86
050,47,061,"Tennessee","Grundy County",4,14,179,83,96
050,47,061,"Tennessee","Grundy County",4,15,180,98,82
050,47,061,"Tennessee","Grundy County",4,16,183,97,86
050,47,061,"Tennessee","Grundy County",4,17,166,92,74
050,47,061,"Tennessee","Grundy County",4,18,159,90,69
050,47,061,"Tennessee","Grundy County",4,19,130,72,58
050,47,061,"Tennessee","Grundy County",4,20,133,72,61
050,47,061,"Tennessee","Grundy County",4,21,137,71,66
050,47,061,"Tennessee","Grundy County",4,22,156,79,77
050,47,061,"Tennessee","Grundy County",4,23,153,79,74
050,47,061,"Tennessee","Grundy County",4,24,151,85,66
050,47,061,"Tennessee","Grundy County",4,25,163,87,76
050,47,061,"Tennessee","Grundy County",4,26,168,84,84
050,47,061,"Tennessee","Grundy County",4,27,161,93,68
050,47,061,"Tennessee","Grundy County",4,28,168,83,85
050,47,061,"Tennessee","Grundy County",4,29,168,90,78
050,47,061,"Tennessee","Grundy County",4,30,160,83,77
050,47,061,"Tennessee","Grundy County",4,31,161,83,78
050,47,061,"Tennessee","Grundy County",4,32,167,78,89
050,47,061,"Tennessee","Grundy County",4,33,151,69,82
050,47,061,"Tennessee","Grundy County",4,34,153,80,73
050,47,061,"Tennessee","Grundy County",4,35,157,77,80
050,47,061,"Tennessee","Grundy County",4,36,160,73,87
050,47,061,"Tennessee","Grundy County",4,37,140,62,78
050,47,061,"Tennessee","Grundy County",4,38,146,67,79
050,47,061,"Tennessee","Grundy County",4,39,152,82,70
050,47,061,"Tennessee","Grundy County",4,40,167,85,82
050,47,061,"Tennessee","Grundy County",4,41,163,79,84
050,47,061,"Tennessee","Grundy County",4,42,189,94,95
050,47,061,"Tennessee","Grundy County",4,43,185,89,96
050,47,061,"Tennessee","Grundy County",4,44,168,87,81
050,47,061,"Tennessee","Grundy County",4,45,175,85,90
050,47,061,"Tennessee","Grundy County",4,46,156,80,76
050,47,061,"Tennessee","Grundy County",4,47,168,81,87
050,47,061,"Tennessee","Grundy County",4,48,171,86,85
050,47,061,"Tennessee","Grundy County",4,49,190,94,96
050,47,061,"Tennessee","Grundy County",4,50,184,99,85
050,47,061,"Tennessee","Grundy County",4,51,214,108,106
050,47,061,"Tennessee","Grundy County",4,52,198,105,93
050,47,061,"Tennessee","Grundy County",4,53,182,86,96
050,47,061,"Tennessee","Grundy County",4,54,166,82,84
050,47,061,"Tennessee","Grundy County",4,55,186,100,86
050,47,061,"Tennessee","Grundy County",4,56,195,94,101
050,47,061,"Tennessee","Grundy County",4,57,213,100,113
050,47,061,"Tennessee","Grundy County",4,58,193,102,91
050,47,061,"Tennessee","Grundy County",4,59,192,111,81
050,47,061,"Tennessee","Grundy County",4,60,182,96,86
050,47,061,"Tennessee","Grundy County",4,61,197,103,94
050,47,061,"Tennessee","Grundy County",4,62,192,94,98
050,47,061,"Tennessee","Grundy County",4,63,190,96,94
050,47,061,"Tennessee","Grundy County",4,64,192,92,100
050,47,061,"Tennessee","Grundy County",4,65,196,92,104
050,47,061,"Tennessee","Grundy County",4,66,189,86,103
050,47,061,"Tennessee","Grundy County",4,67,168,82,86
050,47,061,"Tennessee","Grundy County",4,68,166,83,83
050,47,061,"Tennessee","Grundy County",4,69,154,70,84
050,47,061,"Tennessee","Grundy County",4,70,144,60,84
050,47,061,"Tennessee","Grundy County",4,71,151,58,93
050,47,061,"Tennessee","Grundy County",4,72,134,56,78
050,47,061,"Tennessee","Grundy County",4,73,153,67,86
050,47,061,"Tennessee","Grundy County",4,74,151,70,81
050,47,061,"Tennessee","Grundy County",4,75,157,70,87
050,47,061,"Tennessee","Grundy County",4,76,105,38,67
050,47,061,"Tennessee","Grundy County",4,77,130,57,73
050,47,061,"Tennessee","Grundy County",4,78,112,51,61
050,47,061,"Tennessee","Grundy County",4,79,105,50,55
050,47,061,"Tennessee","Grundy County",4,80,79,42,37
050,47,061,"Tennessee","Grundy County",4,81,76,32,44
050,47,061,"Tennessee","Grundy County",4,82,57,21,36
050,47,061,"Tennessee","Grundy County",4,83,64,19,45
050,47,061,"Tennessee","Grundy County",4,84,59,26,33
050,47,061,"Tennessee","Grundy County",4,85,272,82,190
050,47,061,"Tennessee","Grundy County",5,0,168,93,75
050,47,061,"Tennessee","Grundy County",5,1,172,104,68
050,47,061,"Tennessee","Grundy County",5,2,167,73,94
050,47,061,"Tennessee","Grundy County",5,3,164,81,83
050,47,061,"Tennessee","Grundy County",5,4,154,78,76
050,47,061,"Tennessee","Grundy County",5,5,174,90,84
050,47,061,"Tennessee","Grundy County",5,6,162,81,81
050,47,061,"Tennessee","Grundy County",5,7,160,87,73
050,47,061,"Tennessee","Grundy County",5,8,169,93,76
050,47,061,"Tennessee","Grundy County",5,9,151,80,71
050,47,061,"Tennessee","Grundy County",5,10,155,80,75
050,47,061,"Tennessee","Grundy County",5,11,166,85,81
050,47,061,"Tennessee","Grundy County",5,12,149,76,73
050,47,061,"Tennessee","Grundy County",5,13,156,90,66
050,47,061,"Tennessee","Grundy County",5,14,191,106,85
050,47,061,"Tennessee","Grundy County",5,15,178,82,96
050,47,061,"Tennessee","Grundy County",5,16,178,100,78
050,47,061,"Tennessee","Grundy County",5,17,189,99,90
050,47,061,"Tennessee","Grundy County",5,18,143,82,61
050,47,061,"Tennessee","Grundy County",5,19,126,71,55
050,47,061,"Tennessee","Grundy County",5,20,140,78,62
050,47,061,"Tennessee","Grundy County",5,21,138,81,57
050,47,061,"Tennessee","Grundy County",5,22,147,70,77
050,47,061,"Tennessee","Grundy County",5,23,169,88,81
050,47,061,"Tennessee","Grundy County",5,24,155,81,74
050,47,061,"Tennessee","Grundy County",5,25,151,83,68
050,47,061,"Tennessee","Grundy County",5,26,169,92,77
050,47,061,"Tennessee","Grundy County",5,27,183,96,87
050,47,061,"Tennessee","Grundy County",5,28,164,92,72
050,47,061,"Tennessee","Grundy County",5,29,161,78,83
050,47,061,"Tennessee","Grundy County",5,30,166,84,82
050,47,061,"Tennessee","Grundy County",5,31,168,85,83
050,47,061,"Tennessee","Grundy County",5,32,172,85,87
050,47,061,"Tennessee","Grundy County",5,33,167,75,92
050,47,061,"Tennessee","Grundy County",5,34,156,78,78
050,47,061,"Tennessee","Grundy County",5,35,160,81,79
050,47,061,"Tennessee","Grundy County",5,36,162,81,81
050,47,061,"Tennessee","Grundy County",5,37,162,77,85
050,47,061,"Tennessee","Grundy County",5,38,137,61,76
050,47,061,"Tennessee","Grundy County",5,39,155,69,86
050,47,061,"Tennessee","Grundy County",5,40,156,84,72
050,47,061,"Tennessee","Grundy County",5,41,165,84,81
050,47,061,"Tennessee","Grundy County",5,42,168,82,86
050,47,061,"Tennessee","Grundy County",5,43,187,95,92
050,47,061,"Tennessee","Grundy County",5,44,178,84,94
050,47,061,"Tennessee","Grundy County",5,45,168,85,83
050,47,061,"Tennessee","Grundy County",5,46,172,85,87
050,47,061,"Tennessee","Grundy County",5,47,155,82,73
050,47,061,"Tennessee","Grundy County",5,48,167,82,85
050,47,061,"Tennessee","Grundy County",5,49,165,82,83
050,47,061,"Tennessee","Grundy County",5,50,198,94,104
050,47,061,"Tennessee","Grundy County",5,51,189,100,89
050,47,061,"Tennessee","Grundy County",5,52,205,105,100
050,47,061,"Tennessee","Grundy County",5,53,206,111,95
050,47,061,"Tennessee","Grundy County",5,54,184,83,101
050,47,061,"Tennessee","Grundy County",5,55,173,85,88
050,47,061,"Tennessee","Grundy County",5,56,188,99,89
050,47,061,"Tennessee","Grundy County",5,57,201,95,106
050,47,061,"Tennessee","Grundy County",5,58,206,100,106
050,47,061,"Tennessee","Grundy County",5,59,203,103,100
050,47,061,"Tennessee","Grundy County",5,60,193,106,87
050,47,061,"Tennessee","Grundy County",5,61,195,108,87
050,47,061,"Tennessee","Grundy County",5,62,204,109,95
050,47,061,"Tennessee","Grundy County",5,63,204,101,103
050,47,061,"Tennessee","Grundy County",5,64,189,95,94
050,47,061,"Tennessee","Grundy County",5,65,195,97,98
050,47,061,"Tennessee","Grundy County",5,66,193,87,106
050,47,061,"Tennessee","Grundy County",5,67,189,85,104
050,47,061,"Tennessee","Grundy County",5,68,167,84,83
050,47,061,"Tennessee","Grundy County",5,69,166,81,85
050,47,061,"Tennessee","Grundy County",5,70,145,64,81
050,47,061,"Tennessee","Grundy County",5,71,143,59,84
050,47,061,"Tennessee","Grundy County",5,72,143,55,88
050,47,061,"Tennessee","Grundy County",5,73,132,52,80
050,47,061,"Tennessee","Grundy County",5,74,148,63,85
050,47,061,"Tennessee","Grundy County",5,75,145,67,78
050,47,061,"Tennessee","Grundy County",5,76,140,58,82
050,47,061,"Tennessee","Grundy County",5,77,99,37,62
050,47,061,"Tennessee","Grundy County",5,78,123,53,70
050,47,061,"Tennessee","Grundy County",5,79,102,45,57
050,47,061,"Tennessee","Grundy County",5,80,95,46,49
050,47,061,"Tennessee","Grundy County",5,81,73,36,37
050,47,061,"Tennessee","Grundy County",5,82,68,27,41
050,47,061,"Tennessee","Grundy County",5,83,53,18,35
050,47,061,"Tennessee","Grundy County",5,84,60,20,40
050,47,061,"Tennessee","Grundy County",5,85,303,95,208
050,47,063,"Tennessee","Hamblen County",1,0,784,403,381
050,47,063,"Tennessee","Hamblen County",1,1,798,416,382
050,47,063,"Tennessee","Hamblen County",1,2,843,444,399
050,47,063,"Tennessee","Hamblen County",1,3,790,428,362
050,47,063,"Tennessee","Hamblen County",1,4,790,406,384
050,47,063,"Tennessee","Hamblen County",1,5,828,425,403
050,47,063,"Tennessee","Hamblen County",1,6,843,460,383
050,47,063,"Tennessee","Hamblen County",1,7,853,440,413
050,47,063,"Tennessee","Hamblen County",1,8,841,432,409
050,47,063,"Tennessee","Hamblen County",1,9,851,423,428
050,47,063,"Tennessee","Hamblen County",1,10,885,450,435
050,47,063,"Tennessee","Hamblen County",1,11,928,470,458
050,47,063,"Tennessee","Hamblen County",1,12,955,479,476
050,47,063,"Tennessee","Hamblen County",1,13,948,487,461
050,47,063,"Tennessee","Hamblen County",1,14,913,468,445
050,47,063,"Tennessee","Hamblen County",1,15,926,465,461
050,47,063,"Tennessee","Hamblen County",1,16,911,459,452
050,47,063,"Tennessee","Hamblen County",1,17,892,439,453
050,47,063,"Tennessee","Hamblen County",1,18,805,415,390
050,47,063,"Tennessee","Hamblen County",1,19,669,340,329
050,47,063,"Tennessee","Hamblen County",1,20,675,336,339
050,47,063,"Tennessee","Hamblen County",1,21,684,346,338
050,47,063,"Tennessee","Hamblen County",1,22,742,387,355
050,47,063,"Tennessee","Hamblen County",1,23,724,375,349
050,47,063,"Tennessee","Hamblen County",1,24,732,376,356
050,47,063,"Tennessee","Hamblen County",1,25,738,391,347
050,47,063,"Tennessee","Hamblen County",1,26,796,404,392
050,47,063,"Tennessee","Hamblen County",1,27,797,401,396
050,47,063,"Tennessee","Hamblen County",1,28,840,422,418
050,47,063,"Tennessee","Hamblen County",1,29,845,447,398
050,47,063,"Tennessee","Hamblen County",1,30,791,403,388
050,47,063,"Tennessee","Hamblen County",1,31,753,374,379
050,47,063,"Tennessee","Hamblen County",1,32,707,353,354
050,47,063,"Tennessee","Hamblen County",1,33,686,329,357
050,47,063,"Tennessee","Hamblen County",1,34,729,353,376
050,47,063,"Tennessee","Hamblen County",1,35,776,407,369
050,47,063,"Tennessee","Hamblen County",1,36,752,396,356
050,47,063,"Tennessee","Hamblen County",1,37,747,374,373
050,47,063,"Tennessee","Hamblen County",1,38,736,356,380
050,47,063,"Tennessee","Hamblen County",1,39,801,405,396
050,47,063,"Tennessee","Hamblen County",1,40,794,394,400
050,47,063,"Tennessee","Hamblen County",1,41,800,408,392
050,47,063,"Tennessee","Hamblen County",1,42,798,422,376
050,47,063,"Tennessee","Hamblen County",1,43,788,409,379
050,47,063,"Tennessee","Hamblen County",1,44,774,380,394
050,47,063,"Tennessee","Hamblen County",1,45,802,383,419
050,47,063,"Tennessee","Hamblen County",1,46,800,395,405
050,47,063,"Tennessee","Hamblen County",1,47,873,442,431
050,47,063,"Tennessee","Hamblen County",1,48,920,460,460
050,47,063,"Tennessee","Hamblen County",1,49,899,417,482
050,47,063,"Tennessee","Hamblen County",1,50,909,457,452
050,47,063,"Tennessee","Hamblen County",1,51,855,428,427
050,47,063,"Tennessee","Hamblen County",1,52,828,417,411
050,47,063,"Tennessee","Hamblen County",1,53,867,439,428
050,47,063,"Tennessee","Hamblen County",1,54,853,436,417
050,47,063,"Tennessee","Hamblen County",1,55,874,457,417
050,47,063,"Tennessee","Hamblen County",1,56,929,487,442
050,47,063,"Tennessee","Hamblen County",1,57,877,455,422
050,47,063,"Tennessee","Hamblen County",1,58,873,435,438
050,47,063,"Tennessee","Hamblen County",1,59,894,432,462
050,47,063,"Tennessee","Hamblen County",1,60,900,418,482
050,47,063,"Tennessee","Hamblen County",1,61,832,406,426
050,47,063,"Tennessee","Hamblen County",1,62,794,406,388
050,47,063,"Tennessee","Hamblen County",1,63,773,366,407
050,47,063,"Tennessee","Hamblen County",1,64,766,365,401
050,47,063,"Tennessee","Hamblen County",1,65,711,347,364
050,47,063,"Tennessee","Hamblen County",1,66,662,318,344
050,47,063,"Tennessee","Hamblen County",1,67,687,312,375
050,47,063,"Tennessee","Hamblen County",1,68,674,317,357
050,47,063,"Tennessee","Hamblen County",1,69,629,282,347
050,47,063,"Tennessee","Hamblen County",1,70,638,288,350
050,47,063,"Tennessee","Hamblen County",1,71,668,316,352
050,47,063,"Tennessee","Hamblen County",1,72,676,302,374
050,47,063,"Tennessee","Hamblen County",1,73,742,318,424
050,47,063,"Tennessee","Hamblen County",1,74,490,217,273
050,47,063,"Tennessee","Hamblen County",1,75,495,218,277
050,47,063,"Tennessee","Hamblen County",1,76,510,229,281
050,47,063,"Tennessee","Hamblen County",1,77,493,217,276
050,47,063,"Tennessee","Hamblen County",1,78,400,181,219
050,47,063,"Tennessee","Hamblen County",1,79,364,167,197
050,47,063,"Tennessee","Hamblen County",1,80,318,146,172
050,47,063,"Tennessee","Hamblen County",1,81,320,134,186
050,47,063,"Tennessee","Hamblen County",1,82,243,105,138
050,47,063,"Tennessee","Hamblen County",1,83,249,99,150
050,47,063,"Tennessee","Hamblen County",1,84,241,94,147
050,47,063,"Tennessee","Hamblen County",1,85,1114,362,752
050,47,063,"Tennessee","Hamblen County",2,0,756,393,363
050,47,063,"Tennessee","Hamblen County",2,1,796,415,381
050,47,063,"Tennessee","Hamblen County",2,2,834,440,394
050,47,063,"Tennessee","Hamblen County",2,3,799,428,371
050,47,063,"Tennessee","Hamblen County",2,4,797,417,380
050,47,063,"Tennessee","Hamblen County",2,5,821,422,399
050,47,063,"Tennessee","Hamblen County",2,6,845,455,390
050,47,063,"Tennessee","Hamblen County",2,7,851,445,406
050,47,063,"Tennessee","Hamblen County",2,8,843,431,412
050,47,063,"Tennessee","Hamblen County",2,9,854,428,426
050,47,063,"Tennessee","Hamblen County",2,10,879,444,435
050,47,063,"Tennessee","Hamblen County",2,11,919,464,455
050,47,063,"Tennessee","Hamblen County",2,12,959,482,477
050,47,063,"Tennessee","Hamblen County",2,13,948,485,463
050,47,063,"Tennessee","Hamblen County",2,14,925,475,450
050,47,063,"Tennessee","Hamblen County",2,15,926,468,458
050,47,063,"Tennessee","Hamblen County",2,16,913,460,453
050,47,063,"Tennessee","Hamblen County",2,17,900,446,454
050,47,063,"Tennessee","Hamblen County",2,18,794,408,386
050,47,063,"Tennessee","Hamblen County",2,19,670,340,330
050,47,063,"Tennessee","Hamblen County",2,20,693,345,348
050,47,063,"Tennessee","Hamblen County",2,21,691,346,345
050,47,063,"Tennessee","Hamblen County",2,22,738,380,358
050,47,063,"Tennessee","Hamblen County",2,23,735,379,356
050,47,063,"Tennessee","Hamblen County",2,24,728,379,349
050,47,063,"Tennessee","Hamblen County",2,25,742,392,350
050,47,063,"Tennessee","Hamblen County",2,26,784,402,382
050,47,063,"Tennessee","Hamblen County",2,27,795,399,396
050,47,063,"Tennessee","Hamblen County",2,28,828,417,411
050,47,063,"Tennessee","Hamblen County",2,29,845,441,404
050,47,063,"Tennessee","Hamblen County",2,30,808,414,394
050,47,063,"Tennessee","Hamblen County",2,31,760,381,379
050,47,063,"Tennessee","Hamblen County",2,32,719,361,358
050,47,063,"Tennessee","Hamblen County",2,33,694,335,359
050,47,063,"Tennessee","Hamblen County",2,34,719,347,372
050,47,063,"Tennessee","Hamblen County",2,35,772,399,373
050,47,063,"Tennessee","Hamblen County",2,36,754,396,358
050,47,063,"Tennessee","Hamblen County",2,37,754,384,370
050,47,063,"Tennessee","Hamblen County",2,38,740,362,378
050,47,063,"Tennessee","Hamblen County",2,39,785,393,392
050,47,063,"Tennessee","Hamblen County",2,40,805,402,403
050,47,063,"Tennessee","Hamblen County",2,41,788,400,388
050,47,063,"Tennessee","Hamblen County",2,42,795,415,380
050,47,063,"Tennessee","Hamblen County",2,43,798,415,383
050,47,063,"Tennessee","Hamblen County",2,44,773,386,387
050,47,063,"Tennessee","Hamblen County",2,45,803,386,417
050,47,063,"Tennessee","Hamblen County",2,46,795,390,405
050,47,063,"Tennessee","Hamblen County",2,47,850,428,422
050,47,063,"Tennessee","Hamblen County",2,48,908,455,453
050,47,063,"Tennessee","Hamblen County",2,49,905,426,479
050,47,063,"Tennessee","Hamblen County",2,50,905,443,462
050,47,063,"Tennessee","Hamblen County",2,51,864,435,429
050,47,063,"Tennessee","Hamblen County",2,52,837,421,416
050,47,063,"Tennessee","Hamblen County",2,53,856,433,423
050,47,063,"Tennessee","Hamblen County",2,54,848,431,417
050,47,063,"Tennessee","Hamblen County",2,55,874,454,420
050,47,063,"Tennessee","Hamblen County",2,56,921,484,437
050,47,063,"Tennessee","Hamblen County",2,57,889,463,426
050,47,063,"Tennessee","Hamblen County",2,58,874,441,433
050,47,063,"Tennessee","Hamblen County",2,59,897,439,458
050,47,063,"Tennessee","Hamblen County",2,60,897,421,476
050,47,063,"Tennessee","Hamblen County",2,61,848,411,437
050,47,063,"Tennessee","Hamblen County",2,62,797,402,395
050,47,063,"Tennessee","Hamblen County",2,63,787,380,407
050,47,063,"Tennessee","Hamblen County",2,64,763,362,401
050,47,063,"Tennessee","Hamblen County",2,65,722,349,373
050,47,063,"Tennessee","Hamblen County",2,66,674,322,352
050,47,063,"Tennessee","Hamblen County",2,67,678,312,366
050,47,063,"Tennessee","Hamblen County",2,68,674,315,359
050,47,063,"Tennessee","Hamblen County",2,69,641,292,349
050,47,063,"Tennessee","Hamblen County",2,70,631,284,347
050,47,063,"Tennessee","Hamblen County",2,71,658,308,350
050,47,063,"Tennessee","Hamblen County",2,72,657,294,363
050,47,063,"Tennessee","Hamblen County",2,73,755,323,432
050,47,063,"Tennessee","Hamblen County",2,74,514,226,288
050,47,063,"Tennessee","Hamblen County",2,75,489,217,272
050,47,063,"Tennessee","Hamblen County",2,76,496,220,276
050,47,063,"Tennessee","Hamblen County",2,77,505,225,280
050,47,063,"Tennessee","Hamblen County",2,78,407,184,223
050,47,063,"Tennessee","Hamblen County",2,79,367,168,199
050,47,063,"Tennessee","Hamblen County",2,80,320,145,175
050,47,063,"Tennessee","Hamblen County",2,81,318,136,182
050,47,063,"Tennessee","Hamblen County",2,82,256,109,147
050,47,063,"Tennessee","Hamblen County",2,83,235,94,141
050,47,063,"Tennessee","Hamblen County",2,84,236,93,143
050,47,063,"Tennessee","Hamblen County",2,85,1119,360,759
050,47,063,"Tennessee","Hamblen County",3,0,697,329,368
050,47,063,"Tennessee","Hamblen County",3,1,777,414,363
050,47,063,"Tennessee","Hamblen County",3,2,805,409,396
050,47,063,"Tennessee","Hamblen County",3,3,826,434,392
050,47,063,"Tennessee","Hamblen County",3,4,801,423,378
050,47,063,"Tennessee","Hamblen County",3,5,793,421,372
050,47,063,"Tennessee","Hamblen County",3,6,818,416,402
050,47,063,"Tennessee","Hamblen County",3,7,828,449,379
050,47,063,"Tennessee","Hamblen County",3,8,863,458,405
050,47,063,"Tennessee","Hamblen County",3,9,840,441,399
050,47,063,"Tennessee","Hamblen County",3,10,846,426,420
050,47,063,"Tennessee","Hamblen County",3,11,867,438,429
050,47,063,"Tennessee","Hamblen County",3,12,910,467,443
050,47,063,"Tennessee","Hamblen County",3,13,936,476,460
050,47,063,"Tennessee","Hamblen County",3,14,951,488,463
050,47,063,"Tennessee","Hamblen County",3,15,930,476,454
050,47,063,"Tennessee","Hamblen County",3,16,909,455,454
050,47,063,"Tennessee","Hamblen County",3,17,925,466,459
050,47,063,"Tennessee","Hamblen County",3,18,805,410,395
050,47,063,"Tennessee","Hamblen County",3,19,667,338,329
050,47,063,"Tennessee","Hamblen County",3,20,733,366,367
050,47,063,"Tennessee","Hamblen County",3,21,737,353,384
050,47,063,"Tennessee","Hamblen County",3,22,745,376,369
050,47,063,"Tennessee","Hamblen County",3,23,776,387,389
050,47,063,"Tennessee","Hamblen County",3,24,756,397,359
050,47,063,"Tennessee","Hamblen County",3,25,743,395,348
050,47,063,"Tennessee","Hamblen County",3,26,756,409,347
050,47,063,"Tennessee","Hamblen County",3,27,784,394,390
050,47,063,"Tennessee","Hamblen County",3,28,791,399,392
050,47,063,"Tennessee","Hamblen County",3,29,820,425,395
050,47,063,"Tennessee","Hamblen County",3,30,838,433,405
050,47,063,"Tennessee","Hamblen County",3,31,812,411,401
050,47,063,"Tennessee","Hamblen County",3,32,742,369,373
050,47,063,"Tennessee","Hamblen County",3,33,715,360,355
050,47,063,"Tennessee","Hamblen County",3,34,707,333,374
050,47,063,"Tennessee","Hamblen County",3,35,726,356,370
050,47,063,"Tennessee","Hamblen County",3,36,774,402,372
050,47,063,"Tennessee","Hamblen County",3,37,772,397,375
050,47,063,"Tennessee","Hamblen County",3,38,738,380,358
050,47,063,"Tennessee","Hamblen County",3,39,741,371,370
050,47,063,"Tennessee","Hamblen County",3,40,796,394,402
050,47,063,"Tennessee","Hamblen County",3,41,776,389,387
050,47,063,"Tennessee","Hamblen County",3,42,782,391,391
050,47,063,"Tennessee","Hamblen County",3,43,809,416,393
050,47,063,"Tennessee","Hamblen County",3,44,811,422,389
050,47,063,"Tennessee","Hamblen County",3,45,784,400,384
050,47,063,"Tennessee","Hamblen County",3,46,807,383,424
050,47,063,"Tennessee","Hamblen County",3,47,788,383,405
050,47,063,"Tennessee","Hamblen County",3,48,846,433,413
050,47,063,"Tennessee","Hamblen County",3,49,913,451,462
050,47,063,"Tennessee","Hamblen County",3,50,885,408,477
050,47,063,"Tennessee","Hamblen County",3,51,889,439,450
050,47,063,"Tennessee","Hamblen County",3,52,856,426,430
050,47,063,"Tennessee","Hamblen County",3,53,848,427,421
050,47,063,"Tennessee","Hamblen County",3,54,846,431,415
050,47,063,"Tennessee","Hamblen County",3,55,848,432,416
050,47,063,"Tennessee","Hamblen County",3,56,858,444,414
050,47,063,"Tennessee","Hamblen County",3,57,909,482,427
050,47,063,"Tennessee","Hamblen County",3,58,893,467,426
050,47,063,"Tennessee","Hamblen County",3,59,876,440,436
050,47,063,"Tennessee","Hamblen County",3,60,893,431,462
050,47,063,"Tennessee","Hamblen County",3,61,909,434,475
050,47,063,"Tennessee","Hamblen County",3,62,839,402,437
050,47,063,"Tennessee","Hamblen County",3,63,791,399,392
050,47,063,"Tennessee","Hamblen County",3,64,789,377,412
050,47,063,"Tennessee","Hamblen County",3,65,756,346,410
050,47,063,"Tennessee","Hamblen County",3,66,718,347,371
050,47,063,"Tennessee","Hamblen County",3,67,659,311,348
050,47,063,"Tennessee","Hamblen County",3,68,668,307,361
050,47,063,"Tennessee","Hamblen County",3,69,650,302,348
050,47,063,"Tennessee","Hamblen County",3,70,621,288,333
050,47,063,"Tennessee","Hamblen County",3,71,607,273,334
050,47,063,"Tennessee","Hamblen County",3,72,639,293,346
050,47,063,"Tennessee","Hamblen County",3,73,619,274,345
050,47,063,"Tennessee","Hamblen County",3,74,719,298,421
050,47,063,"Tennessee","Hamblen County",3,75,481,209,272
050,47,063,"Tennessee","Hamblen County",3,76,463,209,254
050,47,063,"Tennessee","Hamblen County",3,77,460,202,258
050,47,063,"Tennessee","Hamblen County",3,78,456,206,250
050,47,063,"Tennessee","Hamblen County",3,79,372,170,202
050,47,063,"Tennessee","Hamblen County",3,80,344,152,192
050,47,063,"Tennessee","Hamblen County",3,81,290,122,168
050,47,063,"Tennessee","Hamblen County",3,82,278,123,155
050,47,063,"Tennessee","Hamblen County",3,83,209,84,125
050,47,063,"Tennessee","Hamblen County",3,84,206,87,119
050,47,063,"Tennessee","Hamblen County",3,85,1104,367,737
050,47,063,"Tennessee","Hamblen County",4,0,768,401,367
050,47,063,"Tennessee","Hamblen County",4,1,739,327,412
050,47,063,"Tennessee","Hamblen County",4,2,812,431,381
050,47,063,"Tennessee","Hamblen County",4,3,815,409,406
050,47,063,"Tennessee","Hamblen County",4,4,848,445,403
050,47,063,"Tennessee","Hamblen County",4,5,811,431,380
050,47,063,"Tennessee","Hamblen County",4,6,804,428,376
050,47,063,"Tennessee","Hamblen County",4,7,851,432,419
050,47,063,"Tennessee","Hamblen County",4,8,866,469,397
050,47,063,"Tennessee","Hamblen County",4,9,880,470,410
050,47,063,"Tennessee","Hamblen County",4,10,888,460,428
050,47,063,"Tennessee","Hamblen County",4,11,870,449,421
050,47,063,"Tennessee","Hamblen County",4,12,905,458,447
050,47,063,"Tennessee","Hamblen County",4,13,930,469,461
050,47,063,"Tennessee","Hamblen County",4,14,966,488,478
050,47,063,"Tennessee","Hamblen County",4,15,972,500,472
050,47,063,"Tennessee","Hamblen County",4,16,938,479,459
050,47,063,"Tennessee","Hamblen County",4,17,941,479,462
050,47,063,"Tennessee","Hamblen County",4,18,807,408,399
050,47,063,"Tennessee","Hamblen County",4,19,660,340,320
050,47,063,"Tennessee","Hamblen County",4,20,729,379,350
050,47,063,"Tennessee","Hamblen County",4,21,777,392,385
050,47,063,"Tennessee","Hamblen County",4,22,780,368,412
050,47,063,"Tennessee","Hamblen County",4,23,802,395,407
050,47,063,"Tennessee","Hamblen County",4,24,778,395,383
050,47,063,"Tennessee","Hamblen County",4,25,763,399,364
050,47,063,"Tennessee","Hamblen County",4,26,760,406,354
050,47,063,"Tennessee","Hamblen County",4,27,762,408,354
050,47,063,"Tennessee","Hamblen County",4,28,798,410,388
050,47,063,"Tennessee","Hamblen County",4,29,810,398,412
050,47,063,"Tennessee","Hamblen County",4,30,825,412,413
050,47,063,"Tennessee","Hamblen County",4,31,863,447,416
050,47,063,"Tennessee","Hamblen County",4,32,830,426,404
050,47,063,"Tennessee","Hamblen County",4,33,790,385,405
050,47,063,"Tennessee","Hamblen County",4,34,722,368,354
050,47,063,"Tennessee","Hamblen County",4,35,708,338,370
050,47,063,"Tennessee","Hamblen County",4,36,748,371,377
050,47,063,"Tennessee","Hamblen County",4,37,811,412,399
050,47,063,"Tennessee","Hamblen County",4,38,792,407,385
050,47,063,"Tennessee","Hamblen County",4,39,769,403,366
050,47,063,"Tennessee","Hamblen County",4,40,751,376,375
050,47,063,"Tennessee","Hamblen County",4,41,801,397,404
050,47,063,"Tennessee","Hamblen County",4,42,782,389,393
050,47,063,"Tennessee","Hamblen County",4,43,798,399,399
050,47,063,"Tennessee","Hamblen County",4,44,806,417,389
050,47,063,"Tennessee","Hamblen County",4,45,803,412,391
050,47,063,"Tennessee","Hamblen County",4,46,801,404,397
050,47,063,"Tennessee","Hamblen County",4,47,816,384,432
050,47,063,"Tennessee","Hamblen County",4,48,778,383,395
050,47,063,"Tennessee","Hamblen County",4,49,846,424,422
050,47,063,"Tennessee","Hamblen County",4,50,915,449,466
050,47,063,"Tennessee","Hamblen County",4,51,905,417,488
050,47,063,"Tennessee","Hamblen County",4,52,909,453,456
050,47,063,"Tennessee","Hamblen County",4,53,876,439,437
050,47,063,"Tennessee","Hamblen County",4,54,846,415,431
050,47,063,"Tennessee","Hamblen County",4,55,862,451,411
050,47,063,"Tennessee","Hamblen County",4,56,856,434,422
050,47,063,"Tennessee","Hamblen County",4,57,841,435,406
050,47,063,"Tennessee","Hamblen County",4,58,910,475,435
050,47,063,"Tennessee","Hamblen County",4,59,884,464,420
050,47,063,"Tennessee","Hamblen County",4,60,879,439,440
050,47,063,"Tennessee","Hamblen County",4,61,900,444,456
050,47,063,"Tennessee","Hamblen County",4,62,894,427,467
050,47,063,"Tennessee","Hamblen County",4,63,828,393,435
050,47,063,"Tennessee","Hamblen County",4,64,788,395,393
050,47,063,"Tennessee","Hamblen County",4,65,779,377,402
050,47,063,"Tennessee","Hamblen County",4,66,759,347,412
050,47,063,"Tennessee","Hamblen County",4,67,716,345,371
050,47,063,"Tennessee","Hamblen County",4,68,663,312,351
050,47,063,"Tennessee","Hamblen County",4,69,649,300,349
050,47,063,"Tennessee","Hamblen County",4,70,629,285,344
050,47,063,"Tennessee","Hamblen County",4,71,605,282,323
050,47,063,"Tennessee","Hamblen County",4,72,585,260,325
050,47,063,"Tennessee","Hamblen County",4,73,613,279,334
050,47,063,"Tennessee","Hamblen County",4,74,597,263,334
050,47,063,"Tennessee","Hamblen County",4,75,677,277,400
050,47,063,"Tennessee","Hamblen County",4,76,462,200,262
050,47,063,"Tennessee","Hamblen County",4,77,422,193,229
050,47,063,"Tennessee","Hamblen County",4,78,420,182,238
050,47,063,"Tennessee","Hamblen County",4,79,419,191,228
050,47,063,"Tennessee","Hamblen County",4,80,352,162,190
050,47,063,"Tennessee","Hamblen County",4,81,313,138,175
050,47,063,"Tennessee","Hamblen County",4,82,253,112,141
050,47,063,"Tennessee","Hamblen County",4,83,234,99,135
050,47,063,"Tennessee","Hamblen County",4,84,179,74,105
050,47,063,"Tennessee","Hamblen County",4,85,1078,373,705
050,47,063,"Tennessee","Hamblen County",5,0,770,399,371
050,47,063,"Tennessee","Hamblen County",5,1,824,436,388
050,47,063,"Tennessee","Hamblen County",5,2,779,359,420
050,47,063,"Tennessee","Hamblen County",5,3,819,402,417
050,47,063,"Tennessee","Hamblen County",5,4,844,417,427
050,47,063,"Tennessee","Hamblen County",5,5,870,463,407
050,47,063,"Tennessee","Hamblen County",5,6,819,440,379
050,47,063,"Tennessee","Hamblen County",5,7,836,433,403
050,47,063,"Tennessee","Hamblen County",5,8,891,450,441
050,47,063,"Tennessee","Hamblen County",5,9,883,475,408
050,47,063,"Tennessee","Hamblen County",5,10,895,467,428
050,47,063,"Tennessee","Hamblen County",5,11,887,453,434
050,47,063,"Tennessee","Hamblen County",5,12,879,467,412
050,47,063,"Tennessee","Hamblen County",5,13,917,463,454
050,47,063,"Tennessee","Hamblen County",5,14,975,485,490
050,47,063,"Tennessee","Hamblen County",5,15,970,497,473
050,47,063,"Tennessee","Hamblen County",5,16,989,503,486
050,47,063,"Tennessee","Hamblen County",5,17,930,468,462
050,47,063,"Tennessee","Hamblen County",5,18,847,437,410
050,47,063,"Tennessee","Hamblen County",5,19,681,341,340
050,47,063,"Tennessee","Hamblen County",5,20,724,369,355
050,47,063,"Tennessee","Hamblen County",5,21,770,388,382
050,47,063,"Tennessee","Hamblen County",5,22,843,415,428
050,47,063,"Tennessee","Hamblen County",5,23,814,378,436
050,47,063,"Tennessee","Hamblen County",5,24,837,429,408
050,47,063,"Tennessee","Hamblen County",5,25,811,412,399
050,47,063,"Tennessee","Hamblen County",5,26,771,398,373
050,47,063,"Tennessee","Hamblen County",5,27,746,390,356
050,47,063,"Tennessee","Hamblen County",5,28,791,422,369
050,47,063,"Tennessee","Hamblen County",5,29,800,404,396
050,47,063,"Tennessee","Hamblen County",5,30,845,418,427
050,47,063,"Tennessee","Hamblen County",5,31,844,432,412
050,47,063,"Tennessee","Hamblen County",5,32,891,454,437
050,47,063,"Tennessee","Hamblen County",5,33,860,440,420
050,47,063,"Tennessee","Hamblen County",5,34,796,379,417
050,47,063,"Tennessee","Hamblen County",5,35,739,371,368
050,47,063,"Tennessee","Hamblen County",5,36,724,356,368
050,47,063,"Tennessee","Hamblen County",5,37,775,378,397
050,47,063,"Tennessee","Hamblen County",5,38,806,411,395
050,47,063,"Tennessee","Hamblen County",5,39,797,413,384
050,47,063,"Tennessee","Hamblen County",5,40,794,412,382
050,47,063,"Tennessee","Hamblen County",5,41,756,369,387
050,47,063,"Tennessee","Hamblen County",5,42,816,411,405
050,47,063,"Tennessee","Hamblen County",5,43,811,389,422
050,47,063,"Tennessee","Hamblen County",5,44,811,404,407
050,47,063,"Tennessee","Hamblen County",5,45,815,430,385
050,47,063,"Tennessee","Hamblen County",5,46,817,411,406
050,47,063,"Tennessee","Hamblen County",5,47,805,399,406
050,47,063,"Tennessee","Hamblen County",5,48,835,396,439
050,47,063,"Tennessee","Hamblen County",5,49,789,380,409
050,47,063,"Tennessee","Hamblen County",5,50,864,439,425
050,47,063,"Tennessee","Hamblen County",5,51,927,442,485
050,47,063,"Tennessee","Hamblen County",5,52,950,439,511
050,47,063,"Tennessee","Hamblen County",5,53,931,468,463
050,47,063,"Tennessee","Hamblen County",5,54,862,430,432
050,47,063,"Tennessee","Hamblen County",5,55,875,453,422
050,47,063,"Tennessee","Hamblen County",5,56,873,454,419
050,47,063,"Tennessee","Hamblen County",5,57,868,437,431
050,47,063,"Tennessee","Hamblen County",5,58,870,446,424
050,47,063,"Tennessee","Hamblen County",5,59,900,471,429
050,47,063,"Tennessee","Hamblen County",5,60,878,457,421
050,47,063,"Tennessee","Hamblen County",5,61,882,445,437
050,47,063,"Tennessee","Hamblen County",5,62,907,438,469
050,47,063,"Tennessee","Hamblen County",5,63,893,428,465
050,47,063,"Tennessee","Hamblen County",5,64,819,389,430
050,47,063,"Tennessee","Hamblen County",5,65,784,391,393
050,47,063,"Tennessee","Hamblen County",5,66,783,382,401
050,47,063,"Tennessee","Hamblen County",5,67,746,337,409
050,47,063,"Tennessee","Hamblen County",5,68,700,336,364
050,47,063,"Tennessee","Hamblen County",5,69,648,302,346
050,47,063,"Tennessee","Hamblen County",5,70,618,288,330
050,47,063,"Tennessee","Hamblen County",5,71,615,276,339
050,47,063,"Tennessee","Hamblen County",5,72,584,277,307
050,47,063,"Tennessee","Hamblen County",5,73,554,246,308
050,47,063,"Tennessee","Hamblen County",5,74,601,275,326
050,47,063,"Tennessee","Hamblen County",5,75,580,258,322
050,47,063,"Tennessee","Hamblen County",5,76,661,267,394
050,47,063,"Tennessee","Hamblen County",5,77,424,188,236
050,47,063,"Tennessee","Hamblen County",5,78,384,173,211
050,47,063,"Tennessee","Hamblen County",5,79,392,168,224
050,47,063,"Tennessee","Hamblen County",5,80,401,181,220
050,47,063,"Tennessee","Hamblen County",5,81,332,149,183
050,47,063,"Tennessee","Hamblen County",5,82,280,128,152
050,47,063,"Tennessee","Hamblen County",5,83,226,100,126
050,47,063,"Tennessee","Hamblen County",5,84,206,93,113
050,47,063,"Tennessee","Hamblen County",5,85,1060,376,684
050,47,065,"Tennessee","Hamilton County",1,0,4247,2173,2074
050,47,065,"Tennessee","Hamilton County",1,1,4294,2185,2109
050,47,065,"Tennessee","Hamilton County",1,2,4254,2175,2079
050,47,065,"Tennessee","Hamilton County",1,3,4283,2150,2133
050,47,065,"Tennessee","Hamilton County",1,4,4452,2221,2231
050,47,065,"Tennessee","Hamilton County",1,5,4152,2154,1998
050,47,065,"Tennessee","Hamilton County",1,6,4158,2158,2000
050,47,065,"Tennessee","Hamilton County",1,7,4218,2143,2075
050,47,065,"Tennessee","Hamilton County",1,8,4196,2167,2029
050,47,065,"Tennessee","Hamilton County",1,9,4171,2195,1976
050,47,065,"Tennessee","Hamilton County",1,10,4340,2269,2071
050,47,065,"Tennessee","Hamilton County",1,11,4532,2307,2225
050,47,065,"Tennessee","Hamilton County",1,12,4688,2386,2302
050,47,065,"Tennessee","Hamilton County",1,13,4598,2355,2243
050,47,065,"Tennessee","Hamilton County",1,14,4370,2247,2123
050,47,065,"Tennessee","Hamilton County",1,15,4265,2160,2105
050,47,065,"Tennessee","Hamilton County",1,16,4255,2132,2123
050,47,065,"Tennessee","Hamilton County",1,17,4183,2094,2089
050,47,065,"Tennessee","Hamilton County",1,18,4310,2049,2261
050,47,065,"Tennessee","Hamilton County",1,19,4573,2176,2397
050,47,065,"Tennessee","Hamilton County",1,20,4176,2060,2116
050,47,065,"Tennessee","Hamilton County",1,21,4078,2068,2010
050,47,065,"Tennessee","Hamilton County",1,22,4212,2127,2085
050,47,065,"Tennessee","Hamilton County",1,23,4526,2197,2329
050,47,065,"Tennessee","Hamilton County",1,24,4748,2257,2491
050,47,065,"Tennessee","Hamilton County",1,25,5093,2500,2593
050,47,065,"Tennessee","Hamilton County",1,26,5185,2586,2599
050,47,065,"Tennessee","Hamilton County",1,27,5201,2560,2641
050,47,065,"Tennessee","Hamilton County",1,28,5483,2714,2769
050,47,065,"Tennessee","Hamilton County",1,29,5713,2752,2961
050,47,065,"Tennessee","Hamilton County",1,30,5773,2791,2982
050,47,065,"Tennessee","Hamilton County",1,31,5519,2679,2840
050,47,065,"Tennessee","Hamilton County",1,32,5244,2609,2635
050,47,065,"Tennessee","Hamilton County",1,33,5114,2495,2619
050,47,065,"Tennessee","Hamilton County",1,34,4959,2469,2490
050,47,065,"Tennessee","Hamilton County",1,35,4833,2430,2403
050,47,065,"Tennessee","Hamilton County",1,36,4743,2397,2346
050,47,065,"Tennessee","Hamilton County",1,37,4760,2363,2397
050,47,065,"Tennessee","Hamilton County",1,38,4765,2397,2368
050,47,065,"Tennessee","Hamilton County",1,39,4808,2409,2399
050,47,065,"Tennessee","Hamilton County",1,40,4700,2317,2383
050,47,065,"Tennessee","Hamilton County",1,41,4454,2183,2271
050,47,065,"Tennessee","Hamilton County",1,42,4405,2172,2233
050,47,065,"Tennessee","Hamilton County",1,43,4312,2119,2193
050,47,065,"Tennessee","Hamilton County",1,44,4205,2075,2130
050,47,065,"Tennessee","Hamilton County",1,45,4293,2132,2161
050,47,065,"Tennessee","Hamilton County",1,46,4245,2081,2164
050,47,065,"Tennessee","Hamilton County",1,47,4420,2180,2240
050,47,065,"Tennessee","Hamilton County",1,48,4667,2318,2349
050,47,065,"Tennessee","Hamilton County",1,49,4996,2470,2526
050,47,065,"Tennessee","Hamilton County",1,50,4742,2315,2427
050,47,065,"Tennessee","Hamilton County",1,51,4566,2243,2323
050,47,065,"Tennessee","Hamilton County",1,52,4388,2108,2280
050,47,065,"Tennessee","Hamilton County",1,53,4518,2186,2332
050,47,065,"Tennessee","Hamilton County",1,54,4473,2226,2247
050,47,065,"Tennessee","Hamilton County",1,55,4799,2366,2433
050,47,065,"Tennessee","Hamilton County",1,56,4894,2386,2508
050,47,065,"Tennessee","Hamilton County",1,57,4943,2376,2567
050,47,065,"Tennessee","Hamilton County",1,58,4887,2365,2522
050,47,065,"Tennessee","Hamilton County",1,59,4901,2354,2547
050,47,065,"Tennessee","Hamilton County",1,60,4865,2291,2574
050,47,065,"Tennessee","Hamilton County",1,61,4790,2274,2516
050,47,065,"Tennessee","Hamilton County",1,62,4944,2376,2568
050,47,065,"Tennessee","Hamilton County",1,63,4798,2275,2523
050,47,065,"Tennessee","Hamilton County",1,64,4676,2158,2518
050,47,065,"Tennessee","Hamilton County",1,65,4528,2122,2406
050,47,065,"Tennessee","Hamilton County",1,66,4440,2117,2323
050,47,065,"Tennessee","Hamilton County",1,67,4262,1981,2281
050,47,065,"Tennessee","Hamilton County",1,68,4084,1909,2175
050,47,065,"Tennessee","Hamilton County",1,69,3822,1784,2038
050,47,065,"Tennessee","Hamilton County",1,70,3736,1751,1985
050,47,065,"Tennessee","Hamilton County",1,71,3735,1771,1964
050,47,065,"Tennessee","Hamilton County",1,72,3776,1788,1988
050,47,065,"Tennessee","Hamilton County",1,73,3711,1718,1993
050,47,065,"Tennessee","Hamilton County",1,74,2523,1157,1366
050,47,065,"Tennessee","Hamilton County",1,75,2479,1137,1342
050,47,065,"Tennessee","Hamilton County",1,76,2405,1097,1308
050,47,065,"Tennessee","Hamilton County",1,77,2371,1031,1340
050,47,065,"Tennessee","Hamilton County",1,78,2069,877,1192
050,47,065,"Tennessee","Hamilton County",1,79,1875,794,1081
050,47,065,"Tennessee","Hamilton County",1,80,1755,730,1025
050,47,065,"Tennessee","Hamilton County",1,81,1637,702,935
050,47,065,"Tennessee","Hamilton County",1,82,1436,582,854
050,47,065,"Tennessee","Hamilton County",1,83,1247,483,764
050,47,065,"Tennessee","Hamilton County",1,84,1218,481,737
050,47,065,"Tennessee","Hamilton County",1,85,7747,2512,5235
050,47,065,"Tennessee","Hamilton County",2,0,4251,2149,2102
050,47,065,"Tennessee","Hamilton County",2,1,4288,2183,2105
050,47,065,"Tennessee","Hamilton County",2,2,4282,2185,2097
050,47,065,"Tennessee","Hamilton County",2,3,4270,2150,2120
050,47,065,"Tennessee","Hamilton County",2,4,4417,2208,2209
050,47,065,"Tennessee","Hamilton County",2,5,4232,2177,2055
050,47,065,"Tennessee","Hamilton County",2,6,4161,2155,2006
050,47,065,"Tennessee","Hamilton County",2,7,4204,2144,2060
050,47,065,"Tennessee","Hamilton County",2,8,4194,2159,2035
050,47,065,"Tennessee","Hamilton County",2,9,4174,2187,1987
050,47,065,"Tennessee","Hamilton County",2,10,4300,2251,2049
050,47,065,"Tennessee","Hamilton County",2,11,4471,2289,2182
050,47,065,"Tennessee","Hamilton County",2,12,4678,2377,2301
050,47,065,"Tennessee","Hamilton County",2,13,4622,2367,2255
050,47,065,"Tennessee","Hamilton County",2,14,4428,2271,2157
050,47,065,"Tennessee","Hamilton County",2,15,4297,2177,2120
050,47,065,"Tennessee","Hamilton County",2,16,4274,2145,2129
050,47,065,"Tennessee","Hamilton County",2,17,4197,2103,2094
050,47,065,"Tennessee","Hamilton County",2,18,4310,2052,2258
050,47,065,"Tennessee","Hamilton County",2,19,4591,2172,2419
050,47,065,"Tennessee","Hamilton County",2,20,4249,2108,2141
050,47,065,"Tennessee","Hamilton County",2,21,4115,2080,2035
050,47,065,"Tennessee","Hamilton County",2,22,4232,2132,2100
050,47,065,"Tennessee","Hamilton County",2,23,4532,2203,2329
050,47,065,"Tennessee","Hamilton County",2,24,4725,2258,2467
050,47,065,"Tennessee","Hamilton County",2,25,5055,2469,2586
050,47,065,"Tennessee","Hamilton County",2,26,5203,2588,2615
050,47,065,"Tennessee","Hamilton County",2,27,5208,2572,2636
050,47,065,"Tennessee","Hamilton County",2,28,5431,2690,2741
050,47,065,"Tennessee","Hamilton County",2,29,5655,2735,2920
050,47,065,"Tennessee","Hamilton County",2,30,5794,2788,3006
050,47,065,"Tennessee","Hamilton County",2,31,5577,2700,2877
050,47,065,"Tennessee","Hamilton County",2,32,5319,2624,2695
050,47,065,"Tennessee","Hamilton County",2,33,5157,2524,2633
050,47,065,"Tennessee","Hamilton County",2,34,4999,2477,2522
050,47,065,"Tennessee","Hamilton County",2,35,4885,2454,2431
050,47,065,"Tennessee","Hamilton County",2,36,4744,2393,2351
050,47,065,"Tennessee","Hamilton County",2,37,4762,2372,2390
050,47,065,"Tennessee","Hamilton County",2,38,4799,2401,2398
050,47,065,"Tennessee","Hamilton County",2,39,4800,2407,2393
050,47,065,"Tennessee","Hamilton County",2,40,4753,2356,2397
050,47,065,"Tennessee","Hamilton County",2,41,4522,2214,2308
050,47,065,"Tennessee","Hamilton County",2,42,4402,2166,2236
050,47,065,"Tennessee","Hamilton County",2,43,4371,2153,2218
050,47,065,"Tennessee","Hamilton County",2,44,4198,2070,2128
050,47,065,"Tennessee","Hamilton County",2,45,4305,2131,2174
050,47,065,"Tennessee","Hamilton County",2,46,4247,2085,2162
050,47,065,"Tennessee","Hamilton County",2,47,4378,2149,2229
050,47,065,"Tennessee","Hamilton County",2,48,4610,2283,2327
050,47,065,"Tennessee","Hamilton County",2,49,4943,2445,2498
050,47,065,"Tennessee","Hamilton County",2,50,4828,2367,2461
050,47,065,"Tennessee","Hamilton County",2,51,4603,2255,2348
050,47,065,"Tennessee","Hamilton County",2,52,4446,2148,2298
050,47,065,"Tennessee","Hamilton County",2,53,4475,2161,2314
050,47,065,"Tennessee","Hamilton County",2,54,4483,2219,2264
050,47,065,"Tennessee","Hamilton County",2,55,4714,2328,2386
050,47,065,"Tennessee","Hamilton County",2,56,4886,2390,2496
050,47,065,"Tennessee","Hamilton County",2,57,4944,2380,2564
050,47,065,"Tennessee","Hamilton County",2,58,4898,2364,2534
050,47,065,"Tennessee","Hamilton County",2,59,4922,2366,2556
050,47,065,"Tennessee","Hamilton County",2,60,4857,2301,2556
050,47,065,"Tennessee","Hamilton County",2,61,4804,2274,2530
050,47,065,"Tennessee","Hamilton County",2,62,4900,2350,2550
050,47,065,"Tennessee","Hamilton County",2,63,4867,2302,2565
050,47,065,"Tennessee","Hamilton County",2,64,4682,2175,2507
050,47,065,"Tennessee","Hamilton County",2,65,4547,2122,2425
050,47,065,"Tennessee","Hamilton County",2,66,4471,2118,2353
050,47,065,"Tennessee","Hamilton County",2,67,4278,2000,2278
050,47,065,"Tennessee","Hamilton County",2,68,4080,1902,2178
050,47,065,"Tennessee","Hamilton County",2,69,3897,1814,2083
050,47,065,"Tennessee","Hamilton County",2,70,3736,1753,1983
050,47,065,"Tennessee","Hamilton County",2,71,3722,1756,1966
050,47,065,"Tennessee","Hamilton County",2,72,3709,1750,1959
050,47,065,"Tennessee","Hamilton County",2,73,3880,1802,2078
050,47,065,"Tennessee","Hamilton County",2,74,2633,1205,1428
050,47,065,"Tennessee","Hamilton County",2,75,2489,1143,1346
050,47,065,"Tennessee","Hamilton County",2,76,2378,1078,1300
050,47,065,"Tennessee","Hamilton County",2,77,2409,1060,1349
050,47,065,"Tennessee","Hamilton County",2,78,2088,889,1199
050,47,065,"Tennessee","Hamilton County",2,79,1897,799,1098
050,47,065,"Tennessee","Hamilton County",2,80,1767,735,1032
050,47,065,"Tennessee","Hamilton County",2,81,1632,697,935
050,47,065,"Tennessee","Hamilton County",2,82,1476,603,873
050,47,065,"Tennessee","Hamilton County",2,83,1265,499,766
050,47,065,"Tennessee","Hamilton County",2,84,1203,475,728
050,47,065,"Tennessee","Hamilton County",2,85,7774,2531,5243
050,47,065,"Tennessee","Hamilton County",3,0,4342,2247,2095
050,47,065,"Tennessee","Hamilton County",3,1,4287,2168,2119
050,47,065,"Tennessee","Hamilton County",3,2,4299,2201,2098
050,47,065,"Tennessee","Hamilton County",3,3,4283,2191,2092
050,47,065,"Tennessee","Hamilton County",3,4,4258,2145,2113
050,47,065,"Tennessee","Hamilton County",3,5,4416,2227,2189
050,47,065,"Tennessee","Hamilton County",3,6,4220,2163,2057
050,47,065,"Tennessee","Hamilton County",3,7,4204,2187,2017
050,47,065,"Tennessee","Hamilton County",3,8,4214,2156,2058
050,47,065,"Tennessee","Hamilton County",3,9,4263,2198,2065
050,47,065,"Tennessee","Hamilton County",3,10,4203,2201,2002
050,47,065,"Tennessee","Hamilton County",3,11,4250,2227,2023
050,47,065,"Tennessee","Hamilton County",3,12,4448,2284,2164
050,47,065,"Tennessee","Hamilton County",3,13,4661,2364,2297
050,47,065,"Tennessee","Hamilton County",3,14,4572,2348,2224
050,47,065,"Tennessee","Hamilton County",3,15,4368,2241,2127
050,47,065,"Tennessee","Hamilton County",3,16,4339,2223,2116
050,47,065,"Tennessee","Hamilton County",3,17,4311,2170,2141
050,47,065,"Tennessee","Hamilton County",3,18,4227,2024,2203
050,47,065,"Tennessee","Hamilton County",3,19,4421,2084,2337
050,47,065,"Tennessee","Hamilton County",3,20,4263,2124,2139
050,47,065,"Tennessee","Hamilton County",3,21,4194,2104,2090
050,47,065,"Tennessee","Hamilton County",3,22,4210,2107,2103
050,47,065,"Tennessee","Hamilton County",3,23,4590,2238,2352
050,47,065,"Tennessee","Hamilton County",3,24,4733,2277,2456
050,47,065,"Tennessee","Hamilton County",3,25,4822,2312,2510
050,47,065,"Tennessee","Hamilton County",3,26,5178,2527,2651
050,47,065,"Tennessee","Hamilton County",3,27,5243,2611,2632
050,47,065,"Tennessee","Hamilton County",3,28,5179,2561,2618
050,47,065,"Tennessee","Hamilton County",3,29,5384,2634,2750
050,47,065,"Tennessee","Hamilton County",3,30,5678,2758,2920
050,47,065,"Tennessee","Hamilton County",3,31,5753,2753,3000
050,47,065,"Tennessee","Hamilton County",3,32,5523,2683,2840
050,47,065,"Tennessee","Hamilton County",3,33,5348,2654,2694
050,47,065,"Tennessee","Hamilton County",3,34,5160,2515,2645
050,47,065,"Tennessee","Hamilton County",3,35,5009,2464,2545
050,47,065,"Tennessee","Hamilton County",3,36,4945,2467,2478
050,47,065,"Tennessee","Hamilton County",3,37,4736,2379,2357
050,47,065,"Tennessee","Hamilton County",3,38,4774,2386,2388
050,47,065,"Tennessee","Hamilton County",3,39,4880,2459,2421
050,47,065,"Tennessee","Hamilton County",3,40,4784,2394,2390
050,47,065,"Tennessee","Hamilton County",3,41,4767,2344,2423
050,47,065,"Tennessee","Hamilton County",3,42,4557,2237,2320
050,47,065,"Tennessee","Hamilton County",3,43,4418,2179,2239
050,47,065,"Tennessee","Hamilton County",3,44,4375,2156,2219
050,47,065,"Tennessee","Hamilton County",3,45,4225,2087,2138
050,47,065,"Tennessee","Hamilton County",3,46,4299,2114,2185
050,47,065,"Tennessee","Hamilton County",3,47,4256,2084,2172
050,47,065,"Tennessee","Hamilton County",3,48,4362,2154,2208
050,47,065,"Tennessee","Hamilton County",3,49,4598,2252,2346
050,47,065,"Tennessee","Hamilton County",3,50,4952,2433,2519
050,47,065,"Tennessee","Hamilton County",3,51,4865,2370,2495
050,47,065,"Tennessee","Hamilton County",3,52,4602,2262,2340
050,47,065,"Tennessee","Hamilton County",3,53,4419,2134,2285
050,47,065,"Tennessee","Hamilton County",3,54,4472,2173,2299
050,47,065,"Tennessee","Hamilton County",3,55,4463,2181,2282
050,47,065,"Tennessee","Hamilton County",3,56,4685,2320,2365
050,47,065,"Tennessee","Hamilton County",3,57,4889,2361,2528
050,47,065,"Tennessee","Hamilton County",3,58,4942,2372,2570
050,47,065,"Tennessee","Hamilton County",3,59,4916,2354,2562
050,47,065,"Tennessee","Hamilton County",3,60,4898,2356,2542
050,47,065,"Tennessee","Hamilton County",3,61,4859,2304,2555
050,47,065,"Tennessee","Hamilton County",3,62,4755,2245,2510
050,47,065,"Tennessee","Hamilton County",3,63,4795,2280,2515
050,47,065,"Tennessee","Hamilton County",3,64,4806,2267,2539
050,47,065,"Tennessee","Hamilton County",3,65,4613,2138,2475
050,47,065,"Tennessee","Hamilton County",3,66,4485,2087,2398
050,47,065,"Tennessee","Hamilton County",3,67,4439,2110,2329
050,47,065,"Tennessee","Hamilton County",3,68,4186,1932,2254
050,47,065,"Tennessee","Hamilton County",3,69,3983,1846,2137
050,47,065,"Tennessee","Hamilton County",3,70,3818,1767,2051
050,47,065,"Tennessee","Hamilton County",3,71,3639,1698,1941
050,47,065,"Tennessee","Hamilton County",3,72,3636,1677,1959
050,47,065,"Tennessee","Hamilton County",3,73,3583,1697,1886
050,47,065,"Tennessee","Hamilton County",3,74,3776,1744,2032
050,47,065,"Tennessee","Hamilton County",3,75,2554,1170,1384
050,47,065,"Tennessee","Hamilton County",3,76,2385,1079,1306
050,47,065,"Tennessee","Hamilton County",3,77,2289,1034,1255
050,47,065,"Tennessee","Hamilton County",3,78,2321,1011,1310
050,47,065,"Tennessee","Hamilton County",3,79,2008,847,1161
050,47,065,"Tennessee","Hamilton County",3,80,1802,731,1071
050,47,065,"Tennessee","Hamilton County",3,81,1642,685,957
050,47,065,"Tennessee","Hamilton County",3,82,1520,630,890
050,47,065,"Tennessee","Hamilton County",3,83,1371,558,813
050,47,065,"Tennessee","Hamilton County",3,84,1176,452,724
050,47,065,"Tennessee","Hamilton County",3,85,7632,2509,5123
050,47,065,"Tennessee","Hamilton County",4,0,4537,2308,2229
050,47,065,"Tennessee","Hamilton County",4,1,4437,2311,2126
050,47,065,"Tennessee","Hamilton County",4,2,4317,2183,2134
050,47,065,"Tennessee","Hamilton County",4,3,4354,2251,2103
050,47,065,"Tennessee","Hamilton County",4,4,4358,2237,2121
050,47,065,"Tennessee","Hamilton County",4,5,4327,2181,2146
050,47,065,"Tennessee","Hamilton County",4,6,4470,2255,2215
050,47,065,"Tennessee","Hamilton County",4,7,4312,2228,2084
050,47,065,"Tennessee","Hamilton County",4,8,4279,2229,2050
050,47,065,"Tennessee","Hamilton County",4,9,4291,2199,2092
050,47,065,"Tennessee","Hamilton County",4,10,4340,2249,2091
050,47,065,"Tennessee","Hamilton County",4,11,4274,2219,2055
050,47,065,"Tennessee","Hamilton County",4,12,4259,2250,2009
050,47,065,"Tennessee","Hamilton County",4,13,4516,2290,2226
050,47,065,"Tennessee","Hamilton County",4,14,4757,2425,2332
050,47,065,"Tennessee","Hamilton County",4,15,4600,2359,2241
050,47,065,"Tennessee","Hamilton County",4,16,4405,2255,2150
050,47,065,"Tennessee","Hamilton County",4,17,4398,2234,2164
050,47,065,"Tennessee","Hamilton County",4,18,4378,2123,2255
050,47,065,"Tennessee","Hamilton County",4,19,4407,2070,2337
050,47,065,"Tennessee","Hamilton County",4,20,4163,2073,2090
050,47,065,"Tennessee","Hamilton County",4,21,4287,2174,2113
050,47,065,"Tennessee","Hamilton County",4,22,4363,2187,2176
050,47,065,"Tennessee","Hamilton County",4,23,4598,2284,2314
050,47,065,"Tennessee","Hamilton County",4,24,4802,2364,2438
050,47,065,"Tennessee","Hamilton County",4,25,4973,2421,2552
050,47,065,"Tennessee","Hamilton County",4,26,4933,2398,2535
050,47,065,"Tennessee","Hamilton County",4,27,5223,2564,2659
050,47,065,"Tennessee","Hamilton County",4,28,5396,2693,2703
050,47,065,"Tennessee","Hamilton County",4,29,5313,2643,2670
050,47,065,"Tennessee","Hamilton County",4,30,5458,2688,2770
050,47,065,"Tennessee","Hamilton County",4,31,5695,2748,2947
050,47,065,"Tennessee","Hamilton County",4,32,5840,2788,3052
050,47,065,"Tennessee","Hamilton County",4,33,5597,2734,2863
050,47,065,"Tennessee","Hamilton County",4,34,5390,2695,2695
050,47,065,"Tennessee","Hamilton County",4,35,5227,2531,2696
050,47,065,"Tennessee","Hamilton County",4,36,5110,2509,2601
050,47,065,"Tennessee","Hamilton County",4,37,4977,2480,2497
050,47,065,"Tennessee","Hamilton County",4,38,4835,2425,2410
050,47,065,"Tennessee","Hamilton County",4,39,4867,2426,2441
050,47,065,"Tennessee","Hamilton County",4,40,4965,2482,2483
050,47,065,"Tennessee","Hamilton County",4,41,4835,2420,2415
050,47,065,"Tennessee","Hamilton County",4,42,4843,2397,2446
050,47,065,"Tennessee","Hamilton County",4,43,4633,2291,2342
050,47,065,"Tennessee","Hamilton County",4,44,4451,2202,2249
050,47,065,"Tennessee","Hamilton County",4,45,4457,2197,2260
050,47,065,"Tennessee","Hamilton County",4,46,4215,2059,2156
050,47,065,"Tennessee","Hamilton County",4,47,4320,2109,2211
050,47,065,"Tennessee","Hamilton County",4,48,4274,2093,2181
050,47,065,"Tennessee","Hamilton County",4,49,4380,2154,2226
050,47,065,"Tennessee","Hamilton County",4,50,4642,2279,2363
050,47,065,"Tennessee","Hamilton County",4,51,4959,2442,2517
050,47,065,"Tennessee","Hamilton County",4,52,4958,2433,2525
050,47,065,"Tennessee","Hamilton County",4,53,4633,2284,2349
050,47,065,"Tennessee","Hamilton County",4,54,4462,2132,2330
050,47,065,"Tennessee","Hamilton County",4,55,4481,2188,2293
050,47,065,"Tennessee","Hamilton County",4,56,4462,2178,2284
050,47,065,"Tennessee","Hamilton County",4,57,4729,2331,2398
050,47,065,"Tennessee","Hamilton County",4,58,4897,2352,2545
050,47,065,"Tennessee","Hamilton County",4,59,4951,2391,2560
050,47,065,"Tennessee","Hamilton County",4,60,4894,2345,2549
050,47,065,"Tennessee","Hamilton County",4,61,4890,2323,2567
050,47,065,"Tennessee","Hamilton County",4,62,4825,2306,2519
050,47,065,"Tennessee","Hamilton County",4,63,4722,2205,2517
050,47,065,"Tennessee","Hamilton County",4,64,4764,2262,2502
050,47,065,"Tennessee","Hamilton County",4,65,4710,2188,2522
050,47,065,"Tennessee","Hamilton County",4,66,4580,2103,2477
050,47,065,"Tennessee","Hamilton County",4,67,4448,2070,2378
050,47,065,"Tennessee","Hamilton County",4,68,4355,2062,2293
050,47,065,"Tennessee","Hamilton County",4,69,4113,1895,2218
050,47,065,"Tennessee","Hamilton County",4,70,3906,1808,2098
050,47,065,"Tennessee","Hamilton County",4,71,3766,1728,2038
050,47,065,"Tennessee","Hamilton County",4,72,3594,1663,1931
050,47,065,"Tennessee","Hamilton County",4,73,3550,1640,1910
050,47,065,"Tennessee","Hamilton County",4,74,3465,1632,1833
050,47,065,"Tennessee","Hamilton County",4,75,3685,1705,1980
050,47,065,"Tennessee","Hamilton County",4,76,2474,1112,1362
050,47,065,"Tennessee","Hamilton County",4,77,2330,1059,1271
050,47,065,"Tennessee","Hamilton County",4,78,2224,995,1229
050,47,065,"Tennessee","Hamilton County",4,79,2236,964,1272
050,47,065,"Tennessee","Hamilton County",4,80,1905,782,1123
050,47,065,"Tennessee","Hamilton County",4,81,1715,696,1019
050,47,065,"Tennessee","Hamilton County",4,82,1548,628,920
050,47,065,"Tennessee","Hamilton County",4,83,1432,582,850
050,47,065,"Tennessee","Hamilton County",4,84,1284,510,774
050,47,065,"Tennessee","Hamilton County",4,85,7577,2511,5066
050,47,065,"Tennessee","Hamilton County",5,0,4501,2291,2210
050,47,065,"Tennessee","Hamilton County",5,1,4494,2236,2258
050,47,065,"Tennessee","Hamilton County",5,2,4448,2304,2144
050,47,065,"Tennessee","Hamilton County",5,3,4336,2185,2151
050,47,065,"Tennessee","Hamilton County",5,4,4375,2263,2112
050,47,065,"Tennessee","Hamilton County",5,5,4400,2275,2125
050,47,065,"Tennessee","Hamilton County",5,6,4387,2222,2165
050,47,065,"Tennessee","Hamilton County",5,7,4501,2286,2215
050,47,065,"Tennessee","Hamilton County",5,8,4407,2294,2113
050,47,065,"Tennessee","Hamilton County",5,9,4326,2232,2094
050,47,065,"Tennessee","Hamilton County",5,10,4300,2211,2089
050,47,065,"Tennessee","Hamilton County",5,11,4388,2268,2120
050,47,065,"Tennessee","Hamilton County",5,12,4309,2229,2080
050,47,065,"Tennessee","Hamilton County",5,13,4313,2285,2028
050,47,065,"Tennessee","Hamilton County",5,14,4618,2341,2277
050,47,065,"Tennessee","Hamilton County",5,15,4806,2437,2369
050,47,065,"Tennessee","Hamilton County",5,16,4670,2381,2289
050,47,065,"Tennessee","Hamilton County",5,17,4495,2278,2217
050,47,065,"Tennessee","Hamilton County",5,18,4390,2138,2252
050,47,065,"Tennessee","Hamilton County",5,19,4493,2130,2363
050,47,065,"Tennessee","Hamilton County",5,20,4179,2079,2100
050,47,065,"Tennessee","Hamilton County",5,21,4227,2134,2093
050,47,065,"Tennessee","Hamilton County",5,22,4477,2259,2218
050,47,065,"Tennessee","Hamilton County",5,23,4742,2316,2426
050,47,065,"Tennessee","Hamilton County",5,24,4865,2396,2469
050,47,065,"Tennessee","Hamilton County",5,25,4950,2416,2534
050,47,065,"Tennessee","Hamilton County",5,26,5033,2437,2596
050,47,065,"Tennessee","Hamilton County",5,27,5079,2508,2571
050,47,065,"Tennessee","Hamilton County",5,28,5397,2671,2726
050,47,065,"Tennessee","Hamilton County",5,29,5467,2742,2725
050,47,065,"Tennessee","Hamilton County",5,30,5375,2663,2712
050,47,065,"Tennessee","Hamilton County",5,31,5517,2710,2807
050,47,065,"Tennessee","Hamilton County",5,32,5816,2807,3009
050,47,065,"Tennessee","Hamilton County",5,33,5899,2810,3089
050,47,065,"Tennessee","Hamilton County",5,34,5632,2756,2876
050,47,065,"Tennessee","Hamilton County",5,35,5499,2756,2743
050,47,065,"Tennessee","Hamilton County",5,36,5369,2585,2784
050,47,065,"Tennessee","Hamilton County",5,37,5183,2545,2638
050,47,065,"Tennessee","Hamilton County",5,38,5010,2511,2499
050,47,065,"Tennessee","Hamilton County",5,39,4869,2457,2412
050,47,065,"Tennessee","Hamilton County",5,40,4906,2433,2473
050,47,065,"Tennessee","Hamilton County",5,41,4950,2476,2474
050,47,065,"Tennessee","Hamilton County",5,42,4886,2444,2442
050,47,065,"Tennessee","Hamilton County",5,43,4922,2436,2486
050,47,065,"Tennessee","Hamilton County",5,44,4628,2298,2330
050,47,065,"Tennessee","Hamilton County",5,45,4525,2224,2301
050,47,065,"Tennessee","Hamilton County",5,46,4520,2206,2314
050,47,065,"Tennessee","Hamilton County",5,47,4225,2077,2148
050,47,065,"Tennessee","Hamilton County",5,48,4332,2118,2214
050,47,065,"Tennessee","Hamilton County",5,49,4321,2101,2220
050,47,065,"Tennessee","Hamilton County",5,50,4412,2176,2236
050,47,065,"Tennessee","Hamilton County",5,51,4630,2256,2374
050,47,065,"Tennessee","Hamilton County",5,52,5004,2472,2532
050,47,065,"Tennessee","Hamilton County",5,53,4961,2417,2544
050,47,065,"Tennessee","Hamilton County",5,54,4670,2303,2367
050,47,065,"Tennessee","Hamilton County",5,55,4470,2130,2340
050,47,065,"Tennessee","Hamilton County",5,56,4463,2183,2280
050,47,065,"Tennessee","Hamilton County",5,57,4522,2207,2315
050,47,065,"Tennessee","Hamilton County",5,58,4781,2357,2424
050,47,065,"Tennessee","Hamilton County",5,59,4866,2333,2533
050,47,065,"Tennessee","Hamilton County",5,60,4956,2388,2568
050,47,065,"Tennessee","Hamilton County",5,61,4885,2344,2541
050,47,065,"Tennessee","Hamilton County",5,62,4870,2306,2564
050,47,065,"Tennessee","Hamilton County",5,63,4771,2270,2501
050,47,065,"Tennessee","Hamilton County",5,64,4712,2187,2525
050,47,065,"Tennessee","Hamilton County",5,65,4724,2259,2465
050,47,065,"Tennessee","Hamilton County",5,66,4668,2156,2512
050,47,065,"Tennessee","Hamilton County",5,67,4546,2090,2456
050,47,065,"Tennessee","Hamilton County",5,68,4386,2040,2346
050,47,065,"Tennessee","Hamilton County",5,69,4272,2000,2272
050,47,065,"Tennessee","Hamilton County",5,70,4025,1852,2173
050,47,065,"Tennessee","Hamilton County",5,71,3865,1764,2101
050,47,065,"Tennessee","Hamilton County",5,72,3709,1683,2026
050,47,065,"Tennessee","Hamilton County",5,73,3516,1619,1897
050,47,065,"Tennessee","Hamilton County",5,74,3451,1588,1863
050,47,065,"Tennessee","Hamilton County",5,75,3398,1598,1800
050,47,065,"Tennessee","Hamilton County",5,76,3584,1642,1942
050,47,065,"Tennessee","Hamilton County",5,77,2437,1100,1337
050,47,065,"Tennessee","Hamilton County",5,78,2244,1006,1238
050,47,065,"Tennessee","Hamilton County",5,79,2192,981,1211
050,47,065,"Tennessee","Hamilton County",5,80,2152,902,1250
050,47,065,"Tennessee","Hamilton County",5,81,1802,744,1058
050,47,065,"Tennessee","Hamilton County",5,82,1626,644,982
050,47,065,"Tennessee","Hamilton County",5,83,1443,584,859
050,47,065,"Tennessee","Hamilton County",5,84,1370,548,822
050,47,065,"Tennessee","Hamilton County",5,85,7724,2590,5134
050,47,067,"Tennessee","Hancock County",1,0,70,37,33
050,47,067,"Tennessee","Hancock County",1,1,71,37,34
050,47,067,"Tennessee","Hancock County",1,2,76,33,43
050,47,067,"Tennessee","Hancock County",1,3,79,34,45
050,47,067,"Tennessee","Hancock County",1,4,81,36,45
050,47,067,"Tennessee","Hancock County",1,5,69,31,38
050,47,067,"Tennessee","Hancock County",1,6,74,32,42
050,47,067,"Tennessee","Hancock County",1,7,77,38,39
050,47,067,"Tennessee","Hancock County",1,8,73,35,38
050,47,067,"Tennessee","Hancock County",1,9,70,35,35
050,47,067,"Tennessee","Hancock County",1,10,80,44,36
050,47,067,"Tennessee","Hancock County",1,11,92,52,40
050,47,067,"Tennessee","Hancock County",1,12,88,47,41
050,47,067,"Tennessee","Hancock County",1,13,90,48,42
050,47,067,"Tennessee","Hancock County",1,14,86,47,39
050,47,067,"Tennessee","Hancock County",1,15,75,44,31
050,47,067,"Tennessee","Hancock County",1,16,82,42,40
050,47,067,"Tennessee","Hancock County",1,17,85,42,43
050,47,067,"Tennessee","Hancock County",1,18,75,45,30
050,47,067,"Tennessee","Hancock County",1,19,54,30,24
050,47,067,"Tennessee","Hancock County",1,20,56,33,23
050,47,067,"Tennessee","Hancock County",1,21,59,34,25
050,47,067,"Tennessee","Hancock County",1,22,66,41,25
050,47,067,"Tennessee","Hancock County",1,23,75,37,38
050,47,067,"Tennessee","Hancock County",1,24,61,26,35
050,47,067,"Tennessee","Hancock County",1,25,77,41,36
050,47,067,"Tennessee","Hancock County",1,26,77,39,38
050,47,067,"Tennessee","Hancock County",1,27,83,40,43
050,47,067,"Tennessee","Hancock County",1,28,72,35,37
050,47,067,"Tennessee","Hancock County",1,29,76,38,38
050,47,067,"Tennessee","Hancock County",1,30,75,38,37
050,47,067,"Tennessee","Hancock County",1,31,64,28,36
050,47,067,"Tennessee","Hancock County",1,32,68,32,36
050,47,067,"Tennessee","Hancock County",1,33,67,28,39
050,47,067,"Tennessee","Hancock County",1,34,69,32,37
050,47,067,"Tennessee","Hancock County",1,35,66,33,33
050,47,067,"Tennessee","Hancock County",1,36,73,38,35
050,47,067,"Tennessee","Hancock County",1,37,85,51,34
050,47,067,"Tennessee","Hancock County",1,38,78,39,39
050,47,067,"Tennessee","Hancock County",1,39,75,35,40
050,47,067,"Tennessee","Hancock County",1,40,74,38,36
050,47,067,"Tennessee","Hancock County",1,41,74,39,35
050,47,067,"Tennessee","Hancock County",1,42,74,37,37
050,47,067,"Tennessee","Hancock County",1,43,66,32,34
050,47,067,"Tennessee","Hancock County",1,44,67,31,36
050,47,067,"Tennessee","Hancock County",1,45,80,43,37
050,47,067,"Tennessee","Hancock County",1,46,84,39,45
050,47,067,"Tennessee","Hancock County",1,47,77,38,39
050,47,067,"Tennessee","Hancock County",1,48,73,38,35
050,47,067,"Tennessee","Hancock County",1,49,87,40,47
050,47,067,"Tennessee","Hancock County",1,50,87,52,35
050,47,067,"Tennessee","Hancock County",1,51,87,47,40
050,47,067,"Tennessee","Hancock County",1,52,79,39,40
050,47,067,"Tennessee","Hancock County",1,53,95,46,49
050,47,067,"Tennessee","Hancock County",1,54,89,43,46
050,47,067,"Tennessee","Hancock County",1,55,93,40,53
050,47,067,"Tennessee","Hancock County",1,56,89,40,49
050,47,067,"Tennessee","Hancock County",1,57,95,40,55
050,47,067,"Tennessee","Hancock County",1,58,107,50,57
050,47,067,"Tennessee","Hancock County",1,59,113,56,57
050,47,067,"Tennessee","Hancock County",1,60,107,52,55
050,47,067,"Tennessee","Hancock County",1,61,102,49,53
050,47,067,"Tennessee","Hancock County",1,62,99,48,51
050,47,067,"Tennessee","Hancock County",1,63,113,56,57
050,47,067,"Tennessee","Hancock County",1,64,126,68,58
050,47,067,"Tennessee","Hancock County",1,65,111,64,47
050,47,067,"Tennessee","Hancock County",1,66,99,54,45
050,47,067,"Tennessee","Hancock County",1,67,98,54,44
050,47,067,"Tennessee","Hancock County",1,68,106,53,53
050,47,067,"Tennessee","Hancock County",1,69,106,52,54
050,47,067,"Tennessee","Hancock County",1,70,105,49,56
050,47,067,"Tennessee","Hancock County",1,71,96,51,45
050,47,067,"Tennessee","Hancock County",1,72,79,42,37
050,47,067,"Tennessee","Hancock County",1,73,73,34,39
050,47,067,"Tennessee","Hancock County",1,74,56,25,31
050,47,067,"Tennessee","Hancock County",1,75,58,32,26
050,47,067,"Tennessee","Hancock County",1,76,49,27,22
050,47,067,"Tennessee","Hancock County",1,77,46,18,28
050,47,067,"Tennessee","Hancock County",1,78,44,20,24
050,47,067,"Tennessee","Hancock County",1,79,39,18,21
050,47,067,"Tennessee","Hancock County",1,80,35,17,18
050,47,067,"Tennessee","Hancock County",1,81,37,13,24
050,47,067,"Tennessee","Hancock County",1,82,35,12,23
050,47,067,"Tennessee","Hancock County",1,83,31,11,20
050,47,067,"Tennessee","Hancock County",1,84,23,13,10
050,47,067,"Tennessee","Hancock County",1,85,129,42,87
050,47,067,"Tennessee","Hancock County",2,0,68,37,31
050,47,067,"Tennessee","Hancock County",2,1,71,37,34
050,47,067,"Tennessee","Hancock County",2,2,75,34,41
050,47,067,"Tennessee","Hancock County",2,3,77,33,44
050,47,067,"Tennessee","Hancock County",2,4,81,36,45
050,47,067,"Tennessee","Hancock County",2,5,72,33,39
050,47,067,"Tennessee","Hancock County",2,6,72,32,40
050,47,067,"Tennessee","Hancock County",2,7,75,36,39
050,47,067,"Tennessee","Hancock County",2,8,73,35,38
050,47,067,"Tennessee","Hancock County",2,9,70,34,36
050,47,067,"Tennessee","Hancock County",2,10,78,42,36
050,47,067,"Tennessee","Hancock County",2,11,87,49,38
050,47,067,"Tennessee","Hancock County",2,12,90,49,41
050,47,067,"Tennessee","Hancock County",2,13,89,48,41
050,47,067,"Tennessee","Hancock County",2,14,87,48,39
050,47,067,"Tennessee","Hancock County",2,15,76,44,32
050,47,067,"Tennessee","Hancock County",2,16,80,43,37
050,47,067,"Tennessee","Hancock County",2,17,84,42,42
050,47,067,"Tennessee","Hancock County",2,18,74,42,32
050,47,067,"Tennessee","Hancock County",2,19,55,31,24
050,47,067,"Tennessee","Hancock County",2,20,58,34,24
050,47,067,"Tennessee","Hancock County",2,21,58,34,24
050,47,067,"Tennessee","Hancock County",2,22,65,40,25
050,47,067,"Tennessee","Hancock County",2,23,71,36,35
050,47,067,"Tennessee","Hancock County",2,24,64,28,36
050,47,067,"Tennessee","Hancock County",2,25,75,40,35
050,47,067,"Tennessee","Hancock County",2,26,76,39,37
050,47,067,"Tennessee","Hancock County",2,27,81,40,41
050,47,067,"Tennessee","Hancock County",2,28,74,36,38
050,47,067,"Tennessee","Hancock County",2,29,74,37,37
050,47,067,"Tennessee","Hancock County",2,30,75,38,37
050,47,067,"Tennessee","Hancock County",2,31,67,30,37
050,47,067,"Tennessee","Hancock County",2,32,68,32,36
050,47,067,"Tennessee","Hancock County",2,33,66,28,38
050,47,067,"Tennessee","Hancock County",2,34,67,31,36
050,47,067,"Tennessee","Hancock County",2,35,66,32,34
050,47,067,"Tennessee","Hancock County",2,36,71,37,34
050,47,067,"Tennessee","Hancock County",2,37,82,48,34
050,47,067,"Tennessee","Hancock County",2,38,78,41,37
050,47,067,"Tennessee","Hancock County",2,39,74,35,39
050,47,067,"Tennessee","Hancock County",2,40,74,37,37
050,47,067,"Tennessee","Hancock County",2,41,74,38,36
050,47,067,"Tennessee","Hancock County",2,42,72,37,35
050,47,067,"Tennessee","Hancock County",2,43,69,34,35
050,47,067,"Tennessee","Hancock County",2,44,65,30,35
050,47,067,"Tennessee","Hancock County",2,45,77,40,37
050,47,067,"Tennessee","Hancock County",2,46,82,40,42
050,47,067,"Tennessee","Hancock County",2,47,77,38,39
050,47,067,"Tennessee","Hancock County",2,48,75,38,37
050,47,067,"Tennessee","Hancock County",2,49,84,39,45
050,47,067,"Tennessee","Hancock County",2,50,88,49,39
050,47,067,"Tennessee","Hancock County",2,51,87,48,39
050,47,067,"Tennessee","Hancock County",2,52,81,41,40
050,47,067,"Tennessee","Hancock County",2,53,90,43,47
050,47,067,"Tennessee","Hancock County",2,54,90,44,46
050,47,067,"Tennessee","Hancock County",2,55,94,42,52
050,47,067,"Tennessee","Hancock County",2,56,91,41,50
050,47,067,"Tennessee","Hancock County",2,57,94,40,54
050,47,067,"Tennessee","Hancock County",2,58,104,47,57
050,47,067,"Tennessee","Hancock County",2,59,111,55,56
050,47,067,"Tennessee","Hancock County",2,60,106,51,55
050,47,067,"Tennessee","Hancock County",2,61,103,49,54
050,47,067,"Tennessee","Hancock County",2,62,98,47,51
050,47,067,"Tennessee","Hancock County",2,63,111,55,56
050,47,067,"Tennessee","Hancock County",2,64,123,66,57
050,47,067,"Tennessee","Hancock County",2,65,113,64,49
050,47,067,"Tennessee","Hancock County",2,66,103,57,46
050,47,067,"Tennessee","Hancock County",2,67,97,53,44
050,47,067,"Tennessee","Hancock County",2,68,104,53,51
050,47,067,"Tennessee","Hancock County",2,69,107,52,55
050,47,067,"Tennessee","Hancock County",2,70,102,48,54
050,47,067,"Tennessee","Hancock County",2,71,97,50,47
050,47,067,"Tennessee","Hancock County",2,72,81,42,39
050,47,067,"Tennessee","Hancock County",2,73,77,37,40
050,47,067,"Tennessee","Hancock County",2,74,55,25,30
050,47,067,"Tennessee","Hancock County",2,75,58,31,27
050,47,067,"Tennessee","Hancock County",2,76,50,27,23
050,47,067,"Tennessee","Hancock County",2,77,48,20,28
050,47,067,"Tennessee","Hancock County",2,78,44,19,25
050,47,067,"Tennessee","Hancock County",2,79,39,18,21
050,47,067,"Tennessee","Hancock County",2,80,36,17,19
050,47,067,"Tennessee","Hancock County",2,81,35,14,21
050,47,067,"Tennessee","Hancock County",2,82,36,13,23
050,47,067,"Tennessee","Hancock County",2,83,31,10,21
050,47,067,"Tennessee","Hancock County",2,84,24,12,12
050,47,067,"Tennessee","Hancock County",2,85,126,42,84
050,47,067,"Tennessee","Hancock County",3,0,68,30,38
050,47,067,"Tennessee","Hancock County",3,1,70,37,33
050,47,067,"Tennessee","Hancock County",3,2,76,39,37
050,47,067,"Tennessee","Hancock County",3,3,77,34,43
050,47,067,"Tennessee","Hancock County",3,4,80,36,44
050,47,067,"Tennessee","Hancock County",3,5,98,43,55
050,47,067,"Tennessee","Hancock County",3,6,71,33,38
050,47,067,"Tennessee","Hancock County",3,7,75,33,42
050,47,067,"Tennessee","Hancock County",3,8,80,43,37
050,47,067,"Tennessee","Hancock County",3,9,80,40,40
050,47,067,"Tennessee","Hancock County",3,10,77,38,39
050,47,067,"Tennessee","Hancock County",3,11,84,45,39
050,47,067,"Tennessee","Hancock County",3,12,95,52,43
050,47,067,"Tennessee","Hancock County",3,13,84,49,35
050,47,067,"Tennessee","Hancock County",3,14,96,55,41
050,47,067,"Tennessee","Hancock County",3,15,89,51,38
050,47,067,"Tennessee","Hancock County",3,16,79,44,35
050,47,067,"Tennessee","Hancock County",3,17,86,49,37
050,47,067,"Tennessee","Hancock County",3,18,73,36,37
050,47,067,"Tennessee","Hancock County",3,19,54,31,23
050,47,067,"Tennessee","Hancock County",3,20,67,42,25
050,47,067,"Tennessee","Hancock County",3,21,66,36,30
050,47,067,"Tennessee","Hancock County",3,22,62,32,30
050,47,067,"Tennessee","Hancock County",3,23,69,36,33
050,47,067,"Tennessee","Hancock County",3,24,70,37,33
050,47,067,"Tennessee","Hancock County",3,25,75,36,39
050,47,067,"Tennessee","Hancock County",3,26,73,36,37
050,47,067,"Tennessee","Hancock County",3,27,83,43,40
050,47,067,"Tennessee","Hancock County",3,28,75,38,37
050,47,067,"Tennessee","Hancock County",3,29,78,39,39
050,47,067,"Tennessee","Hancock County",3,30,79,42,37
050,47,067,"Tennessee","Hancock County",3,31,77,37,40
050,47,067,"Tennessee","Hancock County",3,32,65,31,34
050,47,067,"Tennessee","Hancock County",3,33,72,34,38
050,47,067,"Tennessee","Hancock County",3,34,71,30,41
050,47,067,"Tennessee","Hancock County",3,35,74,33,41
050,47,067,"Tennessee","Hancock County",3,36,70,32,38
050,47,067,"Tennessee","Hancock County",3,37,73,40,33
050,47,067,"Tennessee","Hancock County",3,38,85,45,40
050,47,067,"Tennessee","Hancock County",3,39,81,45,36
050,47,067,"Tennessee","Hancock County",3,40,74,31,43
050,47,067,"Tennessee","Hancock County",3,41,80,40,40
050,47,067,"Tennessee","Hancock County",3,42,84,45,39
050,47,067,"Tennessee","Hancock County",3,43,84,46,38
050,47,067,"Tennessee","Hancock County",3,44,67,32,35
050,47,067,"Tennessee","Hancock County",3,45,69,32,37
050,47,067,"Tennessee","Hancock County",3,46,74,38,36
050,47,067,"Tennessee","Hancock County",3,47,86,43,43
050,47,067,"Tennessee","Hancock County",3,48,75,35,40
050,47,067,"Tennessee","Hancock County",3,49,72,35,37
050,47,067,"Tennessee","Hancock County",3,50,81,35,46
050,47,067,"Tennessee","Hancock County",3,51,87,50,37
050,47,067,"Tennessee","Hancock County",3,52,86,46,40
050,47,067,"Tennessee","Hancock County",3,53,86,43,43
050,47,067,"Tennessee","Hancock County",3,54,85,43,42
050,47,067,"Tennessee","Hancock County",3,55,90,44,46
050,47,067,"Tennessee","Hancock County",3,56,98,46,52
050,47,067,"Tennessee","Hancock County",3,57,99,43,56
050,47,067,"Tennessee","Hancock County",3,58,103,43,60
050,47,067,"Tennessee","Hancock County",3,59,106,47,59
050,47,067,"Tennessee","Hancock County",3,60,108,53,55
050,47,067,"Tennessee","Hancock County",3,61,106,51,55
050,47,067,"Tennessee","Hancock County",3,62,105,48,57
050,47,067,"Tennessee","Hancock County",3,63,104,50,54
050,47,067,"Tennessee","Hancock County",3,64,114,55,59
050,47,067,"Tennessee","Hancock County",3,65,119,60,59
050,47,067,"Tennessee","Hancock County",3,66,112,60,52
050,47,067,"Tennessee","Hancock County",3,67,105,59,46
050,47,067,"Tennessee","Hancock County",3,68,91,49,42
050,47,067,"Tennessee","Hancock County",3,69,102,48,54
050,47,067,"Tennessee","Hancock County",3,70,108,53,55
050,47,067,"Tennessee","Hancock County",3,71,96,48,48
050,47,067,"Tennessee","Hancock County",3,72,96,50,46
050,47,067,"Tennessee","Hancock County",3,73,74,37,37
050,47,067,"Tennessee","Hancock County",3,74,73,36,37
050,47,067,"Tennessee","Hancock County",3,75,53,27,26
050,47,067,"Tennessee","Hancock County",3,76,53,26,27
050,47,067,"Tennessee","Hancock County",3,77,48,25,23
050,47,067,"Tennessee","Hancock County",3,78,47,20,27
050,47,067,"Tennessee","Hancock County",3,79,41,19,22
050,47,067,"Tennessee","Hancock County",3,80,38,16,22
050,47,067,"Tennessee","Hancock County",3,81,33,15,18
050,47,067,"Tennessee","Hancock County",3,82,34,13,21
050,47,067,"Tennessee","Hancock County",3,83,34,10,24
050,47,067,"Tennessee","Hancock County",3,84,25,9,16
050,47,067,"Tennessee","Hancock County",3,85,132,44,88
050,47,067,"Tennessee","Hancock County",4,0,56,26,30
050,47,067,"Tennessee","Hancock County",4,1,72,32,40
050,47,067,"Tennessee","Hancock County",4,2,76,41,35
050,47,067,"Tennessee","Hancock County",4,3,70,38,32
050,47,067,"Tennessee","Hancock County",4,4,81,41,40
050,47,067,"Tennessee","Hancock County",4,5,79,36,43
050,47,067,"Tennessee","Hancock County",4,6,100,45,55
050,47,067,"Tennessee","Hancock County",4,7,74,33,41
050,47,067,"Tennessee","Hancock County",4,8,78,35,43
050,47,067,"Tennessee","Hancock County",4,9,78,40,38
050,47,067,"Tennessee","Hancock County",4,10,87,44,43
050,47,067,"Tennessee","Hancock County",4,11,79,38,41
050,47,067,"Tennessee","Hancock County",4,12,88,48,40
050,47,067,"Tennessee","Hancock County",4,13,94,54,40
050,47,067,"Tennessee","Hancock County",4,14,88,50,38
050,47,067,"Tennessee","Hancock County",4,15,95,56,39
050,47,067,"Tennessee","Hancock County",4,16,86,48,38
050,47,067,"Tennessee","Hancock County",4,17,85,45,40
050,47,067,"Tennessee","Hancock County",4,18,72,42,30
050,47,067,"Tennessee","Hancock County",4,19,56,26,30
050,47,067,"Tennessee","Hancock County",4,20,60,32,28
050,47,067,"Tennessee","Hancock County",4,21,61,38,23
050,47,067,"Tennessee","Hancock County",4,22,67,37,30
050,47,067,"Tennessee","Hancock County",4,23,61,32,29
050,47,067,"Tennessee","Hancock County",4,24,76,40,36
050,47,067,"Tennessee","Hancock County",4,25,76,46,30
050,47,067,"Tennessee","Hancock County",4,26,73,35,38
050,47,067,"Tennessee","Hancock County",4,27,77,38,39
050,47,067,"Tennessee","Hancock County",4,28,81,41,40
050,47,067,"Tennessee","Hancock County",4,29,76,38,38
050,47,067,"Tennessee","Hancock County",4,30,77,37,40
050,47,067,"Tennessee","Hancock County",4,31,77,40,37
050,47,067,"Tennessee","Hancock County",4,32,75,37,38
050,47,067,"Tennessee","Hancock County",4,33,65,32,33
050,47,067,"Tennessee","Hancock County",4,34,73,33,40
050,47,067,"Tennessee","Hancock County",4,35,73,33,40
050,47,067,"Tennessee","Hancock County",4,36,76,37,39
050,47,067,"Tennessee","Hancock County",4,37,73,33,40
050,47,067,"Tennessee","Hancock County",4,38,70,36,34
050,47,067,"Tennessee","Hancock County",4,39,81,39,42
050,47,067,"Tennessee","Hancock County",4,40,80,41,39
050,47,067,"Tennessee","Hancock County",4,41,79,33,46
050,47,067,"Tennessee","Hancock County",4,42,80,42,38
050,47,067,"Tennessee","Hancock County",4,43,97,51,46
050,47,067,"Tennessee","Hancock County",4,44,83,42,41
050,47,067,"Tennessee","Hancock County",4,45,74,36,38
050,47,067,"Tennessee","Hancock County",4,46,74,35,39
050,47,067,"Tennessee","Hancock County",4,47,81,43,38
050,47,067,"Tennessee","Hancock County",4,48,82,40,42
050,47,067,"Tennessee","Hancock County",4,49,78,38,40
050,47,067,"Tennessee","Hancock County",4,50,70,33,37
050,47,067,"Tennessee","Hancock County",4,51,87,39,48
050,47,067,"Tennessee","Hancock County",4,52,86,49,37
050,47,067,"Tennessee","Hancock County",4,53,93,47,46
050,47,067,"Tennessee","Hancock County",4,54,80,41,39
050,47,067,"Tennessee","Hancock County",4,55,91,45,46
050,47,067,"Tennessee","Hancock County",4,56,95,45,50
050,47,067,"Tennessee","Hancock County",4,57,98,41,57
050,47,067,"Tennessee","Hancock County",4,58,98,43,55
050,47,067,"Tennessee","Hancock County",4,59,108,45,63
050,47,067,"Tennessee","Hancock County",4,60,115,51,64
050,47,067,"Tennessee","Hancock County",4,61,109,54,55
050,47,067,"Tennessee","Hancock County",4,62,108,52,56
050,47,067,"Tennessee","Hancock County",4,63,97,46,51
050,47,067,"Tennessee","Hancock County",4,64,109,52,57
050,47,067,"Tennessee","Hancock County",4,65,111,54,57
050,47,067,"Tennessee","Hancock County",4,66,120,61,59
050,47,067,"Tennessee","Hancock County",4,67,109,58,51
050,47,067,"Tennessee","Hancock County",4,68,106,59,47
050,47,067,"Tennessee","Hancock County",4,69,94,51,43
050,47,067,"Tennessee","Hancock County",4,70,101,46,55
050,47,067,"Tennessee","Hancock County",4,71,100,47,53
050,47,067,"Tennessee","Hancock County",4,72,91,47,44
050,47,067,"Tennessee","Hancock County",4,73,96,49,47
050,47,067,"Tennessee","Hancock County",4,74,69,36,33
050,47,067,"Tennessee","Hancock County",4,75,71,36,35
050,47,067,"Tennessee","Hancock County",4,76,47,23,24
050,47,067,"Tennessee","Hancock County",4,77,50,25,25
050,47,067,"Tennessee","Hancock County",4,78,45,25,20
050,47,067,"Tennessee","Hancock County",4,79,46,21,25
050,47,067,"Tennessee","Hancock County",4,80,35,15,20
050,47,067,"Tennessee","Hancock County",4,81,33,13,20
050,47,067,"Tennessee","Hancock County",4,82,30,13,17
050,47,067,"Tennessee","Hancock County",4,83,32,11,21
050,47,067,"Tennessee","Hancock County",4,84,28,10,18
050,47,067,"Tennessee","Hancock County",4,85,138,43,95
050,47,067,"Tennessee","Hancock County",5,0,56,26,30
050,47,067,"Tennessee","Hancock County",5,1,52,22,30
050,47,067,"Tennessee","Hancock County",5,2,71,31,40
050,47,067,"Tennessee","Hancock County",5,3,81,44,37
050,47,067,"Tennessee","Hancock County",5,4,70,36,34
050,47,067,"Tennessee","Hancock County",5,5,81,44,37
050,47,067,"Tennessee","Hancock County",5,6,88,38,50
050,47,067,"Tennessee","Hancock County",5,7,98,43,55
050,47,067,"Tennessee","Hancock County",5,8,80,38,42
050,47,067,"Tennessee","Hancock County",5,9,76,32,44
050,47,067,"Tennessee","Hancock County",5,10,88,42,46
050,47,067,"Tennessee","Hancock County",5,11,85,47,38
050,47,067,"Tennessee","Hancock County",5,12,81,37,44
050,47,067,"Tennessee","Hancock County",5,13,91,52,39
050,47,067,"Tennessee","Hancock County",5,14,93,53,40
050,47,067,"Tennessee","Hancock County",5,15,86,49,37
050,47,067,"Tennessee","Hancock County",5,16,97,58,39
050,47,067,"Tennessee","Hancock County",5,17,86,49,37
050,47,067,"Tennessee","Hancock County",5,18,68,40,28
050,47,067,"Tennessee","Hancock County",5,19,56,32,24
050,47,067,"Tennessee","Hancock County",5,20,60,26,34
050,47,067,"Tennessee","Hancock County",5,21,71,39,32
050,47,067,"Tennessee","Hancock County",5,22,72,41,31
050,47,067,"Tennessee","Hancock County",5,23,75,45,30
050,47,067,"Tennessee","Hancock County",5,24,65,36,29
050,47,067,"Tennessee","Hancock County",5,25,89,52,37
050,47,067,"Tennessee","Hancock County",5,26,71,38,33
050,47,067,"Tennessee","Hancock County",5,27,82,44,38
050,47,067,"Tennessee","Hancock County",5,28,78,37,41
050,47,067,"Tennessee","Hancock County",5,29,84,43,41
050,47,067,"Tennessee","Hancock County",5,30,79,41,38
050,47,067,"Tennessee","Hancock County",5,31,79,34,45
050,47,067,"Tennessee","Hancock County",5,32,81,44,37
050,47,067,"Tennessee","Hancock County",5,33,73,37,36
050,47,067,"Tennessee","Hancock County",5,34,66,32,34
050,47,067,"Tennessee","Hancock County",5,35,79,37,42
050,47,067,"Tennessee","Hancock County",5,36,76,33,43
050,47,067,"Tennessee","Hancock County",5,37,87,42,45
050,47,067,"Tennessee","Hancock County",5,38,75,31,44
050,47,067,"Tennessee","Hancock County",5,39,70,33,37
050,47,067,"Tennessee","Hancock County",5,40,87,42,45
050,47,067,"Tennessee","Hancock County",5,41,74,37,37
050,47,067,"Tennessee","Hancock County",5,42,77,33,44
050,47,067,"Tennessee","Hancock County",5,43,82,48,34
050,47,067,"Tennessee","Hancock County",5,44,94,48,46
050,47,067,"Tennessee","Hancock County",5,45,90,45,45
050,47,067,"Tennessee","Hancock County",5,46,81,40,41
050,47,067,"Tennessee","Hancock County",5,47,75,36,39
050,47,067,"Tennessee","Hancock County",5,48,81,43,38
050,47,067,"Tennessee","Hancock County",5,49,83,41,42
050,47,067,"Tennessee","Hancock County",5,50,79,36,43
050,47,067,"Tennessee","Hancock County",5,51,69,33,36
050,47,067,"Tennessee","Hancock County",5,52,98,47,51
050,47,067,"Tennessee","Hancock County",5,53,95,52,43
050,47,067,"Tennessee","Hancock County",5,54,90,47,43
050,47,067,"Tennessee","Hancock County",5,55,85,46,39
050,47,067,"Tennessee","Hancock County",5,56,92,46,46
050,47,067,"Tennessee","Hancock County",5,57,95,45,50
050,47,067,"Tennessee","Hancock County",5,58,100,41,59
050,47,067,"Tennessee","Hancock County",5,59,104,42,62
050,47,067,"Tennessee","Hancock County",5,60,117,49,68
050,47,067,"Tennessee","Hancock County",5,61,117,52,65
050,47,067,"Tennessee","Hancock County",5,62,106,54,52
050,47,067,"Tennessee","Hancock County",5,63,111,51,60
050,47,067,"Tennessee","Hancock County",5,64,97,46,51
050,47,067,"Tennessee","Hancock County",5,65,101,45,56
050,47,067,"Tennessee","Hancock County",5,66,110,53,57
050,47,067,"Tennessee","Hancock County",5,67,116,60,56
050,47,067,"Tennessee","Hancock County",5,68,109,58,51
050,47,067,"Tennessee","Hancock County",5,69,104,57,47
050,47,067,"Tennessee","Hancock County",5,70,96,52,44
050,47,067,"Tennessee","Hancock County",5,71,101,47,54
050,47,067,"Tennessee","Hancock County",5,72,98,47,51
050,47,067,"Tennessee","Hancock County",5,73,91,44,47
050,47,067,"Tennessee","Hancock County",5,74,88,46,42
050,47,067,"Tennessee","Hancock County",5,75,65,33,32
050,47,067,"Tennessee","Hancock County",5,76,61,29,32
050,47,067,"Tennessee","Hancock County",5,77,45,22,23
050,47,067,"Tennessee","Hancock County",5,78,48,24,24
050,47,067,"Tennessee","Hancock County",5,79,41,23,18
050,47,067,"Tennessee","Hancock County",5,80,39,17,22
050,47,067,"Tennessee","Hancock County",5,81,32,12,20
050,47,067,"Tennessee","Hancock County",5,82,31,11,20
050,47,067,"Tennessee","Hancock County",5,83,28,11,17
050,47,067,"Tennessee","Hancock County",5,84,25,11,14
050,47,067,"Tennessee","Hancock County",5,85,152,45,107
050,47,069,"Tennessee","Hardeman County",1,0,220,113,107
050,47,069,"Tennessee","Hardeman County",1,1,225,112,113
050,47,069,"Tennessee","Hardeman County",1,2,239,118,121
050,47,069,"Tennessee","Hardeman County",1,3,254,126,128
050,47,069,"Tennessee","Hardeman County",1,4,289,152,137
050,47,069,"Tennessee","Hardeman County",1,5,304,152,152
050,47,069,"Tennessee","Hardeman County",1,6,252,123,129
050,47,069,"Tennessee","Hardeman County",1,7,273,132,141
050,47,069,"Tennessee","Hardeman County",1,8,275,133,142
050,47,069,"Tennessee","Hardeman County",1,9,271,134,137
050,47,069,"Tennessee","Hardeman County",1,10,276,136,140
050,47,069,"Tennessee","Hardeman County",1,11,304,153,151
050,47,069,"Tennessee","Hardeman County",1,12,303,153,150
050,47,069,"Tennessee","Hardeman County",1,13,310,157,153
050,47,069,"Tennessee","Hardeman County",1,14,297,144,153
050,47,069,"Tennessee","Hardeman County",1,15,296,143,153
050,47,069,"Tennessee","Hardeman County",1,16,290,160,130
050,47,069,"Tennessee","Hardeman County",1,17,285,143,142
050,47,069,"Tennessee","Hardeman County",1,18,267,133,134
050,47,069,"Tennessee","Hardeman County",1,19,259,154,105
050,47,069,"Tennessee","Hardeman County",1,20,301,184,117
050,47,069,"Tennessee","Hardeman County",1,21,305,187,118
050,47,069,"Tennessee","Hardeman County",1,22,351,230,121
050,47,069,"Tennessee","Hardeman County",1,23,344,215,129
050,47,069,"Tennessee","Hardeman County",1,24,330,216,114
050,47,069,"Tennessee","Hardeman County",1,25,367,230,137
050,47,069,"Tennessee","Hardeman County",1,26,393,256,137
050,47,069,"Tennessee","Hardeman County",1,27,393,262,131
050,47,069,"Tennessee","Hardeman County",1,28,370,240,130
050,47,069,"Tennessee","Hardeman County",1,29,386,259,127
050,47,069,"Tennessee","Hardeman County",1,30,380,260,120
050,47,069,"Tennessee","Hardeman County",1,31,382,253,129
050,47,069,"Tennessee","Hardeman County",1,32,380,240,140
050,47,069,"Tennessee","Hardeman County",1,33,388,258,130
050,47,069,"Tennessee","Hardeman County",1,34,335,225,110
050,47,069,"Tennessee","Hardeman County",1,35,336,226,110
050,47,069,"Tennessee","Hardeman County",1,36,330,199,131
050,47,069,"Tennessee","Hardeman County",1,37,334,202,132
050,47,069,"Tennessee","Hardeman County",1,38,297,190,107
050,47,069,"Tennessee","Hardeman County",1,39,319,196,123
050,47,069,"Tennessee","Hardeman County",1,40,350,206,144
050,47,069,"Tennessee","Hardeman County",1,41,361,223,138
050,47,069,"Tennessee","Hardeman County",1,42,350,207,143
050,47,069,"Tennessee","Hardeman County",1,43,331,212,119
050,47,069,"Tennessee","Hardeman County",1,44,315,186,129
050,47,069,"Tennessee","Hardeman County",1,45,295,162,133
050,47,069,"Tennessee","Hardeman County",1,46,308,197,111
050,47,069,"Tennessee","Hardeman County",1,47,308,199,109
050,47,069,"Tennessee","Hardeman County",1,48,317,204,113
050,47,069,"Tennessee","Hardeman County",1,49,345,203,142
050,47,069,"Tennessee","Hardeman County",1,50,302,172,130
050,47,069,"Tennessee","Hardeman County",1,51,318,192,126
050,47,069,"Tennessee","Hardeman County",1,52,318,183,135
050,47,069,"Tennessee","Hardeman County",1,53,327,173,154
050,47,069,"Tennessee","Hardeman County",1,54,329,171,158
050,47,069,"Tennessee","Hardeman County",1,55,373,192,181
050,47,069,"Tennessee","Hardeman County",1,56,342,171,171
050,47,069,"Tennessee","Hardeman County",1,57,358,194,164
050,47,069,"Tennessee","Hardeman County",1,58,372,180,192
050,47,069,"Tennessee","Hardeman County",1,59,353,168,185
050,47,069,"Tennessee","Hardeman County",1,60,333,165,168
050,47,069,"Tennessee","Hardeman County",1,61,333,174,159
050,47,069,"Tennessee","Hardeman County",1,62,344,172,172
050,47,069,"Tennessee","Hardeman County",1,63,320,156,164
050,47,069,"Tennessee","Hardeman County",1,64,317,153,164
050,47,069,"Tennessee","Hardeman County",1,65,311,137,174
050,47,069,"Tennessee","Hardeman County",1,66,315,150,165
050,47,069,"Tennessee","Hardeman County",1,67,288,140,148
050,47,069,"Tennessee","Hardeman County",1,68,302,150,152
050,47,069,"Tennessee","Hardeman County",1,69,295,150,145
050,47,069,"Tennessee","Hardeman County",1,70,282,138,144
050,47,069,"Tennessee","Hardeman County",1,71,266,126,140
050,47,069,"Tennessee","Hardeman County",1,72,280,122,158
050,47,069,"Tennessee","Hardeman County",1,73,256,117,139
050,47,069,"Tennessee","Hardeman County",1,74,215,108,107
050,47,069,"Tennessee","Hardeman County",1,75,223,101,122
050,47,069,"Tennessee","Hardeman County",1,76,202,88,114
050,47,069,"Tennessee","Hardeman County",1,77,160,70,90
050,47,069,"Tennessee","Hardeman County",1,78,132,60,72
050,47,069,"Tennessee","Hardeman County",1,79,141,70,71
050,47,069,"Tennessee","Hardeman County",1,80,134,62,72
050,47,069,"Tennessee","Hardeman County",1,81,114,51,63
050,47,069,"Tennessee","Hardeman County",1,82,113,56,57
050,47,069,"Tennessee","Hardeman County",1,83,94,38,56
050,47,069,"Tennessee","Hardeman County",1,84,80,28,52
050,47,069,"Tennessee","Hardeman County",1,85,432,157,275
050,47,069,"Tennessee","Hardeman County",2,0,232,118,114
050,47,069,"Tennessee","Hardeman County",2,1,225,111,114
050,47,069,"Tennessee","Hardeman County",2,2,238,117,121
050,47,069,"Tennessee","Hardeman County",2,3,249,125,124
050,47,069,"Tennessee","Hardeman County",2,4,279,145,134
050,47,069,"Tennessee","Hardeman County",2,5,299,150,149
050,47,069,"Tennessee","Hardeman County",2,6,267,130,137
050,47,069,"Tennessee","Hardeman County",2,7,268,130,138
050,47,069,"Tennessee","Hardeman County",2,8,275,133,142
050,47,069,"Tennessee","Hardeman County",2,9,271,134,137
050,47,069,"Tennessee","Hardeman County",2,10,273,134,139
050,47,069,"Tennessee","Hardeman County",2,11,295,148,147
050,47,069,"Tennessee","Hardeman County",2,12,308,155,153
050,47,069,"Tennessee","Hardeman County",2,13,306,154,152
050,47,069,"Tennessee","Hardeman County",2,14,300,147,153
050,47,069,"Tennessee","Hardeman County",2,15,296,144,152
050,47,069,"Tennessee","Hardeman County",2,16,293,158,135
050,47,069,"Tennessee","Hardeman County",2,17,288,147,141
050,47,069,"Tennessee","Hardeman County",2,18,261,132,129
050,47,069,"Tennessee","Hardeman County",2,19,255,150,105
050,47,069,"Tennessee","Hardeman County",2,20,301,185,116
050,47,069,"Tennessee","Hardeman County",2,21,311,193,118
050,47,069,"Tennessee","Hardeman County",2,22,349,228,121
050,47,069,"Tennessee","Hardeman County",2,23,346,219,127
050,47,069,"Tennessee","Hardeman County",2,24,334,217,117
050,47,069,"Tennessee","Hardeman County",2,25,359,226,133
050,47,069,"Tennessee","Hardeman County",2,26,392,256,136
050,47,069,"Tennessee","Hardeman County",2,27,391,260,131
050,47,069,"Tennessee","Hardeman County",2,28,371,240,131
050,47,069,"Tennessee","Hardeman County",2,29,388,260,128
050,47,069,"Tennessee","Hardeman County",2,30,380,259,121
050,47,069,"Tennessee","Hardeman County",2,31,383,256,127
050,47,069,"Tennessee","Hardeman County",2,32,381,243,138
050,47,069,"Tennessee","Hardeman County",2,33,382,251,131
050,47,069,"Tennessee","Hardeman County",2,34,342,228,114
050,47,069,"Tennessee","Hardeman County",2,35,336,226,110
050,47,069,"Tennessee","Hardeman County",2,36,324,200,124
050,47,069,"Tennessee","Hardeman County",2,37,333,203,130
050,47,069,"Tennessee","Hardeman County",2,38,307,192,115
050,47,069,"Tennessee","Hardeman County",2,39,311,192,119
050,47,069,"Tennessee","Hardeman County",2,40,344,204,140
050,47,069,"Tennessee","Hardeman County",2,41,358,219,139
050,47,069,"Tennessee","Hardeman County",2,42,346,206,140
050,47,069,"Tennessee","Hardeman County",2,43,335,211,124
050,47,069,"Tennessee","Hardeman County",2,44,316,191,125
050,47,069,"Tennessee","Hardeman County",2,45,296,166,130
050,47,069,"Tennessee","Hardeman County",2,46,312,195,117
050,47,069,"Tennessee","Hardeman County",2,47,305,197,108
050,47,069,"Tennessee","Hardeman County",2,48,312,201,111
050,47,069,"Tennessee","Hardeman County",2,49,337,201,136
050,47,069,"Tennessee","Hardeman County",2,50,309,178,131
050,47,069,"Tennessee","Hardeman County",2,51,311,186,125
050,47,069,"Tennessee","Hardeman County",2,52,314,181,133
050,47,069,"Tennessee","Hardeman County",2,53,320,173,147
050,47,069,"Tennessee","Hardeman County",2,54,323,167,156
050,47,069,"Tennessee","Hardeman County",2,55,363,188,175
050,47,069,"Tennessee","Hardeman County",2,56,349,175,174
050,47,069,"Tennessee","Hardeman County",2,57,357,189,168
050,47,069,"Tennessee","Hardeman County",2,58,364,179,185
050,47,069,"Tennessee","Hardeman County",2,59,355,169,186
050,47,069,"Tennessee","Hardeman County",2,60,338,167,171
050,47,069,"Tennessee","Hardeman County",2,61,333,173,160
050,47,069,"Tennessee","Hardeman County",2,62,338,169,169
050,47,069,"Tennessee","Hardeman County",2,63,328,161,167
050,47,069,"Tennessee","Hardeman County",2,64,316,153,163
050,47,069,"Tennessee","Hardeman County",2,65,316,143,173
050,47,069,"Tennessee","Hardeman County",2,66,316,147,169
050,47,069,"Tennessee","Hardeman County",2,67,293,141,152
050,47,069,"Tennessee","Hardeman County",2,68,293,143,150
050,47,069,"Tennessee","Hardeman County",2,69,298,149,149
050,47,069,"Tennessee","Hardeman County",2,70,284,139,145
050,47,069,"Tennessee","Hardeman County",2,71,271,130,141
050,47,069,"Tennessee","Hardeman County",2,72,272,121,151
050,47,069,"Tennessee","Hardeman County",2,73,270,121,149
050,47,069,"Tennessee","Hardeman County",2,74,213,104,109
050,47,069,"Tennessee","Hardeman County",2,75,220,102,118
050,47,069,"Tennessee","Hardeman County",2,76,203,89,114
050,47,069,"Tennessee","Hardeman County",2,77,170,73,97
050,47,069,"Tennessee","Hardeman County",2,78,136,61,75
050,47,069,"Tennessee","Hardeman County",2,79,136,66,70
050,47,069,"Tennessee","Hardeman County",2,80,134,61,73
050,47,069,"Tennessee","Hardeman County",2,81,114,53,61
050,47,069,"Tennessee","Hardeman County",2,82,108,52,56
050,47,069,"Tennessee","Hardeman County",2,83,96,41,55
050,47,069,"Tennessee","Hardeman County",2,84,82,30,52
050,47,069,"Tennessee","Hardeman County",2,85,437,162,275
050,47,069,"Tennessee","Hardeman County",3,0,277,138,139
050,47,069,"Tennessee","Hardeman County",3,1,234,120,114
050,47,069,"Tennessee","Hardeman County",3,2,226,106,120
050,47,069,"Tennessee","Hardeman County",3,3,241,121,120
050,47,069,"Tennessee","Hardeman County",3,4,259,135,124
050,47,069,"Tennessee","Hardeman County",3,5,266,133,133
050,47,069,"Tennessee","Hardeman County",3,6,298,156,142
050,47,069,"Tennessee","Hardeman County",3,7,273,133,140
050,47,069,"Tennessee","Hardeman County",3,8,259,122,137
050,47,069,"Tennessee","Hardeman County",3,9,271,132,139
050,47,069,"Tennessee","Hardeman County",3,10,272,133,139
050,47,069,"Tennessee","Hardeman County",3,11,265,128,137
050,47,069,"Tennessee","Hardeman County",3,12,298,152,146
050,47,069,"Tennessee","Hardeman County",3,13,314,158,156
050,47,069,"Tennessee","Hardeman County",3,14,315,159,156
050,47,069,"Tennessee","Hardeman County",3,15,302,147,155
050,47,069,"Tennessee","Hardeman County",3,16,289,137,152
050,47,069,"Tennessee","Hardeman County",3,17,292,156,136
050,47,069,"Tennessee","Hardeman County",3,18,246,127,119
050,47,069,"Tennessee","Hardeman County",3,19,249,143,106
050,47,069,"Tennessee","Hardeman County",3,20,285,168,117
050,47,069,"Tennessee","Hardeman County",3,21,329,207,122
050,47,069,"Tennessee","Hardeman County",3,22,328,218,110
050,47,069,"Tennessee","Hardeman County",3,23,333,214,119
050,47,069,"Tennessee","Hardeman County",3,24,346,210,136
050,47,069,"Tennessee","Hardeman County",3,25,339,218,121
050,47,069,"Tennessee","Hardeman County",3,26,355,234,121
050,47,069,"Tennessee","Hardeman County",3,27,397,269,128
050,47,069,"Tennessee","Hardeman County",3,28,376,246,130
050,47,069,"Tennessee","Hardeman County",3,29,377,246,131
050,47,069,"Tennessee","Hardeman County",3,30,385,252,133
050,47,069,"Tennessee","Hardeman County",3,31,389,261,128
050,47,069,"Tennessee","Hardeman County",3,32,384,255,129
050,47,069,"Tennessee","Hardeman County",3,33,368,239,129
050,47,069,"Tennessee","Hardeman County",3,34,358,227,131
050,47,069,"Tennessee","Hardeman County",3,35,344,224,120
050,47,069,"Tennessee","Hardeman County",3,36,306,199,107
050,47,069,"Tennessee","Hardeman County",3,37,335,208,127
050,47,069,"Tennessee","Hardeman County",3,38,315,190,125
050,47,069,"Tennessee","Hardeman County",3,39,310,192,118
050,47,069,"Tennessee","Hardeman County",3,40,320,194,126
050,47,069,"Tennessee","Hardeman County",3,41,350,207,143
050,47,069,"Tennessee","Hardeman County",3,42,341,205,136
050,47,069,"Tennessee","Hardeman County",3,43,342,198,144
050,47,069,"Tennessee","Hardeman County",3,44,342,217,125
050,47,069,"Tennessee","Hardeman County",3,45,308,177,131
050,47,069,"Tennessee","Hardeman County",3,46,328,197,131
050,47,069,"Tennessee","Hardeman County",3,47,302,187,115
050,47,069,"Tennessee","Hardeman County",3,48,295,187,108
050,47,069,"Tennessee","Hardeman County",3,49,298,185,113
050,47,069,"Tennessee","Hardeman County",3,50,326,197,129
050,47,069,"Tennessee","Hardeman County",3,51,314,177,137
050,47,069,"Tennessee","Hardeman County",3,52,303,175,128
050,47,069,"Tennessee","Hardeman County",3,53,303,170,133
050,47,069,"Tennessee","Hardeman County",3,54,312,159,153
050,47,069,"Tennessee","Hardeman County",3,55,334,183,151
050,47,069,"Tennessee","Hardeman County",3,56,348,178,170
050,47,069,"Tennessee","Hardeman County",3,57,332,162,170
050,47,069,"Tennessee","Hardeman County",3,58,347,180,167
050,47,069,"Tennessee","Hardeman County",3,59,356,179,177
050,47,069,"Tennessee","Hardeman County",3,60,349,168,181
050,47,069,"Tennessee","Hardeman County",3,61,336,167,169
050,47,069,"Tennessee","Hardeman County",3,62,318,163,155
050,47,069,"Tennessee","Hardeman County",3,63,332,161,171
050,47,069,"Tennessee","Hardeman County",3,64,333,167,166
050,47,069,"Tennessee","Hardeman County",3,65,315,159,156
050,47,069,"Tennessee","Hardeman County",3,66,309,137,172
050,47,069,"Tennessee","Hardeman County",3,67,299,135,164
050,47,069,"Tennessee","Hardeman County",3,68,289,140,149
050,47,069,"Tennessee","Hardeman County",3,69,276,136,140
050,47,069,"Tennessee","Hardeman County",3,70,284,141,143
050,47,069,"Tennessee","Hardeman County",3,71,275,136,139
050,47,069,"Tennessee","Hardeman County",3,72,265,125,140
050,47,069,"Tennessee","Hardeman County",3,73,255,113,142
050,47,069,"Tennessee","Hardeman County",3,74,258,114,144
050,47,069,"Tennessee","Hardeman County",3,75,200,97,103
050,47,069,"Tennessee","Hardeman County",3,76,216,101,115
050,47,069,"Tennessee","Hardeman County",3,77,189,79,110
050,47,069,"Tennessee","Hardeman County",3,78,162,69,93
050,47,069,"Tennessee","Hardeman County",3,79,128,61,67
050,47,069,"Tennessee","Hardeman County",3,80,122,56,66
050,47,069,"Tennessee","Hardeman County",3,81,126,59,67
050,47,069,"Tennessee","Hardeman County",3,82,104,49,55
050,47,069,"Tennessee","Hardeman County",3,83,94,42,52
050,47,069,"Tennessee","Hardeman County",3,84,85,38,47
050,47,069,"Tennessee","Hardeman County",3,85,435,163,272
050,47,069,"Tennessee","Hardeman County",4,0,278,146,132
050,47,069,"Tennessee","Hardeman County",4,1,280,134,146
050,47,069,"Tennessee","Hardeman County",4,2,246,130,116
050,47,069,"Tennessee","Hardeman County",4,3,225,109,116
050,47,069,"Tennessee","Hardeman County",4,4,240,116,124
050,47,069,"Tennessee","Hardeman County",4,5,272,144,128
050,47,069,"Tennessee","Hardeman County",4,6,256,128,128
050,47,069,"Tennessee","Hardeman County",4,7,291,153,138
050,47,069,"Tennessee","Hardeman County",4,8,279,135,144
050,47,069,"Tennessee","Hardeman County",4,9,263,128,135
050,47,069,"Tennessee","Hardeman County",4,10,283,139,144
050,47,069,"Tennessee","Hardeman County",4,11,264,124,140
050,47,069,"Tennessee","Hardeman County",4,12,279,130,149
050,47,069,"Tennessee","Hardeman County",4,13,305,152,153
050,47,069,"Tennessee","Hardeman County",4,14,318,158,160
050,47,069,"Tennessee","Hardeman County",4,15,320,167,153
050,47,069,"Tennessee","Hardeman County",4,16,311,152,159
050,47,069,"Tennessee","Hardeman County",4,17,291,132,159
050,47,069,"Tennessee","Hardeman County",4,18,253,139,114
050,47,069,"Tennessee","Hardeman County",4,19,237,133,104
050,47,069,"Tennessee","Hardeman County",4,20,269,165,104
050,47,069,"Tennessee","Hardeman County",4,21,321,195,126
050,47,069,"Tennessee","Hardeman County",4,22,360,241,119
050,47,069,"Tennessee","Hardeman County",4,23,342,216,126
050,47,069,"Tennessee","Hardeman County",4,24,338,215,123
050,47,069,"Tennessee","Hardeman County",4,25,357,222,135
050,47,069,"Tennessee","Hardeman County",4,26,364,238,126
050,47,069,"Tennessee","Hardeman County",4,27,373,245,128
050,47,069,"Tennessee","Hardeman County",4,28,386,254,132
050,47,069,"Tennessee","Hardeman County",4,29,394,257,137
050,47,069,"Tennessee","Hardeman County",4,30,394,259,135
050,47,069,"Tennessee","Hardeman County",4,31,392,258,134
050,47,069,"Tennessee","Hardeman County",4,32,387,264,123
050,47,069,"Tennessee","Hardeman County",4,33,401,268,133
050,47,069,"Tennessee","Hardeman County",4,34,360,226,134
050,47,069,"Tennessee","Hardeman County",4,35,364,233,131
050,47,069,"Tennessee","Hardeman County",4,36,336,220,116
050,47,069,"Tennessee","Hardeman County",4,37,330,223,107
050,47,069,"Tennessee","Hardeman County",4,38,346,212,134
050,47,069,"Tennessee","Hardeman County",4,39,314,194,120
050,47,069,"Tennessee","Hardeman County",4,40,332,213,119
050,47,069,"Tennessee","Hardeman County",4,41,327,200,127
050,47,069,"Tennessee","Hardeman County",4,42,344,198,146
050,47,069,"Tennessee","Hardeman County",4,43,332,199,133
050,47,069,"Tennessee","Hardeman County",4,44,336,198,138
050,47,069,"Tennessee","Hardeman County",4,45,345,215,130
050,47,069,"Tennessee","Hardeman County",4,46,338,213,125
050,47,069,"Tennessee","Hardeman County",4,47,335,201,134
050,47,069,"Tennessee","Hardeman County",4,48,304,183,121
050,47,069,"Tennessee","Hardeman County",4,49,291,181,110
050,47,069,"Tennessee","Hardeman County",4,50,295,181,114
050,47,069,"Tennessee","Hardeman County",4,51,348,206,142
050,47,069,"Tennessee","Hardeman County",4,52,306,170,136
050,47,069,"Tennessee","Hardeman County",4,53,308,178,130
050,47,069,"Tennessee","Hardeman County",4,54,296,157,139
050,47,069,"Tennessee","Hardeman County",4,55,324,171,153
050,47,069,"Tennessee","Hardeman County",4,56,323,175,148
050,47,069,"Tennessee","Hardeman County",4,57,343,172,171
050,47,069,"Tennessee","Hardeman County",4,58,321,154,167
050,47,069,"Tennessee","Hardeman County",4,59,340,179,161
050,47,069,"Tennessee","Hardeman County",4,60,353,181,172
050,47,069,"Tennessee","Hardeman County",4,61,357,172,185
050,47,069,"Tennessee","Hardeman County",4,62,332,161,171
050,47,069,"Tennessee","Hardeman County",4,63,301,150,151
050,47,069,"Tennessee","Hardeman County",4,64,324,154,170
050,47,069,"Tennessee","Hardeman County",4,65,340,170,170
050,47,069,"Tennessee","Hardeman County",4,66,308,149,159
050,47,069,"Tennessee","Hardeman County",4,67,296,129,167
050,47,069,"Tennessee","Hardeman County",4,68,299,138,161
050,47,069,"Tennessee","Hardeman County",4,69,275,133,142
050,47,069,"Tennessee","Hardeman County",4,70,265,132,133
050,47,069,"Tennessee","Hardeman County",4,71,276,143,133
050,47,069,"Tennessee","Hardeman County",4,72,264,128,136
050,47,069,"Tennessee","Hardeman County",4,73,253,119,134
050,47,069,"Tennessee","Hardeman County",4,74,246,110,136
050,47,069,"Tennessee","Hardeman County",4,75,253,110,143
050,47,069,"Tennessee","Hardeman County",4,76,189,93,96
050,47,069,"Tennessee","Hardeman County",4,77,200,89,111
050,47,069,"Tennessee","Hardeman County",4,78,175,72,103
050,47,069,"Tennessee","Hardeman County",4,79,148,63,85
050,47,069,"Tennessee","Hardeman County",4,80,111,49,62
050,47,069,"Tennessee","Hardeman County",4,81,109,53,56
050,47,069,"Tennessee","Hardeman County",4,82,114,51,63
050,47,069,"Tennessee","Hardeman County",4,83,93,40,53
050,47,069,"Tennessee","Hardeman County",4,84,86,40,46
050,47,069,"Tennessee","Hardeman County",4,85,437,172,265
050,47,069,"Tennessee","Hardeman County",5,0,279,146,133
050,47,069,"Tennessee","Hardeman County",5,1,276,144,132
050,47,069,"Tennessee","Hardeman County",5,2,278,136,142
050,47,069,"Tennessee","Hardeman County",5,3,245,126,119
050,47,069,"Tennessee","Hardeman County",5,4,228,106,122
050,47,069,"Tennessee","Hardeman County",5,5,240,123,117
050,47,069,"Tennessee","Hardeman County",5,6,262,132,130
050,47,069,"Tennessee","Hardeman County",5,7,273,138,135
050,47,069,"Tennessee","Hardeman County",5,8,302,157,145
050,47,069,"Tennessee","Hardeman County",5,9,280,134,146
050,47,069,"Tennessee","Hardeman County",5,10,256,121,135
050,47,069,"Tennessee","Hardeman County",5,11,289,135,154
050,47,069,"Tennessee","Hardeman County",5,12,269,127,142
050,47,069,"Tennessee","Hardeman County",5,13,282,132,150
050,47,069,"Tennessee","Hardeman County",5,14,300,157,143
050,47,069,"Tennessee","Hardeman County",5,15,319,160,159
050,47,069,"Tennessee","Hardeman County",5,16,336,175,161
050,47,069,"Tennessee","Hardeman County",5,17,309,153,156
050,47,069,"Tennessee","Hardeman County",5,18,259,131,128
050,47,069,"Tennessee","Hardeman County",5,19,235,142,93
050,47,069,"Tennessee","Hardeman County",5,20,284,165,119
050,47,069,"Tennessee","Hardeman County",5,21,315,196,119
050,47,069,"Tennessee","Hardeman County",5,22,373,233,140
050,47,069,"Tennessee","Hardeman County",5,23,354,238,116
050,47,069,"Tennessee","Hardeman County",5,24,350,226,124
050,47,069,"Tennessee","Hardeman County",5,25,343,226,117
050,47,069,"Tennessee","Hardeman County",5,26,374,237,137
050,47,069,"Tennessee","Hardeman County",5,27,377,250,127
050,47,069,"Tennessee","Hardeman County",5,28,353,225,128
050,47,069,"Tennessee","Hardeman County",5,29,380,254,126
050,47,069,"Tennessee","Hardeman County",5,30,409,274,135
050,47,069,"Tennessee","Hardeman County",5,31,390,253,137
050,47,069,"Tennessee","Hardeman County",5,32,386,254,132
050,47,069,"Tennessee","Hardeman County",5,33,392,267,125
050,47,069,"Tennessee","Hardeman County",5,34,366,233,133
050,47,069,"Tennessee","Hardeman County",5,35,354,214,140
050,47,069,"Tennessee","Hardeman County",5,36,342,218,124
050,47,069,"Tennessee","Hardeman County",5,37,338,228,110
050,47,069,"Tennessee","Hardeman County",5,38,337,222,115
050,47,069,"Tennessee","Hardeman County",5,39,351,211,140
050,47,069,"Tennessee","Hardeman County",5,40,323,201,122
050,47,069,"Tennessee","Hardeman County",5,41,326,211,115
050,47,069,"Tennessee","Hardeman County",5,42,320,188,132
050,47,069,"Tennessee","Hardeman County",5,43,343,201,142
050,47,069,"Tennessee","Hardeman County",5,44,345,200,145
050,47,069,"Tennessee","Hardeman County",5,45,332,196,136
050,47,069,"Tennessee","Hardeman County",5,46,366,241,125
050,47,069,"Tennessee","Hardeman County",5,47,337,208,129
050,47,069,"Tennessee","Hardeman County",5,48,329,196,133
050,47,069,"Tennessee","Hardeman County",5,49,294,174,120
050,47,069,"Tennessee","Hardeman County",5,50,281,170,111
050,47,069,"Tennessee","Hardeman County",5,51,311,195,116
050,47,069,"Tennessee","Hardeman County",5,52,340,190,150
050,47,069,"Tennessee","Hardeman County",5,53,299,161,138
050,47,069,"Tennessee","Hardeman County",5,54,302,160,142
050,47,069,"Tennessee","Hardeman County",5,55,304,164,140
050,47,069,"Tennessee","Hardeman County",5,56,301,157,144
050,47,069,"Tennessee","Hardeman County",5,57,319,171,148
050,47,069,"Tennessee","Hardeman County",5,58,334,164,170
050,47,069,"Tennessee","Hardeman County",5,59,316,153,163
050,47,069,"Tennessee","Hardeman County",5,60,336,177,159
050,47,069,"Tennessee","Hardeman County",5,61,358,181,177
050,47,069,"Tennessee","Hardeman County",5,62,344,158,186
050,47,069,"Tennessee","Hardeman County",5,63,319,155,164
050,47,069,"Tennessee","Hardeman County",5,64,291,142,149
050,47,069,"Tennessee","Hardeman County",5,65,328,160,168
050,47,069,"Tennessee","Hardeman County",5,66,333,165,168
050,47,069,"Tennessee","Hardeman County",5,67,300,145,155
050,47,069,"Tennessee","Hardeman County",5,68,297,134,163
050,47,069,"Tennessee","Hardeman County",5,69,276,123,153
050,47,069,"Tennessee","Hardeman County",5,70,262,129,133
050,47,069,"Tennessee","Hardeman County",5,71,255,132,123
050,47,069,"Tennessee","Hardeman County",5,72,267,137,130
050,47,069,"Tennessee","Hardeman County",5,73,249,120,129
050,47,069,"Tennessee","Hardeman County",5,74,249,119,130
050,47,069,"Tennessee","Hardeman County",5,75,235,102,133
050,47,069,"Tennessee","Hardeman County",5,76,245,108,137
050,47,069,"Tennessee","Hardeman County",5,77,177,87,90
050,47,069,"Tennessee","Hardeman County",5,78,193,84,109
050,47,069,"Tennessee","Hardeman County",5,79,164,69,95
050,47,069,"Tennessee","Hardeman County",5,80,136,52,84
050,47,069,"Tennessee","Hardeman County",5,81,99,42,57
050,47,069,"Tennessee","Hardeman County",5,82,97,45,52
050,47,069,"Tennessee","Hardeman County",5,83,108,44,64
050,47,069,"Tennessee","Hardeman County",5,84,83,39,44
050,47,069,"Tennessee","Hardeman County",5,85,459,188,271
050,47,071,"Tennessee","Hardin County",1,0,234,121,113
050,47,071,"Tennessee","Hardin County",1,1,247,125,122
050,47,071,"Tennessee","Hardin County",1,2,254,126,128
050,47,071,"Tennessee","Hardin County",1,3,259,139,120
050,47,071,"Tennessee","Hardin County",1,4,296,157,139
050,47,071,"Tennessee","Hardin County",1,5,304,173,131
050,47,071,"Tennessee","Hardin County",1,6,284,156,128
050,47,071,"Tennessee","Hardin County",1,7,278,139,139
050,47,071,"Tennessee","Hardin County",1,8,308,146,162
050,47,071,"Tennessee","Hardin County",1,9,303,146,157
050,47,071,"Tennessee","Hardin County",1,10,315,148,167
050,47,071,"Tennessee","Hardin County",1,11,337,167,170
050,47,071,"Tennessee","Hardin County",1,12,347,159,188
050,47,071,"Tennessee","Hardin County",1,13,329,172,157
050,47,071,"Tennessee","Hardin County",1,14,334,177,157
050,47,071,"Tennessee","Hardin County",1,15,340,179,161
050,47,071,"Tennessee","Hardin County",1,16,361,183,178
050,47,071,"Tennessee","Hardin County",1,17,339,163,176
050,47,071,"Tennessee","Hardin County",1,18,279,148,131
050,47,071,"Tennessee","Hardin County",1,19,231,120,111
050,47,071,"Tennessee","Hardin County",1,20,249,135,114
050,47,071,"Tennessee","Hardin County",1,21,257,143,114
050,47,071,"Tennessee","Hardin County",1,22,253,141,112
050,47,071,"Tennessee","Hardin County",1,23,269,142,127
050,47,071,"Tennessee","Hardin County",1,24,286,138,148
050,47,071,"Tennessee","Hardin County",1,25,309,166,143
050,47,071,"Tennessee","Hardin County",1,26,299,143,156
050,47,071,"Tennessee","Hardin County",1,27,285,139,146
050,47,071,"Tennessee","Hardin County",1,28,305,149,156
050,47,071,"Tennessee","Hardin County",1,29,332,169,163
050,47,071,"Tennessee","Hardin County",1,30,321,148,173
050,47,071,"Tennessee","Hardin County",1,31,270,138,132
050,47,071,"Tennessee","Hardin County",1,32,272,136,136
050,47,071,"Tennessee","Hardin County",1,33,250,115,135
050,47,071,"Tennessee","Hardin County",1,34,260,130,130
050,47,071,"Tennessee","Hardin County",1,35,260,136,124
050,47,071,"Tennessee","Hardin County",1,36,271,132,139
050,47,071,"Tennessee","Hardin County",1,37,284,139,145
050,47,071,"Tennessee","Hardin County",1,38,294,139,155
050,47,071,"Tennessee","Hardin County",1,39,291,144,147
050,47,071,"Tennessee","Hardin County",1,40,304,150,154
050,47,071,"Tennessee","Hardin County",1,41,289,144,145
050,47,071,"Tennessee","Hardin County",1,42,322,158,164
050,47,071,"Tennessee","Hardin County",1,43,305,145,160
050,47,071,"Tennessee","Hardin County",1,44,303,158,145
050,47,071,"Tennessee","Hardin County",1,45,296,147,149
050,47,071,"Tennessee","Hardin County",1,46,310,144,166
050,47,071,"Tennessee","Hardin County",1,47,322,167,155
050,47,071,"Tennessee","Hardin County",1,48,345,172,173
050,47,071,"Tennessee","Hardin County",1,49,361,170,191
050,47,071,"Tennessee","Hardin County",1,50,354,174,180
050,47,071,"Tennessee","Hardin County",1,51,356,174,182
050,47,071,"Tennessee","Hardin County",1,52,328,168,160
050,47,071,"Tennessee","Hardin County",1,53,342,160,182
050,47,071,"Tennessee","Hardin County",1,54,376,200,176
050,47,071,"Tennessee","Hardin County",1,55,410,213,197
050,47,071,"Tennessee","Hardin County",1,56,408,190,218
050,47,071,"Tennessee","Hardin County",1,57,394,197,197
050,47,071,"Tennessee","Hardin County",1,58,410,193,217
050,47,071,"Tennessee","Hardin County",1,59,399,196,203
050,47,071,"Tennessee","Hardin County",1,60,397,189,208
050,47,071,"Tennessee","Hardin County",1,61,425,206,219
050,47,071,"Tennessee","Hardin County",1,62,424,207,217
050,47,071,"Tennessee","Hardin County",1,63,409,208,201
050,47,071,"Tennessee","Hardin County",1,64,406,198,208
050,47,071,"Tennessee","Hardin County",1,65,385,188,197
050,47,071,"Tennessee","Hardin County",1,66,384,178,206
050,47,071,"Tennessee","Hardin County",1,67,402,212,190
050,47,071,"Tennessee","Hardin County",1,68,371,190,181
050,47,071,"Tennessee","Hardin County",1,69,349,171,178
050,47,071,"Tennessee","Hardin County",1,70,363,173,190
050,47,071,"Tennessee","Hardin County",1,71,362,154,208
050,47,071,"Tennessee","Hardin County",1,72,362,159,203
050,47,071,"Tennessee","Hardin County",1,73,359,167,192
050,47,071,"Tennessee","Hardin County",1,74,244,109,135
050,47,071,"Tennessee","Hardin County",1,75,253,126,127
050,47,071,"Tennessee","Hardin County",1,76,258,132,126
050,47,071,"Tennessee","Hardin County",1,77,247,122,125
050,47,071,"Tennessee","Hardin County",1,78,221,101,120
050,47,071,"Tennessee","Hardin County",1,79,218,112,106
050,47,071,"Tennessee","Hardin County",1,80,183,79,104
050,47,071,"Tennessee","Hardin County",1,81,172,72,100
050,47,071,"Tennessee","Hardin County",1,82,156,63,93
050,47,071,"Tennessee","Hardin County",1,83,135,56,79
050,47,071,"Tennessee","Hardin County",1,84,114,58,56
050,47,071,"Tennessee","Hardin County",1,85,695,205,490
050,47,071,"Tennessee","Hardin County",2,0,227,114,113
050,47,071,"Tennessee","Hardin County",2,1,245,124,121
050,47,071,"Tennessee","Hardin County",2,2,254,126,128
050,47,071,"Tennessee","Hardin County",2,3,258,135,123
050,47,071,"Tennessee","Hardin County",2,4,289,153,136
050,47,071,"Tennessee","Hardin County",2,5,299,167,132
050,47,071,"Tennessee","Hardin County",2,6,292,162,130
050,47,071,"Tennessee","Hardin County",2,7,278,142,136
050,47,071,"Tennessee","Hardin County",2,8,302,145,157
050,47,071,"Tennessee","Hardin County",2,9,304,145,159
050,47,071,"Tennessee","Hardin County",2,10,309,146,163
050,47,071,"Tennessee","Hardin County",2,11,331,161,170
050,47,071,"Tennessee","Hardin County",2,12,345,162,183
050,47,071,"Tennessee","Hardin County",2,13,330,167,163
050,47,071,"Tennessee","Hardin County",2,14,330,176,154
050,47,071,"Tennessee","Hardin County",2,15,342,182,160
050,47,071,"Tennessee","Hardin County",2,16,355,183,172
050,47,071,"Tennessee","Hardin County",2,17,345,169,176
050,47,071,"Tennessee","Hardin County",2,18,279,147,132
050,47,071,"Tennessee","Hardin County",2,19,231,120,111
050,47,071,"Tennessee","Hardin County",2,20,250,133,117
050,47,071,"Tennessee","Hardin County",2,21,255,140,115
050,47,071,"Tennessee","Hardin County",2,22,259,142,117
050,47,071,"Tennessee","Hardin County",2,23,269,146,123
050,47,071,"Tennessee","Hardin County",2,24,285,140,145
050,47,071,"Tennessee","Hardin County",2,25,305,157,148
050,47,071,"Tennessee","Hardin County",2,26,300,148,152
050,47,071,"Tennessee","Hardin County",2,27,291,142,149
050,47,071,"Tennessee","Hardin County",2,28,303,149,154
050,47,071,"Tennessee","Hardin County",2,29,326,164,162
050,47,071,"Tennessee","Hardin County",2,30,321,151,170
050,47,071,"Tennessee","Hardin County",2,31,279,138,141
050,47,071,"Tennessee","Hardin County",2,32,272,137,135
050,47,071,"Tennessee","Hardin County",2,33,256,120,136
050,47,071,"Tennessee","Hardin County",2,34,257,127,130
050,47,071,"Tennessee","Hardin County",2,35,263,136,127
050,47,071,"Tennessee","Hardin County",2,36,267,133,134
050,47,071,"Tennessee","Hardin County",2,37,282,139,143
050,47,071,"Tennessee","Hardin County",2,38,290,139,151
050,47,071,"Tennessee","Hardin County",2,39,290,142,148
050,47,071,"Tennessee","Hardin County",2,40,302,149,153
050,47,071,"Tennessee","Hardin County",2,41,291,144,147
050,47,071,"Tennessee","Hardin County",2,42,313,154,159
050,47,071,"Tennessee","Hardin County",2,43,312,149,163
050,47,071,"Tennessee","Hardin County",2,44,304,155,149
050,47,071,"Tennessee","Hardin County",2,45,302,152,150
050,47,071,"Tennessee","Hardin County",2,46,304,142,162
050,47,071,"Tennessee","Hardin County",2,47,319,162,157
050,47,071,"Tennessee","Hardin County",2,48,340,171,169
050,47,071,"Tennessee","Hardin County",2,49,360,170,190
050,47,071,"Tennessee","Hardin County",2,50,356,172,184
050,47,071,"Tennessee","Hardin County",2,51,354,173,181
050,47,071,"Tennessee","Hardin County",2,52,335,169,166
050,47,071,"Tennessee","Hardin County",2,53,340,163,177
050,47,071,"Tennessee","Hardin County",2,54,371,193,178
050,47,071,"Tennessee","Hardin County",2,55,400,207,193
050,47,071,"Tennessee","Hardin County",2,56,413,199,214
050,47,071,"Tennessee","Hardin County",2,57,395,195,200
050,47,071,"Tennessee","Hardin County",2,58,406,194,212
050,47,071,"Tennessee","Hardin County",2,59,404,196,208
050,47,071,"Tennessee","Hardin County",2,60,397,189,208
050,47,071,"Tennessee","Hardin County",2,61,417,202,215
050,47,071,"Tennessee","Hardin County",2,62,428,207,221
050,47,071,"Tennessee","Hardin County",2,63,417,208,209
050,47,071,"Tennessee","Hardin County",2,64,403,199,204
050,47,071,"Tennessee","Hardin County",2,65,392,190,202
050,47,071,"Tennessee","Hardin County",2,66,385,181,204
050,47,071,"Tennessee","Hardin County",2,67,399,206,193
050,47,071,"Tennessee","Hardin County",2,68,373,194,179
050,47,071,"Tennessee","Hardin County",2,69,351,174,177
050,47,071,"Tennessee","Hardin County",2,70,357,171,186
050,47,071,"Tennessee","Hardin County",2,71,362,159,203
050,47,071,"Tennessee","Hardin County",2,72,354,153,201
050,47,071,"Tennessee","Hardin County",2,73,376,172,204
050,47,071,"Tennessee","Hardin County",2,74,249,113,136
050,47,071,"Tennessee","Hardin County",2,75,251,122,129
050,47,071,"Tennessee","Hardin County",2,76,251,127,124
050,47,071,"Tennessee","Hardin County",2,77,252,125,127
050,47,071,"Tennessee","Hardin County",2,78,224,104,120
050,47,071,"Tennessee","Hardin County",2,79,212,108,104
050,47,071,"Tennessee","Hardin County",2,80,191,85,106
050,47,071,"Tennessee","Hardin County",2,81,172,73,99
050,47,071,"Tennessee","Hardin County",2,82,160,66,94
050,47,071,"Tennessee","Hardin County",2,83,138,55,83
050,47,071,"Tennessee","Hardin County",2,84,112,57,55
050,47,071,"Tennessee","Hardin County",2,85,695,202,493
050,47,071,"Tennessee","Hardin County",3,0,248,123,125
050,47,071,"Tennessee","Hardin County",3,1,238,121,117
050,47,071,"Tennessee","Hardin County",3,2,262,137,125
050,47,071,"Tennessee","Hardin County",3,3,265,137,128
050,47,071,"Tennessee","Hardin County",3,4,258,128,130
050,47,071,"Tennessee","Hardin County",3,5,298,155,143
050,47,071,"Tennessee","Hardin County",3,6,301,164,137
050,47,071,"Tennessee","Hardin County",3,7,289,160,129
050,47,071,"Tennessee","Hardin County",3,8,287,147,140
050,47,071,"Tennessee","Hardin County",3,9,309,146,163
050,47,071,"Tennessee","Hardin County",3,10,312,154,158
050,47,071,"Tennessee","Hardin County",3,11,318,147,171
050,47,071,"Tennessee","Hardin County",3,12,345,170,175
050,47,071,"Tennessee","Hardin County",3,13,346,164,182
050,47,071,"Tennessee","Hardin County",3,14,338,176,162
050,47,071,"Tennessee","Hardin County",3,15,342,188,154
050,47,071,"Tennessee","Hardin County",3,16,335,173,162
050,47,071,"Tennessee","Hardin County",3,17,363,181,182
050,47,071,"Tennessee","Hardin County",3,18,311,159,152
050,47,071,"Tennessee","Hardin County",3,19,238,120,118
050,47,071,"Tennessee","Hardin County",3,20,245,123,122
050,47,071,"Tennessee","Hardin County",3,21,253,134,119
050,47,071,"Tennessee","Hardin County",3,22,271,153,118
050,47,071,"Tennessee","Hardin County",3,23,259,143,116
050,47,071,"Tennessee","Hardin County",3,24,274,142,132
050,47,071,"Tennessee","Hardin County",3,25,286,145,141
050,47,071,"Tennessee","Hardin County",3,26,299,158,141
050,47,071,"Tennessee","Hardin County",3,27,282,138,144
050,47,071,"Tennessee","Hardin County",3,28,285,144,141
050,47,071,"Tennessee","Hardin County",3,29,290,143,147
050,47,071,"Tennessee","Hardin County",3,30,319,163,156
050,47,071,"Tennessee","Hardin County",3,31,326,147,179
050,47,071,"Tennessee","Hardin County",3,32,279,135,144
050,47,071,"Tennessee","Hardin County",3,33,273,137,136
050,47,071,"Tennessee","Hardin County",3,34,268,125,143
050,47,071,"Tennessee","Hardin County",3,35,261,126,135
050,47,071,"Tennessee","Hardin County",3,36,264,135,129
050,47,071,"Tennessee","Hardin County",3,37,267,129,138
050,47,071,"Tennessee","Hardin County",3,38,294,145,149
050,47,071,"Tennessee","Hardin County",3,39,291,140,151
050,47,071,"Tennessee","Hardin County",3,40,303,152,151
050,47,071,"Tennessee","Hardin County",3,41,300,150,150
050,47,071,"Tennessee","Hardin County",3,42,292,139,153
050,47,071,"Tennessee","Hardin County",3,43,324,157,167
050,47,071,"Tennessee","Hardin County",3,44,304,140,164
050,47,071,"Tennessee","Hardin County",3,45,314,162,152
050,47,071,"Tennessee","Hardin County",3,46,289,144,145
050,47,071,"Tennessee","Hardin County",3,47,300,140,160
050,47,071,"Tennessee","Hardin County",3,48,309,155,154
050,47,071,"Tennessee","Hardin County",3,49,359,175,184
050,47,071,"Tennessee","Hardin County",3,50,366,179,187
050,47,071,"Tennessee","Hardin County",3,51,357,170,187
050,47,071,"Tennessee","Hardin County",3,52,359,180,179
050,47,071,"Tennessee","Hardin County",3,53,337,167,170
050,47,071,"Tennessee","Hardin County",3,54,352,171,181
050,47,071,"Tennessee","Hardin County",3,55,369,190,179
050,47,071,"Tennessee","Hardin County",3,56,414,211,203
050,47,071,"Tennessee","Hardin County",3,57,404,197,207
050,47,071,"Tennessee","Hardin County",3,58,404,201,203
050,47,071,"Tennessee","Hardin County",3,59,418,203,215
050,47,071,"Tennessee","Hardin County",3,60,417,196,221
050,47,071,"Tennessee","Hardin County",3,61,407,197,210
050,47,071,"Tennessee","Hardin County",3,62,421,202,219
050,47,071,"Tennessee","Hardin County",3,63,432,212,220
050,47,071,"Tennessee","Hardin County",3,64,422,214,208
050,47,071,"Tennessee","Hardin County",3,65,403,198,205
050,47,071,"Tennessee","Hardin County",3,66,386,184,202
050,47,071,"Tennessee","Hardin County",3,67,396,190,206
050,47,071,"Tennessee","Hardin County",3,68,388,196,192
050,47,071,"Tennessee","Hardin County",3,69,365,188,177
050,47,071,"Tennessee","Hardin County",3,70,336,162,174
050,47,071,"Tennessee","Hardin County",3,71,357,166,191
050,47,071,"Tennessee","Hardin County",3,72,340,149,191
050,47,071,"Tennessee","Hardin County",3,73,357,154,203
050,47,071,"Tennessee","Hardin County",3,74,355,165,190
050,47,071,"Tennessee","Hardin County",3,75,237,101,136
050,47,071,"Tennessee","Hardin County",3,76,239,111,128
050,47,071,"Tennessee","Hardin County",3,77,231,124,107
050,47,071,"Tennessee","Hardin County",3,78,250,122,128
050,47,071,"Tennessee","Hardin County",3,79,206,94,112
050,47,071,"Tennessee","Hardin County",3,80,207,98,109
050,47,071,"Tennessee","Hardin County",3,81,172,73,99
050,47,071,"Tennessee","Hardin County",3,82,148,61,87
050,47,071,"Tennessee","Hardin County",3,83,142,51,91
050,47,071,"Tennessee","Hardin County",3,84,107,55,52
050,47,071,"Tennessee","Hardin County",3,85,687,206,481
050,47,071,"Tennessee","Hardin County",4,0,273,129,144
050,47,071,"Tennessee","Hardin County",4,1,259,138,121
050,47,071,"Tennessee","Hardin County",4,2,242,124,118
050,47,071,"Tennessee","Hardin County",4,3,273,140,133
050,47,071,"Tennessee","Hardin County",4,4,272,142,130
050,47,071,"Tennessee","Hardin County",4,5,259,126,133
050,47,071,"Tennessee","Hardin County",4,6,302,156,146
050,47,071,"Tennessee","Hardin County",4,7,311,172,139
050,47,071,"Tennessee","Hardin County",4,8,299,166,133
050,47,071,"Tennessee","Hardin County",4,9,295,155,140
050,47,071,"Tennessee","Hardin County",4,10,321,154,167
050,47,071,"Tennessee","Hardin County",4,11,313,154,159
050,47,071,"Tennessee","Hardin County",4,12,312,149,163
050,47,071,"Tennessee","Hardin County",4,13,340,176,164
050,47,071,"Tennessee","Hardin County",4,14,359,174,185
050,47,071,"Tennessee","Hardin County",4,15,351,183,168
050,47,071,"Tennessee","Hardin County",4,16,352,187,165
050,47,071,"Tennessee","Hardin County",4,17,333,172,161
050,47,071,"Tennessee","Hardin County",4,18,299,160,139
050,47,071,"Tennessee","Hardin County",4,19,240,124,116
050,47,071,"Tennessee","Hardin County",4,20,241,120,121
050,47,071,"Tennessee","Hardin County",4,21,251,125,126
050,47,071,"Tennessee","Hardin County",4,22,267,139,128
050,47,071,"Tennessee","Hardin County",4,23,282,165,117
050,47,071,"Tennessee","Hardin County",4,24,260,140,120
050,47,071,"Tennessee","Hardin County",4,25,280,146,134
050,47,071,"Tennessee","Hardin County",4,26,303,153,150
050,47,071,"Tennessee","Hardin County",4,27,291,150,141
050,47,071,"Tennessee","Hardin County",4,28,288,141,147
050,47,071,"Tennessee","Hardin County",4,29,288,143,145
050,47,071,"Tennessee","Hardin County",4,30,297,135,162
050,47,071,"Tennessee","Hardin County",4,31,313,156,157
050,47,071,"Tennessee","Hardin County",4,32,333,152,181
050,47,071,"Tennessee","Hardin County",4,33,278,132,146
050,47,071,"Tennessee","Hardin County",4,34,285,137,148
050,47,071,"Tennessee","Hardin County",4,35,266,127,139
050,47,071,"Tennessee","Hardin County",4,36,264,127,137
050,47,071,"Tennessee","Hardin County",4,37,284,144,140
050,47,071,"Tennessee","Hardin County",4,38,277,132,145
050,47,071,"Tennessee","Hardin County",4,39,308,155,153
050,47,071,"Tennessee","Hardin County",4,40,314,151,163
050,47,071,"Tennessee","Hardin County",4,41,301,147,154
050,47,071,"Tennessee","Hardin County",4,42,305,154,151
050,47,071,"Tennessee","Hardin County",4,43,301,146,155
050,47,071,"Tennessee","Hardin County",4,44,331,158,173
050,47,071,"Tennessee","Hardin County",4,45,305,145,160
050,47,071,"Tennessee","Hardin County",4,46,314,168,146
050,47,071,"Tennessee","Hardin County",4,47,303,153,150
050,47,071,"Tennessee","Hardin County",4,48,296,132,164
050,47,071,"Tennessee","Hardin County",4,49,315,154,161
050,47,071,"Tennessee","Hardin County",4,50,377,192,185
050,47,071,"Tennessee","Hardin County",4,51,353,175,178
050,47,071,"Tennessee","Hardin County",4,52,354,166,188
050,47,071,"Tennessee","Hardin County",4,53,361,183,178
050,47,071,"Tennessee","Hardin County",4,54,348,174,174
050,47,071,"Tennessee","Hardin County",4,55,355,174,181
050,47,071,"Tennessee","Hardin County",4,56,383,199,184
050,47,071,"Tennessee","Hardin County",4,57,407,199,208
050,47,071,"Tennessee","Hardin County",4,58,404,198,206
050,47,071,"Tennessee","Hardin County",4,59,395,206,189
050,47,071,"Tennessee","Hardin County",4,60,421,200,221
050,47,071,"Tennessee","Hardin County",4,61,432,205,227
050,47,071,"Tennessee","Hardin County",4,62,407,194,213
050,47,071,"Tennessee","Hardin County",4,63,442,207,235
050,47,071,"Tennessee","Hardin County",4,64,443,222,221
050,47,071,"Tennessee","Hardin County",4,65,428,218,210
050,47,071,"Tennessee","Hardin County",4,66,406,198,208
050,47,071,"Tennessee","Hardin County",4,67,388,184,204
050,47,071,"Tennessee","Hardin County",4,68,386,184,202
050,47,071,"Tennessee","Hardin County",4,69,393,200,193
050,47,071,"Tennessee","Hardin County",4,70,355,184,171
050,47,071,"Tennessee","Hardin County",4,71,337,160,177
050,47,071,"Tennessee","Hardin County",4,72,339,157,182
050,47,071,"Tennessee","Hardin County",4,73,334,144,190
050,47,071,"Tennessee","Hardin County",4,74,339,150,189
050,47,071,"Tennessee","Hardin County",4,75,344,156,188
050,47,071,"Tennessee","Hardin County",4,76,212,87,125
050,47,071,"Tennessee","Hardin County",4,77,221,102,119
050,47,071,"Tennessee","Hardin County",4,78,232,125,107
050,47,071,"Tennessee","Hardin County",4,79,231,112,119
050,47,071,"Tennessee","Hardin County",4,80,207,85,122
050,47,071,"Tennessee","Hardin County",4,81,197,87,110
050,47,071,"Tennessee","Hardin County",4,82,161,69,92
050,47,071,"Tennessee","Hardin County",4,83,129,46,83
050,47,071,"Tennessee","Hardin County",4,84,109,49,60
050,47,071,"Tennessee","Hardin County",4,85,689,209,480
050,47,071,"Tennessee","Hardin County",5,0,281,133,148
050,47,071,"Tennessee","Hardin County",5,1,278,130,148
050,47,071,"Tennessee","Hardin County",5,2,266,147,119
050,47,071,"Tennessee","Hardin County",5,3,238,119,119
050,47,071,"Tennessee","Hardin County",5,4,282,144,138
050,47,071,"Tennessee","Hardin County",5,5,275,146,129
050,47,071,"Tennessee","Hardin County",5,6,262,129,133
050,47,071,"Tennessee","Hardin County",5,7,303,158,145
050,47,071,"Tennessee","Hardin County",5,8,317,176,141
050,47,071,"Tennessee","Hardin County",5,9,309,172,137
050,47,071,"Tennessee","Hardin County",5,10,295,152,143
050,47,071,"Tennessee","Hardin County",5,11,326,161,165
050,47,071,"Tennessee","Hardin County",5,12,305,153,152
050,47,071,"Tennessee","Hardin County",5,13,328,156,172
050,47,071,"Tennessee","Hardin County",5,14,354,183,171
050,47,071,"Tennessee","Hardin County",5,15,355,170,185
050,47,071,"Tennessee","Hardin County",5,16,346,184,162
050,47,071,"Tennessee","Hardin County",5,17,350,187,163
050,47,071,"Tennessee","Hardin County",5,18,279,148,131
050,47,071,"Tennessee","Hardin County",5,19,237,126,111
050,47,071,"Tennessee","Hardin County",5,20,262,133,129
050,47,071,"Tennessee","Hardin County",5,21,256,123,133
050,47,071,"Tennessee","Hardin County",5,22,277,136,141
050,47,071,"Tennessee","Hardin County",5,23,298,163,135
050,47,071,"Tennessee","Hardin County",5,24,282,162,120
050,47,071,"Tennessee","Hardin County",5,25,272,152,120
050,47,071,"Tennessee","Hardin County",5,26,278,137,141
050,47,071,"Tennessee","Hardin County",5,27,308,157,151
050,47,071,"Tennessee","Hardin County",5,28,288,151,137
050,47,071,"Tennessee","Hardin County",5,29,290,144,146
050,47,071,"Tennessee","Hardin County",5,30,299,148,151
050,47,071,"Tennessee","Hardin County",5,31,301,131,170
050,47,071,"Tennessee","Hardin County",5,32,324,163,161
050,47,071,"Tennessee","Hardin County",5,33,345,163,182
050,47,071,"Tennessee","Hardin County",5,34,285,138,147
050,47,071,"Tennessee","Hardin County",5,35,283,130,153
050,47,071,"Tennessee","Hardin County",5,36,259,123,136
050,47,071,"Tennessee","Hardin County",5,37,268,124,144
050,47,071,"Tennessee","Hardin County",5,38,287,141,146
050,47,071,"Tennessee","Hardin County",5,39,278,136,142
050,47,071,"Tennessee","Hardin County",5,40,301,151,150
050,47,071,"Tennessee","Hardin County",5,41,312,145,167
050,47,071,"Tennessee","Hardin County",5,42,298,145,153
050,47,071,"Tennessee","Hardin County",5,43,301,157,144
050,47,071,"Tennessee","Hardin County",5,44,302,146,156
050,47,071,"Tennessee","Hardin County",5,45,338,158,180
050,47,071,"Tennessee","Hardin County",5,46,298,147,151
050,47,071,"Tennessee","Hardin County",5,47,306,162,144
050,47,071,"Tennessee","Hardin County",5,48,299,144,155
050,47,071,"Tennessee","Hardin County",5,49,297,133,164
050,47,071,"Tennessee","Hardin County",5,50,316,158,158
050,47,071,"Tennessee","Hardin County",5,51,389,203,186
050,47,071,"Tennessee","Hardin County",5,52,357,178,179
050,47,071,"Tennessee","Hardin County",5,53,363,165,198
050,47,071,"Tennessee","Hardin County",5,54,368,191,177
050,47,071,"Tennessee","Hardin County",5,55,336,163,173
050,47,071,"Tennessee","Hardin County",5,56,366,175,191
050,47,071,"Tennessee","Hardin County",5,57,378,198,180
050,47,071,"Tennessee","Hardin County",5,58,418,202,216
050,47,071,"Tennessee","Hardin County",5,59,428,213,215
050,47,071,"Tennessee","Hardin County",5,60,402,209,193
050,47,071,"Tennessee","Hardin County",5,61,432,208,224
050,47,071,"Tennessee","Hardin County",5,62,436,205,231
050,47,071,"Tennessee","Hardin County",5,63,410,199,211
050,47,071,"Tennessee","Hardin County",5,64,462,217,245
050,47,071,"Tennessee","Hardin County",5,65,424,212,212
050,47,071,"Tennessee","Hardin County",5,66,425,214,211
050,47,071,"Tennessee","Hardin County",5,67,415,203,212
050,47,071,"Tennessee","Hardin County",5,68,377,174,203
050,47,071,"Tennessee","Hardin County",5,69,394,190,204
050,47,071,"Tennessee","Hardin County",5,70,392,194,198
050,47,071,"Tennessee","Hardin County",5,71,362,183,179
050,47,071,"Tennessee","Hardin County",5,72,324,152,172
050,47,071,"Tennessee","Hardin County",5,73,345,154,191
050,47,071,"Tennessee","Hardin County",5,74,318,136,182
050,47,071,"Tennessee","Hardin County",5,75,324,141,183
050,47,071,"Tennessee","Hardin County",5,76,334,148,186
050,47,071,"Tennessee","Hardin County",5,77,192,79,113
050,47,071,"Tennessee","Hardin County",5,78,218,102,116
050,47,071,"Tennessee","Hardin County",5,79,215,115,100
050,47,071,"Tennessee","Hardin County",5,80,221,99,122
050,47,071,"Tennessee","Hardin County",5,81,193,76,117
050,47,071,"Tennessee","Hardin County",5,82,188,82,106
050,47,071,"Tennessee","Hardin County",5,83,145,57,88
050,47,071,"Tennessee","Hardin County",5,84,97,47,50
050,47,071,"Tennessee","Hardin County",5,85,687,207,480
050,47,073,"Tennessee","Hawkins County",1,0,516,263,253
050,47,073,"Tennessee","Hawkins County",1,1,519,265,254
050,47,073,"Tennessee","Hawkins County",1,2,510,274,236
050,47,073,"Tennessee","Hawkins County",1,3,507,277,230
050,47,073,"Tennessee","Hawkins County",1,4,581,293,288
050,47,073,"Tennessee","Hawkins County",1,5,569,298,271
050,47,073,"Tennessee","Hawkins County",1,6,568,303,265
050,47,073,"Tennessee","Hawkins County",1,7,579,301,278
050,47,073,"Tennessee","Hawkins County",1,8,575,281,294
050,47,073,"Tennessee","Hawkins County",1,9,556,289,267
050,47,073,"Tennessee","Hawkins County",1,10,594,310,284
050,47,073,"Tennessee","Hawkins County",1,11,677,350,327
050,47,073,"Tennessee","Hawkins County",1,12,722,373,349
050,47,073,"Tennessee","Hawkins County",1,13,720,383,337
050,47,073,"Tennessee","Hawkins County",1,14,726,357,369
050,47,073,"Tennessee","Hawkins County",1,15,704,368,336
050,47,073,"Tennessee","Hawkins County",1,16,759,398,361
050,47,073,"Tennessee","Hawkins County",1,17,740,376,364
050,47,073,"Tennessee","Hawkins County",1,18,591,300,291
050,47,073,"Tennessee","Hawkins County",1,19,507,248,259
050,47,073,"Tennessee","Hawkins County",1,20,552,274,278
050,47,073,"Tennessee","Hawkins County",1,21,589,299,290
050,47,073,"Tennessee","Hawkins County",1,22,571,282,289
050,47,073,"Tennessee","Hawkins County",1,23,590,289,301
050,47,073,"Tennessee","Hawkins County",1,24,636,314,322
050,47,073,"Tennessee","Hawkins County",1,25,655,337,318
050,47,073,"Tennessee","Hawkins County",1,26,668,345,323
050,47,073,"Tennessee","Hawkins County",1,27,694,344,350
050,47,073,"Tennessee","Hawkins County",1,28,674,322,352
050,47,073,"Tennessee","Hawkins County",1,29,697,369,328
050,47,073,"Tennessee","Hawkins County",1,30,677,378,299
050,47,073,"Tennessee","Hawkins County",1,31,605,320,285
050,47,073,"Tennessee","Hawkins County",1,32,610,313,297
050,47,073,"Tennessee","Hawkins County",1,33,557,290,267
050,47,073,"Tennessee","Hawkins County",1,34,602,292,310
050,47,073,"Tennessee","Hawkins County",1,35,598,291,307
050,47,073,"Tennessee","Hawkins County",1,36,639,333,306
050,47,073,"Tennessee","Hawkins County",1,37,633,331,302
050,47,073,"Tennessee","Hawkins County",1,38,625,310,315
050,47,073,"Tennessee","Hawkins County",1,39,613,301,312
050,47,073,"Tennessee","Hawkins County",1,40,593,297,296
050,47,073,"Tennessee","Hawkins County",1,41,604,297,307
050,47,073,"Tennessee","Hawkins County",1,42,636,309,327
050,47,073,"Tennessee","Hawkins County",1,43,637,305,332
050,47,073,"Tennessee","Hawkins County",1,44,632,324,308
050,47,073,"Tennessee","Hawkins County",1,45,723,361,362
050,47,073,"Tennessee","Hawkins County",1,46,713,345,368
050,47,073,"Tennessee","Hawkins County",1,47,776,372,404
050,47,073,"Tennessee","Hawkins County",1,48,882,436,446
050,47,073,"Tennessee","Hawkins County",1,49,909,454,455
050,47,073,"Tennessee","Hawkins County",1,50,816,412,404
050,47,073,"Tennessee","Hawkins County",1,51,861,437,424
050,47,073,"Tennessee","Hawkins County",1,52,859,426,433
050,47,073,"Tennessee","Hawkins County",1,53,821,400,421
050,47,073,"Tennessee","Hawkins County",1,54,857,424,433
050,47,073,"Tennessee","Hawkins County",1,55,896,442,454
050,47,073,"Tennessee","Hawkins County",1,56,891,457,434
050,47,073,"Tennessee","Hawkins County",1,57,860,430,430
050,47,073,"Tennessee","Hawkins County",1,58,868,414,454
050,47,073,"Tennessee","Hawkins County",1,59,895,454,441
050,47,073,"Tennessee","Hawkins County",1,60,864,429,435
050,47,073,"Tennessee","Hawkins County",1,61,854,429,425
050,47,073,"Tennessee","Hawkins County",1,62,859,430,429
050,47,073,"Tennessee","Hawkins County",1,63,801,401,400
050,47,073,"Tennessee","Hawkins County",1,64,832,397,435
050,47,073,"Tennessee","Hawkins County",1,65,788,380,408
050,47,073,"Tennessee","Hawkins County",1,66,804,398,406
050,47,073,"Tennessee","Hawkins County",1,67,802,383,419
050,47,073,"Tennessee","Hawkins County",1,68,795,371,424
050,47,073,"Tennessee","Hawkins County",1,69,704,350,354
050,47,073,"Tennessee","Hawkins County",1,70,709,342,367
050,47,073,"Tennessee","Hawkins County",1,71,716,320,396
050,47,073,"Tennessee","Hawkins County",1,72,714,343,371
050,47,073,"Tennessee","Hawkins County",1,73,738,359,379
050,47,073,"Tennessee","Hawkins County",1,74,514,235,279
050,47,073,"Tennessee","Hawkins County",1,75,537,246,291
050,47,073,"Tennessee","Hawkins County",1,76,500,244,256
050,47,073,"Tennessee","Hawkins County",1,77,503,235,268
050,47,073,"Tennessee","Hawkins County",1,78,411,202,209
050,47,073,"Tennessee","Hawkins County",1,79,377,185,192
050,47,073,"Tennessee","Hawkins County",1,80,353,169,184
050,47,073,"Tennessee","Hawkins County",1,81,322,150,172
050,47,073,"Tennessee","Hawkins County",1,82,284,122,162
050,47,073,"Tennessee","Hawkins County",1,83,240,102,138
050,47,073,"Tennessee","Hawkins County",1,84,199,85,114
050,47,073,"Tennessee","Hawkins County",1,85,1070,411,659
050,47,073,"Tennessee","Hawkins County",2,0,510,260,250
050,47,073,"Tennessee","Hawkins County",2,1,516,264,252
050,47,073,"Tennessee","Hawkins County",2,2,508,269,239
050,47,073,"Tennessee","Hawkins County",2,3,503,273,230
050,47,073,"Tennessee","Hawkins County",2,4,566,292,274
050,47,073,"Tennessee","Hawkins County",2,5,572,296,276
050,47,073,"Tennessee","Hawkins County",2,6,568,302,266
050,47,073,"Tennessee","Hawkins County",2,7,574,300,274
050,47,073,"Tennessee","Hawkins County",2,8,574,285,289
050,47,073,"Tennessee","Hawkins County",2,9,559,288,271
050,47,073,"Tennessee","Hawkins County",2,10,588,307,281
050,47,073,"Tennessee","Hawkins County",2,11,652,337,315
050,47,073,"Tennessee","Hawkins County",2,12,714,369,345
050,47,073,"Tennessee","Hawkins County",2,13,718,377,341
050,47,073,"Tennessee","Hawkins County",2,14,726,364,362
050,47,073,"Tennessee","Hawkins County",2,15,713,367,346
050,47,073,"Tennessee","Hawkins County",2,16,748,390,358
050,47,073,"Tennessee","Hawkins County",2,17,744,381,363
050,47,073,"Tennessee","Hawkins County",2,18,599,309,290
050,47,073,"Tennessee","Hawkins County",2,19,503,249,254
050,47,073,"Tennessee","Hawkins County",2,20,557,273,284
050,47,073,"Tennessee","Hawkins County",2,21,588,295,293
050,47,073,"Tennessee","Hawkins County",2,22,581,289,292
050,47,073,"Tennessee","Hawkins County",2,23,593,291,302
050,47,073,"Tennessee","Hawkins County",2,24,627,309,318
050,47,073,"Tennessee","Hawkins County",2,25,648,332,316
050,47,073,"Tennessee","Hawkins County",2,26,663,342,321
050,47,073,"Tennessee","Hawkins County",2,27,679,337,342
050,47,073,"Tennessee","Hawkins County",2,28,676,326,350
050,47,073,"Tennessee","Hawkins County",2,29,687,357,330
050,47,073,"Tennessee","Hawkins County",2,30,685,376,309
050,47,073,"Tennessee","Hawkins County",2,31,620,331,289
050,47,073,"Tennessee","Hawkins County",2,32,604,312,292
050,47,073,"Tennessee","Hawkins County",2,33,573,299,274
050,47,073,"Tennessee","Hawkins County",2,34,587,288,299
050,47,073,"Tennessee","Hawkins County",2,35,604,297,307
050,47,073,"Tennessee","Hawkins County",2,36,627,322,305
050,47,073,"Tennessee","Hawkins County",2,37,633,330,303
050,47,073,"Tennessee","Hawkins County",2,38,625,315,310
050,47,073,"Tennessee","Hawkins County",2,39,612,301,311
050,47,073,"Tennessee","Hawkins County",2,40,602,300,302
050,47,073,"Tennessee","Hawkins County",2,41,601,296,305
050,47,073,"Tennessee","Hawkins County",2,42,626,305,321
050,47,073,"Tennessee","Hawkins County",2,43,642,310,332
050,47,073,"Tennessee","Hawkins County",2,44,630,319,311
050,47,073,"Tennessee","Hawkins County",2,45,706,353,353
050,47,073,"Tennessee","Hawkins County",2,46,713,348,365
050,47,073,"Tennessee","Hawkins County",2,47,758,363,395
050,47,073,"Tennessee","Hawkins County",2,48,859,422,437
050,47,073,"Tennessee","Hawkins County",2,49,911,454,457
050,47,073,"Tennessee","Hawkins County",2,50,845,424,421
050,47,073,"Tennessee","Hawkins County",2,51,848,429,419
050,47,073,"Tennessee","Hawkins County",2,52,855,424,431
050,47,073,"Tennessee","Hawkins County",2,53,837,409,428
050,47,073,"Tennessee","Hawkins County",2,54,851,418,433
050,47,073,"Tennessee","Hawkins County",2,55,886,439,447
050,47,073,"Tennessee","Hawkins County",2,56,899,458,441
050,47,073,"Tennessee","Hawkins County",2,57,877,441,436
050,47,073,"Tennessee","Hawkins County",2,58,869,421,448
050,47,073,"Tennessee","Hawkins County",2,59,896,450,446
050,47,073,"Tennessee","Hawkins County",2,60,869,433,436
050,47,073,"Tennessee","Hawkins County",2,61,854,429,425
050,47,073,"Tennessee","Hawkins County",2,62,853,428,425
050,47,073,"Tennessee","Hawkins County",2,63,822,411,411
050,47,073,"Tennessee","Hawkins County",2,64,816,395,421
050,47,073,"Tennessee","Hawkins County",2,65,800,385,415
050,47,073,"Tennessee","Hawkins County",2,66,798,393,405
050,47,073,"Tennessee","Hawkins County",2,67,802,387,415
050,47,073,"Tennessee","Hawkins County",2,68,789,372,417
050,47,073,"Tennessee","Hawkins County",2,69,727,353,374
050,47,073,"Tennessee","Hawkins County",2,70,703,342,361
050,47,073,"Tennessee","Hawkins County",2,71,712,321,391
050,47,073,"Tennessee","Hawkins County",2,72,701,330,371
050,47,073,"Tennessee","Hawkins County",2,73,768,374,394
050,47,073,"Tennessee","Hawkins County",2,74,532,248,284
050,47,073,"Tennessee","Hawkins County",2,75,533,246,287
050,47,073,"Tennessee","Hawkins County",2,76,503,240,263
050,47,073,"Tennessee","Hawkins County",2,77,512,242,270
050,47,073,"Tennessee","Hawkins County",2,78,419,203,216
050,47,073,"Tennessee","Hawkins County",2,79,381,185,196
050,47,073,"Tennessee","Hawkins County",2,80,352,168,184
050,47,073,"Tennessee","Hawkins County",2,81,323,150,173
050,47,073,"Tennessee","Hawkins County",2,82,292,129,163
050,47,073,"Tennessee","Hawkins County",2,83,244,104,140
050,47,073,"Tennessee","Hawkins County",2,84,207,89,118
050,47,073,"Tennessee","Hawkins County",2,85,1074,419,655
050,47,073,"Tennessee","Hawkins County",3,0,481,263,218
050,47,073,"Tennessee","Hawkins County",3,1,546,277,269
050,47,073,"Tennessee","Hawkins County",3,2,541,275,266
050,47,073,"Tennessee","Hawkins County",3,3,534,281,253
050,47,073,"Tennessee","Hawkins County",3,4,523,278,245
050,47,073,"Tennessee","Hawkins County",3,5,578,312,266
050,47,073,"Tennessee","Hawkins County",3,6,609,316,293
050,47,073,"Tennessee","Hawkins County",3,7,582,309,273
050,47,073,"Tennessee","Hawkins County",3,8,602,313,289
050,47,073,"Tennessee","Hawkins County",3,9,585,282,303
050,47,073,"Tennessee","Hawkins County",3,10,587,296,291
050,47,073,"Tennessee","Hawkins County",3,11,612,324,288
050,47,073,"Tennessee","Hawkins County",3,12,670,345,325
050,47,073,"Tennessee","Hawkins County",3,13,731,366,365
050,47,073,"Tennessee","Hawkins County",3,14,729,375,354
050,47,073,"Tennessee","Hawkins County",3,15,722,357,365
050,47,073,"Tennessee","Hawkins County",3,16,742,377,365
050,47,073,"Tennessee","Hawkins County",3,17,749,389,360
050,47,073,"Tennessee","Hawkins County",3,18,627,334,293
050,47,073,"Tennessee","Hawkins County",3,19,483,252,231
050,47,073,"Tennessee","Hawkins County",3,20,550,275,275
050,47,073,"Tennessee","Hawkins County",3,21,580,285,295
050,47,073,"Tennessee","Hawkins County",3,22,627,310,317
050,47,073,"Tennessee","Hawkins County",3,23,624,318,306
050,47,073,"Tennessee","Hawkins County",3,24,605,304,301
050,47,073,"Tennessee","Hawkins County",3,25,629,329,300
050,47,073,"Tennessee","Hawkins County",3,26,679,339,340
050,47,073,"Tennessee","Hawkins County",3,27,677,351,326
050,47,073,"Tennessee","Hawkins County",3,28,696,343,353
050,47,073,"Tennessee","Hawkins County",3,29,678,335,343
050,47,073,"Tennessee","Hawkins County",3,30,704,354,350
050,47,073,"Tennessee","Hawkins County",3,31,703,385,318
050,47,073,"Tennessee","Hawkins County",3,32,640,337,303
050,47,073,"Tennessee","Hawkins County",3,33,615,323,292
050,47,073,"Tennessee","Hawkins County",3,34,580,288,292
050,47,073,"Tennessee","Hawkins County",3,35,599,287,312
050,47,073,"Tennessee","Hawkins County",3,36,617,295,322
050,47,073,"Tennessee","Hawkins County",3,37,622,313,309
050,47,073,"Tennessee","Hawkins County",3,38,646,336,310
050,47,073,"Tennessee","Hawkins County",3,39,643,314,329
050,47,073,"Tennessee","Hawkins County",3,40,635,319,316
050,47,073,"Tennessee","Hawkins County",3,41,609,307,302
050,47,073,"Tennessee","Hawkins County",3,42,620,315,305
050,47,073,"Tennessee","Hawkins County",3,43,638,314,324
050,47,073,"Tennessee","Hawkins County",3,44,652,321,331
050,47,073,"Tennessee","Hawkins County",3,45,630,310,320
050,47,073,"Tennessee","Hawkins County",3,46,716,358,358
050,47,073,"Tennessee","Hawkins County",3,47,741,362,379
050,47,073,"Tennessee","Hawkins County",3,48,775,369,406
050,47,073,"Tennessee","Hawkins County",3,49,864,427,437
050,47,073,"Tennessee","Hawkins County",3,50,918,459,459
050,47,073,"Tennessee","Hawkins County",3,51,860,437,423
050,47,073,"Tennessee","Hawkins County",3,52,852,434,418
050,47,073,"Tennessee","Hawkins County",3,53,869,429,440
050,47,073,"Tennessee","Hawkins County",3,54,849,410,439
050,47,073,"Tennessee","Hawkins County",3,55,874,431,443
050,47,073,"Tennessee","Hawkins County",3,56,899,436,463
050,47,073,"Tennessee","Hawkins County",3,57,915,460,455
050,47,073,"Tennessee","Hawkins County",3,58,884,442,442
050,47,073,"Tennessee","Hawkins County",3,59,888,439,449
050,47,073,"Tennessee","Hawkins County",3,60,897,438,459
050,47,073,"Tennessee","Hawkins County",3,61,838,428,410
050,47,073,"Tennessee","Hawkins County",3,62,863,433,430
050,47,073,"Tennessee","Hawkins County",3,63,869,425,444
050,47,073,"Tennessee","Hawkins County",3,64,809,395,414
050,47,073,"Tennessee","Hawkins County",3,65,814,398,416
050,47,073,"Tennessee","Hawkins County",3,66,790,385,405
050,47,073,"Tennessee","Hawkins County",3,67,790,391,399
050,47,073,"Tennessee","Hawkins County",3,68,796,382,414
050,47,073,"Tennessee","Hawkins County",3,69,779,361,418
050,47,073,"Tennessee","Hawkins County",3,70,706,336,370
050,47,073,"Tennessee","Hawkins County",3,71,684,338,346
050,47,073,"Tennessee","Hawkins County",3,72,704,315,389
050,47,073,"Tennessee","Hawkins County",3,73,679,317,362
050,47,073,"Tennessee","Hawkins County",3,74,727,350,377
050,47,073,"Tennessee","Hawkins County",3,75,500,230,270
050,47,073,"Tennessee","Hawkins County",3,76,498,228,270
050,47,073,"Tennessee","Hawkins County",3,77,483,223,260
050,47,073,"Tennessee","Hawkins County",3,78,477,221,256
050,47,073,"Tennessee","Hawkins County",3,79,390,180,210
050,47,073,"Tennessee","Hawkins County",3,80,346,172,174
050,47,073,"Tennessee","Hawkins County",3,81,323,149,174
050,47,073,"Tennessee","Hawkins County",3,82,290,132,158
050,47,073,"Tennessee","Hawkins County",3,83,256,109,147
050,47,073,"Tennessee","Hawkins County",3,84,227,96,131
050,47,073,"Tennessee","Hawkins County",3,85,1032,402,630
050,47,073,"Tennessee","Hawkins County",4,0,494,264,230
050,47,073,"Tennessee","Hawkins County",4,1,490,272,218
050,47,073,"Tennessee","Hawkins County",4,2,560,285,275
050,47,073,"Tennessee","Hawkins County",4,3,564,281,283
050,47,073,"Tennessee","Hawkins County",4,4,562,303,259
050,47,073,"Tennessee","Hawkins County",4,5,540,275,265
050,47,073,"Tennessee","Hawkins County",4,6,598,323,275
050,47,073,"Tennessee","Hawkins County",4,7,612,308,304
050,47,073,"Tennessee","Hawkins County",4,8,608,313,295
050,47,073,"Tennessee","Hawkins County",4,9,615,322,293
050,47,073,"Tennessee","Hawkins County",4,10,618,291,327
050,47,073,"Tennessee","Hawkins County",4,11,615,311,304
050,47,073,"Tennessee","Hawkins County",4,12,649,344,305
050,47,073,"Tennessee","Hawkins County",4,13,676,346,330
050,47,073,"Tennessee","Hawkins County",4,14,755,379,376
050,47,073,"Tennessee","Hawkins County",4,15,750,384,366
050,47,073,"Tennessee","Hawkins County",4,16,731,369,362
050,47,073,"Tennessee","Hawkins County",4,17,747,377,370
050,47,073,"Tennessee","Hawkins County",4,18,617,332,285
050,47,073,"Tennessee","Hawkins County",4,19,498,270,228
050,47,073,"Tennessee","Hawkins County",4,20,501,261,240
050,47,073,"Tennessee","Hawkins County",4,21,577,289,288
050,47,073,"Tennessee","Hawkins County",4,22,610,295,315
050,47,073,"Tennessee","Hawkins County",4,23,674,337,337
050,47,073,"Tennessee","Hawkins County",4,24,634,323,311
050,47,073,"Tennessee","Hawkins County",4,25,608,307,301
050,47,073,"Tennessee","Hawkins County",4,26,653,339,314
050,47,073,"Tennessee","Hawkins County",4,27,712,357,355
050,47,073,"Tennessee","Hawkins County",4,28,689,351,338
050,47,073,"Tennessee","Hawkins County",4,29,714,360,354
050,47,073,"Tennessee","Hawkins County",4,30,671,320,351
050,47,073,"Tennessee","Hawkins County",4,31,719,358,361
050,47,073,"Tennessee","Hawkins County",4,32,705,378,327
050,47,073,"Tennessee","Hawkins County",4,33,663,337,326
050,47,073,"Tennessee","Hawkins County",4,34,618,319,299
050,47,073,"Tennessee","Hawkins County",4,35,608,298,310
050,47,073,"Tennessee","Hawkins County",4,36,628,303,325
050,47,073,"Tennessee","Hawkins County",4,37,630,302,328
050,47,073,"Tennessee","Hawkins County",4,38,638,319,319
050,47,073,"Tennessee","Hawkins County",4,39,645,343,302
050,47,073,"Tennessee","Hawkins County",4,40,625,309,316
050,47,073,"Tennessee","Hawkins County",4,41,648,327,321
050,47,073,"Tennessee","Hawkins County",4,42,638,316,322
050,47,073,"Tennessee","Hawkins County",4,43,658,334,324
050,47,073,"Tennessee","Hawkins County",4,44,648,320,328
050,47,073,"Tennessee","Hawkins County",4,45,669,331,338
050,47,073,"Tennessee","Hawkins County",4,46,635,311,324
050,47,073,"Tennessee","Hawkins County",4,47,731,369,362
050,47,073,"Tennessee","Hawkins County",4,48,735,356,379
050,47,073,"Tennessee","Hawkins County",4,49,803,386,417
050,47,073,"Tennessee","Hawkins County",4,50,864,431,433
050,47,073,"Tennessee","Hawkins County",4,51,919,458,461
050,47,073,"Tennessee","Hawkins County",4,52,862,441,421
050,47,073,"Tennessee","Hawkins County",4,53,881,438,443
050,47,073,"Tennessee","Hawkins County",4,54,902,447,455
050,47,073,"Tennessee","Hawkins County",4,55,869,411,458
050,47,073,"Tennessee","Hawkins County",4,56,875,427,448
050,47,073,"Tennessee","Hawkins County",4,57,915,452,463
050,47,073,"Tennessee","Hawkins County",4,58,930,464,466
050,47,073,"Tennessee","Hawkins County",4,59,908,464,444
050,47,073,"Tennessee","Hawkins County",4,60,907,447,460
050,47,073,"Tennessee","Hawkins County",4,61,901,451,450
050,47,073,"Tennessee","Hawkins County",4,62,839,435,404
050,47,073,"Tennessee","Hawkins County",4,63,876,437,439
050,47,073,"Tennessee","Hawkins County",4,64,876,427,449
050,47,073,"Tennessee","Hawkins County",4,65,794,392,402
050,47,073,"Tennessee","Hawkins County",4,66,826,399,427
050,47,073,"Tennessee","Hawkins County",4,67,802,396,406
050,47,073,"Tennessee","Hawkins County",4,68,796,389,407
050,47,073,"Tennessee","Hawkins County",4,69,786,379,407
050,47,073,"Tennessee","Hawkins County",4,70,778,352,426
050,47,073,"Tennessee","Hawkins County",4,71,690,330,360
050,47,073,"Tennessee","Hawkins County",4,72,671,327,344
050,47,073,"Tennessee","Hawkins County",4,73,680,299,381
050,47,073,"Tennessee","Hawkins County",4,74,657,303,354
050,47,073,"Tennessee","Hawkins County",4,75,697,330,367
050,47,073,"Tennessee","Hawkins County",4,76,480,222,258
050,47,073,"Tennessee","Hawkins County",4,77,482,213,269
050,47,073,"Tennessee","Hawkins County",4,78,465,220,245
050,47,073,"Tennessee","Hawkins County",4,79,452,206,246
050,47,073,"Tennessee","Hawkins County",4,80,364,164,200
050,47,073,"Tennessee","Hawkins County",4,81,324,161,163
050,47,073,"Tennessee","Hawkins County",4,82,312,137,175
050,47,073,"Tennessee","Hawkins County",4,83,256,110,146
050,47,073,"Tennessee","Hawkins County",4,84,235,100,135
050,47,073,"Tennessee","Hawkins County",4,85,1046,417,629
050,47,073,"Tennessee","Hawkins County",5,0,495,264,231
050,47,073,"Tennessee","Hawkins County",5,1,537,280,257
050,47,073,"Tennessee","Hawkins County",5,2,498,262,236
050,47,073,"Tennessee","Hawkins County",5,3,603,304,299
050,47,073,"Tennessee","Hawkins County",5,4,568,284,284
050,47,073,"Tennessee","Hawkins County",5,5,576,312,264
050,47,073,"Tennessee","Hawkins County",5,6,569,301,268
050,47,073,"Tennessee","Hawkins County",5,7,612,332,280
050,47,073,"Tennessee","Hawkins County",5,8,632,324,308
050,47,073,"Tennessee","Hawkins County",5,9,607,315,292
050,47,073,"Tennessee","Hawkins County",5,10,609,329,280
050,47,073,"Tennessee","Hawkins County",5,11,612,284,328
050,47,073,"Tennessee","Hawkins County",5,12,618,318,300
050,47,073,"Tennessee","Hawkins County",5,13,651,332,319
050,47,073,"Tennessee","Hawkins County",5,14,687,356,331
050,47,073,"Tennessee","Hawkins County",5,15,748,370,378
050,47,073,"Tennessee","Hawkins County",5,16,745,387,358
050,47,073,"Tennessee","Hawkins County",5,17,739,376,363
050,47,073,"Tennessee","Hawkins County",5,18,615,326,289
050,47,073,"Tennessee","Hawkins County",5,19,494,267,227
050,47,073,"Tennessee","Hawkins County",5,20,550,296,254
050,47,073,"Tennessee","Hawkins County",5,21,565,290,275
050,47,073,"Tennessee","Hawkins County",5,22,634,316,318
050,47,073,"Tennessee","Hawkins County",5,23,650,311,339
050,47,073,"Tennessee","Hawkins County",5,24,701,359,342
050,47,073,"Tennessee","Hawkins County",5,25,643,320,323
050,47,073,"Tennessee","Hawkins County",5,26,626,333,293
050,47,073,"Tennessee","Hawkins County",5,27,667,346,321
050,47,073,"Tennessee","Hawkins County",5,28,730,367,363
050,47,073,"Tennessee","Hawkins County",5,29,691,341,350
050,47,073,"Tennessee","Hawkins County",5,30,720,360,360
050,47,073,"Tennessee","Hawkins County",5,31,685,333,352
050,47,073,"Tennessee","Hawkins County",5,32,717,358,359
050,47,073,"Tennessee","Hawkins County",5,33,734,386,348
050,47,073,"Tennessee","Hawkins County",5,34,680,350,330
050,47,073,"Tennessee","Hawkins County",5,35,641,343,298
050,47,073,"Tennessee","Hawkins County",5,36,614,310,304
050,47,073,"Tennessee","Hawkins County",5,37,613,292,321
050,47,073,"Tennessee","Hawkins County",5,38,661,317,344
050,47,073,"Tennessee","Hawkins County",5,39,653,321,332
050,47,073,"Tennessee","Hawkins County",5,40,661,353,308
050,47,073,"Tennessee","Hawkins County",5,41,627,305,322
050,47,073,"Tennessee","Hawkins County",5,42,662,330,332
050,47,073,"Tennessee","Hawkins County",5,43,640,313,327
050,47,073,"Tennessee","Hawkins County",5,44,677,342,335
050,47,073,"Tennessee","Hawkins County",5,45,670,332,338
050,47,073,"Tennessee","Hawkins County",5,46,678,334,344
050,47,073,"Tennessee","Hawkins County",5,47,660,322,338
050,47,073,"Tennessee","Hawkins County",5,48,730,374,356
050,47,073,"Tennessee","Hawkins County",5,49,738,351,387
050,47,073,"Tennessee","Hawkins County",5,50,833,397,436
050,47,073,"Tennessee","Hawkins County",5,51,868,427,441
050,47,073,"Tennessee","Hawkins County",5,52,941,472,469
050,47,073,"Tennessee","Hawkins County",5,53,899,455,444
050,47,073,"Tennessee","Hawkins County",5,54,908,455,453
050,47,073,"Tennessee","Hawkins County",5,55,899,454,445
050,47,073,"Tennessee","Hawkins County",5,56,911,428,483
050,47,073,"Tennessee","Hawkins County",5,57,874,422,452
050,47,073,"Tennessee","Hawkins County",5,58,938,469,469
050,47,073,"Tennessee","Hawkins County",5,59,918,467,451
050,47,073,"Tennessee","Hawkins County",5,60,927,472,455
050,47,073,"Tennessee","Hawkins County",5,61,935,454,481
050,47,073,"Tennessee","Hawkins County",5,62,917,464,453
050,47,073,"Tennessee","Hawkins County",5,63,870,450,420
050,47,073,"Tennessee","Hawkins County",5,64,888,447,441
050,47,073,"Tennessee","Hawkins County",5,65,876,421,455
050,47,073,"Tennessee","Hawkins County",5,66,796,397,399
050,47,073,"Tennessee","Hawkins County",5,67,834,405,429
050,47,073,"Tennessee","Hawkins County",5,68,790,393,397
050,47,073,"Tennessee","Hawkins County",5,69,786,382,404
050,47,073,"Tennessee","Hawkins County",5,70,777,369,408
050,47,073,"Tennessee","Hawkins County",5,71,770,342,428
050,47,073,"Tennessee","Hawkins County",5,72,675,326,349
050,47,073,"Tennessee","Hawkins County",5,73,649,314,335
050,47,073,"Tennessee","Hawkins County",5,74,667,290,377
050,47,073,"Tennessee","Hawkins County",5,75,635,295,340
050,47,073,"Tennessee","Hawkins County",5,76,663,311,352
050,47,073,"Tennessee","Hawkins County",5,77,449,199,250
050,47,073,"Tennessee","Hawkins County",5,78,469,211,258
050,47,073,"Tennessee","Hawkins County",5,79,444,203,241
050,47,073,"Tennessee","Hawkins County",5,80,429,191,238
050,47,073,"Tennessee","Hawkins County",5,81,334,146,188
050,47,073,"Tennessee","Hawkins County",5,82,303,146,157
050,47,073,"Tennessee","Hawkins County",5,83,282,118,164
050,47,073,"Tennessee","Hawkins County",5,84,238,101,137
050,47,073,"Tennessee","Hawkins County",5,85,1075,429,646
050,47,075,"Tennessee","Haywood County",1,0,189,96,93
050,47,075,"Tennessee","Haywood County",1,1,210,113,97
050,47,075,"Tennessee","Haywood County",1,2,204,111,93
050,47,075,"Tennessee","Haywood County",1,3,187,94,93
050,47,075,"Tennessee","Haywood County",1,4,189,91,98
050,47,075,"Tennessee","Haywood County",1,5,217,104,113
050,47,075,"Tennessee","Haywood County",1,6,240,119,121
050,47,075,"Tennessee","Haywood County",1,7,237,124,113
050,47,075,"Tennessee","Haywood County",1,8,219,116,103
050,47,075,"Tennessee","Haywood County",1,9,210,109,101
050,47,075,"Tennessee","Haywood County",1,10,220,101,119
050,47,075,"Tennessee","Haywood County",1,11,232,112,120
050,47,075,"Tennessee","Haywood County",1,12,253,134,119
050,47,075,"Tennessee","Haywood County",1,13,265,138,127
050,47,075,"Tennessee","Haywood County",1,14,227,114,113
050,47,075,"Tennessee","Haywood County",1,15,247,126,121
050,47,075,"Tennessee","Haywood County",1,16,224,106,118
050,47,075,"Tennessee","Haywood County",1,17,242,112,130
050,47,075,"Tennessee","Haywood County",1,18,224,123,101
050,47,075,"Tennessee","Haywood County",1,19,198,113,85
050,47,075,"Tennessee","Haywood County",1,20,196,103,93
050,47,075,"Tennessee","Haywood County",1,21,194,97,97
050,47,075,"Tennessee","Haywood County",1,22,186,95,91
050,47,075,"Tennessee","Haywood County",1,23,200,101,99
050,47,075,"Tennessee","Haywood County",1,24,220,107,113
050,47,075,"Tennessee","Haywood County",1,25,187,92,95
050,47,075,"Tennessee","Haywood County",1,26,195,99,96
050,47,075,"Tennessee","Haywood County",1,27,223,114,109
050,47,075,"Tennessee","Haywood County",1,28,228,116,112
050,47,075,"Tennessee","Haywood County",1,29,215,94,121
050,47,075,"Tennessee","Haywood County",1,30,187,82,105
050,47,075,"Tennessee","Haywood County",1,31,189,84,105
050,47,075,"Tennessee","Haywood County",1,32,198,85,113
050,47,075,"Tennessee","Haywood County",1,33,199,86,113
050,47,075,"Tennessee","Haywood County",1,34,195,96,99
050,47,075,"Tennessee","Haywood County",1,35,210,99,111
050,47,075,"Tennessee","Haywood County",1,36,185,79,106
050,47,075,"Tennessee","Haywood County",1,37,208,102,106
050,47,075,"Tennessee","Haywood County",1,38,215,107,108
050,47,075,"Tennessee","Haywood County",1,39,239,111,128
050,47,075,"Tennessee","Haywood County",1,40,226,99,127
050,47,075,"Tennessee","Haywood County",1,41,202,87,115
050,47,075,"Tennessee","Haywood County",1,42,208,85,123
050,47,075,"Tennessee","Haywood County",1,43,233,103,130
050,47,075,"Tennessee","Haywood County",1,44,207,89,118
050,47,075,"Tennessee","Haywood County",1,45,193,88,105
050,47,075,"Tennessee","Haywood County",1,46,182,85,97
050,47,075,"Tennessee","Haywood County",1,47,164,79,85
050,47,075,"Tennessee","Haywood County",1,48,204,105,99
050,47,075,"Tennessee","Haywood County",1,49,234,106,128
050,47,075,"Tennessee","Haywood County",1,50,221,100,121
050,47,075,"Tennessee","Haywood County",1,51,217,96,121
050,47,075,"Tennessee","Haywood County",1,52,234,105,129
050,47,075,"Tennessee","Haywood County",1,53,246,118,128
050,47,075,"Tennessee","Haywood County",1,54,246,116,130
050,47,075,"Tennessee","Haywood County",1,55,269,126,143
050,47,075,"Tennessee","Haywood County",1,56,273,129,144
050,47,075,"Tennessee","Haywood County",1,57,258,121,137
050,47,075,"Tennessee","Haywood County",1,58,254,127,127
050,47,075,"Tennessee","Haywood County",1,59,258,136,122
050,47,075,"Tennessee","Haywood County",1,60,285,131,154
050,47,075,"Tennessee","Haywood County",1,61,269,116,153
050,47,075,"Tennessee","Haywood County",1,62,276,122,154
050,47,075,"Tennessee","Haywood County",1,63,268,114,154
050,47,075,"Tennessee","Haywood County",1,64,246,107,139
050,47,075,"Tennessee","Haywood County",1,65,267,132,135
050,47,075,"Tennessee","Haywood County",1,66,278,148,130
050,47,075,"Tennessee","Haywood County",1,67,254,115,139
050,47,075,"Tennessee","Haywood County",1,68,254,109,145
050,47,075,"Tennessee","Haywood County",1,69,211,91,120
050,47,075,"Tennessee","Haywood County",1,70,209,93,116
050,47,075,"Tennessee","Haywood County",1,71,212,95,117
050,47,075,"Tennessee","Haywood County",1,72,188,80,108
050,47,075,"Tennessee","Haywood County",1,73,162,73,89
050,47,075,"Tennessee","Haywood County",1,74,137,61,76
050,47,075,"Tennessee","Haywood County",1,75,129,54,75
050,47,075,"Tennessee","Haywood County",1,76,126,57,69
050,47,075,"Tennessee","Haywood County",1,77,134,59,75
050,47,075,"Tennessee","Haywood County",1,78,97,44,53
050,47,075,"Tennessee","Haywood County",1,79,90,37,53
050,47,075,"Tennessee","Haywood County",1,80,75,28,47
050,47,075,"Tennessee","Haywood County",1,81,86,37,49
050,47,075,"Tennessee","Haywood County",1,82,77,33,44
050,47,075,"Tennessee","Haywood County",1,83,57,27,30
050,47,075,"Tennessee","Haywood County",1,84,58,21,37
050,47,075,"Tennessee","Haywood County",1,85,386,118,268
050,47,075,"Tennessee","Haywood County",2,0,179,88,91
050,47,075,"Tennessee","Haywood County",2,1,204,110,94
050,47,075,"Tennessee","Haywood County",2,2,205,111,94
050,47,075,"Tennessee","Haywood County",2,3,190,96,94
050,47,075,"Tennessee","Haywood County",2,4,189,91,98
050,47,075,"Tennessee","Haywood County",2,5,211,101,110
050,47,075,"Tennessee","Haywood County",2,6,238,117,121
050,47,075,"Tennessee","Haywood County",2,7,237,123,114
050,47,075,"Tennessee","Haywood County",2,8,222,118,104
050,47,075,"Tennessee","Haywood County",2,9,212,110,102
050,47,075,"Tennessee","Haywood County",2,10,214,99,115
050,47,075,"Tennessee","Haywood County",2,11,223,105,118
050,47,075,"Tennessee","Haywood County",2,12,248,130,118
050,47,075,"Tennessee","Haywood County",2,13,258,134,124
050,47,075,"Tennessee","Haywood County",2,14,234,120,114
050,47,075,"Tennessee","Haywood County",2,15,240,122,118
050,47,075,"Tennessee","Haywood County",2,16,229,111,118
050,47,075,"Tennessee","Haywood County",2,17,236,110,126
050,47,075,"Tennessee","Haywood County",2,18,220,117,103
050,47,075,"Tennessee","Haywood County",2,19,198,113,85
050,47,075,"Tennessee","Haywood County",2,20,201,106,95
050,47,075,"Tennessee","Haywood County",2,21,193,97,96
050,47,075,"Tennessee","Haywood County",2,22,187,95,92
050,47,075,"Tennessee","Haywood County",2,23,198,99,99
050,47,075,"Tennessee","Haywood County",2,24,215,106,109
050,47,075,"Tennessee","Haywood County",2,25,193,95,98
050,47,075,"Tennessee","Haywood County",2,26,196,100,96
050,47,075,"Tennessee","Haywood County",2,27,217,112,105
050,47,075,"Tennessee","Haywood County",2,28,228,116,112
050,47,075,"Tennessee","Haywood County",2,29,214,96,118
050,47,075,"Tennessee","Haywood County",2,30,193,83,110
050,47,075,"Tennessee","Haywood County",2,31,189,85,104
050,47,075,"Tennessee","Haywood County",2,32,194,84,110
050,47,075,"Tennessee","Haywood County",2,33,197,86,111
050,47,075,"Tennessee","Haywood County",2,34,197,94,103
050,47,075,"Tennessee","Haywood County",2,35,207,97,110
050,47,075,"Tennessee","Haywood County",2,36,190,85,105
050,47,075,"Tennessee","Haywood County",2,37,204,97,107
050,47,075,"Tennessee","Haywood County",2,38,215,106,109
050,47,075,"Tennessee","Haywood County",2,39,231,109,122
050,47,075,"Tennessee","Haywood County",2,40,232,102,130
050,47,075,"Tennessee","Haywood County",2,41,205,88,117
050,47,075,"Tennessee","Haywood County",2,42,204,85,119
050,47,075,"Tennessee","Haywood County",2,43,230,101,129
050,47,075,"Tennessee","Haywood County",2,44,208,90,118
050,47,075,"Tennessee","Haywood County",2,45,195,88,107
050,47,075,"Tennessee","Haywood County",2,46,184,86,98
050,47,075,"Tennessee","Haywood County",2,47,168,80,88
050,47,075,"Tennessee","Haywood County",2,48,196,100,96
050,47,075,"Tennessee","Haywood County",2,49,228,106,122
050,47,075,"Tennessee","Haywood County",2,50,224,103,121
050,47,075,"Tennessee","Haywood County",2,51,215,95,120
050,47,075,"Tennessee","Haywood County",2,52,233,104,129
050,47,075,"Tennessee","Haywood County",2,53,242,115,127
050,47,075,"Tennessee","Haywood County",2,54,246,116,130
050,47,075,"Tennessee","Haywood County",2,55,266,125,141
050,47,075,"Tennessee","Haywood County",2,56,272,128,144
050,47,075,"Tennessee","Haywood County",2,57,260,121,139
050,47,075,"Tennessee","Haywood County",2,58,253,123,130
050,47,075,"Tennessee","Haywood County",2,59,256,135,121
050,47,075,"Tennessee","Haywood County",2,60,279,132,147
050,47,075,"Tennessee","Haywood County",2,61,269,118,151
050,47,075,"Tennessee","Haywood County",2,62,273,120,153
050,47,075,"Tennessee","Haywood County",2,63,272,117,155
050,47,075,"Tennessee","Haywood County",2,64,248,107,141
050,47,075,"Tennessee","Haywood County",2,65,263,127,136
050,47,075,"Tennessee","Haywood County",2,66,275,143,132
050,47,075,"Tennessee","Haywood County",2,67,261,123,138
050,47,075,"Tennessee","Haywood County",2,68,253,110,143
050,47,075,"Tennessee","Haywood County",2,69,221,95,126
050,47,075,"Tennessee","Haywood County",2,70,209,93,116
050,47,075,"Tennessee","Haywood County",2,71,214,95,119
050,47,075,"Tennessee","Haywood County",2,72,191,84,107
050,47,075,"Tennessee","Haywood County",2,73,174,78,96
050,47,075,"Tennessee","Haywood County",2,74,133,59,74
050,47,075,"Tennessee","Haywood County",2,75,128,53,75
050,47,075,"Tennessee","Haywood County",2,76,124,54,70
050,47,075,"Tennessee","Haywood County",2,77,134,60,74
050,47,075,"Tennessee","Haywood County",2,78,103,47,56
050,47,075,"Tennessee","Haywood County",2,79,90,38,52
050,47,075,"Tennessee","Haywood County",2,80,79,30,49
050,47,075,"Tennessee","Haywood County",2,81,82,34,48
050,47,075,"Tennessee","Haywood County",2,82,79,34,45
050,47,075,"Tennessee","Haywood County",2,83,61,28,33
050,47,075,"Tennessee","Haywood County",2,84,56,21,35
050,47,075,"Tennessee","Haywood County",2,85,392,118,274
050,47,075,"Tennessee","Haywood County",3,0,194,101,93
050,47,075,"Tennessee","Haywood County",3,1,190,106,84
050,47,075,"Tennessee","Haywood County",3,2,201,110,91
050,47,075,"Tennessee","Haywood County",3,3,203,111,92
050,47,075,"Tennessee","Haywood County",3,4,192,95,97
050,47,075,"Tennessee","Haywood County",3,5,193,97,96
050,47,075,"Tennessee","Haywood County",3,6,209,102,107
050,47,075,"Tennessee","Haywood County",3,7,235,119,116
050,47,075,"Tennessee","Haywood County",3,8,230,125,105
050,47,075,"Tennessee","Haywood County",3,9,223,122,101
050,47,075,"Tennessee","Haywood County",3,10,217,117,100
050,47,075,"Tennessee","Haywood County",3,11,213,105,108
050,47,075,"Tennessee","Haywood County",3,12,222,108,114
050,47,075,"Tennessee","Haywood County",3,13,252,130,122
050,47,075,"Tennessee","Haywood County",3,14,249,131,118
050,47,075,"Tennessee","Haywood County",3,15,232,120,112
050,47,075,"Tennessee","Haywood County",3,16,236,117,119
050,47,075,"Tennessee","Haywood County",3,17,226,109,117
050,47,075,"Tennessee","Haywood County",3,18,209,103,106
050,47,075,"Tennessee","Haywood County",3,19,183,97,86
050,47,075,"Tennessee","Haywood County",3,20,193,105,88
050,47,075,"Tennessee","Haywood County",3,21,210,108,102
050,47,075,"Tennessee","Haywood County",3,22,200,100,100
050,47,075,"Tennessee","Haywood County",3,23,195,96,99
050,47,075,"Tennessee","Haywood County",3,24,207,98,109
050,47,075,"Tennessee","Haywood County",3,25,196,97,99
050,47,075,"Tennessee","Haywood County",3,26,203,98,105
050,47,075,"Tennessee","Haywood County",3,27,183,95,88
050,47,075,"Tennessee","Haywood County",3,28,224,114,110
050,47,075,"Tennessee","Haywood County",3,29,218,108,110
050,47,075,"Tennessee","Haywood County",3,30,217,100,117
050,47,075,"Tennessee","Haywood County",3,31,193,80,113
050,47,075,"Tennessee","Haywood County",3,32,197,89,108
050,47,075,"Tennessee","Haywood County",3,33,198,84,114
050,47,075,"Tennessee","Haywood County",3,34,190,81,109
050,47,075,"Tennessee","Haywood County",3,35,195,91,104
050,47,075,"Tennessee","Haywood County",3,36,202,95,107
050,47,075,"Tennessee","Haywood County",3,37,183,84,99
050,47,075,"Tennessee","Haywood County",3,38,208,96,112
050,47,075,"Tennessee","Haywood County",3,39,211,104,107
050,47,075,"Tennessee","Haywood County",3,40,215,99,116
050,47,075,"Tennessee","Haywood County",3,41,218,95,123
050,47,075,"Tennessee","Haywood County",3,42,215,94,121
050,47,075,"Tennessee","Haywood County",3,43,202,79,123
050,47,075,"Tennessee","Haywood County",3,44,229,101,128
050,47,075,"Tennessee","Haywood County",3,45,210,90,120
050,47,075,"Tennessee","Haywood County",3,46,195,90,105
050,47,075,"Tennessee","Haywood County",3,47,180,87,93
050,47,075,"Tennessee","Haywood County",3,48,179,82,97
050,47,075,"Tennessee","Haywood County",3,49,192,98,94
050,47,075,"Tennessee","Haywood County",3,50,227,109,118
050,47,075,"Tennessee","Haywood County",3,51,226,105,121
050,47,075,"Tennessee","Haywood County",3,52,211,93,118
050,47,075,"Tennessee","Haywood County",3,53,236,102,134
050,47,075,"Tennessee","Haywood County",3,54,228,109,119
050,47,075,"Tennessee","Haywood County",3,55,240,113,127
050,47,075,"Tennessee","Haywood County",3,56,264,120,144
050,47,075,"Tennessee","Haywood County",3,57,271,124,147
050,47,075,"Tennessee","Haywood County",3,58,256,122,134
050,47,075,"Tennessee","Haywood County",3,59,260,125,135
050,47,075,"Tennessee","Haywood County",3,60,255,129,126
050,47,075,"Tennessee","Haywood County",3,61,280,130,150
050,47,075,"Tennessee","Haywood County",3,62,267,120,147
050,47,075,"Tennessee","Haywood County",3,63,259,112,147
050,47,075,"Tennessee","Haywood County",3,64,269,116,153
050,47,075,"Tennessee","Haywood County",3,65,249,113,136
050,47,075,"Tennessee","Haywood County",3,66,256,120,136
050,47,075,"Tennessee","Haywood County",3,67,272,142,130
050,47,075,"Tennessee","Haywood County",3,68,263,122,141
050,47,075,"Tennessee","Haywood County",3,69,242,106,136
050,47,075,"Tennessee","Haywood County",3,70,221,97,124
050,47,075,"Tennessee","Haywood County",3,71,204,90,114
050,47,075,"Tennessee","Haywood County",3,72,207,92,115
050,47,075,"Tennessee","Haywood County",3,73,186,80,106
050,47,075,"Tennessee","Haywood County",3,74,155,69,86
050,47,075,"Tennessee","Haywood County",3,75,128,55,73
050,47,075,"Tennessee","Haywood County",3,76,119,48,71
050,47,075,"Tennessee","Haywood County",3,77,118,52,66
050,47,075,"Tennessee","Haywood County",3,78,130,56,74
050,47,075,"Tennessee","Haywood County",3,79,93,38,55
050,47,075,"Tennessee","Haywood County",3,80,80,32,48
050,47,075,"Tennessee","Haywood County",3,81,77,31,46
050,47,075,"Tennessee","Haywood County",3,82,71,29,42
050,47,075,"Tennessee","Haywood County",3,83,73,31,42
050,47,075,"Tennessee","Haywood County",3,84,55,24,31
050,47,075,"Tennessee","Haywood County",3,85,376,112,264
050,47,075,"Tennessee","Haywood County",4,0,191,88,103
050,47,075,"Tennessee","Haywood County",4,1,195,106,89
050,47,075,"Tennessee","Haywood County",4,2,188,102,86
050,47,075,"Tennessee","Haywood County",4,3,205,107,98
050,47,075,"Tennessee","Haywood County",4,4,209,112,97
050,47,075,"Tennessee","Haywood County",4,5,197,97,100
050,47,075,"Tennessee","Haywood County",4,6,197,95,102
050,47,075,"Tennessee","Haywood County",4,7,212,104,108
050,47,075,"Tennessee","Haywood County",4,8,241,120,121
050,47,075,"Tennessee","Haywood County",4,9,222,127,95
050,47,075,"Tennessee","Haywood County",4,10,216,116,100
050,47,075,"Tennessee","Haywood County",4,11,205,111,94
050,47,075,"Tennessee","Haywood County",4,12,213,107,106
050,47,075,"Tennessee","Haywood County",4,13,219,107,112
050,47,075,"Tennessee","Haywood County",4,14,257,133,124
050,47,075,"Tennessee","Haywood County",4,15,249,130,119
050,47,075,"Tennessee","Haywood County",4,16,227,115,112
050,47,075,"Tennessee","Haywood County",4,17,226,116,110
050,47,075,"Tennessee","Haywood County",4,18,197,100,97
050,47,075,"Tennessee","Haywood County",4,19,183,92,91
050,47,075,"Tennessee","Haywood County",4,20,187,98,89
050,47,075,"Tennessee","Haywood County",4,21,196,106,90
050,47,075,"Tennessee","Haywood County",4,22,209,106,103
050,47,075,"Tennessee","Haywood County",4,23,209,100,109
050,47,075,"Tennessee","Haywood County",4,24,198,99,99
050,47,075,"Tennessee","Haywood County",4,25,200,97,103
050,47,075,"Tennessee","Haywood County",4,26,197,101,96
050,47,075,"Tennessee","Haywood County",4,27,196,95,101
050,47,075,"Tennessee","Haywood County",4,28,184,95,89
050,47,075,"Tennessee","Haywood County",4,29,222,115,107
050,47,075,"Tennessee","Haywood County",4,30,220,108,112
050,47,075,"Tennessee","Haywood County",4,31,217,101,116
050,47,075,"Tennessee","Haywood County",4,32,207,86,121
050,47,075,"Tennessee","Haywood County",4,33,194,84,110
050,47,075,"Tennessee","Haywood County",4,34,198,81,117
050,47,075,"Tennessee","Haywood County",4,35,174,73,101
050,47,075,"Tennessee","Haywood County",4,36,189,90,99
050,47,075,"Tennessee","Haywood County",4,37,196,87,109
050,47,075,"Tennessee","Haywood County",4,38,175,80,95
050,47,075,"Tennessee","Haywood County",4,39,201,93,108
050,47,075,"Tennessee","Haywood County",4,40,204,94,110
050,47,075,"Tennessee","Haywood County",4,41,219,103,116
050,47,075,"Tennessee","Haywood County",4,42,220,95,125
050,47,075,"Tennessee","Haywood County",4,43,218,101,117
050,47,075,"Tennessee","Haywood County",4,44,193,81,112
050,47,075,"Tennessee","Haywood County",4,45,215,95,120
050,47,075,"Tennessee","Haywood County",4,46,208,90,118
050,47,075,"Tennessee","Haywood County",4,47,197,93,104
050,47,075,"Tennessee","Haywood County",4,48,177,88,89
050,47,075,"Tennessee","Haywood County",4,49,181,79,102
050,47,075,"Tennessee","Haywood County",4,50,190,99,91
050,47,075,"Tennessee","Haywood County",4,51,215,98,117
050,47,075,"Tennessee","Haywood County",4,52,214,95,119
050,47,075,"Tennessee","Haywood County",4,53,208,86,122
050,47,075,"Tennessee","Haywood County",4,54,240,106,134
050,47,075,"Tennessee","Haywood County",4,55,228,111,117
050,47,075,"Tennessee","Haywood County",4,56,237,104,133
050,47,075,"Tennessee","Haywood County",4,57,256,116,140
050,47,075,"Tennessee","Haywood County",4,58,256,115,141
050,47,075,"Tennessee","Haywood County",4,59,250,119,131
050,47,075,"Tennessee","Haywood County",4,60,257,126,131
050,47,075,"Tennessee","Haywood County",4,61,242,125,117
050,47,075,"Tennessee","Haywood County",4,62,275,129,146
050,47,075,"Tennessee","Haywood County",4,63,267,124,143
050,47,075,"Tennessee","Haywood County",4,64,262,113,149
050,47,075,"Tennessee","Haywood County",4,65,262,117,145
050,47,075,"Tennessee","Haywood County",4,66,254,111,143
050,47,075,"Tennessee","Haywood County",4,67,256,120,136
050,47,075,"Tennessee","Haywood County",4,68,271,143,128
050,47,075,"Tennessee","Haywood County",4,69,245,110,135
050,47,075,"Tennessee","Haywood County",4,70,238,99,139
050,47,075,"Tennessee","Haywood County",4,71,224,101,123
050,47,075,"Tennessee","Haywood County",4,72,194,88,106
050,47,075,"Tennessee","Haywood County",4,73,211,93,118
050,47,075,"Tennessee","Haywood County",4,74,176,74,102
050,47,075,"Tennessee","Haywood County",4,75,154,72,82
050,47,075,"Tennessee","Haywood County",4,76,121,50,71
050,47,075,"Tennessee","Haywood County",4,77,114,46,68
050,47,075,"Tennessee","Haywood County",4,78,115,50,65
050,47,075,"Tennessee","Haywood County",4,79,119,52,67
050,47,075,"Tennessee","Haywood County",4,80,81,31,50
050,47,075,"Tennessee","Haywood County",4,81,80,33,47
050,47,075,"Tennessee","Haywood County",4,82,67,26,41
050,47,075,"Tennessee","Haywood County",4,83,63,29,34
050,47,075,"Tennessee","Haywood County",4,84,63,25,38
050,47,075,"Tennessee","Haywood County",4,85,363,109,254
050,47,075,"Tennessee","Haywood County",5,0,194,89,105
050,47,075,"Tennessee","Haywood County",5,1,197,94,103
050,47,075,"Tennessee","Haywood County",5,2,188,105,83
050,47,075,"Tennessee","Haywood County",5,3,189,105,84
050,47,075,"Tennessee","Haywood County",5,4,204,102,102
050,47,075,"Tennessee","Haywood County",5,5,206,112,94
050,47,075,"Tennessee","Haywood County",5,6,201,99,102
050,47,075,"Tennessee","Haywood County",5,7,191,96,95
050,47,075,"Tennessee","Haywood County",5,8,202,98,104
050,47,075,"Tennessee","Haywood County",5,9,238,117,121
050,47,075,"Tennessee","Haywood County",5,10,224,124,100
050,47,075,"Tennessee","Haywood County",5,11,224,119,105
050,47,075,"Tennessee","Haywood County",5,12,208,110,98
050,47,075,"Tennessee","Haywood County",5,13,225,117,108
050,47,075,"Tennessee","Haywood County",5,14,218,109,109
050,47,075,"Tennessee","Haywood County",5,15,259,134,125
050,47,075,"Tennessee","Haywood County",5,16,246,123,123
050,47,075,"Tennessee","Haywood County",5,17,229,114,115
050,47,075,"Tennessee","Haywood County",5,18,201,102,99
050,47,075,"Tennessee","Haywood County",5,19,171,88,83
050,47,075,"Tennessee","Haywood County",5,20,177,87,90
050,47,075,"Tennessee","Haywood County",5,21,203,105,98
050,47,075,"Tennessee","Haywood County",5,22,203,108,95
050,47,075,"Tennessee","Haywood County",5,23,213,107,106
050,47,075,"Tennessee","Haywood County",5,24,207,103,104
050,47,075,"Tennessee","Haywood County",5,25,194,97,97
050,47,075,"Tennessee","Haywood County",5,26,201,101,100
050,47,075,"Tennessee","Haywood County",5,27,186,93,93
050,47,075,"Tennessee","Haywood County",5,28,191,94,97
050,47,075,"Tennessee","Haywood County",5,29,187,95,92
050,47,075,"Tennessee","Haywood County",5,30,223,115,108
050,47,075,"Tennessee","Haywood County",5,31,220,103,117
050,47,075,"Tennessee","Haywood County",5,32,207,95,112
050,47,075,"Tennessee","Haywood County",5,33,196,79,117
050,47,075,"Tennessee","Haywood County",5,34,180,80,100
050,47,075,"Tennessee","Haywood County",5,35,178,70,108
050,47,075,"Tennessee","Haywood County",5,36,171,72,99
050,47,075,"Tennessee","Haywood County",5,37,188,85,103
050,47,075,"Tennessee","Haywood County",5,38,189,81,108
050,47,075,"Tennessee","Haywood County",5,39,175,82,93
050,47,075,"Tennessee","Haywood County",5,40,195,85,110
050,47,075,"Tennessee","Haywood County",5,41,194,86,108
050,47,075,"Tennessee","Haywood County",5,42,221,104,117
050,47,075,"Tennessee","Haywood County",5,43,212,94,118
050,47,075,"Tennessee","Haywood County",5,44,214,97,117
050,47,075,"Tennessee","Haywood County",5,45,183,78,105
050,47,075,"Tennessee","Haywood County",5,46,205,85,120
050,47,075,"Tennessee","Haywood County",5,47,201,87,114
050,47,075,"Tennessee","Haywood County",5,48,197,94,103
050,47,075,"Tennessee","Haywood County",5,49,176,86,90
050,47,075,"Tennessee","Haywood County",5,50,176,81,95
050,47,075,"Tennessee","Haywood County",5,51,192,96,96
050,47,075,"Tennessee","Haywood County",5,52,211,95,116
050,47,075,"Tennessee","Haywood County",5,53,209,90,119
050,47,075,"Tennessee","Haywood County",5,54,201,86,115
050,47,075,"Tennessee","Haywood County",5,55,239,108,131
050,47,075,"Tennessee","Haywood County",5,56,226,111,115
050,47,075,"Tennessee","Haywood County",5,57,233,107,126
050,47,075,"Tennessee","Haywood County",5,58,251,111,140
050,47,075,"Tennessee","Haywood County",5,59,263,120,143
050,47,075,"Tennessee","Haywood County",5,60,247,115,132
050,47,075,"Tennessee","Haywood County",5,61,249,124,125
050,47,075,"Tennessee","Haywood County",5,62,241,125,116
050,47,075,"Tennessee","Haywood County",5,63,277,136,141
050,47,075,"Tennessee","Haywood County",5,64,263,123,140
050,47,075,"Tennessee","Haywood County",5,65,254,108,146
050,47,075,"Tennessee","Haywood County",5,66,260,111,149
050,47,075,"Tennessee","Haywood County",5,67,240,104,136
050,47,075,"Tennessee","Haywood County",5,68,257,118,139
050,47,075,"Tennessee","Haywood County",5,69,257,133,124
050,47,075,"Tennessee","Haywood County",5,70,243,109,134
050,47,075,"Tennessee","Haywood County",5,71,237,100,137
050,47,075,"Tennessee","Haywood County",5,72,219,99,120
050,47,075,"Tennessee","Haywood County",5,73,196,88,108
050,47,075,"Tennessee","Haywood County",5,74,195,86,109
050,47,075,"Tennessee","Haywood County",5,75,172,74,98
050,47,075,"Tennessee","Haywood County",5,76,146,66,80
050,47,075,"Tennessee","Haywood County",5,77,115,48,67
050,47,075,"Tennessee","Haywood County",5,78,109,45,64
050,47,075,"Tennessee","Haywood County",5,79,101,41,60
050,47,075,"Tennessee","Haywood County",5,80,108,46,62
050,47,075,"Tennessee","Haywood County",5,81,82,32,50
050,47,075,"Tennessee","Haywood County",5,82,71,29,42
050,47,075,"Tennessee","Haywood County",5,83,60,26,34
050,47,075,"Tennessee","Haywood County",5,84,56,26,30
050,47,075,"Tennessee","Haywood County",5,85,370,113,257
050,47,077,"Tennessee","Henderson County",1,0,294,147,147
050,47,077,"Tennessee","Henderson County",1,1,307,152,155
050,47,077,"Tennessee","Henderson County",1,2,328,182,146
050,47,077,"Tennessee","Henderson County",1,3,340,194,146
050,47,077,"Tennessee","Henderson County",1,4,328,176,152
050,47,077,"Tennessee","Henderson County",1,5,335,175,160
050,47,077,"Tennessee","Henderson County",1,6,336,172,164
050,47,077,"Tennessee","Henderson County",1,7,320,170,150
050,47,077,"Tennessee","Henderson County",1,8,342,182,160
050,47,077,"Tennessee","Henderson County",1,9,341,179,162
050,47,077,"Tennessee","Henderson County",1,10,357,183,174
050,47,077,"Tennessee","Henderson County",1,11,390,197,193
050,47,077,"Tennessee","Henderson County",1,12,435,227,208
050,47,077,"Tennessee","Henderson County",1,13,401,198,203
050,47,077,"Tennessee","Henderson County",1,14,386,197,189
050,47,077,"Tennessee","Henderson County",1,15,370,201,169
050,47,077,"Tennessee","Henderson County",1,16,398,197,201
050,47,077,"Tennessee","Henderson County",1,17,363,194,169
050,47,077,"Tennessee","Henderson County",1,18,318,177,141
050,47,077,"Tennessee","Henderson County",1,19,259,124,135
050,47,077,"Tennessee","Henderson County",1,20,284,149,135
050,47,077,"Tennessee","Henderson County",1,21,290,152,138
050,47,077,"Tennessee","Henderson County",1,22,297,156,141
050,47,077,"Tennessee","Henderson County",1,23,298,139,159
050,47,077,"Tennessee","Henderson County",1,24,333,171,162
050,47,077,"Tennessee","Henderson County",1,25,322,171,151
050,47,077,"Tennessee","Henderson County",1,26,312,159,153
050,47,077,"Tennessee","Henderson County",1,27,317,153,164
050,47,077,"Tennessee","Henderson County",1,28,315,155,160
050,47,077,"Tennessee","Henderson County",1,29,359,179,180
050,47,077,"Tennessee","Henderson County",1,30,346,174,172
050,47,077,"Tennessee","Henderson County",1,31,327,173,154
050,47,077,"Tennessee","Henderson County",1,32,321,155,166
050,47,077,"Tennessee","Henderson County",1,33,286,133,153
050,47,077,"Tennessee","Henderson County",1,34,342,162,180
050,47,077,"Tennessee","Henderson County",1,35,347,164,183
050,47,077,"Tennessee","Henderson County",1,36,311,140,171
050,47,077,"Tennessee","Henderson County",1,37,351,177,174
050,47,077,"Tennessee","Henderson County",1,38,361,177,184
050,47,077,"Tennessee","Henderson County",1,39,374,192,182
050,47,077,"Tennessee","Henderson County",1,40,372,196,176
050,47,077,"Tennessee","Henderson County",1,41,372,198,174
050,47,077,"Tennessee","Henderson County",1,42,355,175,180
050,47,077,"Tennessee","Henderson County",1,43,346,175,171
050,47,077,"Tennessee","Henderson County",1,44,324,152,172
050,47,077,"Tennessee","Henderson County",1,45,325,157,168
050,47,077,"Tennessee","Henderson County",1,46,334,163,171
050,47,077,"Tennessee","Henderson County",1,47,356,174,182
050,47,077,"Tennessee","Henderson County",1,48,357,184,173
050,47,077,"Tennessee","Henderson County",1,49,365,178,187
050,47,077,"Tennessee","Henderson County",1,50,356,176,180
050,47,077,"Tennessee","Henderson County",1,51,357,169,188
050,47,077,"Tennessee","Henderson County",1,52,356,179,177
050,47,077,"Tennessee","Henderson County",1,53,373,180,193
050,47,077,"Tennessee","Henderson County",1,54,395,202,193
050,47,077,"Tennessee","Henderson County",1,55,406,200,206
050,47,077,"Tennessee","Henderson County",1,56,402,194,208
050,47,077,"Tennessee","Henderson County",1,57,419,209,210
050,47,077,"Tennessee","Henderson County",1,58,431,223,208
050,47,077,"Tennessee","Henderson County",1,59,405,205,200
050,47,077,"Tennessee","Henderson County",1,60,361,174,187
050,47,077,"Tennessee","Henderson County",1,61,365,167,198
050,47,077,"Tennessee","Henderson County",1,62,344,166,178
050,47,077,"Tennessee","Henderson County",1,63,336,177,159
050,47,077,"Tennessee","Henderson County",1,64,358,169,189
050,47,077,"Tennessee","Henderson County",1,65,370,162,208
050,47,077,"Tennessee","Henderson County",1,66,362,167,195
050,47,077,"Tennessee","Henderson County",1,67,309,150,159
050,47,077,"Tennessee","Henderson County",1,68,308,148,160
050,47,077,"Tennessee","Henderson County",1,69,298,154,144
050,47,077,"Tennessee","Henderson County",1,70,298,151,147
050,47,077,"Tennessee","Henderson County",1,71,333,141,192
050,47,077,"Tennessee","Henderson County",1,72,306,137,169
050,47,077,"Tennessee","Henderson County",1,73,307,135,172
050,47,077,"Tennessee","Henderson County",1,74,193,88,105
050,47,077,"Tennessee","Henderson County",1,75,216,95,121
050,47,077,"Tennessee","Henderson County",1,76,197,82,115
050,47,077,"Tennessee","Henderson County",1,77,218,98,120
050,47,077,"Tennessee","Henderson County",1,78,188,86,102
050,47,077,"Tennessee","Henderson County",1,79,145,58,87
050,47,077,"Tennessee","Henderson County",1,80,143,54,89
050,47,077,"Tennessee","Henderson County",1,81,135,58,77
050,47,077,"Tennessee","Henderson County",1,82,117,51,66
050,47,077,"Tennessee","Henderson County",1,83,100,44,56
050,47,077,"Tennessee","Henderson County",1,84,103,41,62
050,47,077,"Tennessee","Henderson County",1,85,577,206,371
050,47,077,"Tennessee","Henderson County",2,0,285,146,139
050,47,077,"Tennessee","Henderson County",2,1,302,151,151
050,47,077,"Tennessee","Henderson County",2,2,324,176,148
050,47,077,"Tennessee","Henderson County",2,3,337,190,147
050,47,077,"Tennessee","Henderson County",2,4,333,181,152
050,47,077,"Tennessee","Henderson County",2,5,337,177,160
050,47,077,"Tennessee","Henderson County",2,6,334,173,161
050,47,077,"Tennessee","Henderson County",2,7,323,170,153
050,47,077,"Tennessee","Henderson County",2,8,338,179,159
050,47,077,"Tennessee","Henderson County",2,9,342,179,163
050,47,077,"Tennessee","Henderson County",2,10,352,181,171
050,47,077,"Tennessee","Henderson County",2,11,380,194,186
050,47,077,"Tennessee","Henderson County",2,12,428,222,206
050,47,077,"Tennessee","Henderson County",2,13,411,206,205
050,47,077,"Tennessee","Henderson County",2,14,392,199,193
050,47,077,"Tennessee","Henderson County",2,15,382,205,177
050,47,077,"Tennessee","Henderson County",2,16,392,199,193
050,47,077,"Tennessee","Henderson County",2,17,372,196,176
050,47,077,"Tennessee","Henderson County",2,18,314,173,141
050,47,077,"Tennessee","Henderson County",2,19,263,131,132
050,47,077,"Tennessee","Henderson County",2,20,286,146,140
050,47,077,"Tennessee","Henderson County",2,21,290,153,137
050,47,077,"Tennessee","Henderson County",2,22,298,155,143
050,47,077,"Tennessee","Henderson County",2,23,304,143,161
050,47,077,"Tennessee","Henderson County",2,24,327,163,164
050,47,077,"Tennessee","Henderson County",2,25,323,169,154
050,47,077,"Tennessee","Henderson County",2,26,317,163,154
050,47,077,"Tennessee","Henderson County",2,27,311,151,160
050,47,077,"Tennessee","Henderson County",2,28,317,157,160
050,47,077,"Tennessee","Henderson County",2,29,347,174,173
050,47,077,"Tennessee","Henderson County",2,30,351,177,174
050,47,077,"Tennessee","Henderson County",2,31,333,174,159
050,47,077,"Tennessee","Henderson County",2,32,321,158,163
050,47,077,"Tennessee","Henderson County",2,33,294,137,157
050,47,077,"Tennessee","Henderson County",2,34,333,159,174
050,47,077,"Tennessee","Henderson County",2,35,347,164,183
050,47,077,"Tennessee","Henderson County",2,36,318,145,173
050,47,077,"Tennessee","Henderson County",2,37,346,171,175
050,47,077,"Tennessee","Henderson County",2,38,360,180,180
050,47,077,"Tennessee","Henderson County",2,39,372,188,184
050,47,077,"Tennessee","Henderson County",2,40,376,198,178
050,47,077,"Tennessee","Henderson County",2,41,372,199,173
050,47,077,"Tennessee","Henderson County",2,42,356,179,177
050,47,077,"Tennessee","Henderson County",2,43,350,176,174
050,47,077,"Tennessee","Henderson County",2,44,327,157,170
050,47,077,"Tennessee","Henderson County",2,45,326,157,169
050,47,077,"Tennessee","Henderson County",2,46,328,159,169
050,47,077,"Tennessee","Henderson County",2,47,349,173,176
050,47,077,"Tennessee","Henderson County",2,48,354,179,175
050,47,077,"Tennessee","Henderson County",2,49,366,182,184
050,47,077,"Tennessee","Henderson County",2,50,361,179,182
050,47,077,"Tennessee","Henderson County",2,51,353,169,184
050,47,077,"Tennessee","Henderson County",2,52,357,178,179
050,47,077,"Tennessee","Henderson County",2,53,370,179,191
050,47,077,"Tennessee","Henderson County",2,54,387,193,194
050,47,077,"Tennessee","Henderson County",2,55,406,200,206
050,47,077,"Tennessee","Henderson County",2,56,401,194,207
050,47,077,"Tennessee","Henderson County",2,57,416,207,209
050,47,077,"Tennessee","Henderson County",2,58,422,215,207
050,47,077,"Tennessee","Henderson County",2,59,409,207,202
050,47,077,"Tennessee","Henderson County",2,60,371,181,190
050,47,077,"Tennessee","Henderson County",2,61,358,166,192
050,47,077,"Tennessee","Henderson County",2,62,347,165,182
050,47,077,"Tennessee","Henderson County",2,63,339,175,164
050,47,077,"Tennessee","Henderson County",2,64,349,167,182
050,47,077,"Tennessee","Henderson County",2,65,365,163,202
050,47,077,"Tennessee","Henderson County",2,66,362,166,196
050,47,077,"Tennessee","Henderson County",2,67,316,150,166
050,47,077,"Tennessee","Henderson County",2,68,301,144,157
050,47,077,"Tennessee","Henderson County",2,69,301,153,148
050,47,077,"Tennessee","Henderson County",2,70,291,147,144
050,47,077,"Tennessee","Henderson County",2,71,325,143,182
050,47,077,"Tennessee","Henderson County",2,72,307,136,171
050,47,077,"Tennessee","Henderson County",2,73,319,140,179
050,47,077,"Tennessee","Henderson County",2,74,207,93,114
050,47,077,"Tennessee","Henderson County",2,75,212,94,118
050,47,077,"Tennessee","Henderson County",2,76,201,85,116
050,47,077,"Tennessee","Henderson County",2,77,213,92,121
050,47,077,"Tennessee","Henderson County",2,78,191,87,104
050,47,077,"Tennessee","Henderson County",2,79,151,62,89
050,47,077,"Tennessee","Henderson County",2,80,145,55,90
050,47,077,"Tennessee","Henderson County",2,81,129,55,74
050,47,077,"Tennessee","Henderson County",2,82,119,51,68
050,47,077,"Tennessee","Henderson County",2,83,104,46,58
050,47,077,"Tennessee","Henderson County",2,84,101,41,60
050,47,077,"Tennessee","Henderson County",2,85,578,207,371
050,47,077,"Tennessee","Henderson County",3,0,302,138,164
050,47,077,"Tennessee","Henderson County",3,1,301,149,152
050,47,077,"Tennessee","Henderson County",3,2,309,150,159
050,47,077,"Tennessee","Henderson County",3,3,345,183,162
050,47,077,"Tennessee","Henderson County",3,4,337,186,151
050,47,077,"Tennessee","Henderson County",3,5,332,184,148
050,47,077,"Tennessee","Henderson County",3,6,347,185,162
050,47,077,"Tennessee","Henderson County",3,7,351,179,172
050,47,077,"Tennessee","Henderson County",3,8,334,178,156
050,47,077,"Tennessee","Henderson County",3,9,343,178,165
050,47,077,"Tennessee","Henderson County",3,10,340,176,164
050,47,077,"Tennessee","Henderson County",3,11,357,187,170
050,47,077,"Tennessee","Henderson County",3,12,378,192,186
050,47,077,"Tennessee","Henderson County",3,13,428,222,206
050,47,077,"Tennessee","Henderson County",3,14,409,207,202
050,47,077,"Tennessee","Henderson County",3,15,385,200,185
050,47,077,"Tennessee","Henderson County",3,16,377,197,180
050,47,077,"Tennessee","Henderson County",3,17,405,212,193
050,47,077,"Tennessee","Henderson County",3,18,323,173,150
050,47,077,"Tennessee","Henderson County",3,19,260,145,115
050,47,077,"Tennessee","Henderson County",3,20,276,135,141
050,47,077,"Tennessee","Henderson County",3,21,291,144,147
050,47,077,"Tennessee","Henderson County",3,22,316,163,153
050,47,077,"Tennessee","Henderson County",3,23,315,175,140
050,47,077,"Tennessee","Henderson County",3,24,303,145,158
050,47,077,"Tennessee","Henderson County",3,25,317,157,160
050,47,077,"Tennessee","Henderson County",3,26,354,189,165
050,47,077,"Tennessee","Henderson County",3,27,338,171,167
050,47,077,"Tennessee","Henderson County",3,28,306,149,157
050,47,077,"Tennessee","Henderson County",3,29,308,150,158
050,47,077,"Tennessee","Henderson County",3,30,364,189,175
050,47,077,"Tennessee","Henderson County",3,31,375,180,195
050,47,077,"Tennessee","Henderson County",3,32,325,174,151
050,47,077,"Tennessee","Henderson County",3,33,335,157,178
050,47,077,"Tennessee","Henderson County",3,34,302,143,159
050,47,077,"Tennessee","Henderson County",3,35,337,162,175
050,47,077,"Tennessee","Henderson County",3,36,350,156,194
050,47,077,"Tennessee","Henderson County",3,37,319,145,174
050,47,077,"Tennessee","Henderson County",3,38,353,182,171
050,47,077,"Tennessee","Henderson County",3,39,359,183,176
050,47,077,"Tennessee","Henderson County",3,40,359,179,180
050,47,077,"Tennessee","Henderson County",3,41,387,211,176
050,47,077,"Tennessee","Henderson County",3,42,373,198,175
050,47,077,"Tennessee","Henderson County",3,43,354,174,180
050,47,077,"Tennessee","Henderson County",3,44,340,166,174
050,47,077,"Tennessee","Henderson County",3,45,324,155,169
050,47,077,"Tennessee","Henderson County",3,46,319,149,170
050,47,077,"Tennessee","Henderson County",3,47,335,159,176
050,47,077,"Tennessee","Henderson County",3,48,350,171,179
050,47,077,"Tennessee","Henderson County",3,49,354,183,171
050,47,077,"Tennessee","Henderson County",3,50,373,189,184
050,47,077,"Tennessee","Henderson County",3,51,352,172,180
050,47,077,"Tennessee","Henderson County",3,52,357,171,186
050,47,077,"Tennessee","Henderson County",3,53,351,179,172
050,47,077,"Tennessee","Henderson County",3,54,357,172,185
050,47,077,"Tennessee","Henderson County",3,55,387,192,195
050,47,077,"Tennessee","Henderson County",3,56,399,198,201
050,47,077,"Tennessee","Henderson County",3,57,417,209,208
050,47,077,"Tennessee","Henderson County",3,58,407,196,211
050,47,077,"Tennessee","Henderson County",3,59,423,210,213
050,47,077,"Tennessee","Henderson County",3,60,413,206,207
050,47,077,"Tennessee","Henderson County",3,61,364,174,190
050,47,077,"Tennessee","Henderson County",3,62,364,166,198
050,47,077,"Tennessee","Henderson County",3,63,348,168,180
050,47,077,"Tennessee","Henderson County",3,64,336,174,162
050,47,077,"Tennessee","Henderson County",3,65,349,166,183
050,47,077,"Tennessee","Henderson County",3,66,358,159,199
050,47,077,"Tennessee","Henderson County",3,67,357,164,193
050,47,077,"Tennessee","Henderson County",3,68,298,136,162
050,47,077,"Tennessee","Henderson County",3,69,295,143,152
050,47,077,"Tennessee","Henderson County",3,70,289,143,146
050,47,077,"Tennessee","Henderson County",3,71,283,138,145
050,47,077,"Tennessee","Henderson County",3,72,297,130,167
050,47,077,"Tennessee","Henderson County",3,73,278,122,156
050,47,077,"Tennessee","Henderson County",3,74,312,137,175
050,47,077,"Tennessee","Henderson County",3,75,197,91,106
050,47,077,"Tennessee","Henderson County",3,76,204,89,115
050,47,077,"Tennessee","Henderson County",3,77,186,79,107
050,47,077,"Tennessee","Henderson County",3,78,211,93,118
050,47,077,"Tennessee","Henderson County",3,79,170,74,96
050,47,077,"Tennessee","Henderson County",3,80,151,58,93
050,47,077,"Tennessee","Henderson County",3,81,129,49,80
050,47,077,"Tennessee","Henderson County",3,82,115,48,67
050,47,077,"Tennessee","Henderson County",3,83,122,54,68
050,47,077,"Tennessee","Henderson County",3,84,97,42,55
050,47,077,"Tennessee","Henderson County",3,85,559,203,356
050,47,077,"Tennessee","Henderson County",4,0,298,141,157
050,47,077,"Tennessee","Henderson County",4,1,317,148,169
050,47,077,"Tennessee","Henderson County",4,2,296,150,146
050,47,077,"Tennessee","Henderson County",4,3,314,147,167
050,47,077,"Tennessee","Henderson County",4,4,339,185,154
050,47,077,"Tennessee","Henderson County",4,5,343,189,154
050,47,077,"Tennessee","Henderson County",4,6,324,179,145
050,47,077,"Tennessee","Henderson County",4,7,351,189,162
050,47,077,"Tennessee","Henderson County",4,8,348,174,174
050,47,077,"Tennessee","Henderson County",4,9,328,178,150
050,47,077,"Tennessee","Henderson County",4,10,368,188,180
050,47,077,"Tennessee","Henderson County",4,11,342,173,169
050,47,077,"Tennessee","Henderson County",4,12,367,189,178
050,47,077,"Tennessee","Henderson County",4,13,374,190,184
050,47,077,"Tennessee","Henderson County",4,14,415,212,203
050,47,077,"Tennessee","Henderson County",4,15,415,213,202
050,47,077,"Tennessee","Henderson County",4,16,396,206,190
050,47,077,"Tennessee","Henderson County",4,17,364,197,167
050,47,077,"Tennessee","Henderson County",4,18,344,187,157
050,47,077,"Tennessee","Henderson County",4,19,244,135,109
050,47,077,"Tennessee","Henderson County",4,20,273,148,125
050,47,077,"Tennessee","Henderson County",4,21,287,136,151
050,47,077,"Tennessee","Henderson County",4,22,325,160,165
050,47,077,"Tennessee","Henderson County",4,23,332,169,163
050,47,077,"Tennessee","Henderson County",4,24,321,175,146
050,47,077,"Tennessee","Henderson County",4,25,289,145,144
050,47,077,"Tennessee","Henderson County",4,26,322,163,159
050,47,077,"Tennessee","Henderson County",4,27,338,179,159
050,47,077,"Tennessee","Henderson County",4,28,341,174,167
050,47,077,"Tennessee","Henderson County",4,29,312,140,172
050,47,077,"Tennessee","Henderson County",4,30,306,155,151
050,47,077,"Tennessee","Henderson County",4,31,364,188,176
050,47,077,"Tennessee","Henderson County",4,32,379,182,197
050,47,077,"Tennessee","Henderson County",4,33,326,167,159
050,47,077,"Tennessee","Henderson County",4,34,332,167,165
050,47,077,"Tennessee","Henderson County",4,35,305,143,162
050,47,077,"Tennessee","Henderson County",4,36,318,144,174
050,47,077,"Tennessee","Henderson County",4,37,345,157,188
050,47,077,"Tennessee","Henderson County",4,38,327,146,181
050,47,077,"Tennessee","Henderson County",4,39,366,186,180
050,47,077,"Tennessee","Henderson County",4,40,354,179,175
050,47,077,"Tennessee","Henderson County",4,41,370,187,183
050,47,077,"Tennessee","Henderson County",4,42,384,216,168
050,47,077,"Tennessee","Henderson County",4,43,375,197,178
050,47,077,"Tennessee","Henderson County",4,44,362,179,183
050,47,077,"Tennessee","Henderson County",4,45,358,176,182
050,47,077,"Tennessee","Henderson County",4,46,325,150,175
050,47,077,"Tennessee","Henderson County",4,47,317,153,164
050,47,077,"Tennessee","Henderson County",4,48,330,157,173
050,47,077,"Tennessee","Henderson County",4,49,346,168,178
050,47,077,"Tennessee","Henderson County",4,50,361,186,175
050,47,077,"Tennessee","Henderson County",4,51,372,191,181
050,47,077,"Tennessee","Henderson County",4,52,360,180,180
050,47,077,"Tennessee","Henderson County",4,53,351,172,179
050,47,077,"Tennessee","Henderson County",4,54,351,180,171
050,47,077,"Tennessee","Henderson County",4,55,348,168,180
050,47,077,"Tennessee","Henderson County",4,56,403,199,204
050,47,077,"Tennessee","Henderson County",4,57,403,203,200
050,47,077,"Tennessee","Henderson County",4,58,412,201,211
050,47,077,"Tennessee","Henderson County",4,59,412,192,220
050,47,077,"Tennessee","Henderson County",4,60,409,200,209
050,47,077,"Tennessee","Henderson County",4,61,417,205,212
050,47,077,"Tennessee","Henderson County",4,62,365,177,188
050,47,077,"Tennessee","Henderson County",4,63,356,162,194
050,47,077,"Tennessee","Henderson County",4,64,343,167,176
050,47,077,"Tennessee","Henderson County",4,65,340,180,160
050,47,077,"Tennessee","Henderson County",4,66,350,163,187
050,47,077,"Tennessee","Henderson County",4,67,350,160,190
050,47,077,"Tennessee","Henderson County",4,68,343,158,185
050,47,077,"Tennessee","Henderson County",4,69,298,143,155
050,47,077,"Tennessee","Henderson County",4,70,286,138,148
050,47,077,"Tennessee","Henderson County",4,71,279,133,146
050,47,077,"Tennessee","Henderson County",4,72,269,128,141
050,47,077,"Tennessee","Henderson County",4,73,291,134,157
050,47,077,"Tennessee","Henderson County",4,74,274,121,153
050,47,077,"Tennessee","Henderson County",4,75,302,132,170
050,47,077,"Tennessee","Henderson County",4,76,197,87,110
050,47,077,"Tennessee","Henderson County",4,77,188,82,106
050,47,077,"Tennessee","Henderson County",4,78,185,80,105
050,47,077,"Tennessee","Henderson County",4,79,185,73,112
050,47,077,"Tennessee","Henderson County",4,80,164,67,97
050,47,077,"Tennessee","Henderson County",4,81,138,54,84
050,47,077,"Tennessee","Henderson County",4,82,106,37,69
050,47,077,"Tennessee","Henderson County",4,83,112,47,65
050,47,077,"Tennessee","Henderson County",4,84,112,49,63
050,47,077,"Tennessee","Henderson County",4,85,559,211,348
050,47,077,"Tennessee","Henderson County",5,0,299,142,157
050,47,077,"Tennessee","Henderson County",5,1,284,130,154
050,47,077,"Tennessee","Henderson County",5,2,317,146,171
050,47,077,"Tennessee","Henderson County",5,3,306,165,141
050,47,077,"Tennessee","Henderson County",5,4,314,148,166
050,47,077,"Tennessee","Henderson County",5,5,349,189,160
050,47,077,"Tennessee","Henderson County",5,6,367,205,162
050,47,077,"Tennessee","Henderson County",5,7,331,180,151
050,47,077,"Tennessee","Henderson County",5,8,354,192,162
050,47,077,"Tennessee","Henderson County",5,9,347,178,169
050,47,077,"Tennessee","Henderson County",5,10,335,183,152
050,47,077,"Tennessee","Henderson County",5,11,377,190,187
050,47,077,"Tennessee","Henderson County",5,12,342,176,166
050,47,077,"Tennessee","Henderson County",5,13,356,180,176
050,47,077,"Tennessee","Henderson County",5,14,369,186,183
050,47,077,"Tennessee","Henderson County",5,15,430,217,213
050,47,077,"Tennessee","Henderson County",5,16,415,207,208
050,47,077,"Tennessee","Henderson County",5,17,397,202,195
050,47,077,"Tennessee","Henderson County",5,18,313,177,136
050,47,077,"Tennessee","Henderson County",5,19,269,146,123
050,47,077,"Tennessee","Henderson County",5,20,266,143,123
050,47,077,"Tennessee","Henderson County",5,21,293,156,137
050,47,077,"Tennessee","Henderson County",5,22,304,148,156
050,47,077,"Tennessee","Henderson County",5,23,362,178,184
050,47,077,"Tennessee","Henderson County",5,24,331,162,169
050,47,077,"Tennessee","Henderson County",5,25,339,189,150
050,47,077,"Tennessee","Henderson County",5,26,300,154,146
050,47,077,"Tennessee","Henderson County",5,27,320,161,159
050,47,077,"Tennessee","Henderson County",5,28,351,184,167
050,47,077,"Tennessee","Henderson County",5,29,335,174,161
050,47,077,"Tennessee","Henderson County",5,30,311,139,172
050,47,077,"Tennessee","Henderson County",5,31,320,163,157
050,47,077,"Tennessee","Henderson County",5,32,356,185,171
050,47,077,"Tennessee","Henderson County",5,33,375,182,193
050,47,077,"Tennessee","Henderson County",5,34,345,189,156
050,47,077,"Tennessee","Henderson County",5,35,338,169,169
050,47,077,"Tennessee","Henderson County",5,36,307,135,172
050,47,077,"Tennessee","Henderson County",5,37,336,156,180
050,47,077,"Tennessee","Henderson County",5,38,361,169,192
050,47,077,"Tennessee","Henderson County",5,39,327,138,189
050,47,077,"Tennessee","Henderson County",5,40,348,177,171
050,47,077,"Tennessee","Henderson County",5,41,369,188,181
050,47,077,"Tennessee","Henderson County",5,42,358,181,177
050,47,077,"Tennessee","Henderson County",5,43,389,220,169
050,47,077,"Tennessee","Henderson County",5,44,370,195,175
050,47,077,"Tennessee","Henderson County",5,45,353,172,181
050,47,077,"Tennessee","Henderson County",5,46,351,173,178
050,47,077,"Tennessee","Henderson County",5,47,326,153,173
050,47,077,"Tennessee","Henderson County",5,48,319,150,169
050,47,077,"Tennessee","Henderson County",5,49,332,161,171
050,47,077,"Tennessee","Henderson County",5,50,365,176,189
050,47,077,"Tennessee","Henderson County",5,51,354,181,173
050,47,077,"Tennessee","Henderson County",5,52,389,203,186
050,47,077,"Tennessee","Henderson County",5,53,357,173,184
050,47,077,"Tennessee","Henderson County",5,54,361,179,182
050,47,077,"Tennessee","Henderson County",5,55,348,178,170
050,47,077,"Tennessee","Henderson County",5,56,357,175,182
050,47,077,"Tennessee","Henderson County",5,57,404,203,201
050,47,077,"Tennessee","Henderson County",5,58,391,189,202
050,47,077,"Tennessee","Henderson County",5,59,406,197,209
050,47,077,"Tennessee","Henderson County",5,60,409,193,216
050,47,077,"Tennessee","Henderson County",5,61,402,198,204
050,47,077,"Tennessee","Henderson County",5,62,417,206,211
050,47,077,"Tennessee","Henderson County",5,63,365,174,191
050,47,077,"Tennessee","Henderson County",5,64,356,160,196
050,47,077,"Tennessee","Henderson County",5,65,357,175,182
050,47,077,"Tennessee","Henderson County",5,66,345,181,164
050,47,077,"Tennessee","Henderson County",5,67,346,165,181
050,47,077,"Tennessee","Henderson County",5,68,337,150,187
050,47,077,"Tennessee","Henderson County",5,69,339,153,186
050,47,077,"Tennessee","Henderson County",5,70,284,135,149
050,47,077,"Tennessee","Henderson County",5,71,280,129,151
050,47,077,"Tennessee","Henderson County",5,72,259,119,140
050,47,077,"Tennessee","Henderson County",5,73,257,128,129
050,47,077,"Tennessee","Henderson County",5,74,287,131,156
050,47,077,"Tennessee","Henderson County",5,75,265,118,147
050,47,077,"Tennessee","Henderson County",5,76,301,127,174
050,47,077,"Tennessee","Henderson County",5,77,180,78,102
050,47,077,"Tennessee","Henderson County",5,78,185,78,107
050,47,077,"Tennessee","Henderson County",5,79,166,66,100
050,47,077,"Tennessee","Henderson County",5,80,178,64,114
050,47,077,"Tennessee","Henderson County",5,81,149,64,85
050,47,077,"Tennessee","Henderson County",5,82,115,42,73
050,47,077,"Tennessee","Henderson County",5,83,105,36,69
050,47,077,"Tennessee","Henderson County",5,84,102,43,59
050,47,077,"Tennessee","Henderson County",5,85,589,228,361
050,47,079,"Tennessee","Henry County",1,0,307,156,151
050,47,079,"Tennessee","Henry County",1,1,301,149,152
050,47,079,"Tennessee","Henry County",1,2,325,168,157
050,47,079,"Tennessee","Henry County",1,3,340,168,172
050,47,079,"Tennessee","Henry County",1,4,339,170,169
050,47,079,"Tennessee","Henry County",1,5,340,162,178
050,47,079,"Tennessee","Henry County",1,6,329,155,174
050,47,079,"Tennessee","Henry County",1,7,358,168,190
050,47,079,"Tennessee","Henry County",1,8,346,170,176
050,47,079,"Tennessee","Henry County",1,9,348,187,161
050,47,079,"Tennessee","Henry County",1,10,371,192,179
050,47,079,"Tennessee","Henry County",1,11,412,215,197
050,47,079,"Tennessee","Henry County",1,12,424,209,215
050,47,079,"Tennessee","Henry County",1,13,440,215,225
050,47,079,"Tennessee","Henry County",1,14,429,211,218
050,47,079,"Tennessee","Henry County",1,15,416,208,208
050,47,079,"Tennessee","Henry County",1,16,385,192,193
050,47,079,"Tennessee","Henry County",1,17,395,197,198
050,47,079,"Tennessee","Henry County",1,18,350,195,155
050,47,079,"Tennessee","Henry County",1,19,278,154,124
050,47,079,"Tennessee","Henry County",1,20,297,161,136
050,47,079,"Tennessee","Henry County",1,21,288,157,131
050,47,079,"Tennessee","Henry County",1,22,293,163,130
050,47,079,"Tennessee","Henry County",1,23,299,170,129
050,47,079,"Tennessee","Henry County",1,24,316,164,152
050,47,079,"Tennessee","Henry County",1,25,328,178,150
050,47,079,"Tennessee","Henry County",1,26,361,186,175
050,47,079,"Tennessee","Henry County",1,27,339,169,170
050,47,079,"Tennessee","Henry County",1,28,347,183,164
050,47,079,"Tennessee","Henry County",1,29,347,165,182
050,47,079,"Tennessee","Henry County",1,30,360,179,181
050,47,079,"Tennessee","Henry County",1,31,337,163,174
050,47,079,"Tennessee","Henry County",1,32,331,158,173
050,47,079,"Tennessee","Henry County",1,33,334,159,175
050,47,079,"Tennessee","Henry County",1,34,324,149,175
050,47,079,"Tennessee","Henry County",1,35,342,159,183
050,47,079,"Tennessee","Henry County",1,36,326,152,174
050,47,079,"Tennessee","Henry County",1,37,366,180,186
050,47,079,"Tennessee","Henry County",1,38,357,171,186
050,47,079,"Tennessee","Henry County",1,39,374,188,186
050,47,079,"Tennessee","Henry County",1,40,355,174,181
050,47,079,"Tennessee","Henry County",1,41,373,187,186
050,47,079,"Tennessee","Henry County",1,42,378,194,184
050,47,079,"Tennessee","Henry County",1,43,378,207,171
050,47,079,"Tennessee","Henry County",1,44,339,172,167
050,47,079,"Tennessee","Henry County",1,45,324,166,158
050,47,079,"Tennessee","Henry County",1,46,368,186,182
050,47,079,"Tennessee","Henry County",1,47,381,174,207
050,47,079,"Tennessee","Henry County",1,48,404,204,200
050,47,079,"Tennessee","Henry County",1,49,452,232,220
050,47,079,"Tennessee","Henry County",1,50,395,204,191
050,47,079,"Tennessee","Henry County",1,51,404,204,200
050,47,079,"Tennessee","Henry County",1,52,408,210,198
050,47,079,"Tennessee","Henry County",1,53,428,216,212
050,47,079,"Tennessee","Henry County",1,54,481,229,252
050,47,079,"Tennessee","Henry County",1,55,488,220,268
050,47,079,"Tennessee","Henry County",1,56,488,236,252
050,47,079,"Tennessee","Henry County",1,57,504,246,258
050,47,079,"Tennessee","Henry County",1,58,492,223,269
050,47,079,"Tennessee","Henry County",1,59,517,258,259
050,47,079,"Tennessee","Henry County",1,60,504,248,256
050,47,079,"Tennessee","Henry County",1,61,500,242,258
050,47,079,"Tennessee","Henry County",1,62,503,261,242
050,47,079,"Tennessee","Henry County",1,63,490,241,249
050,47,079,"Tennessee","Henry County",1,64,445,212,233
050,47,079,"Tennessee","Henry County",1,65,466,229,237
050,47,079,"Tennessee","Henry County",1,66,475,222,253
050,47,079,"Tennessee","Henry County",1,67,471,205,266
050,47,079,"Tennessee","Henry County",1,68,455,201,254
050,47,079,"Tennessee","Henry County",1,69,452,208,244
050,47,079,"Tennessee","Henry County",1,70,445,213,232
050,47,079,"Tennessee","Henry County",1,71,454,206,248
050,47,079,"Tennessee","Henry County",1,72,446,219,227
050,47,079,"Tennessee","Henry County",1,73,437,211,226
050,47,079,"Tennessee","Henry County",1,74,310,152,158
050,47,079,"Tennessee","Henry County",1,75,323,163,160
050,47,079,"Tennessee","Henry County",1,76,321,142,179
050,47,079,"Tennessee","Henry County",1,77,320,133,187
050,47,079,"Tennessee","Henry County",1,78,262,117,145
050,47,079,"Tennessee","Henry County",1,79,230,111,119
050,47,079,"Tennessee","Henry County",1,80,228,104,124
050,47,079,"Tennessee","Henry County",1,81,197,88,109
050,47,079,"Tennessee","Henry County",1,82,193,84,109
050,47,079,"Tennessee","Henry County",1,83,171,72,99
050,47,079,"Tennessee","Henry County",1,84,137,56,81
050,47,079,"Tennessee","Henry County",1,85,709,251,458
050,47,079,"Tennessee","Henry County",2,0,296,155,141
050,47,079,"Tennessee","Henry County",2,1,297,149,148
050,47,079,"Tennessee","Henry County",2,2,319,161,158
050,47,079,"Tennessee","Henry County",2,3,332,166,166
050,47,079,"Tennessee","Henry County",2,4,334,167,167
050,47,079,"Tennessee","Henry County",2,5,337,163,174
050,47,079,"Tennessee","Henry County",2,6,330,156,174
050,47,079,"Tennessee","Henry County",2,7,351,164,187
050,47,079,"Tennessee","Henry County",2,8,353,172,181
050,47,079,"Tennessee","Henry County",2,9,346,183,163
050,47,079,"Tennessee","Henry County",2,10,365,191,174
050,47,079,"Tennessee","Henry County",2,11,399,208,191
050,47,079,"Tennessee","Henry County",2,12,424,212,212
050,47,079,"Tennessee","Henry County",2,13,434,213,221
050,47,079,"Tennessee","Henry County",2,14,434,212,222
050,47,079,"Tennessee","Henry County",2,15,421,211,210
050,47,079,"Tennessee","Henry County",2,16,393,198,195
050,47,079,"Tennessee","Henry County",2,17,390,194,196
050,47,079,"Tennessee","Henry County",2,18,343,187,156
050,47,079,"Tennessee","Henry County",2,19,282,157,125
050,47,079,"Tennessee","Henry County",2,20,299,162,137
050,47,079,"Tennessee","Henry County",2,21,292,159,133
050,47,079,"Tennessee","Henry County",2,22,294,164,130
050,47,079,"Tennessee","Henry County",2,23,300,169,131
050,47,079,"Tennessee","Henry County",2,24,310,166,144
050,47,079,"Tennessee","Henry County",2,25,326,175,151
050,47,079,"Tennessee","Henry County",2,26,354,184,170
050,47,079,"Tennessee","Henry County",2,27,341,173,168
050,47,079,"Tennessee","Henry County",2,28,342,178,164
050,47,079,"Tennessee","Henry County",2,29,347,170,177
050,47,079,"Tennessee","Henry County",2,30,360,177,183
050,47,079,"Tennessee","Henry County",2,31,341,164,177
050,47,079,"Tennessee","Henry County",2,32,332,159,173
050,47,079,"Tennessee","Henry County",2,33,331,158,173
050,47,079,"Tennessee","Henry County",2,34,329,153,176
050,47,079,"Tennessee","Henry County",2,35,340,158,182
050,47,079,"Tennessee","Henry County",2,36,329,153,176
050,47,079,"Tennessee","Henry County",2,37,358,175,183
050,47,079,"Tennessee","Henry County",2,38,363,175,188
050,47,079,"Tennessee","Henry County",2,39,370,184,186
050,47,079,"Tennessee","Henry County",2,40,363,178,185
050,47,079,"Tennessee","Henry County",2,41,366,182,184
050,47,079,"Tennessee","Henry County",2,42,374,191,183
050,47,079,"Tennessee","Henry County",2,43,385,208,177
050,47,079,"Tennessee","Henry County",2,44,344,178,166
050,47,079,"Tennessee","Henry County",2,45,332,170,162
050,47,079,"Tennessee","Henry County",2,46,355,179,176
050,47,079,"Tennessee","Henry County",2,47,374,174,200
050,47,079,"Tennessee","Henry County",2,48,397,198,199
050,47,079,"Tennessee","Henry County",2,49,441,226,215
050,47,079,"Tennessee","Henry County",2,50,410,211,199
050,47,079,"Tennessee","Henry County",2,51,400,204,196
050,47,079,"Tennessee","Henry County",2,52,406,206,200
050,47,079,"Tennessee","Henry County",2,53,427,216,211
050,47,079,"Tennessee","Henry County",2,54,468,226,242
050,47,079,"Tennessee","Henry County",2,55,486,223,263
050,47,079,"Tennessee","Henry County",2,56,492,233,259
050,47,079,"Tennessee","Henry County",2,57,499,241,258
050,47,079,"Tennessee","Henry County",2,58,492,227,265
050,47,079,"Tennessee","Henry County",2,59,508,250,258
050,47,079,"Tennessee","Henry County",2,60,504,248,256
050,47,079,"Tennessee","Henry County",2,61,500,245,255
050,47,079,"Tennessee","Henry County",2,62,504,258,246
050,47,079,"Tennessee","Henry County",2,63,494,244,250
050,47,079,"Tennessee","Henry County",2,64,456,219,237
050,47,079,"Tennessee","Henry County",2,65,463,227,236
050,47,079,"Tennessee","Henry County",2,66,473,223,250
050,47,079,"Tennessee","Henry County",2,67,470,208,262
050,47,079,"Tennessee","Henry County",2,68,457,201,256
050,47,079,"Tennessee","Henry County",2,69,454,208,246
050,47,079,"Tennessee","Henry County",2,70,444,209,235
050,47,079,"Tennessee","Henry County",2,71,448,205,243
050,47,079,"Tennessee","Henry County",2,72,439,213,226
050,47,079,"Tennessee","Henry County",2,73,462,224,238
050,47,079,"Tennessee","Henry County",2,74,318,154,164
050,47,079,"Tennessee","Henry County",2,75,318,162,156
050,47,079,"Tennessee","Henry County",2,76,317,143,174
050,47,079,"Tennessee","Henry County",2,77,326,135,191
050,47,079,"Tennessee","Henry County",2,78,266,116,150
050,47,079,"Tennessee","Henry County",2,79,232,109,123
050,47,079,"Tennessee","Henry County",2,80,224,103,121
050,47,079,"Tennessee","Henry County",2,81,201,90,111
050,47,079,"Tennessee","Henry County",2,82,189,84,105
050,47,079,"Tennessee","Henry County",2,83,173,74,99
050,47,079,"Tennessee","Henry County",2,84,143,58,85
050,47,079,"Tennessee","Henry County",2,85,717,257,460
050,47,079,"Tennessee","Henry County",3,0,300,167,133
050,47,079,"Tennessee","Henry County",3,1,316,167,149
050,47,079,"Tennessee","Henry County",3,2,299,150,149
050,47,079,"Tennessee","Henry County",3,3,334,172,162
050,47,079,"Tennessee","Henry County",3,4,330,166,164
050,47,079,"Tennessee","Henry County",3,5,348,175,173
050,47,079,"Tennessee","Henry County",3,6,335,163,172
050,47,079,"Tennessee","Henry County",3,7,340,157,183
050,47,079,"Tennessee","Henry County",3,8,363,172,191
050,47,079,"Tennessee","Henry County",3,9,349,171,178
050,47,079,"Tennessee","Henry County",3,10,362,194,168
050,47,079,"Tennessee","Henry County",3,11,375,196,179
050,47,079,"Tennessee","Henry County",3,12,409,209,200
050,47,079,"Tennessee","Henry County",3,13,414,203,211
050,47,079,"Tennessee","Henry County",3,14,444,222,222
050,47,079,"Tennessee","Henry County",3,15,431,214,217
050,47,079,"Tennessee","Henry County",3,16,411,211,200
050,47,079,"Tennessee","Henry County",3,17,396,196,200
050,47,079,"Tennessee","Henry County",3,18,328,171,157
050,47,079,"Tennessee","Henry County",3,19,286,157,129
050,47,079,"Tennessee","Henry County",3,20,304,163,141
050,47,079,"Tennessee","Henry County",3,21,321,170,151
050,47,079,"Tennessee","Henry County",3,22,308,156,152
050,47,079,"Tennessee","Henry County",3,23,312,174,138
050,47,079,"Tennessee","Henry County",3,24,288,163,125
050,47,079,"Tennessee","Henry County",3,25,307,163,144
050,47,079,"Tennessee","Henry County",3,26,330,171,159
050,47,079,"Tennessee","Henry County",3,27,350,185,165
050,47,079,"Tennessee","Henry County",3,28,357,179,178
050,47,079,"Tennessee","Henry County",3,29,348,179,169
050,47,079,"Tennessee","Henry County",3,30,346,172,174
050,47,079,"Tennessee","Henry County",3,31,358,178,180
050,47,079,"Tennessee","Henry County",3,32,332,163,169
050,47,079,"Tennessee","Henry County",3,33,347,162,185
050,47,079,"Tennessee","Henry County",3,34,341,170,171
050,47,079,"Tennessee","Henry County",3,35,332,153,179
050,47,079,"Tennessee","Henry County",3,36,344,163,181
050,47,079,"Tennessee","Henry County",3,37,321,151,170
050,47,079,"Tennessee","Henry County",3,38,348,167,181
050,47,079,"Tennessee","Henry County",3,39,369,174,195
050,47,079,"Tennessee","Henry County",3,40,375,188,187
050,47,079,"Tennessee","Henry County",3,41,357,176,181
050,47,079,"Tennessee","Henry County",3,42,369,183,186
050,47,079,"Tennessee","Henry County",3,43,378,200,178
050,47,079,"Tennessee","Henry County",3,44,379,200,179
050,47,079,"Tennessee","Henry County",3,45,359,185,174
050,47,079,"Tennessee","Henry County",3,46,329,172,157
050,47,079,"Tennessee","Henry County",3,47,355,172,183
050,47,079,"Tennessee","Henry County",3,48,383,183,200
050,47,079,"Tennessee","Henry County",3,49,396,194,202
050,47,079,"Tennessee","Henry County",3,50,440,225,215
050,47,079,"Tennessee","Henry County",3,51,413,216,197
050,47,079,"Tennessee","Henry County",3,52,413,203,210
050,47,079,"Tennessee","Henry County",3,53,433,222,211
050,47,079,"Tennessee","Henry County",3,54,434,216,218
050,47,079,"Tennessee","Henry County",3,55,471,226,245
050,47,079,"Tennessee","Henry County",3,56,501,222,279
050,47,079,"Tennessee","Henry County",3,57,513,248,265
050,47,079,"Tennessee","Henry County",3,58,502,245,257
050,47,079,"Tennessee","Henry County",3,59,486,225,261
050,47,079,"Tennessee","Henry County",3,60,516,251,265
050,47,079,"Tennessee","Henry County",3,61,513,248,265
050,47,079,"Tennessee","Henry County",3,62,516,248,268
050,47,079,"Tennessee","Henry County",3,63,488,246,242
050,47,079,"Tennessee","Henry County",3,64,489,231,258
050,47,079,"Tennessee","Henry County",3,65,457,215,242
050,47,079,"Tennessee","Henry County",3,66,466,228,238
050,47,079,"Tennessee","Henry County",3,67,477,220,257
050,47,079,"Tennessee","Henry County",3,68,479,218,261
050,47,079,"Tennessee","Henry County",3,69,446,190,256
050,47,079,"Tennessee","Henry County",3,70,440,203,237
050,47,079,"Tennessee","Henry County",3,71,438,206,232
050,47,079,"Tennessee","Henry County",3,72,443,207,236
050,47,079,"Tennessee","Henry County",3,73,428,199,229
050,47,079,"Tennessee","Henry County",3,74,445,210,235
050,47,079,"Tennessee","Henry County",3,75,302,149,153
050,47,079,"Tennessee","Henry County",3,76,301,154,147
050,47,079,"Tennessee","Henry County",3,77,304,134,170
050,47,079,"Tennessee","Henry County",3,78,310,130,180
050,47,079,"Tennessee","Henry County",3,79,240,102,138
050,47,079,"Tennessee","Henry County",3,80,220,104,116
050,47,079,"Tennessee","Henry County",3,81,210,94,116
050,47,079,"Tennessee","Henry County",3,82,185,89,96
050,47,079,"Tennessee","Henry County",3,83,171,72,99
050,47,079,"Tennessee","Henry County",3,84,151,61,90
050,47,079,"Tennessee","Henry County",3,85,692,252,440
050,47,079,"Tennessee","Henry County",4,0,312,174,138
050,47,079,"Tennessee","Henry County",4,1,298,167,131
050,47,079,"Tennessee","Henry County",4,2,309,167,142
050,47,079,"Tennessee","Henry County",4,3,308,159,149
050,47,079,"Tennessee","Henry County",4,4,330,170,160
050,47,079,"Tennessee","Henry County",4,5,334,170,164
050,47,079,"Tennessee","Henry County",4,6,360,180,180
050,47,079,"Tennessee","Henry County",4,7,344,158,186
050,47,079,"Tennessee","Henry County",4,8,338,158,180
050,47,079,"Tennessee","Henry County",4,9,361,171,190
050,47,079,"Tennessee","Henry County",4,10,338,165,173
050,47,079,"Tennessee","Henry County",4,11,383,205,178
050,47,079,"Tennessee","Henry County",4,12,388,200,188
050,47,079,"Tennessee","Henry County",4,13,416,211,205
050,47,079,"Tennessee","Henry County",4,14,421,205,216
050,47,079,"Tennessee","Henry County",4,15,458,226,232
050,47,079,"Tennessee","Henry County",4,16,429,209,220
050,47,079,"Tennessee","Henry County",4,17,431,226,205
050,47,079,"Tennessee","Henry County",4,18,336,174,162
050,47,079,"Tennessee","Henry County",4,19,249,134,115
050,47,079,"Tennessee","Henry County",4,20,294,158,136
050,47,079,"Tennessee","Henry County",4,21,317,172,145
050,47,079,"Tennessee","Henry County",4,22,333,169,164
050,47,079,"Tennessee","Henry County",4,23,328,163,165
050,47,079,"Tennessee","Henry County",4,24,295,172,123
050,47,079,"Tennessee","Henry County",4,25,278,157,121
050,47,079,"Tennessee","Henry County",4,26,306,162,144
050,47,079,"Tennessee","Henry County",4,27,361,190,171
050,47,079,"Tennessee","Henry County",4,28,347,192,155
050,47,079,"Tennessee","Henry County",4,29,369,176,193
050,47,079,"Tennessee","Henry County",4,30,355,177,178
050,47,079,"Tennessee","Henry County",4,31,362,177,185
050,47,079,"Tennessee","Henry County",4,32,366,180,186
050,47,079,"Tennessee","Henry County",4,33,347,169,178
050,47,079,"Tennessee","Henry County",4,34,354,175,179
050,47,079,"Tennessee","Henry County",4,35,339,166,173
050,47,079,"Tennessee","Henry County",4,36,333,155,178
050,47,079,"Tennessee","Henry County",4,37,335,163,172
050,47,079,"Tennessee","Henry County",4,38,317,147,170
050,47,079,"Tennessee","Henry County",4,39,355,175,180
050,47,079,"Tennessee","Henry County",4,40,378,170,208
050,47,079,"Tennessee","Henry County",4,41,381,191,190
050,47,079,"Tennessee","Henry County",4,42,361,176,185
050,47,079,"Tennessee","Henry County",4,43,390,201,189
050,47,079,"Tennessee","Henry County",4,44,379,196,183
050,47,079,"Tennessee","Henry County",4,45,388,209,179
050,47,079,"Tennessee","Henry County",4,46,350,184,166
050,47,079,"Tennessee","Henry County",4,47,324,165,159
050,47,079,"Tennessee","Henry County",4,48,350,178,172
050,47,079,"Tennessee","Henry County",4,49,379,179,200
050,47,079,"Tennessee","Henry County",4,50,412,203,209
050,47,079,"Tennessee","Henry County",4,51,448,224,224
050,47,079,"Tennessee","Henry County",4,52,423,214,209
050,47,079,"Tennessee","Henry County",4,53,431,211,220
050,47,079,"Tennessee","Henry County",4,54,432,230,202
050,47,079,"Tennessee","Henry County",4,55,444,223,221
050,47,079,"Tennessee","Henry County",4,56,490,230,260
050,47,079,"Tennessee","Henry County",4,57,511,229,282
050,47,079,"Tennessee","Henry County",4,58,508,249,259
050,47,079,"Tennessee","Henry County",4,59,513,247,266
050,47,079,"Tennessee","Henry County",4,60,486,224,262
050,47,079,"Tennessee","Henry County",4,61,508,245,263
050,47,079,"Tennessee","Henry County",4,62,529,260,269
050,47,079,"Tennessee","Henry County",4,63,520,252,268
050,47,079,"Tennessee","Henry County",4,64,490,247,243
050,47,079,"Tennessee","Henry County",4,65,494,234,260
050,47,079,"Tennessee","Henry County",4,66,466,214,252
050,47,079,"Tennessee","Henry County",4,67,469,228,241
050,47,079,"Tennessee","Henry County",4,68,470,211,259
050,47,079,"Tennessee","Henry County",4,69,480,216,264
050,47,079,"Tennessee","Henry County",4,70,444,190,254
050,47,079,"Tennessee","Henry County",4,71,422,199,223
050,47,079,"Tennessee","Henry County",4,72,441,210,231
050,47,079,"Tennessee","Henry County",4,73,428,200,228
050,47,079,"Tennessee","Henry County",4,74,413,188,225
050,47,079,"Tennessee","Henry County",4,75,420,195,225
050,47,079,"Tennessee","Henry County",4,76,285,134,151
050,47,079,"Tennessee","Henry County",4,77,282,141,141
050,47,079,"Tennessee","Henry County",4,78,285,126,159
050,47,079,"Tennessee","Henry County",4,79,291,121,170
050,47,079,"Tennessee","Henry County",4,80,217,89,128
050,47,079,"Tennessee","Henry County",4,81,203,98,105
050,47,079,"Tennessee","Henry County",4,82,198,92,106
050,47,079,"Tennessee","Henry County",4,83,164,78,86
050,47,079,"Tennessee","Henry County",4,84,149,61,88
050,47,079,"Tennessee","Henry County",4,85,702,259,443
050,47,079,"Tennessee","Henry County",5,0,312,174,138
050,47,079,"Tennessee","Henry County",5,1,304,180,124
050,47,079,"Tennessee","Henry County",5,2,303,164,139
050,47,079,"Tennessee","Henry County",5,3,313,163,150
050,47,079,"Tennessee","Henry County",5,4,304,151,153
050,47,079,"Tennessee","Henry County",5,5,328,172,156
050,47,079,"Tennessee","Henry County",5,6,340,175,165
050,47,079,"Tennessee","Henry County",5,7,352,175,177
050,47,079,"Tennessee","Henry County",5,8,368,174,194
050,47,079,"Tennessee","Henry County",5,9,333,154,179
050,47,079,"Tennessee","Henry County",5,10,372,176,196
050,47,079,"Tennessee","Henry County",5,11,340,164,176
050,47,079,"Tennessee","Henry County",5,12,397,215,182
050,47,079,"Tennessee","Henry County",5,13,387,209,178
050,47,079,"Tennessee","Henry County",5,14,421,204,217
050,47,079,"Tennessee","Henry County",5,15,415,200,215
050,47,079,"Tennessee","Henry County",5,16,458,230,228
050,47,079,"Tennessee","Henry County",5,17,435,204,231
050,47,079,"Tennessee","Henry County",5,18,357,190,167
050,47,079,"Tennessee","Henry County",5,19,258,140,118
050,47,079,"Tennessee","Henry County",5,20,266,140,126
050,47,079,"Tennessee","Henry County",5,21,323,166,157
050,47,079,"Tennessee","Henry County",5,22,330,179,151
050,47,079,"Tennessee","Henry County",5,23,350,175,175
050,47,079,"Tennessee","Henry County",5,24,328,166,162
050,47,079,"Tennessee","Henry County",5,25,298,166,132
050,47,079,"Tennessee","Henry County",5,26,283,160,123
050,47,079,"Tennessee","Henry County",5,27,324,174,150
050,47,079,"Tennessee","Henry County",5,28,346,171,175
050,47,079,"Tennessee","Henry County",5,29,335,181,154
050,47,079,"Tennessee","Henry County",5,30,368,173,195
050,47,079,"Tennessee","Henry County",5,31,359,179,180
050,47,079,"Tennessee","Henry County",5,32,361,176,185
050,47,079,"Tennessee","Henry County",5,33,377,184,193
050,47,079,"Tennessee","Henry County",5,34,354,173,181
050,47,079,"Tennessee","Henry County",5,35,361,179,182
050,47,079,"Tennessee","Henry County",5,36,335,165,170
050,47,079,"Tennessee","Henry County",5,37,328,149,179
050,47,079,"Tennessee","Henry County",5,38,350,175,175
050,47,079,"Tennessee","Henry County",5,39,327,156,171
050,47,079,"Tennessee","Henry County",5,40,361,180,181
050,47,079,"Tennessee","Henry County",5,41,375,169,206
050,47,079,"Tennessee","Henry County",5,42,380,187,193
050,47,079,"Tennessee","Henry County",5,43,379,190,189
050,47,079,"Tennessee","Henry County",5,44,381,193,188
050,47,079,"Tennessee","Henry County",5,45,391,202,189
050,47,079,"Tennessee","Henry County",5,46,390,211,179
050,47,079,"Tennessee","Henry County",5,47,359,181,178
050,47,079,"Tennessee","Henry County",5,48,338,174,164
050,47,079,"Tennessee","Henry County",5,49,363,183,180
050,47,079,"Tennessee","Henry County",5,50,390,182,208
050,47,079,"Tennessee","Henry County",5,51,432,207,225
050,47,079,"Tennessee","Henry County",5,52,453,215,238
050,47,079,"Tennessee","Henry County",5,53,425,215,210
050,47,079,"Tennessee","Henry County",5,54,439,219,220
050,47,079,"Tennessee","Henry County",5,55,431,230,201
050,47,079,"Tennessee","Henry County",5,56,448,228,220
050,47,079,"Tennessee","Henry County",5,57,501,233,268
050,47,079,"Tennessee","Henry County",5,58,502,227,275
050,47,079,"Tennessee","Henry County",5,59,531,260,271
050,47,079,"Tennessee","Henry County",5,60,512,240,272
050,47,079,"Tennessee","Henry County",5,61,481,222,259
050,47,079,"Tennessee","Henry County",5,62,518,252,266
050,47,079,"Tennessee","Henry County",5,63,529,263,266
050,47,079,"Tennessee","Henry County",5,64,528,256,272
050,47,079,"Tennessee","Henry County",5,65,486,239,247
050,47,079,"Tennessee","Henry County",5,66,514,241,273
050,47,079,"Tennessee","Henry County",5,67,475,219,256
050,47,079,"Tennessee","Henry County",5,68,460,227,233
050,47,079,"Tennessee","Henry County",5,69,468,208,260
050,47,079,"Tennessee","Henry County",5,70,470,218,252
050,47,079,"Tennessee","Henry County",5,71,432,184,248
050,47,079,"Tennessee","Henry County",5,72,417,194,223
050,47,079,"Tennessee","Henry County",5,73,433,203,230
050,47,079,"Tennessee","Henry County",5,74,415,185,230
050,47,079,"Tennessee","Henry County",5,75,401,180,221
050,47,079,"Tennessee","Henry County",5,76,414,189,225
050,47,079,"Tennessee","Henry County",5,77,271,128,143
050,47,079,"Tennessee","Henry County",5,78,275,140,135
050,47,079,"Tennessee","Henry County",5,79,269,119,150
050,47,079,"Tennessee","Henry County",5,80,281,113,168
050,47,079,"Tennessee","Henry County",5,81,194,80,114
050,47,079,"Tennessee","Henry County",5,82,191,95,96
050,47,079,"Tennessee","Henry County",5,83,180,85,95
050,47,079,"Tennessee","Henry County",5,84,139,64,75
050,47,079,"Tennessee","Henry County",5,85,732,268,464
050,47,081,"Tennessee","Hickman County",1,0,260,134,126
050,47,081,"Tennessee","Hickman County",1,1,262,137,125
050,47,081,"Tennessee","Hickman County",1,2,267,122,145
050,47,081,"Tennessee","Hickman County",1,3,263,126,137
050,47,081,"Tennessee","Hickman County",1,4,263,138,125
050,47,081,"Tennessee","Hickman County",1,5,312,161,151
050,47,081,"Tennessee","Hickman County",1,6,291,159,132
050,47,081,"Tennessee","Hickman County",1,7,270,131,139
050,47,081,"Tennessee","Hickman County",1,8,272,136,136
050,47,081,"Tennessee","Hickman County",1,9,279,151,128
050,47,081,"Tennessee","Hickman County",1,10,274,150,124
050,47,081,"Tennessee","Hickman County",1,11,301,168,133
050,47,081,"Tennessee","Hickman County",1,12,327,173,154
050,47,081,"Tennessee","Hickman County",1,13,305,159,146
050,47,081,"Tennessee","Hickman County",1,14,295,151,144
050,47,081,"Tennessee","Hickman County",1,15,314,158,156
050,47,081,"Tennessee","Hickman County",1,16,333,176,157
050,47,081,"Tennessee","Hickman County",1,17,295,163,132
050,47,081,"Tennessee","Hickman County",1,18,279,148,131
050,47,081,"Tennessee","Hickman County",1,19,235,129,106
050,47,081,"Tennessee","Hickman County",1,20,272,154,118
050,47,081,"Tennessee","Hickman County",1,21,275,153,122
050,47,081,"Tennessee","Hickman County",1,22,263,145,118
050,47,081,"Tennessee","Hickman County",1,23,332,182,150
050,47,081,"Tennessee","Hickman County",1,24,322,199,123
050,47,081,"Tennessee","Hickman County",1,25,309,183,126
050,47,081,"Tennessee","Hickman County",1,26,333,190,143
050,47,081,"Tennessee","Hickman County",1,27,343,191,152
050,47,081,"Tennessee","Hickman County",1,28,351,196,155
050,47,081,"Tennessee","Hickman County",1,29,344,189,155
050,47,081,"Tennessee","Hickman County",1,30,325,173,152
050,47,081,"Tennessee","Hickman County",1,31,317,170,147
050,47,081,"Tennessee","Hickman County",1,32,339,197,142
050,47,081,"Tennessee","Hickman County",1,33,315,179,136
050,47,081,"Tennessee","Hickman County",1,34,289,157,132
050,47,081,"Tennessee","Hickman County",1,35,316,193,123
050,47,081,"Tennessee","Hickman County",1,36,323,179,144
050,47,081,"Tennessee","Hickman County",1,37,313,160,153
050,47,081,"Tennessee","Hickman County",1,38,316,188,128
050,47,081,"Tennessee","Hickman County",1,39,318,185,133
050,47,081,"Tennessee","Hickman County",1,40,307,170,137
050,47,081,"Tennessee","Hickman County",1,41,320,175,145
050,47,081,"Tennessee","Hickman County",1,42,304,157,147
050,47,081,"Tennessee","Hickman County",1,43,310,170,140
050,47,081,"Tennessee","Hickman County",1,44,295,170,125
050,47,081,"Tennessee","Hickman County",1,45,327,171,156
050,47,081,"Tennessee","Hickman County",1,46,317,163,154
050,47,081,"Tennessee","Hickman County",1,47,336,178,158
050,47,081,"Tennessee","Hickman County",1,48,338,183,155
050,47,081,"Tennessee","Hickman County",1,49,361,175,186
050,47,081,"Tennessee","Hickman County",1,50,338,176,162
050,47,081,"Tennessee","Hickman County",1,51,358,193,165
050,47,081,"Tennessee","Hickman County",1,52,338,180,158
050,47,081,"Tennessee","Hickman County",1,53,355,196,159
050,47,081,"Tennessee","Hickman County",1,54,376,203,173
050,47,081,"Tennessee","Hickman County",1,55,371,183,188
050,47,081,"Tennessee","Hickman County",1,56,383,200,183
050,47,081,"Tennessee","Hickman County",1,57,371,202,169
050,47,081,"Tennessee","Hickman County",1,58,367,191,176
050,47,081,"Tennessee","Hickman County",1,59,361,195,166
050,47,081,"Tennessee","Hickman County",1,60,375,194,181
050,47,081,"Tennessee","Hickman County",1,61,365,200,165
050,47,081,"Tennessee","Hickman County",1,62,346,181,165
050,47,081,"Tennessee","Hickman County",1,63,316,167,149
050,47,081,"Tennessee","Hickman County",1,64,335,174,161
050,47,081,"Tennessee","Hickman County",1,65,289,132,157
050,47,081,"Tennessee","Hickman County",1,66,300,142,158
050,47,081,"Tennessee","Hickman County",1,67,310,132,178
050,47,081,"Tennessee","Hickman County",1,68,305,135,170
050,47,081,"Tennessee","Hickman County",1,69,266,122,144
050,47,081,"Tennessee","Hickman County",1,70,240,112,128
050,47,081,"Tennessee","Hickman County",1,71,245,124,121
050,47,081,"Tennessee","Hickman County",1,72,259,132,127
050,47,081,"Tennessee","Hickman County",1,73,269,134,135
050,47,081,"Tennessee","Hickman County",1,74,186,91,95
050,47,081,"Tennessee","Hickman County",1,75,186,89,97
050,47,081,"Tennessee","Hickman County",1,76,166,79,87
050,47,081,"Tennessee","Hickman County",1,77,167,81,86
050,47,081,"Tennessee","Hickman County",1,78,144,64,80
050,47,081,"Tennessee","Hickman County",1,79,138,55,83
050,47,081,"Tennessee","Hickman County",1,80,122,54,68
050,47,081,"Tennessee","Hickman County",1,81,112,52,60
050,47,081,"Tennessee","Hickman County",1,82,102,46,56
050,47,081,"Tennessee","Hickman County",1,83,99,48,51
050,47,081,"Tennessee","Hickman County",1,84,84,39,45
050,47,081,"Tennessee","Hickman County",1,85,340,119,221
050,47,081,"Tennessee","Hickman County",2,0,260,140,120
050,47,081,"Tennessee","Hickman County",2,1,259,135,124
050,47,081,"Tennessee","Hickman County",2,2,263,124,139
050,47,081,"Tennessee","Hickman County",2,3,264,125,139
050,47,081,"Tennessee","Hickman County",2,4,265,134,131
050,47,081,"Tennessee","Hickman County",2,5,296,153,143
050,47,081,"Tennessee","Hickman County",2,6,296,158,138
050,47,081,"Tennessee","Hickman County",2,7,277,139,138
050,47,081,"Tennessee","Hickman County",2,8,273,137,136
050,47,081,"Tennessee","Hickman County",2,9,279,146,133
050,47,081,"Tennessee","Hickman County",2,10,276,149,127
050,47,081,"Tennessee","Hickman County",2,11,295,163,132
050,47,081,"Tennessee","Hickman County",2,12,322,173,149
050,47,081,"Tennessee","Hickman County",2,13,314,164,150
050,47,081,"Tennessee","Hickman County",2,14,297,154,143
050,47,081,"Tennessee","Hickman County",2,15,310,157,153
050,47,081,"Tennessee","Hickman County",2,16,329,173,156
050,47,081,"Tennessee","Hickman County",2,17,307,168,139
050,47,081,"Tennessee","Hickman County",2,18,271,146,125
050,47,081,"Tennessee","Hickman County",2,19,236,130,106
050,47,081,"Tennessee","Hickman County",2,20,272,154,118
050,47,081,"Tennessee","Hickman County",2,21,273,152,121
050,47,081,"Tennessee","Hickman County",2,22,274,151,123
050,47,081,"Tennessee","Hickman County",2,23,329,182,147
050,47,081,"Tennessee","Hickman County",2,24,323,196,127
050,47,081,"Tennessee","Hickman County",2,25,310,186,124
050,47,081,"Tennessee","Hickman County",2,26,326,186,140
050,47,081,"Tennessee","Hickman County",2,27,343,191,152
050,47,081,"Tennessee","Hickman County",2,28,353,197,156
050,47,081,"Tennessee","Hickman County",2,29,348,192,156
050,47,081,"Tennessee","Hickman County",2,30,334,177,157
050,47,081,"Tennessee","Hickman County",2,31,319,173,146
050,47,081,"Tennessee","Hickman County",2,32,337,193,144
050,47,081,"Tennessee","Hickman County",2,33,323,183,140
050,47,081,"Tennessee","Hickman County",2,34,293,161,132
050,47,081,"Tennessee","Hickman County",2,35,313,188,125
050,47,081,"Tennessee","Hickman County",2,36,321,180,141
050,47,081,"Tennessee","Hickman County",2,37,316,165,151
050,47,081,"Tennessee","Hickman County",2,38,317,183,134
050,47,081,"Tennessee","Hickman County",2,39,317,184,133
050,47,081,"Tennessee","Hickman County",2,40,313,175,138
050,47,081,"Tennessee","Hickman County",2,41,314,172,142
050,47,081,"Tennessee","Hickman County",2,42,306,160,146
050,47,081,"Tennessee","Hickman County",2,43,317,173,144
050,47,081,"Tennessee","Hickman County",2,44,296,166,130
050,47,081,"Tennessee","Hickman County",2,45,323,171,152
050,47,081,"Tennessee","Hickman County",2,46,318,164,154
050,47,081,"Tennessee","Hickman County",2,47,330,174,156
050,47,081,"Tennessee","Hickman County",2,48,338,183,155
050,47,081,"Tennessee","Hickman County",2,49,357,176,181
050,47,081,"Tennessee","Hickman County",2,50,343,175,168
050,47,081,"Tennessee","Hickman County",2,51,355,189,166
050,47,081,"Tennessee","Hickman County",2,52,340,181,159
050,47,081,"Tennessee","Hickman County",2,53,354,195,159
050,47,081,"Tennessee","Hickman County",2,54,372,199,173
050,47,081,"Tennessee","Hickman County",2,55,366,183,183
050,47,081,"Tennessee","Hickman County",2,56,379,194,185
050,47,081,"Tennessee","Hickman County",2,57,373,202,171
050,47,081,"Tennessee","Hickman County",2,58,369,194,175
050,47,081,"Tennessee","Hickman County",2,59,367,197,170
050,47,081,"Tennessee","Hickman County",2,60,366,192,174
050,47,081,"Tennessee","Hickman County",2,61,365,196,169
050,47,081,"Tennessee","Hickman County",2,62,355,186,169
050,47,081,"Tennessee","Hickman County",2,63,331,174,157
050,47,081,"Tennessee","Hickman County",2,64,331,174,157
050,47,081,"Tennessee","Hickman County",2,65,299,142,157
050,47,081,"Tennessee","Hickman County",2,66,301,141,160
050,47,081,"Tennessee","Hickman County",2,67,308,135,173
050,47,081,"Tennessee","Hickman County",2,68,305,133,172
050,47,081,"Tennessee","Hickman County",2,69,276,127,149
050,47,081,"Tennessee","Hickman County",2,70,248,116,132
050,47,081,"Tennessee","Hickman County",2,71,241,119,122
050,47,081,"Tennessee","Hickman County",2,72,248,128,120
050,47,081,"Tennessee","Hickman County",2,73,279,139,140
050,47,081,"Tennessee","Hickman County",2,74,192,93,99
050,47,081,"Tennessee","Hickman County",2,75,183,86,97
050,47,081,"Tennessee","Hickman County",2,76,165,79,86
050,47,081,"Tennessee","Hickman County",2,77,170,83,87
050,47,081,"Tennessee","Hickman County",2,78,145,64,81
050,47,081,"Tennessee","Hickman County",2,79,138,56,82
050,47,081,"Tennessee","Hickman County",2,80,125,54,71
050,47,081,"Tennessee","Hickman County",2,81,111,52,59
050,47,081,"Tennessee","Hickman County",2,82,103,47,56
050,47,081,"Tennessee","Hickman County",2,83,99,47,52
050,47,081,"Tennessee","Hickman County",2,84,82,38,44
050,47,081,"Tennessee","Hickman County",2,85,346,123,223
050,47,081,"Tennessee","Hickman County",3,0,272,130,142
050,47,081,"Tennessee","Hickman County",3,1,256,130,126
050,47,081,"Tennessee","Hickman County",3,2,287,157,130
050,47,081,"Tennessee","Hickman County",3,3,267,130,137
050,47,081,"Tennessee","Hickman County",3,4,271,131,140
050,47,081,"Tennessee","Hickman County",3,5,268,138,130
050,47,081,"Tennessee","Hickman County",3,6,302,159,143
050,47,081,"Tennessee","Hickman County",3,7,313,168,145
050,47,081,"Tennessee","Hickman County",3,8,286,145,141
050,47,081,"Tennessee","Hickman County",3,9,271,128,143
050,47,081,"Tennessee","Hickman County",3,10,291,148,143
050,47,081,"Tennessee","Hickman County",3,11,281,150,131
050,47,081,"Tennessee","Hickman County",3,12,296,163,133
050,47,081,"Tennessee","Hickman County",3,13,323,174,149
050,47,081,"Tennessee","Hickman County",3,14,326,163,163
050,47,081,"Tennessee","Hickman County",3,15,298,152,146
050,47,081,"Tennessee","Hickman County",3,16,316,159,157
050,47,081,"Tennessee","Hickman County",3,17,345,180,165
050,47,081,"Tennessee","Hickman County",3,18,276,155,121
050,47,081,"Tennessee","Hickman County",3,19,215,117,98
050,47,081,"Tennessee","Hickman County",3,20,253,142,111
050,47,081,"Tennessee","Hickman County",3,21,299,170,129
050,47,081,"Tennessee","Hickman County",3,22,307,170,137
050,47,081,"Tennessee","Hickman County",3,23,314,173,141
050,47,081,"Tennessee","Hickman County",3,24,304,179,125
050,47,081,"Tennessee","Hickman County",3,25,313,191,122
050,47,081,"Tennessee","Hickman County",3,26,301,181,120
050,47,081,"Tennessee","Hickman County",3,27,344,203,141
050,47,081,"Tennessee","Hickman County",3,28,325,181,144
050,47,081,"Tennessee","Hickman County",3,29,347,196,151
050,47,081,"Tennessee","Hickman County",3,30,332,179,153
050,47,081,"Tennessee","Hickman County",3,31,339,181,158
050,47,081,"Tennessee","Hickman County",3,32,326,175,151
050,47,081,"Tennessee","Hickman County",3,33,332,184,148
050,47,081,"Tennessee","Hickman County",3,34,324,188,136
050,47,081,"Tennessee","Hickman County",3,35,301,164,137
050,47,081,"Tennessee","Hickman County",3,36,318,183,135
050,47,081,"Tennessee","Hickman County",3,37,304,167,137
050,47,081,"Tennessee","Hickman County",3,38,316,165,151
050,47,081,"Tennessee","Hickman County",3,39,309,176,133
050,47,081,"Tennessee","Hickman County",3,40,322,178,144
050,47,081,"Tennessee","Hickman County",3,41,322,172,150
050,47,081,"Tennessee","Hickman County",3,42,321,168,153
050,47,081,"Tennessee","Hickman County",3,43,334,174,160
050,47,081,"Tennessee","Hickman County",3,44,305,155,150
050,47,081,"Tennessee","Hickman County",3,45,302,160,142
050,47,081,"Tennessee","Hickman County",3,46,322,173,149
050,47,081,"Tennessee","Hickman County",3,47,318,163,155
050,47,081,"Tennessee","Hickman County",3,48,337,182,155
050,47,081,"Tennessee","Hickman County",3,49,316,163,153
050,47,081,"Tennessee","Hickman County",3,50,347,171,176
050,47,081,"Tennessee","Hickman County",3,51,353,179,174
050,47,081,"Tennessee","Hickman County",3,52,343,180,163
050,47,081,"Tennessee","Hickman County",3,53,343,193,150
050,47,081,"Tennessee","Hickman County",3,54,358,189,169
050,47,081,"Tennessee","Hickman County",3,55,352,180,172
050,47,081,"Tennessee","Hickman County",3,56,359,174,185
050,47,081,"Tennessee","Hickman County",3,57,382,204,178
050,47,081,"Tennessee","Hickman County",3,58,371,204,167
050,47,081,"Tennessee","Hickman County",3,59,371,193,178
050,47,081,"Tennessee","Hickman County",3,60,361,186,175
050,47,081,"Tennessee","Hickman County",3,61,360,195,165
050,47,081,"Tennessee","Hickman County",3,62,363,192,171
050,47,081,"Tennessee","Hickman County",3,63,342,177,165
050,47,081,"Tennessee","Hickman County",3,64,349,182,167
050,47,081,"Tennessee","Hickman County",3,65,327,163,164
050,47,081,"Tennessee","Hickman County",3,66,287,137,150
050,47,081,"Tennessee","Hickman County",3,67,300,139,161
050,47,081,"Tennessee","Hickman County",3,68,296,131,165
050,47,081,"Tennessee","Hickman County",3,69,296,133,163
050,47,081,"Tennessee","Hickman County",3,70,283,136,147
050,47,081,"Tennessee","Hickman County",3,71,234,105,129
050,47,081,"Tennessee","Hickman County",3,72,236,119,117
050,47,081,"Tennessee","Hickman County",3,73,227,110,117
050,47,081,"Tennessee","Hickman County",3,74,278,136,142
050,47,081,"Tennessee","Hickman County",3,75,183,85,98
050,47,081,"Tennessee","Hickman County",3,76,170,81,89
050,47,081,"Tennessee","Hickman County",3,77,158,78,80
050,47,081,"Tennessee","Hickman County",3,78,163,77,86
050,47,081,"Tennessee","Hickman County",3,79,141,63,78
050,47,081,"Tennessee","Hickman County",3,80,133,54,79
050,47,081,"Tennessee","Hickman County",3,81,109,48,61
050,47,081,"Tennessee","Hickman County",3,82,103,47,56
050,47,081,"Tennessee","Hickman County",3,83,101,46,55
050,47,081,"Tennessee","Hickman County",3,84,84,41,43
050,47,081,"Tennessee","Hickman County",3,85,350,137,213
050,47,081,"Tennessee","Hickman County",4,0,281,137,144
050,47,081,"Tennessee","Hickman County",4,1,298,137,161
050,47,081,"Tennessee","Hickman County",4,2,268,138,130
050,47,081,"Tennessee","Hickman County",4,3,294,156,138
050,47,081,"Tennessee","Hickman County",4,4,279,137,142
050,47,081,"Tennessee","Hickman County",4,5,263,118,145
050,47,081,"Tennessee","Hickman County",4,6,286,154,132
050,47,081,"Tennessee","Hickman County",4,7,312,171,141
050,47,081,"Tennessee","Hickman County",4,8,314,171,143
050,47,081,"Tennessee","Hickman County",4,9,307,153,154
050,47,081,"Tennessee","Hickman County",4,10,278,136,142
050,47,081,"Tennessee","Hickman County",4,11,289,144,145
050,47,081,"Tennessee","Hickman County",4,12,276,151,125
050,47,081,"Tennessee","Hickman County",4,13,303,166,137
050,47,081,"Tennessee","Hickman County",4,14,328,176,152
050,47,081,"Tennessee","Hickman County",4,15,318,160,158
050,47,081,"Tennessee","Hickman County",4,16,317,164,153
050,47,081,"Tennessee","Hickman County",4,17,319,163,156
050,47,081,"Tennessee","Hickman County",4,18,291,158,133
050,47,081,"Tennessee","Hickman County",4,19,221,125,96
050,47,081,"Tennessee","Hickman County",4,20,231,128,103
050,47,081,"Tennessee","Hickman County",4,21,276,157,119
050,47,081,"Tennessee","Hickman County",4,22,299,161,138
050,47,081,"Tennessee","Hickman County",4,23,345,191,154
050,47,081,"Tennessee","Hickman County",4,24,306,175,131
050,47,081,"Tennessee","Hickman County",4,25,330,186,144
050,47,081,"Tennessee","Hickman County",4,26,329,193,136
050,47,081,"Tennessee","Hickman County",4,27,316,187,129
050,47,081,"Tennessee","Hickman County",4,28,351,204,147
050,47,081,"Tennessee","Hickman County",4,29,337,192,145
050,47,081,"Tennessee","Hickman County",4,30,362,204,158
050,47,081,"Tennessee","Hickman County",4,31,343,200,143
050,47,081,"Tennessee","Hickman County",4,32,353,195,158
050,47,081,"Tennessee","Hickman County",4,33,345,189,156
050,47,081,"Tennessee","Hickman County",4,34,330,177,153
050,47,081,"Tennessee","Hickman County",4,35,343,193,150
050,47,081,"Tennessee","Hickman County",4,36,318,173,145
050,47,081,"Tennessee","Hickman County",4,37,311,178,133
050,47,081,"Tennessee","Hickman County",4,38,318,182,136
050,47,081,"Tennessee","Hickman County",4,39,318,164,154
050,47,081,"Tennessee","Hickman County",4,40,317,171,146
050,47,081,"Tennessee","Hickman County",4,41,328,187,141
050,47,081,"Tennessee","Hickman County",4,42,329,176,153
050,47,081,"Tennessee","Hickman County",4,43,350,196,154
050,47,081,"Tennessee","Hickman County",4,44,342,175,167
050,47,081,"Tennessee","Hickman County",4,45,312,157,155
050,47,081,"Tennessee","Hickman County",4,46,288,157,131
050,47,081,"Tennessee","Hickman County",4,47,324,174,150
050,47,081,"Tennessee","Hickman County",4,48,333,180,153
050,47,081,"Tennessee","Hickman County",4,49,317,167,150
050,47,081,"Tennessee","Hickman County",4,50,320,164,156
050,47,081,"Tennessee","Hickman County",4,51,368,182,186
050,47,081,"Tennessee","Hickman County",4,52,338,174,164
050,47,081,"Tennessee","Hickman County",4,53,356,192,164
050,47,081,"Tennessee","Hickman County",4,54,346,189,157
050,47,081,"Tennessee","Hickman County",4,55,347,181,166
050,47,081,"Tennessee","Hickman County",4,56,349,181,168
050,47,081,"Tennessee","Hickman County",4,57,362,187,175
050,47,081,"Tennessee","Hickman County",4,58,397,208,189
050,47,081,"Tennessee","Hickman County",4,59,376,211,165
050,47,081,"Tennessee","Hickman County",4,60,366,184,182
050,47,081,"Tennessee","Hickman County",4,61,358,191,167
050,47,081,"Tennessee","Hickman County",4,62,363,190,173
050,47,081,"Tennessee","Hickman County",4,63,340,178,162
050,47,081,"Tennessee","Hickman County",4,64,349,184,165
050,47,081,"Tennessee","Hickman County",4,65,342,172,170
050,47,081,"Tennessee","Hickman County",4,66,317,159,158
050,47,081,"Tennessee","Hickman County",4,67,281,132,149
050,47,081,"Tennessee","Hickman County",4,68,292,138,154
050,47,081,"Tennessee","Hickman County",4,69,300,134,166
050,47,081,"Tennessee","Hickman County",4,70,286,132,154
050,47,081,"Tennessee","Hickman County",4,71,275,137,138
050,47,081,"Tennessee","Hickman County",4,72,241,109,132
050,47,081,"Tennessee","Hickman County",4,73,219,110,109
050,47,081,"Tennessee","Hickman County",4,74,229,115,114
050,47,081,"Tennessee","Hickman County",4,75,270,132,138
050,47,081,"Tennessee","Hickman County",4,76,172,83,89
050,47,081,"Tennessee","Hickman County",4,77,165,72,93
050,47,081,"Tennessee","Hickman County",4,78,152,74,78
050,47,081,"Tennessee","Hickman County",4,79,161,74,87
050,47,081,"Tennessee","Hickman County",4,80,135,62,73
050,47,081,"Tennessee","Hickman County",4,81,123,45,78
050,47,081,"Tennessee","Hickman County",4,82,96,42,54
050,47,081,"Tennessee","Hickman County",4,83,100,45,55
050,47,081,"Tennessee","Hickman County",4,84,85,40,45
050,47,081,"Tennessee","Hickman County",4,85,362,151,211
050,47,081,"Tennessee","Hickman County",5,0,274,133,141
050,47,081,"Tennessee","Hickman County",5,1,302,140,162
050,47,081,"Tennessee","Hickman County",5,2,306,143,163
050,47,081,"Tennessee","Hickman County",5,3,276,141,135
050,47,081,"Tennessee","Hickman County",5,4,306,162,144
050,47,081,"Tennessee","Hickman County",5,5,299,154,145
050,47,081,"Tennessee","Hickman County",5,6,261,118,143
050,47,081,"Tennessee","Hickman County",5,7,303,160,143
050,47,081,"Tennessee","Hickman County",5,8,321,175,146
050,47,081,"Tennessee","Hickman County",5,9,319,166,153
050,47,081,"Tennessee","Hickman County",5,10,315,160,155
050,47,081,"Tennessee","Hickman County",5,11,269,131,138
050,47,081,"Tennessee","Hickman County",5,12,304,152,152
050,47,081,"Tennessee","Hickman County",5,13,282,147,135
050,47,081,"Tennessee","Hickman County",5,14,304,169,135
050,47,081,"Tennessee","Hickman County",5,15,337,179,158
050,47,081,"Tennessee","Hickman County",5,16,333,166,167
050,47,081,"Tennessee","Hickman County",5,17,316,160,156
050,47,081,"Tennessee","Hickman County",5,18,275,141,134
050,47,081,"Tennessee","Hickman County",5,19,234,134,100
050,47,081,"Tennessee","Hickman County",5,20,256,149,107
050,47,081,"Tennessee","Hickman County",5,21,249,140,109
050,47,081,"Tennessee","Hickman County",5,22,302,165,137
050,47,081,"Tennessee","Hickman County",5,23,333,177,156
050,47,081,"Tennessee","Hickman County",5,24,348,199,149
050,47,081,"Tennessee","Hickman County",5,25,323,181,142
050,47,081,"Tennessee","Hickman County",5,26,344,195,149
050,47,081,"Tennessee","Hickman County",5,27,331,188,143
050,47,081,"Tennessee","Hickman County",5,28,315,181,134
050,47,081,"Tennessee","Hickman County",5,29,335,191,144
050,47,081,"Tennessee","Hickman County",5,30,342,193,149
050,47,081,"Tennessee","Hickman County",5,31,366,203,163
050,47,081,"Tennessee","Hickman County",5,32,345,204,141
050,47,081,"Tennessee","Hickman County",5,33,366,199,167
050,47,081,"Tennessee","Hickman County",5,34,348,184,164
050,47,081,"Tennessee","Hickman County",5,35,371,203,168
050,47,081,"Tennessee","Hickman County",5,36,341,190,151
050,47,081,"Tennessee","Hickman County",5,37,306,169,137
050,47,081,"Tennessee","Hickman County",5,38,321,189,132
050,47,081,"Tennessee","Hickman County",5,39,307,171,136
050,47,081,"Tennessee","Hickman County",5,40,324,163,161
050,47,081,"Tennessee","Hickman County",5,41,312,164,148
050,47,081,"Tennessee","Hickman County",5,42,341,184,157
050,47,081,"Tennessee","Hickman County",5,43,367,205,162
050,47,081,"Tennessee","Hickman County",5,44,355,195,160
050,47,081,"Tennessee","Hickman County",5,45,335,168,167
050,47,081,"Tennessee","Hickman County",5,46,312,166,146
050,47,081,"Tennessee","Hickman County",5,47,305,166,139
050,47,081,"Tennessee","Hickman County",5,48,330,190,140
050,47,081,"Tennessee","Hickman County",5,49,323,167,156
050,47,081,"Tennessee","Hickman County",5,50,323,171,152
050,47,081,"Tennessee","Hickman County",5,51,333,174,159
050,47,081,"Tennessee","Hickman County",5,52,348,173,175
050,47,081,"Tennessee","Hickman County",5,53,359,189,170
050,47,081,"Tennessee","Hickman County",5,54,372,191,181
050,47,081,"Tennessee","Hickman County",5,55,320,170,150
050,47,081,"Tennessee","Hickman County",5,56,353,179,174
050,47,081,"Tennessee","Hickman County",5,57,353,190,163
050,47,081,"Tennessee","Hickman County",5,58,362,190,172
050,47,081,"Tennessee","Hickman County",5,59,396,206,190
050,47,081,"Tennessee","Hickman County",5,60,355,197,158
050,47,081,"Tennessee","Hickman County",5,61,353,180,173
050,47,081,"Tennessee","Hickman County",5,62,365,189,176
050,47,081,"Tennessee","Hickman County",5,63,346,177,169
050,47,081,"Tennessee","Hickman County",5,64,355,189,166
050,47,081,"Tennessee","Hickman County",5,65,326,164,162
050,47,081,"Tennessee","Hickman County",5,66,343,174,169
050,47,081,"Tennessee","Hickman County",5,67,320,157,163
050,47,081,"Tennessee","Hickman County",5,68,281,130,151
050,47,081,"Tennessee","Hickman County",5,69,293,143,150
050,47,081,"Tennessee","Hickman County",5,70,295,135,160
050,47,081,"Tennessee","Hickman County",5,71,279,127,152
050,47,081,"Tennessee","Hickman County",5,72,273,139,134
050,47,081,"Tennessee","Hickman County",5,73,224,100,124
050,47,081,"Tennessee","Hickman County",5,74,225,113,112
050,47,081,"Tennessee","Hickman County",5,75,220,114,106
050,47,081,"Tennessee","Hickman County",5,76,252,128,124
050,47,081,"Tennessee","Hickman County",5,77,157,74,83
050,47,081,"Tennessee","Hickman County",5,78,161,67,94
050,47,081,"Tennessee","Hickman County",5,79,147,72,75
050,47,081,"Tennessee","Hickman County",5,80,147,70,77
050,47,081,"Tennessee","Hickman County",5,81,127,53,74
050,47,081,"Tennessee","Hickman County",5,82,113,41,72
050,47,081,"Tennessee","Hickman County",5,83,88,40,48
050,47,081,"Tennessee","Hickman County",5,84,81,39,42
050,47,081,"Tennessee","Hickman County",5,85,392,168,224
050,47,083,"Tennessee","Houston County",1,0,78,40,38
050,47,083,"Tennessee","Houston County",1,1,88,42,46
050,47,083,"Tennessee","Houston County",1,2,87,36,51
050,47,083,"Tennessee","Houston County",1,3,88,45,43
050,47,083,"Tennessee","Houston County",1,4,94,55,39
050,47,083,"Tennessee","Houston County",1,5,90,43,47
050,47,083,"Tennessee","Houston County",1,6,76,45,31
050,47,083,"Tennessee","Houston County",1,7,92,54,38
050,47,083,"Tennessee","Houston County",1,8,99,52,47
050,47,083,"Tennessee","Houston County",1,9,112,54,58
050,47,083,"Tennessee","Houston County",1,10,109,55,54
050,47,083,"Tennessee","Houston County",1,11,109,60,49
050,47,083,"Tennessee","Houston County",1,12,105,53,52
050,47,083,"Tennessee","Houston County",1,13,119,56,63
050,47,083,"Tennessee","Houston County",1,14,96,47,49
050,47,083,"Tennessee","Houston County",1,15,107,53,54
050,47,083,"Tennessee","Houston County",1,16,116,58,58
050,47,083,"Tennessee","Houston County",1,17,119,59,60
050,47,083,"Tennessee","Houston County",1,18,97,53,44
050,47,083,"Tennessee","Houston County",1,19,83,47,36
050,47,083,"Tennessee","Houston County",1,20,76,39,37
050,47,083,"Tennessee","Houston County",1,21,82,45,37
050,47,083,"Tennessee","Houston County",1,22,97,46,51
050,47,083,"Tennessee","Houston County",1,23,84,36,48
050,47,083,"Tennessee","Houston County",1,24,82,43,39
050,47,083,"Tennessee","Houston County",1,25,88,47,41
050,47,083,"Tennessee","Houston County",1,26,96,56,40
050,47,083,"Tennessee","Houston County",1,27,100,58,42
050,47,083,"Tennessee","Houston County",1,28,117,59,58
050,47,083,"Tennessee","Houston County",1,29,91,53,38
050,47,083,"Tennessee","Houston County",1,30,88,45,43
050,47,083,"Tennessee","Houston County",1,31,100,48,52
050,47,083,"Tennessee","Houston County",1,32,84,43,41
050,47,083,"Tennessee","Houston County",1,33,86,36,50
050,47,083,"Tennessee","Houston County",1,34,84,38,46
050,47,083,"Tennessee","Houston County",1,35,99,43,56
050,47,083,"Tennessee","Houston County",1,36,105,47,58
050,47,083,"Tennessee","Houston County",1,37,104,56,48
050,47,083,"Tennessee","Houston County",1,38,108,54,54
050,47,083,"Tennessee","Houston County",1,39,87,42,45
050,47,083,"Tennessee","Houston County",1,40,89,42,47
050,47,083,"Tennessee","Houston County",1,41,97,45,52
050,47,083,"Tennessee","Houston County",1,42,96,46,50
050,47,083,"Tennessee","Houston County",1,43,94,53,41
050,47,083,"Tennessee","Houston County",1,44,96,53,43
050,47,083,"Tennessee","Houston County",1,45,105,56,49
050,47,083,"Tennessee","Houston County",1,46,106,45,61
050,47,083,"Tennessee","Houston County",1,47,100,45,55
050,47,083,"Tennessee","Houston County",1,48,104,53,51
050,47,083,"Tennessee","Houston County",1,49,116,55,61
050,47,083,"Tennessee","Houston County",1,50,117,60,57
050,47,083,"Tennessee","Houston County",1,51,115,60,55
050,47,083,"Tennessee","Houston County",1,52,103,45,58
050,47,083,"Tennessee","Houston County",1,53,112,57,55
050,47,083,"Tennessee","Houston County",1,54,115,67,48
050,47,083,"Tennessee","Houston County",1,55,130,63,67
050,47,083,"Tennessee","Houston County",1,56,107,49,58
050,47,083,"Tennessee","Houston County",1,57,112,55,57
050,47,083,"Tennessee","Houston County",1,58,128,68,60
050,47,083,"Tennessee","Houston County",1,59,134,69,65
050,47,083,"Tennessee","Houston County",1,60,123,69,54
050,47,083,"Tennessee","Houston County",1,61,114,68,46
050,47,083,"Tennessee","Houston County",1,62,123,63,60
050,47,083,"Tennessee","Houston County",1,63,118,58,60
050,47,083,"Tennessee","Houston County",1,64,109,48,61
050,47,083,"Tennessee","Houston County",1,65,108,47,61
050,47,083,"Tennessee","Houston County",1,66,107,44,63
050,47,083,"Tennessee","Houston County",1,67,117,50,67
050,47,083,"Tennessee","Houston County",1,68,120,57,63
050,47,083,"Tennessee","Houston County",1,69,100,54,46
050,47,083,"Tennessee","Houston County",1,70,87,39,48
050,47,083,"Tennessee","Houston County",1,71,95,43,52
050,47,083,"Tennessee","Houston County",1,72,101,49,52
050,47,083,"Tennessee","Houston County",1,73,97,47,50
050,47,083,"Tennessee","Houston County",1,74,82,44,38
050,47,083,"Tennessee","Houston County",1,75,68,37,31
050,47,083,"Tennessee","Houston County",1,76,75,42,33
050,47,083,"Tennessee","Houston County",1,77,66,34,32
050,47,083,"Tennessee","Houston County",1,78,68,32,36
050,47,083,"Tennessee","Houston County",1,79,57,27,30
050,47,083,"Tennessee","Houston County",1,80,53,24,29
050,47,083,"Tennessee","Houston County",1,81,44,16,28
050,47,083,"Tennessee","Houston County",1,82,40,19,21
050,47,083,"Tennessee","Houston County",1,83,33,15,18
050,47,083,"Tennessee","Houston County",1,84,30,9,21
050,47,083,"Tennessee","Houston County",1,85,155,49,106
050,47,083,"Tennessee","Houston County",2,0,75,39,36
050,47,083,"Tennessee","Houston County",2,1,88,42,46
050,47,083,"Tennessee","Houston County",2,2,89,38,51
050,47,083,"Tennessee","Houston County",2,3,88,43,45
050,47,083,"Tennessee","Houston County",2,4,93,51,42
050,47,083,"Tennessee","Houston County",2,5,91,47,44
050,47,083,"Tennessee","Houston County",2,6,79,46,33
050,47,083,"Tennessee","Houston County",2,7,89,52,37
050,47,083,"Tennessee","Houston County",2,8,98,54,44
050,47,083,"Tennessee","Houston County",2,9,109,54,55
050,47,083,"Tennessee","Houston County",2,10,110,55,55
050,47,083,"Tennessee","Houston County",2,11,109,58,51
050,47,083,"Tennessee","Houston County",2,12,109,55,54
050,47,083,"Tennessee","Houston County",2,13,117,56,61
050,47,083,"Tennessee","Houston County",2,14,102,49,53
050,47,083,"Tennessee","Houston County",2,15,105,52,53
050,47,083,"Tennessee","Houston County",2,16,116,58,58
050,47,083,"Tennessee","Houston County",2,17,120,59,61
050,47,083,"Tennessee","Houston County",2,18,97,52,45
050,47,083,"Tennessee","Houston County",2,19,82,45,37
050,47,083,"Tennessee","Houston County",2,20,79,42,37
050,47,083,"Tennessee","Houston County",2,21,83,45,38
050,47,083,"Tennessee","Houston County",2,22,94,46,48
050,47,083,"Tennessee","Houston County",2,23,88,39,49
050,47,083,"Tennessee","Houston County",2,24,82,41,41
050,47,083,"Tennessee","Houston County",2,25,86,46,40
050,47,083,"Tennessee","Houston County",2,26,94,55,39
050,47,083,"Tennessee","Houston County",2,27,101,58,43
050,47,083,"Tennessee","Houston County",2,28,111,58,53
050,47,083,"Tennessee","Houston County",2,29,96,54,42
050,47,083,"Tennessee","Houston County",2,30,90,47,43
050,47,083,"Tennessee","Houston County",2,31,95,48,47
050,47,083,"Tennessee","Houston County",2,32,87,44,43
050,47,083,"Tennessee","Houston County",2,33,85,38,47
050,47,083,"Tennessee","Houston County",2,34,85,38,47
050,47,083,"Tennessee","Houston County",2,35,99,43,56
050,47,083,"Tennessee","Houston County",2,36,103,47,56
050,47,083,"Tennessee","Houston County",2,37,105,54,51
050,47,083,"Tennessee","Houston County",2,38,109,55,54
050,47,083,"Tennessee","Houston County",2,39,93,45,48
050,47,083,"Tennessee","Houston County",2,40,88,41,47
050,47,083,"Tennessee","Houston County",2,41,96,44,52
050,47,083,"Tennessee","Houston County",2,42,96,45,51
050,47,083,"Tennessee","Houston County",2,43,97,52,45
050,47,083,"Tennessee","Houston County",2,44,95,53,42
050,47,083,"Tennessee","Houston County",2,45,104,56,48
050,47,083,"Tennessee","Houston County",2,46,107,48,59
050,47,083,"Tennessee","Houston County",2,47,99,44,55
050,47,083,"Tennessee","Houston County",2,48,103,51,52
050,47,083,"Tennessee","Houston County",2,49,114,55,59
050,47,083,"Tennessee","Houston County",2,50,117,59,58
050,47,083,"Tennessee","Houston County",2,51,114,59,55
050,47,083,"Tennessee","Houston County",2,52,108,50,58
050,47,083,"Tennessee","Houston County",2,53,109,54,55
050,47,083,"Tennessee","Houston County",2,54,116,66,50
050,47,083,"Tennessee","Houston County",2,55,126,64,62
050,47,083,"Tennessee","Houston County",2,56,115,54,61
050,47,083,"Tennessee","Houston County",2,57,111,54,57
050,47,083,"Tennessee","Houston County",2,58,125,65,60
050,47,083,"Tennessee","Houston County",2,59,133,69,64
050,47,083,"Tennessee","Houston County",2,60,125,68,57
050,47,083,"Tennessee","Houston County",2,61,116,68,48
050,47,083,"Tennessee","Houston County",2,62,122,65,57
050,47,083,"Tennessee","Houston County",2,63,120,60,60
050,47,083,"Tennessee","Houston County",2,64,111,51,60
050,47,083,"Tennessee","Houston County",2,65,109,47,62
050,47,083,"Tennessee","Houston County",2,66,104,44,60
050,47,083,"Tennessee","Houston County",2,67,115,49,66
050,47,083,"Tennessee","Houston County",2,68,119,56,63
050,47,083,"Tennessee","Houston County",2,69,106,55,51
050,47,083,"Tennessee","Houston County",2,70,91,42,49
050,47,083,"Tennessee","Houston County",2,71,93,42,51
050,47,083,"Tennessee","Houston County",2,72,98,46,52
050,47,083,"Tennessee","Houston County",2,73,104,50,54
050,47,083,"Tennessee","Houston County",2,74,79,43,36
050,47,083,"Tennessee","Houston County",2,75,72,39,33
050,47,083,"Tennessee","Houston County",2,76,72,40,32
050,47,083,"Tennessee","Houston County",2,77,66,35,31
050,47,083,"Tennessee","Houston County",2,78,67,32,35
050,47,083,"Tennessee","Houston County",2,79,59,28,31
050,47,083,"Tennessee","Houston County",2,80,53,23,30
050,47,083,"Tennessee","Houston County",2,81,46,18,28
050,47,083,"Tennessee","Houston County",2,82,41,17,24
050,47,083,"Tennessee","Houston County",2,83,32,15,17
050,47,083,"Tennessee","Houston County",2,84,29,10,19
050,47,083,"Tennessee","Houston County",2,85,155,47,108
050,47,083,"Tennessee","Houston County",3,0,86,43,43
050,47,083,"Tennessee","Houston County",3,1,76,40,36
050,47,083,"Tennessee","Houston County",3,2,92,43,49
050,47,083,"Tennessee","Houston County",3,3,91,40,51
050,47,083,"Tennessee","Houston County",3,4,93,47,46
050,47,083,"Tennessee","Houston County",3,5,92,49,43
050,47,083,"Tennessee","Houston County",3,6,93,50,43
050,47,083,"Tennessee","Houston County",3,7,75,43,32
050,47,083,"Tennessee","Houston County",3,8,92,48,44
050,47,083,"Tennessee","Houston County",3,9,93,53,40
050,47,083,"Tennessee","Houston County",3,10,117,60,57
050,47,083,"Tennessee","Houston County",3,11,111,54,57
050,47,083,"Tennessee","Houston County",3,12,112,61,51
050,47,083,"Tennessee","Houston County",3,13,115,59,56
050,47,083,"Tennessee","Houston County",3,14,112,55,57
050,47,083,"Tennessee","Houston County",3,15,89,39,50
050,47,083,"Tennessee","Houston County",3,16,101,47,54
050,47,083,"Tennessee","Houston County",3,17,119,61,58
050,47,083,"Tennessee","Houston County",3,18,97,49,48
050,47,083,"Tennessee","Houston County",3,19,80,43,37
050,47,083,"Tennessee","Houston County",3,20,83,49,34
050,47,083,"Tennessee","Houston County",3,21,84,43,41
050,47,083,"Tennessee","Houston County",3,22,94,49,45
050,47,083,"Tennessee","Houston County",3,23,98,47,51
050,47,083,"Tennessee","Houston County",3,24,83,34,49
050,47,083,"Tennessee","Houston County",3,25,82,40,42
050,47,083,"Tennessee","Houston County",3,26,87,46,41
050,47,083,"Tennessee","Houston County",3,27,89,48,41
050,47,083,"Tennessee","Houston County",3,28,101,50,51
050,47,083,"Tennessee","Houston County",3,29,102,51,51
050,47,083,"Tennessee","Houston County",3,30,99,55,44
050,47,083,"Tennessee","Houston County",3,31,97,50,47
050,47,083,"Tennessee","Houston County",3,32,97,48,49
050,47,083,"Tennessee","Houston County",3,33,91,46,45
050,47,083,"Tennessee","Houston County",3,34,79,35,44
050,47,083,"Tennessee","Houston County",3,35,88,35,53
050,47,083,"Tennessee","Houston County",3,36,103,46,57
050,47,083,"Tennessee","Houston County",3,37,105,48,57
050,47,083,"Tennessee","Houston County",3,38,106,56,50
050,47,083,"Tennessee","Houston County",3,39,109,51,58
050,47,083,"Tennessee","Houston County",3,40,94,49,45
050,47,083,"Tennessee","Houston County",3,41,96,44,52
050,47,083,"Tennessee","Houston County",3,42,101,45,56
050,47,083,"Tennessee","Houston County",3,43,99,47,52
050,47,083,"Tennessee","Houston County",3,44,98,53,45
050,47,083,"Tennessee","Houston County",3,45,91,52,39
050,47,083,"Tennessee","Houston County",3,46,107,54,53
050,47,083,"Tennessee","Houston County",3,47,109,50,59
050,47,083,"Tennessee","Houston County",3,48,96,40,56
050,47,083,"Tennessee","Houston County",3,49,104,53,51
050,47,083,"Tennessee","Houston County",3,50,114,57,57
050,47,083,"Tennessee","Houston County",3,51,110,56,54
050,47,083,"Tennessee","Houston County",3,52,120,62,58
050,47,083,"Tennessee","Houston County",3,53,107,50,57
050,47,083,"Tennessee","Houston County",3,54,112,55,57
050,47,083,"Tennessee","Houston County",3,55,106,61,45
050,47,083,"Tennessee","Houston County",3,56,132,67,65
050,47,083,"Tennessee","Houston County",3,57,113,55,58
050,47,083,"Tennessee","Houston County",3,58,110,50,60
050,47,083,"Tennessee","Houston County",3,59,133,68,65
050,47,083,"Tennessee","Houston County",3,60,129,69,60
050,47,083,"Tennessee","Houston County",3,61,126,67,59
050,47,083,"Tennessee","Houston County",3,62,128,71,57
050,47,083,"Tennessee","Houston County",3,63,119,59,60
050,47,083,"Tennessee","Houston County",3,64,118,58,60
050,47,083,"Tennessee","Houston County",3,65,115,54,61
050,47,083,"Tennessee","Houston County",3,66,109,47,62
050,47,083,"Tennessee","Houston County",3,67,99,43,56
050,47,083,"Tennessee","Houston County",3,68,114,49,65
050,47,083,"Tennessee","Houston County",3,69,114,54,60
050,47,083,"Tennessee","Houston County",3,70,98,47,51
050,47,083,"Tennessee","Houston County",3,71,83,38,45
050,47,083,"Tennessee","Houston County",3,72,93,44,49
050,47,083,"Tennessee","Houston County",3,73,94,44,50
050,47,083,"Tennessee","Houston County",3,74,99,50,49
050,47,083,"Tennessee","Houston County",3,75,74,38,36
050,47,083,"Tennessee","Houston County",3,76,70,36,34
050,47,083,"Tennessee","Houston County",3,77,64,36,28
050,47,083,"Tennessee","Houston County",3,78,63,32,31
050,47,083,"Tennessee","Houston County",3,79,64,32,32
050,47,083,"Tennessee","Houston County",3,80,53,24,29
050,47,083,"Tennessee","Houston County",3,81,51,24,27
050,47,083,"Tennessee","Houston County",3,82,41,15,26
050,47,083,"Tennessee","Houston County",3,83,40,17,23
050,47,083,"Tennessee","Houston County",3,84,28,13,15
050,47,083,"Tennessee","Houston County",3,85,147,42,105
050,47,083,"Tennessee","Houston County",4,0,75,38,37
050,47,083,"Tennessee","Houston County",4,1,85,41,44
050,47,083,"Tennessee","Houston County",4,2,78,47,31
050,47,083,"Tennessee","Houston County",4,3,87,42,45
050,47,083,"Tennessee","Houston County",4,4,93,42,51
050,47,083,"Tennessee","Houston County",4,5,81,40,41
050,47,083,"Tennessee","Houston County",4,6,93,48,45
050,47,083,"Tennessee","Houston County",4,7,89,48,41
050,47,083,"Tennessee","Houston County",4,8,78,40,38
050,47,083,"Tennessee","Houston County",4,9,89,47,42
050,47,083,"Tennessee","Houston County",4,10,96,49,47
050,47,083,"Tennessee","Houston County",4,11,118,62,56
050,47,083,"Tennessee","Houston County",4,12,113,55,58
050,47,083,"Tennessee","Houston County",4,13,112,61,51
050,47,083,"Tennessee","Houston County",4,14,116,62,54
050,47,083,"Tennessee","Houston County",4,15,116,54,62
050,47,083,"Tennessee","Houston County",4,16,95,47,48
050,47,083,"Tennessee","Houston County",4,17,99,48,51
050,47,083,"Tennessee","Houston County",4,18,94,45,49
050,47,083,"Tennessee","Houston County",4,19,86,43,43
050,47,083,"Tennessee","Houston County",4,20,81,40,41
050,47,083,"Tennessee","Houston County",4,21,86,48,38
050,47,083,"Tennessee","Houston County",4,22,75,38,37
050,47,083,"Tennessee","Houston County",4,23,97,51,46
050,47,083,"Tennessee","Houston County",4,24,92,40,52
050,47,083,"Tennessee","Houston County",4,25,88,37,51
050,47,083,"Tennessee","Houston County",4,26,90,46,44
050,47,083,"Tennessee","Houston County",4,27,88,47,41
050,47,083,"Tennessee","Houston County",4,28,88,48,40
050,47,083,"Tennessee","Houston County",4,29,92,47,45
050,47,083,"Tennessee","Houston County",4,30,100,47,53
050,47,083,"Tennessee","Houston County",4,31,96,51,45
050,47,083,"Tennessee","Houston County",4,32,103,56,47
050,47,083,"Tennessee","Houston County",4,33,103,52,51
050,47,083,"Tennessee","Houston County",4,34,84,42,42
050,47,083,"Tennessee","Houston County",4,35,80,35,45
050,47,083,"Tennessee","Houston County",4,36,88,35,53
050,47,083,"Tennessee","Houston County",4,37,100,45,55
050,47,083,"Tennessee","Houston County",4,38,108,50,58
050,47,083,"Tennessee","Houston County",4,39,101,55,46
050,47,083,"Tennessee","Houston County",4,40,110,50,60
050,47,083,"Tennessee","Houston County",4,41,94,51,43
050,47,083,"Tennessee","Houston County",4,42,91,42,49
050,47,083,"Tennessee","Houston County",4,43,107,47,60
050,47,083,"Tennessee","Houston County",4,44,104,48,56
050,47,083,"Tennessee","Houston County",4,45,98,54,44
050,47,083,"Tennessee","Houston County",4,46,100,56,44
050,47,083,"Tennessee","Houston County",4,47,111,59,52
050,47,083,"Tennessee","Houston County",4,48,108,53,55
050,47,083,"Tennessee","Houston County",4,49,98,41,57
050,47,083,"Tennessee","Houston County",4,50,110,55,55
050,47,083,"Tennessee","Houston County",4,51,116,59,57
050,47,083,"Tennessee","Houston County",4,52,107,53,54
050,47,083,"Tennessee","Houston County",4,53,122,62,60
050,47,083,"Tennessee","Houston County",4,54,108,54,54
050,47,083,"Tennessee","Houston County",4,55,113,56,57
050,47,083,"Tennessee","Houston County",4,56,115,68,47
050,47,083,"Tennessee","Houston County",4,57,119,60,59
050,47,083,"Tennessee","Houston County",4,58,112,55,57
050,47,083,"Tennessee","Houston County",4,59,114,51,63
050,47,083,"Tennessee","Houston County",4,60,132,66,66
050,47,083,"Tennessee","Houston County",4,61,128,69,59
050,47,083,"Tennessee","Houston County",4,62,135,75,60
050,47,083,"Tennessee","Houston County",4,63,122,66,56
050,47,083,"Tennessee","Houston County",4,64,115,56,59
050,47,083,"Tennessee","Houston County",4,65,116,57,59
050,47,083,"Tennessee","Houston County",4,66,114,53,61
050,47,083,"Tennessee","Houston County",4,67,102,44,58
050,47,083,"Tennessee","Houston County",4,68,98,40,58
050,47,083,"Tennessee","Houston County",4,69,114,46,68
050,47,083,"Tennessee","Houston County",4,70,109,49,60
050,47,083,"Tennessee","Houston County",4,71,88,44,44
050,47,083,"Tennessee","Houston County",4,72,81,40,41
050,47,083,"Tennessee","Houston County",4,73,90,43,47
050,47,083,"Tennessee","Houston County",4,74,92,45,47
050,47,083,"Tennessee","Houston County",4,75,94,47,47
050,47,083,"Tennessee","Houston County",4,76,70,37,33
050,47,083,"Tennessee","Houston County",4,77,64,30,34
050,47,083,"Tennessee","Houston County",4,78,57,29,28
050,47,083,"Tennessee","Houston County",4,79,55,28,27
050,47,083,"Tennessee","Houston County",4,80,59,27,32
050,47,083,"Tennessee","Houston County",4,81,50,23,27
050,47,083,"Tennessee","Houston County",4,82,45,21,24
050,47,083,"Tennessee","Houston County",4,83,39,13,26
050,47,083,"Tennessee","Houston County",4,84,38,16,22
050,47,083,"Tennessee","Houston County",4,85,150,45,105
050,47,083,"Tennessee","Houston County",5,0,78,40,38
050,47,083,"Tennessee","Houston County",5,1,82,39,43
050,47,083,"Tennessee","Houston County",5,2,88,36,52
050,47,083,"Tennessee","Houston County",5,3,83,50,33
050,47,083,"Tennessee","Houston County",5,4,93,48,45
050,47,083,"Tennessee","Houston County",5,5,94,43,51
050,47,083,"Tennessee","Houston County",5,6,91,48,43
050,47,083,"Tennessee","Houston County",5,7,97,51,46
050,47,083,"Tennessee","Houston County",5,8,90,49,41
050,47,083,"Tennessee","Houston County",5,9,76,41,35
050,47,083,"Tennessee","Houston County",5,10,88,52,36
050,47,083,"Tennessee","Houston County",5,11,98,51,47
050,47,083,"Tennessee","Houston County",5,12,122,62,60
050,47,083,"Tennessee","Houston County",5,13,125,63,62
050,47,083,"Tennessee","Houston County",5,14,113,61,52
050,47,083,"Tennessee","Houston County",5,15,120,67,53
050,47,083,"Tennessee","Houston County",5,16,121,57,64
050,47,083,"Tennessee","Houston County",5,17,92,40,52
050,47,083,"Tennessee","Houston County",5,18,78,40,38
050,47,083,"Tennessee","Houston County",5,19,74,39,35
050,47,083,"Tennessee","Houston County",5,20,90,43,47
050,47,083,"Tennessee","Houston County",5,21,92,46,46
050,47,083,"Tennessee","Houston County",5,22,90,51,39
050,47,083,"Tennessee","Houston County",5,23,93,47,46
050,47,083,"Tennessee","Houston County",5,24,94,49,45
050,47,083,"Tennessee","Houston County",5,25,91,42,49
050,47,083,"Tennessee","Houston County",5,26,97,43,54
050,47,083,"Tennessee","Houston County",5,27,94,48,46
050,47,083,"Tennessee","Houston County",5,28,99,45,54
050,47,083,"Tennessee","Houston County",5,29,101,58,43
050,47,083,"Tennessee","Houston County",5,30,99,52,47
050,47,083,"Tennessee","Houston County",5,31,105,54,51
050,47,083,"Tennessee","Houston County",5,32,105,56,49
050,47,083,"Tennessee","Houston County",5,33,101,55,46
050,47,083,"Tennessee","Houston County",5,34,111,55,56
050,47,083,"Tennessee","Houston County",5,35,100,48,52
050,47,083,"Tennessee","Houston County",5,36,76,35,41
050,47,083,"Tennessee","Houston County",5,37,92,37,55
050,47,083,"Tennessee","Houston County",5,38,97,43,54
050,47,083,"Tennessee","Houston County",5,39,110,50,60
050,47,083,"Tennessee","Houston County",5,40,109,55,54
050,47,083,"Tennessee","Houston County",5,41,114,55,59
050,47,083,"Tennessee","Houston County",5,42,95,52,43
050,47,083,"Tennessee","Houston County",5,43,96,45,51
050,47,083,"Tennessee","Houston County",5,44,106,47,59
050,47,083,"Tennessee","Houston County",5,45,107,50,57
050,47,083,"Tennessee","Houston County",5,46,100,54,46
050,47,083,"Tennessee","Houston County",5,47,106,57,49
050,47,083,"Tennessee","Houston County",5,48,108,58,50
050,47,083,"Tennessee","Houston County",5,49,109,55,54
050,47,083,"Tennessee","Houston County",5,50,103,43,60
050,47,083,"Tennessee","Houston County",5,51,112,57,55
050,47,083,"Tennessee","Houston County",5,52,124,60,64
050,47,083,"Tennessee","Houston County",5,53,112,53,59
050,47,083,"Tennessee","Houston County",5,54,123,61,62
050,47,083,"Tennessee","Houston County",5,55,111,57,54
050,47,083,"Tennessee","Houston County",5,56,115,59,56
050,47,083,"Tennessee","Houston County",5,57,118,68,50
050,47,083,"Tennessee","Houston County",5,58,127,70,57
050,47,083,"Tennessee","Houston County",5,59,112,56,56
050,47,083,"Tennessee","Houston County",5,60,110,47,63
050,47,083,"Tennessee","Houston County",5,61,139,69,70
050,47,083,"Tennessee","Houston County",5,62,133,75,58
050,47,083,"Tennessee","Houston County",5,63,131,74,57
050,47,083,"Tennessee","Houston County",5,64,113,58,55
050,47,083,"Tennessee","Houston County",5,65,119,58,61
050,47,083,"Tennessee","Houston County",5,66,111,55,56
050,47,083,"Tennessee","Houston County",5,67,109,51,58
050,47,083,"Tennessee","Houston County",5,68,96,42,54
050,47,083,"Tennessee","Houston County",5,69,94,35,59
050,47,083,"Tennessee","Houston County",5,70,112,43,69
050,47,083,"Tennessee","Houston County",5,71,103,47,56
050,47,083,"Tennessee","Houston County",5,72,83,43,40
050,47,083,"Tennessee","Houston County",5,73,75,37,38
050,47,083,"Tennessee","Houston County",5,74,87,44,43
050,47,083,"Tennessee","Houston County",5,75,88,41,47
050,47,083,"Tennessee","Houston County",5,76,87,43,44
050,47,083,"Tennessee","Houston County",5,77,66,35,31
050,47,083,"Tennessee","Houston County",5,78,58,24,34
050,47,083,"Tennessee","Houston County",5,79,47,23,24
050,47,083,"Tennessee","Houston County",5,80,50,23,27
050,47,083,"Tennessee","Houston County",5,81,58,28,30
050,47,083,"Tennessee","Houston County",5,82,44,19,25
050,47,083,"Tennessee","Houston County",5,83,39,19,20
050,47,083,"Tennessee","Houston County",5,84,35,12,23
050,47,083,"Tennessee","Houston County",5,85,159,52,107
050,47,085,"Tennessee","Humphreys County",1,0,207,111,96
050,47,085,"Tennessee","Humphreys County",1,1,227,129,98
050,47,085,"Tennessee","Humphreys County",1,2,221,120,101
050,47,085,"Tennessee","Humphreys County",1,3,216,112,104
050,47,085,"Tennessee","Humphreys County",1,4,198,108,90
050,47,085,"Tennessee","Humphreys County",1,5,212,113,99
050,47,085,"Tennessee","Humphreys County",1,6,201,104,97
050,47,085,"Tennessee","Humphreys County",1,7,222,121,101
050,47,085,"Tennessee","Humphreys County",1,8,208,106,102
050,47,085,"Tennessee","Humphreys County",1,9,228,127,101
050,47,085,"Tennessee","Humphreys County",1,10,233,123,110
050,47,085,"Tennessee","Humphreys County",1,11,226,116,110
050,47,085,"Tennessee","Humphreys County",1,12,240,123,117
050,47,085,"Tennessee","Humphreys County",1,13,261,138,123
050,47,085,"Tennessee","Humphreys County",1,14,230,123,107
050,47,085,"Tennessee","Humphreys County",1,15,291,165,126
050,47,085,"Tennessee","Humphreys County",1,16,312,178,134
050,47,085,"Tennessee","Humphreys County",1,17,311,197,114
050,47,085,"Tennessee","Humphreys County",1,18,218,123,95
050,47,085,"Tennessee","Humphreys County",1,19,162,89,73
050,47,085,"Tennessee","Humphreys County",1,20,171,91,80
050,47,085,"Tennessee","Humphreys County",1,21,200,103,97
050,47,085,"Tennessee","Humphreys County",1,22,195,86,109
050,47,085,"Tennessee","Humphreys County",1,23,201,103,98
050,47,085,"Tennessee","Humphreys County",1,24,215,102,113
050,47,085,"Tennessee","Humphreys County",1,25,213,109,104
050,47,085,"Tennessee","Humphreys County",1,26,226,119,107
050,47,085,"Tennessee","Humphreys County",1,27,235,111,124
050,47,085,"Tennessee","Humphreys County",1,28,252,132,120
050,47,085,"Tennessee","Humphreys County",1,29,228,127,101
050,47,085,"Tennessee","Humphreys County",1,30,228,118,110
050,47,085,"Tennessee","Humphreys County",1,31,225,121,104
050,47,085,"Tennessee","Humphreys County",1,32,206,103,103
050,47,085,"Tennessee","Humphreys County",1,33,221,120,101
050,47,085,"Tennessee","Humphreys County",1,34,189,96,93
050,47,085,"Tennessee","Humphreys County",1,35,194,96,98
050,47,085,"Tennessee","Humphreys County",1,36,208,101,107
050,47,085,"Tennessee","Humphreys County",1,37,215,91,124
050,47,085,"Tennessee","Humphreys County",1,38,211,108,103
050,47,085,"Tennessee","Humphreys County",1,39,211,102,109
050,47,085,"Tennessee","Humphreys County",1,40,231,120,111
050,47,085,"Tennessee","Humphreys County",1,41,241,120,121
050,47,085,"Tennessee","Humphreys County",1,42,228,122,106
050,47,085,"Tennessee","Humphreys County",1,43,197,90,107
050,47,085,"Tennessee","Humphreys County",1,44,184,97,87
050,47,085,"Tennessee","Humphreys County",1,45,202,102,100
050,47,085,"Tennessee","Humphreys County",1,46,224,112,112
050,47,085,"Tennessee","Humphreys County",1,47,239,120,119
050,47,085,"Tennessee","Humphreys County",1,48,270,141,129
050,47,085,"Tennessee","Humphreys County",1,49,278,139,139
050,47,085,"Tennessee","Humphreys County",1,50,266,134,132
050,47,085,"Tennessee","Humphreys County",1,51,245,129,116
050,47,085,"Tennessee","Humphreys County",1,52,220,113,107
050,47,085,"Tennessee","Humphreys County",1,53,250,127,123
050,47,085,"Tennessee","Humphreys County",1,54,293,142,151
050,47,085,"Tennessee","Humphreys County",1,55,305,168,137
050,47,085,"Tennessee","Humphreys County",1,56,273,133,140
050,47,085,"Tennessee","Humphreys County",1,57,265,123,142
050,47,085,"Tennessee","Humphreys County",1,58,291,143,148
050,47,085,"Tennessee","Humphreys County",1,59,263,139,124
050,47,085,"Tennessee","Humphreys County",1,60,279,144,135
050,47,085,"Tennessee","Humphreys County",1,61,286,142,144
050,47,085,"Tennessee","Humphreys County",1,62,271,137,134
050,47,085,"Tennessee","Humphreys County",1,63,273,133,140
050,47,085,"Tennessee","Humphreys County",1,64,272,132,140
050,47,085,"Tennessee","Humphreys County",1,65,280,131,149
050,47,085,"Tennessee","Humphreys County",1,66,257,127,130
050,47,085,"Tennessee","Humphreys County",1,67,258,126,132
050,47,085,"Tennessee","Humphreys County",1,68,216,102,114
050,47,085,"Tennessee","Humphreys County",1,69,206,98,108
050,47,085,"Tennessee","Humphreys County",1,70,210,104,106
050,47,085,"Tennessee","Humphreys County",1,71,219,108,111
050,47,085,"Tennessee","Humphreys County",1,72,231,113,118
050,47,085,"Tennessee","Humphreys County",1,73,231,109,122
050,47,085,"Tennessee","Humphreys County",1,74,144,63,81
050,47,085,"Tennessee","Humphreys County",1,75,151,66,85
050,47,085,"Tennessee","Humphreys County",1,76,152,72,80
050,47,085,"Tennessee","Humphreys County",1,77,159,78,81
050,47,085,"Tennessee","Humphreys County",1,78,140,74,66
050,47,085,"Tennessee","Humphreys County",1,79,115,51,64
050,47,085,"Tennessee","Humphreys County",1,80,110,49,61
050,47,085,"Tennessee","Humphreys County",1,81,105,49,56
050,47,085,"Tennessee","Humphreys County",1,82,76,30,46
050,47,085,"Tennessee","Humphreys County",1,83,77,32,45
050,47,085,"Tennessee","Humphreys County",1,84,84,38,46
050,47,085,"Tennessee","Humphreys County",1,85,353,132,221
050,47,085,"Tennessee","Humphreys County",2,0,212,114,98
050,47,085,"Tennessee","Humphreys County",2,1,222,125,97
050,47,085,"Tennessee","Humphreys County",2,2,224,122,102
050,47,085,"Tennessee","Humphreys County",2,3,215,112,103
050,47,085,"Tennessee","Humphreys County",2,4,205,110,95
050,47,085,"Tennessee","Humphreys County",2,5,208,111,97
050,47,085,"Tennessee","Humphreys County",2,6,204,107,97
050,47,085,"Tennessee","Humphreys County",2,7,215,117,98
050,47,085,"Tennessee","Humphreys County",2,8,209,107,102
050,47,085,"Tennessee","Humphreys County",2,9,221,121,100
050,47,085,"Tennessee","Humphreys County",2,10,233,126,107
050,47,085,"Tennessee","Humphreys County",2,11,227,117,110
050,47,085,"Tennessee","Humphreys County",2,12,239,123,116
050,47,085,"Tennessee","Humphreys County",2,13,251,132,119
050,47,085,"Tennessee","Humphreys County",2,14,238,127,111
050,47,085,"Tennessee","Humphreys County",2,15,289,166,123
050,47,085,"Tennessee","Humphreys County",2,16,309,178,131
050,47,085,"Tennessee","Humphreys County",2,17,314,196,118
050,47,085,"Tennessee","Humphreys County",2,18,214,121,93
050,47,085,"Tennessee","Humphreys County",2,19,164,89,75
050,47,085,"Tennessee","Humphreys County",2,20,175,93,82
050,47,085,"Tennessee","Humphreys County",2,21,197,102,95
050,47,085,"Tennessee","Humphreys County",2,22,200,90,110
050,47,085,"Tennessee","Humphreys County",2,23,202,101,101
050,47,085,"Tennessee","Humphreys County",2,24,214,103,111
050,47,085,"Tennessee","Humphreys County",2,25,214,109,105
050,47,085,"Tennessee","Humphreys County",2,26,225,118,107
050,47,085,"Tennessee","Humphreys County",2,27,233,113,120
050,47,085,"Tennessee","Humphreys County",2,28,247,127,120
050,47,085,"Tennessee","Humphreys County",2,29,234,129,105
050,47,085,"Tennessee","Humphreys County",2,30,232,122,110
050,47,085,"Tennessee","Humphreys County",2,31,225,121,104
050,47,085,"Tennessee","Humphreys County",2,32,209,105,104
050,47,085,"Tennessee","Humphreys County",2,33,218,116,102
050,47,085,"Tennessee","Humphreys County",2,34,196,101,95
050,47,085,"Tennessee","Humphreys County",2,35,198,99,99
050,47,085,"Tennessee","Humphreys County",2,36,204,99,105
050,47,085,"Tennessee","Humphreys County",2,37,214,93,121
050,47,085,"Tennessee","Humphreys County",2,38,217,108,109
050,47,085,"Tennessee","Humphreys County",2,39,210,103,107
050,47,085,"Tennessee","Humphreys County",2,40,227,116,111
050,47,085,"Tennessee","Humphreys County",2,41,237,119,118
050,47,085,"Tennessee","Humphreys County",2,42,229,119,110
050,47,085,"Tennessee","Humphreys County",2,43,204,99,105
050,47,085,"Tennessee","Humphreys County",2,44,185,95,90
050,47,085,"Tennessee","Humphreys County",2,45,196,99,97
050,47,085,"Tennessee","Humphreys County",2,46,221,111,110
050,47,085,"Tennessee","Humphreys County",2,47,234,116,118
050,47,085,"Tennessee","Humphreys County",2,48,258,133,125
050,47,085,"Tennessee","Humphreys County",2,49,279,140,139
050,47,085,"Tennessee","Humphreys County",2,50,271,137,134
050,47,085,"Tennessee","Humphreys County",2,51,251,132,119
050,47,085,"Tennessee","Humphreys County",2,52,227,118,109
050,47,085,"Tennessee","Humphreys County",2,53,241,123,118
050,47,085,"Tennessee","Humphreys County",2,54,281,138,143
050,47,085,"Tennessee","Humphreys County",2,55,304,162,142
050,47,085,"Tennessee","Humphreys County",2,56,283,142,141
050,47,085,"Tennessee","Humphreys County",2,57,271,128,143
050,47,085,"Tennessee","Humphreys County",2,58,282,136,146
050,47,085,"Tennessee","Humphreys County",2,59,271,142,129
050,47,085,"Tennessee","Humphreys County",2,60,274,142,132
050,47,085,"Tennessee","Humphreys County",2,61,281,140,141
050,47,085,"Tennessee","Humphreys County",2,62,276,138,138
050,47,085,"Tennessee","Humphreys County",2,63,272,133,139
050,47,085,"Tennessee","Humphreys County",2,64,272,132,140
050,47,085,"Tennessee","Humphreys County",2,65,276,130,146
050,47,085,"Tennessee","Humphreys County",2,66,266,130,136
050,47,085,"Tennessee","Humphreys County",2,67,258,126,132
050,47,085,"Tennessee","Humphreys County",2,68,220,102,118
050,47,085,"Tennessee","Humphreys County",2,69,209,100,109
050,47,085,"Tennessee","Humphreys County",2,70,207,103,104
050,47,085,"Tennessee","Humphreys County",2,71,213,106,107
050,47,085,"Tennessee","Humphreys County",2,72,220,109,111
050,47,085,"Tennessee","Humphreys County",2,73,241,114,127
050,47,085,"Tennessee","Humphreys County",2,74,152,68,84
050,47,085,"Tennessee","Humphreys County",2,75,152,66,86
050,47,085,"Tennessee","Humphreys County",2,76,149,68,81
050,47,085,"Tennessee","Humphreys County",2,77,160,78,82
050,47,085,"Tennessee","Humphreys County",2,78,141,74,67
050,47,085,"Tennessee","Humphreys County",2,79,119,56,63
050,47,085,"Tennessee","Humphreys County",2,80,108,48,60
050,47,085,"Tennessee","Humphreys County",2,81,105,48,57
050,47,085,"Tennessee","Humphreys County",2,82,84,35,49
050,47,085,"Tennessee","Humphreys County",2,83,74,30,44
050,47,085,"Tennessee","Humphreys County",2,84,80,35,45
050,47,085,"Tennessee","Humphreys County",2,85,360,134,226
050,47,085,"Tennessee","Humphreys County",3,0,196,101,95
050,47,085,"Tennessee","Humphreys County",3,1,223,117,106
050,47,085,"Tennessee","Humphreys County",3,2,211,120,91
050,47,085,"Tennessee","Humphreys County",3,3,220,118,102
050,47,085,"Tennessee","Humphreys County",3,4,202,104,98
050,47,085,"Tennessee","Humphreys County",3,5,194,109,85
050,47,085,"Tennessee","Humphreys County",3,6,205,107,98
050,47,085,"Tennessee","Humphreys County",3,7,211,110,101
050,47,085,"Tennessee","Humphreys County",3,8,222,121,101
050,47,085,"Tennessee","Humphreys County",3,9,214,115,99
050,47,085,"Tennessee","Humphreys County",3,10,234,124,110
050,47,085,"Tennessee","Humphreys County",3,11,235,125,110
050,47,085,"Tennessee","Humphreys County",3,12,246,128,118
050,47,085,"Tennessee","Humphreys County",3,13,236,128,108
050,47,085,"Tennessee","Humphreys County",3,14,239,127,112
050,47,085,"Tennessee","Humphreys County",3,15,300,189,111
050,47,085,"Tennessee","Humphreys County",3,16,311,185,126
050,47,085,"Tennessee","Humphreys County",3,17,312,187,125
050,47,085,"Tennessee","Humphreys County",3,18,220,120,100
050,47,085,"Tennessee","Humphreys County",3,19,156,84,72
050,47,085,"Tennessee","Humphreys County",3,20,169,91,78
050,47,085,"Tennessee","Humphreys County",3,21,190,96,94
050,47,085,"Tennessee","Humphreys County",3,22,210,100,110
050,47,085,"Tennessee","Humphreys County",3,23,226,101,125
050,47,085,"Tennessee","Humphreys County",3,24,212,108,104
050,47,085,"Tennessee","Humphreys County",3,25,209,104,105
050,47,085,"Tennessee","Humphreys County",3,26,223,114,109
050,47,085,"Tennessee","Humphreys County",3,27,211,115,96
050,47,085,"Tennessee","Humphreys County",3,28,240,112,128
050,47,085,"Tennessee","Humphreys County",3,29,245,122,123
050,47,085,"Tennessee","Humphreys County",3,30,246,132,114
050,47,085,"Tennessee","Humphreys County",3,31,248,138,110
050,47,085,"Tennessee","Humphreys County",3,32,236,122,114
050,47,085,"Tennessee","Humphreys County",3,33,213,104,109
050,47,085,"Tennessee","Humphreys County",3,34,230,126,104
050,47,085,"Tennessee","Humphreys County",3,35,202,103,99
050,47,085,"Tennessee","Humphreys County",3,36,210,102,108
050,47,085,"Tennessee","Humphreys County",3,37,205,97,108
050,47,085,"Tennessee","Humphreys County",3,38,222,97,125
050,47,085,"Tennessee","Humphreys County",3,39,223,107,116
050,47,085,"Tennessee","Humphreys County",3,40,214,98,116
050,47,085,"Tennessee","Humphreys County",3,41,236,114,122
050,47,085,"Tennessee","Humphreys County",3,42,235,123,112
050,47,085,"Tennessee","Humphreys County",3,43,227,120,107
050,47,085,"Tennessee","Humphreys County",3,44,213,106,107
050,47,085,"Tennessee","Humphreys County",3,45,195,96,99
050,47,085,"Tennessee","Humphreys County",3,46,197,105,92
050,47,085,"Tennessee","Humphreys County",3,47,230,117,113
050,47,085,"Tennessee","Humphreys County",3,48,240,122,118
050,47,085,"Tennessee","Humphreys County",3,49,257,131,126
050,47,085,"Tennessee","Humphreys County",3,50,288,145,143
050,47,085,"Tennessee","Humphreys County",3,51,282,148,134
050,47,085,"Tennessee","Humphreys County",3,52,254,133,121
050,47,085,"Tennessee","Humphreys County",3,53,233,123,110
050,47,085,"Tennessee","Humphreys County",3,54,251,129,122
050,47,085,"Tennessee","Humphreys County",3,55,280,136,144
050,47,085,"Tennessee","Humphreys County",3,56,300,159,141
050,47,085,"Tennessee","Humphreys County",3,57,286,140,146
050,47,085,"Tennessee","Humphreys County",3,58,281,133,148
050,47,085,"Tennessee","Humphreys County",3,59,286,133,153
050,47,085,"Tennessee","Humphreys County",3,60,286,144,142
050,47,085,"Tennessee","Humphreys County",3,61,276,141,135
050,47,085,"Tennessee","Humphreys County",3,62,282,145,137
050,47,085,"Tennessee","Humphreys County",3,63,271,135,136
050,47,085,"Tennessee","Humphreys County",3,64,269,132,137
050,47,085,"Tennessee","Humphreys County",3,65,271,130,141
050,47,085,"Tennessee","Humphreys County",3,66,269,128,141
050,47,085,"Tennessee","Humphreys County",3,67,257,127,130
050,47,085,"Tennessee","Humphreys County",3,68,262,129,133
050,47,085,"Tennessee","Humphreys County",3,69,214,97,117
050,47,085,"Tennessee","Humphreys County",3,70,198,94,104
050,47,085,"Tennessee","Humphreys County",3,71,203,97,106
050,47,085,"Tennessee","Humphreys County",3,72,201,101,100
050,47,085,"Tennessee","Humphreys County",3,73,212,103,109
050,47,085,"Tennessee","Humphreys County",3,74,228,109,119
050,47,085,"Tennessee","Humphreys County",3,75,149,69,80
050,47,085,"Tennessee","Humphreys County",3,76,149,66,83
050,47,085,"Tennessee","Humphreys County",3,77,141,60,81
050,47,085,"Tennessee","Humphreys County",3,78,156,79,77
050,47,085,"Tennessee","Humphreys County",3,79,134,65,69
050,47,085,"Tennessee","Humphreys County",3,80,104,47,57
050,47,085,"Tennessee","Humphreys County",3,81,100,42,58
050,47,085,"Tennessee","Humphreys County",3,82,96,44,52
050,47,085,"Tennessee","Humphreys County",3,83,75,31,44
050,47,085,"Tennessee","Humphreys County",3,84,65,25,40
050,47,085,"Tennessee","Humphreys County",3,85,368,132,236
050,47,085,"Tennessee","Humphreys County",4,0,188,97,91
050,47,085,"Tennessee","Humphreys County",4,1,190,110,80
050,47,085,"Tennessee","Humphreys County",4,2,216,117,99
050,47,085,"Tennessee","Humphreys County",4,3,213,128,85
050,47,085,"Tennessee","Humphreys County",4,4,203,106,97
050,47,085,"Tennessee","Humphreys County",4,5,200,109,91
050,47,085,"Tennessee","Humphreys County",4,6,198,110,88
050,47,085,"Tennessee","Humphreys County",4,7,198,102,96
050,47,085,"Tennessee","Humphreys County",4,8,194,106,88
050,47,085,"Tennessee","Humphreys County",4,9,204,111,93
050,47,085,"Tennessee","Humphreys County",4,10,205,107,98
050,47,085,"Tennessee","Humphreys County",4,11,225,119,106
050,47,085,"Tennessee","Humphreys County",4,12,242,132,110
050,47,085,"Tennessee","Humphreys County",4,13,228,118,110
050,47,085,"Tennessee","Humphreys County",4,14,235,130,105
050,47,085,"Tennessee","Humphreys County",4,15,287,177,110
050,47,085,"Tennessee","Humphreys County",4,16,303,195,108
050,47,085,"Tennessee","Humphreys County",4,17,308,190,118
050,47,085,"Tennessee","Humphreys County",4,18,213,109,104
050,47,085,"Tennessee","Humphreys County",4,19,156,81,75
050,47,085,"Tennessee","Humphreys County",4,20,176,95,81
050,47,085,"Tennessee","Humphreys County",4,21,189,98,91
050,47,085,"Tennessee","Humphreys County",4,22,209,107,102
050,47,085,"Tennessee","Humphreys County",4,23,220,113,107
050,47,085,"Tennessee","Humphreys County",4,24,230,104,126
050,47,085,"Tennessee","Humphreys County",4,25,215,110,105
050,47,085,"Tennessee","Humphreys County",4,26,201,101,100
050,47,085,"Tennessee","Humphreys County",4,27,222,110,112
050,47,085,"Tennessee","Humphreys County",4,28,206,110,96
050,47,085,"Tennessee","Humphreys County",4,29,246,129,117
050,47,085,"Tennessee","Humphreys County",4,30,250,121,129
050,47,085,"Tennessee","Humphreys County",4,31,236,125,111
050,47,085,"Tennessee","Humphreys County",4,32,248,129,119
050,47,085,"Tennessee","Humphreys County",4,33,237,124,113
050,47,085,"Tennessee","Humphreys County",4,34,211,104,107
050,47,085,"Tennessee","Humphreys County",4,35,226,121,105
050,47,085,"Tennessee","Humphreys County",4,36,201,103,98
050,47,085,"Tennessee","Humphreys County",4,37,216,108,108
050,47,085,"Tennessee","Humphreys County",4,38,212,100,112
050,47,085,"Tennessee","Humphreys County",4,39,212,95,117
050,47,085,"Tennessee","Humphreys County",4,40,231,113,118
050,47,085,"Tennessee","Humphreys County",4,41,217,91,126
050,47,085,"Tennessee","Humphreys County",4,42,245,122,123
050,47,085,"Tennessee","Humphreys County",4,43,237,123,114
050,47,085,"Tennessee","Humphreys County",4,44,230,119,111
050,47,085,"Tennessee","Humphreys County",4,45,215,103,112
050,47,085,"Tennessee","Humphreys County",4,46,202,100,102
050,47,085,"Tennessee","Humphreys County",4,47,204,107,97
050,47,085,"Tennessee","Humphreys County",4,48,224,112,112
050,47,085,"Tennessee","Humphreys County",4,49,258,131,127
050,47,085,"Tennessee","Humphreys County",4,50,267,138,129
050,47,085,"Tennessee","Humphreys County",4,51,288,146,142
050,47,085,"Tennessee","Humphreys County",4,52,283,147,136
050,47,085,"Tennessee","Humphreys County",4,53,264,138,126
050,47,085,"Tennessee","Humphreys County",4,54,233,123,110
050,47,085,"Tennessee","Humphreys County",4,55,251,130,121
050,47,085,"Tennessee","Humphreys County",4,56,276,128,148
050,47,085,"Tennessee","Humphreys County",4,57,304,161,143
050,47,085,"Tennessee","Humphreys County",4,58,288,138,150
050,47,085,"Tennessee","Humphreys County",4,59,283,137,146
050,47,085,"Tennessee","Humphreys County",4,60,290,132,158
050,47,085,"Tennessee","Humphreys County",4,61,278,141,137
050,47,085,"Tennessee","Humphreys County",4,62,275,141,134
050,47,085,"Tennessee","Humphreys County",4,63,277,144,133
050,47,085,"Tennessee","Humphreys County",4,64,275,130,145
050,47,085,"Tennessee","Humphreys County",4,65,266,131,135
050,47,085,"Tennessee","Humphreys County",4,66,263,133,130
050,47,085,"Tennessee","Humphreys County",4,67,260,120,140
050,47,085,"Tennessee","Humphreys County",4,68,258,128,130
050,47,085,"Tennessee","Humphreys County",4,69,258,127,131
050,47,085,"Tennessee","Humphreys County",4,70,203,89,114
050,47,085,"Tennessee","Humphreys County",4,71,190,90,100
050,47,085,"Tennessee","Humphreys County",4,72,194,93,101
050,47,085,"Tennessee","Humphreys County",4,73,192,94,98
050,47,085,"Tennessee","Humphreys County",4,74,207,101,106
050,47,085,"Tennessee","Humphreys County",4,75,213,104,109
050,47,085,"Tennessee","Humphreys County",4,76,129,61,68
050,47,085,"Tennessee","Humphreys County",4,77,144,63,81
050,47,085,"Tennessee","Humphreys County",4,78,127,56,71
050,47,085,"Tennessee","Humphreys County",4,79,147,73,74
050,47,085,"Tennessee","Humphreys County",4,80,120,57,63
050,47,085,"Tennessee","Humphreys County",4,81,100,46,54
050,47,085,"Tennessee","Humphreys County",4,82,83,35,48
050,47,085,"Tennessee","Humphreys County",4,83,82,39,43
050,47,085,"Tennessee","Humphreys County",4,84,69,28,41
050,47,085,"Tennessee","Humphreys County",4,85,354,122,232
050,47,085,"Tennessee","Humphreys County",5,0,189,98,91
050,47,085,"Tennessee","Humphreys County",5,1,200,103,97
050,47,085,"Tennessee","Humphreys County",5,2,191,110,81
050,47,085,"Tennessee","Humphreys County",5,3,195,97,98
050,47,085,"Tennessee","Humphreys County",5,4,197,117,80
050,47,085,"Tennessee","Humphreys County",5,5,203,102,101
050,47,085,"Tennessee","Humphreys County",5,6,198,112,86
050,47,085,"Tennessee","Humphreys County",5,7,187,104,83
050,47,085,"Tennessee","Humphreys County",5,8,199,96,103
050,47,085,"Tennessee","Humphreys County",5,9,200,110,90
050,47,085,"Tennessee","Humphreys County",5,10,201,107,94
050,47,085,"Tennessee","Humphreys County",5,11,215,111,104
050,47,085,"Tennessee","Humphreys County",5,12,230,127,103
050,47,085,"Tennessee","Humphreys County",5,13,221,120,101
050,47,085,"Tennessee","Humphreys County",5,14,234,124,110
050,47,085,"Tennessee","Humphreys County",5,15,285,183,102
050,47,085,"Tennessee","Humphreys County",5,16,297,188,109
050,47,085,"Tennessee","Humphreys County",5,17,316,211,105
050,47,085,"Tennessee","Humphreys County",5,18,206,111,95
050,47,085,"Tennessee","Humphreys County",5,19,160,81,79
050,47,085,"Tennessee","Humphreys County",5,20,169,81,88
050,47,085,"Tennessee","Humphreys County",5,21,188,100,88
050,47,085,"Tennessee","Humphreys County",5,22,193,96,97
050,47,085,"Tennessee","Humphreys County",5,23,230,119,111
050,47,085,"Tennessee","Humphreys County",5,24,222,112,110
050,47,085,"Tennessee","Humphreys County",5,25,219,104,115
050,47,085,"Tennessee","Humphreys County",5,26,218,112,106
050,47,085,"Tennessee","Humphreys County",5,27,217,101,116
050,47,085,"Tennessee","Humphreys County",5,28,243,122,121
050,47,085,"Tennessee","Humphreys County",5,29,219,120,99
050,47,085,"Tennessee","Humphreys County",5,30,255,141,114
050,47,085,"Tennessee","Humphreys County",5,31,259,133,126
050,47,085,"Tennessee","Humphreys County",5,32,237,123,114
050,47,085,"Tennessee","Humphreys County",5,33,257,133,124
050,47,085,"Tennessee","Humphreys County",5,34,241,130,111
050,47,085,"Tennessee","Humphreys County",5,35,208,103,105
050,47,085,"Tennessee","Humphreys County",5,36,246,137,109
050,47,085,"Tennessee","Humphreys County",5,37,207,102,105
050,47,085,"Tennessee","Humphreys County",5,38,230,116,114
050,47,085,"Tennessee","Humphreys County",5,39,210,93,117
050,47,085,"Tennessee","Humphreys County",5,40,226,103,123
050,47,085,"Tennessee","Humphreys County",5,41,240,116,124
050,47,085,"Tennessee","Humphreys County",5,42,228,97,131
050,47,085,"Tennessee","Humphreys County",5,43,253,131,122
050,47,085,"Tennessee","Humphreys County",5,44,248,130,118
050,47,085,"Tennessee","Humphreys County",5,45,227,115,112
050,47,085,"Tennessee","Humphreys County",5,46,233,109,124
050,47,085,"Tennessee","Humphreys County",5,47,216,98,118
050,47,085,"Tennessee","Humphreys County",5,48,210,110,100
050,47,085,"Tennessee","Humphreys County",5,49,229,111,118
050,47,085,"Tennessee","Humphreys County",5,50,263,132,131
050,47,085,"Tennessee","Humphreys County",5,51,265,139,126
050,47,085,"Tennessee","Humphreys County",5,52,292,149,143
050,47,085,"Tennessee","Humphreys County",5,53,285,150,135
050,47,085,"Tennessee","Humphreys County",5,54,282,152,130
050,47,085,"Tennessee","Humphreys County",5,55,231,125,106
050,47,085,"Tennessee","Humphreys County",5,56,252,127,125
050,47,085,"Tennessee","Humphreys County",5,57,287,136,151
050,47,085,"Tennessee","Humphreys County",5,58,317,166,151
050,47,085,"Tennessee","Humphreys County",5,59,287,133,154
050,47,085,"Tennessee","Humphreys County",5,60,283,140,143
050,47,085,"Tennessee","Humphreys County",5,61,292,136,156
050,47,085,"Tennessee","Humphreys County",5,62,282,140,142
050,47,085,"Tennessee","Humphreys County",5,63,280,146,134
050,47,085,"Tennessee","Humphreys County",5,64,281,143,138
050,47,085,"Tennessee","Humphreys County",5,65,273,126,147
050,47,085,"Tennessee","Humphreys County",5,66,265,130,135
050,47,085,"Tennessee","Humphreys County",5,67,248,124,124
050,47,085,"Tennessee","Humphreys County",5,68,253,120,133
050,47,085,"Tennessee","Humphreys County",5,69,261,124,137
050,47,085,"Tennessee","Humphreys County",5,70,244,119,125
050,47,085,"Tennessee","Humphreys County",5,71,194,83,111
050,47,085,"Tennessee","Humphreys County",5,72,181,86,95
050,47,085,"Tennessee","Humphreys County",5,73,185,90,95
050,47,085,"Tennessee","Humphreys County",5,74,188,93,95
050,47,085,"Tennessee","Humphreys County",5,75,205,101,104
050,47,085,"Tennessee","Humphreys County",5,76,196,93,103
050,47,085,"Tennessee","Humphreys County",5,77,123,57,66
050,47,085,"Tennessee","Humphreys County",5,78,136,61,75
050,47,085,"Tennessee","Humphreys County",5,79,125,50,75
050,47,085,"Tennessee","Humphreys County",5,80,133,65,68
050,47,085,"Tennessee","Humphreys County",5,81,115,56,59
050,47,085,"Tennessee","Humphreys County",5,82,93,41,52
050,47,085,"Tennessee","Humphreys County",5,83,68,28,40
050,47,085,"Tennessee","Humphreys County",5,84,79,38,41
050,47,085,"Tennessee","Humphreys County",5,85,363,120,243
050,47,087,"Tennessee","Jackson County",1,0,85,45,40
050,47,087,"Tennessee","Jackson County",1,1,90,51,39
050,47,087,"Tennessee","Jackson County",1,2,108,54,54
050,47,087,"Tennessee","Jackson County",1,3,117,68,49
050,47,087,"Tennessee","Jackson County",1,4,115,64,51
050,47,087,"Tennessee","Jackson County",1,5,106,52,54
050,47,087,"Tennessee","Jackson County",1,6,123,56,67
050,47,087,"Tennessee","Jackson County",1,7,123,58,65
050,47,087,"Tennessee","Jackson County",1,8,119,62,57
050,47,087,"Tennessee","Jackson County",1,9,112,50,62
050,47,087,"Tennessee","Jackson County",1,10,118,59,59
050,47,087,"Tennessee","Jackson County",1,11,130,61,69
050,47,087,"Tennessee","Jackson County",1,12,122,69,53
050,47,087,"Tennessee","Jackson County",1,13,118,59,59
050,47,087,"Tennessee","Jackson County",1,14,127,62,65
050,47,087,"Tennessee","Jackson County",1,15,141,70,71
050,47,087,"Tennessee","Jackson County",1,16,146,80,66
050,47,087,"Tennessee","Jackson County",1,17,127,64,63
050,47,087,"Tennessee","Jackson County",1,18,104,57,47
050,47,087,"Tennessee","Jackson County",1,19,92,51,41
050,47,087,"Tennessee","Jackson County",1,20,92,48,44
050,47,087,"Tennessee","Jackson County",1,21,103,51,52
050,47,087,"Tennessee","Jackson County",1,22,119,64,55
050,47,087,"Tennessee","Jackson County",1,23,117,60,57
050,47,087,"Tennessee","Jackson County",1,24,112,63,49
050,47,087,"Tennessee","Jackson County",1,25,140,71,69
050,47,087,"Tennessee","Jackson County",1,26,124,61,63
050,47,087,"Tennessee","Jackson County",1,27,129,62,67
050,47,087,"Tennessee","Jackson County",1,28,146,72,74
050,47,087,"Tennessee","Jackson County",1,29,137,74,63
050,47,087,"Tennessee","Jackson County",1,30,154,90,64
050,47,087,"Tennessee","Jackson County",1,31,117,62,55
050,47,087,"Tennessee","Jackson County",1,32,128,67,61
050,47,087,"Tennessee","Jackson County",1,33,118,62,56
050,47,087,"Tennessee","Jackson County",1,34,95,50,45
050,47,087,"Tennessee","Jackson County",1,35,109,54,55
050,47,087,"Tennessee","Jackson County",1,36,138,68,70
050,47,087,"Tennessee","Jackson County",1,37,102,43,59
050,47,087,"Tennessee","Jackson County",1,38,104,48,56
050,47,087,"Tennessee","Jackson County",1,39,123,65,58
050,47,087,"Tennessee","Jackson County",1,40,133,75,58
050,47,087,"Tennessee","Jackson County",1,41,113,67,46
050,47,087,"Tennessee","Jackson County",1,42,137,66,71
050,47,087,"Tennessee","Jackson County",1,43,131,61,70
050,47,087,"Tennessee","Jackson County",1,44,146,70,76
050,47,087,"Tennessee","Jackson County",1,45,158,87,71
050,47,087,"Tennessee","Jackson County",1,46,160,83,77
050,47,087,"Tennessee","Jackson County",1,47,129,69,60
050,47,087,"Tennessee","Jackson County",1,48,155,78,77
050,47,087,"Tennessee","Jackson County",1,49,161,83,78
050,47,087,"Tennessee","Jackson County",1,50,166,79,87
050,47,087,"Tennessee","Jackson County",1,51,167,76,91
050,47,087,"Tennessee","Jackson County",1,52,167,80,87
050,47,087,"Tennessee","Jackson County",1,53,171,96,75
050,47,087,"Tennessee","Jackson County",1,54,194,99,95
050,47,087,"Tennessee","Jackson County",1,55,171,91,80
050,47,087,"Tennessee","Jackson County",1,56,174,90,84
050,47,087,"Tennessee","Jackson County",1,57,195,93,102
050,47,087,"Tennessee","Jackson County",1,58,190,92,98
050,47,087,"Tennessee","Jackson County",1,59,172,99,73
050,47,087,"Tennessee","Jackson County",1,60,200,104,96
050,47,087,"Tennessee","Jackson County",1,61,233,119,114
050,47,087,"Tennessee","Jackson County",1,62,233,114,119
050,47,087,"Tennessee","Jackson County",1,63,222,107,115
050,47,087,"Tennessee","Jackson County",1,64,193,102,91
050,47,087,"Tennessee","Jackson County",1,65,182,93,89
050,47,087,"Tennessee","Jackson County",1,66,183,89,94
050,47,087,"Tennessee","Jackson County",1,67,194,94,100
050,47,087,"Tennessee","Jackson County",1,68,176,84,92
050,47,087,"Tennessee","Jackson County",1,69,144,76,68
050,47,087,"Tennessee","Jackson County",1,70,146,73,73
050,47,087,"Tennessee","Jackson County",1,71,171,89,82
050,47,087,"Tennessee","Jackson County",1,72,174,89,85
050,47,087,"Tennessee","Jackson County",1,73,157,82,75
050,47,087,"Tennessee","Jackson County",1,74,108,52,56
050,47,087,"Tennessee","Jackson County",1,75,96,46,50
050,47,087,"Tennessee","Jackson County",1,76,112,57,55
050,47,087,"Tennessee","Jackson County",1,77,100,53,47
050,47,087,"Tennessee","Jackson County",1,78,92,46,46
050,47,087,"Tennessee","Jackson County",1,79,87,41,46
050,47,087,"Tennessee","Jackson County",1,80,68,33,35
050,47,087,"Tennessee","Jackson County",1,81,57,25,32
050,47,087,"Tennessee","Jackson County",1,82,62,25,37
050,47,087,"Tennessee","Jackson County",1,83,52,23,29
050,47,087,"Tennessee","Jackson County",1,84,47,23,24
050,47,087,"Tennessee","Jackson County",1,85,208,82,126
050,47,087,"Tennessee","Jackson County",2,0,86,45,41
050,47,087,"Tennessee","Jackson County",2,1,89,50,39
050,47,087,"Tennessee","Jackson County",2,2,106,55,51
050,47,087,"Tennessee","Jackson County",2,3,114,65,49
050,47,087,"Tennessee","Jackson County",2,4,117,65,52
050,47,087,"Tennessee","Jackson County",2,5,109,55,54
050,47,087,"Tennessee","Jackson County",2,6,122,57,65
050,47,087,"Tennessee","Jackson County",2,7,122,58,64
050,47,087,"Tennessee","Jackson County",2,8,119,61,58
050,47,087,"Tennessee","Jackson County",2,9,115,54,61
050,47,087,"Tennessee","Jackson County",2,10,119,57,62
050,47,087,"Tennessee","Jackson County",2,11,127,61,66
050,47,087,"Tennessee","Jackson County",2,12,124,67,57
050,47,087,"Tennessee","Jackson County",2,13,121,62,59
050,47,087,"Tennessee","Jackson County",2,14,126,62,64
050,47,087,"Tennessee","Jackson County",2,15,139,69,70
050,47,087,"Tennessee","Jackson County",2,16,145,78,67
050,47,087,"Tennessee","Jackson County",2,17,133,70,63
050,47,087,"Tennessee","Jackson County",2,18,106,58,48
050,47,087,"Tennessee","Jackson County",2,19,89,49,40
050,47,087,"Tennessee","Jackson County",2,20,95,51,44
050,47,087,"Tennessee","Jackson County",2,21,102,51,51
050,47,087,"Tennessee","Jackson County",2,22,116,61,55
050,47,087,"Tennessee","Jackson County",2,23,115,61,54
050,47,087,"Tennessee","Jackson County",2,24,114,63,51
050,47,087,"Tennessee","Jackson County",2,25,134,69,65
050,47,087,"Tennessee","Jackson County",2,26,131,65,66
050,47,087,"Tennessee","Jackson County",2,27,127,61,66
050,47,087,"Tennessee","Jackson County",2,28,142,69,73
050,47,087,"Tennessee","Jackson County",2,29,140,74,66
050,47,087,"Tennessee","Jackson County",2,30,151,86,65
050,47,087,"Tennessee","Jackson County",2,31,127,70,57
050,47,087,"Tennessee","Jackson County",2,32,127,68,59
050,47,087,"Tennessee","Jackson County",2,33,123,64,59
050,47,087,"Tennessee","Jackson County",2,34,101,53,48
050,47,087,"Tennessee","Jackson County",2,35,109,54,55
050,47,087,"Tennessee","Jackson County",2,36,131,65,66
050,47,087,"Tennessee","Jackson County",2,37,108,48,60
050,47,087,"Tennessee","Jackson County",2,38,105,48,57
050,47,087,"Tennessee","Jackson County",2,39,119,61,58
050,47,087,"Tennessee","Jackson County",2,40,132,74,58
050,47,087,"Tennessee","Jackson County",2,41,117,68,49
050,47,087,"Tennessee","Jackson County",2,42,131,66,65
050,47,087,"Tennessee","Jackson County",2,43,133,62,71
050,47,087,"Tennessee","Jackson County",2,44,141,68,73
050,47,087,"Tennessee","Jackson County",2,45,159,85,74
050,47,087,"Tennessee","Jackson County",2,46,158,84,74
050,47,087,"Tennessee","Jackson County",2,47,135,71,64
050,47,087,"Tennessee","Jackson County",2,48,150,78,72
050,47,087,"Tennessee","Jackson County",2,49,162,83,79
050,47,087,"Tennessee","Jackson County",2,50,167,80,87
050,47,087,"Tennessee","Jackson County",2,51,163,74,89
050,47,087,"Tennessee","Jackson County",2,52,169,80,89
050,47,087,"Tennessee","Jackson County",2,53,170,93,77
050,47,087,"Tennessee","Jackson County",2,54,188,97,91
050,47,087,"Tennessee","Jackson County",2,55,178,94,84
050,47,087,"Tennessee","Jackson County",2,56,176,91,85
050,47,087,"Tennessee","Jackson County",2,57,189,91,98
050,47,087,"Tennessee","Jackson County",2,58,190,92,98
050,47,087,"Tennessee","Jackson County",2,59,179,98,81
050,47,087,"Tennessee","Jackson County",2,60,192,102,90
050,47,087,"Tennessee","Jackson County",2,61,222,112,110
050,47,087,"Tennessee","Jackson County",2,62,233,115,118
050,47,087,"Tennessee","Jackson County",2,63,227,109,118
050,47,087,"Tennessee","Jackson County",2,64,196,101,95
050,47,087,"Tennessee","Jackson County",2,65,183,94,89
050,47,087,"Tennessee","Jackson County",2,66,185,90,95
050,47,087,"Tennessee","Jackson County",2,67,191,92,99
050,47,087,"Tennessee","Jackson County",2,68,179,87,92
050,47,087,"Tennessee","Jackson County",2,69,153,78,75
050,47,087,"Tennessee","Jackson County",2,70,144,72,72
050,47,087,"Tennessee","Jackson County",2,71,166,86,80
050,47,087,"Tennessee","Jackson County",2,72,167,86,81
050,47,087,"Tennessee","Jackson County",2,73,169,87,82
050,47,087,"Tennessee","Jackson County",2,74,111,55,56
050,47,087,"Tennessee","Jackson County",2,75,100,48,52
050,47,087,"Tennessee","Jackson County",2,76,106,53,53
050,47,087,"Tennessee","Jackson County",2,77,104,55,49
050,47,087,"Tennessee","Jackson County",2,78,92,46,46
050,47,087,"Tennessee","Jackson County",2,79,85,41,44
050,47,087,"Tennessee","Jackson County",2,80,71,35,36
050,47,087,"Tennessee","Jackson County",2,81,57,27,30
050,47,087,"Tennessee","Jackson County",2,82,60,25,35
050,47,087,"Tennessee","Jackson County",2,83,53,22,31
050,47,087,"Tennessee","Jackson County",2,84,44,20,24
050,47,087,"Tennessee","Jackson County",2,85,211,86,125
050,47,087,"Tennessee","Jackson County",3,0,85,44,41
050,47,087,"Tennessee","Jackson County",3,1,104,54,50
050,47,087,"Tennessee","Jackson County",3,2,87,51,36
050,47,087,"Tennessee","Jackson County",3,3,113,57,56
050,47,087,"Tennessee","Jackson County",3,4,118,68,50
050,47,087,"Tennessee","Jackson County",3,5,124,67,57
050,47,087,"Tennessee","Jackson County",3,6,105,51,54
050,47,087,"Tennessee","Jackson County",3,7,126,62,64
050,47,087,"Tennessee","Jackson County",3,8,126,55,71
050,47,087,"Tennessee","Jackson County",3,9,125,65,60
050,47,087,"Tennessee","Jackson County",3,10,116,56,60
050,47,087,"Tennessee","Jackson County",3,11,122,60,62
050,47,087,"Tennessee","Jackson County",3,12,130,62,68
050,47,087,"Tennessee","Jackson County",3,13,130,66,64
050,47,087,"Tennessee","Jackson County",3,14,126,64,62
050,47,087,"Tennessee","Jackson County",3,15,114,57,57
050,47,087,"Tennessee","Jackson County",3,16,144,74,70
050,47,087,"Tennessee","Jackson County",3,17,148,87,61
050,47,087,"Tennessee","Jackson County",3,18,113,61,52
050,47,087,"Tennessee","Jackson County",3,19,82,44,38
050,47,087,"Tennessee","Jackson County",3,20,98,54,44
050,47,087,"Tennessee","Jackson County",3,21,121,62,59
050,47,087,"Tennessee","Jackson County",3,22,112,57,55
050,47,087,"Tennessee","Jackson County",3,23,130,66,64
050,47,087,"Tennessee","Jackson County",3,24,117,61,56
050,47,087,"Tennessee","Jackson County",3,25,119,55,64
050,47,087,"Tennessee","Jackson County",3,26,145,75,70
050,47,087,"Tennessee","Jackson County",3,27,142,70,72
050,47,087,"Tennessee","Jackson County",3,28,135,71,64
050,47,087,"Tennessee","Jackson County",3,29,148,71,77
050,47,087,"Tennessee","Jackson County",3,30,140,74,66
050,47,087,"Tennessee","Jackson County",3,31,147,85,62
050,47,087,"Tennessee","Jackson County",3,32,124,67,57
050,47,087,"Tennessee","Jackson County",3,33,135,68,67
050,47,087,"Tennessee","Jackson County",3,34,125,64,61
050,47,087,"Tennessee","Jackson County",3,35,101,53,48
050,47,087,"Tennessee","Jackson County",3,36,114,58,56
050,47,087,"Tennessee","Jackson County",3,37,130,67,63
050,47,087,"Tennessee","Jackson County",3,38,112,53,59
050,47,087,"Tennessee","Jackson County",3,39,110,48,62
050,47,087,"Tennessee","Jackson County",3,40,120,62,58
050,47,087,"Tennessee","Jackson County",3,41,135,77,58
050,47,087,"Tennessee","Jackson County",3,42,125,72,53
050,47,087,"Tennessee","Jackson County",3,43,130,69,61
050,47,087,"Tennessee","Jackson County",3,44,134,61,73
050,47,087,"Tennessee","Jackson County",3,45,148,74,74
050,47,087,"Tennessee","Jackson County",3,46,166,95,71
050,47,087,"Tennessee","Jackson County",3,47,151,76,75
050,47,087,"Tennessee","Jackson County",3,48,138,71,67
050,47,087,"Tennessee","Jackson County",3,49,154,81,73
050,47,087,"Tennessee","Jackson County",3,50,170,84,86
050,47,087,"Tennessee","Jackson County",3,51,172,81,91
050,47,087,"Tennessee","Jackson County",3,52,167,80,87
050,47,087,"Tennessee","Jackson County",3,53,176,87,89
050,47,087,"Tennessee","Jackson County",3,54,169,92,77
050,47,087,"Tennessee","Jackson County",3,55,191,98,93
050,47,087,"Tennessee","Jackson County",3,56,177,90,87
050,47,087,"Tennessee","Jackson County",3,57,172,88,84
050,47,087,"Tennessee","Jackson County",3,58,181,89,92
050,47,087,"Tennessee","Jackson County",3,59,191,95,96
050,47,087,"Tennessee","Jackson County",3,60,184,98,86
050,47,087,"Tennessee","Jackson County",3,61,200,99,101
050,47,087,"Tennessee","Jackson County",3,62,236,117,119
050,47,087,"Tennessee","Jackson County",3,63,236,118,118
050,47,087,"Tennessee","Jackson County",3,64,223,111,112
050,47,087,"Tennessee","Jackson County",3,65,194,106,88
050,47,087,"Tennessee","Jackson County",3,66,180,91,89
050,47,087,"Tennessee","Jackson County",3,67,184,86,98
050,47,087,"Tennessee","Jackson County",3,68,189,89,100
050,47,087,"Tennessee","Jackson County",3,69,169,83,86
050,47,087,"Tennessee","Jackson County",3,70,150,78,72
050,47,087,"Tennessee","Jackson County",3,71,146,70,76
050,47,087,"Tennessee","Jackson County",3,72,157,82,75
050,47,087,"Tennessee","Jackson County",3,73,162,84,78
050,47,087,"Tennessee","Jackson County",3,74,164,84,80
050,47,087,"Tennessee","Jackson County",3,75,100,49,51
050,47,087,"Tennessee","Jackson County",3,76,90,45,45
050,47,087,"Tennessee","Jackson County",3,77,98,45,53
050,47,087,"Tennessee","Jackson County",3,78,99,51,48
050,47,087,"Tennessee","Jackson County",3,79,83,44,39
050,47,087,"Tennessee","Jackson County",3,80,80,38,42
050,47,087,"Tennessee","Jackson County",3,81,59,29,30
050,47,087,"Tennessee","Jackson County",3,82,53,25,28
050,47,087,"Tennessee","Jackson County",3,83,60,24,36
050,47,087,"Tennessee","Jackson County",3,84,52,23,29
050,47,087,"Tennessee","Jackson County",3,85,213,86,127
050,47,087,"Tennessee","Jackson County",4,0,102,49,53
050,47,087,"Tennessee","Jackson County",4,1,89,48,41
050,47,087,"Tennessee","Jackson County",4,2,112,58,54
050,47,087,"Tennessee","Jackson County",4,3,97,57,40
050,47,087,"Tennessee","Jackson County",4,4,117,60,57
050,47,087,"Tennessee","Jackson County",4,5,124,67,57
050,47,087,"Tennessee","Jackson County",4,6,133,72,61
050,47,087,"Tennessee","Jackson County",4,7,113,57,56
050,47,087,"Tennessee","Jackson County",4,8,124,59,65
050,47,087,"Tennessee","Jackson County",4,9,125,61,64
050,47,087,"Tennessee","Jackson County",4,10,132,75,57
050,47,087,"Tennessee","Jackson County",4,11,122,57,65
050,47,087,"Tennessee","Jackson County",4,12,125,62,63
050,47,087,"Tennessee","Jackson County",4,13,140,71,69
050,47,087,"Tennessee","Jackson County",4,14,131,65,66
050,47,087,"Tennessee","Jackson County",4,15,131,69,62
050,47,087,"Tennessee","Jackson County",4,16,121,63,58
050,47,087,"Tennessee","Jackson County",4,17,143,75,68
050,47,087,"Tennessee","Jackson County",4,18,129,76,53
050,47,087,"Tennessee","Jackson County",4,19,90,51,39
050,47,087,"Tennessee","Jackson County",4,20,89,43,46
050,47,087,"Tennessee","Jackson County",4,21,103,54,49
050,47,087,"Tennessee","Jackson County",4,22,118,57,61
050,47,087,"Tennessee","Jackson County",4,23,119,60,59
050,47,087,"Tennessee","Jackson County",4,24,138,66,72
050,47,087,"Tennessee","Jackson County",4,25,125,62,63
050,47,087,"Tennessee","Jackson County",4,26,130,61,69
050,47,087,"Tennessee","Jackson County",4,27,149,83,66
050,47,087,"Tennessee","Jackson County",4,28,138,70,68
050,47,087,"Tennessee","Jackson County",4,29,140,70,70
050,47,087,"Tennessee","Jackson County",4,30,159,81,78
050,47,087,"Tennessee","Jackson County",4,31,153,82,71
050,47,087,"Tennessee","Jackson County",4,32,146,81,65
050,47,087,"Tennessee","Jackson County",4,33,134,70,64
050,47,087,"Tennessee","Jackson County",4,34,127,64,63
050,47,087,"Tennessee","Jackson County",4,35,125,64,61
050,47,087,"Tennessee","Jackson County",4,36,113,60,53
050,47,087,"Tennessee","Jackson County",4,37,110,57,53
050,47,087,"Tennessee","Jackson County",4,38,130,66,64
050,47,087,"Tennessee","Jackson County",4,39,118,58,60
050,47,087,"Tennessee","Jackson County",4,40,104,43,61
050,47,087,"Tennessee","Jackson County",4,41,136,70,66
050,47,087,"Tennessee","Jackson County",4,42,148,78,70
050,47,087,"Tennessee","Jackson County",4,43,127,70,57
050,47,087,"Tennessee","Jackson County",4,44,134,71,63
050,47,087,"Tennessee","Jackson County",4,45,149,70,79
050,47,087,"Tennessee","Jackson County",4,46,152,78,74
050,47,087,"Tennessee","Jackson County",4,47,178,98,80
050,47,087,"Tennessee","Jackson County",4,48,159,81,78
050,47,087,"Tennessee","Jackson County",4,49,146,78,68
050,47,087,"Tennessee","Jackson County",4,50,164,85,79
050,47,087,"Tennessee","Jackson County",4,51,175,87,88
050,47,087,"Tennessee","Jackson County",4,52,183,89,94
050,47,087,"Tennessee","Jackson County",4,53,174,88,86
050,47,087,"Tennessee","Jackson County",4,54,178,90,88
050,47,087,"Tennessee","Jackson County",4,55,168,93,75
050,47,087,"Tennessee","Jackson County",4,56,195,99,96
050,47,087,"Tennessee","Jackson County",4,57,178,91,87
050,47,087,"Tennessee","Jackson County",4,58,175,90,85
050,47,087,"Tennessee","Jackson County",4,59,185,87,98
050,47,087,"Tennessee","Jackson County",4,60,192,93,99
050,47,087,"Tennessee","Jackson County",4,61,188,105,83
050,47,087,"Tennessee","Jackson County",4,62,199,101,98
050,47,087,"Tennessee","Jackson County",4,63,233,117,116
050,47,087,"Tennessee","Jackson County",4,64,223,115,108
050,47,087,"Tennessee","Jackson County",4,65,224,110,114
050,47,087,"Tennessee","Jackson County",4,66,195,105,90
050,47,087,"Tennessee","Jackson County",4,67,180,88,92
050,47,087,"Tennessee","Jackson County",4,68,184,87,97
050,47,087,"Tennessee","Jackson County",4,69,184,88,96
050,47,087,"Tennessee","Jackson County",4,70,166,81,85
050,47,087,"Tennessee","Jackson County",4,71,154,82,72
050,47,087,"Tennessee","Jackson County",4,72,142,69,73
050,47,087,"Tennessee","Jackson County",4,73,152,81,71
050,47,087,"Tennessee","Jackson County",4,74,156,80,76
050,47,087,"Tennessee","Jackson County",4,75,157,80,77
050,47,087,"Tennessee","Jackson County",4,76,93,48,45
050,47,087,"Tennessee","Jackson County",4,77,90,46,44
050,47,087,"Tennessee","Jackson County",4,78,95,42,53
050,47,087,"Tennessee","Jackson County",4,79,93,49,44
050,47,087,"Tennessee","Jackson County",4,80,79,43,36
050,47,087,"Tennessee","Jackson County",4,81,72,34,38
050,47,087,"Tennessee","Jackson County",4,82,55,27,28
050,47,087,"Tennessee","Jackson County",4,83,53,25,28
050,47,087,"Tennessee","Jackson County",4,84,55,24,31
050,47,087,"Tennessee","Jackson County",4,85,229,94,135
050,47,087,"Tennessee","Jackson County",5,0,102,49,53
050,47,087,"Tennessee","Jackson County",5,1,121,60,61
050,47,087,"Tennessee","Jackson County",5,2,98,52,46
050,47,087,"Tennessee","Jackson County",5,3,118,62,56
050,47,087,"Tennessee","Jackson County",5,4,114,64,50
050,47,087,"Tennessee","Jackson County",5,5,128,61,67
050,47,087,"Tennessee","Jackson County",5,6,131,71,60
050,47,087,"Tennessee","Jackson County",5,7,146,83,63
050,47,087,"Tennessee","Jackson County",5,8,128,62,66
050,47,087,"Tennessee","Jackson County",5,9,127,60,67
050,47,087,"Tennessee","Jackson County",5,10,132,57,75
050,47,087,"Tennessee","Jackson County",5,11,134,74,60
050,47,087,"Tennessee","Jackson County",5,12,128,60,68
050,47,087,"Tennessee","Jackson County",5,13,127,61,66
050,47,087,"Tennessee","Jackson County",5,14,143,75,68
050,47,087,"Tennessee","Jackson County",5,15,134,62,72
050,47,087,"Tennessee","Jackson County",5,16,127,67,60
050,47,087,"Tennessee","Jackson County",5,17,126,67,59
050,47,087,"Tennessee","Jackson County",5,18,117,65,52
050,47,087,"Tennessee","Jackson County",5,19,103,61,42
050,47,087,"Tennessee","Jackson County",5,20,98,53,45
050,47,087,"Tennessee","Jackson County",5,21,97,45,52
050,47,087,"Tennessee","Jackson County",5,22,109,61,48
050,47,087,"Tennessee","Jackson County",5,23,130,61,69
050,47,087,"Tennessee","Jackson County",5,24,132,67,65
050,47,087,"Tennessee","Jackson County",5,25,130,69,61
050,47,087,"Tennessee","Jackson County",5,26,140,72,68
050,47,087,"Tennessee","Jackson County",5,27,137,69,68
050,47,087,"Tennessee","Jackson County",5,28,161,90,71
050,47,087,"Tennessee","Jackson County",5,29,147,70,77
050,47,087,"Tennessee","Jackson County",5,30,152,76,76
050,47,087,"Tennessee","Jackson County",5,31,159,78,81
050,47,087,"Tennessee","Jackson County",5,32,167,95,72
050,47,087,"Tennessee","Jackson County",5,33,152,82,70
050,47,087,"Tennessee","Jackson County",5,34,141,78,63
050,47,087,"Tennessee","Jackson County",5,35,121,61,60
050,47,087,"Tennessee","Jackson County",5,36,137,72,65
050,47,087,"Tennessee","Jackson County",5,37,121,60,61
050,47,087,"Tennessee","Jackson County",5,38,112,57,55
050,47,087,"Tennessee","Jackson County",5,39,135,67,68
050,47,087,"Tennessee","Jackson County",5,40,127,58,69
050,47,087,"Tennessee","Jackson County",5,41,105,45,60
050,47,087,"Tennessee","Jackson County",5,42,149,79,70
050,47,087,"Tennessee","Jackson County",5,43,145,80,65
050,47,087,"Tennessee","Jackson County",5,44,130,68,62
050,47,087,"Tennessee","Jackson County",5,45,138,71,67
050,47,087,"Tennessee","Jackson County",5,46,163,83,80
050,47,087,"Tennessee","Jackson County",5,47,158,81,77
050,47,087,"Tennessee","Jackson County",5,48,181,100,81
050,47,087,"Tennessee","Jackson County",5,49,162,80,82
050,47,087,"Tennessee","Jackson County",5,50,157,80,77
050,47,087,"Tennessee","Jackson County",5,51,175,95,80
050,47,087,"Tennessee","Jackson County",5,52,177,90,87
050,47,087,"Tennessee","Jackson County",5,53,178,92,86
050,47,087,"Tennessee","Jackson County",5,54,177,92,85
050,47,087,"Tennessee","Jackson County",5,55,187,94,93
050,47,087,"Tennessee","Jackson County",5,56,168,92,76
050,47,087,"Tennessee","Jackson County",5,57,202,101,101
050,47,087,"Tennessee","Jackson County",5,58,186,98,88
050,47,087,"Tennessee","Jackson County",5,59,180,90,90
050,47,087,"Tennessee","Jackson County",5,60,191,90,101
050,47,087,"Tennessee","Jackson County",5,61,184,90,94
050,47,087,"Tennessee","Jackson County",5,62,196,114,82
050,47,087,"Tennessee","Jackson County",5,63,203,104,99
050,47,087,"Tennessee","Jackson County",5,64,229,117,112
050,47,087,"Tennessee","Jackson County",5,65,219,114,105
050,47,087,"Tennessee","Jackson County",5,66,233,116,117
050,47,087,"Tennessee","Jackson County",5,67,194,104,90
050,47,087,"Tennessee","Jackson County",5,68,177,86,91
050,47,087,"Tennessee","Jackson County",5,69,177,83,94
050,47,087,"Tennessee","Jackson County",5,70,187,88,99
050,47,087,"Tennessee","Jackson County",5,71,172,84,88
050,47,087,"Tennessee","Jackson County",5,72,149,78,71
050,47,087,"Tennessee","Jackson County",5,73,138,68,70
050,47,087,"Tennessee","Jackson County",5,74,144,75,69
050,47,087,"Tennessee","Jackson County",5,75,150,77,73
050,47,087,"Tennessee","Jackson County",5,76,154,80,74
050,47,087,"Tennessee","Jackson County",5,77,91,49,42
050,47,087,"Tennessee","Jackson County",5,78,91,45,46
050,47,087,"Tennessee","Jackson County",5,79,87,39,48
050,47,087,"Tennessee","Jackson County",5,80,90,48,42
050,47,087,"Tennessee","Jackson County",5,81,72,39,33
050,47,087,"Tennessee","Jackson County",5,82,66,32,34
050,47,087,"Tennessee","Jackson County",5,83,55,27,28
050,47,087,"Tennessee","Jackson County",5,84,51,28,23
050,47,087,"Tennessee","Jackson County",5,85,256,110,146
050,47,089,"Tennessee","Jefferson County",1,0,475,243,232
050,47,089,"Tennessee","Jefferson County",1,1,487,232,255
050,47,089,"Tennessee","Jefferson County",1,2,488,231,257
050,47,089,"Tennessee","Jefferson County",1,3,529,267,262
050,47,089,"Tennessee","Jefferson County",1,4,565,291,274
050,47,089,"Tennessee","Jefferson County",1,5,569,295,274
050,47,089,"Tennessee","Jefferson County",1,6,563,278,285
050,47,089,"Tennessee","Jefferson County",1,7,583,285,298
050,47,089,"Tennessee","Jefferson County",1,8,563,272,291
050,47,089,"Tennessee","Jefferson County",1,9,565,276,289
050,47,089,"Tennessee","Jefferson County",1,10,614,319,295
050,47,089,"Tennessee","Jefferson County",1,11,627,318,309
050,47,089,"Tennessee","Jefferson County",1,12,649,329,320
050,47,089,"Tennessee","Jefferson County",1,13,649,337,312
050,47,089,"Tennessee","Jefferson County",1,14,661,354,307
050,47,089,"Tennessee","Jefferson County",1,15,641,331,310
050,47,089,"Tennessee","Jefferson County",1,16,661,341,320
050,47,089,"Tennessee","Jefferson County",1,17,636,320,316
050,47,089,"Tennessee","Jefferson County",1,18,699,358,341
050,47,089,"Tennessee","Jefferson County",1,19,771,387,384
050,47,089,"Tennessee","Jefferson County",1,20,691,338,353
050,47,089,"Tennessee","Jefferson County",1,21,674,344,330
050,47,089,"Tennessee","Jefferson County",1,22,644,319,325
050,47,089,"Tennessee","Jefferson County",1,23,652,329,323
050,47,089,"Tennessee","Jefferson County",1,24,640,330,310
050,47,089,"Tennessee","Jefferson County",1,25,627,325,302
050,47,089,"Tennessee","Jefferson County",1,26,618,326,292
050,47,089,"Tennessee","Jefferson County",1,27,649,344,305
050,47,089,"Tennessee","Jefferson County",1,28,675,373,302
050,47,089,"Tennessee","Jefferson County",1,29,662,328,334
050,47,089,"Tennessee","Jefferson County",1,30,648,310,338
050,47,089,"Tennessee","Jefferson County",1,31,614,290,324
050,47,089,"Tennessee","Jefferson County",1,32,588,308,280
050,47,089,"Tennessee","Jefferson County",1,33,533,257,276
050,47,089,"Tennessee","Jefferson County",1,34,542,269,273
050,47,089,"Tennessee","Jefferson County",1,35,540,289,251
050,47,089,"Tennessee","Jefferson County",1,36,557,282,275
050,47,089,"Tennessee","Jefferson County",1,37,588,307,281
050,47,089,"Tennessee","Jefferson County",1,38,630,300,330
050,47,089,"Tennessee","Jefferson County",1,39,638,310,328
050,47,089,"Tennessee","Jefferson County",1,40,652,324,328
050,47,089,"Tennessee","Jefferson County",1,41,600,297,303
050,47,089,"Tennessee","Jefferson County",1,42,596,298,298
050,47,089,"Tennessee","Jefferson County",1,43,623,318,305
050,47,089,"Tennessee","Jefferson County",1,44,625,332,293
050,47,089,"Tennessee","Jefferson County",1,45,690,356,334
050,47,089,"Tennessee","Jefferson County",1,46,698,344,354
050,47,089,"Tennessee","Jefferson County",1,47,751,379,372
050,47,089,"Tennessee","Jefferson County",1,48,761,394,367
050,47,089,"Tennessee","Jefferson County",1,49,778,387,391
050,47,089,"Tennessee","Jefferson County",1,50,779,378,401
050,47,089,"Tennessee","Jefferson County",1,51,741,364,377
050,47,089,"Tennessee","Jefferson County",1,52,730,374,356
050,47,089,"Tennessee","Jefferson County",1,53,829,421,408
050,47,089,"Tennessee","Jefferson County",1,54,854,442,412
050,47,089,"Tennessee","Jefferson County",1,55,899,457,442
050,47,089,"Tennessee","Jefferson County",1,56,906,451,455
050,47,089,"Tennessee","Jefferson County",1,57,839,399,440
050,47,089,"Tennessee","Jefferson County",1,58,851,428,423
050,47,089,"Tennessee","Jefferson County",1,59,829,395,434
050,47,089,"Tennessee","Jefferson County",1,60,845,429,416
050,47,089,"Tennessee","Jefferson County",1,61,843,430,413
050,47,089,"Tennessee","Jefferson County",1,62,833,417,416
050,47,089,"Tennessee","Jefferson County",1,63,836,408,428
050,47,089,"Tennessee","Jefferson County",1,64,775,389,386
050,47,089,"Tennessee","Jefferson County",1,65,757,384,373
050,47,089,"Tennessee","Jefferson County",1,66,737,363,374
050,47,089,"Tennessee","Jefferson County",1,67,714,349,365
050,47,089,"Tennessee","Jefferson County",1,68,707,331,376
050,47,089,"Tennessee","Jefferson County",1,69,645,313,332
050,47,089,"Tennessee","Jefferson County",1,70,624,281,343
050,47,089,"Tennessee","Jefferson County",1,71,619,272,347
050,47,089,"Tennessee","Jefferson County",1,72,670,329,341
050,47,089,"Tennessee","Jefferson County",1,73,666,323,343
050,47,089,"Tennessee","Jefferson County",1,74,461,206,255
050,47,089,"Tennessee","Jefferson County",1,75,454,216,238
050,47,089,"Tennessee","Jefferson County",1,76,481,234,247
050,47,089,"Tennessee","Jefferson County",1,77,469,243,226
050,47,089,"Tennessee","Jefferson County",1,78,396,172,224
050,47,089,"Tennessee","Jefferson County",1,79,340,153,187
050,47,089,"Tennessee","Jefferson County",1,80,340,157,183
050,47,089,"Tennessee","Jefferson County",1,81,273,121,152
050,47,089,"Tennessee","Jefferson County",1,82,275,126,149
050,47,089,"Tennessee","Jefferson County",1,83,225,109,116
050,47,089,"Tennessee","Jefferson County",1,84,207,82,125
050,47,089,"Tennessee","Jefferson County",1,85,1054,336,718
050,47,089,"Tennessee","Jefferson County",2,0,483,246,237
050,47,089,"Tennessee","Jefferson County",2,1,487,235,252
050,47,089,"Tennessee","Jefferson County",2,2,495,232,263
050,47,089,"Tennessee","Jefferson County",2,3,525,261,264
050,47,089,"Tennessee","Jefferson County",2,4,559,285,274
050,47,089,"Tennessee","Jefferson County",2,5,573,296,277
050,47,089,"Tennessee","Jefferson County",2,6,573,286,287
050,47,089,"Tennessee","Jefferson County",2,7,580,284,296
050,47,089,"Tennessee","Jefferson County",2,8,569,277,292
050,47,089,"Tennessee","Jefferson County",2,9,566,278,288
050,47,089,"Tennessee","Jefferson County",2,10,606,312,294
050,47,089,"Tennessee","Jefferson County",2,11,623,317,306
050,47,089,"Tennessee","Jefferson County",2,12,648,328,320
050,47,089,"Tennessee","Jefferson County",2,13,651,337,314
050,47,089,"Tennessee","Jefferson County",2,14,656,349,307
050,47,089,"Tennessee","Jefferson County",2,15,652,341,311
050,47,089,"Tennessee","Jefferson County",2,16,662,342,320
050,47,089,"Tennessee","Jefferson County",2,17,645,327,318
050,47,089,"Tennessee","Jefferson County",2,18,691,353,338
050,47,089,"Tennessee","Jefferson County",2,19,762,384,378
050,47,089,"Tennessee","Jefferson County",2,20,709,348,361
050,47,089,"Tennessee","Jefferson County",2,21,675,344,331
050,47,089,"Tennessee","Jefferson County",2,22,648,323,325
050,47,089,"Tennessee","Jefferson County",2,23,650,328,322
050,47,089,"Tennessee","Jefferson County",2,24,642,330,312
050,47,089,"Tennessee","Jefferson County",2,25,639,332,307
050,47,089,"Tennessee","Jefferson County",2,26,629,331,298
050,47,089,"Tennessee","Jefferson County",2,27,646,344,302
050,47,089,"Tennessee","Jefferson County",2,28,678,369,309
050,47,089,"Tennessee","Jefferson County",2,29,664,336,328
050,47,089,"Tennessee","Jefferson County",2,30,658,316,342
050,47,089,"Tennessee","Jefferson County",2,31,625,296,329
050,47,089,"Tennessee","Jefferson County",2,32,597,304,293
050,47,089,"Tennessee","Jefferson County",2,33,547,270,277
050,47,089,"Tennessee","Jefferson County",2,34,542,271,271
050,47,089,"Tennessee","Jefferson County",2,35,548,287,261
050,47,089,"Tennessee","Jefferson County",2,36,550,283,267
050,47,089,"Tennessee","Jefferson County",2,37,590,303,287
050,47,089,"Tennessee","Jefferson County",2,38,628,307,321
050,47,089,"Tennessee","Jefferson County",2,39,633,306,327
050,47,089,"Tennessee","Jefferson County",2,40,657,325,332
050,47,089,"Tennessee","Jefferson County",2,41,612,304,308
050,47,089,"Tennessee","Jefferson County",2,42,601,302,299
050,47,089,"Tennessee","Jefferson County",2,43,627,320,307
050,47,089,"Tennessee","Jefferson County",2,44,626,331,295
050,47,089,"Tennessee","Jefferson County",2,45,683,355,328
050,47,089,"Tennessee","Jefferson County",2,46,693,344,349
050,47,089,"Tennessee","Jefferson County",2,47,738,369,369
050,47,089,"Tennessee","Jefferson County",2,48,756,386,370
050,47,089,"Tennessee","Jefferson County",2,49,782,394,388
050,47,089,"Tennessee","Jefferson County",2,50,782,382,400
050,47,089,"Tennessee","Jefferson County",2,51,752,370,382
050,47,089,"Tennessee","Jefferson County",2,52,734,373,361
050,47,089,"Tennessee","Jefferson County",2,53,810,412,398
050,47,089,"Tennessee","Jefferson County",2,54,851,440,411
050,47,089,"Tennessee","Jefferson County",2,55,888,454,434
050,47,089,"Tennessee","Jefferson County",2,56,911,457,454
050,47,089,"Tennessee","Jefferson County",2,57,856,412,444
050,47,089,"Tennessee","Jefferson County",2,58,852,422,430
050,47,089,"Tennessee","Jefferson County",2,59,839,403,436
050,47,089,"Tennessee","Jefferson County",2,60,845,424,421
050,47,089,"Tennessee","Jefferson County",2,61,844,430,414
050,47,089,"Tennessee","Jefferson County",2,62,838,421,417
050,47,089,"Tennessee","Jefferson County",2,63,844,416,428
050,47,089,"Tennessee","Jefferson County",2,64,790,392,398
050,47,089,"Tennessee","Jefferson County",2,65,763,384,379
050,47,089,"Tennessee","Jefferson County",2,66,740,368,372
050,47,089,"Tennessee","Jefferson County",2,67,725,356,369
050,47,089,"Tennessee","Jefferson County",2,68,700,331,369
050,47,089,"Tennessee","Jefferson County",2,69,668,322,346
050,47,089,"Tennessee","Jefferson County",2,70,626,288,338
050,47,089,"Tennessee","Jefferson County",2,71,613,271,342
050,47,089,"Tennessee","Jefferson County",2,72,647,313,334
050,47,089,"Tennessee","Jefferson County",2,73,697,341,356
050,47,089,"Tennessee","Jefferson County",2,74,478,216,262
050,47,089,"Tennessee","Jefferson County",2,75,451,212,239
050,47,089,"Tennessee","Jefferson County",2,76,466,222,244
050,47,089,"Tennessee","Jefferson County",2,77,476,244,232
050,47,089,"Tennessee","Jefferson County",2,78,403,183,220
050,47,089,"Tennessee","Jefferson County",2,79,349,155,194
050,47,089,"Tennessee","Jefferson County",2,80,341,157,184
050,47,089,"Tennessee","Jefferson County",2,81,277,124,153
050,47,089,"Tennessee","Jefferson County",2,82,276,124,152
050,47,089,"Tennessee","Jefferson County",2,83,229,112,117
050,47,089,"Tennessee","Jefferson County",2,84,212,86,126
050,47,089,"Tennessee","Jefferson County",2,85,1064,341,723
050,47,089,"Tennessee","Jefferson County",3,0,514,258,256
050,47,089,"Tennessee","Jefferson County",3,1,489,261,228
050,47,089,"Tennessee","Jefferson County",3,2,523,258,265
050,47,089,"Tennessee","Jefferson County",3,3,541,257,284
050,47,089,"Tennessee","Jefferson County",3,4,527,266,261
050,47,089,"Tennessee","Jefferson County",3,5,579,301,278
050,47,089,"Tennessee","Jefferson County",3,6,592,302,290
050,47,089,"Tennessee","Jefferson County",3,7,586,296,290
050,47,089,"Tennessee","Jefferson County",3,8,599,288,311
050,47,089,"Tennessee","Jefferson County",3,9,574,281,293
050,47,089,"Tennessee","Jefferson County",3,10,582,280,302
050,47,089,"Tennessee","Jefferson County",3,11,625,312,313
050,47,089,"Tennessee","Jefferson County",3,12,630,325,305
050,47,089,"Tennessee","Jefferson County",3,13,675,344,331
050,47,089,"Tennessee","Jefferson County",3,14,687,354,333
050,47,089,"Tennessee","Jefferson County",3,15,679,356,323
050,47,089,"Tennessee","Jefferson County",3,16,680,362,318
050,47,089,"Tennessee","Jefferson County",3,17,668,343,325
050,47,089,"Tennessee","Jefferson County",3,18,670,347,323
050,47,089,"Tennessee","Jefferson County",3,19,705,352,353
050,47,089,"Tennessee","Jefferson County",3,20,688,330,358
050,47,089,"Tennessee","Jefferson County",3,21,682,352,330
050,47,089,"Tennessee","Jefferson County",3,22,654,335,319
050,47,089,"Tennessee","Jefferson County",3,23,637,320,317
050,47,089,"Tennessee","Jefferson County",3,24,642,315,327
050,47,089,"Tennessee","Jefferson County",3,25,661,342,319
050,47,089,"Tennessee","Jefferson County",3,26,616,316,300
050,47,089,"Tennessee","Jefferson County",3,27,638,331,307
050,47,089,"Tennessee","Jefferson County",3,28,659,337,322
050,47,089,"Tennessee","Jefferson County",3,29,652,339,313
050,47,089,"Tennessee","Jefferson County",3,30,709,374,335
050,47,089,"Tennessee","Jefferson County",3,31,678,339,339
050,47,089,"Tennessee","Jefferson County",3,32,665,305,360
050,47,089,"Tennessee","Jefferson County",3,33,623,293,330
050,47,089,"Tennessee","Jefferson County",3,34,576,291,285
050,47,089,"Tennessee","Jefferson County",3,35,549,273,276
050,47,089,"Tennessee","Jefferson County",3,36,566,302,264
050,47,089,"Tennessee","Jefferson County",3,37,570,300,270
050,47,089,"Tennessee","Jefferson County",3,38,603,311,292
050,47,089,"Tennessee","Jefferson County",3,39,615,305,310
050,47,089,"Tennessee","Jefferson County",3,40,644,301,343
050,47,089,"Tennessee","Jefferson County",3,41,655,325,330
050,47,089,"Tennessee","Jefferson County",3,42,651,312,339
050,47,089,"Tennessee","Jefferson County",3,43,615,308,307
050,47,089,"Tennessee","Jefferson County",3,44,647,335,312
050,47,089,"Tennessee","Jefferson County",3,45,621,333,288
050,47,089,"Tennessee","Jefferson County",3,46,694,348,346
050,47,089,"Tennessee","Jefferson County",3,47,685,344,341
050,47,089,"Tennessee","Jefferson County",3,48,726,355,371
050,47,089,"Tennessee","Jefferson County",3,49,786,390,396
050,47,089,"Tennessee","Jefferson County",3,50,806,406,400
050,47,089,"Tennessee","Jefferson County",3,51,804,380,424
050,47,089,"Tennessee","Jefferson County",3,52,786,398,388
050,47,089,"Tennessee","Jefferson County",3,53,748,380,368
050,47,089,"Tennessee","Jefferson County",3,54,832,422,410
050,47,089,"Tennessee","Jefferson County",3,55,846,431,415
050,47,089,"Tennessee","Jefferson County",3,56,903,472,431
050,47,089,"Tennessee","Jefferson County",3,57,911,450,461
050,47,089,"Tennessee","Jefferson County",3,58,876,428,448
050,47,089,"Tennessee","Jefferson County",3,59,864,429,435
050,47,089,"Tennessee","Jefferson County",3,60,877,424,453
050,47,089,"Tennessee","Jefferson County",3,61,837,417,420
050,47,089,"Tennessee","Jefferson County",3,62,857,429,428
050,47,089,"Tennessee","Jefferson County",3,63,823,418,405
050,47,089,"Tennessee","Jefferson County",3,64,863,425,438
050,47,089,"Tennessee","Jefferson County",3,65,805,395,410
050,47,089,"Tennessee","Jefferson County",3,66,755,377,378
050,47,089,"Tennessee","Jefferson County",3,67,736,364,372
050,47,089,"Tennessee","Jefferson County",3,68,710,348,362
050,47,089,"Tennessee","Jefferson County",3,69,681,322,359
050,47,089,"Tennessee","Jefferson County",3,70,663,318,345
050,47,089,"Tennessee","Jefferson County",3,71,599,267,332
050,47,089,"Tennessee","Jefferson County",3,72,580,259,321
050,47,089,"Tennessee","Jefferson County",3,73,615,297,318
050,47,089,"Tennessee","Jefferson County",3,74,675,329,346
050,47,089,"Tennessee","Jefferson County",3,75,455,205,250
050,47,089,"Tennessee","Jefferson County",3,76,421,195,226
050,47,089,"Tennessee","Jefferson County",3,77,420,206,214
050,47,089,"Tennessee","Jefferson County",3,78,450,225,225
050,47,089,"Tennessee","Jefferson County",3,79,390,179,211
050,47,089,"Tennessee","Jefferson County",3,80,347,147,200
050,47,089,"Tennessee","Jefferson County",3,81,295,136,159
050,47,089,"Tennessee","Jefferson County",3,82,255,102,153
050,47,089,"Tennessee","Jefferson County",3,83,243,115,128
050,47,089,"Tennessee","Jefferson County",3,84,227,98,129
050,47,089,"Tennessee","Jefferson County",3,85,1060,351,709
050,47,089,"Tennessee","Jefferson County",4,0,534,250,284
050,47,089,"Tennessee","Jefferson County",4,1,557,286,271
050,47,089,"Tennessee","Jefferson County",4,2,507,257,250
050,47,089,"Tennessee","Jefferson County",4,3,550,281,269
050,47,089,"Tennessee","Jefferson County",4,4,540,262,278
050,47,089,"Tennessee","Jefferson County",4,5,570,283,287
050,47,089,"Tennessee","Jefferson County",4,6,583,297,286
050,47,089,"Tennessee","Jefferson County",4,7,620,312,308
050,47,089,"Tennessee","Jefferson County",4,8,620,319,301
050,47,089,"Tennessee","Jefferson County",4,9,622,304,318
050,47,089,"Tennessee","Jefferson County",4,10,603,295,308
050,47,089,"Tennessee","Jefferson County",4,11,591,278,313
050,47,089,"Tennessee","Jefferson County",4,12,643,318,325
050,47,089,"Tennessee","Jefferson County",4,13,631,326,305
050,47,089,"Tennessee","Jefferson County",4,14,685,353,332
050,47,089,"Tennessee","Jefferson County",4,15,688,355,333
050,47,089,"Tennessee","Jefferson County",4,16,709,376,333
050,47,089,"Tennessee","Jefferson County",4,17,696,359,337
050,47,089,"Tennessee","Jefferson County",4,18,723,377,346
050,47,089,"Tennessee","Jefferson County",4,19,683,348,335
050,47,089,"Tennessee","Jefferson County",4,20,656,306,350
050,47,089,"Tennessee","Jefferson County",4,21,665,338,327
050,47,089,"Tennessee","Jefferson County",4,22,714,373,341
050,47,089,"Tennessee","Jefferson County",4,23,662,322,340
050,47,089,"Tennessee","Jefferson County",4,24,652,323,329
050,47,089,"Tennessee","Jefferson County",4,25,675,345,330
050,47,089,"Tennessee","Jefferson County",4,26,674,341,333
050,47,089,"Tennessee","Jefferson County",4,27,651,325,326
050,47,089,"Tennessee","Jefferson County",4,28,665,337,328
050,47,089,"Tennessee","Jefferson County",4,29,664,339,325
050,47,089,"Tennessee","Jefferson County",4,30,657,335,322
050,47,089,"Tennessee","Jefferson County",4,31,726,387,339
050,47,089,"Tennessee","Jefferson County",4,32,671,335,336
050,47,089,"Tennessee","Jefferson County",4,33,678,318,360
050,47,089,"Tennessee","Jefferson County",4,34,663,322,341
050,47,089,"Tennessee","Jefferson County",4,35,597,298,299
050,47,089,"Tennessee","Jefferson County",4,36,570,283,287
050,47,089,"Tennessee","Jefferson County",4,37,596,317,279
050,47,089,"Tennessee","Jefferson County",4,38,578,304,274
050,47,089,"Tennessee","Jefferson County",4,39,618,308,310
050,47,089,"Tennessee","Jefferson County",4,40,641,308,333
050,47,089,"Tennessee","Jefferson County",4,41,640,296,344
050,47,089,"Tennessee","Jefferson County",4,42,668,328,340
050,47,089,"Tennessee","Jefferson County",4,43,646,323,323
050,47,089,"Tennessee","Jefferson County",4,44,617,310,307
050,47,089,"Tennessee","Jefferson County",4,45,675,343,332
050,47,089,"Tennessee","Jefferson County",4,46,636,337,299
050,47,089,"Tennessee","Jefferson County",4,47,733,371,362
050,47,089,"Tennessee","Jefferson County",4,48,681,334,347
050,47,089,"Tennessee","Jefferson County",4,49,749,371,378
050,47,089,"Tennessee","Jefferson County",4,50,799,396,403
050,47,089,"Tennessee","Jefferson County",4,51,811,415,396
050,47,089,"Tennessee","Jefferson County",4,52,825,388,437
050,47,089,"Tennessee","Jefferson County",4,53,798,406,392
050,47,089,"Tennessee","Jefferson County",4,54,794,398,396
050,47,089,"Tennessee","Jefferson County",4,55,840,414,426
050,47,089,"Tennessee","Jefferson County",4,56,888,448,440
050,47,089,"Tennessee","Jefferson County",4,57,913,468,445
050,47,089,"Tennessee","Jefferson County",4,58,944,474,470
050,47,089,"Tennessee","Jefferson County",4,59,871,425,446
050,47,089,"Tennessee","Jefferson County",4,60,905,443,462
050,47,089,"Tennessee","Jefferson County",4,61,890,419,471
050,47,089,"Tennessee","Jefferson County",4,62,873,431,442
050,47,089,"Tennessee","Jefferson County",4,63,905,458,447
050,47,089,"Tennessee","Jefferson County",4,64,818,422,396
050,47,089,"Tennessee","Jefferson County",4,65,877,437,440
050,47,089,"Tennessee","Jefferson County",4,66,788,387,401
050,47,089,"Tennessee","Jefferson County",4,67,761,382,379
050,47,089,"Tennessee","Jefferson County",4,68,713,350,363
050,47,089,"Tennessee","Jefferson County",4,69,708,340,368
050,47,089,"Tennessee","Jefferson County",4,70,671,321,350
050,47,089,"Tennessee","Jefferson County",4,71,654,307,347
050,47,089,"Tennessee","Jefferson County",4,72,580,259,321
050,47,089,"Tennessee","Jefferson County",4,73,564,241,323
050,47,089,"Tennessee","Jefferson County",4,74,582,272,310
050,47,089,"Tennessee","Jefferson County",4,75,646,315,331
050,47,089,"Tennessee","Jefferson County",4,76,442,197,245
050,47,089,"Tennessee","Jefferson County",4,77,396,188,208
050,47,089,"Tennessee","Jefferson County",4,78,387,181,206
050,47,089,"Tennessee","Jefferson County",4,79,424,212,212
050,47,089,"Tennessee","Jefferson County",4,80,390,176,214
050,47,089,"Tennessee","Jefferson County",4,81,293,120,173
050,47,089,"Tennessee","Jefferson County",4,82,277,114,163
050,47,089,"Tennessee","Jefferson County",4,83,216,93,123
050,47,089,"Tennessee","Jefferson County",4,84,238,100,138
050,47,089,"Tennessee","Jefferson County",4,85,1106,377,729
050,47,089,"Tennessee","Jefferson County",5,0,538,253,285
050,47,089,"Tennessee","Jefferson County",5,1,517,233,284
050,47,089,"Tennessee","Jefferson County",5,2,558,304,254
050,47,089,"Tennessee","Jefferson County",5,3,533,282,251
050,47,089,"Tennessee","Jefferson County",5,4,572,282,290
050,47,089,"Tennessee","Jefferson County",5,5,565,281,284
050,47,089,"Tennessee","Jefferson County",5,6,598,291,307
050,47,089,"Tennessee","Jefferson County",5,7,605,310,295
050,47,089,"Tennessee","Jefferson County",5,8,630,330,300
050,47,089,"Tennessee","Jefferson County",5,9,646,336,310
050,47,089,"Tennessee","Jefferson County",5,10,636,330,306
050,47,089,"Tennessee","Jefferson County",5,11,621,312,309
050,47,089,"Tennessee","Jefferson County",5,12,615,290,325
050,47,089,"Tennessee","Jefferson County",5,13,663,336,327
050,47,089,"Tennessee","Jefferson County",5,14,644,331,313
050,47,089,"Tennessee","Jefferson County",5,15,697,357,340
050,47,089,"Tennessee","Jefferson County",5,16,708,369,339
050,47,089,"Tennessee","Jefferson County",5,17,744,397,347
050,47,089,"Tennessee","Jefferson County",5,18,721,365,356
050,47,089,"Tennessee","Jefferson County",5,19,727,372,355
050,47,089,"Tennessee","Jefferson County",5,20,650,323,327
050,47,089,"Tennessee","Jefferson County",5,21,634,305,329
050,47,089,"Tennessee","Jefferson County",5,22,689,348,341
050,47,089,"Tennessee","Jefferson County",5,23,695,366,329
050,47,089,"Tennessee","Jefferson County",5,24,686,345,341
050,47,089,"Tennessee","Jefferson County",5,25,676,326,350
050,47,089,"Tennessee","Jefferson County",5,26,670,353,317
050,47,089,"Tennessee","Jefferson County",5,27,687,340,347
050,47,089,"Tennessee","Jefferson County",5,28,692,348,344
050,47,089,"Tennessee","Jefferson County",5,29,676,350,326
050,47,089,"Tennessee","Jefferson County",5,30,704,369,335
050,47,089,"Tennessee","Jefferson County",5,31,674,339,335
050,47,089,"Tennessee","Jefferson County",5,32,759,399,360
050,47,089,"Tennessee","Jefferson County",5,33,680,333,347
050,47,089,"Tennessee","Jefferson County",5,34,706,336,370
050,47,089,"Tennessee","Jefferson County",5,35,638,320,318
050,47,089,"Tennessee","Jefferson County",5,36,607,301,306
050,47,089,"Tennessee","Jefferson County",5,37,577,274,303
050,47,089,"Tennessee","Jefferson County",5,38,633,334,299
050,47,089,"Tennessee","Jefferson County",5,39,575,302,273
050,47,089,"Tennessee","Jefferson County",5,40,629,316,313
050,47,089,"Tennessee","Jefferson County",5,41,640,311,329
050,47,089,"Tennessee","Jefferson County",5,42,662,307,355
050,47,089,"Tennessee","Jefferson County",5,43,695,330,365
050,47,089,"Tennessee","Jefferson County",5,44,668,332,336
050,47,089,"Tennessee","Jefferson County",5,45,633,315,318
050,47,089,"Tennessee","Jefferson County",5,46,679,340,339
050,47,089,"Tennessee","Jefferson County",5,47,681,364,317
050,47,089,"Tennessee","Jefferson County",5,48,743,370,373
050,47,089,"Tennessee","Jefferson County",5,49,717,352,365
050,47,089,"Tennessee","Jefferson County",5,50,765,385,380
050,47,089,"Tennessee","Jefferson County",5,51,820,409,411
050,47,089,"Tennessee","Jefferson County",5,52,822,413,409
050,47,089,"Tennessee","Jefferson County",5,53,848,403,445
050,47,089,"Tennessee","Jefferson County",5,54,822,420,402
050,47,089,"Tennessee","Jefferson County",5,55,803,386,417
050,47,089,"Tennessee","Jefferson County",5,56,861,432,429
050,47,089,"Tennessee","Jefferson County",5,57,907,455,452
050,47,089,"Tennessee","Jefferson County",5,58,949,484,465
050,47,089,"Tennessee","Jefferson County",5,59,962,480,482
050,47,089,"Tennessee","Jefferson County",5,60,911,464,447
050,47,089,"Tennessee","Jefferson County",5,61,948,466,482
050,47,089,"Tennessee","Jefferson County",5,62,912,421,491
050,47,089,"Tennessee","Jefferson County",5,63,876,439,437
050,47,089,"Tennessee","Jefferson County",5,64,934,466,468
050,47,089,"Tennessee","Jefferson County",5,65,827,430,397
050,47,089,"Tennessee","Jefferson County",5,66,859,427,432
050,47,089,"Tennessee","Jefferson County",5,67,790,386,404
050,47,089,"Tennessee","Jefferson County",5,68,757,375,382
050,47,089,"Tennessee","Jefferson County",5,69,706,353,353
050,47,089,"Tennessee","Jefferson County",5,70,706,338,368
050,47,089,"Tennessee","Jefferson County",5,71,650,312,338
050,47,089,"Tennessee","Jefferson County",5,72,627,296,331
050,47,089,"Tennessee","Jefferson County",5,73,569,246,323
050,47,089,"Tennessee","Jefferson County",5,74,555,227,328
050,47,089,"Tennessee","Jefferson County",5,75,563,258,305
050,47,089,"Tennessee","Jefferson County",5,76,620,299,321
050,47,089,"Tennessee","Jefferson County",5,77,425,198,227
050,47,089,"Tennessee","Jefferson County",5,78,373,172,201
050,47,089,"Tennessee","Jefferson County",5,79,375,173,202
050,47,089,"Tennessee","Jefferson County",5,80,424,209,215
050,47,089,"Tennessee","Jefferson County",5,81,344,154,190
050,47,089,"Tennessee","Jefferson County",5,82,284,103,181
050,47,089,"Tennessee","Jefferson County",5,83,238,107,131
050,47,089,"Tennessee","Jefferson County",5,84,224,85,139
050,47,089,"Tennessee","Jefferson County",5,85,1189,414,775
050,47,091,"Tennessee","Johnson County",1,0,148,75,73
050,47,091,"Tennessee","Johnson County",1,1,152,75,77
050,47,091,"Tennessee","Johnson County",1,2,148,81,67
050,47,091,"Tennessee","Johnson County",1,3,130,67,63
050,47,091,"Tennessee","Johnson County",1,4,163,89,74
050,47,091,"Tennessee","Johnson County",1,5,163,94,69
050,47,091,"Tennessee","Johnson County",1,6,147,86,61
050,47,091,"Tennessee","Johnson County",1,7,161,83,78
050,47,091,"Tennessee","Johnson County",1,8,164,75,89
050,47,091,"Tennessee","Johnson County",1,9,175,81,94
050,47,091,"Tennessee","Johnson County",1,10,171,90,81
050,47,091,"Tennessee","Johnson County",1,11,185,92,93
050,47,091,"Tennessee","Johnson County",1,12,177,93,84
050,47,091,"Tennessee","Johnson County",1,13,186,100,86
050,47,091,"Tennessee","Johnson County",1,14,198,101,97
050,47,091,"Tennessee","Johnson County",1,15,189,93,96
050,47,091,"Tennessee","Johnson County",1,16,193,95,98
050,47,091,"Tennessee","Johnson County",1,17,180,94,86
050,47,091,"Tennessee","Johnson County",1,18,168,101,67
050,47,091,"Tennessee","Johnson County",1,19,134,81,53
050,47,091,"Tennessee","Johnson County",1,20,153,93,60
050,47,091,"Tennessee","Johnson County",1,21,196,122,74
050,47,091,"Tennessee","Johnson County",1,22,174,98,76
050,47,091,"Tennessee","Johnson County",1,23,191,125,66
050,47,091,"Tennessee","Johnson County",1,24,217,146,71
050,47,091,"Tennessee","Johnson County",1,25,202,129,73
050,47,091,"Tennessee","Johnson County",1,26,204,128,76
050,47,091,"Tennessee","Johnson County",1,27,195,112,83
050,47,091,"Tennessee","Johnson County",1,28,159,86,73
050,47,091,"Tennessee","Johnson County",1,29,225,146,79
050,47,091,"Tennessee","Johnson County",1,30,270,182,88
050,47,091,"Tennessee","Johnson County",1,31,229,134,95
050,47,091,"Tennessee","Johnson County",1,32,243,160,83
050,47,091,"Tennessee","Johnson County",1,33,223,142,81
050,47,091,"Tennessee","Johnson County",1,34,248,160,88
050,47,091,"Tennessee","Johnson County",1,35,170,88,82
050,47,091,"Tennessee","Johnson County",1,36,181,99,82
050,47,091,"Tennessee","Johnson County",1,37,150,72,78
050,47,091,"Tennessee","Johnson County",1,38,197,117,80
050,47,091,"Tennessee","Johnson County",1,39,216,118,98
050,47,091,"Tennessee","Johnson County",1,40,253,164,89
050,47,091,"Tennessee","Johnson County",1,41,258,177,81
050,47,091,"Tennessee","Johnson County",1,42,216,127,89
050,47,091,"Tennessee","Johnson County",1,43,281,198,83
050,47,091,"Tennessee","Johnson County",1,44,181,88,93
050,47,091,"Tennessee","Johnson County",1,45,238,127,111
050,47,091,"Tennessee","Johnson County",1,46,238,139,99
050,47,091,"Tennessee","Johnson County",1,47,319,227,92
050,47,091,"Tennessee","Johnson County",1,48,266,160,106
050,47,091,"Tennessee","Johnson County",1,49,289,174,115
050,47,091,"Tennessee","Johnson County",1,50,238,123,115
050,47,091,"Tennessee","Johnson County",1,51,303,181,122
050,47,091,"Tennessee","Johnson County",1,52,276,167,109
050,47,091,"Tennessee","Johnson County",1,53,238,135,103
050,47,091,"Tennessee","Johnson County",1,54,245,130,115
050,47,091,"Tennessee","Johnson County",1,55,269,142,127
050,47,091,"Tennessee","Johnson County",1,56,243,112,131
050,47,091,"Tennessee","Johnson County",1,57,251,125,126
050,47,091,"Tennessee","Johnson County",1,58,253,130,123
050,47,091,"Tennessee","Johnson County",1,59,251,128,123
050,47,091,"Tennessee","Johnson County",1,60,247,112,135
050,47,091,"Tennessee","Johnson County",1,61,253,125,128
050,47,091,"Tennessee","Johnson County",1,62,259,123,136
050,47,091,"Tennessee","Johnson County",1,63,316,162,154
050,47,091,"Tennessee","Johnson County",1,64,293,134,159
050,47,091,"Tennessee","Johnson County",1,65,269,130,139
050,47,091,"Tennessee","Johnson County",1,66,299,165,134
050,47,091,"Tennessee","Johnson County",1,67,253,124,129
050,47,091,"Tennessee","Johnson County",1,68,249,119,130
050,47,091,"Tennessee","Johnson County",1,69,210,98,112
050,47,091,"Tennessee","Johnson County",1,70,229,100,129
050,47,091,"Tennessee","Johnson County",1,71,235,95,140
050,47,091,"Tennessee","Johnson County",1,72,253,120,133
050,47,091,"Tennessee","Johnson County",1,73,260,141,119
050,47,091,"Tennessee","Johnson County",1,74,184,92,92
050,47,091,"Tennessee","Johnson County",1,75,172,87,85
050,47,091,"Tennessee","Johnson County",1,76,175,85,90
050,47,091,"Tennessee","Johnson County",1,77,174,83,91
050,47,091,"Tennessee","Johnson County",1,78,145,63,82
050,47,091,"Tennessee","Johnson County",1,79,128,62,66
050,47,091,"Tennessee","Johnson County",1,80,114,56,58
050,47,091,"Tennessee","Johnson County",1,81,113,47,66
050,47,091,"Tennessee","Johnson County",1,82,92,42,50
050,47,091,"Tennessee","Johnson County",1,83,79,34,45
050,47,091,"Tennessee","Johnson County",1,84,87,38,49
050,47,091,"Tennessee","Johnson County",1,85,380,138,242
050,47,091,"Tennessee","Johnson County",2,0,142,69,73
050,47,091,"Tennessee","Johnson County",2,1,148,74,74
050,47,091,"Tennessee","Johnson County",2,2,148,79,69
050,47,091,"Tennessee","Johnson County",2,3,135,71,64
050,47,091,"Tennessee","Johnson County",2,4,157,86,71
050,47,091,"Tennessee","Johnson County",2,5,163,92,71
050,47,091,"Tennessee","Johnson County",2,6,155,91,64
050,47,091,"Tennessee","Johnson County",2,7,157,83,74
050,47,091,"Tennessee","Johnson County",2,8,164,77,87
050,47,091,"Tennessee","Johnson County",2,9,172,79,93
050,47,091,"Tennessee","Johnson County",2,10,174,88,86
050,47,091,"Tennessee","Johnson County",2,11,182,92,90
050,47,091,"Tennessee","Johnson County",2,12,177,91,86
050,47,091,"Tennessee","Johnson County",2,13,184,98,86
050,47,091,"Tennessee","Johnson County",2,14,195,101,94
050,47,091,"Tennessee","Johnson County",2,15,194,96,98
050,47,091,"Tennessee","Johnson County",2,16,189,93,96
050,47,091,"Tennessee","Johnson County",2,17,182,94,88
050,47,091,"Tennessee","Johnson County",2,18,171,103,68
050,47,091,"Tennessee","Johnson County",2,19,135,82,53
050,47,091,"Tennessee","Johnson County",2,20,154,92,62
050,47,091,"Tennessee","Johnson County",2,21,194,122,72
050,47,091,"Tennessee","Johnson County",2,22,177,99,78
050,47,091,"Tennessee","Johnson County",2,23,193,125,68
050,47,091,"Tennessee","Johnson County",2,24,217,147,70
050,47,091,"Tennessee","Johnson County",2,25,201,128,73
050,47,091,"Tennessee","Johnson County",2,26,206,128,78
050,47,091,"Tennessee","Johnson County",2,27,192,112,80
050,47,091,"Tennessee","Johnson County",2,28,160,85,75
050,47,091,"Tennessee","Johnson County",2,29,219,142,77
050,47,091,"Tennessee","Johnson County",2,30,273,185,88
050,47,091,"Tennessee","Johnson County",2,31,229,134,95
050,47,091,"Tennessee","Johnson County",2,32,249,162,87
050,47,091,"Tennessee","Johnson County",2,33,223,141,82
050,47,091,"Tennessee","Johnson County",2,34,250,164,86
050,47,091,"Tennessee","Johnson County",2,35,177,92,85
050,47,091,"Tennessee","Johnson County",2,36,177,96,81
050,47,091,"Tennessee","Johnson County",2,37,150,73,77
050,47,091,"Tennessee","Johnson County",2,38,200,120,80
050,47,091,"Tennessee","Johnson County",2,39,202,110,92
050,47,091,"Tennessee","Johnson County",2,40,257,166,91
050,47,091,"Tennessee","Johnson County",2,41,257,175,82
050,47,091,"Tennessee","Johnson County",2,42,213,126,87
050,47,091,"Tennessee","Johnson County",2,43,286,200,86
050,47,091,"Tennessee","Johnson County",2,44,181,90,91
050,47,091,"Tennessee","Johnson County",2,45,234,126,108
050,47,091,"Tennessee","Johnson County",2,46,238,135,103
050,47,091,"Tennessee","Johnson County",2,47,319,225,94
050,47,091,"Tennessee","Johnson County",2,48,267,164,103
050,47,091,"Tennessee","Johnson County",2,49,285,172,113
050,47,091,"Tennessee","Johnson County",2,50,241,124,117
050,47,091,"Tennessee","Johnson County",2,51,300,180,120
050,47,091,"Tennessee","Johnson County",2,52,281,170,111
050,47,091,"Tennessee","Johnson County",2,53,236,131,105
050,47,091,"Tennessee","Johnson County",2,54,246,132,114
050,47,091,"Tennessee","Johnson County",2,55,263,140,123
050,47,091,"Tennessee","Johnson County",2,56,251,120,131
050,47,091,"Tennessee","Johnson County",2,57,249,122,127
050,47,091,"Tennessee","Johnson County",2,58,255,130,125
050,47,091,"Tennessee","Johnson County",2,59,256,131,125
050,47,091,"Tennessee","Johnson County",2,60,247,117,130
050,47,091,"Tennessee","Johnson County",2,61,252,122,130
050,47,091,"Tennessee","Johnson County",2,62,260,125,135
050,47,091,"Tennessee","Johnson County",2,63,315,161,154
050,47,091,"Tennessee","Johnson County",2,64,291,134,157
050,47,091,"Tennessee","Johnson County",2,65,273,129,144
050,47,091,"Tennessee","Johnson County",2,66,300,163,137
050,47,091,"Tennessee","Johnson County",2,67,258,128,130
050,47,091,"Tennessee","Johnson County",2,68,248,120,128
050,47,091,"Tennessee","Johnson County",2,69,223,105,118
050,47,091,"Tennessee","Johnson County",2,70,225,100,125
050,47,091,"Tennessee","Johnson County",2,71,232,94,138
050,47,091,"Tennessee","Johnson County",2,72,243,111,132
050,47,091,"Tennessee","Johnson County",2,73,273,145,128
050,47,091,"Tennessee","Johnson County",2,74,187,96,91
050,47,091,"Tennessee","Johnson County",2,75,175,89,86
050,47,091,"Tennessee","Johnson County",2,76,174,86,88
050,47,091,"Tennessee","Johnson County",2,77,177,86,91
050,47,091,"Tennessee","Johnson County",2,78,146,63,83
050,47,091,"Tennessee","Johnson County",2,79,133,63,70
050,47,091,"Tennessee","Johnson County",2,80,114,57,57
050,47,091,"Tennessee","Johnson County",2,81,111,47,64
050,47,091,"Tennessee","Johnson County",2,82,97,43,54
050,47,091,"Tennessee","Johnson County",2,83,84,37,47
050,47,091,"Tennessee","Johnson County",2,84,85,37,48
050,47,091,"Tennessee","Johnson County",2,85,385,139,246
050,47,091,"Tennessee","Johnson County",3,0,155,76,79
050,47,091,"Tennessee","Johnson County",3,1,143,76,67
050,47,091,"Tennessee","Johnson County",3,2,155,76,79
050,47,091,"Tennessee","Johnson County",3,3,158,85,73
050,47,091,"Tennessee","Johnson County",3,4,134,70,64
050,47,091,"Tennessee","Johnson County",3,5,155,78,77
050,47,091,"Tennessee","Johnson County",3,6,165,95,70
050,47,091,"Tennessee","Johnson County",3,7,153,93,60
050,47,091,"Tennessee","Johnson County",3,8,147,74,73
050,47,091,"Tennessee","Johnson County",3,9,174,83,91
050,47,091,"Tennessee","Johnson County",3,10,172,82,90
050,47,091,"Tennessee","Johnson County",3,11,175,92,83
050,47,091,"Tennessee","Johnson County",3,12,184,89,95
050,47,091,"Tennessee","Johnson County",3,13,183,95,88
050,47,091,"Tennessee","Johnson County",3,14,192,104,88
050,47,091,"Tennessee","Johnson County",3,15,201,106,95
050,47,091,"Tennessee","Johnson County",3,16,194,92,102
050,47,091,"Tennessee","Johnson County",3,17,188,92,96
050,47,091,"Tennessee","Johnson County",3,18,173,100,73
050,47,091,"Tennessee","Johnson County",3,19,147,92,55
050,47,091,"Tennessee","Johnson County",3,20,144,86,58
050,47,091,"Tennessee","Johnson County",3,21,193,123,70
050,47,091,"Tennessee","Johnson County",3,22,175,101,74
050,47,091,"Tennessee","Johnson County",3,23,195,116,79
050,47,091,"Tennessee","Johnson County",3,24,214,148,66
050,47,091,"Tennessee","Johnson County",3,25,195,127,68
050,47,091,"Tennessee","Johnson County",3,26,211,131,80
050,47,091,"Tennessee","Johnson County",3,27,187,109,78
050,47,091,"Tennessee","Johnson County",3,28,166,87,79
050,47,091,"Tennessee","Johnson County",3,29,212,135,77
050,47,091,"Tennessee","Johnson County",3,30,274,190,84
050,47,091,"Tennessee","Johnson County",3,31,218,132,86
050,47,091,"Tennessee","Johnson County",3,32,260,163,97
050,47,091,"Tennessee","Johnson County",3,33,226,137,89
050,47,091,"Tennessee","Johnson County",3,34,247,167,80
050,47,091,"Tennessee","Johnson County",3,35,197,110,87
050,47,091,"Tennessee","Johnson County",3,36,180,95,85
050,47,091,"Tennessee","Johnson County",3,37,151,76,75
050,47,091,"Tennessee","Johnson County",3,38,202,124,78
050,47,091,"Tennessee","Johnson County",3,39,175,93,82
050,47,091,"Tennessee","Johnson County",3,40,255,157,98
050,47,091,"Tennessee","Johnson County",3,41,254,165,89
050,47,091,"Tennessee","Johnson County",3,42,212,129,83
050,47,091,"Tennessee","Johnson County",3,43,283,197,86
050,47,091,"Tennessee","Johnson County",3,44,196,109,87
050,47,091,"Tennessee","Johnson County",3,45,207,119,88
050,47,091,"Tennessee","Johnson County",3,46,231,127,104
050,47,091,"Tennessee","Johnson County",3,47,311,214,97
050,47,091,"Tennessee","Johnson County",3,48,262,164,98
050,47,091,"Tennessee","Johnson County",3,49,261,160,101
050,47,091,"Tennessee","Johnson County",3,50,236,125,111
050,47,091,"Tennessee","Johnson County",3,51,300,178,122
050,47,091,"Tennessee","Johnson County",3,52,293,175,118
050,47,091,"Tennessee","Johnson County",3,53,233,119,114
050,47,091,"Tennessee","Johnson County",3,54,238,131,107
050,47,091,"Tennessee","Johnson County",3,55,257,138,119
050,47,091,"Tennessee","Johnson County",3,56,277,147,130
050,47,091,"Tennessee","Johnson County",3,57,258,125,133
050,47,091,"Tennessee","Johnson County",3,58,263,129,134
050,47,091,"Tennessee","Johnson County",3,59,267,138,129
050,47,091,"Tennessee","Johnson County",3,60,265,138,127
050,47,091,"Tennessee","Johnson County",3,61,261,124,137
050,47,091,"Tennessee","Johnson County",3,62,248,116,132
050,47,091,"Tennessee","Johnson County",3,63,297,158,139
050,47,091,"Tennessee","Johnson County",3,64,288,134,154
050,47,091,"Tennessee","Johnson County",3,65,293,135,158
050,47,091,"Tennessee","Johnson County",3,66,298,150,148
050,47,091,"Tennessee","Johnson County",3,67,277,137,140
050,47,091,"Tennessee","Johnson County",3,68,257,131,126
050,47,091,"Tennessee","Johnson County",3,69,243,116,127
050,47,091,"Tennessee","Johnson County",3,70,206,99,107
050,47,091,"Tennessee","Johnson County",3,71,219,98,121
050,47,091,"Tennessee","Johnson County",3,72,219,88,131
050,47,091,"Tennessee","Johnson County",3,73,244,111,133
050,47,091,"Tennessee","Johnson County",3,74,260,136,124
050,47,091,"Tennessee","Johnson County",3,75,188,96,92
050,47,091,"Tennessee","Johnson County",3,76,169,81,88
050,47,091,"Tennessee","Johnson County",3,77,154,76,78
050,47,091,"Tennessee","Johnson County",3,78,170,82,88
050,47,091,"Tennessee","Johnson County",3,79,139,61,78
050,47,091,"Tennessee","Johnson County",3,80,120,57,63
050,47,091,"Tennessee","Johnson County",3,81,99,45,54
050,47,091,"Tennessee","Johnson County",3,82,107,46,61
050,47,091,"Tennessee","Johnson County",3,83,99,45,54
050,47,091,"Tennessee","Johnson County",3,84,75,33,42
050,47,091,"Tennessee","Johnson County",3,85,394,145,249
050,47,091,"Tennessee","Johnson County",4,0,150,75,75
050,47,091,"Tennessee","Johnson County",4,1,152,76,76
050,47,091,"Tennessee","Johnson County",4,2,143,75,68
050,47,091,"Tennessee","Johnson County",4,3,163,80,83
050,47,091,"Tennessee","Johnson County",4,4,155,82,73
050,47,091,"Tennessee","Johnson County",4,5,139,71,68
050,47,091,"Tennessee","Johnson County",4,6,153,78,75
050,47,091,"Tennessee","Johnson County",4,7,167,94,73
050,47,091,"Tennessee","Johnson County",4,8,150,92,58
050,47,091,"Tennessee","Johnson County",4,9,150,75,75
050,47,091,"Tennessee","Johnson County",4,10,178,83,95
050,47,091,"Tennessee","Johnson County",4,11,182,90,92
050,47,091,"Tennessee","Johnson County",4,12,175,89,86
050,47,091,"Tennessee","Johnson County",4,13,192,91,101
050,47,091,"Tennessee","Johnson County",4,14,185,97,88
050,47,091,"Tennessee","Johnson County",4,15,203,113,90
050,47,091,"Tennessee","Johnson County",4,16,199,104,95
050,47,091,"Tennessee","Johnson County",4,17,194,93,101
050,47,091,"Tennessee","Johnson County",4,18,173,98,75
050,47,091,"Tennessee","Johnson County",4,19,139,82,57
050,47,091,"Tennessee","Johnson County",4,20,152,92,60
050,47,091,"Tennessee","Johnson County",4,21,163,107,56
050,47,091,"Tennessee","Johnson County",4,22,188,103,85
050,47,091,"Tennessee","Johnson County",4,23,206,125,81
050,47,091,"Tennessee","Johnson County",4,24,203,127,76
050,47,091,"Tennessee","Johnson County",4,25,193,120,73
050,47,091,"Tennessee","Johnson County",4,26,200,124,76
050,47,091,"Tennessee","Johnson County",4,27,187,105,82
050,47,091,"Tennessee","Johnson County",4,28,160,80,80
050,47,091,"Tennessee","Johnson County",4,29,205,129,76
050,47,091,"Tennessee","Johnson County",4,30,233,161,72
050,47,091,"Tennessee","Johnson County",4,31,224,138,86
050,47,091,"Tennessee","Johnson County",4,32,238,151,87
050,47,091,"Tennessee","Johnson County",4,33,242,143,99
050,47,091,"Tennessee","Johnson County",4,34,244,159,85
050,47,091,"Tennessee","Johnson County",4,35,194,112,82
050,47,091,"Tennessee","Johnson County",4,36,202,109,93
050,47,091,"Tennessee","Johnson County",4,37,154,69,85
050,47,091,"Tennessee","Johnson County",4,38,203,121,82
050,47,091,"Tennessee","Johnson County",4,39,173,97,76
050,47,091,"Tennessee","Johnson County",4,40,219,132,87
050,47,091,"Tennessee","Johnson County",4,41,244,146,98
050,47,091,"Tennessee","Johnson County",4,42,203,111,92
050,47,091,"Tennessee","Johnson County",4,43,277,189,88
050,47,091,"Tennessee","Johnson County",4,44,193,106,87
050,47,091,"Tennessee","Johnson County",4,45,218,126,92
050,47,091,"Tennessee","Johnson County",4,46,209,116,93
050,47,091,"Tennessee","Johnson County",4,47,291,188,103
050,47,091,"Tennessee","Johnson County",4,48,263,158,105
050,47,091,"Tennessee","Johnson County",4,49,255,157,98
050,47,091,"Tennessee","Johnson County",4,50,222,116,106
050,47,091,"Tennessee","Johnson County",4,51,286,167,119
050,47,091,"Tennessee","Johnson County",4,52,305,177,128
050,47,091,"Tennessee","Johnson County",4,53,248,127,121
050,47,091,"Tennessee","Johnson County",4,54,246,129,117
050,47,091,"Tennessee","Johnson County",4,55,254,136,118
050,47,091,"Tennessee","Johnson County",4,56,272,145,127
050,47,091,"Tennessee","Johnson County",4,57,280,145,135
050,47,091,"Tennessee","Johnson County",4,58,265,131,134
050,47,091,"Tennessee","Johnson County",4,59,274,130,144
050,47,091,"Tennessee","Johnson County",4,60,277,138,139
050,47,091,"Tennessee","Johnson County",4,61,283,153,130
050,47,091,"Tennessee","Johnson County",4,62,279,134,145
050,47,091,"Tennessee","Johnson County",4,63,286,146,140
050,47,091,"Tennessee","Johnson County",4,64,288,143,145
050,47,091,"Tennessee","Johnson County",4,65,278,133,145
050,47,091,"Tennessee","Johnson County",4,66,316,157,159
050,47,091,"Tennessee","Johnson County",4,67,278,130,148
050,47,091,"Tennessee","Johnson County",4,68,270,130,140
050,47,091,"Tennessee","Johnson County",4,69,254,128,126
050,47,091,"Tennessee","Johnson County",4,70,231,114,117
050,47,091,"Tennessee","Johnson County",4,71,208,101,107
050,47,091,"Tennessee","Johnson County",4,72,209,95,114
050,47,091,"Tennessee","Johnson County",4,73,223,92,131
050,47,091,"Tennessee","Johnson County",4,74,233,98,135
050,47,091,"Tennessee","Johnson County",4,75,253,129,124
050,47,091,"Tennessee","Johnson County",4,76,187,96,91
050,47,091,"Tennessee","Johnson County",4,77,160,76,84
050,47,091,"Tennessee","Johnson County",4,78,151,76,75
050,47,091,"Tennessee","Johnson County",4,79,162,83,79
050,47,091,"Tennessee","Johnson County",4,80,127,58,69
050,47,091,"Tennessee","Johnson County",4,81,106,49,57
050,47,091,"Tennessee","Johnson County",4,82,88,42,46
050,47,091,"Tennessee","Johnson County",4,83,100,42,58
050,47,091,"Tennessee","Johnson County",4,84,90,40,50
050,47,091,"Tennessee","Johnson County",4,85,379,137,242
050,47,091,"Tennessee","Johnson County",5,0,149,77,72
050,47,091,"Tennessee","Johnson County",5,1,146,72,74
050,47,091,"Tennessee","Johnson County",5,2,166,83,83
050,47,091,"Tennessee","Johnson County",5,3,143,76,67
050,47,091,"Tennessee","Johnson County",5,4,167,86,81
050,47,091,"Tennessee","Johnson County",5,5,160,85,75
050,47,091,"Tennessee","Johnson County",5,6,146,68,78
050,47,091,"Tennessee","Johnson County",5,7,157,82,75
050,47,091,"Tennessee","Johnson County",5,8,165,93,72
050,47,091,"Tennessee","Johnson County",5,9,154,97,57
050,47,091,"Tennessee","Johnson County",5,10,152,78,74
050,47,091,"Tennessee","Johnson County",5,11,180,87,93
050,47,091,"Tennessee","Johnson County",5,12,183,88,95
050,47,091,"Tennessee","Johnson County",5,13,174,88,86
050,47,091,"Tennessee","Johnson County",5,14,187,87,100
050,47,091,"Tennessee","Johnson County",5,15,197,102,95
050,47,091,"Tennessee","Johnson County",5,16,204,112,92
050,47,091,"Tennessee","Johnson County",5,17,197,106,91
050,47,091,"Tennessee","Johnson County",5,18,183,103,80
050,47,091,"Tennessee","Johnson County",5,19,142,85,57
050,47,091,"Tennessee","Johnson County",5,20,158,89,69
050,47,091,"Tennessee","Johnson County",5,21,189,120,69
050,47,091,"Tennessee","Johnson County",5,22,167,98,69
050,47,091,"Tennessee","Johnson County",5,23,203,121,82
050,47,091,"Tennessee","Johnson County",5,24,229,152,77
050,47,091,"Tennessee","Johnson County",5,25,195,117,78
050,47,091,"Tennessee","Johnson County",5,26,192,121,71
050,47,091,"Tennessee","Johnson County",5,27,204,124,80
050,47,091,"Tennessee","Johnson County",5,28,165,81,84
050,47,091,"Tennessee","Johnson County",5,29,212,130,82
050,47,091,"Tennessee","Johnson County",5,30,259,179,80
050,47,091,"Tennessee","Johnson County",5,31,207,131,76
050,47,091,"Tennessee","Johnson County",5,32,260,167,93
050,47,091,"Tennessee","Johnson County",5,33,234,139,95
050,47,091,"Tennessee","Johnson County",5,34,268,166,102
050,47,091,"Tennessee","Johnson County",5,35,206,120,86
050,47,091,"Tennessee","Johnson County",5,36,195,112,83
050,47,091,"Tennessee","Johnson County",5,37,180,90,90
050,47,091,"Tennessee","Johnson County",5,38,205,114,91
050,47,091,"Tennessee","Johnson County",5,39,191,108,83
050,47,091,"Tennessee","Johnson County",5,40,227,146,81
050,47,091,"Tennessee","Johnson County",5,41,229,137,92
050,47,091,"Tennessee","Johnson County",5,42,210,112,98
050,47,091,"Tennessee","Johnson County",5,43,273,179,94
050,47,091,"Tennessee","Johnson County",5,44,206,108,98
050,47,091,"Tennessee","Johnson County",5,45,215,131,84
050,47,091,"Tennessee","Johnson County",5,46,222,129,93
050,47,091,"Tennessee","Johnson County",5,47,275,182,93
050,47,091,"Tennessee","Johnson County",5,48,253,151,102
050,47,091,"Tennessee","Johnson County",5,49,264,159,105
050,47,091,"Tennessee","Johnson County",5,50,215,115,100
050,47,091,"Tennessee","Johnson County",5,51,275,164,111
050,47,091,"Tennessee","Johnson County",5,52,303,179,124
050,47,091,"Tennessee","Johnson County",5,53,276,143,133
050,47,091,"Tennessee","Johnson County",5,54,254,124,130
050,47,091,"Tennessee","Johnson County",5,55,262,132,130
050,47,091,"Tennessee","Johnson County",5,56,270,148,122
050,47,091,"Tennessee","Johnson County",5,57,268,144,124
050,47,091,"Tennessee","Johnson County",5,58,293,152,141
050,47,091,"Tennessee","Johnson County",5,59,267,129,138
050,47,091,"Tennessee","Johnson County",5,60,272,126,146
050,47,091,"Tennessee","Johnson County",5,61,276,135,141
050,47,091,"Tennessee","Johnson County",5,62,301,163,138
050,47,091,"Tennessee","Johnson County",5,63,314,169,145
050,47,091,"Tennessee","Johnson County",5,64,274,130,144
050,47,091,"Tennessee","Johnson County",5,65,289,143,146
050,47,091,"Tennessee","Johnson County",5,66,309,159,150
050,47,091,"Tennessee","Johnson County",5,67,291,135,156
050,47,091,"Tennessee","Johnson County",5,68,277,128,149
050,47,091,"Tennessee","Johnson County",5,69,268,128,140
050,47,091,"Tennessee","Johnson County",5,70,246,124,122
050,47,091,"Tennessee","Johnson County",5,71,237,115,122
050,47,091,"Tennessee","Johnson County",5,72,204,99,105
050,47,091,"Tennessee","Johnson County",5,73,207,95,112
050,47,091,"Tennessee","Johnson County",5,74,218,84,134
050,47,091,"Tennessee","Johnson County",5,75,228,93,135
050,47,091,"Tennessee","Johnson County",5,76,245,127,118
050,47,091,"Tennessee","Johnson County",5,77,171,88,83
050,47,091,"Tennessee","Johnson County",5,78,151,74,77
050,47,091,"Tennessee","Johnson County",5,79,143,75,68
050,47,091,"Tennessee","Johnson County",5,80,149,77,72
050,47,091,"Tennessee","Johnson County",5,81,107,47,60
050,47,091,"Tennessee","Johnson County",5,82,100,48,52
050,47,091,"Tennessee","Johnson County",5,83,82,39,43
050,47,091,"Tennessee","Johnson County",5,84,93,39,54
050,47,091,"Tennessee","Johnson County",5,85,395,144,251
050,47,093,"Tennessee","Knox County",1,0,5185,2659,2526
050,47,093,"Tennessee","Knox County",1,1,5222,2702,2520
050,47,093,"Tennessee","Knox County",1,2,5383,2817,2566
050,47,093,"Tennessee","Knox County",1,3,5491,2853,2638
050,47,093,"Tennessee","Knox County",1,4,5611,2932,2679
050,47,093,"Tennessee","Knox County",1,5,5607,2844,2763
050,47,093,"Tennessee","Knox County",1,6,5401,2734,2667
050,47,093,"Tennessee","Knox County",1,7,5434,2781,2653
050,47,093,"Tennessee","Knox County",1,8,5551,2835,2716
050,47,093,"Tennessee","Knox County",1,9,5540,2793,2747
050,47,093,"Tennessee","Knox County",1,10,5636,2871,2765
050,47,093,"Tennessee","Knox County",1,11,5981,3064,2917
050,47,093,"Tennessee","Knox County",1,12,6029,3087,2942
050,47,093,"Tennessee","Knox County",1,13,6070,3184,2886
050,47,093,"Tennessee","Knox County",1,14,5902,3041,2861
050,47,093,"Tennessee","Knox County",1,15,5884,3004,2880
050,47,093,"Tennessee","Knox County",1,16,6008,3054,2954
050,47,093,"Tennessee","Knox County",1,17,5888,3004,2884
050,47,093,"Tennessee","Knox County",1,18,6512,3259,3253
050,47,093,"Tennessee","Knox County",1,19,8177,4190,3987
050,47,093,"Tennessee","Knox County",1,20,8876,4272,4604
050,47,093,"Tennessee","Knox County",1,21,8613,4318,4295
050,47,093,"Tennessee","Knox County",1,22,8332,4289,4043
050,47,093,"Tennessee","Knox County",1,23,8293,4273,4020
050,47,093,"Tennessee","Knox County",1,24,7521,3824,3697
050,47,093,"Tennessee","Knox County",1,25,7012,3493,3519
050,47,093,"Tennessee","Knox County",1,26,6887,3404,3483
050,47,093,"Tennessee","Knox County",1,27,6695,3273,3422
050,47,093,"Tennessee","Knox County",1,28,6712,3359,3353
050,47,093,"Tennessee","Knox County",1,29,6783,3403,3380
050,47,093,"Tennessee","Knox County",1,30,6594,3258,3336
050,47,093,"Tennessee","Knox County",1,31,6421,3195,3226
050,47,093,"Tennessee","Knox County",1,32,6255,3021,3234
050,47,093,"Tennessee","Knox County",1,33,6160,3017,3143
050,47,093,"Tennessee","Knox County",1,34,6216,3038,3178
050,47,093,"Tennessee","Knox County",1,35,6293,3131,3162
050,47,093,"Tennessee","Knox County",1,36,6350,3094,3256
050,47,093,"Tennessee","Knox County",1,37,6464,3186,3278
050,47,093,"Tennessee","Knox County",1,38,6392,3171,3221
050,47,093,"Tennessee","Knox County",1,39,6311,3127,3184
050,47,093,"Tennessee","Knox County",1,40,6205,3076,3129
050,47,093,"Tennessee","Knox County",1,41,6015,2967,3048
050,47,093,"Tennessee","Knox County",1,42,5825,2902,2923
050,47,093,"Tennessee","Knox County",1,43,5686,2821,2865
050,47,093,"Tennessee","Knox County",1,44,5588,2819,2769
050,47,093,"Tennessee","Knox County",1,45,5750,2863,2887
050,47,093,"Tennessee","Knox County",1,46,5527,2762,2765
050,47,093,"Tennessee","Knox County",1,47,5821,2907,2914
050,47,093,"Tennessee","Knox County",1,48,6025,2995,3030
050,47,093,"Tennessee","Knox County",1,49,6409,3183,3226
050,47,093,"Tennessee","Knox County",1,50,6204,3087,3117
050,47,093,"Tennessee","Knox County",1,51,5856,2921,2935
050,47,093,"Tennessee","Knox County",1,52,5676,2840,2836
050,47,093,"Tennessee","Knox County",1,53,5768,2830,2938
050,47,093,"Tennessee","Knox County",1,54,5795,2790,3005
050,47,093,"Tennessee","Knox County",1,55,6158,2926,3232
050,47,093,"Tennessee","Knox County",1,56,6341,3065,3276
050,47,093,"Tennessee","Knox County",1,57,6233,3032,3201
050,47,093,"Tennessee","Knox County",1,58,6040,2971,3069
050,47,093,"Tennessee","Knox County",1,59,5946,2895,3051
050,47,093,"Tennessee","Knox County",1,60,6012,2928,3084
050,47,093,"Tennessee","Knox County",1,61,5831,2798,3033
050,47,093,"Tennessee","Knox County",1,62,5707,2733,2974
050,47,093,"Tennessee","Knox County",1,63,5670,2725,2945
050,47,093,"Tennessee","Knox County",1,64,5458,2607,2851
050,47,093,"Tennessee","Knox County",1,65,5395,2549,2846
050,47,093,"Tennessee","Knox County",1,66,5347,2539,2808
050,47,093,"Tennessee","Knox County",1,67,5055,2308,2747
050,47,093,"Tennessee","Knox County",1,68,4918,2210,2708
050,47,093,"Tennessee","Knox County",1,69,4547,2050,2497
050,47,093,"Tennessee","Knox County",1,70,4392,2035,2357
050,47,093,"Tennessee","Knox County",1,71,4326,1970,2356
050,47,093,"Tennessee","Knox County",1,72,4443,2045,2398
050,47,093,"Tennessee","Knox County",1,73,4500,2116,2384
050,47,093,"Tennessee","Knox County",1,74,3017,1370,1647
050,47,093,"Tennessee","Knox County",1,75,2975,1323,1652
050,47,093,"Tennessee","Knox County",1,76,2973,1293,1680
050,47,093,"Tennessee","Knox County",1,77,2988,1344,1644
050,47,093,"Tennessee","Knox County",1,78,2498,1081,1417
050,47,093,"Tennessee","Knox County",1,79,2133,890,1243
050,47,093,"Tennessee","Knox County",1,80,1955,814,1141
050,47,093,"Tennessee","Knox County",1,81,1852,795,1057
050,47,093,"Tennessee","Knox County",1,82,1681,694,987
050,47,093,"Tennessee","Knox County",1,83,1519,599,920
050,47,093,"Tennessee","Knox County",1,84,1350,550,800
050,47,093,"Tennessee","Knox County",1,85,7864,2652,5212
050,47,093,"Tennessee","Knox County",2,0,5190,2672,2518
050,47,093,"Tennessee","Knox County",2,1,5213,2694,2519
050,47,093,"Tennessee","Knox County",2,2,5370,2803,2567
050,47,093,"Tennessee","Knox County",2,3,5463,2844,2619
050,47,093,"Tennessee","Knox County",2,4,5609,2923,2686
050,47,093,"Tennessee","Knox County",2,5,5613,2868,2745
050,47,093,"Tennessee","Knox County",2,6,5463,2768,2695
050,47,093,"Tennessee","Knox County",2,7,5435,2772,2663
050,47,093,"Tennessee","Knox County",2,8,5529,2825,2704
050,47,093,"Tennessee","Knox County",2,9,5543,2814,2729
050,47,093,"Tennessee","Knox County",2,10,5619,2859,2760
050,47,093,"Tennessee","Knox County",2,11,5892,3015,2877
050,47,093,"Tennessee","Knox County",2,12,6058,3104,2954
050,47,093,"Tennessee","Knox County",2,13,6073,3166,2907
050,47,093,"Tennessee","Knox County",2,14,5960,3080,2880
050,47,093,"Tennessee","Knox County",2,15,5910,3021,2889
050,47,093,"Tennessee","Knox County",2,16,5993,3047,2946
050,47,093,"Tennessee","Knox County",2,17,5933,3020,2913
050,47,093,"Tennessee","Knox County",2,18,6553,3271,3282
050,47,093,"Tennessee","Knox County",2,19,8214,4202,4012
050,47,093,"Tennessee","Knox County",2,20,8961,4309,4652
050,47,093,"Tennessee","Knox County",2,21,8636,4339,4297
050,47,093,"Tennessee","Knox County",2,22,8370,4294,4076
050,47,093,"Tennessee","Knox County",2,23,8307,4271,4036
050,47,093,"Tennessee","Knox County",2,24,7549,3856,3693
050,47,093,"Tennessee","Knox County",2,25,6999,3486,3513
050,47,093,"Tennessee","Knox County",2,26,6925,3437,3488
050,47,093,"Tennessee","Knox County",2,27,6689,3286,3403
050,47,093,"Tennessee","Knox County",2,28,6734,3359,3375
050,47,093,"Tennessee","Knox County",2,29,6771,3385,3386
050,47,093,"Tennessee","Knox County",2,30,6695,3318,3377
050,47,093,"Tennessee","Knox County",2,31,6471,3222,3249
050,47,093,"Tennessee","Knox County",2,32,6288,3057,3231
050,47,093,"Tennessee","Knox County",2,33,6189,3017,3172
050,47,093,"Tennessee","Knox County",2,34,6211,3041,3170
050,47,093,"Tennessee","Knox County",2,35,6335,3147,3188
050,47,093,"Tennessee","Knox County",2,36,6310,3082,3228
050,47,093,"Tennessee","Knox County",2,37,6461,3176,3285
050,47,093,"Tennessee","Knox County",2,38,6437,3188,3249
050,47,093,"Tennessee","Knox County",2,39,6332,3136,3196
050,47,093,"Tennessee","Knox County",2,40,6290,3114,3176
050,47,093,"Tennessee","Knox County",2,41,6069,2996,3073
050,47,093,"Tennessee","Knox County",2,42,5858,2906,2952
050,47,093,"Tennessee","Knox County",2,43,5772,2864,2908
050,47,093,"Tennessee","Knox County",2,44,5581,2803,2778
050,47,093,"Tennessee","Knox County",2,45,5743,2872,2871
050,47,093,"Tennessee","Knox County",2,46,5575,2780,2795
050,47,093,"Tennessee","Knox County",2,47,5742,2873,2869
050,47,093,"Tennessee","Knox County",2,48,5969,2968,3001
050,47,093,"Tennessee","Knox County",2,49,6359,3166,3193
050,47,093,"Tennessee","Knox County",2,50,6282,3120,3162
050,47,093,"Tennessee","Knox County",2,51,5924,2949,2975
050,47,093,"Tennessee","Knox County",2,52,5721,2858,2863
050,47,093,"Tennessee","Knox County",2,53,5744,2834,2910
050,47,093,"Tennessee","Knox County",2,54,5774,2781,2993
050,47,093,"Tennessee","Knox County",2,55,6074,2896,3178
050,47,093,"Tennessee","Knox County",2,56,6303,3033,3270
050,47,093,"Tennessee","Knox County",2,57,6271,3051,3220
050,47,093,"Tennessee","Knox County",2,58,6075,2988,3087
050,47,093,"Tennessee","Knox County",2,59,5995,2922,3073
050,47,093,"Tennessee","Knox County",2,60,5981,2907,3074
050,47,093,"Tennessee","Knox County",2,61,5845,2815,3030
050,47,093,"Tennessee","Knox County",2,62,5738,2747,2991
050,47,093,"Tennessee","Knox County",2,63,5707,2738,2969
050,47,093,"Tennessee","Knox County",2,64,5479,2619,2860
050,47,093,"Tennessee","Knox County",2,65,5394,2549,2845
050,47,093,"Tennessee","Knox County",2,66,5358,2543,2815
050,47,093,"Tennessee","Knox County",2,67,5107,2351,2756
050,47,093,"Tennessee","Knox County",2,68,4919,2217,2702
050,47,093,"Tennessee","Knox County",2,69,4664,2099,2565
050,47,093,"Tennessee","Knox County",2,70,4410,2029,2381
050,47,093,"Tennessee","Knox County",2,71,4335,1978,2357
050,47,093,"Tennessee","Knox County",2,72,4338,1991,2347
050,47,093,"Tennessee","Knox County",2,73,4679,2187,2492
050,47,093,"Tennessee","Knox County",2,74,3159,1446,1713
050,47,093,"Tennessee","Knox County",2,75,2982,1338,1644
050,47,093,"Tennessee","Knox County",2,76,2923,1271,1652
050,47,093,"Tennessee","Knox County",2,77,3021,1347,1674
050,47,093,"Tennessee","Knox County",2,78,2556,1114,1442
050,47,093,"Tennessee","Knox County",2,79,2194,926,1268
050,47,093,"Tennessee","Knox County",2,80,1974,821,1153
050,47,093,"Tennessee","Knox County",2,81,1851,783,1068
050,47,093,"Tennessee","Knox County",2,82,1710,713,997
050,47,093,"Tennessee","Knox County",2,83,1530,604,926
050,47,093,"Tennessee","Knox County",2,84,1365,544,821
050,47,093,"Tennessee","Knox County",2,85,7873,2662,5211
050,47,093,"Tennessee","Knox County",3,0,5115,2648,2467
050,47,093,"Tennessee","Knox County",3,1,5248,2714,2534
050,47,093,"Tennessee","Knox County",3,2,5276,2712,2564
050,47,093,"Tennessee","Knox County",3,3,5441,2829,2612
050,47,093,"Tennessee","Knox County",3,4,5566,2889,2677
050,47,093,"Tennessee","Knox County",3,5,5680,2954,2726
050,47,093,"Tennessee","Knox County",3,6,5711,2908,2803
050,47,093,"Tennessee","Knox County",3,7,5578,2812,2766
050,47,093,"Tennessee","Knox County",3,8,5543,2846,2697
050,47,093,"Tennessee","Knox County",3,9,5659,2871,2788
050,47,093,"Tennessee","Knox County",3,10,5664,2899,2765
050,47,093,"Tennessee","Knox County",3,11,5698,2897,2801
050,47,093,"Tennessee","Knox County",3,12,6004,3048,2956
050,47,093,"Tennessee","Knox County",3,13,6106,3144,2962
050,47,093,"Tennessee","Knox County",3,14,6118,3184,2934
050,47,093,"Tennessee","Knox County",3,15,6079,3127,2952
050,47,093,"Tennessee","Knox County",3,16,5995,3047,2948
050,47,093,"Tennessee","Knox County",3,17,6070,3093,2977
050,47,093,"Tennessee","Knox County",3,18,6637,3325,3312
050,47,093,"Tennessee","Knox County",3,19,7975,4077,3898
050,47,093,"Tennessee","Knox County",3,20,8900,4290,4610
050,47,093,"Tennessee","Knox County",3,21,8716,4377,4339
050,47,093,"Tennessee","Knox County",3,22,8351,4262,4089
050,47,093,"Tennessee","Knox County",3,23,8400,4301,4099
050,47,093,"Tennessee","Knox County",3,24,7719,3932,3787
050,47,093,"Tennessee","Knox County",3,25,7046,3523,3523
050,47,093,"Tennessee","Knox County",3,26,7030,3500,3530
050,47,093,"Tennessee","Knox County",3,27,6864,3445,3419
050,47,093,"Tennessee","Knox County",3,28,6814,3308,3506
050,47,093,"Tennessee","Knox County",3,29,6895,3426,3469
050,47,093,"Tennessee","Knox County",3,30,6771,3360,3411
050,47,093,"Tennessee","Knox County",3,31,6873,3451,3422
050,47,093,"Tennessee","Knox County",3,32,6577,3251,3326
050,47,093,"Tennessee","Knox County",3,33,6407,3105,3302
050,47,093,"Tennessee","Knox County",3,34,6304,3086,3218
050,47,093,"Tennessee","Knox County",3,35,6306,3084,3222
050,47,093,"Tennessee","Knox County",3,36,6344,3120,3224
050,47,093,"Tennessee","Knox County",3,37,6409,3125,3284
050,47,093,"Tennessee","Knox County",3,38,6452,3202,3250
050,47,093,"Tennessee","Knox County",3,39,6439,3182,3257
050,47,093,"Tennessee","Knox County",3,40,6394,3180,3214
050,47,093,"Tennessee","Knox County",3,41,6373,3162,3211
050,47,093,"Tennessee","Knox County",3,42,6041,2960,3081
050,47,093,"Tennessee","Knox County",3,43,5893,2901,2992
050,47,093,"Tennessee","Knox County",3,44,5855,2924,2931
050,47,093,"Tennessee","Knox County",3,45,5603,2804,2799
050,47,093,"Tennessee","Knox County",3,46,5733,2854,2879
050,47,093,"Tennessee","Knox County",3,47,5644,2807,2837
050,47,093,"Tennessee","Knox County",3,48,5728,2852,2876
050,47,093,"Tennessee","Knox County",3,49,6024,2979,3045
050,47,093,"Tennessee","Knox County",3,50,6413,3201,3212
050,47,093,"Tennessee","Knox County",3,51,6255,3095,3160
050,47,093,"Tennessee","Knox County",3,52,5955,2971,2984
050,47,093,"Tennessee","Knox County",3,53,5681,2848,2833
050,47,093,"Tennessee","Knox County",3,54,5738,2768,2970
050,47,093,"Tennessee","Knox County",3,55,5802,2780,3022
050,47,093,"Tennessee","Knox County",3,56,6071,2893,3178
050,47,093,"Tennessee","Knox County",3,57,6311,3018,3293
050,47,093,"Tennessee","Knox County",3,58,6224,3034,3190
050,47,093,"Tennessee","Knox County",3,59,6029,2930,3099
050,47,093,"Tennessee","Knox County",3,60,5933,2894,3039
050,47,093,"Tennessee","Knox County",3,61,5972,2914,3058
050,47,093,"Tennessee","Knox County",3,62,5764,2754,3010
050,47,093,"Tennessee","Knox County",3,63,5735,2722,3013
050,47,093,"Tennessee","Knox County",3,64,5662,2719,2943
050,47,093,"Tennessee","Knox County",3,65,5425,2585,2840
050,47,093,"Tennessee","Knox County",3,66,5340,2520,2820
050,47,093,"Tennessee","Knox County",3,67,5255,2487,2768
050,47,093,"Tennessee","Knox County",3,68,5025,2304,2721
050,47,093,"Tennessee","Knox County",3,69,4846,2159,2687
050,47,093,"Tennessee","Knox County",3,70,4612,2079,2533
050,47,093,"Tennessee","Knox County",3,71,4340,1977,2363
050,47,093,"Tennessee","Knox County",3,72,4273,1929,2344
050,47,093,"Tennessee","Knox County",3,73,4220,1931,2289
050,47,093,"Tennessee","Knox County",3,74,4560,2125,2435
050,47,093,"Tennessee","Knox County",3,75,3024,1378,1646
050,47,093,"Tennessee","Knox County",3,76,2891,1281,1610
050,47,093,"Tennessee","Knox County",3,77,2788,1207,1581
050,47,093,"Tennessee","Knox County",3,78,2930,1289,1641
050,47,093,"Tennessee","Knox County",3,79,2401,1044,1357
050,47,093,"Tennessee","Knox County",3,80,2070,856,1214
050,47,093,"Tennessee","Knox County",3,81,1895,776,1119
050,47,093,"Tennessee","Knox County",3,82,1716,714,1002
050,47,093,"Tennessee","Knox County",3,83,1581,647,934
050,47,093,"Tennessee","Knox County",3,84,1385,548,837
050,47,093,"Tennessee","Knox County",3,85,7751,2635,5116
050,47,093,"Tennessee","Knox County",4,0,5406,2794,2612
050,47,093,"Tennessee","Knox County",4,1,5217,2684,2533
050,47,093,"Tennessee","Knox County",4,2,5380,2777,2603
050,47,093,"Tennessee","Knox County",4,3,5438,2798,2640
050,47,093,"Tennessee","Knox County",4,4,5567,2884,2683
050,47,093,"Tennessee","Knox County",4,5,5651,2943,2708
050,47,093,"Tennessee","Knox County",4,6,5738,3000,2738
050,47,093,"Tennessee","Knox County",4,7,5769,2949,2820
050,47,093,"Tennessee","Knox County",4,8,5684,2860,2824
050,47,093,"Tennessee","Knox County",4,9,5643,2901,2742
050,47,093,"Tennessee","Knox County",4,10,5745,2918,2827
050,47,093,"Tennessee","Knox County",4,11,5818,2968,2850
050,47,093,"Tennessee","Knox County",4,12,5797,2920,2877
050,47,093,"Tennessee","Knox County",4,13,6159,3126,3033
050,47,093,"Tennessee","Knox County",4,14,6176,3183,2993
050,47,093,"Tennessee","Knox County",4,15,6259,3240,3019
050,47,093,"Tennessee","Knox County",4,16,6184,3161,3023
050,47,093,"Tennessee","Knox County",4,17,6106,3122,2984
050,47,093,"Tennessee","Knox County",4,18,7132,3578,3554
050,47,093,"Tennessee","Knox County",4,19,8787,4509,4278
050,47,093,"Tennessee","Knox County",4,20,9279,4433,4846
050,47,093,"Tennessee","Knox County",4,21,9056,4559,4497
050,47,093,"Tennessee","Knox County",4,22,8715,4447,4268
050,47,093,"Tennessee","Knox County",4,23,8521,4322,4199
050,47,093,"Tennessee","Knox County",4,24,7834,3968,3866
050,47,093,"Tennessee","Knox County",4,25,7152,3531,3621
050,47,093,"Tennessee","Knox County",4,26,7016,3515,3501
050,47,093,"Tennessee","Knox County",4,27,6960,3452,3508
050,47,093,"Tennessee","Knox County",4,28,7034,3495,3539
050,47,093,"Tennessee","Knox County",4,29,6881,3331,3550
050,47,093,"Tennessee","Knox County",4,30,6949,3454,3495
050,47,093,"Tennessee","Knox County",4,31,6908,3454,3454
050,47,093,"Tennessee","Knox County",4,32,6947,3511,3436
050,47,093,"Tennessee","Knox County",4,33,6729,3329,3400
050,47,093,"Tennessee","Knox County",4,34,6543,3175,3368
050,47,093,"Tennessee","Knox County",4,35,6389,3168,3221
050,47,093,"Tennessee","Knox County",4,36,6454,3178,3276
050,47,093,"Tennessee","Knox County",4,37,6402,3125,3277
050,47,093,"Tennessee","Knox County",4,38,6434,3128,3306
050,47,093,"Tennessee","Knox County",4,39,6483,3189,3294
050,47,093,"Tennessee","Knox County",4,40,6555,3274,3281
050,47,093,"Tennessee","Knox County",4,41,6498,3240,3258
050,47,093,"Tennessee","Knox County",4,42,6477,3192,3285
050,47,093,"Tennessee","Knox County",4,43,6083,2982,3101
050,47,093,"Tennessee","Knox County",4,44,5989,2948,3041
050,47,093,"Tennessee","Knox County",4,45,5927,2974,2953
050,47,093,"Tennessee","Knox County",4,46,5687,2831,2856
050,47,093,"Tennessee","Knox County",4,47,5748,2854,2894
050,47,093,"Tennessee","Knox County",4,48,5736,2839,2897
050,47,093,"Tennessee","Knox County",4,49,5780,2881,2899
050,47,093,"Tennessee","Knox County",4,50,6083,2969,3114
050,47,093,"Tennessee","Knox County",4,51,6464,3259,3205
050,47,093,"Tennessee","Knox County",4,52,6424,3195,3229
050,47,093,"Tennessee","Knox County",4,53,5907,2974,2933
050,47,093,"Tennessee","Knox County",4,54,5704,2813,2891
050,47,093,"Tennessee","Knox County",4,55,5786,2782,3004
050,47,093,"Tennessee","Knox County",4,56,5793,2781,3012
050,47,093,"Tennessee","Knox County",4,57,6047,2887,3160
050,47,093,"Tennessee","Knox County",4,58,6254,2994,3260
050,47,093,"Tennessee","Knox County",4,59,6206,2994,3212
050,47,093,"Tennessee","Knox County",4,60,6038,2911,3127
050,47,093,"Tennessee","Knox County",4,61,5945,2909,3036
050,47,093,"Tennessee","Knox County",4,62,5897,2870,3027
050,47,093,"Tennessee","Knox County",4,63,5739,2734,3005
050,47,093,"Tennessee","Knox County",4,64,5746,2705,3041
050,47,093,"Tennessee","Knox County",4,65,5643,2704,2939
050,47,093,"Tennessee","Knox County",4,66,5399,2573,2826
050,47,093,"Tennessee","Knox County",4,67,5267,2464,2803
050,47,093,"Tennessee","Knox County",4,68,5188,2438,2750
050,47,093,"Tennessee","Knox County",4,69,4937,2241,2696
050,47,093,"Tennessee","Knox County",4,70,4791,2135,2656
050,47,093,"Tennessee","Knox County",4,71,4491,1998,2493
050,47,093,"Tennessee","Knox County",4,72,4267,1940,2327
050,47,093,"Tennessee","Knox County",4,73,4153,1864,2289
050,47,093,"Tennessee","Knox County",4,74,4089,1849,2240
050,47,093,"Tennessee","Knox County",4,75,4435,2065,2370
050,47,093,"Tennessee","Knox County",4,76,2941,1318,1623
050,47,093,"Tennessee","Knox County",4,77,2781,1222,1559
050,47,093,"Tennessee","Knox County",4,78,2651,1137,1514
050,47,093,"Tennessee","Knox County",4,79,2793,1211,1582
050,47,093,"Tennessee","Knox County",4,80,2294,1009,1285
050,47,093,"Tennessee","Knox County",4,81,1974,799,1175
050,47,093,"Tennessee","Knox County",4,82,1792,742,1050
050,47,093,"Tennessee","Knox County",4,83,1574,635,939
050,47,093,"Tennessee","Knox County",4,84,1432,579,853
050,47,093,"Tennessee","Knox County",4,85,7633,2622,5011
050,47,093,"Tennessee","Knox County",5,0,5427,2809,2618
050,47,093,"Tennessee","Knox County",5,1,5411,2785,2626
050,47,093,"Tennessee","Knox County",5,2,5284,2717,2567
050,47,093,"Tennessee","Knox County",5,3,5448,2789,2659
050,47,093,"Tennessee","Knox County",5,4,5544,2864,2680
050,47,093,"Tennessee","Knox County",5,5,5632,2912,2720
050,47,093,"Tennessee","Knox County",5,6,5694,2996,2698
050,47,093,"Tennessee","Knox County",5,7,5872,3064,2808
050,47,093,"Tennessee","Knox County",5,8,5835,3009,2826
050,47,093,"Tennessee","Knox County",5,9,5735,2907,2828
050,47,093,"Tennessee","Knox County",5,10,5746,2946,2800
050,47,093,"Tennessee","Knox County",5,11,5795,2955,2840
050,47,093,"Tennessee","Knox County",5,12,5895,3005,2890
050,47,093,"Tennessee","Knox County",5,13,5851,2974,2877
050,47,093,"Tennessee","Knox County",5,14,6188,3173,3015
050,47,093,"Tennessee","Knox County",5,15,6242,3178,3064
050,47,093,"Tennessee","Knox County",5,16,6295,3232,3063
050,47,093,"Tennessee","Knox County",5,17,6227,3195,3032
050,47,093,"Tennessee","Knox County",5,18,7050,3536,3514
050,47,093,"Tennessee","Knox County",5,19,8955,4585,4370
050,47,093,"Tennessee","Knox County",5,20,9524,4571,4953
050,47,093,"Tennessee","Knox County",5,21,9021,4522,4499
050,47,093,"Tennessee","Knox County",5,22,8786,4484,4302
050,47,093,"Tennessee","Knox County",5,23,8675,4438,4237
050,47,093,"Tennessee","Knox County",5,24,8024,4053,3971
050,47,093,"Tennessee","Knox County",5,25,7240,3552,3688
050,47,093,"Tennessee","Knox County",5,26,7092,3572,3520
050,47,093,"Tennessee","Knox County",5,27,6884,3492,3392
050,47,093,"Tennessee","Knox County",5,28,6973,3470,3503
050,47,093,"Tennessee","Knox County",5,29,6975,3438,3537
050,47,093,"Tennessee","Knox County",5,30,6963,3380,3583
050,47,093,"Tennessee","Knox County",5,31,6978,3509,3469
050,47,093,"Tennessee","Knox County",5,32,6889,3430,3459
050,47,093,"Tennessee","Knox County",5,33,6982,3536,3446
050,47,093,"Tennessee","Knox County",5,34,6736,3339,3397
050,47,093,"Tennessee","Knox County",5,35,6591,3185,3406
050,47,093,"Tennessee","Knox County",5,36,6487,3241,3246
050,47,093,"Tennessee","Knox County",5,37,6541,3204,3337
050,47,093,"Tennessee","Knox County",5,38,6532,3224,3308
050,47,093,"Tennessee","Knox County",5,39,6455,3154,3301
050,47,093,"Tennessee","Knox County",5,40,6570,3224,3346
050,47,093,"Tennessee","Knox County",5,41,6617,3314,3303
050,47,093,"Tennessee","Knox County",5,42,6548,3246,3302
050,47,093,"Tennessee","Knox County",5,43,6474,3208,3266
050,47,093,"Tennessee","Knox County",5,44,6158,3005,3153
050,47,093,"Tennessee","Knox County",5,45,6012,2971,3041
050,47,093,"Tennessee","Knox County",5,46,5941,2993,2948
050,47,093,"Tennessee","Knox County",5,47,5732,2891,2841
050,47,093,"Tennessee","Knox County",5,48,5831,2880,2951
050,47,093,"Tennessee","Knox County",5,49,5797,2855,2942
050,47,093,"Tennessee","Knox County",5,50,5777,2874,2903
050,47,093,"Tennessee","Knox County",5,51,6024,2958,3066
050,47,093,"Tennessee","Knox County",5,52,6494,3283,3211
050,47,093,"Tennessee","Knox County",5,53,6409,3210,3199
050,47,093,"Tennessee","Knox County",5,54,5885,2946,2939
050,47,093,"Tennessee","Knox County",5,55,5733,2819,2914
050,47,093,"Tennessee","Knox County",5,56,5752,2758,2994
050,47,093,"Tennessee","Knox County",5,57,5753,2780,2973
050,47,093,"Tennessee","Knox County",5,58,6017,2874,3143
050,47,093,"Tennessee","Knox County",5,59,6207,2956,3251
050,47,093,"Tennessee","Knox County",5,60,6186,2984,3202
050,47,093,"Tennessee","Knox County",5,61,5997,2893,3104
050,47,093,"Tennessee","Knox County",5,62,5882,2868,3014
050,47,093,"Tennessee","Knox County",5,63,5862,2832,3030
050,47,093,"Tennessee","Knox County",5,64,5664,2707,2957
050,47,093,"Tennessee","Knox County",5,65,5690,2683,3007
050,47,093,"Tennessee","Knox County",5,66,5542,2661,2881
050,47,093,"Tennessee","Knox County",5,67,5320,2542,2778
050,47,093,"Tennessee","Knox County",5,68,5214,2422,2792
050,47,093,"Tennessee","Knox County",5,69,5098,2380,2718
050,47,093,"Tennessee","Knox County",5,70,4851,2190,2661
050,47,093,"Tennessee","Knox County",5,71,4692,2062,2630
050,47,093,"Tennessee","Knox County",5,72,4401,1959,2442
050,47,093,"Tennessee","Knox County",5,73,4161,1892,2269
050,47,093,"Tennessee","Knox County",5,74,4062,1788,2274
050,47,093,"Tennessee","Knox County",5,75,4010,1815,2195
050,47,093,"Tennessee","Knox County",5,76,4330,1997,2333
050,47,093,"Tennessee","Knox County",5,77,2827,1269,1558
050,47,093,"Tennessee","Knox County",5,78,2673,1166,1507
050,47,093,"Tennessee","Knox County",5,79,2521,1072,1449
050,47,093,"Tennessee","Knox County",5,80,2658,1141,1517
050,47,093,"Tennessee","Knox County",5,81,2184,948,1236
050,47,093,"Tennessee","Knox County",5,82,1848,743,1105
050,47,093,"Tennessee","Knox County",5,83,1670,668,1002
050,47,093,"Tennessee","Knox County",5,84,1433,574,859
050,47,093,"Tennessee","Knox County",5,85,7688,2675,5013
050,47,095,"Tennessee","Lake County",1,0,63,31,32
050,47,095,"Tennessee","Lake County",1,1,57,23,34
050,47,095,"Tennessee","Lake County",1,2,49,24,25
050,47,095,"Tennessee","Lake County",1,3,56,28,28
050,47,095,"Tennessee","Lake County",1,4,58,31,27
050,47,095,"Tennessee","Lake County",1,5,60,27,33
050,47,095,"Tennessee","Lake County",1,6,46,20,26
050,47,095,"Tennessee","Lake County",1,7,53,28,25
050,47,095,"Tennessee","Lake County",1,8,51,30,21
050,47,095,"Tennessee","Lake County",1,9,57,26,31
050,47,095,"Tennessee","Lake County",1,10,53,24,29
050,47,095,"Tennessee","Lake County",1,11,58,29,29
050,47,095,"Tennessee","Lake County",1,12,48,21,27
050,47,095,"Tennessee","Lake County",1,13,63,32,31
050,47,095,"Tennessee","Lake County",1,14,56,31,25
050,47,095,"Tennessee","Lake County",1,15,48,22,26
050,47,095,"Tennessee","Lake County",1,16,63,38,25
050,47,095,"Tennessee","Lake County",1,17,78,55,23
050,47,095,"Tennessee","Lake County",1,18,81,64,17
050,47,095,"Tennessee","Lake County",1,19,64,46,18
050,47,095,"Tennessee","Lake County",1,20,102,83,19
050,47,095,"Tennessee","Lake County",1,21,116,93,23
050,47,095,"Tennessee","Lake County",1,22,113,91,22
050,47,095,"Tennessee","Lake County",1,23,123,95,28
050,47,095,"Tennessee","Lake County",1,24,117,99,18
050,47,095,"Tennessee","Lake County",1,25,118,93,25
050,47,095,"Tennessee","Lake County",1,26,131,101,30
050,47,095,"Tennessee","Lake County",1,27,142,109,33
050,47,095,"Tennessee","Lake County",1,28,130,101,29
050,47,095,"Tennessee","Lake County",1,29,149,118,31
050,47,095,"Tennessee","Lake County",1,30,121,93,28
050,47,095,"Tennessee","Lake County",1,31,110,78,32
050,47,095,"Tennessee","Lake County",1,32,114,87,27
050,47,095,"Tennessee","Lake County",1,33,121,95,26
050,47,095,"Tennessee","Lake County",1,34,114,86,28
050,47,095,"Tennessee","Lake County",1,35,98,61,37
050,47,095,"Tennessee","Lake County",1,36,114,78,36
050,47,095,"Tennessee","Lake County",1,37,94,65,29
050,47,095,"Tennessee","Lake County",1,38,83,67,16
050,47,095,"Tennessee","Lake County",1,39,101,77,24
050,47,095,"Tennessee","Lake County",1,40,110,77,33
050,47,095,"Tennessee","Lake County",1,41,96,68,28
050,47,095,"Tennessee","Lake County",1,42,105,80,25
050,47,095,"Tennessee","Lake County",1,43,105,77,28
050,47,095,"Tennessee","Lake County",1,44,88,63,25
050,47,095,"Tennessee","Lake County",1,45,97,67,30
050,47,095,"Tennessee","Lake County",1,46,111,79,32
050,47,095,"Tennessee","Lake County",1,47,102,70,32
050,47,095,"Tennessee","Lake County",1,48,93,53,40
050,47,095,"Tennessee","Lake County",1,49,96,52,44
050,47,095,"Tennessee","Lake County",1,50,102,57,45
050,47,095,"Tennessee","Lake County",1,51,88,56,32
050,47,095,"Tennessee","Lake County",1,52,89,56,33
050,47,095,"Tennessee","Lake County",1,53,106,60,46
050,47,095,"Tennessee","Lake County",1,54,108,68,40
050,47,095,"Tennessee","Lake County",1,55,96,56,40
050,47,095,"Tennessee","Lake County",1,56,83,50,33
050,47,095,"Tennessee","Lake County",1,57,100,60,40
050,47,095,"Tennessee","Lake County",1,58,97,57,40
050,47,095,"Tennessee","Lake County",1,59,88,54,34
050,47,095,"Tennessee","Lake County",1,60,93,55,38
050,47,095,"Tennessee","Lake County",1,61,82,47,35
050,47,095,"Tennessee","Lake County",1,62,90,51,39
050,47,095,"Tennessee","Lake County",1,63,97,56,41
050,47,095,"Tennessee","Lake County",1,64,80,37,43
050,47,095,"Tennessee","Lake County",1,65,74,40,34
050,47,095,"Tennessee","Lake County",1,66,86,48,38
050,47,095,"Tennessee","Lake County",1,67,73,41,32
050,47,095,"Tennessee","Lake County",1,68,87,42,45
050,47,095,"Tennessee","Lake County",1,69,55,29,26
050,47,095,"Tennessee","Lake County",1,70,68,35,33
050,47,095,"Tennessee","Lake County",1,71,60,30,30
050,47,095,"Tennessee","Lake County",1,72,65,30,35
050,47,095,"Tennessee","Lake County",1,73,57,24,33
050,47,095,"Tennessee","Lake County",1,74,47,23,24
050,47,095,"Tennessee","Lake County",1,75,45,22,23
050,47,095,"Tennessee","Lake County",1,76,39,17,22
050,47,095,"Tennessee","Lake County",1,77,43,19,24
050,47,095,"Tennessee","Lake County",1,78,31,12,19
050,47,095,"Tennessee","Lake County",1,79,35,19,16
050,47,095,"Tennessee","Lake County",1,80,29,13,16
050,47,095,"Tennessee","Lake County",1,81,30,15,15
050,47,095,"Tennessee","Lake County",1,82,23,8,15
050,47,095,"Tennessee","Lake County",1,83,25,8,17
050,47,095,"Tennessee","Lake County",1,84,25,4,21
050,47,095,"Tennessee","Lake County",1,85,137,44,93
050,47,095,"Tennessee","Lake County",2,0,58,29,29
050,47,095,"Tennessee","Lake County",2,1,56,24,32
050,47,095,"Tennessee","Lake County",2,2,50,23,27
050,47,095,"Tennessee","Lake County",2,3,53,27,26
050,47,095,"Tennessee","Lake County",2,4,58,31,27
050,47,095,"Tennessee","Lake County",2,5,59,27,32
050,47,095,"Tennessee","Lake County",2,6,52,23,29
050,47,095,"Tennessee","Lake County",2,7,50,25,25
050,47,095,"Tennessee","Lake County",2,8,52,29,23
050,47,095,"Tennessee","Lake County",2,9,54,27,27
050,47,095,"Tennessee","Lake County",2,10,54,24,30
050,47,095,"Tennessee","Lake County",2,11,56,28,28
050,47,095,"Tennessee","Lake County",2,12,52,24,28
050,47,095,"Tennessee","Lake County",2,13,58,28,30
050,47,095,"Tennessee","Lake County",2,14,57,31,26
050,47,095,"Tennessee","Lake County",2,15,49,24,25
050,47,095,"Tennessee","Lake County",2,16,60,36,24
050,47,095,"Tennessee","Lake County",2,17,76,54,22
050,47,095,"Tennessee","Lake County",2,18,79,61,18
050,47,095,"Tennessee","Lake County",2,19,65,48,17
050,47,095,"Tennessee","Lake County",2,20,104,83,21
050,47,095,"Tennessee","Lake County",2,21,113,91,22
050,47,095,"Tennessee","Lake County",2,22,113,91,22
050,47,095,"Tennessee","Lake County",2,23,125,97,28
050,47,095,"Tennessee","Lake County",2,24,117,97,20
050,47,095,"Tennessee","Lake County",2,25,116,91,25
050,47,095,"Tennessee","Lake County",2,26,131,103,28
050,47,095,"Tennessee","Lake County",2,27,141,110,31
050,47,095,"Tennessee","Lake County",2,28,130,100,30
050,47,095,"Tennessee","Lake County",2,29,144,115,29
050,47,095,"Tennessee","Lake County",2,30,122,93,29
050,47,095,"Tennessee","Lake County",2,31,112,80,32
050,47,095,"Tennessee","Lake County",2,32,115,86,29
050,47,095,"Tennessee","Lake County",2,33,122,95,27
050,47,095,"Tennessee","Lake County",2,34,114,85,29
050,47,095,"Tennessee","Lake County",2,35,99,63,36
050,47,095,"Tennessee","Lake County",2,36,112,77,35
050,47,095,"Tennessee","Lake County",2,37,92,63,29
050,47,095,"Tennessee","Lake County",2,38,88,69,19
050,47,095,"Tennessee","Lake County",2,39,96,74,22
050,47,095,"Tennessee","Lake County",2,40,108,77,31
050,47,095,"Tennessee","Lake County",2,41,95,66,29
050,47,095,"Tennessee","Lake County",2,42,105,79,26
050,47,095,"Tennessee","Lake County",2,43,102,76,26
050,47,095,"Tennessee","Lake County",2,44,88,62,26
050,47,095,"Tennessee","Lake County",2,45,96,67,29
050,47,095,"Tennessee","Lake County",2,46,111,80,31
050,47,095,"Tennessee","Lake County",2,47,102,71,31
050,47,095,"Tennessee","Lake County",2,48,93,54,39
050,47,095,"Tennessee","Lake County",2,49,96,52,44
050,47,095,"Tennessee","Lake County",2,50,105,59,46
050,47,095,"Tennessee","Lake County",2,51,89,54,35
050,47,095,"Tennessee","Lake County",2,52,87,54,33
050,47,095,"Tennessee","Lake County",2,53,103,61,42
050,47,095,"Tennessee","Lake County",2,54,108,67,41
050,47,095,"Tennessee","Lake County",2,55,97,56,41
050,47,095,"Tennessee","Lake County",2,56,85,50,35
050,47,095,"Tennessee","Lake County",2,57,97,59,38
050,47,095,"Tennessee","Lake County",2,58,99,58,41
050,47,095,"Tennessee","Lake County",2,59,93,57,36
050,47,095,"Tennessee","Lake County",2,60,91,55,36
050,47,095,"Tennessee","Lake County",2,61,83,46,37
050,47,095,"Tennessee","Lake County",2,62,85,48,37
050,47,095,"Tennessee","Lake County",2,63,100,58,42
050,47,095,"Tennessee","Lake County",2,64,82,40,42
050,47,095,"Tennessee","Lake County",2,65,76,39,37
050,47,095,"Tennessee","Lake County",2,66,86,48,38
050,47,095,"Tennessee","Lake County",2,67,77,43,34
050,47,095,"Tennessee","Lake County",2,68,83,41,42
050,47,095,"Tennessee","Lake County",2,69,60,30,30
050,47,095,"Tennessee","Lake County",2,70,66,35,31
050,47,095,"Tennessee","Lake County",2,71,60,29,31
050,47,095,"Tennessee","Lake County",2,72,64,31,33
050,47,095,"Tennessee","Lake County",2,73,59,25,34
050,47,095,"Tennessee","Lake County",2,74,46,22,24
050,47,095,"Tennessee","Lake County",2,75,47,23,24
050,47,095,"Tennessee","Lake County",2,76,37,16,21
050,47,095,"Tennessee","Lake County",2,77,43,18,25
050,47,095,"Tennessee","Lake County",2,78,34,13,21
050,47,095,"Tennessee","Lake County",2,79,35,18,17
050,47,095,"Tennessee","Lake County",2,80,29,14,15
050,47,095,"Tennessee","Lake County",2,81,29,14,15
050,47,095,"Tennessee","Lake County",2,82,25,9,16
050,47,095,"Tennessee","Lake County",2,83,25,8,17
050,47,095,"Tennessee","Lake County",2,84,24,5,19
050,47,095,"Tennessee","Lake County",2,85,136,42,94
050,47,095,"Tennessee","Lake County",3,0,59,26,33
050,47,095,"Tennessee","Lake County",3,1,60,31,29
050,47,095,"Tennessee","Lake County",3,2,56,24,32
050,47,095,"Tennessee","Lake County",3,3,50,25,25
050,47,095,"Tennessee","Lake County",3,4,48,23,25
050,47,095,"Tennessee","Lake County",3,5,57,30,27
050,47,095,"Tennessee","Lake County",3,6,60,28,32
050,47,095,"Tennessee","Lake County",3,7,46,21,25
050,47,095,"Tennessee","Lake County",3,8,45,22,23
050,47,095,"Tennessee","Lake County",3,9,57,31,26
050,47,095,"Tennessee","Lake County",3,10,54,27,27
050,47,095,"Tennessee","Lake County",3,11,63,28,35
050,47,095,"Tennessee","Lake County",3,12,58,28,30
050,47,095,"Tennessee","Lake County",3,13,54,26,28
050,47,095,"Tennessee","Lake County",3,14,60,27,33
050,47,095,"Tennessee","Lake County",3,15,58,32,26
050,47,095,"Tennessee","Lake County",3,16,58,32,26
050,47,095,"Tennessee","Lake County",3,17,68,45,23
050,47,095,"Tennessee","Lake County",3,18,68,51,17
050,47,095,"Tennessee","Lake County",3,19,63,46,17
050,47,095,"Tennessee","Lake County",3,20,95,73,22
050,47,095,"Tennessee","Lake County",3,21,96,74,22
050,47,095,"Tennessee","Lake County",3,22,97,74,23
050,47,095,"Tennessee","Lake County",3,23,116,87,29
050,47,095,"Tennessee","Lake County",3,24,118,86,32
050,47,095,"Tennessee","Lake County",3,25,101,75,26
050,47,095,"Tennessee","Lake County",3,26,119,95,24
050,47,095,"Tennessee","Lake County",3,27,134,105,29
050,47,095,"Tennessee","Lake County",3,28,112,82,30
050,47,095,"Tennessee","Lake County",3,29,119,86,33
050,47,095,"Tennessee","Lake County",3,30,112,84,28
050,47,095,"Tennessee","Lake County",3,31,110,77,33
050,47,095,"Tennessee","Lake County",3,32,106,76,30
050,47,095,"Tennessee","Lake County",3,33,122,90,32
050,47,095,"Tennessee","Lake County",3,34,95,67,28
050,47,095,"Tennessee","Lake County",3,35,86,59,27
050,47,095,"Tennessee","Lake County",3,36,106,67,39
050,47,095,"Tennessee","Lake County",3,37,97,62,35
050,47,095,"Tennessee","Lake County",3,38,104,73,31
050,47,095,"Tennessee","Lake County",3,39,76,60,16
050,47,095,"Tennessee","Lake County",3,40,84,62,22
050,47,095,"Tennessee","Lake County",3,41,89,55,34
050,47,095,"Tennessee","Lake County",3,42,102,69,33
050,47,095,"Tennessee","Lake County",3,43,97,72,25
050,47,095,"Tennessee","Lake County",3,44,85,58,27
050,47,095,"Tennessee","Lake County",3,45,77,51,26
050,47,095,"Tennessee","Lake County",3,46,95,65,30
050,47,095,"Tennessee","Lake County",3,47,89,58,31
050,47,095,"Tennessee","Lake County",3,48,90,58,32
050,47,095,"Tennessee","Lake County",3,49,97,58,39
050,47,095,"Tennessee","Lake County",3,50,105,56,49
050,47,095,"Tennessee","Lake County",3,51,98,52,46
050,47,095,"Tennessee","Lake County",3,52,79,45,34
050,47,095,"Tennessee","Lake County",3,53,87,53,34
050,47,095,"Tennessee","Lake County",3,54,101,60,41
050,47,095,"Tennessee","Lake County",3,55,93,51,42
050,47,095,"Tennessee","Lake County",3,56,94,50,44
050,47,095,"Tennessee","Lake County",3,57,80,47,33
050,47,095,"Tennessee","Lake County",3,58,83,49,34
050,47,095,"Tennessee","Lake County",3,59,103,63,40
050,47,095,"Tennessee","Lake County",3,60,79,47,32
050,47,095,"Tennessee","Lake County",3,61,79,41,38
050,47,095,"Tennessee","Lake County",3,62,75,39,36
050,47,095,"Tennessee","Lake County",3,63,85,52,33
050,47,095,"Tennessee","Lake County",3,64,90,47,43
050,47,095,"Tennessee","Lake County",3,65,83,40,43
050,47,095,"Tennessee","Lake County",3,66,71,34,37
050,47,095,"Tennessee","Lake County",3,67,80,44,36
050,47,095,"Tennessee","Lake County",3,68,73,39,34
050,47,095,"Tennessee","Lake County",3,69,66,27,39
050,47,095,"Tennessee","Lake County",3,70,55,29,26
050,47,095,"Tennessee","Lake County",3,71,56,26,30
050,47,095,"Tennessee","Lake County",3,72,60,30,30
050,47,095,"Tennessee","Lake County",3,73,55,28,27
050,47,095,"Tennessee","Lake County",3,74,56,23,33
050,47,095,"Tennessee","Lake County",3,75,45,20,25
050,47,095,"Tennessee","Lake County",3,76,37,16,21
050,47,095,"Tennessee","Lake County",3,77,34,16,18
050,47,095,"Tennessee","Lake County",3,78,40,14,26
050,47,095,"Tennessee","Lake County",3,79,33,15,18
050,47,095,"Tennessee","Lake County",3,80,24,10,14
050,47,095,"Tennessee","Lake County",3,81,28,16,12
050,47,095,"Tennessee","Lake County",3,82,24,12,12
050,47,095,"Tennessee","Lake County",3,83,24,5,19
050,47,095,"Tennessee","Lake County",3,84,20,7,13
050,47,095,"Tennessee","Lake County",3,85,133,37,96
050,47,095,"Tennessee","Lake County",4,0,62,33,29
050,47,095,"Tennessee","Lake County",4,1,62,27,35
050,47,095,"Tennessee","Lake County",4,2,54,30,24
050,47,095,"Tennessee","Lake County",4,3,57,28,29
050,47,095,"Tennessee","Lake County",4,4,53,24,29
050,47,095,"Tennessee","Lake County",4,5,43,19,24
050,47,095,"Tennessee","Lake County",4,6,58,29,29
050,47,095,"Tennessee","Lake County",4,7,62,31,31
050,47,095,"Tennessee","Lake County",4,8,45,22,23
050,47,095,"Tennessee","Lake County",4,9,45,23,22
050,47,095,"Tennessee","Lake County",4,10,57,31,26
050,47,095,"Tennessee","Lake County",4,11,54,27,27
050,47,095,"Tennessee","Lake County",4,12,58,26,32
050,47,095,"Tennessee","Lake County",4,13,53,21,32
050,47,095,"Tennessee","Lake County",4,14,51,24,27
050,47,095,"Tennessee","Lake County",4,15,57,26,31
050,47,095,"Tennessee","Lake County",4,16,67,38,29
050,47,095,"Tennessee","Lake County",4,17,68,44,24
050,47,095,"Tennessee","Lake County",4,18,66,47,19
050,47,095,"Tennessee","Lake County",4,19,60,44,16
050,47,095,"Tennessee","Lake County",4,20,93,75,18
050,47,095,"Tennessee","Lake County",4,21,97,77,20
050,47,095,"Tennessee","Lake County",4,22,99,74,25
050,47,095,"Tennessee","Lake County",4,23,110,82,28
050,47,095,"Tennessee","Lake County",4,24,120,88,32
050,47,095,"Tennessee","Lake County",4,25,119,80,39
050,47,095,"Tennessee","Lake County",4,26,117,94,23
050,47,095,"Tennessee","Lake County",4,27,118,99,19
050,47,095,"Tennessee","Lake County",4,28,125,91,34
050,47,095,"Tennessee","Lake County",4,29,115,86,29
050,47,095,"Tennessee","Lake County",4,30,105,72,33
050,47,095,"Tennessee","Lake County",4,31,104,76,28
050,47,095,"Tennessee","Lake County",4,32,111,81,30
050,47,095,"Tennessee","Lake County",4,33,114,85,29
050,47,095,"Tennessee","Lake County",4,34,106,76,30
050,47,095,"Tennessee","Lake County",4,35,79,49,30
050,47,095,"Tennessee","Lake County",4,36,93,68,25
050,47,095,"Tennessee","Lake County",4,37,91,55,36
050,47,095,"Tennessee","Lake County",4,38,100,66,34
050,47,095,"Tennessee","Lake County",4,39,101,70,31
050,47,095,"Tennessee","Lake County",4,40,75,59,16
050,47,095,"Tennessee","Lake County",4,41,74,53,21
050,47,095,"Tennessee","Lake County",4,42,106,70,36
050,47,095,"Tennessee","Lake County",4,43,99,65,34
050,47,095,"Tennessee","Lake County",4,44,84,58,26
050,47,095,"Tennessee","Lake County",4,45,90,62,28
050,47,095,"Tennessee","Lake County",4,46,88,61,27
050,47,095,"Tennessee","Lake County",4,47,90,58,32
050,47,095,"Tennessee","Lake County",4,48,77,46,31
050,47,095,"Tennessee","Lake County",4,49,83,51,32
050,47,095,"Tennessee","Lake County",4,50,105,66,39
050,47,095,"Tennessee","Lake County",4,51,98,48,50
050,47,095,"Tennessee","Lake County",4,52,80,36,44
050,47,095,"Tennessee","Lake County",4,53,80,46,34
050,47,095,"Tennessee","Lake County",4,54,91,59,32
050,47,095,"Tennessee","Lake County",4,55,93,53,40
050,47,095,"Tennessee","Lake County",4,56,83,44,39
050,47,095,"Tennessee","Lake County",4,57,92,50,42
050,47,095,"Tennessee","Lake County",4,58,76,46,30
050,47,095,"Tennessee","Lake County",4,59,84,50,34
050,47,095,"Tennessee","Lake County",4,60,103,65,38
050,47,095,"Tennessee","Lake County",4,61,69,37,32
050,47,095,"Tennessee","Lake County",4,62,71,34,37
050,47,095,"Tennessee","Lake County",4,63,79,43,36
050,47,095,"Tennessee","Lake County",4,64,68,39,29
050,47,095,"Tennessee","Lake County",4,65,94,51,43
050,47,095,"Tennessee","Lake County",4,66,88,42,46
050,47,095,"Tennessee","Lake County",4,67,71,35,36
050,47,095,"Tennessee","Lake County",4,68,75,42,33
050,47,095,"Tennessee","Lake County",4,69,66,32,34
050,47,095,"Tennessee","Lake County",4,70,63,27,36
050,47,095,"Tennessee","Lake County",4,71,48,20,28
050,47,095,"Tennessee","Lake County",4,72,56,27,29
050,47,095,"Tennessee","Lake County",4,73,57,27,30
050,47,095,"Tennessee","Lake County",4,74,48,24,24
050,47,095,"Tennessee","Lake County",4,75,52,17,35
050,47,095,"Tennessee","Lake County",4,76,39,14,25
050,47,095,"Tennessee","Lake County",4,77,38,17,21
050,47,095,"Tennessee","Lake County",4,78,29,14,15
050,47,095,"Tennessee","Lake County",4,79,42,17,25
050,47,095,"Tennessee","Lake County",4,80,26,9,17
050,47,095,"Tennessee","Lake County",4,81,23,11,12
050,47,095,"Tennessee","Lake County",4,82,25,14,11
050,47,095,"Tennessee","Lake County",4,83,25,9,16
050,47,095,"Tennessee","Lake County",4,84,18,4,14
050,47,095,"Tennessee","Lake County",4,85,130,36,94
050,47,095,"Tennessee","Lake County",5,0,62,33,29
050,47,095,"Tennessee","Lake County",5,1,61,37,24
050,47,095,"Tennessee","Lake County",5,2,58,21,37
050,47,095,"Tennessee","Lake County",5,3,51,24,27
050,47,095,"Tennessee","Lake County",5,4,48,24,24
050,47,095,"Tennessee","Lake County",5,5,48,20,28
050,47,095,"Tennessee","Lake County",5,6,42,19,23
050,47,095,"Tennessee","Lake County",5,7,59,32,27
050,47,095,"Tennessee","Lake County",5,8,65,31,34
050,47,095,"Tennessee","Lake County",5,9,45,21,24
050,47,095,"Tennessee","Lake County",5,10,46,24,22
050,47,095,"Tennessee","Lake County",5,11,55,32,23
050,47,095,"Tennessee","Lake County",5,12,57,29,28
050,47,095,"Tennessee","Lake County",5,13,50,26,24
050,47,095,"Tennessee","Lake County",5,14,55,23,32
050,47,095,"Tennessee","Lake County",5,15,50,23,27
050,47,095,"Tennessee","Lake County",5,16,61,29,32
050,47,095,"Tennessee","Lake County",5,17,72,46,26
050,47,095,"Tennessee","Lake County",5,18,63,44,19
050,47,095,"Tennessee","Lake County",5,19,57,43,14
050,47,095,"Tennessee","Lake County",5,20,92,72,20
050,47,095,"Tennessee","Lake County",5,21,89,75,14
050,47,095,"Tennessee","Lake County",5,22,99,76,23
050,47,095,"Tennessee","Lake County",5,23,108,81,27
050,47,095,"Tennessee","Lake County",5,24,109,81,28
050,47,095,"Tennessee","Lake County",5,25,113,84,29
050,47,095,"Tennessee","Lake County",5,26,120,87,33
050,47,095,"Tennessee","Lake County",5,27,120,99,21
050,47,095,"Tennessee","Lake County",5,28,112,93,19
050,47,095,"Tennessee","Lake County",5,29,121,92,29
050,47,095,"Tennessee","Lake County",5,30,97,68,29
050,47,095,"Tennessee","Lake County",5,31,91,63,28
050,47,095,"Tennessee","Lake County",5,32,114,82,32
050,47,095,"Tennessee","Lake County",5,33,122,92,30
050,47,095,"Tennessee","Lake County",5,34,104,78,26
050,47,095,"Tennessee","Lake County",5,35,86,55,31
050,47,095,"Tennessee","Lake County",5,36,90,62,28
050,47,095,"Tennessee","Lake County",5,37,84,59,25
050,47,095,"Tennessee","Lake County",5,38,91,60,31
050,47,095,"Tennessee","Lake County",5,39,102,67,35
050,47,095,"Tennessee","Lake County",5,40,101,70,31
050,47,095,"Tennessee","Lake County",5,41,62,46,16
050,47,095,"Tennessee","Lake County",5,42,84,62,22
050,47,095,"Tennessee","Lake County",5,43,101,69,32
050,47,095,"Tennessee","Lake County",5,44,83,53,30
050,47,095,"Tennessee","Lake County",5,45,86,59,27
050,47,095,"Tennessee","Lake County",5,46,94,64,30
050,47,095,"Tennessee","Lake County",5,47,82,54,28
050,47,095,"Tennessee","Lake County",5,48,80,48,32
050,47,095,"Tennessee","Lake County",5,49,74,46,28
050,47,095,"Tennessee","Lake County",5,50,90,61,29
050,47,095,"Tennessee","Lake County",5,51,101,62,39
050,47,095,"Tennessee","Lake County",5,52,88,42,46
050,47,095,"Tennessee","Lake County",5,53,84,40,44
050,47,095,"Tennessee","Lake County",5,54,81,47,34
050,47,095,"Tennessee","Lake County",5,55,84,50,34
050,47,095,"Tennessee","Lake County",5,56,86,48,38
050,47,095,"Tennessee","Lake County",5,57,83,43,40
050,47,095,"Tennessee","Lake County",5,58,85,44,41
050,47,095,"Tennessee","Lake County",5,59,77,47,30
050,47,095,"Tennessee","Lake County",5,60,87,52,35
050,47,095,"Tennessee","Lake County",5,61,88,54,34
050,47,095,"Tennessee","Lake County",5,62,66,34,32
050,47,095,"Tennessee","Lake County",5,63,78,41,37
050,47,095,"Tennessee","Lake County",5,64,69,34,35
050,47,095,"Tennessee","Lake County",5,65,73,45,28
050,47,095,"Tennessee","Lake County",5,66,95,51,44
050,47,095,"Tennessee","Lake County",5,67,84,41,43
050,47,095,"Tennessee","Lake County",5,68,69,36,33
050,47,095,"Tennessee","Lake County",5,69,61,32,29
050,47,095,"Tennessee","Lake County",5,70,62,33,29
050,47,095,"Tennessee","Lake County",5,71,58,20,38
050,47,095,"Tennessee","Lake County",5,72,46,21,25
050,47,095,"Tennessee","Lake County",5,73,54,27,27
050,47,095,"Tennessee","Lake County",5,74,51,24,27
050,47,095,"Tennessee","Lake County",5,75,43,20,23
050,47,095,"Tennessee","Lake County",5,76,44,10,34
050,47,095,"Tennessee","Lake County",5,77,36,13,23
050,47,095,"Tennessee","Lake County",5,78,31,13,18
050,47,095,"Tennessee","Lake County",5,79,30,16,14
050,47,095,"Tennessee","Lake County",5,80,34,10,24
050,47,095,"Tennessee","Lake County",5,81,25,10,15
050,47,095,"Tennessee","Lake County",5,82,18,7,11
050,47,095,"Tennessee","Lake County",5,83,23,9,14
050,47,095,"Tennessee","Lake County",5,84,21,8,13
050,47,095,"Tennessee","Lake County",5,85,126,33,93
050,47,097,"Tennessee","Lauderdale County",1,0,266,136,130
050,47,097,"Tennessee","Lauderdale County",1,1,264,132,132
050,47,097,"Tennessee","Lauderdale County",1,2,307,160,147
050,47,097,"Tennessee","Lauderdale County",1,3,323,173,150
050,47,097,"Tennessee","Lauderdale County",1,4,302,155,147
050,47,097,"Tennessee","Lauderdale County",1,5,280,120,160
050,47,097,"Tennessee","Lauderdale County",1,6,274,134,140
050,47,097,"Tennessee","Lauderdale County",1,7,291,152,139
050,47,097,"Tennessee","Lauderdale County",1,8,298,158,140
050,47,097,"Tennessee","Lauderdale County",1,9,303,155,148
050,47,097,"Tennessee","Lauderdale County",1,10,316,155,161
050,47,097,"Tennessee","Lauderdale County",1,11,336,168,168
050,47,097,"Tennessee","Lauderdale County",1,12,350,184,166
050,47,097,"Tennessee","Lauderdale County",1,13,349,181,168
050,47,097,"Tennessee","Lauderdale County",1,14,339,172,167
050,47,097,"Tennessee","Lauderdale County",1,15,319,161,158
050,47,097,"Tennessee","Lauderdale County",1,16,342,183,159
050,47,097,"Tennessee","Lauderdale County",1,17,341,187,154
050,47,097,"Tennessee","Lauderdale County",1,18,315,174,141
050,47,097,"Tennessee","Lauderdale County",1,19,273,156,117
050,47,097,"Tennessee","Lauderdale County",1,20,308,182,126
050,47,097,"Tennessee","Lauderdale County",1,21,327,201,126
050,47,097,"Tennessee","Lauderdale County",1,22,327,204,123
050,47,097,"Tennessee","Lauderdale County",1,23,322,195,127
050,47,097,"Tennessee","Lauderdale County",1,24,333,191,142
050,47,097,"Tennessee","Lauderdale County",1,25,365,220,145
050,47,097,"Tennessee","Lauderdale County",1,26,359,206,153
050,47,097,"Tennessee","Lauderdale County",1,27,347,204,143
050,47,097,"Tennessee","Lauderdale County",1,28,345,202,143
050,47,097,"Tennessee","Lauderdale County",1,29,368,219,149
050,47,097,"Tennessee","Lauderdale County",1,30,399,236,163
050,47,097,"Tennessee","Lauderdale County",1,31,344,199,145
050,47,097,"Tennessee","Lauderdale County",1,32,309,182,127
050,47,097,"Tennessee","Lauderdale County",1,33,282,176,106
050,47,097,"Tennessee","Lauderdale County",1,34,282,154,128
050,47,097,"Tennessee","Lauderdale County",1,35,329,183,146
050,47,097,"Tennessee","Lauderdale County",1,36,322,186,136
050,47,097,"Tennessee","Lauderdale County",1,37,349,200,149
050,47,097,"Tennessee","Lauderdale County",1,38,333,182,151
050,47,097,"Tennessee","Lauderdale County",1,39,344,197,147
050,47,097,"Tennessee","Lauderdale County",1,40,372,206,166
050,47,097,"Tennessee","Lauderdale County",1,41,325,177,148
050,47,097,"Tennessee","Lauderdale County",1,42,318,169,149
050,47,097,"Tennessee","Lauderdale County",1,43,305,167,138
050,47,097,"Tennessee","Lauderdale County",1,44,295,159,136
050,47,097,"Tennessee","Lauderdale County",1,45,294,158,136
050,47,097,"Tennessee","Lauderdale County",1,46,275,143,132
050,47,097,"Tennessee","Lauderdale County",1,47,312,163,149
050,47,097,"Tennessee","Lauderdale County",1,48,326,157,169
050,47,097,"Tennessee","Lauderdale County",1,49,354,185,169
050,47,097,"Tennessee","Lauderdale County",1,50,339,187,152
050,47,097,"Tennessee","Lauderdale County",1,51,318,170,148
050,47,097,"Tennessee","Lauderdale County",1,52,315,164,151
050,47,097,"Tennessee","Lauderdale County",1,53,323,183,140
050,47,097,"Tennessee","Lauderdale County",1,54,353,187,166
050,47,097,"Tennessee","Lauderdale County",1,55,368,180,188
050,47,097,"Tennessee","Lauderdale County",1,56,380,189,191
050,47,097,"Tennessee","Lauderdale County",1,57,345,174,171
050,47,097,"Tennessee","Lauderdale County",1,58,375,178,197
050,47,097,"Tennessee","Lauderdale County",1,59,346,157,189
050,47,097,"Tennessee","Lauderdale County",1,60,320,143,177
050,47,097,"Tennessee","Lauderdale County",1,61,314,153,161
050,47,097,"Tennessee","Lauderdale County",1,62,320,153,167
050,47,097,"Tennessee","Lauderdale County",1,63,327,153,174
050,47,097,"Tennessee","Lauderdale County",1,64,304,148,156
050,47,097,"Tennessee","Lauderdale County",1,65,294,144,150
050,47,097,"Tennessee","Lauderdale County",1,66,296,143,153
050,47,097,"Tennessee","Lauderdale County",1,67,262,123,139
050,47,097,"Tennessee","Lauderdale County",1,68,259,115,144
050,47,097,"Tennessee","Lauderdale County",1,69,240,102,138
050,47,097,"Tennessee","Lauderdale County",1,70,232,102,130
050,47,097,"Tennessee","Lauderdale County",1,71,232,100,132
050,47,097,"Tennessee","Lauderdale County",1,72,236,115,121
050,47,097,"Tennessee","Lauderdale County",1,73,238,118,120
050,47,097,"Tennessee","Lauderdale County",1,74,179,77,102
050,47,097,"Tennessee","Lauderdale County",1,75,177,83,94
050,47,097,"Tennessee","Lauderdale County",1,76,164,77,87
050,47,097,"Tennessee","Lauderdale County",1,77,172,78,94
050,47,097,"Tennessee","Lauderdale County",1,78,153,77,76
050,47,097,"Tennessee","Lauderdale County",1,79,115,52,63
050,47,097,"Tennessee","Lauderdale County",1,80,101,43,58
050,47,097,"Tennessee","Lauderdale County",1,81,90,39,51
050,47,097,"Tennessee","Lauderdale County",1,82,96,33,63
050,47,097,"Tennessee","Lauderdale County",1,83,85,29,56
050,47,097,"Tennessee","Lauderdale County",1,84,82,33,49
050,47,097,"Tennessee","Lauderdale County",1,85,331,107,224
050,47,097,"Tennessee","Lauderdale County",2,0,283,155,128
050,47,097,"Tennessee","Lauderdale County",2,1,268,134,134
050,47,097,"Tennessee","Lauderdale County",2,2,298,154,144
050,47,097,"Tennessee","Lauderdale County",2,3,318,169,149
050,47,097,"Tennessee","Lauderdale County",2,4,305,158,147
050,47,097,"Tennessee","Lauderdale County",2,5,286,128,158
050,47,097,"Tennessee","Lauderdale County",2,6,277,131,146
050,47,097,"Tennessee","Lauderdale County",2,7,288,148,140
050,47,097,"Tennessee","Lauderdale County",2,8,296,156,140
050,47,097,"Tennessee","Lauderdale County",2,9,302,155,147
050,47,097,"Tennessee","Lauderdale County",2,10,312,154,158
050,47,097,"Tennessee","Lauderdale County",2,11,331,166,165
050,47,097,"Tennessee","Lauderdale County",2,12,348,181,167
050,47,097,"Tennessee","Lauderdale County",2,13,346,181,165
050,47,097,"Tennessee","Lauderdale County",2,14,340,173,167
050,47,097,"Tennessee","Lauderdale County",2,15,322,164,158
050,47,097,"Tennessee","Lauderdale County",2,16,338,179,159
050,47,097,"Tennessee","Lauderdale County",2,17,337,185,152
050,47,097,"Tennessee","Lauderdale County",2,18,309,172,137
050,47,097,"Tennessee","Lauderdale County",2,19,276,158,118
050,47,097,"Tennessee","Lauderdale County",2,20,312,185,127
050,47,097,"Tennessee","Lauderdale County",2,21,323,198,125
050,47,097,"Tennessee","Lauderdale County",2,22,338,212,126
050,47,097,"Tennessee","Lauderdale County",2,23,324,196,128
050,47,097,"Tennessee","Lauderdale County",2,24,328,191,137
050,47,097,"Tennessee","Lauderdale County",2,25,360,215,145
050,47,097,"Tennessee","Lauderdale County",2,26,358,206,152
050,47,097,"Tennessee","Lauderdale County",2,27,355,209,146
050,47,097,"Tennessee","Lauderdale County",2,28,347,203,144
050,47,097,"Tennessee","Lauderdale County",2,29,367,218,149
050,47,097,"Tennessee","Lauderdale County",2,30,391,231,160
050,47,097,"Tennessee","Lauderdale County",2,31,351,203,148
050,47,097,"Tennessee","Lauderdale County",2,32,314,185,129
050,47,097,"Tennessee","Lauderdale County",2,33,284,174,110
050,47,097,"Tennessee","Lauderdale County",2,34,281,156,125
050,47,097,"Tennessee","Lauderdale County",2,35,321,177,144
050,47,097,"Tennessee","Lauderdale County",2,36,320,183,137
050,47,097,"Tennessee","Lauderdale County",2,37,342,196,146
050,47,097,"Tennessee","Lauderdale County",2,38,335,184,151
050,47,097,"Tennessee","Lauderdale County",2,39,339,192,147
050,47,097,"Tennessee","Lauderdale County",2,40,366,205,161
050,47,097,"Tennessee","Lauderdale County",2,41,332,182,150
050,47,097,"Tennessee","Lauderdale County",2,42,314,167,147
050,47,097,"Tennessee","Lauderdale County",2,43,311,170,141
050,47,097,"Tennessee","Lauderdale County",2,44,297,162,135
050,47,097,"Tennessee","Lauderdale County",2,45,293,158,135
050,47,097,"Tennessee","Lauderdale County",2,46,274,142,132
050,47,097,"Tennessee","Lauderdale County",2,47,306,161,145
050,47,097,"Tennessee","Lauderdale County",2,48,320,157,163
050,47,097,"Tennessee","Lauderdale County",2,49,348,179,169
050,47,097,"Tennessee","Lauderdale County",2,50,340,185,155
050,47,097,"Tennessee","Lauderdale County",2,51,322,172,150
050,47,097,"Tennessee","Lauderdale County",2,52,314,163,151
050,47,097,"Tennessee","Lauderdale County",2,53,319,177,142
050,47,097,"Tennessee","Lauderdale County",2,54,344,184,160
050,47,097,"Tennessee","Lauderdale County",2,55,365,181,184
050,47,097,"Tennessee","Lauderdale County",2,56,381,191,190
050,47,097,"Tennessee","Lauderdale County",2,57,351,176,175
050,47,097,"Tennessee","Lauderdale County",2,58,366,174,192
050,47,097,"Tennessee","Lauderdale County",2,59,356,164,192
050,47,097,"Tennessee","Lauderdale County",2,60,326,147,179
050,47,097,"Tennessee","Lauderdale County",2,61,314,150,164
050,47,097,"Tennessee","Lauderdale County",2,62,315,151,164
050,47,097,"Tennessee","Lauderdale County",2,63,328,154,174
050,47,097,"Tennessee","Lauderdale County",2,64,305,147,158
050,47,097,"Tennessee","Lauderdale County",2,65,296,144,152
050,47,097,"Tennessee","Lauderdale County",2,66,294,142,152
050,47,097,"Tennessee","Lauderdale County",2,67,267,125,142
050,47,097,"Tennessee","Lauderdale County",2,68,257,113,144
050,47,097,"Tennessee","Lauderdale County",2,69,244,104,140
050,47,097,"Tennessee","Lauderdale County",2,70,232,103,129
050,47,097,"Tennessee","Lauderdale County",2,71,229,101,128
050,47,097,"Tennessee","Lauderdale County",2,72,229,108,121
050,47,097,"Tennessee","Lauderdale County",2,73,245,120,125
050,47,097,"Tennessee","Lauderdale County",2,74,181,80,101
050,47,097,"Tennessee","Lauderdale County",2,75,175,82,93
050,47,097,"Tennessee","Lauderdale County",2,76,164,78,86
050,47,097,"Tennessee","Lauderdale County",2,77,174,79,95
050,47,097,"Tennessee","Lauderdale County",2,78,153,75,78
050,47,097,"Tennessee","Lauderdale County",2,79,120,55,65
050,47,097,"Tennessee","Lauderdale County",2,80,103,45,58
050,47,097,"Tennessee","Lauderdale County",2,81,88,39,49
050,47,097,"Tennessee","Lauderdale County",2,82,94,34,60
050,47,097,"Tennessee","Lauderdale County",2,83,86,28,58
050,47,097,"Tennessee","Lauderdale County",2,84,81,31,50
050,47,097,"Tennessee","Lauderdale County",2,85,334,110,224
050,47,097,"Tennessee","Lauderdale County",3,0,272,141,131
050,47,097,"Tennessee","Lauderdale County",3,1,283,152,131
050,47,097,"Tennessee","Lauderdale County",3,2,262,130,132
050,47,097,"Tennessee","Lauderdale County",3,3,296,156,140
050,47,097,"Tennessee","Lauderdale County",3,4,292,151,141
050,47,097,"Tennessee","Lauderdale County",3,5,297,157,140
050,47,097,"Tennessee","Lauderdale County",3,6,295,126,169
050,47,097,"Tennessee","Lauderdale County",3,7,288,132,156
050,47,097,"Tennessee","Lauderdale County",3,8,292,152,140
050,47,097,"Tennessee","Lauderdale County",3,9,278,146,132
050,47,097,"Tennessee","Lauderdale County",3,10,297,151,146
050,47,097,"Tennessee","Lauderdale County",3,11,315,162,153
050,47,097,"Tennessee","Lauderdale County",3,12,346,179,167
050,47,097,"Tennessee","Lauderdale County",3,13,354,180,174
050,47,097,"Tennessee","Lauderdale County",3,14,349,177,172
050,47,097,"Tennessee","Lauderdale County",3,15,351,177,174
050,47,097,"Tennessee","Lauderdale County",3,16,326,158,168
050,47,097,"Tennessee","Lauderdale County",3,17,339,177,162
050,47,097,"Tennessee","Lauderdale County",3,18,293,159,134
050,47,097,"Tennessee","Lauderdale County",3,19,265,151,114
050,47,097,"Tennessee","Lauderdale County",3,20,318,179,139
050,47,097,"Tennessee","Lauderdale County",3,21,324,190,134
050,47,097,"Tennessee","Lauderdale County",3,22,339,208,131
050,47,097,"Tennessee","Lauderdale County",3,23,320,190,130
050,47,097,"Tennessee","Lauderdale County",3,24,314,189,125
050,47,097,"Tennessee","Lauderdale County",3,25,321,182,139
050,47,097,"Tennessee","Lauderdale County",3,26,351,198,153
050,47,097,"Tennessee","Lauderdale County",3,27,347,201,146
050,47,097,"Tennessee","Lauderdale County",3,28,344,198,146
050,47,097,"Tennessee","Lauderdale County",3,29,349,205,144
050,47,097,"Tennessee","Lauderdale County",3,30,354,212,142
050,47,097,"Tennessee","Lauderdale County",3,31,370,217,153
050,47,097,"Tennessee","Lauderdale County",3,32,343,194,149
050,47,097,"Tennessee","Lauderdale County",3,33,298,171,127
050,47,097,"Tennessee","Lauderdale County",3,34,278,153,125
050,47,097,"Tennessee","Lauderdale County",3,35,295,160,135
050,47,097,"Tennessee","Lauderdale County",3,36,326,172,154
050,47,097,"Tennessee","Lauderdale County",3,37,324,187,137
050,47,097,"Tennessee","Lauderdale County",3,38,336,185,151
050,47,097,"Tennessee","Lauderdale County",3,39,332,179,153
050,47,097,"Tennessee","Lauderdale County",3,40,337,184,153
050,47,097,"Tennessee","Lauderdale County",3,41,368,195,173
050,47,097,"Tennessee","Lauderdale County",3,42,316,166,150
050,47,097,"Tennessee","Lauderdale County",3,43,313,167,146
050,47,097,"Tennessee","Lauderdale County",3,44,312,164,148
050,47,097,"Tennessee","Lauderdale County",3,45,298,162,136
050,47,097,"Tennessee","Lauderdale County",3,46,276,143,133
050,47,097,"Tennessee","Lauderdale County",3,47,274,143,131
050,47,097,"Tennessee","Lauderdale County",3,48,288,142,146
050,47,097,"Tennessee","Lauderdale County",3,49,318,153,165
050,47,097,"Tennessee","Lauderdale County",3,50,347,173,174
050,47,097,"Tennessee","Lauderdale County",3,51,325,174,151
050,47,097,"Tennessee","Lauderdale County",3,52,325,167,158
050,47,097,"Tennessee","Lauderdale County",3,53,308,159,149
050,47,097,"Tennessee","Lauderdale County",3,54,312,169,143
050,47,097,"Tennessee","Lauderdale County",3,55,338,176,162
050,47,097,"Tennessee","Lauderdale County",3,56,369,191,178
050,47,097,"Tennessee","Lauderdale County",3,57,375,187,188
050,47,097,"Tennessee","Lauderdale County",3,58,346,170,176
050,47,097,"Tennessee","Lauderdale County",3,59,352,165,187
050,47,097,"Tennessee","Lauderdale County",3,60,345,161,184
050,47,097,"Tennessee","Lauderdale County",3,61,315,136,179
050,47,097,"Tennessee","Lauderdale County",3,62,314,151,163
050,47,097,"Tennessee","Lauderdale County",3,63,318,154,164
050,47,097,"Tennessee","Lauderdale County",3,64,313,140,173
050,47,097,"Tennessee","Lauderdale County",3,65,300,147,153
050,47,097,"Tennessee","Lauderdale County",3,66,287,135,152
050,47,097,"Tennessee","Lauderdale County",3,67,297,142,155
050,47,097,"Tennessee","Lauderdale County",3,68,259,119,140
050,47,097,"Tennessee","Lauderdale County",3,69,245,105,140
050,47,097,"Tennessee","Lauderdale County",3,70,235,101,134
050,47,097,"Tennessee","Lauderdale County",3,71,220,94,126
050,47,097,"Tennessee","Lauderdale County",3,72,220,105,115
050,47,097,"Tennessee","Lauderdale County",3,73,217,101,116
050,47,097,"Tennessee","Lauderdale County",3,74,236,115,121
050,47,097,"Tennessee","Lauderdale County",3,75,168,74,94
050,47,097,"Tennessee","Lauderdale County",3,76,161,74,87
050,47,097,"Tennessee","Lauderdale County",3,77,152,71,81
050,47,097,"Tennessee","Lauderdale County",3,78,164,72,92
050,47,097,"Tennessee","Lauderdale County",3,79,142,66,76
050,47,097,"Tennessee","Lauderdale County",3,80,110,53,57
050,47,097,"Tennessee","Lauderdale County",3,81,98,41,57
050,47,097,"Tennessee","Lauderdale County",3,82,84,36,48
050,47,097,"Tennessee","Lauderdale County",3,83,86,31,55
050,47,097,"Tennessee","Lauderdale County",3,84,79,26,53
050,47,097,"Tennessee","Lauderdale County",3,85,343,118,225
050,47,097,"Tennessee","Lauderdale County",4,0,327,164,163
050,47,097,"Tennessee","Lauderdale County",4,1,264,134,130
050,47,097,"Tennessee","Lauderdale County",4,2,288,159,129
050,47,097,"Tennessee","Lauderdale County",4,3,267,132,135
050,47,097,"Tennessee","Lauderdale County",4,4,287,154,133
050,47,097,"Tennessee","Lauderdale County",4,5,284,151,133
050,47,097,"Tennessee","Lauderdale County",4,6,296,156,140
050,47,097,"Tennessee","Lauderdale County",4,7,300,131,169
050,47,097,"Tennessee","Lauderdale County",4,8,279,127,152
050,47,097,"Tennessee","Lauderdale County",4,9,286,153,133
050,47,097,"Tennessee","Lauderdale County",4,10,287,149,138
050,47,097,"Tennessee","Lauderdale County",4,11,312,160,152
050,47,097,"Tennessee","Lauderdale County",4,12,313,162,151
050,47,097,"Tennessee","Lauderdale County",4,13,344,176,168
050,47,097,"Tennessee","Lauderdale County",4,14,350,181,169
050,47,097,"Tennessee","Lauderdale County",4,15,342,173,169
050,47,097,"Tennessee","Lauderdale County",4,16,343,166,177
050,47,097,"Tennessee","Lauderdale County",4,17,323,155,168
050,47,097,"Tennessee","Lauderdale County",4,18,297,164,133
050,47,097,"Tennessee","Lauderdale County",4,19,239,138,101
050,47,097,"Tennessee","Lauderdale County",4,20,303,181,122
050,47,097,"Tennessee","Lauderdale County",4,21,322,194,128
050,47,097,"Tennessee","Lauderdale County",4,22,354,215,139
050,47,097,"Tennessee","Lauderdale County",4,23,337,201,136
050,47,097,"Tennessee","Lauderdale County",4,24,334,191,143
050,47,097,"Tennessee","Lauderdale County",4,25,328,202,126
050,47,097,"Tennessee","Lauderdale County",4,26,310,177,133
050,47,097,"Tennessee","Lauderdale County",4,27,364,218,146
050,47,097,"Tennessee","Lauderdale County",4,28,337,199,138
050,47,097,"Tennessee","Lauderdale County",4,29,342,203,139
050,47,097,"Tennessee","Lauderdale County",4,30,358,209,149
050,47,097,"Tennessee","Lauderdale County",4,31,343,203,140
050,47,097,"Tennessee","Lauderdale County",4,32,370,216,154
050,47,097,"Tennessee","Lauderdale County",4,33,329,189,140
050,47,097,"Tennessee","Lauderdale County",4,34,288,163,125
050,47,097,"Tennessee","Lauderdale County",4,35,290,163,127
050,47,097,"Tennessee","Lauderdale County",4,36,299,161,138
050,47,097,"Tennessee","Lauderdale County",4,37,325,175,150
050,47,097,"Tennessee","Lauderdale County",4,38,328,191,137
050,47,097,"Tennessee","Lauderdale County",4,39,339,192,147
050,47,097,"Tennessee","Lauderdale County",4,40,331,183,148
050,47,097,"Tennessee","Lauderdale County",4,41,326,176,150
050,47,097,"Tennessee","Lauderdale County",4,42,350,180,170
050,47,097,"Tennessee","Lauderdale County",4,43,327,175,152
050,47,097,"Tennessee","Lauderdale County",4,44,314,171,143
050,47,097,"Tennessee","Lauderdale County",4,45,301,164,137
050,47,097,"Tennessee","Lauderdale County",4,46,284,153,131
050,47,097,"Tennessee","Lauderdale County",4,47,283,150,133
050,47,097,"Tennessee","Lauderdale County",4,48,256,127,129
050,47,097,"Tennessee","Lauderdale County",4,49,292,148,144
050,47,097,"Tennessee","Lauderdale County",4,50,306,141,165
050,47,097,"Tennessee","Lauderdale County",4,51,350,168,182
050,47,097,"Tennessee","Lauderdale County",4,52,327,176,151
050,47,097,"Tennessee","Lauderdale County",4,53,312,159,153
050,47,097,"Tennessee","Lauderdale County",4,54,301,152,149
050,47,097,"Tennessee","Lauderdale County",4,55,306,164,142
050,47,097,"Tennessee","Lauderdale County",4,56,348,192,156
050,47,097,"Tennessee","Lauderdale County",4,57,358,178,180
050,47,097,"Tennessee","Lauderdale County",4,58,359,178,181
050,47,097,"Tennessee","Lauderdale County",4,59,340,163,177
050,47,097,"Tennessee","Lauderdale County",4,60,350,165,185
050,47,097,"Tennessee","Lauderdale County",4,61,341,153,188
050,47,097,"Tennessee","Lauderdale County",4,62,314,135,179
050,47,097,"Tennessee","Lauderdale County",4,63,315,155,160
050,47,097,"Tennessee","Lauderdale County",4,64,302,141,161
050,47,097,"Tennessee","Lauderdale County",4,65,306,142,164
050,47,097,"Tennessee","Lauderdale County",4,66,295,143,152
050,47,097,"Tennessee","Lauderdale County",4,67,284,133,151
050,47,097,"Tennessee","Lauderdale County",4,68,285,137,148
050,47,097,"Tennessee","Lauderdale County",4,69,248,119,129
050,47,097,"Tennessee","Lauderdale County",4,70,237,102,135
050,47,097,"Tennessee","Lauderdale County",4,71,219,95,124
050,47,097,"Tennessee","Lauderdale County",4,72,215,93,122
050,47,097,"Tennessee","Lauderdale County",4,73,211,103,108
050,47,097,"Tennessee","Lauderdale County",4,74,206,94,112
050,47,097,"Tennessee","Lauderdale County",4,75,220,108,112
050,47,097,"Tennessee","Lauderdale County",4,76,157,72,85
050,47,097,"Tennessee","Lauderdale County",4,77,152,70,82
050,47,097,"Tennessee","Lauderdale County",4,78,140,64,76
050,47,097,"Tennessee","Lauderdale County",4,79,155,66,89
050,47,097,"Tennessee","Lauderdale County",4,80,124,59,65
050,47,097,"Tennessee","Lauderdale County",4,81,96,41,55
050,47,097,"Tennessee","Lauderdale County",4,82,93,39,54
050,47,097,"Tennessee","Lauderdale County",4,83,69,31,38
050,47,097,"Tennessee","Lauderdale County",4,84,73,26,47
050,47,097,"Tennessee","Lauderdale County",4,85,335,117,218
050,47,097,"Tennessee","Lauderdale County",5,0,330,166,164
050,47,097,"Tennessee","Lauderdale County",5,1,313,153,160
050,47,097,"Tennessee","Lauderdale County",5,2,258,138,120
050,47,097,"Tennessee","Lauderdale County",5,3,291,152,139
050,47,097,"Tennessee","Lauderdale County",5,4,268,133,135
050,47,097,"Tennessee","Lauderdale County",5,5,273,141,132
050,47,097,"Tennessee","Lauderdale County",5,6,276,155,121
050,47,097,"Tennessee","Lauderdale County",5,7,307,162,145
050,47,097,"Tennessee","Lauderdale County",5,8,304,132,172
050,47,097,"Tennessee","Lauderdale County",5,9,274,132,142
050,47,097,"Tennessee","Lauderdale County",5,10,280,147,133
050,47,097,"Tennessee","Lauderdale County",5,11,284,153,131
050,47,097,"Tennessee","Lauderdale County",5,12,308,160,148
050,47,097,"Tennessee","Lauderdale County",5,13,307,156,151
050,47,097,"Tennessee","Lauderdale County",5,14,345,181,164
050,47,097,"Tennessee","Lauderdale County",5,15,347,176,171
050,47,097,"Tennessee","Lauderdale County",5,16,341,176,165
050,47,097,"Tennessee","Lauderdale County",5,17,335,164,171
050,47,097,"Tennessee","Lauderdale County",5,18,278,145,133
050,47,097,"Tennessee","Lauderdale County",5,19,245,138,107
050,47,097,"Tennessee","Lauderdale County",5,20,273,169,104
050,47,097,"Tennessee","Lauderdale County",5,21,317,192,125
050,47,097,"Tennessee","Lauderdale County",5,22,346,209,137
050,47,097,"Tennessee","Lauderdale County",5,23,371,213,158
050,47,097,"Tennessee","Lauderdale County",5,24,350,212,138
050,47,097,"Tennessee","Lauderdale County",5,25,335,192,143
050,47,097,"Tennessee","Lauderdale County",5,26,320,187,133
050,47,097,"Tennessee","Lauderdale County",5,27,321,188,133
050,47,097,"Tennessee","Lauderdale County",5,28,344,196,148
050,47,097,"Tennessee","Lauderdale County",5,29,330,194,136
050,47,097,"Tennessee","Lauderdale County",5,30,342,203,139
050,47,097,"Tennessee","Lauderdale County",5,31,356,205,151
050,47,097,"Tennessee","Lauderdale County",5,32,343,197,146
050,47,097,"Tennessee","Lauderdale County",5,33,362,205,157
050,47,097,"Tennessee","Lauderdale County",5,34,322,178,144
050,47,097,"Tennessee","Lauderdale County",5,35,293,165,128
050,47,097,"Tennessee","Lauderdale County",5,36,287,164,123
050,47,097,"Tennessee","Lauderdale County",5,37,297,160,137
050,47,097,"Tennessee","Lauderdale County",5,38,317,168,149
050,47,097,"Tennessee","Lauderdale County",5,39,319,195,124
050,47,097,"Tennessee","Lauderdale County",5,40,331,184,147
050,47,097,"Tennessee","Lauderdale County",5,41,324,177,147
050,47,097,"Tennessee","Lauderdale County",5,42,308,164,144
050,47,097,"Tennessee","Lauderdale County",5,43,353,185,168
050,47,097,"Tennessee","Lauderdale County",5,44,321,173,148
050,47,097,"Tennessee","Lauderdale County",5,45,304,163,141
050,47,097,"Tennessee","Lauderdale County",5,46,287,151,136
050,47,097,"Tennessee","Lauderdale County",5,47,296,163,133
050,47,097,"Tennessee","Lauderdale County",5,48,284,141,143
050,47,097,"Tennessee","Lauderdale County",5,49,266,130,136
050,47,097,"Tennessee","Lauderdale County",5,50,277,138,139
050,47,097,"Tennessee","Lauderdale County",5,51,300,139,161
050,47,097,"Tennessee","Lauderdale County",5,52,342,162,180
050,47,097,"Tennessee","Lauderdale County",5,53,325,172,153
050,47,097,"Tennessee","Lauderdale County",5,54,301,148,153
050,47,097,"Tennessee","Lauderdale County",5,55,285,143,142
050,47,097,"Tennessee","Lauderdale County",5,56,324,175,149
050,47,097,"Tennessee","Lauderdale County",5,57,332,175,157
050,47,097,"Tennessee","Lauderdale County",5,58,358,180,178
050,47,097,"Tennessee","Lauderdale County",5,59,352,173,179
050,47,097,"Tennessee","Lauderdale County",5,60,328,154,174
050,47,097,"Tennessee","Lauderdale County",5,61,345,166,179
050,47,097,"Tennessee","Lauderdale County",5,62,340,150,190
050,47,097,"Tennessee","Lauderdale County",5,63,309,137,172
050,47,097,"Tennessee","Lauderdale County",5,64,301,147,154
050,47,097,"Tennessee","Lauderdale County",5,65,298,140,158
050,47,097,"Tennessee","Lauderdale County",5,66,296,136,160
050,47,097,"Tennessee","Lauderdale County",5,67,294,139,155
050,47,097,"Tennessee","Lauderdale County",5,68,276,127,149
050,47,097,"Tennessee","Lauderdale County",5,69,277,137,140
050,47,097,"Tennessee","Lauderdale County",5,70,239,112,127
050,47,097,"Tennessee","Lauderdale County",5,71,227,98,129
050,47,097,"Tennessee","Lauderdale County",5,72,218,95,123
050,47,097,"Tennessee","Lauderdale County",5,73,206,86,120
050,47,097,"Tennessee","Lauderdale County",5,74,202,96,106
050,47,097,"Tennessee","Lauderdale County",5,75,195,85,110
050,47,097,"Tennessee","Lauderdale County",5,76,204,101,103
050,47,097,"Tennessee","Lauderdale County",5,77,150,68,82
050,47,097,"Tennessee","Lauderdale County",5,78,144,65,79
050,47,097,"Tennessee","Lauderdale County",5,79,135,58,77
050,47,097,"Tennessee","Lauderdale County",5,80,143,64,79
050,47,097,"Tennessee","Lauderdale County",5,81,115,51,64
050,47,097,"Tennessee","Lauderdale County",5,82,94,38,56
050,47,097,"Tennessee","Lauderdale County",5,83,82,33,49
050,47,097,"Tennessee","Lauderdale County",5,84,63,29,34
050,47,097,"Tennessee","Lauderdale County",5,85,350,123,227
050,47,099,"Tennessee","Lawrence County",1,0,552,283,269
050,47,099,"Tennessee","Lawrence County",1,1,561,300,261
050,47,099,"Tennessee","Lawrence County",1,2,570,306,264
050,47,099,"Tennessee","Lawrence County",1,3,585,322,263
050,47,099,"Tennessee","Lawrence County",1,4,605,300,305
050,47,099,"Tennessee","Lawrence County",1,5,599,285,314
050,47,099,"Tennessee","Lawrence County",1,6,614,306,308
050,47,099,"Tennessee","Lawrence County",1,7,631,333,298
050,47,099,"Tennessee","Lawrence County",1,8,621,321,300
050,47,099,"Tennessee","Lawrence County",1,9,611,310,301
050,47,099,"Tennessee","Lawrence County",1,10,604,323,281
050,47,099,"Tennessee","Lawrence County",1,11,663,358,305
050,47,099,"Tennessee","Lawrence County",1,12,659,349,310
050,47,099,"Tennessee","Lawrence County",1,13,646,349,297
050,47,099,"Tennessee","Lawrence County",1,14,627,329,298
050,47,099,"Tennessee","Lawrence County",1,15,618,311,307
050,47,099,"Tennessee","Lawrence County",1,16,652,322,330
050,47,099,"Tennessee","Lawrence County",1,17,673,338,335
050,47,099,"Tennessee","Lawrence County",1,18,537,283,254
050,47,099,"Tennessee","Lawrence County",1,19,438,229,209
050,47,099,"Tennessee","Lawrence County",1,20,423,224,199
050,47,099,"Tennessee","Lawrence County",1,21,454,241,213
050,47,099,"Tennessee","Lawrence County",1,22,468,247,221
050,47,099,"Tennessee","Lawrence County",1,23,467,243,224
050,47,099,"Tennessee","Lawrence County",1,24,476,253,223
050,47,099,"Tennessee","Lawrence County",1,25,527,260,267
050,47,099,"Tennessee","Lawrence County",1,26,510,255,255
050,47,099,"Tennessee","Lawrence County",1,27,541,258,283
050,47,099,"Tennessee","Lawrence County",1,28,565,274,291
050,47,099,"Tennessee","Lawrence County",1,29,605,287,318
050,47,099,"Tennessee","Lawrence County",1,30,563,277,286
050,47,099,"Tennessee","Lawrence County",1,31,595,295,300
050,47,099,"Tennessee","Lawrence County",1,32,536,260,276
050,47,099,"Tennessee","Lawrence County",1,33,504,248,256
050,47,099,"Tennessee","Lawrence County",1,34,491,250,241
050,47,099,"Tennessee","Lawrence County",1,35,489,245,244
050,47,099,"Tennessee","Lawrence County",1,36,486,249,237
050,47,099,"Tennessee","Lawrence County",1,37,510,262,248
050,47,099,"Tennessee","Lawrence County",1,38,509,255,254
050,47,099,"Tennessee","Lawrence County",1,39,516,257,259
050,47,099,"Tennessee","Lawrence County",1,40,513,252,261
050,47,099,"Tennessee","Lawrence County",1,41,528,269,259
050,47,099,"Tennessee","Lawrence County",1,42,514,248,266
050,47,099,"Tennessee","Lawrence County",1,43,478,239,239
050,47,099,"Tennessee","Lawrence County",1,44,490,234,256
050,47,099,"Tennessee","Lawrence County",1,45,516,260,256
050,47,099,"Tennessee","Lawrence County",1,46,511,251,260
050,47,099,"Tennessee","Lawrence County",1,47,499,244,255
050,47,099,"Tennessee","Lawrence County",1,48,560,264,296
050,47,099,"Tennessee","Lawrence County",1,49,621,317,304
050,47,099,"Tennessee","Lawrence County",1,50,632,324,308
050,47,099,"Tennessee","Lawrence County",1,51,597,289,308
050,47,099,"Tennessee","Lawrence County",1,52,537,279,258
050,47,099,"Tennessee","Lawrence County",1,53,580,290,290
050,47,099,"Tennessee","Lawrence County",1,54,619,316,303
050,47,099,"Tennessee","Lawrence County",1,55,630,317,313
050,47,099,"Tennessee","Lawrence County",1,56,616,323,293
050,47,099,"Tennessee","Lawrence County",1,57,590,293,297
050,47,099,"Tennessee","Lawrence County",1,58,596,304,292
050,47,099,"Tennessee","Lawrence County",1,59,588,288,300
050,47,099,"Tennessee","Lawrence County",1,60,604,309,295
050,47,099,"Tennessee","Lawrence County",1,61,603,297,306
050,47,099,"Tennessee","Lawrence County",1,62,555,261,294
050,47,099,"Tennessee","Lawrence County",1,63,536,251,285
050,47,099,"Tennessee","Lawrence County",1,64,534,246,288
050,47,099,"Tennessee","Lawrence County",1,65,509,242,267
050,47,099,"Tennessee","Lawrence County",1,66,530,263,267
050,47,099,"Tennessee","Lawrence County",1,67,522,256,266
050,47,099,"Tennessee","Lawrence County",1,68,465,224,241
050,47,099,"Tennessee","Lawrence County",1,69,430,206,224
050,47,099,"Tennessee","Lawrence County",1,70,425,198,227
050,47,099,"Tennessee","Lawrence County",1,71,447,226,221
050,47,099,"Tennessee","Lawrence County",1,72,443,205,238
050,47,099,"Tennessee","Lawrence County",1,73,441,213,228
050,47,099,"Tennessee","Lawrence County",1,74,312,143,169
050,47,099,"Tennessee","Lawrence County",1,75,332,159,173
050,47,099,"Tennessee","Lawrence County",1,76,341,164,177
050,47,099,"Tennessee","Lawrence County",1,77,326,150,176
050,47,099,"Tennessee","Lawrence County",1,78,285,127,158
050,47,099,"Tennessee","Lawrence County",1,79,245,113,132
050,47,099,"Tennessee","Lawrence County",1,80,231,108,123
050,47,099,"Tennessee","Lawrence County",1,81,221,87,134
050,47,099,"Tennessee","Lawrence County",1,82,181,73,108
050,47,099,"Tennessee","Lawrence County",1,83,166,63,103
050,47,099,"Tennessee","Lawrence County",1,84,160,71,89
050,47,099,"Tennessee","Lawrence County",1,85,800,243,557
050,47,099,"Tennessee","Lawrence County",2,0,521,272,249
050,47,099,"Tennessee","Lawrence County",2,1,555,294,261
050,47,099,"Tennessee","Lawrence County",2,2,567,304,263
050,47,099,"Tennessee","Lawrence County",2,3,580,317,263
050,47,099,"Tennessee","Lawrence County",2,4,601,304,297
050,47,099,"Tennessee","Lawrence County",2,5,603,291,312
050,47,099,"Tennessee","Lawrence County",2,6,617,306,311
050,47,099,"Tennessee","Lawrence County",2,7,629,326,303
050,47,099,"Tennessee","Lawrence County",2,8,625,324,301
050,47,099,"Tennessee","Lawrence County",2,9,617,314,303
050,47,099,"Tennessee","Lawrence County",2,10,611,323,288
050,47,099,"Tennessee","Lawrence County",2,11,645,349,296
050,47,099,"Tennessee","Lawrence County",2,12,664,353,311
050,47,099,"Tennessee","Lawrence County",2,13,650,349,301
050,47,099,"Tennessee","Lawrence County",2,14,636,336,300
050,47,099,"Tennessee","Lawrence County",2,15,622,315,307
050,47,099,"Tennessee","Lawrence County",2,16,649,321,328
050,47,099,"Tennessee","Lawrence County",2,17,668,333,335
050,47,099,"Tennessee","Lawrence County",2,18,540,283,257
050,47,099,"Tennessee","Lawrence County",2,19,436,228,208
050,47,099,"Tennessee","Lawrence County",2,20,441,233,208
050,47,099,"Tennessee","Lawrence County",2,21,450,239,211
050,47,099,"Tennessee","Lawrence County",2,22,473,251,222
050,47,099,"Tennessee","Lawrence County",2,23,471,244,227
050,47,099,"Tennessee","Lawrence County",2,24,475,251,224
050,47,099,"Tennessee","Lawrence County",2,25,519,262,257
050,47,099,"Tennessee","Lawrence County",2,26,515,256,259
050,47,099,"Tennessee","Lawrence County",2,27,536,259,277
050,47,099,"Tennessee","Lawrence County",2,28,559,271,288
050,47,099,"Tennessee","Lawrence County",2,29,593,282,311
050,47,099,"Tennessee","Lawrence County",2,30,579,282,297
050,47,099,"Tennessee","Lawrence County",2,31,588,291,297
050,47,099,"Tennessee","Lawrence County",2,32,551,266,285
050,47,099,"Tennessee","Lawrence County",2,33,514,254,260
050,47,099,"Tennessee","Lawrence County",2,34,494,250,244
050,47,099,"Tennessee","Lawrence County",2,35,488,244,244
050,47,099,"Tennessee","Lawrence County",2,36,484,246,238
050,47,099,"Tennessee","Lawrence County",2,37,509,262,247
050,47,099,"Tennessee","Lawrence County",2,38,517,260,257
050,47,099,"Tennessee","Lawrence County",2,39,515,257,258
050,47,099,"Tennessee","Lawrence County",2,40,517,254,263
050,47,099,"Tennessee","Lawrence County",2,41,529,266,263
050,47,099,"Tennessee","Lawrence County",2,42,517,253,264
050,47,099,"Tennessee","Lawrence County",2,43,492,244,248
050,47,099,"Tennessee","Lawrence County",2,44,480,233,247
050,47,099,"Tennessee","Lawrence County",2,45,514,257,257
050,47,099,"Tennessee","Lawrence County",2,46,509,250,259
050,47,099,"Tennessee","Lawrence County",2,47,499,244,255
050,47,099,"Tennessee","Lawrence County",2,48,544,258,286
050,47,099,"Tennessee","Lawrence County",2,49,612,307,305
050,47,099,"Tennessee","Lawrence County",2,50,631,321,310
050,47,099,"Tennessee","Lawrence County",2,51,603,297,306
050,47,099,"Tennessee","Lawrence County",2,52,550,280,270
050,47,099,"Tennessee","Lawrence County",2,53,570,287,283
050,47,099,"Tennessee","Lawrence County",2,54,603,306,297
050,47,099,"Tennessee","Lawrence County",2,55,630,318,312
050,47,099,"Tennessee","Lawrence County",2,56,625,324,301
050,47,099,"Tennessee","Lawrence County",2,57,596,300,296
050,47,099,"Tennessee","Lawrence County",2,58,596,302,294
050,47,099,"Tennessee","Lawrence County",2,59,593,295,298
050,47,099,"Tennessee","Lawrence County",2,60,600,305,295
050,47,099,"Tennessee","Lawrence County",2,61,598,295,303
050,47,099,"Tennessee","Lawrence County",2,62,567,268,299
050,47,099,"Tennessee","Lawrence County",2,63,545,256,289
050,47,099,"Tennessee","Lawrence County",2,64,533,247,286
050,47,099,"Tennessee","Lawrence County",2,65,514,242,272
050,47,099,"Tennessee","Lawrence County",2,66,525,259,266
050,47,099,"Tennessee","Lawrence County",2,67,514,250,264
050,47,099,"Tennessee","Lawrence County",2,68,472,230,242
050,47,099,"Tennessee","Lawrence County",2,69,440,208,232
050,47,099,"Tennessee","Lawrence County",2,70,425,199,226
050,47,099,"Tennessee","Lawrence County",2,71,442,219,223
050,47,099,"Tennessee","Lawrence County",2,72,431,206,225
050,47,099,"Tennessee","Lawrence County",2,73,458,216,242
050,47,099,"Tennessee","Lawrence County",2,74,319,148,171
050,47,099,"Tennessee","Lawrence County",2,75,325,154,171
050,47,099,"Tennessee","Lawrence County",2,76,334,160,174
050,47,099,"Tennessee","Lawrence County",2,77,331,154,177
050,47,099,"Tennessee","Lawrence County",2,78,285,128,157
050,47,099,"Tennessee","Lawrence County",2,79,250,113,137
050,47,099,"Tennessee","Lawrence County",2,80,229,108,121
050,47,099,"Tennessee","Lawrence County",2,81,217,85,132
050,47,099,"Tennessee","Lawrence County",2,82,189,76,113
050,47,099,"Tennessee","Lawrence County",2,83,162,63,99
050,47,099,"Tennessee","Lawrence County",2,84,157,68,89
050,47,099,"Tennessee","Lawrence County",2,85,802,250,552
050,47,099,"Tennessee","Lawrence County",3,0,599,299,300
050,47,099,"Tennessee","Lawrence County",3,1,533,279,254
050,47,099,"Tennessee","Lawrence County",3,2,565,303,262
050,47,099,"Tennessee","Lawrence County",3,3,592,316,276
050,47,099,"Tennessee","Lawrence County",3,4,592,329,263
050,47,099,"Tennessee","Lawrence County",3,5,610,315,295
050,47,099,"Tennessee","Lawrence County",3,6,622,304,318
050,47,099,"Tennessee","Lawrence County",3,7,615,302,313
050,47,099,"Tennessee","Lawrence County",3,8,632,335,297
050,47,099,"Tennessee","Lawrence County",3,9,650,327,323
050,47,099,"Tennessee","Lawrence County",3,10,631,327,304
050,47,099,"Tennessee","Lawrence County",3,11,623,326,297
050,47,099,"Tennessee","Lawrence County",3,12,669,358,311
050,47,099,"Tennessee","Lawrence County",3,13,675,359,316
050,47,099,"Tennessee","Lawrence County",3,14,687,368,319
050,47,099,"Tennessee","Lawrence County",3,15,648,345,303
050,47,099,"Tennessee","Lawrence County",3,16,635,317,318
050,47,099,"Tennessee","Lawrence County",3,17,669,327,342
050,47,099,"Tennessee","Lawrence County",3,18,562,290,272
050,47,099,"Tennessee","Lawrence County",3,19,429,223,206
050,47,099,"Tennessee","Lawrence County",3,20,488,258,230
050,47,099,"Tennessee","Lawrence County",3,21,482,253,229
050,47,099,"Tennessee","Lawrence County",3,22,490,256,234
050,47,099,"Tennessee","Lawrence County",3,23,496,255,241
050,47,099,"Tennessee","Lawrence County",3,24,499,266,233
050,47,099,"Tennessee","Lawrence County",3,25,486,250,236
050,47,099,"Tennessee","Lawrence County",3,26,539,259,280
050,47,099,"Tennessee","Lawrence County",3,27,523,263,260
050,47,099,"Tennessee","Lawrence County",3,28,547,267,280
050,47,099,"Tennessee","Lawrence County",3,29,539,263,276
050,47,099,"Tennessee","Lawrence County",3,30,608,291,317
050,47,099,"Tennessee","Lawrence County",3,31,581,283,298
050,47,099,"Tennessee","Lawrence County",3,32,583,276,307
050,47,099,"Tennessee","Lawrence County",3,33,566,278,288
050,47,099,"Tennessee","Lawrence County",3,34,519,265,254
050,47,099,"Tennessee","Lawrence County",3,35,503,239,264
050,47,099,"Tennessee","Lawrence County",3,36,498,250,248
050,47,099,"Tennessee","Lawrence County",3,37,492,250,242
050,47,099,"Tennessee","Lawrence County",3,38,505,258,247
050,47,099,"Tennessee","Lawrence County",3,39,525,259,266
050,47,099,"Tennessee","Lawrence County",3,40,523,269,254
050,47,099,"Tennessee","Lawrence County",3,41,506,244,262
050,47,099,"Tennessee","Lawrence County",3,42,527,267,260
050,47,099,"Tennessee","Lawrence County",3,43,545,270,275
050,47,099,"Tennessee","Lawrence County",3,44,488,243,245
050,47,099,"Tennessee","Lawrence County",3,45,491,241,250
050,47,099,"Tennessee","Lawrence County",3,46,508,246,262
050,47,099,"Tennessee","Lawrence County",3,47,513,250,263
050,47,099,"Tennessee","Lawrence County",3,48,490,241,249
050,47,099,"Tennessee","Lawrence County",3,49,546,258,288
050,47,099,"Tennessee","Lawrence County",3,50,614,311,303
050,47,099,"Tennessee","Lawrence County",3,51,645,321,324
050,47,099,"Tennessee","Lawrence County",3,52,598,295,303
050,47,099,"Tennessee","Lawrence County",3,53,562,286,276
050,47,099,"Tennessee","Lawrence County",3,54,579,298,281
050,47,099,"Tennessee","Lawrence County",3,55,614,310,304
050,47,099,"Tennessee","Lawrence County",3,56,645,325,320
050,47,099,"Tennessee","Lawrence County",3,57,629,328,301
050,47,099,"Tennessee","Lawrence County",3,58,605,305,300
050,47,099,"Tennessee","Lawrence County",3,59,602,302,300
050,47,099,"Tennessee","Lawrence County",3,60,598,298,300
050,47,099,"Tennessee","Lawrence County",3,61,599,302,297
050,47,099,"Tennessee","Lawrence County",3,62,589,288,301
050,47,099,"Tennessee","Lawrence County",3,63,580,272,308
050,47,099,"Tennessee","Lawrence County",3,64,544,261,283
050,47,099,"Tennessee","Lawrence County",3,65,537,247,290
050,47,099,"Tennessee","Lawrence County",3,66,506,236,270
050,47,099,"Tennessee","Lawrence County",3,67,525,256,269
050,47,099,"Tennessee","Lawrence County",3,68,507,251,256
050,47,099,"Tennessee","Lawrence County",3,69,461,217,244
050,47,099,"Tennessee","Lawrence County",3,70,421,196,225
050,47,099,"Tennessee","Lawrence County",3,71,420,197,223
050,47,099,"Tennessee","Lawrence County",3,72,436,215,221
050,47,099,"Tennessee","Lawrence County",3,73,419,197,222
050,47,099,"Tennessee","Lawrence County",3,74,432,208,224
050,47,099,"Tennessee","Lawrence County",3,75,301,132,169
050,47,099,"Tennessee","Lawrence County",3,76,310,146,164
050,47,099,"Tennessee","Lawrence County",3,77,314,153,161
050,47,099,"Tennessee","Lawrence County",3,78,318,143,175
050,47,099,"Tennessee","Lawrence County",3,79,277,126,151
050,47,099,"Tennessee","Lawrence County",3,80,228,107,121
050,47,099,"Tennessee","Lawrence County",3,81,211,96,115
050,47,099,"Tennessee","Lawrence County",3,82,205,79,126
050,47,099,"Tennessee","Lawrence County",3,83,168,63,105
050,47,099,"Tennessee","Lawrence County",3,84,144,59,85
050,47,099,"Tennessee","Lawrence County",3,85,781,255,526
050,47,099,"Tennessee","Lawrence County",4,0,592,296,296
050,47,099,"Tennessee","Lawrence County",4,1,606,308,298
050,47,099,"Tennessee","Lawrence County",4,2,555,289,266
050,47,099,"Tennessee","Lawrence County",4,3,590,313,277
050,47,099,"Tennessee","Lawrence County",4,4,626,332,294
050,47,099,"Tennessee","Lawrence County",4,5,622,332,290
050,47,099,"Tennessee","Lawrence County",4,6,625,319,306
050,47,099,"Tennessee","Lawrence County",4,7,646,314,332
050,47,099,"Tennessee","Lawrence County",4,8,638,306,332
050,47,099,"Tennessee","Lawrence County",4,9,639,339,300
050,47,099,"Tennessee","Lawrence County",4,10,668,340,328
050,47,099,"Tennessee","Lawrence County",4,11,654,341,313
050,47,099,"Tennessee","Lawrence County",4,12,637,334,303
050,47,099,"Tennessee","Lawrence County",4,13,690,365,325
050,47,099,"Tennessee","Lawrence County",4,14,691,359,332
050,47,099,"Tennessee","Lawrence County",4,15,701,373,328
050,47,099,"Tennessee","Lawrence County",4,16,664,362,302
050,47,099,"Tennessee","Lawrence County",4,17,638,325,313
050,47,099,"Tennessee","Lawrence County",4,18,563,285,278
050,47,099,"Tennessee","Lawrence County",4,19,431,220,211
050,47,099,"Tennessee","Lawrence County",4,20,449,237,212
050,47,099,"Tennessee","Lawrence County",4,21,503,265,238
050,47,099,"Tennessee","Lawrence County",4,22,498,266,232
050,47,099,"Tennessee","Lawrence County",4,23,526,266,260
050,47,099,"Tennessee","Lawrence County",4,24,504,265,239
050,47,099,"Tennessee","Lawrence County",4,25,511,275,236
050,47,099,"Tennessee","Lawrence County",4,26,521,254,267
050,47,099,"Tennessee","Lawrence County",4,27,549,263,286
050,47,099,"Tennessee","Lawrence County",4,28,536,265,271
050,47,099,"Tennessee","Lawrence County",4,29,565,273,292
050,47,099,"Tennessee","Lawrence County",4,30,580,279,301
050,47,099,"Tennessee","Lawrence County",4,31,618,299,319
050,47,099,"Tennessee","Lawrence County",4,32,587,274,313
050,47,099,"Tennessee","Lawrence County",4,33,616,299,317
050,47,099,"Tennessee","Lawrence County",4,34,582,283,299
050,47,099,"Tennessee","Lawrence County",4,35,527,266,261
050,47,099,"Tennessee","Lawrence County",4,36,513,243,270
050,47,099,"Tennessee","Lawrence County",4,37,515,262,253
050,47,099,"Tennessee","Lawrence County",4,38,506,263,243
050,47,099,"Tennessee","Lawrence County",4,39,520,269,251
050,47,099,"Tennessee","Lawrence County",4,40,534,260,274
050,47,099,"Tennessee","Lawrence County",4,41,542,274,268
050,47,099,"Tennessee","Lawrence County",4,42,515,248,267
050,47,099,"Tennessee","Lawrence County",4,43,537,280,257
050,47,099,"Tennessee","Lawrence County",4,44,549,280,269
050,47,099,"Tennessee","Lawrence County",4,45,511,260,251
050,47,099,"Tennessee","Lawrence County",4,46,498,242,256
050,47,099,"Tennessee","Lawrence County",4,47,507,250,257
050,47,099,"Tennessee","Lawrence County",4,48,514,252,262
050,47,099,"Tennessee","Lawrence County",4,49,513,253,260
050,47,099,"Tennessee","Lawrence County",4,50,556,262,294
050,47,099,"Tennessee","Lawrence County",4,51,606,311,295
050,47,099,"Tennessee","Lawrence County",4,52,640,319,321
050,47,099,"Tennessee","Lawrence County",4,53,610,302,308
050,47,099,"Tennessee","Lawrence County",4,54,581,300,281
050,47,099,"Tennessee","Lawrence County",4,55,589,302,287
050,47,099,"Tennessee","Lawrence County",4,56,621,311,310
050,47,099,"Tennessee","Lawrence County",4,57,646,318,328
050,47,099,"Tennessee","Lawrence County",4,58,647,331,316
050,47,099,"Tennessee","Lawrence County",4,59,611,304,307
050,47,099,"Tennessee","Lawrence County",4,60,609,309,300
050,47,099,"Tennessee","Lawrence County",4,61,604,298,306
050,47,099,"Tennessee","Lawrence County",4,62,595,304,291
050,47,099,"Tennessee","Lawrence County",4,63,583,284,299
050,47,099,"Tennessee","Lawrence County",4,64,573,271,302
050,47,099,"Tennessee","Lawrence County",4,65,541,262,279
050,47,099,"Tennessee","Lawrence County",4,66,525,241,284
050,47,099,"Tennessee","Lawrence County",4,67,504,232,272
050,47,099,"Tennessee","Lawrence County",4,68,522,257,265
050,47,099,"Tennessee","Lawrence County",4,69,489,238,251
050,47,099,"Tennessee","Lawrence County",4,70,443,212,231
050,47,099,"Tennessee","Lawrence County",4,71,422,203,219
050,47,099,"Tennessee","Lawrence County",4,72,401,187,214
050,47,099,"Tennessee","Lawrence County",4,73,427,203,224
050,47,099,"Tennessee","Lawrence County",4,74,393,187,206
050,47,099,"Tennessee","Lawrence County",4,75,412,192,220
050,47,099,"Tennessee","Lawrence County",4,76,289,129,160
050,47,099,"Tennessee","Lawrence County",4,77,278,130,148
050,47,099,"Tennessee","Lawrence County",4,78,292,143,149
050,47,099,"Tennessee","Lawrence County",4,79,300,136,164
050,47,099,"Tennessee","Lawrence County",4,80,250,114,136
050,47,099,"Tennessee","Lawrence County",4,81,209,91,118
050,47,099,"Tennessee","Lawrence County",4,82,195,88,107
050,47,099,"Tennessee","Lawrence County",4,83,197,75,122
050,47,099,"Tennessee","Lawrence County",4,84,152,59,93
050,47,099,"Tennessee","Lawrence County",4,85,768,249,519
050,47,099,"Tennessee","Lawrence County",5,0,588,294,294
050,47,099,"Tennessee","Lawrence County",5,1,584,284,300
050,47,099,"Tennessee","Lawrence County",5,2,606,309,297
050,47,099,"Tennessee","Lawrence County",5,3,552,291,261
050,47,099,"Tennessee","Lawrence County",5,4,610,325,285
050,47,099,"Tennessee","Lawrence County",5,5,632,336,296
050,47,099,"Tennessee","Lawrence County",5,6,629,348,281
050,47,099,"Tennessee","Lawrence County",5,7,637,323,314
050,47,099,"Tennessee","Lawrence County",5,8,668,338,330
050,47,099,"Tennessee","Lawrence County",5,9,630,308,322
050,47,099,"Tennessee","Lawrence County",5,10,658,345,313
050,47,099,"Tennessee","Lawrence County",5,11,687,358,329
050,47,099,"Tennessee","Lawrence County",5,12,656,345,311
050,47,099,"Tennessee","Lawrence County",5,13,649,330,319
050,47,099,"Tennessee","Lawrence County",5,14,689,366,323
050,47,099,"Tennessee","Lawrence County",5,15,699,363,336
050,47,099,"Tennessee","Lawrence County",5,16,715,375,340
050,47,099,"Tennessee","Lawrence County",5,17,673,359,314
050,47,099,"Tennessee","Lawrence County",5,18,538,283,255
050,47,099,"Tennessee","Lawrence County",5,19,436,220,216
050,47,099,"Tennessee","Lawrence County",5,20,481,247,234
050,47,099,"Tennessee","Lawrence County",5,21,486,249,237
050,47,099,"Tennessee","Lawrence County",5,22,533,277,256
050,47,099,"Tennessee","Lawrence County",5,23,525,271,254
050,47,099,"Tennessee","Lawrence County",5,24,529,271,258
050,47,099,"Tennessee","Lawrence County",5,25,529,264,265
050,47,099,"Tennessee","Lawrence County",5,26,517,276,241
050,47,099,"Tennessee","Lawrence County",5,27,536,262,274
050,47,099,"Tennessee","Lawrence County",5,28,570,269,301
050,47,099,"Tennessee","Lawrence County",5,29,539,263,276
050,47,099,"Tennessee","Lawrence County",5,30,563,273,290
050,47,099,"Tennessee","Lawrence County",5,31,591,291,300
050,47,099,"Tennessee","Lawrence County",5,32,647,308,339
050,47,099,"Tennessee","Lawrence County",5,33,617,287,330
050,47,099,"Tennessee","Lawrence County",5,34,629,309,320
050,47,099,"Tennessee","Lawrence County",5,35,589,285,304
050,47,099,"Tennessee","Lawrence County",5,36,535,271,264
050,47,099,"Tennessee","Lawrence County",5,37,524,252,272
050,47,099,"Tennessee","Lawrence County",5,38,530,265,265
050,47,099,"Tennessee","Lawrence County",5,39,516,268,248
050,47,099,"Tennessee","Lawrence County",5,40,535,271,264
050,47,099,"Tennessee","Lawrence County",5,41,537,262,275
050,47,099,"Tennessee","Lawrence County",5,42,532,274,258
050,47,099,"Tennessee","Lawrence County",5,43,532,260,272
050,47,099,"Tennessee","Lawrence County",5,44,551,281,270
050,47,099,"Tennessee","Lawrence County",5,45,564,282,282
050,47,099,"Tennessee","Lawrence County",5,46,520,263,257
050,47,099,"Tennessee","Lawrence County",5,47,503,246,257
050,47,099,"Tennessee","Lawrence County",5,48,500,248,252
050,47,099,"Tennessee","Lawrence County",5,49,530,256,274
050,47,099,"Tennessee","Lawrence County",5,50,512,250,262
050,47,099,"Tennessee","Lawrence County",5,51,569,271,298
050,47,099,"Tennessee","Lawrence County",5,52,605,307,298
050,47,099,"Tennessee","Lawrence County",5,53,646,322,324
050,47,099,"Tennessee","Lawrence County",5,54,611,308,303
050,47,099,"Tennessee","Lawrence County",5,55,575,292,283
050,47,099,"Tennessee","Lawrence County",5,56,597,304,293
050,47,099,"Tennessee","Lawrence County",5,57,639,308,331
050,47,099,"Tennessee","Lawrence County",5,58,660,327,333
050,47,099,"Tennessee","Lawrence County",5,59,655,333,322
050,47,099,"Tennessee","Lawrence County",5,60,628,311,317
050,47,099,"Tennessee","Lawrence County",5,61,617,309,308
050,47,099,"Tennessee","Lawrence County",5,62,600,302,298
050,47,099,"Tennessee","Lawrence County",5,63,607,311,296
050,47,099,"Tennessee","Lawrence County",5,64,597,292,305
050,47,099,"Tennessee","Lawrence County",5,65,565,269,296
050,47,099,"Tennessee","Lawrence County",5,66,552,269,283
050,47,099,"Tennessee","Lawrence County",5,67,520,242,278
050,47,099,"Tennessee","Lawrence County",5,68,495,227,268
050,47,099,"Tennessee","Lawrence County",5,69,508,247,261
050,47,099,"Tennessee","Lawrence County",5,70,471,235,236
050,47,099,"Tennessee","Lawrence County",5,71,442,214,228
050,47,099,"Tennessee","Lawrence County",5,72,411,197,214
050,47,099,"Tennessee","Lawrence County",5,73,398,181,217
050,47,099,"Tennessee","Lawrence County",5,74,411,196,215
050,47,099,"Tennessee","Lawrence County",5,75,361,164,197
050,47,099,"Tennessee","Lawrence County",5,76,385,177,208
050,47,099,"Tennessee","Lawrence County",5,77,270,120,150
050,47,099,"Tennessee","Lawrence County",5,78,271,126,145
050,47,099,"Tennessee","Lawrence County",5,79,282,138,144
050,47,099,"Tennessee","Lawrence County",5,80,272,127,145
050,47,099,"Tennessee","Lawrence County",5,81,228,96,132
050,47,099,"Tennessee","Lawrence County",5,82,194,83,111
050,47,099,"Tennessee","Lawrence County",5,83,189,82,107
050,47,099,"Tennessee","Lawrence County",5,84,181,70,111
050,47,099,"Tennessee","Lawrence County",5,85,764,248,516
050,47,101,"Tennessee","Lewis County",1,0,136,70,66
050,47,101,"Tennessee","Lewis County",1,1,134,69,65
050,47,101,"Tennessee","Lewis County",1,2,150,77,73
050,47,101,"Tennessee","Lewis County",1,3,149,78,71
050,47,101,"Tennessee","Lewis County",1,4,141,69,72
050,47,101,"Tennessee","Lewis County",1,5,148,67,81
050,47,101,"Tennessee","Lewis County",1,6,148,74,74
050,47,101,"Tennessee","Lewis County",1,7,150,67,83
050,47,101,"Tennessee","Lewis County",1,8,143,67,76
050,47,101,"Tennessee","Lewis County",1,9,142,77,65
050,47,101,"Tennessee","Lewis County",1,10,150,70,80
050,47,101,"Tennessee","Lewis County",1,11,182,99,83
050,47,101,"Tennessee","Lewis County",1,12,171,91,80
050,47,101,"Tennessee","Lewis County",1,13,158,72,86
050,47,101,"Tennessee","Lewis County",1,14,157,84,73
050,47,101,"Tennessee","Lewis County",1,15,175,103,72
050,47,101,"Tennessee","Lewis County",1,16,188,99,89
050,47,101,"Tennessee","Lewis County",1,17,175,98,77
050,47,101,"Tennessee","Lewis County",1,18,131,69,62
050,47,101,"Tennessee","Lewis County",1,19,102,52,50
050,47,101,"Tennessee","Lewis County",1,20,125,64,61
050,47,101,"Tennessee","Lewis County",1,21,139,76,63
050,47,101,"Tennessee","Lewis County",1,22,123,68,55
050,47,101,"Tennessee","Lewis County",1,23,135,70,65
050,47,101,"Tennessee","Lewis County",1,24,141,74,67
050,47,101,"Tennessee","Lewis County",1,25,159,89,70
050,47,101,"Tennessee","Lewis County",1,26,142,77,65
050,47,101,"Tennessee","Lewis County",1,27,144,79,65
050,47,101,"Tennessee","Lewis County",1,28,140,63,77
050,47,101,"Tennessee","Lewis County",1,29,153,70,83
050,47,101,"Tennessee","Lewis County",1,30,144,75,69
050,47,101,"Tennessee","Lewis County",1,31,148,78,70
050,47,101,"Tennessee","Lewis County",1,32,125,58,67
050,47,101,"Tennessee","Lewis County",1,33,143,68,75
050,47,101,"Tennessee","Lewis County",1,34,144,62,82
050,47,101,"Tennessee","Lewis County",1,35,129,60,69
050,47,101,"Tennessee","Lewis County",1,36,136,62,74
050,47,101,"Tennessee","Lewis County",1,37,141,68,73
050,47,101,"Tennessee","Lewis County",1,38,131,66,65
050,47,101,"Tennessee","Lewis County",1,39,144,64,80
050,47,101,"Tennessee","Lewis County",1,40,140,64,76
050,47,101,"Tennessee","Lewis County",1,41,160,76,84
050,47,101,"Tennessee","Lewis County",1,42,156,80,76
050,47,101,"Tennessee","Lewis County",1,43,145,82,63
050,47,101,"Tennessee","Lewis County",1,44,143,75,68
050,47,101,"Tennessee","Lewis County",1,45,151,78,73
050,47,101,"Tennessee","Lewis County",1,46,164,90,74
050,47,101,"Tennessee","Lewis County",1,47,166,80,86
050,47,101,"Tennessee","Lewis County",1,48,159,80,79
050,47,101,"Tennessee","Lewis County",1,49,184,86,98
050,47,101,"Tennessee","Lewis County",1,50,161,78,83
050,47,101,"Tennessee","Lewis County",1,51,147,73,74
050,47,101,"Tennessee","Lewis County",1,52,140,67,73
050,47,101,"Tennessee","Lewis County",1,53,140,63,77
050,47,101,"Tennessee","Lewis County",1,54,147,67,80
050,47,101,"Tennessee","Lewis County",1,55,157,84,73
050,47,101,"Tennessee","Lewis County",1,56,185,97,88
050,47,101,"Tennessee","Lewis County",1,57,179,88,91
050,47,101,"Tennessee","Lewis County",1,58,176,89,87
050,47,101,"Tennessee","Lewis County",1,59,194,96,98
050,47,101,"Tennessee","Lewis County",1,60,179,87,92
050,47,101,"Tennessee","Lewis County",1,61,178,86,92
050,47,101,"Tennessee","Lewis County",1,62,207,97,110
050,47,101,"Tennessee","Lewis County",1,63,189,91,98
050,47,101,"Tennessee","Lewis County",1,64,176,87,89
050,47,101,"Tennessee","Lewis County",1,65,187,87,100
050,47,101,"Tennessee","Lewis County",1,66,179,89,90
050,47,101,"Tennessee","Lewis County",1,67,170,84,86
050,47,101,"Tennessee","Lewis County",1,68,175,81,94
050,47,101,"Tennessee","Lewis County",1,69,150,70,80
050,47,101,"Tennessee","Lewis County",1,70,159,78,81
050,47,101,"Tennessee","Lewis County",1,71,168,76,92
050,47,101,"Tennessee","Lewis County",1,72,148,69,79
050,47,101,"Tennessee","Lewis County",1,73,152,76,76
050,47,101,"Tennessee","Lewis County",1,74,110,53,57
050,47,101,"Tennessee","Lewis County",1,75,106,56,50
050,47,101,"Tennessee","Lewis County",1,76,107,54,53
050,47,101,"Tennessee","Lewis County",1,77,111,50,61
050,47,101,"Tennessee","Lewis County",1,78,89,39,50
050,47,101,"Tennessee","Lewis County",1,79,75,31,44
050,47,101,"Tennessee","Lewis County",1,80,65,30,35
050,47,101,"Tennessee","Lewis County",1,81,59,27,32
050,47,101,"Tennessee","Lewis County",1,82,51,19,32
050,47,101,"Tennessee","Lewis County",1,83,52,18,34
050,47,101,"Tennessee","Lewis County",1,84,54,16,38
050,47,101,"Tennessee","Lewis County",1,85,277,94,183
050,47,101,"Tennessee","Lewis County",2,0,138,69,69
050,47,101,"Tennessee","Lewis County",2,1,135,70,65
050,47,101,"Tennessee","Lewis County",2,2,149,76,73
050,47,101,"Tennessee","Lewis County",2,3,150,78,72
050,47,101,"Tennessee","Lewis County",2,4,144,71,73
050,47,101,"Tennessee","Lewis County",2,5,148,69,79
050,47,101,"Tennessee","Lewis County",2,6,149,73,76
050,47,101,"Tennessee","Lewis County",2,7,150,68,82
050,47,101,"Tennessee","Lewis County",2,8,144,66,78
050,47,101,"Tennessee","Lewis County",2,9,143,75,68
050,47,101,"Tennessee","Lewis County",2,10,147,71,76
050,47,101,"Tennessee","Lewis County",2,11,173,93,80
050,47,101,"Tennessee","Lewis County",2,12,175,94,81
050,47,101,"Tennessee","Lewis County",2,13,161,76,85
050,47,101,"Tennessee","Lewis County",2,14,158,81,77
050,47,101,"Tennessee","Lewis County",2,15,172,99,73
050,47,101,"Tennessee","Lewis County",2,16,187,99,88
050,47,101,"Tennessee","Lewis County",2,17,177,97,80
050,47,101,"Tennessee","Lewis County",2,18,136,73,63
050,47,101,"Tennessee","Lewis County",2,19,102,53,49
050,47,101,"Tennessee","Lewis County",2,20,124,63,61
050,47,101,"Tennessee","Lewis County",2,21,137,74,63
050,47,101,"Tennessee","Lewis County",2,22,128,70,58
050,47,101,"Tennessee","Lewis County",2,23,137,71,66
050,47,101,"Tennessee","Lewis County",2,24,143,75,68
050,47,101,"Tennessee","Lewis County",2,25,157,88,69
050,47,101,"Tennessee","Lewis County",2,26,147,80,67
050,47,101,"Tennessee","Lewis County",2,27,144,78,66
050,47,101,"Tennessee","Lewis County",2,28,139,64,75
050,47,101,"Tennessee","Lewis County",2,29,151,69,82
050,47,101,"Tennessee","Lewis County",2,30,148,75,73
050,47,101,"Tennessee","Lewis County",2,31,148,79,69
050,47,101,"Tennessee","Lewis County",2,32,129,61,68
050,47,101,"Tennessee","Lewis County",2,33,138,65,73
050,47,101,"Tennessee","Lewis County",2,34,141,63,78
050,47,101,"Tennessee","Lewis County",2,35,135,62,73
050,47,101,"Tennessee","Lewis County",2,36,134,61,73
050,47,101,"Tennessee","Lewis County",2,37,139,66,73
050,47,101,"Tennessee","Lewis County",2,38,134,66,68
050,47,101,"Tennessee","Lewis County",2,39,140,64,76
050,47,101,"Tennessee","Lewis County",2,40,143,65,78
050,47,101,"Tennessee","Lewis County",2,41,155,73,82
050,47,101,"Tennessee","Lewis County",2,42,156,78,78
050,47,101,"Tennessee","Lewis County",2,43,151,83,68
050,47,101,"Tennessee","Lewis County",2,44,141,76,65
050,47,101,"Tennessee","Lewis County",2,45,151,78,73
050,47,101,"Tennessee","Lewis County",2,46,161,88,73
050,47,101,"Tennessee","Lewis County",2,47,164,82,82
050,47,101,"Tennessee","Lewis County",2,48,163,82,81
050,47,101,"Tennessee","Lewis County",2,49,181,87,94
050,47,101,"Tennessee","Lewis County",2,50,169,81,88
050,47,101,"Tennessee","Lewis County",2,51,149,73,76
050,47,101,"Tennessee","Lewis County",2,52,138,66,72
050,47,101,"Tennessee","Lewis County",2,53,142,65,77
050,47,101,"Tennessee","Lewis County",2,54,144,66,78
050,47,101,"Tennessee","Lewis County",2,55,154,79,75
050,47,101,"Tennessee","Lewis County",2,56,179,95,84
050,47,101,"Tennessee","Lewis County",2,57,181,92,89
050,47,101,"Tennessee","Lewis County",2,58,177,89,88
050,47,101,"Tennessee","Lewis County",2,59,188,93,95
050,47,101,"Tennessee","Lewis County",2,60,181,88,93
050,47,101,"Tennessee","Lewis County",2,61,179,86,93
050,47,101,"Tennessee","Lewis County",2,62,197,92,105
050,47,101,"Tennessee","Lewis County",2,63,196,94,102
050,47,101,"Tennessee","Lewis County",2,64,178,88,90
050,47,101,"Tennessee","Lewis County",2,65,183,85,98
050,47,101,"Tennessee","Lewis County",2,66,181,88,93
050,47,101,"Tennessee","Lewis County",2,67,173,86,87
050,47,101,"Tennessee","Lewis County",2,68,172,80,92
050,47,101,"Tennessee","Lewis County",2,69,160,75,85
050,47,101,"Tennessee","Lewis County",2,70,155,75,80
050,47,101,"Tennessee","Lewis County",2,71,165,76,89
050,47,101,"Tennessee","Lewis County",2,72,150,70,80
050,47,101,"Tennessee","Lewis County",2,73,157,75,82
050,47,101,"Tennessee","Lewis County",2,74,110,55,55
050,47,101,"Tennessee","Lewis County",2,75,108,56,52
050,47,101,"Tennessee","Lewis County",2,76,101,52,49
050,47,101,"Tennessee","Lewis County",2,77,113,51,62
050,47,101,"Tennessee","Lewis County",2,78,91,39,52
050,47,101,"Tennessee","Lewis County",2,79,76,33,43
050,47,101,"Tennessee","Lewis County",2,80,66,30,36
050,47,101,"Tennessee","Lewis County",2,81,59,27,32
050,47,101,"Tennessee","Lewis County",2,82,53,21,32
050,47,101,"Tennessee","Lewis County",2,83,49,16,33
050,47,101,"Tennessee","Lewis County",2,84,55,17,38
050,47,101,"Tennessee","Lewis County",2,85,280,94,186
050,47,101,"Tennessee","Lewis County",3,0,118,56,62
050,47,101,"Tennessee","Lewis County",3,1,148,69,79
050,47,101,"Tennessee","Lewis County",3,2,135,70,65
050,47,101,"Tennessee","Lewis County",3,3,158,82,76
050,47,101,"Tennessee","Lewis County",3,4,158,85,73
050,47,101,"Tennessee","Lewis County",3,5,147,78,69
050,47,101,"Tennessee","Lewis County",3,6,163,82,81
050,47,101,"Tennessee","Lewis County",3,7,160,79,81
050,47,101,"Tennessee","Lewis County",3,8,155,73,82
050,47,101,"Tennessee","Lewis County",3,9,151,78,73
050,47,101,"Tennessee","Lewis County",3,10,148,77,71
050,47,101,"Tennessee","Lewis County",3,11,157,74,83
050,47,101,"Tennessee","Lewis County",3,12,188,101,87
050,47,101,"Tennessee","Lewis County",3,13,188,100,88
050,47,101,"Tennessee","Lewis County",3,14,175,84,91
050,47,101,"Tennessee","Lewis County",3,15,157,79,78
050,47,101,"Tennessee","Lewis County",3,16,179,104,75
050,47,101,"Tennessee","Lewis County",3,17,187,98,89
050,47,101,"Tennessee","Lewis County",3,18,156,88,68
050,47,101,"Tennessee","Lewis County",3,19,109,62,47
050,47,101,"Tennessee","Lewis County",3,20,118,65,53
050,47,101,"Tennessee","Lewis County",3,21,128,67,61
050,47,101,"Tennessee","Lewis County",3,22,134,70,64
050,47,101,"Tennessee","Lewis County",3,23,139,71,68
050,47,101,"Tennessee","Lewis County",3,24,148,72,76
050,47,101,"Tennessee","Lewis County",3,25,147,76,71
050,47,101,"Tennessee","Lewis County",3,26,161,89,72
050,47,101,"Tennessee","Lewis County",3,27,155,84,71
050,47,101,"Tennessee","Lewis County",3,28,138,76,62
050,47,101,"Tennessee","Lewis County",3,29,143,67,76
050,47,101,"Tennessee","Lewis County",3,30,160,75,85
050,47,101,"Tennessee","Lewis County",3,31,166,81,85
050,47,101,"Tennessee","Lewis County",3,32,154,71,83
050,47,101,"Tennessee","Lewis County",3,33,134,61,73
050,47,101,"Tennessee","Lewis County",3,34,134,68,66
050,47,101,"Tennessee","Lewis County",3,35,137,59,78
050,47,101,"Tennessee","Lewis County",3,36,145,72,73
050,47,101,"Tennessee","Lewis County",3,37,146,72,74
050,47,101,"Tennessee","Lewis County",3,38,139,65,74
050,47,101,"Tennessee","Lewis County",3,39,139,68,71
050,47,101,"Tennessee","Lewis County",3,40,134,62,72
050,47,101,"Tennessee","Lewis County",3,41,151,73,78
050,47,101,"Tennessee","Lewis County",3,42,158,71,87
050,47,101,"Tennessee","Lewis County",3,43,161,84,77
050,47,101,"Tennessee","Lewis County",3,44,162,95,67
050,47,101,"Tennessee","Lewis County",3,45,147,73,74
050,47,101,"Tennessee","Lewis County",3,46,156,77,79
050,47,101,"Tennessee","Lewis County",3,47,168,86,82
050,47,101,"Tennessee","Lewis County",3,48,163,83,80
050,47,101,"Tennessee","Lewis County",3,49,175,89,86
050,47,101,"Tennessee","Lewis County",3,50,191,93,98
050,47,101,"Tennessee","Lewis County",3,51,173,82,91
050,47,101,"Tennessee","Lewis County",3,52,155,82,73
050,47,101,"Tennessee","Lewis County",3,53,142,66,76
050,47,101,"Tennessee","Lewis County",3,54,143,69,74
050,47,101,"Tennessee","Lewis County",3,55,148,71,77
050,47,101,"Tennessee","Lewis County",3,56,152,75,77
050,47,101,"Tennessee","Lewis County",3,57,177,96,81
050,47,101,"Tennessee","Lewis County",3,58,189,96,93
050,47,101,"Tennessee","Lewis County",3,59,184,87,97
050,47,101,"Tennessee","Lewis County",3,60,188,87,101
050,47,101,"Tennessee","Lewis County",3,61,186,93,93
050,47,101,"Tennessee","Lewis County",3,62,178,91,87
050,47,101,"Tennessee","Lewis County",3,63,190,81,109
050,47,101,"Tennessee","Lewis County",3,64,207,102,105
050,47,101,"Tennessee","Lewis County",3,65,177,91,86
050,47,101,"Tennessee","Lewis County",3,66,184,88,96
050,47,101,"Tennessee","Lewis County",3,67,174,86,88
050,47,101,"Tennessee","Lewis County",3,68,170,82,88
050,47,101,"Tennessee","Lewis County",3,69,166,78,88
050,47,101,"Tennessee","Lewis County",3,70,153,70,83
050,47,101,"Tennessee","Lewis County",3,71,145,72,73
050,47,101,"Tennessee","Lewis County",3,72,163,78,85
050,47,101,"Tennessee","Lewis County",3,73,146,66,80
050,47,101,"Tennessee","Lewis County",3,74,147,70,77
050,47,101,"Tennessee","Lewis County",3,75,108,54,54
050,47,101,"Tennessee","Lewis County",3,76,100,52,48
050,47,101,"Tennessee","Lewis County",3,77,98,46,52
050,47,101,"Tennessee","Lewis County",3,78,103,46,57
050,47,101,"Tennessee","Lewis County",3,79,80,33,47
050,47,101,"Tennessee","Lewis County",3,80,65,29,36
050,47,101,"Tennessee","Lewis County",3,81,59,25,34
050,47,101,"Tennessee","Lewis County",3,82,56,25,31
050,47,101,"Tennessee","Lewis County",3,83,46,17,29
050,47,101,"Tennessee","Lewis County",3,84,53,16,37
050,47,101,"Tennessee","Lewis County",3,85,279,89,190
050,47,101,"Tennessee","Lewis County",4,0,116,57,59
050,47,101,"Tennessee","Lewis County",4,1,142,70,72
050,47,101,"Tennessee","Lewis County",4,2,150,70,80
050,47,101,"Tennessee","Lewis County",4,3,139,70,69
050,47,101,"Tennessee","Lewis County",4,4,155,74,81
050,47,101,"Tennessee","Lewis County",4,5,154,80,74
050,47,101,"Tennessee","Lewis County",4,6,143,74,69
050,47,101,"Tennessee","Lewis County",4,7,166,87,79
050,47,101,"Tennessee","Lewis County",4,8,160,81,79
050,47,101,"Tennessee","Lewis County",4,9,156,73,83
050,47,101,"Tennessee","Lewis County",4,10,160,80,80
050,47,101,"Tennessee","Lewis County",4,11,142,73,69
050,47,101,"Tennessee","Lewis County",4,12,157,71,86
050,47,101,"Tennessee","Lewis County",4,13,194,102,92
050,47,101,"Tennessee","Lewis County",4,14,192,107,85
050,47,101,"Tennessee","Lewis County",4,15,182,92,90
050,47,101,"Tennessee","Lewis County",4,16,153,76,77
050,47,101,"Tennessee","Lewis County",4,17,171,99,72
050,47,101,"Tennessee","Lewis County",4,18,156,84,72
050,47,101,"Tennessee","Lewis County",4,19,117,65,52
050,47,101,"Tennessee","Lewis County",4,20,126,66,60
050,47,101,"Tennessee","Lewis County",4,21,120,66,54
050,47,101,"Tennessee","Lewis County",4,22,143,73,70
050,47,101,"Tennessee","Lewis County",4,23,147,67,80
050,47,101,"Tennessee","Lewis County",4,24,143,73,70
050,47,101,"Tennessee","Lewis County",4,25,152,81,71
050,47,101,"Tennessee","Lewis County",4,26,144,74,70
050,47,101,"Tennessee","Lewis County",4,27,160,91,69
050,47,101,"Tennessee","Lewis County",4,28,163,85,78
050,47,101,"Tennessee","Lewis County",4,29,143,78,65
050,47,101,"Tennessee","Lewis County",4,30,139,63,76
050,47,101,"Tennessee","Lewis County",4,31,162,83,79
050,47,101,"Tennessee","Lewis County",4,32,165,81,84
050,47,101,"Tennessee","Lewis County",4,33,164,78,86
050,47,101,"Tennessee","Lewis County",4,34,136,63,73
050,47,101,"Tennessee","Lewis County",4,35,137,72,65
050,47,101,"Tennessee","Lewis County",4,36,146,62,84
050,47,101,"Tennessee","Lewis County",4,37,148,79,69
050,47,101,"Tennessee","Lewis County",4,38,149,71,78
050,47,101,"Tennessee","Lewis County",4,39,155,71,84
050,47,101,"Tennessee","Lewis County",4,40,150,71,79
050,47,101,"Tennessee","Lewis County",4,41,137,67,70
050,47,101,"Tennessee","Lewis County",4,42,152,72,80
050,47,101,"Tennessee","Lewis County",4,43,158,76,82
050,47,101,"Tennessee","Lewis County",4,44,170,92,78
050,47,101,"Tennessee","Lewis County",4,45,157,89,68
050,47,101,"Tennessee","Lewis County",4,46,151,75,76
050,47,101,"Tennessee","Lewis County",4,47,149,71,78
050,47,101,"Tennessee","Lewis County",4,48,175,88,87
050,47,101,"Tennessee","Lewis County",4,49,163,85,78
050,47,101,"Tennessee","Lewis County",4,50,178,94,84
050,47,101,"Tennessee","Lewis County",4,51,189,91,98
050,47,101,"Tennessee","Lewis County",4,52,167,79,88
050,47,101,"Tennessee","Lewis County",4,53,167,88,79
050,47,101,"Tennessee","Lewis County",4,54,145,68,77
050,47,101,"Tennessee","Lewis County",4,55,140,66,74
050,47,101,"Tennessee","Lewis County",4,56,153,70,83
050,47,101,"Tennessee","Lewis County",4,57,153,76,77
050,47,101,"Tennessee","Lewis County",4,58,187,102,85
050,47,101,"Tennessee","Lewis County",4,59,192,97,95
050,47,101,"Tennessee","Lewis County",4,60,177,83,94
050,47,101,"Tennessee","Lewis County",4,61,176,77,99
050,47,101,"Tennessee","Lewis County",4,62,186,93,93
050,47,101,"Tennessee","Lewis County",4,63,178,91,87
050,47,101,"Tennessee","Lewis County",4,64,194,88,106
050,47,101,"Tennessee","Lewis County",4,65,197,95,102
050,47,101,"Tennessee","Lewis County",4,66,173,90,83
050,47,101,"Tennessee","Lewis County",4,67,183,88,95
050,47,101,"Tennessee","Lewis County",4,68,175,86,89
050,47,101,"Tennessee","Lewis County",4,69,167,76,91
050,47,101,"Tennessee","Lewis County",4,70,163,67,96
050,47,101,"Tennessee","Lewis County",4,71,141,59,82
050,47,101,"Tennessee","Lewis County",4,72,140,68,72
050,47,101,"Tennessee","Lewis County",4,73,162,75,87
050,47,101,"Tennessee","Lewis County",4,74,142,62,80
050,47,101,"Tennessee","Lewis County",4,75,138,65,73
050,47,101,"Tennessee","Lewis County",4,76,102,53,49
050,47,101,"Tennessee","Lewis County",4,77,91,47,44
050,47,101,"Tennessee","Lewis County",4,78,83,36,47
050,47,101,"Tennessee","Lewis County",4,79,97,46,51
050,47,101,"Tennessee","Lewis County",4,80,72,32,40
050,47,101,"Tennessee","Lewis County",4,81,59,23,36
050,47,101,"Tennessee","Lewis County",4,82,61,26,35
050,47,101,"Tennessee","Lewis County",4,83,52,23,29
050,47,101,"Tennessee","Lewis County",4,84,50,17,33
050,47,101,"Tennessee","Lewis County",4,85,273,88,185
050,47,101,"Tennessee","Lewis County",5,0,118,57,61
050,47,101,"Tennessee","Lewis County",5,1,121,60,61
050,47,101,"Tennessee","Lewis County",5,2,149,68,81
050,47,101,"Tennessee","Lewis County",5,3,148,65,83
050,47,101,"Tennessee","Lewis County",5,4,140,74,66
050,47,101,"Tennessee","Lewis County",5,5,175,89,86
050,47,101,"Tennessee","Lewis County",5,6,159,84,75
050,47,101,"Tennessee","Lewis County",5,7,159,81,78
050,47,101,"Tennessee","Lewis County",5,8,165,89,76
050,47,101,"Tennessee","Lewis County",5,9,153,74,79
050,47,101,"Tennessee","Lewis County",5,10,163,76,87
050,47,101,"Tennessee","Lewis County",5,11,166,81,85
050,47,101,"Tennessee","Lewis County",5,12,143,71,72
050,47,101,"Tennessee","Lewis County",5,13,161,74,87
050,47,101,"Tennessee","Lewis County",5,14,202,109,93
050,47,101,"Tennessee","Lewis County",5,15,187,105,82
050,47,101,"Tennessee","Lewis County",5,16,176,93,83
050,47,101,"Tennessee","Lewis County",5,17,164,84,80
050,47,101,"Tennessee","Lewis County",5,18,145,87,58
050,47,101,"Tennessee","Lewis County",5,19,128,70,58
050,47,101,"Tennessee","Lewis County",5,20,138,76,62
050,47,101,"Tennessee","Lewis County",5,21,127,68,59
050,47,101,"Tennessee","Lewis County",5,22,122,64,58
050,47,101,"Tennessee","Lewis County",5,23,139,65,74
050,47,101,"Tennessee","Lewis County",5,24,153,68,85
050,47,101,"Tennessee","Lewis County",5,25,152,81,71
050,47,101,"Tennessee","Lewis County",5,26,155,82,73
050,47,101,"Tennessee","Lewis County",5,27,148,74,74
050,47,101,"Tennessee","Lewis County",5,28,156,94,62
050,47,101,"Tennessee","Lewis County",5,29,165,84,81
050,47,101,"Tennessee","Lewis County",5,30,155,81,74
050,47,101,"Tennessee","Lewis County",5,31,154,74,80
050,47,101,"Tennessee","Lewis County",5,32,156,76,80
050,47,101,"Tennessee","Lewis County",5,33,163,81,82
050,47,101,"Tennessee","Lewis County",5,34,167,79,88
050,47,101,"Tennessee","Lewis County",5,35,143,63,80
050,47,101,"Tennessee","Lewis County",5,36,142,74,68
050,47,101,"Tennessee","Lewis County",5,37,157,72,85
050,47,101,"Tennessee","Lewis County",5,38,151,82,69
050,47,101,"Tennessee","Lewis County",5,39,155,75,80
050,47,101,"Tennessee","Lewis County",5,40,153,69,84
050,47,101,"Tennessee","Lewis County",5,41,158,78,80
050,47,101,"Tennessee","Lewis County",5,42,134,66,68
050,47,101,"Tennessee","Lewis County",5,43,167,77,90
050,47,101,"Tennessee","Lewis County",5,44,159,78,81
050,47,101,"Tennessee","Lewis County",5,45,168,90,78
050,47,101,"Tennessee","Lewis County",5,46,170,95,75
050,47,101,"Tennessee","Lewis County",5,47,142,71,71
050,47,101,"Tennessee","Lewis County",5,48,151,73,78
050,47,101,"Tennessee","Lewis County",5,49,188,93,95
050,47,101,"Tennessee","Lewis County",5,50,164,84,80
050,47,101,"Tennessee","Lewis County",5,51,171,87,84
050,47,101,"Tennessee","Lewis County",5,52,182,88,94
050,47,101,"Tennessee","Lewis County",5,53,176,84,92
050,47,101,"Tennessee","Lewis County",5,54,162,84,78
050,47,101,"Tennessee","Lewis County",5,55,140,63,77
050,47,101,"Tennessee","Lewis County",5,56,144,70,74
050,47,101,"Tennessee","Lewis County",5,57,150,69,81
050,47,101,"Tennessee","Lewis County",5,58,150,77,73
050,47,101,"Tennessee","Lewis County",5,59,191,99,92
050,47,101,"Tennessee","Lewis County",5,60,188,97,91
050,47,101,"Tennessee","Lewis County",5,61,177,79,98
050,47,101,"Tennessee","Lewis County",5,62,184,81,103
050,47,101,"Tennessee","Lewis County",5,63,187,93,94
050,47,101,"Tennessee","Lewis County",5,64,177,90,87
050,47,101,"Tennessee","Lewis County",5,65,190,85,105
050,47,101,"Tennessee","Lewis County",5,66,198,91,107
050,47,101,"Tennessee","Lewis County",5,67,181,90,91
050,47,101,"Tennessee","Lewis County",5,68,185,86,99
050,47,101,"Tennessee","Lewis County",5,69,174,83,91
050,47,101,"Tennessee","Lewis County",5,70,165,73,92
050,47,101,"Tennessee","Lewis County",5,71,154,65,89
050,47,101,"Tennessee","Lewis County",5,72,135,53,82
050,47,101,"Tennessee","Lewis County",5,73,135,65,70
050,47,101,"Tennessee","Lewis County",5,74,153,69,84
050,47,101,"Tennessee","Lewis County",5,75,135,58,77
050,47,101,"Tennessee","Lewis County",5,76,133,65,68
050,47,101,"Tennessee","Lewis County",5,77,95,48,47
050,47,101,"Tennessee","Lewis County",5,78,79,40,39
050,47,101,"Tennessee","Lewis County",5,79,75,34,41
050,47,101,"Tennessee","Lewis County",5,80,87,44,43
050,47,101,"Tennessee","Lewis County",5,81,68,25,43
050,47,101,"Tennessee","Lewis County",5,82,62,26,36
050,47,101,"Tennessee","Lewis County",5,83,58,25,33
050,47,101,"Tennessee","Lewis County",5,84,59,22,37
050,47,101,"Tennessee","Lewis County",5,85,292,96,196
050,47,103,"Tennessee","Lincoln County",1,0,372,188,184
050,47,103,"Tennessee","Lincoln County",1,1,371,184,187
050,47,103,"Tennessee","Lincoln County",1,2,398,194,204
050,47,103,"Tennessee","Lincoln County",1,3,399,206,193
050,47,103,"Tennessee","Lincoln County",1,4,404,213,191
050,47,103,"Tennessee","Lincoln County",1,5,397,198,199
050,47,103,"Tennessee","Lincoln County",1,6,411,187,224
050,47,103,"Tennessee","Lincoln County",1,7,415,193,222
050,47,103,"Tennessee","Lincoln County",1,8,395,206,189
050,47,103,"Tennessee","Lincoln County",1,9,405,222,183
050,47,103,"Tennessee","Lincoln County",1,10,457,242,215
050,47,103,"Tennessee","Lincoln County",1,11,489,245,244
050,47,103,"Tennessee","Lincoln County",1,12,546,266,280
050,47,103,"Tennessee","Lincoln County",1,13,525,248,277
050,47,103,"Tennessee","Lincoln County",1,14,487,249,238
050,47,103,"Tennessee","Lincoln County",1,15,501,259,242
050,47,103,"Tennessee","Lincoln County",1,16,478,252,226
050,47,103,"Tennessee","Lincoln County",1,17,482,261,221
050,47,103,"Tennessee","Lincoln County",1,18,391,225,166
050,47,103,"Tennessee","Lincoln County",1,19,310,169,141
050,47,103,"Tennessee","Lincoln County",1,20,356,194,162
050,47,103,"Tennessee","Lincoln County",1,21,358,178,180
050,47,103,"Tennessee","Lincoln County",1,22,377,204,173
050,47,103,"Tennessee","Lincoln County",1,23,368,185,183
050,47,103,"Tennessee","Lincoln County",1,24,368,195,173
050,47,103,"Tennessee","Lincoln County",1,25,375,208,167
050,47,103,"Tennessee","Lincoln County",1,26,371,192,179
050,47,103,"Tennessee","Lincoln County",1,27,414,212,202
050,47,103,"Tennessee","Lincoln County",1,28,425,210,215
050,47,103,"Tennessee","Lincoln County",1,29,445,225,220
050,47,103,"Tennessee","Lincoln County",1,30,392,201,191
050,47,103,"Tennessee","Lincoln County",1,31,402,194,208
050,47,103,"Tennessee","Lincoln County",1,32,363,171,192
050,47,103,"Tennessee","Lincoln County",1,33,379,176,203
050,47,103,"Tennessee","Lincoln County",1,34,391,198,193
050,47,103,"Tennessee","Lincoln County",1,35,406,207,199
050,47,103,"Tennessee","Lincoln County",1,36,424,221,203
050,47,103,"Tennessee","Lincoln County",1,37,421,210,211
050,47,103,"Tennessee","Lincoln County",1,38,419,217,202
050,47,103,"Tennessee","Lincoln County",1,39,438,214,224
050,47,103,"Tennessee","Lincoln County",1,40,439,223,216
050,47,103,"Tennessee","Lincoln County",1,41,400,201,199
050,47,103,"Tennessee","Lincoln County",1,42,386,192,194
050,47,103,"Tennessee","Lincoln County",1,43,410,216,194
050,47,103,"Tennessee","Lincoln County",1,44,379,192,187
050,47,103,"Tennessee","Lincoln County",1,45,370,189,181
050,47,103,"Tennessee","Lincoln County",1,46,401,198,203
050,47,103,"Tennessee","Lincoln County",1,47,433,209,224
050,47,103,"Tennessee","Lincoln County",1,48,450,214,236
050,47,103,"Tennessee","Lincoln County",1,49,496,243,253
050,47,103,"Tennessee","Lincoln County",1,50,498,245,253
050,47,103,"Tennessee","Lincoln County",1,51,448,227,221
050,47,103,"Tennessee","Lincoln County",1,52,481,236,245
050,47,103,"Tennessee","Lincoln County",1,53,483,246,237
050,47,103,"Tennessee","Lincoln County",1,54,479,242,237
050,47,103,"Tennessee","Lincoln County",1,55,532,267,265
050,47,103,"Tennessee","Lincoln County",1,56,520,257,263
050,47,103,"Tennessee","Lincoln County",1,57,533,276,257
050,47,103,"Tennessee","Lincoln County",1,58,552,285,267
050,47,103,"Tennessee","Lincoln County",1,59,536,273,263
050,47,103,"Tennessee","Lincoln County",1,60,563,283,280
050,47,103,"Tennessee","Lincoln County",1,61,530,265,265
050,47,103,"Tennessee","Lincoln County",1,62,553,275,278
050,47,103,"Tennessee","Lincoln County",1,63,521,250,271
050,47,103,"Tennessee","Lincoln County",1,64,505,242,263
050,47,103,"Tennessee","Lincoln County",1,65,482,236,246
050,47,103,"Tennessee","Lincoln County",1,66,454,212,242
050,47,103,"Tennessee","Lincoln County",1,67,454,207,247
050,47,103,"Tennessee","Lincoln County",1,68,453,224,229
050,47,103,"Tennessee","Lincoln County",1,69,392,190,202
050,47,103,"Tennessee","Lincoln County",1,70,382,185,197
050,47,103,"Tennessee","Lincoln County",1,71,399,188,211
050,47,103,"Tennessee","Lincoln County",1,72,377,163,214
050,47,103,"Tennessee","Lincoln County",1,73,365,154,211
050,47,103,"Tennessee","Lincoln County",1,74,280,121,159
050,47,103,"Tennessee","Lincoln County",1,75,274,122,152
050,47,103,"Tennessee","Lincoln County",1,76,278,123,155
050,47,103,"Tennessee","Lincoln County",1,77,316,145,171
050,47,103,"Tennessee","Lincoln County",1,78,236,94,142
050,47,103,"Tennessee","Lincoln County",1,79,236,91,145
050,47,103,"Tennessee","Lincoln County",1,80,193,85,108
050,47,103,"Tennessee","Lincoln County",1,81,179,80,99
050,47,103,"Tennessee","Lincoln County",1,82,187,81,106
050,47,103,"Tennessee","Lincoln County",1,83,180,78,102
050,47,103,"Tennessee","Lincoln County",1,84,123,54,69
050,47,103,"Tennessee","Lincoln County",1,85,657,240,417
050,47,103,"Tennessee","Lincoln County",2,0,367,189,178
050,47,103,"Tennessee","Lincoln County",2,1,368,182,186
050,47,103,"Tennessee","Lincoln County",2,2,388,190,198
050,47,103,"Tennessee","Lincoln County",2,3,399,204,195
050,47,103,"Tennessee","Lincoln County",2,4,403,212,191
050,47,103,"Tennessee","Lincoln County",2,5,402,203,199
050,47,103,"Tennessee","Lincoln County",2,6,415,193,222
050,47,103,"Tennessee","Lincoln County",2,7,413,192,221
050,47,103,"Tennessee","Lincoln County",2,8,400,204,196
050,47,103,"Tennessee","Lincoln County",2,9,404,217,187
050,47,103,"Tennessee","Lincoln County",2,10,447,238,209
050,47,103,"Tennessee","Lincoln County",2,11,480,242,238
050,47,103,"Tennessee","Lincoln County",2,12,533,260,273
050,47,103,"Tennessee","Lincoln County",2,13,524,250,274
050,47,103,"Tennessee","Lincoln County",2,14,495,250,245
050,47,103,"Tennessee","Lincoln County",2,15,503,260,243
050,47,103,"Tennessee","Lincoln County",2,16,486,255,231
050,47,103,"Tennessee","Lincoln County",2,17,484,261,223
050,47,103,"Tennessee","Lincoln County",2,18,392,225,167
050,47,103,"Tennessee","Lincoln County",2,19,313,172,141
050,47,103,"Tennessee","Lincoln County",2,20,356,192,164
050,47,103,"Tennessee","Lincoln County",2,21,361,185,176
050,47,103,"Tennessee","Lincoln County",2,22,378,202,176
050,47,103,"Tennessee","Lincoln County",2,23,372,190,182
050,47,103,"Tennessee","Lincoln County",2,24,367,193,174
050,47,103,"Tennessee","Lincoln County",2,25,376,207,169
050,47,103,"Tennessee","Lincoln County",2,26,372,195,177
050,47,103,"Tennessee","Lincoln County",2,27,404,206,198
050,47,103,"Tennessee","Lincoln County",2,28,421,210,211
050,47,103,"Tennessee","Lincoln County",2,29,443,222,221
050,47,103,"Tennessee","Lincoln County",2,30,412,210,202
050,47,103,"Tennessee","Lincoln County",2,31,399,196,203
050,47,103,"Tennessee","Lincoln County",2,32,371,175,196
050,47,103,"Tennessee","Lincoln County",2,33,372,177,195
050,47,103,"Tennessee","Lincoln County",2,34,387,193,194
050,47,103,"Tennessee","Lincoln County",2,35,403,205,198
050,47,103,"Tennessee","Lincoln County",2,36,417,215,202
050,47,103,"Tennessee","Lincoln County",2,37,424,214,210
050,47,103,"Tennessee","Lincoln County",2,38,420,215,205
050,47,103,"Tennessee","Lincoln County",2,39,437,217,220
050,47,103,"Tennessee","Lincoln County",2,40,440,221,219
050,47,103,"Tennessee","Lincoln County",2,41,407,204,203
050,47,103,"Tennessee","Lincoln County",2,42,389,195,194
050,47,103,"Tennessee","Lincoln County",2,43,409,213,196
050,47,103,"Tennessee","Lincoln County",2,44,384,197,187
050,47,103,"Tennessee","Lincoln County",2,45,374,191,183
050,47,103,"Tennessee","Lincoln County",2,46,393,196,197
050,47,103,"Tennessee","Lincoln County",2,47,423,204,219
050,47,103,"Tennessee","Lincoln County",2,48,443,211,232
050,47,103,"Tennessee","Lincoln County",2,49,488,240,248
050,47,103,"Tennessee","Lincoln County",2,50,500,247,253
050,47,103,"Tennessee","Lincoln County",2,51,457,227,230
050,47,103,"Tennessee","Lincoln County",2,52,473,233,240
050,47,103,"Tennessee","Lincoln County",2,53,482,244,238
050,47,103,"Tennessee","Lincoln County",2,54,477,240,237
050,47,103,"Tennessee","Lincoln County",2,55,522,261,261
050,47,103,"Tennessee","Lincoln County",2,56,528,262,266
050,47,103,"Tennessee","Lincoln County",2,57,529,270,259
050,47,103,"Tennessee","Lincoln County",2,58,545,281,264
050,47,103,"Tennessee","Lincoln County",2,59,544,280,264
050,47,103,"Tennessee","Lincoln County",2,60,557,284,273
050,47,103,"Tennessee","Lincoln County",2,61,536,268,268
050,47,103,"Tennessee","Lincoln County",2,62,542,268,274
050,47,103,"Tennessee","Lincoln County",2,63,535,259,276
050,47,103,"Tennessee","Lincoln County",2,64,503,241,262
050,47,103,"Tennessee","Lincoln County",2,65,481,235,246
050,47,103,"Tennessee","Lincoln County",2,66,464,217,247
050,47,103,"Tennessee","Lincoln County",2,67,451,206,245
050,47,103,"Tennessee","Lincoln County",2,68,447,215,232
050,47,103,"Tennessee","Lincoln County",2,69,410,200,210
050,47,103,"Tennessee","Lincoln County",2,70,382,184,198
050,47,103,"Tennessee","Lincoln County",2,71,395,186,209
050,47,103,"Tennessee","Lincoln County",2,72,377,165,212
050,47,103,"Tennessee","Lincoln County",2,73,383,164,219
050,47,103,"Tennessee","Lincoln County",2,74,277,120,157
050,47,103,"Tennessee","Lincoln County",2,75,274,121,153
050,47,103,"Tennessee","Lincoln County",2,76,274,120,154
050,47,103,"Tennessee","Lincoln County",2,77,307,142,165
050,47,103,"Tennessee","Lincoln County",2,78,249,102,147
050,47,103,"Tennessee","Lincoln County",2,79,232,91,141
050,47,103,"Tennessee","Lincoln County",2,80,203,85,118
050,47,103,"Tennessee","Lincoln County",2,81,176,78,98
050,47,103,"Tennessee","Lincoln County",2,82,183,82,101
050,47,103,"Tennessee","Lincoln County",2,83,177,75,102
050,47,103,"Tennessee","Lincoln County",2,84,134,59,75
050,47,103,"Tennessee","Lincoln County",2,85,667,245,422
050,47,103,"Tennessee","Lincoln County",3,0,365,178,187
050,47,103,"Tennessee","Lincoln County",3,1,381,195,186
050,47,103,"Tennessee","Lincoln County",3,2,378,191,187
050,47,103,"Tennessee","Lincoln County",3,3,391,191,200
050,47,103,"Tennessee","Lincoln County",3,4,405,208,197
050,47,103,"Tennessee","Lincoln County",3,5,420,222,198
050,47,103,"Tennessee","Lincoln County",3,6,402,209,193
050,47,103,"Tennessee","Lincoln County",3,7,410,197,213
050,47,103,"Tennessee","Lincoln County",3,8,407,181,226
050,47,103,"Tennessee","Lincoln County",3,9,398,203,195
050,47,103,"Tennessee","Lincoln County",3,10,411,220,191
050,47,103,"Tennessee","Lincoln County",3,11,454,241,213
050,47,103,"Tennessee","Lincoln County",3,12,497,249,248
050,47,103,"Tennessee","Lincoln County",3,13,542,269,273
050,47,103,"Tennessee","Lincoln County",3,14,522,258,264
050,47,103,"Tennessee","Lincoln County",3,15,505,256,249
050,47,103,"Tennessee","Lincoln County",3,16,507,255,252
050,47,103,"Tennessee","Lincoln County",3,17,495,253,242
050,47,103,"Tennessee","Lincoln County",3,18,418,233,185
050,47,103,"Tennessee","Lincoln County",3,19,328,182,146
050,47,103,"Tennessee","Lincoln County",3,20,353,187,166
050,47,103,"Tennessee","Lincoln County",3,21,387,211,176
050,47,103,"Tennessee","Lincoln County",3,22,382,196,186
050,47,103,"Tennessee","Lincoln County",3,23,384,199,185
050,47,103,"Tennessee","Lincoln County",3,24,392,198,194
050,47,103,"Tennessee","Lincoln County",3,25,382,202,180
050,47,103,"Tennessee","Lincoln County",3,26,387,213,174
050,47,103,"Tennessee","Lincoln County",3,27,379,205,174
050,47,103,"Tennessee","Lincoln County",3,28,397,200,197
050,47,103,"Tennessee","Lincoln County",3,29,422,203,219
050,47,103,"Tennessee","Lincoln County",3,30,436,225,211
050,47,103,"Tennessee","Lincoln County",3,31,408,203,205
050,47,103,"Tennessee","Lincoln County",3,32,400,201,199
050,47,103,"Tennessee","Lincoln County",3,33,388,192,196
050,47,103,"Tennessee","Lincoln County",3,34,385,179,206
050,47,103,"Tennessee","Lincoln County",3,35,377,185,192
050,47,103,"Tennessee","Lincoln County",3,36,411,206,205
050,47,103,"Tennessee","Lincoln County",3,37,424,220,204
050,47,103,"Tennessee","Lincoln County",3,38,413,211,202
050,47,103,"Tennessee","Lincoln County",3,39,413,205,208
050,47,103,"Tennessee","Lincoln County",3,40,434,218,216
050,47,103,"Tennessee","Lincoln County",3,41,433,219,214
050,47,103,"Tennessee","Lincoln County",3,42,401,204,197
050,47,103,"Tennessee","Lincoln County",3,43,394,191,203
050,47,103,"Tennessee","Lincoln County",3,44,413,210,203
050,47,103,"Tennessee","Lincoln County",3,45,394,207,187
050,47,103,"Tennessee","Lincoln County",3,46,384,195,189
050,47,103,"Tennessee","Lincoln County",3,47,381,188,193
050,47,103,"Tennessee","Lincoln County",3,48,422,205,217
050,47,103,"Tennessee","Lincoln County",3,49,438,211,227
050,47,103,"Tennessee","Lincoln County",3,50,487,240,247
050,47,103,"Tennessee","Lincoln County",3,51,507,248,259
050,47,103,"Tennessee","Lincoln County",3,52,485,237,248
050,47,103,"Tennessee","Lincoln County",3,53,476,235,241
050,47,103,"Tennessee","Lincoln County",3,54,471,241,230
050,47,103,"Tennessee","Lincoln County",3,55,487,244,243
050,47,103,"Tennessee","Lincoln County",3,56,514,256,258
050,47,103,"Tennessee","Lincoln County",3,57,515,257,258
050,47,103,"Tennessee","Lincoln County",3,58,525,273,252
050,47,103,"Tennessee","Lincoln County",3,59,546,283,263
050,47,103,"Tennessee","Lincoln County",3,60,546,275,271
050,47,103,"Tennessee","Lincoln County",3,61,542,278,264
050,47,103,"Tennessee","Lincoln County",3,62,532,266,266
050,47,103,"Tennessee","Lincoln County",3,63,546,263,283
050,47,103,"Tennessee","Lincoln County",3,64,524,257,267
050,47,103,"Tennessee","Lincoln County",3,65,483,226,257
050,47,103,"Tennessee","Lincoln County",3,66,483,240,243
050,47,103,"Tennessee","Lincoln County",3,67,455,211,244
050,47,103,"Tennessee","Lincoln County",3,68,447,203,244
050,47,103,"Tennessee","Lincoln County",3,69,443,211,232
050,47,103,"Tennessee","Lincoln County",3,70,406,195,211
050,47,103,"Tennessee","Lincoln County",3,71,373,175,198
050,47,103,"Tennessee","Lincoln County",3,72,383,176,207
050,47,103,"Tennessee","Lincoln County",3,73,375,162,213
050,47,103,"Tennessee","Lincoln County",3,74,375,162,213
050,47,103,"Tennessee","Lincoln County",3,75,264,117,147
050,47,103,"Tennessee","Lincoln County",3,76,263,112,151
050,47,103,"Tennessee","Lincoln County",3,77,260,110,150
050,47,103,"Tennessee","Lincoln County",3,78,294,131,163
050,47,103,"Tennessee","Lincoln County",3,79,228,94,134
050,47,103,"Tennessee","Lincoln County",3,80,222,85,137
050,47,103,"Tennessee","Lincoln County",3,81,191,83,108
050,47,103,"Tennessee","Lincoln County",3,82,154,66,88
050,47,103,"Tennessee","Lincoln County",3,83,166,71,95
050,47,103,"Tennessee","Lincoln County",3,84,160,62,98
050,47,103,"Tennessee","Lincoln County",3,85,657,252,405
050,47,103,"Tennessee","Lincoln County",4,0,396,196,200
050,47,103,"Tennessee","Lincoln County",4,1,399,209,190
050,47,103,"Tennessee","Lincoln County",4,2,396,201,195
050,47,103,"Tennessee","Lincoln County",4,3,402,202,200
050,47,103,"Tennessee","Lincoln County",4,4,399,198,201
050,47,103,"Tennessee","Lincoln County",4,5,415,212,203
050,47,103,"Tennessee","Lincoln County",4,6,438,232,206
050,47,103,"Tennessee","Lincoln County",4,7,429,224,205
050,47,103,"Tennessee","Lincoln County",4,8,430,203,227
050,47,103,"Tennessee","Lincoln County",4,9,441,196,245
050,47,103,"Tennessee","Lincoln County",4,10,424,219,205
050,47,103,"Tennessee","Lincoln County",4,11,422,228,194
050,47,103,"Tennessee","Lincoln County",4,12,472,247,225
050,47,103,"Tennessee","Lincoln County",4,13,521,270,251
050,47,103,"Tennessee","Lincoln County",4,14,565,276,289
050,47,103,"Tennessee","Lincoln County",4,15,546,274,272
050,47,103,"Tennessee","Lincoln County",4,16,504,254,250
050,47,103,"Tennessee","Lincoln County",4,17,530,260,270
050,47,103,"Tennessee","Lincoln County",4,18,428,232,196
050,47,103,"Tennessee","Lincoln County",4,19,325,179,146
050,47,103,"Tennessee","Lincoln County",4,20,347,188,159
050,47,103,"Tennessee","Lincoln County",4,21,353,191,162
050,47,103,"Tennessee","Lincoln County",4,22,403,221,182
050,47,103,"Tennessee","Lincoln County",4,23,379,197,182
050,47,103,"Tennessee","Lincoln County",4,24,396,202,194
050,47,103,"Tennessee","Lincoln County",4,25,401,203,198
050,47,103,"Tennessee","Lincoln County",4,26,400,204,196
050,47,103,"Tennessee","Lincoln County",4,27,390,215,175
050,47,103,"Tennessee","Lincoln County",4,28,385,212,173
050,47,103,"Tennessee","Lincoln County",4,29,418,211,207
050,47,103,"Tennessee","Lincoln County",4,30,448,216,232
050,47,103,"Tennessee","Lincoln County",4,31,421,218,203
050,47,103,"Tennessee","Lincoln County",4,32,434,218,216
050,47,103,"Tennessee","Lincoln County",4,33,425,211,214
050,47,103,"Tennessee","Lincoln County",4,34,407,200,207
050,47,103,"Tennessee","Lincoln County",4,35,395,183,212
050,47,103,"Tennessee","Lincoln County",4,36,381,182,199
050,47,103,"Tennessee","Lincoln County",4,37,417,210,207
050,47,103,"Tennessee","Lincoln County",4,38,438,226,212
050,47,103,"Tennessee","Lincoln County",4,39,426,208,218
050,47,103,"Tennessee","Lincoln County",4,40,425,213,212
050,47,103,"Tennessee","Lincoln County",4,41,439,213,226
050,47,103,"Tennessee","Lincoln County",4,42,454,233,221
050,47,103,"Tennessee","Lincoln County",4,43,411,207,204
050,47,103,"Tennessee","Lincoln County",4,44,401,193,208
050,47,103,"Tennessee","Lincoln County",4,45,422,223,199
050,47,103,"Tennessee","Lincoln County",4,46,394,201,193
050,47,103,"Tennessee","Lincoln County",4,47,377,183,194
050,47,103,"Tennessee","Lincoln County",4,48,387,191,196
050,47,103,"Tennessee","Lincoln County",4,49,433,209,224
050,47,103,"Tennessee","Lincoln County",4,50,441,219,222
050,47,103,"Tennessee","Lincoln County",4,51,486,239,247
050,47,103,"Tennessee","Lincoln County",4,52,524,260,264
050,47,103,"Tennessee","Lincoln County",4,53,494,240,254
050,47,103,"Tennessee","Lincoln County",4,54,491,240,251
050,47,103,"Tennessee","Lincoln County",4,55,485,243,242
050,47,103,"Tennessee","Lincoln County",4,56,484,248,236
050,47,103,"Tennessee","Lincoln County",4,57,525,257,268
050,47,103,"Tennessee","Lincoln County",4,58,534,268,266
050,47,103,"Tennessee","Lincoln County",4,59,521,277,244
050,47,103,"Tennessee","Lincoln County",4,60,546,282,264
050,47,103,"Tennessee","Lincoln County",4,61,540,267,273
050,47,103,"Tennessee","Lincoln County",4,62,539,276,263
050,47,103,"Tennessee","Lincoln County",4,63,536,268,268
050,47,103,"Tennessee","Lincoln County",4,64,545,259,286
050,47,103,"Tennessee","Lincoln County",4,65,511,255,256
050,47,103,"Tennessee","Lincoln County",4,66,476,225,251
050,47,103,"Tennessee","Lincoln County",4,67,476,231,245
050,47,103,"Tennessee","Lincoln County",4,68,447,215,232
050,47,103,"Tennessee","Lincoln County",4,69,432,190,242
050,47,103,"Tennessee","Lincoln County",4,70,430,204,226
050,47,103,"Tennessee","Lincoln County",4,71,385,184,201
050,47,103,"Tennessee","Lincoln County",4,72,365,164,201
050,47,103,"Tennessee","Lincoln County",4,73,382,174,208
050,47,103,"Tennessee","Lincoln County",4,74,360,159,201
050,47,103,"Tennessee","Lincoln County",4,75,369,157,212
050,47,103,"Tennessee","Lincoln County",4,76,252,110,142
050,47,103,"Tennessee","Lincoln County",4,77,253,106,147
050,47,103,"Tennessee","Lincoln County",4,78,247,101,146
050,47,103,"Tennessee","Lincoln County",4,79,271,125,146
050,47,103,"Tennessee","Lincoln County",4,80,214,91,123
050,47,103,"Tennessee","Lincoln County",4,81,209,77,132
050,47,103,"Tennessee","Lincoln County",4,82,172,73,99
050,47,103,"Tennessee","Lincoln County",4,83,131,51,80
050,47,103,"Tennessee","Lincoln County",4,84,149,59,90
050,47,103,"Tennessee","Lincoln County",4,85,695,270,425
050,47,103,"Tennessee","Lincoln County",5,0,416,202,214
050,47,103,"Tennessee","Lincoln County",5,1,407,190,217
050,47,103,"Tennessee","Lincoln County",5,2,406,204,202
050,47,103,"Tennessee","Lincoln County",5,3,415,209,206
050,47,103,"Tennessee","Lincoln County",5,4,395,202,193
050,47,103,"Tennessee","Lincoln County",5,5,402,205,197
050,47,103,"Tennessee","Lincoln County",5,6,419,221,198
050,47,103,"Tennessee","Lincoln County",5,7,448,238,210
050,47,103,"Tennessee","Lincoln County",5,8,412,212,200
050,47,103,"Tennessee","Lincoln County",5,9,415,189,226
050,47,103,"Tennessee","Lincoln County",5,10,447,200,247
050,47,103,"Tennessee","Lincoln County",5,11,434,225,209
050,47,103,"Tennessee","Lincoln County",5,12,434,234,200
050,47,103,"Tennessee","Lincoln County",5,13,481,249,232
050,47,103,"Tennessee","Lincoln County",5,14,525,269,256
050,47,103,"Tennessee","Lincoln County",5,15,572,286,286
050,47,103,"Tennessee","Lincoln County",5,16,552,282,270
050,47,103,"Tennessee","Lincoln County",5,17,524,259,265
050,47,103,"Tennessee","Lincoln County",5,18,438,220,218
050,47,103,"Tennessee","Lincoln County",5,19,344,184,160
050,47,103,"Tennessee","Lincoln County",5,20,370,204,166
050,47,103,"Tennessee","Lincoln County",5,21,373,206,167
050,47,103,"Tennessee","Lincoln County",5,22,368,193,175
050,47,103,"Tennessee","Lincoln County",5,23,419,236,183
050,47,103,"Tennessee","Lincoln County",5,24,382,195,187
050,47,103,"Tennessee","Lincoln County",5,25,404,212,192
050,47,103,"Tennessee","Lincoln County",5,26,405,193,212
050,47,103,"Tennessee","Lincoln County",5,27,399,194,205
050,47,103,"Tennessee","Lincoln County",5,28,392,217,175
050,47,103,"Tennessee","Lincoln County",5,29,373,193,180
050,47,103,"Tennessee","Lincoln County",5,30,426,217,209
050,47,103,"Tennessee","Lincoln County",5,31,453,226,227
050,47,103,"Tennessee","Lincoln County",5,32,416,216,200
050,47,103,"Tennessee","Lincoln County",5,33,440,216,224
050,47,103,"Tennessee","Lincoln County",5,34,424,214,210
050,47,103,"Tennessee","Lincoln County",5,35,401,198,203
050,47,103,"Tennessee","Lincoln County",5,36,393,180,213
050,47,103,"Tennessee","Lincoln County",5,37,395,189,206
050,47,103,"Tennessee","Lincoln County",5,38,430,215,215
050,47,103,"Tennessee","Lincoln County",5,39,435,222,213
050,47,103,"Tennessee","Lincoln County",5,40,428,213,215
050,47,103,"Tennessee","Lincoln County",5,41,438,217,221
050,47,103,"Tennessee","Lincoln County",5,42,461,223,238
050,47,103,"Tennessee","Lincoln County",5,43,468,244,224
050,47,103,"Tennessee","Lincoln County",5,44,413,210,203
050,47,103,"Tennessee","Lincoln County",5,45,409,200,209
050,47,103,"Tennessee","Lincoln County",5,46,416,217,199
050,47,103,"Tennessee","Lincoln County",5,47,385,196,189
050,47,103,"Tennessee","Lincoln County",5,48,391,189,202
050,47,103,"Tennessee","Lincoln County",5,49,388,194,194
050,47,103,"Tennessee","Lincoln County",5,50,418,199,219
050,47,103,"Tennessee","Lincoln County",5,51,446,216,230
050,47,103,"Tennessee","Lincoln County",5,52,490,244,246
050,47,103,"Tennessee","Lincoln County",5,53,511,259,252
050,47,103,"Tennessee","Lincoln County",5,54,502,247,255
050,47,103,"Tennessee","Lincoln County",5,55,476,236,240
050,47,103,"Tennessee","Lincoln County",5,56,478,240,238
050,47,103,"Tennessee","Lincoln County",5,57,489,250,239
050,47,103,"Tennessee","Lincoln County",5,58,548,265,283
050,47,103,"Tennessee","Lincoln County",5,59,528,262,266
050,47,103,"Tennessee","Lincoln County",5,60,515,274,241
050,47,103,"Tennessee","Lincoln County",5,61,545,281,264
050,47,103,"Tennessee","Lincoln County",5,62,537,264,273
050,47,103,"Tennessee","Lincoln County",5,63,544,279,265
050,47,103,"Tennessee","Lincoln County",5,64,553,277,276
050,47,103,"Tennessee","Lincoln County",5,65,539,262,277
050,47,103,"Tennessee","Lincoln County",5,66,501,253,248
050,47,103,"Tennessee","Lincoln County",5,67,466,219,247
050,47,103,"Tennessee","Lincoln County",5,68,468,227,241
050,47,103,"Tennessee","Lincoln County",5,69,440,209,231
050,47,103,"Tennessee","Lincoln County",5,70,424,183,241
050,47,103,"Tennessee","Lincoln County",5,71,417,197,220
050,47,103,"Tennessee","Lincoln County",5,72,379,178,201
050,47,103,"Tennessee","Lincoln County",5,73,354,159,195
050,47,103,"Tennessee","Lincoln County",5,74,365,164,201
050,47,103,"Tennessee","Lincoln County",5,75,352,156,196
050,47,103,"Tennessee","Lincoln County",5,76,354,150,204
050,47,103,"Tennessee","Lincoln County",5,77,237,103,134
050,47,103,"Tennessee","Lincoln County",5,78,245,102,143
050,47,103,"Tennessee","Lincoln County",5,79,231,93,138
050,47,103,"Tennessee","Lincoln County",5,80,249,118,131
050,47,103,"Tennessee","Lincoln County",5,81,199,84,115
050,47,103,"Tennessee","Lincoln County",5,82,187,67,120
050,47,103,"Tennessee","Lincoln County",5,83,158,63,95
050,47,103,"Tennessee","Lincoln County",5,84,116,38,78
050,47,103,"Tennessee","Lincoln County",5,85,727,280,447
050,47,105,"Tennessee","Loudon County",1,0,489,250,239
050,47,105,"Tennessee","Loudon County",1,1,485,241,244
050,47,105,"Tennessee","Loudon County",1,2,498,261,237
050,47,105,"Tennessee","Loudon County",1,3,570,306,264
050,47,105,"Tennessee","Loudon County",1,4,576,307,269
050,47,105,"Tennessee","Loudon County",1,5,575,300,275
050,47,105,"Tennessee","Loudon County",1,6,575,308,267
050,47,105,"Tennessee","Loudon County",1,7,573,297,276
050,47,105,"Tennessee","Loudon County",1,8,613,328,285
050,47,105,"Tennessee","Loudon County",1,9,630,336,294
050,47,105,"Tennessee","Loudon County",1,10,632,332,300
050,47,105,"Tennessee","Loudon County",1,11,632,333,299
050,47,105,"Tennessee","Loudon County",1,12,667,353,314
050,47,105,"Tennessee","Loudon County",1,13,651,325,326
050,47,105,"Tennessee","Loudon County",1,14,592,303,289
050,47,105,"Tennessee","Loudon County",1,15,655,324,331
050,47,105,"Tennessee","Loudon County",1,16,645,342,303
050,47,105,"Tennessee","Loudon County",1,17,620,335,285
050,47,105,"Tennessee","Loudon County",1,18,538,312,226
050,47,105,"Tennessee","Loudon County",1,19,444,249,195
050,47,105,"Tennessee","Loudon County",1,20,466,244,222
050,47,105,"Tennessee","Loudon County",1,21,497,263,234
050,47,105,"Tennessee","Loudon County",1,22,508,263,245
050,47,105,"Tennessee","Loudon County",1,23,510,254,256
050,47,105,"Tennessee","Loudon County",1,24,507,261,246
050,47,105,"Tennessee","Loudon County",1,25,529,258,271
050,47,105,"Tennessee","Loudon County",1,26,539,278,261
050,47,105,"Tennessee","Loudon County",1,27,507,269,238
050,47,105,"Tennessee","Loudon County",1,28,556,279,277
050,47,105,"Tennessee","Loudon County",1,29,602,300,302
050,47,105,"Tennessee","Loudon County",1,30,596,312,284
050,47,105,"Tennessee","Loudon County",1,31,559,289,270
050,47,105,"Tennessee","Loudon County",1,32,527,274,253
050,47,105,"Tennessee","Loudon County",1,33,525,268,257
050,47,105,"Tennessee","Loudon County",1,34,548,272,276
050,47,105,"Tennessee","Loudon County",1,35,539,271,268
050,47,105,"Tennessee","Loudon County",1,36,571,294,277
050,47,105,"Tennessee","Loudon County",1,37,537,261,276
050,47,105,"Tennessee","Loudon County",1,38,534,270,264
050,47,105,"Tennessee","Loudon County",1,39,516,264,252
050,47,105,"Tennessee","Loudon County",1,40,531,259,272
050,47,105,"Tennessee","Loudon County",1,41,518,246,272
050,47,105,"Tennessee","Loudon County",1,42,561,279,282
050,47,105,"Tennessee","Loudon County",1,43,538,265,273
050,47,105,"Tennessee","Loudon County",1,44,538,255,283
050,47,105,"Tennessee","Loudon County",1,45,597,280,317
050,47,105,"Tennessee","Loudon County",1,46,573,265,308
050,47,105,"Tennessee","Loudon County",1,47,629,300,329
050,47,105,"Tennessee","Loudon County",1,48,668,327,341
050,47,105,"Tennessee","Loudon County",1,49,755,364,391
050,47,105,"Tennessee","Loudon County",1,50,709,342,367
050,47,105,"Tennessee","Loudon County",1,51,702,345,357
050,47,105,"Tennessee","Loudon County",1,52,684,333,351
050,47,105,"Tennessee","Loudon County",1,53,710,352,358
050,47,105,"Tennessee","Loudon County",1,54,706,342,364
050,47,105,"Tennessee","Loudon County",1,55,768,380,388
050,47,105,"Tennessee","Loudon County",1,56,796,394,402
050,47,105,"Tennessee","Loudon County",1,57,782,388,394
050,47,105,"Tennessee","Loudon County",1,58,809,403,406
050,47,105,"Tennessee","Loudon County",1,59,807,415,392
050,47,105,"Tennessee","Loudon County",1,60,855,411,444
050,47,105,"Tennessee","Loudon County",1,61,903,430,473
050,47,105,"Tennessee","Loudon County",1,62,918,440,478
050,47,105,"Tennessee","Loudon County",1,63,935,435,500
050,47,105,"Tennessee","Loudon County",1,64,942,431,511
050,47,105,"Tennessee","Loudon County",1,65,935,462,473
050,47,105,"Tennessee","Loudon County",1,66,901,433,468
050,47,105,"Tennessee","Loudon County",1,67,931,467,464
050,47,105,"Tennessee","Loudon County",1,68,905,435,470
050,47,105,"Tennessee","Loudon County",1,69,877,413,464
050,47,105,"Tennessee","Loudon County",1,70,818,390,428
050,47,105,"Tennessee","Loudon County",1,71,844,386,458
050,47,105,"Tennessee","Loudon County",1,72,941,453,488
050,47,105,"Tennessee","Loudon County",1,73,972,482,490
050,47,105,"Tennessee","Loudon County",1,74,653,329,324
050,47,105,"Tennessee","Loudon County",1,75,592,287,305
050,47,105,"Tennessee","Loudon County",1,76,622,308,314
050,47,105,"Tennessee","Loudon County",1,77,645,303,342
050,47,105,"Tennessee","Loudon County",1,78,540,269,271
050,47,105,"Tennessee","Loudon County",1,79,493,251,242
050,47,105,"Tennessee","Loudon County",1,80,413,204,209
050,47,105,"Tennessee","Loudon County",1,81,378,187,191
050,47,105,"Tennessee","Loudon County",1,82,339,164,175
050,47,105,"Tennessee","Loudon County",1,83,275,130,145
050,47,105,"Tennessee","Loudon County",1,84,241,114,127
050,47,105,"Tennessee","Loudon County",1,85,1305,505,800
050,47,105,"Tennessee","Loudon County",2,0,482,238,244
050,47,105,"Tennessee","Loudon County",2,1,483,242,241
050,47,105,"Tennessee","Loudon County",2,2,498,256,242
050,47,105,"Tennessee","Loudon County",2,3,551,295,256
050,47,105,"Tennessee","Loudon County",2,4,574,307,267
050,47,105,"Tennessee","Loudon County",2,5,578,304,274
050,47,105,"Tennessee","Loudon County",2,6,579,308,271
050,47,105,"Tennessee","Loudon County",2,7,573,300,273
050,47,105,"Tennessee","Loudon County",2,8,604,321,283
050,47,105,"Tennessee","Loudon County",2,9,629,335,294
050,47,105,"Tennessee","Loudon County",2,10,634,335,299
050,47,105,"Tennessee","Loudon County",2,11,631,333,298
050,47,105,"Tennessee","Loudon County",2,12,665,352,313
050,47,105,"Tennessee","Loudon County",2,13,657,332,325
050,47,105,"Tennessee","Loudon County",2,14,613,309,304
050,47,105,"Tennessee","Loudon County",2,15,642,321,321
050,47,105,"Tennessee","Loudon County",2,16,651,339,312
050,47,105,"Tennessee","Loudon County",2,17,629,340,289
050,47,105,"Tennessee","Loudon County",2,18,533,306,227
050,47,105,"Tennessee","Loudon County",2,19,446,253,193
050,47,105,"Tennessee","Loudon County",2,20,474,252,222
050,47,105,"Tennessee","Loudon County",2,21,491,258,233
050,47,105,"Tennessee","Loudon County",2,22,507,263,244
050,47,105,"Tennessee","Loudon County",2,23,514,260,254
050,47,105,"Tennessee","Loudon County",2,24,509,259,250
050,47,105,"Tennessee","Loudon County",2,25,529,261,268
050,47,105,"Tennessee","Loudon County",2,26,539,276,263
050,47,105,"Tennessee","Loudon County",2,27,516,271,245
050,47,105,"Tennessee","Loudon County",2,28,547,277,270
050,47,105,"Tennessee","Loudon County",2,29,593,296,297
050,47,105,"Tennessee","Loudon County",2,30,602,310,292
050,47,105,"Tennessee","Loudon County",2,31,567,296,271
050,47,105,"Tennessee","Loudon County",2,32,537,280,257
050,47,105,"Tennessee","Loudon County",2,33,524,268,256
050,47,105,"Tennessee","Loudon County",2,34,547,273,274
050,47,105,"Tennessee","Loudon County",2,35,548,274,274
050,47,105,"Tennessee","Loudon County",2,36,561,291,270
050,47,105,"Tennessee","Loudon County",2,37,547,271,276
050,47,105,"Tennessee","Loudon County",2,38,536,272,264
050,47,105,"Tennessee","Loudon County",2,39,518,265,253
050,47,105,"Tennessee","Loudon County",2,40,530,261,269
050,47,105,"Tennessee","Loudon County",2,41,521,248,273
050,47,105,"Tennessee","Loudon County",2,42,547,270,277
050,47,105,"Tennessee","Loudon County",2,43,545,268,277
050,47,105,"Tennessee","Loudon County",2,44,533,254,279
050,47,105,"Tennessee","Loudon County",2,45,584,274,310
050,47,105,"Tennessee","Loudon County",2,46,578,267,311
050,47,105,"Tennessee","Loudon County",2,47,617,294,323
050,47,105,"Tennessee","Loudon County",2,48,663,323,340
050,47,105,"Tennessee","Loudon County",2,49,742,359,383
050,47,105,"Tennessee","Loudon County",2,50,724,348,376
050,47,105,"Tennessee","Loudon County",2,51,706,343,363
050,47,105,"Tennessee","Loudon County",2,52,694,340,354
050,47,105,"Tennessee","Loudon County",2,53,707,347,360
050,47,105,"Tennessee","Loudon County",2,54,712,346,366
050,47,105,"Tennessee","Loudon County",2,55,756,371,385
050,47,105,"Tennessee","Loudon County",2,56,799,397,402
050,47,105,"Tennessee","Loudon County",2,57,796,395,401
050,47,105,"Tennessee","Loudon County",2,58,811,402,409
050,47,105,"Tennessee","Loudon County",2,59,822,419,403
050,47,105,"Tennessee","Loudon County",2,60,852,417,435
050,47,105,"Tennessee","Loudon County",2,61,899,429,470
050,47,105,"Tennessee","Loudon County",2,62,928,445,483
050,47,105,"Tennessee","Loudon County",2,63,953,449,504
050,47,105,"Tennessee","Loudon County",2,64,944,434,510
050,47,105,"Tennessee","Loudon County",2,65,947,459,488
050,47,105,"Tennessee","Loudon County",2,66,927,450,477
050,47,105,"Tennessee","Loudon County",2,67,928,462,466
050,47,105,"Tennessee","Loudon County",2,68,918,446,472
050,47,105,"Tennessee","Loudon County",2,69,896,424,472
050,47,105,"Tennessee","Loudon County",2,70,833,400,433
050,47,105,"Tennessee","Loudon County",2,71,847,392,455
050,47,105,"Tennessee","Loudon County",2,72,904,432,472
050,47,105,"Tennessee","Loudon County",2,73,1015,500,515
050,47,105,"Tennessee","Loudon County",2,74,684,342,342
050,47,105,"Tennessee","Loudon County",2,75,605,297,308
050,47,105,"Tennessee","Loudon County",2,76,611,300,311
050,47,105,"Tennessee","Loudon County",2,77,652,307,345
050,47,105,"Tennessee","Loudon County",2,78,551,270,281
050,47,105,"Tennessee","Loudon County",2,79,494,251,243
050,47,105,"Tennessee","Loudon County",2,80,432,215,217
050,47,105,"Tennessee","Loudon County",2,81,382,189,193
050,47,105,"Tennessee","Loudon County",2,82,344,165,179
050,47,105,"Tennessee","Loudon County",2,83,285,137,148
050,47,105,"Tennessee","Loudon County",2,84,238,112,126
050,47,105,"Tennessee","Loudon County",2,85,1315,509,806
050,47,105,"Tennessee","Loudon County",3,0,564,278,286
050,47,105,"Tennessee","Loudon County",3,1,482,254,228
050,47,105,"Tennessee","Loudon County",3,2,512,250,262
050,47,105,"Tennessee","Loudon County",3,3,509,273,236
050,47,105,"Tennessee","Loudon County",3,4,579,302,277
050,47,105,"Tennessee","Loudon County",3,5,591,316,275
050,47,105,"Tennessee","Loudon County",3,6,572,301,271
050,47,105,"Tennessee","Loudon County",3,7,607,323,284
050,47,105,"Tennessee","Loudon County",3,8,583,302,281
050,47,105,"Tennessee","Loudon County",3,9,626,327,299
050,47,105,"Tennessee","Loudon County",3,10,629,330,299
050,47,105,"Tennessee","Loudon County",3,11,643,328,315
050,47,105,"Tennessee","Loudon County",3,12,639,347,292
050,47,105,"Tennessee","Loudon County",3,13,701,369,332
050,47,105,"Tennessee","Loudon County",3,14,664,342,322
050,47,105,"Tennessee","Loudon County",3,15,622,307,315
050,47,105,"Tennessee","Loudon County",3,16,655,323,332
050,47,105,"Tennessee","Loudon County",3,17,684,362,322
050,47,105,"Tennessee","Loudon County",3,18,557,309,248
050,47,105,"Tennessee","Loudon County",3,19,455,268,187
050,47,105,"Tennessee","Loudon County",3,20,492,269,223
050,47,105,"Tennessee","Loudon County",3,21,492,254,238
050,47,105,"Tennessee","Loudon County",3,22,521,267,254
050,47,105,"Tennessee","Loudon County",3,23,559,288,271
050,47,105,"Tennessee","Loudon County",3,24,550,281,269
050,47,105,"Tennessee","Loudon County",3,25,525,261,264
050,47,105,"Tennessee","Loudon County",3,26,546,268,278
050,47,105,"Tennessee","Loudon County",3,27,571,278,293
050,47,105,"Tennessee","Loudon County",3,28,538,290,248
050,47,105,"Tennessee","Loudon County",3,29,584,299,285
050,47,105,"Tennessee","Loudon County",3,30,628,324,304
050,47,105,"Tennessee","Loudon County",3,31,591,308,283
050,47,105,"Tennessee","Loudon County",3,32,602,300,302
050,47,105,"Tennessee","Loudon County",3,33,536,278,258
050,47,105,"Tennessee","Loudon County",3,34,565,292,273
050,47,105,"Tennessee","Loudon County",3,35,572,280,292
050,47,105,"Tennessee","Loudon County",3,36,591,313,278
050,47,105,"Tennessee","Loudon County",3,37,547,280,267
050,47,105,"Tennessee","Loudon County",3,38,547,267,280
050,47,105,"Tennessee","Loudon County",3,39,558,277,281
050,47,105,"Tennessee","Loudon County",3,40,538,266,272
050,47,105,"Tennessee","Loudon County",3,41,571,272,299
050,47,105,"Tennessee","Loudon County",3,42,526,253,273
050,47,105,"Tennessee","Loudon County",3,43,568,274,294
050,47,105,"Tennessee","Loudon County",3,44,556,274,282
050,47,105,"Tennessee","Loudon County",3,45,532,250,282
050,47,105,"Tennessee","Loudon County",3,46,596,281,315
050,47,105,"Tennessee","Loudon County",3,47,585,266,319
050,47,105,"Tennessee","Loudon County",3,48,634,299,335
050,47,105,"Tennessee","Loudon County",3,49,678,327,351
050,47,105,"Tennessee","Loudon County",3,50,748,366,382
050,47,105,"Tennessee","Loudon County",3,51,745,350,395
050,47,105,"Tennessee","Loudon County",3,52,730,360,370
050,47,105,"Tennessee","Loudon County",3,53,738,343,395
050,47,105,"Tennessee","Loudon County",3,54,723,348,375
050,47,105,"Tennessee","Loudon County",3,55,767,366,401
050,47,105,"Tennessee","Loudon County",3,56,802,392,410
050,47,105,"Tennessee","Loudon County",3,57,830,414,416
050,47,105,"Tennessee","Loudon County",3,58,847,420,427
050,47,105,"Tennessee","Loudon County",3,59,830,412,418
050,47,105,"Tennessee","Loudon County",3,60,910,467,443
050,47,105,"Tennessee","Loudon County",3,61,923,446,477
050,47,105,"Tennessee","Loudon County",3,62,972,462,510
050,47,105,"Tennessee","Loudon County",3,63,991,482,509
050,47,105,"Tennessee","Loudon County",3,64,991,458,533
050,47,105,"Tennessee","Loudon County",3,65,996,465,531
050,47,105,"Tennessee","Loudon County",3,66,975,469,506
050,47,105,"Tennessee","Loudon County",3,67,944,458,486
050,47,105,"Tennessee","Loudon County",3,68,938,466,472
050,47,105,"Tennessee","Loudon County",3,69,935,449,486
050,47,105,"Tennessee","Loudon County",3,70,900,426,474
050,47,105,"Tennessee","Loudon County",3,71,821,394,427
050,47,105,"Tennessee","Loudon County",3,72,845,384,461
050,47,105,"Tennessee","Loudon County",3,73,894,427,467
050,47,105,"Tennessee","Loudon County",3,74,1008,493,515
050,47,105,"Tennessee","Loudon County",3,75,681,332,349
050,47,105,"Tennessee","Loudon County",3,76,595,284,311
050,47,105,"Tennessee","Loudon County",3,77,609,291,318
050,47,105,"Tennessee","Loudon County",3,78,636,290,346
050,47,105,"Tennessee","Loudon County",3,79,535,263,272
050,47,105,"Tennessee","Loudon County",3,80,471,235,236
050,47,105,"Tennessee","Loudon County",3,81,402,199,203
050,47,105,"Tennessee","Loudon County",3,82,353,177,176
050,47,105,"Tennessee","Loudon County",3,83,320,157,163
050,47,105,"Tennessee","Loudon County",3,84,259,126,133
050,47,105,"Tennessee","Loudon County",3,85,1348,532,816
050,47,105,"Tennessee","Loudon County",4,0,535,267,268
050,47,105,"Tennessee","Loudon County",4,1,597,290,307
050,47,105,"Tennessee","Loudon County",4,2,510,264,246
050,47,105,"Tennessee","Loudon County",4,3,546,268,278
050,47,105,"Tennessee","Loudon County",4,4,541,285,256
050,47,105,"Tennessee","Loudon County",4,5,588,305,283
050,47,105,"Tennessee","Loudon County",4,6,590,312,278
050,47,105,"Tennessee","Loudon County",4,7,584,306,278
050,47,105,"Tennessee","Loudon County",4,8,620,315,305
050,47,105,"Tennessee","Loudon County",4,9,604,307,297
050,47,105,"Tennessee","Loudon County",4,10,642,339,303
050,47,105,"Tennessee","Loudon County",4,11,657,341,316
050,47,105,"Tennessee","Loudon County",4,12,651,327,324
050,47,105,"Tennessee","Loudon County",4,13,672,360,312
050,47,105,"Tennessee","Loudon County",4,14,720,384,336
050,47,105,"Tennessee","Loudon County",4,15,663,343,320
050,47,105,"Tennessee","Loudon County",4,16,628,312,316
050,47,105,"Tennessee","Loudon County",4,17,653,323,330
050,47,105,"Tennessee","Loudon County",4,18,582,323,259
050,47,105,"Tennessee","Loudon County",4,19,439,244,195
050,47,105,"Tennessee","Loudon County",4,20,486,285,201
050,47,105,"Tennessee","Loudon County",4,21,513,279,234
050,47,105,"Tennessee","Loudon County",4,22,538,272,266
050,47,105,"Tennessee","Loudon County",4,23,559,291,268
050,47,105,"Tennessee","Loudon County",4,24,568,296,272
050,47,105,"Tennessee","Loudon County",4,25,568,297,271
050,47,105,"Tennessee","Loudon County",4,26,554,281,273
050,47,105,"Tennessee","Loudon County",4,27,562,274,288
050,47,105,"Tennessee","Loudon County",4,28,583,283,300
050,47,105,"Tennessee","Loudon County",4,29,557,293,264
050,47,105,"Tennessee","Loudon County",4,30,619,320,299
050,47,105,"Tennessee","Loudon County",4,31,652,340,312
050,47,105,"Tennessee","Loudon County",4,32,629,330,299
050,47,105,"Tennessee","Loudon County",4,33,597,306,291
050,47,105,"Tennessee","Loudon County",4,34,576,297,279
050,47,105,"Tennessee","Loudon County",4,35,572,294,278
050,47,105,"Tennessee","Loudon County",4,36,602,299,303
050,47,105,"Tennessee","Loudon County",4,37,594,310,284
050,47,105,"Tennessee","Loudon County",4,38,558,288,270
050,47,105,"Tennessee","Loudon County",4,39,557,275,282
050,47,105,"Tennessee","Loudon County",4,40,567,274,293
050,47,105,"Tennessee","Loudon County",4,41,545,265,280
050,47,105,"Tennessee","Loudon County",4,42,578,280,298
050,47,105,"Tennessee","Loudon County",4,43,546,263,283
050,47,105,"Tennessee","Loudon County",4,44,568,267,301
050,47,105,"Tennessee","Loudon County",4,45,590,305,285
050,47,105,"Tennessee","Loudon County",4,46,519,246,273
050,47,105,"Tennessee","Loudon County",4,47,609,285,324
050,47,105,"Tennessee","Loudon County",4,48,604,276,328
050,47,105,"Tennessee","Loudon County",4,49,652,306,346
050,47,105,"Tennessee","Loudon County",4,50,712,345,367
050,47,105,"Tennessee","Loudon County",4,51,771,367,404
050,47,105,"Tennessee","Loudon County",4,52,777,373,404
050,47,105,"Tennessee","Loudon County",4,53,748,372,376
050,47,105,"Tennessee","Loudon County",4,54,784,378,406
050,47,105,"Tennessee","Loudon County",4,55,755,356,399
050,47,105,"Tennessee","Loudon County",4,56,811,384,427
050,47,105,"Tennessee","Loudon County",4,57,831,408,423
050,47,105,"Tennessee","Loudon County",4,58,870,439,431
050,47,105,"Tennessee","Loudon County",4,59,886,425,461
050,47,105,"Tennessee","Loudon County",4,60,869,438,431
050,47,105,"Tennessee","Loudon County",4,61,978,495,483
050,47,105,"Tennessee","Loudon County",4,62,986,476,510
050,47,105,"Tennessee","Loudon County",4,63,1015,484,531
050,47,105,"Tennessee","Loudon County",4,64,1036,501,535
050,47,105,"Tennessee","Loudon County",4,65,1031,465,566
050,47,105,"Tennessee","Loudon County",4,66,1036,486,550
050,47,105,"Tennessee","Loudon County",4,67,1003,477,526
050,47,105,"Tennessee","Loudon County",4,68,964,473,491
050,47,105,"Tennessee","Loudon County",4,69,972,492,480
050,47,105,"Tennessee","Loudon County",4,70,934,448,486
050,47,105,"Tennessee","Loudon County",4,71,897,423,474
050,47,105,"Tennessee","Loudon County",4,72,829,398,431
050,47,105,"Tennessee","Loudon County",4,73,844,393,451
050,47,105,"Tennessee","Loudon County",4,74,870,423,447
050,47,105,"Tennessee","Loudon County",4,75,983,479,504
050,47,105,"Tennessee","Loudon County",4,76,661,313,348
050,47,105,"Tennessee","Loudon County",4,77,584,277,307
050,47,105,"Tennessee","Loudon County",4,78,598,289,309
050,47,105,"Tennessee","Loudon County",4,79,610,284,326
050,47,105,"Tennessee","Loudon County",4,80,507,249,258
050,47,105,"Tennessee","Loudon County",4,81,458,227,231
050,47,105,"Tennessee","Loudon County",4,82,362,174,188
050,47,105,"Tennessee","Loudon County",4,83,325,160,165
050,47,105,"Tennessee","Loudon County",4,84,295,141,154
050,47,105,"Tennessee","Loudon County",4,85,1408,582,826
050,47,105,"Tennessee","Loudon County",5,0,535,268,267
050,47,105,"Tennessee","Loudon County",5,1,559,296,263
050,47,105,"Tennessee","Loudon County",5,2,630,289,341
050,47,105,"Tennessee","Loudon County",5,3,543,285,258
050,47,105,"Tennessee","Loudon County",5,4,586,293,293
050,47,105,"Tennessee","Loudon County",5,5,570,301,269
050,47,105,"Tennessee","Loudon County",5,6,614,309,305
050,47,105,"Tennessee","Loudon County",5,7,601,316,285
050,47,105,"Tennessee","Loudon County",5,8,624,325,299
050,47,105,"Tennessee","Loudon County",5,9,676,335,341
050,47,105,"Tennessee","Loudon County",5,10,630,320,310
050,47,105,"Tennessee","Loudon County",5,11,661,345,316
050,47,105,"Tennessee","Loudon County",5,12,686,356,330
050,47,105,"Tennessee","Loudon County",5,13,662,329,333
050,47,105,"Tennessee","Loudon County",5,14,689,376,313
050,47,105,"Tennessee","Loudon County",5,15,722,379,343
050,47,105,"Tennessee","Loudon County",5,16,697,368,329
050,47,105,"Tennessee","Loudon County",5,17,633,310,323
050,47,105,"Tennessee","Loudon County",5,18,567,290,277
050,47,105,"Tennessee","Loudon County",5,19,499,273,226
050,47,105,"Tennessee","Loudon County",5,20,517,281,236
050,47,105,"Tennessee","Loudon County",5,21,526,302,224
050,47,105,"Tennessee","Loudon County",5,22,576,302,274
050,47,105,"Tennessee","Loudon County",5,23,609,301,308
050,47,105,"Tennessee","Loudon County",5,24,598,320,278
050,47,105,"Tennessee","Loudon County",5,25,626,333,293
050,47,105,"Tennessee","Loudon County",5,26,614,315,299
050,47,105,"Tennessee","Loudon County",5,27,585,298,287
050,47,105,"Tennessee","Loudon County",5,28,607,296,311
050,47,105,"Tennessee","Loudon County",5,29,618,304,314
050,47,105,"Tennessee","Loudon County",5,30,602,339,263
050,47,105,"Tennessee","Loudon County",5,31,649,337,312
050,47,105,"Tennessee","Loudon County",5,32,683,345,338
050,47,105,"Tennessee","Loudon County",5,33,663,344,319
050,47,105,"Tennessee","Loudon County",5,34,628,323,305
050,47,105,"Tennessee","Loudon County",5,35,621,318,303
050,47,105,"Tennessee","Loudon County",5,36,589,308,281
050,47,105,"Tennessee","Loudon County",5,37,619,302,317
050,47,105,"Tennessee","Loudon County",5,38,607,313,294
050,47,105,"Tennessee","Loudon County",5,39,602,320,282
050,47,105,"Tennessee","Loudon County",5,40,579,278,301
050,47,105,"Tennessee","Loudon County",5,41,608,289,319
050,47,105,"Tennessee","Loudon County",5,42,565,287,278
050,47,105,"Tennessee","Loudon County",5,43,602,297,305
050,47,105,"Tennessee","Loudon County",5,44,547,268,279
050,47,105,"Tennessee","Loudon County",5,45,571,257,314
050,47,105,"Tennessee","Loudon County",5,46,597,305,292
050,47,105,"Tennessee","Loudon County",5,47,547,261,286
050,47,105,"Tennessee","Loudon County",5,48,634,293,341
050,47,105,"Tennessee","Loudon County",5,49,603,285,318
050,47,105,"Tennessee","Loudon County",5,50,669,309,360
050,47,105,"Tennessee","Loudon County",5,51,740,345,395
050,47,105,"Tennessee","Loudon County",5,52,801,392,409
050,47,105,"Tennessee","Loudon County",5,53,808,387,421
050,47,105,"Tennessee","Loudon County",5,54,800,385,415
050,47,105,"Tennessee","Loudon County",5,55,814,393,421
050,47,105,"Tennessee","Loudon County",5,56,803,381,422
050,47,105,"Tennessee","Loudon County",5,57,858,391,467
050,47,105,"Tennessee","Loudon County",5,58,877,435,442
050,47,105,"Tennessee","Loudon County",5,59,938,469,469
050,47,105,"Tennessee","Loudon County",5,60,951,464,487
050,47,105,"Tennessee","Loudon County",5,61,955,473,482
050,47,105,"Tennessee","Loudon County",5,62,1064,534,530
050,47,105,"Tennessee","Loudon County",5,63,1062,510,552
050,47,105,"Tennessee","Loudon County",5,64,1051,493,558
050,47,105,"Tennessee","Loudon County",5,65,1111,544,567
050,47,105,"Tennessee","Loudon County",5,66,1061,485,576
050,47,105,"Tennessee","Loudon County",5,67,1062,490,572
050,47,105,"Tennessee","Loudon County",5,68,1014,487,527
050,47,105,"Tennessee","Loudon County",5,69,985,481,504
050,47,105,"Tennessee","Loudon County",5,70,973,485,488
050,47,105,"Tennessee","Loudon County",5,71,940,454,486
050,47,105,"Tennessee","Loudon County",5,72,917,432,485
050,47,105,"Tennessee","Loudon County",5,73,831,403,428
050,47,105,"Tennessee","Loudon County",5,74,844,389,455
050,47,105,"Tennessee","Loudon County",5,75,856,414,442
050,47,105,"Tennessee","Loudon County",5,76,965,465,500
050,47,105,"Tennessee","Loudon County",5,77,647,302,345
050,47,105,"Tennessee","Loudon County",5,78,584,275,309
050,47,105,"Tennessee","Loudon County",5,79,568,273,295
050,47,105,"Tennessee","Loudon County",5,80,561,267,294
050,47,105,"Tennessee","Loudon County",5,81,490,241,249
050,47,105,"Tennessee","Loudon County",5,82,433,212,221
050,47,105,"Tennessee","Loudon County",5,83,355,170,185
050,47,105,"Tennessee","Loudon County",5,84,302,148,154
050,47,105,"Tennessee","Loudon County",5,85,1525,654,871
050,47,107,"Tennessee","McMinn County",1,0,564,289,275
050,47,107,"Tennessee","McMinn County",1,1,568,309,259
050,47,107,"Tennessee","McMinn County",1,2,597,309,288
050,47,107,"Tennessee","McMinn County",1,3,597,305,292
050,47,107,"Tennessee","McMinn County",1,4,598,319,279
050,47,107,"Tennessee","McMinn County",1,5,586,293,293
050,47,107,"Tennessee","McMinn County",1,6,591,293,298
050,47,107,"Tennessee","McMinn County",1,7,600,305,295
050,47,107,"Tennessee","McMinn County",1,8,619,319,300
050,47,107,"Tennessee","McMinn County",1,9,565,294,271
050,47,107,"Tennessee","McMinn County",1,10,607,313,294
050,47,107,"Tennessee","McMinn County",1,11,652,338,314
050,47,107,"Tennessee","McMinn County",1,12,678,344,334
050,47,107,"Tennessee","McMinn County",1,13,675,335,340
050,47,107,"Tennessee","McMinn County",1,14,681,348,333
050,47,107,"Tennessee","McMinn County",1,15,674,352,322
050,47,107,"Tennessee","McMinn County",1,16,697,343,354
050,47,107,"Tennessee","McMinn County",1,17,673,340,333
050,47,107,"Tennessee","McMinn County",1,18,663,349,314
050,47,107,"Tennessee","McMinn County",1,19,579,293,286
050,47,107,"Tennessee","McMinn County",1,20,611,317,294
050,47,107,"Tennessee","McMinn County",1,21,568,287,281
050,47,107,"Tennessee","McMinn County",1,22,628,321,307
050,47,107,"Tennessee","McMinn County",1,23,603,296,307
050,47,107,"Tennessee","McMinn County",1,24,626,314,312
050,47,107,"Tennessee","McMinn County",1,25,632,309,323
050,47,107,"Tennessee","McMinn County",1,26,644,323,321
050,47,107,"Tennessee","McMinn County",1,27,671,348,323
050,47,107,"Tennessee","McMinn County",1,28,697,357,340
050,47,107,"Tennessee","McMinn County",1,29,675,318,357
050,47,107,"Tennessee","McMinn County",1,30,642,322,320
050,47,107,"Tennessee","McMinn County",1,31,584,299,285
050,47,107,"Tennessee","McMinn County",1,32,579,305,274
050,47,107,"Tennessee","McMinn County",1,33,559,266,293
050,47,107,"Tennessee","McMinn County",1,34,579,280,299
050,47,107,"Tennessee","McMinn County",1,35,580,280,300
050,47,107,"Tennessee","McMinn County",1,36,582,287,295
050,47,107,"Tennessee","McMinn County",1,37,606,284,322
050,47,107,"Tennessee","McMinn County",1,38,632,300,332
050,47,107,"Tennessee","McMinn County",1,39,644,319,325
050,47,107,"Tennessee","McMinn County",1,40,606,290,316
050,47,107,"Tennessee","McMinn County",1,41,597,273,324
050,47,107,"Tennessee","McMinn County",1,42,622,298,324
050,47,107,"Tennessee","McMinn County",1,43,598,282,316
050,47,107,"Tennessee","McMinn County",1,44,566,263,303
050,47,107,"Tennessee","McMinn County",1,45,603,310,293
050,47,107,"Tennessee","McMinn County",1,46,630,297,333
050,47,107,"Tennessee","McMinn County",1,47,699,346,353
050,47,107,"Tennessee","McMinn County",1,48,726,351,375
050,47,107,"Tennessee","McMinn County",1,49,753,393,360
050,47,107,"Tennessee","McMinn County",1,50,775,394,381
050,47,107,"Tennessee","McMinn County",1,51,766,392,374
050,47,107,"Tennessee","McMinn County",1,52,716,377,339
050,47,107,"Tennessee","McMinn County",1,53,713,364,349
050,47,107,"Tennessee","McMinn County",1,54,742,376,366
050,47,107,"Tennessee","McMinn County",1,55,756,358,398
050,47,107,"Tennessee","McMinn County",1,56,760,348,412
050,47,107,"Tennessee","McMinn County",1,57,762,375,387
050,47,107,"Tennessee","McMinn County",1,58,756,396,360
050,47,107,"Tennessee","McMinn County",1,59,767,380,387
050,47,107,"Tennessee","McMinn County",1,60,787,378,409
050,47,107,"Tennessee","McMinn County",1,61,769,360,409
050,47,107,"Tennessee","McMinn County",1,62,804,402,402
050,47,107,"Tennessee","McMinn County",1,63,774,384,390
050,47,107,"Tennessee","McMinn County",1,64,750,376,374
050,47,107,"Tennessee","McMinn County",1,65,737,358,379
050,47,107,"Tennessee","McMinn County",1,66,703,339,364
050,47,107,"Tennessee","McMinn County",1,67,643,312,331
050,47,107,"Tennessee","McMinn County",1,68,614,293,321
050,47,107,"Tennessee","McMinn County",1,69,620,287,333
050,47,107,"Tennessee","McMinn County",1,70,604,286,318
050,47,107,"Tennessee","McMinn County",1,71,611,288,323
050,47,107,"Tennessee","McMinn County",1,72,624,301,323
050,47,107,"Tennessee","McMinn County",1,73,609,292,317
050,47,107,"Tennessee","McMinn County",1,74,419,199,220
050,47,107,"Tennessee","McMinn County",1,75,459,215,244
050,47,107,"Tennessee","McMinn County",1,76,460,212,248
050,47,107,"Tennessee","McMinn County",1,77,422,195,227
050,47,107,"Tennessee","McMinn County",1,78,372,154,218
050,47,107,"Tennessee","McMinn County",1,79,337,125,212
050,47,107,"Tennessee","McMinn County",1,80,336,145,191
050,47,107,"Tennessee","McMinn County",1,81,290,128,162
050,47,107,"Tennessee","McMinn County",1,82,235,103,132
050,47,107,"Tennessee","McMinn County",1,83,206,91,115
050,47,107,"Tennessee","McMinn County",1,84,228,97,131
050,47,107,"Tennessee","McMinn County",1,85,1138,418,720
050,47,107,"Tennessee","McMinn County",2,0,562,290,272
050,47,107,"Tennessee","McMinn County",2,1,562,303,259
050,47,107,"Tennessee","McMinn County",2,2,590,311,279
050,47,107,"Tennessee","McMinn County",2,3,600,309,291
050,47,107,"Tennessee","McMinn County",2,4,597,316,281
050,47,107,"Tennessee","McMinn County",2,5,591,298,293
050,47,107,"Tennessee","McMinn County",2,6,595,296,299
050,47,107,"Tennessee","McMinn County",2,7,598,303,295
050,47,107,"Tennessee","McMinn County",2,8,612,315,297
050,47,107,"Tennessee","McMinn County",2,9,582,303,279
050,47,107,"Tennessee","McMinn County",2,10,599,310,289
050,47,107,"Tennessee","McMinn County",2,11,639,332,307
050,47,107,"Tennessee","McMinn County",2,12,676,344,332
050,47,107,"Tennessee","McMinn County",2,13,678,339,339
050,47,107,"Tennessee","McMinn County",2,14,680,345,335
050,47,107,"Tennessee","McMinn County",2,15,677,350,327
050,47,107,"Tennessee","McMinn County",2,16,692,346,346
050,47,107,"Tennessee","McMinn County",2,17,683,344,339
050,47,107,"Tennessee","McMinn County",2,18,651,341,310
050,47,107,"Tennessee","McMinn County",2,19,587,295,292
050,47,107,"Tennessee","McMinn County",2,20,614,319,295
050,47,107,"Tennessee","McMinn County",2,21,578,291,287
050,47,107,"Tennessee","McMinn County",2,22,628,319,309
050,47,107,"Tennessee","McMinn County",2,23,610,303,307
050,47,107,"Tennessee","McMinn County",2,24,628,315,313
050,47,107,"Tennessee","McMinn County",2,25,635,314,321
050,47,107,"Tennessee","McMinn County",2,26,644,321,323
050,47,107,"Tennessee","McMinn County",2,27,666,345,321
050,47,107,"Tennessee","McMinn County",2,28,690,353,337
050,47,107,"Tennessee","McMinn County",2,29,685,330,355
050,47,107,"Tennessee","McMinn County",2,30,654,322,332
050,47,107,"Tennessee","McMinn County",2,31,600,308,292
050,47,107,"Tennessee","McMinn County",2,32,578,305,273
050,47,107,"Tennessee","McMinn County",2,33,564,276,288
050,47,107,"Tennessee","McMinn County",2,34,575,277,298
050,47,107,"Tennessee","McMinn County",2,35,586,283,303
050,47,107,"Tennessee","McMinn County",2,36,583,287,296
050,47,107,"Tennessee","McMinn County",2,37,600,283,317
050,47,107,"Tennessee","McMinn County",2,38,631,298,333
050,47,107,"Tennessee","McMinn County",2,39,641,316,325
050,47,107,"Tennessee","McMinn County",2,40,619,296,323
050,47,107,"Tennessee","McMinn County",2,41,596,276,320
050,47,107,"Tennessee","McMinn County",2,42,615,291,324
050,47,107,"Tennessee","McMinn County",2,43,610,288,322
050,47,107,"Tennessee","McMinn County",2,44,566,266,300
050,47,107,"Tennessee","McMinn County",2,45,601,303,298
050,47,107,"Tennessee","McMinn County",2,46,623,300,323
050,47,107,"Tennessee","McMinn County",2,47,683,331,352
050,47,107,"Tennessee","McMinn County",2,48,719,350,369
050,47,107,"Tennessee","McMinn County",2,49,749,384,365
050,47,107,"Tennessee","McMinn County",2,50,774,396,378
050,47,107,"Tennessee","McMinn County",2,51,766,393,373
050,47,107,"Tennessee","McMinn County",2,52,728,380,348
050,47,107,"Tennessee","McMinn County",2,53,717,372,345
050,47,107,"Tennessee","McMinn County",2,54,736,373,363
050,47,107,"Tennessee","McMinn County",2,55,756,363,393
050,47,107,"Tennessee","McMinn County",2,56,768,354,414
050,47,107,"Tennessee","McMinn County",2,57,758,366,392
050,47,107,"Tennessee","McMinn County",2,58,754,389,365
050,47,107,"Tennessee","McMinn County",2,59,768,386,382
050,47,107,"Tennessee","McMinn County",2,60,773,374,399
050,47,107,"Tennessee","McMinn County",2,61,769,362,407
050,47,107,"Tennessee","McMinn County",2,62,788,387,401
050,47,107,"Tennessee","McMinn County",2,63,786,391,395
050,47,107,"Tennessee","McMinn County",2,64,747,371,376
050,47,107,"Tennessee","McMinn County",2,65,740,359,381
050,47,107,"Tennessee","McMinn County",2,66,713,345,368
050,47,107,"Tennessee","McMinn County",2,67,652,315,337
050,47,107,"Tennessee","McMinn County",2,68,611,291,320
050,47,107,"Tennessee","McMinn County",2,69,622,289,333
050,47,107,"Tennessee","McMinn County",2,70,608,283,325
050,47,107,"Tennessee","McMinn County",2,71,609,286,323
050,47,107,"Tennessee","McMinn County",2,72,612,293,319
050,47,107,"Tennessee","McMinn County",2,73,635,305,330
050,47,107,"Tennessee","McMinn County",2,74,435,205,230
050,47,107,"Tennessee","McMinn County",2,75,450,210,240
050,47,107,"Tennessee","McMinn County",2,76,449,206,243
050,47,107,"Tennessee","McMinn County",2,77,437,201,236
050,47,107,"Tennessee","McMinn County",2,78,368,156,212
050,47,107,"Tennessee","McMinn County",2,79,340,129,211
050,47,107,"Tennessee","McMinn County",2,80,332,139,193
050,47,107,"Tennessee","McMinn County",2,81,297,130,167
050,47,107,"Tennessee","McMinn County",2,82,246,108,138
050,47,107,"Tennessee","McMinn County",2,83,207,88,119
050,47,107,"Tennessee","McMinn County",2,84,223,95,128
050,47,107,"Tennessee","McMinn County",2,85,1147,425,722
050,47,107,"Tennessee","McMinn County",3,0,588,291,297
050,47,107,"Tennessee","McMinn County",3,1,581,308,273
050,47,107,"Tennessee","McMinn County",3,2,563,294,269
050,47,107,"Tennessee","McMinn County",3,3,597,322,275
050,47,107,"Tennessee","McMinn County",3,4,608,316,292
050,47,107,"Tennessee","McMinn County",3,5,616,325,291
050,47,107,"Tennessee","McMinn County",3,6,609,303,306
050,47,107,"Tennessee","McMinn County",3,7,617,315,302
050,47,107,"Tennessee","McMinn County",3,8,619,311,308
050,47,107,"Tennessee","McMinn County",3,9,656,347,309
050,47,107,"Tennessee","McMinn County",3,10,596,316,280
050,47,107,"Tennessee","McMinn County",3,11,628,330,298
050,47,107,"Tennessee","McMinn County",3,12,653,340,313
050,47,107,"Tennessee","McMinn County",3,13,695,352,343
050,47,107,"Tennessee","McMinn County",3,14,694,351,343
050,47,107,"Tennessee","McMinn County",3,15,704,346,358
050,47,107,"Tennessee","McMinn County",3,16,682,355,327
050,47,107,"Tennessee","McMinn County",3,17,708,349,359
050,47,107,"Tennessee","McMinn County",3,18,678,344,334
050,47,107,"Tennessee","McMinn County",3,19,607,304,303
050,47,107,"Tennessee","McMinn County",3,20,626,317,309
050,47,107,"Tennessee","McMinn County",3,21,582,299,283
050,47,107,"Tennessee","McMinn County",3,22,603,298,305
050,47,107,"Tennessee","McMinn County",3,23,634,320,314
050,47,107,"Tennessee","McMinn County",3,24,617,301,316
050,47,107,"Tennessee","McMinn County",3,25,637,316,321
050,47,107,"Tennessee","McMinn County",3,26,632,308,324
050,47,107,"Tennessee","McMinn County",3,27,628,317,311
050,47,107,"Tennessee","McMinn County",3,28,698,358,340
050,47,107,"Tennessee","McMinn County",3,29,702,350,352
050,47,107,"Tennessee","McMinn County",3,30,707,340,367
050,47,107,"Tennessee","McMinn County",3,31,646,316,330
050,47,107,"Tennessee","McMinn County",3,32,629,328,301
050,47,107,"Tennessee","McMinn County",3,33,592,307,285
050,47,107,"Tennessee","McMinn County",3,34,544,261,283
050,47,107,"Tennessee","McMinn County",3,35,590,282,308
050,47,107,"Tennessee","McMinn County",3,36,590,286,304
050,47,107,"Tennessee","McMinn County",3,37,594,298,296
050,47,107,"Tennessee","McMinn County",3,38,610,285,325
050,47,107,"Tennessee","McMinn County",3,39,653,311,342
050,47,107,"Tennessee","McMinn County",3,40,645,320,325
050,47,107,"Tennessee","McMinn County",3,41,621,295,326
050,47,107,"Tennessee","McMinn County",3,42,606,280,326
050,47,107,"Tennessee","McMinn County",3,43,631,301,330
050,47,107,"Tennessee","McMinn County",3,44,622,304,318
050,47,107,"Tennessee","McMinn County",3,45,587,282,305
050,47,107,"Tennessee","McMinn County",3,46,614,302,312
050,47,107,"Tennessee","McMinn County",3,47,624,302,322
050,47,107,"Tennessee","McMinn County",3,48,694,338,356
050,47,107,"Tennessee","McMinn County",3,49,718,345,373
050,47,107,"Tennessee","McMinn County",3,50,759,390,369
050,47,107,"Tennessee","McMinn County",3,51,768,389,379
050,47,107,"Tennessee","McMinn County",3,52,780,402,378
050,47,107,"Tennessee","McMinn County",3,53,733,393,340
050,47,107,"Tennessee","McMinn County",3,54,731,378,353
050,47,107,"Tennessee","McMinn County",3,55,726,367,359
050,47,107,"Tennessee","McMinn County",3,56,770,359,411
050,47,107,"Tennessee","McMinn County",3,57,773,362,411
050,47,107,"Tennessee","McMinn County",3,58,752,360,392
050,47,107,"Tennessee","McMinn County",3,59,758,391,367
050,47,107,"Tennessee","McMinn County",3,60,759,377,382
050,47,107,"Tennessee","McMinn County",3,61,771,368,403
050,47,107,"Tennessee","McMinn County",3,62,779,361,418
050,47,107,"Tennessee","McMinn County",3,63,798,392,406
050,47,107,"Tennessee","McMinn County",3,64,792,403,389
050,47,107,"Tennessee","McMinn County",3,65,743,374,369
050,47,107,"Tennessee","McMinn County",3,66,742,364,378
050,47,107,"Tennessee","McMinn County",3,67,711,338,373
050,47,107,"Tennessee","McMinn County",3,68,643,314,329
050,47,107,"Tennessee","McMinn County",3,69,595,281,314
050,47,107,"Tennessee","McMinn County",3,70,620,288,332
050,47,107,"Tennessee","McMinn County",3,71,575,267,308
050,47,107,"Tennessee","McMinn County",3,72,597,272,325
050,47,107,"Tennessee","McMinn County",3,73,585,280,305
050,47,107,"Tennessee","McMinn County",3,74,624,295,329
050,47,107,"Tennessee","McMinn County",3,75,411,187,224
050,47,107,"Tennessee","McMinn County",3,76,430,198,232
050,47,107,"Tennessee","McMinn County",3,77,428,197,231
050,47,107,"Tennessee","McMinn County",3,78,419,191,228
050,47,107,"Tennessee","McMinn County",3,79,350,152,198
050,47,107,"Tennessee","McMinn County",3,80,306,120,186
050,47,107,"Tennessee","McMinn County",3,81,306,127,179
050,47,107,"Tennessee","McMinn County",3,82,270,120,150
050,47,107,"Tennessee","McMinn County",3,83,225,101,124
050,47,107,"Tennessee","McMinn County",3,84,191,76,115
050,47,107,"Tennessee","McMinn County",3,85,1126,418,708
050,47,107,"Tennessee","McMinn County",4,0,604,298,306
050,47,107,"Tennessee","McMinn County",4,1,626,325,301
050,47,107,"Tennessee","McMinn County",4,2,603,325,278
050,47,107,"Tennessee","McMinn County",4,3,584,304,280
050,47,107,"Tennessee","McMinn County",4,4,621,338,283
050,47,107,"Tennessee","McMinn County",4,5,605,316,289
050,47,107,"Tennessee","McMinn County",4,6,620,330,290
050,47,107,"Tennessee","McMinn County",4,7,634,312,322
050,47,107,"Tennessee","McMinn County",4,8,639,324,315
050,47,107,"Tennessee","McMinn County",4,9,648,327,321
050,47,107,"Tennessee","McMinn County",4,10,688,356,332
050,47,107,"Tennessee","McMinn County",4,11,605,317,288
050,47,107,"Tennessee","McMinn County",4,12,645,336,309
050,47,107,"Tennessee","McMinn County",4,13,658,344,314
050,47,107,"Tennessee","McMinn County",4,14,709,350,359
050,47,107,"Tennessee","McMinn County",4,15,700,354,346
050,47,107,"Tennessee","McMinn County",4,16,730,357,373
050,47,107,"Tennessee","McMinn County",4,17,684,366,318
050,47,107,"Tennessee","McMinn County",4,18,664,344,320
050,47,107,"Tennessee","McMinn County",4,19,591,282,309
050,47,107,"Tennessee","McMinn County",4,20,632,326,306
050,47,107,"Tennessee","McMinn County",4,21,608,306,302
050,47,107,"Tennessee","McMinn County",4,22,612,315,297
050,47,107,"Tennessee","McMinn County",4,23,634,318,316
050,47,107,"Tennessee","McMinn County",4,24,660,341,319
050,47,107,"Tennessee","McMinn County",4,25,638,318,320
050,47,107,"Tennessee","McMinn County",4,26,631,318,313
050,47,107,"Tennessee","McMinn County",4,27,620,311,309
050,47,107,"Tennessee","McMinn County",4,28,650,322,328
050,47,107,"Tennessee","McMinn County",4,29,702,369,333
050,47,107,"Tennessee","McMinn County",4,30,701,348,353
050,47,107,"Tennessee","McMinn County",4,31,708,350,358
050,47,107,"Tennessee","McMinn County",4,32,648,323,325
050,47,107,"Tennessee","McMinn County",4,33,627,312,315
050,47,107,"Tennessee","McMinn County",4,34,604,317,287
050,47,107,"Tennessee","McMinn County",4,35,589,282,307
050,47,107,"Tennessee","McMinn County",4,36,615,286,329
050,47,107,"Tennessee","McMinn County",4,37,622,300,322
050,47,107,"Tennessee","McMinn County",4,38,608,306,302
050,47,107,"Tennessee","McMinn County",4,39,628,302,326
050,47,107,"Tennessee","McMinn County",4,40,671,312,359
050,47,107,"Tennessee","McMinn County",4,41,647,319,328
050,47,107,"Tennessee","McMinn County",4,42,635,307,328
050,47,107,"Tennessee","McMinn County",4,43,617,284,333
050,47,107,"Tennessee","McMinn County",4,44,662,313,349
050,47,107,"Tennessee","McMinn County",4,45,648,321,327
050,47,107,"Tennessee","McMinn County",4,46,576,274,302
050,47,107,"Tennessee","McMinn County",4,47,622,305,317
050,47,107,"Tennessee","McMinn County",4,48,642,296,346
050,47,107,"Tennessee","McMinn County",4,49,694,342,352
050,47,107,"Tennessee","McMinn County",4,50,719,342,377
050,47,107,"Tennessee","McMinn County",4,51,776,401,375
050,47,107,"Tennessee","McMinn County",4,52,774,384,390
050,47,107,"Tennessee","McMinn County",4,53,784,401,383
050,47,107,"Tennessee","McMinn County",4,54,746,397,349
050,47,107,"Tennessee","McMinn County",4,55,759,400,359
050,47,107,"Tennessee","McMinn County",4,56,736,373,363
050,47,107,"Tennessee","McMinn County",4,57,772,360,412
050,47,107,"Tennessee","McMinn County",4,58,803,372,431
050,47,107,"Tennessee","McMinn County",4,59,769,374,395
050,47,107,"Tennessee","McMinn County",4,60,781,403,378
050,47,107,"Tennessee","McMinn County",4,61,744,360,384
050,47,107,"Tennessee","McMinn County",4,62,780,374,406
050,47,107,"Tennessee","McMinn County",4,63,799,370,429
050,47,107,"Tennessee","McMinn County",4,64,809,398,411
050,47,107,"Tennessee","McMinn County",4,65,792,393,399
050,47,107,"Tennessee","McMinn County",4,66,742,379,363
050,47,107,"Tennessee","McMinn County",4,67,732,356,376
050,47,107,"Tennessee","McMinn County",4,68,692,328,364
050,47,107,"Tennessee","McMinn County",4,69,628,308,320
050,47,107,"Tennessee","McMinn County",4,70,582,267,315
050,47,107,"Tennessee","McMinn County",4,71,594,275,319
050,47,107,"Tennessee","McMinn County",4,72,559,257,302
050,47,107,"Tennessee","McMinn County",4,73,570,261,309
050,47,107,"Tennessee","McMinn County",4,74,568,270,298
050,47,107,"Tennessee","McMinn County",4,75,596,277,319
050,47,107,"Tennessee","McMinn County",4,76,376,168,208
050,47,107,"Tennessee","McMinn County",4,77,423,197,226
050,47,107,"Tennessee","McMinn County",4,78,410,188,222
050,47,107,"Tennessee","McMinn County",4,79,394,178,216
050,47,107,"Tennessee","McMinn County",4,80,332,147,185
050,47,107,"Tennessee","McMinn County",4,81,284,110,174
050,47,107,"Tennessee","McMinn County",4,82,283,118,165
050,47,107,"Tennessee","McMinn County",4,83,246,112,134
050,47,107,"Tennessee","McMinn County",4,84,219,96,123
050,47,107,"Tennessee","McMinn County",4,85,1113,395,718
050,47,107,"Tennessee","McMinn County",5,0,600,297,303
050,47,107,"Tennessee","McMinn County",5,1,644,311,333
050,47,107,"Tennessee","McMinn County",5,2,627,315,312
050,47,107,"Tennessee","McMinn County",5,3,632,333,299
050,47,107,"Tennessee","McMinn County",5,4,609,323,286
050,47,107,"Tennessee","McMinn County",5,5,639,342,297
050,47,107,"Tennessee","McMinn County",5,6,643,348,295
050,47,107,"Tennessee","McMinn County",5,7,645,342,303
050,47,107,"Tennessee","McMinn County",5,8,647,322,325
050,47,107,"Tennessee","McMinn County",5,9,659,344,315
050,47,107,"Tennessee","McMinn County",5,10,664,338,326
050,47,107,"Tennessee","McMinn County",5,11,711,383,328
050,47,107,"Tennessee","McMinn County",5,12,625,332,293
050,47,107,"Tennessee","McMinn County",5,13,666,339,327
050,47,107,"Tennessee","McMinn County",5,14,673,358,315
050,47,107,"Tennessee","McMinn County",5,15,721,359,362
050,47,107,"Tennessee","McMinn County",5,16,706,366,340
050,47,107,"Tennessee","McMinn County",5,17,738,368,370
050,47,107,"Tennessee","McMinn County",5,18,650,356,294
050,47,107,"Tennessee","McMinn County",5,19,580,276,304
050,47,107,"Tennessee","McMinn County",5,20,629,318,311
050,47,107,"Tennessee","McMinn County",5,21,614,315,299
050,47,107,"Tennessee","McMinn County",5,22,638,333,305
050,47,107,"Tennessee","McMinn County",5,23,642,315,327
050,47,107,"Tennessee","McMinn County",5,24,671,337,334
050,47,107,"Tennessee","McMinn County",5,25,662,340,322
050,47,107,"Tennessee","McMinn County",5,26,658,334,324
050,47,107,"Tennessee","McMinn County",5,27,656,323,333
050,47,107,"Tennessee","McMinn County",5,28,664,333,331
050,47,107,"Tennessee","McMinn County",5,29,684,346,338
050,47,107,"Tennessee","McMinn County",5,30,723,367,356
050,47,107,"Tennessee","McMinn County",5,31,723,347,376
050,47,107,"Tennessee","McMinn County",5,32,722,352,370
050,47,107,"Tennessee","McMinn County",5,33,673,323,350
050,47,107,"Tennessee","McMinn County",5,34,657,327,330
050,47,107,"Tennessee","McMinn County",5,35,639,335,304
050,47,107,"Tennessee","McMinn County",5,36,611,287,324
050,47,107,"Tennessee","McMinn County",5,37,608,285,323
050,47,107,"Tennessee","McMinn County",5,38,630,304,326
050,47,107,"Tennessee","McMinn County",5,39,618,315,303
050,47,107,"Tennessee","McMinn County",5,40,636,306,330
050,47,107,"Tennessee","McMinn County",5,41,666,321,345
050,47,107,"Tennessee","McMinn County",5,42,650,320,330
050,47,107,"Tennessee","McMinn County",5,43,631,303,328
050,47,107,"Tennessee","McMinn County",5,44,637,286,351
050,47,107,"Tennessee","McMinn County",5,45,669,320,349
050,47,107,"Tennessee","McMinn County",5,46,638,313,325
050,47,107,"Tennessee","McMinn County",5,47,576,271,305
050,47,107,"Tennessee","McMinn County",5,48,636,312,324
050,47,107,"Tennessee","McMinn County",5,49,659,300,359
050,47,107,"Tennessee","McMinn County",5,50,718,349,369
050,47,107,"Tennessee","McMinn County",5,51,746,362,384
050,47,107,"Tennessee","McMinn County",5,52,793,398,395
050,47,107,"Tennessee","McMinn County",5,53,788,388,400
050,47,107,"Tennessee","McMinn County",5,54,797,412,385
050,47,107,"Tennessee","McMinn County",5,55,756,399,357
050,47,107,"Tennessee","McMinn County",5,56,772,398,374
050,47,107,"Tennessee","McMinn County",5,57,751,389,362
050,47,107,"Tennessee","McMinn County",5,58,788,368,420
050,47,107,"Tennessee","McMinn County",5,59,811,378,433
050,47,107,"Tennessee","McMinn County",5,60,771,373,398
050,47,107,"Tennessee","McMinn County",5,61,788,406,382
050,47,107,"Tennessee","McMinn County",5,62,767,379,388
050,47,107,"Tennessee","McMinn County",5,63,794,383,411
050,47,107,"Tennessee","McMinn County",5,64,798,372,426
050,47,107,"Tennessee","McMinn County",5,65,812,392,420
050,47,107,"Tennessee","McMinn County",5,66,782,385,397
050,47,107,"Tennessee","McMinn County",5,67,746,377,369
050,47,107,"Tennessee","McMinn County",5,68,723,349,374
050,47,107,"Tennessee","McMinn County",5,69,672,319,353
050,47,107,"Tennessee","McMinn County",5,70,624,301,323
050,47,107,"Tennessee","McMinn County",5,71,568,258,310
050,47,107,"Tennessee","McMinn County",5,72,577,266,311
050,47,107,"Tennessee","McMinn County",5,73,542,248,294
050,47,107,"Tennessee","McMinn County",5,74,565,255,310
050,47,107,"Tennessee","McMinn County",5,75,548,256,292
050,47,107,"Tennessee","McMinn County",5,76,558,257,301
050,47,107,"Tennessee","McMinn County",5,77,362,164,198
050,47,107,"Tennessee","McMinn County",5,78,401,187,214
050,47,107,"Tennessee","McMinn County",5,79,389,178,211
050,47,107,"Tennessee","McMinn County",5,80,374,170,204
050,47,107,"Tennessee","McMinn County",5,81,305,136,169
050,47,107,"Tennessee","McMinn County",5,82,258,102,156
050,47,107,"Tennessee","McMinn County",5,83,259,109,150
050,47,107,"Tennessee","McMinn County",5,84,233,103,130
050,47,107,"Tennessee","McMinn County",5,85,1143,410,733
050,47,109,"Tennessee","McNairy County",1,0,255,130,125
050,47,109,"Tennessee","McNairy County",1,1,257,130,127
050,47,109,"Tennessee","McNairy County",1,2,280,141,139
050,47,109,"Tennessee","McNairy County",1,3,281,144,137
050,47,109,"Tennessee","McNairy County",1,4,281,142,139
050,47,109,"Tennessee","McNairy County",1,5,284,137,147
050,47,109,"Tennessee","McNairy County",1,6,278,128,150
050,47,109,"Tennessee","McNairy County",1,7,277,139,138
050,47,109,"Tennessee","McNairy County",1,8,303,172,131
050,47,109,"Tennessee","McNairy County",1,9,316,181,135
050,47,109,"Tennessee","McNairy County",1,10,301,154,147
050,47,109,"Tennessee","McNairy County",1,11,338,172,166
050,47,109,"Tennessee","McNairy County",1,12,341,167,174
050,47,109,"Tennessee","McNairy County",1,13,353,176,177
050,47,109,"Tennessee","McNairy County",1,14,354,182,172
050,47,109,"Tennessee","McNairy County",1,15,363,175,188
050,47,109,"Tennessee","McNairy County",1,16,387,204,183
050,47,109,"Tennessee","McNairy County",1,17,374,197,177
050,47,109,"Tennessee","McNairy County",1,18,322,177,145
050,47,109,"Tennessee","McNairy County",1,19,253,145,108
050,47,109,"Tennessee","McNairy County",1,20,255,138,117
050,47,109,"Tennessee","McNairy County",1,21,253,135,118
050,47,109,"Tennessee","McNairy County",1,22,288,150,138
050,47,109,"Tennessee","McNairy County",1,23,287,140,147
050,47,109,"Tennessee","McNairy County",1,24,283,135,148
050,47,109,"Tennessee","McNairy County",1,25,281,139,142
050,47,109,"Tennessee","McNairy County",1,26,279,144,135
050,47,109,"Tennessee","McNairy County",1,27,311,155,156
050,47,109,"Tennessee","McNairy County",1,28,319,149,170
050,47,109,"Tennessee","McNairy County",1,29,326,171,155
050,47,109,"Tennessee","McNairy County",1,30,296,149,147
050,47,109,"Tennessee","McNairy County",1,31,305,149,156
050,47,109,"Tennessee","McNairy County",1,32,272,144,128
050,47,109,"Tennessee","McNairy County",1,33,230,120,110
050,47,109,"Tennessee","McNairy County",1,34,250,134,116
050,47,109,"Tennessee","McNairy County",1,35,263,137,126
050,47,109,"Tennessee","McNairy County",1,36,279,139,140
050,47,109,"Tennessee","McNairy County",1,37,290,149,141
050,47,109,"Tennessee","McNairy County",1,38,290,151,139
050,47,109,"Tennessee","McNairy County",1,39,311,158,153
050,47,109,"Tennessee","McNairy County",1,40,328,160,168
050,47,109,"Tennessee","McNairy County",1,41,317,143,174
050,47,109,"Tennessee","McNairy County",1,42,335,166,169
050,47,109,"Tennessee","McNairy County",1,43,315,163,152
050,47,109,"Tennessee","McNairy County",1,44,311,159,152
050,47,109,"Tennessee","McNairy County",1,45,320,170,150
050,47,109,"Tennessee","McNairy County",1,46,298,155,143
050,47,109,"Tennessee","McNairy County",1,47,322,157,165
050,47,109,"Tennessee","McNairy County",1,48,356,175,181
050,47,109,"Tennessee","McNairy County",1,49,395,192,203
050,47,109,"Tennessee","McNairy County",1,50,348,174,174
050,47,109,"Tennessee","McNairy County",1,51,333,168,165
050,47,109,"Tennessee","McNairy County",1,52,325,162,163
050,47,109,"Tennessee","McNairy County",1,53,337,162,175
050,47,109,"Tennessee","McNairy County",1,54,349,169,180
050,47,109,"Tennessee","McNairy County",1,55,386,172,214
050,47,109,"Tennessee","McNairy County",1,56,414,211,203
050,47,109,"Tennessee","McNairy County",1,57,362,169,193
050,47,109,"Tennessee","McNairy County",1,58,358,182,176
050,47,109,"Tennessee","McNairy County",1,59,400,200,200
050,47,109,"Tennessee","McNairy County",1,60,358,181,177
050,47,109,"Tennessee","McNairy County",1,61,348,171,177
050,47,109,"Tennessee","McNairy County",1,62,364,175,189
050,47,109,"Tennessee","McNairy County",1,63,339,160,179
050,47,109,"Tennessee","McNairy County",1,64,358,158,200
050,47,109,"Tennessee","McNairy County",1,65,352,159,193
050,47,109,"Tennessee","McNairy County",1,66,340,167,173
050,47,109,"Tennessee","McNairy County",1,67,317,158,159
050,47,109,"Tennessee","McNairy County",1,68,307,126,181
050,47,109,"Tennessee","McNairy County",1,69,315,136,179
050,47,109,"Tennessee","McNairy County",1,70,311,152,159
050,47,109,"Tennessee","McNairy County",1,71,297,151,146
050,47,109,"Tennessee","McNairy County",1,72,308,150,158
050,47,109,"Tennessee","McNairy County",1,73,328,151,177
050,47,109,"Tennessee","McNairy County",1,74,238,108,130
050,47,109,"Tennessee","McNairy County",1,75,264,125,139
050,47,109,"Tennessee","McNairy County",1,76,242,105,137
050,47,109,"Tennessee","McNairy County",1,77,214,93,121
050,47,109,"Tennessee","McNairy County",1,78,184,83,101
050,47,109,"Tennessee","McNairy County",1,79,181,76,105
050,47,109,"Tennessee","McNairy County",1,80,160,71,89
050,47,109,"Tennessee","McNairy County",1,81,151,69,82
050,47,109,"Tennessee","McNairy County",1,82,142,68,74
050,47,109,"Tennessee","McNairy County",1,83,120,54,66
050,47,109,"Tennessee","McNairy County",1,84,93,38,55
050,47,109,"Tennessee","McNairy County",1,85,449,151,298
050,47,109,"Tennessee","McNairy County",2,0,256,129,127
050,47,109,"Tennessee","McNairy County",2,1,257,130,127
050,47,109,"Tennessee","McNairy County",2,2,278,141,137
050,47,109,"Tennessee","McNairy County",2,3,279,142,137
050,47,109,"Tennessee","McNairy County",2,4,282,143,139
050,47,109,"Tennessee","McNairy County",2,5,287,140,147
050,47,109,"Tennessee","McNairy County",2,6,279,130,149
050,47,109,"Tennessee","McNairy County",2,7,279,136,143
050,47,109,"Tennessee","McNairy County",2,8,295,162,133
050,47,109,"Tennessee","McNairy County",2,9,311,177,134
050,47,109,"Tennessee","McNairy County",2,10,303,159,144
050,47,109,"Tennessee","McNairy County",2,11,328,167,161
050,47,109,"Tennessee","McNairy County",2,12,345,172,173
050,47,109,"Tennessee","McNairy County",2,13,353,174,179
050,47,109,"Tennessee","McNairy County",2,14,356,180,176
050,47,109,"Tennessee","McNairy County",2,15,366,178,188
050,47,109,"Tennessee","McNairy County",2,16,384,197,187
050,47,109,"Tennessee","McNairy County",2,17,381,201,180
050,47,109,"Tennessee","McNairy County",2,18,320,176,144
050,47,109,"Tennessee","McNairy County",2,19,257,145,112
050,47,109,"Tennessee","McNairy County",2,20,266,146,120
050,47,109,"Tennessee","McNairy County",2,21,256,135,121
050,47,109,"Tennessee","McNairy County",2,22,285,148,137
050,47,109,"Tennessee","McNairy County",2,23,291,142,149
050,47,109,"Tennessee","McNairy County",2,24,282,136,146
050,47,109,"Tennessee","McNairy County",2,25,277,136,141
050,47,109,"Tennessee","McNairy County",2,26,277,142,135
050,47,109,"Tennessee","McNairy County",2,27,302,152,150
050,47,109,"Tennessee","McNairy County",2,28,316,150,166
050,47,109,"Tennessee","McNairy County",2,29,324,166,158
050,47,109,"Tennessee","McNairy County",2,30,307,156,151
050,47,109,"Tennessee","McNairy County",2,31,303,150,153
050,47,109,"Tennessee","McNairy County",2,32,281,147,134
050,47,109,"Tennessee","McNairy County",2,33,241,125,116
050,47,109,"Tennessee","McNairy County",2,34,247,132,115
050,47,109,"Tennessee","McNairy County",2,35,261,137,124
050,47,109,"Tennessee","McNairy County",2,36,272,138,134
050,47,109,"Tennessee","McNairy County",2,37,293,150,143
050,47,109,"Tennessee","McNairy County",2,38,290,150,140
050,47,109,"Tennessee","McNairy County",2,39,305,155,150
050,47,109,"Tennessee","McNairy County",2,40,327,160,167
050,47,109,"Tennessee","McNairy County",2,41,323,149,174
050,47,109,"Tennessee","McNairy County",2,42,327,159,168
050,47,109,"Tennessee","McNairy County",2,43,323,166,157
050,47,109,"Tennessee","McNairy County",2,44,312,161,151
050,47,109,"Tennessee","McNairy County",2,45,321,168,153
050,47,109,"Tennessee","McNairy County",2,46,301,156,145
050,47,109,"Tennessee","McNairy County",2,47,312,152,160
050,47,109,"Tennessee","McNairy County",2,48,347,170,177
050,47,109,"Tennessee","McNairy County",2,49,388,189,199
050,47,109,"Tennessee","McNairy County",2,50,363,182,181
050,47,109,"Tennessee","McNairy County",2,51,332,166,166
050,47,109,"Tennessee","McNairy County",2,52,326,163,163
050,47,109,"Tennessee","McNairy County",2,53,336,165,171
050,47,109,"Tennessee","McNairy County",2,54,346,167,179
050,47,109,"Tennessee","McNairy County",2,55,376,170,206
050,47,109,"Tennessee","McNairy County",2,56,408,203,205
050,47,109,"Tennessee","McNairy County",2,57,375,178,197
050,47,109,"Tennessee","McNairy County",2,58,359,177,182
050,47,109,"Tennessee","McNairy County",2,59,391,196,195
050,47,109,"Tennessee","McNairy County",2,60,367,183,184
050,47,109,"Tennessee","McNairy County",2,61,351,173,178
050,47,109,"Tennessee","McNairy County",2,62,358,174,184
050,47,109,"Tennessee","McNairy County",2,63,349,166,183
050,47,109,"Tennessee","McNairy County",2,64,352,156,196
050,47,109,"Tennessee","McNairy County",2,65,349,157,192
050,47,109,"Tennessee","McNairy County",2,66,340,163,177
050,47,109,"Tennessee","McNairy County",2,67,320,158,162
050,47,109,"Tennessee","McNairy County",2,68,306,130,176
050,47,109,"Tennessee","McNairy County",2,69,313,133,180
050,47,109,"Tennessee","McNairy County",2,70,310,148,162
050,47,109,"Tennessee","McNairy County",2,71,299,150,149
050,47,109,"Tennessee","McNairy County",2,72,300,147,153
050,47,109,"Tennessee","McNairy County",2,73,335,157,178
050,47,109,"Tennessee","McNairy County",2,74,242,109,133
050,47,109,"Tennessee","McNairy County",2,75,261,123,138
050,47,109,"Tennessee","McNairy County",2,76,238,104,134
050,47,109,"Tennessee","McNairy County",2,77,221,94,127
050,47,109,"Tennessee","McNairy County",2,78,185,82,103
050,47,109,"Tennessee","McNairy County",2,79,180,77,103
050,47,109,"Tennessee","McNairy County",2,80,158,71,87
050,47,109,"Tennessee","McNairy County",2,81,147,66,81
050,47,109,"Tennessee","McNairy County",2,82,142,67,75
050,47,109,"Tennessee","McNairy County",2,83,121,58,63
050,47,109,"Tennessee","McNairy County",2,84,96,41,55
050,47,109,"Tennessee","McNairy County",2,85,452,151,301
050,47,109,"Tennessee","McNairy County",3,0,285,148,137
050,47,109,"Tennessee","McNairy County",3,1,265,129,136
050,47,109,"Tennessee","McNairy County",3,2,263,137,126
050,47,109,"Tennessee","McNairy County",3,3,286,140,146
050,47,109,"Tennessee","McNairy County",3,4,294,159,135
050,47,109,"Tennessee","McNairy County",3,5,292,146,146
050,47,109,"Tennessee","McNairy County",3,6,297,144,153
050,47,109,"Tennessee","McNairy County",3,7,273,128,145
050,47,109,"Tennessee","McNairy County",3,8,280,133,147
050,47,109,"Tennessee","McNairy County",3,9,300,166,134
050,47,109,"Tennessee","McNairy County",3,10,309,175,134
050,47,109,"Tennessee","McNairy County",3,11,306,163,143
050,47,109,"Tennessee","McNairy County",3,12,343,172,171
050,47,109,"Tennessee","McNairy County",3,13,351,173,178
050,47,109,"Tennessee","McNairy County",3,14,341,165,176
050,47,109,"Tennessee","McNairy County",3,15,359,180,179
050,47,109,"Tennessee","McNairy County",3,16,363,176,187
050,47,109,"Tennessee","McNairy County",3,17,384,196,188
050,47,109,"Tennessee","McNairy County",3,18,306,165,141
050,47,109,"Tennessee","McNairy County",3,19,243,133,110
050,47,109,"Tennessee","McNairy County",3,20,292,164,128
050,47,109,"Tennessee","McNairy County",3,21,288,150,138
050,47,109,"Tennessee","McNairy County",3,22,275,146,129
050,47,109,"Tennessee","McNairy County",3,23,285,146,139
050,47,109,"Tennessee","McNairy County",3,24,287,141,146
050,47,109,"Tennessee","McNairy County",3,25,275,134,141
050,47,109,"Tennessee","McNairy County",3,26,270,133,137
050,47,109,"Tennessee","McNairy County",3,27,300,155,145
050,47,109,"Tennessee","McNairy County",3,28,297,141,156
050,47,109,"Tennessee","McNairy County",3,29,330,159,171
050,47,109,"Tennessee","McNairy County",3,30,323,164,159
050,47,109,"Tennessee","McNairy County",3,31,307,161,146
050,47,109,"Tennessee","McNairy County",3,32,299,144,155
050,47,109,"Tennessee","McNairy County",3,33,278,140,138
050,47,109,"Tennessee","McNairy County",3,34,236,124,112
050,47,109,"Tennessee","McNairy County",3,35,267,146,121
050,47,109,"Tennessee","McNairy County",3,36,265,136,129
050,47,109,"Tennessee","McNairy County",3,37,279,146,133
050,47,109,"Tennessee","McNairy County",3,38,292,146,146
050,47,109,"Tennessee","McNairy County",3,39,300,154,146
050,47,109,"Tennessee","McNairy County",3,40,305,162,143
050,47,109,"Tennessee","McNairy County",3,41,327,152,175
050,47,109,"Tennessee","McNairy County",3,42,324,149,175
050,47,109,"Tennessee","McNairy County",3,43,326,161,165
050,47,109,"Tennessee","McNairy County",3,44,323,168,155
050,47,109,"Tennessee","McNairy County",3,45,313,158,155
050,47,109,"Tennessee","McNairy County",3,46,315,161,154
050,47,109,"Tennessee","McNairy County",3,47,305,160,145
050,47,109,"Tennessee","McNairy County",3,48,309,154,155
050,47,109,"Tennessee","McNairy County",3,49,346,167,179
050,47,109,"Tennessee","McNairy County",3,50,395,194,201
050,47,109,"Tennessee","McNairy County",3,51,356,180,176
050,47,109,"Tennessee","McNairy County",3,52,328,169,159
050,47,109,"Tennessee","McNairy County",3,53,341,174,167
050,47,109,"Tennessee","McNairy County",3,54,332,168,164
050,47,109,"Tennessee","McNairy County",3,55,347,164,183
050,47,109,"Tennessee","McNairy County",3,56,378,176,202
050,47,109,"Tennessee","McNairy County",3,57,414,205,209
050,47,109,"Tennessee","McNairy County",3,58,383,189,194
050,47,109,"Tennessee","McNairy County",3,59,353,177,176
050,47,109,"Tennessee","McNairy County",3,60,381,190,191
050,47,109,"Tennessee","McNairy County",3,61,358,172,186
050,47,109,"Tennessee","McNairy County",3,62,349,168,181
050,47,109,"Tennessee","McNairy County",3,63,348,168,180
050,47,109,"Tennessee","McNairy County",3,64,340,158,182
050,47,109,"Tennessee","McNairy County",3,65,354,159,195
050,47,109,"Tennessee","McNairy County",3,66,353,156,197
050,47,109,"Tennessee","McNairy County",3,67,344,165,179
050,47,109,"Tennessee","McNairy County",3,68,312,156,156
050,47,109,"Tennessee","McNairy County",3,69,303,127,176
050,47,109,"Tennessee","McNairy County",3,70,306,133,173
050,47,109,"Tennessee","McNairy County",3,71,300,141,159
050,47,109,"Tennessee","McNairy County",3,72,288,145,143
050,47,109,"Tennessee","McNairy County",3,73,285,142,143
050,47,109,"Tennessee","McNairy County",3,74,321,147,174
050,47,109,"Tennessee","McNairy County",3,75,238,110,128
050,47,109,"Tennessee","McNairy County",3,76,227,103,124
050,47,109,"Tennessee","McNairy County",3,77,229,97,132
050,47,109,"Tennessee","McNairy County",3,78,195,90,105
050,47,109,"Tennessee","McNairy County",3,79,184,77,107
050,47,109,"Tennessee","McNairy County",3,80,167,72,95
050,47,109,"Tennessee","McNairy County",3,81,146,69,77
050,47,109,"Tennessee","McNairy County",3,82,135,57,78
050,47,109,"Tennessee","McNairy County",3,83,130,60,70
050,47,109,"Tennessee","McNairy County",3,84,104,51,53
050,47,109,"Tennessee","McNairy County",3,85,444,155,289
050,47,109,"Tennessee","McNairy County",4,0,303,171,132
050,47,109,"Tennessee","McNairy County",4,1,277,154,123
050,47,109,"Tennessee","McNairy County",4,2,271,131,140
050,47,109,"Tennessee","McNairy County",4,3,264,143,121
050,47,109,"Tennessee","McNairy County",4,4,292,143,149
050,47,109,"Tennessee","McNairy County",4,5,299,163,136
050,47,109,"Tennessee","McNairy County",4,6,288,145,143
050,47,109,"Tennessee","McNairy County",4,7,303,147,156
050,47,109,"Tennessee","McNairy County",4,8,293,136,157
050,47,109,"Tennessee","McNairy County",4,9,295,146,149
050,47,109,"Tennessee","McNairy County",4,10,313,172,141
050,47,109,"Tennessee","McNairy County",4,11,313,179,134
050,47,109,"Tennessee","McNairy County",4,12,323,171,152
050,47,109,"Tennessee","McNairy County",4,13,359,183,176
050,47,109,"Tennessee","McNairy County",4,14,352,169,183
050,47,109,"Tennessee","McNairy County",4,15,359,179,180
050,47,109,"Tennessee","McNairy County",4,16,348,180,168
050,47,109,"Tennessee","McNairy County",4,17,367,183,184
050,47,109,"Tennessee","McNairy County",4,18,327,175,152
050,47,109,"Tennessee","McNairy County",4,19,247,135,112
050,47,109,"Tennessee","McNairy County",4,20,268,152,116
050,47,109,"Tennessee","McNairy County",4,21,298,166,132
050,47,109,"Tennessee","McNairy County",4,22,310,162,148
050,47,109,"Tennessee","McNairy County",4,23,297,155,142
050,47,109,"Tennessee","McNairy County",4,24,294,151,143
050,47,109,"Tennessee","McNairy County",4,25,296,150,146
050,47,109,"Tennessee","McNairy County",4,26,261,137,124
050,47,109,"Tennessee","McNairy County",4,27,269,134,135
050,47,109,"Tennessee","McNairy County",4,28,315,164,151
050,47,109,"Tennessee","McNairy County",4,29,310,150,160
050,47,109,"Tennessee","McNairy County",4,30,325,159,166
050,47,109,"Tennessee","McNairy County",4,31,334,165,169
050,47,109,"Tennessee","McNairy County",4,32,322,171,151
050,47,109,"Tennessee","McNairy County",4,33,293,140,153
050,47,109,"Tennessee","McNairy County",4,34,268,136,132
050,47,109,"Tennessee","McNairy County",4,35,249,124,125
050,47,109,"Tennessee","McNairy County",4,36,255,135,120
050,47,109,"Tennessee","McNairy County",4,37,283,142,141
050,47,109,"Tennessee","McNairy County",4,38,270,142,128
050,47,109,"Tennessee","McNairy County",4,39,302,149,153
050,47,109,"Tennessee","McNairy County",4,40,289,149,140
050,47,109,"Tennessee","McNairy County",4,41,322,168,154
050,47,109,"Tennessee","McNairy County",4,42,330,156,174
050,47,109,"Tennessee","McNairy County",4,43,343,168,175
050,47,109,"Tennessee","McNairy County",4,44,331,160,171
050,47,109,"Tennessee","McNairy County",4,45,323,166,157
050,47,109,"Tennessee","McNairy County",4,46,323,160,163
050,47,109,"Tennessee","McNairy County",4,47,315,162,153
050,47,109,"Tennessee","McNairy County",4,48,308,167,141
050,47,109,"Tennessee","McNairy County",4,49,312,158,154
050,47,109,"Tennessee","McNairy County",4,50,353,171,182
050,47,109,"Tennessee","McNairy County",4,51,397,192,205
050,47,109,"Tennessee","McNairy County",4,52,367,188,179
050,47,109,"Tennessee","McNairy County",4,53,328,174,154
050,47,109,"Tennessee","McNairy County",4,54,337,165,172
050,47,109,"Tennessee","McNairy County",4,55,329,164,165
050,47,109,"Tennessee","McNairy County",4,56,343,162,181
050,47,109,"Tennessee","McNairy County",4,57,379,182,197
050,47,109,"Tennessee","McNairy County",4,58,423,211,212
050,47,109,"Tennessee","McNairy County",4,59,388,192,196
050,47,109,"Tennessee","McNairy County",4,60,352,172,180
050,47,109,"Tennessee","McNairy County",4,61,368,184,184
050,47,109,"Tennessee","McNairy County",4,62,354,173,181
050,47,109,"Tennessee","McNairy County",4,63,335,156,179
050,47,109,"Tennessee","McNairy County",4,64,345,162,183
050,47,109,"Tennessee","McNairy County",4,65,341,158,183
050,47,109,"Tennessee","McNairy County",4,66,353,156,197
050,47,109,"Tennessee","McNairy County",4,67,340,150,190
050,47,109,"Tennessee","McNairy County",4,68,340,157,183
050,47,109,"Tennessee","McNairy County",4,69,308,151,157
050,47,109,"Tennessee","McNairy County",4,70,294,127,167
050,47,109,"Tennessee","McNairy County",4,71,296,122,174
050,47,109,"Tennessee","McNairy County",4,72,292,139,153
050,47,109,"Tennessee","McNairy County",4,73,267,138,129
050,47,109,"Tennessee","McNairy County",4,74,268,129,139
050,47,109,"Tennessee","McNairy County",4,75,320,150,170
050,47,109,"Tennessee","McNairy County",4,76,213,94,119
050,47,109,"Tennessee","McNairy County",4,77,216,92,124
050,47,109,"Tennessee","McNairy County",4,78,213,92,121
050,47,109,"Tennessee","McNairy County",4,79,184,84,100
050,47,109,"Tennessee","McNairy County",4,80,161,70,91
050,47,109,"Tennessee","McNairy County",4,81,155,68,87
050,47,109,"Tennessee","McNairy County",4,82,135,64,71
050,47,109,"Tennessee","McNairy County",4,83,129,53,76
050,47,109,"Tennessee","McNairy County",4,84,107,48,59
050,47,109,"Tennessee","McNairy County",4,85,455,169,286
050,47,109,"Tennessee","McNairy County",5,0,309,180,129
050,47,109,"Tennessee","McNairy County",5,1,305,181,124
050,47,109,"Tennessee","McNairy County",5,2,293,166,127
050,47,109,"Tennessee","McNairy County",5,3,275,131,144
050,47,109,"Tennessee","McNairy County",5,4,269,150,119
050,47,109,"Tennessee","McNairy County",5,5,291,140,151
050,47,109,"Tennessee","McNairy County",5,6,303,165,138
050,47,109,"Tennessee","McNairy County",5,7,289,146,143
050,47,109,"Tennessee","McNairy County",5,8,300,141,159
050,47,109,"Tennessee","McNairy County",5,9,284,131,153
050,47,109,"Tennessee","McNairy County",5,10,315,159,156
050,47,109,"Tennessee","McNairy County",5,11,312,168,144
050,47,109,"Tennessee","McNairy County",5,12,328,190,138
050,47,109,"Tennessee","McNairy County",5,13,317,170,147
050,47,109,"Tennessee","McNairy County",5,14,365,180,185
050,47,109,"Tennessee","McNairy County",5,15,351,173,178
050,47,109,"Tennessee","McNairy County",5,16,358,181,177
050,47,109,"Tennessee","McNairy County",5,17,356,186,170
050,47,109,"Tennessee","McNairy County",5,18,311,160,151
050,47,109,"Tennessee","McNairy County",5,19,258,142,116
050,47,109,"Tennessee","McNairy County",5,20,258,143,115
050,47,109,"Tennessee","McNairy County",5,21,292,156,136
050,47,109,"Tennessee","McNairy County",5,22,310,163,147
050,47,109,"Tennessee","McNairy County",5,23,323,173,150
050,47,109,"Tennessee","McNairy County",5,24,311,166,145
050,47,109,"Tennessee","McNairy County",5,25,282,146,136
050,47,109,"Tennessee","McNairy County",5,26,301,152,149
050,47,109,"Tennessee","McNairy County",5,27,265,138,127
050,47,109,"Tennessee","McNairy County",5,28,272,134,138
050,47,109,"Tennessee","McNairy County",5,29,321,167,154
050,47,109,"Tennessee","McNairy County",5,30,312,152,160
050,47,109,"Tennessee","McNairy County",5,31,309,150,159
050,47,109,"Tennessee","McNairy County",5,32,336,161,175
050,47,109,"Tennessee","McNairy County",5,33,330,167,163
050,47,109,"Tennessee","McNairy County",5,34,298,136,162
050,47,109,"Tennessee","McNairy County",5,35,284,146,138
050,47,109,"Tennessee","McNairy County",5,36,254,130,124
050,47,109,"Tennessee","McNairy County",5,37,262,142,120
050,47,109,"Tennessee","McNairy County",5,38,285,136,149
050,47,109,"Tennessee","McNairy County",5,39,279,140,139
050,47,109,"Tennessee","McNairy County",5,40,305,153,152
050,47,109,"Tennessee","McNairy County",5,41,299,151,148
050,47,109,"Tennessee","McNairy County",5,42,319,165,154
050,47,109,"Tennessee","McNairy County",5,43,339,167,172
050,47,109,"Tennessee","McNairy County",5,44,345,168,177
050,47,109,"Tennessee","McNairy County",5,45,333,156,177
050,47,109,"Tennessee","McNairy County",5,46,326,168,158
050,47,109,"Tennessee","McNairy County",5,47,328,165,163
050,47,109,"Tennessee","McNairy County",5,48,309,161,148
050,47,109,"Tennessee","McNairy County",5,49,318,175,143
050,47,109,"Tennessee","McNairy County",5,50,326,167,159
050,47,109,"Tennessee","McNairy County",5,51,353,163,190
050,47,109,"Tennessee","McNairy County",5,52,411,204,207
050,47,109,"Tennessee","McNairy County",5,53,368,190,178
050,47,109,"Tennessee","McNairy County",5,54,335,174,161
050,47,109,"Tennessee","McNairy County",5,55,344,168,176
050,47,109,"Tennessee","McNairy County",5,56,338,169,169
050,47,109,"Tennessee","McNairy County",5,57,344,158,186
050,47,109,"Tennessee","McNairy County",5,58,377,180,197
050,47,109,"Tennessee","McNairy County",5,59,431,220,211
050,47,109,"Tennessee","McNairy County",5,60,385,192,193
050,47,109,"Tennessee","McNairy County",5,61,350,176,174
050,47,109,"Tennessee","McNairy County",5,62,363,178,185
050,47,109,"Tennessee","McNairy County",5,63,353,170,183
050,47,109,"Tennessee","McNairy County",5,64,338,161,177
050,47,109,"Tennessee","McNairy County",5,65,335,156,179
050,47,109,"Tennessee","McNairy County",5,66,358,164,194
050,47,109,"Tennessee","McNairy County",5,67,352,155,197
050,47,109,"Tennessee","McNairy County",5,68,329,146,183
050,47,109,"Tennessee","McNairy County",5,69,345,160,185
050,47,109,"Tennessee","McNairy County",5,70,299,144,155
050,47,109,"Tennessee","McNairy County",5,71,284,118,166
050,47,109,"Tennessee","McNairy County",5,72,287,117,170
050,47,109,"Tennessee","McNairy County",5,73,277,134,143
050,47,109,"Tennessee","McNairy County",5,74,255,128,127
050,47,109,"Tennessee","McNairy County",5,75,261,129,132
050,47,109,"Tennessee","McNairy County",5,76,291,131,160
050,47,109,"Tennessee","McNairy County",5,77,197,83,114
050,47,109,"Tennessee","McNairy County",5,78,206,91,115
050,47,109,"Tennessee","McNairy County",5,79,210,91,119
050,47,109,"Tennessee","McNairy County",5,80,164,76,88
050,47,109,"Tennessee","McNairy County",5,81,151,69,82
050,47,109,"Tennessee","McNairy County",5,82,140,64,76
050,47,109,"Tennessee","McNairy County",5,83,125,59,66
050,47,109,"Tennessee","McNairy County",5,84,108,42,66
050,47,109,"Tennessee","McNairy County",5,85,479,183,296
050,47,111,"Tennessee","Macon County",1,0,336,173,163
050,47,111,"Tennessee","Macon County",1,1,338,182,156
050,47,111,"Tennessee","Macon County",1,2,349,188,161
050,47,111,"Tennessee","Macon County",1,3,352,194,158
050,47,111,"Tennessee","Macon County",1,4,364,209,155
050,47,111,"Tennessee","Macon County",1,5,388,200,188
050,47,111,"Tennessee","Macon County",1,6,352,171,181
050,47,111,"Tennessee","Macon County",1,7,340,176,164
050,47,111,"Tennessee","Macon County",1,8,351,182,169
050,47,111,"Tennessee","Macon County",1,9,375,181,194
050,47,111,"Tennessee","Macon County",1,10,375,197,178
050,47,111,"Tennessee","Macon County",1,11,361,187,174
050,47,111,"Tennessee","Macon County",1,12,352,178,174
050,47,111,"Tennessee","Macon County",1,13,362,177,185
050,47,111,"Tennessee","Macon County",1,14,336,182,154
050,47,111,"Tennessee","Macon County",1,15,342,175,167
050,47,111,"Tennessee","Macon County",1,16,344,172,172
050,47,111,"Tennessee","Macon County",1,17,349,167,182
050,47,111,"Tennessee","Macon County",1,18,272,140,132
050,47,111,"Tennessee","Macon County",1,19,227,124,103
050,47,111,"Tennessee","Macon County",1,20,258,142,116
050,47,111,"Tennessee","Macon County",1,21,279,151,128
050,47,111,"Tennessee","Macon County",1,22,320,168,152
050,47,111,"Tennessee","Macon County",1,23,307,155,152
050,47,111,"Tennessee","Macon County",1,24,329,165,164
050,47,111,"Tennessee","Macon County",1,25,333,161,172
050,47,111,"Tennessee","Macon County",1,26,340,167,173
050,47,111,"Tennessee","Macon County",1,27,340,159,181
050,47,111,"Tennessee","Macon County",1,28,349,154,195
050,47,111,"Tennessee","Macon County",1,29,368,180,188
050,47,111,"Tennessee","Macon County",1,30,324,158,166
050,47,111,"Tennessee","Macon County",1,31,337,164,173
050,47,111,"Tennessee","Macon County",1,32,305,146,159
050,47,111,"Tennessee","Macon County",1,33,318,144,174
050,47,111,"Tennessee","Macon County",1,34,340,154,186
050,47,111,"Tennessee","Macon County",1,35,326,152,174
050,47,111,"Tennessee","Macon County",1,36,303,154,149
050,47,111,"Tennessee","Macon County",1,37,314,165,149
050,47,111,"Tennessee","Macon County",1,38,278,128,150
050,47,111,"Tennessee","Macon County",1,39,252,119,133
050,47,111,"Tennessee","Macon County",1,40,282,142,140
050,47,111,"Tennessee","Macon County",1,41,295,145,150
050,47,111,"Tennessee","Macon County",1,42,289,143,146
050,47,111,"Tennessee","Macon County",1,43,306,148,158
050,47,111,"Tennessee","Macon County",1,44,326,166,160
050,47,111,"Tennessee","Macon County",1,45,311,152,159
050,47,111,"Tennessee","Macon County",1,46,299,142,157
050,47,111,"Tennessee","Macon County",1,47,334,165,169
050,47,111,"Tennessee","Macon County",1,48,337,175,162
050,47,111,"Tennessee","Macon County",1,49,332,169,163
050,47,111,"Tennessee","Macon County",1,50,344,176,168
050,47,111,"Tennessee","Macon County",1,51,352,170,182
050,47,111,"Tennessee","Macon County",1,52,333,169,164
050,47,111,"Tennessee","Macon County",1,53,340,169,171
050,47,111,"Tennessee","Macon County",1,54,347,188,159
050,47,111,"Tennessee","Macon County",1,55,359,181,178
050,47,111,"Tennessee","Macon County",1,56,340,165,175
050,47,111,"Tennessee","Macon County",1,57,364,190,174
050,47,111,"Tennessee","Macon County",1,58,347,184,163
050,47,111,"Tennessee","Macon County",1,59,332,172,160
050,47,111,"Tennessee","Macon County",1,60,327,158,169
050,47,111,"Tennessee","Macon County",1,61,283,132,151
050,47,111,"Tennessee","Macon County",1,62,274,128,146
050,47,111,"Tennessee","Macon County",1,63,303,148,155
050,47,111,"Tennessee","Macon County",1,64,306,140,166
050,47,111,"Tennessee","Macon County",1,65,317,154,163
050,47,111,"Tennessee","Macon County",1,66,310,152,158
050,47,111,"Tennessee","Macon County",1,67,265,133,132
050,47,111,"Tennessee","Macon County",1,68,234,104,130
050,47,111,"Tennessee","Macon County",1,69,234,112,122
050,47,111,"Tennessee","Macon County",1,70,236,107,129
050,47,111,"Tennessee","Macon County",1,71,244,127,117
050,47,111,"Tennessee","Macon County",1,72,235,107,128
050,47,111,"Tennessee","Macon County",1,73,200,90,110
050,47,111,"Tennessee","Macon County",1,74,167,73,94
050,47,111,"Tennessee","Macon County",1,75,171,79,92
050,47,111,"Tennessee","Macon County",1,76,164,75,89
050,47,111,"Tennessee","Macon County",1,77,168,77,91
050,47,111,"Tennessee","Macon County",1,78,138,61,77
050,47,111,"Tennessee","Macon County",1,79,107,45,62
050,47,111,"Tennessee","Macon County",1,80,93,33,60
050,47,111,"Tennessee","Macon County",1,81,91,34,57
050,47,111,"Tennessee","Macon County",1,82,98,35,63
050,47,111,"Tennessee","Macon County",1,83,75,26,49
050,47,111,"Tennessee","Macon County",1,84,77,33,44
050,47,111,"Tennessee","Macon County",1,85,346,126,220
050,47,111,"Tennessee","Macon County",2,0,325,157,168
050,47,111,"Tennessee","Macon County",2,1,341,181,160
050,47,111,"Tennessee","Macon County",2,2,344,187,157
050,47,111,"Tennessee","Macon County",2,3,348,191,157
050,47,111,"Tennessee","Macon County",2,4,363,206,157
050,47,111,"Tennessee","Macon County",2,5,379,201,178
050,47,111,"Tennessee","Macon County",2,6,362,179,183
050,47,111,"Tennessee","Macon County",2,7,342,175,167
050,47,111,"Tennessee","Macon County",2,8,347,181,166
050,47,111,"Tennessee","Macon County",2,9,372,183,189
050,47,111,"Tennessee","Macon County",2,10,379,197,182
050,47,111,"Tennessee","Macon County",2,11,363,190,173
050,47,111,"Tennessee","Macon County",2,12,358,180,178
050,47,111,"Tennessee","Macon County",2,13,358,177,181
050,47,111,"Tennessee","Macon County",2,14,341,179,162
050,47,111,"Tennessee","Macon County",2,15,338,174,164
050,47,111,"Tennessee","Macon County",2,16,346,174,172
050,47,111,"Tennessee","Macon County",2,17,348,170,178
050,47,111,"Tennessee","Macon County",2,18,277,142,135
050,47,111,"Tennessee","Macon County",2,19,227,122,105
050,47,111,"Tennessee","Macon County",2,20,255,140,115
050,47,111,"Tennessee","Macon County",2,21,279,150,129
050,47,111,"Tennessee","Macon County",2,22,319,168,151
050,47,111,"Tennessee","Macon County",2,23,315,159,156
050,47,111,"Tennessee","Macon County",2,24,328,166,162
050,47,111,"Tennessee","Macon County",2,25,333,162,171
050,47,111,"Tennessee","Macon County",2,26,347,172,175
050,47,111,"Tennessee","Macon County",2,27,335,156,179
050,47,111,"Tennessee","Macon County",2,28,350,157,193
050,47,111,"Tennessee","Macon County",2,29,363,175,188
050,47,111,"Tennessee","Macon County",2,30,337,166,171
050,47,111,"Tennessee","Macon County",2,31,333,164,169
050,47,111,"Tennessee","Macon County",2,32,313,149,164
050,47,111,"Tennessee","Macon County",2,33,315,143,172
050,47,111,"Tennessee","Macon County",2,34,335,152,183
050,47,111,"Tennessee","Macon County",2,35,330,154,176
050,47,111,"Tennessee","Macon County",2,36,305,151,154
050,47,111,"Tennessee","Macon County",2,37,315,165,150
050,47,111,"Tennessee","Macon County",2,38,286,135,151
050,47,111,"Tennessee","Macon County",2,39,260,123,137
050,47,111,"Tennessee","Macon County",2,40,278,138,140
050,47,111,"Tennessee","Macon County",2,41,291,145,146
050,47,111,"Tennessee","Macon County",2,42,286,142,144
050,47,111,"Tennessee","Macon County",2,43,305,148,157
050,47,111,"Tennessee","Macon County",2,44,317,160,157
050,47,111,"Tennessee","Macon County",2,45,317,155,162
050,47,111,"Tennessee","Macon County",2,46,302,145,157
050,47,111,"Tennessee","Macon County",2,47,325,161,164
050,47,111,"Tennessee","Macon County",2,48,337,173,164
050,47,111,"Tennessee","Macon County",2,49,337,171,166
050,47,111,"Tennessee","Macon County",2,50,346,176,170
050,47,111,"Tennessee","Macon County",2,51,352,172,180
050,47,111,"Tennessee","Macon County",2,52,335,169,166
050,47,111,"Tennessee","Macon County",2,53,340,171,169
050,47,111,"Tennessee","Macon County",2,54,346,185,161
050,47,111,"Tennessee","Macon County",2,55,355,183,172
050,47,111,"Tennessee","Macon County",2,56,341,169,172
050,47,111,"Tennessee","Macon County",2,57,361,184,177
050,47,111,"Tennessee","Macon County",2,58,352,186,166
050,47,111,"Tennessee","Macon County",2,59,336,173,163
050,47,111,"Tennessee","Macon County",2,60,327,160,167
050,47,111,"Tennessee","Macon County",2,61,291,137,154
050,47,111,"Tennessee","Macon County",2,62,276,129,147
050,47,111,"Tennessee","Macon County",2,63,296,142,154
050,47,111,"Tennessee","Macon County",2,64,302,139,163
050,47,111,"Tennessee","Macon County",2,65,316,151,165
050,47,111,"Tennessee","Macon County",2,66,314,153,161
050,47,111,"Tennessee","Macon County",2,67,278,139,139
050,47,111,"Tennessee","Macon County",2,68,241,110,131
050,47,111,"Tennessee","Macon County",2,69,235,111,124
050,47,111,"Tennessee","Macon County",2,70,232,106,126
050,47,111,"Tennessee","Macon County",2,71,241,122,119
050,47,111,"Tennessee","Macon County",2,72,233,110,123
050,47,111,"Tennessee","Macon County",2,73,219,99,120
050,47,111,"Tennessee","Macon County",2,74,162,71,91
050,47,111,"Tennessee","Macon County",2,75,168,76,92
050,47,111,"Tennessee","Macon County",2,76,164,75,89
050,47,111,"Tennessee","Macon County",2,77,170,78,92
050,47,111,"Tennessee","Macon County",2,78,143,63,80
050,47,111,"Tennessee","Macon County",2,79,109,47,62
050,47,111,"Tennessee","Macon County",2,80,94,35,59
050,47,111,"Tennessee","Macon County",2,81,90,34,56
050,47,111,"Tennessee","Macon County",2,82,97,34,63
050,47,111,"Tennessee","Macon County",2,83,77,28,49
050,47,111,"Tennessee","Macon County",2,84,76,31,45
050,47,111,"Tennessee","Macon County",2,85,346,125,221
050,47,111,"Tennessee","Macon County",3,0,303,151,152
050,47,111,"Tennessee","Macon County",3,1,335,156,179
050,47,111,"Tennessee","Macon County",3,2,364,197,167
050,47,111,"Tennessee","Macon County",3,3,369,200,169
050,47,111,"Tennessee","Macon County",3,4,375,204,171
050,47,111,"Tennessee","Macon County",3,5,365,203,162
050,47,111,"Tennessee","Macon County",3,6,391,209,182
050,47,111,"Tennessee","Macon County",3,7,381,184,197
050,47,111,"Tennessee","Macon County",3,8,346,172,174
050,47,111,"Tennessee","Macon County",3,9,367,190,177
050,47,111,"Tennessee","Macon County",3,10,369,180,189
050,47,111,"Tennessee","Macon County",3,11,379,194,185
050,47,111,"Tennessee","Macon County",3,12,360,179,181
050,47,111,"Tennessee","Macon County",3,13,361,176,185
050,47,111,"Tennessee","Macon County",3,14,348,176,172
050,47,111,"Tennessee","Macon County",3,15,344,184,160
050,47,111,"Tennessee","Macon County",3,16,343,178,165
050,47,111,"Tennessee","Macon County",3,17,365,184,181
050,47,111,"Tennessee","Macon County",3,18,291,150,141
050,47,111,"Tennessee","Macon County",3,19,228,116,112
050,47,111,"Tennessee","Macon County",3,20,251,122,129
050,47,111,"Tennessee","Macon County",3,21,264,135,129
050,47,111,"Tennessee","Macon County",3,22,311,172,139
050,47,111,"Tennessee","Macon County",3,23,345,177,168
050,47,111,"Tennessee","Macon County",3,24,335,175,160
050,47,111,"Tennessee","Macon County",3,25,354,174,180
050,47,111,"Tennessee","Macon County",3,26,361,182,179
050,47,111,"Tennessee","Macon County",3,27,344,163,181
050,47,111,"Tennessee","Macon County",3,28,333,143,190
050,47,111,"Tennessee","Macon County",3,29,343,162,181
050,47,111,"Tennessee","Macon County",3,30,365,187,178
050,47,111,"Tennessee","Macon County",3,31,354,172,182
050,47,111,"Tennessee","Macon County",3,32,343,157,186
050,47,111,"Tennessee","Macon County",3,33,316,152,164
050,47,111,"Tennessee","Macon County",3,34,330,154,176
050,47,111,"Tennessee","Macon County",3,35,339,156,183
050,47,111,"Tennessee","Macon County",3,36,332,152,180
050,47,111,"Tennessee","Macon County",3,37,300,156,144
050,47,111,"Tennessee","Macon County",3,38,311,162,149
050,47,111,"Tennessee","Macon County",3,39,287,144,143
050,47,111,"Tennessee","Macon County",3,40,260,120,140
050,47,111,"Tennessee","Macon County",3,41,280,138,142
050,47,111,"Tennessee","Macon County",3,42,308,158,150
050,47,111,"Tennessee","Macon County",3,43,289,139,150
050,47,111,"Tennessee","Macon County",3,44,302,151,151
050,47,111,"Tennessee","Macon County",3,45,326,162,164
050,47,111,"Tennessee","Macon County",3,46,313,151,162
050,47,111,"Tennessee","Macon County",3,47,297,141,156
050,47,111,"Tennessee","Macon County",3,48,316,153,163
050,47,111,"Tennessee","Macon County",3,49,337,173,164
050,47,111,"Tennessee","Macon County",3,50,338,171,167
050,47,111,"Tennessee","Macon County",3,51,360,187,173
050,47,111,"Tennessee","Macon County",3,52,345,165,180
050,47,111,"Tennessee","Macon County",3,53,343,166,177
050,47,111,"Tennessee","Macon County",3,54,342,174,168
050,47,111,"Tennessee","Macon County",3,55,364,192,172
050,47,111,"Tennessee","Macon County",3,56,358,181,177
050,47,111,"Tennessee","Macon County",3,57,350,172,178
050,47,111,"Tennessee","Macon County",3,58,360,188,172
050,47,111,"Tennessee","Macon County",3,59,360,188,172
050,47,111,"Tennessee","Macon County",3,60,341,171,170
050,47,111,"Tennessee","Macon County",3,61,326,161,165
050,47,111,"Tennessee","Macon County",3,62,305,142,163
050,47,111,"Tennessee","Macon County",3,63,279,131,148
050,47,111,"Tennessee","Macon County",3,64,301,150,151
050,47,111,"Tennessee","Macon County",3,65,303,146,157
050,47,111,"Tennessee","Macon County",3,66,312,148,164
050,47,111,"Tennessee","Macon County",3,67,310,149,161
050,47,111,"Tennessee","Macon County",3,68,275,135,140
050,47,111,"Tennessee","Macon County",3,69,229,103,126
050,47,111,"Tennessee","Macon County",3,70,230,103,127
050,47,111,"Tennessee","Macon County",3,71,225,105,120
050,47,111,"Tennessee","Macon County",3,72,230,117,113
050,47,111,"Tennessee","Macon County",3,73,224,106,118
050,47,111,"Tennessee","Macon County",3,74,212,93,119
050,47,111,"Tennessee","Macon County",3,75,146,65,81
050,47,111,"Tennessee","Macon County",3,76,163,72,91
050,47,111,"Tennessee","Macon County",3,77,154,71,83
050,47,111,"Tennessee","Macon County",3,78,161,72,89
050,47,111,"Tennessee","Macon County",3,79,132,58,74
050,47,111,"Tennessee","Macon County",3,80,99,44,55
050,47,111,"Tennessee","Macon County",3,81,86,32,54
050,47,111,"Tennessee","Macon County",3,82,83,26,57
050,47,111,"Tennessee","Macon County",3,83,80,30,50
050,47,111,"Tennessee","Macon County",3,84,70,24,46
050,47,111,"Tennessee","Macon County",3,85,347,124,223
050,47,111,"Tennessee","Macon County",4,0,297,143,154
050,47,111,"Tennessee","Macon County",4,1,324,162,162
050,47,111,"Tennessee","Macon County",4,2,346,165,181
050,47,111,"Tennessee","Macon County",4,3,379,207,172
050,47,111,"Tennessee","Macon County",4,4,380,204,176
050,47,111,"Tennessee","Macon County",4,5,376,205,171
050,47,111,"Tennessee","Macon County",4,6,365,201,164
050,47,111,"Tennessee","Macon County",4,7,400,211,189
050,47,111,"Tennessee","Macon County",4,8,396,195,201
050,47,111,"Tennessee","Macon County",4,9,355,179,176
050,47,111,"Tennessee","Macon County",4,10,375,191,184
050,47,111,"Tennessee","Macon County",4,11,385,195,190
050,47,111,"Tennessee","Macon County",4,12,387,196,191
050,47,111,"Tennessee","Macon County",4,13,374,189,185
050,47,111,"Tennessee","Macon County",4,14,373,179,194
050,47,111,"Tennessee","Macon County",4,15,365,183,182
050,47,111,"Tennessee","Macon County",4,16,359,192,167
050,47,111,"Tennessee","Macon County",4,17,353,178,175
050,47,111,"Tennessee","Macon County",4,18,311,161,150
050,47,111,"Tennessee","Macon County",4,19,241,130,111
050,47,111,"Tennessee","Macon County",4,20,232,119,113
050,47,111,"Tennessee","Macon County",4,21,269,132,137
050,47,111,"Tennessee","Macon County",4,22,298,158,140
050,47,111,"Tennessee","Macon County",4,23,323,177,146
050,47,111,"Tennessee","Macon County",4,24,367,186,181
050,47,111,"Tennessee","Macon County",4,25,349,175,174
050,47,111,"Tennessee","Macon County",4,26,375,191,184
050,47,111,"Tennessee","Macon County",4,27,378,195,183
050,47,111,"Tennessee","Macon County",4,28,353,170,183
050,47,111,"Tennessee","Macon County",4,29,337,151,186
050,47,111,"Tennessee","Macon County",4,30,351,180,171
050,47,111,"Tennessee","Macon County",4,31,362,183,179
050,47,111,"Tennessee","Macon County",4,32,351,169,182
050,47,111,"Tennessee","Macon County",4,33,361,163,198
050,47,111,"Tennessee","Macon County",4,34,317,154,163
050,47,111,"Tennessee","Macon County",4,35,340,166,174
050,47,111,"Tennessee","Macon County",4,36,343,147,196
050,47,111,"Tennessee","Macon County",4,37,332,155,177
050,47,111,"Tennessee","Macon County",4,38,303,148,155
050,47,111,"Tennessee","Macon County",4,39,334,176,158
050,47,111,"Tennessee","Macon County",4,40,292,153,139
050,47,111,"Tennessee","Macon County",4,41,283,129,154
050,47,111,"Tennessee","Macon County",4,42,292,149,143
050,47,111,"Tennessee","Macon County",4,43,321,161,160
050,47,111,"Tennessee","Macon County",4,44,300,154,146
050,47,111,"Tennessee","Macon County",4,45,305,147,158
050,47,111,"Tennessee","Macon County",4,46,334,166,168
050,47,111,"Tennessee","Macon County",4,47,315,153,162
050,47,111,"Tennessee","Macon County",4,48,313,151,162
050,47,111,"Tennessee","Macon County",4,49,333,163,170
050,47,111,"Tennessee","Macon County",4,50,357,184,173
050,47,111,"Tennessee","Macon County",4,51,348,175,173
050,47,111,"Tennessee","Macon County",4,52,367,198,169
050,47,111,"Tennessee","Macon County",4,53,347,168,179
050,47,111,"Tennessee","Macon County",4,54,348,169,179
050,47,111,"Tennessee","Macon County",4,55,341,174,167
050,47,111,"Tennessee","Macon County",4,56,358,191,167
050,47,111,"Tennessee","Macon County",4,57,361,186,175
050,47,111,"Tennessee","Macon County",4,58,348,168,180
050,47,111,"Tennessee","Macon County",4,59,362,191,171
050,47,111,"Tennessee","Macon County",4,60,360,190,170
050,47,111,"Tennessee","Macon County",4,61,339,166,173
050,47,111,"Tennessee","Macon County",4,62,324,158,166
050,47,111,"Tennessee","Macon County",4,63,312,147,165
050,47,111,"Tennessee","Macon County",4,64,285,132,153
050,47,111,"Tennessee","Macon County",4,65,296,150,146
050,47,111,"Tennessee","Macon County",4,66,301,143,158
050,47,111,"Tennessee","Macon County",4,67,305,146,159
050,47,111,"Tennessee","Macon County",4,68,307,147,160
050,47,111,"Tennessee","Macon County",4,69,273,133,140
050,47,111,"Tennessee","Macon County",4,70,225,101,124
050,47,111,"Tennessee","Macon County",4,71,213,98,115
050,47,111,"Tennessee","Macon County",4,72,222,100,122
050,47,111,"Tennessee","Macon County",4,73,221,110,111
050,47,111,"Tennessee","Macon County",4,74,210,97,113
050,47,111,"Tennessee","Macon County",4,75,197,88,109
050,47,111,"Tennessee","Macon County",4,76,143,61,82
050,47,111,"Tennessee","Macon County",4,77,155,67,88
050,47,111,"Tennessee","Macon County",4,78,151,70,81
050,47,111,"Tennessee","Macon County",4,79,153,68,85
050,47,111,"Tennessee","Macon County",4,80,120,55,65
050,47,111,"Tennessee","Macon County",4,81,93,40,53
050,47,111,"Tennessee","Macon County",4,82,87,32,55
050,47,111,"Tennessee","Macon County",4,83,67,22,45
050,47,111,"Tennessee","Macon County",4,84,77,29,48
050,47,111,"Tennessee","Macon County",4,85,337,121,216
050,47,111,"Tennessee","Macon County",5,0,295,140,155
050,47,111,"Tennessee","Macon County",5,1,314,153,161
050,47,111,"Tennessee","Macon County",5,2,344,177,167
050,47,111,"Tennessee","Macon County",5,3,341,158,183
050,47,111,"Tennessee","Macon County",5,4,407,220,187
050,47,111,"Tennessee","Macon County",5,5,390,217,173
050,47,111,"Tennessee","Macon County",5,6,376,203,173
050,47,111,"Tennessee","Macon County",5,7,378,216,162
050,47,111,"Tennessee","Macon County",5,8,401,212,189
050,47,111,"Tennessee","Macon County",5,9,403,194,209
050,47,111,"Tennessee","Macon County",5,10,365,187,178
050,47,111,"Tennessee","Macon County",5,11,386,201,185
050,47,111,"Tennessee","Macon County",5,12,383,184,199
050,47,111,"Tennessee","Macon County",5,13,392,201,191
050,47,111,"Tennessee","Macon County",5,14,372,188,184
050,47,111,"Tennessee","Macon County",5,15,381,184,197
050,47,111,"Tennessee","Macon County",5,16,371,192,179
050,47,111,"Tennessee","Macon County",5,17,357,184,173
050,47,111,"Tennessee","Macon County",5,18,296,147,149
050,47,111,"Tennessee","Macon County",5,19,251,135,116
050,47,111,"Tennessee","Macon County",5,20,267,136,131
050,47,111,"Tennessee","Macon County",5,21,267,131,136
050,47,111,"Tennessee","Macon County",5,22,322,160,162
050,47,111,"Tennessee","Macon County",5,23,324,158,166
050,47,111,"Tennessee","Macon County",5,24,336,174,162
050,47,111,"Tennessee","Macon County",5,25,376,196,180
050,47,111,"Tennessee","Macon County",5,26,359,189,170
050,47,111,"Tennessee","Macon County",5,27,394,196,198
050,47,111,"Tennessee","Macon County",5,28,387,198,189
050,47,111,"Tennessee","Macon County",5,29,366,174,192
050,47,111,"Tennessee","Macon County",5,30,335,153,182
050,47,111,"Tennessee","Macon County",5,31,360,182,178
050,47,111,"Tennessee","Macon County",5,32,364,186,178
050,47,111,"Tennessee","Macon County",5,33,367,178,189
050,47,111,"Tennessee","Macon County",5,34,376,169,207
050,47,111,"Tennessee","Macon County",5,35,331,162,169
050,47,111,"Tennessee","Macon County",5,36,334,166,168
050,47,111,"Tennessee","Macon County",5,37,353,158,195
050,47,111,"Tennessee","Macon County",5,38,334,153,181
050,47,111,"Tennessee","Macon County",5,39,307,155,152
050,47,111,"Tennessee","Macon County",5,40,335,177,158
050,47,111,"Tennessee","Macon County",5,41,300,152,148
050,47,111,"Tennessee","Macon County",5,42,291,129,162
050,47,111,"Tennessee","Macon County",5,43,305,151,154
050,47,111,"Tennessee","Macon County",5,44,339,174,165
050,47,111,"Tennessee","Macon County",5,45,302,152,150
050,47,111,"Tennessee","Macon County",5,46,311,151,160
050,47,111,"Tennessee","Macon County",5,47,336,173,163
050,47,111,"Tennessee","Macon County",5,48,311,155,156
050,47,111,"Tennessee","Macon County",5,49,318,148,170
050,47,111,"Tennessee","Macon County",5,50,339,167,172
050,47,111,"Tennessee","Macon County",5,51,371,191,180
050,47,111,"Tennessee","Macon County",5,52,350,174,176
050,47,111,"Tennessee","Macon County",5,53,369,198,171
050,47,111,"Tennessee","Macon County",5,54,367,175,192
050,47,111,"Tennessee","Macon County",5,55,360,177,183
050,47,111,"Tennessee","Macon County",5,56,348,176,172
050,47,111,"Tennessee","Macon County",5,57,366,198,168
050,47,111,"Tennessee","Macon County",5,58,369,191,178
050,47,111,"Tennessee","Macon County",5,59,350,168,182
050,47,111,"Tennessee","Macon County",5,60,368,192,176
050,47,111,"Tennessee","Macon County",5,61,361,187,174
050,47,111,"Tennessee","Macon County",5,62,343,168,175
050,47,111,"Tennessee","Macon County",5,63,329,162,167
050,47,111,"Tennessee","Macon County",5,64,318,152,166
050,47,111,"Tennessee","Macon County",5,65,288,135,153
050,47,111,"Tennessee","Macon County",5,66,287,145,142
050,47,111,"Tennessee","Macon County",5,67,294,140,154
050,47,111,"Tennessee","Macon County",5,68,306,146,160
050,47,111,"Tennessee","Macon County",5,69,306,148,158
050,47,111,"Tennessee","Macon County",5,70,273,133,140
050,47,111,"Tennessee","Macon County",5,71,220,99,121
050,47,111,"Tennessee","Macon County",5,72,210,95,115
050,47,111,"Tennessee","Macon County",5,73,213,92,121
050,47,111,"Tennessee","Macon County",5,74,214,107,107
050,47,111,"Tennessee","Macon County",5,75,202,94,108
050,47,111,"Tennessee","Macon County",5,76,192,83,109
050,47,111,"Tennessee","Macon County",5,77,137,55,82
050,47,111,"Tennessee","Macon County",5,78,150,64,86
050,47,111,"Tennessee","Macon County",5,79,144,64,80
050,47,111,"Tennessee","Macon County",5,80,139,62,77
050,47,111,"Tennessee","Macon County",5,81,111,50,61
050,47,111,"Tennessee","Macon County",5,82,94,40,54
050,47,111,"Tennessee","Macon County",5,83,76,30,46
050,47,111,"Tennessee","Macon County",5,84,65,20,45
050,47,111,"Tennessee","Macon County",5,85,354,128,226
050,47,113,"Tennessee","Madison County",1,0,1209,616,593
050,47,113,"Tennessee","Madison County",1,1,1200,589,611
050,47,113,"Tennessee","Madison County",1,2,1245,654,591
050,47,113,"Tennessee","Madison County",1,3,1243,638,605
050,47,113,"Tennessee","Madison County",1,4,1226,641,585
050,47,113,"Tennessee","Madison County",1,5,1149,616,533
050,47,113,"Tennessee","Madison County",1,6,1195,626,569
050,47,113,"Tennessee","Madison County",1,7,1241,675,566
050,47,113,"Tennessee","Madison County",1,8,1271,683,588
050,47,113,"Tennessee","Madison County",1,9,1170,601,569
050,47,113,"Tennessee","Madison County",1,10,1267,633,634
050,47,113,"Tennessee","Madison County",1,11,1279,651,628
050,47,113,"Tennessee","Madison County",1,12,1284,665,619
050,47,113,"Tennessee","Madison County",1,13,1308,656,652
050,47,113,"Tennessee","Madison County",1,14,1248,600,648
050,47,113,"Tennessee","Madison County",1,15,1239,597,642
050,47,113,"Tennessee","Madison County",1,16,1289,644,645
050,47,113,"Tennessee","Madison County",1,17,1310,662,648
050,47,113,"Tennessee","Madison County",1,18,1496,724,772
050,47,113,"Tennessee","Madison County",1,19,1617,792,825
050,47,113,"Tennessee","Madison County",1,20,1489,725,764
050,47,113,"Tennessee","Madison County",1,21,1475,735,740
050,47,113,"Tennessee","Madison County",1,22,1260,629,631
050,47,113,"Tennessee","Madison County",1,23,1219,605,614
050,47,113,"Tennessee","Madison County",1,24,1224,589,635
050,47,113,"Tennessee","Madison County",1,25,1294,614,680
050,47,113,"Tennessee","Madison County",1,26,1337,655,682
050,47,113,"Tennessee","Madison County",1,27,1342,677,665
050,47,113,"Tennessee","Madison County",1,28,1414,676,738
050,47,113,"Tennessee","Madison County",1,29,1333,641,692
050,47,113,"Tennessee","Madison County",1,30,1239,578,661
050,47,113,"Tennessee","Madison County",1,31,1322,628,694
050,47,113,"Tennessee","Madison County",1,32,1207,565,642
050,47,113,"Tennessee","Madison County",1,33,1113,539,574
050,47,113,"Tennessee","Madison County",1,34,1120,563,557
050,47,113,"Tennessee","Madison County",1,35,1146,570,576
050,47,113,"Tennessee","Madison County",1,36,1107,499,608
050,47,113,"Tennessee","Madison County",1,37,1138,526,612
050,47,113,"Tennessee","Madison County",1,38,1197,599,598
050,47,113,"Tennessee","Madison County",1,39,1209,600,609
050,47,113,"Tennessee","Madison County",1,40,1225,611,614
050,47,113,"Tennessee","Madison County",1,41,1170,562,608
050,47,113,"Tennessee","Madison County",1,42,1101,507,594
050,47,113,"Tennessee","Madison County",1,43,1139,552,587
050,47,113,"Tennessee","Madison County",1,44,1117,556,561
050,47,113,"Tennessee","Madison County",1,45,1095,514,581
050,47,113,"Tennessee","Madison County",1,46,1113,519,594
050,47,113,"Tennessee","Madison County",1,47,1088,510,578
050,47,113,"Tennessee","Madison County",1,48,1178,580,598
050,47,113,"Tennessee","Madison County",1,49,1303,638,665
050,47,113,"Tennessee","Madison County",1,50,1283,646,637
050,47,113,"Tennessee","Madison County",1,51,1196,566,630
050,47,113,"Tennessee","Madison County",1,52,1193,570,623
050,47,113,"Tennessee","Madison County",1,53,1204,597,607
050,47,113,"Tennessee","Madison County",1,54,1233,610,623
050,47,113,"Tennessee","Madison County",1,55,1366,666,700
050,47,113,"Tennessee","Madison County",1,56,1412,672,740
050,47,113,"Tennessee","Madison County",1,57,1403,658,745
050,47,113,"Tennessee","Madison County",1,58,1362,625,737
050,47,113,"Tennessee","Madison County",1,59,1355,625,730
050,47,113,"Tennessee","Madison County",1,60,1370,651,719
050,47,113,"Tennessee","Madison County",1,61,1350,601,749
050,47,113,"Tennessee","Madison County",1,62,1355,631,724
050,47,113,"Tennessee","Madison County",1,63,1306,611,695
050,47,113,"Tennessee","Madison County",1,64,1245,571,674
050,47,113,"Tennessee","Madison County",1,65,1216,548,668
050,47,113,"Tennessee","Madison County",1,66,1230,582,648
050,47,113,"Tennessee","Madison County",1,67,1160,549,611
050,47,113,"Tennessee","Madison County",1,68,1115,544,571
050,47,113,"Tennessee","Madison County",1,69,1079,507,572
050,47,113,"Tennessee","Madison County",1,70,1025,479,546
050,47,113,"Tennessee","Madison County",1,71,977,451,526
050,47,113,"Tennessee","Madison County",1,72,985,454,531
050,47,113,"Tennessee","Madison County",1,73,939,432,507
050,47,113,"Tennessee","Madison County",1,74,673,289,384
050,47,113,"Tennessee","Madison County",1,75,625,287,338
050,47,113,"Tennessee","Madison County",1,76,650,302,348
050,47,113,"Tennessee","Madison County",1,77,634,285,349
050,47,113,"Tennessee","Madison County",1,78,542,218,324
050,47,113,"Tennessee","Madison County",1,79,508,204,304
050,47,113,"Tennessee","Madison County",1,80,441,182,259
050,47,113,"Tennessee","Madison County",1,81,424,191,233
050,47,113,"Tennessee","Madison County",1,82,400,154,246
050,47,113,"Tennessee","Madison County",1,83,325,117,208
050,47,113,"Tennessee","Madison County",1,84,319,121,198
050,47,113,"Tennessee","Madison County",1,85,1733,583,1150
050,47,113,"Tennessee","Madison County",2,0,1164,582,582
050,47,113,"Tennessee","Madison County",2,1,1197,593,604
050,47,113,"Tennessee","Madison County",2,2,1237,640,597
050,47,113,"Tennessee","Madison County",2,3,1242,643,599
050,47,113,"Tennessee","Madison County",2,4,1227,641,586
050,47,113,"Tennessee","Madison County",2,5,1168,622,546
050,47,113,"Tennessee","Madison County",2,6,1188,627,561
050,47,113,"Tennessee","Madison County",2,7,1233,663,570
050,47,113,"Tennessee","Madison County",2,8,1260,679,581
050,47,113,"Tennessee","Madison County",2,9,1193,621,572
050,47,113,"Tennessee","Madison County",2,10,1241,625,616
050,47,113,"Tennessee","Madison County",2,11,1272,643,629
050,47,113,"Tennessee","Madison County",2,12,1289,665,624
050,47,113,"Tennessee","Madison County",2,13,1301,656,645
050,47,113,"Tennessee","Madison County",2,14,1259,611,648
050,47,113,"Tennessee","Madison County",2,15,1237,594,643
050,47,113,"Tennessee","Madison County",2,16,1282,638,644
050,47,113,"Tennessee","Madison County",2,17,1305,655,650
050,47,113,"Tennessee","Madison County",2,18,1501,725,776
050,47,113,"Tennessee","Madison County",2,19,1618,785,833
050,47,113,"Tennessee","Madison County",2,20,1495,732,763
050,47,113,"Tennessee","Madison County",2,21,1469,733,736
050,47,113,"Tennessee","Madison County",2,22,1290,644,646
050,47,113,"Tennessee","Madison County",2,23,1225,609,616
050,47,113,"Tennessee","Madison County",2,24,1222,591,631
050,47,113,"Tennessee","Madison County",2,25,1274,607,667
050,47,113,"Tennessee","Madison County",2,26,1324,644,680
050,47,113,"Tennessee","Madison County",2,27,1345,673,672
050,47,113,"Tennessee","Madison County",2,28,1401,679,722
050,47,113,"Tennessee","Madison County",2,29,1339,644,695
050,47,113,"Tennessee","Madison County",2,30,1263,595,668
050,47,113,"Tennessee","Madison County",2,31,1303,624,679
050,47,113,"Tennessee","Madison County",2,32,1230,572,658
050,47,113,"Tennessee","Madison County",2,33,1122,533,589
050,47,113,"Tennessee","Madison County",2,34,1118,562,556
050,47,113,"Tennessee","Madison County",2,35,1151,579,572
050,47,113,"Tennessee","Madison County",2,36,1100,500,600
050,47,113,"Tennessee","Madison County",2,37,1132,519,613
050,47,113,"Tennessee","Madison County",2,38,1193,594,599
050,47,113,"Tennessee","Madison County",2,39,1201,595,606
050,47,113,"Tennessee","Madison County",2,40,1217,601,616
050,47,113,"Tennessee","Madison County",2,41,1175,564,611
050,47,113,"Tennessee","Madison County",2,42,1105,511,594
050,47,113,"Tennessee","Madison County",2,43,1141,549,592
050,47,113,"Tennessee","Madison County",2,44,1115,554,561
050,47,113,"Tennessee","Madison County",2,45,1109,526,583
050,47,113,"Tennessee","Madison County",2,46,1101,514,587
050,47,113,"Tennessee","Madison County",2,47,1078,504,574
050,47,113,"Tennessee","Madison County",2,48,1164,566,598
050,47,113,"Tennessee","Madison County",2,49,1280,628,652
050,47,113,"Tennessee","Madison County",2,50,1299,656,643
050,47,113,"Tennessee","Madison County",2,51,1201,572,629
050,47,113,"Tennessee","Madison County",2,52,1200,577,623
050,47,113,"Tennessee","Madison County",2,53,1201,591,610
050,47,113,"Tennessee","Madison County",2,54,1226,605,621
050,47,113,"Tennessee","Madison County",2,55,1334,652,682
050,47,113,"Tennessee","Madison County",2,56,1404,672,732
050,47,113,"Tennessee","Madison County",2,57,1407,662,745
050,47,113,"Tennessee","Madison County",2,58,1373,634,739
050,47,113,"Tennessee","Madison County",2,59,1346,620,726
050,47,113,"Tennessee","Madison County",2,60,1368,645,723
050,47,113,"Tennessee","Madison County",2,61,1344,608,736
050,47,113,"Tennessee","Madison County",2,62,1347,620,727
050,47,113,"Tennessee","Madison County",2,63,1321,616,705
050,47,113,"Tennessee","Madison County",2,64,1254,578,676
050,47,113,"Tennessee","Madison County",2,65,1216,551,665
050,47,113,"Tennessee","Madison County",2,66,1224,573,651
050,47,113,"Tennessee","Madison County",2,67,1167,548,619
050,47,113,"Tennessee","Madison County",2,68,1118,541,577
050,47,113,"Tennessee","Madison County",2,69,1094,519,575
050,47,113,"Tennessee","Madison County",2,70,1031,481,550
050,47,113,"Tennessee","Madison County",2,71,981,456,525
050,47,113,"Tennessee","Madison County",2,72,963,444,519
050,47,113,"Tennessee","Madison County",2,73,985,453,532
050,47,113,"Tennessee","Madison County",2,74,695,302,393
050,47,113,"Tennessee","Madison County",2,75,635,287,348
050,47,113,"Tennessee","Madison County",2,76,641,296,345
050,47,113,"Tennessee","Madison County",2,77,647,293,354
050,47,113,"Tennessee","Madison County",2,78,547,226,321
050,47,113,"Tennessee","Madison County",2,79,507,204,303
050,47,113,"Tennessee","Madison County",2,80,454,184,270
050,47,113,"Tennessee","Madison County",2,81,421,185,236
050,47,113,"Tennessee","Madison County",2,82,403,162,241
050,47,113,"Tennessee","Madison County",2,83,336,124,212
050,47,113,"Tennessee","Madison County",2,84,315,118,197
050,47,113,"Tennessee","Madison County",2,85,1731,583,1148
050,47,113,"Tennessee","Madison County",3,0,1196,620,576
050,47,113,"Tennessee","Madison County",3,1,1157,584,573
050,47,113,"Tennessee","Madison County",3,2,1174,579,595
050,47,113,"Tennessee","Madison County",3,3,1282,654,628
050,47,113,"Tennessee","Madison County",3,4,1225,649,576
050,47,113,"Tennessee","Madison County",3,5,1224,631,593
050,47,113,"Tennessee","Madison County",3,6,1176,601,575
050,47,113,"Tennessee","Madison County",3,7,1185,614,571
050,47,113,"Tennessee","Madison County",3,8,1232,655,577
050,47,113,"Tennessee","Madison County",3,9,1239,664,575
050,47,113,"Tennessee","Madison County",3,10,1167,611,556
050,47,113,"Tennessee","Madison County",3,11,1241,634,607
050,47,113,"Tennessee","Madison County",3,12,1285,646,639
050,47,113,"Tennessee","Madison County",3,13,1311,670,641
050,47,113,"Tennessee","Madison County",3,14,1289,639,650
050,47,113,"Tennessee","Madison County",3,15,1277,623,654
050,47,113,"Tennessee","Madison County",3,16,1269,625,644
050,47,113,"Tennessee","Madison County",3,17,1299,647,652
050,47,113,"Tennessee","Madison County",3,18,1522,725,797
050,47,113,"Tennessee","Madison County",3,19,1601,752,849
050,47,113,"Tennessee","Madison County",3,20,1435,714,721
050,47,113,"Tennessee","Madison County",3,21,1437,717,720
050,47,113,"Tennessee","Madison County",3,22,1343,647,696
050,47,113,"Tennessee","Madison County",3,23,1301,645,656
050,47,113,"Tennessee","Madison County",3,24,1216,609,607
050,47,113,"Tennessee","Madison County",3,25,1183,552,631
050,47,113,"Tennessee","Madison County",3,26,1279,627,652
050,47,113,"Tennessee","Madison County",3,27,1303,617,686
050,47,113,"Tennessee","Madison County",3,28,1355,676,679
050,47,113,"Tennessee","Madison County",3,29,1396,671,725
050,47,113,"Tennessee","Madison County",3,30,1286,603,683
050,47,113,"Tennessee","Madison County",3,31,1299,623,676
050,47,113,"Tennessee","Madison County",3,32,1298,616,682
050,47,113,"Tennessee","Madison County",3,33,1206,538,668
050,47,113,"Tennessee","Madison County",3,34,1127,551,576
050,47,113,"Tennessee","Madison County",3,35,1117,571,546
050,47,113,"Tennessee","Madison County",3,36,1110,538,572
050,47,113,"Tennessee","Madison County",3,37,1097,491,606
050,47,113,"Tennessee","Madison County",3,38,1165,558,607
050,47,113,"Tennessee","Madison County",3,39,1181,578,603
050,47,113,"Tennessee","Madison County",3,40,1175,568,607
050,47,113,"Tennessee","Madison County",3,41,1239,609,630
050,47,113,"Tennessee","Madison County",3,42,1132,534,598
050,47,113,"Tennessee","Madison County",3,43,1116,535,581
050,47,113,"Tennessee","Madison County",3,44,1137,547,590
050,47,113,"Tennessee","Madison County",3,45,1107,540,567
050,47,113,"Tennessee","Madison County",3,46,1109,527,582
050,47,113,"Tennessee","Madison County",3,47,1075,494,581
050,47,113,"Tennessee","Madison County",3,48,1064,501,563
050,47,113,"Tennessee","Madison County",3,49,1161,565,596
050,47,113,"Tennessee","Madison County",3,50,1297,654,643
050,47,113,"Tennessee","Madison County",3,51,1244,609,635
050,47,113,"Tennessee","Madison County",3,52,1205,574,631
050,47,113,"Tennessee","Madison County",3,53,1196,573,623
050,47,113,"Tennessee","Madison County",3,54,1163,561,602
050,47,113,"Tennessee","Madison County",3,55,1214,582,632
050,47,113,"Tennessee","Madison County",3,56,1323,650,673
050,47,113,"Tennessee","Madison County",3,57,1391,656,735
050,47,113,"Tennessee","Madison County",3,58,1398,657,741
050,47,113,"Tennessee","Madison County",3,59,1327,592,735
050,47,113,"Tennessee","Madison County",3,60,1328,612,716
050,47,113,"Tennessee","Madison County",3,61,1353,644,709
050,47,113,"Tennessee","Madison County",3,62,1348,616,732
050,47,113,"Tennessee","Madison County",3,63,1293,585,708
050,47,113,"Tennessee","Madison County",3,64,1312,615,697
050,47,113,"Tennessee","Madison County",3,65,1212,545,667
050,47,113,"Tennessee","Madison County",3,66,1199,543,656
050,47,113,"Tennessee","Madison County",3,67,1221,556,665
050,47,113,"Tennessee","Madison County",3,68,1133,526,607
050,47,113,"Tennessee","Madison County",3,69,1100,532,568
050,47,113,"Tennessee","Madison County",3,70,1047,495,552
050,47,113,"Tennessee","Madison County",3,71,1005,466,539
050,47,113,"Tennessee","Madison County",3,72,952,444,508
050,47,113,"Tennessee","Madison County",3,73,924,427,497
050,47,113,"Tennessee","Madison County",3,74,960,433,527
050,47,113,"Tennessee","Madison County",3,75,646,286,360
050,47,113,"Tennessee","Madison County",3,76,624,278,346
050,47,113,"Tennessee","Madison County",3,77,595,271,324
050,47,113,"Tennessee","Madison County",3,78,627,279,348
050,47,113,"Tennessee","Madison County",3,79,518,214,304
050,47,113,"Tennessee","Madison County",3,80,463,179,284
050,47,113,"Tennessee","Madison County",3,81,421,165,256
050,47,113,"Tennessee","Madison County",3,82,395,166,229
050,47,113,"Tennessee","Madison County",3,83,365,147,218
050,47,113,"Tennessee","Madison County",3,84,307,112,195
050,47,113,"Tennessee","Madison County",3,85,1651,559,1092
050,47,113,"Tennessee","Madison County",4,0,1146,601,545
050,47,113,"Tennessee","Madison County",4,1,1166,595,571
050,47,113,"Tennessee","Madison County",4,2,1156,598,558
050,47,113,"Tennessee","Madison County",4,3,1182,573,609
050,47,113,"Tennessee","Madison County",4,4,1265,650,615
050,47,113,"Tennessee","Madison County",4,5,1224,648,576
050,47,113,"Tennessee","Madison County",4,6,1252,652,600
050,47,113,"Tennessee","Madison County",4,7,1176,605,571
050,47,113,"Tennessee","Madison County",4,8,1193,607,586
050,47,113,"Tennessee","Madison County",4,9,1235,651,584
050,47,113,"Tennessee","Madison County",4,10,1236,667,569
050,47,113,"Tennessee","Madison County",4,11,1194,628,566
050,47,113,"Tennessee","Madison County",4,12,1237,628,609
050,47,113,"Tennessee","Madison County",4,13,1285,659,626
050,47,113,"Tennessee","Madison County",4,14,1337,693,644
050,47,113,"Tennessee","Madison County",4,15,1282,630,652
050,47,113,"Tennessee","Madison County",4,16,1333,669,664
050,47,113,"Tennessee","Madison County",4,17,1303,640,663
050,47,113,"Tennessee","Madison County",4,18,1501,719,782
050,47,113,"Tennessee","Madison County",4,19,1659,774,885
050,47,113,"Tennessee","Madison County",4,20,1494,712,782
050,47,113,"Tennessee","Madison County",4,21,1418,740,678
050,47,113,"Tennessee","Madison County",4,22,1337,678,659
050,47,113,"Tennessee","Madison County",4,23,1332,662,670
050,47,113,"Tennessee","Madison County",4,24,1317,653,664
050,47,113,"Tennessee","Madison County",4,25,1197,601,596
050,47,113,"Tennessee","Madison County",4,26,1226,580,646
050,47,113,"Tennessee","Madison County",4,27,1310,644,666
050,47,113,"Tennessee","Madison County",4,28,1316,630,686
050,47,113,"Tennessee","Madison County",4,29,1318,661,657
050,47,113,"Tennessee","Madison County",4,30,1390,667,723
050,47,113,"Tennessee","Madison County",4,31,1306,647,659
050,47,113,"Tennessee","Madison County",4,32,1315,619,696
050,47,113,"Tennessee","Madison County",4,33,1282,610,672
050,47,113,"Tennessee","Madison County",4,34,1216,557,659
050,47,113,"Tennessee","Madison County",4,35,1154,585,569
050,47,113,"Tennessee","Madison County",4,36,1074,528,546
050,47,113,"Tennessee","Madison County",4,37,1111,544,567
050,47,113,"Tennessee","Madison County",4,38,1123,535,588
050,47,113,"Tennessee","Madison County",4,39,1181,565,616
050,47,113,"Tennessee","Madison County",4,40,1150,557,593
050,47,113,"Tennessee","Madison County",4,41,1168,554,614
050,47,113,"Tennessee","Madison County",4,42,1202,587,615
050,47,113,"Tennessee","Madison County",4,43,1158,549,609
050,47,113,"Tennessee","Madison County",4,44,1131,538,593
050,47,113,"Tennessee","Madison County",4,45,1114,529,585
050,47,113,"Tennessee","Madison County",4,46,1105,549,556
050,47,113,"Tennessee","Madison County",4,47,1091,512,579
050,47,113,"Tennessee","Madison County",4,48,1096,507,589
050,47,113,"Tennessee","Madison County",4,49,1084,511,573
050,47,113,"Tennessee","Madison County",4,50,1200,603,597
050,47,113,"Tennessee","Madison County",4,51,1277,627,650
050,47,113,"Tennessee","Madison County",4,52,1274,630,644
050,47,113,"Tennessee","Madison County",4,53,1205,569,636
050,47,113,"Tennessee","Madison County",4,54,1183,565,618
050,47,113,"Tennessee","Madison County",4,55,1171,560,611
050,47,113,"Tennessee","Madison County",4,56,1219,588,631
050,47,113,"Tennessee","Madison County",4,57,1321,652,669
050,47,113,"Tennessee","Madison County",4,58,1403,664,739
050,47,113,"Tennessee","Madison County",4,59,1379,630,749
050,47,113,"Tennessee","Madison County",4,60,1335,605,730
050,47,113,"Tennessee","Madison County",4,61,1320,603,717
050,47,113,"Tennessee","Madison County",4,62,1358,646,712
050,47,113,"Tennessee","Madison County",4,63,1317,588,729
050,47,113,"Tennessee","Madison County",4,64,1264,571,693
050,47,113,"Tennessee","Madison County",4,65,1296,602,694
050,47,113,"Tennessee","Madison County",4,66,1205,540,665
050,47,113,"Tennessee","Madison County",4,67,1190,532,658
050,47,113,"Tennessee","Madison County",4,68,1191,536,655
050,47,113,"Tennessee","Madison County",4,69,1108,509,599
050,47,113,"Tennessee","Madison County",4,70,1063,514,549
050,47,113,"Tennessee","Madison County",4,71,1036,489,547
050,47,113,"Tennessee","Madison County",4,72,976,445,531
050,47,113,"Tennessee","Madison County",4,73,923,430,493
050,47,113,"Tennessee","Madison County",4,74,907,406,501
050,47,113,"Tennessee","Madison County",4,75,911,414,497
050,47,113,"Tennessee","Madison County",4,76,631,271,360
050,47,113,"Tennessee","Madison County",4,77,591,267,324
050,47,113,"Tennessee","Madison County",4,78,562,253,309
050,47,113,"Tennessee","Madison County",4,79,614,270,344
050,47,113,"Tennessee","Madison County",4,80,490,200,290
050,47,113,"Tennessee","Madison County",4,81,424,152,272
050,47,113,"Tennessee","Madison County",4,82,396,155,241
050,47,113,"Tennessee","Madison County",4,83,365,157,208
050,47,113,"Tennessee","Madison County",4,84,340,135,205
050,47,113,"Tennessee","Madison County",4,85,1649,549,1100
050,47,113,"Tennessee","Madison County",5,0,1150,602,548
050,47,113,"Tennessee","Madison County",5,1,1198,628,570
050,47,113,"Tennessee","Madison County",5,2,1203,613,590
050,47,113,"Tennessee","Madison County",5,3,1161,601,560
050,47,113,"Tennessee","Madison County",5,4,1213,592,621
050,47,113,"Tennessee","Madison County",5,5,1252,653,599
050,47,113,"Tennessee","Madison County",5,6,1202,624,578
050,47,113,"Tennessee","Madison County",5,7,1267,670,597
050,47,113,"Tennessee","Madison County",5,8,1195,623,572
050,47,113,"Tennessee","Madison County",5,9,1215,604,611
050,47,113,"Tennessee","Madison County",5,10,1216,627,589
050,47,113,"Tennessee","Madison County",5,11,1226,653,573
050,47,113,"Tennessee","Madison County",5,12,1196,635,561
050,47,113,"Tennessee","Madison County",5,13,1229,621,608
050,47,113,"Tennessee","Madison County",5,14,1274,652,622
050,47,113,"Tennessee","Madison County",5,15,1320,670,650
050,47,113,"Tennessee","Madison County",5,16,1327,667,660
050,47,113,"Tennessee","Madison County",5,17,1342,676,666
050,47,113,"Tennessee","Madison County",5,18,1494,697,797
050,47,113,"Tennessee","Madison County",5,19,1645,777,868
050,47,113,"Tennessee","Madison County",5,20,1513,728,785
050,47,113,"Tennessee","Madison County",5,21,1457,719,738
050,47,113,"Tennessee","Madison County",5,22,1344,707,637
050,47,113,"Tennessee","Madison County",5,23,1285,643,642
050,47,113,"Tennessee","Madison County",5,24,1305,643,662
050,47,113,"Tennessee","Madison County",5,25,1303,640,663
050,47,113,"Tennessee","Madison County",5,26,1191,608,583
050,47,113,"Tennessee","Madison County",5,27,1222,579,643
050,47,113,"Tennessee","Madison County",5,28,1294,637,657
050,47,113,"Tennessee","Madison County",5,29,1283,594,689
050,47,113,"Tennessee","Madison County",5,30,1254,613,641
050,47,113,"Tennessee","Madison County",5,31,1411,702,709
050,47,113,"Tennessee","Madison County",5,32,1304,615,689
050,47,113,"Tennessee","Madison County",5,33,1298,613,685
050,47,113,"Tennessee","Madison County",5,34,1289,615,674
050,47,113,"Tennessee","Madison County",5,35,1246,593,653
050,47,113,"Tennessee","Madison County",5,36,1089,538,551
050,47,113,"Tennessee","Madison County",5,37,1048,508,540
050,47,113,"Tennessee","Madison County",5,38,1129,580,549
050,47,113,"Tennessee","Madison County",5,39,1143,542,601
050,47,113,"Tennessee","Madison County",5,40,1159,530,629
050,47,113,"Tennessee","Madison County",5,41,1179,571,608
050,47,113,"Tennessee","Madison County",5,42,1141,541,600
050,47,113,"Tennessee","Madison County",5,43,1250,617,633
050,47,113,"Tennessee","Madison County",5,44,1146,530,616
050,47,113,"Tennessee","Madison County",5,45,1133,537,596
050,47,113,"Tennessee","Madison County",5,46,1113,533,580
050,47,113,"Tennessee","Madison County",5,47,1078,530,548
050,47,113,"Tennessee","Madison County",5,48,1091,511,580
050,47,113,"Tennessee","Madison County",5,49,1089,507,582
050,47,113,"Tennessee","Madison County",5,50,1086,534,552
050,47,113,"Tennessee","Madison County",5,51,1147,559,588
050,47,113,"Tennessee","Madison County",5,52,1264,637,627
050,47,113,"Tennessee","Madison County",5,53,1251,625,626
050,47,113,"Tennessee","Madison County",5,54,1185,553,632
050,47,113,"Tennessee","Madison County",5,55,1180,564,616
050,47,113,"Tennessee","Madison County",5,56,1162,554,608
050,47,113,"Tennessee","Madison County",5,57,1203,581,622
050,47,113,"Tennessee","Madison County",5,58,1324,649,675
050,47,113,"Tennessee","Madison County",5,59,1361,632,729
050,47,113,"Tennessee","Madison County",5,60,1360,617,743
050,47,113,"Tennessee","Madison County",5,61,1306,586,720
050,47,113,"Tennessee","Madison County",5,62,1335,630,705
050,47,113,"Tennessee","Madison County",5,63,1329,612,717
050,47,113,"Tennessee","Madison County",5,64,1303,587,716
050,47,113,"Tennessee","Madison County",5,65,1257,562,695
050,47,113,"Tennessee","Madison County",5,66,1277,589,688
050,47,113,"Tennessee","Madison County",5,67,1202,528,674
050,47,113,"Tennessee","Madison County",5,68,1160,521,639
050,47,113,"Tennessee","Madison County",5,69,1167,524,643
050,47,113,"Tennessee","Madison County",5,70,1072,490,582
050,47,113,"Tennessee","Madison County",5,71,1023,496,527
050,47,113,"Tennessee","Madison County",5,72,1027,478,549
050,47,113,"Tennessee","Madison County",5,73,943,427,516
050,47,113,"Tennessee","Madison County",5,74,903,414,489
050,47,113,"Tennessee","Madison County",5,75,861,397,464
050,47,113,"Tennessee","Madison County",5,76,882,394,488
050,47,113,"Tennessee","Madison County",5,77,595,250,345
050,47,113,"Tennessee","Madison County",5,78,574,257,317
050,47,113,"Tennessee","Madison County",5,79,546,246,300
050,47,113,"Tennessee","Madison County",5,80,568,250,318
050,47,113,"Tennessee","Madison County",5,81,446,176,270
050,47,113,"Tennessee","Madison County",5,82,400,141,259
050,47,113,"Tennessee","Madison County",5,83,371,144,227
050,47,113,"Tennessee","Madison County",5,84,336,146,190
050,47,113,"Tennessee","Madison County",5,85,1675,557,1118
050,47,115,"Tennessee","Marion County",1,0,303,154,149
050,47,115,"Tennessee","Marion County",1,1,307,163,144
050,47,115,"Tennessee","Marion County",1,2,324,159,165
050,47,115,"Tennessee","Marion County",1,3,322,157,165
050,47,115,"Tennessee","Marion County",1,4,336,181,155
050,47,115,"Tennessee","Marion County",1,5,353,184,169
050,47,115,"Tennessee","Marion County",1,6,332,158,174
050,47,115,"Tennessee","Marion County",1,7,301,143,158
050,47,115,"Tennessee","Marion County",1,8,335,170,165
050,47,115,"Tennessee","Marion County",1,9,337,178,159
050,47,115,"Tennessee","Marion County",1,10,348,174,174
050,47,115,"Tennessee","Marion County",1,11,331,173,158
050,47,115,"Tennessee","Marion County",1,12,364,186,178
050,47,115,"Tennessee","Marion County",1,13,373,208,165
050,47,115,"Tennessee","Marion County",1,14,363,188,175
050,47,115,"Tennessee","Marion County",1,15,372,179,193
050,47,115,"Tennessee","Marion County",1,16,384,192,192
050,47,115,"Tennessee","Marion County",1,17,375,190,185
050,47,115,"Tennessee","Marion County",1,18,309,165,144
050,47,115,"Tennessee","Marion County",1,19,252,130,122
050,47,115,"Tennessee","Marion County",1,20,290,155,135
050,47,115,"Tennessee","Marion County",1,21,299,145,154
050,47,115,"Tennessee","Marion County",1,22,303,156,147
050,47,115,"Tennessee","Marion County",1,23,323,172,151
050,47,115,"Tennessee","Marion County",1,24,335,177,158
050,47,115,"Tennessee","Marion County",1,25,332,179,153
050,47,115,"Tennessee","Marion County",1,26,328,158,170
050,47,115,"Tennessee","Marion County",1,27,324,159,165
050,47,115,"Tennessee","Marion County",1,28,334,171,163
050,47,115,"Tennessee","Marion County",1,29,382,193,189
050,47,115,"Tennessee","Marion County",1,30,362,174,188
050,47,115,"Tennessee","Marion County",1,31,327,167,160
050,47,115,"Tennessee","Marion County",1,32,300,141,159
050,47,115,"Tennessee","Marion County",1,33,299,151,148
050,47,115,"Tennessee","Marion County",1,34,346,174,172
050,47,115,"Tennessee","Marion County",1,35,314,151,163
050,47,115,"Tennessee","Marion County",1,36,287,133,154
050,47,115,"Tennessee","Marion County",1,37,325,170,155
050,47,115,"Tennessee","Marion County",1,38,348,181,167
050,47,115,"Tennessee","Marion County",1,39,327,168,159
050,47,115,"Tennessee","Marion County",1,40,331,158,173
050,47,115,"Tennessee","Marion County",1,41,314,165,149
050,47,115,"Tennessee","Marion County",1,42,342,187,155
050,47,115,"Tennessee","Marion County",1,43,344,176,168
050,47,115,"Tennessee","Marion County",1,44,352,163,189
050,47,115,"Tennessee","Marion County",1,45,356,167,189
050,47,115,"Tennessee","Marion County",1,46,353,172,181
050,47,115,"Tennessee","Marion County",1,47,377,188,189
050,47,115,"Tennessee","Marion County",1,48,411,198,213
050,47,115,"Tennessee","Marion County",1,49,404,199,205
050,47,115,"Tennessee","Marion County",1,50,383,183,200
050,47,115,"Tennessee","Marion County",1,51,379,194,185
050,47,115,"Tennessee","Marion County",1,52,367,184,183
050,47,115,"Tennessee","Marion County",1,53,384,193,191
050,47,115,"Tennessee","Marion County",1,54,400,203,197
050,47,115,"Tennessee","Marion County",1,55,436,219,217
050,47,115,"Tennessee","Marion County",1,56,441,219,222
050,47,115,"Tennessee","Marion County",1,57,444,210,234
050,47,115,"Tennessee","Marion County",1,58,455,218,237
050,47,115,"Tennessee","Marion County",1,59,431,207,224
050,47,115,"Tennessee","Marion County",1,60,421,194,227
050,47,115,"Tennessee","Marion County",1,61,413,193,220
050,47,115,"Tennessee","Marion County",1,62,414,200,214
050,47,115,"Tennessee","Marion County",1,63,432,212,220
050,47,115,"Tennessee","Marion County",1,64,461,229,232
050,47,115,"Tennessee","Marion County",1,65,434,216,218
050,47,115,"Tennessee","Marion County",1,66,396,194,202
050,47,115,"Tennessee","Marion County",1,67,405,190,215
050,47,115,"Tennessee","Marion County",1,68,361,174,187
050,47,115,"Tennessee","Marion County",1,69,340,171,169
050,47,115,"Tennessee","Marion County",1,70,345,177,168
050,47,115,"Tennessee","Marion County",1,71,348,168,180
050,47,115,"Tennessee","Marion County",1,72,372,168,204
050,47,115,"Tennessee","Marion County",1,73,354,171,183
050,47,115,"Tennessee","Marion County",1,74,242,112,130
050,47,115,"Tennessee","Marion County",1,75,236,105,131
050,47,115,"Tennessee","Marion County",1,76,231,110,121
050,47,115,"Tennessee","Marion County",1,77,206,102,104
050,47,115,"Tennessee","Marion County",1,78,190,87,103
050,47,115,"Tennessee","Marion County",1,79,184,84,100
050,47,115,"Tennessee","Marion County",1,80,166,72,94
050,47,115,"Tennessee","Marion County",1,81,136,53,83
050,47,115,"Tennessee","Marion County",1,82,108,43,65
050,47,115,"Tennessee","Marion County",1,83,105,51,54
050,47,115,"Tennessee","Marion County",1,84,110,44,66
050,47,115,"Tennessee","Marion County",1,85,518,189,329
050,47,115,"Tennessee","Marion County",2,0,298,151,147
050,47,115,"Tennessee","Marion County",2,1,301,157,144
050,47,115,"Tennessee","Marion County",2,2,323,161,162
050,47,115,"Tennessee","Marion County",2,3,324,158,166
050,47,115,"Tennessee","Marion County",2,4,333,176,157
050,47,115,"Tennessee","Marion County",2,5,350,183,167
050,47,115,"Tennessee","Marion County",2,6,340,165,175
050,47,115,"Tennessee","Marion County",2,7,311,147,164
050,47,115,"Tennessee","Marion County",2,8,328,165,163
050,47,115,"Tennessee","Marion County",2,9,336,176,160
050,47,115,"Tennessee","Marion County",2,10,343,175,168
050,47,115,"Tennessee","Marion County",2,11,333,173,160
050,47,115,"Tennessee","Marion County",2,12,358,185,173
050,47,115,"Tennessee","Marion County",2,13,370,203,167
050,47,115,"Tennessee","Marion County",2,14,367,194,173
050,47,115,"Tennessee","Marion County",2,15,372,183,189
050,47,115,"Tennessee","Marion County",2,16,383,189,194
050,47,115,"Tennessee","Marion County",2,17,378,190,188
050,47,115,"Tennessee","Marion County",2,18,310,165,145
050,47,115,"Tennessee","Marion County",2,19,252,131,121
050,47,115,"Tennessee","Marion County",2,20,288,152,136
050,47,115,"Tennessee","Marion County",2,21,298,149,149
050,47,115,"Tennessee","Marion County",2,22,307,156,151
050,47,115,"Tennessee","Marion County",2,23,326,172,154
050,47,115,"Tennessee","Marion County",2,24,335,178,157
050,47,115,"Tennessee","Marion County",2,25,338,180,158
050,47,115,"Tennessee","Marion County",2,26,328,163,165
050,47,115,"Tennessee","Marion County",2,27,322,158,164
050,47,115,"Tennessee","Marion County",2,28,331,168,163
050,47,115,"Tennessee","Marion County",2,29,371,188,183
050,47,115,"Tennessee","Marion County",2,30,369,181,188
050,47,115,"Tennessee","Marion County",2,31,331,167,164
050,47,115,"Tennessee","Marion County",2,32,304,146,158
050,47,115,"Tennessee","Marion County",2,33,303,150,153
050,47,115,"Tennessee","Marion County",2,34,335,167,168
050,47,115,"Tennessee","Marion County",2,35,322,155,167
050,47,115,"Tennessee","Marion County",2,36,293,137,156
050,47,115,"Tennessee","Marion County",2,37,317,162,155
050,47,115,"Tennessee","Marion County",2,38,343,178,165
050,47,115,"Tennessee","Marion County",2,39,331,170,161
050,47,115,"Tennessee","Marion County",2,40,334,162,172
050,47,115,"Tennessee","Marion County",2,41,320,164,156
050,47,115,"Tennessee","Marion County",2,42,335,182,153
050,47,115,"Tennessee","Marion County",2,43,347,180,167
050,47,115,"Tennessee","Marion County",2,44,347,164,183
050,47,115,"Tennessee","Marion County",2,45,357,167,190
050,47,115,"Tennessee","Marion County",2,46,356,173,183
050,47,115,"Tennessee","Marion County",2,47,370,184,186
050,47,115,"Tennessee","Marion County",2,48,401,194,207
050,47,115,"Tennessee","Marion County",2,49,410,201,209
050,47,115,"Tennessee","Marion County",2,50,389,186,203
050,47,115,"Tennessee","Marion County",2,51,378,192,186
050,47,115,"Tennessee","Marion County",2,52,368,185,183
050,47,115,"Tennessee","Marion County",2,53,381,191,190
050,47,115,"Tennessee","Marion County",2,54,394,201,193
050,47,115,"Tennessee","Marion County",2,55,428,216,212
050,47,115,"Tennessee","Marion County",2,56,445,221,224
050,47,115,"Tennessee","Marion County",2,57,444,215,229
050,47,115,"Tennessee","Marion County",2,58,451,214,237
050,47,115,"Tennessee","Marion County",2,59,438,210,228
050,47,115,"Tennessee","Marion County",2,60,424,198,226
050,47,115,"Tennessee","Marion County",2,61,415,193,222
050,47,115,"Tennessee","Marion County",2,62,412,196,216
050,47,115,"Tennessee","Marion County",2,63,433,211,222
050,47,115,"Tennessee","Marion County",2,64,450,224,226
050,47,115,"Tennessee","Marion County",2,65,443,222,221
050,47,115,"Tennessee","Marion County",2,66,407,201,206
050,47,115,"Tennessee","Marion County",2,67,401,189,212
050,47,115,"Tennessee","Marion County",2,68,368,178,190
050,47,115,"Tennessee","Marion County",2,69,343,171,172
050,47,115,"Tennessee","Marion County",2,70,340,172,168
050,47,115,"Tennessee","Marion County",2,71,349,170,179
050,47,115,"Tennessee","Marion County",2,72,359,165,194
050,47,115,"Tennessee","Marion County",2,73,376,179,197
050,47,115,"Tennessee","Marion County",2,74,251,118,133
050,47,115,"Tennessee","Marion County",2,75,237,107,130
050,47,115,"Tennessee","Marion County",2,76,226,106,120
050,47,115,"Tennessee","Marion County",2,77,211,103,108
050,47,115,"Tennessee","Marion County",2,78,188,88,100
050,47,115,"Tennessee","Marion County",2,79,178,81,97
050,47,115,"Tennessee","Marion County",2,80,169,74,95
050,47,115,"Tennessee","Marion County",2,81,142,57,85
050,47,115,"Tennessee","Marion County",2,82,115,46,69
050,47,115,"Tennessee","Marion County",2,83,105,49,56
050,47,115,"Tennessee","Marion County",2,84,105,45,60
050,47,115,"Tennessee","Marion County",2,85,528,193,335
050,47,115,"Tennessee","Marion County",3,0,296,149,147
050,47,115,"Tennessee","Marion County",3,1,313,160,153
050,47,115,"Tennessee","Marion County",3,2,294,159,135
050,47,115,"Tennessee","Marion County",3,3,341,168,173
050,47,115,"Tennessee","Marion County",3,4,321,157,164
050,47,115,"Tennessee","Marion County",3,5,324,174,150
050,47,115,"Tennessee","Marion County",3,6,333,180,153
050,47,115,"Tennessee","Marion County",3,7,320,158,162
050,47,115,"Tennessee","Marion County",3,8,315,148,167
050,47,115,"Tennessee","Marion County",3,9,328,165,163
050,47,115,"Tennessee","Marion County",3,10,337,169,168
050,47,115,"Tennessee","Marion County",3,11,341,172,169
050,47,115,"Tennessee","Marion County",3,12,351,181,170
050,47,115,"Tennessee","Marion County",3,13,345,176,169
050,47,115,"Tennessee","Marion County",3,14,372,204,168
050,47,115,"Tennessee","Marion County",3,15,370,187,183
050,47,115,"Tennessee","Marion County",3,16,362,179,183
050,47,115,"Tennessee","Marion County",3,17,382,188,194
050,47,115,"Tennessee","Marion County",3,18,322,168,154
050,47,115,"Tennessee","Marion County",3,19,242,126,116
050,47,115,"Tennessee","Marion County",3,20,272,140,132
050,47,115,"Tennessee","Marion County",3,21,313,164,149
050,47,115,"Tennessee","Marion County",3,22,337,158,179
050,47,115,"Tennessee","Marion County",3,23,324,161,163
050,47,115,"Tennessee","Marion County",3,24,328,173,155
050,47,115,"Tennessee","Marion County",3,25,328,175,153
050,47,115,"Tennessee","Marion County",3,26,345,188,157
050,47,115,"Tennessee","Marion County",3,27,318,159,159
050,47,115,"Tennessee","Marion County",3,28,316,155,161
050,47,115,"Tennessee","Marion County",3,29,348,173,175
050,47,115,"Tennessee","Marion County",3,30,373,189,184
050,47,115,"Tennessee","Marion County",3,31,374,188,186
050,47,115,"Tennessee","Marion County",3,32,331,168,163
050,47,115,"Tennessee","Marion County",3,33,303,142,161
050,47,115,"Tennessee","Marion County",3,34,303,152,151
050,47,115,"Tennessee","Marion County",3,35,336,165,171
050,47,115,"Tennessee","Marion County",3,36,330,166,164
050,47,115,"Tennessee","Marion County",3,37,292,136,156
050,47,115,"Tennessee","Marion County",3,38,315,159,156
050,47,115,"Tennessee","Marion County",3,39,341,173,168
050,47,115,"Tennessee","Marion County",3,40,331,173,158
050,47,115,"Tennessee","Marion County",3,41,345,175,170
050,47,115,"Tennessee","Marion County",3,42,318,160,158
050,47,115,"Tennessee","Marion County",3,43,331,180,151
050,47,115,"Tennessee","Marion County",3,44,354,189,165
050,47,115,"Tennessee","Marion County",3,45,343,159,184
050,47,115,"Tennessee","Marion County",3,46,358,171,187
050,47,115,"Tennessee","Marion County",3,47,355,172,183
050,47,115,"Tennessee","Marion County",3,48,375,186,189
050,47,115,"Tennessee","Marion County",3,49,410,202,208
050,47,115,"Tennessee","Marion County",3,50,420,204,216
050,47,115,"Tennessee","Marion County",3,51,400,191,209
050,47,115,"Tennessee","Marion County",3,52,377,197,180
050,47,115,"Tennessee","Marion County",3,53,357,180,177
050,47,115,"Tennessee","Marion County",3,54,391,199,192
050,47,115,"Tennessee","Marion County",3,55,395,202,193
050,47,115,"Tennessee","Marion County",3,56,423,215,208
050,47,115,"Tennessee","Marion County",3,57,447,226,221
050,47,115,"Tennessee","Marion County",3,58,448,218,230
050,47,115,"Tennessee","Marion County",3,59,445,211,234
050,47,115,"Tennessee","Marion County",3,60,447,221,226
050,47,115,"Tennessee","Marion County",3,61,429,202,227
050,47,115,"Tennessee","Marion County",3,62,408,192,216
050,47,115,"Tennessee","Marion County",3,63,418,193,225
050,47,115,"Tennessee","Marion County",3,64,445,217,228
050,47,115,"Tennessee","Marion County",3,65,453,220,233
050,47,115,"Tennessee","Marion County",3,66,438,220,218
050,47,115,"Tennessee","Marion County",3,67,402,199,203
050,47,115,"Tennessee","Marion County",3,68,393,186,207
050,47,115,"Tennessee","Marion County",3,69,364,176,188
050,47,115,"Tennessee","Marion County",3,70,342,165,177
050,47,115,"Tennessee","Marion County",3,71,333,168,165
050,47,115,"Tennessee","Marion County",3,72,344,170,174
050,47,115,"Tennessee","Marion County",3,73,347,160,187
050,47,115,"Tennessee","Marion County",3,74,361,171,190
050,47,115,"Tennessee","Marion County",3,75,248,113,135
050,47,115,"Tennessee","Marion County",3,76,216,99,117
050,47,115,"Tennessee","Marion County",3,77,216,102,114
050,47,115,"Tennessee","Marion County",3,78,201,99,102
050,47,115,"Tennessee","Marion County",3,79,180,84,96
050,47,115,"Tennessee","Marion County",3,80,167,75,92
050,47,115,"Tennessee","Marion County",3,81,163,68,95
050,47,115,"Tennessee","Marion County",3,82,127,48,79
050,47,115,"Tennessee","Marion County",3,83,100,39,61
050,47,115,"Tennessee","Marion County",3,84,90,42,48
050,47,115,"Tennessee","Marion County",3,85,528,195,333
050,47,115,"Tennessee","Marion County",4,0,292,157,135
050,47,115,"Tennessee","Marion County",4,1,299,159,140
050,47,115,"Tennessee","Marion County",4,2,321,164,157
050,47,115,"Tennessee","Marion County",4,3,304,162,142
050,47,115,"Tennessee","Marion County",4,4,331,165,166
050,47,115,"Tennessee","Marion County",4,5,330,170,160
050,47,115,"Tennessee","Marion County",4,6,322,177,145
050,47,115,"Tennessee","Marion County",4,7,326,171,155
050,47,115,"Tennessee","Marion County",4,8,318,166,152
050,47,115,"Tennessee","Marion County",4,9,318,159,159
050,47,115,"Tennessee","Marion County",4,10,324,162,162
050,47,115,"Tennessee","Marion County",4,11,333,167,166
050,47,115,"Tennessee","Marion County",4,12,347,175,172
050,47,115,"Tennessee","Marion County",4,13,352,184,168
050,47,115,"Tennessee","Marion County",4,14,356,180,176
050,47,115,"Tennessee","Marion County",4,15,373,204,169
050,47,115,"Tennessee","Marion County",4,16,368,186,182
050,47,115,"Tennessee","Marion County",4,17,356,182,174
050,47,115,"Tennessee","Marion County",4,18,318,162,156
050,47,115,"Tennessee","Marion County",4,19,240,129,111
050,47,115,"Tennessee","Marion County",4,20,268,136,132
050,47,115,"Tennessee","Marion County",4,21,278,144,134
050,47,115,"Tennessee","Marion County",4,22,325,174,151
050,47,115,"Tennessee","Marion County",4,23,353,161,192
050,47,115,"Tennessee","Marion County",4,24,337,170,167
050,47,115,"Tennessee","Marion County",4,25,348,183,165
050,47,115,"Tennessee","Marion County",4,26,320,171,149
050,47,115,"Tennessee","Marion County",4,27,347,190,157
050,47,115,"Tennessee","Marion County",4,28,308,150,158
050,47,115,"Tennessee","Marion County",4,29,324,159,165
050,47,115,"Tennessee","Marion County",4,30,333,166,167
050,47,115,"Tennessee","Marion County",4,31,379,199,180
050,47,115,"Tennessee","Marion County",4,32,372,179,193
050,47,115,"Tennessee","Marion County",4,33,339,174,165
050,47,115,"Tennessee","Marion County",4,34,321,145,176
050,47,115,"Tennessee","Marion County",4,35,303,152,151
050,47,115,"Tennessee","Marion County",4,36,347,171,176
050,47,115,"Tennessee","Marion County",4,37,337,173,164
050,47,115,"Tennessee","Marion County",4,38,290,137,153
050,47,115,"Tennessee","Marion County",4,39,317,163,154
050,47,115,"Tennessee","Marion County",4,40,338,168,170
050,47,115,"Tennessee","Marion County",4,41,328,174,154
050,47,115,"Tennessee","Marion County",4,42,344,167,177
050,47,115,"Tennessee","Marion County",4,43,325,166,159
050,47,115,"Tennessee","Marion County",4,44,335,174,161
050,47,115,"Tennessee","Marion County",4,45,354,189,165
050,47,115,"Tennessee","Marion County",4,46,346,164,182
050,47,115,"Tennessee","Marion County",4,47,353,173,180
050,47,115,"Tennessee","Marion County",4,48,349,169,180
050,47,115,"Tennessee","Marion County",4,49,381,187,194
050,47,115,"Tennessee","Marion County",4,50,422,205,217
050,47,115,"Tennessee","Marion County",4,51,417,200,217
050,47,115,"Tennessee","Marion County",4,52,397,183,214
050,47,115,"Tennessee","Marion County",4,53,386,199,187
050,47,115,"Tennessee","Marion County",4,54,361,179,182
050,47,115,"Tennessee","Marion County",4,55,405,203,202
050,47,115,"Tennessee","Marion County",4,56,407,208,199
050,47,115,"Tennessee","Marion County",4,57,421,218,203
050,47,115,"Tennessee","Marion County",4,58,452,225,227
050,47,115,"Tennessee","Marion County",4,59,453,219,234
050,47,115,"Tennessee","Marion County",4,60,467,220,247
050,47,115,"Tennessee","Marion County",4,61,461,224,237
050,47,115,"Tennessee","Marion County",4,62,438,208,230
050,47,115,"Tennessee","Marion County",4,63,415,202,213
050,47,115,"Tennessee","Marion County",4,64,424,195,229
050,47,115,"Tennessee","Marion County",4,65,452,218,234
050,47,115,"Tennessee","Marion County",4,66,441,210,231
050,47,115,"Tennessee","Marion County",4,67,438,223,215
050,47,115,"Tennessee","Marion County",4,68,406,202,204
050,47,115,"Tennessee","Marion County",4,69,374,177,197
050,47,115,"Tennessee","Marion County",4,70,353,174,179
050,47,115,"Tennessee","Marion County",4,71,337,166,171
050,47,115,"Tennessee","Marion County",4,72,326,170,156
050,47,115,"Tennessee","Marion County",4,73,334,165,169
050,47,115,"Tennessee","Marion County",4,74,342,160,182
050,47,115,"Tennessee","Marion County",4,75,346,161,185
050,47,115,"Tennessee","Marion County",4,76,242,110,132
050,47,115,"Tennessee","Marion County",4,77,205,89,116
050,47,115,"Tennessee","Marion County",4,78,211,100,111
050,47,115,"Tennessee","Marion County",4,79,197,97,100
050,47,115,"Tennessee","Marion County",4,80,168,85,83
050,47,115,"Tennessee","Marion County",4,81,162,71,91
050,47,115,"Tennessee","Marion County",4,82,148,60,88
050,47,115,"Tennessee","Marion County",4,83,115,41,74
050,47,115,"Tennessee","Marion County",4,84,86,35,51
050,47,115,"Tennessee","Marion County",4,85,514,197,317
050,47,115,"Tennessee","Marion County",5,0,287,153,134
050,47,115,"Tennessee","Marion County",5,1,319,179,140
050,47,115,"Tennessee","Marion County",5,2,303,161,142
050,47,115,"Tennessee","Marion County",5,3,317,156,161
050,47,115,"Tennessee","Marion County",5,4,313,162,151
050,47,115,"Tennessee","Marion County",5,5,337,167,170
050,47,115,"Tennessee","Marion County",5,6,347,169,178
050,47,115,"Tennessee","Marion County",5,7,326,182,144
050,47,115,"Tennessee","Marion County",5,8,331,175,156
050,47,115,"Tennessee","Marion County",5,9,321,171,150
050,47,115,"Tennessee","Marion County",5,10,328,156,172
050,47,115,"Tennessee","Marion County",5,11,307,159,148
050,47,115,"Tennessee","Marion County",5,12,344,168,176
050,47,115,"Tennessee","Marion County",5,13,345,170,175
050,47,115,"Tennessee","Marion County",5,14,356,188,168
050,47,115,"Tennessee","Marion County",5,15,350,175,175
050,47,115,"Tennessee","Marion County",5,16,371,199,172
050,47,115,"Tennessee","Marion County",5,17,378,198,180
050,47,115,"Tennessee","Marion County",5,18,300,154,146
050,47,115,"Tennessee","Marion County",5,19,249,125,124
050,47,115,"Tennessee","Marion County",5,20,276,144,132
050,47,115,"Tennessee","Marion County",5,21,281,141,140
050,47,115,"Tennessee","Marion County",5,22,306,150,156
050,47,115,"Tennessee","Marion County",5,23,340,184,156
050,47,115,"Tennessee","Marion County",5,24,348,164,184
050,47,115,"Tennessee","Marion County",5,25,350,175,175
050,47,115,"Tennessee","Marion County",5,26,356,189,167
050,47,115,"Tennessee","Marion County",5,27,325,172,153
050,47,115,"Tennessee","Marion County",5,28,351,182,169
050,47,115,"Tennessee","Marion County",5,29,319,158,161
050,47,115,"Tennessee","Marion County",5,30,332,160,172
050,47,115,"Tennessee","Marion County",5,31,330,161,169
050,47,115,"Tennessee","Marion County",5,32,383,196,187
050,47,115,"Tennessee","Marion County",5,33,390,189,201
050,47,115,"Tennessee","Marion County",5,34,363,184,179
050,47,115,"Tennessee","Marion County",5,35,315,140,175
050,47,115,"Tennessee","Marion County",5,36,307,159,148
050,47,115,"Tennessee","Marion County",5,37,349,173,176
050,47,115,"Tennessee","Marion County",5,38,336,172,164
050,47,115,"Tennessee","Marion County",5,39,292,133,159
050,47,115,"Tennessee","Marion County",5,40,321,166,155
050,47,115,"Tennessee","Marion County",5,41,344,172,172
050,47,115,"Tennessee","Marion County",5,42,336,181,155
050,47,115,"Tennessee","Marion County",5,43,354,170,184
050,47,115,"Tennessee","Marion County",5,44,331,163,168
050,47,115,"Tennessee","Marion County",5,45,339,175,164
050,47,115,"Tennessee","Marion County",5,46,349,184,165
050,47,115,"Tennessee","Marion County",5,47,341,163,178
050,47,115,"Tennessee","Marion County",5,48,372,179,193
050,47,115,"Tennessee","Marion County",5,49,357,173,184
050,47,115,"Tennessee","Marion County",5,50,387,181,206
050,47,115,"Tennessee","Marion County",5,51,446,215,231
050,47,115,"Tennessee","Marion County",5,52,424,198,226
050,47,115,"Tennessee","Marion County",5,53,404,189,215
050,47,115,"Tennessee","Marion County",5,54,399,207,192
050,47,115,"Tennessee","Marion County",5,55,373,186,187
050,47,115,"Tennessee","Marion County",5,56,414,210,204
050,47,115,"Tennessee","Marion County",5,57,418,216,202
050,47,115,"Tennessee","Marion County",5,58,430,223,207
050,47,115,"Tennessee","Marion County",5,59,458,229,229
050,47,115,"Tennessee","Marion County",5,60,450,224,226
050,47,115,"Tennessee","Marion County",5,61,476,228,248
050,47,115,"Tennessee","Marion County",5,62,470,229,241
050,47,115,"Tennessee","Marion County",5,63,444,199,245
050,47,115,"Tennessee","Marion County",5,64,411,200,211
050,47,115,"Tennessee","Marion County",5,65,415,179,236
050,47,115,"Tennessee","Marion County",5,66,445,212,233
050,47,115,"Tennessee","Marion County",5,67,440,208,232
050,47,115,"Tennessee","Marion County",5,68,440,224,216
050,47,115,"Tennessee","Marion County",5,69,392,194,198
050,47,115,"Tennessee","Marion County",5,70,367,174,193
050,47,115,"Tennessee","Marion County",5,71,343,168,175
050,47,115,"Tennessee","Marion County",5,72,340,171,169
050,47,115,"Tennessee","Marion County",5,73,313,163,150
050,47,115,"Tennessee","Marion County",5,74,320,159,161
050,47,115,"Tennessee","Marion County",5,75,326,150,176
050,47,115,"Tennessee","Marion County",5,76,338,159,179
050,47,115,"Tennessee","Marion County",5,77,226,102,124
050,47,115,"Tennessee","Marion County",5,78,199,87,112
050,47,115,"Tennessee","Marion County",5,79,205,95,110
050,47,115,"Tennessee","Marion County",5,80,187,96,91
050,47,115,"Tennessee","Marion County",5,81,159,76,83
050,47,115,"Tennessee","Marion County",5,82,144,63,81
050,47,115,"Tennessee","Marion County",5,83,137,57,80
050,47,115,"Tennessee","Marion County",5,84,103,35,68
050,47,115,"Tennessee","Marion County",5,85,517,201,316
050,47,117,"Tennessee","Marshall County",1,0,407,207,200
050,47,117,"Tennessee","Marshall County",1,1,408,206,202
050,47,117,"Tennessee","Marshall County",1,2,413,208,205
050,47,117,"Tennessee","Marshall County",1,3,429,219,210
050,47,117,"Tennessee","Marshall County",1,4,460,240,220
050,47,117,"Tennessee","Marshall County",1,5,449,226,223
050,47,117,"Tennessee","Marshall County",1,6,416,207,209
050,47,117,"Tennessee","Marshall County",1,7,430,222,208
050,47,117,"Tennessee","Marshall County",1,8,443,237,206
050,47,117,"Tennessee","Marshall County",1,9,464,246,218
050,47,117,"Tennessee","Marshall County",1,10,440,236,204
050,47,117,"Tennessee","Marshall County",1,11,471,235,236
050,47,117,"Tennessee","Marshall County",1,12,478,248,230
050,47,117,"Tennessee","Marshall County",1,13,501,266,235
050,47,117,"Tennessee","Marshall County",1,14,455,228,227
050,47,117,"Tennessee","Marshall County",1,15,449,220,229
050,47,117,"Tennessee","Marshall County",1,16,478,237,241
050,47,117,"Tennessee","Marshall County",1,17,466,235,231
050,47,117,"Tennessee","Marshall County",1,18,399,203,196
050,47,117,"Tennessee","Marshall County",1,19,336,183,153
050,47,117,"Tennessee","Marshall County",1,20,367,194,173
050,47,117,"Tennessee","Marshall County",1,21,376,187,189
050,47,117,"Tennessee","Marshall County",1,22,366,178,188
050,47,117,"Tennessee","Marshall County",1,23,391,203,188
050,47,117,"Tennessee","Marshall County",1,24,390,211,179
050,47,117,"Tennessee","Marshall County",1,25,395,194,201
050,47,117,"Tennessee","Marshall County",1,26,411,209,202
050,47,117,"Tennessee","Marshall County",1,27,458,221,237
050,47,117,"Tennessee","Marshall County",1,28,478,221,257
050,47,117,"Tennessee","Marshall County",1,29,493,226,267
050,47,117,"Tennessee","Marshall County",1,30,476,220,256
050,47,117,"Tennessee","Marshall County",1,31,460,230,230
050,47,117,"Tennessee","Marshall County",1,32,465,227,238
050,47,117,"Tennessee","Marshall County",1,33,448,233,215
050,47,117,"Tennessee","Marshall County",1,34,458,229,229
050,47,117,"Tennessee","Marshall County",1,35,414,205,209
050,47,117,"Tennessee","Marshall County",1,36,436,205,231
050,47,117,"Tennessee","Marshall County",1,37,434,216,218
050,47,117,"Tennessee","Marshall County",1,38,423,213,210
050,47,117,"Tennessee","Marshall County",1,39,443,225,218
050,47,117,"Tennessee","Marshall County",1,40,437,243,194
050,47,117,"Tennessee","Marshall County",1,41,440,215,225
050,47,117,"Tennessee","Marshall County",1,42,428,212,216
050,47,117,"Tennessee","Marshall County",1,43,427,218,209
050,47,117,"Tennessee","Marshall County",1,44,426,210,216
050,47,117,"Tennessee","Marshall County",1,45,439,224,215
050,47,117,"Tennessee","Marshall County",1,46,409,199,210
050,47,117,"Tennessee","Marshall County",1,47,452,214,238
050,47,117,"Tennessee","Marshall County",1,48,453,221,232
050,47,117,"Tennessee","Marshall County",1,49,484,258,226
050,47,117,"Tennessee","Marshall County",1,50,491,247,244
050,47,117,"Tennessee","Marshall County",1,51,466,246,220
050,47,117,"Tennessee","Marshall County",1,52,457,236,221
050,47,117,"Tennessee","Marshall County",1,53,449,221,228
050,47,117,"Tennessee","Marshall County",1,54,466,222,244
050,47,117,"Tennessee","Marshall County",1,55,495,250,245
050,47,117,"Tennessee","Marshall County",1,56,495,256,239
050,47,117,"Tennessee","Marshall County",1,57,506,250,256
050,47,117,"Tennessee","Marshall County",1,58,486,229,257
050,47,117,"Tennessee","Marshall County",1,59,484,233,251
050,47,117,"Tennessee","Marshall County",1,60,471,229,242
050,47,117,"Tennessee","Marshall County",1,61,446,210,236
050,47,117,"Tennessee","Marshall County",1,62,444,206,238
050,47,117,"Tennessee","Marshall County",1,63,451,220,231
050,47,117,"Tennessee","Marshall County",1,64,411,196,215
050,47,117,"Tennessee","Marshall County",1,65,408,200,208
050,47,117,"Tennessee","Marshall County",1,66,428,210,218
050,47,117,"Tennessee","Marshall County",1,67,407,193,214
050,47,117,"Tennessee","Marshall County",1,68,363,175,188
050,47,117,"Tennessee","Marshall County",1,69,346,169,177
050,47,117,"Tennessee","Marshall County",1,70,310,149,161
050,47,117,"Tennessee","Marshall County",1,71,311,148,163
050,47,117,"Tennessee","Marshall County",1,72,329,152,177
050,47,117,"Tennessee","Marshall County",1,73,355,158,197
050,47,117,"Tennessee","Marshall County",1,74,222,95,127
050,47,117,"Tennessee","Marshall County",1,75,237,112,125
050,47,117,"Tennessee","Marshall County",1,76,237,106,131
050,47,117,"Tennessee","Marshall County",1,77,222,112,110
050,47,117,"Tennessee","Marshall County",1,78,179,84,95
050,47,117,"Tennessee","Marshall County",1,79,160,76,84
050,47,117,"Tennessee","Marshall County",1,80,131,67,64
050,47,117,"Tennessee","Marshall County",1,81,130,62,68
050,47,117,"Tennessee","Marshall County",1,82,114,48,66
050,47,117,"Tennessee","Marshall County",1,83,78,29,49
050,47,117,"Tennessee","Marshall County",1,84,86,32,54
050,47,117,"Tennessee","Marshall County",1,85,487,160,327
050,47,117,"Tennessee","Marshall County",2,0,415,208,207
050,47,117,"Tennessee","Marshall County",2,1,410,208,202
050,47,117,"Tennessee","Marshall County",2,2,416,210,206
050,47,117,"Tennessee","Marshall County",2,3,427,219,208
050,47,117,"Tennessee","Marshall County",2,4,457,236,221
050,47,117,"Tennessee","Marshall County",2,5,457,232,225
050,47,117,"Tennessee","Marshall County",2,6,425,213,212
050,47,117,"Tennessee","Marshall County",2,7,425,219,206
050,47,117,"Tennessee","Marshall County",2,8,441,234,207
050,47,117,"Tennessee","Marshall County",2,9,458,243,215
050,47,117,"Tennessee","Marshall County",2,10,446,238,208
050,47,117,"Tennessee","Marshall County",2,11,462,233,229
050,47,117,"Tennessee","Marshall County",2,12,483,248,235
050,47,117,"Tennessee","Marshall County",2,13,494,260,234
050,47,117,"Tennessee","Marshall County",2,14,464,235,229
050,47,117,"Tennessee","Marshall County",2,15,452,223,229
050,47,117,"Tennessee","Marshall County",2,16,472,234,238
050,47,117,"Tennessee","Marshall County",2,17,469,236,233
050,47,117,"Tennessee","Marshall County",2,18,398,205,193
050,47,117,"Tennessee","Marshall County",2,19,336,179,157
050,47,117,"Tennessee","Marshall County",2,20,371,197,174
050,47,117,"Tennessee","Marshall County",2,21,377,189,188
050,47,117,"Tennessee","Marshall County",2,22,379,184,195
050,47,117,"Tennessee","Marshall County",2,23,390,198,192
050,47,117,"Tennessee","Marshall County",2,24,389,206,183
050,47,117,"Tennessee","Marshall County",2,25,398,203,195
050,47,117,"Tennessee","Marshall County",2,26,415,209,206
050,47,117,"Tennessee","Marshall County",2,27,452,221,231
050,47,117,"Tennessee","Marshall County",2,28,477,222,255
050,47,117,"Tennessee","Marshall County",2,29,491,223,268
050,47,117,"Tennessee","Marshall County",2,30,484,224,260
050,47,117,"Tennessee","Marshall County",2,31,464,227,237
050,47,117,"Tennessee","Marshall County",2,32,471,231,240
050,47,117,"Tennessee","Marshall County",2,33,457,234,223
050,47,117,"Tennessee","Marshall County",2,34,461,234,227
050,47,117,"Tennessee","Marshall County",2,35,431,213,218
050,47,117,"Tennessee","Marshall County",2,36,433,207,226
050,47,117,"Tennessee","Marshall County",2,37,438,218,220
050,47,117,"Tennessee","Marshall County",2,38,430,216,214
050,47,117,"Tennessee","Marshall County",2,39,438,222,216
050,47,117,"Tennessee","Marshall County",2,40,442,240,202
050,47,117,"Tennessee","Marshall County",2,41,438,221,217
050,47,117,"Tennessee","Marshall County",2,42,429,211,218
050,47,117,"Tennessee","Marshall County",2,43,434,219,215
050,47,117,"Tennessee","Marshall County",2,44,423,210,213
050,47,117,"Tennessee","Marshall County",2,45,439,222,217
050,47,117,"Tennessee","Marshall County",2,46,414,204,210
050,47,117,"Tennessee","Marshall County",2,47,440,210,230
050,47,117,"Tennessee","Marshall County",2,48,452,221,231
050,47,117,"Tennessee","Marshall County",2,49,476,248,228
050,47,117,"Tennessee","Marshall County",2,50,494,252,242
050,47,117,"Tennessee","Marshall County",2,51,472,247,225
050,47,117,"Tennessee","Marshall County",2,52,459,239,220
050,47,117,"Tennessee","Marshall County",2,53,453,225,228
050,47,117,"Tennessee","Marshall County",2,54,458,218,240
050,47,117,"Tennessee","Marshall County",2,55,491,245,246
050,47,117,"Tennessee","Marshall County",2,56,501,259,242
050,47,117,"Tennessee","Marshall County",2,57,505,253,252
050,47,117,"Tennessee","Marshall County",2,58,493,234,259
050,47,117,"Tennessee","Marshall County",2,59,489,234,255
050,47,117,"Tennessee","Marshall County",2,60,473,231,242
050,47,117,"Tennessee","Marshall County",2,61,449,214,235
050,47,117,"Tennessee","Marshall County",2,62,446,207,239
050,47,117,"Tennessee","Marshall County",2,63,454,217,237
050,47,117,"Tennessee","Marshall County",2,64,417,200,217
050,47,117,"Tennessee","Marshall County",2,65,405,197,208
050,47,117,"Tennessee","Marshall County",2,66,424,206,218
050,47,117,"Tennessee","Marshall County",2,67,408,194,214
050,47,117,"Tennessee","Marshall County",2,68,365,176,189
050,47,117,"Tennessee","Marshall County",2,69,349,169,180
050,47,117,"Tennessee","Marshall County",2,70,314,152,162
050,47,117,"Tennessee","Marshall County",2,71,313,149,164
050,47,117,"Tennessee","Marshall County",2,72,320,148,172
050,47,117,"Tennessee","Marshall County",2,73,365,165,200
050,47,117,"Tennessee","Marshall County",2,74,239,104,135
050,47,117,"Tennessee","Marshall County",2,75,233,108,125
050,47,117,"Tennessee","Marshall County",2,76,237,106,131
050,47,117,"Tennessee","Marshall County",2,77,224,109,115
050,47,117,"Tennessee","Marshall County",2,78,184,89,95
050,47,117,"Tennessee","Marshall County",2,79,163,77,86
050,47,117,"Tennessee","Marshall County",2,80,136,70,66
050,47,117,"Tennessee","Marshall County",2,81,130,62,68
050,47,117,"Tennessee","Marshall County",2,82,117,50,67
050,47,117,"Tennessee","Marshall County",2,83,86,34,52
050,47,117,"Tennessee","Marshall County",2,84,83,30,53
050,47,117,"Tennessee","Marshall County",2,85,486,160,326
050,47,117,"Tennessee","Marshall County",3,0,423,214,209
050,47,117,"Tennessee","Marshall County",3,1,425,212,213
050,47,117,"Tennessee","Marshall County",3,2,406,214,192
050,47,117,"Tennessee","Marshall County",3,3,429,227,202
050,47,117,"Tennessee","Marshall County",3,4,441,220,221
050,47,117,"Tennessee","Marshall County",3,5,465,247,218
050,47,117,"Tennessee","Marshall County",3,6,456,232,224
050,47,117,"Tennessee","Marshall County",3,7,447,216,231
050,47,117,"Tennessee","Marshall County",3,8,432,228,204
050,47,117,"Tennessee","Marshall County",3,9,452,239,213
050,47,117,"Tennessee","Marshall County",3,10,453,235,218
050,47,117,"Tennessee","Marshall County",3,11,485,263,222
050,47,117,"Tennessee","Marshall County",3,12,489,250,239
050,47,117,"Tennessee","Marshall County",3,13,487,248,239
050,47,117,"Tennessee","Marshall County",3,14,516,268,248
050,47,117,"Tennessee","Marshall County",3,15,464,230,234
050,47,117,"Tennessee","Marshall County",3,16,455,226,229
050,47,117,"Tennessee","Marshall County",3,17,491,248,243
050,47,117,"Tennessee","Marshall County",3,18,415,210,205
050,47,117,"Tennessee","Marshall County",3,19,334,171,163
050,47,117,"Tennessee","Marshall County",3,20,359,198,161
050,47,117,"Tennessee","Marshall County",3,21,399,208,191
050,47,117,"Tennessee","Marshall County",3,22,384,191,193
050,47,117,"Tennessee","Marshall County",3,23,394,197,197
050,47,117,"Tennessee","Marshall County",3,24,417,216,201
050,47,117,"Tennessee","Marshall County",3,25,403,213,190
050,47,117,"Tennessee","Marshall County",3,26,401,199,202
050,47,117,"Tennessee","Marshall County",3,27,434,223,211
050,47,117,"Tennessee","Marshall County",3,28,468,221,247
050,47,117,"Tennessee","Marshall County",3,29,488,233,255
050,47,117,"Tennessee","Marshall County",3,30,493,225,268
050,47,117,"Tennessee","Marshall County",3,31,507,239,268
050,47,117,"Tennessee","Marshall County",3,32,469,226,243
050,47,117,"Tennessee","Marshall County",3,33,466,231,235
050,47,117,"Tennessee","Marshall County",3,34,481,247,234
050,47,117,"Tennessee","Marshall County",3,35,464,231,233
050,47,117,"Tennessee","Marshall County",3,36,437,218,219
050,47,117,"Tennessee","Marshall County",3,37,450,216,234
050,47,117,"Tennessee","Marshall County",3,38,459,225,234
050,47,117,"Tennessee","Marshall County",3,39,454,230,224
050,47,117,"Tennessee","Marshall County",3,40,438,226,212
050,47,117,"Tennessee","Marshall County",3,41,455,254,201
050,47,117,"Tennessee","Marshall County",3,42,433,215,218
050,47,117,"Tennessee","Marshall County",3,43,426,207,219
050,47,117,"Tennessee","Marshall County",3,44,430,212,218
050,47,117,"Tennessee","Marshall County",3,45,426,213,213
050,47,117,"Tennessee","Marshall County",3,46,430,218,212
050,47,117,"Tennessee","Marshall County",3,47,425,210,215
050,47,117,"Tennessee","Marshall County",3,48,439,206,233
050,47,117,"Tennessee","Marshall County",3,49,467,229,238
050,47,117,"Tennessee","Marshall County",3,50,481,242,239
050,47,117,"Tennessee","Marshall County",3,51,505,256,249
050,47,117,"Tennessee","Marshall County",3,52,474,251,223
050,47,117,"Tennessee","Marshall County",3,53,468,246,222
050,47,117,"Tennessee","Marshall County",3,54,470,234,236
050,47,117,"Tennessee","Marshall County",3,55,456,217,239
050,47,117,"Tennessee","Marshall County",3,56,491,243,248
050,47,117,"Tennessee","Marshall County",3,57,505,256,249
050,47,117,"Tennessee","Marshall County",3,58,497,252,245
050,47,117,"Tennessee","Marshall County",3,59,502,245,257
050,47,117,"Tennessee","Marshall County",3,60,486,234,252
050,47,117,"Tennessee","Marshall County",3,61,476,237,239
050,47,117,"Tennessee","Marshall County",3,62,452,214,238
050,47,117,"Tennessee","Marshall County",3,63,450,206,244
050,47,117,"Tennessee","Marshall County",3,64,458,223,235
050,47,117,"Tennessee","Marshall County",3,65,406,194,212
050,47,117,"Tennessee","Marshall County",3,66,399,187,212
050,47,117,"Tennessee","Marshall County",3,67,416,204,212
050,47,117,"Tennessee","Marshall County",3,68,407,190,217
050,47,117,"Tennessee","Marshall County",3,69,365,173,192
050,47,117,"Tennessee","Marshall County",3,70,339,161,178
050,47,117,"Tennessee","Marshall County",3,71,312,150,162
050,47,117,"Tennessee","Marshall County",3,72,307,144,163
050,47,117,"Tennessee","Marshall County",3,73,311,142,169
050,47,117,"Tennessee","Marshall County",3,74,338,157,181
050,47,117,"Tennessee","Marshall County",3,75,223,92,131
050,47,117,"Tennessee","Marshall County",3,76,235,103,132
050,47,117,"Tennessee","Marshall County",3,77,211,94,117
050,47,117,"Tennessee","Marshall County",3,78,217,103,114
050,47,117,"Tennessee","Marshall County",3,79,173,78,95
050,47,117,"Tennessee","Marshall County",3,80,151,70,81
050,47,117,"Tennessee","Marshall County",3,81,132,66,66
050,47,117,"Tennessee","Marshall County",3,82,118,53,65
050,47,117,"Tennessee","Marshall County",3,83,110,46,64
050,47,117,"Tennessee","Marshall County",3,84,85,36,49
050,47,117,"Tennessee","Marshall County",3,85,472,150,322
050,47,117,"Tennessee","Marshall County",4,0,422,224,198
050,47,117,"Tennessee","Marshall County",4,1,445,216,229
050,47,117,"Tennessee","Marshall County",4,2,442,218,224
050,47,117,"Tennessee","Marshall County",4,3,415,216,199
050,47,117,"Tennessee","Marshall County",4,4,458,245,213
050,47,117,"Tennessee","Marshall County",4,5,438,220,218
050,47,117,"Tennessee","Marshall County",4,6,473,249,224
050,47,117,"Tennessee","Marshall County",4,7,471,241,230
050,47,117,"Tennessee","Marshall County",4,8,462,234,228
050,47,117,"Tennessee","Marshall County",4,9,448,232,216
050,47,117,"Tennessee","Marshall County",4,10,460,240,220
050,47,117,"Tennessee","Marshall County",4,11,481,252,229
050,47,117,"Tennessee","Marshall County",4,12,488,265,223
050,47,117,"Tennessee","Marshall County",4,13,509,265,244
050,47,117,"Tennessee","Marshall County",4,14,498,256,242
050,47,117,"Tennessee","Marshall County",4,15,518,277,241
050,47,117,"Tennessee","Marshall County",4,16,474,240,234
050,47,117,"Tennessee","Marshall County",4,17,466,241,225
050,47,117,"Tennessee","Marshall County",4,18,428,227,201
050,47,117,"Tennessee","Marshall County",4,19,326,163,163
050,47,117,"Tennessee","Marshall County",4,20,361,173,188
050,47,117,"Tennessee","Marshall County",4,21,368,192,176
050,47,117,"Tennessee","Marshall County",4,22,438,218,220
050,47,117,"Tennessee","Marshall County",4,23,386,182,204
050,47,117,"Tennessee","Marshall County",4,24,421,196,225
050,47,117,"Tennessee","Marshall County",4,25,466,239,227
050,47,117,"Tennessee","Marshall County",4,26,433,219,214
050,47,117,"Tennessee","Marshall County",4,27,418,209,209
050,47,117,"Tennessee","Marshall County",4,28,440,230,210
050,47,117,"Tennessee","Marshall County",4,29,494,222,272
050,47,117,"Tennessee","Marshall County",4,30,496,242,254
050,47,117,"Tennessee","Marshall County",4,31,520,246,274
050,47,117,"Tennessee","Marshall County",4,32,515,243,272
050,47,117,"Tennessee","Marshall County",4,33,501,244,257
050,47,117,"Tennessee","Marshall County",4,34,491,240,251
050,47,117,"Tennessee","Marshall County",4,35,478,241,237
050,47,117,"Tennessee","Marshall County",4,36,490,239,251
050,47,117,"Tennessee","Marshall County",4,37,458,230,228
050,47,117,"Tennessee","Marshall County",4,38,456,220,236
050,47,117,"Tennessee","Marshall County",4,39,458,226,232
050,47,117,"Tennessee","Marshall County",4,40,445,230,215
050,47,117,"Tennessee","Marshall County",4,41,446,220,226
050,47,117,"Tennessee","Marshall County",4,42,465,257,208
050,47,117,"Tennessee","Marshall County",4,43,450,225,225
050,47,117,"Tennessee","Marshall County",4,44,427,207,220
050,47,117,"Tennessee","Marshall County",4,45,441,216,225
050,47,117,"Tennessee","Marshall County",4,46,427,215,212
050,47,117,"Tennessee","Marshall County",4,47,443,227,216
050,47,117,"Tennessee","Marshall County",4,48,425,206,219
050,47,117,"Tennessee","Marshall County",4,49,442,209,233
050,47,117,"Tennessee","Marshall County",4,50,465,223,242
050,47,117,"Tennessee","Marshall County",4,51,508,255,253
050,47,117,"Tennessee","Marshall County",4,52,532,272,260
050,47,117,"Tennessee","Marshall County",4,53,480,255,225
050,47,117,"Tennessee","Marshall County",4,54,484,253,231
050,47,117,"Tennessee","Marshall County",4,55,470,228,242
050,47,117,"Tennessee","Marshall County",4,56,468,220,248
050,47,117,"Tennessee","Marshall County",4,57,496,252,244
050,47,117,"Tennessee","Marshall County",4,58,513,254,259
050,47,117,"Tennessee","Marshall County",4,59,497,254,243
050,47,117,"Tennessee","Marshall County",4,60,510,255,255
050,47,117,"Tennessee","Marshall County",4,61,496,239,257
050,47,117,"Tennessee","Marshall County",4,62,482,234,248
050,47,117,"Tennessee","Marshall County",4,63,463,221,242
050,47,117,"Tennessee","Marshall County",4,64,446,201,245
050,47,117,"Tennessee","Marshall County",4,65,441,214,227
050,47,117,"Tennessee","Marshall County",4,66,406,196,210
050,47,117,"Tennessee","Marshall County",4,67,391,186,205
050,47,117,"Tennessee","Marshall County",4,68,417,208,209
050,47,117,"Tennessee","Marshall County",4,69,397,182,215
050,47,117,"Tennessee","Marshall County",4,70,361,165,196
050,47,117,"Tennessee","Marshall County",4,71,325,158,167
050,47,117,"Tennessee","Marshall County",4,72,304,136,168
050,47,117,"Tennessee","Marshall County",4,73,301,143,158
050,47,117,"Tennessee","Marshall County",4,74,296,135,161
050,47,117,"Tennessee","Marshall County",4,75,322,146,176
050,47,117,"Tennessee","Marshall County",4,76,227,93,134
050,47,117,"Tennessee","Marshall County",4,77,211,95,116
050,47,117,"Tennessee","Marshall County",4,78,209,91,118
050,47,117,"Tennessee","Marshall County",4,79,194,91,103
050,47,117,"Tennessee","Marshall County",4,80,167,74,93
050,47,117,"Tennessee","Marshall County",4,81,144,65,79
050,47,117,"Tennessee","Marshall County",4,82,120,59,61
050,47,117,"Tennessee","Marshall County",4,83,107,47,60
050,47,117,"Tennessee","Marshall County",4,84,101,45,56
050,47,117,"Tennessee","Marshall County",4,85,485,155,330
050,47,117,"Tennessee","Marshall County",5,0,425,226,199
050,47,117,"Tennessee","Marshall County",5,1,434,235,199
050,47,117,"Tennessee","Marshall County",5,2,461,222,239
050,47,117,"Tennessee","Marshall County",5,3,471,227,244
050,47,117,"Tennessee","Marshall County",5,4,451,241,210
050,47,117,"Tennessee","Marshall County",5,5,476,255,221
050,47,117,"Tennessee","Marshall County",5,6,461,237,224
050,47,117,"Tennessee","Marshall County",5,7,494,256,238
050,47,117,"Tennessee","Marshall County",5,8,500,256,244
050,47,117,"Tennessee","Marshall County",5,9,501,256,245
050,47,117,"Tennessee","Marshall County",5,10,458,232,226
050,47,117,"Tennessee","Marshall County",5,11,471,237,234
050,47,117,"Tennessee","Marshall County",5,12,504,265,239
050,47,117,"Tennessee","Marshall County",5,13,502,263,239
050,47,117,"Tennessee","Marshall County",5,14,525,269,256
050,47,117,"Tennessee","Marshall County",5,15,531,276,255
050,47,117,"Tennessee","Marshall County",5,16,521,277,244
050,47,117,"Tennessee","Marshall County",5,17,476,247,229
050,47,117,"Tennessee","Marshall County",5,18,402,207,195
050,47,117,"Tennessee","Marshall County",5,19,336,175,161
050,47,117,"Tennessee","Marshall County",5,20,357,179,178
050,47,117,"Tennessee","Marshall County",5,21,373,187,186
050,47,117,"Tennessee","Marshall County",5,22,416,202,214
050,47,117,"Tennessee","Marshall County",5,23,466,223,243
050,47,117,"Tennessee","Marshall County",5,24,434,198,236
050,47,117,"Tennessee","Marshall County",5,25,452,219,233
050,47,117,"Tennessee","Marshall County",5,26,487,259,228
050,47,117,"Tennessee","Marshall County",5,27,452,229,223
050,47,117,"Tennessee","Marshall County",5,28,463,230,233
050,47,117,"Tennessee","Marshall County",5,29,468,238,230
050,47,117,"Tennessee","Marshall County",5,30,509,234,275
050,47,117,"Tennessee","Marshall County",5,31,537,257,280
050,47,117,"Tennessee","Marshall County",5,32,539,253,286
050,47,117,"Tennessee","Marshall County",5,33,553,264,289
050,47,117,"Tennessee","Marshall County",5,34,532,262,270
050,47,117,"Tennessee","Marshall County",5,35,499,241,258
050,47,117,"Tennessee","Marshall County",5,36,503,257,246
050,47,117,"Tennessee","Marshall County",5,37,512,246,266
050,47,117,"Tennessee","Marshall County",5,38,480,244,236
050,47,117,"Tennessee","Marshall County",5,39,489,236,253
050,47,117,"Tennessee","Marshall County",5,40,458,223,235
050,47,117,"Tennessee","Marshall County",5,41,454,231,223
050,47,117,"Tennessee","Marshall County",5,42,438,224,214
050,47,117,"Tennessee","Marshall County",5,43,487,280,207
050,47,117,"Tennessee","Marshall County",5,44,446,223,223
050,47,117,"Tennessee","Marshall County",5,45,431,208,223
050,47,117,"Tennessee","Marshall County",5,46,446,216,230
050,47,117,"Tennessee","Marshall County",5,47,438,219,219
050,47,117,"Tennessee","Marshall County",5,48,434,218,216
050,47,117,"Tennessee","Marshall County",5,49,442,214,228
050,47,117,"Tennessee","Marshall County",5,50,453,213,240
050,47,117,"Tennessee","Marshall County",5,51,486,236,250
050,47,117,"Tennessee","Marshall County",5,52,527,263,264
050,47,117,"Tennessee","Marshall County",5,53,544,271,273
050,47,117,"Tennessee","Marshall County",5,54,481,250,231
050,47,117,"Tennessee","Marshall County",5,55,483,254,229
050,47,117,"Tennessee","Marshall County",5,56,474,227,247
050,47,117,"Tennessee","Marshall County",5,57,481,226,255
050,47,117,"Tennessee","Marshall County",5,58,507,254,253
050,47,117,"Tennessee","Marshall County",5,59,521,258,263
050,47,117,"Tennessee","Marshall County",5,60,500,262,238
050,47,117,"Tennessee","Marshall County",5,61,508,253,255
050,47,117,"Tennessee","Marshall County",5,62,501,240,261
050,47,117,"Tennessee","Marshall County",5,63,490,232,258
050,47,117,"Tennessee","Marshall County",5,64,469,225,244
050,47,117,"Tennessee","Marshall County",5,65,460,206,254
050,47,117,"Tennessee","Marshall County",5,66,442,218,224
050,47,117,"Tennessee","Marshall County",5,67,389,186,203
050,47,117,"Tennessee","Marshall County",5,68,392,187,205
050,47,117,"Tennessee","Marshall County",5,69,401,200,201
050,47,117,"Tennessee","Marshall County",5,70,386,172,214
050,47,117,"Tennessee","Marshall County",5,71,354,164,190
050,47,117,"Tennessee","Marshall County",5,72,328,154,174
050,47,117,"Tennessee","Marshall County",5,73,298,135,163
050,47,117,"Tennessee","Marshall County",5,74,289,138,151
050,47,117,"Tennessee","Marshall County",5,75,289,131,158
050,47,117,"Tennessee","Marshall County",5,76,316,143,173
050,47,117,"Tennessee","Marshall County",5,77,211,91,120
050,47,117,"Tennessee","Marshall County",5,78,201,90,111
050,47,117,"Tennessee","Marshall County",5,79,191,81,110
050,47,117,"Tennessee","Marshall County",5,80,186,86,100
050,47,117,"Tennessee","Marshall County",5,81,162,68,94
050,47,117,"Tennessee","Marshall County",5,82,130,57,73
050,47,117,"Tennessee","Marshall County",5,83,107,55,52
050,47,117,"Tennessee","Marshall County",5,84,100,46,54
050,47,117,"Tennessee","Marshall County",5,85,509,170,339
050,47,119,"Tennessee","Maury County",1,0,1223,626,597
050,47,119,"Tennessee","Maury County",1,1,1318,679,639
050,47,119,"Tennessee","Maury County",1,2,1321,666,655
050,47,119,"Tennessee","Maury County",1,3,1310,666,644
050,47,119,"Tennessee","Maury County",1,4,1360,712,648
050,47,119,"Tennessee","Maury County",1,5,1303,641,662
050,47,119,"Tennessee","Maury County",1,6,1259,618,641
050,47,119,"Tennessee","Maury County",1,7,1274,643,631
050,47,119,"Tennessee","Maury County",1,8,1262,633,629
050,47,119,"Tennessee","Maury County",1,9,1312,650,662
050,47,119,"Tennessee","Maury County",1,10,1334,682,652
050,47,119,"Tennessee","Maury County",1,11,1374,704,670
050,47,119,"Tennessee","Maury County",1,12,1425,738,687
050,47,119,"Tennessee","Maury County",1,13,1412,715,697
050,47,119,"Tennessee","Maury County",1,14,1339,683,656
050,47,119,"Tennessee","Maury County",1,15,1311,651,660
050,47,119,"Tennessee","Maury County",1,16,1307,678,629
050,47,119,"Tennessee","Maury County",1,17,1272,652,620
050,47,119,"Tennessee","Maury County",1,18,1108,575,533
050,47,119,"Tennessee","Maury County",1,19,882,463,419
050,47,119,"Tennessee","Maury County",1,20,962,502,460
050,47,119,"Tennessee","Maury County",1,21,979,496,483
050,47,119,"Tennessee","Maury County",1,22,1050,496,554
050,47,119,"Tennessee","Maury County",1,23,1136,569,567
050,47,119,"Tennessee","Maury County",1,24,1213,591,622
050,47,119,"Tennessee","Maury County",1,25,1269,640,629
050,47,119,"Tennessee","Maury County",1,26,1344,651,693
050,47,119,"Tennessee","Maury County",1,27,1352,683,669
050,47,119,"Tennessee","Maury County",1,28,1469,721,748
050,47,119,"Tennessee","Maury County",1,29,1517,757,760
050,47,119,"Tennessee","Maury County",1,30,1510,712,798
050,47,119,"Tennessee","Maury County",1,31,1407,660,747
050,47,119,"Tennessee","Maury County",1,32,1371,679,692
050,47,119,"Tennessee","Maury County",1,33,1370,663,707
050,47,119,"Tennessee","Maury County",1,34,1407,706,701
050,47,119,"Tennessee","Maury County",1,35,1360,695,665
050,47,119,"Tennessee","Maury County",1,36,1361,684,677
050,47,119,"Tennessee","Maury County",1,37,1407,722,685
050,47,119,"Tennessee","Maury County",1,38,1369,687,682
050,47,119,"Tennessee","Maury County",1,39,1362,663,699
050,47,119,"Tennessee","Maury County",1,40,1389,693,696
050,47,119,"Tennessee","Maury County",1,41,1339,649,690
050,47,119,"Tennessee","Maury County",1,42,1332,611,721
050,47,119,"Tennessee","Maury County",1,43,1272,577,695
050,47,119,"Tennessee","Maury County",1,44,1224,577,647
050,47,119,"Tennessee","Maury County",1,45,1157,591,566
050,47,119,"Tennessee","Maury County",1,46,1182,588,594
050,47,119,"Tennessee","Maury County",1,47,1203,598,605
050,47,119,"Tennessee","Maury County",1,48,1267,626,641
050,47,119,"Tennessee","Maury County",1,49,1370,687,683
050,47,119,"Tennessee","Maury County",1,50,1275,643,632
050,47,119,"Tennessee","Maury County",1,51,1235,622,613
050,47,119,"Tennessee","Maury County",1,52,1171,570,601
050,47,119,"Tennessee","Maury County",1,53,1187,572,615
050,47,119,"Tennessee","Maury County",1,54,1278,648,630
050,47,119,"Tennessee","Maury County",1,55,1340,639,701
050,47,119,"Tennessee","Maury County",1,56,1296,639,657
050,47,119,"Tennessee","Maury County",1,57,1308,604,704
050,47,119,"Tennessee","Maury County",1,58,1379,620,759
050,47,119,"Tennessee","Maury County",1,59,1370,621,749
050,47,119,"Tennessee","Maury County",1,60,1385,651,734
050,47,119,"Tennessee","Maury County",1,61,1444,716,728
050,47,119,"Tennessee","Maury County",1,62,1431,676,755
050,47,119,"Tennessee","Maury County",1,63,1402,676,726
050,47,119,"Tennessee","Maury County",1,64,1296,614,682
050,47,119,"Tennessee","Maury County",1,65,1280,577,703
050,47,119,"Tennessee","Maury County",1,66,1259,584,675
050,47,119,"Tennessee","Maury County",1,67,1186,556,630
050,47,119,"Tennessee","Maury County",1,68,1156,561,595
050,47,119,"Tennessee","Maury County",1,69,1060,510,550
050,47,119,"Tennessee","Maury County",1,70,998,481,517
050,47,119,"Tennessee","Maury County",1,71,959,441,518
050,47,119,"Tennessee","Maury County",1,72,1016,476,540
050,47,119,"Tennessee","Maury County",1,73,923,454,469
050,47,119,"Tennessee","Maury County",1,74,634,291,343
050,47,119,"Tennessee","Maury County",1,75,635,283,352
050,47,119,"Tennessee","Maury County",1,76,622,281,341
050,47,119,"Tennessee","Maury County",1,77,613,291,322
050,47,119,"Tennessee","Maury County",1,78,555,252,303
050,47,119,"Tennessee","Maury County",1,79,449,193,256
050,47,119,"Tennessee","Maury County",1,80,427,180,247
050,47,119,"Tennessee","Maury County",1,81,373,150,223
050,47,119,"Tennessee","Maury County",1,82,335,147,188
050,47,119,"Tennessee","Maury County",1,83,288,116,172
050,47,119,"Tennessee","Maury County",1,84,262,111,151
050,47,119,"Tennessee","Maury County",1,85,1486,473,1013
050,47,119,"Tennessee","Maury County",2,0,1289,649,640
050,47,119,"Tennessee","Maury County",2,1,1303,672,631
050,47,119,"Tennessee","Maury County",2,2,1327,674,653
050,47,119,"Tennessee","Maury County",2,3,1312,669,643
050,47,119,"Tennessee","Maury County",2,4,1355,705,650
050,47,119,"Tennessee","Maury County",2,5,1322,660,662
050,47,119,"Tennessee","Maury County",2,6,1277,628,649
050,47,119,"Tennessee","Maury County",2,7,1272,638,634
050,47,119,"Tennessee","Maury County",2,8,1271,639,632
050,47,119,"Tennessee","Maury County",2,9,1306,650,656
050,47,119,"Tennessee","Maury County",2,10,1336,679,657
050,47,119,"Tennessee","Maury County",2,11,1363,698,665
050,47,119,"Tennessee","Maury County",2,12,1423,736,687
050,47,119,"Tennessee","Maury County",2,13,1419,720,699
050,47,119,"Tennessee","Maury County",2,14,1363,695,668
050,47,119,"Tennessee","Maury County",2,15,1324,665,659
050,47,119,"Tennessee","Maury County",2,16,1324,682,642
050,47,119,"Tennessee","Maury County",2,17,1288,660,628
050,47,119,"Tennessee","Maury County",2,18,1101,571,530
050,47,119,"Tennessee","Maury County",2,19,901,469,432
050,47,119,"Tennessee","Maury County",2,20,980,511,469
050,47,119,"Tennessee","Maury County",2,21,999,507,492
050,47,119,"Tennessee","Maury County",2,22,1063,509,554
050,47,119,"Tennessee","Maury County",2,23,1155,571,584
050,47,119,"Tennessee","Maury County",2,24,1212,596,616
050,47,119,"Tennessee","Maury County",2,25,1288,643,645
050,47,119,"Tennessee","Maury County",2,26,1350,661,689
050,47,119,"Tennessee","Maury County",2,27,1366,684,682
050,47,119,"Tennessee","Maury County",2,28,1457,723,734
050,47,119,"Tennessee","Maury County",2,29,1520,756,764
050,47,119,"Tennessee","Maury County",2,30,1533,732,801
050,47,119,"Tennessee","Maury County",2,31,1442,684,758
050,47,119,"Tennessee","Maury County",2,32,1390,676,714
050,47,119,"Tennessee","Maury County",2,33,1377,669,708
050,47,119,"Tennessee","Maury County",2,34,1405,697,708
050,47,119,"Tennessee","Maury County",2,35,1388,707,681
050,47,119,"Tennessee","Maury County",2,36,1367,690,677
050,47,119,"Tennessee","Maury County",2,37,1406,716,690
050,47,119,"Tennessee","Maury County",2,38,1385,698,687
050,47,119,"Tennessee","Maury County",2,39,1369,675,694
050,47,119,"Tennessee","Maury County",2,40,1396,694,702
050,47,119,"Tennessee","Maury County",2,41,1355,661,694
050,47,119,"Tennessee","Maury County",2,42,1333,622,711
050,47,119,"Tennessee","Maury County",2,43,1311,599,712
050,47,119,"Tennessee","Maury County",2,44,1227,575,652
050,47,119,"Tennessee","Maury County",2,45,1183,594,589
050,47,119,"Tennessee","Maury County",2,46,1171,583,588
050,47,119,"Tennessee","Maury County",2,47,1201,596,605
050,47,119,"Tennessee","Maury County",2,48,1258,621,637
050,47,119,"Tennessee","Maury County",2,49,1366,684,682
050,47,119,"Tennessee","Maury County",2,50,1310,659,651
050,47,119,"Tennessee","Maury County",2,51,1244,626,618
050,47,119,"Tennessee","Maury County",2,52,1191,584,607
050,47,119,"Tennessee","Maury County",2,53,1193,576,617
050,47,119,"Tennessee","Maury County",2,54,1262,632,630
050,47,119,"Tennessee","Maury County",2,55,1331,644,687
050,47,119,"Tennessee","Maury County",2,56,1325,648,677
050,47,119,"Tennessee","Maury County",2,57,1320,618,702
050,47,119,"Tennessee","Maury County",2,58,1367,619,748
050,47,119,"Tennessee","Maury County",2,59,1387,626,761
050,47,119,"Tennessee","Maury County",2,60,1384,645,739
050,47,119,"Tennessee","Maury County",2,61,1435,700,735
050,47,119,"Tennessee","Maury County",2,62,1446,692,754
050,47,119,"Tennessee","Maury County",2,63,1422,682,740
050,47,119,"Tennessee","Maury County",2,64,1317,623,694
050,47,119,"Tennessee","Maury County",2,65,1287,587,700
050,47,119,"Tennessee","Maury County",2,66,1271,584,687
050,47,119,"Tennessee","Maury County",2,67,1211,568,643
050,47,119,"Tennessee","Maury County",2,68,1160,558,602
050,47,119,"Tennessee","Maury County",2,69,1092,528,564
050,47,119,"Tennessee","Maury County",2,70,1016,490,526
050,47,119,"Tennessee","Maury County",2,71,977,455,522
050,47,119,"Tennessee","Maury County",2,72,987,464,523
050,47,119,"Tennessee","Maury County",2,73,989,481,508
050,47,119,"Tennessee","Maury County",2,74,665,310,355
050,47,119,"Tennessee","Maury County",2,75,636,286,350
050,47,119,"Tennessee","Maury County",2,76,619,280,339
050,47,119,"Tennessee","Maury County",2,77,623,291,332
050,47,119,"Tennessee","Maury County",2,78,558,255,303
050,47,119,"Tennessee","Maury County",2,79,465,203,262
050,47,119,"Tennessee","Maury County",2,80,429,181,248
050,47,119,"Tennessee","Maury County",2,81,376,153,223
050,47,119,"Tennessee","Maury County",2,82,339,142,197
050,47,119,"Tennessee","Maury County",2,83,290,117,173
050,47,119,"Tennessee","Maury County",2,84,263,108,155
050,47,119,"Tennessee","Maury County",2,85,1510,485,1025
050,47,119,"Tennessee","Maury County",3,0,1267,636,631
050,47,119,"Tennessee","Maury County",3,1,1303,646,657
050,47,119,"Tennessee","Maury County",3,2,1347,688,659
050,47,119,"Tennessee","Maury County",3,3,1369,677,692
050,47,119,"Tennessee","Maury County",3,4,1357,716,641
050,47,119,"Tennessee","Maury County",3,5,1386,697,689
050,47,119,"Tennessee","Maury County",3,6,1341,666,675
050,47,119,"Tennessee","Maury County",3,7,1290,653,637
050,47,119,"Tennessee","Maury County",3,8,1325,657,668
050,47,119,"Tennessee","Maury County",3,9,1285,656,629
050,47,119,"Tennessee","Maury County",3,10,1336,672,664
050,47,119,"Tennessee","Maury County",3,11,1355,693,662
050,47,119,"Tennessee","Maury County",3,12,1362,691,671
050,47,119,"Tennessee","Maury County",3,13,1456,756,700
050,47,119,"Tennessee","Maury County",3,14,1410,719,691
050,47,119,"Tennessee","Maury County",3,15,1373,712,661
050,47,119,"Tennessee","Maury County",3,16,1354,672,682
050,47,119,"Tennessee","Maury County",3,17,1323,678,645
050,47,119,"Tennessee","Maury County",3,18,1103,575,528
050,47,119,"Tennessee","Maury County",3,19,953,492,461
050,47,119,"Tennessee","Maury County",3,20,1009,500,509
050,47,119,"Tennessee","Maury County",3,21,1087,567,520
050,47,119,"Tennessee","Maury County",3,22,1128,541,587
050,47,119,"Tennessee","Maury County",3,23,1225,591,634
050,47,119,"Tennessee","Maury County",3,24,1305,642,663
050,47,119,"Tennessee","Maury County",3,25,1364,669,695
050,47,119,"Tennessee","Maury County",3,26,1389,688,701
050,47,119,"Tennessee","Maury County",3,27,1417,675,742
050,47,119,"Tennessee","Maury County",3,28,1465,741,724
050,47,119,"Tennessee","Maury County",3,29,1556,770,786
050,47,119,"Tennessee","Maury County",3,30,1606,808,798
050,47,119,"Tennessee","Maury County",3,31,1601,761,840
050,47,119,"Tennessee","Maury County",3,32,1540,729,811
050,47,119,"Tennessee","Maury County",3,33,1414,689,725
050,47,119,"Tennessee","Maury County",3,34,1447,706,741
050,47,119,"Tennessee","Maury County",3,35,1467,740,727
050,47,119,"Tennessee","Maury County",3,36,1439,726,713
050,47,119,"Tennessee","Maury County",3,37,1391,693,698
050,47,119,"Tennessee","Maury County",3,38,1445,730,715
050,47,119,"Tennessee","Maury County",3,39,1415,713,702
050,47,119,"Tennessee","Maury County",3,40,1376,674,702
050,47,119,"Tennessee","Maury County",3,41,1443,721,722
050,47,119,"Tennessee","Maury County",3,42,1388,660,728
050,47,119,"Tennessee","Maury County",3,43,1360,629,731
050,47,119,"Tennessee","Maury County",3,44,1322,610,712
050,47,119,"Tennessee","Maury County",3,45,1213,562,651
050,47,119,"Tennessee","Maury County",3,46,1219,612,607
050,47,119,"Tennessee","Maury County",3,47,1183,582,601
050,47,119,"Tennessee","Maury County",3,48,1202,597,605
050,47,119,"Tennessee","Maury County",3,49,1311,646,665
050,47,119,"Tennessee","Maury County",3,50,1377,686,691
050,47,119,"Tennessee","Maury County",3,51,1340,676,664
050,47,119,"Tennessee","Maury County",3,52,1267,643,624
050,47,119,"Tennessee","Maury County",3,53,1222,597,625
050,47,119,"Tennessee","Maury County",3,54,1225,593,632
050,47,119,"Tennessee","Maury County",3,55,1284,647,637
050,47,119,"Tennessee","Maury County",3,56,1399,679,720
050,47,119,"Tennessee","Maury County",3,57,1360,668,692
050,47,119,"Tennessee","Maury County",3,58,1337,620,717
050,47,119,"Tennessee","Maury County",3,59,1386,626,760
050,47,119,"Tennessee","Maury County",3,60,1389,622,767
050,47,119,"Tennessee","Maury County",3,61,1424,648,776
050,47,119,"Tennessee","Maury County",3,62,1458,704,754
050,47,119,"Tennessee","Maury County",3,63,1485,705,780
050,47,119,"Tennessee","Maury County",3,64,1410,666,744
050,47,119,"Tennessee","Maury County",3,65,1357,646,711
050,47,119,"Tennessee","Maury County",3,66,1278,565,713
050,47,119,"Tennessee","Maury County",3,67,1264,589,675
050,47,119,"Tennessee","Maury County",3,68,1230,568,662
050,47,119,"Tennessee","Maury County",3,69,1153,541,612
050,47,119,"Tennessee","Maury County",3,70,1087,527,560
050,47,119,"Tennessee","Maury County",3,71,1014,489,525
050,47,119,"Tennessee","Maury County",3,72,963,446,517
050,47,119,"Tennessee","Maury County",3,73,947,450,497
050,47,119,"Tennessee","Maury County",3,74,981,458,523
050,47,119,"Tennessee","Maury County",3,75,647,308,339
050,47,119,"Tennessee","Maury County",3,76,622,275,347
050,47,119,"Tennessee","Maury County",3,77,582,259,323
050,47,119,"Tennessee","Maury County",3,78,617,272,345
050,47,119,"Tennessee","Maury County",3,79,535,253,282
050,47,119,"Tennessee","Maury County",3,80,438,188,250
050,47,119,"Tennessee","Maury County",3,81,403,172,231
050,47,119,"Tennessee","Maury County",3,82,361,140,221
050,47,119,"Tennessee","Maury County",3,83,290,117,173
050,47,119,"Tennessee","Maury County",3,84,277,114,163
050,47,119,"Tennessee","Maury County",3,85,1511,497,1014
050,47,119,"Tennessee","Maury County",4,0,1320,672,648
050,47,119,"Tennessee","Maury County",4,1,1318,673,645
050,47,119,"Tennessee","Maury County",4,2,1329,653,676
050,47,119,"Tennessee","Maury County",4,3,1389,709,680
050,47,119,"Tennessee","Maury County",4,4,1427,732,695
050,47,119,"Tennessee","Maury County",4,5,1383,711,672
050,47,119,"Tennessee","Maury County",4,6,1384,705,679
050,47,119,"Tennessee","Maury County",4,7,1382,683,699
050,47,119,"Tennessee","Maury County",4,8,1345,673,672
050,47,119,"Tennessee","Maury County",4,9,1342,676,666
050,47,119,"Tennessee","Maury County",4,10,1309,667,642
050,47,119,"Tennessee","Maury County",4,11,1378,697,681
050,47,119,"Tennessee","Maury County",4,12,1365,697,668
050,47,119,"Tennessee","Maury County",4,13,1380,687,693
050,47,119,"Tennessee","Maury County",4,14,1485,797,688
050,47,119,"Tennessee","Maury County",4,15,1430,747,683
050,47,119,"Tennessee","Maury County",4,16,1437,748,689
050,47,119,"Tennessee","Maury County",4,17,1341,660,681
050,47,119,"Tennessee","Maury County",4,18,1121,583,538
050,47,119,"Tennessee","Maury County",4,19,885,475,410
050,47,119,"Tennessee","Maury County",4,20,998,500,498
050,47,119,"Tennessee","Maury County",4,21,1095,564,531
050,47,119,"Tennessee","Maury County",4,22,1187,608,579
050,47,119,"Tennessee","Maury County",4,23,1241,600,641
050,47,119,"Tennessee","Maury County",4,24,1298,651,647
050,47,119,"Tennessee","Maury County",4,25,1370,651,719
050,47,119,"Tennessee","Maury County",4,26,1418,704,714
050,47,119,"Tennessee","Maury County",4,27,1463,720,743
050,47,119,"Tennessee","Maury County",4,28,1469,714,755
050,47,119,"Tennessee","Maury County",4,29,1549,792,757
050,47,119,"Tennessee","Maury County",4,30,1639,811,828
050,47,119,"Tennessee","Maury County",4,31,1713,870,843
050,47,119,"Tennessee","Maury County",4,32,1655,788,867
050,47,119,"Tennessee","Maury County",4,33,1586,747,839
050,47,119,"Tennessee","Maury County",4,34,1468,722,746
050,47,119,"Tennessee","Maury County",4,35,1525,743,782
050,47,119,"Tennessee","Maury County",4,36,1493,745,748
050,47,119,"Tennessee","Maury County",4,37,1475,728,747
050,47,119,"Tennessee","Maury County",4,38,1431,717,714
050,47,119,"Tennessee","Maury County",4,39,1514,761,753
050,47,119,"Tennessee","Maury County",4,40,1462,740,722
050,47,119,"Tennessee","Maury County",4,41,1406,698,708
050,47,119,"Tennessee","Maury County",4,42,1476,761,715
050,47,119,"Tennessee","Maury County",4,43,1419,679,740
050,47,119,"Tennessee","Maury County",4,44,1351,623,728
050,47,119,"Tennessee","Maury County",4,45,1353,638,715
050,47,119,"Tennessee","Maury County",4,46,1245,568,677
050,47,119,"Tennessee","Maury County",4,47,1255,645,610
050,47,119,"Tennessee","Maury County",4,48,1196,597,599
050,47,119,"Tennessee","Maury County",4,49,1255,609,646
050,47,119,"Tennessee","Maury County",4,50,1318,651,667
050,47,119,"Tennessee","Maury County",4,51,1432,709,723
050,47,119,"Tennessee","Maury County",4,52,1388,692,696
050,47,119,"Tennessee","Maury County",4,53,1311,647,664
050,47,119,"Tennessee","Maury County",4,54,1243,599,644
050,47,119,"Tennessee","Maury County",4,55,1217,595,622
050,47,119,"Tennessee","Maury County",4,56,1315,662,653
050,47,119,"Tennessee","Maury County",4,57,1419,691,728
050,47,119,"Tennessee","Maury County",4,58,1399,677,722
050,47,119,"Tennessee","Maury County",4,59,1348,615,733
050,47,119,"Tennessee","Maury County",4,60,1421,646,775
050,47,119,"Tennessee","Maury County",4,61,1402,615,787
050,47,119,"Tennessee","Maury County",4,62,1461,655,806
050,47,119,"Tennessee","Maury County",4,63,1460,708,752
050,47,119,"Tennessee","Maury County",4,64,1500,707,793
050,47,119,"Tennessee","Maury County",4,65,1430,677,753
050,47,119,"Tennessee","Maury County",4,66,1382,649,733
050,47,119,"Tennessee","Maury County",4,67,1287,567,720
050,47,119,"Tennessee","Maury County",4,68,1273,596,677
050,47,119,"Tennessee","Maury County",4,69,1220,557,663
050,47,119,"Tennessee","Maury County",4,70,1146,528,618
050,47,119,"Tennessee","Maury County",4,71,1105,531,574
050,47,119,"Tennessee","Maury County",4,72,998,483,515
050,47,119,"Tennessee","Maury County",4,73,950,439,511
050,47,119,"Tennessee","Maury County",4,74,953,443,510
050,47,119,"Tennessee","Maury County",4,75,969,453,516
050,47,119,"Tennessee","Maury County",4,76,646,305,341
050,47,119,"Tennessee","Maury County",4,77,595,270,325
050,47,119,"Tennessee","Maury County",4,78,579,251,328
050,47,119,"Tennessee","Maury County",4,79,615,275,340
050,47,119,"Tennessee","Maury County",4,80,503,234,269
050,47,119,"Tennessee","Maury County",4,81,422,177,245
050,47,119,"Tennessee","Maury County",4,82,400,164,236
050,47,119,"Tennessee","Maury County",4,83,312,115,197
050,47,119,"Tennessee","Maury County",4,84,265,112,153
050,47,119,"Tennessee","Maury County",4,85,1557,533,1024
050,47,119,"Tennessee","Maury County",5,0,1325,677,648
050,47,119,"Tennessee","Maury County",5,1,1397,714,683
050,47,119,"Tennessee","Maury County",5,2,1364,705,659
050,47,119,"Tennessee","Maury County",5,3,1358,676,682
050,47,119,"Tennessee","Maury County",5,4,1431,728,703
050,47,119,"Tennessee","Maury County",5,5,1458,741,717
050,47,119,"Tennessee","Maury County",5,6,1426,745,681
050,47,119,"Tennessee","Maury County",5,7,1376,715,661
050,47,119,"Tennessee","Maury County",5,8,1366,684,682
050,47,119,"Tennessee","Maury County",5,9,1400,699,701
050,47,119,"Tennessee","Maury County",5,10,1369,684,685
050,47,119,"Tennessee","Maury County",5,11,1350,680,670
050,47,119,"Tennessee","Maury County",5,12,1401,711,690
050,47,119,"Tennessee","Maury County",5,13,1385,702,683
050,47,119,"Tennessee","Maury County",5,14,1408,710,698
050,47,119,"Tennessee","Maury County",5,15,1511,813,698
050,47,119,"Tennessee","Maury County",5,16,1476,771,705
050,47,119,"Tennessee","Maury County",5,17,1416,732,684
050,47,119,"Tennessee","Maury County",5,18,1132,581,551
050,47,119,"Tennessee","Maury County",5,19,901,467,434
050,47,119,"Tennessee","Maury County",5,20,976,512,464
050,47,119,"Tennessee","Maury County",5,21,1080,538,542
050,47,119,"Tennessee","Maury County",5,22,1183,594,589
050,47,119,"Tennessee","Maury County",5,23,1306,672,634
050,47,119,"Tennessee","Maury County",5,24,1335,673,662
050,47,119,"Tennessee","Maury County",5,25,1377,674,703
050,47,119,"Tennessee","Maury County",5,26,1469,703,766
050,47,119,"Tennessee","Maury County",5,27,1490,757,733
050,47,119,"Tennessee","Maury County",5,28,1538,746,792
050,47,119,"Tennessee","Maury County",5,29,1554,781,773
050,47,119,"Tennessee","Maury County",5,30,1663,841,822
050,47,119,"Tennessee","Maury County",5,31,1711,841,870
050,47,119,"Tennessee","Maury County",5,32,1797,896,901
050,47,119,"Tennessee","Maury County",5,33,1698,810,888
050,47,119,"Tennessee","Maury County",5,34,1635,789,846
050,47,119,"Tennessee","Maury County",5,35,1522,756,766
050,47,119,"Tennessee","Maury County",5,36,1587,796,791
050,47,119,"Tennessee","Maury County",5,37,1518,750,768
050,47,119,"Tennessee","Maury County",5,38,1521,763,758
050,47,119,"Tennessee","Maury County",5,39,1449,726,723
050,47,119,"Tennessee","Maury County",5,40,1521,760,761
050,47,119,"Tennessee","Maury County",5,41,1498,767,731
050,47,119,"Tennessee","Maury County",5,42,1436,713,723
050,47,119,"Tennessee","Maury County",5,43,1494,772,722
050,47,119,"Tennessee","Maury County",5,44,1416,678,738
050,47,119,"Tennessee","Maury County",5,45,1355,621,734
050,47,119,"Tennessee","Maury County",5,46,1348,640,708
050,47,119,"Tennessee","Maury County",5,47,1259,585,674
050,47,119,"Tennessee","Maury County",5,48,1258,631,627
050,47,119,"Tennessee","Maury County",5,49,1205,605,600
050,47,119,"Tennessee","Maury County",5,50,1249,602,647
050,47,119,"Tennessee","Maury County",5,51,1338,657,681
050,47,119,"Tennessee","Maury County",5,52,1456,720,736
050,47,119,"Tennessee","Maury County",5,53,1397,703,694
050,47,119,"Tennessee","Maury County",5,54,1319,654,665
050,47,119,"Tennessee","Maury County",5,55,1268,604,664
050,47,119,"Tennessee","Maury County",5,56,1234,600,634
050,47,119,"Tennessee","Maury County",5,57,1320,665,655
050,47,119,"Tennessee","Maury County",5,58,1453,707,746
050,47,119,"Tennessee","Maury County",5,59,1439,686,753
050,47,119,"Tennessee","Maury County",5,60,1382,633,749
050,47,119,"Tennessee","Maury County",5,61,1432,645,787
050,47,119,"Tennessee","Maury County",5,62,1444,629,815
050,47,119,"Tennessee","Maury County",5,63,1452,653,799
050,47,119,"Tennessee","Maury County",5,64,1458,710,748
050,47,119,"Tennessee","Maury County",5,65,1535,712,823
050,47,119,"Tennessee","Maury County",5,66,1432,682,750
050,47,119,"Tennessee","Maury County",5,67,1359,630,729
050,47,119,"Tennessee","Maury County",5,68,1295,570,725
050,47,119,"Tennessee","Maury County",5,69,1264,584,680
050,47,119,"Tennessee","Maury County",5,70,1192,533,659
050,47,119,"Tennessee","Maury County",5,71,1156,526,630
050,47,119,"Tennessee","Maury County",5,72,1091,528,563
050,47,119,"Tennessee","Maury County",5,73,970,467,503
050,47,119,"Tennessee","Maury County",5,74,957,438,519
050,47,119,"Tennessee","Maury County",5,75,922,431,491
050,47,119,"Tennessee","Maury County",5,76,945,443,502
050,47,119,"Tennessee","Maury County",5,77,618,284,334
050,47,119,"Tennessee","Maury County",5,78,586,259,327
050,47,119,"Tennessee","Maury County",5,79,568,254,314
050,47,119,"Tennessee","Maury County",5,80,577,256,321
050,47,119,"Tennessee","Maury County",5,81,502,231,271
050,47,119,"Tennessee","Maury County",5,82,416,166,250
050,47,119,"Tennessee","Maury County",5,83,355,141,214
050,47,119,"Tennessee","Maury County",5,84,293,110,183
050,47,119,"Tennessee","Maury County",5,85,1637,575,1062
050,47,121,"Tennessee","Meigs County",1,0,129,68,61
050,47,121,"Tennessee","Meigs County",1,1,145,73,72
050,47,121,"Tennessee","Meigs County",1,2,135,65,70
050,47,121,"Tennessee","Meigs County",1,3,128,59,69
050,47,121,"Tennessee","Meigs County",1,4,141,71,70
050,47,121,"Tennessee","Meigs County",1,5,137,73,64
050,47,121,"Tennessee","Meigs County",1,6,136,66,70
050,47,121,"Tennessee","Meigs County",1,7,145,67,78
050,47,121,"Tennessee","Meigs County",1,8,130,73,57
050,47,121,"Tennessee","Meigs County",1,9,147,73,74
050,47,121,"Tennessee","Meigs County",1,10,156,71,85
050,47,121,"Tennessee","Meigs County",1,11,148,72,76
050,47,121,"Tennessee","Meigs County",1,12,153,76,77
050,47,121,"Tennessee","Meigs County",1,13,162,76,86
050,47,121,"Tennessee","Meigs County",1,14,153,79,74
050,47,121,"Tennessee","Meigs County",1,15,151,85,66
050,47,121,"Tennessee","Meigs County",1,16,155,75,80
050,47,121,"Tennessee","Meigs County",1,17,153,75,78
050,47,121,"Tennessee","Meigs County",1,18,142,72,70
050,47,121,"Tennessee","Meigs County",1,19,111,57,54
050,47,121,"Tennessee","Meigs County",1,20,136,66,70
050,47,121,"Tennessee","Meigs County",1,21,150,74,76
050,47,121,"Tennessee","Meigs County",1,22,125,57,68
050,47,121,"Tennessee","Meigs County",1,23,144,79,65
050,47,121,"Tennessee","Meigs County",1,24,140,71,69
050,47,121,"Tennessee","Meigs County",1,25,129,62,67
050,47,121,"Tennessee","Meigs County",1,26,131,66,65
050,47,121,"Tennessee","Meigs County",1,27,135,71,64
050,47,121,"Tennessee","Meigs County",1,28,141,69,72
050,47,121,"Tennessee","Meigs County",1,29,166,88,78
050,47,121,"Tennessee","Meigs County",1,30,124,63,61
050,47,121,"Tennessee","Meigs County",1,31,125,60,65
050,47,121,"Tennessee","Meigs County",1,32,116,48,68
050,47,121,"Tennessee","Meigs County",1,33,131,62,69
050,47,121,"Tennessee","Meigs County",1,34,124,70,54
050,47,121,"Tennessee","Meigs County",1,35,130,69,61
050,47,121,"Tennessee","Meigs County",1,36,140,73,67
050,47,121,"Tennessee","Meigs County",1,37,129,61,68
050,47,121,"Tennessee","Meigs County",1,38,136,67,69
050,47,121,"Tennessee","Meigs County",1,39,155,75,80
050,47,121,"Tennessee","Meigs County",1,40,161,76,85
050,47,121,"Tennessee","Meigs County",1,41,163,78,85
050,47,121,"Tennessee","Meigs County",1,42,136,68,68
050,47,121,"Tennessee","Meigs County",1,43,160,81,79
050,47,121,"Tennessee","Meigs County",1,44,159,92,67
050,47,121,"Tennessee","Meigs County",1,45,173,92,81
050,47,121,"Tennessee","Meigs County",1,46,162,80,82
050,47,121,"Tennessee","Meigs County",1,47,166,81,85
050,47,121,"Tennessee","Meigs County",1,48,177,82,95
050,47,121,"Tennessee","Meigs County",1,49,197,94,103
050,47,121,"Tennessee","Meigs County",1,50,186,94,92
050,47,121,"Tennessee","Meigs County",1,51,193,93,100
050,47,121,"Tennessee","Meigs County",1,52,175,96,79
050,47,121,"Tennessee","Meigs County",1,53,192,94,98
050,47,121,"Tennessee","Meigs County",1,54,207,102,105
050,47,121,"Tennessee","Meigs County",1,55,203,100,103
050,47,121,"Tennessee","Meigs County",1,56,206,98,108
050,47,121,"Tennessee","Meigs County",1,57,200,96,104
050,47,121,"Tennessee","Meigs County",1,58,216,104,112
050,47,121,"Tennessee","Meigs County",1,59,210,115,95
050,47,121,"Tennessee","Meigs County",1,60,188,107,81
050,47,121,"Tennessee","Meigs County",1,61,188,96,92
050,47,121,"Tennessee","Meigs County",1,62,166,84,82
050,47,121,"Tennessee","Meigs County",1,63,167,80,87
050,47,121,"Tennessee","Meigs County",1,64,181,80,101
050,47,121,"Tennessee","Meigs County",1,65,183,85,98
050,47,121,"Tennessee","Meigs County",1,66,186,83,103
050,47,121,"Tennessee","Meigs County",1,67,186,97,89
050,47,121,"Tennessee","Meigs County",1,68,170,87,83
050,47,121,"Tennessee","Meigs County",1,69,165,91,74
050,47,121,"Tennessee","Meigs County",1,70,154,76,78
050,47,121,"Tennessee","Meigs County",1,71,173,96,77
050,47,121,"Tennessee","Meigs County",1,72,162,79,83
050,47,121,"Tennessee","Meigs County",1,73,180,97,83
050,47,121,"Tennessee","Meigs County",1,74,127,64,63
050,47,121,"Tennessee","Meigs County",1,75,124,63,61
050,47,121,"Tennessee","Meigs County",1,76,113,52,61
050,47,121,"Tennessee","Meigs County",1,77,119,62,57
050,47,121,"Tennessee","Meigs County",1,78,96,48,48
050,47,121,"Tennessee","Meigs County",1,79,83,42,41
050,47,121,"Tennessee","Meigs County",1,80,67,39,28
050,47,121,"Tennessee","Meigs County",1,81,55,33,22
050,47,121,"Tennessee","Meigs County",1,82,46,22,24
050,47,121,"Tennessee","Meigs County",1,83,52,22,30
050,47,121,"Tennessee","Meigs County",1,84,34,18,16
050,47,121,"Tennessee","Meigs County",1,85,184,70,114
050,47,121,"Tennessee","Meigs County",2,0,126,69,57
050,47,121,"Tennessee","Meigs County",2,1,141,72,69
050,47,121,"Tennessee","Meigs County",2,2,138,68,70
050,47,121,"Tennessee","Meigs County",2,3,131,60,71
050,47,121,"Tennessee","Meigs County",2,4,141,70,71
050,47,121,"Tennessee","Meigs County",2,5,137,72,65
050,47,121,"Tennessee","Meigs County",2,6,137,68,69
050,47,121,"Tennessee","Meigs County",2,7,144,68,76
050,47,121,"Tennessee","Meigs County",2,8,135,73,62
050,47,121,"Tennessee","Meigs County",2,9,142,73,69
050,47,121,"Tennessee","Meigs County",2,10,154,70,84
050,47,121,"Tennessee","Meigs County",2,11,149,71,78
050,47,121,"Tennessee","Meigs County",2,12,156,77,79
050,47,121,"Tennessee","Meigs County",2,13,161,76,85
050,47,121,"Tennessee","Meigs County",2,14,155,78,77
050,47,121,"Tennessee","Meigs County",2,15,154,86,68
050,47,121,"Tennessee","Meigs County",2,16,156,79,77
050,47,121,"Tennessee","Meigs County",2,17,154,75,79
050,47,121,"Tennessee","Meigs County",2,18,136,70,66
050,47,121,"Tennessee","Meigs County",2,19,113,58,55
050,47,121,"Tennessee","Meigs County",2,20,133,65,68
050,47,121,"Tennessee","Meigs County",2,21,148,72,76
050,47,121,"Tennessee","Meigs County",2,22,132,62,70
050,47,121,"Tennessee","Meigs County",2,23,143,76,67
050,47,121,"Tennessee","Meigs County",2,24,140,72,68
050,47,121,"Tennessee","Meigs County",2,25,133,65,68
050,47,121,"Tennessee","Meigs County",2,26,130,65,65
050,47,121,"Tennessee","Meigs County",2,27,134,70,64
050,47,121,"Tennessee","Meigs County",2,28,139,71,68
050,47,121,"Tennessee","Meigs County",2,29,160,84,76
050,47,121,"Tennessee","Meigs County",2,30,132,68,64
050,47,121,"Tennessee","Meigs County",2,31,124,59,65
050,47,121,"Tennessee","Meigs County",2,32,118,51,67
050,47,121,"Tennessee","Meigs County",2,33,129,60,69
050,47,121,"Tennessee","Meigs County",2,34,130,70,60
050,47,121,"Tennessee","Meigs County",2,35,128,69,59
050,47,121,"Tennessee","Meigs County",2,36,137,72,65
050,47,121,"Tennessee","Meigs County",2,37,133,64,69
050,47,121,"Tennessee","Meigs County",2,38,138,68,70
050,47,121,"Tennessee","Meigs County",2,39,152,74,78
050,47,121,"Tennessee","Meigs County",2,40,163,76,87
050,47,121,"Tennessee","Meigs County",2,41,163,79,84
050,47,121,"Tennessee","Meigs County",2,42,144,71,73
050,47,121,"Tennessee","Meigs County",2,43,156,79,77
050,47,121,"Tennessee","Meigs County",2,44,159,90,69
050,47,121,"Tennessee","Meigs County",2,45,173,93,80
050,47,121,"Tennessee","Meigs County",2,46,166,83,83
050,47,121,"Tennessee","Meigs County",2,47,163,79,84
050,47,121,"Tennessee","Meigs County",2,48,177,83,94
050,47,121,"Tennessee","Meigs County",2,49,194,93,101
050,47,121,"Tennessee","Meigs County",2,50,189,93,96
050,47,121,"Tennessee","Meigs County",2,51,190,93,97
050,47,121,"Tennessee","Meigs County",2,52,176,94,82
050,47,121,"Tennessee","Meigs County",2,53,190,96,94
050,47,121,"Tennessee","Meigs County",2,54,204,101,103
050,47,121,"Tennessee","Meigs County",2,55,203,100,103
050,47,121,"Tennessee","Meigs County",2,56,208,100,108
050,47,121,"Tennessee","Meigs County",2,57,204,97,107
050,47,121,"Tennessee","Meigs County",2,58,213,104,109
050,47,121,"Tennessee","Meigs County",2,59,215,115,100
050,47,121,"Tennessee","Meigs County",2,60,195,110,85
050,47,121,"Tennessee","Meigs County",2,61,190,100,90
050,47,121,"Tennessee","Meigs County",2,62,172,88,84
050,47,121,"Tennessee","Meigs County",2,63,171,84,87
050,47,121,"Tennessee","Meigs County",2,64,178,80,98
050,47,121,"Tennessee","Meigs County",2,65,183,85,98
050,47,121,"Tennessee","Meigs County",2,66,187,83,104
050,47,121,"Tennessee","Meigs County",2,67,182,91,91
050,47,121,"Tennessee","Meigs County",2,68,170,89,81
050,47,121,"Tennessee","Meigs County",2,69,165,89,76
050,47,121,"Tennessee","Meigs County",2,70,155,79,76
050,47,121,"Tennessee","Meigs County",2,71,168,90,78
050,47,121,"Tennessee","Meigs County",2,72,162,82,80
050,47,121,"Tennessee","Meigs County",2,73,182,96,86
050,47,121,"Tennessee","Meigs County",2,74,132,68,64
050,47,121,"Tennessee","Meigs County",2,75,125,64,61
050,47,121,"Tennessee","Meigs County",2,76,114,53,61
050,47,121,"Tennessee","Meigs County",2,77,120,61,59
050,47,121,"Tennessee","Meigs County",2,78,99,50,49
050,47,121,"Tennessee","Meigs County",2,79,86,43,43
050,47,121,"Tennessee","Meigs County",2,80,70,40,30
050,47,121,"Tennessee","Meigs County",2,81,58,35,23
050,47,121,"Tennessee","Meigs County",2,82,49,25,24
050,47,121,"Tennessee","Meigs County",2,83,49,22,27
050,47,121,"Tennessee","Meigs County",2,84,39,18,21
050,47,121,"Tennessee","Meigs County",2,85,184,72,112
050,47,121,"Tennessee","Meigs County",3,0,110,59,51
050,47,121,"Tennessee","Meigs County",3,1,130,68,62
050,47,121,"Tennessee","Meigs County",3,2,156,75,81
050,47,121,"Tennessee","Meigs County",3,3,145,76,69
050,47,121,"Tennessee","Meigs County",3,4,138,66,72
050,47,121,"Tennessee","Meigs County",3,5,155,82,73
050,47,121,"Tennessee","Meigs County",3,6,149,77,72
050,47,121,"Tennessee","Meigs County",3,7,132,71,61
050,47,121,"Tennessee","Meigs County",3,8,162,78,84
050,47,121,"Tennessee","Meigs County",3,9,143,73,70
050,47,121,"Tennessee","Meigs County",3,10,152,79,73
050,47,121,"Tennessee","Meigs County",3,11,166,82,84
050,47,121,"Tennessee","Meigs County",3,12,155,80,75
050,47,121,"Tennessee","Meigs County",3,13,162,80,82
050,47,121,"Tennessee","Meigs County",3,14,166,79,87
050,47,121,"Tennessee","Meigs County",3,15,146,78,68
050,47,121,"Tennessee","Meigs County",3,16,167,94,73
050,47,121,"Tennessee","Meigs County",3,17,152,75,77
050,47,121,"Tennessee","Meigs County",3,18,136,69,67
050,47,121,"Tennessee","Meigs County",3,19,105,54,51
050,47,121,"Tennessee","Meigs County",3,20,129,66,63
050,47,121,"Tennessee","Meigs County",3,21,146,75,71
050,47,121,"Tennessee","Meigs County",3,22,155,77,78
050,47,121,"Tennessee","Meigs County",3,23,140,63,77
050,47,121,"Tennessee","Meigs County",3,24,144,80,64
050,47,121,"Tennessee","Meigs County",3,25,138,67,71
050,47,121,"Tennessee","Meigs County",3,26,134,69,65
050,47,121,"Tennessee","Meigs County",3,27,130,65,65
050,47,121,"Tennessee","Meigs County",3,28,140,73,67
050,47,121,"Tennessee","Meigs County",3,29,159,70,89
050,47,121,"Tennessee","Meigs County",3,30,161,89,72
050,47,121,"Tennessee","Meigs County",3,31,136,75,61
050,47,121,"Tennessee","Meigs County",3,32,128,58,70
050,47,121,"Tennessee","Meigs County",3,33,125,53,72
050,47,121,"Tennessee","Meigs County",3,34,128,63,65
050,47,121,"Tennessee","Meigs County",3,35,133,73,60
050,47,121,"Tennessee","Meigs County",3,36,132,70,62
050,47,121,"Tennessee","Meigs County",3,37,126,64,62
050,47,121,"Tennessee","Meigs County",3,38,146,69,77
050,47,121,"Tennessee","Meigs County",3,39,149,71,78
050,47,121,"Tennessee","Meigs County",3,40,156,75,81
050,47,121,"Tennessee","Meigs County",3,41,169,82,87
050,47,121,"Tennessee","Meigs County",3,42,164,76,88
050,47,121,"Tennessee","Meigs County",3,43,148,76,72
050,47,121,"Tennessee","Meigs County",3,44,161,79,82
050,47,121,"Tennessee","Meigs County",3,45,162,94,68
050,47,121,"Tennessee","Meigs County",3,46,184,100,84
050,47,121,"Tennessee","Meigs County",3,47,167,86,81
050,47,121,"Tennessee","Meigs County",3,48,164,74,90
050,47,121,"Tennessee","Meigs County",3,49,175,83,92
050,47,121,"Tennessee","Meigs County",3,50,200,96,104
050,47,121,"Tennessee","Meigs County",3,51,193,98,95
050,47,121,"Tennessee","Meigs County",3,52,195,102,93
050,47,121,"Tennessee","Meigs County",3,53,182,92,90
050,47,121,"Tennessee","Meigs County",3,54,186,94,92
050,47,121,"Tennessee","Meigs County",3,55,202,95,107
050,47,121,"Tennessee","Meigs County",3,56,200,97,103
050,47,121,"Tennessee","Meigs County",3,57,205,101,104
050,47,121,"Tennessee","Meigs County",3,58,202,94,108
050,47,121,"Tennessee","Meigs County",3,59,213,98,115
050,47,121,"Tennessee","Meigs County",3,60,206,110,96
050,47,121,"Tennessee","Meigs County",3,61,187,102,85
050,47,121,"Tennessee","Meigs County",3,62,193,106,87
050,47,121,"Tennessee","Meigs County",3,63,176,90,86
050,47,121,"Tennessee","Meigs County",3,64,169,80,89
050,47,121,"Tennessee","Meigs County",3,65,180,84,96
050,47,121,"Tennessee","Meigs County",3,66,187,84,103
050,47,121,"Tennessee","Meigs County",3,67,185,83,102
050,47,121,"Tennessee","Meigs County",3,68,173,82,91
050,47,121,"Tennessee","Meigs County",3,69,164,85,79
050,47,121,"Tennessee","Meigs County",3,70,162,87,75
050,47,121,"Tennessee","Meigs County",3,71,156,77,79
050,47,121,"Tennessee","Meigs County",3,72,160,86,74
050,47,121,"Tennessee","Meigs County",3,73,165,86,79
050,47,121,"Tennessee","Meigs County",3,74,180,92,88
050,47,121,"Tennessee","Meigs County",3,75,122,61,61
050,47,121,"Tennessee","Meigs County",3,76,115,57,58
050,47,121,"Tennessee","Meigs County",3,77,114,54,60
050,47,121,"Tennessee","Meigs County",3,78,110,57,53
050,47,121,"Tennessee","Meigs County",3,79,94,43,51
050,47,121,"Tennessee","Meigs County",3,80,81,43,38
050,47,121,"Tennessee","Meigs County",3,81,68,37,31
050,47,121,"Tennessee","Meigs County",3,82,55,34,21
050,47,121,"Tennessee","Meigs County",3,83,43,22,21
050,47,121,"Tennessee","Meigs County",3,84,40,14,26
050,47,121,"Tennessee","Meigs County",3,85,200,82,118
050,47,121,"Tennessee","Meigs County",4,0,118,54,64
050,47,121,"Tennessee","Meigs County",4,1,107,53,54
050,47,121,"Tennessee","Meigs County",4,2,140,71,69
050,47,121,"Tennessee","Meigs County",4,3,156,78,78
050,47,121,"Tennessee","Meigs County",4,4,142,70,72
050,47,121,"Tennessee","Meigs County",4,5,144,69,75
050,47,121,"Tennessee","Meigs County",4,6,153,84,69
050,47,121,"Tennessee","Meigs County",4,7,158,88,70
050,47,121,"Tennessee","Meigs County",4,8,139,72,67
050,47,121,"Tennessee","Meigs County",4,9,159,79,80
050,47,121,"Tennessee","Meigs County",4,10,143,70,73
050,47,121,"Tennessee","Meigs County",4,11,158,86,72
050,47,121,"Tennessee","Meigs County",4,12,177,85,92
050,47,121,"Tennessee","Meigs County",4,13,169,85,84
050,47,121,"Tennessee","Meigs County",4,14,163,79,84
050,47,121,"Tennessee","Meigs County",4,15,166,80,86
050,47,121,"Tennessee","Meigs County",4,16,144,79,65
050,47,121,"Tennessee","Meigs County",4,17,168,95,73
050,47,121,"Tennessee","Meigs County",4,18,134,66,68
050,47,121,"Tennessee","Meigs County",4,19,107,54,53
050,47,121,"Tennessee","Meigs County",4,20,120,64,56
050,47,121,"Tennessee","Meigs County",4,21,127,66,61
050,47,121,"Tennessee","Meigs County",4,22,146,73,73
050,47,121,"Tennessee","Meigs County",4,23,156,71,85
050,47,121,"Tennessee","Meigs County",4,24,145,67,78
050,47,121,"Tennessee","Meigs County",4,25,141,75,66
050,47,121,"Tennessee","Meigs County",4,26,136,71,65
050,47,121,"Tennessee","Meigs County",4,27,146,70,76
050,47,121,"Tennessee","Meigs County",4,28,141,76,65
050,47,121,"Tennessee","Meigs County",4,29,146,73,73
050,47,121,"Tennessee","Meigs County",4,30,156,66,90
050,47,121,"Tennessee","Meigs County",4,31,170,93,77
050,47,121,"Tennessee","Meigs County",4,32,140,78,62
050,47,121,"Tennessee","Meigs County",4,33,133,62,71
050,47,121,"Tennessee","Meigs County",4,34,125,56,69
050,47,121,"Tennessee","Meigs County",4,35,123,60,63
050,47,121,"Tennessee","Meigs County",4,36,144,74,70
050,47,121,"Tennessee","Meigs County",4,37,130,70,60
050,47,121,"Tennessee","Meigs County",4,38,130,66,64
050,47,121,"Tennessee","Meigs County",4,39,149,73,76
050,47,121,"Tennessee","Meigs County",4,40,150,73,77
050,47,121,"Tennessee","Meigs County",4,41,156,75,81
050,47,121,"Tennessee","Meigs County",4,42,154,73,81
050,47,121,"Tennessee","Meigs County",4,43,166,81,85
050,47,121,"Tennessee","Meigs County",4,44,155,80,75
050,47,121,"Tennessee","Meigs County",4,45,159,80,79
050,47,121,"Tennessee","Meigs County",4,46,161,92,69
050,47,121,"Tennessee","Meigs County",4,47,182,101,81
050,47,121,"Tennessee","Meigs County",4,48,169,91,78
050,47,121,"Tennessee","Meigs County",4,49,168,77,91
050,47,121,"Tennessee","Meigs County",4,50,186,87,99
050,47,121,"Tennessee","Meigs County",4,51,205,97,108
050,47,121,"Tennessee","Meigs County",4,52,205,101,104
050,47,121,"Tennessee","Meigs County",4,53,216,112,104
050,47,121,"Tennessee","Meigs County",4,54,196,102,94
050,47,121,"Tennessee","Meigs County",4,55,185,94,91
050,47,121,"Tennessee","Meigs County",4,56,207,96,111
050,47,121,"Tennessee","Meigs County",4,57,200,95,105
050,47,121,"Tennessee","Meigs County",4,58,210,107,103
050,47,121,"Tennessee","Meigs County",4,59,215,103,112
050,47,121,"Tennessee","Meigs County",4,60,213,104,109
050,47,121,"Tennessee","Meigs County",4,61,210,110,100
050,47,121,"Tennessee","Meigs County",4,62,201,107,94
050,47,121,"Tennessee","Meigs County",4,63,203,115,88
050,47,121,"Tennessee","Meigs County",4,64,182,89,93
050,47,121,"Tennessee","Meigs County",4,65,171,83,88
050,47,121,"Tennessee","Meigs County",4,66,194,97,97
050,47,121,"Tennessee","Meigs County",4,67,187,83,104
050,47,121,"Tennessee","Meigs County",4,68,184,83,101
050,47,121,"Tennessee","Meigs County",4,69,174,83,91
050,47,121,"Tennessee","Meigs County",4,70,163,83,80
050,47,121,"Tennessee","Meigs County",4,71,159,87,72
050,47,121,"Tennessee","Meigs County",4,72,158,79,79
050,47,121,"Tennessee","Meigs County",4,73,158,84,74
050,47,121,"Tennessee","Meigs County",4,74,159,81,78
050,47,121,"Tennessee","Meigs County",4,75,175,88,87
050,47,121,"Tennessee","Meigs County",4,76,113,58,55
050,47,121,"Tennessee","Meigs County",4,77,112,54,58
050,47,121,"Tennessee","Meigs County",4,78,112,54,58
050,47,121,"Tennessee","Meigs County",4,79,111,55,56
050,47,121,"Tennessee","Meigs County",4,80,83,40,43
050,47,121,"Tennessee","Meigs County",4,81,73,36,37
050,47,121,"Tennessee","Meigs County",4,82,62,33,29
050,47,121,"Tennessee","Meigs County",4,83,49,35,14
050,47,121,"Tennessee","Meigs County",4,84,41,22,19
050,47,121,"Tennessee","Meigs County",4,85,217,87,130
050,47,121,"Tennessee","Meigs County",5,0,117,54,63
050,47,121,"Tennessee","Meigs County",5,1,122,59,63
050,47,121,"Tennessee","Meigs County",5,2,113,61,52
050,47,121,"Tennessee","Meigs County",5,3,157,83,74
050,47,121,"Tennessee","Meigs County",5,4,165,89,76
050,47,121,"Tennessee","Meigs County",5,5,139,73,66
050,47,121,"Tennessee","Meigs County",5,6,147,75,72
050,47,121,"Tennessee","Meigs County",5,7,160,84,76
050,47,121,"Tennessee","Meigs County",5,8,157,88,69
050,47,121,"Tennessee","Meigs County",5,9,138,72,66
050,47,121,"Tennessee","Meigs County",5,10,170,84,86
050,47,121,"Tennessee","Meigs County",5,11,147,72,75
050,47,121,"Tennessee","Meigs County",5,12,166,89,77
050,47,121,"Tennessee","Meigs County",5,13,186,92,94
050,47,121,"Tennessee","Meigs County",5,14,165,80,85
050,47,121,"Tennessee","Meigs County",5,15,166,86,80
050,47,121,"Tennessee","Meigs County",5,16,186,92,94
050,47,121,"Tennessee","Meigs County",5,17,145,82,63
050,47,121,"Tennessee","Meigs County",5,18,144,84,60
050,47,121,"Tennessee","Meigs County",5,19,107,51,56
050,47,121,"Tennessee","Meigs County",5,20,126,59,67
050,47,121,"Tennessee","Meigs County",5,21,121,68,53
050,47,121,"Tennessee","Meigs County",5,22,143,71,72
050,47,121,"Tennessee","Meigs County",5,23,164,81,83
050,47,121,"Tennessee","Meigs County",5,24,175,84,91
050,47,121,"Tennessee","Meigs County",5,25,167,81,86
050,47,121,"Tennessee","Meigs County",5,26,147,80,67
050,47,121,"Tennessee","Meigs County",5,27,136,68,68
050,47,121,"Tennessee","Meigs County",5,28,154,78,76
050,47,121,"Tennessee","Meigs County",5,29,146,82,64
050,47,121,"Tennessee","Meigs County",5,30,164,83,81
050,47,121,"Tennessee","Meigs County",5,31,155,72,83
050,47,121,"Tennessee","Meigs County",5,32,166,94,72
050,47,121,"Tennessee","Meigs County",5,33,157,88,69
050,47,121,"Tennessee","Meigs County",5,34,141,70,71
050,47,121,"Tennessee","Meigs County",5,35,141,66,75
050,47,121,"Tennessee","Meigs County",5,36,136,68,68
050,47,121,"Tennessee","Meigs County",5,37,149,70,79
050,47,121,"Tennessee","Meigs County",5,38,133,71,62
050,47,121,"Tennessee","Meigs County",5,39,147,79,68
050,47,121,"Tennessee","Meigs County",5,40,161,83,78
050,47,121,"Tennessee","Meigs County",5,41,162,79,83
050,47,121,"Tennessee","Meigs County",5,42,163,78,85
050,47,121,"Tennessee","Meigs County",5,43,167,81,86
050,47,121,"Tennessee","Meigs County",5,44,175,84,91
050,47,121,"Tennessee","Meigs County",5,45,155,83,72
050,47,121,"Tennessee","Meigs County",5,46,159,78,81
050,47,121,"Tennessee","Meigs County",5,47,169,88,81
050,47,121,"Tennessee","Meigs County",5,48,199,113,86
050,47,121,"Tennessee","Meigs County",5,49,172,89,83
050,47,121,"Tennessee","Meigs County",5,50,171,80,91
050,47,121,"Tennessee","Meigs County",5,51,200,97,103
050,47,121,"Tennessee","Meigs County",5,52,207,95,112
050,47,121,"Tennessee","Meigs County",5,53,207,98,109
050,47,121,"Tennessee","Meigs County",5,54,227,122,105
050,47,121,"Tennessee","Meigs County",5,55,197,98,99
050,47,121,"Tennessee","Meigs County",5,56,195,103,92
050,47,121,"Tennessee","Meigs County",5,57,218,98,120
050,47,121,"Tennessee","Meigs County",5,58,196,103,93
050,47,121,"Tennessee","Meigs County",5,59,221,110,111
050,47,121,"Tennessee","Meigs County",5,60,213,106,107
050,47,121,"Tennessee","Meigs County",5,61,214,107,107
050,47,121,"Tennessee","Meigs County",5,62,216,114,102
050,47,121,"Tennessee","Meigs County",5,63,202,106,96
050,47,121,"Tennessee","Meigs County",5,64,201,109,92
050,47,121,"Tennessee","Meigs County",5,65,180,88,92
050,47,121,"Tennessee","Meigs County",5,66,182,92,90
050,47,121,"Tennessee","Meigs County",5,67,196,95,101
050,47,121,"Tennessee","Meigs County",5,68,185,78,107
050,47,121,"Tennessee","Meigs County",5,69,181,83,98
050,47,121,"Tennessee","Meigs County",5,70,168,78,90
050,47,121,"Tennessee","Meigs County",5,71,160,82,78
050,47,121,"Tennessee","Meigs County",5,72,154,84,70
050,47,121,"Tennessee","Meigs County",5,73,151,76,75
050,47,121,"Tennessee","Meigs County",5,74,154,82,72
050,47,121,"Tennessee","Meigs County",5,75,152,75,77
050,47,121,"Tennessee","Meigs County",5,76,166,85,81
050,47,121,"Tennessee","Meigs County",5,77,112,57,55
050,47,121,"Tennessee","Meigs County",5,78,106,52,54
050,47,121,"Tennessee","Meigs County",5,79,107,52,55
050,47,121,"Tennessee","Meigs County",5,80,108,56,52
050,47,121,"Tennessee","Meigs County",5,81,78,35,43
050,47,121,"Tennessee","Meigs County",5,82,69,34,35
050,47,121,"Tennessee","Meigs County",5,83,59,34,25
050,47,121,"Tennessee","Meigs County",5,84,48,35,13
050,47,121,"Tennessee","Meigs County",5,85,243,102,141
050,47,123,"Tennessee","Monroe County",1,0,495,254,241
050,47,123,"Tennessee","Monroe County",1,1,498,260,238
050,47,123,"Tennessee","Monroe County",1,2,483,254,229
050,47,123,"Tennessee","Monroe County",1,3,477,239,238
050,47,123,"Tennessee","Monroe County",1,4,509,269,240
050,47,123,"Tennessee","Monroe County",1,5,517,276,241
050,47,123,"Tennessee","Monroe County",1,6,558,307,251
050,47,123,"Tennessee","Monroe County",1,7,521,270,251
050,47,123,"Tennessee","Monroe County",1,8,493,266,227
050,47,123,"Tennessee","Monroe County",1,9,523,281,242
050,47,123,"Tennessee","Monroe County",1,10,532,284,248
050,47,123,"Tennessee","Monroe County",1,11,550,277,273
050,47,123,"Tennessee","Monroe County",1,12,602,307,295
050,47,123,"Tennessee","Monroe County",1,13,613,301,312
050,47,123,"Tennessee","Monroe County",1,14,576,295,281
050,47,123,"Tennessee","Monroe County",1,15,601,302,299
050,47,123,"Tennessee","Monroe County",1,16,611,319,292
050,47,123,"Tennessee","Monroe County",1,17,611,323,288
050,47,123,"Tennessee","Monroe County",1,18,483,259,224
050,47,123,"Tennessee","Monroe County",1,19,399,219,180
050,47,123,"Tennessee","Monroe County",1,20,447,252,195
050,47,123,"Tennessee","Monroe County",1,21,430,235,195
050,47,123,"Tennessee","Monroe County",1,22,456,229,227
050,47,123,"Tennessee","Monroe County",1,23,482,237,245
050,47,123,"Tennessee","Monroe County",1,24,503,241,262
050,47,123,"Tennessee","Monroe County",1,25,509,264,245
050,47,123,"Tennessee","Monroe County",1,26,526,283,243
050,47,123,"Tennessee","Monroe County",1,27,545,285,260
050,47,123,"Tennessee","Monroe County",1,28,549,287,262
050,47,123,"Tennessee","Monroe County",1,29,571,295,276
050,47,123,"Tennessee","Monroe County",1,30,567,281,286
050,47,123,"Tennessee","Monroe County",1,31,538,287,251
050,47,123,"Tennessee","Monroe County",1,32,516,264,252
050,47,123,"Tennessee","Monroe County",1,33,495,247,248
050,47,123,"Tennessee","Monroe County",1,34,475,237,238
050,47,123,"Tennessee","Monroe County",1,35,499,250,249
050,47,123,"Tennessee","Monroe County",1,36,476,244,232
050,47,123,"Tennessee","Monroe County",1,37,474,238,236
050,47,123,"Tennessee","Monroe County",1,38,484,235,249
050,47,123,"Tennessee","Monroe County",1,39,496,258,238
050,47,123,"Tennessee","Monroe County",1,40,518,263,255
050,47,123,"Tennessee","Monroe County",1,41,528,270,258
050,47,123,"Tennessee","Monroe County",1,42,509,251,258
050,47,123,"Tennessee","Monroe County",1,43,505,247,258
050,47,123,"Tennessee","Monroe County",1,44,505,255,250
050,47,123,"Tennessee","Monroe County",1,45,524,256,268
050,47,123,"Tennessee","Monroe County",1,46,528,273,255
050,47,123,"Tennessee","Monroe County",1,47,565,276,289
050,47,123,"Tennessee","Monroe County",1,48,646,319,327
050,47,123,"Tennessee","Monroe County",1,49,681,333,348
050,47,123,"Tennessee","Monroe County",1,50,634,315,319
050,47,123,"Tennessee","Monroe County",1,51,606,302,304
050,47,123,"Tennessee","Monroe County",1,52,618,299,319
050,47,123,"Tennessee","Monroe County",1,53,664,338,326
050,47,123,"Tennessee","Monroe County",1,54,665,332,333
050,47,123,"Tennessee","Monroe County",1,55,656,321,335
050,47,123,"Tennessee","Monroe County",1,56,701,348,353
050,47,123,"Tennessee","Monroe County",1,57,698,361,337
050,47,123,"Tennessee","Monroe County",1,58,698,354,344
050,47,123,"Tennessee","Monroe County",1,59,703,346,357
050,47,123,"Tennessee","Monroe County",1,60,694,348,346
050,47,123,"Tennessee","Monroe County",1,61,721,349,372
050,47,123,"Tennessee","Monroe County",1,62,696,333,363
050,47,123,"Tennessee","Monroe County",1,63,685,324,361
050,47,123,"Tennessee","Monroe County",1,64,690,332,358
050,47,123,"Tennessee","Monroe County",1,65,679,346,333
050,47,123,"Tennessee","Monroe County",1,66,639,311,328
050,47,123,"Tennessee","Monroe County",1,67,649,289,360
050,47,123,"Tennessee","Monroe County",1,68,619,282,337
050,47,123,"Tennessee","Monroe County",1,69,602,291,311
050,47,123,"Tennessee","Monroe County",1,70,624,299,325
050,47,123,"Tennessee","Monroe County",1,71,636,288,348
050,47,123,"Tennessee","Monroe County",1,72,603,285,318
050,47,123,"Tennessee","Monroe County",1,73,616,311,305
050,47,123,"Tennessee","Monroe County",1,74,431,202,229
050,47,123,"Tennessee","Monroe County",1,75,407,203,204
050,47,123,"Tennessee","Monroe County",1,76,440,219,221
050,47,123,"Tennessee","Monroe County",1,77,438,219,219
050,47,123,"Tennessee","Monroe County",1,78,351,179,172
050,47,123,"Tennessee","Monroe County",1,79,314,143,171
050,47,123,"Tennessee","Monroe County",1,80,268,122,146
050,47,123,"Tennessee","Monroe County",1,81,244,108,136
050,47,123,"Tennessee","Monroe County",1,82,194,69,125
050,47,123,"Tennessee","Monroe County",1,83,172,72,100
050,47,123,"Tennessee","Monroe County",1,84,169,72,97
050,47,123,"Tennessee","Monroe County",1,85,825,294,531
050,47,123,"Tennessee","Monroe County",2,0,499,250,249
050,47,123,"Tennessee","Monroe County",2,1,499,260,239
050,47,123,"Tennessee","Monroe County",2,2,490,256,234
050,47,123,"Tennessee","Monroe County",2,3,476,242,234
050,47,123,"Tennessee","Monroe County",2,4,503,264,239
050,47,123,"Tennessee","Monroe County",2,5,515,275,240
050,47,123,"Tennessee","Monroe County",2,6,551,299,252
050,47,123,"Tennessee","Monroe County",2,7,531,278,253
050,47,123,"Tennessee","Monroe County",2,8,501,267,234
050,47,123,"Tennessee","Monroe County",2,9,519,278,241
050,47,123,"Tennessee","Monroe County",2,10,530,280,250
050,47,123,"Tennessee","Monroe County",2,11,545,277,268
050,47,123,"Tennessee","Monroe County",2,12,595,302,293
050,47,123,"Tennessee","Monroe County",2,13,610,308,302
050,47,123,"Tennessee","Monroe County",2,14,586,297,289
050,47,123,"Tennessee","Monroe County",2,15,598,301,297
050,47,123,"Tennessee","Monroe County",2,16,610,317,293
050,47,123,"Tennessee","Monroe County",2,17,611,322,289
050,47,123,"Tennessee","Monroe County",2,18,494,267,227
050,47,123,"Tennessee","Monroe County",2,19,400,217,183
050,47,123,"Tennessee","Monroe County",2,20,448,249,199
050,47,123,"Tennessee","Monroe County",2,21,441,243,198
050,47,123,"Tennessee","Monroe County",2,22,458,233,225
050,47,123,"Tennessee","Monroe County",2,23,484,238,246
050,47,123,"Tennessee","Monroe County",2,24,499,238,261
050,47,123,"Tennessee","Monroe County",2,25,507,259,248
050,47,123,"Tennessee","Monroe County",2,26,525,279,246
050,47,123,"Tennessee","Monroe County",2,27,537,282,255
050,47,123,"Tennessee","Monroe County",2,28,548,287,261
050,47,123,"Tennessee","Monroe County",2,29,570,294,276
050,47,123,"Tennessee","Monroe County",2,30,578,291,287
050,47,123,"Tennessee","Monroe County",2,31,543,285,258
050,47,123,"Tennessee","Monroe County",2,32,521,268,253
050,47,123,"Tennessee","Monroe County",2,33,500,251,249
050,47,123,"Tennessee","Monroe County",2,34,485,241,244
050,47,123,"Tennessee","Monroe County",2,35,498,249,249
050,47,123,"Tennessee","Monroe County",2,36,480,244,236
050,47,123,"Tennessee","Monroe County",2,37,478,240,238
050,47,123,"Tennessee","Monroe County",2,38,483,235,248
050,47,123,"Tennessee","Monroe County",2,39,500,258,242
050,47,123,"Tennessee","Monroe County",2,40,518,264,254
050,47,123,"Tennessee","Monroe County",2,41,530,270,260
050,47,123,"Tennessee","Monroe County",2,42,513,256,257
050,47,123,"Tennessee","Monroe County",2,43,517,254,263
050,47,123,"Tennessee","Monroe County",2,44,502,254,248
050,47,123,"Tennessee","Monroe County",2,45,520,256,264
050,47,123,"Tennessee","Monroe County",2,46,524,265,259
050,47,123,"Tennessee","Monroe County",2,47,552,272,280
050,47,123,"Tennessee","Monroe County",2,48,627,306,321
050,47,123,"Tennessee","Monroe County",2,49,682,336,346
050,47,123,"Tennessee","Monroe County",2,50,652,323,329
050,47,123,"Tennessee","Monroe County",2,51,614,305,309
050,47,123,"Tennessee","Monroe County",2,52,618,301,317
050,47,123,"Tennessee","Monroe County",2,53,655,329,326
050,47,123,"Tennessee","Monroe County",2,54,664,335,329
050,47,123,"Tennessee","Monroe County",2,55,664,328,336
050,47,123,"Tennessee","Monroe County",2,56,694,345,349
050,47,123,"Tennessee","Monroe County",2,57,701,359,342
050,47,123,"Tennessee","Monroe County",2,58,699,355,344
050,47,123,"Tennessee","Monroe County",2,59,705,348,357
050,47,123,"Tennessee","Monroe County",2,60,699,348,351
050,47,123,"Tennessee","Monroe County",2,61,713,348,365
050,47,123,"Tennessee","Monroe County",2,62,707,339,368
050,47,123,"Tennessee","Monroe County",2,63,699,333,366
050,47,123,"Tennessee","Monroe County",2,64,686,328,358
050,47,123,"Tennessee","Monroe County",2,65,684,342,342
050,47,123,"Tennessee","Monroe County",2,66,655,323,332
050,47,123,"Tennessee","Monroe County",2,67,640,291,349
050,47,123,"Tennessee","Monroe County",2,68,620,282,338
050,47,123,"Tennessee","Monroe County",2,69,608,289,319
050,47,123,"Tennessee","Monroe County",2,70,619,299,320
050,47,123,"Tennessee","Monroe County",2,71,630,289,341
050,47,123,"Tennessee","Monroe County",2,72,595,281,314
050,47,123,"Tennessee","Monroe County",2,73,644,318,326
050,47,123,"Tennessee","Monroe County",2,74,440,213,227
050,47,123,"Tennessee","Monroe County",2,75,413,201,212
050,47,123,"Tennessee","Monroe County",2,76,427,215,212
050,47,123,"Tennessee","Monroe County",2,77,445,221,224
050,47,123,"Tennessee","Monroe County",2,78,360,181,179
050,47,123,"Tennessee","Monroe County",2,79,318,150,168
050,47,123,"Tennessee","Monroe County",2,80,272,124,148
050,47,123,"Tennessee","Monroe County",2,81,246,111,135
050,47,123,"Tennessee","Monroe County",2,82,203,75,128
050,47,123,"Tennessee","Monroe County",2,83,172,69,103
050,47,123,"Tennessee","Monroe County",2,84,164,68,96
050,47,123,"Tennessee","Monroe County",2,85,838,303,535
050,47,123,"Tennessee","Monroe County",3,0,462,245,217
050,47,123,"Tennessee","Monroe County",3,1,509,242,267
050,47,123,"Tennessee","Monroe County",3,2,499,254,245
050,47,123,"Tennessee","Monroe County",3,3,499,260,239
050,47,123,"Tennessee","Monroe County",3,4,466,236,230
050,47,123,"Tennessee","Monroe County",3,5,511,270,241
050,47,123,"Tennessee","Monroe County",3,6,535,281,254
050,47,123,"Tennessee","Monroe County",3,7,566,310,256
050,47,123,"Tennessee","Monroe County",3,8,533,282,251
050,47,123,"Tennessee","Monroe County",3,9,485,265,220
050,47,123,"Tennessee","Monroe County",3,10,513,276,237
050,47,123,"Tennessee","Monroe County",3,11,538,288,250
050,47,123,"Tennessee","Monroe County",3,12,551,279,272
050,47,123,"Tennessee","Monroe County",3,13,608,297,311
050,47,123,"Tennessee","Monroe County",3,14,623,315,308
050,47,123,"Tennessee","Monroe County",3,15,587,309,278
050,47,123,"Tennessee","Monroe County",3,16,592,293,299
050,47,123,"Tennessee","Monroe County",3,17,614,320,294
050,47,123,"Tennessee","Monroe County",3,18,502,270,232
050,47,123,"Tennessee","Monroe County",3,19,398,212,186
050,47,123,"Tennessee","Monroe County",3,20,437,240,197
050,47,123,"Tennessee","Monroe County",3,21,471,255,216
050,47,123,"Tennessee","Monroe County",3,22,483,261,222
050,47,123,"Tennessee","Monroe County",3,23,469,241,228
050,47,123,"Tennessee","Monroe County",3,24,487,231,256
050,47,123,"Tennessee","Monroe County",3,25,509,251,258
050,47,123,"Tennessee","Monroe County",3,26,508,265,243
050,47,123,"Tennessee","Monroe County",3,27,531,278,253
050,47,123,"Tennessee","Monroe County",3,28,540,282,258
050,47,123,"Tennessee","Monroe County",3,29,557,292,265
050,47,123,"Tennessee","Monroe County",3,30,576,296,280
050,47,123,"Tennessee","Monroe County",3,31,572,287,285
050,47,123,"Tennessee","Monroe County",3,32,547,290,257
050,47,123,"Tennessee","Monroe County",3,33,520,266,254
050,47,123,"Tennessee","Monroe County",3,34,515,265,250
050,47,123,"Tennessee","Monroe County",3,35,492,241,251
050,47,123,"Tennessee","Monroe County",3,36,513,258,255
050,47,123,"Tennessee","Monroe County",3,37,472,238,234
050,47,123,"Tennessee","Monroe County",3,38,482,246,236
050,47,123,"Tennessee","Monroe County",3,39,489,245,244
050,47,123,"Tennessee","Monroe County",3,40,499,255,244
050,47,123,"Tennessee","Monroe County",3,41,513,261,252
050,47,123,"Tennessee","Monroe County",3,42,537,271,266
050,47,123,"Tennessee","Monroe County",3,43,504,251,253
050,47,123,"Tennessee","Monroe County",3,44,544,270,274
050,47,123,"Tennessee","Monroe County",3,45,480,245,235
050,47,123,"Tennessee","Monroe County",3,46,505,247,258
050,47,123,"Tennessee","Monroe County",3,47,537,271,266
050,47,123,"Tennessee","Monroe County",3,48,562,284,278
050,47,123,"Tennessee","Monroe County",3,49,635,322,313
050,47,123,"Tennessee","Monroe County",3,50,710,345,365
050,47,123,"Tennessee","Monroe County",3,51,646,318,328
050,47,123,"Tennessee","Monroe County",3,52,620,302,318
050,47,123,"Tennessee","Monroe County",3,53,625,307,318
050,47,123,"Tennessee","Monroe County",3,54,657,330,327
050,47,123,"Tennessee","Monroe County",3,55,679,337,342
050,47,123,"Tennessee","Monroe County",3,56,679,333,346
050,47,123,"Tennessee","Monroe County",3,57,715,353,362
050,47,123,"Tennessee","Monroe County",3,58,738,375,363
050,47,123,"Tennessee","Monroe County",3,59,707,352,355
050,47,123,"Tennessee","Monroe County",3,60,715,359,356
050,47,123,"Tennessee","Monroe County",3,61,722,362,360
050,47,123,"Tennessee","Monroe County",3,62,714,355,359
050,47,123,"Tennessee","Monroe County",3,63,711,343,368
050,47,123,"Tennessee","Monroe County",3,64,718,340,378
050,47,123,"Tennessee","Monroe County",3,65,685,332,353
050,47,123,"Tennessee","Monroe County",3,66,683,343,340
050,47,123,"Tennessee","Monroe County",3,67,657,327,330
050,47,123,"Tennessee","Monroe County",3,68,649,286,363
050,47,123,"Tennessee","Monroe County",3,69,612,274,338
050,47,123,"Tennessee","Monroe County",3,70,615,291,324
050,47,123,"Tennessee","Monroe County",3,71,602,293,309
050,47,123,"Tennessee","Monroe County",3,72,604,281,323
050,47,123,"Tennessee","Monroe County",3,73,572,265,307
050,47,123,"Tennessee","Monroe County",3,74,614,308,306
050,47,123,"Tennessee","Monroe County",3,75,425,203,222
050,47,123,"Tennessee","Monroe County",3,76,394,189,205
050,47,123,"Tennessee","Monroe County",3,77,403,202,201
050,47,123,"Tennessee","Monroe County",3,78,415,204,211
050,47,123,"Tennessee","Monroe County",3,79,356,175,181
050,47,123,"Tennessee","Monroe County",3,80,280,134,146
050,47,123,"Tennessee","Monroe County",3,81,248,118,130
050,47,123,"Tennessee","Monroe County",3,82,225,91,134
050,47,123,"Tennessee","Monroe County",3,83,182,67,115
050,47,123,"Tennessee","Monroe County",3,84,147,51,96
050,47,123,"Tennessee","Monroe County",3,85,848,315,533
050,47,123,"Tennessee","Monroe County",4,0,499,273,226
050,47,123,"Tennessee","Monroe County",4,1,486,254,232
050,47,123,"Tennessee","Monroe County",4,2,527,246,281
050,47,123,"Tennessee","Monroe County",4,3,489,250,239
050,47,123,"Tennessee","Monroe County",4,4,514,269,245
050,47,123,"Tennessee","Monroe County",4,5,479,245,234
050,47,123,"Tennessee","Monroe County",4,6,551,277,274
050,47,123,"Tennessee","Monroe County",4,7,558,297,261
050,47,123,"Tennessee","Monroe County",4,8,583,317,266
050,47,123,"Tennessee","Monroe County",4,9,534,275,259
050,47,123,"Tennessee","Monroe County",4,10,508,276,232
050,47,123,"Tennessee","Monroe County",4,11,509,275,234
050,47,123,"Tennessee","Monroe County",4,12,555,294,261
050,47,123,"Tennessee","Monroe County",4,13,568,290,278
050,47,123,"Tennessee","Monroe County",4,14,617,301,316
050,47,123,"Tennessee","Monroe County",4,15,639,322,317
050,47,123,"Tennessee","Monroe County",4,16,582,303,279
050,47,123,"Tennessee","Monroe County",4,17,617,303,314
050,47,123,"Tennessee","Monroe County",4,18,513,269,244
050,47,123,"Tennessee","Monroe County",4,19,404,226,178
050,47,123,"Tennessee","Monroe County",4,20,436,223,213
050,47,123,"Tennessee","Monroe County",4,21,464,248,216
050,47,123,"Tennessee","Monroe County",4,22,526,276,250
050,47,123,"Tennessee","Monroe County",4,23,527,287,240
050,47,123,"Tennessee","Monroe County",4,24,491,255,236
050,47,123,"Tennessee","Monroe County",4,25,517,252,265
050,47,123,"Tennessee","Monroe County",4,26,528,266,262
050,47,123,"Tennessee","Monroe County",4,27,519,261,258
050,47,123,"Tennessee","Monroe County",4,28,537,269,268
050,47,123,"Tennessee","Monroe County",4,29,545,281,264
050,47,123,"Tennessee","Monroe County",4,30,583,303,280
050,47,123,"Tennessee","Monroe County",4,31,599,310,289
050,47,123,"Tennessee","Monroe County",4,32,593,299,294
050,47,123,"Tennessee","Monroe County",4,33,560,303,257
050,47,123,"Tennessee","Monroe County",4,34,528,270,258
050,47,123,"Tennessee","Monroe County",4,35,521,266,255
050,47,123,"Tennessee","Monroe County",4,36,504,251,253
050,47,123,"Tennessee","Monroe County",4,37,524,260,264
050,47,123,"Tennessee","Monroe County",4,38,467,237,230
050,47,123,"Tennessee","Monroe County",4,39,501,264,237
050,47,123,"Tennessee","Monroe County",4,40,519,258,261
050,47,123,"Tennessee","Monroe County",4,41,506,257,249
050,47,123,"Tennessee","Monroe County",4,42,517,264,253
050,47,123,"Tennessee","Monroe County",4,43,561,283,278
050,47,123,"Tennessee","Monroe County",4,44,509,254,255
050,47,123,"Tennessee","Monroe County",4,45,540,261,279
050,47,123,"Tennessee","Monroe County",4,46,489,246,243
050,47,123,"Tennessee","Monroe County",4,47,515,260,255
050,47,123,"Tennessee","Monroe County",4,48,558,283,275
050,47,123,"Tennessee","Monroe County",4,49,582,297,285
050,47,123,"Tennessee","Monroe County",4,50,672,345,327
050,47,123,"Tennessee","Monroe County",4,51,727,351,376
050,47,123,"Tennessee","Monroe County",4,52,682,339,343
050,47,123,"Tennessee","Monroe County",4,53,665,322,343
050,47,123,"Tennessee","Monroe County",4,54,635,317,318
050,47,123,"Tennessee","Monroe County",4,55,671,332,339
050,47,123,"Tennessee","Monroe County",4,56,702,343,359
050,47,123,"Tennessee","Monroe County",4,57,700,353,347
050,47,123,"Tennessee","Monroe County",4,58,752,368,384
050,47,123,"Tennessee","Monroe County",4,59,748,378,370
050,47,123,"Tennessee","Monroe County",4,60,727,349,378
050,47,123,"Tennessee","Monroe County",4,61,741,377,364
050,47,123,"Tennessee","Monroe County",4,62,739,371,368
050,47,123,"Tennessee","Monroe County",4,63,763,376,387
050,47,123,"Tennessee","Monroe County",4,64,740,352,388
050,47,123,"Tennessee","Monroe County",4,65,728,338,390
050,47,123,"Tennessee","Monroe County",4,66,679,331,348
050,47,123,"Tennessee","Monroe County",4,67,686,339,347
050,47,123,"Tennessee","Monroe County",4,68,671,340,331
050,47,123,"Tennessee","Monroe County",4,69,644,286,358
050,47,123,"Tennessee","Monroe County",4,70,622,274,348
050,47,123,"Tennessee","Monroe County",4,71,609,288,321
050,47,123,"Tennessee","Monroe County",4,72,564,281,283
050,47,123,"Tennessee","Monroe County",4,73,595,272,323
050,47,123,"Tennessee","Monroe County",4,74,550,252,298
050,47,123,"Tennessee","Monroe County",4,75,588,292,296
050,47,123,"Tennessee","Monroe County",4,76,419,199,220
050,47,123,"Tennessee","Monroe County",4,77,376,180,196
050,47,123,"Tennessee","Monroe County",4,78,374,178,196
050,47,123,"Tennessee","Monroe County",4,79,404,197,207
050,47,123,"Tennessee","Monroe County",4,80,324,155,169
050,47,123,"Tennessee","Monroe County",4,81,251,119,132
050,47,123,"Tennessee","Monroe County",4,82,227,99,128
050,47,123,"Tennessee","Monroe County",4,83,203,83,120
050,47,123,"Tennessee","Monroe County",4,84,161,52,109
050,47,123,"Tennessee","Monroe County",4,85,843,306,537
050,47,123,"Tennessee","Monroe County",5,0,500,272,228
050,47,123,"Tennessee","Monroe County",5,1,492,272,220
050,47,123,"Tennessee","Monroe County",5,2,486,252,234
050,47,123,"Tennessee","Monroe County",5,3,512,248,264
050,47,123,"Tennessee","Monroe County",5,4,515,255,260
050,47,123,"Tennessee","Monroe County",5,5,536,281,255
050,47,123,"Tennessee","Monroe County",5,6,476,243,233
050,47,123,"Tennessee","Monroe County",5,7,563,286,277
050,47,123,"Tennessee","Monroe County",5,8,549,291,258
050,47,123,"Tennessee","Monroe County",5,9,599,317,282
050,47,123,"Tennessee","Monroe County",5,10,545,281,264
050,47,123,"Tennessee","Monroe County",5,11,510,271,239
050,47,123,"Tennessee","Monroe County",5,12,540,294,246
050,47,123,"Tennessee","Monroe County",5,13,570,309,261
050,47,123,"Tennessee","Monroe County",5,14,570,286,284
050,47,123,"Tennessee","Monroe County",5,15,635,319,316
050,47,123,"Tennessee","Monroe County",5,16,658,336,322
050,47,123,"Tennessee","Monroe County",5,17,611,315,296
050,47,123,"Tennessee","Monroe County",5,18,515,266,249
050,47,123,"Tennessee","Monroe County",5,19,424,228,196
050,47,123,"Tennessee","Monroe County",5,20,433,240,193
050,47,123,"Tennessee","Monroe County",5,21,477,249,228
050,47,123,"Tennessee","Monroe County",5,22,505,249,256
050,47,123,"Tennessee","Monroe County",5,23,562,316,246
050,47,123,"Tennessee","Monroe County",5,24,546,296,250
050,47,123,"Tennessee","Monroe County",5,25,506,263,243
050,47,123,"Tennessee","Monroe County",5,26,540,272,268
050,47,123,"Tennessee","Monroe County",5,27,528,271,257
050,47,123,"Tennessee","Monroe County",5,28,527,267,260
050,47,123,"Tennessee","Monroe County",5,29,565,280,285
050,47,123,"Tennessee","Monroe County",5,30,564,291,273
050,47,123,"Tennessee","Monroe County",5,31,601,315,286
050,47,123,"Tennessee","Monroe County",5,32,613,318,295
050,47,123,"Tennessee","Monroe County",5,33,599,302,297
050,47,123,"Tennessee","Monroe County",5,34,571,302,269
050,47,123,"Tennessee","Monroe County",5,35,523,266,257
050,47,123,"Tennessee","Monroe County",5,36,544,282,262
050,47,123,"Tennessee","Monroe County",5,37,517,255,262
050,47,123,"Tennessee","Monroe County",5,38,522,259,263
050,47,123,"Tennessee","Monroe County",5,39,503,263,240
050,47,123,"Tennessee","Monroe County",5,40,492,253,239
050,47,123,"Tennessee","Monroe County",5,41,507,251,256
050,47,123,"Tennessee","Monroe County",5,42,509,253,256
050,47,123,"Tennessee","Monroe County",5,43,529,264,265
050,47,123,"Tennessee","Monroe County",5,44,578,297,281
050,47,123,"Tennessee","Monroe County",5,45,520,256,264
050,47,123,"Tennessee","Monroe County",5,46,554,266,288
050,47,123,"Tennessee","Monroe County",5,47,497,248,249
050,47,123,"Tennessee","Monroe County",5,48,540,271,269
050,47,123,"Tennessee","Monroe County",5,49,573,293,280
050,47,123,"Tennessee","Monroe County",5,50,601,310,291
050,47,123,"Tennessee","Monroe County",5,51,690,352,338
050,47,123,"Tennessee","Monroe County",5,52,753,366,387
050,47,123,"Tennessee","Monroe County",5,53,694,339,355
050,47,123,"Tennessee","Monroe County",5,54,676,326,350
050,47,123,"Tennessee","Monroe County",5,55,656,326,330
050,47,123,"Tennessee","Monroe County",5,56,697,335,362
050,47,123,"Tennessee","Monroe County",5,57,735,356,379
050,47,123,"Tennessee","Monroe County",5,58,707,350,357
050,47,123,"Tennessee","Monroe County",5,59,774,382,392
050,47,123,"Tennessee","Monroe County",5,60,765,387,378
050,47,123,"Tennessee","Monroe County",5,61,749,357,392
050,47,123,"Tennessee","Monroe County",5,62,750,384,366
050,47,123,"Tennessee","Monroe County",5,63,782,406,376
050,47,123,"Tennessee","Monroe County",5,64,792,387,405
050,47,123,"Tennessee","Monroe County",5,65,755,356,399
050,47,123,"Tennessee","Monroe County",5,66,753,346,407
050,47,123,"Tennessee","Monroe County",5,67,673,329,344
050,47,123,"Tennessee","Monroe County",5,68,680,335,345
050,47,123,"Tennessee","Monroe County",5,69,678,345,333
050,47,123,"Tennessee","Monroe County",5,70,640,285,355
050,47,123,"Tennessee","Monroe County",5,71,621,274,347
050,47,123,"Tennessee","Monroe County",5,72,587,275,312
050,47,123,"Tennessee","Monroe County",5,73,550,269,281
050,47,123,"Tennessee","Monroe County",5,74,572,264,308
050,47,123,"Tennessee","Monroe County",5,75,542,245,297
050,47,123,"Tennessee","Monroe County",5,76,566,275,291
050,47,123,"Tennessee","Monroe County",5,77,408,195,213
050,47,123,"Tennessee","Monroe County",5,78,352,164,188
050,47,123,"Tennessee","Monroe County",5,79,362,171,191
050,47,123,"Tennessee","Monroe County",5,80,374,179,195
050,47,123,"Tennessee","Monroe County",5,81,303,141,162
050,47,123,"Tennessee","Monroe County",5,82,230,102,128
050,47,123,"Tennessee","Monroe County",5,83,208,93,115
050,47,123,"Tennessee","Monroe County",5,84,185,75,110
050,47,123,"Tennessee","Monroe County",5,85,883,315,568
050,47,125,"Tennessee","Montgomery County",1,0,3481,1786,1695
050,47,125,"Tennessee","Montgomery County",1,1,3531,1834,1697
050,47,125,"Tennessee","Montgomery County",1,2,3599,1875,1724
050,47,125,"Tennessee","Montgomery County",1,3,3489,1868,1621
050,47,125,"Tennessee","Montgomery County",1,4,3571,1834,1737
050,47,125,"Tennessee","Montgomery County",1,5,3484,1780,1704
050,47,125,"Tennessee","Montgomery County",1,6,3388,1750,1638
050,47,125,"Tennessee","Montgomery County",1,7,3272,1681,1591
050,47,125,"Tennessee","Montgomery County",1,8,3289,1671,1618
050,47,125,"Tennessee","Montgomery County",1,9,3256,1659,1597
050,47,125,"Tennessee","Montgomery County",1,10,3257,1689,1568
050,47,125,"Tennessee","Montgomery County",1,11,3227,1643,1584
050,47,125,"Tennessee","Montgomery County",1,12,3385,1722,1663
050,47,125,"Tennessee","Montgomery County",1,13,3205,1620,1585
050,47,125,"Tennessee","Montgomery County",1,14,3124,1587,1537
050,47,125,"Tennessee","Montgomery County",1,15,2943,1508,1435
050,47,125,"Tennessee","Montgomery County",1,16,2794,1439,1355
050,47,125,"Tennessee","Montgomery County",1,17,2686,1351,1335
050,47,125,"Tennessee","Montgomery County",1,18,2785,1366,1419
050,47,125,"Tennessee","Montgomery County",1,19,2934,1476,1458
050,47,125,"Tennessee","Montgomery County",1,20,3181,1677,1504
050,47,125,"Tennessee","Montgomery County",1,21,3335,1728,1607
050,47,125,"Tennessee","Montgomery County",1,22,3670,1854,1816
050,47,125,"Tennessee","Montgomery County",1,23,3962,2068,1894
050,47,125,"Tennessee","Montgomery County",1,24,4173,2234,1939
050,47,125,"Tennessee","Montgomery County",1,25,4160,2217,1943
050,47,125,"Tennessee","Montgomery County",1,26,4309,2284,2025
050,47,125,"Tennessee","Montgomery County",1,27,4252,2234,2018
050,47,125,"Tennessee","Montgomery County",1,28,4277,2203,2074
050,47,125,"Tennessee","Montgomery County",1,29,4317,2215,2102
050,47,125,"Tennessee","Montgomery County",1,30,4148,2094,2054
050,47,125,"Tennessee","Montgomery County",1,31,3910,2005,1905
050,47,125,"Tennessee","Montgomery County",1,32,3810,1959,1851
050,47,125,"Tennessee","Montgomery County",1,33,3723,1872,1851
050,47,125,"Tennessee","Montgomery County",1,34,3686,1890,1796
050,47,125,"Tennessee","Montgomery County",1,35,3562,1790,1772
050,47,125,"Tennessee","Montgomery County",1,36,3475,1770,1705
050,47,125,"Tennessee","Montgomery County",1,37,3376,1719,1657
050,47,125,"Tennessee","Montgomery County",1,38,3199,1636,1563
050,47,125,"Tennessee","Montgomery County",1,39,3138,1589,1549
050,47,125,"Tennessee","Montgomery County",1,40,3014,1520,1494
050,47,125,"Tennessee","Montgomery County",1,41,2848,1439,1409
050,47,125,"Tennessee","Montgomery County",1,42,2750,1367,1383
050,47,125,"Tennessee","Montgomery County",1,43,2588,1253,1335
050,47,125,"Tennessee","Montgomery County",1,44,2464,1228,1236
050,47,125,"Tennessee","Montgomery County",1,45,2469,1211,1258
050,47,125,"Tennessee","Montgomery County",1,46,2401,1189,1212
050,47,125,"Tennessee","Montgomery County",1,47,2432,1200,1232
050,47,125,"Tennessee","Montgomery County",1,48,2434,1177,1257
050,47,125,"Tennessee","Montgomery County",1,49,2553,1201,1352
050,47,125,"Tennessee","Montgomery County",1,50,2409,1189,1220
050,47,125,"Tennessee","Montgomery County",1,51,2306,1140,1166
050,47,125,"Tennessee","Montgomery County",1,52,2128,1054,1074
050,47,125,"Tennessee","Montgomery County",1,53,2170,1029,1141
050,47,125,"Tennessee","Montgomery County",1,54,2266,1119,1147
050,47,125,"Tennessee","Montgomery County",1,55,2350,1136,1214
050,47,125,"Tennessee","Montgomery County",1,56,2364,1159,1205
050,47,125,"Tennessee","Montgomery County",1,57,2302,1135,1167
050,47,125,"Tennessee","Montgomery County",1,58,2279,1064,1215
050,47,125,"Tennessee","Montgomery County",1,59,2162,993,1169
050,47,125,"Tennessee","Montgomery County",1,60,2076,968,1108
050,47,125,"Tennessee","Montgomery County",1,61,2122,1006,1116
050,47,125,"Tennessee","Montgomery County",1,62,2052,977,1075
050,47,125,"Tennessee","Montgomery County",1,63,1916,907,1009
050,47,125,"Tennessee","Montgomery County",1,64,1878,869,1009
050,47,125,"Tennessee","Montgomery County",1,65,1744,808,936
050,47,125,"Tennessee","Montgomery County",1,66,1633,763,870
050,47,125,"Tennessee","Montgomery County",1,67,1530,722,808
050,47,125,"Tennessee","Montgomery County",1,68,1380,681,699
050,47,125,"Tennessee","Montgomery County",1,69,1299,593,706
050,47,125,"Tennessee","Montgomery County",1,70,1249,558,691
050,47,125,"Tennessee","Montgomery County",1,71,1242,581,661
050,47,125,"Tennessee","Montgomery County",1,72,1282,594,688
050,47,125,"Tennessee","Montgomery County",1,73,1213,558,655
050,47,125,"Tennessee","Montgomery County",1,74,826,374,452
050,47,125,"Tennessee","Montgomery County",1,75,822,375,447
050,47,125,"Tennessee","Montgomery County",1,76,750,330,420
050,47,125,"Tennessee","Montgomery County",1,77,707,299,408
050,47,125,"Tennessee","Montgomery County",1,78,618,270,348
050,47,125,"Tennessee","Montgomery County",1,79,584,253,331
050,47,125,"Tennessee","Montgomery County",1,80,523,221,302
050,47,125,"Tennessee","Montgomery County",1,81,519,210,309
050,47,125,"Tennessee","Montgomery County",1,82,445,163,282
050,47,125,"Tennessee","Montgomery County",1,83,402,159,243
050,47,125,"Tennessee","Montgomery County",1,84,357,144,213
050,47,125,"Tennessee","Montgomery County",1,85,1775,680,1095
050,47,125,"Tennessee","Montgomery County",2,0,3534,1808,1726
050,47,125,"Tennessee","Montgomery County",2,1,3530,1826,1704
050,47,125,"Tennessee","Montgomery County",2,2,3589,1874,1715
050,47,125,"Tennessee","Montgomery County",2,3,3519,1867,1652
050,47,125,"Tennessee","Montgomery County",2,4,3563,1846,1717
050,47,125,"Tennessee","Montgomery County",2,5,3506,1797,1709
050,47,125,"Tennessee","Montgomery County",2,6,3409,1757,1652
050,47,125,"Tennessee","Montgomery County",2,7,3294,1692,1602
050,47,125,"Tennessee","Montgomery County",2,8,3283,1671,1612
050,47,125,"Tennessee","Montgomery County",2,9,3265,1664,1601
050,47,125,"Tennessee","Montgomery County",2,10,3255,1679,1576
050,47,125,"Tennessee","Montgomery County",2,11,3230,1656,1574
050,47,125,"Tennessee","Montgomery County",2,12,3364,1709,1655
050,47,125,"Tennessee","Montgomery County",2,13,3258,1648,1610
050,47,125,"Tennessee","Montgomery County",2,14,3150,1599,1551
050,47,125,"Tennessee","Montgomery County",2,15,2991,1531,1460
050,47,125,"Tennessee","Montgomery County",2,16,2822,1452,1370
050,47,125,"Tennessee","Montgomery County",2,17,2724,1372,1352
050,47,125,"Tennessee","Montgomery County",2,18,2790,1378,1412
050,47,125,"Tennessee","Montgomery County",2,19,2972,1486,1486
050,47,125,"Tennessee","Montgomery County",2,20,3195,1683,1512
050,47,125,"Tennessee","Montgomery County",2,21,3357,1750,1607
050,47,125,"Tennessee","Montgomery County",2,22,3682,1873,1809
050,47,125,"Tennessee","Montgomery County",2,23,3992,2081,1911
050,47,125,"Tennessee","Montgomery County",2,24,4156,2209,1947
050,47,125,"Tennessee","Montgomery County",2,25,4199,2239,1960
050,47,125,"Tennessee","Montgomery County",2,26,4296,2271,2025
050,47,125,"Tennessee","Montgomery County",2,27,4257,2244,2013
050,47,125,"Tennessee","Montgomery County",2,28,4273,2212,2061
050,47,125,"Tennessee","Montgomery County",2,29,4293,2202,2091
050,47,125,"Tennessee","Montgomery County",2,30,4202,2124,2078
050,47,125,"Tennessee","Montgomery County",2,31,3937,2016,1921
050,47,125,"Tennessee","Montgomery County",2,32,3809,1947,1862
050,47,125,"Tennessee","Montgomery County",2,33,3749,1896,1853
050,47,125,"Tennessee","Montgomery County",2,34,3700,1881,1819
050,47,125,"Tennessee","Montgomery County",2,35,3614,1825,1789
050,47,125,"Tennessee","Montgomery County",2,36,3478,1766,1712
050,47,125,"Tennessee","Montgomery County",2,37,3383,1713,1670
050,47,125,"Tennessee","Montgomery County",2,38,3252,1656,1596
050,47,125,"Tennessee","Montgomery County",2,39,3145,1594,1551
050,47,125,"Tennessee","Montgomery County",2,40,3072,1554,1518
050,47,125,"Tennessee","Montgomery County",2,41,2876,1450,1426
050,47,125,"Tennessee","Montgomery County",2,42,2742,1358,1384
050,47,125,"Tennessee","Montgomery County",2,43,2641,1286,1355
050,47,125,"Tennessee","Montgomery County",2,44,2464,1215,1249
050,47,125,"Tennessee","Montgomery County",2,45,2488,1223,1265
050,47,125,"Tennessee","Montgomery County",2,46,2417,1192,1225
050,47,125,"Tennessee","Montgomery County",2,47,2418,1194,1224
050,47,125,"Tennessee","Montgomery County",2,48,2429,1183,1246
050,47,125,"Tennessee","Montgomery County",2,49,2548,1210,1338
050,47,125,"Tennessee","Montgomery County",2,50,2458,1197,1261
050,47,125,"Tennessee","Montgomery County",2,51,2318,1144,1174
050,47,125,"Tennessee","Montgomery County",2,52,2171,1075,1096
050,47,125,"Tennessee","Montgomery County",2,53,2164,1040,1124
050,47,125,"Tennessee","Montgomery County",2,54,2247,1098,1149
050,47,125,"Tennessee","Montgomery County",2,55,2327,1129,1198
050,47,125,"Tennessee","Montgomery County",2,56,2365,1154,1211
050,47,125,"Tennessee","Montgomery County",2,57,2319,1137,1182
050,47,125,"Tennessee","Montgomery County",2,58,2288,1085,1203
050,47,125,"Tennessee","Montgomery County",2,59,2200,1013,1187
050,47,125,"Tennessee","Montgomery County",2,60,2106,973,1133
050,47,125,"Tennessee","Montgomery County",2,61,2119,998,1121
050,47,125,"Tennessee","Montgomery County",2,62,2061,980,1081
050,47,125,"Tennessee","Montgomery County",2,63,1972,934,1038
050,47,125,"Tennessee","Montgomery County",2,64,1875,875,1000
050,47,125,"Tennessee","Montgomery County",2,65,1766,817,949
050,47,125,"Tennessee","Montgomery County",2,66,1663,774,889
050,47,125,"Tennessee","Montgomery County",2,67,1548,729,819
050,47,125,"Tennessee","Montgomery County",2,68,1408,687,721
050,47,125,"Tennessee","Montgomery County",2,69,1331,617,714
050,47,125,"Tennessee","Montgomery County",2,70,1260,565,695
050,47,125,"Tennessee","Montgomery County",2,71,1244,578,666
050,47,125,"Tennessee","Montgomery County",2,72,1253,581,672
050,47,125,"Tennessee","Montgomery County",2,73,1282,590,692
050,47,125,"Tennessee","Montgomery County",2,74,860,388,472
050,47,125,"Tennessee","Montgomery County",2,75,822,373,449
050,47,125,"Tennessee","Montgomery County",2,76,760,336,424
050,47,125,"Tennessee","Montgomery County",2,77,728,309,419
050,47,125,"Tennessee","Montgomery County",2,78,630,273,357
050,47,125,"Tennessee","Montgomery County",2,79,584,253,331
050,47,125,"Tennessee","Montgomery County",2,80,528,224,304
050,47,125,"Tennessee","Montgomery County",2,81,514,209,305
050,47,125,"Tennessee","Montgomery County",2,82,457,170,287
050,47,125,"Tennessee","Montgomery County",2,83,402,155,247
050,47,125,"Tennessee","Montgomery County",2,84,360,143,217
050,47,125,"Tennessee","Montgomery County",2,85,1779,680,1099
050,47,125,"Tennessee","Montgomery County",3,0,3450,1780,1670
050,47,125,"Tennessee","Montgomery County",3,1,3693,1876,1817
050,47,125,"Tennessee","Montgomery County",3,2,3604,1866,1738
050,47,125,"Tennessee","Montgomery County",3,3,3672,1905,1767
050,47,125,"Tennessee","Montgomery County",3,4,3622,1911,1711
050,47,125,"Tennessee","Montgomery County",3,5,3684,1904,1780
050,47,125,"Tennessee","Montgomery County",3,6,3548,1809,1739
050,47,125,"Tennessee","Montgomery County",3,7,3431,1820,1611
050,47,125,"Tennessee","Montgomery County",3,8,3367,1746,1621
050,47,125,"Tennessee","Montgomery County",3,9,3367,1728,1639
050,47,125,"Tennessee","Montgomery County",3,10,3373,1735,1638
050,47,125,"Tennessee","Montgomery County",3,11,3320,1703,1617
050,47,125,"Tennessee","Montgomery County",3,12,3267,1687,1580
050,47,125,"Tennessee","Montgomery County",3,13,3438,1751,1687
050,47,125,"Tennessee","Montgomery County",3,14,3372,1704,1668
050,47,125,"Tennessee","Montgomery County",3,15,3223,1639,1584
050,47,125,"Tennessee","Montgomery County",3,16,3031,1550,1481
050,47,125,"Tennessee","Montgomery County",3,17,2858,1489,1369
050,47,125,"Tennessee","Montgomery County",3,18,2694,1340,1354
050,47,125,"Tennessee","Montgomery County",3,19,2773,1367,1406
050,47,125,"Tennessee","Montgomery County",3,20,3186,1691,1495
050,47,125,"Tennessee","Montgomery County",3,21,3475,1851,1624
050,47,125,"Tennessee","Montgomery County",3,22,3664,1904,1760
050,47,125,"Tennessee","Montgomery County",3,23,4015,2062,1953
050,47,125,"Tennessee","Montgomery County",3,24,4303,2263,2040
050,47,125,"Tennessee","Montgomery County",3,25,4356,2303,2053
050,47,125,"Tennessee","Montgomery County",3,26,4370,2308,2062
050,47,125,"Tennessee","Montgomery County",3,27,4313,2267,2046
050,47,125,"Tennessee","Montgomery County",3,28,4328,2271,2057
050,47,125,"Tennessee","Montgomery County",3,29,4382,2255,2127
050,47,125,"Tennessee","Montgomery County",3,30,4381,2247,2134
050,47,125,"Tennessee","Montgomery County",3,31,4214,2152,2062
050,47,125,"Tennessee","Montgomery County",3,32,3966,2026,1940
050,47,125,"Tennessee","Montgomery County",3,33,3862,1976,1886
050,47,125,"Tennessee","Montgomery County",3,34,3795,1877,1918
050,47,125,"Tennessee","Montgomery County",3,35,3721,1897,1824
050,47,125,"Tennessee","Montgomery County",3,36,3684,1839,1845
050,47,125,"Tennessee","Montgomery County",3,37,3499,1763,1736
050,47,125,"Tennessee","Montgomery County",3,38,3388,1707,1681
050,47,125,"Tennessee","Montgomery County",3,39,3328,1687,1641
050,47,125,"Tennessee","Montgomery County",3,40,3181,1615,1566
050,47,125,"Tennessee","Montgomery County",3,41,3092,1555,1537
050,47,125,"Tennessee","Montgomery County",3,42,2854,1411,1443
050,47,125,"Tennessee","Montgomery County",3,43,2789,1368,1421
050,47,125,"Tennessee","Montgomery County",3,44,2641,1293,1348
050,47,125,"Tennessee","Montgomery County",3,45,2445,1215,1230
050,47,125,"Tennessee","Montgomery County",3,46,2499,1239,1260
050,47,125,"Tennessee","Montgomery County",3,47,2437,1185,1252
050,47,125,"Tennessee","Montgomery County",3,48,2385,1160,1225
050,47,125,"Tennessee","Montgomery County",3,49,2471,1201,1270
050,47,125,"Tennessee","Montgomery County",3,50,2558,1234,1324
050,47,125,"Tennessee","Montgomery County",3,51,2443,1178,1265
050,47,125,"Tennessee","Montgomery County",3,52,2322,1132,1190
050,47,125,"Tennessee","Montgomery County",3,53,2150,1068,1082
050,47,125,"Tennessee","Montgomery County",3,54,2197,1051,1146
050,47,125,"Tennessee","Montgomery County",3,55,2272,1104,1168
050,47,125,"Tennessee","Montgomery County",3,56,2344,1147,1197
050,47,125,"Tennessee","Montgomery County",3,57,2338,1125,1213
050,47,125,"Tennessee","Montgomery County",3,58,2333,1142,1191
050,47,125,"Tennessee","Montgomery County",3,59,2292,1076,1216
050,47,125,"Tennessee","Montgomery County",3,60,2195,998,1197
050,47,125,"Tennessee","Montgomery County",3,61,2125,975,1150
050,47,125,"Tennessee","Montgomery County",3,62,2108,993,1115
050,47,125,"Tennessee","Montgomery County",3,63,2065,991,1074
050,47,125,"Tennessee","Montgomery County",3,64,1962,916,1046
050,47,125,"Tennessee","Montgomery County",3,65,1879,863,1016
050,47,125,"Tennessee","Montgomery County",3,66,1804,836,968
050,47,125,"Tennessee","Montgomery County",3,67,1629,763,866
050,47,125,"Tennessee","Montgomery County",3,68,1549,736,813
050,47,125,"Tennessee","Montgomery County",3,69,1395,676,719
050,47,125,"Tennessee","Montgomery County",3,70,1317,603,714
050,47,125,"Tennessee","Montgomery County",3,71,1229,549,680
050,47,125,"Tennessee","Montgomery County",3,72,1240,583,657
050,47,125,"Tennessee","Montgomery County",3,73,1216,557,659
050,47,125,"Tennessee","Montgomery County",3,74,1242,557,685
050,47,125,"Tennessee","Montgomery County",3,75,843,380,463
050,47,125,"Tennessee","Montgomery County",3,76,766,347,419
050,47,125,"Tennessee","Montgomery County",3,77,733,325,408
050,47,125,"Tennessee","Montgomery County",3,78,711,304,407
050,47,125,"Tennessee","Montgomery County",3,79,597,244,353
050,47,125,"Tennessee","Montgomery County",3,80,531,232,299
050,47,125,"Tennessee","Montgomery County",3,81,513,210,303
050,47,125,"Tennessee","Montgomery County",3,82,471,183,288
050,47,125,"Tennessee","Montgomery County",3,83,421,157,264
050,47,125,"Tennessee","Montgomery County",3,84,351,132,219
050,47,125,"Tennessee","Montgomery County",3,85,1789,688,1101
050,47,125,"Tennessee","Montgomery County",4,0,3618,1929,1689
050,47,125,"Tennessee","Montgomery County",4,1,3483,1789,1694
050,47,125,"Tennessee","Montgomery County",4,2,3748,1899,1849
050,47,125,"Tennessee","Montgomery County",4,3,3727,1914,1813
050,47,125,"Tennessee","Montgomery County",4,4,3736,1922,1814
050,47,125,"Tennessee","Montgomery County",4,5,3651,1929,1722
050,47,125,"Tennessee","Montgomery County",4,6,3727,1921,1806
050,47,125,"Tennessee","Montgomery County",4,7,3577,1850,1727
050,47,125,"Tennessee","Montgomery County",4,8,3510,1863,1647
050,47,125,"Tennessee","Montgomery County",4,9,3448,1800,1648
050,47,125,"Tennessee","Montgomery County",4,10,3428,1754,1674
050,47,125,"Tennessee","Montgomery County",4,11,3434,1711,1723
050,47,125,"Tennessee","Montgomery County",4,12,3428,1739,1689
050,47,125,"Tennessee","Montgomery County",4,13,3339,1706,1633
050,47,125,"Tennessee","Montgomery County",4,14,3482,1781,1701
050,47,125,"Tennessee","Montgomery County",4,15,3409,1703,1706
050,47,125,"Tennessee","Montgomery County",4,16,3235,1622,1613
050,47,125,"Tennessee","Montgomery County",4,17,3053,1563,1490
050,47,125,"Tennessee","Montgomery County",4,18,2749,1412,1337
050,47,125,"Tennessee","Montgomery County",4,19,2768,1365,1403
050,47,125,"Tennessee","Montgomery County",4,20,3075,1563,1512
050,47,125,"Tennessee","Montgomery County",4,21,3585,1905,1680
050,47,125,"Tennessee","Montgomery County",4,22,3818,1968,1850
050,47,125,"Tennessee","Montgomery County",4,23,4002,2121,1881
050,47,125,"Tennessee","Montgomery County",4,24,4447,2322,2125
050,47,125,"Tennessee","Montgomery County",4,25,4435,2320,2115
050,47,125,"Tennessee","Montgomery County",4,26,4476,2340,2136
050,47,125,"Tennessee","Montgomery County",4,27,4416,2328,2088
050,47,125,"Tennessee","Montgomery County",4,28,4470,2311,2159
050,47,125,"Tennessee","Montgomery County",4,29,4488,2359,2129
050,47,125,"Tennessee","Montgomery County",4,30,4496,2312,2184
050,47,125,"Tennessee","Montgomery County",4,31,4427,2270,2157
050,47,125,"Tennessee","Montgomery County",4,32,4282,2173,2109
050,47,125,"Tennessee","Montgomery County",4,33,4023,2059,1964
050,47,125,"Tennessee","Montgomery County",4,34,3918,1994,1924
050,47,125,"Tennessee","Montgomery County",4,35,3902,1954,1948
050,47,125,"Tennessee","Montgomery County",4,36,3740,1886,1854
050,47,125,"Tennessee","Montgomery County",4,37,3738,1858,1880
050,47,125,"Tennessee","Montgomery County",4,38,3514,1766,1748
050,47,125,"Tennessee","Montgomery County",4,39,3423,1708,1715
050,47,125,"Tennessee","Montgomery County",4,40,3404,1731,1673
050,47,125,"Tennessee","Montgomery County",4,41,3227,1620,1607
050,47,125,"Tennessee","Montgomery County",4,42,3057,1500,1557
050,47,125,"Tennessee","Montgomery County",4,43,2868,1390,1478
050,47,125,"Tennessee","Montgomery County",4,44,2814,1361,1453
050,47,125,"Tennessee","Montgomery County",4,45,2686,1313,1373
050,47,125,"Tennessee","Montgomery County",4,46,2512,1247,1265
050,47,125,"Tennessee","Montgomery County",4,47,2517,1229,1288
050,47,125,"Tennessee","Montgomery County",4,48,2444,1189,1255
050,47,125,"Tennessee","Montgomery County",4,49,2440,1194,1246
050,47,125,"Tennessee","Montgomery County",4,50,2475,1225,1250
050,47,125,"Tennessee","Montgomery County",4,51,2585,1223,1362
050,47,125,"Tennessee","Montgomery County",4,52,2458,1182,1276
050,47,125,"Tennessee","Montgomery County",4,53,2300,1121,1179
050,47,125,"Tennessee","Montgomery County",4,54,2170,1073,1097
050,47,125,"Tennessee","Montgomery County",4,55,2203,1065,1138
050,47,125,"Tennessee","Montgomery County",4,56,2272,1112,1160
050,47,125,"Tennessee","Montgomery County",4,57,2358,1144,1214
050,47,125,"Tennessee","Montgomery County",4,58,2344,1145,1199
050,47,125,"Tennessee","Montgomery County",4,59,2344,1137,1207
050,47,125,"Tennessee","Montgomery County",4,60,2303,1070,1233
050,47,125,"Tennessee","Montgomery County",4,61,2209,1011,1198
050,47,125,"Tennessee","Montgomery County",4,62,2133,978,1155
050,47,125,"Tennessee","Montgomery County",4,63,2103,990,1113
050,47,125,"Tennessee","Montgomery County",4,64,2030,967,1063
050,47,125,"Tennessee","Montgomery County",4,65,1961,900,1061
050,47,125,"Tennessee","Montgomery County",4,66,1861,854,1007
050,47,125,"Tennessee","Montgomery County",4,67,1804,829,975
050,47,125,"Tennessee","Montgomery County",4,68,1624,762,862
050,47,125,"Tennessee","Montgomery County",4,69,1543,717,826
050,47,125,"Tennessee","Montgomery County",4,70,1391,657,734
050,47,125,"Tennessee","Montgomery County",4,71,1292,590,702
050,47,125,"Tennessee","Montgomery County",4,72,1223,559,664
050,47,125,"Tennessee","Montgomery County",4,73,1218,562,656
050,47,125,"Tennessee","Montgomery County",4,74,1157,531,626
050,47,125,"Tennessee","Montgomery County",4,75,1225,537,688
050,47,125,"Tennessee","Montgomery County",4,76,800,359,441
050,47,125,"Tennessee","Montgomery County",4,77,747,336,411
050,47,125,"Tennessee","Montgomery County",4,78,710,306,404
050,47,125,"Tennessee","Montgomery County",4,79,682,288,394
050,47,125,"Tennessee","Montgomery County",4,80,539,221,318
050,47,125,"Tennessee","Montgomery County",4,81,515,209,306
050,47,125,"Tennessee","Montgomery County",4,82,474,189,285
050,47,125,"Tennessee","Montgomery County",4,83,432,169,263
050,47,125,"Tennessee","Montgomery County",4,84,370,137,233
050,47,125,"Tennessee","Montgomery County",4,85,1850,697,1153
050,47,125,"Tennessee","Montgomery County",5,0,3665,1953,1712
050,47,125,"Tennessee","Montgomery County",5,1,3531,1865,1666
050,47,125,"Tennessee","Montgomery County",5,2,3471,1800,1671
050,47,125,"Tennessee","Montgomery County",5,3,3763,1911,1852
050,47,125,"Tennessee","Montgomery County",5,4,3665,1896,1769
050,47,125,"Tennessee","Montgomery County",5,5,3752,1917,1835
050,47,125,"Tennessee","Montgomery County",5,6,3639,1868,1771
050,47,125,"Tennessee","Montgomery County",5,7,3736,1916,1820
050,47,125,"Tennessee","Montgomery County",5,8,3642,1900,1742
050,47,125,"Tennessee","Montgomery County",5,9,3589,1922,1667
050,47,125,"Tennessee","Montgomery County",5,10,3497,1827,1670
050,47,125,"Tennessee","Montgomery County",5,11,3388,1751,1637
050,47,125,"Tennessee","Montgomery County",5,12,3455,1692,1763
050,47,125,"Tennessee","Montgomery County",5,13,3484,1762,1722
050,47,125,"Tennessee","Montgomery County",5,14,3349,1727,1622
050,47,125,"Tennessee","Montgomery County",5,15,3493,1781,1712
050,47,125,"Tennessee","Montgomery County",5,16,3357,1694,1663
050,47,125,"Tennessee","Montgomery County",5,17,3253,1629,1624
050,47,125,"Tennessee","Montgomery County",5,18,2971,1501,1470
050,47,125,"Tennessee","Montgomery County",5,19,2831,1418,1413
050,47,125,"Tennessee","Montgomery County",5,20,3070,1593,1477
050,47,125,"Tennessee","Montgomery County",5,21,3345,1701,1644
050,47,125,"Tennessee","Montgomery County",5,22,3825,2033,1792
050,47,125,"Tennessee","Montgomery County",5,23,4075,2124,1951
050,47,125,"Tennessee","Montgomery County",5,24,4218,2260,1958
050,47,125,"Tennessee","Montgomery County",5,25,4537,2370,2167
050,47,125,"Tennessee","Montgomery County",5,26,4363,2286,2077
050,47,125,"Tennessee","Montgomery County",5,27,4424,2312,2112
050,47,125,"Tennessee","Montgomery County",5,28,4383,2298,2085
050,47,125,"Tennessee","Montgomery County",5,29,4537,2339,2198
050,47,125,"Tennessee","Montgomery County",5,30,4502,2337,2165
050,47,125,"Tennessee","Montgomery County",5,31,4417,2246,2171
050,47,125,"Tennessee","Montgomery County",5,32,4399,2240,2159
050,47,125,"Tennessee","Montgomery County",5,33,4286,2194,2092
050,47,125,"Tennessee","Montgomery County",5,34,4091,2084,2007
050,47,125,"Tennessee","Montgomery County",5,35,3970,2008,1962
050,47,125,"Tennessee","Montgomery County",5,36,3953,1969,1984
050,47,125,"Tennessee","Montgomery County",5,37,3806,1927,1879
050,47,125,"Tennessee","Montgomery County",5,38,3769,1855,1914
050,47,125,"Tennessee","Montgomery County",5,39,3518,1764,1754
050,47,125,"Tennessee","Montgomery County",5,40,3452,1715,1737
050,47,125,"Tennessee","Montgomery County",5,41,3380,1723,1657
050,47,125,"Tennessee","Montgomery County",5,42,3219,1619,1600
050,47,125,"Tennessee","Montgomery County",5,43,3134,1519,1615
050,47,125,"Tennessee","Montgomery County",5,44,2863,1371,1492
050,47,125,"Tennessee","Montgomery County",5,45,2850,1396,1454
050,47,125,"Tennessee","Montgomery County",5,46,2783,1363,1420
050,47,125,"Tennessee","Montgomery County",5,47,2549,1244,1305
050,47,125,"Tennessee","Montgomery County",5,48,2527,1220,1307
050,47,125,"Tennessee","Montgomery County",5,49,2469,1188,1281
050,47,125,"Tennessee","Montgomery County",5,50,2453,1195,1258
050,47,125,"Tennessee","Montgomery County",5,51,2471,1211,1260
050,47,125,"Tennessee","Montgomery County",5,52,2606,1207,1399
050,47,125,"Tennessee","Montgomery County",5,53,2467,1199,1268
050,47,125,"Tennessee","Montgomery County",5,54,2354,1176,1178
050,47,125,"Tennessee","Montgomery County",5,55,2206,1118,1088
050,47,125,"Tennessee","Montgomery County",5,56,2237,1064,1173
050,47,125,"Tennessee","Montgomery County",5,57,2286,1123,1163
050,47,125,"Tennessee","Montgomery County",5,58,2387,1154,1233
050,47,125,"Tennessee","Montgomery County",5,59,2341,1138,1203
050,47,125,"Tennessee","Montgomery County",5,60,2367,1143,1224
050,47,125,"Tennessee","Montgomery County",5,61,2310,1066,1244
050,47,125,"Tennessee","Montgomery County",5,62,2201,1011,1190
050,47,125,"Tennessee","Montgomery County",5,63,2140,968,1172
050,47,125,"Tennessee","Montgomery County",5,64,2081,965,1116
050,47,125,"Tennessee","Montgomery County",5,65,2057,989,1068
050,47,125,"Tennessee","Montgomery County",5,66,1966,904,1062
050,47,125,"Tennessee","Montgomery County",5,67,1847,830,1017
050,47,125,"Tennessee","Montgomery County",5,68,1801,830,971
050,47,125,"Tennessee","Montgomery County",5,69,1609,754,855
050,47,125,"Tennessee","Montgomery County",5,70,1521,704,817
050,47,125,"Tennessee","Montgomery County",5,71,1361,637,724
050,47,125,"Tennessee","Montgomery County",5,72,1286,599,687
050,47,125,"Tennessee","Montgomery County",5,73,1202,540,662
050,47,125,"Tennessee","Montgomery County",5,74,1181,536,645
050,47,125,"Tennessee","Montgomery County",5,75,1143,516,627
050,47,125,"Tennessee","Montgomery County",5,76,1192,517,675
050,47,125,"Tennessee","Montgomery County",5,77,774,347,427
050,47,125,"Tennessee","Montgomery County",5,78,724,326,398
050,47,125,"Tennessee","Montgomery County",5,79,674,281,393
050,47,125,"Tennessee","Montgomery County",5,80,616,267,349
050,47,125,"Tennessee","Montgomery County",5,81,522,206,316
050,47,125,"Tennessee","Montgomery County",5,82,480,195,285
050,47,125,"Tennessee","Montgomery County",5,83,432,177,255
050,47,125,"Tennessee","Montgomery County",5,84,381,143,238
050,47,125,"Tennessee","Montgomery County",5,85,1951,716,1235
050,47,127,"Tennessee","Moore County",1,0,58,28,30
050,47,127,"Tennessee","Moore County",1,1,70,35,35
050,47,127,"Tennessee","Moore County",1,2,49,29,20
050,47,127,"Tennessee","Moore County",1,3,59,32,27
050,47,127,"Tennessee","Moore County",1,4,57,31,26
050,47,127,"Tennessee","Moore County",1,5,72,40,32
050,47,127,"Tennessee","Moore County",1,6,74,43,31
050,47,127,"Tennessee","Moore County",1,7,64,34,30
050,47,127,"Tennessee","Moore County",1,8,66,30,36
050,47,127,"Tennessee","Moore County",1,9,67,36,31
050,47,127,"Tennessee","Moore County",1,10,68,32,36
050,47,127,"Tennessee","Moore County",1,11,67,34,33
050,47,127,"Tennessee","Moore County",1,12,68,33,35
050,47,127,"Tennessee","Moore County",1,13,80,40,40
050,47,127,"Tennessee","Moore County",1,14,84,45,39
050,47,127,"Tennessee","Moore County",1,15,78,35,43
050,47,127,"Tennessee","Moore County",1,16,95,48,47
050,47,127,"Tennessee","Moore County",1,17,82,47,35
050,47,127,"Tennessee","Moore County",1,18,66,39,27
050,47,127,"Tennessee","Moore County",1,19,57,29,28
050,47,127,"Tennessee","Moore County",1,20,65,27,38
050,47,127,"Tennessee","Moore County",1,21,62,29,33
050,47,127,"Tennessee","Moore County",1,22,70,32,38
050,47,127,"Tennessee","Moore County",1,23,61,35,26
050,47,127,"Tennessee","Moore County",1,24,71,38,33
050,47,127,"Tennessee","Moore County",1,25,72,38,34
050,47,127,"Tennessee","Moore County",1,26,57,24,33
050,47,127,"Tennessee","Moore County",1,27,74,30,44
050,47,127,"Tennessee","Moore County",1,28,64,34,30
050,47,127,"Tennessee","Moore County",1,29,69,40,29
050,47,127,"Tennessee","Moore County",1,30,79,38,41
050,47,127,"Tennessee","Moore County",1,31,67,29,38
050,47,127,"Tennessee","Moore County",1,32,68,29,39
050,47,127,"Tennessee","Moore County",1,33,67,35,32
050,47,127,"Tennessee","Moore County",1,34,71,37,34
050,47,127,"Tennessee","Moore County",1,35,72,34,38
050,47,127,"Tennessee","Moore County",1,36,70,37,33
050,47,127,"Tennessee","Moore County",1,37,81,37,44
050,47,127,"Tennessee","Moore County",1,38,77,38,39
050,47,127,"Tennessee","Moore County",1,39,72,38,34
050,47,127,"Tennessee","Moore County",1,40,69,34,35
050,47,127,"Tennessee","Moore County",1,41,73,40,33
050,47,127,"Tennessee","Moore County",1,42,90,50,40
050,47,127,"Tennessee","Moore County",1,43,87,41,46
050,47,127,"Tennessee","Moore County",1,44,66,34,32
050,47,127,"Tennessee","Moore County",1,45,85,38,47
050,47,127,"Tennessee","Moore County",1,46,100,48,52
050,47,127,"Tennessee","Moore County",1,47,90,49,41
050,47,127,"Tennessee","Moore County",1,48,98,49,49
050,47,127,"Tennessee","Moore County",1,49,90,39,51
050,47,127,"Tennessee","Moore County",1,50,87,44,43
050,47,127,"Tennessee","Moore County",1,51,89,51,38
050,47,127,"Tennessee","Moore County",1,52,80,51,29
050,47,127,"Tennessee","Moore County",1,53,92,53,39
050,47,127,"Tennessee","Moore County",1,54,96,51,45
050,47,127,"Tennessee","Moore County",1,55,100,49,51
050,47,127,"Tennessee","Moore County",1,56,93,45,48
050,47,127,"Tennessee","Moore County",1,57,98,47,51
050,47,127,"Tennessee","Moore County",1,58,100,46,54
050,47,127,"Tennessee","Moore County",1,59,99,54,45
050,47,127,"Tennessee","Moore County",1,60,92,50,42
050,47,127,"Tennessee","Moore County",1,61,107,58,49
050,47,127,"Tennessee","Moore County",1,62,107,49,58
050,47,127,"Tennessee","Moore County",1,63,104,40,64
050,47,127,"Tennessee","Moore County",1,64,99,41,58
050,47,127,"Tennessee","Moore County",1,65,109,49,60
050,47,127,"Tennessee","Moore County",1,66,101,52,49
050,47,127,"Tennessee","Moore County",1,67,86,40,46
050,47,127,"Tennessee","Moore County",1,68,66,29,37
050,47,127,"Tennessee","Moore County",1,69,67,32,35
050,47,127,"Tennessee","Moore County",1,70,72,34,38
050,47,127,"Tennessee","Moore County",1,71,69,40,29
050,47,127,"Tennessee","Moore County",1,72,76,36,40
050,47,127,"Tennessee","Moore County",1,73,84,43,41
050,47,127,"Tennessee","Moore County",1,74,73,33,40
050,47,127,"Tennessee","Moore County",1,75,67,32,35
050,47,127,"Tennessee","Moore County",1,76,63,33,30
050,47,127,"Tennessee","Moore County",1,77,56,30,26
050,47,127,"Tennessee","Moore County",1,78,55,28,27
050,47,127,"Tennessee","Moore County",1,79,41,20,21
050,47,127,"Tennessee","Moore County",1,80,44,23,21
050,47,127,"Tennessee","Moore County",1,81,37,21,16
050,47,127,"Tennessee","Moore County",1,82,35,22,13
050,47,127,"Tennessee","Moore County",1,83,27,14,13
050,47,127,"Tennessee","Moore County",1,84,30,11,19
050,47,127,"Tennessee","Moore County",1,85,149,54,95
050,47,127,"Tennessee","Moore County",2,0,66,32,34
050,47,127,"Tennessee","Moore County",2,1,66,33,33
050,47,127,"Tennessee","Moore County",2,2,55,30,25
050,47,127,"Tennessee","Moore County",2,3,57,31,26
050,47,127,"Tennessee","Moore County",2,4,58,31,27
050,47,127,"Tennessee","Moore County",2,5,70,39,31
050,47,127,"Tennessee","Moore County",2,6,73,42,31
050,47,127,"Tennessee","Moore County",2,7,66,36,30
050,47,127,"Tennessee","Moore County",2,8,65,30,35
050,47,127,"Tennessee","Moore County",2,9,66,34,32
050,47,127,"Tennessee","Moore County",2,10,67,33,34
050,47,127,"Tennessee","Moore County",2,11,66,33,33
050,47,127,"Tennessee","Moore County",2,12,68,33,35
050,47,127,"Tennessee","Moore County",2,13,77,39,38
050,47,127,"Tennessee","Moore County",2,14,81,43,38
050,47,127,"Tennessee","Moore County",2,15,78,37,41
050,47,127,"Tennessee","Moore County",2,16,90,45,45
050,47,127,"Tennessee","Moore County",2,17,85,47,38
050,47,127,"Tennessee","Moore County",2,18,65,39,26
050,47,127,"Tennessee","Moore County",2,19,55,29,26
050,47,127,"Tennessee","Moore County",2,20,64,28,36
050,47,127,"Tennessee","Moore County",2,21,63,28,35
050,47,127,"Tennessee","Moore County",2,22,69,32,37
050,47,127,"Tennessee","Moore County",2,23,64,35,29
050,47,127,"Tennessee","Moore County",2,24,69,37,32
050,47,127,"Tennessee","Moore County",2,25,72,38,34
050,47,127,"Tennessee","Moore County",2,26,62,28,34
050,47,127,"Tennessee","Moore County",2,27,69,28,41
050,47,127,"Tennessee","Moore County",2,28,68,35,33
050,47,127,"Tennessee","Moore County",2,29,68,39,29
050,47,127,"Tennessee","Moore County",2,30,76,39,37
050,47,127,"Tennessee","Moore County",2,31,70,31,39
050,47,127,"Tennessee","Moore County",2,32,68,29,39
050,47,127,"Tennessee","Moore County",2,33,67,33,34
050,47,127,"Tennessee","Moore County",2,34,70,37,33
050,47,127,"Tennessee","Moore County",2,35,69,34,35
050,47,127,"Tennessee","Moore County",2,36,70,37,33
050,47,127,"Tennessee","Moore County",2,37,79,37,42
050,47,127,"Tennessee","Moore County",2,38,79,38,41
050,47,127,"Tennessee","Moore County",2,39,73,38,35
050,47,127,"Tennessee","Moore County",2,40,71,36,35
050,47,127,"Tennessee","Moore County",2,41,73,40,33
050,47,127,"Tennessee","Moore County",2,42,86,47,39
050,47,127,"Tennessee","Moore County",2,43,88,43,45
050,47,127,"Tennessee","Moore County",2,44,69,35,34
050,47,127,"Tennessee","Moore County",2,45,81,37,44
050,47,127,"Tennessee","Moore County",2,46,96,46,50
050,47,127,"Tennessee","Moore County",2,47,93,49,44
050,47,127,"Tennessee","Moore County",2,48,96,49,47
050,47,127,"Tennessee","Moore County",2,49,93,43,50
050,47,127,"Tennessee","Moore County",2,50,88,42,46
050,47,127,"Tennessee","Moore County",2,51,88,49,39
050,47,127,"Tennessee","Moore County",2,52,82,51,31
050,47,127,"Tennessee","Moore County",2,53,90,53,37
050,47,127,"Tennessee","Moore County",2,54,96,51,45
050,47,127,"Tennessee","Moore County",2,55,99,49,50
050,47,127,"Tennessee","Moore County",2,56,95,46,49
050,47,127,"Tennessee","Moore County",2,57,96,47,49
050,47,127,"Tennessee","Moore County",2,58,99,47,52
050,47,127,"Tennessee","Moore County",2,59,100,53,47
050,47,127,"Tennessee","Moore County",2,60,94,51,43
050,47,127,"Tennessee","Moore County",2,61,104,56,48
050,47,127,"Tennessee","Moore County",2,62,105,49,56
050,47,127,"Tennessee","Moore County",2,63,105,43,62
050,47,127,"Tennessee","Moore County",2,64,101,41,60
050,47,127,"Tennessee","Moore County",2,65,106,47,59
050,47,127,"Tennessee","Moore County",2,66,105,52,53
050,47,127,"Tennessee","Moore County",2,67,89,43,46
050,47,127,"Tennessee","Moore County",2,68,71,33,38
050,47,127,"Tennessee","Moore County",2,69,67,32,35
050,47,127,"Tennessee","Moore County",2,70,70,33,37
050,47,127,"Tennessee","Moore County",2,71,70,39,31
050,47,127,"Tennessee","Moore County",2,72,73,36,37
050,47,127,"Tennessee","Moore County",2,73,84,43,41
050,47,127,"Tennessee","Moore County",2,74,70,32,38
050,47,127,"Tennessee","Moore County",2,75,67,31,36
050,47,127,"Tennessee","Moore County",2,76,65,33,32
050,47,127,"Tennessee","Moore County",2,77,60,32,28
050,47,127,"Tennessee","Moore County",2,78,54,28,26
050,47,127,"Tennessee","Moore County",2,79,44,22,22
050,47,127,"Tennessee","Moore County",2,80,43,22,21
050,47,127,"Tennessee","Moore County",2,81,37,22,15
050,47,127,"Tennessee","Moore County",2,82,36,22,14
050,47,127,"Tennessee","Moore County",2,83,27,14,13
050,47,127,"Tennessee","Moore County",2,84,28,12,16
050,47,127,"Tennessee","Moore County",2,85,153,55,98
050,47,127,"Tennessee","Moore County",3,0,58,35,23
050,47,127,"Tennessee","Moore County",3,1,88,40,48
050,47,127,"Tennessee","Moore County",3,2,69,37,32
050,47,127,"Tennessee","Moore County",3,3,70,39,31
050,47,127,"Tennessee","Moore County",3,4,67,42,25
050,47,127,"Tennessee","Moore County",3,5,64,32,32
050,47,127,"Tennessee","Moore County",3,6,67,36,31
050,47,127,"Tennessee","Moore County",3,7,85,50,35
050,47,127,"Tennessee","Moore County",3,8,74,41,33
050,47,127,"Tennessee","Moore County",3,9,69,30,39
050,47,127,"Tennessee","Moore County",3,10,68,36,32
050,47,127,"Tennessee","Moore County",3,11,70,35,35
050,47,127,"Tennessee","Moore County",3,12,67,35,32
050,47,127,"Tennessee","Moore County",3,13,70,35,35
050,47,127,"Tennessee","Moore County",3,14,77,37,40
050,47,127,"Tennessee","Moore County",3,15,86,42,44
050,47,127,"Tennessee","Moore County",3,16,78,41,37
050,47,127,"Tennessee","Moore County",3,17,93,47,46
050,47,127,"Tennessee","Moore County",3,18,78,41,37
050,47,127,"Tennessee","Moore County",3,19,58,30,28
050,47,127,"Tennessee","Moore County",3,20,63,32,31
050,47,127,"Tennessee","Moore County",3,21,61,29,32
050,47,127,"Tennessee","Moore County",3,22,71,32,39
050,47,127,"Tennessee","Moore County",3,23,71,34,37
050,47,127,"Tennessee","Moore County",3,24,68,36,32
050,47,127,"Tennessee","Moore County",3,25,71,39,32
050,47,127,"Tennessee","Moore County",3,26,75,38,37
050,47,127,"Tennessee","Moore County",3,27,62,32,30
050,47,127,"Tennessee","Moore County",3,28,77,33,44
050,47,127,"Tennessee","Moore County",3,29,68,34,34
050,47,127,"Tennessee","Moore County",3,30,69,40,29
050,47,127,"Tennessee","Moore County",3,31,72,36,36
050,47,127,"Tennessee","Moore County",3,32,76,33,43
050,47,127,"Tennessee","Moore County",3,33,78,40,38
050,47,127,"Tennessee","Moore County",3,34,69,37,32
050,47,127,"Tennessee","Moore County",3,35,75,36,39
050,47,127,"Tennessee","Moore County",3,36,77,36,41
050,47,127,"Tennessee","Moore County",3,37,74,39,35
050,47,127,"Tennessee","Moore County",3,38,83,41,42
050,47,127,"Tennessee","Moore County",3,39,82,40,42
050,47,127,"Tennessee","Moore County",3,40,75,39,36
050,47,127,"Tennessee","Moore County",3,41,80,43,37
050,47,127,"Tennessee","Moore County",3,42,75,39,36
050,47,127,"Tennessee","Moore County",3,43,83,45,38
050,47,127,"Tennessee","Moore County",3,44,90,46,44
050,47,127,"Tennessee","Moore County",3,45,69,35,34
050,47,127,"Tennessee","Moore County",3,46,83,40,43
050,47,127,"Tennessee","Moore County",3,47,92,44,48
050,47,127,"Tennessee","Moore County",3,48,97,49,48
050,47,127,"Tennessee","Moore County",3,49,88,43,45
050,47,127,"Tennessee","Moore County",3,50,98,49,49
050,47,127,"Tennessee","Moore County",3,51,90,43,47
050,47,127,"Tennessee","Moore County",3,52,87,45,42
050,47,127,"Tennessee","Moore County",3,53,90,55,35
050,47,127,"Tennessee","Moore County",3,54,92,51,41
050,47,127,"Tennessee","Moore County",3,55,103,54,49
050,47,127,"Tennessee","Moore County",3,56,106,51,55
050,47,127,"Tennessee","Moore County",3,57,97,48,49
050,47,127,"Tennessee","Moore County",3,58,101,51,50
050,47,127,"Tennessee","Moore County",3,59,96,46,50
050,47,127,"Tennessee","Moore County",3,60,94,50,44
050,47,127,"Tennessee","Moore County",3,61,94,53,41
050,47,127,"Tennessee","Moore County",3,62,111,60,51
050,47,127,"Tennessee","Moore County",3,63,107,50,57
050,47,127,"Tennessee","Moore County",3,64,109,46,63
050,47,127,"Tennessee","Moore County",3,65,104,41,63
050,47,127,"Tennessee","Moore County",3,66,106,46,60
050,47,127,"Tennessee","Moore County",3,67,106,53,53
050,47,127,"Tennessee","Moore County",3,68,84,41,43
050,47,127,"Tennessee","Moore County",3,69,73,35,38
050,47,127,"Tennessee","Moore County",3,70,68,31,37
050,47,127,"Tennessee","Moore County",3,71,68,34,34
050,47,127,"Tennessee","Moore County",3,72,73,39,34
050,47,127,"Tennessee","Moore County",3,73,72,37,35
050,47,127,"Tennessee","Moore County",3,74,79,38,41
050,47,127,"Tennessee","Moore County",3,75,66,29,37
050,47,127,"Tennessee","Moore County",3,76,61,26,35
050,47,127,"Tennessee","Moore County",3,77,62,31,31
050,47,127,"Tennessee","Moore County",3,78,58,30,28
050,47,127,"Tennessee","Moore County",3,79,50,26,24
050,47,127,"Tennessee","Moore County",3,80,38,18,20
050,47,127,"Tennessee","Moore County",3,81,36,19,17
050,47,127,"Tennessee","Moore County",3,82,35,21,14
050,47,127,"Tennessee","Moore County",3,83,31,17,14
050,47,127,"Tennessee","Moore County",3,84,20,11,9
050,47,127,"Tennessee","Moore County",3,85,156,57,99
050,47,127,"Tennessee","Moore County",4,0,52,30,22
050,47,127,"Tennessee","Moore County",4,1,55,32,23
050,47,127,"Tennessee","Moore County",4,2,91,42,49
050,47,127,"Tennessee","Moore County",4,3,70,37,33
050,47,127,"Tennessee","Moore County",4,4,72,41,31
050,47,127,"Tennessee","Moore County",4,5,65,37,28
050,47,127,"Tennessee","Moore County",4,6,67,32,35
050,47,127,"Tennessee","Moore County",4,7,75,39,36
050,47,127,"Tennessee","Moore County",4,8,91,54,37
050,47,127,"Tennessee","Moore County",4,9,74,38,36
050,47,127,"Tennessee","Moore County",4,10,72,30,42
050,47,127,"Tennessee","Moore County",4,11,72,36,36
050,47,127,"Tennessee","Moore County",4,12,76,36,40
050,47,127,"Tennessee","Moore County",4,13,71,37,34
050,47,127,"Tennessee","Moore County",4,14,75,35,40
050,47,127,"Tennessee","Moore County",4,15,83,41,42
050,47,127,"Tennessee","Moore County",4,16,88,44,44
050,47,127,"Tennessee","Moore County",4,17,84,41,43
050,47,127,"Tennessee","Moore County",4,18,79,40,39
050,47,127,"Tennessee","Moore County",4,19,59,32,27
050,47,127,"Tennessee","Moore County",4,20,58,34,24
050,47,127,"Tennessee","Moore County",4,21,62,32,30
050,47,127,"Tennessee","Moore County",4,22,66,27,39
050,47,127,"Tennessee","Moore County",4,23,81,38,43
050,47,127,"Tennessee","Moore County",4,24,76,34,42
050,47,127,"Tennessee","Moore County",4,25,65,34,31
050,47,127,"Tennessee","Moore County",4,26,66,37,29
050,47,127,"Tennessee","Moore County",4,27,71,34,37
050,47,127,"Tennessee","Moore County",4,28,64,30,34
050,47,127,"Tennessee","Moore County",4,29,74,30,44
050,47,127,"Tennessee","Moore County",4,30,70,37,33
050,47,127,"Tennessee","Moore County",4,31,74,40,34
050,47,127,"Tennessee","Moore County",4,32,76,40,36
050,47,127,"Tennessee","Moore County",4,33,83,37,46
050,47,127,"Tennessee","Moore County",4,34,78,38,40
050,47,127,"Tennessee","Moore County",4,35,74,42,32
050,47,127,"Tennessee","Moore County",4,36,77,38,39
050,47,127,"Tennessee","Moore County",4,37,79,37,42
050,47,127,"Tennessee","Moore County",4,38,74,40,34
050,47,127,"Tennessee","Moore County",4,39,82,36,46
050,47,127,"Tennessee","Moore County",4,40,84,41,43
050,47,127,"Tennessee","Moore County",4,41,81,45,36
050,47,127,"Tennessee","Moore County",4,42,82,44,38
050,47,127,"Tennessee","Moore County",4,43,77,42,35
050,47,127,"Tennessee","Moore County",4,44,83,45,38
050,47,127,"Tennessee","Moore County",4,45,88,45,43
050,47,127,"Tennessee","Moore County",4,46,75,35,40
050,47,127,"Tennessee","Moore County",4,47,87,44,43
050,47,127,"Tennessee","Moore County",4,48,94,47,47
050,47,127,"Tennessee","Moore County",4,49,100,51,49
050,47,127,"Tennessee","Moore County",4,50,88,41,47
050,47,127,"Tennessee","Moore County",4,51,96,47,49
050,47,127,"Tennessee","Moore County",4,52,87,44,43
050,47,127,"Tennessee","Moore County",4,53,86,45,41
050,47,127,"Tennessee","Moore County",4,54,89,55,34
050,47,127,"Tennessee","Moore County",4,55,95,51,44
050,47,127,"Tennessee","Moore County",4,56,103,54,49
050,47,127,"Tennessee","Moore County",4,57,106,52,54
050,47,127,"Tennessee","Moore County",4,58,104,55,49
050,47,127,"Tennessee","Moore County",4,59,104,51,53
050,47,127,"Tennessee","Moore County",4,60,96,46,50
050,47,127,"Tennessee","Moore County",4,61,93,48,45
050,47,127,"Tennessee","Moore County",4,62,96,54,42
050,47,127,"Tennessee","Moore County",4,63,114,58,56
050,47,127,"Tennessee","Moore County",4,64,105,50,55
050,47,127,"Tennessee","Moore County",4,65,106,43,63
050,47,127,"Tennessee","Moore County",4,66,102,40,62
050,47,127,"Tennessee","Moore County",4,67,102,45,57
050,47,127,"Tennessee","Moore County",4,68,103,49,54
050,47,127,"Tennessee","Moore County",4,69,84,43,41
050,47,127,"Tennessee","Moore County",4,70,77,35,42
050,47,127,"Tennessee","Moore County",4,71,63,29,34
050,47,127,"Tennessee","Moore County",4,72,68,32,36
050,47,127,"Tennessee","Moore County",4,73,71,40,31
050,47,127,"Tennessee","Moore County",4,74,67,33,34
050,47,127,"Tennessee","Moore County",4,75,71,36,35
050,47,127,"Tennessee","Moore County",4,76,63,27,36
050,47,127,"Tennessee","Moore County",4,77,59,26,33
050,47,127,"Tennessee","Moore County",4,78,58,27,31
050,47,127,"Tennessee","Moore County",4,79,58,30,28
050,47,127,"Tennessee","Moore County",4,80,50,27,23
050,47,127,"Tennessee","Moore County",4,81,38,22,16
050,47,127,"Tennessee","Moore County",4,82,34,18,16
050,47,127,"Tennessee","Moore County",4,83,32,18,14
050,47,127,"Tennessee","Moore County",4,84,26,15,11
050,47,127,"Tennessee","Moore County",4,85,150,57,93
050,47,127,"Tennessee","Moore County",5,0,53,31,22
050,47,127,"Tennessee","Moore County",5,1,53,31,22
050,47,127,"Tennessee","Moore County",5,2,61,33,28
050,47,127,"Tennessee","Moore County",5,3,85,41,44
050,47,127,"Tennessee","Moore County",5,4,67,33,34
050,47,127,"Tennessee","Moore County",5,5,75,40,35
050,47,127,"Tennessee","Moore County",5,6,69,37,32
050,47,127,"Tennessee","Moore County",5,7,63,30,33
050,47,127,"Tennessee","Moore County",5,8,83,43,40
050,47,127,"Tennessee","Moore County",5,9,89,50,39
050,47,127,"Tennessee","Moore County",5,10,78,41,37
050,47,127,"Tennessee","Moore County",5,11,72,27,45
050,47,127,"Tennessee","Moore County",5,12,68,34,34
050,47,127,"Tennessee","Moore County",5,13,74,34,40
050,47,127,"Tennessee","Moore County",5,14,69,37,32
050,47,127,"Tennessee","Moore County",5,15,75,36,39
050,47,127,"Tennessee","Moore County",5,16,86,43,43
050,47,127,"Tennessee","Moore County",5,17,94,46,48
050,47,127,"Tennessee","Moore County",5,18,65,35,30
050,47,127,"Tennessee","Moore County",5,19,55,30,25
050,47,127,"Tennessee","Moore County",5,20,60,33,27
050,47,127,"Tennessee","Moore County",5,21,59,35,24
050,47,127,"Tennessee","Moore County",5,22,62,29,33
050,47,127,"Tennessee","Moore County",5,23,80,36,44
050,47,127,"Tennessee","Moore County",5,24,81,40,41
050,47,127,"Tennessee","Moore County",5,25,83,38,45
050,47,127,"Tennessee","Moore County",5,26,63,36,27
050,47,127,"Tennessee","Moore County",5,27,78,43,35
050,47,127,"Tennessee","Moore County",5,28,77,39,38
050,47,127,"Tennessee","Moore County",5,29,75,33,42
050,47,127,"Tennessee","Moore County",5,30,78,29,49
050,47,127,"Tennessee","Moore County",5,31,67,33,34
050,47,127,"Tennessee","Moore County",5,32,78,43,35
050,47,127,"Tennessee","Moore County",5,33,79,40,39
050,47,127,"Tennessee","Moore County",5,34,86,36,50
050,47,127,"Tennessee","Moore County",5,35,78,40,38
050,47,127,"Tennessee","Moore County",5,36,76,42,34
050,47,127,"Tennessee","Moore County",5,37,72,34,38
050,47,127,"Tennessee","Moore County",5,38,78,35,43
050,47,127,"Tennessee","Moore County",5,39,74,42,32
050,47,127,"Tennessee","Moore County",5,40,86,37,49
050,47,127,"Tennessee","Moore County",5,41,85,41,44
050,47,127,"Tennessee","Moore County",5,42,82,43,39
050,47,127,"Tennessee","Moore County",5,43,85,49,36
050,47,127,"Tennessee","Moore County",5,44,78,42,36
050,47,127,"Tennessee","Moore County",5,45,81,46,35
050,47,127,"Tennessee","Moore County",5,46,93,47,46
050,47,127,"Tennessee","Moore County",5,47,73,35,38
050,47,127,"Tennessee","Moore County",5,48,82,41,41
050,47,127,"Tennessee","Moore County",5,49,104,53,51
050,47,127,"Tennessee","Moore County",5,50,108,52,56
050,47,127,"Tennessee","Moore County",5,51,88,42,46
050,47,127,"Tennessee","Moore County",5,52,101,49,52
050,47,127,"Tennessee","Moore County",5,53,88,44,44
050,47,127,"Tennessee","Moore County",5,54,84,44,40
050,47,127,"Tennessee","Moore County",5,55,89,56,33
050,47,127,"Tennessee","Moore County",5,56,98,53,45
050,47,127,"Tennessee","Moore County",5,57,107,55,52
050,47,127,"Tennessee","Moore County",5,58,104,50,54
050,47,127,"Tennessee","Moore County",5,59,101,51,50
050,47,127,"Tennessee","Moore County",5,60,104,49,55
050,47,127,"Tennessee","Moore County",5,61,96,46,50
050,47,127,"Tennessee","Moore County",5,62,93,47,46
050,47,127,"Tennessee","Moore County",5,63,89,50,39
050,47,127,"Tennessee","Moore County",5,64,109,55,54
050,47,127,"Tennessee","Moore County",5,65,101,47,54
050,47,127,"Tennessee","Moore County",5,66,107,43,64
050,47,127,"Tennessee","Moore County",5,67,98,37,61
050,47,127,"Tennessee","Moore County",5,68,102,45,57
050,47,127,"Tennessee","Moore County",5,69,99,45,54
050,47,127,"Tennessee","Moore County",5,70,86,46,40
050,47,127,"Tennessee","Moore County",5,71,75,35,40
050,47,127,"Tennessee","Moore County",5,72,64,28,36
050,47,127,"Tennessee","Moore County",5,73,64,31,33
050,47,127,"Tennessee","Moore County",5,74,69,38,31
050,47,127,"Tennessee","Moore County",5,75,58,29,29
050,47,127,"Tennessee","Moore County",5,76,70,34,36
050,47,127,"Tennessee","Moore County",5,77,62,29,33
050,47,127,"Tennessee","Moore County",5,78,57,23,34
050,47,127,"Tennessee","Moore County",5,79,56,25,31
050,47,127,"Tennessee","Moore County",5,80,59,28,31
050,47,127,"Tennessee","Moore County",5,81,48,28,20
050,47,127,"Tennessee","Moore County",5,82,32,19,13
050,47,127,"Tennessee","Moore County",5,83,32,16,16
050,47,127,"Tennessee","Moore County",5,84,30,19,11
050,47,127,"Tennessee","Moore County",5,85,153,63,90
050,47,129,"Tennessee","Morgan County",1,0,186,96,90
050,47,129,"Tennessee","Morgan County",1,1,209,111,98
050,47,129,"Tennessee","Morgan County",1,2,203,100,103
050,47,129,"Tennessee","Morgan County",1,3,211,95,116
050,47,129,"Tennessee","Morgan County",1,4,233,117,116
050,47,129,"Tennessee","Morgan County",1,5,213,100,113
050,47,129,"Tennessee","Morgan County",1,6,203,119,84
050,47,129,"Tennessee","Morgan County",1,7,218,122,96
050,47,129,"Tennessee","Morgan County",1,8,178,93,85
050,47,129,"Tennessee","Morgan County",1,9,214,118,96
050,47,129,"Tennessee","Morgan County",1,10,213,110,103
050,47,129,"Tennessee","Morgan County",1,11,209,109,100
050,47,129,"Tennessee","Morgan County",1,12,235,113,122
050,47,129,"Tennessee","Morgan County",1,13,259,134,125
050,47,129,"Tennessee","Morgan County",1,14,258,142,116
050,47,129,"Tennessee","Morgan County",1,15,231,121,110
050,47,129,"Tennessee","Morgan County",1,16,263,134,129
050,47,129,"Tennessee","Morgan County",1,17,245,128,117
050,47,129,"Tennessee","Morgan County",1,18,217,122,95
050,47,129,"Tennessee","Morgan County",1,19,177,94,83
050,47,129,"Tennessee","Morgan County",1,20,227,133,94
050,47,129,"Tennessee","Morgan County",1,21,243,145,98
050,47,129,"Tennessee","Morgan County",1,22,271,168,103
050,47,129,"Tennessee","Morgan County",1,23,287,183,104
050,47,129,"Tennessee","Morgan County",1,24,309,201,108
050,47,129,"Tennessee","Morgan County",1,25,288,172,116
050,47,129,"Tennessee","Morgan County",1,26,304,186,118
050,47,129,"Tennessee","Morgan County",1,27,287,189,98
050,47,129,"Tennessee","Morgan County",1,28,295,186,109
050,47,129,"Tennessee","Morgan County",1,29,291,178,113
050,47,129,"Tennessee","Morgan County",1,30,312,203,109
050,47,129,"Tennessee","Morgan County",1,31,280,180,100
050,47,129,"Tennessee","Morgan County",1,32,247,166,81
050,47,129,"Tennessee","Morgan County",1,33,254,153,101
050,47,129,"Tennessee","Morgan County",1,34,247,156,91
050,47,129,"Tennessee","Morgan County",1,35,243,137,106
050,47,129,"Tennessee","Morgan County",1,36,261,157,104
050,47,129,"Tennessee","Morgan County",1,37,268,164,104
050,47,129,"Tennessee","Morgan County",1,38,275,165,110
050,47,129,"Tennessee","Morgan County",1,39,270,158,112
050,47,129,"Tennessee","Morgan County",1,40,255,155,100
050,47,129,"Tennessee","Morgan County",1,41,266,166,100
050,47,129,"Tennessee","Morgan County",1,42,251,156,95
050,47,129,"Tennessee","Morgan County",1,43,271,169,102
050,47,129,"Tennessee","Morgan County",1,44,281,165,116
050,47,129,"Tennessee","Morgan County",1,45,298,171,127
050,47,129,"Tennessee","Morgan County",1,46,280,162,118
050,47,129,"Tennessee","Morgan County",1,47,289,165,124
050,47,129,"Tennessee","Morgan County",1,48,299,164,135
050,47,129,"Tennessee","Morgan County",1,49,336,191,145
050,47,129,"Tennessee","Morgan County",1,50,319,171,148
050,47,129,"Tennessee","Morgan County",1,51,323,191,132
050,47,129,"Tennessee","Morgan County",1,52,289,179,110
050,47,129,"Tennessee","Morgan County",1,53,316,175,141
050,47,129,"Tennessee","Morgan County",1,54,323,169,154
050,47,129,"Tennessee","Morgan County",1,55,333,173,160
050,47,129,"Tennessee","Morgan County",1,56,331,181,150
050,47,129,"Tennessee","Morgan County",1,57,303,172,131
050,47,129,"Tennessee","Morgan County",1,58,289,160,129
050,47,129,"Tennessee","Morgan County",1,59,276,153,123
050,47,129,"Tennessee","Morgan County",1,60,281,147,134
050,47,129,"Tennessee","Morgan County",1,61,295,150,145
050,47,129,"Tennessee","Morgan County",1,62,304,152,152
050,47,129,"Tennessee","Morgan County",1,63,291,150,141
050,47,129,"Tennessee","Morgan County",1,64,272,138,134
050,47,129,"Tennessee","Morgan County",1,65,276,136,140
050,47,129,"Tennessee","Morgan County",1,66,273,129,144
050,47,129,"Tennessee","Morgan County",1,67,267,131,136
050,47,129,"Tennessee","Morgan County",1,68,260,134,126
050,47,129,"Tennessee","Morgan County",1,69,237,116,121
050,47,129,"Tennessee","Morgan County",1,70,225,103,122
050,47,129,"Tennessee","Morgan County",1,71,239,116,123
050,47,129,"Tennessee","Morgan County",1,72,222,113,109
050,47,129,"Tennessee","Morgan County",1,73,228,111,117
050,47,129,"Tennessee","Morgan County",1,74,162,73,89
050,47,129,"Tennessee","Morgan County",1,75,151,68,83
050,47,129,"Tennessee","Morgan County",1,76,146,65,81
050,47,129,"Tennessee","Morgan County",1,77,143,70,73
050,47,129,"Tennessee","Morgan County",1,78,138,71,67
050,47,129,"Tennessee","Morgan County",1,79,115,54,61
050,47,129,"Tennessee","Morgan County",1,80,91,42,49
050,47,129,"Tennessee","Morgan County",1,81,100,52,48
050,47,129,"Tennessee","Morgan County",1,82,92,43,49
050,47,129,"Tennessee","Morgan County",1,83,62,26,36
050,47,129,"Tennessee","Morgan County",1,84,60,24,36
050,47,129,"Tennessee","Morgan County",1,85,338,133,205
050,47,129,"Tennessee","Morgan County",2,0,184,93,91
050,47,129,"Tennessee","Morgan County",2,1,205,108,97
050,47,129,"Tennessee","Morgan County",2,2,206,104,102
050,47,129,"Tennessee","Morgan County",2,3,209,97,112
050,47,129,"Tennessee","Morgan County",2,4,228,112,116
050,47,129,"Tennessee","Morgan County",2,5,218,105,113
050,47,129,"Tennessee","Morgan County",2,6,208,116,92
050,47,129,"Tennessee","Morgan County",2,7,213,121,92
050,47,129,"Tennessee","Morgan County",2,8,188,101,87
050,47,129,"Tennessee","Morgan County",2,9,206,112,94
050,47,129,"Tennessee","Morgan County",2,10,212,112,100
050,47,129,"Tennessee","Morgan County",2,11,209,107,102
050,47,129,"Tennessee","Morgan County",2,12,230,113,117
050,47,129,"Tennessee","Morgan County",2,13,253,130,123
050,47,129,"Tennessee","Morgan County",2,14,256,139,117
050,47,129,"Tennessee","Morgan County",2,15,239,126,113
050,47,129,"Tennessee","Morgan County",2,16,254,130,124
050,47,129,"Tennessee","Morgan County",2,17,251,131,120
050,47,129,"Tennessee","Morgan County",2,18,213,119,94
050,47,129,"Tennessee","Morgan County",2,19,178,97,81
050,47,129,"Tennessee","Morgan County",2,20,227,132,95
050,47,129,"Tennessee","Morgan County",2,21,243,144,99
050,47,129,"Tennessee","Morgan County",2,22,274,170,104
050,47,129,"Tennessee","Morgan County",2,23,285,179,106
050,47,129,"Tennessee","Morgan County",2,24,306,200,106
050,47,129,"Tennessee","Morgan County",2,25,292,177,115
050,47,129,"Tennessee","Morgan County",2,26,300,183,117
050,47,129,"Tennessee","Morgan County",2,27,296,192,104
050,47,129,"Tennessee","Morgan County",2,28,293,187,106
050,47,129,"Tennessee","Morgan County",2,29,293,179,114
050,47,129,"Tennessee","Morgan County",2,30,315,204,111
050,47,129,"Tennessee","Morgan County",2,31,283,182,101
050,47,129,"Tennessee","Morgan County",2,32,253,167,86
050,47,129,"Tennessee","Morgan County",2,33,253,157,96
050,47,129,"Tennessee","Morgan County",2,34,250,156,94
050,47,129,"Tennessee","Morgan County",2,35,244,139,105
050,47,129,"Tennessee","Morgan County",2,36,261,156,105
050,47,129,"Tennessee","Morgan County",2,37,265,160,105
050,47,129,"Tennessee","Morgan County",2,38,276,167,109
050,47,129,"Tennessee","Morgan County",2,39,269,158,111
050,47,129,"Tennessee","Morgan County",2,40,259,156,103
050,47,129,"Tennessee","Morgan County",2,41,267,167,100
050,47,129,"Tennessee","Morgan County",2,42,248,154,94
050,47,129,"Tennessee","Morgan County",2,43,271,169,102
050,47,129,"Tennessee","Morgan County",2,44,275,165,110
050,47,129,"Tennessee","Morgan County",2,45,294,170,124
050,47,129,"Tennessee","Morgan County",2,46,280,161,119
050,47,129,"Tennessee","Morgan County",2,47,284,162,122
050,47,129,"Tennessee","Morgan County",2,48,295,162,133
050,47,129,"Tennessee","Morgan County",2,49,335,189,146
050,47,129,"Tennessee","Morgan County",2,50,323,173,150
050,47,129,"Tennessee","Morgan County",2,51,322,189,133
050,47,129,"Tennessee","Morgan County",2,52,294,179,115
050,47,129,"Tennessee","Morgan County",2,53,308,174,134
050,47,129,"Tennessee","Morgan County",2,54,323,172,151
050,47,129,"Tennessee","Morgan County",2,55,330,171,159
050,47,129,"Tennessee","Morgan County",2,56,331,177,154
050,47,129,"Tennessee","Morgan County",2,57,311,176,135
050,47,129,"Tennessee","Morgan County",2,58,290,161,129
050,47,129,"Tennessee","Morgan County",2,59,281,156,125
050,47,129,"Tennessee","Morgan County",2,60,278,149,129
050,47,129,"Tennessee","Morgan County",2,61,289,147,142
050,47,129,"Tennessee","Morgan County",2,62,304,154,150
050,47,129,"Tennessee","Morgan County",2,63,294,151,143
050,47,129,"Tennessee","Morgan County",2,64,275,141,134
050,47,129,"Tennessee","Morgan County",2,65,275,135,140
050,47,129,"Tennessee","Morgan County",2,66,274,131,143
050,47,129,"Tennessee","Morgan County",2,67,270,131,139
050,47,129,"Tennessee","Morgan County",2,68,256,130,126
050,47,129,"Tennessee","Morgan County",2,69,242,121,121
050,47,129,"Tennessee","Morgan County",2,70,226,106,120
050,47,129,"Tennessee","Morgan County",2,71,234,113,121
050,47,129,"Tennessee","Morgan County",2,72,219,110,109
050,47,129,"Tennessee","Morgan County",2,73,236,116,120
050,47,129,"Tennessee","Morgan County",2,74,166,76,90
050,47,129,"Tennessee","Morgan County",2,75,155,70,85
050,47,129,"Tennessee","Morgan County",2,76,144,64,80
050,47,129,"Tennessee","Morgan County",2,77,145,70,75
050,47,129,"Tennessee","Morgan County",2,78,134,69,65
050,47,129,"Tennessee","Morgan County",2,79,117,57,60
050,47,129,"Tennessee","Morgan County",2,80,97,46,51
050,47,129,"Tennessee","Morgan County",2,81,95,49,46
050,47,129,"Tennessee","Morgan County",2,82,95,46,49
050,47,129,"Tennessee","Morgan County",2,83,68,29,39
050,47,129,"Tennessee","Morgan County",2,84,57,22,35
050,47,129,"Tennessee","Morgan County",2,85,338,131,207
050,47,129,"Tennessee","Morgan County",3,0,171,79,92
050,47,129,"Tennessee","Morgan County",3,1,203,105,98
050,47,129,"Tennessee","Morgan County",3,2,218,116,102
050,47,129,"Tennessee","Morgan County",3,3,220,114,106
050,47,129,"Tennessee","Morgan County",3,4,221,105,116
050,47,129,"Tennessee","Morgan County",3,5,231,112,119
050,47,129,"Tennessee","Morgan County",3,6,230,115,115
050,47,129,"Tennessee","Morgan County",3,7,204,116,88
050,47,129,"Tennessee","Morgan County",3,8,227,124,103
050,47,129,"Tennessee","Morgan County",3,9,191,97,94
050,47,129,"Tennessee","Morgan County",3,10,213,116,97
050,47,129,"Tennessee","Morgan County",3,11,238,117,121
050,47,129,"Tennessee","Morgan County",3,12,216,112,104
050,47,129,"Tennessee","Morgan County",3,13,233,113,120
050,47,129,"Tennessee","Morgan County",3,14,254,129,125
050,47,129,"Tennessee","Morgan County",3,15,270,147,123
050,47,129,"Tennessee","Morgan County",3,16,240,126,114
050,47,129,"Tennessee","Morgan County",3,17,254,128,126
050,47,129,"Tennessee","Morgan County",3,18,227,126,101
050,47,129,"Tennessee","Morgan County",3,19,171,99,72
050,47,129,"Tennessee","Morgan County",3,20,215,127,88
050,47,129,"Tennessee","Morgan County",3,21,238,140,98
050,47,129,"Tennessee","Morgan County",3,22,273,168,105
050,47,129,"Tennessee","Morgan County",3,23,275,165,110
050,47,129,"Tennessee","Morgan County",3,24,302,193,109
050,47,129,"Tennessee","Morgan County",3,25,304,191,113
050,47,129,"Tennessee","Morgan County",3,26,286,172,114
050,47,129,"Tennessee","Morgan County",3,27,302,187,115
050,47,129,"Tennessee","Morgan County",3,28,284,190,94
050,47,129,"Tennessee","Morgan County",3,29,293,180,113
050,47,129,"Tennessee","Morgan County",3,30,317,199,118
050,47,129,"Tennessee","Morgan County",3,31,318,201,117
050,47,129,"Tennessee","Morgan County",3,32,289,176,113
050,47,129,"Tennessee","Morgan County",3,33,255,164,91
050,47,129,"Tennessee","Morgan County",3,34,241,149,92
050,47,129,"Tennessee","Morgan County",3,35,240,143,97
050,47,129,"Tennessee","Morgan County",3,36,266,159,107
050,47,129,"Tennessee","Morgan County",3,37,262,149,113
050,47,129,"Tennessee","Morgan County",3,38,286,175,111
050,47,129,"Tennessee","Morgan County",3,39,278,172,106
050,47,129,"Tennessee","Morgan County",3,40,265,156,109
050,47,129,"Tennessee","Morgan County",3,41,266,162,104
050,47,129,"Tennessee","Morgan County",3,42,249,149,100
050,47,129,"Tennessee","Morgan County",3,43,252,157,95
050,47,129,"Tennessee","Morgan County",3,44,273,170,103
050,47,129,"Tennessee","Morgan County",3,45,262,158,104
050,47,129,"Tennessee","Morgan County",3,46,289,162,127
050,47,129,"Tennessee","Morgan County",3,47,290,167,123
050,47,129,"Tennessee","Morgan County",3,48,276,154,122
050,47,129,"Tennessee","Morgan County",3,49,300,170,130
050,47,129,"Tennessee","Morgan County",3,50,317,171,146
050,47,129,"Tennessee","Morgan County",3,51,336,184,152
050,47,129,"Tennessee","Morgan County",3,52,315,182,133
050,47,129,"Tennessee","Morgan County",3,53,287,168,119
050,47,129,"Tennessee","Morgan County",3,54,309,178,131
050,47,129,"Tennessee","Morgan County",3,55,306,155,151
050,47,129,"Tennessee","Morgan County",3,56,319,166,153
050,47,129,"Tennessee","Morgan County",3,57,330,176,154
050,47,129,"Tennessee","Morgan County",3,58,294,163,131
050,47,129,"Tennessee","Morgan County",3,59,282,153,129
050,47,129,"Tennessee","Morgan County",3,60,280,160,120
050,47,129,"Tennessee","Morgan County",3,61,258,134,124
050,47,129,"Tennessee","Morgan County",3,62,276,140,136
050,47,129,"Tennessee","Morgan County",3,63,299,149,150
050,47,129,"Tennessee","Morgan County",3,64,292,152,140
050,47,129,"Tennessee","Morgan County",3,65,274,137,137
050,47,129,"Tennessee","Morgan County",3,66,269,130,139
050,47,129,"Tennessee","Morgan County",3,67,279,136,143
050,47,129,"Tennessee","Morgan County",3,68,263,127,136
050,47,129,"Tennessee","Morgan County",3,69,246,122,124
050,47,129,"Tennessee","Morgan County",3,70,239,119,120
050,47,129,"Tennessee","Morgan County",3,71,224,104,120
050,47,129,"Tennessee","Morgan County",3,72,219,104,115
050,47,129,"Tennessee","Morgan County",3,73,215,105,110
050,47,129,"Tennessee","Morgan County",3,74,218,111,107
050,47,129,"Tennessee","Morgan County",3,75,163,77,86
050,47,129,"Tennessee","Morgan County",3,76,144,61,83
050,47,129,"Tennessee","Morgan County",3,77,130,57,73
050,47,129,"Tennessee","Morgan County",3,78,136,67,69
050,47,129,"Tennessee","Morgan County",3,79,125,64,61
050,47,129,"Tennessee","Morgan County",3,80,112,53,59
050,47,129,"Tennessee","Morgan County",3,81,91,43,48
050,47,129,"Tennessee","Morgan County",3,82,95,49,46
050,47,129,"Tennessee","Morgan County",3,83,83,42,41
050,47,129,"Tennessee","Morgan County",3,84,63,27,36
050,47,129,"Tennessee","Morgan County",3,85,341,135,206
050,47,129,"Tennessee","Morgan County",4,0,193,101,92
050,47,129,"Tennessee","Morgan County",4,1,155,71,84
050,47,129,"Tennessee","Morgan County",4,2,205,107,98
050,47,129,"Tennessee","Morgan County",4,3,221,114,107
050,47,129,"Tennessee","Morgan County",4,4,223,119,104
050,47,129,"Tennessee","Morgan County",4,5,230,113,117
050,47,129,"Tennessee","Morgan County",4,6,237,114,123
050,47,129,"Tennessee","Morgan County",4,7,234,112,122
050,47,129,"Tennessee","Morgan County",4,8,207,116,91
050,47,129,"Tennessee","Morgan County",4,9,242,130,112
050,47,129,"Tennessee","Morgan County",4,10,201,97,104
050,47,129,"Tennessee","Morgan County",4,11,226,122,104
050,47,129,"Tennessee","Morgan County",4,12,240,114,126
050,47,129,"Tennessee","Morgan County",4,13,231,118,113
050,47,129,"Tennessee","Morgan County",4,14,246,125,121
050,47,129,"Tennessee","Morgan County",4,15,273,147,126
050,47,129,"Tennessee","Morgan County",4,16,268,145,123
050,47,129,"Tennessee","Morgan County",4,17,246,130,116
050,47,129,"Tennessee","Morgan County",4,18,225,118,107
050,47,129,"Tennessee","Morgan County",4,19,180,103,77
050,47,129,"Tennessee","Morgan County",4,20,195,124,71
050,47,129,"Tennessee","Morgan County",4,21,225,136,89
050,47,129,"Tennessee","Morgan County",4,22,269,161,108
050,47,129,"Tennessee","Morgan County",4,23,278,161,117
050,47,129,"Tennessee","Morgan County",4,24,284,177,107
050,47,129,"Tennessee","Morgan County",4,25,282,168,114
050,47,129,"Tennessee","Morgan County",4,26,293,182,111
050,47,129,"Tennessee","Morgan County",4,27,288,182,106
050,47,129,"Tennessee","Morgan County",4,28,291,179,112
050,47,129,"Tennessee","Morgan County",4,29,276,176,100
050,47,129,"Tennessee","Morgan County",4,30,305,191,114
050,47,129,"Tennessee","Morgan County",4,31,324,199,125
050,47,129,"Tennessee","Morgan County",4,32,293,181,112
050,47,129,"Tennessee","Morgan County",4,33,281,171,110
050,47,129,"Tennessee","Morgan County",4,34,268,176,92
050,47,129,"Tennessee","Morgan County",4,35,233,135,98
050,47,129,"Tennessee","Morgan County",4,36,260,155,105
050,47,129,"Tennessee","Morgan County",4,37,260,145,115
050,47,129,"Tennessee","Morgan County",4,38,274,152,122
050,47,129,"Tennessee","Morgan County",4,39,275,168,107
050,47,129,"Tennessee","Morgan County",4,40,271,167,104
050,47,129,"Tennessee","Morgan County",4,41,267,156,111
050,47,129,"Tennessee","Morgan County",4,42,258,151,107
050,47,129,"Tennessee","Morgan County",4,43,269,162,107
050,47,129,"Tennessee","Morgan County",4,44,258,157,101
050,47,129,"Tennessee","Morgan County",4,45,279,168,111
050,47,129,"Tennessee","Morgan County",4,46,260,148,112
050,47,129,"Tennessee","Morgan County",4,47,282,160,122
050,47,129,"Tennessee","Morgan County",4,48,291,161,130
050,47,129,"Tennessee","Morgan County",4,49,277,154,123
050,47,129,"Tennessee","Morgan County",4,50,301,163,138
050,47,129,"Tennessee","Morgan County",4,51,329,182,147
050,47,129,"Tennessee","Morgan County",4,52,335,183,152
050,47,129,"Tennessee","Morgan County",4,53,313,170,143
050,47,129,"Tennessee","Morgan County",4,54,294,179,115
050,47,129,"Tennessee","Morgan County",4,55,308,180,128
050,47,129,"Tennessee","Morgan County",4,56,300,155,145
050,47,129,"Tennessee","Morgan County",4,57,328,167,161
050,47,129,"Tennessee","Morgan County",4,58,334,183,151
050,47,129,"Tennessee","Morgan County",4,59,296,156,140
050,47,129,"Tennessee","Morgan County",4,60,282,151,131
050,47,129,"Tennessee","Morgan County",4,61,275,154,121
050,47,129,"Tennessee","Morgan County",4,62,260,138,122
050,47,129,"Tennessee","Morgan County",4,63,274,132,142
050,47,129,"Tennessee","Morgan County",4,64,280,139,141
050,47,129,"Tennessee","Morgan County",4,65,286,142,144
050,47,129,"Tennessee","Morgan County",4,66,274,134,140
050,47,129,"Tennessee","Morgan County",4,67,274,132,142
050,47,129,"Tennessee","Morgan County",4,68,276,139,137
050,47,129,"Tennessee","Morgan County",4,69,258,122,136
050,47,129,"Tennessee","Morgan County",4,70,248,126,122
050,47,129,"Tennessee","Morgan County",4,71,236,118,118
050,47,129,"Tennessee","Morgan County",4,72,207,93,114
050,47,129,"Tennessee","Morgan County",4,73,219,106,113
050,47,129,"Tennessee","Morgan County",4,74,199,100,99
050,47,129,"Tennessee","Morgan County",4,75,212,114,98
050,47,129,"Tennessee","Morgan County",4,76,153,71,82
050,47,129,"Tennessee","Morgan County",4,77,142,62,80
050,47,129,"Tennessee","Morgan County",4,78,121,52,69
050,47,129,"Tennessee","Morgan County",4,79,126,59,67
050,47,129,"Tennessee","Morgan County",4,80,119,59,60
050,47,129,"Tennessee","Morgan County",4,81,99,46,53
050,47,129,"Tennessee","Morgan County",4,82,87,40,47
050,47,129,"Tennessee","Morgan County",4,83,83,44,39
050,47,129,"Tennessee","Morgan County",4,84,78,40,38
050,47,129,"Tennessee","Morgan County",4,85,352,136,216
050,47,129,"Tennessee","Morgan County",5,0,190,100,90
050,47,129,"Tennessee","Morgan County",5,1,216,103,113
050,47,129,"Tennessee","Morgan County",5,2,172,81,91
050,47,129,"Tennessee","Morgan County",5,3,212,110,102
050,47,129,"Tennessee","Morgan County",5,4,211,111,100
050,47,129,"Tennessee","Morgan County",5,5,234,119,115
050,47,129,"Tennessee","Morgan County",5,6,234,108,126
050,47,129,"Tennessee","Morgan County",5,7,250,116,134
050,47,129,"Tennessee","Morgan County",5,8,246,114,132
050,47,129,"Tennessee","Morgan County",5,9,215,120,95
050,47,129,"Tennessee","Morgan County",5,10,253,139,114
050,47,129,"Tennessee","Morgan County",5,11,224,109,115
050,47,129,"Tennessee","Morgan County",5,12,246,126,120
050,47,129,"Tennessee","Morgan County",5,13,264,122,142
050,47,129,"Tennessee","Morgan County",5,14,236,119,117
050,47,129,"Tennessee","Morgan County",5,15,263,135,128
050,47,129,"Tennessee","Morgan County",5,16,286,145,141
050,47,129,"Tennessee","Morgan County",5,17,269,144,125
050,47,129,"Tennessee","Morgan County",5,18,224,122,102
050,47,129,"Tennessee","Morgan County",5,19,186,103,83
050,47,129,"Tennessee","Morgan County",5,20,217,132,85
050,47,129,"Tennessee","Morgan County",5,21,228,140,88
050,47,129,"Tennessee","Morgan County",5,22,260,166,94
050,47,129,"Tennessee","Morgan County",5,23,259,159,100
050,47,129,"Tennessee","Morgan County",5,24,291,179,112
050,47,129,"Tennessee","Morgan County",5,25,259,154,105
050,47,129,"Tennessee","Morgan County",5,26,284,173,111
050,47,129,"Tennessee","Morgan County",5,27,323,208,115
050,47,129,"Tennessee","Morgan County",5,28,289,187,102
050,47,129,"Tennessee","Morgan County",5,29,297,174,123
050,47,129,"Tennessee","Morgan County",5,30,308,189,119
050,47,129,"Tennessee","Morgan County",5,31,292,179,113
050,47,129,"Tennessee","Morgan County",5,32,318,192,126
050,47,129,"Tennessee","Morgan County",5,33,310,190,120
050,47,129,"Tennessee","Morgan County",5,34,309,182,127
050,47,129,"Tennessee","Morgan County",5,35,262,162,100
050,47,129,"Tennessee","Morgan County",5,36,250,146,104
050,47,129,"Tennessee","Morgan County",5,37,242,143,99
050,47,129,"Tennessee","Morgan County",5,38,285,161,124
050,47,129,"Tennessee","Morgan County",5,39,286,155,131
050,47,129,"Tennessee","Morgan County",5,40,286,172,114
050,47,129,"Tennessee","Morgan County",5,41,269,165,104
050,47,129,"Tennessee","Morgan County",5,42,258,147,111
050,47,129,"Tennessee","Morgan County",5,43,274,157,117
050,47,129,"Tennessee","Morgan County",5,44,278,170,108
050,47,129,"Tennessee","Morgan County",5,45,258,156,102
050,47,129,"Tennessee","Morgan County",5,46,277,164,113
050,47,129,"Tennessee","Morgan County",5,47,259,145,114
050,47,129,"Tennessee","Morgan County",5,48,275,149,126
050,47,129,"Tennessee","Morgan County",5,49,295,166,129
050,47,129,"Tennessee","Morgan County",5,50,282,148,134
050,47,129,"Tennessee","Morgan County",5,51,313,173,140
050,47,129,"Tennessee","Morgan County",5,52,334,182,152
050,47,129,"Tennessee","Morgan County",5,53,322,176,146
050,47,129,"Tennessee","Morgan County",5,54,330,180,150
050,47,129,"Tennessee","Morgan County",5,55,282,167,115
050,47,129,"Tennessee","Morgan County",5,56,308,181,127
050,47,129,"Tennessee","Morgan County",5,57,301,157,144
050,47,129,"Tennessee","Morgan County",5,58,324,161,163
050,47,129,"Tennessee","Morgan County",5,59,323,177,146
050,47,129,"Tennessee","Morgan County",5,60,295,148,147
050,47,129,"Tennessee","Morgan County",5,61,281,148,133
050,47,129,"Tennessee","Morgan County",5,62,273,154,119
050,47,129,"Tennessee","Morgan County",5,63,262,130,132
050,47,129,"Tennessee","Morgan County",5,64,264,125,139
050,47,129,"Tennessee","Morgan County",5,65,283,134,149
050,47,129,"Tennessee","Morgan County",5,66,292,146,146
050,47,129,"Tennessee","Morgan County",5,67,273,132,141
050,47,129,"Tennessee","Morgan County",5,68,273,133,140
050,47,129,"Tennessee","Morgan County",5,69,275,137,138
050,47,129,"Tennessee","Morgan County",5,70,252,121,131
050,47,129,"Tennessee","Morgan County",5,71,240,123,117
050,47,129,"Tennessee","Morgan County",5,72,221,111,110
050,47,129,"Tennessee","Morgan County",5,73,201,90,111
050,47,129,"Tennessee","Morgan County",5,74,208,103,105
050,47,129,"Tennessee","Morgan County",5,75,195,103,92
050,47,129,"Tennessee","Morgan County",5,76,199,106,93
050,47,129,"Tennessee","Morgan County",5,77,146,70,76
050,47,129,"Tennessee","Morgan County",5,78,131,56,75
050,47,129,"Tennessee","Morgan County",5,79,108,44,64
050,47,129,"Tennessee","Morgan County",5,80,118,56,62
050,47,129,"Tennessee","Morgan County",5,81,107,52,55
050,47,129,"Tennessee","Morgan County",5,82,95,42,53
050,47,129,"Tennessee","Morgan County",5,83,75,34,41
050,47,129,"Tennessee","Morgan County",5,84,75,41,34
050,47,129,"Tennessee","Morgan County",5,85,383,153,230
050,47,131,"Tennessee","Obion County",1,0,352,178,174
050,47,131,"Tennessee","Obion County",1,1,373,188,185
050,47,131,"Tennessee","Obion County",1,2,355,175,180
050,47,131,"Tennessee","Obion County",1,3,348,179,169
050,47,131,"Tennessee","Obion County",1,4,375,189,186
050,47,131,"Tennessee","Obion County",1,5,349,190,159
050,47,131,"Tennessee","Obion County",1,6,362,193,169
050,47,131,"Tennessee","Obion County",1,7,359,189,170
050,47,131,"Tennessee","Obion County",1,8,392,205,187
050,47,131,"Tennessee","Obion County",1,9,376,195,181
050,47,131,"Tennessee","Obion County",1,10,380,193,187
050,47,131,"Tennessee","Obion County",1,11,400,215,185
050,47,131,"Tennessee","Obion County",1,12,393,195,198
050,47,131,"Tennessee","Obion County",1,13,378,178,200
050,47,131,"Tennessee","Obion County",1,14,374,183,191
050,47,131,"Tennessee","Obion County",1,15,385,191,194
050,47,131,"Tennessee","Obion County",1,16,417,195,222
050,47,131,"Tennessee","Obion County",1,17,413,207,206
050,47,131,"Tennessee","Obion County",1,18,365,193,172
050,47,131,"Tennessee","Obion County",1,19,291,153,138
050,47,131,"Tennessee","Obion County",1,20,315,160,155
050,47,131,"Tennessee","Obion County",1,21,343,173,170
050,47,131,"Tennessee","Obion County",1,22,348,174,174
050,47,131,"Tennessee","Obion County",1,23,358,160,198
050,47,131,"Tennessee","Obion County",1,24,361,177,184
050,47,131,"Tennessee","Obion County",1,25,386,191,195
050,47,131,"Tennessee","Obion County",1,26,341,168,173
050,47,131,"Tennessee","Obion County",1,27,350,176,174
050,47,131,"Tennessee","Obion County",1,28,376,191,185
050,47,131,"Tennessee","Obion County",1,29,382,189,193
050,47,131,"Tennessee","Obion County",1,30,363,174,189
050,47,131,"Tennessee","Obion County",1,31,342,170,172
050,47,131,"Tennessee","Obion County",1,32,305,144,161
050,47,131,"Tennessee","Obion County",1,33,305,152,153
050,47,131,"Tennessee","Obion County",1,34,333,173,160
050,47,131,"Tennessee","Obion County",1,35,369,172,197
050,47,131,"Tennessee","Obion County",1,36,368,171,197
050,47,131,"Tennessee","Obion County",1,37,352,176,176
050,47,131,"Tennessee","Obion County",1,38,356,164,192
050,47,131,"Tennessee","Obion County",1,39,380,188,192
050,47,131,"Tennessee","Obion County",1,40,385,196,189
050,47,131,"Tennessee","Obion County",1,41,345,164,181
050,47,131,"Tennessee","Obion County",1,42,346,168,178
050,47,131,"Tennessee","Obion County",1,43,337,166,171
050,47,131,"Tennessee","Obion County",1,44,361,188,173
050,47,131,"Tennessee","Obion County",1,45,357,178,179
050,47,131,"Tennessee","Obion County",1,46,368,187,181
050,47,131,"Tennessee","Obion County",1,47,382,185,197
050,47,131,"Tennessee","Obion County",1,48,423,217,206
050,47,131,"Tennessee","Obion County",1,49,455,232,223
050,47,131,"Tennessee","Obion County",1,50,410,208,202
050,47,131,"Tennessee","Obion County",1,51,403,213,190
050,47,131,"Tennessee","Obion County",1,52,397,195,202
050,47,131,"Tennessee","Obion County",1,53,399,184,215
050,47,131,"Tennessee","Obion County",1,54,377,187,190
050,47,131,"Tennessee","Obion County",1,55,392,189,203
050,47,131,"Tennessee","Obion County",1,56,380,176,204
050,47,131,"Tennessee","Obion County",1,57,409,197,212
050,47,131,"Tennessee","Obion County",1,58,432,213,219
050,47,131,"Tennessee","Obion County",1,59,441,222,219
050,47,131,"Tennessee","Obion County",1,60,429,215,214
050,47,131,"Tennessee","Obion County",1,61,449,212,237
050,47,131,"Tennessee","Obion County",1,62,461,219,242
050,47,131,"Tennessee","Obion County",1,63,423,202,221
050,47,131,"Tennessee","Obion County",1,64,425,210,215
050,47,131,"Tennessee","Obion County",1,65,428,208,220
050,47,131,"Tennessee","Obion County",1,66,404,188,216
050,47,131,"Tennessee","Obion County",1,67,395,188,207
050,47,131,"Tennessee","Obion County",1,68,373,171,202
050,47,131,"Tennessee","Obion County",1,69,379,172,207
050,47,131,"Tennessee","Obion County",1,70,361,176,185
050,47,131,"Tennessee","Obion County",1,71,359,177,182
050,47,131,"Tennessee","Obion County",1,72,348,170,178
050,47,131,"Tennessee","Obion County",1,73,383,195,188
050,47,131,"Tennessee","Obion County",1,74,286,141,145
050,47,131,"Tennessee","Obion County",1,75,277,128,149
050,47,131,"Tennessee","Obion County",1,76,285,124,161
050,47,131,"Tennessee","Obion County",1,77,268,114,154
050,47,131,"Tennessee","Obion County",1,78,216,92,124
050,47,131,"Tennessee","Obion County",1,79,198,87,111
050,47,131,"Tennessee","Obion County",1,80,181,83,98
050,47,131,"Tennessee","Obion County",1,81,169,78,91
050,47,131,"Tennessee","Obion County",1,82,164,72,92
050,47,131,"Tennessee","Obion County",1,83,135,52,83
050,47,131,"Tennessee","Obion County",1,84,117,42,75
050,47,131,"Tennessee","Obion County",1,85,611,201,410
050,47,131,"Tennessee","Obion County",2,0,342,178,164
050,47,131,"Tennessee","Obion County",2,1,366,184,182
050,47,131,"Tennessee","Obion County",2,2,358,180,178
050,47,131,"Tennessee","Obion County",2,3,351,179,172
050,47,131,"Tennessee","Obion County",2,4,369,188,181
050,47,131,"Tennessee","Obion County",2,5,356,190,166
050,47,131,"Tennessee","Obion County",2,6,357,192,165
050,47,131,"Tennessee","Obion County",2,7,360,191,169
050,47,131,"Tennessee","Obion County",2,8,381,199,182
050,47,131,"Tennessee","Obion County",2,9,379,197,182
050,47,131,"Tennessee","Obion County",2,10,379,193,186
050,47,131,"Tennessee","Obion County",2,11,390,208,182
050,47,131,"Tennessee","Obion County",2,12,394,199,195
050,47,131,"Tennessee","Obion County",2,13,381,182,199
050,47,131,"Tennessee","Obion County",2,14,377,182,195
050,47,131,"Tennessee","Obion County",2,15,387,191,196
050,47,131,"Tennessee","Obion County",2,16,412,196,216
050,47,131,"Tennessee","Obion County",2,17,415,205,210
050,47,131,"Tennessee","Obion County",2,18,360,187,173
050,47,131,"Tennessee","Obion County",2,19,293,153,140
050,47,131,"Tennessee","Obion County",2,20,316,162,154
050,47,131,"Tennessee","Obion County",2,21,342,172,170
050,47,131,"Tennessee","Obion County",2,22,357,177,180
050,47,131,"Tennessee","Obion County",2,23,356,163,193
050,47,131,"Tennessee","Obion County",2,24,361,173,188
050,47,131,"Tennessee","Obion County",2,25,381,189,192
050,47,131,"Tennessee","Obion County",2,26,350,173,177
050,47,131,"Tennessee","Obion County",2,27,350,174,176
050,47,131,"Tennessee","Obion County",2,28,369,187,182
050,47,131,"Tennessee","Obion County",2,29,379,188,191
050,47,131,"Tennessee","Obion County",2,30,369,177,192
050,47,131,"Tennessee","Obion County",2,31,348,171,177
050,47,131,"Tennessee","Obion County",2,32,312,150,162
050,47,131,"Tennessee","Obion County",2,33,304,150,154
050,47,131,"Tennessee","Obion County",2,34,327,167,160
050,47,131,"Tennessee","Obion County",2,35,365,174,191
050,47,131,"Tennessee","Obion County",2,36,366,172,194
050,47,131,"Tennessee","Obion County",2,37,357,175,182
050,47,131,"Tennessee","Obion County",2,38,356,167,189
050,47,131,"Tennessee","Obion County",2,39,373,182,191
050,47,131,"Tennessee","Obion County",2,40,386,195,191
050,47,131,"Tennessee","Obion County",2,41,354,172,182
050,47,131,"Tennessee","Obion County",2,42,340,163,177
050,47,131,"Tennessee","Obion County",2,43,342,168,174
050,47,131,"Tennessee","Obion County",2,44,353,182,171
050,47,131,"Tennessee","Obion County",2,45,363,185,178
050,47,131,"Tennessee","Obion County",2,46,362,183,179
050,47,131,"Tennessee","Obion County",2,47,376,184,192
050,47,131,"Tennessee","Obion County",2,48,415,210,205
050,47,131,"Tennessee","Obion County",2,49,451,230,221
050,47,131,"Tennessee","Obion County",2,50,421,214,207
050,47,131,"Tennessee","Obion County",2,51,400,209,191
050,47,131,"Tennessee","Obion County",2,52,396,198,198
050,47,131,"Tennessee","Obion County",2,53,400,187,213
050,47,131,"Tennessee","Obion County",2,54,381,186,195
050,47,131,"Tennessee","Obion County",2,55,389,187,202
050,47,131,"Tennessee","Obion County",2,56,383,180,203
050,47,131,"Tennessee","Obion County",2,57,404,193,211
050,47,131,"Tennessee","Obion County",2,58,425,208,217
050,47,131,"Tennessee","Obion County",2,59,439,219,220
050,47,131,"Tennessee","Obion County",2,60,433,218,215
050,47,131,"Tennessee","Obion County",2,61,441,211,230
050,47,131,"Tennessee","Obion County",2,62,457,218,239
050,47,131,"Tennessee","Obion County",2,63,435,209,226
050,47,131,"Tennessee","Obion County",2,64,418,204,214
050,47,131,"Tennessee","Obion County",2,65,424,204,220
050,47,131,"Tennessee","Obion County",2,66,406,189,217
050,47,131,"Tennessee","Obion County",2,67,393,187,206
050,47,131,"Tennessee","Obion County",2,68,373,172,201
050,47,131,"Tennessee","Obion County",2,69,380,172,208
050,47,131,"Tennessee","Obion County",2,70,361,174,187
050,47,131,"Tennessee","Obion County",2,71,361,177,184
050,47,131,"Tennessee","Obion County",2,72,342,166,176
050,47,131,"Tennessee","Obion County",2,73,392,198,194
050,47,131,"Tennessee","Obion County",2,74,288,142,146
050,47,131,"Tennessee","Obion County",2,75,277,131,146
050,47,131,"Tennessee","Obion County",2,76,278,124,154
050,47,131,"Tennessee","Obion County",2,77,277,118,159
050,47,131,"Tennessee","Obion County",2,78,221,93,128
050,47,131,"Tennessee","Obion County",2,79,200,85,115
050,47,131,"Tennessee","Obion County",2,80,182,83,99
050,47,131,"Tennessee","Obion County",2,81,170,77,93
050,47,131,"Tennessee","Obion County",2,82,164,74,90
050,47,131,"Tennessee","Obion County",2,83,142,56,86
050,47,131,"Tennessee","Obion County",2,84,119,44,75
050,47,131,"Tennessee","Obion County",2,85,616,207,409
050,47,131,"Tennessee","Obion County",3,0,314,166,148
050,47,131,"Tennessee","Obion County",3,1,339,180,159
050,47,131,"Tennessee","Obion County",3,2,353,180,173
050,47,131,"Tennessee","Obion County",3,3,351,176,175
050,47,131,"Tennessee","Obion County",3,4,347,167,180
050,47,131,"Tennessee","Obion County",3,5,376,180,196
050,47,131,"Tennessee","Obion County",3,6,373,197,176
050,47,131,"Tennessee","Obion County",3,7,362,190,172
050,47,131,"Tennessee","Obion County",3,8,367,191,176
050,47,131,"Tennessee","Obion County",3,9,383,202,181
050,47,131,"Tennessee","Obion County",3,10,372,191,181
050,47,131,"Tennessee","Obion County",3,11,377,193,184
050,47,131,"Tennessee","Obion County",3,12,388,210,178
050,47,131,"Tennessee","Obion County",3,13,386,196,190
050,47,131,"Tennessee","Obion County",3,14,382,181,201
050,47,131,"Tennessee","Obion County",3,15,384,188,196
050,47,131,"Tennessee","Obion County",3,16,377,188,189
050,47,131,"Tennessee","Obion County",3,17,409,197,212
050,47,131,"Tennessee","Obion County",3,18,353,187,166
050,47,131,"Tennessee","Obion County",3,19,292,151,141
050,47,131,"Tennessee","Obion County",3,20,313,163,150
050,47,131,"Tennessee","Obion County",3,21,338,173,165
050,47,131,"Tennessee","Obion County",3,22,347,176,171
050,47,131,"Tennessee","Obion County",3,23,367,187,180
050,47,131,"Tennessee","Obion County",3,24,349,151,198
050,47,131,"Tennessee","Obion County",3,25,365,177,188
050,47,131,"Tennessee","Obion County",3,26,386,186,200
050,47,131,"Tennessee","Obion County",3,27,329,164,165
050,47,131,"Tennessee","Obion County",3,28,361,172,189
050,47,131,"Tennessee","Obion County",3,29,362,180,182
050,47,131,"Tennessee","Obion County",3,30,393,208,185
050,47,131,"Tennessee","Obion County",3,31,365,173,192
050,47,131,"Tennessee","Obion County",3,32,357,174,183
050,47,131,"Tennessee","Obion County",3,33,313,157,156
050,47,131,"Tennessee","Obion County",3,34,295,143,152
050,47,131,"Tennessee","Obion County",3,35,329,166,163
050,47,131,"Tennessee","Obion County",3,36,357,177,180
050,47,131,"Tennessee","Obion County",3,37,356,168,188
050,47,131,"Tennessee","Obion County",3,38,351,169,182
050,47,131,"Tennessee","Obion County",3,39,355,166,189
050,47,131,"Tennessee","Obion County",3,40,375,184,191
050,47,131,"Tennessee","Obion County",3,41,392,196,196
050,47,131,"Tennessee","Obion County",3,42,351,172,179
050,47,131,"Tennessee","Obion County",3,43,341,161,180
050,47,131,"Tennessee","Obion County",3,44,341,173,168
050,47,131,"Tennessee","Obion County",3,45,340,172,168
050,47,131,"Tennessee","Obion County",3,46,359,178,181
050,47,131,"Tennessee","Obion County",3,47,356,178,178
050,47,131,"Tennessee","Obion County",3,48,374,188,186
050,47,131,"Tennessee","Obion County",3,49,423,222,201
050,47,131,"Tennessee","Obion County",3,50,455,236,219
050,47,131,"Tennessee","Obion County",3,51,419,208,211
050,47,131,"Tennessee","Obion County",3,52,416,215,201
050,47,131,"Tennessee","Obion County",3,53,404,200,204
050,47,131,"Tennessee","Obion County",3,54,389,177,212
050,47,131,"Tennessee","Obion County",3,55,377,179,198
050,47,131,"Tennessee","Obion County",3,56,370,177,193
050,47,131,"Tennessee","Obion County",3,57,374,173,201
050,47,131,"Tennessee","Obion County",3,58,398,191,207
050,47,131,"Tennessee","Obion County",3,59,422,206,216
050,47,131,"Tennessee","Obion County",3,60,421,211,210
050,47,131,"Tennessee","Obion County",3,61,428,206,222
050,47,131,"Tennessee","Obion County",3,62,443,212,231
050,47,131,"Tennessee","Obion County",3,63,450,215,235
050,47,131,"Tennessee","Obion County",3,64,422,199,223
050,47,131,"Tennessee","Obion County",3,65,420,207,213
050,47,131,"Tennessee","Obion County",3,66,410,197,213
050,47,131,"Tennessee","Obion County",3,67,397,188,209
050,47,131,"Tennessee","Obion County",3,68,377,176,201
050,47,131,"Tennessee","Obion County",3,69,364,163,201
050,47,131,"Tennessee","Obion County",3,70,369,166,203
050,47,131,"Tennessee","Obion County",3,71,349,162,187
050,47,131,"Tennessee","Obion County",3,72,337,165,172
050,47,131,"Tennessee","Obion County",3,73,324,151,173
050,47,131,"Tennessee","Obion County",3,74,375,187,188
050,47,131,"Tennessee","Obion County",3,75,274,131,143
050,47,131,"Tennessee","Obion County",3,76,265,123,142
050,47,131,"Tennessee","Obion County",3,77,256,115,141
050,47,131,"Tennessee","Obion County",3,78,263,109,154
050,47,131,"Tennessee","Obion County",3,79,207,86,121
050,47,131,"Tennessee","Obion County",3,80,184,82,102
050,47,131,"Tennessee","Obion County",3,81,164,70,94
050,47,131,"Tennessee","Obion County",3,82,156,70,86
050,47,131,"Tennessee","Obion County",3,83,146,69,77
050,47,131,"Tennessee","Obion County",3,84,124,47,77
050,47,131,"Tennessee","Obion County",3,85,585,197,388
050,47,131,"Tennessee","Obion County",4,0,350,172,178
050,47,131,"Tennessee","Obion County",4,1,319,164,155
050,47,131,"Tennessee","Obion County",4,2,335,165,170
050,47,131,"Tennessee","Obion County",4,3,360,189,171
050,47,131,"Tennessee","Obion County",4,4,352,169,183
050,47,131,"Tennessee","Obion County",4,5,349,165,184
050,47,131,"Tennessee","Obion County",4,6,375,186,189
050,47,131,"Tennessee","Obion County",4,7,374,201,173
050,47,131,"Tennessee","Obion County",4,8,370,192,178
050,47,131,"Tennessee","Obion County",4,9,373,189,184
050,47,131,"Tennessee","Obion County",4,10,380,198,182
050,47,131,"Tennessee","Obion County",4,11,375,195,180
050,47,131,"Tennessee","Obion County",4,12,377,187,190
050,47,131,"Tennessee","Obion County",4,13,401,217,184
050,47,131,"Tennessee","Obion County",4,14,397,197,200
050,47,131,"Tennessee","Obion County",4,15,387,181,206
050,47,131,"Tennessee","Obion County",4,16,380,186,194
050,47,131,"Tennessee","Obion County",4,17,392,192,200
050,47,131,"Tennessee","Obion County",4,18,347,165,182
050,47,131,"Tennessee","Obion County",4,19,269,141,128
050,47,131,"Tennessee","Obion County",4,20,312,161,151
050,47,131,"Tennessee","Obion County",4,21,321,165,156
050,47,131,"Tennessee","Obion County",4,22,349,172,177
050,47,131,"Tennessee","Obion County",4,23,338,176,162
050,47,131,"Tennessee","Obion County",4,24,367,195,172
050,47,131,"Tennessee","Obion County",4,25,351,148,203
050,47,131,"Tennessee","Obion County",4,26,361,173,188
050,47,131,"Tennessee","Obion County",4,27,383,188,195
050,47,131,"Tennessee","Obion County",4,28,336,161,175
050,47,131,"Tennessee","Obion County",4,29,358,172,186
050,47,131,"Tennessee","Obion County",4,30,370,189,181
050,47,131,"Tennessee","Obion County",4,31,387,205,182
050,47,131,"Tennessee","Obion County",4,32,367,173,194
050,47,131,"Tennessee","Obion County",4,33,371,181,190
050,47,131,"Tennessee","Obion County",4,34,326,161,165
050,47,131,"Tennessee","Obion County",4,35,302,148,154
050,47,131,"Tennessee","Obion County",4,36,336,171,165
050,47,131,"Tennessee","Obion County",4,37,361,176,185
050,47,131,"Tennessee","Obion County",4,38,361,166,195
050,47,131,"Tennessee","Obion County",4,39,339,161,178
050,47,131,"Tennessee","Obion County",4,40,371,179,192
050,47,131,"Tennessee","Obion County",4,41,382,191,191
050,47,131,"Tennessee","Obion County",4,42,383,193,190
050,47,131,"Tennessee","Obion County",4,43,346,174,172
050,47,131,"Tennessee","Obion County",4,44,338,163,175
050,47,131,"Tennessee","Obion County",4,45,344,170,174
050,47,131,"Tennessee","Obion County",4,46,343,171,172
050,47,131,"Tennessee","Obion County",4,47,357,176,181
050,47,131,"Tennessee","Obion County",4,48,354,178,176
050,47,131,"Tennessee","Obion County",4,49,377,186,191
050,47,131,"Tennessee","Obion County",4,50,418,217,201
050,47,131,"Tennessee","Obion County",4,51,450,235,215
050,47,131,"Tennessee","Obion County",4,52,434,221,213
050,47,131,"Tennessee","Obion County",4,53,423,213,210
050,47,131,"Tennessee","Obion County",4,54,400,199,201
050,47,131,"Tennessee","Obion County",4,55,391,178,213
050,47,131,"Tennessee","Obion County",4,56,375,171,204
050,47,131,"Tennessee","Obion County",4,57,370,178,192
050,47,131,"Tennessee","Obion County",4,58,371,170,201
050,47,131,"Tennessee","Obion County",4,59,398,194,204
050,47,131,"Tennessee","Obion County",4,60,417,209,208
050,47,131,"Tennessee","Obion County",4,61,405,201,204
050,47,131,"Tennessee","Obion County",4,62,417,198,219
050,47,131,"Tennessee","Obion County",4,63,427,202,225
050,47,131,"Tennessee","Obion County",4,64,440,204,236
050,47,131,"Tennessee","Obion County",4,65,411,193,218
050,47,131,"Tennessee","Obion County",4,66,408,199,209
050,47,131,"Tennessee","Obion County",4,67,409,193,216
050,47,131,"Tennessee","Obion County",4,68,395,189,206
050,47,131,"Tennessee","Obion County",4,69,357,164,193
050,47,131,"Tennessee","Obion County",4,70,356,162,194
050,47,131,"Tennessee","Obion County",4,71,361,161,200
050,47,131,"Tennessee","Obion County",4,72,326,153,173
050,47,131,"Tennessee","Obion County",4,73,323,160,163
050,47,131,"Tennessee","Obion County",4,74,311,145,166
050,47,131,"Tennessee","Obion County",4,75,356,177,179
050,47,131,"Tennessee","Obion County",4,76,262,121,141
050,47,131,"Tennessee","Obion County",4,77,255,117,138
050,47,131,"Tennessee","Obion County",4,78,240,106,134
050,47,131,"Tennessee","Obion County",4,79,245,98,147
050,47,131,"Tennessee","Obion County",4,80,190,80,110
050,47,131,"Tennessee","Obion County",4,81,168,75,93
050,47,131,"Tennessee","Obion County",4,82,152,66,86
050,47,131,"Tennessee","Obion County",4,83,135,63,72
050,47,131,"Tennessee","Obion County",4,84,130,62,68
050,47,131,"Tennessee","Obion County",4,85,595,199,396
050,47,131,"Tennessee","Obion County",5,0,357,177,180
050,47,131,"Tennessee","Obion County",5,1,362,178,184
050,47,131,"Tennessee","Obion County",5,2,333,175,158
050,47,131,"Tennessee","Obion County",5,3,349,166,183
050,47,131,"Tennessee","Obion County",5,4,376,202,174
050,47,131,"Tennessee","Obion County",5,5,354,175,179
050,47,131,"Tennessee","Obion County",5,6,354,166,188
050,47,131,"Tennessee","Obion County",5,7,380,188,192
050,47,131,"Tennessee","Obion County",5,8,374,202,172
050,47,131,"Tennessee","Obion County",5,9,370,196,174
050,47,131,"Tennessee","Obion County",5,10,360,184,176
050,47,131,"Tennessee","Obion County",5,11,395,206,189
050,47,131,"Tennessee","Obion County",5,12,377,198,179
050,47,131,"Tennessee","Obion County",5,13,370,183,187
050,47,131,"Tennessee","Obion County",5,14,400,213,187
050,47,131,"Tennessee","Obion County",5,15,395,196,199
050,47,131,"Tennessee","Obion County",5,16,383,177,206
050,47,131,"Tennessee","Obion County",5,17,375,183,192
050,47,131,"Tennessee","Obion County",5,18,333,167,166
050,47,131,"Tennessee","Obion County",5,19,275,131,144
050,47,131,"Tennessee","Obion County",5,20,309,157,152
050,47,131,"Tennessee","Obion County",5,21,333,167,166
050,47,131,"Tennessee","Obion County",5,22,322,161,161
050,47,131,"Tennessee","Obion County",5,23,381,193,188
050,47,131,"Tennessee","Obion County",5,24,331,175,156
050,47,131,"Tennessee","Obion County",5,25,366,203,163
050,47,131,"Tennessee","Obion County",5,26,362,153,209
050,47,131,"Tennessee","Obion County",5,27,354,163,191
050,47,131,"Tennessee","Obion County",5,28,387,188,199
050,47,131,"Tennessee","Obion County",5,29,337,161,176
050,47,131,"Tennessee","Obion County",5,30,362,174,188
050,47,131,"Tennessee","Obion County",5,31,368,189,179
050,47,131,"Tennessee","Obion County",5,32,391,203,188
050,47,131,"Tennessee","Obion County",5,33,365,174,191
050,47,131,"Tennessee","Obion County",5,34,381,186,195
050,47,131,"Tennessee","Obion County",5,35,344,166,178
050,47,131,"Tennessee","Obion County",5,36,307,148,159
050,47,131,"Tennessee","Obion County",5,37,335,173,162
050,47,131,"Tennessee","Obion County",5,38,353,173,180
050,47,131,"Tennessee","Obion County",5,39,358,164,194
050,47,131,"Tennessee","Obion County",5,40,345,162,183
050,47,131,"Tennessee","Obion County",5,41,365,176,189
050,47,131,"Tennessee","Obion County",5,42,373,181,192
050,47,131,"Tennessee","Obion County",5,43,381,192,189
050,47,131,"Tennessee","Obion County",5,44,340,170,170
050,47,131,"Tennessee","Obion County",5,45,326,152,174
050,47,131,"Tennessee","Obion County",5,46,339,167,172
050,47,131,"Tennessee","Obion County",5,47,340,174,166
050,47,131,"Tennessee","Obion County",5,48,357,175,182
050,47,131,"Tennessee","Obion County",5,49,358,180,178
050,47,131,"Tennessee","Obion County",5,50,387,189,198
050,47,131,"Tennessee","Obion County",5,51,418,213,205
050,47,131,"Tennessee","Obion County",5,52,460,239,221
050,47,131,"Tennessee","Obion County",5,53,448,223,225
050,47,131,"Tennessee","Obion County",5,54,424,215,209
050,47,131,"Tennessee","Obion County",5,55,400,201,199
050,47,131,"Tennessee","Obion County",5,56,385,176,209
050,47,131,"Tennessee","Obion County",5,57,379,171,208
050,47,131,"Tennessee","Obion County",5,58,378,185,193
050,47,131,"Tennessee","Obion County",5,59,385,178,207
050,47,131,"Tennessee","Obion County",5,60,403,203,200
050,47,131,"Tennessee","Obion County",5,61,410,210,200
050,47,131,"Tennessee","Obion County",5,62,394,195,199
050,47,131,"Tennessee","Obion County",5,63,404,198,206
050,47,131,"Tennessee","Obion County",5,64,412,190,222
050,47,131,"Tennessee","Obion County",5,65,426,195,231
050,47,131,"Tennessee","Obion County",5,66,404,188,216
050,47,131,"Tennessee","Obion County",5,67,401,194,207
050,47,131,"Tennessee","Obion County",5,68,389,183,206
050,47,131,"Tennessee","Obion County",5,69,388,181,207
050,47,131,"Tennessee","Obion County",5,70,347,162,185
050,47,131,"Tennessee","Obion County",5,71,357,160,197
050,47,131,"Tennessee","Obion County",5,72,338,151,187
050,47,131,"Tennessee","Obion County",5,73,314,147,167
050,47,131,"Tennessee","Obion County",5,74,314,153,161
050,47,131,"Tennessee","Obion County",5,75,294,137,157
050,47,131,"Tennessee","Obion County",5,76,338,167,171
050,47,131,"Tennessee","Obion County",5,77,251,117,134
050,47,131,"Tennessee","Obion County",5,78,245,113,132
050,47,131,"Tennessee","Obion County",5,79,231,102,129
050,47,131,"Tennessee","Obion County",5,80,226,91,135
050,47,131,"Tennessee","Obion County",5,81,180,71,109
050,47,131,"Tennessee","Obion County",5,82,161,73,88
050,47,131,"Tennessee","Obion County",5,83,135,57,78
050,47,131,"Tennessee","Obion County",5,84,125,57,68
050,47,131,"Tennessee","Obion County",5,85,618,223,395
050,47,133,"Tennessee","Overton County",1,0,238,120,118
050,47,133,"Tennessee","Overton County",1,1,233,117,116
050,47,133,"Tennessee","Overton County",1,2,237,127,110
050,47,133,"Tennessee","Overton County",1,3,247,139,108
050,47,133,"Tennessee","Overton County",1,4,241,119,122
050,47,133,"Tennessee","Overton County",1,5,260,141,119
050,47,133,"Tennessee","Overton County",1,6,257,143,114
050,47,133,"Tennessee","Overton County",1,7,239,121,118
050,47,133,"Tennessee","Overton County",1,8,277,145,132
050,47,133,"Tennessee","Overton County",1,9,262,136,126
050,47,133,"Tennessee","Overton County",1,10,262,135,127
050,47,133,"Tennessee","Overton County",1,11,291,147,144
050,47,133,"Tennessee","Overton County",1,12,311,160,151
050,47,133,"Tennessee","Overton County",1,13,293,155,138
050,47,133,"Tennessee","Overton County",1,14,303,162,141
050,47,133,"Tennessee","Overton County",1,15,309,167,142
050,47,133,"Tennessee","Overton County",1,16,313,169,144
050,47,133,"Tennessee","Overton County",1,17,296,163,133
050,47,133,"Tennessee","Overton County",1,18,250,134,116
050,47,133,"Tennessee","Overton County",1,19,207,103,104
050,47,133,"Tennessee","Overton County",1,20,212,112,100
050,47,133,"Tennessee","Overton County",1,21,229,121,108
050,47,133,"Tennessee","Overton County",1,22,243,120,123
050,47,133,"Tennessee","Overton County",1,23,252,125,127
050,47,133,"Tennessee","Overton County",1,24,276,137,139
050,47,133,"Tennessee","Overton County",1,25,280,144,136
050,47,133,"Tennessee","Overton County",1,26,280,140,140
050,47,133,"Tennessee","Overton County",1,27,270,142,128
050,47,133,"Tennessee","Overton County",1,28,312,171,141
050,47,133,"Tennessee","Overton County",1,29,289,175,114
050,47,133,"Tennessee","Overton County",1,30,282,149,133
050,47,133,"Tennessee","Overton County",1,31,248,114,134
050,47,133,"Tennessee","Overton County",1,32,211,95,116
050,47,133,"Tennessee","Overton County",1,33,238,113,125
050,47,133,"Tennessee","Overton County",1,34,235,115,120
050,47,133,"Tennessee","Overton County",1,35,222,114,108
050,47,133,"Tennessee","Overton County",1,36,219,111,108
050,47,133,"Tennessee","Overton County",1,37,250,129,121
050,47,133,"Tennessee","Overton County",1,38,262,132,130
050,47,133,"Tennessee","Overton County",1,39,268,140,128
050,47,133,"Tennessee","Overton County",1,40,286,137,149
050,47,133,"Tennessee","Overton County",1,41,258,128,130
050,47,133,"Tennessee","Overton County",1,42,270,146,124
050,47,133,"Tennessee","Overton County",1,43,276,146,130
050,47,133,"Tennessee","Overton County",1,44,262,135,127
050,47,133,"Tennessee","Overton County",1,45,276,142,134
050,47,133,"Tennessee","Overton County",1,46,265,122,143
050,47,133,"Tennessee","Overton County",1,47,306,153,153
050,47,133,"Tennessee","Overton County",1,48,315,164,151
050,47,133,"Tennessee","Overton County",1,49,293,140,153
050,47,133,"Tennessee","Overton County",1,50,291,143,148
050,47,133,"Tennessee","Overton County",1,51,305,152,153
050,47,133,"Tennessee","Overton County",1,52,325,169,156
050,47,133,"Tennessee","Overton County",1,53,303,146,157
050,47,133,"Tennessee","Overton County",1,54,309,143,166
050,47,133,"Tennessee","Overton County",1,55,335,175,160
050,47,133,"Tennessee","Overton County",1,56,352,174,178
050,47,133,"Tennessee","Overton County",1,57,282,136,146
050,47,133,"Tennessee","Overton County",1,58,300,154,146
050,47,133,"Tennessee","Overton County",1,59,311,167,144
050,47,133,"Tennessee","Overton County",1,60,317,142,175
050,47,133,"Tennessee","Overton County",1,61,335,154,181
050,47,133,"Tennessee","Overton County",1,62,346,174,172
050,47,133,"Tennessee","Overton County",1,63,322,159,163
050,47,133,"Tennessee","Overton County",1,64,303,153,150
050,47,133,"Tennessee","Overton County",1,65,314,153,161
050,47,133,"Tennessee","Overton County",1,66,306,147,159
050,47,133,"Tennessee","Overton County",1,67,304,149,155
050,47,133,"Tennessee","Overton County",1,68,270,140,130
050,47,133,"Tennessee","Overton County",1,69,272,136,136
050,47,133,"Tennessee","Overton County",1,70,269,132,137
050,47,133,"Tennessee","Overton County",1,71,293,135,158
050,47,133,"Tennessee","Overton County",1,72,287,134,153
050,47,133,"Tennessee","Overton County",1,73,266,130,136
050,47,133,"Tennessee","Overton County",1,74,201,93,108
050,47,133,"Tennessee","Overton County",1,75,191,77,114
050,47,133,"Tennessee","Overton County",1,76,194,86,108
050,47,133,"Tennessee","Overton County",1,77,189,88,101
050,47,133,"Tennessee","Overton County",1,78,158,70,88
050,47,133,"Tennessee","Overton County",1,79,139,53,86
050,47,133,"Tennessee","Overton County",1,80,123,52,71
050,47,133,"Tennessee","Overton County",1,81,120,57,63
050,47,133,"Tennessee","Overton County",1,82,105,47,58
050,47,133,"Tennessee","Overton County",1,83,99,44,55
050,47,133,"Tennessee","Overton County",1,84,87,46,41
050,47,133,"Tennessee","Overton County",1,85,375,150,225
050,47,133,"Tennessee","Overton County",2,0,241,121,120
050,47,133,"Tennessee","Overton County",2,1,236,118,118
050,47,133,"Tennessee","Overton County",2,2,240,126,114
050,47,133,"Tennessee","Overton County",2,3,245,136,109
050,47,133,"Tennessee","Overton County",2,4,246,127,119
050,47,133,"Tennessee","Overton County",2,5,257,136,121
050,47,133,"Tennessee","Overton County",2,6,260,143,117
050,47,133,"Tennessee","Overton County",2,7,244,127,117
050,47,133,"Tennessee","Overton County",2,8,267,138,129
050,47,133,"Tennessee","Overton County",2,9,266,139,127
050,47,133,"Tennessee","Overton County",2,10,265,137,128
050,47,133,"Tennessee","Overton County",2,11,284,144,140
050,47,133,"Tennessee","Overton County",2,12,307,158,149
050,47,133,"Tennessee","Overton County",2,13,298,157,141
050,47,133,"Tennessee","Overton County",2,14,302,161,141
050,47,133,"Tennessee","Overton County",2,15,305,163,142
050,47,133,"Tennessee","Overton County",2,16,314,169,145
050,47,133,"Tennessee","Overton County",2,17,302,165,137
050,47,133,"Tennessee","Overton County",2,18,248,135,113
050,47,133,"Tennessee","Overton County",2,19,205,104,101
050,47,133,"Tennessee","Overton County",2,20,219,115,104
050,47,133,"Tennessee","Overton County",2,21,229,119,110
050,47,133,"Tennessee","Overton County",2,22,244,123,121
050,47,133,"Tennessee","Overton County",2,23,253,127,126
050,47,133,"Tennessee","Overton County",2,24,272,135,137
050,47,133,"Tennessee","Overton County",2,25,281,143,138
050,47,133,"Tennessee","Overton County",2,26,281,141,140
050,47,133,"Tennessee","Overton County",2,27,279,147,132
050,47,133,"Tennessee","Overton County",2,28,301,166,135
050,47,133,"Tennessee","Overton County",2,29,295,174,121
050,47,133,"Tennessee","Overton County",2,30,287,157,130
050,47,133,"Tennessee","Overton County",2,31,258,123,135
050,47,133,"Tennessee","Overton County",2,32,221,100,121
050,47,133,"Tennessee","Overton County",2,33,231,109,122
050,47,133,"Tennessee","Overton County",2,34,235,114,121
050,47,133,"Tennessee","Overton County",2,35,228,116,112
050,47,133,"Tennessee","Overton County",2,36,222,113,109
050,47,133,"Tennessee","Overton County",2,37,245,127,118
050,47,133,"Tennessee","Overton County",2,38,260,132,128
050,47,133,"Tennessee","Overton County",2,39,266,136,130
050,47,133,"Tennessee","Overton County",2,40,285,140,145
050,47,133,"Tennessee","Overton County",2,41,264,130,134
050,47,133,"Tennessee","Overton County",2,42,267,142,125
050,47,133,"Tennessee","Overton County",2,43,275,145,130
050,47,133,"Tennessee","Overton County",2,44,264,137,127
050,47,133,"Tennessee","Overton County",2,45,275,142,133
050,47,133,"Tennessee","Overton County",2,46,267,127,140
050,47,133,"Tennessee","Overton County",2,47,299,147,152
050,47,133,"Tennessee","Overton County",2,48,313,161,152
050,47,133,"Tennessee","Overton County",2,49,300,147,153
050,47,133,"Tennessee","Overton County",2,50,295,144,151
050,47,133,"Tennessee","Overton County",2,51,303,150,153
050,47,133,"Tennessee","Overton County",2,52,320,164,156
050,47,133,"Tennessee","Overton County",2,53,310,152,158
050,47,133,"Tennessee","Overton County",2,54,306,142,164
050,47,133,"Tennessee","Overton County",2,55,333,169,164
050,47,133,"Tennessee","Overton County",2,56,352,176,176
050,47,133,"Tennessee","Overton County",2,57,303,146,157
050,47,133,"Tennessee","Overton County",2,58,301,153,148
050,47,133,"Tennessee","Overton County",2,59,312,167,145
050,47,133,"Tennessee","Overton County",2,60,315,146,169
050,47,133,"Tennessee","Overton County",2,61,330,151,179
050,47,133,"Tennessee","Overton County",2,62,347,171,176
050,47,133,"Tennessee","Overton County",2,63,330,164,166
050,47,133,"Tennessee","Overton County",2,64,304,153,151
050,47,133,"Tennessee","Overton County",2,65,310,152,158
050,47,133,"Tennessee","Overton County",2,66,313,150,163
050,47,133,"Tennessee","Overton County",2,67,305,150,155
050,47,133,"Tennessee","Overton County",2,68,279,143,136
050,47,133,"Tennessee","Overton County",2,69,273,139,134
050,47,133,"Tennessee","Overton County",2,70,271,133,138
050,47,133,"Tennessee","Overton County",2,71,284,132,152
050,47,133,"Tennessee","Overton County",2,72,280,131,149
050,47,133,"Tennessee","Overton County",2,73,281,136,145
050,47,133,"Tennessee","Overton County",2,74,202,95,107
050,47,133,"Tennessee","Overton County",2,75,192,80,112
050,47,133,"Tennessee","Overton County",2,76,189,81,108
050,47,133,"Tennessee","Overton County",2,77,190,88,102
050,47,133,"Tennessee","Overton County",2,78,159,71,88
050,47,133,"Tennessee","Overton County",2,79,140,56,84
050,47,133,"Tennessee","Overton County",2,80,123,51,72
050,47,133,"Tennessee","Overton County",2,81,115,55,60
050,47,133,"Tennessee","Overton County",2,82,106,49,57
050,47,133,"Tennessee","Overton County",2,83,98,44,54
050,47,133,"Tennessee","Overton County",2,84,86,44,42
050,47,133,"Tennessee","Overton County",2,85,385,159,226
050,47,133,"Tennessee","Overton County",3,0,250,122,128
050,47,133,"Tennessee","Overton County",3,1,245,117,128
050,47,133,"Tennessee","Overton County",3,2,253,122,131
050,47,133,"Tennessee","Overton County",3,3,242,128,114
050,47,133,"Tennessee","Overton County",3,4,244,130,114
050,47,133,"Tennessee","Overton County",3,5,236,124,112
050,47,133,"Tennessee","Overton County",3,6,262,137,125
050,47,133,"Tennessee","Overton County",3,7,256,140,116
050,47,133,"Tennessee","Overton County",3,8,246,130,116
050,47,133,"Tennessee","Overton County",3,9,272,143,129
050,47,133,"Tennessee","Overton County",3,10,280,145,135
050,47,133,"Tennessee","Overton County",3,11,272,143,129
050,47,133,"Tennessee","Overton County",3,12,298,150,148
050,47,133,"Tennessee","Overton County",3,13,314,160,154
050,47,133,"Tennessee","Overton County",3,14,312,167,145
050,47,133,"Tennessee","Overton County",3,15,308,166,142
050,47,133,"Tennessee","Overton County",3,16,303,161,142
050,47,133,"Tennessee","Overton County",3,17,331,179,152
050,47,133,"Tennessee","Overton County",3,18,269,150,119
050,47,133,"Tennessee","Overton County",3,19,191,106,85
050,47,133,"Tennessee","Overton County",3,20,226,119,107
050,47,133,"Tennessee","Overton County",3,21,226,118,108
050,47,133,"Tennessee","Overton County",3,22,249,134,115
050,47,133,"Tennessee","Overton County",3,23,274,139,135
050,47,133,"Tennessee","Overton County",3,24,241,115,126
050,47,133,"Tennessee","Overton County",3,25,280,138,142
050,47,133,"Tennessee","Overton County",3,26,287,143,144
050,47,133,"Tennessee","Overton County",3,27,296,155,141
050,47,133,"Tennessee","Overton County",3,28,268,140,128
050,47,133,"Tennessee","Overton County",3,29,313,177,136
050,47,133,"Tennessee","Overton County",3,30,302,181,121
050,47,133,"Tennessee","Overton County",3,31,283,155,128
050,47,133,"Tennessee","Overton County",3,32,263,125,138
050,47,133,"Tennessee","Overton County",3,33,230,111,119
050,47,133,"Tennessee","Overton County",3,34,232,112,120
050,47,133,"Tennessee","Overton County",3,35,253,115,138
050,47,133,"Tennessee","Overton County",3,36,228,115,113
050,47,133,"Tennessee","Overton County",3,37,231,118,113
050,47,133,"Tennessee","Overton County",3,38,246,124,122
050,47,133,"Tennessee","Overton County",3,39,268,132,136
050,47,133,"Tennessee","Overton County",3,40,276,140,136
050,47,133,"Tennessee","Overton County",3,41,277,140,137
050,47,133,"Tennessee","Overton County",3,42,272,132,140
050,47,133,"Tennessee","Overton County",3,43,269,139,130
050,47,133,"Tennessee","Overton County",3,44,283,150,133
050,47,133,"Tennessee","Overton County",3,45,259,136,123
050,47,133,"Tennessee","Overton County",3,46,273,137,136
050,47,133,"Tennessee","Overton County",3,47,258,122,136
050,47,133,"Tennessee","Overton County",3,48,300,147,153
050,47,133,"Tennessee","Overton County",3,49,322,169,153
050,47,133,"Tennessee","Overton County",3,50,298,144,154
050,47,133,"Tennessee","Overton County",3,51,298,146,152
050,47,133,"Tennessee","Overton County",3,52,308,156,152
050,47,133,"Tennessee","Overton County",3,53,316,161,155
050,47,133,"Tennessee","Overton County",3,54,315,154,161
050,47,133,"Tennessee","Overton County",3,55,318,152,166
050,47,133,"Tennessee","Overton County",3,56,344,174,170
050,47,133,"Tennessee","Overton County",3,57,355,180,175
050,47,133,"Tennessee","Overton County",3,58,316,151,165
050,47,133,"Tennessee","Overton County",3,59,318,163,155
050,47,133,"Tennessee","Overton County",3,60,323,172,151
050,47,133,"Tennessee","Overton County",3,61,327,152,175
050,47,133,"Tennessee","Overton County",3,62,340,153,187
050,47,133,"Tennessee","Overton County",3,63,347,172,175
050,47,133,"Tennessee","Overton County",3,64,339,171,168
050,47,133,"Tennessee","Overton County",3,65,298,152,146
050,47,133,"Tennessee","Overton County",3,66,309,149,160
050,47,133,"Tennessee","Overton County",3,67,312,153,159
050,47,133,"Tennessee","Overton County",3,68,294,144,150
050,47,133,"Tennessee","Overton County",3,69,272,136,136
050,47,133,"Tennessee","Overton County",3,70,267,131,136
050,47,133,"Tennessee","Overton County",3,71,271,136,135
050,47,133,"Tennessee","Overton County",3,72,280,127,153
050,47,133,"Tennessee","Overton County",3,73,280,130,150
050,47,133,"Tennessee","Overton County",3,74,275,130,145
050,47,133,"Tennessee","Overton County",3,75,196,93,103
050,47,133,"Tennessee","Overton County",3,76,184,72,112
050,47,133,"Tennessee","Overton County",3,77,168,71,97
050,47,133,"Tennessee","Overton County",3,78,171,78,93
050,47,133,"Tennessee","Overton County",3,79,151,69,82
050,47,133,"Tennessee","Overton County",3,80,124,50,74
050,47,133,"Tennessee","Overton County",3,81,115,43,72
050,47,133,"Tennessee","Overton County",3,82,92,46,46
050,47,133,"Tennessee","Overton County",3,83,99,42,57
050,47,133,"Tennessee","Overton County",3,84,80,33,47
050,47,133,"Tennessee","Overton County",3,85,362,153,209
050,47,133,"Tennessee","Overton County",4,0,238,121,117
050,47,133,"Tennessee","Overton County",4,1,275,137,138
050,47,133,"Tennessee","Overton County",4,2,248,113,135
050,47,133,"Tennessee","Overton County",4,3,245,119,126
050,47,133,"Tennessee","Overton County",4,4,249,128,121
050,47,133,"Tennessee","Overton County",4,5,250,134,116
050,47,133,"Tennessee","Overton County",4,6,247,124,123
050,47,133,"Tennessee","Overton County",4,7,253,130,123
050,47,133,"Tennessee","Overton County",4,8,269,147,122
050,47,133,"Tennessee","Overton County",4,9,236,125,111
050,47,133,"Tennessee","Overton County",4,10,266,140,126
050,47,133,"Tennessee","Overton County",4,11,288,149,139
050,47,133,"Tennessee","Overton County",4,12,275,148,127
050,47,133,"Tennessee","Overton County",4,13,292,153,139
050,47,133,"Tennessee","Overton County",4,14,310,164,146
050,47,133,"Tennessee","Overton County",4,15,308,166,142
050,47,133,"Tennessee","Overton County",4,16,306,168,138
050,47,133,"Tennessee","Overton County",4,17,299,161,138
050,47,133,"Tennessee","Overton County",4,18,282,159,123
050,47,133,"Tennessee","Overton County",4,19,210,119,91
050,47,133,"Tennessee","Overton County",4,20,204,114,90
050,47,133,"Tennessee","Overton County",4,21,239,125,114
050,47,133,"Tennessee","Overton County",4,22,242,126,116
050,47,133,"Tennessee","Overton County",4,23,282,149,133
050,47,133,"Tennessee","Overton County",4,24,286,145,141
050,47,133,"Tennessee","Overton County",4,25,249,125,124
050,47,133,"Tennessee","Overton County",4,26,288,133,155
050,47,133,"Tennessee","Overton County",4,27,310,158,152
050,47,133,"Tennessee","Overton County",4,28,297,155,142
050,47,133,"Tennessee","Overton County",4,29,271,142,129
050,47,133,"Tennessee","Overton County",4,30,302,171,131
050,47,133,"Tennessee","Overton County",4,31,295,176,119
050,47,133,"Tennessee","Overton County",4,32,270,147,123
050,47,133,"Tennessee","Overton County",4,33,253,122,131
050,47,133,"Tennessee","Overton County",4,34,228,110,118
050,47,133,"Tennessee","Overton County",4,35,235,114,121
050,47,133,"Tennessee","Overton County",4,36,257,117,140
050,47,133,"Tennessee","Overton County",4,37,228,112,116
050,47,133,"Tennessee","Overton County",4,38,230,115,115
050,47,133,"Tennessee","Overton County",4,39,262,133,129
050,47,133,"Tennessee","Overton County",4,40,286,144,142
050,47,133,"Tennessee","Overton County",4,41,267,135,132
050,47,133,"Tennessee","Overton County",4,42,282,145,137
050,47,133,"Tennessee","Overton County",4,43,275,137,138
050,47,133,"Tennessee","Overton County",4,44,274,138,136
050,47,133,"Tennessee","Overton County",4,45,285,151,134
050,47,133,"Tennessee","Overton County",4,46,265,136,129
050,47,133,"Tennessee","Overton County",4,47,269,130,139
050,47,133,"Tennessee","Overton County",4,48,255,128,127
050,47,133,"Tennessee","Overton County",4,49,301,146,155
050,47,133,"Tennessee","Overton County",4,50,342,176,166
050,47,133,"Tennessee","Overton County",4,51,319,152,167
050,47,133,"Tennessee","Overton County",4,52,300,143,157
050,47,133,"Tennessee","Overton County",4,53,306,155,151
050,47,133,"Tennessee","Overton County",4,54,331,171,160
050,47,133,"Tennessee","Overton County",4,55,327,156,171
050,47,133,"Tennessee","Overton County",4,56,325,157,168
050,47,133,"Tennessee","Overton County",4,57,351,173,178
050,47,133,"Tennessee","Overton County",4,58,370,186,184
050,47,133,"Tennessee","Overton County",4,59,324,158,166
050,47,133,"Tennessee","Overton County",4,60,323,167,156
050,47,133,"Tennessee","Overton County",4,61,333,180,153
050,47,133,"Tennessee","Overton County",4,62,328,156,172
050,47,133,"Tennessee","Overton County",4,63,347,155,192
050,47,133,"Tennessee","Overton County",4,64,349,172,177
050,47,133,"Tennessee","Overton County",4,65,336,169,167
050,47,133,"Tennessee","Overton County",4,66,301,159,142
050,47,133,"Tennessee","Overton County",4,67,311,151,160
050,47,133,"Tennessee","Overton County",4,68,300,144,156
050,47,133,"Tennessee","Overton County",4,69,288,141,147
050,47,133,"Tennessee","Overton County",4,70,259,122,137
050,47,133,"Tennessee","Overton County",4,71,256,123,133
050,47,133,"Tennessee","Overton County",4,72,271,136,135
050,47,133,"Tennessee","Overton County",4,73,281,122,159
050,47,133,"Tennessee","Overton County",4,74,268,123,145
050,47,133,"Tennessee","Overton County",4,75,248,113,135
050,47,133,"Tennessee","Overton County",4,76,193,90,103
050,47,133,"Tennessee","Overton County",4,77,176,71,105
050,47,133,"Tennessee","Overton County",4,78,164,68,96
050,47,133,"Tennessee","Overton County",4,79,153,70,83
050,47,133,"Tennessee","Overton County",4,80,145,66,79
050,47,133,"Tennessee","Overton County",4,81,111,45,66
050,47,133,"Tennessee","Overton County",4,82,98,36,62
050,47,133,"Tennessee","Overton County",4,83,79,34,45
050,47,133,"Tennessee","Overton County",4,84,83,35,48
050,47,133,"Tennessee","Overton County",4,85,364,150,214
050,47,133,"Tennessee","Overton County",5,0,239,124,115
050,47,133,"Tennessee","Overton County",5,1,250,126,124
050,47,133,"Tennessee","Overton County",5,2,290,145,145
050,47,133,"Tennessee","Overton County",5,3,259,121,138
050,47,133,"Tennessee","Overton County",5,4,249,120,129
050,47,133,"Tennessee","Overton County",5,5,256,130,126
050,47,133,"Tennessee","Overton County",5,6,248,130,118
050,47,133,"Tennessee","Overton County",5,7,253,128,125
050,47,133,"Tennessee","Overton County",5,8,260,134,126
050,47,133,"Tennessee","Overton County",5,9,260,142,118
050,47,133,"Tennessee","Overton County",5,10,252,131,121
050,47,133,"Tennessee","Overton County",5,11,269,142,127
050,47,133,"Tennessee","Overton County",5,12,293,150,143
050,47,133,"Tennessee","Overton County",5,13,280,150,130
050,47,133,"Tennessee","Overton County",5,14,293,152,141
050,47,133,"Tennessee","Overton County",5,15,307,162,145
050,47,133,"Tennessee","Overton County",5,16,312,166,146
050,47,133,"Tennessee","Overton County",5,17,309,167,142
050,47,133,"Tennessee","Overton County",5,18,255,137,118
050,47,133,"Tennessee","Overton County",5,19,222,125,97
050,47,133,"Tennessee","Overton County",5,20,231,130,101
050,47,133,"Tennessee","Overton County",5,21,225,118,107
050,47,133,"Tennessee","Overton County",5,22,266,136,130
050,47,133,"Tennessee","Overton County",5,23,263,137,126
050,47,133,"Tennessee","Overton County",5,24,293,153,140
050,47,133,"Tennessee","Overton County",5,25,281,140,141
050,47,133,"Tennessee","Overton County",5,26,267,135,132
050,47,133,"Tennessee","Overton County",5,27,307,141,166
050,47,133,"Tennessee","Overton County",5,28,313,165,148
050,47,133,"Tennessee","Overton County",5,29,308,158,150
050,47,133,"Tennessee","Overton County",5,30,271,145,126
050,47,133,"Tennessee","Overton County",5,31,302,168,134
050,47,133,"Tennessee","Overton County",5,32,312,176,136
050,47,133,"Tennessee","Overton County",5,33,280,159,121
050,47,133,"Tennessee","Overton County",5,34,259,124,135
050,47,133,"Tennessee","Overton County",5,35,227,112,115
050,47,133,"Tennessee","Overton County",5,36,241,113,128
050,47,133,"Tennessee","Overton County",5,37,253,117,136
050,47,133,"Tennessee","Overton County",5,38,221,109,112
050,47,133,"Tennessee","Overton County",5,39,241,127,114
050,47,133,"Tennessee","Overton County",5,40,255,129,126
050,47,133,"Tennessee","Overton County",5,41,282,143,139
050,47,133,"Tennessee","Overton County",5,42,269,137,132
050,47,133,"Tennessee","Overton County",5,43,281,149,132
050,47,133,"Tennessee","Overton County",5,44,288,138,150
050,47,133,"Tennessee","Overton County",5,45,282,148,134
050,47,133,"Tennessee","Overton County",5,46,286,147,139
050,47,133,"Tennessee","Overton County",5,47,272,142,130
050,47,133,"Tennessee","Overton County",5,48,280,138,142
050,47,133,"Tennessee","Overton County",5,49,263,132,131
050,47,133,"Tennessee","Overton County",5,50,314,150,164
050,47,133,"Tennessee","Overton County",5,51,346,179,167
050,47,133,"Tennessee","Overton County",5,52,324,152,172
050,47,133,"Tennessee","Overton County",5,53,313,146,167
050,47,133,"Tennessee","Overton County",5,54,317,162,155
050,47,133,"Tennessee","Overton County",5,55,329,174,155
050,47,133,"Tennessee","Overton County",5,56,337,160,177
050,47,133,"Tennessee","Overton County",5,57,349,171,178
050,47,133,"Tennessee","Overton County",5,58,368,180,188
050,47,133,"Tennessee","Overton County",5,59,373,187,186
050,47,133,"Tennessee","Overton County",5,60,334,161,173
050,47,133,"Tennessee","Overton County",5,61,329,174,155
050,47,133,"Tennessee","Overton County",5,62,333,182,151
050,47,133,"Tennessee","Overton County",5,63,331,158,173
050,47,133,"Tennessee","Overton County",5,64,347,152,195
050,47,133,"Tennessee","Overton County",5,65,351,172,179
050,47,133,"Tennessee","Overton County",5,66,335,170,165
050,47,133,"Tennessee","Overton County",5,67,305,162,143
050,47,133,"Tennessee","Overton County",5,68,304,141,163
050,47,133,"Tennessee","Overton County",5,69,296,143,153
050,47,133,"Tennessee","Overton County",5,70,284,138,146
050,47,133,"Tennessee","Overton County",5,71,255,118,137
050,47,133,"Tennessee","Overton County",5,72,251,122,129
050,47,133,"Tennessee","Overton County",5,73,256,129,127
050,47,133,"Tennessee","Overton County",5,74,262,113,149
050,47,133,"Tennessee","Overton County",5,75,253,110,143
050,47,133,"Tennessee","Overton County",5,76,246,106,140
050,47,133,"Tennessee","Overton County",5,77,180,85,95
050,47,133,"Tennessee","Overton County",5,78,175,67,108
050,47,133,"Tennessee","Overton County",5,79,154,63,91
050,47,133,"Tennessee","Overton County",5,80,145,67,78
050,47,133,"Tennessee","Overton County",5,81,131,58,73
050,47,133,"Tennessee","Overton County",5,82,92,35,57
050,47,133,"Tennessee","Overton County",5,83,84,27,57
050,47,133,"Tennessee","Overton County",5,84,68,29,39
050,47,133,"Tennessee","Overton County",5,85,381,150,231
050,47,135,"Tennessee","Perry County",1,0,108,54,54
050,47,135,"Tennessee","Perry County",1,1,117,56,61
050,47,135,"Tennessee","Perry County",1,2,115,65,50
050,47,135,"Tennessee","Perry County",1,3,99,49,50
050,47,135,"Tennessee","Perry County",1,4,104,56,48
050,47,135,"Tennessee","Perry County",1,5,110,61,49
050,47,135,"Tennessee","Perry County",1,6,102,50,52
050,47,135,"Tennessee","Perry County",1,7,117,57,60
050,47,135,"Tennessee","Perry County",1,8,100,52,48
050,47,135,"Tennessee","Perry County",1,9,95,50,45
050,47,135,"Tennessee","Perry County",1,10,87,42,45
050,47,135,"Tennessee","Perry County",1,11,106,51,55
050,47,135,"Tennessee","Perry County",1,12,113,59,54
050,47,135,"Tennessee","Perry County",1,13,106,54,52
050,47,135,"Tennessee","Perry County",1,14,94,47,47
050,47,135,"Tennessee","Perry County",1,15,103,52,51
050,47,135,"Tennessee","Perry County",1,16,112,56,56
050,47,135,"Tennessee","Perry County",1,17,98,58,40
050,47,135,"Tennessee","Perry County",1,18,77,41,36
050,47,135,"Tennessee","Perry County",1,19,68,37,31
050,47,135,"Tennessee","Perry County",1,20,75,46,29
050,47,135,"Tennessee","Perry County",1,21,87,51,36
050,47,135,"Tennessee","Perry County",1,22,95,50,45
050,47,135,"Tennessee","Perry County",1,23,101,56,45
050,47,135,"Tennessee","Perry County",1,24,91,55,36
050,47,135,"Tennessee","Perry County",1,25,103,54,49
050,47,135,"Tennessee","Perry County",1,26,96,49,47
050,47,135,"Tennessee","Perry County",1,27,101,52,49
050,47,135,"Tennessee","Perry County",1,28,86,37,49
050,47,135,"Tennessee","Perry County",1,29,107,53,54
050,47,135,"Tennessee","Perry County",1,30,102,50,52
050,47,135,"Tennessee","Perry County",1,31,103,49,54
050,47,135,"Tennessee","Perry County",1,32,89,43,46
050,47,135,"Tennessee","Perry County",1,33,93,47,46
050,47,135,"Tennessee","Perry County",1,34,86,47,39
050,47,135,"Tennessee","Perry County",1,35,84,49,35
050,47,135,"Tennessee","Perry County",1,36,102,56,46
050,47,135,"Tennessee","Perry County",1,37,85,43,42
050,47,135,"Tennessee","Perry County",1,38,89,51,38
050,47,135,"Tennessee","Perry County",1,39,105,54,51
050,47,135,"Tennessee","Perry County",1,40,81,36,45
050,47,135,"Tennessee","Perry County",1,41,88,41,47
050,47,135,"Tennessee","Perry County",1,42,113,47,66
050,47,135,"Tennessee","Perry County",1,43,103,53,50
050,47,135,"Tennessee","Perry County",1,44,100,47,53
050,47,135,"Tennessee","Perry County",1,45,101,46,55
050,47,135,"Tennessee","Perry County",1,46,92,41,51
050,47,135,"Tennessee","Perry County",1,47,98,51,47
050,47,135,"Tennessee","Perry County",1,48,103,58,45
050,47,135,"Tennessee","Perry County",1,49,115,68,47
050,47,135,"Tennessee","Perry County",1,50,106,55,51
050,47,135,"Tennessee","Perry County",1,51,96,47,49
050,47,135,"Tennessee","Perry County",1,52,109,52,57
050,47,135,"Tennessee","Perry County",1,53,108,55,53
050,47,135,"Tennessee","Perry County",1,54,106,59,47
050,47,135,"Tennessee","Perry County",1,55,113,56,57
050,47,135,"Tennessee","Perry County",1,56,114,57,57
050,47,135,"Tennessee","Perry County",1,57,103,61,42
050,47,135,"Tennessee","Perry County",1,58,110,57,53
050,47,135,"Tennessee","Perry County",1,59,121,57,64
050,47,135,"Tennessee","Perry County",1,60,111,56,55
050,47,135,"Tennessee","Perry County",1,61,115,58,57
050,47,135,"Tennessee","Perry County",1,62,130,63,67
050,47,135,"Tennessee","Perry County",1,63,127,64,63
050,47,135,"Tennessee","Perry County",1,64,127,64,63
050,47,135,"Tennessee","Perry County",1,65,116,57,59
050,47,135,"Tennessee","Perry County",1,66,107,64,43
050,47,135,"Tennessee","Perry County",1,67,107,54,53
050,47,135,"Tennessee","Perry County",1,68,101,44,57
050,47,135,"Tennessee","Perry County",1,69,96,47,49
050,47,135,"Tennessee","Perry County",1,70,111,51,60
050,47,135,"Tennessee","Perry County",1,71,105,51,54
050,47,135,"Tennessee","Perry County",1,72,101,55,46
050,47,135,"Tennessee","Perry County",1,73,106,58,48
050,47,135,"Tennessee","Perry County",1,74,81,39,42
050,47,135,"Tennessee","Perry County",1,75,86,37,49
050,47,135,"Tennessee","Perry County",1,76,82,41,41
050,47,135,"Tennessee","Perry County",1,77,77,33,44
050,47,135,"Tennessee","Perry County",1,78,71,35,36
050,47,135,"Tennessee","Perry County",1,79,46,18,28
050,47,135,"Tennessee","Perry County",1,80,49,24,25
050,47,135,"Tennessee","Perry County",1,81,42,21,21
050,47,135,"Tennessee","Perry County",1,82,42,20,22
050,47,135,"Tennessee","Perry County",1,83,29,15,14
050,47,135,"Tennessee","Perry County",1,84,36,18,18
050,47,135,"Tennessee","Perry County",1,85,190,76,114
050,47,135,"Tennessee","Perry County",2,0,103,51,52
050,47,135,"Tennessee","Perry County",2,1,115,55,60
050,47,135,"Tennessee","Perry County",2,2,115,62,53
050,47,135,"Tennessee","Perry County",2,3,101,52,49
050,47,135,"Tennessee","Perry County",2,4,105,56,49
050,47,135,"Tennessee","Perry County",2,5,107,60,47
050,47,135,"Tennessee","Perry County",2,6,105,53,52
050,47,135,"Tennessee","Perry County",2,7,114,55,59
050,47,135,"Tennessee","Perry County",2,8,102,51,51
050,47,135,"Tennessee","Perry County",2,9,96,51,45
050,47,135,"Tennessee","Perry County",2,10,90,45,45
050,47,135,"Tennessee","Perry County",2,11,101,48,53
050,47,135,"Tennessee","Perry County",2,12,110,56,54
050,47,135,"Tennessee","Perry County",2,13,107,55,52
050,47,135,"Tennessee","Perry County",2,14,98,50,48
050,47,135,"Tennessee","Perry County",2,15,101,50,51
050,47,135,"Tennessee","Perry County",2,16,110,55,55
050,47,135,"Tennessee","Perry County",2,17,100,58,42
050,47,135,"Tennessee","Perry County",2,18,77,43,34
050,47,135,"Tennessee","Perry County",2,19,67,36,31
050,47,135,"Tennessee","Perry County",2,20,77,45,32
050,47,135,"Tennessee","Perry County",2,21,86,51,35
050,47,135,"Tennessee","Perry County",2,22,96,51,45
050,47,135,"Tennessee","Perry County",2,23,97,55,42
050,47,135,"Tennessee","Perry County",2,24,95,57,38
050,47,135,"Tennessee","Perry County",2,25,101,55,46
050,47,135,"Tennessee","Perry County",2,26,96,49,47
050,47,135,"Tennessee","Perry County",2,27,100,51,49
050,47,135,"Tennessee","Perry County",2,28,92,41,51
050,47,135,"Tennessee","Perry County",2,29,101,49,52
050,47,135,"Tennessee","Perry County",2,30,106,52,54
050,47,135,"Tennessee","Perry County",2,31,100,48,52
050,47,135,"Tennessee","Perry County",2,32,92,44,48
050,47,135,"Tennessee","Perry County",2,33,92,47,45
050,47,135,"Tennessee","Perry County",2,34,87,47,40
050,47,135,"Tennessee","Perry County",2,35,87,50,37
050,47,135,"Tennessee","Perry County",2,36,97,54,43
050,47,135,"Tennessee","Perry County",2,37,89,46,43
050,47,135,"Tennessee","Perry County",2,38,89,50,39
050,47,135,"Tennessee","Perry County",2,39,100,53,47
050,47,135,"Tennessee","Perry County",2,40,86,39,47
050,47,135,"Tennessee","Perry County",2,41,87,40,47
050,47,135,"Tennessee","Perry County",2,42,107,46,61
050,47,135,"Tennessee","Perry County",2,43,106,53,53
050,47,135,"Tennessee","Perry County",2,44,99,47,52
050,47,135,"Tennessee","Perry County",2,45,100,46,54
050,47,135,"Tennessee","Perry County",2,46,94,43,51
050,47,135,"Tennessee","Perry County",2,47,95,48,47
050,47,135,"Tennessee","Perry County",2,48,101,56,45
050,47,135,"Tennessee","Perry County",2,49,113,66,47
050,47,135,"Tennessee","Perry County",2,50,106,58,48
050,47,135,"Tennessee","Perry County",2,51,100,49,51
050,47,135,"Tennessee","Perry County",2,52,107,51,56
050,47,135,"Tennessee","Perry County",2,53,110,55,55
050,47,135,"Tennessee","Perry County",2,54,105,57,48
050,47,135,"Tennessee","Perry County",2,55,112,57,55
050,47,135,"Tennessee","Perry County",2,56,114,57,57
050,47,135,"Tennessee","Perry County",2,57,105,60,45
050,47,135,"Tennessee","Perry County",2,58,108,58,50
050,47,135,"Tennessee","Perry County",2,59,119,58,61
050,47,135,"Tennessee","Perry County",2,60,112,56,56
050,47,135,"Tennessee","Perry County",2,61,115,58,57
050,47,135,"Tennessee","Perry County",2,62,126,62,64
050,47,135,"Tennessee","Perry County",2,63,128,62,66
050,47,135,"Tennessee","Perry County",2,64,126,63,63
050,47,135,"Tennessee","Perry County",2,65,117,59,58
050,47,135,"Tennessee","Perry County",2,66,110,63,47
050,47,135,"Tennessee","Perry County",2,67,107,56,51
050,47,135,"Tennessee","Perry County",2,68,102,46,56
050,47,135,"Tennessee","Perry County",2,69,95,45,50
050,47,135,"Tennessee","Perry County",2,70,107,51,56
050,47,135,"Tennessee","Perry County",2,71,106,51,55
050,47,135,"Tennessee","Perry County",2,72,100,52,48
050,47,135,"Tennessee","Perry County",2,73,108,59,49
050,47,135,"Tennessee","Perry County",2,74,83,42,41
050,47,135,"Tennessee","Perry County",2,75,85,37,48
050,47,135,"Tennessee","Perry County",2,76,85,41,44
050,47,135,"Tennessee","Perry County",2,77,79,34,45
050,47,135,"Tennessee","Perry County",2,78,68,33,35
050,47,135,"Tennessee","Perry County",2,79,52,23,29
050,47,135,"Tennessee","Perry County",2,80,47,22,25
050,47,135,"Tennessee","Perry County",2,81,44,22,22
050,47,135,"Tennessee","Perry County",2,82,42,20,22
050,47,135,"Tennessee","Perry County",2,83,31,16,15
050,47,135,"Tennessee","Perry County",2,84,34,17,17
050,47,135,"Tennessee","Perry County",2,85,194,80,114
050,47,135,"Tennessee","Perry County",3,0,104,59,45
050,47,135,"Tennessee","Perry County",3,1,108,50,58
050,47,135,"Tennessee","Perry County",3,2,122,60,62
050,47,135,"Tennessee","Perry County",3,3,108,56,52
050,47,135,"Tennessee","Perry County",3,4,98,51,47
050,47,135,"Tennessee","Perry County",3,5,105,55,50
050,47,135,"Tennessee","Perry County",3,6,103,55,48
050,47,135,"Tennessee","Perry County",3,7,117,60,57
050,47,135,"Tennessee","Perry County",3,8,108,51,57
050,47,135,"Tennessee","Perry County",3,9,107,52,55
050,47,135,"Tennessee","Perry County",3,10,95,48,47
050,47,135,"Tennessee","Perry County",3,11,94,49,45
050,47,135,"Tennessee","Perry County",3,12,99,45,54
050,47,135,"Tennessee","Perry County",3,13,110,55,55
050,47,135,"Tennessee","Perry County",3,14,109,50,59
050,47,135,"Tennessee","Perry County",3,15,100,52,48
050,47,135,"Tennessee","Perry County",3,16,101,50,51
050,47,135,"Tennessee","Perry County",3,17,109,59,50
050,47,135,"Tennessee","Perry County",3,18,88,53,35
050,47,135,"Tennessee","Perry County",3,19,58,34,24
050,47,135,"Tennessee","Perry County",3,20,72,39,33
050,47,135,"Tennessee","Perry County",3,21,81,46,35
050,47,135,"Tennessee","Perry County",3,22,90,53,37
050,47,135,"Tennessee","Perry County",3,23,104,58,46
050,47,135,"Tennessee","Perry County",3,24,96,55,41
050,47,135,"Tennessee","Perry County",3,25,111,61,50
050,47,135,"Tennessee","Perry County",3,26,101,52,49
050,47,135,"Tennessee","Perry County",3,27,98,50,48
050,47,135,"Tennessee","Perry County",3,28,107,51,56
050,47,135,"Tennessee","Perry County",3,29,87,44,43
050,47,135,"Tennessee","Perry County",3,30,103,44,59
050,47,135,"Tennessee","Perry County",3,31,103,54,49
050,47,135,"Tennessee","Perry County",3,32,102,53,49
050,47,135,"Tennessee","Perry County",3,33,94,45,49
050,47,135,"Tennessee","Perry County",3,34,88,46,42
050,47,135,"Tennessee","Perry County",3,35,97,53,44
050,47,135,"Tennessee","Perry County",3,36,91,55,36
050,47,135,"Tennessee","Perry County",3,37,94,50,44
050,47,135,"Tennessee","Perry County",3,38,96,51,45
050,47,135,"Tennessee","Perry County",3,39,100,59,41
050,47,135,"Tennessee","Perry County",3,40,90,44,46
050,47,135,"Tennessee","Perry County",3,41,95,43,52
050,47,135,"Tennessee","Perry County",3,42,89,40,49
050,47,135,"Tennessee","Perry County",3,43,116,53,63
050,47,135,"Tennessee","Perry County",3,44,104,47,57
050,47,135,"Tennessee","Perry County",3,45,98,49,49
050,47,135,"Tennessee","Perry County",3,46,105,46,59
050,47,135,"Tennessee","Perry County",3,47,96,46,50
050,47,135,"Tennessee","Perry County",3,48,100,47,53
050,47,135,"Tennessee","Perry County",3,49,109,60,49
050,47,135,"Tennessee","Perry County",3,50,116,68,48
050,47,135,"Tennessee","Perry County",3,51,107,59,48
050,47,135,"Tennessee","Perry County",3,52,101,47,54
050,47,135,"Tennessee","Perry County",3,53,109,51,58
050,47,135,"Tennessee","Perry County",3,54,111,53,58
050,47,135,"Tennessee","Perry County",3,55,108,57,51
050,47,135,"Tennessee","Perry County",3,56,109,53,56
050,47,135,"Tennessee","Perry County",3,57,113,56,57
050,47,135,"Tennessee","Perry County",3,58,108,62,46
050,47,135,"Tennessee","Perry County",3,59,114,63,51
050,47,135,"Tennessee","Perry County",3,60,126,60,66
050,47,135,"Tennessee","Perry County",3,61,115,58,57
050,47,135,"Tennessee","Perry County",3,62,111,52,59
050,47,135,"Tennessee","Perry County",3,63,128,61,67
050,47,135,"Tennessee","Perry County",3,64,134,63,71
050,47,135,"Tennessee","Perry County",3,65,125,62,63
050,47,135,"Tennessee","Perry County",3,66,118,60,58
050,47,135,"Tennessee","Perry County",3,67,105,61,44
050,47,135,"Tennessee","Perry County",3,68,111,58,53
050,47,135,"Tennessee","Perry County",3,69,98,41,57
050,47,135,"Tennessee","Perry County",3,70,96,46,50
050,47,135,"Tennessee","Perry County",3,71,103,48,55
050,47,135,"Tennessee","Perry County",3,72,98,46,52
050,47,135,"Tennessee","Perry County",3,73,98,51,47
050,47,135,"Tennessee","Perry County",3,74,102,53,49
050,47,135,"Tennessee","Perry County",3,75,81,40,41
050,47,135,"Tennessee","Perry County",3,76,84,39,45
050,47,135,"Tennessee","Perry County",3,77,80,37,43
050,47,135,"Tennessee","Perry County",3,78,66,29,37
050,47,135,"Tennessee","Perry County",3,79,63,30,33
050,47,135,"Tennessee","Perry County",3,80,49,21,28
050,47,135,"Tennessee","Perry County",3,81,46,18,28
050,47,135,"Tennessee","Perry County",3,82,42,21,21
050,47,135,"Tennessee","Perry County",3,83,37,17,20
050,47,135,"Tennessee","Perry County",3,84,24,14,10
050,47,135,"Tennessee","Perry County",3,85,197,87,110
050,47,135,"Tennessee","Perry County",4,0,105,55,50
050,47,135,"Tennessee","Perry County",4,1,100,60,40
050,47,135,"Tennessee","Perry County",4,2,107,52,55
050,47,135,"Tennessee","Perry County",4,3,115,55,60
050,47,135,"Tennessee","Perry County",4,4,107,60,47
050,47,135,"Tennessee","Perry County",4,5,102,58,44
050,47,135,"Tennessee","Perry County",4,6,109,59,50
050,47,135,"Tennessee","Perry County",4,7,106,54,52
050,47,135,"Tennessee","Perry County",4,8,121,62,59
050,47,135,"Tennessee","Perry County",4,9,117,59,58
050,47,135,"Tennessee","Perry County",4,10,117,60,57
050,47,135,"Tennessee","Perry County",4,11,110,59,51
050,47,135,"Tennessee","Perry County",4,12,92,46,46
050,47,135,"Tennessee","Perry County",4,13,108,52,56
050,47,135,"Tennessee","Perry County",4,14,119,61,58
050,47,135,"Tennessee","Perry County",4,15,110,53,57
050,47,135,"Tennessee","Perry County",4,16,100,52,48
050,47,135,"Tennessee","Perry County",4,17,105,50,55
050,47,135,"Tennessee","Perry County",4,18,98,50,48
050,47,135,"Tennessee","Perry County",4,19,68,40,28
050,47,135,"Tennessee","Perry County",4,20,65,37,28
050,47,135,"Tennessee","Perry County",4,21,78,37,41
050,47,135,"Tennessee","Perry County",4,22,90,48,42
050,47,135,"Tennessee","Perry County",4,23,94,59,35
050,47,135,"Tennessee","Perry County",4,24,107,62,45
050,47,135,"Tennessee","Perry County",4,25,101,56,45
050,47,135,"Tennessee","Perry County",4,26,104,58,46
050,47,135,"Tennessee","Perry County",4,27,109,54,55
050,47,135,"Tennessee","Perry County",4,28,105,51,54
050,47,135,"Tennessee","Perry County",4,29,118,58,60
050,47,135,"Tennessee","Perry County",4,30,92,46,46
050,47,135,"Tennessee","Perry County",4,31,102,49,53
050,47,135,"Tennessee","Perry County",4,32,106,54,52
050,47,135,"Tennessee","Perry County",4,33,105,56,49
050,47,135,"Tennessee","Perry County",4,34,99,46,53
050,47,135,"Tennessee","Perry County",4,35,94,52,42
050,47,135,"Tennessee","Perry County",4,36,108,61,47
050,47,135,"Tennessee","Perry County",4,37,95,58,37
050,47,135,"Tennessee","Perry County",4,38,94,46,48
050,47,135,"Tennessee","Perry County",4,39,101,54,47
050,47,135,"Tennessee","Perry County",4,40,102,51,51
050,47,135,"Tennessee","Perry County",4,41,98,49,49
050,47,135,"Tennessee","Perry County",4,42,94,41,53
050,47,135,"Tennessee","Perry County",4,43,95,46,49
050,47,135,"Tennessee","Perry County",4,44,120,48,72
050,47,135,"Tennessee","Perry County",4,45,108,47,61
050,47,135,"Tennessee","Perry County",4,46,101,48,53
050,47,135,"Tennessee","Perry County",4,47,110,44,66
050,47,135,"Tennessee","Perry County",4,48,94,48,46
050,47,135,"Tennessee","Perry County",4,49,98,48,50
050,47,135,"Tennessee","Perry County",4,50,107,54,53
050,47,135,"Tennessee","Perry County",4,51,116,65,51
050,47,135,"Tennessee","Perry County",4,52,113,61,52
050,47,135,"Tennessee","Perry County",4,53,97,45,52
050,47,135,"Tennessee","Perry County",4,54,110,49,61
050,47,135,"Tennessee","Perry County",4,55,120,56,64
050,47,135,"Tennessee","Perry County",4,56,106,57,49
050,47,135,"Tennessee","Perry County",4,57,111,57,54
050,47,135,"Tennessee","Perry County",4,58,125,65,60
050,47,135,"Tennessee","Perry County",4,59,114,66,48
050,47,135,"Tennessee","Perry County",4,60,113,63,50
050,47,135,"Tennessee","Perry County",4,61,131,63,68
050,47,135,"Tennessee","Perry County",4,62,126,62,64
050,47,135,"Tennessee","Perry County",4,63,115,57,58
050,47,135,"Tennessee","Perry County",4,64,132,64,68
050,47,135,"Tennessee","Perry County",4,65,136,64,72
050,47,135,"Tennessee","Perry County",4,66,128,66,62
050,47,135,"Tennessee","Perry County",4,67,115,57,58
050,47,135,"Tennessee","Perry County",4,68,103,62,41
050,47,135,"Tennessee","Perry County",4,69,105,52,53
050,47,135,"Tennessee","Perry County",4,70,101,42,59
050,47,135,"Tennessee","Perry County",4,71,95,45,50
050,47,135,"Tennessee","Perry County",4,72,100,46,54
050,47,135,"Tennessee","Perry County",4,73,99,47,52
050,47,135,"Tennessee","Perry County",4,74,99,52,47
050,47,135,"Tennessee","Perry County",4,75,96,46,50
050,47,135,"Tennessee","Perry County",4,76,80,41,39
050,47,135,"Tennessee","Perry County",4,77,76,35,41
050,47,135,"Tennessee","Perry County",4,78,68,33,35
050,47,135,"Tennessee","Perry County",4,79,60,27,33
050,47,135,"Tennessee","Perry County",4,80,64,30,34
050,47,135,"Tennessee","Perry County",4,81,47,17,30
050,47,135,"Tennessee","Perry County",4,82,43,15,28
050,47,135,"Tennessee","Perry County",4,83,38,19,19
050,47,135,"Tennessee","Perry County",4,84,31,14,17
050,47,135,"Tennessee","Perry County",4,85,182,79,103
050,47,135,"Tennessee","Perry County",5,0,102,53,49
050,47,135,"Tennessee","Perry County",5,1,109,55,54
050,47,135,"Tennessee","Perry County",5,2,104,64,40
050,47,135,"Tennessee","Perry County",5,3,114,57,57
050,47,135,"Tennessee","Perry County",5,4,124,57,67
050,47,135,"Tennessee","Perry County",5,5,109,66,43
050,47,135,"Tennessee","Perry County",5,6,102,53,49
050,47,135,"Tennessee","Perry County",5,7,118,64,54
050,47,135,"Tennessee","Perry County",5,8,109,55,54
050,47,135,"Tennessee","Perry County",5,9,119,64,55
050,47,135,"Tennessee","Perry County",5,10,118,59,59
050,47,135,"Tennessee","Perry County",5,11,115,56,59
050,47,135,"Tennessee","Perry County",5,12,109,57,52
050,47,135,"Tennessee","Perry County",5,13,91,45,46
050,47,135,"Tennessee","Perry County",5,14,110,52,58
050,47,135,"Tennessee","Perry County",5,15,123,63,60
050,47,135,"Tennessee","Perry County",5,16,110,58,52
050,47,135,"Tennessee","Perry County",5,17,109,57,52
050,47,135,"Tennessee","Perry County",5,18,89,47,42
050,47,135,"Tennessee","Perry County",5,19,74,36,38
050,47,135,"Tennessee","Perry County",5,20,77,44,33
050,47,135,"Tennessee","Perry County",5,21,74,40,34
050,47,135,"Tennessee","Perry County",5,22,85,41,44
050,47,135,"Tennessee","Perry County",5,23,86,50,36
050,47,135,"Tennessee","Perry County",5,24,109,65,44
050,47,135,"Tennessee","Perry County",5,25,110,61,49
050,47,135,"Tennessee","Perry County",5,26,101,55,46
050,47,135,"Tennessee","Perry County",5,27,105,62,43
050,47,135,"Tennessee","Perry County",5,28,118,62,56
050,47,135,"Tennessee","Perry County",5,29,104,45,59
050,47,135,"Tennessee","Perry County",5,30,112,53,59
050,47,135,"Tennessee","Perry County",5,31,89,46,43
050,47,135,"Tennessee","Perry County",5,32,105,54,51
050,47,135,"Tennessee","Perry County",5,33,111,56,55
050,47,135,"Tennessee","Perry County",5,34,108,60,48
050,47,135,"Tennessee","Perry County",5,35,115,54,61
050,47,135,"Tennessee","Perry County",5,36,110,60,50
050,47,135,"Tennessee","Perry County",5,37,107,57,50
050,47,135,"Tennessee","Perry County",5,38,96,58,38
050,47,135,"Tennessee","Perry County",5,39,109,54,55
050,47,135,"Tennessee","Perry County",5,40,104,51,53
050,47,135,"Tennessee","Perry County",5,41,111,60,51
050,47,135,"Tennessee","Perry County",5,42,109,53,56
050,47,135,"Tennessee","Perry County",5,43,96,43,53
050,47,135,"Tennessee","Perry County",5,44,96,43,53
050,47,135,"Tennessee","Perry County",5,45,119,48,71
050,47,135,"Tennessee","Perry County",5,46,110,49,61
050,47,135,"Tennessee","Perry County",5,47,106,51,55
050,47,135,"Tennessee","Perry County",5,48,108,42,66
050,47,135,"Tennessee","Perry County",5,49,99,51,48
050,47,135,"Tennessee","Perry County",5,50,102,50,52
050,47,135,"Tennessee","Perry County",5,51,107,53,54
050,47,135,"Tennessee","Perry County",5,52,121,69,52
050,47,135,"Tennessee","Perry County",5,53,113,61,52
050,47,135,"Tennessee","Perry County",5,54,102,47,55
050,47,135,"Tennessee","Perry County",5,55,110,45,65
050,47,135,"Tennessee","Perry County",5,56,120,58,62
050,47,135,"Tennessee","Perry County",5,57,107,62,45
050,47,135,"Tennessee","Perry County",5,58,115,60,55
050,47,135,"Tennessee","Perry County",5,59,120,64,56
050,47,135,"Tennessee","Perry County",5,60,120,69,51
050,47,135,"Tennessee","Perry County",5,61,120,65,55
050,47,135,"Tennessee","Perry County",5,62,134,61,73
050,47,135,"Tennessee","Perry County",5,63,135,67,68
050,47,135,"Tennessee","Perry County",5,64,112,59,53
050,47,135,"Tennessee","Perry County",5,65,133,66,67
050,47,135,"Tennessee","Perry County",5,66,131,62,69
050,47,135,"Tennessee","Perry County",5,67,129,65,64
050,47,135,"Tennessee","Perry County",5,68,116,58,58
050,47,135,"Tennessee","Perry County",5,69,97,54,43
050,47,135,"Tennessee","Perry County",5,70,108,54,54
050,47,135,"Tennessee","Perry County",5,71,99,40,59
050,47,135,"Tennessee","Perry County",5,72,90,41,49
050,47,135,"Tennessee","Perry County",5,73,100,46,54
050,47,135,"Tennessee","Perry County",5,74,96,44,52
050,47,135,"Tennessee","Perry County",5,75,98,48,50
050,47,135,"Tennessee","Perry County",5,76,91,46,45
050,47,135,"Tennessee","Perry County",5,77,71,37,34
050,47,135,"Tennessee","Perry County",5,78,69,34,35
050,47,135,"Tennessee","Perry County",5,79,61,28,33
050,47,135,"Tennessee","Perry County",5,80,60,27,33
050,47,135,"Tennessee","Perry County",5,81,57,25,32
050,47,135,"Tennessee","Perry County",5,82,49,19,30
050,47,135,"Tennessee","Perry County",5,83,42,13,29
050,47,135,"Tennessee","Perry County",5,84,33,18,15
050,47,135,"Tennessee","Perry County",5,85,176,72,104
050,47,137,"Tennessee","Pickett County",1,0,40,20,20
050,47,137,"Tennessee","Pickett County",1,1,37,16,21
050,47,137,"Tennessee","Pickett County",1,2,37,13,24
050,47,137,"Tennessee","Pickett County",1,3,47,19,28
050,47,137,"Tennessee","Pickett County",1,4,49,20,29
050,47,137,"Tennessee","Pickett County",1,5,47,23,24
050,47,137,"Tennessee","Pickett County",1,6,47,21,26
050,47,137,"Tennessee","Pickett County",1,7,29,12,17
050,47,137,"Tennessee","Pickett County",1,8,41,18,23
050,47,137,"Tennessee","Pickett County",1,9,45,21,24
050,47,137,"Tennessee","Pickett County",1,10,48,27,21
050,47,137,"Tennessee","Pickett County",1,11,47,28,19
050,47,137,"Tennessee","Pickett County",1,12,51,23,28
050,47,137,"Tennessee","Pickett County",1,13,56,24,32
050,47,137,"Tennessee","Pickett County",1,14,58,25,33
050,47,137,"Tennessee","Pickett County",1,15,60,34,26
050,47,137,"Tennessee","Pickett County",1,16,60,32,28
050,47,137,"Tennessee","Pickett County",1,17,57,33,24
050,47,137,"Tennessee","Pickett County",1,18,53,31,22
050,47,137,"Tennessee","Pickett County",1,19,33,21,12
050,47,137,"Tennessee","Pickett County",1,20,48,29,19
050,47,137,"Tennessee","Pickett County",1,21,58,31,27
050,47,137,"Tennessee","Pickett County",1,22,53,25,28
050,47,137,"Tennessee","Pickett County",1,23,55,29,26
050,47,137,"Tennessee","Pickett County",1,24,48,30,18
050,47,137,"Tennessee","Pickett County",1,25,38,19,19
050,47,137,"Tennessee","Pickett County",1,26,45,20,25
050,47,137,"Tennessee","Pickett County",1,27,38,15,23
050,47,137,"Tennessee","Pickett County",1,28,42,15,27
050,47,137,"Tennessee","Pickett County",1,29,50,22,28
050,47,137,"Tennessee","Pickett County",1,30,44,21,23
050,47,137,"Tennessee","Pickett County",1,31,41,24,17
050,47,137,"Tennessee","Pickett County",1,32,44,29,15
050,47,137,"Tennessee","Pickett County",1,33,46,26,20
050,47,137,"Tennessee","Pickett County",1,34,43,24,19
050,47,137,"Tennessee","Pickett County",1,35,33,20,13
050,47,137,"Tennessee","Pickett County",1,36,35,15,20
050,47,137,"Tennessee","Pickett County",1,37,46,17,29
050,47,137,"Tennessee","Pickett County",1,38,49,20,29
050,47,137,"Tennessee","Pickett County",1,39,49,32,17
050,47,137,"Tennessee","Pickett County",1,40,60,35,25
050,47,137,"Tennessee","Pickett County",1,41,56,26,30
050,47,137,"Tennessee","Pickett County",1,42,52,22,30
050,47,137,"Tennessee","Pickett County",1,43,53,27,26
050,47,137,"Tennessee","Pickett County",1,44,50,23,27
050,47,137,"Tennessee","Pickett County",1,45,56,25,31
050,47,137,"Tennessee","Pickett County",1,46,60,34,26
050,47,137,"Tennessee","Pickett County",1,47,58,26,32
050,47,137,"Tennessee","Pickett County",1,48,61,25,36
050,47,137,"Tennessee","Pickett County",1,49,61,29,32
050,47,137,"Tennessee","Pickett County",1,50,52,30,22
050,47,137,"Tennessee","Pickett County",1,51,65,34,31
050,47,137,"Tennessee","Pickett County",1,52,74,36,38
050,47,137,"Tennessee","Pickett County",1,53,86,46,40
050,47,137,"Tennessee","Pickett County",1,54,82,44,38
050,47,137,"Tennessee","Pickett County",1,55,80,39,41
050,47,137,"Tennessee","Pickett County",1,56,87,42,45
050,47,137,"Tennessee","Pickett County",1,57,84,40,44
050,47,137,"Tennessee","Pickett County",1,58,81,38,43
050,47,137,"Tennessee","Pickett County",1,59,84,46,38
050,47,137,"Tennessee","Pickett County",1,60,92,48,44
050,47,137,"Tennessee","Pickett County",1,61,90,46,44
050,47,137,"Tennessee","Pickett County",1,62,85,40,45
050,47,137,"Tennessee","Pickett County",1,63,74,36,38
050,47,137,"Tennessee","Pickett County",1,64,75,34,41
050,47,137,"Tennessee","Pickett County",1,65,77,38,39
050,47,137,"Tennessee","Pickett County",1,66,85,42,43
050,47,137,"Tennessee","Pickett County",1,67,86,39,47
050,47,137,"Tennessee","Pickett County",1,68,96,45,51
050,47,137,"Tennessee","Pickett County",1,69,84,46,38
050,47,137,"Tennessee","Pickett County",1,70,93,51,42
050,47,137,"Tennessee","Pickett County",1,71,87,48,39
050,47,137,"Tennessee","Pickett County",1,72,78,41,37
050,47,137,"Tennessee","Pickett County",1,73,89,45,44
050,47,137,"Tennessee","Pickett County",1,74,58,29,29
050,47,137,"Tennessee","Pickett County",1,75,63,32,31
050,47,137,"Tennessee","Pickett County",1,76,62,28,34
050,47,137,"Tennessee","Pickett County",1,77,67,33,34
050,47,137,"Tennessee","Pickett County",1,78,46,25,21
050,47,137,"Tennessee","Pickett County",1,79,34,16,18
050,47,137,"Tennessee","Pickett County",1,80,35,15,20
050,47,137,"Tennessee","Pickett County",1,81,31,11,20
050,47,137,"Tennessee","Pickett County",1,82,33,14,19
050,47,137,"Tennessee","Pickett County",1,83,31,18,13
050,47,137,"Tennessee","Pickett County",1,84,35,20,15
050,47,137,"Tennessee","Pickett County",1,85,129,53,76
050,47,137,"Tennessee","Pickett County",2,0,41,20,21
050,47,137,"Tennessee","Pickett County",2,1,38,16,22
050,47,137,"Tennessee","Pickett County",2,2,36,13,23
050,47,137,"Tennessee","Pickett County",2,3,46,18,28
050,47,137,"Tennessee","Pickett County",2,4,50,21,29
050,47,137,"Tennessee","Pickett County",2,5,48,22,26
050,47,137,"Tennessee","Pickett County",2,6,47,21,26
050,47,137,"Tennessee","Pickett County",2,7,33,14,19
050,47,137,"Tennessee","Pickett County",2,8,39,17,22
050,47,137,"Tennessee","Pickett County",2,9,45,20,25
050,47,137,"Tennessee","Pickett County",2,10,47,25,22
050,47,137,"Tennessee","Pickett County",2,11,46,27,19
050,47,137,"Tennessee","Pickett County",2,12,49,24,25
050,47,137,"Tennessee","Pickett County",2,13,55,24,31
050,47,137,"Tennessee","Pickett County",2,14,57,24,33
050,47,137,"Tennessee","Pickett County",2,15,58,31,27
050,47,137,"Tennessee","Pickett County",2,16,61,32,29
050,47,137,"Tennessee","Pickett County",2,17,58,33,25
050,47,137,"Tennessee","Pickett County",2,18,51,30,21
050,47,137,"Tennessee","Pickett County",2,19,35,22,13
050,47,137,"Tennessee","Pickett County",2,20,47,28,19
050,47,137,"Tennessee","Pickett County",2,21,56,31,25
050,47,137,"Tennessee","Pickett County",2,22,55,27,28
050,47,137,"Tennessee","Pickett County",2,23,57,30,27
050,47,137,"Tennessee","Pickett County",2,24,49,30,19
050,47,137,"Tennessee","Pickett County",2,25,41,22,19
050,47,137,"Tennessee","Pickett County",2,26,42,19,23
050,47,137,"Tennessee","Pickett County",2,27,39,16,23
050,47,137,"Tennessee","Pickett County",2,28,41,15,26
050,47,137,"Tennessee","Pickett County",2,29,47,20,27
050,47,137,"Tennessee","Pickett County",2,30,46,21,25
050,47,137,"Tennessee","Pickett County",2,31,40,22,18
050,47,137,"Tennessee","Pickett County",2,32,43,28,15
050,47,137,"Tennessee","Pickett County",2,33,45,27,18
050,47,137,"Tennessee","Pickett County",2,34,45,25,20
050,47,137,"Tennessee","Pickett County",2,35,35,21,14
050,47,137,"Tennessee","Pickett County",2,36,34,16,18
050,47,137,"Tennessee","Pickett County",2,37,43,16,27
050,47,137,"Tennessee","Pickett County",2,38,47,19,28
050,47,137,"Tennessee","Pickett County",2,39,49,29,20
050,47,137,"Tennessee","Pickett County",2,40,58,34,24
050,47,137,"Tennessee","Pickett County",2,41,57,28,29
050,47,137,"Tennessee","Pickett County",2,42,52,22,30
050,47,137,"Tennessee","Pickett County",2,43,53,26,27
050,47,137,"Tennessee","Pickett County",2,44,50,24,26
050,47,137,"Tennessee","Pickett County",2,45,56,25,31
050,47,137,"Tennessee","Pickett County",2,46,58,32,26
050,47,137,"Tennessee","Pickett County",2,47,59,28,31
050,47,137,"Tennessee","Pickett County",2,48,61,26,35
050,47,137,"Tennessee","Pickett County",2,49,61,28,33
050,47,137,"Tennessee","Pickett County",2,50,54,29,25
050,47,137,"Tennessee","Pickett County",2,51,62,33,29
050,47,137,"Tennessee","Pickett County",2,52,73,36,37
050,47,137,"Tennessee","Pickett County",2,53,84,44,40
050,47,137,"Tennessee","Pickett County",2,54,83,45,38
050,47,137,"Tennessee","Pickett County",2,55,81,41,40
050,47,137,"Tennessee","Pickett County",2,56,85,41,44
050,47,137,"Tennessee","Pickett County",2,57,84,40,44
050,47,137,"Tennessee","Pickett County",2,58,80,38,42
050,47,137,"Tennessee","Pickett County",2,59,83,44,39
050,47,137,"Tennessee","Pickett County",2,60,89,48,41
050,47,137,"Tennessee","Pickett County",2,61,92,47,45
050,47,137,"Tennessee","Pickett County",2,62,87,42,45
050,47,137,"Tennessee","Pickett County",2,63,79,38,41
050,47,137,"Tennessee","Pickett County",2,64,73,33,40
050,47,137,"Tennessee","Pickett County",2,65,78,38,40
050,47,137,"Tennessee","Pickett County",2,66,84,41,43
050,47,137,"Tennessee","Pickett County",2,67,86,40,46
050,47,137,"Tennessee","Pickett County",2,68,92,44,48
050,47,137,"Tennessee","Pickett County",2,69,85,43,42
050,47,137,"Tennessee","Pickett County",2,70,89,50,39
050,47,137,"Tennessee","Pickett County",2,71,89,49,40
050,47,137,"Tennessee","Pickett County",2,72,79,42,37
050,47,137,"Tennessee","Pickett County",2,73,91,46,45
050,47,137,"Tennessee","Pickett County",2,74,60,30,30
050,47,137,"Tennessee","Pickett County",2,75,62,31,31
050,47,137,"Tennessee","Pickett County",2,76,62,29,33
050,47,137,"Tennessee","Pickett County",2,77,67,32,35
050,47,137,"Tennessee","Pickett County",2,78,49,26,23
050,47,137,"Tennessee","Pickett County",2,79,35,17,18
050,47,137,"Tennessee","Pickett County",2,80,35,15,20
050,47,137,"Tennessee","Pickett County",2,81,33,12,21
050,47,137,"Tennessee","Pickett County",2,82,31,13,18
050,47,137,"Tennessee","Pickett County",2,83,32,17,15
050,47,137,"Tennessee","Pickett County",2,84,34,20,14
050,47,137,"Tennessee","Pickett County",2,85,132,57,75
050,47,137,"Tennessee","Pickett County",3,0,37,22,15
050,47,137,"Tennessee","Pickett County",3,1,49,21,28
050,47,137,"Tennessee","Pickett County",3,2,47,23,24
050,47,137,"Tennessee","Pickett County",3,3,32,13,19
050,47,137,"Tennessee","Pickett County",3,4,48,18,30
050,47,137,"Tennessee","Pickett County",3,5,51,21,30
050,47,137,"Tennessee","Pickett County",3,6,47,24,23
050,47,137,"Tennessee","Pickett County",3,7,46,23,23
050,47,137,"Tennessee","Pickett County",3,8,37,18,19
050,47,137,"Tennessee","Pickett County",3,9,44,20,24
050,47,137,"Tennessee","Pickett County",3,10,46,22,24
050,47,137,"Tennessee","Pickett County",3,11,49,26,23
050,47,137,"Tennessee","Pickett County",3,12,48,28,20
050,47,137,"Tennessee","Pickett County",3,13,55,27,28
050,47,137,"Tennessee","Pickett County",3,14,56,26,30
050,47,137,"Tennessee","Pickett County",3,15,62,25,37
050,47,137,"Tennessee","Pickett County",3,16,58,28,30
050,47,137,"Tennessee","Pickett County",3,17,60,33,27
050,47,137,"Tennessee","Pickett County",3,18,53,32,21
050,47,137,"Tennessee","Pickett County",3,19,40,23,17
050,47,137,"Tennessee","Pickett County",3,20,39,22,17
050,47,137,"Tennessee","Pickett County",3,21,50,29,21
050,47,137,"Tennessee","Pickett County",3,22,62,31,31
050,47,137,"Tennessee","Pickett County",3,23,65,32,33
050,47,137,"Tennessee","Pickett County",3,24,57,31,26
050,47,137,"Tennessee","Pickett County",3,25,47,32,15
050,47,137,"Tennessee","Pickett County",3,26,43,25,18
050,47,137,"Tennessee","Pickett County",3,27,43,22,21
050,47,137,"Tennessee","Pickett County",3,28,37,15,22
050,47,137,"Tennessee","Pickett County",3,29,41,16,25
050,47,137,"Tennessee","Pickett County",3,30,47,21,26
050,47,137,"Tennessee","Pickett County",3,31,45,19,26
050,47,137,"Tennessee","Pickett County",3,32,37,19,18
050,47,137,"Tennessee","Pickett County",3,33,48,27,21
050,47,137,"Tennessee","Pickett County",3,34,38,22,16
050,47,137,"Tennessee","Pickett County",3,35,44,26,18
050,47,137,"Tennessee","Pickett County",3,36,35,22,13
050,47,137,"Tennessee","Pickett County",3,37,37,15,22
050,47,137,"Tennessee","Pickett County",3,38,45,19,26
050,47,137,"Tennessee","Pickett County",3,39,49,23,26
050,47,137,"Tennessee","Pickett County",3,40,58,35,23
050,47,137,"Tennessee","Pickett County",3,41,61,35,26
050,47,137,"Tennessee","Pickett County",3,42,56,27,29
050,47,137,"Tennessee","Pickett County",3,43,56,22,34
050,47,137,"Tennessee","Pickett County",3,44,60,27,33
050,47,137,"Tennessee","Pickett County",3,45,53,26,27
050,47,137,"Tennessee","Pickett County",3,46,55,25,30
050,47,137,"Tennessee","Pickett County",3,47,56,31,25
050,47,137,"Tennessee","Pickett County",3,48,55,28,27
050,47,137,"Tennessee","Pickett County",3,49,67,29,38
050,47,137,"Tennessee","Pickett County",3,50,63,28,35
050,47,137,"Tennessee","Pickett County",3,51,52,24,28
050,47,137,"Tennessee","Pickett County",3,52,63,36,27
050,47,137,"Tennessee","Pickett County",3,53,79,40,39
050,47,137,"Tennessee","Pickett County",3,54,79,40,39
050,47,137,"Tennessee","Pickett County",3,55,87,49,38
050,47,137,"Tennessee","Pickett County",3,56,81,43,38
050,47,137,"Tennessee","Pickett County",3,57,90,43,47
050,47,137,"Tennessee","Pickett County",3,58,85,40,45
050,47,137,"Tennessee","Pickett County",3,59,79,37,42
050,47,137,"Tennessee","Pickett County",3,60,81,42,39
050,47,137,"Tennessee","Pickett County",3,61,95,49,46
050,47,137,"Tennessee","Pickett County",3,62,95,50,45
050,47,137,"Tennessee","Pickett County",3,63,90,44,46
050,47,137,"Tennessee","Pickett County",3,64,76,37,39
050,47,137,"Tennessee","Pickett County",3,65,75,36,39
050,47,137,"Tennessee","Pickett County",3,66,86,45,41
050,47,137,"Tennessee","Pickett County",3,67,87,43,44
050,47,137,"Tennessee","Pickett County",3,68,83,37,46
050,47,137,"Tennessee","Pickett County",3,69,86,40,46
050,47,137,"Tennessee","Pickett County",3,70,82,43,39
050,47,137,"Tennessee","Pickett County",3,71,87,47,40
050,47,137,"Tennessee","Pickett County",3,72,86,50,36
050,47,137,"Tennessee","Pickett County",3,73,77,44,33
050,47,137,"Tennessee","Pickett County",3,74,87,45,42
050,47,137,"Tennessee","Pickett County",3,75,59,30,29
050,47,137,"Tennessee","Pickett County",3,76,59,31,28
050,47,137,"Tennessee","Pickett County",3,77,58,23,35
050,47,137,"Tennessee","Pickett County",3,78,65,31,34
050,47,137,"Tennessee","Pickett County",3,79,49,28,21
050,47,137,"Tennessee","Pickett County",3,80,30,12,18
050,47,137,"Tennessee","Pickett County",3,81,35,14,21
050,47,137,"Tennessee","Pickett County",3,82,30,10,20
050,47,137,"Tennessee","Pickett County",3,83,28,12,16
050,47,137,"Tennessee","Pickett County",3,84,30,14,16
050,47,137,"Tennessee","Pickett County",3,85,144,64,80
050,47,137,"Tennessee","Pickett County",4,0,33,19,14
050,47,137,"Tennessee","Pickett County",4,1,39,24,15
050,47,137,"Tennessee","Pickett County",4,2,48,20,28
050,47,137,"Tennessee","Pickett County",4,3,54,26,28
050,47,137,"Tennessee","Pickett County",4,4,30,10,20
050,47,137,"Tennessee","Pickett County",4,5,46,18,28
050,47,137,"Tennessee","Pickett County",4,6,57,23,34
050,47,137,"Tennessee","Pickett County",4,7,50,25,25
050,47,137,"Tennessee","Pickett County",4,8,44,21,23
050,47,137,"Tennessee","Pickett County",4,9,39,19,20
050,47,137,"Tennessee","Pickett County",4,10,49,23,26
050,47,137,"Tennessee","Pickett County",4,11,50,21,29
050,47,137,"Tennessee","Pickett County",4,12,51,26,25
050,47,137,"Tennessee","Pickett County",4,13,49,28,21
050,47,137,"Tennessee","Pickett County",4,14,54,28,26
050,47,137,"Tennessee","Pickett County",4,15,58,27,31
050,47,137,"Tennessee","Pickett County",4,16,62,25,37
050,47,137,"Tennessee","Pickett County",4,17,56,28,28
050,47,137,"Tennessee","Pickett County",4,18,49,28,21
050,47,137,"Tennessee","Pickett County",4,19,38,24,14
050,47,137,"Tennessee","Pickett County",4,20,41,23,18
050,47,137,"Tennessee","Pickett County",4,21,43,23,20
050,47,137,"Tennessee","Pickett County",4,22,53,30,23
050,47,137,"Tennessee","Pickett County",4,23,59,31,28
050,47,137,"Tennessee","Pickett County",4,24,65,32,33
050,47,137,"Tennessee","Pickett County",4,25,61,33,28
050,47,137,"Tennessee","Pickett County",4,26,43,27,16
050,47,137,"Tennessee","Pickett County",4,27,38,20,18
050,47,137,"Tennessee","Pickett County",4,28,42,22,20
050,47,137,"Tennessee","Pickett County",4,29,36,15,21
050,47,137,"Tennessee","Pickett County",4,30,44,18,26
050,47,137,"Tennessee","Pickett County",4,31,49,23,26
050,47,137,"Tennessee","Pickett County",4,32,47,20,27
050,47,137,"Tennessee","Pickett County",4,33,40,23,17
050,47,137,"Tennessee","Pickett County",4,34,46,23,23
050,47,137,"Tennessee","Pickett County",4,35,39,23,16
050,47,137,"Tennessee","Pickett County",4,36,40,24,16
050,47,137,"Tennessee","Pickett County",4,37,37,20,17
050,47,137,"Tennessee","Pickett County",4,38,40,18,22
050,47,137,"Tennessee","Pickett County",4,39,45,21,24
050,47,137,"Tennessee","Pickett County",4,40,51,23,28
050,47,137,"Tennessee","Pickett County",4,41,58,30,28
050,47,137,"Tennessee","Pickett County",4,42,62,34,28
050,47,137,"Tennessee","Pickett County",4,43,59,28,31
050,47,137,"Tennessee","Pickett County",4,44,58,20,38
050,47,137,"Tennessee","Pickett County",4,45,60,28,32
050,47,137,"Tennessee","Pickett County",4,46,52,26,26
050,47,137,"Tennessee","Pickett County",4,47,59,30,29
050,47,137,"Tennessee","Pickett County",4,48,61,34,27
050,47,137,"Tennessee","Pickett County",4,49,56,28,28
050,47,137,"Tennessee","Pickett County",4,50,69,29,40
050,47,137,"Tennessee","Pickett County",4,51,64,30,34
050,47,137,"Tennessee","Pickett County",4,52,50,22,28
050,47,137,"Tennessee","Pickett County",4,53,66,35,31
050,47,137,"Tennessee","Pickett County",4,54,75,39,36
050,47,137,"Tennessee","Pickett County",4,55,86,41,45
050,47,137,"Tennessee","Pickett County",4,56,85,51,34
050,47,137,"Tennessee","Pickett County",4,57,81,40,41
050,47,137,"Tennessee","Pickett County",4,58,97,47,50
050,47,137,"Tennessee","Pickett County",4,59,90,43,47
050,47,137,"Tennessee","Pickett County",4,60,85,42,43
050,47,137,"Tennessee","Pickett County",4,61,86,43,43
050,47,137,"Tennessee","Pickett County",4,62,98,51,47
050,47,137,"Tennessee","Pickett County",4,63,97,49,48
050,47,137,"Tennessee","Pickett County",4,64,89,42,47
050,47,137,"Tennessee","Pickett County",4,65,81,41,40
050,47,137,"Tennessee","Pickett County",4,66,76,37,39
050,47,137,"Tennessee","Pickett County",4,67,84,43,41
050,47,137,"Tennessee","Pickett County",4,68,85,41,44
050,47,137,"Tennessee","Pickett County",4,69,82,37,45
050,47,137,"Tennessee","Pickett County",4,70,86,41,45
050,47,137,"Tennessee","Pickett County",4,71,78,39,39
050,47,137,"Tennessee","Pickett County",4,72,84,49,35
050,47,137,"Tennessee","Pickett County",4,73,85,50,35
050,47,137,"Tennessee","Pickett County",4,74,75,44,31
050,47,137,"Tennessee","Pickett County",4,75,86,45,41
050,47,137,"Tennessee","Pickett County",4,76,60,31,29
050,47,137,"Tennessee","Pickett County",4,77,55,27,28
050,47,137,"Tennessee","Pickett County",4,78,57,23,34
050,47,137,"Tennessee","Pickett County",4,79,59,29,30
050,47,137,"Tennessee","Pickett County",4,80,49,26,23
050,47,137,"Tennessee","Pickett County",4,81,26,9,17
050,47,137,"Tennessee","Pickett County",4,82,32,13,19
050,47,137,"Tennessee","Pickett County",4,83,29,10,19
050,47,137,"Tennessee","Pickett County",4,84,26,10,16
050,47,137,"Tennessee","Pickett County",4,85,150,66,84
050,47,137,"Tennessee","Pickett County",5,0,31,18,13
050,47,137,"Tennessee","Pickett County",5,1,40,22,18
050,47,137,"Tennessee","Pickett County",5,2,40,23,17
050,47,137,"Tennessee","Pickett County",5,3,49,20,29
050,47,137,"Tennessee","Pickett County",5,4,54,28,26
050,47,137,"Tennessee","Pickett County",5,5,32,13,19
050,47,137,"Tennessee","Pickett County",5,6,49,18,31
050,47,137,"Tennessee","Pickett County",5,7,52,22,30
050,47,137,"Tennessee","Pickett County",5,8,49,26,23
050,47,137,"Tennessee","Pickett County",5,9,45,24,21
050,47,137,"Tennessee","Pickett County",5,10,41,21,20
050,47,137,"Tennessee","Pickett County",5,11,44,20,24
050,47,137,"Tennessee","Pickett County",5,12,55,27,28
050,47,137,"Tennessee","Pickett County",5,13,47,26,21
050,47,137,"Tennessee","Pickett County",5,14,50,28,22
050,47,137,"Tennessee","Pickett County",5,15,58,30,28
050,47,137,"Tennessee","Pickett County",5,16,51,23,28
050,47,137,"Tennessee","Pickett County",5,17,63,23,40
050,47,137,"Tennessee","Pickett County",5,18,45,23,22
050,47,137,"Tennessee","Pickett County",5,19,45,26,19
050,47,137,"Tennessee","Pickett County",5,20,43,26,17
050,47,137,"Tennessee","Pickett County",5,21,47,25,22
050,47,137,"Tennessee","Pickett County",5,22,47,26,21
050,47,137,"Tennessee","Pickett County",5,23,50,28,22
050,47,137,"Tennessee","Pickett County",5,24,56,32,24
050,47,137,"Tennessee","Pickett County",5,25,63,27,36
050,47,137,"Tennessee","Pickett County",5,26,62,33,29
050,47,137,"Tennessee","Pickett County",5,27,46,27,19
050,47,137,"Tennessee","Pickett County",5,28,43,22,21
050,47,137,"Tennessee","Pickett County",5,29,42,21,21
050,47,137,"Tennessee","Pickett County",5,30,39,16,23
050,47,137,"Tennessee","Pickett County",5,31,45,20,25
050,47,137,"Tennessee","Pickett County",5,32,45,23,22
050,47,137,"Tennessee","Pickett County",5,33,52,25,27
050,47,137,"Tennessee","Pickett County",5,34,38,23,15
050,47,137,"Tennessee","Pickett County",5,35,47,24,23
050,47,137,"Tennessee","Pickett County",5,36,38,22,16
050,47,137,"Tennessee","Pickett County",5,37,40,24,16
050,47,137,"Tennessee","Pickett County",5,38,40,21,19
050,47,137,"Tennessee","Pickett County",5,39,39,18,21
050,47,137,"Tennessee","Pickett County",5,40,49,23,26
050,47,137,"Tennessee","Pickett County",5,41,53,23,30
050,47,137,"Tennessee","Pickett County",5,42,64,34,30
050,47,137,"Tennessee","Pickett County",5,43,66,34,32
050,47,137,"Tennessee","Pickett County",5,44,55,26,29
050,47,137,"Tennessee","Pickett County",5,45,57,18,39
050,47,137,"Tennessee","Pickett County",5,46,59,27,32
050,47,137,"Tennessee","Pickett County",5,47,52,27,25
050,47,137,"Tennessee","Pickett County",5,48,57,29,28
050,47,137,"Tennessee","Pickett County",5,49,61,33,28
050,47,137,"Tennessee","Pickett County",5,50,61,32,29
050,47,137,"Tennessee","Pickett County",5,51,72,31,41
050,47,137,"Tennessee","Pickett County",5,52,69,33,36
050,47,137,"Tennessee","Pickett County",5,53,51,23,28
050,47,137,"Tennessee","Pickett County",5,54,65,35,30
050,47,137,"Tennessee","Pickett County",5,55,67,32,35
050,47,137,"Tennessee","Pickett County",5,56,95,43,52
050,47,137,"Tennessee","Pickett County",5,57,91,57,34
050,47,137,"Tennessee","Pickett County",5,58,82,40,42
050,47,137,"Tennessee","Pickett County",5,59,95,44,51
050,47,137,"Tennessee","Pickett County",5,60,99,48,51
050,47,137,"Tennessee","Pickett County",5,61,87,42,45
050,47,137,"Tennessee","Pickett County",5,62,88,43,45
050,47,137,"Tennessee","Pickett County",5,63,98,50,48
050,47,137,"Tennessee","Pickett County",5,64,100,51,49
050,47,137,"Tennessee","Pickett County",5,65,85,40,45
050,47,137,"Tennessee","Pickett County",5,66,80,40,40
050,47,137,"Tennessee","Pickett County",5,67,78,36,42
050,47,137,"Tennessee","Pickett County",5,68,77,40,37
050,47,137,"Tennessee","Pickett County",5,69,83,40,43
050,47,137,"Tennessee","Pickett County",5,70,80,36,44
050,47,137,"Tennessee","Pickett County",5,71,79,35,44
050,47,137,"Tennessee","Pickett County",5,72,78,42,36
050,47,137,"Tennessee","Pickett County",5,73,81,47,34
050,47,137,"Tennessee","Pickett County",5,74,84,50,34
050,47,137,"Tennessee","Pickett County",5,75,75,44,31
050,47,137,"Tennessee","Pickett County",5,76,82,44,38
050,47,137,"Tennessee","Pickett County",5,77,58,28,30
050,47,137,"Tennessee","Pickett County",5,78,54,27,27
050,47,137,"Tennessee","Pickett County",5,79,53,24,29
050,47,137,"Tennessee","Pickett County",5,80,59,27,32
050,47,137,"Tennessee","Pickett County",5,81,47,25,22
050,47,137,"Tennessee","Pickett County",5,82,22,8,14
050,47,137,"Tennessee","Pickett County",5,83,30,13,17
050,47,137,"Tennessee","Pickett County",5,84,29,9,20
050,47,137,"Tennessee","Pickett County",5,85,159,68,91
050,47,139,"Tennessee","Polk County",1,0,168,88,80
050,47,139,"Tennessee","Polk County",1,1,177,99,78
050,47,139,"Tennessee","Polk County",1,2,185,96,89
050,47,139,"Tennessee","Polk County",1,3,170,78,92
050,47,139,"Tennessee","Polk County",1,4,162,76,86
050,47,139,"Tennessee","Polk County",1,5,183,87,96
050,47,139,"Tennessee","Polk County",1,6,174,84,90
050,47,139,"Tennessee","Polk County",1,7,163,80,83
050,47,139,"Tennessee","Polk County",1,8,164,84,80
050,47,139,"Tennessee","Polk County",1,9,173,90,83
050,47,139,"Tennessee","Polk County",1,10,195,98,97
050,47,139,"Tennessee","Polk County",1,11,220,116,104
050,47,139,"Tennessee","Polk County",1,12,221,109,112
050,47,139,"Tennessee","Polk County",1,13,202,106,96
050,47,139,"Tennessee","Polk County",1,14,211,109,102
050,47,139,"Tennessee","Polk County",1,15,206,110,96
050,47,139,"Tennessee","Polk County",1,16,222,114,108
050,47,139,"Tennessee","Polk County",1,17,219,122,97
050,47,139,"Tennessee","Polk County",1,18,190,103,87
050,47,139,"Tennessee","Polk County",1,19,159,85,74
050,47,139,"Tennessee","Polk County",1,20,187,98,89
050,47,139,"Tennessee","Polk County",1,21,164,85,79
050,47,139,"Tennessee","Polk County",1,22,165,81,84
050,47,139,"Tennessee","Polk County",1,23,192,90,102
050,47,139,"Tennessee","Polk County",1,24,187,85,102
050,47,139,"Tennessee","Polk County",1,25,199,99,100
050,47,139,"Tennessee","Polk County",1,26,187,107,80
050,47,139,"Tennessee","Polk County",1,27,182,97,85
050,47,139,"Tennessee","Polk County",1,28,208,108,100
050,47,139,"Tennessee","Polk County",1,29,205,110,95
050,47,139,"Tennessee","Polk County",1,30,195,99,96
050,47,139,"Tennessee","Polk County",1,31,194,95,99
050,47,139,"Tennessee","Polk County",1,32,191,97,94
050,47,139,"Tennessee","Polk County",1,33,167,81,86
050,47,139,"Tennessee","Polk County",1,34,189,92,97
050,47,139,"Tennessee","Polk County",1,35,172,86,86
050,47,139,"Tennessee","Polk County",1,36,182,87,95
050,47,139,"Tennessee","Polk County",1,37,187,97,90
050,47,139,"Tennessee","Polk County",1,38,177,94,83
050,47,139,"Tennessee","Polk County",1,39,195,95,100
050,47,139,"Tennessee","Polk County",1,40,234,118,116
050,47,139,"Tennessee","Polk County",1,41,194,90,104
050,47,139,"Tennessee","Polk County",1,42,209,93,116
050,47,139,"Tennessee","Polk County",1,43,216,106,110
050,47,139,"Tennessee","Polk County",1,44,218,106,112
050,47,139,"Tennessee","Polk County",1,45,238,117,121
050,47,139,"Tennessee","Polk County",1,46,241,124,117
050,47,139,"Tennessee","Polk County",1,47,251,130,121
050,47,139,"Tennessee","Polk County",1,48,259,131,128
050,47,139,"Tennessee","Polk County",1,49,267,139,128
050,47,139,"Tennessee","Polk County",1,50,281,144,137
050,47,139,"Tennessee","Polk County",1,51,281,154,127
050,47,139,"Tennessee","Polk County",1,52,264,130,134
050,47,139,"Tennessee","Polk County",1,53,273,136,137
050,47,139,"Tennessee","Polk County",1,54,269,133,136
050,47,139,"Tennessee","Polk County",1,55,298,137,161
050,47,139,"Tennessee","Polk County",1,56,299,147,152
050,47,139,"Tennessee","Polk County",1,57,296,157,139
050,47,139,"Tennessee","Polk County",1,58,292,156,136
050,47,139,"Tennessee","Polk County",1,59,270,132,138
050,47,139,"Tennessee","Polk County",1,60,273,148,125
050,47,139,"Tennessee","Polk County",1,61,221,95,126
050,47,139,"Tennessee","Polk County",1,62,236,118,118
050,47,139,"Tennessee","Polk County",1,63,270,128,142
050,47,139,"Tennessee","Polk County",1,64,251,117,134
050,47,139,"Tennessee","Polk County",1,65,254,126,128
050,47,139,"Tennessee","Polk County",1,66,247,124,123
050,47,139,"Tennessee","Polk County",1,67,224,120,104
050,47,139,"Tennessee","Polk County",1,68,222,114,108
050,47,139,"Tennessee","Polk County",1,69,235,116,119
050,47,139,"Tennessee","Polk County",1,70,221,106,115
050,47,139,"Tennessee","Polk County",1,71,209,98,111
050,47,139,"Tennessee","Polk County",1,72,198,93,105
050,47,139,"Tennessee","Polk County",1,73,225,113,112
050,47,139,"Tennessee","Polk County",1,74,170,85,85
050,47,139,"Tennessee","Polk County",1,75,157,74,83
050,47,139,"Tennessee","Polk County",1,76,153,66,87
050,47,139,"Tennessee","Polk County",1,77,164,75,89
050,47,139,"Tennessee","Polk County",1,78,144,78,66
050,47,139,"Tennessee","Polk County",1,79,113,59,54
050,47,139,"Tennessee","Polk County",1,80,85,41,44
050,47,139,"Tennessee","Polk County",1,81,78,33,45
050,47,139,"Tennessee","Polk County",1,82,83,35,48
050,47,139,"Tennessee","Polk County",1,83,74,31,43
050,47,139,"Tennessee","Polk County",1,84,75,34,41
050,47,139,"Tennessee","Polk County",1,85,323,124,199
050,47,139,"Tennessee","Polk County",2,0,167,85,82
050,47,139,"Tennessee","Polk County",2,1,174,95,79
050,47,139,"Tennessee","Polk County",2,2,184,96,88
050,47,139,"Tennessee","Polk County",2,3,174,83,91
050,47,139,"Tennessee","Polk County",2,4,166,78,88
050,47,139,"Tennessee","Polk County",2,5,181,85,96
050,47,139,"Tennessee","Polk County",2,6,177,85,92
050,47,139,"Tennessee","Polk County",2,7,166,82,84
050,47,139,"Tennessee","Polk County",2,8,164,84,80
050,47,139,"Tennessee","Polk County",2,9,171,89,82
050,47,139,"Tennessee","Polk County",2,10,190,97,93
050,47,139,"Tennessee","Polk County",2,11,215,111,104
050,47,139,"Tennessee","Polk County",2,12,220,110,110
050,47,139,"Tennessee","Polk County",2,13,204,104,100
050,47,139,"Tennessee","Polk County",2,14,209,110,99
050,47,139,"Tennessee","Polk County",2,15,212,112,100
050,47,139,"Tennessee","Polk County",2,16,221,116,105
050,47,139,"Tennessee","Polk County",2,17,220,120,100
050,47,139,"Tennessee","Polk County",2,18,189,104,85
050,47,139,"Tennessee","Polk County",2,19,159,85,74
050,47,139,"Tennessee","Polk County",2,20,184,97,87
050,47,139,"Tennessee","Polk County",2,21,170,87,83
050,47,139,"Tennessee","Polk County",2,22,164,80,84
050,47,139,"Tennessee","Polk County",2,23,188,86,102
050,47,139,"Tennessee","Polk County",2,24,187,86,101
050,47,139,"Tennessee","Polk County",2,25,200,98,102
050,47,139,"Tennessee","Polk County",2,26,189,103,86
050,47,139,"Tennessee","Polk County",2,27,183,99,84
050,47,139,"Tennessee","Polk County",2,28,204,105,99
050,47,139,"Tennessee","Polk County",2,29,208,110,98
050,47,139,"Tennessee","Polk County",2,30,201,102,99
050,47,139,"Tennessee","Polk County",2,31,193,97,96
050,47,139,"Tennessee","Polk County",2,32,192,95,97
050,47,139,"Tennessee","Polk County",2,33,173,85,88
050,47,139,"Tennessee","Polk County",2,34,184,91,93
050,47,139,"Tennessee","Polk County",2,35,177,87,90
050,47,139,"Tennessee","Polk County",2,36,181,88,93
050,47,139,"Tennessee","Polk County",2,37,185,94,91
050,47,139,"Tennessee","Polk County",2,38,182,96,86
050,47,139,"Tennessee","Polk County",2,39,194,97,97
050,47,139,"Tennessee","Polk County",2,40,228,114,114
050,47,139,"Tennessee","Polk County",2,41,203,97,106
050,47,139,"Tennessee","Polk County",2,42,204,93,111
050,47,139,"Tennessee","Polk County",2,43,217,105,112
050,47,139,"Tennessee","Polk County",2,44,216,106,110
050,47,139,"Tennessee","Polk County",2,45,233,114,119
050,47,139,"Tennessee","Polk County",2,46,240,123,117
050,47,139,"Tennessee","Polk County",2,47,244,125,119
050,47,139,"Tennessee","Polk County",2,48,257,130,127
050,47,139,"Tennessee","Polk County",2,49,268,139,129
050,47,139,"Tennessee","Polk County",2,50,277,144,133
050,47,139,"Tennessee","Polk County",2,51,283,152,131
050,47,139,"Tennessee","Polk County",2,52,270,136,134
050,47,139,"Tennessee","Polk County",2,53,274,135,139
050,47,139,"Tennessee","Polk County",2,54,269,132,137
050,47,139,"Tennessee","Polk County",2,55,291,135,156
050,47,139,"Tennessee","Polk County",2,56,298,144,154
050,47,139,"Tennessee","Polk County",2,57,296,154,142
050,47,139,"Tennessee","Polk County",2,58,292,156,136
050,47,139,"Tennessee","Polk County",2,59,280,142,138
050,47,139,"Tennessee","Polk County",2,60,273,144,129
050,47,139,"Tennessee","Polk County",2,61,230,105,125
050,47,139,"Tennessee","Polk County",2,62,229,109,120
050,47,139,"Tennessee","Polk County",2,63,263,126,137
050,47,139,"Tennessee","Polk County",2,64,250,117,133
050,47,139,"Tennessee","Polk County",2,65,251,122,129
050,47,139,"Tennessee","Polk County",2,66,248,125,123
050,47,139,"Tennessee","Polk County",2,67,229,121,108
050,47,139,"Tennessee","Polk County",2,68,219,114,105
050,47,139,"Tennessee","Polk County",2,69,234,117,117
050,47,139,"Tennessee","Polk County",2,70,225,108,117
050,47,139,"Tennessee","Polk County",2,71,211,100,111
050,47,139,"Tennessee","Polk County",2,72,198,92,106
050,47,139,"Tennessee","Polk County",2,73,230,115,115
050,47,139,"Tennessee","Polk County",2,74,172,87,85
050,47,139,"Tennessee","Polk County",2,75,157,74,83
050,47,139,"Tennessee","Polk County",2,76,150,66,84
050,47,139,"Tennessee","Polk County",2,77,164,75,89
050,47,139,"Tennessee","Polk County",2,78,146,76,70
050,47,139,"Tennessee","Polk County",2,79,120,63,57
050,47,139,"Tennessee","Polk County",2,80,89,43,46
050,47,139,"Tennessee","Polk County",2,81,77,34,43
050,47,139,"Tennessee","Polk County",2,82,80,34,46
050,47,139,"Tennessee","Polk County",2,83,75,30,45
050,47,139,"Tennessee","Polk County",2,84,72,32,40
050,47,139,"Tennessee","Polk County",2,85,332,127,205
050,47,139,"Tennessee","Polk County",3,0,155,72,83
050,47,139,"Tennessee","Polk County",3,1,186,100,86
050,47,139,"Tennessee","Polk County",3,2,186,109,77
050,47,139,"Tennessee","Polk County",3,3,172,87,85
050,47,139,"Tennessee","Polk County",3,4,172,80,92
050,47,139,"Tennessee","Polk County",3,5,170,82,88
050,47,139,"Tennessee","Polk County",3,6,182,85,97
050,47,139,"Tennessee","Polk County",3,7,179,85,94
050,47,139,"Tennessee","Polk County",3,8,174,78,96
050,47,139,"Tennessee","Polk County",3,9,178,90,88
050,47,139,"Tennessee","Polk County",3,10,182,95,87
050,47,139,"Tennessee","Polk County",3,11,207,101,106
050,47,139,"Tennessee","Polk County",3,12,216,107,109
050,47,139,"Tennessee","Polk County",3,13,218,113,105
050,47,139,"Tennessee","Polk County",3,14,206,103,103
050,47,139,"Tennessee","Polk County",3,15,219,119,100
050,47,139,"Tennessee","Polk County",3,16,221,122,99
050,47,139,"Tennessee","Polk County",3,17,224,122,102
050,47,139,"Tennessee","Polk County",3,18,190,112,78
050,47,139,"Tennessee","Polk County",3,19,154,84,70
050,47,139,"Tennessee","Polk County",3,20,166,91,75
050,47,139,"Tennessee","Polk County",3,21,191,99,92
050,47,139,"Tennessee","Polk County",3,22,177,81,96
050,47,139,"Tennessee","Polk County",3,23,174,87,87
050,47,139,"Tennessee","Polk County",3,24,194,94,100
050,47,139,"Tennessee","Polk County",3,25,186,87,99
050,47,139,"Tennessee","Polk County",3,26,199,97,102
050,47,139,"Tennessee","Polk County",3,27,188,104,84
050,47,139,"Tennessee","Polk County",3,28,179,99,80
050,47,139,"Tennessee","Polk County",3,29,200,100,100
050,47,139,"Tennessee","Polk County",3,30,222,118,104
050,47,139,"Tennessee","Polk County",3,31,209,110,99
050,47,139,"Tennessee","Polk County",3,32,185,91,94
050,47,139,"Tennessee","Polk County",3,33,183,90,93
050,47,139,"Tennessee","Polk County",3,34,176,86,90
050,47,139,"Tennessee","Polk County",3,35,185,89,96
050,47,139,"Tennessee","Polk County",3,36,182,98,84
050,47,139,"Tennessee","Polk County",3,37,184,89,95
050,47,139,"Tennessee","Polk County",3,38,192,97,95
050,47,139,"Tennessee","Polk County",3,39,188,97,91
050,47,139,"Tennessee","Polk County",3,40,214,105,109
050,47,139,"Tennessee","Polk County",3,41,225,113,112
050,47,139,"Tennessee","Polk County",3,42,204,96,108
050,47,139,"Tennessee","Polk County",3,43,219,104,115
050,47,139,"Tennessee","Polk County",3,44,225,110,115
050,47,139,"Tennessee","Polk County",3,45,221,107,114
050,47,139,"Tennessee","Polk County",3,46,247,121,126
050,47,139,"Tennessee","Polk County",3,47,249,132,117
050,47,139,"Tennessee","Polk County",3,48,244,123,121
050,47,139,"Tennessee","Polk County",3,49,266,135,131
050,47,139,"Tennessee","Polk County",3,50,267,140,127
050,47,139,"Tennessee","Polk County",3,51,286,149,137
050,47,139,"Tennessee","Polk County",3,52,285,149,136
050,47,139,"Tennessee","Polk County",3,53,271,134,137
050,47,139,"Tennessee","Polk County",3,54,268,127,141
050,47,139,"Tennessee","Polk County",3,55,286,140,146
050,47,139,"Tennessee","Polk County",3,56,292,138,154
050,47,139,"Tennessee","Polk County",3,57,298,143,155
050,47,139,"Tennessee","Polk County",3,58,296,155,141
050,47,139,"Tennessee","Polk County",3,59,301,155,146
050,47,139,"Tennessee","Polk County",3,60,285,148,137
050,47,139,"Tennessee","Polk County",3,61,286,152,134
050,47,139,"Tennessee","Polk County",3,62,239,112,127
050,47,139,"Tennessee","Polk County",3,63,237,113,124
050,47,139,"Tennessee","Polk County",3,64,264,129,135
050,47,139,"Tennessee","Polk County",3,65,246,115,131
050,47,139,"Tennessee","Polk County",3,66,246,121,125
050,47,139,"Tennessee","Polk County",3,67,251,122,129
050,47,139,"Tennessee","Polk County",3,68,235,125,110
050,47,139,"Tennessee","Polk County",3,69,213,108,105
050,47,139,"Tennessee","Polk County",3,70,229,118,111
050,47,139,"Tennessee","Polk County",3,71,218,101,117
050,47,139,"Tennessee","Polk County",3,72,200,92,108
050,47,139,"Tennessee","Polk County",3,73,185,84,101
050,47,139,"Tennessee","Polk County",3,74,223,114,109
050,47,139,"Tennessee","Polk County",3,75,161,79,82
050,47,139,"Tennessee","Polk County",3,76,143,67,76
050,47,139,"Tennessee","Polk County",3,77,141,61,80
050,47,139,"Tennessee","Polk County",3,78,142,61,81
050,47,139,"Tennessee","Polk County",3,79,143,72,71
050,47,139,"Tennessee","Polk County",3,80,111,59,52
050,47,139,"Tennessee","Polk County",3,81,79,40,39
050,47,139,"Tennessee","Polk County",3,82,73,32,41
050,47,139,"Tennessee","Polk County",3,83,74,30,44
050,47,139,"Tennessee","Polk County",3,84,68,27,41
050,47,139,"Tennessee","Polk County",3,85,307,121,186
050,47,139,"Tennessee","Polk County",4,0,167,86,81
050,47,139,"Tennessee","Polk County",4,1,169,90,79
050,47,139,"Tennessee","Polk County",4,2,186,104,82
050,47,139,"Tennessee","Polk County",4,3,182,108,74
050,47,139,"Tennessee","Polk County",4,4,183,100,83
050,47,139,"Tennessee","Polk County",4,5,167,78,89
050,47,139,"Tennessee","Polk County",4,6,175,83,92
050,47,139,"Tennessee","Polk County",4,7,185,86,99
050,47,139,"Tennessee","Polk County",4,8,173,80,93
050,47,139,"Tennessee","Polk County",4,9,178,80,98
050,47,139,"Tennessee","Polk County",4,10,171,87,84
050,47,139,"Tennessee","Polk County",4,11,186,107,79
050,47,139,"Tennessee","Polk County",4,12,206,98,108
050,47,139,"Tennessee","Polk County",4,13,218,107,111
050,47,139,"Tennessee","Polk County",4,14,218,117,101
050,47,139,"Tennessee","Polk County",4,15,212,109,103
050,47,139,"Tennessee","Polk County",4,16,221,122,99
050,47,139,"Tennessee","Polk County",4,17,212,118,94
050,47,139,"Tennessee","Polk County",4,18,188,109,79
050,47,139,"Tennessee","Polk County",4,19,153,90,63
050,47,139,"Tennessee","Polk County",4,20,163,89,74
050,47,139,"Tennessee","Polk County",4,21,177,98,79
050,47,139,"Tennessee","Polk County",4,22,205,105,100
050,47,139,"Tennessee","Polk County",4,23,196,90,106
050,47,139,"Tennessee","Polk County",4,24,194,89,105
050,47,139,"Tennessee","Polk County",4,25,203,102,101
050,47,139,"Tennessee","Polk County",4,26,176,87,89
050,47,139,"Tennessee","Polk County",4,27,201,107,94
050,47,139,"Tennessee","Polk County",4,28,186,98,88
050,47,139,"Tennessee","Polk County",4,29,174,91,83
050,47,139,"Tennessee","Polk County",4,30,202,105,97
050,47,139,"Tennessee","Polk County",4,31,233,125,108
050,47,139,"Tennessee","Polk County",4,32,208,111,97
050,47,139,"Tennessee","Polk County",4,33,191,99,92
050,47,139,"Tennessee","Polk County",4,34,184,94,90
050,47,139,"Tennessee","Polk County",4,35,172,81,91
050,47,139,"Tennessee","Polk County",4,36,189,93,96
050,47,139,"Tennessee","Polk County",4,37,174,95,79
050,47,139,"Tennessee","Polk County",4,38,185,90,95
050,47,139,"Tennessee","Polk County",4,39,195,96,99
050,47,139,"Tennessee","Polk County",4,40,201,103,98
050,47,139,"Tennessee","Polk County",4,41,215,102,113
050,47,139,"Tennessee","Polk County",4,42,226,109,117
050,47,139,"Tennessee","Polk County",4,43,207,96,111
050,47,139,"Tennessee","Polk County",4,44,223,109,114
050,47,139,"Tennessee","Polk County",4,45,221,109,112
050,47,139,"Tennessee","Polk County",4,46,220,108,112
050,47,139,"Tennessee","Polk County",4,47,244,119,125
050,47,139,"Tennessee","Polk County",4,48,254,131,123
050,47,139,"Tennessee","Polk County",4,49,247,124,123
050,47,139,"Tennessee","Polk County",4,50,266,135,131
050,47,139,"Tennessee","Polk County",4,51,278,142,136
050,47,139,"Tennessee","Polk County",4,52,296,152,144
050,47,139,"Tennessee","Polk County",4,53,298,156,142
050,47,139,"Tennessee","Polk County",4,54,272,135,137
050,47,139,"Tennessee","Polk County",4,55,278,132,146
050,47,139,"Tennessee","Polk County",4,56,286,138,148
050,47,139,"Tennessee","Polk County",4,57,297,145,152
050,47,139,"Tennessee","Polk County",4,58,298,143,155
050,47,139,"Tennessee","Polk County",4,59,300,152,148
050,47,139,"Tennessee","Polk County",4,60,303,155,148
050,47,139,"Tennessee","Polk County",4,61,300,154,146
050,47,139,"Tennessee","Polk County",4,62,284,147,137
050,47,139,"Tennessee","Polk County",4,63,242,110,132
050,47,139,"Tennessee","Polk County",4,64,235,113,122
050,47,139,"Tennessee","Polk County",4,65,258,135,123
050,47,139,"Tennessee","Polk County",4,66,243,120,123
050,47,139,"Tennessee","Polk County",4,67,247,122,125
050,47,139,"Tennessee","Polk County",4,68,257,122,135
050,47,139,"Tennessee","Polk County",4,69,221,121,100
050,47,139,"Tennessee","Polk County",4,70,201,104,97
050,47,139,"Tennessee","Polk County",4,71,223,113,110
050,47,139,"Tennessee","Polk County",4,72,210,96,114
050,47,139,"Tennessee","Polk County",4,73,195,88,107
050,47,139,"Tennessee","Polk County",4,74,170,75,95
050,47,139,"Tennessee","Polk County",4,75,210,104,106
050,47,139,"Tennessee","Polk County",4,76,154,76,78
050,47,139,"Tennessee","Polk County",4,77,133,59,74
050,47,139,"Tennessee","Polk County",4,78,136,58,78
050,47,139,"Tennessee","Polk County",4,79,139,60,79
050,47,139,"Tennessee","Polk County",4,80,127,64,63
050,47,139,"Tennessee","Polk County",4,81,95,53,42
050,47,139,"Tennessee","Polk County",4,82,73,40,33
050,47,139,"Tennessee","Polk County",4,83,72,34,38
050,47,139,"Tennessee","Polk County",4,84,69,28,41
050,47,139,"Tennessee","Polk County",4,85,296,108,188
050,47,139,"Tennessee","Polk County",5,0,166,87,79
050,47,139,"Tennessee","Polk County",5,1,164,79,85
050,47,139,"Tennessee","Polk County",5,2,176,95,81
050,47,139,"Tennessee","Polk County",5,3,191,106,85
050,47,139,"Tennessee","Polk County",5,4,183,109,74
050,47,139,"Tennessee","Polk County",5,5,181,97,84
050,47,139,"Tennessee","Polk County",5,6,170,86,84
050,47,139,"Tennessee","Polk County",5,7,174,86,88
050,47,139,"Tennessee","Polk County",5,8,184,86,98
050,47,139,"Tennessee","Polk County",5,9,176,84,92
050,47,139,"Tennessee","Polk County",5,10,163,74,89
050,47,139,"Tennessee","Polk County",5,11,170,93,77
050,47,139,"Tennessee","Polk County",5,12,193,106,87
050,47,139,"Tennessee","Polk County",5,13,214,100,114
050,47,139,"Tennessee","Polk County",5,14,215,109,106
050,47,139,"Tennessee","Polk County",5,15,220,118,102
050,47,139,"Tennessee","Polk County",5,16,214,109,105
050,47,139,"Tennessee","Polk County",5,17,224,121,103
050,47,139,"Tennessee","Polk County",5,18,177,100,77
050,47,139,"Tennessee","Polk County",5,19,151,87,64
050,47,139,"Tennessee","Polk County",5,20,180,109,71
050,47,139,"Tennessee","Polk County",5,21,183,97,86
050,47,139,"Tennessee","Polk County",5,22,182,95,87
050,47,139,"Tennessee","Polk County",5,23,222,117,105
050,47,139,"Tennessee","Polk County",5,24,204,96,108
050,47,139,"Tennessee","Polk County",5,25,193,82,111
050,47,139,"Tennessee","Polk County",5,26,216,110,106
050,47,139,"Tennessee","Polk County",5,27,187,93,94
050,47,139,"Tennessee","Polk County",5,28,205,112,93
050,47,139,"Tennessee","Polk County",5,29,191,100,91
050,47,139,"Tennessee","Polk County",5,30,185,95,90
050,47,139,"Tennessee","Polk County",5,31,204,107,97
050,47,139,"Tennessee","Polk County",5,32,233,122,111
050,47,139,"Tennessee","Polk County",5,33,218,117,101
050,47,139,"Tennessee","Polk County",5,34,195,103,92
050,47,139,"Tennessee","Polk County",5,35,184,97,87
050,47,139,"Tennessee","Polk County",5,36,182,88,94
050,47,139,"Tennessee","Polk County",5,37,186,90,96
050,47,139,"Tennessee","Polk County",5,38,186,104,82
050,47,139,"Tennessee","Polk County",5,39,178,77,101
050,47,139,"Tennessee","Polk County",5,40,205,100,105
050,47,139,"Tennessee","Polk County",5,41,200,109,91
050,47,139,"Tennessee","Polk County",5,42,226,108,118
050,47,139,"Tennessee","Polk County",5,43,224,111,113
050,47,139,"Tennessee","Polk County",5,44,215,102,113
050,47,139,"Tennessee","Polk County",5,45,233,113,120
050,47,139,"Tennessee","Polk County",5,46,227,114,113
050,47,139,"Tennessee","Polk County",5,47,232,114,118
050,47,139,"Tennessee","Polk County",5,48,251,121,130
050,47,139,"Tennessee","Polk County",5,49,259,138,121
050,47,139,"Tennessee","Polk County",5,50,260,133,127
050,47,139,"Tennessee","Polk County",5,51,270,136,134
050,47,139,"Tennessee","Polk County",5,52,274,137,137
050,47,139,"Tennessee","Polk County",5,53,328,170,158
050,47,139,"Tennessee","Polk County",5,54,318,165,153
050,47,139,"Tennessee","Polk County",5,55,276,135,141
050,47,139,"Tennessee","Polk County",5,56,285,136,149
050,47,139,"Tennessee","Polk County",5,57,297,143,154
050,47,139,"Tennessee","Polk County",5,58,300,145,155
050,47,139,"Tennessee","Polk County",5,59,312,152,160
050,47,139,"Tennessee","Polk County",5,60,312,157,155
050,47,139,"Tennessee","Polk County",5,61,318,166,152
050,47,139,"Tennessee","Polk County",5,62,305,152,153
050,47,139,"Tennessee","Polk County",5,63,281,143,138
050,47,139,"Tennessee","Polk County",5,64,254,116,138
050,47,139,"Tennessee","Polk County",5,65,236,118,118
050,47,139,"Tennessee","Polk County",5,66,256,139,117
050,47,139,"Tennessee","Polk County",5,67,243,117,126
050,47,139,"Tennessee","Polk County",5,68,242,118,124
050,47,139,"Tennessee","Polk County",5,69,256,123,133
050,47,139,"Tennessee","Polk County",5,70,217,115,102
050,47,139,"Tennessee","Polk County",5,71,197,98,99
050,47,139,"Tennessee","Polk County",5,72,219,110,109
050,47,139,"Tennessee","Polk County",5,73,207,92,115
050,47,139,"Tennessee","Polk County",5,74,177,80,97
050,47,139,"Tennessee","Polk County",5,75,159,66,93
050,47,139,"Tennessee","Polk County",5,76,201,99,102
050,47,139,"Tennessee","Polk County",5,77,142,68,74
050,47,139,"Tennessee","Polk County",5,78,123,52,71
050,47,139,"Tennessee","Polk County",5,79,125,53,72
050,47,139,"Tennessee","Polk County",5,80,122,52,70
050,47,139,"Tennessee","Polk County",5,81,112,58,54
050,47,139,"Tennessee","Polk County",5,82,90,48,42
050,47,139,"Tennessee","Polk County",5,83,67,36,31
050,47,139,"Tennessee","Polk County",5,84,69,33,36
050,47,139,"Tennessee","Polk County",5,85,291,100,191
050,47,141,"Tennessee","Putnam County",1,0,880,452,428
050,47,141,"Tennessee","Putnam County",1,1,859,450,409
050,47,141,"Tennessee","Putnam County",1,2,926,450,476
050,47,141,"Tennessee","Putnam County",1,3,908,455,453
050,47,141,"Tennessee","Putnam County",1,4,919,467,452
050,47,141,"Tennessee","Putnam County",1,5,920,489,431
050,47,141,"Tennessee","Putnam County",1,6,956,486,470
050,47,141,"Tennessee","Putnam County",1,7,928,464,464
050,47,141,"Tennessee","Putnam County",1,8,912,450,462
050,47,141,"Tennessee","Putnam County",1,9,891,448,443
050,47,141,"Tennessee","Putnam County",1,10,923,470,453
050,47,141,"Tennessee","Putnam County",1,11,965,483,482
050,47,141,"Tennessee","Putnam County",1,12,967,471,496
050,47,141,"Tennessee","Putnam County",1,13,1025,524,501
050,47,141,"Tennessee","Putnam County",1,14,965,480,485
050,47,141,"Tennessee","Putnam County",1,15,958,496,462
050,47,141,"Tennessee","Putnam County",1,16,1008,538,470
050,47,141,"Tennessee","Putnam County",1,17,982,518,464
050,47,141,"Tennessee","Putnam County",1,18,1451,780,671
050,47,141,"Tennessee","Putnam County",1,19,1971,1115,856
050,47,141,"Tennessee","Putnam County",1,20,1813,972,841
050,47,141,"Tennessee","Putnam County",1,21,1762,957,805
050,47,141,"Tennessee","Putnam County",1,22,1807,1022,785
050,47,141,"Tennessee","Putnam County",1,23,1633,925,708
050,47,141,"Tennessee","Putnam County",1,24,1393,783,610
050,47,141,"Tennessee","Putnam County",1,25,1242,688,554
050,47,141,"Tennessee","Putnam County",1,26,1066,545,521
050,47,141,"Tennessee","Putnam County",1,27,1086,551,535
050,47,141,"Tennessee","Putnam County",1,28,1108,565,543
050,47,141,"Tennessee","Putnam County",1,29,1132,577,555
050,47,141,"Tennessee","Putnam County",1,30,1041,520,521
050,47,141,"Tennessee","Putnam County",1,31,979,503,476
050,47,141,"Tennessee","Putnam County",1,32,900,454,446
050,47,141,"Tennessee","Putnam County",1,33,882,435,447
050,47,141,"Tennessee","Putnam County",1,34,942,455,487
050,47,141,"Tennessee","Putnam County",1,35,942,495,447
050,47,141,"Tennessee","Putnam County",1,36,933,474,459
050,47,141,"Tennessee","Putnam County",1,37,967,500,467
050,47,141,"Tennessee","Putnam County",1,38,940,498,442
050,47,141,"Tennessee","Putnam County",1,39,936,472,464
050,47,141,"Tennessee","Putnam County",1,40,897,457,440
050,47,141,"Tennessee","Putnam County",1,41,922,471,451
050,47,141,"Tennessee","Putnam County",1,42,871,434,437
050,47,141,"Tennessee","Putnam County",1,43,848,439,409
050,47,141,"Tennessee","Putnam County",1,44,835,409,426
050,47,141,"Tennessee","Putnam County",1,45,890,430,460
050,47,141,"Tennessee","Putnam County",1,46,866,430,436
050,47,141,"Tennessee","Putnam County",1,47,912,459,453
050,47,141,"Tennessee","Putnam County",1,48,979,482,497
050,47,141,"Tennessee","Putnam County",1,49,981,481,500
050,47,141,"Tennessee","Putnam County",1,50,950,470,480
050,47,141,"Tennessee","Putnam County",1,51,955,469,486
050,47,141,"Tennessee","Putnam County",1,52,921,443,478
050,47,141,"Tennessee","Putnam County",1,53,926,456,470
050,47,141,"Tennessee","Putnam County",1,54,907,457,450
050,47,141,"Tennessee","Putnam County",1,55,972,473,499
050,47,141,"Tennessee","Putnam County",1,56,975,468,507
050,47,141,"Tennessee","Putnam County",1,57,970,462,508
050,47,141,"Tennessee","Putnam County",1,58,1010,478,532
050,47,141,"Tennessee","Putnam County",1,59,947,444,503
050,47,141,"Tennessee","Putnam County",1,60,914,429,485
050,47,141,"Tennessee","Putnam County",1,61,969,460,509
050,47,141,"Tennessee","Putnam County",1,62,921,443,478
050,47,141,"Tennessee","Putnam County",1,63,934,435,499
050,47,141,"Tennessee","Putnam County",1,64,875,411,464
050,47,141,"Tennessee","Putnam County",1,65,896,435,461
050,47,141,"Tennessee","Putnam County",1,66,833,400,433
050,47,141,"Tennessee","Putnam County",1,67,826,388,438
050,47,141,"Tennessee","Putnam County",1,68,796,373,423
050,47,141,"Tennessee","Putnam County",1,69,751,331,420
050,47,141,"Tennessee","Putnam County",1,70,765,350,415
050,47,141,"Tennessee","Putnam County",1,71,749,351,398
050,47,141,"Tennessee","Putnam County",1,72,775,367,408
050,47,141,"Tennessee","Putnam County",1,73,782,366,416
050,47,141,"Tennessee","Putnam County",1,74,557,257,300
050,47,141,"Tennessee","Putnam County",1,75,547,247,300
050,47,141,"Tennessee","Putnam County",1,76,549,246,303
050,47,141,"Tennessee","Putnam County",1,77,539,250,289
050,47,141,"Tennessee","Putnam County",1,78,456,206,250
050,47,141,"Tennessee","Putnam County",1,79,382,165,217
050,47,141,"Tennessee","Putnam County",1,80,356,154,202
050,47,141,"Tennessee","Putnam County",1,81,319,129,190
050,47,141,"Tennessee","Putnam County",1,82,283,126,157
050,47,141,"Tennessee","Putnam County",1,83,252,113,139
050,47,141,"Tennessee","Putnam County",1,84,224,92,132
050,47,141,"Tennessee","Putnam County",1,85,1251,461,790
050,47,141,"Tennessee","Putnam County",2,0,862,451,411
050,47,141,"Tennessee","Putnam County",2,1,865,453,412
050,47,141,"Tennessee","Putnam County",2,2,912,451,461
050,47,141,"Tennessee","Putnam County",2,3,910,452,458
050,47,141,"Tennessee","Putnam County",2,4,921,468,453
050,47,141,"Tennessee","Putnam County",2,5,925,486,439
050,47,141,"Tennessee","Putnam County",2,6,950,488,462
050,47,141,"Tennessee","Putnam County",2,7,939,470,469
050,47,141,"Tennessee","Putnam County",2,8,916,452,464
050,47,141,"Tennessee","Putnam County",2,9,902,448,454
050,47,141,"Tennessee","Putnam County",2,10,919,467,452
050,47,141,"Tennessee","Putnam County",2,11,948,475,473
050,47,141,"Tennessee","Putnam County",2,12,972,477,495
050,47,141,"Tennessee","Putnam County",2,13,1016,515,501
050,47,141,"Tennessee","Putnam County",2,14,984,492,492
050,47,141,"Tennessee","Putnam County",2,15,967,496,471
050,47,141,"Tennessee","Putnam County",2,16,1002,531,471
050,47,141,"Tennessee","Putnam County",2,17,993,526,467
050,47,141,"Tennessee","Putnam County",2,18,1450,772,678
050,47,141,"Tennessee","Putnam County",2,19,1971,1114,857
050,47,141,"Tennessee","Putnam County",2,20,1830,979,851
050,47,141,"Tennessee","Putnam County",2,21,1763,961,802
050,47,141,"Tennessee","Putnam County",2,22,1797,1018,779
050,47,141,"Tennessee","Putnam County",2,23,1625,913,712
050,47,141,"Tennessee","Putnam County",2,24,1390,779,611
050,47,141,"Tennessee","Putnam County",2,25,1254,694,560
050,47,141,"Tennessee","Putnam County",2,26,1101,575,526
050,47,141,"Tennessee","Putnam County",2,27,1071,543,528
050,47,141,"Tennessee","Putnam County",2,28,1107,563,544
050,47,141,"Tennessee","Putnam County",2,29,1121,570,551
050,47,141,"Tennessee","Putnam County",2,30,1068,539,529
050,47,141,"Tennessee","Putnam County",2,31,992,507,485
050,47,141,"Tennessee","Putnam County",2,32,917,462,455
050,47,141,"Tennessee","Putnam County",2,33,886,439,447
050,47,141,"Tennessee","Putnam County",2,34,928,450,478
050,47,141,"Tennessee","Putnam County",2,35,955,494,461
050,47,141,"Tennessee","Putnam County",2,36,930,477,453
050,47,141,"Tennessee","Putnam County",2,37,960,495,465
050,47,141,"Tennessee","Putnam County",2,38,947,498,449
050,47,141,"Tennessee","Putnam County",2,39,931,479,452
050,47,141,"Tennessee","Putnam County",2,40,912,465,447
050,47,141,"Tennessee","Putnam County",2,41,914,464,450
050,47,141,"Tennessee","Putnam County",2,42,878,440,438
050,47,141,"Tennessee","Putnam County",2,43,863,443,420
050,47,141,"Tennessee","Putnam County",2,44,834,412,422
050,47,141,"Tennessee","Putnam County",2,45,881,427,454
050,47,141,"Tennessee","Putnam County",2,46,874,431,443
050,47,141,"Tennessee","Putnam County",2,47,902,455,447
050,47,141,"Tennessee","Putnam County",2,48,969,478,491
050,47,141,"Tennessee","Putnam County",2,49,984,483,501
050,47,141,"Tennessee","Putnam County",2,50,959,473,486
050,47,141,"Tennessee","Putnam County",2,51,952,466,486
050,47,141,"Tennessee","Putnam County",2,52,927,446,481
050,47,141,"Tennessee","Putnam County",2,53,926,453,473
050,47,141,"Tennessee","Putnam County",2,54,913,456,457
050,47,141,"Tennessee","Putnam County",2,55,959,472,487
050,47,141,"Tennessee","Putnam County",2,56,980,470,510
050,47,141,"Tennessee","Putnam County",2,57,972,464,508
050,47,141,"Tennessee","Putnam County",2,58,1001,474,527
050,47,141,"Tennessee","Putnam County",2,59,966,455,511
050,47,141,"Tennessee","Putnam County",2,60,920,429,491
050,47,141,"Tennessee","Putnam County",2,61,951,447,504
050,47,141,"Tennessee","Putnam County",2,62,933,445,488
050,47,141,"Tennessee","Putnam County",2,63,942,443,499
050,47,141,"Tennessee","Putnam County",2,64,886,414,472
050,47,141,"Tennessee","Putnam County",2,65,899,433,466
050,47,141,"Tennessee","Putnam County",2,66,848,406,442
050,47,141,"Tennessee","Putnam County",2,67,821,388,433
050,47,141,"Tennessee","Putnam County",2,68,799,375,424
050,47,141,"Tennessee","Putnam County",2,69,767,342,425
050,47,141,"Tennessee","Putnam County",2,70,756,342,414
050,47,141,"Tennessee","Putnam County",2,71,752,349,403
050,47,141,"Tennessee","Putnam County",2,72,755,353,402
050,47,141,"Tennessee","Putnam County",2,73,820,383,437
050,47,141,"Tennessee","Putnam County",2,74,573,265,308
050,47,141,"Tennessee","Putnam County",2,75,551,250,301
050,47,141,"Tennessee","Putnam County",2,76,538,240,298
050,47,141,"Tennessee","Putnam County",2,77,552,254,298
050,47,141,"Tennessee","Putnam County",2,78,460,209,251
050,47,141,"Tennessee","Putnam County",2,79,392,172,220
050,47,141,"Tennessee","Putnam County",2,80,355,151,204
050,47,141,"Tennessee","Putnam County",2,81,325,135,190
050,47,141,"Tennessee","Putnam County",2,82,289,126,163
050,47,141,"Tennessee","Putnam County",2,83,252,111,141
050,47,141,"Tennessee","Putnam County",2,84,223,93,130
050,47,141,"Tennessee","Putnam County",2,85,1249,463,786
050,47,141,"Tennessee","Putnam County",3,0,862,458,404
050,47,141,"Tennessee","Putnam County",3,1,865,458,407
050,47,141,"Tennessee","Putnam County",3,2,888,457,431
050,47,141,"Tennessee","Putnam County",3,3,914,459,455
050,47,141,"Tennessee","Putnam County",3,4,910,447,463
050,47,141,"Tennessee","Putnam County",3,5,947,478,469
050,47,141,"Tennessee","Putnam County",3,6,921,484,437
050,47,141,"Tennessee","Putnam County",3,7,969,503,466
050,47,141,"Tennessee","Putnam County",3,8,929,460,469
050,47,141,"Tennessee","Putnam County",3,9,916,464,452
050,47,141,"Tennessee","Putnam County",3,10,926,461,465
050,47,141,"Tennessee","Putnam County",3,11,936,481,455
050,47,141,"Tennessee","Putnam County",3,12,943,478,465
050,47,141,"Tennessee","Putnam County",3,13,1003,501,502
050,47,141,"Tennessee","Putnam County",3,14,1045,537,508
050,47,141,"Tennessee","Putnam County",3,15,1030,516,514
050,47,141,"Tennessee","Putnam County",3,16,981,497,484
050,47,141,"Tennessee","Putnam County",3,17,1020,547,473
050,47,141,"Tennessee","Putnam County",3,18,1493,779,714
050,47,141,"Tennessee","Putnam County",3,19,2061,1156,905
050,47,141,"Tennessee","Putnam County",3,20,1862,982,880
050,47,141,"Tennessee","Putnam County",3,21,1849,1019,830
050,47,141,"Tennessee","Putnam County",3,22,1796,1032,764
050,47,141,"Tennessee","Putnam County",3,23,1651,918,733
050,47,141,"Tennessee","Putnam County",3,24,1399,758,641
050,47,141,"Tennessee","Putnam County",3,25,1294,698,596
050,47,141,"Tennessee","Putnam County",3,26,1177,653,524
050,47,141,"Tennessee","Putnam County",3,27,1063,549,514
050,47,141,"Tennessee","Putnam County",3,28,1077,543,534
050,47,141,"Tennessee","Putnam County",3,29,1102,552,550
050,47,141,"Tennessee","Putnam County",3,30,1128,565,563
050,47,141,"Tennessee","Putnam County",3,31,1067,541,526
050,47,141,"Tennessee","Putnam County",3,32,1008,517,491
050,47,141,"Tennessee","Putnam County",3,33,932,452,480
050,47,141,"Tennessee","Putnam County",3,34,907,442,465
050,47,141,"Tennessee","Putnam County",3,35,943,463,480
050,47,141,"Tennessee","Putnam County",3,36,964,494,470
050,47,141,"Tennessee","Putnam County",3,37,923,468,455
050,47,141,"Tennessee","Putnam County",3,38,962,501,461
050,47,141,"Tennessee","Putnam County",3,39,966,492,474
050,47,141,"Tennessee","Putnam County",3,40,928,472,456
050,47,141,"Tennessee","Putnam County",3,41,918,465,453
050,47,141,"Tennessee","Putnam County",3,42,924,472,452
050,47,141,"Tennessee","Putnam County",3,43,909,463,446
050,47,141,"Tennessee","Putnam County",3,44,861,432,429
050,47,141,"Tennessee","Putnam County",3,45,823,413,410
050,47,141,"Tennessee","Putnam County",3,46,900,431,469
050,47,141,"Tennessee","Putnam County",3,47,903,449,454
050,47,141,"Tennessee","Putnam County",3,48,911,462,449
050,47,141,"Tennessee","Putnam County",3,49,969,469,500
050,47,141,"Tennessee","Putnam County",3,50,1001,499,502
050,47,141,"Tennessee","Putnam County",3,51,991,489,502
050,47,141,"Tennessee","Putnam County",3,52,951,464,487
050,47,141,"Tennessee","Putnam County",3,53,956,459,497
050,47,141,"Tennessee","Putnam County",3,54,923,452,471
050,47,141,"Tennessee","Putnam County",3,55,914,461,453
050,47,141,"Tennessee","Putnam County",3,56,966,473,493
050,47,141,"Tennessee","Putnam County",3,57,982,470,512
050,47,141,"Tennessee","Putnam County",3,58,984,458,526
050,47,141,"Tennessee","Putnam County",3,59,1005,463,542
050,47,141,"Tennessee","Putnam County",3,60,986,462,524
050,47,141,"Tennessee","Putnam County",3,61,932,444,488
050,47,141,"Tennessee","Putnam County",3,62,964,455,509
050,47,141,"Tennessee","Putnam County",3,63,940,448,492
050,47,141,"Tennessee","Putnam County",3,64,952,443,509
050,47,141,"Tennessee","Putnam County",3,65,889,404,485
050,47,141,"Tennessee","Putnam County",3,66,889,428,461
050,47,141,"Tennessee","Putnam County",3,67,838,400,438
050,47,141,"Tennessee","Putnam County",3,68,827,389,438
050,47,141,"Tennessee","Putnam County",3,69,790,368,422
050,47,141,"Tennessee","Putnam County",3,70,740,329,411
050,47,141,"Tennessee","Putnam County",3,71,753,339,414
050,47,141,"Tennessee","Putnam County",3,72,725,331,394
050,47,141,"Tennessee","Putnam County",3,73,725,335,390
050,47,141,"Tennessee","Putnam County",3,74,785,356,429
050,47,141,"Tennessee","Putnam County",3,75,542,249,293
050,47,141,"Tennessee","Putnam County",3,76,538,239,299
050,47,141,"Tennessee","Putnam County",3,77,511,236,275
050,47,141,"Tennessee","Putnam County",3,78,521,241,280
050,47,141,"Tennessee","Putnam County",3,79,444,197,247
050,47,141,"Tennessee","Putnam County",3,80,367,168,199
050,47,141,"Tennessee","Putnam County",3,81,323,138,185
050,47,141,"Tennessee","Putnam County",3,82,287,121,166
050,47,141,"Tennessee","Putnam County",3,83,250,104,146
050,47,141,"Tennessee","Putnam County",3,84,221,101,120
050,47,141,"Tennessee","Putnam County",3,85,1163,436,727
050,47,141,"Tennessee","Putnam County",4,0,926,502,424
050,47,141,"Tennessee","Putnam County",4,1,845,445,400
050,47,141,"Tennessee","Putnam County",4,2,859,468,391
050,47,141,"Tennessee","Putnam County",4,3,897,450,447
050,47,141,"Tennessee","Putnam County",4,4,935,466,469
050,47,141,"Tennessee","Putnam County",4,5,920,459,461
050,47,141,"Tennessee","Putnam County",4,6,957,472,485
050,47,141,"Tennessee","Putnam County",4,7,922,490,432
050,47,141,"Tennessee","Putnam County",4,8,964,489,475
050,47,141,"Tennessee","Putnam County",4,9,970,498,472
050,47,141,"Tennessee","Putnam County",4,10,930,478,452
050,47,141,"Tennessee","Putnam County",4,11,917,468,449
050,47,141,"Tennessee","Putnam County",4,12,956,494,462
050,47,141,"Tennessee","Putnam County",4,13,980,499,481
050,47,141,"Tennessee","Putnam County",4,14,1030,512,518
050,47,141,"Tennessee","Putnam County",4,15,1084,555,529
050,47,141,"Tennessee","Putnam County",4,16,1055,529,526
050,47,141,"Tennessee","Putnam County",4,17,1003,513,490
050,47,141,"Tennessee","Putnam County",4,18,1493,783,710
050,47,141,"Tennessee","Putnam County",4,19,2051,1153,898
050,47,141,"Tennessee","Putnam County",4,20,1843,975,868
050,47,141,"Tennessee","Putnam County",4,21,1825,985,840
050,47,141,"Tennessee","Putnam County",4,22,1873,1104,769
050,47,141,"Tennessee","Putnam County",4,23,1638,926,712
050,47,141,"Tennessee","Putnam County",4,24,1384,750,634
050,47,141,"Tennessee","Putnam County",4,25,1261,656,605
050,47,141,"Tennessee","Putnam County",4,26,1194,647,547
050,47,141,"Tennessee","Putnam County",4,27,1157,645,512
050,47,141,"Tennessee","Putnam County",4,28,1063,564,499
050,47,141,"Tennessee","Putnam County",4,29,1084,537,547
050,47,141,"Tennessee","Putnam County",4,30,1068,534,534
050,47,141,"Tennessee","Putnam County",4,31,1125,571,554
050,47,141,"Tennessee","Putnam County",4,32,1088,567,521
050,47,141,"Tennessee","Putnam County",4,33,1001,511,490
050,47,141,"Tennessee","Putnam County",4,34,963,450,513
050,47,141,"Tennessee","Putnam County",4,35,939,452,487
050,47,141,"Tennessee","Putnam County",4,36,942,455,487
050,47,141,"Tennessee","Putnam County",4,37,999,513,486
050,47,141,"Tennessee","Putnam County",4,38,949,488,461
050,47,141,"Tennessee","Putnam County",4,39,975,499,476
050,47,141,"Tennessee","Putnam County",4,40,993,512,481
050,47,141,"Tennessee","Putnam County",4,41,946,489,457
050,47,141,"Tennessee","Putnam County",4,42,914,460,454
050,47,141,"Tennessee","Putnam County",4,43,957,490,467
050,47,141,"Tennessee","Putnam County",4,44,922,470,452
050,47,141,"Tennessee","Putnam County",4,45,879,432,447
050,47,141,"Tennessee","Putnam County",4,46,841,424,417
050,47,141,"Tennessee","Putnam County",4,47,890,434,456
050,47,141,"Tennessee","Putnam County",4,48,897,430,467
050,47,141,"Tennessee","Putnam County",4,49,902,453,449
050,47,141,"Tennessee","Putnam County",4,50,975,485,490
050,47,141,"Tennessee","Putnam County",4,51,1026,514,512
050,47,141,"Tennessee","Putnam County",4,52,1002,485,517
050,47,141,"Tennessee","Putnam County",4,53,973,479,494
050,47,141,"Tennessee","Putnam County",4,54,966,465,501
050,47,141,"Tennessee","Putnam County",4,55,938,455,483
050,47,141,"Tennessee","Putnam County",4,56,912,453,459
050,47,141,"Tennessee","Putnam County",4,57,992,491,501
050,47,141,"Tennessee","Putnam County",4,58,1016,476,540
050,47,141,"Tennessee","Putnam County",4,59,995,470,525
050,47,141,"Tennessee","Putnam County",4,60,1024,467,557
050,47,141,"Tennessee","Putnam County",4,61,997,461,536
050,47,141,"Tennessee","Putnam County",4,62,964,466,498
050,47,141,"Tennessee","Putnam County",4,63,979,460,519
050,47,141,"Tennessee","Putnam County",4,64,972,464,508
050,47,141,"Tennessee","Putnam County",4,65,957,456,501
050,47,141,"Tennessee","Putnam County",4,66,883,397,486
050,47,141,"Tennessee","Putnam County",4,67,911,446,465
050,47,141,"Tennessee","Putnam County",4,68,843,404,439
050,47,141,"Tennessee","Putnam County",4,69,816,385,431
050,47,141,"Tennessee","Putnam County",4,70,784,363,421
050,47,141,"Tennessee","Putnam County",4,71,728,332,396
050,47,141,"Tennessee","Putnam County",4,72,737,331,406
050,47,141,"Tennessee","Putnam County",4,73,708,316,392
050,47,141,"Tennessee","Putnam County",4,74,713,330,383
050,47,141,"Tennessee","Putnam County",4,75,763,343,420
050,47,141,"Tennessee","Putnam County",4,76,512,235,277
050,47,141,"Tennessee","Putnam County",4,77,514,227,287
050,47,141,"Tennessee","Putnam County",4,78,482,222,260
050,47,141,"Tennessee","Putnam County",4,79,492,224,268
050,47,141,"Tennessee","Putnam County",4,80,431,188,243
050,47,141,"Tennessee","Putnam County",4,81,352,155,197
050,47,141,"Tennessee","Putnam County",4,82,300,124,176
050,47,141,"Tennessee","Putnam County",4,83,244,94,150
050,47,141,"Tennessee","Putnam County",4,84,228,94,134
050,47,141,"Tennessee","Putnam County",4,85,1135,439,696
050,47,141,"Tennessee","Putnam County",5,0,934,509,425
050,47,141,"Tennessee","Putnam County",5,1,931,500,431
050,47,141,"Tennessee","Putnam County",5,2,838,432,406
050,47,141,"Tennessee","Putnam County",5,3,883,473,410
050,47,141,"Tennessee","Putnam County",5,4,929,465,464
050,47,141,"Tennessee","Putnam County",5,5,953,485,468
050,47,141,"Tennessee","Putnam County",5,6,967,493,474
050,47,141,"Tennessee","Putnam County",5,7,963,472,491
050,47,141,"Tennessee","Putnam County",5,8,933,504,429
050,47,141,"Tennessee","Putnam County",5,9,1006,519,487
050,47,141,"Tennessee","Putnam County",5,10,983,507,476
050,47,141,"Tennessee","Putnam County",5,11,950,481,469
050,47,141,"Tennessee","Putnam County",5,12,931,475,456
050,47,141,"Tennessee","Putnam County",5,13,969,508,461
050,47,141,"Tennessee","Putnam County",5,14,997,514,483
050,47,141,"Tennessee","Putnam County",5,15,1052,514,538
050,47,141,"Tennessee","Putnam County",5,16,1107,573,534
050,47,141,"Tennessee","Putnam County",5,17,1068,529,539
050,47,141,"Tennessee","Putnam County",5,18,1533,783,750
050,47,141,"Tennessee","Putnam County",5,19,2135,1207,928
050,47,141,"Tennessee","Putnam County",5,20,1876,992,884
050,47,141,"Tennessee","Putnam County",5,21,1797,977,820
050,47,141,"Tennessee","Putnam County",5,22,1849,1071,778
050,47,141,"Tennessee","Putnam County",5,23,1651,992,659
050,47,141,"Tennessee","Putnam County",5,24,1378,738,640
050,47,141,"Tennessee","Putnam County",5,25,1252,670,582
050,47,141,"Tennessee","Putnam County",5,26,1187,606,581
050,47,141,"Tennessee","Putnam County",5,27,1152,606,546
050,47,141,"Tennessee","Putnam County",5,28,1152,629,523
050,47,141,"Tennessee","Putnam County",5,29,1085,571,514
050,47,141,"Tennessee","Putnam County",5,30,1074,528,546
050,47,141,"Tennessee","Putnam County",5,31,1071,539,532
050,47,141,"Tennessee","Putnam County",5,32,1095,551,544
050,47,141,"Tennessee","Putnam County",5,33,1082,563,519
050,47,141,"Tennessee","Putnam County",5,34,1022,505,517
050,47,141,"Tennessee","Putnam County",5,35,969,467,502
050,47,141,"Tennessee","Putnam County",5,36,980,481,499
050,47,141,"Tennessee","Putnam County",5,37,984,471,513
050,47,141,"Tennessee","Putnam County",5,38,1011,511,500
050,47,141,"Tennessee","Putnam County",5,39,963,484,479
050,47,141,"Tennessee","Putnam County",5,40,1018,519,499
050,47,141,"Tennessee","Putnam County",5,41,1005,515,490
050,47,141,"Tennessee","Putnam County",5,42,988,509,479
050,47,141,"Tennessee","Putnam County",5,43,945,471,474
050,47,141,"Tennessee","Putnam County",5,44,972,496,476
050,47,141,"Tennessee","Putnam County",5,45,937,483,454
050,47,141,"Tennessee","Putnam County",5,46,899,443,456
050,47,141,"Tennessee","Putnam County",5,47,859,437,422
050,47,141,"Tennessee","Putnam County",5,48,900,436,464
050,47,141,"Tennessee","Putnam County",5,49,894,428,466
050,47,141,"Tennessee","Putnam County",5,50,898,451,447
050,47,141,"Tennessee","Putnam County",5,51,978,485,493
050,47,141,"Tennessee","Putnam County",5,52,1022,513,509
050,47,141,"Tennessee","Putnam County",5,53,1023,514,509
050,47,141,"Tennessee","Putnam County",5,54,979,480,499
050,47,141,"Tennessee","Putnam County",5,55,968,462,506
050,47,141,"Tennessee","Putnam County",5,56,948,453,495
050,47,141,"Tennessee","Putnam County",5,57,909,452,457
050,47,141,"Tennessee","Putnam County",5,58,989,474,515
050,47,141,"Tennessee","Putnam County",5,59,1018,483,535
050,47,141,"Tennessee","Putnam County",5,60,978,462,516
050,47,141,"Tennessee","Putnam County",5,61,1043,479,564
050,47,141,"Tennessee","Putnam County",5,62,993,458,535
050,47,141,"Tennessee","Putnam County",5,63,980,470,510
050,47,141,"Tennessee","Putnam County",5,64,988,469,519
050,47,141,"Tennessee","Putnam County",5,65,977,461,516
050,47,141,"Tennessee","Putnam County",5,66,960,449,511
050,47,141,"Tennessee","Putnam County",5,67,898,404,494
050,47,141,"Tennessee","Putnam County",5,68,915,453,462
050,47,141,"Tennessee","Putnam County",5,69,845,407,438
050,47,141,"Tennessee","Putnam County",5,70,823,382,441
050,47,141,"Tennessee","Putnam County",5,71,781,363,418
050,47,141,"Tennessee","Putnam County",5,72,709,322,387
050,47,141,"Tennessee","Putnam County",5,73,716,307,409
050,47,141,"Tennessee","Putnam County",5,74,684,306,378
050,47,141,"Tennessee","Putnam County",5,75,694,318,376
050,47,141,"Tennessee","Putnam County",5,76,734,330,404
050,47,141,"Tennessee","Putnam County",5,77,501,230,271
050,47,141,"Tennessee","Putnam County",5,78,483,218,265
050,47,141,"Tennessee","Putnam County",5,79,448,201,247
050,47,141,"Tennessee","Putnam County",5,80,474,211,263
050,47,141,"Tennessee","Putnam County",5,81,401,176,225
050,47,141,"Tennessee","Putnam County",5,82,336,150,186
050,47,141,"Tennessee","Putnam County",5,83,267,102,165
050,47,141,"Tennessee","Putnam County",5,84,227,91,136
050,47,141,"Tennessee","Putnam County",5,85,1148,455,693
050,47,143,"Tennessee","Rhea County",1,0,372,191,181
050,47,143,"Tennessee","Rhea County",1,1,378,194,184
050,47,143,"Tennessee","Rhea County",1,2,398,213,185
050,47,143,"Tennessee","Rhea County",1,3,403,209,194
050,47,143,"Tennessee","Rhea County",1,4,413,221,192
050,47,143,"Tennessee","Rhea County",1,5,397,198,199
050,47,143,"Tennessee","Rhea County",1,6,394,192,202
050,47,143,"Tennessee","Rhea County",1,7,394,205,189
050,47,143,"Tennessee","Rhea County",1,8,389,197,192
050,47,143,"Tennessee","Rhea County",1,9,395,210,185
050,47,143,"Tennessee","Rhea County",1,10,381,187,194
050,47,143,"Tennessee","Rhea County",1,11,416,207,209
050,47,143,"Tennessee","Rhea County",1,12,465,236,229
050,47,143,"Tennessee","Rhea County",1,13,478,237,241
050,47,143,"Tennessee","Rhea County",1,14,470,232,238
050,47,143,"Tennessee","Rhea County",1,15,486,254,232
050,47,143,"Tennessee","Rhea County",1,16,460,230,230
050,47,143,"Tennessee","Rhea County",1,17,451,228,223
050,47,143,"Tennessee","Rhea County",1,18,409,219,190
050,47,143,"Tennessee","Rhea County",1,19,356,196,160
050,47,143,"Tennessee","Rhea County",1,20,366,198,168
050,47,143,"Tennessee","Rhea County",1,21,398,203,195
050,47,143,"Tennessee","Rhea County",1,22,345,185,160
050,47,143,"Tennessee","Rhea County",1,23,387,201,186
050,47,143,"Tennessee","Rhea County",1,24,395,198,197
050,47,143,"Tennessee","Rhea County",1,25,393,211,182
050,47,143,"Tennessee","Rhea County",1,26,394,211,183
050,47,143,"Tennessee","Rhea County",1,27,377,202,175
050,47,143,"Tennessee","Rhea County",1,28,385,193,192
050,47,143,"Tennessee","Rhea County",1,29,390,190,200
050,47,143,"Tennessee","Rhea County",1,30,398,209,189
050,47,143,"Tennessee","Rhea County",1,31,400,201,199
050,47,143,"Tennessee","Rhea County",1,32,377,188,189
050,47,143,"Tennessee","Rhea County",1,33,349,155,194
050,47,143,"Tennessee","Rhea County",1,34,376,199,177
050,47,143,"Tennessee","Rhea County",1,35,379,191,188
050,47,143,"Tennessee","Rhea County",1,36,362,181,181
050,47,143,"Tennessee","Rhea County",1,37,382,196,186
050,47,143,"Tennessee","Rhea County",1,38,383,202,181
050,47,143,"Tennessee","Rhea County",1,39,373,184,189
050,47,143,"Tennessee","Rhea County",1,40,379,191,188
050,47,143,"Tennessee","Rhea County",1,41,391,211,180
050,47,143,"Tennessee","Rhea County",1,42,383,189,194
050,47,143,"Tennessee","Rhea County",1,43,360,167,193
050,47,143,"Tennessee","Rhea County",1,44,369,185,184
050,47,143,"Tennessee","Rhea County",1,45,379,181,198
050,47,143,"Tennessee","Rhea County",1,46,400,189,211
050,47,143,"Tennessee","Rhea County",1,47,404,210,194
050,47,143,"Tennessee","Rhea County",1,48,420,217,203
050,47,143,"Tennessee","Rhea County",1,49,468,238,230
050,47,143,"Tennessee","Rhea County",1,50,442,222,220
050,47,143,"Tennessee","Rhea County",1,51,446,221,225
050,47,143,"Tennessee","Rhea County",1,52,436,212,224
050,47,143,"Tennessee","Rhea County",1,53,458,225,233
050,47,143,"Tennessee","Rhea County",1,54,466,223,243
050,47,143,"Tennessee","Rhea County",1,55,472,236,236
050,47,143,"Tennessee","Rhea County",1,56,474,243,231
050,47,143,"Tennessee","Rhea County",1,57,444,231,213
050,47,143,"Tennessee","Rhea County",1,58,442,219,223
050,47,143,"Tennessee","Rhea County",1,59,428,218,210
050,47,143,"Tennessee","Rhea County",1,60,473,247,226
050,47,143,"Tennessee","Rhea County",1,61,473,237,236
050,47,143,"Tennessee","Rhea County",1,62,464,231,233
050,47,143,"Tennessee","Rhea County",1,63,477,245,232
050,47,143,"Tennessee","Rhea County",1,64,443,219,224
050,47,143,"Tennessee","Rhea County",1,65,408,187,221
050,47,143,"Tennessee","Rhea County",1,66,401,188,213
050,47,143,"Tennessee","Rhea County",1,67,403,200,203
050,47,143,"Tennessee","Rhea County",1,68,387,176,211
050,47,143,"Tennessee","Rhea County",1,69,369,163,206
050,47,143,"Tennessee","Rhea County",1,70,394,188,206
050,47,143,"Tennessee","Rhea County",1,71,384,178,206
050,47,143,"Tennessee","Rhea County",1,72,392,193,199
050,47,143,"Tennessee","Rhea County",1,73,350,181,169
050,47,143,"Tennessee","Rhea County",1,74,247,133,114
050,47,143,"Tennessee","Rhea County",1,75,263,129,134
050,47,143,"Tennessee","Rhea County",1,76,275,136,139
050,47,143,"Tennessee","Rhea County",1,77,256,123,133
050,47,143,"Tennessee","Rhea County",1,78,201,92,109
050,47,143,"Tennessee","Rhea County",1,79,194,76,118
050,47,143,"Tennessee","Rhea County",1,80,182,74,108
050,47,143,"Tennessee","Rhea County",1,81,156,68,88
050,47,143,"Tennessee","Rhea County",1,82,130,52,78
050,47,143,"Tennessee","Rhea County",1,83,105,47,58
050,47,143,"Tennessee","Rhea County",1,84,108,45,63
050,47,143,"Tennessee","Rhea County",1,85,563,221,342
050,47,143,"Tennessee","Rhea County",2,0,371,199,172
050,47,143,"Tennessee","Rhea County",2,1,378,194,184
050,47,143,"Tennessee","Rhea County",2,2,395,208,187
050,47,143,"Tennessee","Rhea County",2,3,403,210,193
050,47,143,"Tennessee","Rhea County",2,4,413,219,194
050,47,143,"Tennessee","Rhea County",2,5,401,202,199
050,47,143,"Tennessee","Rhea County",2,6,396,193,203
050,47,143,"Tennessee","Rhea County",2,7,395,200,195
050,47,143,"Tennessee","Rhea County",2,8,387,196,191
050,47,143,"Tennessee","Rhea County",2,9,390,205,185
050,47,143,"Tennessee","Rhea County",2,10,385,192,193
050,47,143,"Tennessee","Rhea County",2,11,408,201,207
050,47,143,"Tennessee","Rhea County",2,12,460,232,228
050,47,143,"Tennessee","Rhea County",2,13,473,235,238
050,47,143,"Tennessee","Rhea County",2,14,473,236,237
050,47,143,"Tennessee","Rhea County",2,15,486,251,235
050,47,143,"Tennessee","Rhea County",2,16,465,234,231
050,47,143,"Tennessee","Rhea County",2,17,458,230,228
050,47,143,"Tennessee","Rhea County",2,18,399,213,186
050,47,143,"Tennessee","Rhea County",2,19,357,196,161
050,47,143,"Tennessee","Rhea County",2,20,373,202,171
050,47,143,"Tennessee","Rhea County",2,21,388,202,186
050,47,143,"Tennessee","Rhea County",2,22,364,191,173
050,47,143,"Tennessee","Rhea County",2,23,382,200,182
050,47,143,"Tennessee","Rhea County",2,24,396,201,195
050,47,143,"Tennessee","Rhea County",2,25,393,209,184
050,47,143,"Tennessee","Rhea County",2,26,396,211,185
050,47,143,"Tennessee","Rhea County",2,27,378,203,175
050,47,143,"Tennessee","Rhea County",2,28,379,192,187
050,47,143,"Tennessee","Rhea County",2,29,396,195,201
050,47,143,"Tennessee","Rhea County",2,30,402,207,195
050,47,143,"Tennessee","Rhea County",2,31,402,205,197
050,47,143,"Tennessee","Rhea County",2,32,378,187,191
050,47,143,"Tennessee","Rhea County",2,33,354,162,192
050,47,143,"Tennessee","Rhea County",2,34,369,190,179
050,47,143,"Tennessee","Rhea County",2,35,376,190,186
050,47,143,"Tennessee","Rhea County",2,36,363,181,182
050,47,143,"Tennessee","Rhea County",2,37,380,195,185
050,47,143,"Tennessee","Rhea County",2,38,385,201,184
050,47,143,"Tennessee","Rhea County",2,39,371,186,185
050,47,143,"Tennessee","Rhea County",2,40,379,191,188
050,47,143,"Tennessee","Rhea County",2,41,389,205,184
050,47,143,"Tennessee","Rhea County",2,42,381,192,189
050,47,143,"Tennessee","Rhea County",2,43,369,173,196
050,47,143,"Tennessee","Rhea County",2,44,363,179,184
050,47,143,"Tennessee","Rhea County",2,45,382,184,198
050,47,143,"Tennessee","Rhea County",2,46,396,187,209
050,47,143,"Tennessee","Rhea County",2,47,403,205,198
050,47,143,"Tennessee","Rhea County",2,48,416,215,201
050,47,143,"Tennessee","Rhea County",2,49,460,236,224
050,47,143,"Tennessee","Rhea County",2,50,451,225,226
050,47,143,"Tennessee","Rhea County",2,51,449,223,226
050,47,143,"Tennessee","Rhea County",2,52,439,213,226
050,47,143,"Tennessee","Rhea County",2,53,451,221,230
050,47,143,"Tennessee","Rhea County",2,54,464,224,240
050,47,143,"Tennessee","Rhea County",2,55,474,234,240
050,47,143,"Tennessee","Rhea County",2,56,476,243,233
050,47,143,"Tennessee","Rhea County",2,57,453,235,218
050,47,143,"Tennessee","Rhea County",2,58,441,222,219
050,47,143,"Tennessee","Rhea County",2,59,434,220,214
050,47,143,"Tennessee","Rhea County",2,60,464,243,221
050,47,143,"Tennessee","Rhea County",2,61,472,239,233
050,47,143,"Tennessee","Rhea County",2,62,466,232,234
050,47,143,"Tennessee","Rhea County",2,63,483,247,236
050,47,143,"Tennessee","Rhea County",2,64,445,222,223
050,47,143,"Tennessee","Rhea County",2,65,419,196,223
050,47,143,"Tennessee","Rhea County",2,66,403,186,217
050,47,143,"Tennessee","Rhea County",2,67,400,195,205
050,47,143,"Tennessee","Rhea County",2,68,389,181,208
050,47,143,"Tennessee","Rhea County",2,69,372,165,207
050,47,143,"Tennessee","Rhea County",2,70,387,181,206
050,47,143,"Tennessee","Rhea County",2,71,387,181,206
050,47,143,"Tennessee","Rhea County",2,72,381,183,198
050,47,143,"Tennessee","Rhea County",2,73,376,192,184
050,47,143,"Tennessee","Rhea County",2,74,256,136,120
050,47,143,"Tennessee","Rhea County",2,75,259,130,129
050,47,143,"Tennessee","Rhea County",2,76,270,132,138
050,47,143,"Tennessee","Rhea County",2,77,267,130,137
050,47,143,"Tennessee","Rhea County",2,78,203,94,109
050,47,143,"Tennessee","Rhea County",2,79,190,77,113
050,47,143,"Tennessee","Rhea County",2,80,183,73,110
050,47,143,"Tennessee","Rhea County",2,81,157,68,89
050,47,143,"Tennessee","Rhea County",2,82,137,55,82
050,47,143,"Tennessee","Rhea County",2,83,106,44,62
050,47,143,"Tennessee","Rhea County",2,84,104,45,59
050,47,143,"Tennessee","Rhea County",2,85,574,224,350
050,47,143,"Tennessee","Rhea County",3,0,382,202,180
050,47,143,"Tennessee","Rhea County",3,1,391,208,183
050,47,143,"Tennessee","Rhea County",3,2,385,199,186
050,47,143,"Tennessee","Rhea County",3,3,402,212,190
050,47,143,"Tennessee","Rhea County",3,4,397,200,197
050,47,143,"Tennessee","Rhea County",3,5,415,216,199
050,47,143,"Tennessee","Rhea County",3,6,393,206,187
050,47,143,"Tennessee","Rhea County",3,7,391,192,199
050,47,143,"Tennessee","Rhea County",3,8,402,209,193
050,47,143,"Tennessee","Rhea County",3,9,396,201,195
050,47,143,"Tennessee","Rhea County",3,10,385,201,184
050,47,143,"Tennessee","Rhea County",3,11,384,185,199
050,47,143,"Tennessee","Rhea County",3,12,403,199,204
050,47,143,"Tennessee","Rhea County",3,13,450,233,217
050,47,143,"Tennessee","Rhea County",3,14,476,231,245
050,47,143,"Tennessee","Rhea County",3,15,478,237,241
050,47,143,"Tennessee","Rhea County",3,16,483,253,230
050,47,143,"Tennessee","Rhea County",3,17,480,243,237
050,47,143,"Tennessee","Rhea County",3,18,397,207,190
050,47,143,"Tennessee","Rhea County",3,19,356,195,161
050,47,143,"Tennessee","Rhea County",3,20,391,210,181
050,47,143,"Tennessee","Rhea County",3,21,374,199,175
050,47,143,"Tennessee","Rhea County",3,22,412,207,205
050,47,143,"Tennessee","Rhea County",3,23,377,192,185
050,47,143,"Tennessee","Rhea County",3,24,400,214,186
050,47,143,"Tennessee","Rhea County",3,25,393,208,185
050,47,143,"Tennessee","Rhea County",3,26,405,211,194
050,47,143,"Tennessee","Rhea County",3,27,404,211,193
050,47,143,"Tennessee","Rhea County",3,28,371,190,181
050,47,143,"Tennessee","Rhea County",3,29,392,200,192
050,47,143,"Tennessee","Rhea County",3,30,401,206,195
050,47,143,"Tennessee","Rhea County",3,31,410,211,199
050,47,143,"Tennessee","Rhea County",3,32,387,198,189
050,47,143,"Tennessee","Rhea County",3,33,361,171,190
050,47,143,"Tennessee","Rhea County",3,34,381,184,197
050,47,143,"Tennessee","Rhea County",3,35,366,184,182
050,47,143,"Tennessee","Rhea County",3,36,382,192,190
050,47,143,"Tennessee","Rhea County",3,37,369,186,183
050,47,143,"Tennessee","Rhea County",3,38,379,197,182
050,47,143,"Tennessee","Rhea County",3,39,381,195,186
050,47,143,"Tennessee","Rhea County",3,40,389,195,194
050,47,143,"Tennessee","Rhea County",3,41,386,192,194
050,47,143,"Tennessee","Rhea County",3,42,404,210,194
050,47,143,"Tennessee","Rhea County",3,43,392,200,192
050,47,143,"Tennessee","Rhea County",3,44,364,174,190
050,47,143,"Tennessee","Rhea County",3,45,366,178,188
050,47,143,"Tennessee","Rhea County",3,46,378,180,198
050,47,143,"Tennessee","Rhea County",3,47,399,190,209
050,47,143,"Tennessee","Rhea County",3,48,398,195,203
050,47,143,"Tennessee","Rhea County",3,49,443,235,208
050,47,143,"Tennessee","Rhea County",3,50,462,237,225
050,47,143,"Tennessee","Rhea County",3,51,468,233,235
050,47,143,"Tennessee","Rhea County",3,52,446,209,237
050,47,143,"Tennessee","Rhea County",3,53,443,219,224
050,47,143,"Tennessee","Rhea County",3,54,464,227,237
050,47,143,"Tennessee","Rhea County",3,55,471,233,238
050,47,143,"Tennessee","Rhea County",3,56,466,231,235
050,47,143,"Tennessee","Rhea County",3,57,492,256,236
050,47,143,"Tennessee","Rhea County",3,58,457,233,224
050,47,143,"Tennessee","Rhea County",3,59,449,222,227
050,47,143,"Tennessee","Rhea County",3,60,450,225,225
050,47,143,"Tennessee","Rhea County",3,61,468,245,223
050,47,143,"Tennessee","Rhea County",3,62,472,235,237
050,47,143,"Tennessee","Rhea County",3,63,477,236,241
050,47,143,"Tennessee","Rhea County",3,64,479,244,235
050,47,143,"Tennessee","Rhea County",3,65,447,220,227
050,47,143,"Tennessee","Rhea County",3,66,408,188,220
050,47,143,"Tennessee","Rhea County",3,67,402,188,214
050,47,143,"Tennessee","Rhea County",3,68,404,195,209
050,47,143,"Tennessee","Rhea County",3,69,375,171,204
050,47,143,"Tennessee","Rhea County",3,70,367,164,203
050,47,143,"Tennessee","Rhea County",3,71,368,174,194
050,47,143,"Tennessee","Rhea County",3,72,374,174,200
050,47,143,"Tennessee","Rhea County",3,73,365,173,192
050,47,143,"Tennessee","Rhea County",3,74,357,179,178
050,47,143,"Tennessee","Rhea County",3,75,243,130,113
050,47,143,"Tennessee","Rhea County",3,76,240,121,119
050,47,143,"Tennessee","Rhea County",3,77,249,123,126
050,47,143,"Tennessee","Rhea County",3,78,243,108,135
050,47,143,"Tennessee","Rhea County",3,79,197,88,109
050,47,143,"Tennessee","Rhea County",3,80,179,72,107
050,47,143,"Tennessee","Rhea County",3,81,164,63,101
050,47,143,"Tennessee","Rhea County",3,82,154,65,89
050,47,143,"Tennessee","Rhea County",3,83,122,51,71
050,47,143,"Tennessee","Rhea County",3,84,94,40,54
050,47,143,"Tennessee","Rhea County",3,85,572,220,352
050,47,143,"Tennessee","Rhea County",4,0,371,186,185
050,47,143,"Tennessee","Rhea County",4,1,385,202,183
050,47,143,"Tennessee","Rhea County",4,2,387,217,170
050,47,143,"Tennessee","Rhea County",4,3,389,203,186
050,47,143,"Tennessee","Rhea County",4,4,401,214,187
050,47,143,"Tennessee","Rhea County",4,5,399,202,197
050,47,143,"Tennessee","Rhea County",4,6,410,209,201
050,47,143,"Tennessee","Rhea County",4,7,398,197,201
050,47,143,"Tennessee","Rhea County",4,8,402,199,203
050,47,143,"Tennessee","Rhea County",4,9,411,215,196
050,47,143,"Tennessee","Rhea County",4,10,405,205,200
050,47,143,"Tennessee","Rhea County",4,11,396,212,184
050,47,143,"Tennessee","Rhea County",4,12,394,191,203
050,47,143,"Tennessee","Rhea County",4,13,412,200,212
050,47,143,"Tennessee","Rhea County",4,14,445,229,216
050,47,143,"Tennessee","Rhea County",4,15,485,239,246
050,47,143,"Tennessee","Rhea County",4,16,471,236,235
050,47,143,"Tennessee","Rhea County",4,17,480,248,232
050,47,143,"Tennessee","Rhea County",4,18,398,206,192
050,47,143,"Tennessee","Rhea County",4,19,363,192,171
050,47,143,"Tennessee","Rhea County",4,20,371,199,172
050,47,143,"Tennessee","Rhea County",4,21,398,208,190
050,47,143,"Tennessee","Rhea County",4,22,425,244,181
050,47,143,"Tennessee","Rhea County",4,23,418,206,212
050,47,143,"Tennessee","Rhea County",4,24,384,196,188
050,47,143,"Tennessee","Rhea County",4,25,417,213,204
050,47,143,"Tennessee","Rhea County",4,26,392,211,181
050,47,143,"Tennessee","Rhea County",4,27,407,205,202
050,47,143,"Tennessee","Rhea County",4,28,411,220,191
050,47,143,"Tennessee","Rhea County",4,29,402,209,193
050,47,143,"Tennessee","Rhea County",4,30,430,242,188
050,47,143,"Tennessee","Rhea County",4,31,415,214,201
050,47,143,"Tennessee","Rhea County",4,32,440,239,201
050,47,143,"Tennessee","Rhea County",4,33,384,192,192
050,47,143,"Tennessee","Rhea County",4,34,406,220,186
050,47,143,"Tennessee","Rhea County",4,35,368,165,203
050,47,143,"Tennessee","Rhea County",4,36,368,184,184
050,47,143,"Tennessee","Rhea County",4,37,441,245,196
050,47,143,"Tennessee","Rhea County",4,38,370,179,191
050,47,143,"Tennessee","Rhea County",4,39,404,203,201
050,47,143,"Tennessee","Rhea County",4,40,401,206,195
050,47,143,"Tennessee","Rhea County",4,41,395,199,196
050,47,143,"Tennessee","Rhea County",4,42,394,199,195
050,47,143,"Tennessee","Rhea County",4,43,397,209,188
050,47,143,"Tennessee","Rhea County",4,44,378,190,188
050,47,143,"Tennessee","Rhea County",4,45,371,174,197
050,47,143,"Tennessee","Rhea County",4,46,366,179,187
050,47,143,"Tennessee","Rhea County",4,47,404,200,204
050,47,143,"Tennessee","Rhea County",4,48,410,186,224
050,47,143,"Tennessee","Rhea County",4,49,414,199,215
050,47,143,"Tennessee","Rhea County",4,50,446,239,207
050,47,143,"Tennessee","Rhea County",4,51,473,242,231
050,47,143,"Tennessee","Rhea County",4,52,464,227,237
050,47,143,"Tennessee","Rhea County",4,53,465,219,246
050,47,143,"Tennessee","Rhea County",4,54,448,220,228
050,47,143,"Tennessee","Rhea County",4,55,479,235,244
050,47,143,"Tennessee","Rhea County",4,56,475,243,232
050,47,143,"Tennessee","Rhea County",4,57,485,237,248
050,47,143,"Tennessee","Rhea County",4,58,503,260,243
050,47,143,"Tennessee","Rhea County",4,59,451,224,227
050,47,143,"Tennessee","Rhea County",4,60,466,228,238
050,47,143,"Tennessee","Rhea County",4,61,456,226,230
050,47,143,"Tennessee","Rhea County",4,62,467,244,223
050,47,143,"Tennessee","Rhea County",4,63,478,229,249
050,47,143,"Tennessee","Rhea County",4,64,487,245,242
050,47,143,"Tennessee","Rhea County",4,65,485,250,235
050,47,143,"Tennessee","Rhea County",4,66,443,217,226
050,47,143,"Tennessee","Rhea County",4,67,406,189,217
050,47,143,"Tennessee","Rhea County",4,68,406,191,215
050,47,143,"Tennessee","Rhea County",4,69,396,186,210
050,47,143,"Tennessee","Rhea County",4,70,373,171,202
050,47,143,"Tennessee","Rhea County",4,71,352,157,195
050,47,143,"Tennessee","Rhea County",4,72,346,165,181
050,47,143,"Tennessee","Rhea County",4,73,357,160,197
050,47,143,"Tennessee","Rhea County",4,74,351,171,180
050,47,143,"Tennessee","Rhea County",4,75,343,174,169
050,47,143,"Tennessee","Rhea County",4,76,231,117,114
050,47,143,"Tennessee","Rhea County",4,77,223,112,111
050,47,143,"Tennessee","Rhea County",4,78,228,112,116
050,47,143,"Tennessee","Rhea County",4,79,237,105,132
050,47,143,"Tennessee","Rhea County",4,80,188,85,103
050,47,143,"Tennessee","Rhea County",4,81,149,61,88
050,47,143,"Tennessee","Rhea County",4,82,153,55,98
050,47,143,"Tennessee","Rhea County",4,83,136,58,78
050,47,143,"Tennessee","Rhea County",4,84,107,48,59
050,47,143,"Tennessee","Rhea County",4,85,553,204,349
050,47,143,"Tennessee","Rhea County",5,0,370,185,185
050,47,143,"Tennessee","Rhea County",5,1,371,189,182
050,47,143,"Tennessee","Rhea County",5,2,389,205,184
050,47,143,"Tennessee","Rhea County",5,3,373,203,170
050,47,143,"Tennessee","Rhea County",5,4,370,189,181
050,47,143,"Tennessee","Rhea County",5,5,393,204,189
050,47,143,"Tennessee","Rhea County",5,6,402,201,201
050,47,143,"Tennessee","Rhea County",5,7,417,217,200
050,47,143,"Tennessee","Rhea County",5,8,401,200,201
050,47,143,"Tennessee","Rhea County",5,9,427,210,217
050,47,143,"Tennessee","Rhea County",5,10,425,223,202
050,47,143,"Tennessee","Rhea County",5,11,398,201,197
050,47,143,"Tennessee","Rhea County",5,12,418,224,194
050,47,143,"Tennessee","Rhea County",5,13,385,185,200
050,47,143,"Tennessee","Rhea County",5,14,395,196,199
050,47,143,"Tennessee","Rhea County",5,15,456,235,221
050,47,143,"Tennessee","Rhea County",5,16,476,235,241
050,47,143,"Tennessee","Rhea County",5,17,474,239,235
050,47,143,"Tennessee","Rhea County",5,18,414,218,196
050,47,143,"Tennessee","Rhea County",5,19,360,199,161
050,47,143,"Tennessee","Rhea County",5,20,394,200,194
050,47,143,"Tennessee","Rhea County",5,21,383,196,187
050,47,143,"Tennessee","Rhea County",5,22,461,256,205
050,47,143,"Tennessee","Rhea County",5,23,408,209,199
050,47,143,"Tennessee","Rhea County",5,24,427,213,214
050,47,143,"Tennessee","Rhea County",5,25,386,196,190
050,47,143,"Tennessee","Rhea County",5,26,418,212,206
050,47,143,"Tennessee","Rhea County",5,27,395,217,178
050,47,143,"Tennessee","Rhea County",5,28,386,197,189
050,47,143,"Tennessee","Rhea County",5,29,396,204,192
050,47,143,"Tennessee","Rhea County",5,30,422,237,185
050,47,143,"Tennessee","Rhea County",5,31,412,207,205
050,47,143,"Tennessee","Rhea County",5,32,453,238,215
050,47,143,"Tennessee","Rhea County",5,33,395,203,192
050,47,143,"Tennessee","Rhea County",5,34,426,231,195
050,47,143,"Tennessee","Rhea County",5,35,364,182,182
050,47,143,"Tennessee","Rhea County",5,36,380,166,214
050,47,143,"Tennessee","Rhea County",5,37,411,220,191
050,47,143,"Tennessee","Rhea County",5,38,405,205,200
050,47,143,"Tennessee","Rhea County",5,39,375,175,200
050,47,143,"Tennessee","Rhea County",5,40,396,201,195
050,47,143,"Tennessee","Rhea County",5,41,407,206,201
050,47,143,"Tennessee","Rhea County",5,42,404,207,197
050,47,143,"Tennessee","Rhea County",5,43,399,198,201
050,47,143,"Tennessee","Rhea County",5,44,409,210,199
050,47,143,"Tennessee","Rhea County",5,45,381,188,193
050,47,143,"Tennessee","Rhea County",5,46,383,183,200
050,47,143,"Tennessee","Rhea County",5,47,363,178,185
050,47,143,"Tennessee","Rhea County",5,48,408,193,215
050,47,143,"Tennessee","Rhea County",5,49,413,191,222
050,47,143,"Tennessee","Rhea County",5,50,422,208,214
050,47,143,"Tennessee","Rhea County",5,51,454,240,214
050,47,143,"Tennessee","Rhea County",5,52,471,229,242
050,47,143,"Tennessee","Rhea County",5,53,469,231,238
050,47,143,"Tennessee","Rhea County",5,54,470,219,251
050,47,143,"Tennessee","Rhea County",5,55,437,218,219
050,47,143,"Tennessee","Rhea County",5,56,474,231,243
050,47,143,"Tennessee","Rhea County",5,57,480,245,235
050,47,143,"Tennessee","Rhea County",5,58,502,241,261
050,47,143,"Tennessee","Rhea County",5,59,501,256,245
050,47,143,"Tennessee","Rhea County",5,60,468,235,233
050,47,143,"Tennessee","Rhea County",5,61,472,229,243
050,47,143,"Tennessee","Rhea County",5,62,470,232,238
050,47,143,"Tennessee","Rhea County",5,63,466,239,227
050,47,143,"Tennessee","Rhea County",5,64,492,241,251
050,47,143,"Tennessee","Rhea County",5,65,498,251,247
050,47,143,"Tennessee","Rhea County",5,66,493,256,237
050,47,143,"Tennessee","Rhea County",5,67,439,218,221
050,47,143,"Tennessee","Rhea County",5,68,404,186,218
050,47,143,"Tennessee","Rhea County",5,69,409,190,219
050,47,143,"Tennessee","Rhea County",5,70,386,180,206
050,47,143,"Tennessee","Rhea County",5,71,359,162,197
050,47,143,"Tennessee","Rhea County",5,72,342,156,186
050,47,143,"Tennessee","Rhea County",5,73,339,158,181
050,47,143,"Tennessee","Rhea County",5,74,348,155,193
050,47,143,"Tennessee","Rhea County",5,75,341,169,172
050,47,143,"Tennessee","Rhea County",5,76,328,162,166
050,47,143,"Tennessee","Rhea County",5,77,215,112,103
050,47,143,"Tennessee","Rhea County",5,78,211,102,109
050,47,143,"Tennessee","Rhea County",5,79,219,108,111
050,47,143,"Tennessee","Rhea County",5,80,234,102,132
050,47,143,"Tennessee","Rhea County",5,81,156,77,79
050,47,143,"Tennessee","Rhea County",5,82,142,54,88
050,47,143,"Tennessee","Rhea County",5,83,135,49,86
050,47,143,"Tennessee","Rhea County",5,84,124,53,71
050,47,143,"Tennessee","Rhea County",5,85,580,214,366
050,47,145,"Tennessee","Roane County",1,0,454,230,224
050,47,145,"Tennessee","Roane County",1,1,458,232,226
050,47,145,"Tennessee","Roane County",1,2,503,263,240
050,47,145,"Tennessee","Roane County",1,3,475,257,218
050,47,145,"Tennessee","Roane County",1,4,505,266,239
050,47,145,"Tennessee","Roane County",1,5,507,260,247
050,47,145,"Tennessee","Roane County",1,6,521,257,264
050,47,145,"Tennessee","Roane County",1,7,560,289,271
050,47,145,"Tennessee","Roane County",1,8,558,284,274
050,47,145,"Tennessee","Roane County",1,9,528,261,267
050,47,145,"Tennessee","Roane County",1,10,546,291,255
050,47,145,"Tennessee","Roane County",1,11,574,300,274
050,47,145,"Tennessee","Roane County",1,12,643,335,308
050,47,145,"Tennessee","Roane County",1,13,638,329,309
050,47,145,"Tennessee","Roane County",1,14,647,338,309
050,47,145,"Tennessee","Roane County",1,15,625,339,286
050,47,145,"Tennessee","Roane County",1,16,651,358,293
050,47,145,"Tennessee","Roane County",1,17,672,354,318
050,47,145,"Tennessee","Roane County",1,18,565,307,258
050,47,145,"Tennessee","Roane County",1,19,458,233,225
050,47,145,"Tennessee","Roane County",1,20,505,262,243
050,47,145,"Tennessee","Roane County",1,21,514,271,243
050,47,145,"Tennessee","Roane County",1,22,553,276,277
050,47,145,"Tennessee","Roane County",1,23,563,278,285
050,47,145,"Tennessee","Roane County",1,24,583,302,281
050,47,145,"Tennessee","Roane County",1,25,561,297,264
050,47,145,"Tennessee","Roane County",1,26,581,296,285
050,47,145,"Tennessee","Roane County",1,27,585,293,292
050,47,145,"Tennessee","Roane County",1,28,584,291,293
050,47,145,"Tennessee","Roane County",1,29,612,284,328
050,47,145,"Tennessee","Roane County",1,30,573,275,298
050,47,145,"Tennessee","Roane County",1,31,561,276,285
050,47,145,"Tennessee","Roane County",1,32,541,251,290
050,47,145,"Tennessee","Roane County",1,33,529,265,264
050,47,145,"Tennessee","Roane County",1,34,552,297,255
050,47,145,"Tennessee","Roane County",1,35,558,278,280
050,47,145,"Tennessee","Roane County",1,36,547,269,278
050,47,145,"Tennessee","Roane County",1,37,546,255,291
050,47,145,"Tennessee","Roane County",1,38,537,250,287
050,47,145,"Tennessee","Roane County",1,39,558,279,279
050,47,145,"Tennessee","Roane County",1,40,595,283,312
050,47,145,"Tennessee","Roane County",1,41,574,286,288
050,47,145,"Tennessee","Roane County",1,42,583,278,305
050,47,145,"Tennessee","Roane County",1,43,589,295,294
050,47,145,"Tennessee","Roane County",1,44,599,283,316
050,47,145,"Tennessee","Roane County",1,45,611,284,327
050,47,145,"Tennessee","Roane County",1,46,630,323,307
050,47,145,"Tennessee","Roane County",1,47,682,345,337
050,47,145,"Tennessee","Roane County",1,48,769,380,389
050,47,145,"Tennessee","Roane County",1,49,785,405,380
050,47,145,"Tennessee","Roane County",1,50,767,389,378
050,47,145,"Tennessee","Roane County",1,51,756,398,358
050,47,145,"Tennessee","Roane County",1,52,744,368,376
050,47,145,"Tennessee","Roane County",1,53,747,369,378
050,47,145,"Tennessee","Roane County",1,54,793,394,399
050,47,145,"Tennessee","Roane County",1,55,819,396,423
050,47,145,"Tennessee","Roane County",1,56,832,406,426
050,47,145,"Tennessee","Roane County",1,57,838,397,441
050,47,145,"Tennessee","Roane County",1,58,868,410,458
050,47,145,"Tennessee","Roane County",1,59,855,429,426
050,47,145,"Tennessee","Roane County",1,60,912,437,475
050,47,145,"Tennessee","Roane County",1,61,879,432,447
050,47,145,"Tennessee","Roane County",1,62,848,431,417
050,47,145,"Tennessee","Roane County",1,63,820,410,410
050,47,145,"Tennessee","Roane County",1,64,869,417,452
050,47,145,"Tennessee","Roane County",1,65,894,429,465
050,47,145,"Tennessee","Roane County",1,66,877,439,438
050,47,145,"Tennessee","Roane County",1,67,808,411,397
050,47,145,"Tennessee","Roane County",1,68,721,354,367
050,47,145,"Tennessee","Roane County",1,69,682,332,350
050,47,145,"Tennessee","Roane County",1,70,706,352,354
050,47,145,"Tennessee","Roane County",1,71,721,355,366
050,47,145,"Tennessee","Roane County",1,72,735,359,376
050,47,145,"Tennessee","Roane County",1,73,726,364,362
050,47,145,"Tennessee","Roane County",1,74,537,251,286
050,47,145,"Tennessee","Roane County",1,75,499,244,255
050,47,145,"Tennessee","Roane County",1,76,481,232,249
050,47,145,"Tennessee","Roane County",1,77,477,223,254
050,47,145,"Tennessee","Roane County",1,78,404,202,202
050,47,145,"Tennessee","Roane County",1,79,387,190,197
050,47,145,"Tennessee","Roane County",1,80,383,177,206
050,47,145,"Tennessee","Roane County",1,81,333,146,187
050,47,145,"Tennessee","Roane County",1,82,295,138,157
050,47,145,"Tennessee","Roane County",1,83,244,96,148
050,47,145,"Tennessee","Roane County",1,84,208,80,128
050,47,145,"Tennessee","Roane County",1,85,1283,454,829
050,47,145,"Tennessee","Roane County",2,0,449,233,216
050,47,145,"Tennessee","Roane County",2,1,456,233,223
050,47,145,"Tennessee","Roane County",2,2,489,255,234
050,47,145,"Tennessee","Roane County",2,3,484,260,224
050,47,145,"Tennessee","Roane County",2,4,504,266,238
050,47,145,"Tennessee","Roane County",2,5,513,265,248
050,47,145,"Tennessee","Roane County",2,6,522,261,261
050,47,145,"Tennessee","Roane County",2,7,553,284,269
050,47,145,"Tennessee","Roane County",2,8,556,284,272
050,47,145,"Tennessee","Roane County",2,9,539,269,270
050,47,145,"Tennessee","Roane County",2,10,548,287,261
050,47,145,"Tennessee","Roane County",2,11,572,302,270
050,47,145,"Tennessee","Roane County",2,12,637,330,307
050,47,145,"Tennessee","Roane County",2,13,641,331,310
050,47,145,"Tennessee","Roane County",2,14,648,337,311
050,47,145,"Tennessee","Roane County",2,15,636,342,294
050,47,145,"Tennessee","Roane County",2,16,650,355,295
050,47,145,"Tennessee","Roane County",2,17,671,359,312
050,47,145,"Tennessee","Roane County",2,18,566,307,259
050,47,145,"Tennessee","Roane County",2,19,462,239,223
050,47,145,"Tennessee","Roane County",2,20,507,262,245
050,47,145,"Tennessee","Roane County",2,21,514,270,244
050,47,145,"Tennessee","Roane County",2,22,554,281,273
050,47,145,"Tennessee","Roane County",2,23,571,282,289
050,47,145,"Tennessee","Roane County",2,24,575,294,281
050,47,145,"Tennessee","Roane County",2,25,568,299,269
050,47,145,"Tennessee","Roane County",2,26,577,294,283
050,47,145,"Tennessee","Roane County",2,27,577,290,287
050,47,145,"Tennessee","Roane County",2,28,587,293,294
050,47,145,"Tennessee","Roane County",2,29,613,290,323
050,47,145,"Tennessee","Roane County",2,30,592,281,311
050,47,145,"Tennessee","Roane County",2,31,565,277,288
050,47,145,"Tennessee","Roane County",2,32,545,258,287
050,47,145,"Tennessee","Roane County",2,33,536,266,270
050,47,145,"Tennessee","Roane County",2,34,556,293,263
050,47,145,"Tennessee","Roane County",2,35,568,288,280
050,47,145,"Tennessee","Roane County",2,36,547,269,278
050,47,145,"Tennessee","Roane County",2,37,549,260,289
050,47,145,"Tennessee","Roane County",2,38,545,256,289
050,47,145,"Tennessee","Roane County",2,39,559,276,283
050,47,145,"Tennessee","Roane County",2,40,592,286,306
050,47,145,"Tennessee","Roane County",2,41,578,283,295
050,47,145,"Tennessee","Roane County",2,42,577,277,300
050,47,145,"Tennessee","Roane County",2,43,597,293,304
050,47,145,"Tennessee","Roane County",2,44,592,285,307
050,47,145,"Tennessee","Roane County",2,45,614,287,327
050,47,145,"Tennessee","Roane County",2,46,626,314,312
050,47,145,"Tennessee","Roane County",2,47,668,340,328
050,47,145,"Tennessee","Roane County",2,48,746,373,373
050,47,145,"Tennessee","Roane County",2,49,785,401,384
050,47,145,"Tennessee","Roane County",2,50,778,396,382
050,47,145,"Tennessee","Roane County",2,51,761,395,366
050,47,145,"Tennessee","Roane County",2,52,749,377,372
050,47,145,"Tennessee","Roane County",2,53,748,369,379
050,47,145,"Tennessee","Roane County",2,54,779,385,394
050,47,145,"Tennessee","Roane County",2,55,812,396,416
050,47,145,"Tennessee","Roane County",2,56,835,408,427
050,47,145,"Tennessee","Roane County",2,57,839,402,437
050,47,145,"Tennessee","Roane County",2,58,858,407,451
050,47,145,"Tennessee","Roane County",2,59,868,429,439
050,47,145,"Tennessee","Roane County",2,60,901,437,464
050,47,145,"Tennessee","Roane County",2,61,883,430,453
050,47,145,"Tennessee","Roane County",2,62,855,431,424
050,47,145,"Tennessee","Roane County",2,63,835,419,416
050,47,145,"Tennessee","Roane County",2,64,854,413,441
050,47,145,"Tennessee","Roane County",2,65,884,423,461
050,47,145,"Tennessee","Roane County",2,66,883,438,445
050,47,145,"Tennessee","Roane County",2,67,825,419,406
050,47,145,"Tennessee","Roane County",2,68,733,362,371
050,47,145,"Tennessee","Roane County",2,69,694,339,355
050,47,145,"Tennessee","Roane County",2,70,695,346,349
050,47,145,"Tennessee","Roane County",2,71,715,349,366
050,47,145,"Tennessee","Roane County",2,72,723,354,369
050,47,145,"Tennessee","Roane County",2,73,765,383,382
050,47,145,"Tennessee","Roane County",2,74,542,257,285
050,47,145,"Tennessee","Roane County",2,75,505,245,260
050,47,145,"Tennessee","Roane County",2,76,482,233,249
050,47,145,"Tennessee","Roane County",2,77,487,228,259
050,47,145,"Tennessee","Roane County",2,78,407,201,206
050,47,145,"Tennessee","Roane County",2,79,385,187,198
050,47,145,"Tennessee","Roane County",2,80,377,176,201
050,47,145,"Tennessee","Roane County",2,81,332,147,185
050,47,145,"Tennessee","Roane County",2,82,303,138,165
050,47,145,"Tennessee","Roane County",2,83,253,103,150
050,47,145,"Tennessee","Roane County",2,84,213,84,129
050,47,145,"Tennessee","Roane County",2,85,1283,451,832
050,47,145,"Tennessee","Roane County",3,0,496,250,246
050,47,145,"Tennessee","Roane County",3,1,453,241,212
050,47,145,"Tennessee","Roane County",3,2,464,240,224
050,47,145,"Tennessee","Roane County",3,3,509,271,238
050,47,145,"Tennessee","Roane County",3,4,504,275,229
050,47,145,"Tennessee","Roane County",3,5,525,273,252
050,47,145,"Tennessee","Roane County",3,6,516,253,263
050,47,145,"Tennessee","Roane County",3,7,541,265,276
050,47,145,"Tennessee","Roane County",3,8,571,281,290
050,47,145,"Tennessee","Roane County",3,9,575,292,283
050,47,145,"Tennessee","Roane County",3,10,565,272,293
050,47,145,"Tennessee","Roane County",3,11,559,294,265
050,47,145,"Tennessee","Roane County",3,12,578,302,276
050,47,145,"Tennessee","Roane County",3,13,653,348,305
050,47,145,"Tennessee","Roane County",3,14,638,333,305
050,47,145,"Tennessee","Roane County",3,15,653,349,304
050,47,145,"Tennessee","Roane County",3,16,652,345,307
050,47,145,"Tennessee","Roane County",3,17,644,353,291
050,47,145,"Tennessee","Roane County",3,18,559,302,257
050,47,145,"Tennessee","Roane County",3,19,470,253,217
050,47,145,"Tennessee","Roane County",3,20,513,264,249
050,47,145,"Tennessee","Roane County",3,21,546,281,265
050,47,145,"Tennessee","Roane County",3,22,557,291,266
050,47,145,"Tennessee","Roane County",3,23,588,310,278
050,47,145,"Tennessee","Roane County",3,24,587,289,298
050,47,145,"Tennessee","Roane County",3,25,596,309,287
050,47,145,"Tennessee","Roane County",3,26,560,295,265
050,47,145,"Tennessee","Roane County",3,27,584,298,286
050,47,145,"Tennessee","Roane County",3,28,584,282,302
050,47,145,"Tennessee","Roane County",3,29,600,289,311
050,47,145,"Tennessee","Roane County",3,30,630,302,328
050,47,145,"Tennessee","Roane County",3,31,617,294,323
050,47,145,"Tennessee","Roane County",3,32,566,292,274
050,47,145,"Tennessee","Roane County",3,33,579,273,306
050,47,145,"Tennessee","Roane County",3,34,548,271,277
050,47,145,"Tennessee","Roane County",3,35,587,300,287
050,47,145,"Tennessee","Roane County",3,36,579,288,291
050,47,145,"Tennessee","Roane County",3,37,567,290,277
050,47,145,"Tennessee","Roane County",3,38,569,270,299
050,47,145,"Tennessee","Roane County",3,39,582,274,308
050,47,145,"Tennessee","Roane County",3,40,562,274,288
050,47,145,"Tennessee","Roane County",3,41,600,284,316
050,47,145,"Tennessee","Roane County",3,42,579,280,299
050,47,145,"Tennessee","Roane County",3,43,606,289,317
050,47,145,"Tennessee","Roane County",3,44,616,300,316
050,47,145,"Tennessee","Roane County",3,45,628,301,327
050,47,145,"Tennessee","Roane County",3,46,621,290,331
050,47,145,"Tennessee","Roane County",3,47,639,325,314
050,47,145,"Tennessee","Roane County",3,48,679,344,335
050,47,145,"Tennessee","Roane County",3,49,760,369,391
050,47,145,"Tennessee","Roane County",3,50,802,408,394
050,47,145,"Tennessee","Roane County",3,51,769,390,379
050,47,145,"Tennessee","Roane County",3,52,775,407,368
050,47,145,"Tennessee","Roane County",3,53,746,376,370
050,47,145,"Tennessee","Roane County",3,54,759,382,377
050,47,145,"Tennessee","Roane County",3,55,815,406,409
050,47,145,"Tennessee","Roane County",3,56,845,411,434
050,47,145,"Tennessee","Roane County",3,57,842,416,426
050,47,145,"Tennessee","Roane County",3,58,839,396,443
050,47,145,"Tennessee","Roane County",3,59,841,406,435
050,47,145,"Tennessee","Roane County",3,60,869,429,440
050,47,145,"Tennessee","Roane County",3,61,908,434,474
050,47,145,"Tennessee","Roane County",3,62,896,438,458
050,47,145,"Tennessee","Roane County",3,63,859,430,429
050,47,145,"Tennessee","Roane County",3,64,822,404,418
050,47,145,"Tennessee","Roane County",3,65,828,396,432
050,47,145,"Tennessee","Roane County",3,66,878,424,454
050,47,145,"Tennessee","Roane County",3,67,894,450,444
050,47,145,"Tennessee","Roane County",3,68,808,398,410
050,47,145,"Tennessee","Roane County",3,69,740,359,381
050,47,145,"Tennessee","Roane County",3,70,684,345,339
050,47,145,"Tennessee","Roane County",3,71,689,340,349
050,47,145,"Tennessee","Roane County",3,72,704,336,368
050,47,145,"Tennessee","Roane County",3,73,676,335,341
050,47,145,"Tennessee","Roane County",3,74,754,372,382
050,47,145,"Tennessee","Roane County",3,75,521,245,276
050,47,145,"Tennessee","Roane County",3,76,480,233,247
050,47,145,"Tennessee","Roane County",3,77,469,227,242
050,47,145,"Tennessee","Roane County",3,78,448,214,234
050,47,145,"Tennessee","Roane County",3,79,386,190,196
050,47,145,"Tennessee","Roane County",3,80,363,176,187
050,47,145,"Tennessee","Roane County",3,81,348,163,185
050,47,145,"Tennessee","Roane County",3,82,298,129,169
050,47,145,"Tennessee","Roane County",3,83,267,117,150
050,47,145,"Tennessee","Roane County",3,84,236,103,133
050,47,145,"Tennessee","Roane County",3,85,1276,442,834
050,47,145,"Tennessee","Roane County",4,0,505,264,241
050,47,145,"Tennessee","Roane County",4,1,501,272,229
050,47,145,"Tennessee","Roane County",4,2,488,272,216
050,47,145,"Tennessee","Roane County",4,3,471,237,234
050,47,145,"Tennessee","Roane County",4,4,540,290,250
050,47,145,"Tennessee","Roane County",4,5,540,281,259
050,47,145,"Tennessee","Roane County",4,6,552,301,251
050,47,145,"Tennessee","Roane County",4,7,549,269,280
050,47,145,"Tennessee","Roane County",4,8,558,274,284
050,47,145,"Tennessee","Roane County",4,9,607,308,299
050,47,145,"Tennessee","Roane County",4,10,601,302,299
050,47,145,"Tennessee","Roane County",4,11,597,296,301
050,47,145,"Tennessee","Roane County",4,12,603,325,278
050,47,145,"Tennessee","Roane County",4,13,595,308,287
050,47,145,"Tennessee","Roane County",4,14,680,358,322
050,47,145,"Tennessee","Roane County",4,15,661,343,318
050,47,145,"Tennessee","Roane County",4,16,684,357,327
050,47,145,"Tennessee","Roane County",4,17,659,347,312
050,47,145,"Tennessee","Roane County",4,18,552,304,248
050,47,145,"Tennessee","Roane County",4,19,439,244,195
050,47,145,"Tennessee","Roane County",4,20,476,257,219
050,47,145,"Tennessee","Roane County",4,21,532,276,256
050,47,145,"Tennessee","Roane County",4,22,586,301,285
050,47,145,"Tennessee","Roane County",4,23,604,313,291
050,47,145,"Tennessee","Roane County",4,24,603,314,289
050,47,145,"Tennessee","Roane County",4,25,620,310,310
050,47,145,"Tennessee","Roane County",4,26,604,310,294
050,47,145,"Tennessee","Roane County",4,27,582,300,282
050,47,145,"Tennessee","Roane County",4,28,589,302,287
050,47,145,"Tennessee","Roane County",4,29,612,297,315
050,47,145,"Tennessee","Roane County",4,30,645,315,330
050,47,145,"Tennessee","Roane County",4,31,637,310,327
050,47,145,"Tennessee","Roane County",4,32,622,302,320
050,47,145,"Tennessee","Roane County",4,33,596,306,290
050,47,145,"Tennessee","Roane County",4,34,588,272,316
050,47,145,"Tennessee","Roane County",4,35,571,281,290
050,47,145,"Tennessee","Roane County",4,36,608,317,291
050,47,145,"Tennessee","Roane County",4,37,588,295,293
050,47,145,"Tennessee","Roane County",4,38,612,323,289
050,47,145,"Tennessee","Roane County",4,39,615,300,315
050,47,145,"Tennessee","Roane County",4,40,615,287,328
050,47,145,"Tennessee","Roane County",4,41,589,289,300
050,47,145,"Tennessee","Roane County",4,42,637,302,335
050,47,145,"Tennessee","Roane County",4,43,605,291,314
050,47,145,"Tennessee","Roane County",4,44,635,302,333
050,47,145,"Tennessee","Roane County",4,45,642,312,330
050,47,145,"Tennessee","Roane County",4,46,643,310,333
050,47,145,"Tennessee","Roane County",4,47,651,306,345
050,47,145,"Tennessee","Roane County",4,48,635,316,319
050,47,145,"Tennessee","Roane County",4,49,673,344,329
050,47,145,"Tennessee","Roane County",4,50,774,368,406
050,47,145,"Tennessee","Roane County",4,51,828,437,391
050,47,145,"Tennessee","Roane County",4,52,792,397,395
050,47,145,"Tennessee","Roane County",4,53,798,409,389
050,47,145,"Tennessee","Roane County",4,54,768,387,381
050,47,145,"Tennessee","Roane County",4,55,777,391,386
050,47,145,"Tennessee","Roane County",4,56,845,418,427
050,47,145,"Tennessee","Roane County",4,57,845,404,441
050,47,145,"Tennessee","Roane County",4,58,856,424,432
050,47,145,"Tennessee","Roane County",4,59,845,399,446
050,47,145,"Tennessee","Roane County",4,60,843,410,433
050,47,145,"Tennessee","Roane County",4,61,880,440,440
050,47,145,"Tennessee","Roane County",4,62,917,444,473
050,47,145,"Tennessee","Roane County",4,63,881,426,455
050,47,145,"Tennessee","Roane County",4,64,864,429,435
050,47,145,"Tennessee","Roane County",4,65,813,396,417
050,47,145,"Tennessee","Roane County",4,66,806,384,422
050,47,145,"Tennessee","Roane County",4,67,886,438,448
050,47,145,"Tennessee","Roane County",4,68,897,447,450
050,47,145,"Tennessee","Roane County",4,69,799,390,409
050,47,145,"Tennessee","Roane County",4,70,744,366,378
050,47,145,"Tennessee","Roane County",4,71,672,340,332
050,47,145,"Tennessee","Roane County",4,72,678,331,347
050,47,145,"Tennessee","Roane County",4,73,669,322,347
050,47,145,"Tennessee","Roane County",4,74,667,323,344
050,47,145,"Tennessee","Roane County",4,75,715,352,363
050,47,145,"Tennessee","Roane County",4,76,490,234,256
050,47,145,"Tennessee","Roane County",4,77,451,216,235
050,47,145,"Tennessee","Roane County",4,78,438,211,227
050,47,145,"Tennessee","Roane County",4,79,433,203,230
050,47,145,"Tennessee","Roane County",4,80,358,177,181
050,47,145,"Tennessee","Roane County",4,81,334,157,177
050,47,145,"Tennessee","Roane County",4,82,322,148,174
050,47,145,"Tennessee","Roane County",4,83,267,109,158
050,47,145,"Tennessee","Roane County",4,84,249,112,137
050,47,145,"Tennessee","Roane County",4,85,1331,474,857
050,47,145,"Tennessee","Roane County",5,0,503,261,242
050,47,145,"Tennessee","Roane County",5,1,526,264,262
050,47,145,"Tennessee","Roane County",5,2,513,277,236
050,47,145,"Tennessee","Roane County",5,3,490,280,210
050,47,145,"Tennessee","Roane County",5,4,529,263,266
050,47,145,"Tennessee","Roane County",5,5,567,310,257
050,47,145,"Tennessee","Roane County",5,6,547,283,264
050,47,145,"Tennessee","Roane County",5,7,555,306,249
050,47,145,"Tennessee","Roane County",5,8,573,288,285
050,47,145,"Tennessee","Roane County",5,9,594,293,301
050,47,145,"Tennessee","Roane County",5,10,599,308,291
050,47,145,"Tennessee","Roane County",5,11,637,320,317
050,47,145,"Tennessee","Roane County",5,12,609,314,295
050,47,145,"Tennessee","Roane County",5,13,618,326,292
050,47,145,"Tennessee","Roane County",5,14,632,319,313
050,47,145,"Tennessee","Roane County",5,15,680,360,320
050,47,145,"Tennessee","Roane County",5,16,680,346,334
050,47,145,"Tennessee","Roane County",5,17,687,359,328
050,47,145,"Tennessee","Roane County",5,18,557,297,260
050,47,145,"Tennessee","Roane County",5,19,448,250,198
050,47,145,"Tennessee","Roane County",5,20,498,272,226
050,47,145,"Tennessee","Roane County",5,21,514,278,236
050,47,145,"Tennessee","Roane County",5,22,580,296,284
050,47,145,"Tennessee","Roane County",5,23,642,331,311
050,47,145,"Tennessee","Roane County",5,24,637,338,299
050,47,145,"Tennessee","Roane County",5,25,638,339,299
050,47,145,"Tennessee","Roane County",5,26,628,306,322
050,47,145,"Tennessee","Roane County",5,27,641,334,307
050,47,145,"Tennessee","Roane County",5,28,618,309,309
050,47,145,"Tennessee","Roane County",5,29,642,325,317
050,47,145,"Tennessee","Roane County",5,30,641,338,303
050,47,145,"Tennessee","Roane County",5,31,673,337,336
050,47,145,"Tennessee","Roane County",5,32,667,339,328
050,47,145,"Tennessee","Roane County",5,33,644,308,336
050,47,145,"Tennessee","Roane County",5,34,624,316,308
050,47,145,"Tennessee","Roane County",5,35,592,280,312
050,47,145,"Tennessee","Roane County",5,36,568,283,285
050,47,145,"Tennessee","Roane County",5,37,631,315,316
050,47,145,"Tennessee","Roane County",5,38,616,307,309
050,47,145,"Tennessee","Roane County",5,39,637,327,310
050,47,145,"Tennessee","Roane County",5,40,615,295,320
050,47,145,"Tennessee","Roane County",5,41,643,315,328
050,47,145,"Tennessee","Roane County",5,42,606,289,317
050,47,145,"Tennessee","Roane County",5,43,665,313,352
050,47,145,"Tennessee","Roane County",5,44,611,297,314
050,47,145,"Tennessee","Roane County",5,45,661,311,350
050,47,145,"Tennessee","Roane County",5,46,648,308,340
050,47,145,"Tennessee","Roane County",5,47,674,328,346
050,47,145,"Tennessee","Roane County",5,48,653,309,344
050,47,145,"Tennessee","Roane County",5,49,649,321,328
050,47,145,"Tennessee","Roane County",5,50,680,345,335
050,47,145,"Tennessee","Roane County",5,51,784,380,404
050,47,145,"Tennessee","Roane County",5,52,840,433,407
050,47,145,"Tennessee","Roane County",5,53,794,393,401
050,47,145,"Tennessee","Roane County",5,54,809,418,391
050,47,145,"Tennessee","Roane County",5,55,795,400,395
050,47,145,"Tennessee","Roane County",5,56,812,408,404
050,47,145,"Tennessee","Roane County",5,57,834,413,421
050,47,145,"Tennessee","Roane County",5,58,847,394,453
050,47,145,"Tennessee","Roane County",5,59,845,419,426
050,47,145,"Tennessee","Roane County",5,60,863,409,454
050,47,145,"Tennessee","Roane County",5,61,842,414,428
050,47,145,"Tennessee","Roane County",5,62,905,442,463
050,47,145,"Tennessee","Roane County",5,63,901,437,464
050,47,145,"Tennessee","Roane County",5,64,882,432,450
050,47,145,"Tennessee","Roane County",5,65,865,429,436
050,47,145,"Tennessee","Roane County",5,66,820,402,418
050,47,145,"Tennessee","Roane County",5,67,807,391,416
050,47,145,"Tennessee","Roane County",5,68,890,433,457
050,47,145,"Tennessee","Roane County",5,69,891,440,451
050,47,145,"Tennessee","Roane County",5,70,773,384,389
050,47,145,"Tennessee","Roane County",5,71,727,355,372
050,47,145,"Tennessee","Roane County",5,72,673,333,340
050,47,145,"Tennessee","Roane County",5,73,651,323,328
050,47,145,"Tennessee","Roane County",5,74,645,310,335
050,47,145,"Tennessee","Roane County",5,75,629,303,326
050,47,145,"Tennessee","Roane County",5,76,685,333,352
050,47,145,"Tennessee","Roane County",5,77,471,218,253
050,47,145,"Tennessee","Roane County",5,78,426,206,220
050,47,145,"Tennessee","Roane County",5,79,425,204,221
050,47,145,"Tennessee","Roane County",5,80,405,193,212
050,47,145,"Tennessee","Roane County",5,81,337,167,170
050,47,145,"Tennessee","Roane County",5,82,316,148,168
050,47,145,"Tennessee","Roane County",5,83,289,130,159
050,47,145,"Tennessee","Roane County",5,84,243,105,138
050,47,145,"Tennessee","Roane County",5,85,1395,509,886
050,47,147,"Tennessee","Robertson County",1,0,891,460,431
050,47,147,"Tennessee","Robertson County",1,1,892,481,411
050,47,147,"Tennessee","Robertson County",1,2,957,513,444
050,47,147,"Tennessee","Robertson County",1,3,904,465,439
050,47,147,"Tennessee","Robertson County",1,4,928,472,456
050,47,147,"Tennessee","Robertson County",1,5,979,513,466
050,47,147,"Tennessee","Robertson County",1,6,909,442,467
050,47,147,"Tennessee","Robertson County",1,7,917,476,441
050,47,147,"Tennessee","Robertson County",1,8,950,499,451
050,47,147,"Tennessee","Robertson County",1,9,951,462,489
050,47,147,"Tennessee","Robertson County",1,10,998,500,498
050,47,147,"Tennessee","Robertson County",1,11,1071,562,509
050,47,147,"Tennessee","Robertson County",1,12,1093,562,531
050,47,147,"Tennessee","Robertson County",1,13,1031,524,507
050,47,147,"Tennessee","Robertson County",1,14,1059,542,517
050,47,147,"Tennessee","Robertson County",1,15,1066,548,518
050,47,147,"Tennessee","Robertson County",1,16,1033,504,529
050,47,147,"Tennessee","Robertson County",1,17,1023,494,529
050,47,147,"Tennessee","Robertson County",1,18,866,458,408
050,47,147,"Tennessee","Robertson County",1,19,713,374,339
050,47,147,"Tennessee","Robertson County",1,20,774,413,361
050,47,147,"Tennessee","Robertson County",1,21,765,393,372
050,47,147,"Tennessee","Robertson County",1,22,748,375,373
050,47,147,"Tennessee","Robertson County",1,23,793,381,412
050,47,147,"Tennessee","Robertson County",1,24,821,387,434
050,47,147,"Tennessee","Robertson County",1,25,841,404,437
050,47,147,"Tennessee","Robertson County",1,26,891,449,442
050,47,147,"Tennessee","Robertson County",1,27,908,460,448
050,47,147,"Tennessee","Robertson County",1,28,1000,490,510
050,47,147,"Tennessee","Robertson County",1,29,977,498,479
050,47,147,"Tennessee","Robertson County",1,30,971,513,458
050,47,147,"Tennessee","Robertson County",1,31,945,508,437
050,47,147,"Tennessee","Robertson County",1,32,916,470,446
050,47,147,"Tennessee","Robertson County",1,33,911,451,460
050,47,147,"Tennessee","Robertson County",1,34,945,485,460
050,47,147,"Tennessee","Robertson County",1,35,955,475,480
050,47,147,"Tennessee","Robertson County",1,36,942,444,498
050,47,147,"Tennessee","Robertson County",1,37,997,513,484
050,47,147,"Tennessee","Robertson County",1,38,996,501,495
050,47,147,"Tennessee","Robertson County",1,39,1031,517,514
050,47,147,"Tennessee","Robertson County",1,40,1021,516,505
050,47,147,"Tennessee","Robertson County",1,41,1000,487,513
050,47,147,"Tennessee","Robertson County",1,42,934,481,453
050,47,147,"Tennessee","Robertson County",1,43,930,477,453
050,47,147,"Tennessee","Robertson County",1,44,895,444,451
050,47,147,"Tennessee","Robertson County",1,45,929,470,459
050,47,147,"Tennessee","Robertson County",1,46,903,451,452
050,47,147,"Tennessee","Robertson County",1,47,989,499,490
050,47,147,"Tennessee","Robertson County",1,48,1030,535,495
050,47,147,"Tennessee","Robertson County",1,49,1049,523,526
050,47,147,"Tennessee","Robertson County",1,50,983,498,485
050,47,147,"Tennessee","Robertson County",1,51,925,470,455
050,47,147,"Tennessee","Robertson County",1,52,925,462,463
050,47,147,"Tennessee","Robertson County",1,53,982,476,506
050,47,147,"Tennessee","Robertson County",1,54,1005,474,531
050,47,147,"Tennessee","Robertson County",1,55,1028,524,504
050,47,147,"Tennessee","Robertson County",1,56,1095,561,534
050,47,147,"Tennessee","Robertson County",1,57,1100,568,532
050,47,147,"Tennessee","Robertson County",1,58,1109,562,547
050,47,147,"Tennessee","Robertson County",1,59,1139,555,584
050,47,147,"Tennessee","Robertson County",1,60,1083,527,556
050,47,147,"Tennessee","Robertson County",1,61,983,473,510
050,47,147,"Tennessee","Robertson County",1,62,949,469,480
050,47,147,"Tennessee","Robertson County",1,63,900,447,453
050,47,147,"Tennessee","Robertson County",1,64,855,410,445
050,47,147,"Tennessee","Robertson County",1,65,838,400,438
050,47,147,"Tennessee","Robertson County",1,66,825,389,436
050,47,147,"Tennessee","Robertson County",1,67,762,366,396
050,47,147,"Tennessee","Robertson County",1,68,719,343,376
050,47,147,"Tennessee","Robertson County",1,69,673,329,344
050,47,147,"Tennessee","Robertson County",1,70,643,301,342
050,47,147,"Tennessee","Robertson County",1,71,605,280,325
050,47,147,"Tennessee","Robertson County",1,72,617,287,330
050,47,147,"Tennessee","Robertson County",1,73,626,295,331
050,47,147,"Tennessee","Robertson County",1,74,456,209,247
050,47,147,"Tennessee","Robertson County",1,75,425,206,219
050,47,147,"Tennessee","Robertson County",1,76,410,186,224
050,47,147,"Tennessee","Robertson County",1,77,417,200,217
050,47,147,"Tennessee","Robertson County",1,78,371,173,198
050,47,147,"Tennessee","Robertson County",1,79,310,145,165
050,47,147,"Tennessee","Robertson County",1,80,255,114,141
050,47,147,"Tennessee","Robertson County",1,81,275,114,161
050,47,147,"Tennessee","Robertson County",1,82,235,103,132
050,47,147,"Tennessee","Robertson County",1,83,196,87,109
050,47,147,"Tennessee","Robertson County",1,84,165,71,94
050,47,147,"Tennessee","Robertson County",1,85,883,324,559
050,47,147,"Tennessee","Robertson County",2,0,885,466,419
050,47,147,"Tennessee","Robertson County",2,1,895,478,417
050,47,147,"Tennessee","Robertson County",2,2,942,503,439
050,47,147,"Tennessee","Robertson County",2,3,916,476,440
050,47,147,"Tennessee","Robertson County",2,4,928,475,453
050,47,147,"Tennessee","Robertson County",2,5,969,503,466
050,47,147,"Tennessee","Robertson County",2,6,930,465,465
050,47,147,"Tennessee","Robertson County",2,7,920,471,449
050,47,147,"Tennessee","Robertson County",2,8,940,491,449
050,47,147,"Tennessee","Robertson County",2,9,952,470,482
050,47,147,"Tennessee","Robertson County",2,10,986,493,493
050,47,147,"Tennessee","Robertson County",2,11,1051,546,505
050,47,147,"Tennessee","Robertson County",2,12,1091,563,528
050,47,147,"Tennessee","Robertson County",2,13,1047,536,511
050,47,147,"Tennessee","Robertson County",2,14,1051,540,511
050,47,147,"Tennessee","Robertson County",2,15,1063,546,517
050,47,147,"Tennessee","Robertson County",2,16,1046,517,529
050,47,147,"Tennessee","Robertson County",2,17,1028,499,529
050,47,147,"Tennessee","Robertson County",2,18,862,450,412
050,47,147,"Tennessee","Robertson County",2,19,718,381,337
050,47,147,"Tennessee","Robertson County",2,20,784,415,369
050,47,147,"Tennessee","Robertson County",2,21,770,400,370
050,47,147,"Tennessee","Robertson County",2,22,762,380,382
050,47,147,"Tennessee","Robertson County",2,23,795,382,413
050,47,147,"Tennessee","Robertson County",2,24,809,385,424
050,47,147,"Tennessee","Robertson County",2,25,839,403,436
050,47,147,"Tennessee","Robertson County",2,26,893,446,447
050,47,147,"Tennessee","Robertson County",2,27,901,457,444
050,47,147,"Tennessee","Robertson County",2,28,984,487,497
050,47,147,"Tennessee","Robertson County",2,29,984,496,488
050,47,147,"Tennessee","Robertson County",2,30,983,515,468
050,47,147,"Tennessee","Robertson County",2,31,959,514,445
050,47,147,"Tennessee","Robertson County",2,32,923,476,447
050,47,147,"Tennessee","Robertson County",2,33,907,454,453
050,47,147,"Tennessee","Robertson County",2,34,938,475,463
050,47,147,"Tennessee","Robertson County",2,35,956,476,480
050,47,147,"Tennessee","Robertson County",2,36,939,447,492
050,47,147,"Tennessee","Robertson County",2,37,986,493,493
050,47,147,"Tennessee","Robertson County",2,38,1005,509,496
050,47,147,"Tennessee","Robertson County",2,39,1019,509,510
050,47,147,"Tennessee","Robertson County",2,40,1034,521,513
050,47,147,"Tennessee","Robertson County",2,41,1011,498,513
050,47,147,"Tennessee","Robertson County",2,42,943,478,465
050,47,147,"Tennessee","Robertson County",2,43,944,484,460
050,47,147,"Tennessee","Robertson County",2,44,899,452,447
050,47,147,"Tennessee","Robertson County",2,45,929,469,460
050,47,147,"Tennessee","Robertson County",2,46,909,455,454
050,47,147,"Tennessee","Robertson County",2,47,967,484,483
050,47,147,"Tennessee","Robertson County",2,48,1020,531,489
050,47,147,"Tennessee","Robertson County",2,49,1057,535,522
050,47,147,"Tennessee","Robertson County",2,50,1002,505,497
050,47,147,"Tennessee","Robertson County",2,51,934,475,459
050,47,147,"Tennessee","Robertson County",2,52,925,461,464
050,47,147,"Tennessee","Robertson County",2,53,964,472,492
050,47,147,"Tennessee","Robertson County",2,54,999,476,523
050,47,147,"Tennessee","Robertson County",2,55,1024,509,515
050,47,147,"Tennessee","Robertson County",2,56,1084,555,529
050,47,147,"Tennessee","Robertson County",2,57,1103,566,537
050,47,147,"Tennessee","Robertson County",2,58,1105,561,544
050,47,147,"Tennessee","Robertson County",2,59,1140,562,578
050,47,147,"Tennessee","Robertson County",2,60,1096,532,564
050,47,147,"Tennessee","Robertson County",2,61,1001,482,519
050,47,147,"Tennessee","Robertson County",2,62,955,471,484
050,47,147,"Tennessee","Robertson County",2,63,921,457,464
050,47,147,"Tennessee","Robertson County",2,64,854,412,442
050,47,147,"Tennessee","Robertson County",2,65,840,399,441
050,47,147,"Tennessee","Robertson County",2,66,824,389,435
050,47,147,"Tennessee","Robertson County",2,67,771,367,404
050,47,147,"Tennessee","Robertson County",2,68,720,342,378
050,47,147,"Tennessee","Robertson County",2,69,690,335,355
050,47,147,"Tennessee","Robertson County",2,70,642,305,337
050,47,147,"Tennessee","Robertson County",2,71,609,280,329
050,47,147,"Tennessee","Robertson County",2,72,601,279,322
050,47,147,"Tennessee","Robertson County",2,73,648,304,344
050,47,147,"Tennessee","Robertson County",2,74,464,215,249
050,47,147,"Tennessee","Robertson County",2,75,428,203,225
050,47,147,"Tennessee","Robertson County",2,76,408,187,221
050,47,147,"Tennessee","Robertson County",2,77,424,200,224
050,47,147,"Tennessee","Robertson County",2,78,373,173,200
050,47,147,"Tennessee","Robertson County",2,79,321,148,173
050,47,147,"Tennessee","Robertson County",2,80,263,119,144
050,47,147,"Tennessee","Robertson County",2,81,265,111,154
050,47,147,"Tennessee","Robertson County",2,82,241,102,139
050,47,147,"Tennessee","Robertson County",2,83,199,88,111
050,47,147,"Tennessee","Robertson County",2,84,166,70,96
050,47,147,"Tennessee","Robertson County",2,85,880,322,558
050,47,147,"Tennessee","Robertson County",3,0,865,475,390
050,47,147,"Tennessee","Robertson County",3,1,933,497,436
050,47,147,"Tennessee","Robertson County",3,2,932,494,438
050,47,147,"Tennessee","Robertson County",3,3,937,496,441
050,47,147,"Tennessee","Robertson County",3,4,958,500,458
050,47,147,"Tennessee","Robertson County",3,5,965,482,483
050,47,147,"Tennessee","Robertson County",3,6,998,519,479
050,47,147,"Tennessee","Robertson County",3,7,960,495,465
050,47,147,"Tennessee","Robertson County",3,8,940,463,477
050,47,147,"Tennessee","Robertson County",3,9,970,516,454
050,47,147,"Tennessee","Robertson County",3,10,968,467,501
050,47,147,"Tennessee","Robertson County",3,11,1009,518,491
050,47,147,"Tennessee","Robertson County",3,12,1070,550,520
050,47,147,"Tennessee","Robertson County",3,13,1116,583,533
050,47,147,"Tennessee","Robertson County",3,14,1064,557,507
050,47,147,"Tennessee","Robertson County",3,15,1038,537,501
050,47,147,"Tennessee","Robertson County",3,16,1082,549,533
050,47,147,"Tennessee","Robertson County",3,17,1058,519,539
050,47,147,"Tennessee","Robertson County",3,18,890,453,437
050,47,147,"Tennessee","Robertson County",3,19,719,369,350
050,47,147,"Tennessee","Robertson County",3,20,799,412,387
050,47,147,"Tennessee","Robertson County",3,21,783,409,374
050,47,147,"Tennessee","Robertson County",3,22,796,415,381
050,47,147,"Tennessee","Robertson County",3,23,802,403,399
050,47,147,"Tennessee","Robertson County",3,24,844,427,417
050,47,147,"Tennessee","Robertson County",3,25,817,406,411
050,47,147,"Tennessee","Robertson County",3,26,893,422,471
050,47,147,"Tennessee","Robertson County",3,27,931,462,469
050,47,147,"Tennessee","Robertson County",3,28,958,493,465
050,47,147,"Tennessee","Robertson County",3,29,1004,499,505
050,47,147,"Tennessee","Robertson County",3,30,1031,512,519
050,47,147,"Tennessee","Robertson County",3,31,1013,509,504
050,47,147,"Tennessee","Robertson County",3,32,965,509,456
050,47,147,"Tennessee","Robertson County",3,33,934,491,443
050,47,147,"Tennessee","Robertson County",3,34,945,465,480
050,47,147,"Tennessee","Robertson County",3,35,948,478,470
050,47,147,"Tennessee","Robertson County",3,36,1005,498,507
050,47,147,"Tennessee","Robertson County",3,37,956,458,498
050,47,147,"Tennessee","Robertson County",3,38,1013,519,494
050,47,147,"Tennessee","Robertson County",3,39,1020,504,516
050,47,147,"Tennessee","Robertson County",3,40,1034,521,513
050,47,147,"Tennessee","Robertson County",3,41,1047,523,524
050,47,147,"Tennessee","Robertson County",3,42,967,474,493
050,47,147,"Tennessee","Robertson County",3,43,967,490,477
050,47,147,"Tennessee","Robertson County",3,44,944,482,462
050,47,147,"Tennessee","Robertson County",3,45,915,456,459
050,47,147,"Tennessee","Robertson County",3,46,976,491,485
050,47,147,"Tennessee","Robertson County",3,47,912,445,467
050,47,147,"Tennessee","Robertson County",3,48,952,493,459
050,47,147,"Tennessee","Robertson County",3,49,1009,532,477
050,47,147,"Tennessee","Robertson County",3,50,1058,529,529
050,47,147,"Tennessee","Robertson County",3,51,1014,509,505
050,47,147,"Tennessee","Robertson County",3,52,954,476,478
050,47,147,"Tennessee","Robertson County",3,53,923,467,456
050,47,147,"Tennessee","Robertson County",3,54,980,487,493
050,47,147,"Tennessee","Robertson County",3,55,1012,475,537
050,47,147,"Tennessee","Robertson County",3,56,1030,507,523
050,47,147,"Tennessee","Robertson County",3,57,1093,566,527
050,47,147,"Tennessee","Robertson County",3,58,1105,563,542
050,47,147,"Tennessee","Robertson County",3,59,1115,562,553
050,47,147,"Tennessee","Robertson County",3,60,1151,565,586
050,47,147,"Tennessee","Robertson County",3,61,1090,535,555
050,47,147,"Tennessee","Robertson County",3,62,984,477,507
050,47,147,"Tennessee","Robertson County",3,63,940,463,477
050,47,147,"Tennessee","Robertson County",3,64,894,443,451
050,47,147,"Tennessee","Robertson County",3,65,860,412,448
050,47,147,"Tennessee","Robertson County",3,66,850,404,446
050,47,147,"Tennessee","Robertson County",3,67,808,383,425
050,47,147,"Tennessee","Robertson County",3,68,753,357,396
050,47,147,"Tennessee","Robertson County",3,69,709,336,373
050,47,147,"Tennessee","Robertson County",3,70,675,323,352
050,47,147,"Tennessee","Robertson County",3,71,628,292,336
050,47,147,"Tennessee","Robertson County",3,72,599,272,327
050,47,147,"Tennessee","Robertson County",3,73,575,258,317
050,47,147,"Tennessee","Robertson County",3,74,621,286,335
050,47,147,"Tennessee","Robertson County",3,75,431,196,235
050,47,147,"Tennessee","Robertson County",3,76,404,186,218
050,47,147,"Tennessee","Robertson County",3,77,377,169,208
050,47,147,"Tennessee","Robertson County",3,78,409,192,217
050,47,147,"Tennessee","Robertson County",3,79,340,162,178
050,47,147,"Tennessee","Robertson County",3,80,288,135,153
050,47,147,"Tennessee","Robertson County",3,81,250,111,139
050,47,147,"Tennessee","Robertson County",3,82,235,102,133
050,47,147,"Tennessee","Robertson County",3,83,224,86,138
050,47,147,"Tennessee","Robertson County",3,84,162,68,94
050,47,147,"Tennessee","Robertson County",3,85,838,308,530
050,47,147,"Tennessee","Robertson County",4,0,894,482,412
050,47,147,"Tennessee","Robertson County",4,1,938,523,415
050,47,147,"Tennessee","Robertson County",4,2,1000,533,467
050,47,147,"Tennessee","Robertson County",4,3,959,498,461
050,47,147,"Tennessee","Robertson County",4,4,988,519,469
050,47,147,"Tennessee","Robertson County",4,5,989,511,478
050,47,147,"Tennessee","Robertson County",4,6,998,494,504
050,47,147,"Tennessee","Robertson County",4,7,996,514,482
050,47,147,"Tennessee","Robertson County",4,8,969,504,465
050,47,147,"Tennessee","Robertson County",4,9,979,485,494
050,47,147,"Tennessee","Robertson County",4,10,983,520,463
050,47,147,"Tennessee","Robertson County",4,11,1008,482,526
050,47,147,"Tennessee","Robertson County",4,12,1027,526,501
050,47,147,"Tennessee","Robertson County",4,13,1087,563,524
050,47,147,"Tennessee","Robertson County",4,14,1130,587,543
050,47,147,"Tennessee","Robertson County",4,15,1090,566,524
050,47,147,"Tennessee","Robertson County",4,16,1080,556,524
050,47,147,"Tennessee","Robertson County",4,17,1088,554,534
050,47,147,"Tennessee","Robertson County",4,18,932,474,458
050,47,147,"Tennessee","Robertson County",4,19,694,358,336
050,47,147,"Tennessee","Robertson County",4,20,772,379,393
050,47,147,"Tennessee","Robertson County",4,21,787,412,375
050,47,147,"Tennessee","Robertson County",4,22,828,430,398
050,47,147,"Tennessee","Robertson County",4,23,846,435,411
050,47,147,"Tennessee","Robertson County",4,24,841,416,425
050,47,147,"Tennessee","Robertson County",4,25,859,426,433
050,47,147,"Tennessee","Robertson County",4,26,853,435,418
050,47,147,"Tennessee","Robertson County",4,27,922,451,471
050,47,147,"Tennessee","Robertson County",4,28,978,488,490
050,47,147,"Tennessee","Robertson County",4,29,990,493,497
050,47,147,"Tennessee","Robertson County",4,30,1043,512,531
050,47,147,"Tennessee","Robertson County",4,31,1099,553,546
050,47,147,"Tennessee","Robertson County",4,32,1062,518,544
050,47,147,"Tennessee","Robertson County",4,33,1002,531,471
050,47,147,"Tennessee","Robertson County",4,34,997,520,477
050,47,147,"Tennessee","Robertson County",4,35,971,480,491
050,47,147,"Tennessee","Robertson County",4,36,974,494,480
050,47,147,"Tennessee","Robertson County",4,37,1072,522,550
050,47,147,"Tennessee","Robertson County",4,38,1011,508,503
050,47,147,"Tennessee","Robertson County",4,39,1043,526,517
050,47,147,"Tennessee","Robertson County",4,40,1043,513,530
050,47,147,"Tennessee","Robertson County",4,41,1047,537,510
050,47,147,"Tennessee","Robertson County",4,42,1058,531,527
050,47,147,"Tennessee","Robertson County",4,43,984,484,500
050,47,147,"Tennessee","Robertson County",4,44,942,481,461
050,47,147,"Tennessee","Robertson County",4,45,954,489,465
050,47,147,"Tennessee","Robertson County",4,46,932,454,478
050,47,147,"Tennessee","Robertson County",4,47,988,485,503
050,47,147,"Tennessee","Robertson County",4,48,912,447,465
050,47,147,"Tennessee","Robertson County",4,49,965,491,474
050,47,147,"Tennessee","Robertson County",4,50,1017,527,490
050,47,147,"Tennessee","Robertson County",4,51,1066,539,527
050,47,147,"Tennessee","Robertson County",4,52,1022,505,517
050,47,147,"Tennessee","Robertson County",4,53,952,480,472
050,47,147,"Tennessee","Robertson County",4,54,919,476,443
050,47,147,"Tennessee","Robertson County",4,55,990,498,492
050,47,147,"Tennessee","Robertson County",4,56,1005,465,540
050,47,147,"Tennessee","Robertson County",4,57,1043,520,523
050,47,147,"Tennessee","Robertson County",4,58,1090,561,529
050,47,147,"Tennessee","Robertson County",4,59,1109,572,537
050,47,147,"Tennessee","Robertson County",4,60,1090,551,539
050,47,147,"Tennessee","Robertson County",4,61,1115,536,579
050,47,147,"Tennessee","Robertson County",4,62,1079,528,551
050,47,147,"Tennessee","Robertson County",4,63,986,478,508
050,47,147,"Tennessee","Robertson County",4,64,919,459,460
050,47,147,"Tennessee","Robertson County",4,65,898,446,452
050,47,147,"Tennessee","Robertson County",4,66,843,401,442
050,47,147,"Tennessee","Robertson County",4,67,834,395,439
050,47,147,"Tennessee","Robertson County",4,68,779,378,401
050,47,147,"Tennessee","Robertson County",4,69,744,351,393
050,47,147,"Tennessee","Robertson County",4,70,689,321,368
050,47,147,"Tennessee","Robertson County",4,71,661,315,346
050,47,147,"Tennessee","Robertson County",4,72,612,286,326
050,47,147,"Tennessee","Robertson County",4,73,571,256,315
050,47,147,"Tennessee","Robertson County",4,74,556,247,309
050,47,147,"Tennessee","Robertson County",4,75,598,266,332
050,47,147,"Tennessee","Robertson County",4,76,410,185,225
050,47,147,"Tennessee","Robertson County",4,77,380,175,205
050,47,147,"Tennessee","Robertson County",4,78,356,155,201
050,47,147,"Tennessee","Robertson County",4,79,379,178,201
050,47,147,"Tennessee","Robertson County",4,80,316,153,163
050,47,147,"Tennessee","Robertson County",4,81,266,127,139
050,47,147,"Tennessee","Robertson County",4,82,225,110,115
050,47,147,"Tennessee","Robertson County",4,83,219,96,123
050,47,147,"Tennessee","Robertson County",4,84,195,67,128
050,47,147,"Tennessee","Robertson County",4,85,861,319,542
050,47,147,"Tennessee","Robertson County",5,0,894,484,410
050,47,147,"Tennessee","Robertson County",5,1,941,508,433
050,47,147,"Tennessee","Robertson County",5,2,969,534,435
050,47,147,"Tennessee","Robertson County",5,3,1046,556,490
050,47,147,"Tennessee","Robertson County",5,4,987,504,483
050,47,147,"Tennessee","Robertson County",5,5,1024,549,475
050,47,147,"Tennessee","Robertson County",5,6,982,509,473
050,47,147,"Tennessee","Robertson County",5,7,1012,490,522
050,47,147,"Tennessee","Robertson County",5,8,1001,509,492
050,47,147,"Tennessee","Robertson County",5,9,1006,514,492
050,47,147,"Tennessee","Robertson County",5,10,988,485,503
050,47,147,"Tennessee","Robertson County",5,11,985,512,473
050,47,147,"Tennessee","Robertson County",5,12,1026,492,534
050,47,147,"Tennessee","Robertson County",5,13,1068,559,509
050,47,147,"Tennessee","Robertson County",5,14,1092,556,536
050,47,147,"Tennessee","Robertson County",5,15,1132,586,546
050,47,147,"Tennessee","Robertson County",5,16,1112,581,531
050,47,147,"Tennessee","Robertson County",5,17,1092,555,537
050,47,147,"Tennessee","Robertson County",5,18,911,484,427
050,47,147,"Tennessee","Robertson County",5,19,739,374,365
050,47,147,"Tennessee","Robertson County",5,20,774,398,376
050,47,147,"Tennessee","Robertson County",5,21,830,414,416
050,47,147,"Tennessee","Robertson County",5,22,842,435,407
050,47,147,"Tennessee","Robertson County",5,23,897,466,431
050,47,147,"Tennessee","Robertson County",5,24,889,453,436
050,47,147,"Tennessee","Robertson County",5,25,882,439,443
050,47,147,"Tennessee","Robertson County",5,26,916,452,464
050,47,147,"Tennessee","Robertson County",5,27,892,448,444
050,47,147,"Tennessee","Robertson County",5,28,962,477,485
050,47,147,"Tennessee","Robertson County",5,29,999,497,502
050,47,147,"Tennessee","Robertson County",5,30,1021,508,513
050,47,147,"Tennessee","Robertson County",5,31,1095,546,549
050,47,147,"Tennessee","Robertson County",5,32,1101,548,553
050,47,147,"Tennessee","Robertson County",5,33,1082,535,547
050,47,147,"Tennessee","Robertson County",5,34,1043,550,493
050,47,147,"Tennessee","Robertson County",5,35,999,523,476
050,47,147,"Tennessee","Robertson County",5,36,1011,496,515
050,47,147,"Tennessee","Robertson County",5,37,1031,526,505
050,47,147,"Tennessee","Robertson County",5,38,1122,552,570
050,47,147,"Tennessee","Robertson County",5,39,1047,515,532
050,47,147,"Tennessee","Robertson County",5,40,1071,552,519
050,47,147,"Tennessee","Robertson County",5,41,1076,532,544
050,47,147,"Tennessee","Robertson County",5,42,1044,522,522
050,47,147,"Tennessee","Robertson County",5,43,1089,549,540
050,47,147,"Tennessee","Robertson County",5,44,978,484,494
050,47,147,"Tennessee","Robertson County",5,45,958,484,474
050,47,147,"Tennessee","Robertson County",5,46,949,487,462
050,47,147,"Tennessee","Robertson County",5,47,951,457,494
050,47,147,"Tennessee","Robertson County",5,48,993,490,503
050,47,147,"Tennessee","Robertson County",5,49,942,463,479
050,47,147,"Tennessee","Robertson County",5,50,966,492,474
050,47,147,"Tennessee","Robertson County",5,51,1042,542,500
050,47,147,"Tennessee","Robertson County",5,52,1079,547,532
050,47,147,"Tennessee","Robertson County",5,53,1023,510,513
050,47,147,"Tennessee","Robertson County",5,54,979,490,489
050,47,147,"Tennessee","Robertson County",5,55,927,480,447
050,47,147,"Tennessee","Robertson County",5,56,987,494,493
050,47,147,"Tennessee","Robertson County",5,57,1005,473,532
050,47,147,"Tennessee","Robertson County",5,58,1034,520,514
050,47,147,"Tennessee","Robertson County",5,59,1096,563,533
050,47,147,"Tennessee","Robertson County",5,60,1108,561,547
050,47,147,"Tennessee","Robertson County",5,61,1072,552,520
050,47,147,"Tennessee","Robertson County",5,62,1110,539,571
050,47,147,"Tennessee","Robertson County",5,63,1070,517,553
050,47,147,"Tennessee","Robertson County",5,64,973,477,496
050,47,147,"Tennessee","Robertson County",5,65,908,443,465
050,47,147,"Tennessee","Robertson County",5,66,889,444,445
050,47,147,"Tennessee","Robertson County",5,67,812,388,424
050,47,147,"Tennessee","Robertson County",5,68,823,389,434
050,47,147,"Tennessee","Robertson County",5,69,766,370,396
050,47,147,"Tennessee","Robertson County",5,70,736,347,389
050,47,147,"Tennessee","Robertson County",5,71,675,309,366
050,47,147,"Tennessee","Robertson County",5,72,660,313,347
050,47,147,"Tennessee","Robertson County",5,73,596,274,322
050,47,147,"Tennessee","Robertson County",5,74,552,245,307
050,47,147,"Tennessee","Robertson County",5,75,530,234,296
050,47,147,"Tennessee","Robertson County",5,76,577,252,325
050,47,147,"Tennessee","Robertson County",5,77,390,174,216
050,47,147,"Tennessee","Robertson County",5,78,360,162,198
050,47,147,"Tennessee","Robertson County",5,79,332,145,187
050,47,147,"Tennessee","Robertson County",5,80,358,170,188
050,47,147,"Tennessee","Robertson County",5,81,295,140,155
050,47,147,"Tennessee","Robertson County",5,82,236,124,112
050,47,147,"Tennessee","Robertson County",5,83,213,101,112
050,47,147,"Tennessee","Robertson County",5,84,195,86,109
050,47,147,"Tennessee","Robertson County",5,85,909,324,585
050,47,149,"Tennessee","Rutherford County",1,0,4269,2184,2085
050,47,149,"Tennessee","Rutherford County",1,1,4322,2211,2111
050,47,149,"Tennessee","Rutherford County",1,2,4365,2250,2115
050,47,149,"Tennessee","Rutherford County",1,3,4460,2284,2176
050,47,149,"Tennessee","Rutherford County",1,4,4571,2296,2275
050,47,149,"Tennessee","Rutherford County",1,5,4650,2411,2239
050,47,149,"Tennessee","Rutherford County",1,6,4660,2389,2271
050,47,149,"Tennessee","Rutherford County",1,7,4616,2275,2341
050,47,149,"Tennessee","Rutherford County",1,8,4572,2330,2242
050,47,149,"Tennessee","Rutherford County",1,9,4587,2382,2205
050,47,149,"Tennessee","Rutherford County",1,10,4858,2551,2307
050,47,149,"Tennessee","Rutherford County",1,11,5124,2595,2529
050,47,149,"Tennessee","Rutherford County",1,12,5360,2761,2599
050,47,149,"Tennessee","Rutherford County",1,13,5221,2652,2569
050,47,149,"Tennessee","Rutherford County",1,14,5140,2629,2511
050,47,149,"Tennessee","Rutherford County",1,15,4938,2506,2432
050,47,149,"Tennessee","Rutherford County",1,16,4898,2477,2421
050,47,149,"Tennessee","Rutherford County",1,17,4874,2431,2443
050,47,149,"Tennessee","Rutherford County",1,18,4870,2490,2380
050,47,149,"Tennessee","Rutherford County",1,19,5376,2754,2622
050,47,149,"Tennessee","Rutherford County",1,20,5974,2948,3026
050,47,149,"Tennessee","Rutherford County",1,21,6444,3168,3276
050,47,149,"Tennessee","Rutherford County",1,22,6066,3003,3063
050,47,149,"Tennessee","Rutherford County",1,23,5970,2977,2993
050,47,149,"Tennessee","Rutherford County",1,24,5578,2789,2789
050,47,149,"Tennessee","Rutherford County",1,25,5187,2551,2636
050,47,149,"Tennessee","Rutherford County",1,26,5181,2557,2624
050,47,149,"Tennessee","Rutherford County",1,27,5108,2584,2524
050,47,149,"Tennessee","Rutherford County",1,28,5178,2589,2589
050,47,149,"Tennessee","Rutherford County",1,29,5173,2609,2564
050,47,149,"Tennessee","Rutherford County",1,30,5063,2593,2470
050,47,149,"Tennessee","Rutherford County",1,31,4920,2478,2442
050,47,149,"Tennessee","Rutherford County",1,32,4729,2275,2454
050,47,149,"Tennessee","Rutherford County",1,33,4791,2342,2449
050,47,149,"Tennessee","Rutherford County",1,34,4784,2376,2408
050,47,149,"Tennessee","Rutherford County",1,35,4728,2319,2409
050,47,149,"Tennessee","Rutherford County",1,36,4840,2403,2437
050,47,149,"Tennessee","Rutherford County",1,37,5100,2512,2588
050,47,149,"Tennessee","Rutherford County",1,38,5110,2543,2567
050,47,149,"Tennessee","Rutherford County",1,39,5191,2575,2616
050,47,149,"Tennessee","Rutherford County",1,40,5086,2481,2605
050,47,149,"Tennessee","Rutherford County",1,41,4867,2394,2473
050,47,149,"Tennessee","Rutherford County",1,42,4836,2393,2443
050,47,149,"Tennessee","Rutherford County",1,43,4717,2366,2351
050,47,149,"Tennessee","Rutherford County",1,44,4491,2183,2308
050,47,149,"Tennessee","Rutherford County",1,45,4489,2208,2281
050,47,149,"Tennessee","Rutherford County",1,46,4325,2124,2201
050,47,149,"Tennessee","Rutherford County",1,47,4526,2233,2293
050,47,149,"Tennessee","Rutherford County",1,48,4631,2300,2331
050,47,149,"Tennessee","Rutherford County",1,49,4784,2431,2353
050,47,149,"Tennessee","Rutherford County",1,50,4474,2231,2243
050,47,149,"Tennessee","Rutherford County",1,51,4237,2100,2137
050,47,149,"Tennessee","Rutherford County",1,52,4020,1997,2023
050,47,149,"Tennessee","Rutherford County",1,53,4000,1973,2027
050,47,149,"Tennessee","Rutherford County",1,54,4112,2031,2081
050,47,149,"Tennessee","Rutherford County",1,55,4099,1966,2133
050,47,149,"Tennessee","Rutherford County",1,56,4160,2072,2088
050,47,149,"Tennessee","Rutherford County",1,57,4007,1960,2047
050,47,149,"Tennessee","Rutherford County",1,58,3901,1899,2002
050,47,149,"Tennessee","Rutherford County",1,59,3788,1874,1914
050,47,149,"Tennessee","Rutherford County",1,60,3625,1791,1834
050,47,149,"Tennessee","Rutherford County",1,61,3529,1766,1763
050,47,149,"Tennessee","Rutherford County",1,62,3414,1667,1747
050,47,149,"Tennessee","Rutherford County",1,63,3290,1589,1701
050,47,149,"Tennessee","Rutherford County",1,64,3149,1518,1631
050,47,149,"Tennessee","Rutherford County",1,65,3054,1442,1612
050,47,149,"Tennessee","Rutherford County",1,66,2773,1315,1458
050,47,149,"Tennessee","Rutherford County",1,67,2617,1242,1375
050,47,149,"Tennessee","Rutherford County",1,68,2497,1163,1334
050,47,149,"Tennessee","Rutherford County",1,69,2331,1089,1242
050,47,149,"Tennessee","Rutherford County",1,70,2192,999,1193
050,47,149,"Tennessee","Rutherford County",1,71,2104,972,1132
050,47,149,"Tennessee","Rutherford County",1,72,2071,947,1124
050,47,149,"Tennessee","Rutherford County",1,73,2048,930,1118
050,47,149,"Tennessee","Rutherford County",1,74,1461,676,785
050,47,149,"Tennessee","Rutherford County",1,75,1399,633,766
050,47,149,"Tennessee","Rutherford County",1,76,1336,566,770
050,47,149,"Tennessee","Rutherford County",1,77,1308,579,729
050,47,149,"Tennessee","Rutherford County",1,78,1128,510,618
050,47,149,"Tennessee","Rutherford County",1,79,946,413,533
050,47,149,"Tennessee","Rutherford County",1,80,883,377,506
050,47,149,"Tennessee","Rutherford County",1,81,867,369,498
050,47,149,"Tennessee","Rutherford County",1,82,741,303,438
050,47,149,"Tennessee","Rutherford County",1,83,649,262,387
050,47,149,"Tennessee","Rutherford County",1,84,586,243,343
050,47,149,"Tennessee","Rutherford County",1,85,3089,1027,2062
050,47,149,"Tennessee","Rutherford County",2,0,4206,2159,2047
050,47,149,"Tennessee","Rutherford County",2,1,4335,2222,2113
050,47,149,"Tennessee","Rutherford County",2,2,4375,2252,2123
050,47,149,"Tennessee","Rutherford County",2,3,4437,2270,2167
050,47,149,"Tennessee","Rutherford County",2,4,4572,2311,2261
050,47,149,"Tennessee","Rutherford County",2,5,4668,2408,2260
050,47,149,"Tennessee","Rutherford County",2,6,4694,2407,2287
050,47,149,"Tennessee","Rutherford County",2,7,4644,2315,2329
050,47,149,"Tennessee","Rutherford County",2,8,4594,2326,2268
050,47,149,"Tennessee","Rutherford County",2,9,4613,2389,2224
050,47,149,"Tennessee","Rutherford County",2,10,4817,2516,2301
050,47,149,"Tennessee","Rutherford County",2,11,5072,2593,2479
050,47,149,"Tennessee","Rutherford County",2,12,5350,2741,2609
050,47,149,"Tennessee","Rutherford County",2,13,5288,2698,2590
050,47,149,"Tennessee","Rutherford County",2,14,5188,2646,2542
050,47,149,"Tennessee","Rutherford County",2,15,5018,2543,2475
050,47,149,"Tennessee","Rutherford County",2,16,4946,2505,2441
050,47,149,"Tennessee","Rutherford County",2,17,4895,2449,2446
050,47,149,"Tennessee","Rutherford County",2,18,4904,2491,2413
050,47,149,"Tennessee","Rutherford County",2,19,5427,2783,2644
050,47,149,"Tennessee","Rutherford County",2,20,6079,2992,3087
050,47,149,"Tennessee","Rutherford County",2,21,6431,3170,3261
050,47,149,"Tennessee","Rutherford County",2,22,6134,3056,3078
050,47,149,"Tennessee","Rutherford County",2,23,5973,2968,3005
050,47,149,"Tennessee","Rutherford County",2,24,5555,2774,2781
050,47,149,"Tennessee","Rutherford County",2,25,5226,2568,2658
050,47,149,"Tennessee","Rutherford County",2,26,5154,2550,2604
050,47,149,"Tennessee","Rutherford County",2,27,5104,2560,2544
050,47,149,"Tennessee","Rutherford County",2,28,5163,2587,2576
050,47,149,"Tennessee","Rutherford County",2,29,5187,2608,2579
050,47,149,"Tennessee","Rutherford County",2,30,5153,2619,2534
050,47,149,"Tennessee","Rutherford County",2,31,4961,2504,2457
050,47,149,"Tennessee","Rutherford County",2,32,4810,2336,2474
050,47,149,"Tennessee","Rutherford County",2,33,4805,2343,2462
050,47,149,"Tennessee","Rutherford County",2,34,4813,2380,2433
050,47,149,"Tennessee","Rutherford County",2,35,4779,2353,2426
050,47,149,"Tennessee","Rutherford County",2,36,4816,2383,2433
050,47,149,"Tennessee","Rutherford County",2,37,5068,2502,2566
050,47,149,"Tennessee","Rutherford County",2,38,5156,2557,2599
050,47,149,"Tennessee","Rutherford County",2,39,5167,2562,2605
050,47,149,"Tennessee","Rutherford County",2,40,5157,2521,2636
050,47,149,"Tennessee","Rutherford County",2,41,4934,2421,2513
050,47,149,"Tennessee","Rutherford County",2,42,4839,2399,2440
050,47,149,"Tennessee","Rutherford County",2,43,4794,2391,2403
050,47,149,"Tennessee","Rutherford County",2,44,4513,2210,2303
050,47,149,"Tennessee","Rutherford County",2,45,4521,2217,2304
050,47,149,"Tennessee","Rutherford County",2,46,4361,2141,2220
050,47,149,"Tennessee","Rutherford County",2,47,4481,2212,2269
050,47,149,"Tennessee","Rutherford County",2,48,4615,2292,2323
050,47,149,"Tennessee","Rutherford County",2,49,4777,2416,2361
050,47,149,"Tennessee","Rutherford County",2,50,4560,2287,2273
050,47,149,"Tennessee","Rutherford County",2,51,4282,2119,2163
050,47,149,"Tennessee","Rutherford County",2,52,4069,2024,2045
050,47,149,"Tennessee","Rutherford County",2,53,4035,1995,2040
050,47,149,"Tennessee","Rutherford County",2,54,4056,1996,2060
050,47,149,"Tennessee","Rutherford County",2,55,4099,1982,2117
050,47,149,"Tennessee","Rutherford County",2,56,4161,2053,2108
050,47,149,"Tennessee","Rutherford County",2,57,4043,1983,2060
050,47,149,"Tennessee","Rutherford County",2,58,3925,1908,2017
050,47,149,"Tennessee","Rutherford County",2,59,3819,1876,1943
050,47,149,"Tennessee","Rutherford County",2,60,3668,1815,1853
050,47,149,"Tennessee","Rutherford County",2,61,3555,1774,1781
050,47,149,"Tennessee","Rutherford County",2,62,3423,1679,1744
050,47,149,"Tennessee","Rutherford County",2,63,3336,1609,1727
050,47,149,"Tennessee","Rutherford County",2,64,3165,1525,1640
050,47,149,"Tennessee","Rutherford County",2,65,3056,1449,1607
050,47,149,"Tennessee","Rutherford County",2,66,2838,1343,1495
050,47,149,"Tennessee","Rutherford County",2,67,2637,1251,1386
050,47,149,"Tennessee","Rutherford County",2,68,2502,1169,1333
050,47,149,"Tennessee","Rutherford County",2,69,2385,1108,1277
050,47,149,"Tennessee","Rutherford County",2,70,2220,1015,1205
050,47,149,"Tennessee","Rutherford County",2,71,2110,968,1142
050,47,149,"Tennessee","Rutherford County",2,72,2044,936,1108
050,47,149,"Tennessee","Rutherford County",2,73,2145,972,1173
050,47,149,"Tennessee","Rutherford County",2,74,1503,689,814
050,47,149,"Tennessee","Rutherford County",2,75,1415,644,771
050,47,149,"Tennessee","Rutherford County",2,76,1337,575,762
050,47,149,"Tennessee","Rutherford County",2,77,1336,591,745
050,47,149,"Tennessee","Rutherford County",2,78,1143,511,632
050,47,149,"Tennessee","Rutherford County",2,79,983,431,552
050,47,149,"Tennessee","Rutherford County",2,80,894,383,511
050,47,149,"Tennessee","Rutherford County",2,81,854,365,489
050,47,149,"Tennessee","Rutherford County",2,82,758,309,449
050,47,149,"Tennessee","Rutherford County",2,83,664,267,397
050,47,149,"Tennessee","Rutherford County",2,84,587,244,343
050,47,149,"Tennessee","Rutherford County",2,85,3122,1041,2081
050,47,149,"Tennessee","Rutherford County",3,0,4075,2111,1964
050,47,149,"Tennessee","Rutherford County",3,1,4339,2233,2106
050,47,149,"Tennessee","Rutherford County",3,2,4557,2326,2231
050,47,149,"Tennessee","Rutherford County",3,3,4484,2284,2200
050,47,149,"Tennessee","Rutherford County",3,4,4565,2345,2220
050,47,149,"Tennessee","Rutherford County",3,5,4764,2417,2347
050,47,149,"Tennessee","Rutherford County",3,6,4835,2484,2351
050,47,149,"Tennessee","Rutherford County",3,7,4886,2546,2340
050,47,149,"Tennessee","Rutherford County",3,8,4823,2418,2405
050,47,149,"Tennessee","Rutherford County",3,9,4759,2415,2344
050,47,149,"Tennessee","Rutherford County",3,10,4752,2446,2306
050,47,149,"Tennessee","Rutherford County",3,11,4966,2579,2387
050,47,149,"Tennessee","Rutherford County",3,12,5201,2646,2555
050,47,149,"Tennessee","Rutherford County",3,13,5514,2809,2705
050,47,149,"Tennessee","Rutherford County",3,14,5416,2736,2680
050,47,149,"Tennessee","Rutherford County",3,15,5296,2700,2596
050,47,149,"Tennessee","Rutherford County",3,16,5126,2612,2514
050,47,149,"Tennessee","Rutherford County",3,17,5020,2546,2474
050,47,149,"Tennessee","Rutherford County",3,18,4846,2446,2400
050,47,149,"Tennessee","Rutherford County",3,19,5116,2576,2540
050,47,149,"Tennessee","Rutherford County",3,20,6017,2910,3107
050,47,149,"Tennessee","Rutherford County",3,21,6557,3249,3308
050,47,149,"Tennessee","Rutherford County",3,22,6252,3158,3094
050,47,149,"Tennessee","Rutherford County",3,23,6035,3026,3009
050,47,149,"Tennessee","Rutherford County",3,24,5562,2801,2761
050,47,149,"Tennessee","Rutherford County",3,25,5306,2623,2683
050,47,149,"Tennessee","Rutherford County",3,26,5215,2588,2627
050,47,149,"Tennessee","Rutherford County",3,27,5243,2546,2697
050,47,149,"Tennessee","Rutherford County",3,28,5152,2561,2591
050,47,149,"Tennessee","Rutherford County",3,29,5271,2634,2637
050,47,149,"Tennessee","Rutherford County",3,30,5378,2693,2685
050,47,149,"Tennessee","Rutherford County",3,31,5248,2635,2613
050,47,149,"Tennessee","Rutherford County",3,32,5121,2584,2537
050,47,149,"Tennessee","Rutherford County",3,33,5043,2443,2600
050,47,149,"Tennessee","Rutherford County",3,34,4970,2408,2562
050,47,149,"Tennessee","Rutherford County",3,35,4899,2403,2496
050,47,149,"Tennessee","Rutherford County",3,36,4949,2455,2494
050,47,149,"Tennessee","Rutherford County",3,37,4935,2433,2502
050,47,149,"Tennessee","Rutherford County",3,38,5197,2553,2644
050,47,149,"Tennessee","Rutherford County",3,39,5313,2611,2702
050,47,149,"Tennessee","Rutherford County",3,40,5238,2595,2643
050,47,149,"Tennessee","Rutherford County",3,41,5284,2597,2687
050,47,149,"Tennessee","Rutherford County",3,42,5028,2484,2544
050,47,149,"Tennessee","Rutherford County",3,43,4935,2444,2491
050,47,149,"Tennessee","Rutherford County",3,44,4871,2435,2436
050,47,149,"Tennessee","Rutherford County",3,45,4559,2240,2319
050,47,149,"Tennessee","Rutherford County",3,46,4567,2233,2334
050,47,149,"Tennessee","Rutherford County",3,47,4450,2174,2276
050,47,149,"Tennessee","Rutherford County",3,48,4485,2210,2275
050,47,149,"Tennessee","Rutherford County",3,49,4686,2317,2369
050,47,149,"Tennessee","Rutherford County",3,50,4799,2421,2378
050,47,149,"Tennessee","Rutherford County",3,51,4620,2300,2320
050,47,149,"Tennessee","Rutherford County",3,52,4272,2128,2144
050,47,149,"Tennessee","Rutherford County",3,53,4117,2041,2076
050,47,149,"Tennessee","Rutherford County",3,54,3979,1966,2013
050,47,149,"Tennessee","Rutherford County",3,55,4072,2009,2063
050,47,149,"Tennessee","Rutherford County",3,56,4104,1999,2105
050,47,149,"Tennessee","Rutherford County",3,57,4136,2029,2107
050,47,149,"Tennessee","Rutherford County",3,58,4049,1956,2093
050,47,149,"Tennessee","Rutherford County",3,59,3890,1877,2013
050,47,149,"Tennessee","Rutherford County",3,60,3866,1909,1957
050,47,149,"Tennessee","Rutherford County",3,61,3666,1814,1852
050,47,149,"Tennessee","Rutherford County",3,62,3526,1730,1796
050,47,149,"Tennessee","Rutherford County",3,63,3405,1688,1717
050,47,149,"Tennessee","Rutherford County",3,64,3282,1594,1688
050,47,149,"Tennessee","Rutherford County",3,65,3135,1500,1635
050,47,149,"Tennessee","Rutherford County",3,66,3025,1418,1607
050,47,149,"Tennessee","Rutherford County",3,67,2815,1327,1488
050,47,149,"Tennessee","Rutherford County",3,68,2592,1212,1380
050,47,149,"Tennessee","Rutherford County",3,69,2491,1163,1328
050,47,149,"Tennessee","Rutherford County",3,70,2338,1073,1265
050,47,149,"Tennessee","Rutherford County",3,71,2185,1004,1181
050,47,149,"Tennessee","Rutherford County",3,72,2063,942,1121
050,47,149,"Tennessee","Rutherford County",3,73,2004,912,1092
050,47,149,"Tennessee","Rutherford County",3,74,2116,946,1170
050,47,149,"Tennessee","Rutherford County",3,75,1447,651,796
050,47,149,"Tennessee","Rutherford County",3,76,1378,618,760
050,47,149,"Tennessee","Rutherford County",3,77,1276,540,736
050,47,149,"Tennessee","Rutherford County",3,78,1300,553,747
050,47,149,"Tennessee","Rutherford County",3,79,1101,488,613
050,47,149,"Tennessee","Rutherford County",3,80,907,384,523
050,47,149,"Tennessee","Rutherford County",3,81,849,363,486
050,47,149,"Tennessee","Rutherford County",3,82,790,329,461
050,47,149,"Tennessee","Rutherford County",3,83,708,286,422
050,47,149,"Tennessee","Rutherford County",3,84,587,246,341
050,47,149,"Tennessee","Rutherford County",3,85,3198,1073,2125
050,47,149,"Tennessee","Rutherford County",4,0,4256,2163,2093
050,47,149,"Tennessee","Rutherford County",4,1,4232,2130,2102
050,47,149,"Tennessee","Rutherford County",4,2,4521,2309,2212
050,47,149,"Tennessee","Rutherford County",4,3,4663,2407,2256
050,47,149,"Tennessee","Rutherford County",4,4,4695,2408,2287
050,47,149,"Tennessee","Rutherford County",4,5,4774,2456,2318
050,47,149,"Tennessee","Rutherford County",4,6,4915,2493,2422
050,47,149,"Tennessee","Rutherford County",4,7,5002,2552,2450
050,47,149,"Tennessee","Rutherford County",4,8,5069,2629,2440
050,47,149,"Tennessee","Rutherford County",4,9,5015,2501,2514
050,47,149,"Tennessee","Rutherford County",4,10,4928,2519,2409
050,47,149,"Tennessee","Rutherford County",4,11,4892,2521,2371
050,47,149,"Tennessee","Rutherford County",4,12,5133,2685,2448
050,47,149,"Tennessee","Rutherford County",4,13,5336,2712,2624
050,47,149,"Tennessee","Rutherford County",4,14,5550,2812,2738
050,47,149,"Tennessee","Rutherford County",4,15,5511,2798,2713
050,47,149,"Tennessee","Rutherford County",4,16,5369,2745,2624
050,47,149,"Tennessee","Rutherford County",4,17,5239,2676,2563
050,47,149,"Tennessee","Rutherford County",4,18,5032,2563,2469
050,47,149,"Tennessee","Rutherford County",4,19,5417,2729,2688
050,47,149,"Tennessee","Rutherford County",4,20,6130,2980,3150
050,47,149,"Tennessee","Rutherford County",4,21,6709,3293,3416
050,47,149,"Tennessee","Rutherford County",4,22,6489,3289,3200
050,47,149,"Tennessee","Rutherford County",4,23,6229,3158,3071
050,47,149,"Tennessee","Rutherford County",4,24,5739,2866,2873
050,47,149,"Tennessee","Rutherford County",4,25,5382,2679,2703
050,47,149,"Tennessee","Rutherford County",4,26,5197,2584,2613
050,47,149,"Tennessee","Rutherford County",4,27,5239,2567,2672
050,47,149,"Tennessee","Rutherford County",4,28,5365,2581,2784
050,47,149,"Tennessee","Rutherford County",4,29,5283,2638,2645
050,47,149,"Tennessee","Rutherford County",4,30,5421,2685,2736
050,47,149,"Tennessee","Rutherford County",4,31,5410,2662,2748
050,47,149,"Tennessee","Rutherford County",4,32,5415,2731,2684
050,47,149,"Tennessee","Rutherford County",4,33,5261,2618,2643
050,47,149,"Tennessee","Rutherford County",4,34,5155,2495,2660
050,47,149,"Tennessee","Rutherford County",4,35,5061,2454,2607
050,47,149,"Tennessee","Rutherford County",4,36,5098,2559,2539
050,47,149,"Tennessee","Rutherford County",4,37,5161,2537,2624
050,47,149,"Tennessee","Rutherford County",4,38,5113,2538,2575
050,47,149,"Tennessee","Rutherford County",4,39,5321,2617,2704
050,47,149,"Tennessee","Rutherford County",4,40,5345,2645,2700
050,47,149,"Tennessee","Rutherford County",4,41,5289,2600,2689
050,47,149,"Tennessee","Rutherford County",4,42,5321,2617,2704
050,47,149,"Tennessee","Rutherford County",4,43,5153,2530,2623
050,47,149,"Tennessee","Rutherford County",4,44,5005,2479,2526
050,47,149,"Tennessee","Rutherford County",4,45,4933,2428,2505
050,47,149,"Tennessee","Rutherford County",4,46,4555,2236,2319
050,47,149,"Tennessee","Rutherford County",4,47,4600,2243,2357
050,47,149,"Tennessee","Rutherford County",4,48,4509,2192,2317
050,47,149,"Tennessee","Rutherford County",4,49,4551,2261,2290
050,47,149,"Tennessee","Rutherford County",4,50,4735,2333,2402
050,47,149,"Tennessee","Rutherford County",4,51,4858,2429,2429
050,47,149,"Tennessee","Rutherford County",4,52,4676,2357,2319
050,47,149,"Tennessee","Rutherford County",4,53,4304,2159,2145
050,47,149,"Tennessee","Rutherford County",4,54,4116,2037,2079
050,47,149,"Tennessee","Rutherford County",4,55,4012,1975,2037
050,47,149,"Tennessee","Rutherford County",4,56,4125,2045,2080
050,47,149,"Tennessee","Rutherford County",4,57,4167,2015,2152
050,47,149,"Tennessee","Rutherford County",4,58,4114,2028,2086
050,47,149,"Tennessee","Rutherford County",4,59,4017,1920,2097
050,47,149,"Tennessee","Rutherford County",4,60,3887,1881,2006
050,47,149,"Tennessee","Rutherford County",4,61,3911,1918,1993
050,47,149,"Tennessee","Rutherford County",4,62,3604,1761,1843
050,47,149,"Tennessee","Rutherford County",4,63,3476,1713,1763
050,47,149,"Tennessee","Rutherford County",4,64,3391,1675,1716
050,47,149,"Tennessee","Rutherford County",4,65,3267,1590,1677
050,47,149,"Tennessee","Rutherford County",4,66,3091,1466,1625
050,47,149,"Tennessee","Rutherford County",4,67,2986,1391,1595
050,47,149,"Tennessee","Rutherford County",4,68,2803,1283,1520
050,47,149,"Tennessee","Rutherford County",4,69,2576,1178,1398
050,47,149,"Tennessee","Rutherford County",4,70,2446,1134,1312
050,47,149,"Tennessee","Rutherford County",4,71,2318,1064,1254
050,47,149,"Tennessee","Rutherford County",4,72,2165,987,1178
050,47,149,"Tennessee","Rutherford County",4,73,2002,901,1101
050,47,149,"Tennessee","Rutherford County",4,74,1986,895,1091
050,47,149,"Tennessee","Rutherford County",4,75,2069,912,1157
050,47,149,"Tennessee","Rutherford County",4,76,1403,625,778
050,47,149,"Tennessee","Rutherford County",4,77,1335,606,729
050,47,149,"Tennessee","Rutherford County",4,78,1249,517,732
050,47,149,"Tennessee","Rutherford County",4,79,1248,536,712
050,47,149,"Tennessee","Rutherford County",4,80,1013,444,569
050,47,149,"Tennessee","Rutherford County",4,81,874,362,512
050,47,149,"Tennessee","Rutherford County",4,82,802,337,465
050,47,149,"Tennessee","Rutherford County",4,83,731,301,430
050,47,149,"Tennessee","Rutherford County",4,84,641,269,372
050,47,149,"Tennessee","Rutherford County",4,85,3296,1119,2177
050,47,149,"Tennessee","Rutherford County",5,0,4270,2171,2099
050,47,149,"Tennessee","Rutherford County",5,1,4337,2206,2131
050,47,149,"Tennessee","Rutherford County",5,2,4390,2214,2176
050,47,149,"Tennessee","Rutherford County",5,3,4659,2386,2273
050,47,149,"Tennessee","Rutherford County",5,4,4855,2484,2371
050,47,149,"Tennessee","Rutherford County",5,5,4833,2448,2385
050,47,149,"Tennessee","Rutherford County",5,6,4929,2529,2400
050,47,149,"Tennessee","Rutherford County",5,7,5021,2551,2470
050,47,149,"Tennessee","Rutherford County",5,8,5072,2624,2448
050,47,149,"Tennessee","Rutherford County",5,9,5169,2665,2504
050,47,149,"Tennessee","Rutherford County",5,10,5061,2538,2523
050,47,149,"Tennessee","Rutherford County",5,11,5070,2611,2459
050,47,149,"Tennessee","Rutherford County",5,12,4976,2589,2387
050,47,149,"Tennessee","Rutherford County",5,13,5209,2728,2481
050,47,149,"Tennessee","Rutherford County",5,14,5390,2740,2650
050,47,149,"Tennessee","Rutherford County",5,15,5597,2812,2785
050,47,149,"Tennessee","Rutherford County",5,16,5595,2812,2783
050,47,149,"Tennessee","Rutherford County",5,17,5470,2800,2670
050,47,149,"Tennessee","Rutherford County",5,18,5230,2676,2554
050,47,149,"Tennessee","Rutherford County",5,19,5532,2817,2715
050,47,149,"Tennessee","Rutherford County",5,20,6277,3056,3221
050,47,149,"Tennessee","Rutherford County",5,21,6657,3273,3384
050,47,149,"Tennessee","Rutherford County",5,22,6594,3319,3275
050,47,149,"Tennessee","Rutherford County",5,23,6424,3291,3133
050,47,149,"Tennessee","Rutherford County",5,24,5841,2950,2891
050,47,149,"Tennessee","Rutherford County",5,25,5507,2707,2800
050,47,149,"Tennessee","Rutherford County",5,26,5181,2591,2590
050,47,149,"Tennessee","Rutherford County",5,27,5193,2557,2636
050,47,149,"Tennessee","Rutherford County",5,28,5269,2580,2689
050,47,149,"Tennessee","Rutherford County",5,29,5389,2591,2798
050,47,149,"Tennessee","Rutherford County",5,30,5402,2674,2728
050,47,149,"Tennessee","Rutherford County",5,31,5455,2692,2763
050,47,149,"Tennessee","Rutherford County",5,32,5483,2693,2790
050,47,149,"Tennessee","Rutherford County",5,33,5433,2718,2715
050,47,149,"Tennessee","Rutherford County",5,34,5365,2625,2740
050,47,149,"Tennessee","Rutherford County",5,35,5201,2494,2707
050,47,149,"Tennessee","Rutherford County",5,36,5262,2566,2696
050,47,149,"Tennessee","Rutherford County",5,37,5250,2638,2612
050,47,149,"Tennessee","Rutherford County",5,38,5264,2597,2667
050,47,149,"Tennessee","Rutherford County",5,39,5182,2572,2610
050,47,149,"Tennessee","Rutherford County",5,40,5382,2670,2712
050,47,149,"Tennessee","Rutherford County",5,41,5443,2704,2739
050,47,149,"Tennessee","Rutherford County",5,42,5319,2611,2708
050,47,149,"Tennessee","Rutherford County",5,43,5341,2613,2728
050,47,149,"Tennessee","Rutherford County",5,44,5146,2526,2620
050,47,149,"Tennessee","Rutherford County",5,45,5083,2518,2565
050,47,149,"Tennessee","Rutherford County",5,46,4894,2426,2468
050,47,149,"Tennessee","Rutherford County",5,47,4579,2256,2323
050,47,149,"Tennessee","Rutherford County",5,48,4592,2261,2331
050,47,149,"Tennessee","Rutherford County",5,49,4523,2203,2320
050,47,149,"Tennessee","Rutherford County",5,50,4610,2295,2315
050,47,149,"Tennessee","Rutherford County",5,51,4714,2303,2411
050,47,149,"Tennessee","Rutherford County",5,52,4844,2436,2408
050,47,149,"Tennessee","Rutherford County",5,53,4676,2373,2303
050,47,149,"Tennessee","Rutherford County",5,54,4199,2075,2124
050,47,149,"Tennessee","Rutherford County",5,55,4112,2038,2074
050,47,149,"Tennessee","Rutherford County",5,56,3996,1992,2004
050,47,149,"Tennessee","Rutherford County",5,57,4084,2034,2050
050,47,149,"Tennessee","Rutherford County",5,58,4156,1989,2167
050,47,149,"Tennessee","Rutherford County",5,59,4087,1997,2090
050,47,149,"Tennessee","Rutherford County",5,60,4006,1937,2069
050,47,149,"Tennessee","Rutherford County",5,61,3929,1906,2023
050,47,149,"Tennessee","Rutherford County",5,62,3812,1858,1954
050,47,149,"Tennessee","Rutherford County",5,63,3597,1751,1846
050,47,149,"Tennessee","Rutherford County",5,64,3457,1673,1784
050,47,149,"Tennessee","Rutherford County",5,65,3388,1662,1726
050,47,149,"Tennessee","Rutherford County",5,66,3228,1569,1659
050,47,149,"Tennessee","Rutherford County",5,67,3060,1453,1607
050,47,149,"Tennessee","Rutherford County",5,68,2917,1347,1570
050,47,149,"Tennessee","Rutherford County",5,69,2776,1276,1500
050,47,149,"Tennessee","Rutherford County",5,70,2509,1133,1376
050,47,149,"Tennessee","Rutherford County",5,71,2402,1116,1286
050,47,149,"Tennessee","Rutherford County",5,72,2268,1037,1231
050,47,149,"Tennessee","Rutherford County",5,73,2096,953,1143
050,47,149,"Tennessee","Rutherford County",5,74,1958,878,1080
050,47,149,"Tennessee","Rutherford County",5,75,1930,866,1064
050,47,149,"Tennessee","Rutherford County",5,76,2008,890,1118
050,47,149,"Tennessee","Rutherford County",5,77,1351,602,749
050,47,149,"Tennessee","Rutherford County",5,78,1301,571,730
050,47,149,"Tennessee","Rutherford County",5,79,1205,497,708
050,47,149,"Tennessee","Rutherford County",5,80,1174,493,681
050,47,149,"Tennessee","Rutherford County",5,81,958,416,542
050,47,149,"Tennessee","Rutherford County",5,82,824,340,484
050,47,149,"Tennessee","Rutherford County",5,83,758,320,438
050,47,149,"Tennessee","Rutherford County",5,84,677,291,386
050,47,149,"Tennessee","Rutherford County",5,85,3438,1172,2266
050,47,151,"Tennessee","Scott County",1,0,245,125,120
050,47,151,"Tennessee","Scott County",1,1,256,123,133
050,47,151,"Tennessee","Scott County",1,2,282,145,137
050,47,151,"Tennessee","Scott County",1,3,277,133,144
050,47,151,"Tennessee","Scott County",1,4,269,125,144
050,47,151,"Tennessee","Scott County",1,5,271,136,135
050,47,151,"Tennessee","Scott County",1,6,298,166,132
050,47,151,"Tennessee","Scott County",1,7,290,158,132
050,47,151,"Tennessee","Scott County",1,8,270,146,124
050,47,151,"Tennessee","Scott County",1,9,250,130,120
050,47,151,"Tennessee","Scott County",1,10,301,146,155
050,47,151,"Tennessee","Scott County",1,11,289,143,146
050,47,151,"Tennessee","Scott County",1,12,304,158,146
050,47,151,"Tennessee","Scott County",1,13,318,167,151
050,47,151,"Tennessee","Scott County",1,14,333,178,155
050,47,151,"Tennessee","Scott County",1,15,322,163,159
050,47,151,"Tennessee","Scott County",1,16,340,162,178
050,47,151,"Tennessee","Scott County",1,17,344,159,185
050,47,151,"Tennessee","Scott County",1,18,293,150,143
050,47,151,"Tennessee","Scott County",1,19,208,106,102
050,47,151,"Tennessee","Scott County",1,20,222,117,105
050,47,151,"Tennessee","Scott County",1,21,237,119,118
050,47,151,"Tennessee","Scott County",1,22,246,125,121
050,47,151,"Tennessee","Scott County",1,23,245,122,123
050,47,151,"Tennessee","Scott County",1,24,249,125,124
050,47,151,"Tennessee","Scott County",1,25,260,131,129
050,47,151,"Tennessee","Scott County",1,26,246,128,118
050,47,151,"Tennessee","Scott County",1,27,266,127,139
050,47,151,"Tennessee","Scott County",1,28,279,142,137
050,47,151,"Tennessee","Scott County",1,29,317,162,155
050,47,151,"Tennessee","Scott County",1,30,288,146,142
050,47,151,"Tennessee","Scott County",1,31,256,127,129
050,47,151,"Tennessee","Scott County",1,32,251,129,122
050,47,151,"Tennessee","Scott County",1,33,230,125,105
050,47,151,"Tennessee","Scott County",1,34,231,129,102
050,47,151,"Tennessee","Scott County",1,35,233,102,131
050,47,151,"Tennessee","Scott County",1,36,226,100,126
050,47,151,"Tennessee","Scott County",1,37,262,127,135
050,47,151,"Tennessee","Scott County",1,38,277,134,143
050,47,151,"Tennessee","Scott County",1,39,288,147,141
050,47,151,"Tennessee","Scott County",1,40,294,153,141
050,47,151,"Tennessee","Scott County",1,41,298,144,154
050,47,151,"Tennessee","Scott County",1,42,316,151,165
050,47,151,"Tennessee","Scott County",1,43,316,156,160
050,47,151,"Tennessee","Scott County",1,44,299,155,144
050,47,151,"Tennessee","Scott County",1,45,271,134,137
050,47,151,"Tennessee","Scott County",1,46,256,135,121
050,47,151,"Tennessee","Scott County",1,47,262,129,133
050,47,151,"Tennessee","Scott County",1,48,284,138,146
050,47,151,"Tennessee","Scott County",1,49,292,146,146
050,47,151,"Tennessee","Scott County",1,50,288,146,142
050,47,151,"Tennessee","Scott County",1,51,305,163,142
050,47,151,"Tennessee","Scott County",1,52,292,148,144
050,47,151,"Tennessee","Scott County",1,53,298,157,141
050,47,151,"Tennessee","Scott County",1,54,296,151,145
050,47,151,"Tennessee","Scott County",1,55,306,156,150
050,47,151,"Tennessee","Scott County",1,56,322,163,159
050,47,151,"Tennessee","Scott County",1,57,330,168,162
050,47,151,"Tennessee","Scott County",1,58,311,160,151
050,47,151,"Tennessee","Scott County",1,59,260,132,128
050,47,151,"Tennessee","Scott County",1,60,267,131,136
050,47,151,"Tennessee","Scott County",1,61,274,124,150
050,47,151,"Tennessee","Scott County",1,62,276,131,145
050,47,151,"Tennessee","Scott County",1,63,279,143,136
050,47,151,"Tennessee","Scott County",1,64,279,125,154
050,47,151,"Tennessee","Scott County",1,65,253,119,134
050,47,151,"Tennessee","Scott County",1,66,257,121,136
050,47,151,"Tennessee","Scott County",1,67,251,116,135
050,47,151,"Tennessee","Scott County",1,68,258,131,127
050,47,151,"Tennessee","Scott County",1,69,219,112,107
050,47,151,"Tennessee","Scott County",1,70,198,97,101
050,47,151,"Tennessee","Scott County",1,71,210,100,110
050,47,151,"Tennessee","Scott County",1,72,200,93,107
050,47,151,"Tennessee","Scott County",1,73,216,107,109
050,47,151,"Tennessee","Scott County",1,74,160,74,86
050,47,151,"Tennessee","Scott County",1,75,171,66,105
050,47,151,"Tennessee","Scott County",1,76,169,73,96
050,47,151,"Tennessee","Scott County",1,77,165,72,93
050,47,151,"Tennessee","Scott County",1,78,134,57,77
050,47,151,"Tennessee","Scott County",1,79,130,66,64
050,47,151,"Tennessee","Scott County",1,80,104,48,56
050,47,151,"Tennessee","Scott County",1,81,87,36,51
050,47,151,"Tennessee","Scott County",1,82,85,36,49
050,47,151,"Tennessee","Scott County",1,83,67,31,36
050,47,151,"Tennessee","Scott County",1,84,67,33,34
050,47,151,"Tennessee","Scott County",1,85,307,126,181
050,47,151,"Tennessee","Scott County",2,0,261,136,125
050,47,151,"Tennessee","Scott County",2,1,254,123,131
050,47,151,"Tennessee","Scott County",2,2,275,139,136
050,47,151,"Tennessee","Scott County",2,3,275,134,141
050,47,151,"Tennessee","Scott County",2,4,273,128,145
050,47,151,"Tennessee","Scott County",2,5,271,134,137
050,47,151,"Tennessee","Scott County",2,6,291,159,132
050,47,151,"Tennessee","Scott County",2,7,289,158,131
050,47,151,"Tennessee","Scott County",2,8,275,148,127
050,47,151,"Tennessee","Scott County",2,9,254,135,119
050,47,151,"Tennessee","Scott County",2,10,288,142,146
050,47,151,"Tennessee","Scott County",2,11,288,143,145
050,47,151,"Tennessee","Scott County",2,12,303,155,148
050,47,151,"Tennessee","Scott County",2,13,313,164,149
050,47,151,"Tennessee","Scott County",2,14,329,176,153
050,47,151,"Tennessee","Scott County",2,15,325,168,157
050,47,151,"Tennessee","Scott County",2,16,335,163,172
050,47,151,"Tennessee","Scott County",2,17,346,162,184
050,47,151,"Tennessee","Scott County",2,18,289,145,144
050,47,151,"Tennessee","Scott County",2,19,216,110,106
050,47,151,"Tennessee","Scott County",2,20,226,117,109
050,47,151,"Tennessee","Scott County",2,21,237,120,117
050,47,151,"Tennessee","Scott County",2,22,246,126,120
050,47,151,"Tennessee","Scott County",2,23,245,122,123
050,47,151,"Tennessee","Scott County",2,24,247,125,122
050,47,151,"Tennessee","Scott County",2,25,259,131,128
050,47,151,"Tennessee","Scott County",2,26,250,129,121
050,47,151,"Tennessee","Scott County",2,27,262,128,134
050,47,151,"Tennessee","Scott County",2,28,277,139,138
050,47,151,"Tennessee","Scott County",2,29,309,159,150
050,47,151,"Tennessee","Scott County",2,30,296,151,145
050,47,151,"Tennessee","Scott County",2,31,262,130,132
050,47,151,"Tennessee","Scott County",2,32,250,128,122
050,47,151,"Tennessee","Scott County",2,33,236,128,108
050,47,151,"Tennessee","Scott County",2,34,232,129,103
050,47,151,"Tennessee","Scott County",2,35,233,108,125
050,47,151,"Tennessee","Scott County",2,36,227,100,127
050,47,151,"Tennessee","Scott County",2,37,254,121,133
050,47,151,"Tennessee","Scott County",2,38,277,133,144
050,47,151,"Tennessee","Scott County",2,39,285,143,142
050,47,151,"Tennessee","Scott County",2,40,296,154,142
050,47,151,"Tennessee","Scott County",2,41,293,144,149
050,47,151,"Tennessee","Scott County",2,42,309,147,162
050,47,151,"Tennessee","Scott County",2,43,320,156,164
050,47,151,"Tennessee","Scott County",2,44,300,154,146
050,47,151,"Tennessee","Scott County",2,45,279,141,138
050,47,151,"Tennessee","Scott County",2,46,260,135,125
050,47,151,"Tennessee","Scott County",2,47,261,131,130
050,47,151,"Tennessee","Scott County",2,48,280,137,143
050,47,151,"Tennessee","Scott County",2,49,292,145,147
050,47,151,"Tennessee","Scott County",2,50,291,148,143
050,47,151,"Tennessee","Scott County",2,51,299,158,141
050,47,151,"Tennessee","Scott County",2,52,292,149,143
050,47,151,"Tennessee","Scott County",2,53,296,154,142
050,47,151,"Tennessee","Scott County",2,54,295,152,143
050,47,151,"Tennessee","Scott County",2,55,303,155,148
050,47,151,"Tennessee","Scott County",2,56,321,163,158
050,47,151,"Tennessee","Scott County",2,57,331,169,162
050,47,151,"Tennessee","Scott County",2,58,314,161,153
050,47,151,"Tennessee","Scott County",2,59,273,139,134
050,47,151,"Tennessee","Scott County",2,60,266,133,133
050,47,151,"Tennessee","Scott County",2,61,269,123,146
050,47,151,"Tennessee","Scott County",2,62,275,131,144
050,47,151,"Tennessee","Scott County",2,63,281,141,140
050,47,151,"Tennessee","Scott County",2,64,275,126,149
050,47,151,"Tennessee","Scott County",2,65,257,121,136
050,47,151,"Tennessee","Scott County",2,66,257,121,136
050,47,151,"Tennessee","Scott County",2,67,252,117,135
050,47,151,"Tennessee","Scott County",2,68,254,126,128
050,47,151,"Tennessee","Scott County",2,69,229,116,113
050,47,151,"Tennessee","Scott County",2,70,202,100,102
050,47,151,"Tennessee","Scott County",2,71,208,100,108
050,47,151,"Tennessee","Scott County",2,72,200,93,107
050,47,151,"Tennessee","Scott County",2,73,222,110,112
050,47,151,"Tennessee","Scott County",2,74,164,77,87
050,47,151,"Tennessee","Scott County",2,75,166,66,100
050,47,151,"Tennessee","Scott County",2,76,169,72,97
050,47,151,"Tennessee","Scott County",2,77,171,75,96
050,47,151,"Tennessee","Scott County",2,78,137,59,78
050,47,151,"Tennessee","Scott County",2,79,129,63,66
050,47,151,"Tennessee","Scott County",2,80,107,52,55
050,47,151,"Tennessee","Scott County",2,81,89,38,51
050,47,151,"Tennessee","Scott County",2,82,85,36,49
050,47,151,"Tennessee","Scott County",2,83,68,30,38
050,47,151,"Tennessee","Scott County",2,84,66,32,34
050,47,151,"Tennessee","Scott County",2,85,313,132,181
050,47,151,"Tennessee","Scott County",3,0,233,121,112
050,47,151,"Tennessee","Scott County",3,1,276,140,136
050,47,151,"Tennessee","Scott County",3,2,250,125,125
050,47,151,"Tennessee","Scott County",3,3,278,142,136
050,47,151,"Tennessee","Scott County",3,4,277,135,142
050,47,151,"Tennessee","Scott County",3,5,274,131,143
050,47,151,"Tennessee","Scott County",3,6,287,144,143
050,47,151,"Tennessee","Scott County",3,7,295,158,137
050,47,151,"Tennessee","Scott County",3,8,296,163,133
050,47,151,"Tennessee","Scott County",3,9,277,149,128
050,47,151,"Tennessee","Scott County",3,10,249,126,123
050,47,151,"Tennessee","Scott County",3,11,292,146,146
050,47,151,"Tennessee","Scott County",3,12,289,145,144
050,47,151,"Tennessee","Scott County",3,13,319,161,158
050,47,151,"Tennessee","Scott County",3,14,312,168,144
050,47,151,"Tennessee","Scott County",3,15,320,166,154
050,47,151,"Tennessee","Scott County",3,16,336,170,166
050,47,151,"Tennessee","Scott County",3,17,341,165,176
050,47,151,"Tennessee","Scott County",3,18,292,144,148
050,47,151,"Tennessee","Scott County",3,19,224,111,113
050,47,151,"Tennessee","Scott County",3,20,243,124,119
050,47,151,"Tennessee","Scott County",3,21,241,120,121
050,47,151,"Tennessee","Scott County",3,22,250,127,123
050,47,151,"Tennessee","Scott County",3,23,258,129,129
050,47,151,"Tennessee","Scott County",3,24,251,126,125
050,47,151,"Tennessee","Scott County",3,25,250,127,123
050,47,151,"Tennessee","Scott County",3,26,265,134,131
050,47,151,"Tennessee","Scott County",3,27,265,136,129
050,47,151,"Tennessee","Scott County",3,28,261,128,133
050,47,151,"Tennessee","Scott County",3,29,280,142,138
050,47,151,"Tennessee","Scott County",3,30,300,149,151
050,47,151,"Tennessee","Scott County",3,31,307,153,154
050,47,151,"Tennessee","Scott County",3,32,269,132,137
050,47,151,"Tennessee","Scott County",3,33,255,135,120
050,47,151,"Tennessee","Scott County",3,34,238,124,114
050,47,151,"Tennessee","Scott County",3,35,229,127,102
050,47,151,"Tennessee","Scott County",3,36,229,108,121
050,47,151,"Tennessee","Scott County",3,37,243,108,135
050,47,151,"Tennessee","Scott County",3,38,251,122,129
050,47,151,"Tennessee","Scott County",3,39,277,128,149
050,47,151,"Tennessee","Scott County",3,40,290,149,141
050,47,151,"Tennessee","Scott County",3,41,295,157,138
050,47,151,"Tennessee","Scott County",3,42,298,148,150
050,47,151,"Tennessee","Scott County",3,43,310,144,166
050,47,151,"Tennessee","Scott County",3,44,315,154,161
050,47,151,"Tennessee","Scott County",3,45,298,151,147
050,47,151,"Tennessee","Scott County",3,46,281,141,140
050,47,151,"Tennessee","Scott County",3,47,257,133,124
050,47,151,"Tennessee","Scott County",3,48,257,130,127
050,47,151,"Tennessee","Scott County",3,49,278,135,143
050,47,151,"Tennessee","Scott County",3,50,292,146,146
050,47,151,"Tennessee","Scott County",3,51,289,146,143
050,47,151,"Tennessee","Scott County",3,52,291,158,133
050,47,151,"Tennessee","Scott County",3,53,291,152,139
050,47,151,"Tennessee","Scott County",3,54,295,155,140
050,47,151,"Tennessee","Scott County",3,55,293,152,141
050,47,151,"Tennessee","Scott County",3,56,298,152,146
050,47,151,"Tennessee","Scott County",3,57,319,159,160
050,47,151,"Tennessee","Scott County",3,58,322,165,157
050,47,151,"Tennessee","Scott County",3,59,294,148,146
050,47,151,"Tennessee","Scott County",3,60,282,142,140
050,47,151,"Tennessee","Scott County",3,61,269,135,134
050,47,151,"Tennessee","Scott County",3,62,264,119,145
050,47,151,"Tennessee","Scott County",3,63,268,128,140
050,47,151,"Tennessee","Scott County",3,64,272,138,134
050,47,151,"Tennessee","Scott County",3,65,263,116,147
050,47,151,"Tennessee","Scott County",3,66,246,112,134
050,47,151,"Tennessee","Scott County",3,67,251,117,134
050,47,151,"Tennessee","Scott County",3,68,248,115,133
050,47,151,"Tennessee","Scott County",3,69,245,118,127
050,47,151,"Tennessee","Scott County",3,70,224,113,111
050,47,151,"Tennessee","Scott County",3,71,196,96,100
050,47,151,"Tennessee","Scott County",3,72,199,94,105
050,47,151,"Tennessee","Scott County",3,73,190,90,100
050,47,151,"Tennessee","Scott County",3,74,216,106,110
050,47,151,"Tennessee","Scott County",3,75,154,72,82
050,47,151,"Tennessee","Scott County",3,76,156,61,95
050,47,151,"Tennessee","Scott County",3,77,158,66,92
050,47,151,"Tennessee","Scott County",3,78,162,68,94
050,47,151,"Tennessee","Scott County",3,79,123,53,70
050,47,151,"Tennessee","Scott County",3,80,123,62,61
050,47,151,"Tennessee","Scott County",3,81,96,49,47
050,47,151,"Tennessee","Scott County",3,82,85,36,49
050,47,151,"Tennessee","Scott County",3,83,72,30,42
050,47,151,"Tennessee","Scott County",3,84,58,25,33
050,47,151,"Tennessee","Scott County",3,85,329,138,191
050,47,151,"Tennessee","Scott County",4,0,260,122,138
050,47,151,"Tennessee","Scott County",4,1,258,138,120
050,47,151,"Tennessee","Scott County",4,2,277,138,139
050,47,151,"Tennessee","Scott County",4,3,249,126,123
050,47,151,"Tennessee","Scott County",4,4,281,143,138
050,47,151,"Tennessee","Scott County",4,5,281,137,144
050,47,151,"Tennessee","Scott County",4,6,280,132,148
050,47,151,"Tennessee","Scott County",4,7,280,140,140
050,47,151,"Tennessee","Scott County",4,8,300,159,141
050,47,151,"Tennessee","Scott County",4,9,295,160,135
050,47,151,"Tennessee","Scott County",4,10,277,147,130
050,47,151,"Tennessee","Scott County",4,11,247,129,118
050,47,151,"Tennessee","Scott County",4,12,285,144,141
050,47,151,"Tennessee","Scott County",4,13,299,151,148
050,47,151,"Tennessee","Scott County",4,14,323,159,164
050,47,151,"Tennessee","Scott County",4,15,310,161,149
050,47,151,"Tennessee","Scott County",4,16,329,169,160
050,47,151,"Tennessee","Scott County",4,17,345,176,169
050,47,151,"Tennessee","Scott County",4,18,281,140,141
050,47,151,"Tennessee","Scott County",4,19,220,107,113
050,47,151,"Tennessee","Scott County",4,20,246,126,120
050,47,151,"Tennessee","Scott County",4,21,257,133,124
050,47,151,"Tennessee","Scott County",4,22,256,133,123
050,47,151,"Tennessee","Scott County",4,23,265,135,130
050,47,151,"Tennessee","Scott County",4,24,260,134,126
050,47,151,"Tennessee","Scott County",4,25,262,130,132
050,47,151,"Tennessee","Scott County",4,26,250,129,121
050,47,151,"Tennessee","Scott County",4,27,260,131,129
050,47,151,"Tennessee","Scott County",4,28,260,131,129
050,47,151,"Tennessee","Scott County",4,29,268,129,139
050,47,151,"Tennessee","Scott County",4,30,288,146,142
050,47,151,"Tennessee","Scott County",4,31,300,150,150
050,47,151,"Tennessee","Scott County",4,32,313,155,158
050,47,151,"Tennessee","Scott County",4,33,267,130,137
050,47,151,"Tennessee","Scott County",4,34,245,127,118
050,47,151,"Tennessee","Scott County",4,35,234,122,112
050,47,151,"Tennessee","Scott County",4,36,231,126,105
050,47,151,"Tennessee","Scott County",4,37,241,112,129
050,47,151,"Tennessee","Scott County",4,38,243,104,139
050,47,151,"Tennessee","Scott County",4,39,255,121,134
050,47,151,"Tennessee","Scott County",4,40,281,131,150
050,47,151,"Tennessee","Scott County",4,41,289,145,144
050,47,151,"Tennessee","Scott County",4,42,296,158,138
050,47,151,"Tennessee","Scott County",4,43,303,151,152
050,47,151,"Tennessee","Scott County",4,44,319,152,167
050,47,151,"Tennessee","Scott County",4,45,319,154,165
050,47,151,"Tennessee","Scott County",4,46,307,157,150
050,47,151,"Tennessee","Scott County",4,47,290,149,141
050,47,151,"Tennessee","Scott County",4,48,256,133,123
050,47,151,"Tennessee","Scott County",4,49,265,136,129
050,47,151,"Tennessee","Scott County",4,50,279,132,147
050,47,151,"Tennessee","Scott County",4,51,299,151,148
050,47,151,"Tennessee","Scott County",4,52,293,146,147
050,47,151,"Tennessee","Scott County",4,53,297,162,135
050,47,151,"Tennessee","Scott County",4,54,298,159,139
050,47,151,"Tennessee","Scott County",4,55,293,157,136
050,47,151,"Tennessee","Scott County",4,56,291,152,139
050,47,151,"Tennessee","Scott County",4,57,299,154,145
050,47,151,"Tennessee","Scott County",4,58,331,172,159
050,47,151,"Tennessee","Scott County",4,59,318,160,158
050,47,151,"Tennessee","Scott County",4,60,293,144,149
050,47,151,"Tennessee","Scott County",4,61,287,146,141
050,47,151,"Tennessee","Scott County",4,62,275,136,139
050,47,151,"Tennessee","Scott County",4,63,257,119,138
050,47,151,"Tennessee","Scott County",4,64,269,126,143
050,47,151,"Tennessee","Scott County",4,65,262,132,130
050,47,151,"Tennessee","Scott County",4,66,256,111,145
050,47,151,"Tennessee","Scott County",4,67,239,111,128
050,47,151,"Tennessee","Scott County",4,68,243,113,130
050,47,151,"Tennessee","Scott County",4,69,236,105,131
050,47,151,"Tennessee","Scott County",4,70,240,114,126
050,47,151,"Tennessee","Scott County",4,71,215,108,107
050,47,151,"Tennessee","Scott County",4,72,184,86,98
050,47,151,"Tennessee","Scott County",4,73,193,92,101
050,47,151,"Tennessee","Scott County",4,74,183,85,98
050,47,151,"Tennessee","Scott County",4,75,203,101,102
050,47,151,"Tennessee","Scott County",4,76,147,66,81
050,47,151,"Tennessee","Scott County",4,77,148,57,91
050,47,151,"Tennessee","Scott County",4,78,155,63,92
050,47,151,"Tennessee","Scott County",4,79,152,63,89
050,47,151,"Tennessee","Scott County",4,80,112,49,63
050,47,151,"Tennessee","Scott County",4,81,110,58,52
050,47,151,"Tennessee","Scott County",4,82,88,44,44
050,47,151,"Tennessee","Scott County",4,83,69,26,43
050,47,151,"Tennessee","Scott County",4,84,67,27,40
050,47,151,"Tennessee","Scott County",4,85,315,131,184
050,47,151,"Tennessee","Scott County",5,0,263,124,139
050,47,151,"Tennessee","Scott County",5,1,257,117,140
050,47,151,"Tennessee","Scott County",5,2,255,138,117
050,47,151,"Tennessee","Scott County",5,3,283,140,143
050,47,151,"Tennessee","Scott County",5,4,256,126,130
050,47,151,"Tennessee","Scott County",5,5,280,139,141
050,47,151,"Tennessee","Scott County",5,6,281,137,144
050,47,151,"Tennessee","Scott County",5,7,292,135,157
050,47,151,"Tennessee","Scott County",5,8,286,140,146
050,47,151,"Tennessee","Scott County",5,9,294,157,137
050,47,151,"Tennessee","Scott County",5,10,291,155,136
050,47,151,"Tennessee","Scott County",5,11,276,147,129
050,47,151,"Tennessee","Scott County",5,12,242,124,118
050,47,151,"Tennessee","Scott County",5,13,288,144,144
050,47,151,"Tennessee","Scott County",5,14,295,153,142
050,47,151,"Tennessee","Scott County",5,15,328,167,161
050,47,151,"Tennessee","Scott County",5,16,319,170,149
050,47,151,"Tennessee","Scott County",5,17,334,172,162
050,47,151,"Tennessee","Scott County",5,18,282,152,130
050,47,151,"Tennessee","Scott County",5,19,218,109,109
050,47,151,"Tennessee","Scott County",5,20,250,113,137
050,47,151,"Tennessee","Scott County",5,21,268,134,134
050,47,151,"Tennessee","Scott County",5,22,285,145,140
050,47,151,"Tennessee","Scott County",5,23,285,148,137
050,47,151,"Tennessee","Scott County",5,24,272,135,137
050,47,151,"Tennessee","Scott County",5,25,268,136,132
050,47,151,"Tennessee","Scott County",5,26,257,132,125
050,47,151,"Tennessee","Scott County",5,27,250,128,122
050,47,151,"Tennessee","Scott County",5,28,252,123,129
050,47,151,"Tennessee","Scott County",5,29,262,138,124
050,47,151,"Tennessee","Scott County",5,30,269,129,140
050,47,151,"Tennessee","Scott County",5,31,306,154,152
050,47,151,"Tennessee","Scott County",5,32,305,152,153
050,47,151,"Tennessee","Scott County",5,33,309,156,153
050,47,151,"Tennessee","Scott County",5,34,270,133,137
050,47,151,"Tennessee","Scott County",5,35,250,127,123
050,47,151,"Tennessee","Scott County",5,36,232,121,111
050,47,151,"Tennessee","Scott County",5,37,232,128,104
050,47,151,"Tennessee","Scott County",5,38,254,115,139
050,47,151,"Tennessee","Scott County",5,39,251,108,143
050,47,151,"Tennessee","Scott County",5,40,265,128,137
050,47,151,"Tennessee","Scott County",5,41,278,128,150
050,47,151,"Tennessee","Scott County",5,42,289,143,146
050,47,151,"Tennessee","Scott County",5,43,298,159,139
050,47,151,"Tennessee","Scott County",5,44,300,150,150
050,47,151,"Tennessee","Scott County",5,45,317,149,168
050,47,151,"Tennessee","Scott County",5,46,325,155,170
050,47,151,"Tennessee","Scott County",5,47,301,153,148
050,47,151,"Tennessee","Scott County",5,48,288,149,139
050,47,151,"Tennessee","Scott County",5,49,263,133,130
050,47,151,"Tennessee","Scott County",5,50,268,138,130
050,47,151,"Tennessee","Scott County",5,51,276,130,146
050,47,151,"Tennessee","Scott County",5,52,310,158,152
050,47,151,"Tennessee","Scott County",5,53,301,149,152
050,47,151,"Tennessee","Scott County",5,54,299,165,134
050,47,151,"Tennessee","Scott County",5,55,304,159,145
050,47,151,"Tennessee","Scott County",5,56,301,159,142
050,47,151,"Tennessee","Scott County",5,57,294,155,139
050,47,151,"Tennessee","Scott County",5,58,303,161,142
050,47,151,"Tennessee","Scott County",5,59,331,174,157
050,47,151,"Tennessee","Scott County",5,60,325,165,160
050,47,151,"Tennessee","Scott County",5,61,295,141,154
050,47,151,"Tennessee","Scott County",5,62,292,149,143
050,47,151,"Tennessee","Scott County",5,63,274,137,137
050,47,151,"Tennessee","Scott County",5,64,265,122,143
050,47,151,"Tennessee","Scott County",5,65,260,118,142
050,47,151,"Tennessee","Scott County",5,66,255,126,129
050,47,151,"Tennessee","Scott County",5,67,255,111,144
050,47,151,"Tennessee","Scott County",5,68,234,107,127
050,47,151,"Tennessee","Scott County",5,69,238,109,129
050,47,151,"Tennessee","Scott County",5,70,225,97,128
050,47,151,"Tennessee","Scott County",5,71,225,109,116
050,47,151,"Tennessee","Scott County",5,72,207,102,105
050,47,151,"Tennessee","Scott County",5,73,181,87,94
050,47,151,"Tennessee","Scott County",5,74,186,89,97
050,47,151,"Tennessee","Scott County",5,75,173,81,92
050,47,151,"Tennessee","Scott County",5,76,188,92,96
050,47,151,"Tennessee","Scott County",5,77,140,62,78
050,47,151,"Tennessee","Scott County",5,78,141,53,88
050,47,151,"Tennessee","Scott County",5,79,145,57,88
050,47,151,"Tennessee","Scott County",5,80,142,59,83
050,47,151,"Tennessee","Scott County",5,81,105,46,59
050,47,151,"Tennessee","Scott County",5,82,99,52,47
050,47,151,"Tennessee","Scott County",5,83,75,36,39
050,47,151,"Tennessee","Scott County",5,84,63,23,40
050,47,151,"Tennessee","Scott County",5,85,325,136,189
050,47,153,"Tennessee","Sequatchie County",1,0,177,89,88
050,47,153,"Tennessee","Sequatchie County",1,1,176,89,87
050,47,153,"Tennessee","Sequatchie County",1,2,175,84,91
050,47,153,"Tennessee","Sequatchie County",1,3,178,90,88
050,47,153,"Tennessee","Sequatchie County",1,4,158,87,71
050,47,153,"Tennessee","Sequatchie County",1,5,158,84,74
050,47,153,"Tennessee","Sequatchie County",1,6,154,78,76
050,47,153,"Tennessee","Sequatchie County",1,7,163,78,85
050,47,153,"Tennessee","Sequatchie County",1,8,175,94,81
050,47,153,"Tennessee","Sequatchie County",1,9,168,80,88
050,47,153,"Tennessee","Sequatchie County",1,10,172,97,75
050,47,153,"Tennessee","Sequatchie County",1,11,182,96,86
050,47,153,"Tennessee","Sequatchie County",1,12,203,95,108
050,47,153,"Tennessee","Sequatchie County",1,13,211,110,101
050,47,153,"Tennessee","Sequatchie County",1,14,204,101,103
050,47,153,"Tennessee","Sequatchie County",1,15,194,106,88
050,47,153,"Tennessee","Sequatchie County",1,16,220,127,93
050,47,153,"Tennessee","Sequatchie County",1,17,215,112,103
050,47,153,"Tennessee","Sequatchie County",1,18,173,89,84
050,47,153,"Tennessee","Sequatchie County",1,19,156,87,69
050,47,153,"Tennessee","Sequatchie County",1,20,150,83,67
050,47,153,"Tennessee","Sequatchie County",1,21,150,86,64
050,47,153,"Tennessee","Sequatchie County",1,22,151,81,70
050,47,153,"Tennessee","Sequatchie County",1,23,176,87,89
050,47,153,"Tennessee","Sequatchie County",1,24,181,90,91
050,47,153,"Tennessee","Sequatchie County",1,25,162,79,83
050,47,153,"Tennessee","Sequatchie County",1,26,164,82,82
050,47,153,"Tennessee","Sequatchie County",1,27,199,93,106
050,47,153,"Tennessee","Sequatchie County",1,28,208,114,94
050,47,153,"Tennessee","Sequatchie County",1,29,190,111,79
050,47,153,"Tennessee","Sequatchie County",1,30,189,93,96
050,47,153,"Tennessee","Sequatchie County",1,31,169,88,81
050,47,153,"Tennessee","Sequatchie County",1,32,152,78,74
050,47,153,"Tennessee","Sequatchie County",1,33,162,77,85
050,47,153,"Tennessee","Sequatchie County",1,34,174,88,86
050,47,153,"Tennessee","Sequatchie County",1,35,152,81,71
050,47,153,"Tennessee","Sequatchie County",1,36,151,84,67
050,47,153,"Tennessee","Sequatchie County",1,37,182,90,92
050,47,153,"Tennessee","Sequatchie County",1,38,192,95,97
050,47,153,"Tennessee","Sequatchie County",1,39,196,90,106
050,47,153,"Tennessee","Sequatchie County",1,40,173,79,94
050,47,153,"Tennessee","Sequatchie County",1,41,189,99,90
050,47,153,"Tennessee","Sequatchie County",1,42,188,101,87
050,47,153,"Tennessee","Sequatchie County",1,43,199,97,102
050,47,153,"Tennessee","Sequatchie County",1,44,179,82,97
050,47,153,"Tennessee","Sequatchie County",1,45,194,106,88
050,47,153,"Tennessee","Sequatchie County",1,46,226,123,103
050,47,153,"Tennessee","Sequatchie County",1,47,221,112,109
050,47,153,"Tennessee","Sequatchie County",1,48,219,114,105
050,47,153,"Tennessee","Sequatchie County",1,49,228,123,105
050,47,153,"Tennessee","Sequatchie County",1,50,228,110,118
050,47,153,"Tennessee","Sequatchie County",1,51,215,114,101
050,47,153,"Tennessee","Sequatchie County",1,52,222,114,108
050,47,153,"Tennessee","Sequatchie County",1,53,217,104,113
050,47,153,"Tennessee","Sequatchie County",1,54,204,96,108
050,47,153,"Tennessee","Sequatchie County",1,55,231,109,122
050,47,153,"Tennessee","Sequatchie County",1,56,220,105,115
050,47,153,"Tennessee","Sequatchie County",1,57,223,115,108
050,47,153,"Tennessee","Sequatchie County",1,58,253,125,128
050,47,153,"Tennessee","Sequatchie County",1,59,243,124,119
050,47,153,"Tennessee","Sequatchie County",1,60,228,120,108
050,47,153,"Tennessee","Sequatchie County",1,61,241,122,119
050,47,153,"Tennessee","Sequatchie County",1,62,250,121,129
050,47,153,"Tennessee","Sequatchie County",1,63,244,119,125
050,47,153,"Tennessee","Sequatchie County",1,64,239,116,123
050,47,153,"Tennessee","Sequatchie County",1,65,235,124,111
050,47,153,"Tennessee","Sequatchie County",1,66,225,109,116
050,47,153,"Tennessee","Sequatchie County",1,67,201,92,109
050,47,153,"Tennessee","Sequatchie County",1,68,211,97,114
050,47,153,"Tennessee","Sequatchie County",1,69,199,88,111
050,47,153,"Tennessee","Sequatchie County",1,70,192,88,104
050,47,153,"Tennessee","Sequatchie County",1,71,188,95,93
050,47,153,"Tennessee","Sequatchie County",1,72,206,109,97
050,47,153,"Tennessee","Sequatchie County",1,73,198,104,94
050,47,153,"Tennessee","Sequatchie County",1,74,145,75,70
050,47,153,"Tennessee","Sequatchie County",1,75,150,74,76
050,47,153,"Tennessee","Sequatchie County",1,76,145,71,74
050,47,153,"Tennessee","Sequatchie County",1,77,130,61,69
050,47,153,"Tennessee","Sequatchie County",1,78,123,59,64
050,47,153,"Tennessee","Sequatchie County",1,79,99,49,50
050,47,153,"Tennessee","Sequatchie County",1,80,86,43,43
050,47,153,"Tennessee","Sequatchie County",1,81,83,36,47
050,47,153,"Tennessee","Sequatchie County",1,82,75,37,38
050,47,153,"Tennessee","Sequatchie County",1,83,56,27,29
050,47,153,"Tennessee","Sequatchie County",1,84,53,14,39
050,47,153,"Tennessee","Sequatchie County",1,85,289,107,182
050,47,153,"Tennessee","Sequatchie County",2,0,166,86,80
050,47,153,"Tennessee","Sequatchie County",2,1,175,88,87
050,47,153,"Tennessee","Sequatchie County",2,2,178,87,91
050,47,153,"Tennessee","Sequatchie County",2,3,176,89,87
050,47,153,"Tennessee","Sequatchie County",2,4,163,88,75
050,47,153,"Tennessee","Sequatchie County",2,5,159,86,73
050,47,153,"Tennessee","Sequatchie County",2,6,155,79,76
050,47,153,"Tennessee","Sequatchie County",2,7,160,79,81
050,47,153,"Tennessee","Sequatchie County",2,8,171,89,82
050,47,153,"Tennessee","Sequatchie County",2,9,168,84,84
050,47,153,"Tennessee","Sequatchie County",2,10,172,94,78
050,47,153,"Tennessee","Sequatchie County",2,11,181,97,84
050,47,153,"Tennessee","Sequatchie County",2,12,198,96,102
050,47,153,"Tennessee","Sequatchie County",2,13,210,108,102
050,47,153,"Tennessee","Sequatchie County",2,14,206,105,101
050,47,153,"Tennessee","Sequatchie County",2,15,198,105,93
050,47,153,"Tennessee","Sequatchie County",2,16,214,120,94
050,47,153,"Tennessee","Sequatchie County",2,17,216,115,101
050,47,153,"Tennessee","Sequatchie County",2,18,174,91,83
050,47,153,"Tennessee","Sequatchie County",2,19,155,86,69
050,47,153,"Tennessee","Sequatchie County",2,20,153,84,69
050,47,153,"Tennessee","Sequatchie County",2,21,154,88,66
050,47,153,"Tennessee","Sequatchie County",2,22,152,83,69
050,47,153,"Tennessee","Sequatchie County",2,23,172,87,85
050,47,153,"Tennessee","Sequatchie County",2,24,176,87,89
050,47,153,"Tennessee","Sequatchie County",2,25,166,80,86
050,47,153,"Tennessee","Sequatchie County",2,26,163,81,82
050,47,153,"Tennessee","Sequatchie County",2,27,192,92,100
050,47,153,"Tennessee","Sequatchie County",2,28,208,110,98
050,47,153,"Tennessee","Sequatchie County",2,29,195,110,85
050,47,153,"Tennessee","Sequatchie County",2,30,197,104,93
050,47,153,"Tennessee","Sequatchie County",2,31,169,87,82
050,47,153,"Tennessee","Sequatchie County",2,32,159,81,78
050,47,153,"Tennessee","Sequatchie County",2,33,159,79,80
050,47,153,"Tennessee","Sequatchie County",2,34,171,86,85
050,47,153,"Tennessee","Sequatchie County",2,35,158,83,75
050,47,153,"Tennessee","Sequatchie County",2,36,148,80,68
050,47,153,"Tennessee","Sequatchie County",2,37,178,90,88
050,47,153,"Tennessee","Sequatchie County",2,38,190,95,95
050,47,153,"Tennessee","Sequatchie County",2,39,195,91,104
050,47,153,"Tennessee","Sequatchie County",2,40,183,84,99
050,47,153,"Tennessee","Sequatchie County",2,41,185,95,90
050,47,153,"Tennessee","Sequatchie County",2,42,189,100,89
050,47,153,"Tennessee","Sequatchie County",2,43,198,99,99
050,47,153,"Tennessee","Sequatchie County",2,44,182,85,97
050,47,153,"Tennessee","Sequatchie County",2,45,191,101,90
050,47,153,"Tennessee","Sequatchie County",2,46,222,121,101
050,47,153,"Tennessee","Sequatchie County",2,47,225,115,110
050,47,153,"Tennessee","Sequatchie County",2,48,220,113,107
050,47,153,"Tennessee","Sequatchie County",2,49,226,121,105
050,47,153,"Tennessee","Sequatchie County",2,50,230,114,116
050,47,153,"Tennessee","Sequatchie County",2,51,218,113,105
050,47,153,"Tennessee","Sequatchie County",2,52,218,113,105
050,47,153,"Tennessee","Sequatchie County",2,53,219,109,110
050,47,153,"Tennessee","Sequatchie County",2,54,205,96,109
050,47,153,"Tennessee","Sequatchie County",2,55,227,106,121
050,47,153,"Tennessee","Sequatchie County",2,56,224,107,117
050,47,153,"Tennessee","Sequatchie County",2,57,224,113,111
050,47,153,"Tennessee","Sequatchie County",2,58,245,123,122
050,47,153,"Tennessee","Sequatchie County",2,59,247,125,122
050,47,153,"Tennessee","Sequatchie County",2,60,232,122,110
050,47,153,"Tennessee","Sequatchie County",2,61,236,120,116
050,47,153,"Tennessee","Sequatchie County",2,62,247,120,127
050,47,153,"Tennessee","Sequatchie County",2,63,248,120,128
050,47,153,"Tennessee","Sequatchie County",2,64,238,117,121
050,47,153,"Tennessee","Sequatchie County",2,65,237,122,115
050,47,153,"Tennessee","Sequatchie County",2,66,229,113,116
050,47,153,"Tennessee","Sequatchie County",2,67,209,97,112
050,47,153,"Tennessee","Sequatchie County",2,68,209,97,112
050,47,153,"Tennessee","Sequatchie County",2,69,203,91,112
050,47,153,"Tennessee","Sequatchie County",2,70,192,88,104
050,47,153,"Tennessee","Sequatchie County",2,71,189,94,95
050,47,153,"Tennessee","Sequatchie County",2,72,195,102,93
050,47,153,"Tennessee","Sequatchie County",2,73,207,110,97
050,47,153,"Tennessee","Sequatchie County",2,74,146,75,71
050,47,153,"Tennessee","Sequatchie County",2,75,150,76,74
050,47,153,"Tennessee","Sequatchie County",2,76,144,70,74
050,47,153,"Tennessee","Sequatchie County",2,77,140,67,73
050,47,153,"Tennessee","Sequatchie County",2,78,121,58,63
050,47,153,"Tennessee","Sequatchie County",2,79,104,52,52
050,47,153,"Tennessee","Sequatchie County",2,80,89,44,45
050,47,153,"Tennessee","Sequatchie County",2,81,81,36,45
050,47,153,"Tennessee","Sequatchie County",2,82,76,35,41
050,47,153,"Tennessee","Sequatchie County",2,83,59,30,29
050,47,153,"Tennessee","Sequatchie County",2,84,50,14,36
050,47,153,"Tennessee","Sequatchie County",2,85,289,105,184
050,47,153,"Tennessee","Sequatchie County",3,0,188,91,97
050,47,153,"Tennessee","Sequatchie County",3,1,187,105,82
050,47,153,"Tennessee","Sequatchie County",3,2,180,96,84
050,47,153,"Tennessee","Sequatchie County",3,3,190,91,99
050,47,153,"Tennessee","Sequatchie County",3,4,178,91,87
050,47,153,"Tennessee","Sequatchie County",3,5,170,90,80
050,47,153,"Tennessee","Sequatchie County",3,6,167,92,75
050,47,153,"Tennessee","Sequatchie County",3,7,162,80,82
050,47,153,"Tennessee","Sequatchie County",3,8,166,79,87
050,47,153,"Tennessee","Sequatchie County",3,9,175,91,84
050,47,153,"Tennessee","Sequatchie County",3,10,184,91,93
050,47,153,"Tennessee","Sequatchie County",3,11,166,91,75
050,47,153,"Tennessee","Sequatchie County",3,12,193,99,94
050,47,153,"Tennessee","Sequatchie County",3,13,208,106,102
050,47,153,"Tennessee","Sequatchie County",3,14,217,112,105
050,47,153,"Tennessee","Sequatchie County",3,15,219,112,107
050,47,153,"Tennessee","Sequatchie County",3,16,214,116,98
050,47,153,"Tennessee","Sequatchie County",3,17,225,119,106
050,47,153,"Tennessee","Sequatchie County",3,18,189,105,84
050,47,153,"Tennessee","Sequatchie County",3,19,160,90,70
050,47,153,"Tennessee","Sequatchie County",3,20,164,80,84
050,47,153,"Tennessee","Sequatchie County",3,21,172,94,78
050,47,153,"Tennessee","Sequatchie County",3,22,172,98,74
050,47,153,"Tennessee","Sequatchie County",3,23,167,87,80
050,47,153,"Tennessee","Sequatchie County",3,24,176,93,83
050,47,153,"Tennessee","Sequatchie County",3,25,183,85,98
050,47,153,"Tennessee","Sequatchie County",3,26,171,83,88
050,47,153,"Tennessee","Sequatchie County",3,27,175,79,96
050,47,153,"Tennessee","Sequatchie County",3,28,201,100,101
050,47,153,"Tennessee","Sequatchie County",3,29,209,109,100
050,47,153,"Tennessee","Sequatchie County",3,30,219,129,90
050,47,153,"Tennessee","Sequatchie County",3,31,191,102,89
050,47,153,"Tennessee","Sequatchie County",3,32,185,87,98
050,47,153,"Tennessee","Sequatchie County",3,33,159,89,70
050,47,153,"Tennessee","Sequatchie County",3,34,164,82,82
050,47,153,"Tennessee","Sequatchie County",3,35,187,90,97
050,47,153,"Tennessee","Sequatchie County",3,36,165,83,82
050,47,153,"Tennessee","Sequatchie County",3,37,171,91,80
050,47,153,"Tennessee","Sequatchie County",3,38,180,87,93
050,47,153,"Tennessee","Sequatchie County",3,39,190,91,99
050,47,153,"Tennessee","Sequatchie County",3,40,210,95,115
050,47,153,"Tennessee","Sequatchie County",3,41,191,92,99
050,47,153,"Tennessee","Sequatchie County",3,42,193,90,103
050,47,153,"Tennessee","Sequatchie County",3,43,193,103,90
050,47,153,"Tennessee","Sequatchie County",3,44,200,100,100
050,47,153,"Tennessee","Sequatchie County",3,45,195,95,100
050,47,153,"Tennessee","Sequatchie County",3,46,205,108,97
050,47,153,"Tennessee","Sequatchie County",3,47,239,129,110
050,47,153,"Tennessee","Sequatchie County",3,48,219,108,111
050,47,153,"Tennessee","Sequatchie County",3,49,222,112,110
050,47,153,"Tennessee","Sequatchie County",3,50,238,129,109
050,47,153,"Tennessee","Sequatchie County",3,51,234,124,110
050,47,153,"Tennessee","Sequatchie County",3,52,227,121,106
050,47,153,"Tennessee","Sequatchie County",3,53,235,124,111
050,47,153,"Tennessee","Sequatchie County",3,54,217,105,112
050,47,153,"Tennessee","Sequatchie County",3,55,228,106,122
050,47,153,"Tennessee","Sequatchie County",3,56,222,104,118
050,47,153,"Tennessee","Sequatchie County",3,57,239,118,121
050,47,153,"Tennessee","Sequatchie County",3,58,243,124,119
050,47,153,"Tennessee","Sequatchie County",3,59,258,131,127
050,47,153,"Tennessee","Sequatchie County",3,60,244,121,123
050,47,153,"Tennessee","Sequatchie County",3,61,245,121,124
050,47,153,"Tennessee","Sequatchie County",3,62,247,129,118
050,47,153,"Tennessee","Sequatchie County",3,63,258,126,132
050,47,153,"Tennessee","Sequatchie County",3,64,267,138,129
050,47,153,"Tennessee","Sequatchie County",3,65,236,115,121
050,47,153,"Tennessee","Sequatchie County",3,66,246,124,122
050,47,153,"Tennessee","Sequatchie County",3,67,233,115,118
050,47,153,"Tennessee","Sequatchie County",3,68,204,100,104
050,47,153,"Tennessee","Sequatchie County",3,69,212,95,117
050,47,153,"Tennessee","Sequatchie County",3,70,205,93,112
050,47,153,"Tennessee","Sequatchie County",3,71,191,86,105
050,47,153,"Tennessee","Sequatchie County",3,72,184,91,93
050,47,153,"Tennessee","Sequatchie County",3,73,201,107,94
050,47,153,"Tennessee","Sequatchie County",3,74,197,102,95
050,47,153,"Tennessee","Sequatchie County",3,75,142,74,68
050,47,153,"Tennessee","Sequatchie County",3,76,138,66,72
050,47,153,"Tennessee","Sequatchie County",3,77,138,68,70
050,47,153,"Tennessee","Sequatchie County",3,78,136,62,74
050,47,153,"Tennessee","Sequatchie County",3,79,110,55,55
050,47,153,"Tennessee","Sequatchie County",3,80,94,44,50
050,47,153,"Tennessee","Sequatchie County",3,81,85,41,44
050,47,153,"Tennessee","Sequatchie County",3,82,81,35,46
050,47,153,"Tennessee","Sequatchie County",3,83,64,28,36
050,47,153,"Tennessee","Sequatchie County",3,84,58,28,30
050,47,153,"Tennessee","Sequatchie County",3,85,285,93,192
050,47,153,"Tennessee","Sequatchie County",4,0,193,89,104
050,47,153,"Tennessee","Sequatchie County",4,1,194,102,92
050,47,153,"Tennessee","Sequatchie County",4,2,191,110,81
050,47,153,"Tennessee","Sequatchie County",4,3,185,104,81
050,47,153,"Tennessee","Sequatchie County",4,4,188,96,92
050,47,153,"Tennessee","Sequatchie County",4,5,195,105,90
050,47,153,"Tennessee","Sequatchie County",4,6,173,92,81
050,47,153,"Tennessee","Sequatchie County",4,7,168,92,76
050,47,153,"Tennessee","Sequatchie County",4,8,165,78,87
050,47,153,"Tennessee","Sequatchie County",4,9,175,85,90
050,47,153,"Tennessee","Sequatchie County",4,10,188,90,98
050,47,153,"Tennessee","Sequatchie County",4,11,183,91,92
050,47,153,"Tennessee","Sequatchie County",4,12,182,100,82
050,47,153,"Tennessee","Sequatchie County",4,13,197,99,98
050,47,153,"Tennessee","Sequatchie County",4,14,208,110,98
050,47,153,"Tennessee","Sequatchie County",4,15,219,115,104
050,47,153,"Tennessee","Sequatchie County",4,16,220,110,110
050,47,153,"Tennessee","Sequatchie County",4,17,220,122,98
050,47,153,"Tennessee","Sequatchie County",4,18,201,110,91
050,47,153,"Tennessee","Sequatchie County",4,19,160,96,64
050,47,153,"Tennessee","Sequatchie County",4,20,157,85,72
050,47,153,"Tennessee","Sequatchie County",4,21,169,89,80
050,47,153,"Tennessee","Sequatchie County",4,22,195,109,86
050,47,153,"Tennessee","Sequatchie County",4,23,188,106,82
050,47,153,"Tennessee","Sequatchie County",4,24,165,83,82
050,47,153,"Tennessee","Sequatchie County",4,25,194,97,97
050,47,153,"Tennessee","Sequatchie County",4,26,181,89,92
050,47,153,"Tennessee","Sequatchie County",4,27,171,80,91
050,47,153,"Tennessee","Sequatchie County",4,28,193,97,96
050,47,153,"Tennessee","Sequatchie County",4,29,202,103,99
050,47,153,"Tennessee","Sequatchie County",4,30,234,125,109
050,47,153,"Tennessee","Sequatchie County",4,31,217,124,93
050,47,153,"Tennessee","Sequatchie County",4,32,207,107,100
050,47,153,"Tennessee","Sequatchie County",4,33,186,91,95
050,47,153,"Tennessee","Sequatchie County",4,34,167,94,73
050,47,153,"Tennessee","Sequatchie County",4,35,171,83,88
050,47,153,"Tennessee","Sequatchie County",4,36,185,89,96
050,47,153,"Tennessee","Sequatchie County",4,37,185,94,91
050,47,153,"Tennessee","Sequatchie County",4,38,175,92,83
050,47,153,"Tennessee","Sequatchie County",4,39,179,81,98
050,47,153,"Tennessee","Sequatchie County",4,40,197,95,102
050,47,153,"Tennessee","Sequatchie County",4,41,222,104,118
050,47,153,"Tennessee","Sequatchie County",4,42,202,95,107
050,47,153,"Tennessee","Sequatchie County",4,43,208,102,106
050,47,153,"Tennessee","Sequatchie County",4,44,196,98,98
050,47,153,"Tennessee","Sequatchie County",4,45,199,107,92
050,47,153,"Tennessee","Sequatchie County",4,46,205,110,95
050,47,153,"Tennessee","Sequatchie County",4,47,213,111,102
050,47,153,"Tennessee","Sequatchie County",4,48,235,125,110
050,47,153,"Tennessee","Sequatchie County",4,49,223,111,112
050,47,153,"Tennessee","Sequatchie County",4,50,230,115,115
050,47,153,"Tennessee","Sequatchie County",4,51,249,134,115
050,47,153,"Tennessee","Sequatchie County",4,52,228,109,119
050,47,153,"Tennessee","Sequatchie County",4,53,241,132,109
050,47,153,"Tennessee","Sequatchie County",4,54,229,116,113
050,47,153,"Tennessee","Sequatchie County",4,55,223,110,113
050,47,153,"Tennessee","Sequatchie County",4,56,215,100,115
050,47,153,"Tennessee","Sequatchie County",4,57,240,114,126
050,47,153,"Tennessee","Sequatchie County",4,58,256,126,130
050,47,153,"Tennessee","Sequatchie County",4,59,264,134,130
050,47,153,"Tennessee","Sequatchie County",4,60,269,134,135
050,47,153,"Tennessee","Sequatchie County",4,61,254,133,121
050,47,153,"Tennessee","Sequatchie County",4,62,249,126,123
050,47,153,"Tennessee","Sequatchie County",4,63,256,134,122
050,47,153,"Tennessee","Sequatchie County",4,64,265,120,145
050,47,153,"Tennessee","Sequatchie County",4,65,271,144,127
050,47,153,"Tennessee","Sequatchie County",4,66,251,118,133
050,47,153,"Tennessee","Sequatchie County",4,67,244,124,120
050,47,153,"Tennessee","Sequatchie County",4,68,242,124,118
050,47,153,"Tennessee","Sequatchie County",4,69,197,96,101
050,47,153,"Tennessee","Sequatchie County",4,70,213,97,116
050,47,153,"Tennessee","Sequatchie County",4,71,195,88,107
050,47,153,"Tennessee","Sequatchie County",4,72,188,84,104
050,47,153,"Tennessee","Sequatchie County",4,73,186,90,96
050,47,153,"Tennessee","Sequatchie County",4,74,192,102,90
050,47,153,"Tennessee","Sequatchie County",4,75,197,103,94
050,47,153,"Tennessee","Sequatchie County",4,76,131,68,63
050,47,153,"Tennessee","Sequatchie County",4,77,131,61,70
050,47,153,"Tennessee","Sequatchie County",4,78,135,65,70
050,47,153,"Tennessee","Sequatchie County",4,79,127,63,64
050,47,153,"Tennessee","Sequatchie County",4,80,104,47,57
050,47,153,"Tennessee","Sequatchie County",4,81,91,41,50
050,47,153,"Tennessee","Sequatchie County",4,82,83,41,42
050,47,153,"Tennessee","Sequatchie County",4,83,74,31,43
050,47,153,"Tennessee","Sequatchie County",4,84,62,23,39
050,47,153,"Tennessee","Sequatchie County",4,85,310,105,205
050,47,153,"Tennessee","Sequatchie County",5,0,193,90,103
050,47,153,"Tennessee","Sequatchie County",5,1,201,88,113
050,47,153,"Tennessee","Sequatchie County",5,2,204,109,95
050,47,153,"Tennessee","Sequatchie County",5,3,180,107,73
050,47,153,"Tennessee","Sequatchie County",5,4,198,115,83
050,47,153,"Tennessee","Sequatchie County",5,5,195,92,103
050,47,153,"Tennessee","Sequatchie County",5,6,192,101,91
050,47,153,"Tennessee","Sequatchie County",5,7,174,92,82
050,47,153,"Tennessee","Sequatchie County",5,8,169,85,84
050,47,153,"Tennessee","Sequatchie County",5,9,153,69,84
050,47,153,"Tennessee","Sequatchie County",5,10,172,85,87
050,47,153,"Tennessee","Sequatchie County",5,11,193,94,99
050,47,153,"Tennessee","Sequatchie County",5,12,182,93,89
050,47,153,"Tennessee","Sequatchie County",5,13,177,99,78
050,47,153,"Tennessee","Sequatchie County",5,14,209,106,103
050,47,153,"Tennessee","Sequatchie County",5,15,209,110,99
050,47,153,"Tennessee","Sequatchie County",5,16,215,115,100
050,47,153,"Tennessee","Sequatchie County",5,17,234,122,112
050,47,153,"Tennessee","Sequatchie County",5,18,184,110,74
050,47,153,"Tennessee","Sequatchie County",5,19,166,99,67
050,47,153,"Tennessee","Sequatchie County",5,20,165,95,70
050,47,153,"Tennessee","Sequatchie County",5,21,173,94,79
050,47,153,"Tennessee","Sequatchie County",5,22,172,84,88
050,47,153,"Tennessee","Sequatchie County",5,23,203,112,91
050,47,153,"Tennessee","Sequatchie County",5,24,196,103,93
050,47,153,"Tennessee","Sequatchie County",5,25,193,97,96
050,47,153,"Tennessee","Sequatchie County",5,26,206,113,93
050,47,153,"Tennessee","Sequatchie County",5,27,192,95,97
050,47,153,"Tennessee","Sequatchie County",5,28,179,91,88
050,47,153,"Tennessee","Sequatchie County",5,29,184,88,96
050,47,153,"Tennessee","Sequatchie County",5,30,235,129,106
050,47,153,"Tennessee","Sequatchie County",5,31,233,124,109
050,47,153,"Tennessee","Sequatchie County",5,32,217,115,102
050,47,153,"Tennessee","Sequatchie County",5,33,202,107,95
050,47,153,"Tennessee","Sequatchie County",5,34,199,100,99
050,47,153,"Tennessee","Sequatchie County",5,35,167,93,74
050,47,153,"Tennessee","Sequatchie County",5,36,180,84,96
050,47,153,"Tennessee","Sequatchie County",5,37,199,97,102
050,47,153,"Tennessee","Sequatchie County",5,38,193,101,92
050,47,153,"Tennessee","Sequatchie County",5,39,159,83,76
050,47,153,"Tennessee","Sequatchie County",5,40,185,83,102
050,47,153,"Tennessee","Sequatchie County",5,41,201,99,102
050,47,153,"Tennessee","Sequatchie County",5,42,218,102,116
050,47,153,"Tennessee","Sequatchie County",5,43,212,107,105
050,47,153,"Tennessee","Sequatchie County",5,44,204,97,107
050,47,153,"Tennessee","Sequatchie County",5,45,205,108,97
050,47,153,"Tennessee","Sequatchie County",5,46,206,112,94
050,47,153,"Tennessee","Sequatchie County",5,47,208,114,94
050,47,153,"Tennessee","Sequatchie County",5,48,201,104,97
050,47,153,"Tennessee","Sequatchie County",5,49,239,132,107
050,47,153,"Tennessee","Sequatchie County",5,50,233,118,115
050,47,153,"Tennessee","Sequatchie County",5,51,238,119,119
050,47,153,"Tennessee","Sequatchie County",5,52,247,128,119
050,47,153,"Tennessee","Sequatchie County",5,53,231,112,119
050,47,153,"Tennessee","Sequatchie County",5,54,241,126,115
050,47,153,"Tennessee","Sequatchie County",5,55,240,125,115
050,47,153,"Tennessee","Sequatchie County",5,56,234,122,112
050,47,153,"Tennessee","Sequatchie County",5,57,218,103,115
050,47,153,"Tennessee","Sequatchie County",5,58,246,119,127
050,47,153,"Tennessee","Sequatchie County",5,59,252,121,131
050,47,153,"Tennessee","Sequatchie County",5,60,263,128,135
050,47,153,"Tennessee","Sequatchie County",5,61,263,128,135
050,47,153,"Tennessee","Sequatchie County",5,62,256,137,119
050,47,153,"Tennessee","Sequatchie County",5,63,252,126,126
050,47,153,"Tennessee","Sequatchie County",5,64,253,131,122
050,47,153,"Tennessee","Sequatchie County",5,65,262,123,139
050,47,153,"Tennessee","Sequatchie County",5,66,272,143,129
050,47,153,"Tennessee","Sequatchie County",5,67,247,119,128
050,47,153,"Tennessee","Sequatchie County",5,68,243,120,123
050,47,153,"Tennessee","Sequatchie County",5,69,238,120,118
050,47,153,"Tennessee","Sequatchie County",5,70,202,96,106
050,47,153,"Tennessee","Sequatchie County",5,71,201,95,106
050,47,153,"Tennessee","Sequatchie County",5,72,190,86,104
050,47,153,"Tennessee","Sequatchie County",5,73,192,84,108
050,47,153,"Tennessee","Sequatchie County",5,74,169,81,88
050,47,153,"Tennessee","Sequatchie County",5,75,187,99,88
050,47,153,"Tennessee","Sequatchie County",5,76,188,97,91
050,47,153,"Tennessee","Sequatchie County",5,77,125,66,59
050,47,153,"Tennessee","Sequatchie County",5,78,128,56,72
050,47,153,"Tennessee","Sequatchie County",5,79,124,64,60
050,47,153,"Tennessee","Sequatchie County",5,80,122,56,66
050,47,153,"Tennessee","Sequatchie County",5,81,99,43,56
050,47,153,"Tennessee","Sequatchie County",5,82,90,41,49
050,47,153,"Tennessee","Sequatchie County",5,83,75,36,39
050,47,153,"Tennessee","Sequatchie County",5,84,72,26,46
050,47,153,"Tennessee","Sequatchie County",5,85,342,119,223
050,47,155,"Tennessee","Sevier County",1,0,1054,537,517
050,47,155,"Tennessee","Sevier County",1,1,1066,543,523
050,47,155,"Tennessee","Sevier County",1,2,1089,585,504
050,47,155,"Tennessee","Sevier County",1,3,1095,567,528
050,47,155,"Tennessee","Sevier County",1,4,1077,574,503
050,47,155,"Tennessee","Sevier County",1,5,1084,579,505
050,47,155,"Tennessee","Sevier County",1,6,1085,555,530
050,47,155,"Tennessee","Sevier County",1,7,1131,610,521
050,47,155,"Tennessee","Sevier County",1,8,1120,616,504
050,47,155,"Tennessee","Sevier County",1,9,1115,578,537
050,47,155,"Tennessee","Sevier County",1,10,1188,614,574
050,47,155,"Tennessee","Sevier County",1,11,1188,601,587
050,47,155,"Tennessee","Sevier County",1,12,1279,677,602
050,47,155,"Tennessee","Sevier County",1,13,1229,651,578
050,47,155,"Tennessee","Sevier County",1,14,1254,657,597
050,47,155,"Tennessee","Sevier County",1,15,1206,612,594
050,47,155,"Tennessee","Sevier County",1,16,1242,667,575
050,47,155,"Tennessee","Sevier County",1,17,1304,698,606
050,47,155,"Tennessee","Sevier County",1,18,1033,571,462
050,47,155,"Tennessee","Sevier County",1,19,849,449,400
050,47,155,"Tennessee","Sevier County",1,20,944,497,447
050,47,155,"Tennessee","Sevier County",1,21,976,497,479
050,47,155,"Tennessee","Sevier County",1,22,1038,518,520
050,47,155,"Tennessee","Sevier County",1,23,1123,567,556
050,47,155,"Tennessee","Sevier County",1,24,1223,641,582
050,47,155,"Tennessee","Sevier County",1,25,1223,642,581
050,47,155,"Tennessee","Sevier County",1,26,1189,604,585
050,47,155,"Tennessee","Sevier County",1,27,1246,629,617
050,47,155,"Tennessee","Sevier County",1,28,1245,600,645
050,47,155,"Tennessee","Sevier County",1,29,1242,623,619
050,47,155,"Tennessee","Sevier County",1,30,1273,637,636
050,47,155,"Tennessee","Sevier County",1,31,1174,585,589
050,47,155,"Tennessee","Sevier County",1,32,1093,581,512
050,47,155,"Tennessee","Sevier County",1,33,1119,554,565
050,47,155,"Tennessee","Sevier County",1,34,1085,541,544
050,47,155,"Tennessee","Sevier County",1,35,1075,546,529
050,47,155,"Tennessee","Sevier County",1,36,1078,565,513
050,47,155,"Tennessee","Sevier County",1,37,1145,568,577
050,47,155,"Tennessee","Sevier County",1,38,1076,516,560
050,47,155,"Tennessee","Sevier County",1,39,1134,562,572
050,47,155,"Tennessee","Sevier County",1,40,1147,551,596
050,47,155,"Tennessee","Sevier County",1,41,1148,572,576
050,47,155,"Tennessee","Sevier County",1,42,1122,527,595
050,47,155,"Tennessee","Sevier County",1,43,1104,548,556
050,47,155,"Tennessee","Sevier County",1,44,1120,551,569
050,47,155,"Tennessee","Sevier County",1,45,1219,612,607
050,47,155,"Tennessee","Sevier County",1,46,1193,612,581
050,47,155,"Tennessee","Sevier County",1,47,1220,607,613
050,47,155,"Tennessee","Sevier County",1,48,1358,675,683
050,47,155,"Tennessee","Sevier County",1,49,1425,710,715
050,47,155,"Tennessee","Sevier County",1,50,1398,699,699
050,47,155,"Tennessee","Sevier County",1,51,1316,657,659
050,47,155,"Tennessee","Sevier County",1,52,1289,636,653
050,47,155,"Tennessee","Sevier County",1,53,1312,654,658
050,47,155,"Tennessee","Sevier County",1,54,1424,685,739
050,47,155,"Tennessee","Sevier County",1,55,1505,711,794
050,47,155,"Tennessee","Sevier County",1,56,1547,740,807
050,47,155,"Tennessee","Sevier County",1,57,1519,732,787
050,47,155,"Tennessee","Sevier County",1,58,1491,716,775
050,47,155,"Tennessee","Sevier County",1,59,1472,711,761
050,47,155,"Tennessee","Sevier County",1,60,1474,704,770
050,47,155,"Tennessee","Sevier County",1,61,1425,677,748
050,47,155,"Tennessee","Sevier County",1,62,1483,700,783
050,47,155,"Tennessee","Sevier County",1,63,1431,665,766
050,47,155,"Tennessee","Sevier County",1,64,1398,671,727
050,47,155,"Tennessee","Sevier County",1,65,1450,677,773
050,47,155,"Tennessee","Sevier County",1,66,1339,641,698
050,47,155,"Tennessee","Sevier County",1,67,1284,600,684
050,47,155,"Tennessee","Sevier County",1,68,1313,609,704
050,47,155,"Tennessee","Sevier County",1,69,1229,571,658
050,47,155,"Tennessee","Sevier County",1,70,1190,549,641
050,47,155,"Tennessee","Sevier County",1,71,1176,567,609
050,47,155,"Tennessee","Sevier County",1,72,1158,568,590
050,47,155,"Tennessee","Sevier County",1,73,1176,586,590
050,47,155,"Tennessee","Sevier County",1,74,806,391,415
050,47,155,"Tennessee","Sevier County",1,75,832,405,427
050,47,155,"Tennessee","Sevier County",1,76,845,396,449
050,47,155,"Tennessee","Sevier County",1,77,761,352,409
050,47,155,"Tennessee","Sevier County",1,78,660,303,357
050,47,155,"Tennessee","Sevier County",1,79,612,288,324
050,47,155,"Tennessee","Sevier County",1,80,531,228,303
050,47,155,"Tennessee","Sevier County",1,81,473,224,249
050,47,155,"Tennessee","Sevier County",1,82,420,193,227
050,47,155,"Tennessee","Sevier County",1,83,369,157,212
050,47,155,"Tennessee","Sevier County",1,84,314,148,166
050,47,155,"Tennessee","Sevier County",1,85,1514,580,934
050,47,155,"Tennessee","Sevier County",2,0,1034,533,501
050,47,155,"Tennessee","Sevier County",2,1,1061,541,520
050,47,155,"Tennessee","Sevier County",2,2,1081,572,509
050,47,155,"Tennessee","Sevier County",2,3,1087,570,517
050,47,155,"Tennessee","Sevier County",2,4,1086,575,511
050,47,155,"Tennessee","Sevier County",2,5,1080,576,504
050,47,155,"Tennessee","Sevier County",2,6,1092,566,526
050,47,155,"Tennessee","Sevier County",2,7,1126,597,529
050,47,155,"Tennessee","Sevier County",2,8,1124,612,512
050,47,155,"Tennessee","Sevier County",2,9,1120,591,529
050,47,155,"Tennessee","Sevier County",2,10,1174,604,570
050,47,155,"Tennessee","Sevier County",2,11,1192,608,584
050,47,155,"Tennessee","Sevier County",2,12,1272,667,605
050,47,155,"Tennessee","Sevier County",2,13,1248,660,588
050,47,155,"Tennessee","Sevier County",2,14,1255,659,596
050,47,155,"Tennessee","Sevier County",2,15,1224,626,598
050,47,155,"Tennessee","Sevier County",2,16,1243,658,585
050,47,155,"Tennessee","Sevier County",2,17,1288,691,597
050,47,155,"Tennessee","Sevier County",2,18,1046,578,468
050,47,155,"Tennessee","Sevier County",2,19,849,456,393
050,47,155,"Tennessee","Sevier County",2,20,950,501,449
050,47,155,"Tennessee","Sevier County",2,21,976,500,476
050,47,155,"Tennessee","Sevier County",2,22,1046,523,523
050,47,155,"Tennessee","Sevier County",2,23,1116,565,551
050,47,155,"Tennessee","Sevier County",2,24,1201,624,577
050,47,155,"Tennessee","Sevier County",2,25,1215,637,578
050,47,155,"Tennessee","Sevier County",2,26,1201,617,584
050,47,155,"Tennessee","Sevier County",2,27,1231,622,609
050,47,155,"Tennessee","Sevier County",2,28,1241,603,638
050,47,155,"Tennessee","Sevier County",2,29,1232,608,624
050,47,155,"Tennessee","Sevier County",2,30,1272,638,634
050,47,155,"Tennessee","Sevier County",2,31,1191,598,593
050,47,155,"Tennessee","Sevier County",2,32,1119,584,535
050,47,155,"Tennessee","Sevier County",2,33,1110,557,553
050,47,155,"Tennessee","Sevier County",2,34,1093,541,552
050,47,155,"Tennessee","Sevier County",2,35,1087,550,537
050,47,155,"Tennessee","Sevier County",2,36,1075,558,517
050,47,155,"Tennessee","Sevier County",2,37,1136,570,566
050,47,155,"Tennessee","Sevier County",2,38,1101,532,569
050,47,155,"Tennessee","Sevier County",2,39,1117,547,570
050,47,155,"Tennessee","Sevier County",2,40,1151,555,596
050,47,155,"Tennessee","Sevier County",2,41,1150,569,581
050,47,155,"Tennessee","Sevier County",2,42,1123,537,586
050,47,155,"Tennessee","Sevier County",2,43,1116,545,571
050,47,155,"Tennessee","Sevier County",2,44,1111,547,564
050,47,155,"Tennessee","Sevier County",2,45,1198,597,601
050,47,155,"Tennessee","Sevier County",2,46,1197,611,586
050,47,155,"Tennessee","Sevier County",2,47,1205,604,601
050,47,155,"Tennessee","Sevier County",2,48,1325,659,666
050,47,155,"Tennessee","Sevier County",2,49,1416,707,709
050,47,155,"Tennessee","Sevier County",2,50,1413,704,709
050,47,155,"Tennessee","Sevier County",2,51,1339,671,668
050,47,155,"Tennessee","Sevier County",2,52,1292,639,653
050,47,155,"Tennessee","Sevier County",2,53,1316,654,662
050,47,155,"Tennessee","Sevier County",2,54,1398,678,720
050,47,155,"Tennessee","Sevier County",2,55,1492,706,786
050,47,155,"Tennessee","Sevier County",2,56,1545,737,808
050,47,155,"Tennessee","Sevier County",2,57,1529,737,792
050,47,155,"Tennessee","Sevier County",2,58,1504,722,782
050,47,155,"Tennessee","Sevier County",2,59,1488,717,771
050,47,155,"Tennessee","Sevier County",2,60,1473,706,767
050,47,155,"Tennessee","Sevier County",2,61,1436,685,751
050,47,155,"Tennessee","Sevier County",2,62,1476,695,781
050,47,155,"Tennessee","Sevier County",2,63,1463,684,779
050,47,155,"Tennessee","Sevier County",2,64,1409,670,739
050,47,155,"Tennessee","Sevier County",2,65,1438,676,762
050,47,155,"Tennessee","Sevier County",2,66,1369,653,716
050,47,155,"Tennessee","Sevier County",2,67,1291,608,683
050,47,155,"Tennessee","Sevier County",2,68,1290,598,692
050,47,155,"Tennessee","Sevier County",2,69,1256,583,673
050,47,155,"Tennessee","Sevier County",2,70,1197,557,640
050,47,155,"Tennessee","Sevier County",2,71,1174,561,613
050,47,155,"Tennessee","Sevier County",2,72,1140,555,585
050,47,155,"Tennessee","Sevier County",2,73,1226,608,618
050,47,155,"Tennessee","Sevier County",2,74,834,408,426
050,47,155,"Tennessee","Sevier County",2,75,825,401,424
050,47,155,"Tennessee","Sevier County",2,76,831,394,437
050,47,155,"Tennessee","Sevier County",2,77,801,371,430
050,47,155,"Tennessee","Sevier County",2,78,663,304,359
050,47,155,"Tennessee","Sevier County",2,79,612,282,330
050,47,155,"Tennessee","Sevier County",2,80,543,238,305
050,47,155,"Tennessee","Sevier County",2,81,479,222,257
050,47,155,"Tennessee","Sevier County",2,82,422,193,229
050,47,155,"Tennessee","Sevier County",2,83,366,162,204
050,47,155,"Tennessee","Sevier County",2,84,319,146,173
050,47,155,"Tennessee","Sevier County",2,85,1529,595,934
050,47,155,"Tennessee","Sevier County",3,0,1071,554,517
050,47,155,"Tennessee","Sevier County",3,1,1042,534,508
050,47,155,"Tennessee","Sevier County",3,2,1090,569,521
050,47,155,"Tennessee","Sevier County",3,3,1087,558,529
050,47,155,"Tennessee","Sevier County",3,4,1073,569,504
050,47,155,"Tennessee","Sevier County",3,5,1119,573,546
050,47,155,"Tennessee","Sevier County",3,6,1088,584,504
050,47,155,"Tennessee","Sevier County",3,7,1114,574,540
050,47,155,"Tennessee","Sevier County",3,8,1108,596,512
050,47,155,"Tennessee","Sevier County",3,9,1120,617,503
050,47,155,"Tennessee","Sevier County",3,10,1133,603,530
050,47,155,"Tennessee","Sevier County",3,11,1202,636,566
050,47,155,"Tennessee","Sevier County",3,12,1207,614,593
050,47,155,"Tennessee","Sevier County",3,13,1303,690,613
050,47,155,"Tennessee","Sevier County",3,14,1263,662,601
050,47,155,"Tennessee","Sevier County",3,15,1267,657,610
050,47,155,"Tennessee","Sevier County",3,16,1257,656,601
050,47,155,"Tennessee","Sevier County",3,17,1266,665,601
050,47,155,"Tennessee","Sevier County",3,18,1080,606,474
050,47,155,"Tennessee","Sevier County",3,19,839,459,380
050,47,155,"Tennessee","Sevier County",3,20,964,507,457
050,47,155,"Tennessee","Sevier County",3,21,1007,522,485
050,47,155,"Tennessee","Sevier County",3,22,1056,536,520
050,47,155,"Tennessee","Sevier County",3,23,1117,562,555
050,47,155,"Tennessee","Sevier County",3,24,1182,597,585
050,47,155,"Tennessee","Sevier County",3,25,1239,640,599
050,47,155,"Tennessee","Sevier County",3,26,1216,625,591
050,47,155,"Tennessee","Sevier County",3,27,1255,639,616
050,47,155,"Tennessee","Sevier County",3,28,1223,604,619
050,47,155,"Tennessee","Sevier County",3,29,1222,597,625
050,47,155,"Tennessee","Sevier County",3,30,1229,592,637
050,47,155,"Tennessee","Sevier County",3,31,1260,614,646
050,47,155,"Tennessee","Sevier County",3,32,1205,611,594
050,47,155,"Tennessee","Sevier County",3,33,1143,593,550
050,47,155,"Tennessee","Sevier County",3,34,1138,574,564
050,47,155,"Tennessee","Sevier County",3,35,1101,558,543
050,47,155,"Tennessee","Sevier County",3,36,1127,574,553
050,47,155,"Tennessee","Sevier County",3,37,1055,533,522
050,47,155,"Tennessee","Sevier County",3,38,1158,575,583
050,47,155,"Tennessee","Sevier County",3,39,1109,524,585
050,47,155,"Tennessee","Sevier County",3,40,1122,556,566
050,47,155,"Tennessee","Sevier County",3,41,1166,565,601
050,47,155,"Tennessee","Sevier County",3,42,1186,601,585
050,47,155,"Tennessee","Sevier County",3,43,1144,554,590
050,47,155,"Tennessee","Sevier County",3,44,1124,540,584
050,47,155,"Tennessee","Sevier County",3,45,1109,545,564
050,47,155,"Tennessee","Sevier County",3,46,1220,594,626
050,47,155,"Tennessee","Sevier County",3,47,1212,629,583
050,47,155,"Tennessee","Sevier County",3,48,1221,604,617
050,47,155,"Tennessee","Sevier County",3,49,1350,661,689
050,47,155,"Tennessee","Sevier County",3,50,1417,703,714
050,47,155,"Tennessee","Sevier County",3,51,1435,723,712
050,47,155,"Tennessee","Sevier County",3,52,1320,642,678
050,47,155,"Tennessee","Sevier County",3,53,1298,647,651
050,47,155,"Tennessee","Sevier County",3,54,1339,672,667
050,47,155,"Tennessee","Sevier County",3,55,1406,688,718
050,47,155,"Tennessee","Sevier County",3,56,1473,689,784
050,47,155,"Tennessee","Sevier County",3,57,1565,742,823
050,47,155,"Tennessee","Sevier County",3,58,1530,734,796
050,47,155,"Tennessee","Sevier County",3,59,1514,712,802
050,47,155,"Tennessee","Sevier County",3,60,1526,741,785
050,47,155,"Tennessee","Sevier County",3,61,1506,731,775
050,47,155,"Tennessee","Sevier County",3,62,1451,689,762
050,47,155,"Tennessee","Sevier County",3,63,1494,709,785
050,47,155,"Tennessee","Sevier County",3,64,1504,699,805
050,47,155,"Tennessee","Sevier County",3,65,1417,675,742
050,47,155,"Tennessee","Sevier County",3,66,1421,670,751
050,47,155,"Tennessee","Sevier County",3,67,1351,639,712
050,47,155,"Tennessee","Sevier County",3,68,1272,591,681
050,47,155,"Tennessee","Sevier County",3,69,1274,584,690
050,47,155,"Tennessee","Sevier County",3,70,1239,572,667
050,47,155,"Tennessee","Sevier County",3,71,1180,553,627
050,47,155,"Tennessee","Sevier County",3,72,1132,530,602
050,47,155,"Tennessee","Sevier County",3,73,1091,527,564
050,47,155,"Tennessee","Sevier County",3,74,1177,586,591
050,47,155,"Tennessee","Sevier County",3,75,807,399,408
050,47,155,"Tennessee","Sevier County",3,76,785,386,399
050,47,155,"Tennessee","Sevier County",3,77,810,382,428
050,47,155,"Tennessee","Sevier County",3,78,755,347,408
050,47,155,"Tennessee","Sevier County",3,79,622,278,344
050,47,155,"Tennessee","Sevier County",3,80,580,273,307
050,47,155,"Tennessee","Sevier County",3,81,508,219,289
050,47,155,"Tennessee","Sevier County",3,82,439,202,237
050,47,155,"Tennessee","Sevier County",3,83,383,174,209
050,47,155,"Tennessee","Sevier County",3,84,316,130,186
050,47,155,"Tennessee","Sevier County",3,85,1509,609,900
050,47,155,"Tennessee","Sevier County",4,0,1069,568,501
050,47,155,"Tennessee","Sevier County",4,1,1054,547,507
050,47,155,"Tennessee","Sevier County",4,2,1035,530,505
050,47,155,"Tennessee","Sevier County",4,3,1088,552,536
050,47,155,"Tennessee","Sevier County",4,4,1049,532,517
050,47,155,"Tennessee","Sevier County",4,5,1092,576,516
050,47,155,"Tennessee","Sevier County",4,6,1131,576,555
050,47,155,"Tennessee","Sevier County",4,7,1054,556,498
050,47,155,"Tennessee","Sevier County",4,8,1102,573,529
050,47,155,"Tennessee","Sevier County",4,9,1078,573,505
050,47,155,"Tennessee","Sevier County",4,10,1112,604,508
050,47,155,"Tennessee","Sevier County",4,11,1121,607,514
050,47,155,"Tennessee","Sevier County",4,12,1189,622,567
050,47,155,"Tennessee","Sevier County",4,13,1200,622,578
050,47,155,"Tennessee","Sevier County",4,14,1317,694,623
050,47,155,"Tennessee","Sevier County",4,15,1264,662,602
050,47,155,"Tennessee","Sevier County",4,16,1259,648,611
050,47,155,"Tennessee","Sevier County",4,17,1258,662,596
050,47,155,"Tennessee","Sevier County",4,18,1052,582,470
050,47,155,"Tennessee","Sevier County",4,19,852,479,373
050,47,155,"Tennessee","Sevier County",4,20,892,479,413
050,47,155,"Tennessee","Sevier County",4,21,985,516,469
050,47,155,"Tennessee","Sevier County",4,22,1077,538,539
050,47,155,"Tennessee","Sevier County",4,23,1140,584,556
050,47,155,"Tennessee","Sevier County",4,24,1154,577,577
050,47,155,"Tennessee","Sevier County",4,25,1192,600,592
050,47,155,"Tennessee","Sevier County",4,26,1212,620,592
050,47,155,"Tennessee","Sevier County",4,27,1230,622,608
050,47,155,"Tennessee","Sevier County",4,28,1231,625,606
050,47,155,"Tennessee","Sevier County",4,29,1199,605,594
050,47,155,"Tennessee","Sevier County",4,30,1195,590,605
050,47,155,"Tennessee","Sevier County",4,31,1222,596,626
050,47,155,"Tennessee","Sevier County",4,32,1264,628,636
050,47,155,"Tennessee","Sevier County",4,33,1185,604,581
050,47,155,"Tennessee","Sevier County",4,34,1137,585,552
050,47,155,"Tennessee","Sevier County",4,35,1114,557,557
050,47,155,"Tennessee","Sevier County",4,36,1085,554,531
050,47,155,"Tennessee","Sevier County",4,37,1145,580,565
050,47,155,"Tennessee","Sevier County",4,38,1103,553,550
050,47,155,"Tennessee","Sevier County",4,39,1161,571,590
050,47,155,"Tennessee","Sevier County",4,40,1076,508,568
050,47,155,"Tennessee","Sevier County",4,41,1123,558,565
050,47,155,"Tennessee","Sevier County",4,42,1156,571,585
050,47,155,"Tennessee","Sevier County",4,43,1202,609,593
050,47,155,"Tennessee","Sevier County",4,44,1159,548,611
050,47,155,"Tennessee","Sevier County",4,45,1115,538,577
050,47,155,"Tennessee","Sevier County",4,46,1099,522,577
050,47,155,"Tennessee","Sevier County",4,47,1240,609,631
050,47,155,"Tennessee","Sevier County",4,48,1204,622,582
050,47,155,"Tennessee","Sevier County",4,49,1239,618,621
050,47,155,"Tennessee","Sevier County",4,50,1331,663,668
050,47,155,"Tennessee","Sevier County",4,51,1420,715,705
050,47,155,"Tennessee","Sevier County",4,52,1432,695,737
050,47,155,"Tennessee","Sevier County",4,53,1318,645,673
050,47,155,"Tennessee","Sevier County",4,54,1287,645,642
050,47,155,"Tennessee","Sevier County",4,55,1349,657,692
050,47,155,"Tennessee","Sevier County",4,56,1419,696,723
050,47,155,"Tennessee","Sevier County",4,57,1496,697,799
050,47,155,"Tennessee","Sevier County",4,58,1559,742,817
050,47,155,"Tennessee","Sevier County",4,59,1516,717,799
050,47,155,"Tennessee","Sevier County",4,60,1522,722,800
050,47,155,"Tennessee","Sevier County",4,61,1497,715,782
050,47,155,"Tennessee","Sevier County",4,62,1495,719,776
050,47,155,"Tennessee","Sevier County",4,63,1437,688,749
050,47,155,"Tennessee","Sevier County",4,64,1454,664,790
050,47,155,"Tennessee","Sevier County",4,65,1483,687,796
050,47,155,"Tennessee","Sevier County",4,66,1382,659,723
050,47,155,"Tennessee","Sevier County",4,67,1388,654,734
050,47,155,"Tennessee","Sevier County",4,68,1326,624,702
050,47,155,"Tennessee","Sevier County",4,69,1246,577,669
050,47,155,"Tennessee","Sevier County",4,70,1200,548,652
050,47,155,"Tennessee","Sevier County",4,71,1201,550,651
050,47,155,"Tennessee","Sevier County",4,72,1156,540,616
050,47,155,"Tennessee","Sevier County",4,73,1078,505,573
050,47,155,"Tennessee","Sevier County",4,74,1045,504,541
050,47,155,"Tennessee","Sevier County",4,75,1121,555,566
050,47,155,"Tennessee","Sevier County",4,76,764,377,387
050,47,155,"Tennessee","Sevier County",4,77,748,363,385
050,47,155,"Tennessee","Sevier County",4,78,754,356,398
050,47,155,"Tennessee","Sevier County",4,79,708,309,399
050,47,155,"Tennessee","Sevier County",4,80,573,253,320
050,47,155,"Tennessee","Sevier County",4,81,538,250,288
050,47,155,"Tennessee","Sevier County",4,82,454,185,269
050,47,155,"Tennessee","Sevier County",4,83,394,180,214
050,47,155,"Tennessee","Sevier County",4,84,334,147,187
050,47,155,"Tennessee","Sevier County",4,85,1469,587,882
050,47,155,"Tennessee","Sevier County",5,0,1069,565,504
050,47,155,"Tennessee","Sevier County",5,1,1068,587,481
050,47,155,"Tennessee","Sevier County",5,2,1086,565,521
050,47,155,"Tennessee","Sevier County",5,3,1055,530,525
050,47,155,"Tennessee","Sevier County",5,4,1110,579,531
050,47,155,"Tennessee","Sevier County",5,5,1073,537,536
050,47,155,"Tennessee","Sevier County",5,6,1099,580,519
050,47,155,"Tennessee","Sevier County",5,7,1126,571,555
050,47,155,"Tennessee","Sevier County",5,8,1070,570,500
050,47,155,"Tennessee","Sevier County",5,9,1103,565,538
050,47,155,"Tennessee","Sevier County",5,10,1120,583,537
050,47,155,"Tennessee","Sevier County",5,11,1149,613,536
050,47,155,"Tennessee","Sevier County",5,12,1150,619,531
050,47,155,"Tennessee","Sevier County",5,13,1235,654,581
050,47,155,"Tennessee","Sevier County",5,14,1223,639,584
050,47,155,"Tennessee","Sevier County",5,15,1348,713,635
050,47,155,"Tennessee","Sevier County",5,16,1275,676,599
050,47,155,"Tennessee","Sevier County",5,17,1275,644,631
050,47,155,"Tennessee","Sevier County",5,18,1073,571,502
050,47,155,"Tennessee","Sevier County",5,19,841,470,371
050,47,155,"Tennessee","Sevier County",5,20,933,501,432
050,47,155,"Tennessee","Sevier County",5,21,950,505,445
050,47,155,"Tennessee","Sevier County",5,22,1092,576,516
050,47,155,"Tennessee","Sevier County",5,23,1186,587,599
050,47,155,"Tennessee","Sevier County",5,24,1176,580,596
050,47,155,"Tennessee","Sevier County",5,25,1118,571,547
050,47,155,"Tennessee","Sevier County",5,26,1191,608,583
050,47,155,"Tennessee","Sevier County",5,27,1216,625,591
050,47,155,"Tennessee","Sevier County",5,28,1237,625,612
050,47,155,"Tennessee","Sevier County",5,29,1218,610,608
050,47,155,"Tennessee","Sevier County",5,30,1175,579,596
050,47,155,"Tennessee","Sevier County",5,31,1206,594,612
050,47,155,"Tennessee","Sevier County",5,32,1224,593,631
050,47,155,"Tennessee","Sevier County",5,33,1269,625,644
050,47,155,"Tennessee","Sevier County",5,34,1199,605,594
050,47,155,"Tennessee","Sevier County",5,35,1155,583,572
050,47,155,"Tennessee","Sevier County",5,36,1151,593,558
050,47,155,"Tennessee","Sevier County",5,37,1085,546,539
050,47,155,"Tennessee","Sevier County",5,38,1160,577,583
050,47,155,"Tennessee","Sevier County",5,39,1109,552,557
050,47,155,"Tennessee","Sevier County",5,40,1198,578,620
050,47,155,"Tennessee","Sevier County",5,41,1082,515,567
050,47,155,"Tennessee","Sevier County",5,42,1157,588,569
050,47,155,"Tennessee","Sevier County",5,43,1165,588,577
050,47,155,"Tennessee","Sevier County",5,44,1197,597,600
050,47,155,"Tennessee","Sevier County",5,45,1162,547,615
050,47,155,"Tennessee","Sevier County",5,46,1132,541,591
050,47,155,"Tennessee","Sevier County",5,47,1105,522,583
050,47,155,"Tennessee","Sevier County",5,48,1238,617,621
050,47,155,"Tennessee","Sevier County",5,49,1209,621,588
050,47,155,"Tennessee","Sevier County",5,50,1247,611,636
050,47,155,"Tennessee","Sevier County",5,51,1339,662,677
050,47,155,"Tennessee","Sevier County",5,52,1433,727,706
050,47,155,"Tennessee","Sevier County",5,53,1421,697,724
050,47,155,"Tennessee","Sevier County",5,54,1317,633,684
050,47,155,"Tennessee","Sevier County",5,55,1283,652,631
050,47,155,"Tennessee","Sevier County",5,56,1366,669,697
050,47,155,"Tennessee","Sevier County",5,57,1421,699,722
050,47,155,"Tennessee","Sevier County",5,58,1492,696,796
050,47,155,"Tennessee","Sevier County",5,59,1548,732,816
050,47,155,"Tennessee","Sevier County",5,60,1511,709,802
050,47,155,"Tennessee","Sevier County",5,61,1500,712,788
050,47,155,"Tennessee","Sevier County",5,62,1519,711,808
050,47,155,"Tennessee","Sevier County",5,63,1483,713,770
050,47,155,"Tennessee","Sevier County",5,64,1432,679,753
050,47,155,"Tennessee","Sevier County",5,65,1448,670,778
050,47,155,"Tennessee","Sevier County",5,66,1471,681,790
050,47,155,"Tennessee","Sevier County",5,67,1382,664,718
050,47,155,"Tennessee","Sevier County",5,68,1376,645,731
050,47,155,"Tennessee","Sevier County",5,69,1306,606,700
050,47,155,"Tennessee","Sevier County",5,70,1198,546,652
050,47,155,"Tennessee","Sevier County",5,71,1176,535,641
050,47,155,"Tennessee","Sevier County",5,72,1168,538,630
050,47,155,"Tennessee","Sevier County",5,73,1108,511,597
050,47,155,"Tennessee","Sevier County",5,74,1041,485,556
050,47,155,"Tennessee","Sevier County",5,75,999,482,517
050,47,155,"Tennessee","Sevier County",5,76,1087,534,553
050,47,155,"Tennessee","Sevier County",5,77,733,358,375
050,47,155,"Tennessee","Sevier County",5,78,713,347,366
050,47,155,"Tennessee","Sevier County",5,79,713,331,382
050,47,155,"Tennessee","Sevier County",5,80,654,288,366
050,47,155,"Tennessee","Sevier County",5,81,538,231,307
050,47,155,"Tennessee","Sevier County",5,82,492,221,271
050,47,155,"Tennessee","Sevier County",5,83,407,162,245
050,47,155,"Tennessee","Sevier County",5,84,343,151,192
050,47,155,"Tennessee","Sevier County",5,85,1507,606,901
050,47,157,"Tennessee","Shelby County",1,0,12666,6425,6241
050,47,157,"Tennessee","Shelby County",1,1,12707,6383,6324
050,47,157,"Tennessee","Shelby County",1,2,13173,6677,6496
050,47,157,"Tennessee","Shelby County",1,3,13049,6624,6425
050,47,157,"Tennessee","Shelby County",1,4,13300,6691,6609
050,47,157,"Tennessee","Shelby County",1,5,13317,6679,6638
050,47,157,"Tennessee","Shelby County",1,6,13248,6795,6453
050,47,157,"Tennessee","Shelby County",1,7,13238,6814,6424
050,47,157,"Tennessee","Shelby County",1,8,13366,6836,6530
050,47,157,"Tennessee","Shelby County",1,9,13192,6759,6433
050,47,157,"Tennessee","Shelby County",1,10,13399,6880,6519
050,47,157,"Tennessee","Shelby County",1,11,13840,7006,6834
050,47,157,"Tennessee","Shelby County",1,12,14161,7214,6947
050,47,157,"Tennessee","Shelby County",1,13,13675,6965,6710
050,47,157,"Tennessee","Shelby County",1,14,13175,6619,6556
050,47,157,"Tennessee","Shelby County",1,15,12701,6398,6303
050,47,157,"Tennessee","Shelby County",1,16,12713,6391,6322
050,47,157,"Tennessee","Shelby County",1,17,12717,6373,6344
050,47,157,"Tennessee","Shelby County",1,18,11301,5770,5531
050,47,157,"Tennessee","Shelby County",1,19,10540,5348,5192
050,47,157,"Tennessee","Shelby County",1,20,11056,5510,5546
050,47,157,"Tennessee","Shelby County",1,21,11342,5582,5760
050,47,157,"Tennessee","Shelby County",1,22,11918,5841,6077
050,47,157,"Tennessee","Shelby County",1,23,12454,6027,6427
050,47,157,"Tennessee","Shelby County",1,24,13022,6295,6727
050,47,157,"Tennessee","Shelby County",1,25,13517,6572,6945
050,47,157,"Tennessee","Shelby County",1,26,14148,6751,7397
050,47,157,"Tennessee","Shelby County",1,27,14568,6973,7595
050,47,157,"Tennessee","Shelby County",1,28,14832,7066,7766
050,47,157,"Tennessee","Shelby County",1,29,14597,7009,7588
050,47,157,"Tennessee","Shelby County",1,30,14088,6807,7281
050,47,157,"Tennessee","Shelby County",1,31,13559,6476,7083
050,47,157,"Tennessee","Shelby County",1,32,13298,6345,6953
050,47,157,"Tennessee","Shelby County",1,33,12933,6165,6768
050,47,157,"Tennessee","Shelby County",1,34,12591,6031,6560
050,47,157,"Tennessee","Shelby County",1,35,12383,5974,6409
050,47,157,"Tennessee","Shelby County",1,36,12086,5751,6335
050,47,157,"Tennessee","Shelby County",1,37,12191,5880,6311
050,47,157,"Tennessee","Shelby County",1,38,12187,5814,6373
050,47,157,"Tennessee","Shelby County",1,39,12223,5768,6455
050,47,157,"Tennessee","Shelby County",1,40,12142,5772,6370
050,47,157,"Tennessee","Shelby County",1,41,11770,5615,6155
050,47,157,"Tennessee","Shelby County",1,42,11289,5373,5916
050,47,157,"Tennessee","Shelby County",1,43,10901,5162,5739
050,47,157,"Tennessee","Shelby County",1,44,10570,4991,5579
050,47,157,"Tennessee","Shelby County",1,45,10767,5072,5695
050,47,157,"Tennessee","Shelby County",1,46,10748,5068,5680
050,47,157,"Tennessee","Shelby County",1,47,11029,5212,5817
050,47,157,"Tennessee","Shelby County",1,48,11550,5460,6090
050,47,157,"Tennessee","Shelby County",1,49,12328,5823,6505
050,47,157,"Tennessee","Shelby County",1,50,11756,5527,6229
050,47,157,"Tennessee","Shelby County",1,51,11188,5357,5831
050,47,157,"Tennessee","Shelby County",1,52,10776,5143,5633
050,47,157,"Tennessee","Shelby County",1,53,10874,5098,5776
050,47,157,"Tennessee","Shelby County",1,54,11159,5193,5966
050,47,157,"Tennessee","Shelby County",1,55,11508,5409,6099
050,47,157,"Tennessee","Shelby County",1,56,11689,5552,6137
050,47,157,"Tennessee","Shelby County",1,57,11716,5476,6240
050,47,157,"Tennessee","Shelby County",1,58,11639,5435,6204
050,47,157,"Tennessee","Shelby County",1,59,11673,5427,6246
050,47,157,"Tennessee","Shelby County",1,60,11484,5283,6201
050,47,157,"Tennessee","Shelby County",1,61,11225,5149,6076
050,47,157,"Tennessee","Shelby County",1,62,11323,5249,6074
050,47,157,"Tennessee","Shelby County",1,63,10986,5065,5921
050,47,157,"Tennessee","Shelby County",1,64,10730,4886,5844
050,47,157,"Tennessee","Shelby County",1,65,10254,4631,5623
050,47,157,"Tennessee","Shelby County",1,66,9735,4362,5373
050,47,157,"Tennessee","Shelby County",1,67,9349,4206,5143
050,47,157,"Tennessee","Shelby County",1,68,8869,3937,4932
050,47,157,"Tennessee","Shelby County",1,69,8376,3725,4651
050,47,157,"Tennessee","Shelby County",1,70,7972,3545,4427
050,47,157,"Tennessee","Shelby County",1,71,7573,3343,4230
050,47,157,"Tennessee","Shelby County",1,72,7439,3324,4115
050,47,157,"Tennessee","Shelby County",1,73,7022,3176,3846
050,47,157,"Tennessee","Shelby County",1,74,4988,2169,2819
050,47,157,"Tennessee","Shelby County",1,75,4835,2097,2738
050,47,157,"Tennessee","Shelby County",1,76,4583,1928,2655
050,47,157,"Tennessee","Shelby County",1,77,4426,1815,2611
050,47,157,"Tennessee","Shelby County",1,78,3861,1621,2240
050,47,157,"Tennessee","Shelby County",1,79,3368,1397,1971
050,47,157,"Tennessee","Shelby County",1,80,3129,1259,1870
050,47,157,"Tennessee","Shelby County",1,81,2919,1146,1773
050,47,157,"Tennessee","Shelby County",1,82,2599,984,1615
050,47,157,"Tennessee","Shelby County",1,83,2298,861,1437
050,47,157,"Tennessee","Shelby County",1,84,2147,732,1415
050,47,157,"Tennessee","Shelby County",1,85,12987,4004,8983
050,47,157,"Tennessee","Shelby County",2,0,12509,6321,6188
050,47,157,"Tennessee","Shelby County",2,1,12729,6405,6324
050,47,157,"Tennessee","Shelby County",2,2,13079,6609,6470
050,47,157,"Tennessee","Shelby County",2,3,13032,6618,6414
050,47,157,"Tennessee","Shelby County",2,4,13231,6675,6556
050,47,157,"Tennessee","Shelby County",2,5,13309,6696,6613
050,47,157,"Tennessee","Shelby County",2,6,13243,6760,6483
050,47,157,"Tennessee","Shelby County",2,7,13208,6792,6416
050,47,157,"Tennessee","Shelby County",2,8,13299,6815,6484
050,47,157,"Tennessee","Shelby County",2,9,13206,6757,6449
050,47,157,"Tennessee","Shelby County",2,10,13328,6835,6493
050,47,157,"Tennessee","Shelby County",2,11,13691,6956,6735
050,47,157,"Tennessee","Shelby County",2,12,14127,7183,6944
050,47,157,"Tennessee","Shelby County",2,13,13771,7012,6759
050,47,157,"Tennessee","Shelby County",2,14,13286,6692,6594
050,47,157,"Tennessee","Shelby County",2,15,12792,6443,6349
050,47,157,"Tennessee","Shelby County",2,16,12722,6396,6326
050,47,157,"Tennessee","Shelby County",2,17,12677,6355,6322
050,47,157,"Tennessee","Shelby County",2,18,11305,5759,5546
050,47,157,"Tennessee","Shelby County",2,19,10546,5339,5207
050,47,157,"Tennessee","Shelby County",2,20,11129,5540,5589
050,47,157,"Tennessee","Shelby County",2,21,11357,5590,5767
050,47,157,"Tennessee","Shelby County",2,22,11942,5814,6128
050,47,157,"Tennessee","Shelby County",2,23,12493,6063,6430
050,47,157,"Tennessee","Shelby County",2,24,12908,6240,6668
050,47,157,"Tennessee","Shelby County",2,25,13440,6531,6909
050,47,157,"Tennessee","Shelby County",2,26,14058,6737,7321
050,47,157,"Tennessee","Shelby County",2,27,14446,6912,7534
050,47,157,"Tennessee","Shelby County",2,28,14771,7055,7716
050,47,157,"Tennessee","Shelby County",2,29,14654,7005,7649
050,47,157,"Tennessee","Shelby County",2,30,14247,6857,7390
050,47,157,"Tennessee","Shelby County",2,31,13649,6530,7119
050,47,157,"Tennessee","Shelby County",2,32,13279,6328,6951
050,47,157,"Tennessee","Shelby County",2,33,12980,6194,6786
050,47,157,"Tennessee","Shelby County",2,34,12633,6039,6594
050,47,157,"Tennessee","Shelby County",2,35,12495,6035,6460
050,47,157,"Tennessee","Shelby County",2,36,12054,5751,6303
050,47,157,"Tennessee","Shelby County",2,37,12148,5851,6297
050,47,157,"Tennessee","Shelby County",2,38,12225,5836,6389
050,47,157,"Tennessee","Shelby County",2,39,12137,5736,6401
050,47,157,"Tennessee","Shelby County",2,40,12208,5790,6418
050,47,157,"Tennessee","Shelby County",2,41,11808,5624,6184
050,47,157,"Tennessee","Shelby County",2,42,11298,5386,5912
050,47,157,"Tennessee","Shelby County",2,43,11036,5229,5807
050,47,157,"Tennessee","Shelby County",2,44,10531,4967,5564
050,47,157,"Tennessee","Shelby County",2,45,10737,5056,5681
050,47,157,"Tennessee","Shelby County",2,46,10687,5026,5661
050,47,157,"Tennessee","Shelby County",2,47,10910,5157,5753
050,47,157,"Tennessee","Shelby County",2,48,11396,5371,6025
050,47,157,"Tennessee","Shelby County",2,49,12160,5728,6432
050,47,157,"Tennessee","Shelby County",2,50,11865,5589,6276
050,47,157,"Tennessee","Shelby County",2,51,11231,5354,5877
050,47,157,"Tennessee","Shelby County",2,52,10840,5183,5657
050,47,157,"Tennessee","Shelby County",2,53,10779,5064,5715
050,47,157,"Tennessee","Shelby County",2,54,11027,5142,5885
050,47,157,"Tennessee","Shelby County",2,55,11378,5329,6049
050,47,157,"Tennessee","Shelby County",2,56,11623,5505,6118
050,47,157,"Tennessee","Shelby County",2,57,11665,5459,6206
050,47,157,"Tennessee","Shelby County",2,58,11607,5417,6190
050,47,157,"Tennessee","Shelby County",2,59,11604,5393,6211
050,47,157,"Tennessee","Shelby County",2,60,11471,5290,6181
050,47,157,"Tennessee","Shelby County",2,61,11233,5148,6085
050,47,157,"Tennessee","Shelby County",2,62,11190,5176,6014
050,47,157,"Tennessee","Shelby County",2,63,11084,5110,5974
050,47,157,"Tennessee","Shelby County",2,64,10667,4859,5808
050,47,157,"Tennessee","Shelby County",2,65,10299,4661,5638
050,47,157,"Tennessee","Shelby County",2,66,9811,4396,5415
050,47,157,"Tennessee","Shelby County",2,67,9361,4202,5159
050,47,157,"Tennessee","Shelby County",2,68,8865,3945,4920
050,47,157,"Tennessee","Shelby County",2,69,8498,3768,4730
050,47,157,"Tennessee","Shelby County",2,70,7988,3540,4448
050,47,157,"Tennessee","Shelby County",2,71,7602,3352,4250
050,47,157,"Tennessee","Shelby County",2,72,7345,3271,4074
050,47,157,"Tennessee","Shelby County",2,73,7339,3308,4031
050,47,157,"Tennessee","Shelby County",2,74,5149,2260,2889
050,47,157,"Tennessee","Shelby County",2,75,4845,2088,2757
050,47,157,"Tennessee","Shelby County",2,76,4547,1926,2621
050,47,157,"Tennessee","Shelby County",2,77,4495,1845,2650
050,47,157,"Tennessee","Shelby County",2,78,3900,1632,2268
050,47,157,"Tennessee","Shelby County",2,79,3419,1415,2004
050,47,157,"Tennessee","Shelby County",2,80,3143,1273,1870
050,47,157,"Tennessee","Shelby County",2,81,2900,1146,1754
050,47,157,"Tennessee","Shelby County",2,82,2633,1005,1628
050,47,157,"Tennessee","Shelby County",2,83,2318,869,1449
050,47,157,"Tennessee","Shelby County",2,84,2137,742,1395
050,47,157,"Tennessee","Shelby County",2,85,12999,3998,9001
050,47,157,"Tennessee","Shelby County",3,0,12438,6319,6119
050,47,157,"Tennessee","Shelby County",3,1,12408,6229,6179
050,47,157,"Tennessee","Shelby County",3,2,12544,6315,6229
050,47,157,"Tennessee","Shelby County",3,3,13061,6599,6462
050,47,157,"Tennessee","Shelby County",3,4,12959,6598,6361
050,47,157,"Tennessee","Shelby County",3,5,13192,6625,6567
050,47,157,"Tennessee","Shelby County",3,6,13331,6712,6619
050,47,157,"Tennessee","Shelby County",3,7,13196,6720,6476
050,47,157,"Tennessee","Shelby County",3,8,13189,6790,6399
050,47,157,"Tennessee","Shelby County",3,9,13267,6824,6443
050,47,157,"Tennessee","Shelby County",3,10,13154,6752,6402
050,47,157,"Tennessee","Shelby County",3,11,13259,6819,6440
050,47,157,"Tennessee","Shelby County",3,12,13604,6906,6698
050,47,157,"Tennessee","Shelby County",3,13,14018,7125,6893
050,47,157,"Tennessee","Shelby County",3,14,13722,6996,6726
050,47,157,"Tennessee","Shelby County",3,15,13179,6589,6590
050,47,157,"Tennessee","Shelby County",3,16,12699,6378,6321
050,47,157,"Tennessee","Shelby County",3,17,12648,6346,6302
050,47,157,"Tennessee","Shelby County",3,18,11121,5642,5479
050,47,157,"Tennessee","Shelby County",3,19,9932,5042,4890
050,47,157,"Tennessee","Shelby County",3,20,10637,5329,5308
050,47,157,"Tennessee","Shelby County",3,21,11315,5545,5770
050,47,157,"Tennessee","Shelby County",3,22,11629,5582,6047
050,47,157,"Tennessee","Shelby County",3,23,12424,6035,6389
050,47,157,"Tennessee","Shelby County",3,24,12748,6145,6603
050,47,157,"Tennessee","Shelby County",3,25,12985,6244,6741
050,47,157,"Tennessee","Shelby County",3,26,13452,6451,7001
050,47,157,"Tennessee","Shelby County",3,27,13867,6612,7255
050,47,157,"Tennessee","Shelby County",3,28,14281,6819,7462
050,47,157,"Tennessee","Shelby County",3,29,14521,6888,7633
050,47,157,"Tennessee","Shelby County",3,30,14394,6819,7575
050,47,157,"Tennessee","Shelby County",3,31,14102,6761,7341
050,47,157,"Tennessee","Shelby County",3,32,13466,6366,7100
050,47,157,"Tennessee","Shelby County",3,33,13155,6285,6870
050,47,157,"Tennessee","Shelby County",3,34,12775,6081,6694
050,47,157,"Tennessee","Shelby County",3,35,12445,5899,6546
050,47,157,"Tennessee","Shelby County",3,36,12252,5902,6350
050,47,157,"Tennessee","Shelby County",3,37,11886,5655,6231
050,47,157,"Tennessee","Shelby County",3,38,11904,5699,6205
050,47,157,"Tennessee","Shelby County",3,39,12043,5685,6358
050,47,157,"Tennessee","Shelby County",3,40,11931,5580,6351
050,47,157,"Tennessee","Shelby County",3,41,12043,5684,6359
050,47,157,"Tennessee","Shelby County",3,42,11619,5527,6092
050,47,157,"Tennessee","Shelby County",3,43,11117,5261,5856
050,47,157,"Tennessee","Shelby County",3,44,10893,5141,5752
050,47,157,"Tennessee","Shelby County",3,45,10417,4905,5512
050,47,157,"Tennessee","Shelby County",3,46,10599,4959,5640
050,47,157,"Tennessee","Shelby County",3,47,10550,4950,5600
050,47,157,"Tennessee","Shelby County",3,48,10675,5055,5620
050,47,157,"Tennessee","Shelby County",3,49,11210,5300,5910
050,47,157,"Tennessee","Shelby County",3,50,11910,5613,6297
050,47,157,"Tennessee","Shelby County",3,51,11643,5492,6151
050,47,157,"Tennessee","Shelby County",3,52,11063,5289,5774
050,47,157,"Tennessee","Shelby County",3,53,10680,5084,5596
050,47,157,"Tennessee","Shelby County",3,54,10540,4914,5626
050,47,157,"Tennessee","Shelby County",3,55,10736,4991,5745
050,47,157,"Tennessee","Shelby County",3,56,11170,5199,5971
050,47,157,"Tennessee","Shelby County",3,57,11351,5353,5998
050,47,157,"Tennessee","Shelby County",3,58,11346,5258,6088
050,47,157,"Tennessee","Shelby County",3,59,11320,5262,6058
050,47,157,"Tennessee","Shelby County",3,60,11306,5228,6078
050,47,157,"Tennessee","Shelby County",3,61,11176,5146,6030
050,47,157,"Tennessee","Shelby County",3,62,10860,4948,5912
050,47,157,"Tennessee","Shelby County",3,63,10808,4965,5843
050,47,157,"Tennessee","Shelby County",3,64,10778,4936,5842
050,47,157,"Tennessee","Shelby County",3,65,10292,4658,5634
050,47,157,"Tennessee","Shelby County",3,66,9896,4414,5482
050,47,157,"Tennessee","Shelby County",3,67,9558,4233,5325
050,47,157,"Tennessee","Shelby County",3,68,9040,4033,5007
050,47,157,"Tennessee","Shelby County",3,69,8597,3809,4788
050,47,157,"Tennessee","Shelby County",3,70,8161,3584,4577
050,47,157,"Tennessee","Shelby County",3,71,7742,3411,4331
050,47,157,"Tennessee","Shelby County",3,72,7353,3202,4151
050,47,157,"Tennessee","Shelby County",3,73,7055,3099,3956
050,47,157,"Tennessee","Shelby County",3,74,7099,3180,3919
050,47,157,"Tennessee","Shelby County",3,75,4923,2111,2812
050,47,157,"Tennessee","Shelby County",3,76,4620,1986,2634
050,47,157,"Tennessee","Shelby County",3,77,4350,1809,2541
050,47,157,"Tennessee","Shelby County",3,78,4277,1748,2529
050,47,157,"Tennessee","Shelby County",3,79,3637,1502,2135
050,47,157,"Tennessee","Shelby County",3,80,3211,1311,1900
050,47,157,"Tennessee","Shelby County",3,81,2901,1129,1772
050,47,157,"Tennessee","Shelby County",3,82,2707,1068,1639
050,47,157,"Tennessee","Shelby County",3,83,2378,883,1495
050,47,157,"Tennessee","Shelby County",3,84,2107,782,1325
050,47,157,"Tennessee","Shelby County",3,85,12535,3849,8686
050,47,157,"Tennessee","Shelby County",4,0,12394,6217,6177
050,47,157,"Tennessee","Shelby County",4,1,12218,6271,5947
050,47,157,"Tennessee","Shelby County",4,2,12296,6172,6124
050,47,157,"Tennessee","Shelby County",4,3,12438,6265,6173
050,47,157,"Tennessee","Shelby County",4,4,12952,6512,6440
050,47,157,"Tennessee","Shelby County",4,5,12819,6514,6305
050,47,157,"Tennessee","Shelby County",4,6,13084,6561,6523
050,47,157,"Tennessee","Shelby County",4,7,13194,6640,6554
050,47,157,"Tennessee","Shelby County",4,8,12991,6610,6381
050,47,157,"Tennessee","Shelby County",4,9,13096,6744,6352
050,47,157,"Tennessee","Shelby County",4,10,13103,6724,6379
050,47,157,"Tennessee","Shelby County",4,11,13036,6658,6378
050,47,157,"Tennessee","Shelby County",4,12,13073,6719,6354
050,47,157,"Tennessee","Shelby County",4,13,13464,6846,6618
050,47,157,"Tennessee","Shelby County",4,14,13905,7073,6832
050,47,157,"Tennessee","Shelby County",4,15,13543,6873,6670
050,47,157,"Tennessee","Shelby County",4,16,13035,6487,6548
050,47,157,"Tennessee","Shelby County",4,17,12519,6272,6247
050,47,157,"Tennessee","Shelby County",4,18,11114,5655,5459
050,47,157,"Tennessee","Shelby County",4,19,9953,5043,4910
050,47,157,"Tennessee","Shelby County",4,20,10403,5212,5191
050,47,157,"Tennessee","Shelby County",4,21,11133,5504,5629
050,47,157,"Tennessee","Shelby County",4,22,11855,5668,6187
050,47,157,"Tennessee","Shelby County",4,23,12217,5837,6380
050,47,157,"Tennessee","Shelby County",4,24,12589,6101,6488
050,47,157,"Tennessee","Shelby County",4,25,12939,6204,6735
050,47,157,"Tennessee","Shelby County",4,26,13025,6246,6779
050,47,157,"Tennessee","Shelby County",4,27,13191,6291,6900
050,47,157,"Tennessee","Shelby County",4,28,13764,6555,7209
050,47,157,"Tennessee","Shelby County",4,29,14105,6762,7343
050,47,157,"Tennessee","Shelby County",4,30,14247,6759,7488
050,47,157,"Tennessee","Shelby County",4,31,14174,6726,7448
050,47,157,"Tennessee","Shelby County",4,32,13708,6552,7156
050,47,157,"Tennessee","Shelby County",4,33,13255,6279,6976
050,47,157,"Tennessee","Shelby County",4,34,12892,6129,6763
050,47,157,"Tennessee","Shelby County",4,35,12652,6046,6606
050,47,157,"Tennessee","Shelby County",4,36,12248,5761,6487
050,47,157,"Tennessee","Shelby County",4,37,12076,5809,6267
050,47,157,"Tennessee","Shelby County",4,38,11606,5493,6113
050,47,157,"Tennessee","Shelby County",4,39,11761,5612,6149
050,47,157,"Tennessee","Shelby County",4,40,11747,5480,6267
050,47,157,"Tennessee","Shelby County",4,41,11705,5456,6249
050,47,157,"Tennessee","Shelby County",4,42,11799,5555,6244
050,47,157,"Tennessee","Shelby County",4,43,11384,5369,6015
050,47,157,"Tennessee","Shelby County",4,44,10957,5142,5815
050,47,157,"Tennessee","Shelby County",4,45,10724,5054,5670
050,47,157,"Tennessee","Shelby County",4,46,10245,4808,5437
050,47,157,"Tennessee","Shelby County",4,47,10421,4857,5564
050,47,157,"Tennessee","Shelby County",4,48,10348,4826,5522
050,47,157,"Tennessee","Shelby County",4,49,10459,4941,5518
050,47,157,"Tennessee","Shelby County",4,50,11001,5187,5814
050,47,157,"Tennessee","Shelby County",4,51,11653,5481,6172
050,47,157,"Tennessee","Shelby County",4,52,11452,5427,6025
050,47,157,"Tennessee","Shelby County",4,53,10820,5145,5675
050,47,157,"Tennessee","Shelby County",4,54,10427,4974,5453
050,47,157,"Tennessee","Shelby County",4,55,10299,4784,5515
050,47,157,"Tennessee","Shelby County",4,56,10434,4837,5597
050,47,157,"Tennessee","Shelby County",4,57,10880,5048,5832
050,47,157,"Tennessee","Shelby County",4,58,11069,5214,5855
050,47,157,"Tennessee","Shelby County",4,59,11088,5107,5981
050,47,157,"Tennessee","Shelby County",4,60,11010,5104,5906
050,47,157,"Tennessee","Shelby County",4,61,11042,5097,5945
050,47,157,"Tennessee","Shelby County",4,62,10846,4953,5893
050,47,157,"Tennessee","Shelby County",4,63,10511,4763,5748
050,47,157,"Tennessee","Shelby County",4,64,10481,4773,5708
050,47,157,"Tennessee","Shelby County",4,65,10444,4779,5665
050,47,157,"Tennessee","Shelby County",4,66,9912,4461,5451
050,47,157,"Tennessee","Shelby County",4,67,9638,4261,5377
050,47,157,"Tennessee","Shelby County",4,68,9240,4048,5192
050,47,157,"Tennessee","Shelby County",4,69,8786,3889,4897
050,47,157,"Tennessee","Shelby County",4,70,8281,3652,4629
050,47,157,"Tennessee","Shelby County",4,71,7895,3429,4466
050,47,157,"Tennessee","Shelby County",4,72,7473,3268,4205
050,47,157,"Tennessee","Shelby County",4,73,7027,3030,3997
050,47,157,"Tennessee","Shelby County",4,74,6784,2943,3841
050,47,157,"Tennessee","Shelby County",4,75,6811,3002,3809
050,47,157,"Tennessee","Shelby County",4,76,4653,1997,2656
050,47,157,"Tennessee","Shelby County",4,77,4395,1843,2552
050,47,157,"Tennessee","Shelby County",4,78,4171,1727,2444
050,47,157,"Tennessee","Shelby County",4,79,3980,1580,2400
050,47,157,"Tennessee","Shelby County",4,80,3412,1377,2035
050,47,157,"Tennessee","Shelby County",4,81,2973,1178,1795
050,47,157,"Tennessee","Shelby County",4,82,2702,1050,1652
050,47,157,"Tennessee","Shelby County",4,83,2457,940,1517
050,47,157,"Tennessee","Shelby County",4,84,2169,782,1387
050,47,157,"Tennessee","Shelby County",4,85,12285,3816,8469
050,47,157,"Tennessee","Shelby County",5,0,12476,6239,6237
050,47,157,"Tennessee","Shelby County",5,1,12184,6061,6123
050,47,157,"Tennessee","Shelby County",5,2,12106,6203,5903
050,47,157,"Tennessee","Shelby County",5,3,12247,6137,6110
050,47,157,"Tennessee","Shelby County",5,4,12378,6253,6125
050,47,157,"Tennessee","Shelby County",5,5,12862,6432,6430
050,47,157,"Tennessee","Shelby County",5,6,12718,6422,6296
050,47,157,"Tennessee","Shelby County",5,7,12943,6486,6457
050,47,157,"Tennessee","Shelby County",5,8,13133,6623,6510
050,47,157,"Tennessee","Shelby County",5,9,12919,6572,6347
050,47,157,"Tennessee","Shelby County",5,10,12949,6694,6255
050,47,157,"Tennessee","Shelby County",5,11,13008,6699,6309
050,47,157,"Tennessee","Shelby County",5,12,12883,6583,6300
050,47,157,"Tennessee","Shelby County",5,13,12935,6668,6267
050,47,157,"Tennessee","Shelby County",5,14,13330,6752,6578
050,47,157,"Tennessee","Shelby County",5,15,13742,6988,6754
050,47,157,"Tennessee","Shelby County",5,16,13373,6775,6598
050,47,157,"Tennessee","Shelby County",5,17,12866,6390,6476
050,47,157,"Tennessee","Shelby County",5,18,11019,5599,5420
050,47,157,"Tennessee","Shelby County",5,19,10014,5065,4949
050,47,157,"Tennessee","Shelby County",5,20,10453,5207,5246
050,47,157,"Tennessee","Shelby County",5,21,10859,5346,5513
050,47,157,"Tennessee","Shelby County",5,22,11593,5576,6017
050,47,157,"Tennessee","Shelby County",5,23,12228,5856,6372
050,47,157,"Tennessee","Shelby County",5,24,12472,5922,6550
050,47,157,"Tennessee","Shelby County",5,25,12653,6093,6560
050,47,157,"Tennessee","Shelby County",5,26,12817,6150,6667
050,47,157,"Tennessee","Shelby County",5,27,12776,6056,6720
050,47,157,"Tennessee","Shelby County",5,28,12841,6132,6709
050,47,157,"Tennessee","Shelby County",5,29,13473,6416,7057
050,47,157,"Tennessee","Shelby County",5,30,13735,6524,7211
050,47,157,"Tennessee","Shelby County",5,31,13945,6604,7341
050,47,157,"Tennessee","Shelby County",5,32,13795,6492,7303
050,47,157,"Tennessee","Shelby County",5,33,13352,6337,7015
050,47,157,"Tennessee","Shelby County",5,34,13028,6172,6856
050,47,157,"Tennessee","Shelby County",5,35,12654,6014,6640
050,47,157,"Tennessee","Shelby County",5,36,12391,5889,6502
050,47,157,"Tennessee","Shelby County",5,37,12142,5731,6411
050,47,157,"Tennessee","Shelby County",5,38,11831,5641,6190
050,47,157,"Tennessee","Shelby County",5,39,11408,5358,6050
050,47,157,"Tennessee","Shelby County",5,40,11577,5514,6063
050,47,157,"Tennessee","Shelby County",5,41,11518,5328,6190
050,47,157,"Tennessee","Shelby County",5,42,11460,5342,6118
050,47,157,"Tennessee","Shelby County",5,43,11592,5416,6176
050,47,157,"Tennessee","Shelby County",5,44,11175,5252,5923
050,47,157,"Tennessee","Shelby County",5,45,10756,5028,5728
050,47,157,"Tennessee","Shelby County",5,46,10509,4940,5569
050,47,157,"Tennessee","Shelby County",5,47,10100,4750,5350
050,47,157,"Tennessee","Shelby County",5,48,10183,4738,5445
050,47,157,"Tennessee","Shelby County",5,49,10118,4716,5402
050,47,157,"Tennessee","Shelby County",5,50,10249,4796,5453
050,47,157,"Tennessee","Shelby County",5,51,10805,5082,5723
050,47,157,"Tennessee","Shelby County",5,52,11484,5402,6082
050,47,157,"Tennessee","Shelby County",5,53,11239,5297,5942
050,47,157,"Tennessee","Shelby County",5,54,10609,5026,5583
050,47,157,"Tennessee","Shelby County",5,55,10161,4838,5323
050,47,157,"Tennessee","Shelby County",5,56,10076,4677,5399
050,47,157,"Tennessee","Shelby County",5,57,10220,4741,5479
050,47,157,"Tennessee","Shelby County",5,58,10617,4910,5707
050,47,157,"Tennessee","Shelby County",5,59,10822,5073,5749
050,47,157,"Tennessee","Shelby County",5,60,10825,4953,5872
050,47,157,"Tennessee","Shelby County",5,61,10702,4949,5753
050,47,157,"Tennessee","Shelby County",5,62,10708,4909,5799
050,47,157,"Tennessee","Shelby County",5,63,10487,4786,5701
050,47,157,"Tennessee","Shelby County",5,64,10217,4600,5617
050,47,157,"Tennessee","Shelby County",5,65,10176,4634,5542
050,47,157,"Tennessee","Shelby County",5,66,10163,4616,5547
050,47,157,"Tennessee","Shelby County",5,67,9680,4336,5344
050,47,157,"Tennessee","Shelby County",5,68,9423,4130,5293
050,47,157,"Tennessee","Shelby County",5,69,9014,3944,5070
050,47,157,"Tennessee","Shelby County",5,70,8516,3763,4753
050,47,157,"Tennessee","Shelby County",5,71,8043,3523,4520
050,47,157,"Tennessee","Shelby County",5,72,7681,3323,4358
050,47,157,"Tennessee","Shelby County",5,73,7188,3125,4063
050,47,157,"Tennessee","Shelby County",5,74,6796,2891,3905
050,47,157,"Tennessee","Shelby County",5,75,6585,2815,3770
050,47,157,"Tennessee","Shelby County",5,76,6519,2871,3648
050,47,157,"Tennessee","Shelby County",5,77,4472,1893,2579
050,47,157,"Tennessee","Shelby County",5,78,4236,1777,2459
050,47,157,"Tennessee","Shelby County",5,79,3944,1599,2345
050,47,157,"Tennessee","Shelby County",5,80,3793,1489,2304
050,47,157,"Tennessee","Shelby County",5,81,3204,1270,1934
050,47,157,"Tennessee","Shelby County",5,82,2783,1116,1667
050,47,157,"Tennessee","Shelby County",5,83,2476,947,1529
050,47,157,"Tennessee","Shelby County",5,84,2268,847,1421
050,47,157,"Tennessee","Shelby County",5,85,12342,3849,8493
050,47,159,"Tennessee","Smith County",1,0,212,108,104
050,47,159,"Tennessee","Smith County",1,1,233,122,111
050,47,159,"Tennessee","Smith County",1,2,226,115,111
050,47,159,"Tennessee","Smith County",1,3,250,141,109
050,47,159,"Tennessee","Smith County",1,4,257,129,128
050,47,159,"Tennessee","Smith County",1,5,246,114,132
050,47,159,"Tennessee","Smith County",1,6,260,131,129
050,47,159,"Tennessee","Smith County",1,7,230,120,110
050,47,159,"Tennessee","Smith County",1,8,245,140,105
050,47,159,"Tennessee","Smith County",1,9,233,125,108
050,47,159,"Tennessee","Smith County",1,10,247,132,115
050,47,159,"Tennessee","Smith County",1,11,256,127,129
050,47,159,"Tennessee","Smith County",1,12,258,132,126
050,47,159,"Tennessee","Smith County",1,13,279,140,139
050,47,159,"Tennessee","Smith County",1,14,277,146,131
050,47,159,"Tennessee","Smith County",1,15,279,143,136
050,47,159,"Tennessee","Smith County",1,16,261,139,122
050,47,159,"Tennessee","Smith County",1,17,262,130,132
050,47,159,"Tennessee","Smith County",1,18,228,123,105
050,47,159,"Tennessee","Smith County",1,19,196,114,82
050,47,159,"Tennessee","Smith County",1,20,194,113,81
050,47,159,"Tennessee","Smith County",1,21,206,101,105
050,47,159,"Tennessee","Smith County",1,22,216,103,113
050,47,159,"Tennessee","Smith County",1,23,221,109,112
050,47,159,"Tennessee","Smith County",1,24,251,125,126
050,47,159,"Tennessee","Smith County",1,25,255,122,133
050,47,159,"Tennessee","Smith County",1,26,233,115,118
050,47,159,"Tennessee","Smith County",1,27,250,124,126
050,47,159,"Tennessee","Smith County",1,28,260,136,124
050,47,159,"Tennessee","Smith County",1,29,283,146,137
050,47,159,"Tennessee","Smith County",1,30,255,137,118
050,47,159,"Tennessee","Smith County",1,31,252,139,113
050,47,159,"Tennessee","Smith County",1,32,246,127,119
050,47,159,"Tennessee","Smith County",1,33,242,125,117
050,47,159,"Tennessee","Smith County",1,34,228,113,115
050,47,159,"Tennessee","Smith County",1,35,226,122,104
050,47,159,"Tennessee","Smith County",1,36,237,114,123
050,47,159,"Tennessee","Smith County",1,37,243,125,118
050,47,159,"Tennessee","Smith County",1,38,258,121,137
050,47,159,"Tennessee","Smith County",1,39,266,138,128
050,47,159,"Tennessee","Smith County",1,40,242,122,120
050,47,159,"Tennessee","Smith County",1,41,240,128,112
050,47,159,"Tennessee","Smith County",1,42,220,111,109
050,47,159,"Tennessee","Smith County",1,43,244,110,134
050,47,159,"Tennessee","Smith County",1,44,248,115,133
050,47,159,"Tennessee","Smith County",1,45,221,101,120
050,47,159,"Tennessee","Smith County",1,46,235,118,117
050,47,159,"Tennessee","Smith County",1,47,263,127,136
050,47,159,"Tennessee","Smith County",1,48,277,143,134
050,47,159,"Tennessee","Smith County",1,49,298,150,148
050,47,159,"Tennessee","Smith County",1,50,260,129,131
050,47,159,"Tennessee","Smith County",1,51,246,127,119
050,47,159,"Tennessee","Smith County",1,52,266,138,128
050,47,159,"Tennessee","Smith County",1,53,288,147,141
050,47,159,"Tennessee","Smith County",1,54,300,150,150
050,47,159,"Tennessee","Smith County",1,55,320,156,164
050,47,159,"Tennessee","Smith County",1,56,316,160,156
050,47,159,"Tennessee","Smith County",1,57,314,165,149
050,47,159,"Tennessee","Smith County",1,58,317,164,153
050,47,159,"Tennessee","Smith County",1,59,311,168,143
050,47,159,"Tennessee","Smith County",1,60,304,169,135
050,47,159,"Tennessee","Smith County",1,61,297,155,142
050,47,159,"Tennessee","Smith County",1,62,292,142,150
050,47,159,"Tennessee","Smith County",1,63,269,125,144
050,47,159,"Tennessee","Smith County",1,64,266,130,136
050,47,159,"Tennessee","Smith County",1,65,236,133,103
050,47,159,"Tennessee","Smith County",1,66,232,128,104
050,47,159,"Tennessee","Smith County",1,67,219,112,107
050,47,159,"Tennessee","Smith County",1,68,222,108,114
050,47,159,"Tennessee","Smith County",1,69,192,87,105
050,47,159,"Tennessee","Smith County",1,70,204,88,116
050,47,159,"Tennessee","Smith County",1,71,207,103,104
050,47,159,"Tennessee","Smith County",1,72,219,109,110
050,47,159,"Tennessee","Smith County",1,73,204,100,104
050,47,159,"Tennessee","Smith County",1,74,137,68,69
050,47,159,"Tennessee","Smith County",1,75,144,62,82
050,47,159,"Tennessee","Smith County",1,76,134,59,75
050,47,159,"Tennessee","Smith County",1,77,129,59,70
050,47,159,"Tennessee","Smith County",1,78,103,42,61
050,47,159,"Tennessee","Smith County",1,79,102,48,54
050,47,159,"Tennessee","Smith County",1,80,82,39,43
050,47,159,"Tennessee","Smith County",1,81,88,46,42
050,47,159,"Tennessee","Smith County",1,82,73,31,42
050,47,159,"Tennessee","Smith County",1,83,57,23,34
050,47,159,"Tennessee","Smith County",1,84,46,24,22
050,47,159,"Tennessee","Smith County",1,85,272,90,182
050,47,159,"Tennessee","Smith County",2,0,209,108,101
050,47,159,"Tennessee","Smith County",2,1,227,118,109
050,47,159,"Tennessee","Smith County",2,2,230,119,111
050,47,159,"Tennessee","Smith County",2,3,247,137,110
050,47,159,"Tennessee","Smith County",2,4,257,132,125
050,47,159,"Tennessee","Smith County",2,5,248,117,131
050,47,159,"Tennessee","Smith County",2,6,256,127,129
050,47,159,"Tennessee","Smith County",2,7,240,124,116
050,47,159,"Tennessee","Smith County",2,8,241,135,106
050,47,159,"Tennessee","Smith County",2,9,237,130,107
050,47,159,"Tennessee","Smith County",2,10,246,132,114
050,47,159,"Tennessee","Smith County",2,11,255,129,126
050,47,159,"Tennessee","Smith County",2,12,258,130,128
050,47,159,"Tennessee","Smith County",2,13,276,140,136
050,47,159,"Tennessee","Smith County",2,14,282,146,136
050,47,159,"Tennessee","Smith County",2,15,280,145,135
050,47,159,"Tennessee","Smith County",2,16,266,140,126
050,47,159,"Tennessee","Smith County",2,17,264,134,130
050,47,159,"Tennessee","Smith County",2,18,226,121,105
050,47,159,"Tennessee","Smith County",2,19,193,111,82
050,47,159,"Tennessee","Smith County",2,20,201,117,84
050,47,159,"Tennessee","Smith County",2,21,206,105,101
050,47,159,"Tennessee","Smith County",2,22,212,101,111
050,47,159,"Tennessee","Smith County",2,23,224,111,113
050,47,159,"Tennessee","Smith County",2,24,243,122,121
050,47,159,"Tennessee","Smith County",2,25,254,124,130
050,47,159,"Tennessee","Smith County",2,26,238,115,123
050,47,159,"Tennessee","Smith County",2,27,249,125,124
050,47,159,"Tennessee","Smith County",2,28,260,134,126
050,47,159,"Tennessee","Smith County",2,29,282,147,135
050,47,159,"Tennessee","Smith County",2,30,268,142,126
050,47,159,"Tennessee","Smith County",2,31,254,140,114
050,47,159,"Tennessee","Smith County",2,32,246,127,119
050,47,159,"Tennessee","Smith County",2,33,245,127,118
050,47,159,"Tennessee","Smith County",2,34,234,117,117
050,47,159,"Tennessee","Smith County",2,35,233,124,109
050,47,159,"Tennessee","Smith County",2,36,233,114,119
050,47,159,"Tennessee","Smith County",2,37,243,124,119
050,47,159,"Tennessee","Smith County",2,38,258,123,135
050,47,159,"Tennessee","Smith County",2,39,263,134,129
050,47,159,"Tennessee","Smith County",2,40,249,125,124
050,47,159,"Tennessee","Smith County",2,41,240,127,113
050,47,159,"Tennessee","Smith County",2,42,226,116,110
050,47,159,"Tennessee","Smith County",2,43,238,111,127
050,47,159,"Tennessee","Smith County",2,44,245,113,132
050,47,159,"Tennessee","Smith County",2,45,229,105,124
050,47,159,"Tennessee","Smith County",2,46,230,113,117
050,47,159,"Tennessee","Smith County",2,47,258,124,134
050,47,159,"Tennessee","Smith County",2,48,274,139,135
050,47,159,"Tennessee","Smith County",2,49,295,149,146
050,47,159,"Tennessee","Smith County",2,50,269,134,135
050,47,159,"Tennessee","Smith County",2,51,249,128,121
050,47,159,"Tennessee","Smith County",2,52,261,136,125
050,47,159,"Tennessee","Smith County",2,53,282,144,138
050,47,159,"Tennessee","Smith County",2,54,297,148,149
050,47,159,"Tennessee","Smith County",2,55,314,155,159
050,47,159,"Tennessee","Smith County",2,56,319,161,158
050,47,159,"Tennessee","Smith County",2,57,315,163,152
050,47,159,"Tennessee","Smith County",2,58,316,163,153
050,47,159,"Tennessee","Smith County",2,59,315,170,145
050,47,159,"Tennessee","Smith County",2,60,305,169,136
050,47,159,"Tennessee","Smith County",2,61,299,159,140
050,47,159,"Tennessee","Smith County",2,62,293,144,149
050,47,159,"Tennessee","Smith County",2,63,277,131,146
050,47,159,"Tennessee","Smith County",2,64,266,129,137
050,47,159,"Tennessee","Smith County",2,65,241,131,110
050,47,159,"Tennessee","Smith County",2,66,230,127,103
050,47,159,"Tennessee","Smith County",2,67,221,116,105
050,47,159,"Tennessee","Smith County",2,68,217,106,111
050,47,159,"Tennessee","Smith County",2,69,202,93,109
050,47,159,"Tennessee","Smith County",2,70,199,87,112
050,47,159,"Tennessee","Smith County",2,71,205,99,106
050,47,159,"Tennessee","Smith County",2,72,212,106,106
050,47,159,"Tennessee","Smith County",2,73,218,107,111
050,47,159,"Tennessee","Smith County",2,74,142,70,72
050,47,159,"Tennessee","Smith County",2,75,140,62,78
050,47,159,"Tennessee","Smith County",2,76,136,60,76
050,47,159,"Tennessee","Smith County",2,77,133,61,72
050,47,159,"Tennessee","Smith County",2,78,107,46,61
050,47,159,"Tennessee","Smith County",2,79,100,46,54
050,47,159,"Tennessee","Smith County",2,80,88,40,48
050,47,159,"Tennessee","Smith County",2,81,86,45,41
050,47,159,"Tennessee","Smith County",2,82,74,34,40
050,47,159,"Tennessee","Smith County",2,83,58,24,34
050,47,159,"Tennessee","Smith County",2,84,47,24,23
050,47,159,"Tennessee","Smith County",2,85,270,90,180
050,47,159,"Tennessee","Smith County",3,0,207,106,101
050,47,159,"Tennessee","Smith County",3,1,219,116,103
050,47,159,"Tennessee","Smith County",3,2,240,125,115
050,47,159,"Tennessee","Smith County",3,3,247,128,119
050,47,159,"Tennessee","Smith County",3,4,252,143,109
050,47,159,"Tennessee","Smith County",3,5,255,126,129
050,47,159,"Tennessee","Smith County",3,6,251,126,125
050,47,159,"Tennessee","Smith County",3,7,261,131,130
050,47,159,"Tennessee","Smith County",3,8,252,136,116
050,47,159,"Tennessee","Smith County",3,9,245,136,109
050,47,159,"Tennessee","Smith County",3,10,250,139,111
050,47,159,"Tennessee","Smith County",3,11,267,140,127
050,47,159,"Tennessee","Smith County",3,12,269,139,130
050,47,159,"Tennessee","Smith County",3,13,264,141,123
050,47,159,"Tennessee","Smith County",3,14,278,135,143
050,47,159,"Tennessee","Smith County",3,15,285,143,142
050,47,159,"Tennessee","Smith County",3,16,277,138,139
050,47,159,"Tennessee","Smith County",3,17,272,145,127
050,47,159,"Tennessee","Smith County",3,18,234,123,111
050,47,159,"Tennessee","Smith County",3,19,174,92,82
050,47,159,"Tennessee","Smith County",3,20,208,116,92
050,47,159,"Tennessee","Smith County",3,21,222,130,92
050,47,159,"Tennessee","Smith County",3,22,212,104,108
050,47,159,"Tennessee","Smith County",3,23,235,116,119
050,47,159,"Tennessee","Smith County",3,24,243,122,121
050,47,159,"Tennessee","Smith County",3,25,228,117,111
050,47,159,"Tennessee","Smith County",3,26,255,132,123
050,47,159,"Tennessee","Smith County",3,27,229,104,125
050,47,159,"Tennessee","Smith County",3,28,240,123,117
050,47,159,"Tennessee","Smith County",3,29,263,134,129
050,47,159,"Tennessee","Smith County",3,30,292,152,140
050,47,159,"Tennessee","Smith County",3,31,285,151,134
050,47,159,"Tennessee","Smith County",3,32,249,127,122
050,47,159,"Tennessee","Smith County",3,33,257,130,127
050,47,159,"Tennessee","Smith County",3,34,245,126,119
050,47,159,"Tennessee","Smith County",3,35,241,121,120
050,47,159,"Tennessee","Smith County",3,36,240,125,115
050,47,159,"Tennessee","Smith County",3,37,231,109,122
050,47,159,"Tennessee","Smith County",3,38,262,135,127
050,47,159,"Tennessee","Smith County",3,39,261,125,136
050,47,159,"Tennessee","Smith County",3,40,255,127,128
050,47,159,"Tennessee","Smith County",3,41,249,124,125
050,47,159,"Tennessee","Smith County",3,42,244,122,122
050,47,159,"Tennessee","Smith County",3,43,253,128,125
050,47,159,"Tennessee","Smith County",3,44,234,105,129
050,47,159,"Tennessee","Smith County",3,45,250,123,127
050,47,159,"Tennessee","Smith County",3,46,235,106,129
050,47,159,"Tennessee","Smith County",3,47,232,113,119
050,47,159,"Tennessee","Smith County",3,48,258,122,136
050,47,159,"Tennessee","Smith County",3,49,269,138,131
050,47,159,"Tennessee","Smith County",3,50,278,141,137
050,47,159,"Tennessee","Smith County",3,51,272,135,137
050,47,159,"Tennessee","Smith County",3,52,245,128,117
050,47,159,"Tennessee","Smith County",3,53,270,135,135
050,47,159,"Tennessee","Smith County",3,54,283,143,140
050,47,159,"Tennessee","Smith County",3,55,286,142,144
050,47,159,"Tennessee","Smith County",3,56,313,152,161
050,47,159,"Tennessee","Smith County",3,57,327,167,160
050,47,159,"Tennessee","Smith County",3,58,319,163,156
050,47,159,"Tennessee","Smith County",3,59,322,171,151
050,47,159,"Tennessee","Smith County",3,60,314,165,149
050,47,159,"Tennessee","Smith County",3,61,309,173,136
050,47,159,"Tennessee","Smith County",3,62,293,157,136
050,47,159,"Tennessee","Smith County",3,63,291,143,148
050,47,159,"Tennessee","Smith County",3,64,267,121,146
050,47,159,"Tennessee","Smith County",3,65,257,124,133
050,47,159,"Tennessee","Smith County",3,66,237,125,112
050,47,159,"Tennessee","Smith County",3,67,232,128,104
050,47,159,"Tennessee","Smith County",3,68,216,114,102
050,47,159,"Tennessee","Smith County",3,69,213,102,111
050,47,159,"Tennessee","Smith County",3,70,199,89,110
050,47,159,"Tennessee","Smith County",3,71,196,87,109
050,47,159,"Tennessee","Smith County",3,72,200,94,106
050,47,159,"Tennessee","Smith County",3,73,195,95,100
050,47,159,"Tennessee","Smith County",3,74,218,106,112
050,47,159,"Tennessee","Smith County",3,75,130,62,68
050,47,159,"Tennessee","Smith County",3,76,134,58,76
050,47,159,"Tennessee","Smith County",3,77,127,56,71
050,47,159,"Tennessee","Smith County",3,78,123,55,68
050,47,159,"Tennessee","Smith County",3,79,103,46,57
050,47,159,"Tennessee","Smith County",3,80,85,36,49
050,47,159,"Tennessee","Smith County",3,81,86,40,46
050,47,159,"Tennessee","Smith County",3,82,75,40,35
050,47,159,"Tennessee","Smith County",3,83,64,25,39
050,47,159,"Tennessee","Smith County",3,84,53,22,31
050,47,159,"Tennessee","Smith County",3,85,261,99,162
050,47,159,"Tennessee","Smith County",4,0,227,105,122
050,47,159,"Tennessee","Smith County",4,1,193,99,94
050,47,159,"Tennessee","Smith County",4,2,220,119,101
050,47,159,"Tennessee","Smith County",4,3,245,132,113
050,47,159,"Tennessee","Smith County",4,4,244,128,116
050,47,159,"Tennessee","Smith County",4,5,262,141,121
050,47,159,"Tennessee","Smith County",4,6,258,124,134
050,47,159,"Tennessee","Smith County",4,7,259,126,133
050,47,159,"Tennessee","Smith County",4,8,273,135,138
050,47,159,"Tennessee","Smith County",4,9,259,134,125
050,47,159,"Tennessee","Smith County",4,10,244,134,110
050,47,159,"Tennessee","Smith County",4,11,261,142,119
050,47,159,"Tennessee","Smith County",4,12,273,147,126
050,47,159,"Tennessee","Smith County",4,13,274,138,136
050,47,159,"Tennessee","Smith County",4,14,267,141,126
050,47,159,"Tennessee","Smith County",4,15,279,137,142
050,47,159,"Tennessee","Smith County",4,16,282,144,138
050,47,159,"Tennessee","Smith County",4,17,286,139,147
050,47,159,"Tennessee","Smith County",4,18,234,129,105
050,47,159,"Tennessee","Smith County",4,19,175,92,83
050,47,159,"Tennessee","Smith County",4,20,183,97,86
050,47,159,"Tennessee","Smith County",4,21,232,127,105
050,47,159,"Tennessee","Smith County",4,22,233,131,102
050,47,159,"Tennessee","Smith County",4,23,212,103,109
050,47,159,"Tennessee","Smith County",4,24,275,131,144
050,47,159,"Tennessee","Smith County",4,25,257,128,129
050,47,159,"Tennessee","Smith County",4,26,241,125,116
050,47,159,"Tennessee","Smith County",4,27,255,133,122
050,47,159,"Tennessee","Smith County",4,28,238,110,128
050,47,159,"Tennessee","Smith County",4,29,271,147,124
050,47,159,"Tennessee","Smith County",4,30,270,133,137
050,47,159,"Tennessee","Smith County",4,31,297,155,142
050,47,159,"Tennessee","Smith County",4,32,274,140,134
050,47,159,"Tennessee","Smith County",4,33,255,132,123
050,47,159,"Tennessee","Smith County",4,34,250,125,125
050,47,159,"Tennessee","Smith County",4,35,258,139,119
050,47,159,"Tennessee","Smith County",4,36,251,125,126
050,47,159,"Tennessee","Smith County",4,37,225,115,110
050,47,159,"Tennessee","Smith County",4,38,231,107,124
050,47,159,"Tennessee","Smith County",4,39,275,148,127
050,47,159,"Tennessee","Smith County",4,40,274,130,144
050,47,159,"Tennessee","Smith County",4,41,257,130,127
050,47,159,"Tennessee","Smith County",4,42,253,126,127
050,47,159,"Tennessee","Smith County",4,43,257,127,130
050,47,159,"Tennessee","Smith County",4,44,262,137,125
050,47,159,"Tennessee","Smith County",4,45,241,108,133
050,47,159,"Tennessee","Smith County",4,46,255,131,124
050,47,159,"Tennessee","Smith County",4,47,242,112,130
050,47,159,"Tennessee","Smith County",4,48,241,117,124
050,47,159,"Tennessee","Smith County",4,49,257,121,136
050,47,159,"Tennessee","Smith County",4,50,276,139,137
050,47,159,"Tennessee","Smith County",4,51,294,153,141
050,47,159,"Tennessee","Smith County",4,52,283,143,140
050,47,159,"Tennessee","Smith County",4,53,251,136,115
050,47,159,"Tennessee","Smith County",4,54,274,136,138
050,47,159,"Tennessee","Smith County",4,55,279,147,132
050,47,159,"Tennessee","Smith County",4,56,283,139,144
050,47,159,"Tennessee","Smith County",4,57,314,153,161
050,47,159,"Tennessee","Smith County",4,58,331,174,157
050,47,159,"Tennessee","Smith County",4,59,306,151,155
050,47,159,"Tennessee","Smith County",4,60,328,170,158
050,47,159,"Tennessee","Smith County",4,61,321,168,153
050,47,159,"Tennessee","Smith County",4,62,296,166,130
050,47,159,"Tennessee","Smith County",4,63,294,157,137
050,47,159,"Tennessee","Smith County",4,64,287,144,143
050,47,159,"Tennessee","Smith County",4,65,259,114,145
050,47,159,"Tennessee","Smith County",4,66,256,123,133
050,47,159,"Tennessee","Smith County",4,67,236,123,113
050,47,159,"Tennessee","Smith County",4,68,228,126,102
050,47,159,"Tennessee","Smith County",4,69,214,115,99
050,47,159,"Tennessee","Smith County",4,70,214,102,112
050,47,159,"Tennessee","Smith County",4,71,193,86,107
050,47,159,"Tennessee","Smith County",4,72,190,84,106
050,47,159,"Tennessee","Smith County",4,73,188,89,99
050,47,159,"Tennessee","Smith County",4,74,192,93,99
050,47,159,"Tennessee","Smith County",4,75,204,92,112
050,47,159,"Tennessee","Smith County",4,76,129,60,69
050,47,159,"Tennessee","Smith County",4,77,121,53,68
050,47,159,"Tennessee","Smith County",4,78,122,51,71
050,47,159,"Tennessee","Smith County",4,79,115,51,64
050,47,159,"Tennessee","Smith County",4,80,97,43,54
050,47,159,"Tennessee","Smith County",4,81,85,38,47
050,47,159,"Tennessee","Smith County",4,82,78,35,43
050,47,159,"Tennessee","Smith County",4,83,68,34,34
050,47,159,"Tennessee","Smith County",4,84,61,24,37
050,47,159,"Tennessee","Smith County",4,85,266,102,164
050,47,159,"Tennessee","Smith County",5,0,227,105,122
050,47,159,"Tennessee","Smith County",5,1,232,107,125
050,47,159,"Tennessee","Smith County",5,2,209,109,100
050,47,159,"Tennessee","Smith County",5,3,225,117,108
050,47,159,"Tennessee","Smith County",5,4,253,134,119
050,47,159,"Tennessee","Smith County",5,5,249,131,118
050,47,159,"Tennessee","Smith County",5,6,262,139,123
050,47,159,"Tennessee","Smith County",5,7,251,121,130
050,47,159,"Tennessee","Smith County",5,8,271,135,136
050,47,159,"Tennessee","Smith County",5,9,261,128,133
050,47,159,"Tennessee","Smith County",5,10,259,127,132
050,47,159,"Tennessee","Smith County",5,11,253,145,108
050,47,159,"Tennessee","Smith County",5,12,268,148,120
050,47,159,"Tennessee","Smith County",5,13,269,142,127
050,47,159,"Tennessee","Smith County",5,14,280,138,142
050,47,159,"Tennessee","Smith County",5,15,265,140,125
050,47,159,"Tennessee","Smith County",5,16,275,139,136
050,47,159,"Tennessee","Smith County",5,17,267,140,127
050,47,159,"Tennessee","Smith County",5,18,229,118,111
050,47,159,"Tennessee","Smith County",5,19,177,96,81
050,47,159,"Tennessee","Smith County",5,20,183,90,93
050,47,159,"Tennessee","Smith County",5,21,188,101,87
050,47,159,"Tennessee","Smith County",5,22,255,141,114
050,47,159,"Tennessee","Smith County",5,23,235,130,105
050,47,159,"Tennessee","Smith County",5,24,231,111,120
050,47,159,"Tennessee","Smith County",5,25,271,130,141
050,47,159,"Tennessee","Smith County",5,26,242,120,122
050,47,159,"Tennessee","Smith County",5,27,256,128,128
050,47,159,"Tennessee","Smith County",5,28,258,138,120
050,47,159,"Tennessee","Smith County",5,29,248,121,127
050,47,159,"Tennessee","Smith County",5,30,273,150,123
050,47,159,"Tennessee","Smith County",5,31,274,140,134
050,47,159,"Tennessee","Smith County",5,32,307,150,157
050,47,159,"Tennessee","Smith County",5,33,286,143,143
050,47,159,"Tennessee","Smith County",5,34,255,131,124
050,47,159,"Tennessee","Smith County",5,35,253,128,125
050,47,159,"Tennessee","Smith County",5,36,255,134,121
050,47,159,"Tennessee","Smith County",5,37,254,127,127
050,47,159,"Tennessee","Smith County",5,38,229,118,111
050,47,159,"Tennessee","Smith County",5,39,238,119,119
050,47,159,"Tennessee","Smith County",5,40,272,139,133
050,47,159,"Tennessee","Smith County",5,41,267,126,141
050,47,159,"Tennessee","Smith County",5,42,270,133,137
050,47,159,"Tennessee","Smith County",5,43,252,129,123
050,47,159,"Tennessee","Smith County",5,44,254,121,133
050,47,159,"Tennessee","Smith County",5,45,265,133,132
050,47,159,"Tennessee","Smith County",5,46,247,115,132
050,47,159,"Tennessee","Smith County",5,47,252,129,123
050,47,159,"Tennessee","Smith County",5,48,245,113,132
050,47,159,"Tennessee","Smith County",5,49,249,119,130
050,47,159,"Tennessee","Smith County",5,50,265,123,142
050,47,159,"Tennessee","Smith County",5,51,275,138,137
050,47,159,"Tennessee","Smith County",5,52,307,160,147
050,47,159,"Tennessee","Smith County",5,53,277,140,137
050,47,159,"Tennessee","Smith County",5,54,248,133,115
050,47,159,"Tennessee","Smith County",5,55,272,137,135
050,47,159,"Tennessee","Smith County",5,56,278,150,128
050,47,159,"Tennessee","Smith County",5,57,280,142,138
050,47,159,"Tennessee","Smith County",5,58,315,154,161
050,47,159,"Tennessee","Smith County",5,59,322,167,155
050,47,159,"Tennessee","Smith County",5,60,307,149,158
050,47,159,"Tennessee","Smith County",5,61,316,162,154
050,47,159,"Tennessee","Smith County",5,62,319,169,150
050,47,159,"Tennessee","Smith County",5,63,292,162,130
050,47,159,"Tennessee","Smith County",5,64,302,159,143
050,47,159,"Tennessee","Smith County",5,65,281,141,140
050,47,159,"Tennessee","Smith County",5,66,264,117,147
050,47,159,"Tennessee","Smith County",5,67,248,119,129
050,47,159,"Tennessee","Smith County",5,68,229,118,111
050,47,159,"Tennessee","Smith County",5,69,220,124,96
050,47,159,"Tennessee","Smith County",5,70,211,111,100
050,47,159,"Tennessee","Smith County",5,71,204,99,105
050,47,159,"Tennessee","Smith County",5,72,190,84,106
050,47,159,"Tennessee","Smith County",5,73,182,83,99
050,47,159,"Tennessee","Smith County",5,74,180,87,93
050,47,159,"Tennessee","Smith County",5,75,174,83,91
050,47,159,"Tennessee","Smith County",5,76,194,87,107
050,47,159,"Tennessee","Smith County",5,77,117,55,62
050,47,159,"Tennessee","Smith County",5,78,117,50,67
050,47,159,"Tennessee","Smith County",5,79,110,47,63
050,47,159,"Tennessee","Smith County",5,80,108,47,61
050,47,159,"Tennessee","Smith County",5,81,99,45,54
050,47,159,"Tennessee","Smith County",5,82,76,35,41
050,47,159,"Tennessee","Smith County",5,83,70,28,42
050,47,159,"Tennessee","Smith County",5,84,64,32,32
050,47,159,"Tennessee","Smith County",5,85,279,106,173
050,47,161,"Tennessee","Stewart County",1,0,139,69,70
050,47,161,"Tennessee","Stewart County",1,1,133,61,72
050,47,161,"Tennessee","Stewart County",1,2,144,73,71
050,47,161,"Tennessee","Stewart County",1,3,152,80,72
050,47,161,"Tennessee","Stewart County",1,4,151,78,73
050,47,161,"Tennessee","Stewart County",1,5,154,73,81
050,47,161,"Tennessee","Stewart County",1,6,148,76,72
050,47,161,"Tennessee","Stewart County",1,7,157,71,86
050,47,161,"Tennessee","Stewart County",1,8,133,56,77
050,47,161,"Tennessee","Stewart County",1,9,161,81,80
050,47,161,"Tennessee","Stewart County",1,10,163,87,76
050,47,161,"Tennessee","Stewart County",1,11,143,70,73
050,47,161,"Tennessee","Stewart County",1,12,170,85,85
050,47,161,"Tennessee","Stewart County",1,13,178,94,84
050,47,161,"Tennessee","Stewart County",1,14,194,100,94
050,47,161,"Tennessee","Stewart County",1,15,180,95,85
050,47,161,"Tennessee","Stewart County",1,16,180,99,81
050,47,161,"Tennessee","Stewart County",1,17,178,98,80
050,47,161,"Tennessee","Stewart County",1,18,162,96,66
050,47,161,"Tennessee","Stewart County",1,19,143,83,60
050,47,161,"Tennessee","Stewart County",1,20,122,65,57
050,47,161,"Tennessee","Stewart County",1,21,138,77,61
050,47,161,"Tennessee","Stewart County",1,22,134,72,62
050,47,161,"Tennessee","Stewart County",1,23,159,90,69
050,47,161,"Tennessee","Stewart County",1,24,140,78,62
050,47,161,"Tennessee","Stewart County",1,25,149,80,69
050,47,161,"Tennessee","Stewart County",1,26,143,59,84
050,47,161,"Tennessee","Stewart County",1,27,141,69,72
050,47,161,"Tennessee","Stewart County",1,28,169,94,75
050,47,161,"Tennessee","Stewart County",1,29,167,83,84
050,47,161,"Tennessee","Stewart County",1,30,150,79,71
050,47,161,"Tennessee","Stewart County",1,31,163,99,64
050,47,161,"Tennessee","Stewart County",1,32,151,83,68
050,47,161,"Tennessee","Stewart County",1,33,139,70,69
050,47,161,"Tennessee","Stewart County",1,34,150,69,81
050,47,161,"Tennessee","Stewart County",1,35,150,70,80
050,47,161,"Tennessee","Stewart County",1,36,134,65,69
050,47,161,"Tennessee","Stewart County",1,37,149,79,70
050,47,161,"Tennessee","Stewart County",1,38,187,92,95
050,47,161,"Tennessee","Stewart County",1,39,168,93,75
050,47,161,"Tennessee","Stewart County",1,40,154,88,66
050,47,161,"Tennessee","Stewart County",1,41,151,80,71
050,47,161,"Tennessee","Stewart County",1,42,169,90,79
050,47,161,"Tennessee","Stewart County",1,43,167,87,80
050,47,161,"Tennessee","Stewart County",1,44,140,66,74
050,47,161,"Tennessee","Stewart County",1,45,172,86,86
050,47,161,"Tennessee","Stewart County",1,46,162,79,83
050,47,161,"Tennessee","Stewart County",1,47,170,87,83
050,47,161,"Tennessee","Stewart County",1,48,184,94,90
050,47,161,"Tennessee","Stewart County",1,49,184,97,87
050,47,161,"Tennessee","Stewart County",1,50,186,97,89
050,47,161,"Tennessee","Stewart County",1,51,172,83,89
050,47,161,"Tennessee","Stewart County",1,52,201,100,101
050,47,161,"Tennessee","Stewart County",1,53,217,113,104
050,47,161,"Tennessee","Stewart County",1,54,202,94,108
050,47,161,"Tennessee","Stewart County",1,55,221,106,115
050,47,161,"Tennessee","Stewart County",1,56,230,122,108
050,47,161,"Tennessee","Stewart County",1,57,216,119,97
050,47,161,"Tennessee","Stewart County",1,58,207,111,96
050,47,161,"Tennessee","Stewart County",1,59,198,104,94
050,47,161,"Tennessee","Stewart County",1,60,202,114,88
050,47,161,"Tennessee","Stewart County",1,61,198,103,95
050,47,161,"Tennessee","Stewart County",1,62,204,86,118
050,47,161,"Tennessee","Stewart County",1,63,207,92,115
050,47,161,"Tennessee","Stewart County",1,64,211,101,110
050,47,161,"Tennessee","Stewart County",1,65,200,91,109
050,47,161,"Tennessee","Stewart County",1,66,192,98,94
050,47,161,"Tennessee","Stewart County",1,67,193,102,91
050,47,161,"Tennessee","Stewart County",1,68,170,72,98
050,47,161,"Tennessee","Stewart County",1,69,173,82,91
050,47,161,"Tennessee","Stewart County",1,70,158,74,84
050,47,161,"Tennessee","Stewart County",1,71,163,81,82
050,47,161,"Tennessee","Stewart County",1,72,175,90,85
050,47,161,"Tennessee","Stewart County",1,73,163,83,80
050,47,161,"Tennessee","Stewart County",1,74,113,52,61
050,47,161,"Tennessee","Stewart County",1,75,113,48,65
050,47,161,"Tennessee","Stewart County",1,76,113,51,62
050,47,161,"Tennessee","Stewart County",1,77,107,49,58
050,47,161,"Tennessee","Stewart County",1,78,94,47,47
050,47,161,"Tennessee","Stewart County",1,79,91,33,58
050,47,161,"Tennessee","Stewart County",1,80,76,31,45
050,47,161,"Tennessee","Stewart County",1,81,68,31,37
050,47,161,"Tennessee","Stewart County",1,82,61,26,35
050,47,161,"Tennessee","Stewart County",1,83,50,22,28
050,47,161,"Tennessee","Stewart County",1,84,52,22,30
050,47,161,"Tennessee","Stewart County",1,85,240,90,150
050,47,161,"Tennessee","Stewart County",2,0,137,64,73
050,47,161,"Tennessee","Stewart County",2,1,135,64,71
050,47,161,"Tennessee","Stewart County",2,2,144,72,72
050,47,161,"Tennessee","Stewart County",2,3,151,80,71
050,47,161,"Tennessee","Stewart County",2,4,152,78,74
050,47,161,"Tennessee","Stewart County",2,5,154,74,80
050,47,161,"Tennessee","Stewart County",2,6,155,77,78
050,47,161,"Tennessee","Stewart County",2,7,156,71,85
050,47,161,"Tennessee","Stewart County",2,8,139,60,79
050,47,161,"Tennessee","Stewart County",2,9,156,75,81
050,47,161,"Tennessee","Stewart County",2,10,164,85,79
050,47,161,"Tennessee","Stewart County",2,11,147,73,74
050,47,161,"Tennessee","Stewart County",2,12,166,83,83
050,47,161,"Tennessee","Stewart County",2,13,178,94,84
050,47,161,"Tennessee","Stewart County",2,14,191,100,91
050,47,161,"Tennessee","Stewart County",2,15,187,98,89
050,47,161,"Tennessee","Stewart County",2,16,181,99,82
050,47,161,"Tennessee","Stewart County",2,17,178,99,79
050,47,161,"Tennessee","Stewart County",2,18,159,94,65
050,47,161,"Tennessee","Stewart County",2,19,144,87,57
050,47,161,"Tennessee","Stewart County",2,20,124,65,59
050,47,161,"Tennessee","Stewart County",2,21,138,78,60
050,47,161,"Tennessee","Stewart County",2,22,133,73,60
050,47,161,"Tennessee","Stewart County",2,23,156,90,66
050,47,161,"Tennessee","Stewart County",2,24,144,78,66
050,47,161,"Tennessee","Stewart County",2,25,147,80,67
050,47,161,"Tennessee","Stewart County",2,26,147,62,85
050,47,161,"Tennessee","Stewart County",2,27,138,67,71
050,47,161,"Tennessee","Stewart County",2,28,165,90,75
050,47,161,"Tennessee","Stewart County",2,29,165,84,81
050,47,161,"Tennessee","Stewart County",2,30,154,79,75
050,47,161,"Tennessee","Stewart County",2,31,165,99,66
050,47,161,"Tennessee","Stewart County",2,32,152,85,67
050,47,161,"Tennessee","Stewart County",2,33,141,73,68
050,47,161,"Tennessee","Stewart County",2,34,153,71,82
050,47,161,"Tennessee","Stewart County",2,35,153,72,81
050,47,161,"Tennessee","Stewart County",2,36,137,67,70
050,47,161,"Tennessee","Stewart County",2,37,148,77,71
050,47,161,"Tennessee","Stewart County",2,38,181,92,89
050,47,161,"Tennessee","Stewart County",2,39,172,93,79
050,47,161,"Tennessee","Stewart County",2,40,160,91,69
050,47,161,"Tennessee","Stewart County",2,41,152,82,70
050,47,161,"Tennessee","Stewart County",2,42,165,88,77
050,47,161,"Tennessee","Stewart County",2,43,169,88,81
050,47,161,"Tennessee","Stewart County",2,44,147,71,76
050,47,161,"Tennessee","Stewart County",2,45,169,85,84
050,47,161,"Tennessee","Stewart County",2,46,161,76,85
050,47,161,"Tennessee","Stewart County",2,47,167,86,81
050,47,161,"Tennessee","Stewart County",2,48,183,95,88
050,47,161,"Tennessee","Stewart County",2,49,184,95,89
050,47,161,"Tennessee","Stewart County",2,50,185,96,89
050,47,161,"Tennessee","Stewart County",2,51,175,86,89
050,47,161,"Tennessee","Stewart County",2,52,196,98,98
050,47,161,"Tennessee","Stewart County",2,53,212,109,103
050,47,161,"Tennessee","Stewart County",2,54,204,98,106
050,47,161,"Tennessee","Stewart County",2,55,216,103,113
050,47,161,"Tennessee","Stewart County",2,56,228,118,110
050,47,161,"Tennessee","Stewart County",2,57,221,121,100
050,47,161,"Tennessee","Stewart County",2,58,210,114,96
050,47,161,"Tennessee","Stewart County",2,59,203,107,96
050,47,161,"Tennessee","Stewart County",2,60,201,111,90
050,47,161,"Tennessee","Stewart County",2,61,200,107,93
050,47,161,"Tennessee","Stewart County",2,62,203,89,114
050,47,161,"Tennessee","Stewart County",2,63,208,92,116
050,47,161,"Tennessee","Stewart County",2,64,208,98,110
050,47,161,"Tennessee","Stewart County",2,65,205,94,111
050,47,161,"Tennessee","Stewart County",2,66,196,97,99
050,47,161,"Tennessee","Stewart County",2,67,194,101,93
050,47,161,"Tennessee","Stewart County",2,68,176,79,97
050,47,161,"Tennessee","Stewart County",2,69,176,81,95
050,47,161,"Tennessee","Stewart County",2,70,161,76,85
050,47,161,"Tennessee","Stewart County",2,71,162,78,84
050,47,161,"Tennessee","Stewart County",2,72,167,87,80
050,47,161,"Tennessee","Stewart County",2,73,174,88,86
050,47,161,"Tennessee","Stewart County",2,74,116,55,61
050,47,161,"Tennessee","Stewart County",2,75,114,49,65
050,47,161,"Tennessee","Stewart County",2,76,113,50,63
050,47,161,"Tennessee","Stewart County",2,77,108,50,58
050,47,161,"Tennessee","Stewart County",2,78,95,47,48
050,47,161,"Tennessee","Stewart County",2,79,90,37,53
050,47,161,"Tennessee","Stewart County",2,80,77,30,47
050,47,161,"Tennessee","Stewart County",2,81,69,31,38
050,47,161,"Tennessee","Stewart County",2,82,62,27,35
050,47,161,"Tennessee","Stewart County",2,83,50,20,30
050,47,161,"Tennessee","Stewart County",2,84,52,22,30
050,47,161,"Tennessee","Stewart County",2,85,235,89,146
050,47,161,"Tennessee","Stewart County",3,0,122,62,60
050,47,161,"Tennessee","Stewart County",3,1,149,73,76
050,47,161,"Tennessee","Stewart County",3,2,142,68,74
050,47,161,"Tennessee","Stewart County",3,3,147,75,72
050,47,161,"Tennessee","Stewart County",3,4,162,89,73
050,47,161,"Tennessee","Stewart County",3,5,152,78,74
050,47,161,"Tennessee","Stewart County",3,6,147,77,70
050,47,161,"Tennessee","Stewart County",3,7,160,83,77
050,47,161,"Tennessee","Stewart County",3,8,151,69,82
050,47,161,"Tennessee","Stewart County",3,9,137,50,87
050,47,161,"Tennessee","Stewart County",3,10,151,81,70
050,47,161,"Tennessee","Stewart County",3,11,177,90,87
050,47,161,"Tennessee","Stewart County",3,12,153,82,71
050,47,161,"Tennessee","Stewart County",3,13,167,87,80
050,47,161,"Tennessee","Stewart County",3,14,187,96,91
050,47,161,"Tennessee","Stewart County",3,15,190,95,95
050,47,161,"Tennessee","Stewart County",3,16,192,103,89
050,47,161,"Tennessee","Stewart County",3,17,179,97,82
050,47,161,"Tennessee","Stewart County",3,18,167,95,72
050,47,161,"Tennessee","Stewart County",3,19,131,84,47
050,47,161,"Tennessee","Stewart County",3,20,133,72,61
050,47,161,"Tennessee","Stewart County",3,21,146,82,64
050,47,161,"Tennessee","Stewart County",3,22,144,76,68
050,47,161,"Tennessee","Stewart County",3,23,145,81,64
050,47,161,"Tennessee","Stewart County",3,24,145,77,68
050,47,161,"Tennessee","Stewart County",3,25,147,83,64
050,47,161,"Tennessee","Stewart County",3,26,158,73,85
050,47,161,"Tennessee","Stewart County",3,27,142,68,74
050,47,161,"Tennessee","Stewart County",3,28,146,74,72
050,47,161,"Tennessee","Stewart County",3,29,157,81,76
050,47,161,"Tennessee","Stewart County",3,30,165,86,79
050,47,161,"Tennessee","Stewart County",3,31,184,100,84
050,47,161,"Tennessee","Stewart County",3,32,160,87,73
050,47,161,"Tennessee","Stewart County",3,33,147,79,68
050,47,161,"Tennessee","Stewart County",3,34,153,81,72
050,47,161,"Tennessee","Stewart County",3,35,148,72,76
050,47,161,"Tennessee","Stewart County",3,36,155,74,81
050,47,161,"Tennessee","Stewart County",3,37,148,75,73
050,47,161,"Tennessee","Stewart County",3,38,161,83,78
050,47,161,"Tennessee","Stewart County",3,39,169,80,89
050,47,161,"Tennessee","Stewart County",3,40,178,96,82
050,47,161,"Tennessee","Stewart County",3,41,151,85,66
050,47,161,"Tennessee","Stewart County",3,42,160,87,73
050,47,161,"Tennessee","Stewart County",3,43,162,83,79
050,47,161,"Tennessee","Stewart County",3,44,174,92,82
050,47,161,"Tennessee","Stewart County",3,45,167,84,83
050,47,161,"Tennessee","Stewart County",3,46,163,72,91
050,47,161,"Tennessee","Stewart County",3,47,156,79,77
050,47,161,"Tennessee","Stewart County",3,48,173,91,82
050,47,161,"Tennessee","Stewart County",3,49,186,94,92
050,47,161,"Tennessee","Stewart County",3,50,188,96,92
050,47,161,"Tennessee","Stewart County",3,51,193,98,95
050,47,161,"Tennessee","Stewart County",3,52,178,88,90
050,47,161,"Tennessee","Stewart County",3,53,194,92,102
050,47,161,"Tennessee","Stewart County",3,54,215,110,105
050,47,161,"Tennessee","Stewart County",3,55,217,106,111
050,47,161,"Tennessee","Stewart County",3,56,213,98,115
050,47,161,"Tennessee","Stewart County",3,57,237,118,119
050,47,161,"Tennessee","Stewart County",3,58,215,119,96
050,47,161,"Tennessee","Stewart County",3,59,211,118,93
050,47,161,"Tennessee","Stewart County",3,60,196,108,88
050,47,161,"Tennessee","Stewart County",3,61,208,115,93
050,47,161,"Tennessee","Stewart County",3,62,195,102,93
050,47,161,"Tennessee","Stewart County",3,63,202,89,113
050,47,161,"Tennessee","Stewart County",3,64,203,87,116
050,47,161,"Tennessee","Stewart County",3,65,207,98,109
050,47,161,"Tennessee","Stewart County",3,66,207,101,106
050,47,161,"Tennessee","Stewart County",3,67,192,93,99
050,47,161,"Tennessee","Stewart County",3,68,196,101,95
050,47,161,"Tennessee","Stewart County",3,69,169,75,94
050,47,161,"Tennessee","Stewart County",3,70,171,79,92
050,47,161,"Tennessee","Stewart County",3,71,150,73,77
050,47,161,"Tennessee","Stewart County",3,72,156,73,83
050,47,161,"Tennessee","Stewart County",3,73,160,81,79
050,47,161,"Tennessee","Stewart County",3,74,172,87,85
050,47,161,"Tennessee","Stewart County",3,75,112,50,62
050,47,161,"Tennessee","Stewart County",3,76,110,47,63
050,47,161,"Tennessee","Stewart County",3,77,103,44,59
050,47,161,"Tennessee","Stewart County",3,78,103,50,53
050,47,161,"Tennessee","Stewart County",3,79,89,45,44
050,47,161,"Tennessee","Stewart County",3,80,83,34,49
050,47,161,"Tennessee","Stewart County",3,81,72,30,42
050,47,161,"Tennessee","Stewart County",3,82,62,29,33
050,47,161,"Tennessee","Stewart County",3,83,54,25,29
050,47,161,"Tennessee","Stewart County",3,84,48,19,29
050,47,161,"Tennessee","Stewart County",3,85,241,90,151
050,47,161,"Tennessee","Stewart County",4,0,130,68,62
050,47,161,"Tennessee","Stewart County",4,1,123,64,59
050,47,161,"Tennessee","Stewart County",4,2,152,81,71
050,47,161,"Tennessee","Stewart County",4,3,143,67,76
050,47,161,"Tennessee","Stewart County",4,4,168,94,74
050,47,161,"Tennessee","Stewart County",4,5,165,87,78
050,47,161,"Tennessee","Stewart County",4,6,163,79,84
050,47,161,"Tennessee","Stewart County",4,7,162,80,82
050,47,161,"Tennessee","Stewart County",4,8,175,87,88
050,47,161,"Tennessee","Stewart County",4,9,158,75,83
050,47,161,"Tennessee","Stewart County",4,10,141,56,85
050,47,161,"Tennessee","Stewart County",4,11,170,82,88
050,47,161,"Tennessee","Stewart County",4,12,179,90,89
050,47,161,"Tennessee","Stewart County",4,13,167,90,77
050,47,161,"Tennessee","Stewart County",4,14,181,89,92
050,47,161,"Tennessee","Stewart County",4,15,181,98,83
050,47,161,"Tennessee","Stewart County",4,16,187,93,94
050,47,161,"Tennessee","Stewart County",4,17,184,98,86
050,47,161,"Tennessee","Stewart County",4,18,154,88,66
050,47,161,"Tennessee","Stewart County",4,19,134,84,50
050,47,161,"Tennessee","Stewart County",4,20,121,71,50
050,47,161,"Tennessee","Stewart County",4,21,145,82,63
050,47,161,"Tennessee","Stewart County",4,22,143,83,60
050,47,161,"Tennessee","Stewart County",4,23,169,90,79
050,47,161,"Tennessee","Stewart County",4,24,140,80,60
050,47,161,"Tennessee","Stewart County",4,25,146,81,65
050,47,161,"Tennessee","Stewart County",4,26,173,82,91
050,47,161,"Tennessee","Stewart County",4,27,152,78,74
050,47,161,"Tennessee","Stewart County",4,28,165,83,82
050,47,161,"Tennessee","Stewart County",4,29,139,70,69
050,47,161,"Tennessee","Stewart County",4,30,161,84,77
050,47,161,"Tennessee","Stewart County",4,31,182,101,81
050,47,161,"Tennessee","Stewart County",4,32,182,94,88
050,47,161,"Tennessee","Stewart County",4,33,157,82,75
050,47,161,"Tennessee","Stewart County",4,34,158,84,74
050,47,161,"Tennessee","Stewart County",4,35,160,81,79
050,47,161,"Tennessee","Stewart County",4,36,153,72,81
050,47,161,"Tennessee","Stewart County",4,37,154,79,75
050,47,161,"Tennessee","Stewart County",4,38,157,80,77
050,47,161,"Tennessee","Stewart County",4,39,163,85,78
050,47,161,"Tennessee","Stewart County",4,40,174,83,91
050,47,161,"Tennessee","Stewart County",4,41,180,96,84
050,47,161,"Tennessee","Stewart County",4,42,153,85,68
050,47,161,"Tennessee","Stewart County",4,43,158,88,70
050,47,161,"Tennessee","Stewart County",4,44,166,83,83
050,47,161,"Tennessee","Stewart County",4,45,183,99,84
050,47,161,"Tennessee","Stewart County",4,46,154,69,85
050,47,161,"Tennessee","Stewart County",4,47,167,73,94
050,47,161,"Tennessee","Stewart County",4,48,160,81,79
050,47,161,"Tennessee","Stewart County",4,49,170,89,81
050,47,161,"Tennessee","Stewart County",4,50,179,93,86
050,47,161,"Tennessee","Stewart County",4,51,185,94,91
050,47,161,"Tennessee","Stewart County",4,52,206,105,101
050,47,161,"Tennessee","Stewart County",4,53,171,82,89
050,47,161,"Tennessee","Stewart County",4,54,200,97,103
050,47,161,"Tennessee","Stewart County",4,55,222,113,109
050,47,161,"Tennessee","Stewart County",4,56,225,108,117
050,47,161,"Tennessee","Stewart County",4,57,224,108,116
050,47,161,"Tennessee","Stewart County",4,58,241,121,120
050,47,161,"Tennessee","Stewart County",4,59,225,121,104
050,47,161,"Tennessee","Stewart County",4,60,216,123,93
050,47,161,"Tennessee","Stewart County",4,61,195,112,83
050,47,161,"Tennessee","Stewart County",4,62,200,109,91
050,47,161,"Tennessee","Stewart County",4,63,193,102,91
050,47,161,"Tennessee","Stewart County",4,64,198,86,112
050,47,161,"Tennessee","Stewart County",4,65,202,85,117
050,47,161,"Tennessee","Stewart County",4,66,209,103,106
050,47,161,"Tennessee","Stewart County",4,67,209,101,108
050,47,161,"Tennessee","Stewart County",4,68,188,89,99
050,47,161,"Tennessee","Stewart County",4,69,188,94,94
050,47,161,"Tennessee","Stewart County",4,70,162,73,89
050,47,161,"Tennessee","Stewart County",4,71,164,77,87
050,47,161,"Tennessee","Stewart County",4,72,146,70,76
050,47,161,"Tennessee","Stewart County",4,73,154,70,84
050,47,161,"Tennessee","Stewart County",4,74,157,75,82
050,47,161,"Tennessee","Stewart County",4,75,165,80,85
050,47,161,"Tennessee","Stewart County",4,76,103,48,55
050,47,161,"Tennessee","Stewart County",4,77,101,41,60
050,47,161,"Tennessee","Stewart County",4,78,98,41,57
050,47,161,"Tennessee","Stewart County",4,79,92,47,45
050,47,161,"Tennessee","Stewart County",4,80,75,41,34
050,47,161,"Tennessee","Stewart County",4,81,82,37,45
050,47,161,"Tennessee","Stewart County",4,82,71,28,43
050,47,161,"Tennessee","Stewart County",4,83,54,25,29
050,47,161,"Tennessee","Stewart County",4,84,47,18,29
050,47,161,"Tennessee","Stewart County",4,85,245,96,149
050,47,161,"Tennessee","Stewart County",5,0,128,67,61
050,47,161,"Tennessee","Stewart County",5,1,134,75,59
050,47,161,"Tennessee","Stewart County",5,2,132,68,64
050,47,161,"Tennessee","Stewart County",5,3,152,75,77
050,47,161,"Tennessee","Stewart County",5,4,148,65,83
050,47,161,"Tennessee","Stewart County",5,5,180,99,81
050,47,161,"Tennessee","Stewart County",5,6,170,84,86
050,47,161,"Tennessee","Stewart County",5,7,165,83,82
050,47,161,"Tennessee","Stewart County",5,8,159,82,77
050,47,161,"Tennessee","Stewart County",5,9,177,90,87
050,47,161,"Tennessee","Stewart County",5,10,166,80,86
050,47,161,"Tennessee","Stewart County",5,11,144,56,88
050,47,161,"Tennessee","Stewart County",5,12,176,92,84
050,47,161,"Tennessee","Stewart County",5,13,175,93,82
050,47,161,"Tennessee","Stewart County",5,14,162,89,73
050,47,161,"Tennessee","Stewart County",5,15,179,89,90
050,47,161,"Tennessee","Stewart County",5,16,186,102,84
050,47,161,"Tennessee","Stewart County",5,17,193,92,101
050,47,161,"Tennessee","Stewart County",5,18,155,84,71
050,47,161,"Tennessee","Stewart County",5,19,130,83,47
050,47,161,"Tennessee","Stewart County",5,20,133,74,59
050,47,161,"Tennessee","Stewart County",5,21,139,85,54
050,47,161,"Tennessee","Stewart County",5,22,148,83,65
050,47,161,"Tennessee","Stewart County",5,23,163,106,57
050,47,161,"Tennessee","Stewart County",5,24,176,91,85
050,47,161,"Tennessee","Stewart County",5,25,139,78,61
050,47,161,"Tennessee","Stewart County",5,26,167,81,86
050,47,161,"Tennessee","Stewart County",5,27,154,85,69
050,47,161,"Tennessee","Stewart County",5,28,163,86,77
050,47,161,"Tennessee","Stewart County",5,29,156,80,76
050,47,161,"Tennessee","Stewart County",5,30,156,82,74
050,47,161,"Tennessee","Stewart County",5,31,188,103,85
050,47,161,"Tennessee","Stewart County",5,32,184,99,85
050,47,161,"Tennessee","Stewart County",5,33,177,82,95
050,47,161,"Tennessee","Stewart County",5,34,163,84,79
050,47,161,"Tennessee","Stewart County",5,35,149,80,69
050,47,161,"Tennessee","Stewart County",5,36,174,87,87
050,47,161,"Tennessee","Stewart County",5,37,148,67,81
050,47,161,"Tennessee","Stewart County",5,38,170,87,83
050,47,161,"Tennessee","Stewart County",5,39,145,73,72
050,47,161,"Tennessee","Stewart County",5,40,177,97,80
050,47,161,"Tennessee","Stewart County",5,41,170,79,91
050,47,161,"Tennessee","Stewart County",5,42,192,94,98
050,47,161,"Tennessee","Stewart County",5,43,156,86,70
050,47,161,"Tennessee","Stewart County",5,44,160,88,72
050,47,161,"Tennessee","Stewart County",5,45,177,99,78
050,47,161,"Tennessee","Stewart County",5,46,183,93,90
050,47,161,"Tennessee","Stewart County",5,47,152,71,81
050,47,161,"Tennessee","Stewart County",5,48,167,74,93
050,47,161,"Tennessee","Stewart County",5,49,153,77,76
050,47,161,"Tennessee","Stewart County",5,50,167,88,79
050,47,161,"Tennessee","Stewart County",5,51,185,88,97
050,47,161,"Tennessee","Stewart County",5,52,192,100,92
050,47,161,"Tennessee","Stewart County",5,53,211,106,105
050,47,161,"Tennessee","Stewart County",5,54,176,87,89
050,47,161,"Tennessee","Stewart County",5,55,201,95,106
050,47,161,"Tennessee","Stewart County",5,56,234,120,114
050,47,161,"Tennessee","Stewart County",5,57,237,116,121
050,47,161,"Tennessee","Stewart County",5,58,231,110,121
050,47,161,"Tennessee","Stewart County",5,59,248,124,124
050,47,161,"Tennessee","Stewart County",5,60,235,124,111
050,47,161,"Tennessee","Stewart County",5,61,223,131,92
050,47,161,"Tennessee","Stewart County",5,62,205,112,93
050,47,161,"Tennessee","Stewart County",5,63,202,110,92
050,47,161,"Tennessee","Stewart County",5,64,184,97,87
050,47,161,"Tennessee","Stewart County",5,65,203,93,110
050,47,161,"Tennessee","Stewart County",5,66,203,86,117
050,47,161,"Tennessee","Stewart County",5,67,206,101,105
050,47,161,"Tennessee","Stewart County",5,68,212,100,112
050,47,161,"Tennessee","Stewart County",5,69,184,86,98
050,47,161,"Tennessee","Stewart County",5,70,180,90,90
050,47,161,"Tennessee","Stewart County",5,71,160,72,88
050,47,161,"Tennessee","Stewart County",5,72,163,75,88
050,47,161,"Tennessee","Stewart County",5,73,145,68,77
050,47,161,"Tennessee","Stewart County",5,74,151,69,82
050,47,161,"Tennessee","Stewart County",5,75,154,72,82
050,47,161,"Tennessee","Stewart County",5,76,155,73,82
050,47,161,"Tennessee","Stewart County",5,77,96,42,54
050,47,161,"Tennessee","Stewart County",5,78,96,40,56
050,47,161,"Tennessee","Stewart County",5,79,90,39,51
050,47,161,"Tennessee","Stewart County",5,80,83,47,36
050,47,161,"Tennessee","Stewart County",5,81,69,41,28
050,47,161,"Tennessee","Stewart County",5,82,78,33,45
050,47,161,"Tennessee","Stewart County",5,83,65,25,40
050,47,161,"Tennessee","Stewart County",5,84,48,19,29
050,47,161,"Tennessee","Stewart County",5,85,260,103,157
050,47,163,"Tennessee","Sullivan County",1,0,1475,750,725
050,47,163,"Tennessee","Sullivan County",1,1,1482,745,737
050,47,163,"Tennessee","Sullivan County",1,2,1482,762,720
050,47,163,"Tennessee","Sullivan County",1,3,1556,825,731
050,47,163,"Tennessee","Sullivan County",1,4,1511,778,733
050,47,163,"Tennessee","Sullivan County",1,5,1604,813,791
050,47,163,"Tennessee","Sullivan County",1,6,1643,844,799
050,47,163,"Tennessee","Sullivan County",1,7,1658,873,785
050,47,163,"Tennessee","Sullivan County",1,8,1637,855,782
050,47,163,"Tennessee","Sullivan County",1,9,1666,843,823
050,47,163,"Tennessee","Sullivan County",1,10,1745,870,875
050,47,163,"Tennessee","Sullivan County",1,11,1809,928,881
050,47,163,"Tennessee","Sullivan County",1,12,1924,977,947
050,47,163,"Tennessee","Sullivan County",1,13,1889,942,947
050,47,163,"Tennessee","Sullivan County",1,14,1895,981,914
050,47,163,"Tennessee","Sullivan County",1,15,1848,972,876
050,47,163,"Tennessee","Sullivan County",1,16,1888,981,907
050,47,163,"Tennessee","Sullivan County",1,17,1893,976,917
050,47,163,"Tennessee","Sullivan County",1,18,1653,840,813
050,47,163,"Tennessee","Sullivan County",1,19,1442,772,670
050,47,163,"Tennessee","Sullivan County",1,20,1552,826,726
050,47,163,"Tennessee","Sullivan County",1,21,1657,833,824
050,47,163,"Tennessee","Sullivan County",1,22,1685,838,847
050,47,163,"Tennessee","Sullivan County",1,23,1758,891,867
050,47,163,"Tennessee","Sullivan County",1,24,1837,955,882
050,47,163,"Tennessee","Sullivan County",1,25,1834,938,896
050,47,163,"Tennessee","Sullivan County",1,26,1891,949,942
050,47,163,"Tennessee","Sullivan County",1,27,1982,1035,947
050,47,163,"Tennessee","Sullivan County",1,28,2012,1012,1000
050,47,163,"Tennessee","Sullivan County",1,29,2014,1018,996
050,47,163,"Tennessee","Sullivan County",1,30,1911,971,940
050,47,163,"Tennessee","Sullivan County",1,31,1885,925,960
050,47,163,"Tennessee","Sullivan County",1,32,1842,904,938
050,47,163,"Tennessee","Sullivan County",1,33,1795,885,910
050,47,163,"Tennessee","Sullivan County",1,34,1761,898,863
050,47,163,"Tennessee","Sullivan County",1,35,1716,862,854
050,47,163,"Tennessee","Sullivan County",1,36,1687,867,820
050,47,163,"Tennessee","Sullivan County",1,37,1785,917,868
050,47,163,"Tennessee","Sullivan County",1,38,1772,888,884
050,47,163,"Tennessee","Sullivan County",1,39,1728,842,886
050,47,163,"Tennessee","Sullivan County",1,40,1800,870,930
050,47,163,"Tennessee","Sullivan County",1,41,1779,848,931
050,47,163,"Tennessee","Sullivan County",1,42,1858,919,939
050,47,163,"Tennessee","Sullivan County",1,43,1850,918,932
050,47,163,"Tennessee","Sullivan County",1,44,1819,892,927
050,47,163,"Tennessee","Sullivan County",1,45,1919,956,963
050,47,163,"Tennessee","Sullivan County",1,46,1934,970,964
050,47,163,"Tennessee","Sullivan County",1,47,2082,1023,1059
050,47,163,"Tennessee","Sullivan County",1,48,2265,1122,1143
050,47,163,"Tennessee","Sullivan County",1,49,2430,1217,1213
050,47,163,"Tennessee","Sullivan County",1,50,2261,1133,1128
050,47,163,"Tennessee","Sullivan County",1,51,2172,1065,1107
050,47,163,"Tennessee","Sullivan County",1,52,2191,1093,1098
050,47,163,"Tennessee","Sullivan County",1,53,2245,1113,1132
050,47,163,"Tennessee","Sullivan County",1,54,2246,1122,1124
050,47,163,"Tennessee","Sullivan County",1,55,2318,1147,1171
050,47,163,"Tennessee","Sullivan County",1,56,2347,1174,1173
050,47,163,"Tennessee","Sullivan County",1,57,2398,1198,1200
050,47,163,"Tennessee","Sullivan County",1,58,2375,1161,1214
050,47,163,"Tennessee","Sullivan County",1,59,2274,1058,1216
050,47,163,"Tennessee","Sullivan County",1,60,2232,1084,1148
050,47,163,"Tennessee","Sullivan County",1,61,2321,1150,1171
050,47,163,"Tennessee","Sullivan County",1,62,2350,1150,1200
050,47,163,"Tennessee","Sullivan County",1,63,2286,1087,1199
050,47,163,"Tennessee","Sullivan County",1,64,2239,1075,1164
050,47,163,"Tennessee","Sullivan County",1,65,2159,1026,1133
050,47,163,"Tennessee","Sullivan County",1,66,2159,1007,1152
050,47,163,"Tennessee","Sullivan County",1,67,2115,1002,1113
050,47,163,"Tennessee","Sullivan County",1,68,2122,1014,1108
050,47,163,"Tennessee","Sullivan County",1,69,1908,898,1010
050,47,163,"Tennessee","Sullivan County",1,70,1883,868,1015
050,47,163,"Tennessee","Sullivan County",1,71,1903,885,1018
050,47,163,"Tennessee","Sullivan County",1,72,1990,924,1066
050,47,163,"Tennessee","Sullivan County",1,73,2023,947,1076
050,47,163,"Tennessee","Sullivan County",1,74,1410,655,755
050,47,163,"Tennessee","Sullivan County",1,75,1454,663,791
050,47,163,"Tennessee","Sullivan County",1,76,1529,731,798
050,47,163,"Tennessee","Sullivan County",1,77,1460,673,787
050,47,163,"Tennessee","Sullivan County",1,78,1292,597,695
050,47,163,"Tennessee","Sullivan County",1,79,1147,500,647
050,47,163,"Tennessee","Sullivan County",1,80,1008,403,605
050,47,163,"Tennessee","Sullivan County",1,81,916,409,507
050,47,163,"Tennessee","Sullivan County",1,82,861,368,493
050,47,163,"Tennessee","Sullivan County",1,83,739,306,433
050,47,163,"Tennessee","Sullivan County",1,84,718,311,407
050,47,163,"Tennessee","Sullivan County",1,85,3571,1277,2294
050,47,163,"Tennessee","Sullivan County",2,0,1478,752,726
050,47,163,"Tennessee","Sullivan County",2,1,1474,741,733
050,47,163,"Tennessee","Sullivan County",2,2,1490,764,726
050,47,163,"Tennessee","Sullivan County",2,3,1534,810,724
050,47,163,"Tennessee","Sullivan County",2,4,1534,798,736
050,47,163,"Tennessee","Sullivan County",2,5,1587,809,778
050,47,163,"Tennessee","Sullivan County",2,6,1638,839,799
050,47,163,"Tennessee","Sullivan County",2,7,1654,864,790
050,47,163,"Tennessee","Sullivan County",2,8,1640,858,782
050,47,163,"Tennessee","Sullivan County",2,9,1657,845,812
050,47,163,"Tennessee","Sullivan County",2,10,1730,865,865
050,47,163,"Tennessee","Sullivan County",2,11,1793,913,880
050,47,163,"Tennessee","Sullivan County",2,12,1903,966,937
050,47,163,"Tennessee","Sullivan County",2,13,1900,956,944
050,47,163,"Tennessee","Sullivan County",2,14,1896,975,921
050,47,163,"Tennessee","Sullivan County",2,15,1868,980,888
050,47,163,"Tennessee","Sullivan County",2,16,1889,984,905
050,47,163,"Tennessee","Sullivan County",2,17,1897,976,921
050,47,163,"Tennessee","Sullivan County",2,18,1647,849,798
050,47,163,"Tennessee","Sullivan County",2,19,1438,762,676
050,47,163,"Tennessee","Sullivan County",2,20,1577,841,736
050,47,163,"Tennessee","Sullivan County",2,21,1654,840,814
050,47,163,"Tennessee","Sullivan County",2,22,1708,846,862
050,47,163,"Tennessee","Sullivan County",2,23,1762,890,872
050,47,163,"Tennessee","Sullivan County",2,24,1816,939,877
050,47,163,"Tennessee","Sullivan County",2,25,1846,945,901
050,47,163,"Tennessee","Sullivan County",2,26,1881,951,930
050,47,163,"Tennessee","Sullivan County",2,27,1972,1022,950
050,47,163,"Tennessee","Sullivan County",2,28,2006,1022,984
050,47,163,"Tennessee","Sullivan County",2,29,2011,1016,995
050,47,163,"Tennessee","Sullivan County",2,30,1947,981,966
050,47,163,"Tennessee","Sullivan County",2,31,1891,937,954
050,47,163,"Tennessee","Sullivan County",2,32,1861,912,949
050,47,163,"Tennessee","Sullivan County",2,33,1805,891,914
050,47,163,"Tennessee","Sullivan County",2,34,1777,900,877
050,47,163,"Tennessee","Sullivan County",2,35,1736,873,863
050,47,163,"Tennessee","Sullivan County",2,36,1688,866,822
050,47,163,"Tennessee","Sullivan County",2,37,1765,905,860
050,47,163,"Tennessee","Sullivan County",2,38,1786,898,888
050,47,163,"Tennessee","Sullivan County",2,39,1736,849,887
050,47,163,"Tennessee","Sullivan County",2,40,1791,867,924
050,47,163,"Tennessee","Sullivan County",2,41,1785,852,933
050,47,163,"Tennessee","Sullivan County",2,42,1833,901,932
050,47,163,"Tennessee","Sullivan County",2,43,1859,922,937
050,47,163,"Tennessee","Sullivan County",2,44,1808,888,920
050,47,163,"Tennessee","Sullivan County",2,45,1908,945,963
050,47,163,"Tennessee","Sullivan County",2,46,1920,962,958
050,47,163,"Tennessee","Sullivan County",2,47,2040,1008,1032
050,47,163,"Tennessee","Sullivan County",2,48,2213,1091,1122
050,47,163,"Tennessee","Sullivan County",2,49,2411,1208,1203
050,47,163,"Tennessee","Sullivan County",2,50,2307,1158,1149
050,47,163,"Tennessee","Sullivan County",2,51,2192,1080,1112
050,47,163,"Tennessee","Sullivan County",2,52,2181,1084,1097
050,47,163,"Tennessee","Sullivan County",2,53,2231,1107,1124
050,47,163,"Tennessee","Sullivan County",2,54,2243,1118,1125
050,47,163,"Tennessee","Sullivan County",2,55,2296,1136,1160
050,47,163,"Tennessee","Sullivan County",2,56,2351,1175,1176
050,47,163,"Tennessee","Sullivan County",2,57,2388,1192,1196
050,47,163,"Tennessee","Sullivan County",2,58,2381,1167,1214
050,47,163,"Tennessee","Sullivan County",2,59,2311,1089,1222
050,47,163,"Tennessee","Sullivan County",2,60,2228,1073,1155
050,47,163,"Tennessee","Sullivan County",2,61,2292,1131,1161
050,47,163,"Tennessee","Sullivan County",2,62,2340,1147,1193
050,47,163,"Tennessee","Sullivan County",2,63,2318,1107,1211
050,47,163,"Tennessee","Sullivan County",2,64,2231,1067,1164
050,47,163,"Tennessee","Sullivan County",2,65,2181,1042,1139
050,47,163,"Tennessee","Sullivan County",2,66,2162,1013,1149
050,47,163,"Tennessee","Sullivan County",2,67,2122,1000,1122
050,47,163,"Tennessee","Sullivan County",2,68,2100,1000,1100
050,47,163,"Tennessee","Sullivan County",2,69,1963,925,1038
050,47,163,"Tennessee","Sullivan County",2,70,1882,874,1008
050,47,163,"Tennessee","Sullivan County",2,71,1897,877,1020
050,47,163,"Tennessee","Sullivan County",2,72,1924,894,1030
050,47,163,"Tennessee","Sullivan County",2,73,2108,986,1122
050,47,163,"Tennessee","Sullivan County",2,74,1449,670,779
050,47,163,"Tennessee","Sullivan County",2,75,1432,656,776
050,47,163,"Tennessee","Sullivan County",2,76,1483,702,781
050,47,163,"Tennessee","Sullivan County",2,77,1503,696,807
050,47,163,"Tennessee","Sullivan County",2,78,1291,595,696
050,47,163,"Tennessee","Sullivan County",2,79,1168,518,650
050,47,163,"Tennessee","Sullivan County",2,80,1024,419,605
050,47,163,"Tennessee","Sullivan County",2,81,917,402,515
050,47,163,"Tennessee","Sullivan County",2,82,864,369,495
050,47,163,"Tennessee","Sullivan County",2,83,744,307,437
050,47,163,"Tennessee","Sullivan County",2,84,702,302,400
050,47,163,"Tennessee","Sullivan County",2,85,3600,1299,2301
050,47,163,"Tennessee","Sullivan County",3,0,1441,742,699
050,47,163,"Tennessee","Sullivan County",3,1,1547,782,765
050,47,163,"Tennessee","Sullivan County",3,2,1495,743,752
050,47,163,"Tennessee","Sullivan County",3,3,1503,780,723
050,47,163,"Tennessee","Sullivan County",3,4,1541,810,731
050,47,163,"Tennessee","Sullivan County",3,5,1594,827,767
050,47,163,"Tennessee","Sullivan County",3,6,1603,809,794
050,47,163,"Tennessee","Sullivan County",3,7,1638,844,794
050,47,163,"Tennessee","Sullivan County",3,8,1649,870,779
050,47,163,"Tennessee","Sullivan County",3,9,1680,871,809
050,47,163,"Tennessee","Sullivan County",3,10,1681,866,815
050,47,163,"Tennessee","Sullivan County",3,11,1765,893,872
050,47,163,"Tennessee","Sullivan County",3,12,1785,913,872
050,47,163,"Tennessee","Sullivan County",3,13,1896,954,942
050,47,163,"Tennessee","Sullivan County",3,14,1922,978,944
050,47,163,"Tennessee","Sullivan County",3,15,1918,971,947
050,47,163,"Tennessee","Sullivan County",3,16,1888,981,907
050,47,163,"Tennessee","Sullivan County",3,17,1928,1005,923
050,47,163,"Tennessee","Sullivan County",3,18,1705,913,792
050,47,163,"Tennessee","Sullivan County",3,19,1430,758,672
050,47,163,"Tennessee","Sullivan County",3,20,1550,800,750
050,47,163,"Tennessee","Sullivan County",3,21,1675,856,819
050,47,163,"Tennessee","Sullivan County",3,22,1775,861,914
050,47,163,"Tennessee","Sullivan County",3,23,1866,933,933
050,47,163,"Tennessee","Sullivan County",3,24,1824,929,895
050,47,163,"Tennessee","Sullivan County",3,25,1877,963,914
050,47,163,"Tennessee","Sullivan County",3,26,1858,953,905
050,47,163,"Tennessee","Sullivan County",3,27,1940,973,967
050,47,163,"Tennessee","Sullivan County",3,28,2047,1067,980
050,47,163,"Tennessee","Sullivan County",3,29,2062,1062,1000
050,47,163,"Tennessee","Sullivan County",3,30,2041,1032,1009
050,47,163,"Tennessee","Sullivan County",3,31,1982,988,994
050,47,163,"Tennessee","Sullivan County",3,32,1907,918,989
050,47,163,"Tennessee","Sullivan County",3,33,1889,914,975
050,47,163,"Tennessee","Sullivan County",3,34,1839,915,924
050,47,163,"Tennessee","Sullivan County",3,35,1792,900,892
050,47,163,"Tennessee","Sullivan County",3,36,1763,885,878
050,47,163,"Tennessee","Sullivan County",3,37,1717,879,838
050,47,163,"Tennessee","Sullivan County",3,38,1789,906,883
050,47,163,"Tennessee","Sullivan County",3,39,1780,880,900
050,47,163,"Tennessee","Sullivan County",3,40,1768,876,892
050,47,163,"Tennessee","Sullivan County",3,41,1815,870,945
050,47,163,"Tennessee","Sullivan County",3,42,1850,883,967
050,47,163,"Tennessee","Sullivan County",3,43,1853,904,949
050,47,163,"Tennessee","Sullivan County",3,44,1847,915,932
050,47,163,"Tennessee","Sullivan County",3,45,1833,902,931
050,47,163,"Tennessee","Sullivan County",3,46,1921,955,966
050,47,163,"Tennessee","Sullivan County",3,47,1939,972,967
050,47,163,"Tennessee","Sullivan County",3,48,2052,1010,1042
050,47,163,"Tennessee","Sullivan County",3,49,2240,1109,1131
050,47,163,"Tennessee","Sullivan County",3,50,2419,1213,1206
050,47,163,"Tennessee","Sullivan County",3,51,2317,1148,1169
050,47,163,"Tennessee","Sullivan County",3,52,2232,1105,1127
050,47,163,"Tennessee","Sullivan County",3,53,2181,1081,1100
050,47,163,"Tennessee","Sullivan County",3,54,2232,1103,1129
050,47,163,"Tennessee","Sullivan County",3,55,2232,1112,1120
050,47,163,"Tennessee","Sullivan County",3,56,2291,1140,1151
050,47,163,"Tennessee","Sullivan County",3,57,2357,1176,1181
050,47,163,"Tennessee","Sullivan County",3,58,2366,1182,1184
050,47,163,"Tennessee","Sullivan County",3,59,2359,1146,1213
050,47,163,"Tennessee","Sullivan County",3,60,2286,1076,1210
050,47,163,"Tennessee","Sullivan County",3,61,2229,1038,1191
050,47,163,"Tennessee","Sullivan County",3,62,2330,1147,1183
050,47,163,"Tennessee","Sullivan County",3,63,2329,1130,1199
050,47,163,"Tennessee","Sullivan County",3,64,2316,1115,1201
050,47,163,"Tennessee","Sullivan County",3,65,2210,1051,1159
050,47,163,"Tennessee","Sullivan County",3,66,2163,1026,1137
050,47,163,"Tennessee","Sullivan County",3,67,2163,1004,1159
050,47,163,"Tennessee","Sullivan County",3,68,2083,977,1106
050,47,163,"Tennessee","Sullivan County",3,69,2064,986,1078
050,47,163,"Tennessee","Sullivan County",3,70,1931,908,1023
050,47,163,"Tennessee","Sullivan County",3,71,1837,850,987
050,47,163,"Tennessee","Sullivan County",3,72,1862,859,1003
050,47,163,"Tennessee","Sullivan County",3,73,1863,855,1008
050,47,163,"Tennessee","Sullivan County",3,74,2066,945,1121
050,47,163,"Tennessee","Sullivan County",3,75,1405,648,757
050,47,163,"Tennessee","Sullivan County",3,76,1387,640,747
050,47,163,"Tennessee","Sullivan County",3,77,1430,658,772
050,47,163,"Tennessee","Sullivan County",3,78,1438,646,792
050,47,163,"Tennessee","Sullivan County",3,79,1205,564,641
050,47,163,"Tennessee","Sullivan County",3,80,1113,479,634
050,47,163,"Tennessee","Sullivan County",3,81,952,392,560
050,47,163,"Tennessee","Sullivan County",3,82,849,350,499
050,47,163,"Tennessee","Sullivan County",3,83,799,343,456
050,47,163,"Tennessee","Sullivan County",3,84,664,274,390
050,47,163,"Tennessee","Sullivan County",3,85,3552,1327,2225
050,47,163,"Tennessee","Sullivan County",4,0,1486,730,756
050,47,163,"Tennessee","Sullivan County",4,1,1486,761,725
050,47,163,"Tennessee","Sullivan County",4,2,1580,830,750
050,47,163,"Tennessee","Sullivan County",4,3,1532,750,782
050,47,163,"Tennessee","Sullivan County",4,4,1536,808,728
050,47,163,"Tennessee","Sullivan County",4,5,1593,828,765
050,47,163,"Tennessee","Sullivan County",4,6,1631,852,779
050,47,163,"Tennessee","Sullivan County",4,7,1627,822,805
050,47,163,"Tennessee","Sullivan County",4,8,1672,848,824
050,47,163,"Tennessee","Sullivan County",4,9,1673,884,789
050,47,163,"Tennessee","Sullivan County",4,10,1717,901,816
050,47,163,"Tennessee","Sullivan County",4,11,1683,871,812
050,47,163,"Tennessee","Sullivan County",4,12,1797,912,885
050,47,163,"Tennessee","Sullivan County",4,13,1821,917,904
050,47,163,"Tennessee","Sullivan County",4,14,1964,985,979
050,47,163,"Tennessee","Sullivan County",4,15,1987,1022,965
050,47,163,"Tennessee","Sullivan County",4,16,1983,1013,970
050,47,163,"Tennessee","Sullivan County",4,17,1928,994,934
050,47,163,"Tennessee","Sullivan County",4,18,1721,912,809
050,47,163,"Tennessee","Sullivan County",4,19,1390,758,632
050,47,163,"Tennessee","Sullivan County",4,20,1534,808,726
050,47,163,"Tennessee","Sullivan County",4,21,1596,806,790
050,47,163,"Tennessee","Sullivan County",4,22,1792,900,892
050,47,163,"Tennessee","Sullivan County",4,23,1887,914,973
050,47,163,"Tennessee","Sullivan County",4,24,1935,985,950
050,47,163,"Tennessee","Sullivan County",4,25,1905,993,912
050,47,163,"Tennessee","Sullivan County",4,26,1908,968,940
050,47,163,"Tennessee","Sullivan County",4,27,1910,983,927
050,47,163,"Tennessee","Sullivan County",4,28,1984,1014,970
050,47,163,"Tennessee","Sullivan County",4,29,2085,1079,1006
050,47,163,"Tennessee","Sullivan County",4,30,2076,1057,1019
050,47,163,"Tennessee","Sullivan County",4,31,2092,1078,1014
050,47,163,"Tennessee","Sullivan County",4,32,2083,1045,1038
050,47,163,"Tennessee","Sullivan County",4,33,1942,937,1005
050,47,163,"Tennessee","Sullivan County",4,34,1948,960,988
050,47,163,"Tennessee","Sullivan County",4,35,1871,919,952
050,47,163,"Tennessee","Sullivan County",4,36,1828,928,900
050,47,163,"Tennessee","Sullivan County",4,37,1817,912,905
050,47,163,"Tennessee","Sullivan County",4,38,1766,900,866
050,47,163,"Tennessee","Sullivan County",4,39,1857,932,925
050,47,163,"Tennessee","Sullivan County",4,40,1850,926,924
050,47,163,"Tennessee","Sullivan County",4,41,1776,885,891
050,47,163,"Tennessee","Sullivan County",4,42,1872,919,953
050,47,163,"Tennessee","Sullivan County",4,43,1872,875,997
050,47,163,"Tennessee","Sullivan County",4,44,1892,905,987
050,47,163,"Tennessee","Sullivan County",4,45,1875,921,954
050,47,163,"Tennessee","Sullivan County",4,46,1869,923,946
050,47,163,"Tennessee","Sullivan County",4,47,1961,976,985
050,47,163,"Tennessee","Sullivan County",4,48,1968,983,985
050,47,163,"Tennessee","Sullivan County",4,49,2084,1022,1062
050,47,163,"Tennessee","Sullivan County",4,50,2284,1138,1146
050,47,163,"Tennessee","Sullivan County",4,51,2410,1196,1214
050,47,163,"Tennessee","Sullivan County",4,52,2356,1169,1187
050,47,163,"Tennessee","Sullivan County",4,53,2245,1116,1129
050,47,163,"Tennessee","Sullivan County",4,54,2172,1081,1091
050,47,163,"Tennessee","Sullivan County",4,55,2238,1110,1128
050,47,163,"Tennessee","Sullivan County",4,56,2240,1108,1132
050,47,163,"Tennessee","Sullivan County",4,57,2332,1140,1192
050,47,163,"Tennessee","Sullivan County",4,58,2362,1167,1195
050,47,163,"Tennessee","Sullivan County",4,59,2382,1176,1206
050,47,163,"Tennessee","Sullivan County",4,60,2373,1141,1232
050,47,163,"Tennessee","Sullivan County",4,61,2287,1072,1215
050,47,163,"Tennessee","Sullivan County",4,62,2221,1042,1179
050,47,163,"Tennessee","Sullivan County",4,63,2327,1133,1194
050,47,163,"Tennessee","Sullivan County",4,64,2331,1127,1204
050,47,163,"Tennessee","Sullivan County",4,65,2306,1116,1190
050,47,163,"Tennessee","Sullivan County",4,66,2197,1060,1137
050,47,163,"Tennessee","Sullivan County",4,67,2167,1019,1148
050,47,163,"Tennessee","Sullivan County",4,68,2155,999,1156
050,47,163,"Tennessee","Sullivan County",4,69,2082,969,1113
050,47,163,"Tennessee","Sullivan County",4,70,2021,967,1054
050,47,163,"Tennessee","Sullivan County",4,71,1896,895,1001
050,47,163,"Tennessee","Sullivan County",4,72,1791,827,964
050,47,163,"Tennessee","Sullivan County",4,73,1794,823,971
050,47,163,"Tennessee","Sullivan County",4,74,1802,805,997
050,47,163,"Tennessee","Sullivan County",4,75,1983,902,1081
050,47,163,"Tennessee","Sullivan County",4,76,1337,618,719
050,47,163,"Tennessee","Sullivan County",4,77,1306,594,712
050,47,163,"Tennessee","Sullivan County",4,78,1370,621,749
050,47,163,"Tennessee","Sullivan County",4,79,1361,609,752
050,47,163,"Tennessee","Sullivan County",4,80,1121,513,608
050,47,163,"Tennessee","Sullivan County",4,81,1044,456,588
050,47,163,"Tennessee","Sullivan County",4,82,908,364,544
050,47,163,"Tennessee","Sullivan County",4,83,793,326,467
050,47,163,"Tennessee","Sullivan County",4,84,713,308,405
050,47,163,"Tennessee","Sullivan County",4,85,3513,1345,2168
050,47,163,"Tennessee","Sullivan County",5,0,1496,732,764
050,47,163,"Tennessee","Sullivan County",5,1,1503,730,773
050,47,163,"Tennessee","Sullivan County",5,2,1496,759,737
050,47,163,"Tennessee","Sullivan County",5,3,1626,869,757
050,47,163,"Tennessee","Sullivan County",5,4,1552,756,796
050,47,163,"Tennessee","Sullivan County",5,5,1557,824,733
050,47,163,"Tennessee","Sullivan County",5,6,1600,830,770
050,47,163,"Tennessee","Sullivan County",5,7,1633,844,789
050,47,163,"Tennessee","Sullivan County",5,8,1665,842,823
050,47,163,"Tennessee","Sullivan County",5,9,1701,868,833
050,47,163,"Tennessee","Sullivan County",5,10,1714,889,825
050,47,163,"Tennessee","Sullivan County",5,11,1770,934,836
050,47,163,"Tennessee","Sullivan County",5,12,1715,880,835
050,47,163,"Tennessee","Sullivan County",5,13,1817,942,875
050,47,163,"Tennessee","Sullivan County",5,14,1859,922,937
050,47,163,"Tennessee","Sullivan County",5,15,2004,1014,990
050,47,163,"Tennessee","Sullivan County",5,16,2018,1040,978
050,47,163,"Tennessee","Sullivan County",5,17,2026,1019,1007
050,47,163,"Tennessee","Sullivan County",5,18,1685,895,790
050,47,163,"Tennessee","Sullivan County",5,19,1443,782,661
050,47,163,"Tennessee","Sullivan County",5,20,1512,813,699
050,47,163,"Tennessee","Sullivan County",5,21,1616,835,781
050,47,163,"Tennessee","Sullivan County",5,22,1715,849,866
050,47,163,"Tennessee","Sullivan County",5,23,1911,963,948
050,47,163,"Tennessee","Sullivan County",5,24,1932,937,995
050,47,163,"Tennessee","Sullivan County",5,25,1973,1009,964
050,47,163,"Tennessee","Sullivan County",5,26,1918,985,933
050,47,163,"Tennessee","Sullivan County",5,27,1938,1008,930
050,47,163,"Tennessee","Sullivan County",5,28,1943,979,964
050,47,163,"Tennessee","Sullivan County",5,29,2024,1043,981
050,47,163,"Tennessee","Sullivan County",5,30,2053,1067,986
050,47,163,"Tennessee","Sullivan County",5,31,2114,1078,1036
050,47,163,"Tennessee","Sullivan County",5,32,2107,1068,1039
050,47,163,"Tennessee","Sullivan County",5,33,2111,1073,1038
050,47,163,"Tennessee","Sullivan County",5,34,1961,946,1015
050,47,163,"Tennessee","Sullivan County",5,35,2003,977,1026
050,47,163,"Tennessee","Sullivan County",5,36,1913,958,955
050,47,163,"Tennessee","Sullivan County",5,37,1858,944,914
050,47,163,"Tennessee","Sullivan County",5,38,1832,925,907
050,47,163,"Tennessee","Sullivan County",5,39,1814,928,886
050,47,163,"Tennessee","Sullivan County",5,40,1872,925,947
050,47,163,"Tennessee","Sullivan County",5,41,1877,948,929
050,47,163,"Tennessee","Sullivan County",5,42,1799,885,914
050,47,163,"Tennessee","Sullivan County",5,43,1867,913,954
050,47,163,"Tennessee","Sullivan County",5,44,1885,869,1016
050,47,163,"Tennessee","Sullivan County",5,45,1935,921,1014
050,47,163,"Tennessee","Sullivan County",5,46,1909,949,960
050,47,163,"Tennessee","Sullivan County",5,47,1904,949,955
050,47,163,"Tennessee","Sullivan County",5,48,1990,981,1009
050,47,163,"Tennessee","Sullivan County",5,49,2020,1007,1013
050,47,163,"Tennessee","Sullivan County",5,50,2067,1011,1056
050,47,163,"Tennessee","Sullivan County",5,51,2331,1142,1189
050,47,163,"Tennessee","Sullivan County",5,52,2419,1203,1216
050,47,163,"Tennessee","Sullivan County",5,53,2363,1168,1195
050,47,163,"Tennessee","Sullivan County",5,54,2268,1146,1122
050,47,163,"Tennessee","Sullivan County",5,55,2193,1094,1099
050,47,163,"Tennessee","Sullivan County",5,56,2257,1117,1140
050,47,163,"Tennessee","Sullivan County",5,57,2261,1104,1157
050,47,163,"Tennessee","Sullivan County",5,58,2334,1139,1195
050,47,163,"Tennessee","Sullivan County",5,59,2391,1166,1225
050,47,163,"Tennessee","Sullivan County",5,60,2418,1204,1214
050,47,163,"Tennessee","Sullivan County",5,61,2360,1139,1221
050,47,163,"Tennessee","Sullivan County",5,62,2284,1074,1210
050,47,163,"Tennessee","Sullivan County",5,63,2230,1048,1182
050,47,163,"Tennessee","Sullivan County",5,64,2343,1123,1220
050,47,163,"Tennessee","Sullivan County",5,65,2343,1142,1201
050,47,163,"Tennessee","Sullivan County",5,66,2289,1092,1197
050,47,163,"Tennessee","Sullivan County",5,67,2216,1058,1158
050,47,163,"Tennessee","Sullivan County",5,68,2148,1014,1134
050,47,163,"Tennessee","Sullivan County",5,69,2128,984,1144
050,47,163,"Tennessee","Sullivan County",5,70,2041,942,1099
050,47,163,"Tennessee","Sullivan County",5,71,1993,954,1039
050,47,163,"Tennessee","Sullivan County",5,72,1862,873,989
050,47,163,"Tennessee","Sullivan County",5,73,1738,802,936
050,47,163,"Tennessee","Sullivan County",5,74,1755,787,968
050,47,163,"Tennessee","Sullivan County",5,75,1726,772,954
050,47,163,"Tennessee","Sullivan County",5,76,1895,867,1028
050,47,163,"Tennessee","Sullivan County",5,77,1289,587,702
050,47,163,"Tennessee","Sullivan County",5,78,1256,567,689
050,47,163,"Tennessee","Sullivan County",5,79,1294,587,707
050,47,163,"Tennessee","Sullivan County",5,80,1278,562,716
050,47,163,"Tennessee","Sullivan County",5,81,1052,483,569
050,47,163,"Tennessee","Sullivan County",5,82,1006,427,579
050,47,163,"Tennessee","Sullivan County",5,83,846,342,504
050,47,163,"Tennessee","Sullivan County",5,84,714,301,413
050,47,163,"Tennessee","Sullivan County",5,85,3561,1386,2175
050,47,165,"Tennessee","Sumner County",1,0,2150,1102,1048
050,47,165,"Tennessee","Sumner County",1,1,2256,1134,1122
050,47,165,"Tennessee","Sumner County",1,2,2336,1185,1151
050,47,165,"Tennessee","Sumner County",1,3,2365,1198,1167
050,47,165,"Tennessee","Sumner County",1,4,2482,1237,1245
050,47,165,"Tennessee","Sumner County",1,5,2598,1304,1294
050,47,165,"Tennessee","Sumner County",1,6,2539,1308,1231
050,47,165,"Tennessee","Sumner County",1,7,2515,1287,1228
050,47,165,"Tennessee","Sumner County",1,8,2557,1290,1267
050,47,165,"Tennessee","Sumner County",1,9,2519,1272,1247
050,47,165,"Tennessee","Sumner County",1,10,2734,1372,1362
050,47,165,"Tennessee","Sumner County",1,11,2753,1423,1330
050,47,165,"Tennessee","Sumner County",1,12,2861,1503,1358
050,47,165,"Tennessee","Sumner County",1,13,2862,1502,1360
050,47,165,"Tennessee","Sumner County",1,14,2754,1431,1323
050,47,165,"Tennessee","Sumner County",1,15,2720,1394,1326
050,47,165,"Tennessee","Sumner County",1,16,2802,1441,1361
050,47,165,"Tennessee","Sumner County",1,17,2661,1340,1321
050,47,165,"Tennessee","Sumner County",1,18,2310,1247,1063
050,47,165,"Tennessee","Sumner County",1,19,1915,995,920
050,47,165,"Tennessee","Sumner County",1,20,2057,1043,1014
050,47,165,"Tennessee","Sumner County",1,21,2067,1093,974
050,47,165,"Tennessee","Sumner County",1,22,2119,1077,1042
050,47,165,"Tennessee","Sumner County",1,23,2246,1125,1121
050,47,165,"Tennessee","Sumner County",1,24,2232,1115,1117
050,47,165,"Tennessee","Sumner County",1,25,2290,1161,1129
050,47,165,"Tennessee","Sumner County",1,26,2345,1167,1178
050,47,165,"Tennessee","Sumner County",1,27,2378,1138,1240
050,47,165,"Tennessee","Sumner County",1,28,2464,1206,1258
050,47,165,"Tennessee","Sumner County",1,29,2550,1260,1290
050,47,165,"Tennessee","Sumner County",1,30,2550,1238,1312
050,47,165,"Tennessee","Sumner County",1,31,2524,1230,1294
050,47,165,"Tennessee","Sumner County",1,32,2449,1180,1269
050,47,165,"Tennessee","Sumner County",1,33,2441,1163,1278
050,47,165,"Tennessee","Sumner County",1,34,2591,1259,1332
050,47,165,"Tennessee","Sumner County",1,35,2561,1231,1330
050,47,165,"Tennessee","Sumner County",1,36,2660,1321,1339
050,47,165,"Tennessee","Sumner County",1,37,2705,1340,1365
050,47,165,"Tennessee","Sumner County",1,38,2683,1287,1396
050,47,165,"Tennessee","Sumner County",1,39,2707,1314,1393
050,47,165,"Tennessee","Sumner County",1,40,2680,1319,1361
050,47,165,"Tennessee","Sumner County",1,41,2669,1314,1355
050,47,165,"Tennessee","Sumner County",1,42,2619,1310,1309
050,47,165,"Tennessee","Sumner County",1,43,2521,1271,1250
050,47,165,"Tennessee","Sumner County",1,44,2473,1253,1220
050,47,165,"Tennessee","Sumner County",1,45,2496,1229,1267
050,47,165,"Tennessee","Sumner County",1,46,2522,1192,1330
050,47,165,"Tennessee","Sumner County",1,47,2660,1292,1368
050,47,165,"Tennessee","Sumner County",1,48,2773,1351,1422
050,47,165,"Tennessee","Sumner County",1,49,2963,1492,1471
050,47,165,"Tennessee","Sumner County",1,50,2790,1392,1398
050,47,165,"Tennessee","Sumner County",1,51,2653,1341,1312
050,47,165,"Tennessee","Sumner County",1,52,2471,1222,1249
050,47,165,"Tennessee","Sumner County",1,53,2578,1279,1299
050,47,165,"Tennessee","Sumner County",1,54,2698,1333,1365
050,47,165,"Tennessee","Sumner County",1,55,2783,1363,1420
050,47,165,"Tennessee","Sumner County",1,56,2827,1381,1446
050,47,165,"Tennessee","Sumner County",1,57,2739,1329,1410
050,47,165,"Tennessee","Sumner County",1,58,2773,1363,1410
050,47,165,"Tennessee","Sumner County",1,59,2611,1277,1334
050,47,165,"Tennessee","Sumner County",1,60,2577,1263,1314
050,47,165,"Tennessee","Sumner County",1,61,2472,1234,1238
050,47,165,"Tennessee","Sumner County",1,62,2582,1252,1330
050,47,165,"Tennessee","Sumner County",1,63,2425,1157,1268
050,47,165,"Tennessee","Sumner County",1,64,2278,1067,1211
050,47,165,"Tennessee","Sumner County",1,65,2295,1134,1161
050,47,165,"Tennessee","Sumner County",1,66,2187,1046,1141
050,47,165,"Tennessee","Sumner County",1,67,2087,961,1126
050,47,165,"Tennessee","Sumner County",1,68,2024,933,1091
050,47,165,"Tennessee","Sumner County",1,69,1878,855,1023
050,47,165,"Tennessee","Sumner County",1,70,1829,857,972
050,47,165,"Tennessee","Sumner County",1,71,1831,871,960
050,47,165,"Tennessee","Sumner County",1,72,1875,902,973
050,47,165,"Tennessee","Sumner County",1,73,1876,905,971
050,47,165,"Tennessee","Sumner County",1,74,1293,591,702
050,47,165,"Tennessee","Sumner County",1,75,1303,591,712
050,47,165,"Tennessee","Sumner County",1,76,1254,554,700
050,47,165,"Tennessee","Sumner County",1,77,1232,536,696
050,47,165,"Tennessee","Sumner County",1,78,1058,470,588
050,47,165,"Tennessee","Sumner County",1,79,976,413,563
050,47,165,"Tennessee","Sumner County",1,80,844,384,460
050,47,165,"Tennessee","Sumner County",1,81,771,325,446
050,47,165,"Tennessee","Sumner County",1,82,656,284,372
050,47,165,"Tennessee","Sumner County",1,83,592,234,358
050,47,165,"Tennessee","Sumner County",1,84,542,222,320
050,47,165,"Tennessee","Sumner County",1,85,2941,982,1959
050,47,165,"Tennessee","Sumner County",2,0,2180,1083,1097
050,47,165,"Tennessee","Sumner County",2,1,2249,1132,1117
050,47,165,"Tennessee","Sumner County",2,2,2338,1181,1157
050,47,165,"Tennessee","Sumner County",2,3,2372,1199,1173
050,47,165,"Tennessee","Sumner County",2,4,2487,1240,1247
050,47,165,"Tennessee","Sumner County",2,5,2594,1300,1294
050,47,165,"Tennessee","Sumner County",2,6,2571,1314,1257
050,47,165,"Tennessee","Sumner County",2,7,2537,1300,1237
050,47,165,"Tennessee","Sumner County",2,8,2550,1290,1260
050,47,165,"Tennessee","Sumner County",2,9,2546,1282,1264
050,47,165,"Tennessee","Sumner County",2,10,2689,1350,1339
050,47,165,"Tennessee","Sumner County",2,11,2746,1408,1338
050,47,165,"Tennessee","Sumner County",2,12,2855,1492,1363
050,47,165,"Tennessee","Sumner County",2,13,2866,1506,1360
050,47,165,"Tennessee","Sumner County",2,14,2791,1455,1336
050,47,165,"Tennessee","Sumner County",2,15,2747,1412,1335
050,47,165,"Tennessee","Sumner County",2,16,2791,1429,1362
050,47,165,"Tennessee","Sumner County",2,17,2703,1370,1333
050,47,165,"Tennessee","Sumner County",2,18,2294,1226,1068
050,47,165,"Tennessee","Sumner County",2,19,1933,1013,920
050,47,165,"Tennessee","Sumner County",2,20,2083,1059,1024
050,47,165,"Tennessee","Sumner County",2,21,2092,1089,1003
050,47,165,"Tennessee","Sumner County",2,22,2151,1098,1053
050,47,165,"Tennessee","Sumner County",2,23,2261,1137,1124
050,47,165,"Tennessee","Sumner County",2,24,2257,1131,1126
050,47,165,"Tennessee","Sumner County",2,25,2303,1162,1141
050,47,165,"Tennessee","Sumner County",2,26,2351,1173,1178
050,47,165,"Tennessee","Sumner County",2,27,2387,1149,1238
050,47,165,"Tennessee","Sumner County",2,28,2475,1207,1268
050,47,165,"Tennessee","Sumner County",2,29,2554,1259,1295
050,47,165,"Tennessee","Sumner County",2,30,2592,1267,1325
050,47,165,"Tennessee","Sumner County",2,31,2556,1247,1309
050,47,165,"Tennessee","Sumner County",2,32,2492,1204,1288
050,47,165,"Tennessee","Sumner County",2,33,2473,1178,1295
050,47,165,"Tennessee","Sumner County",2,34,2585,1248,1337
050,47,165,"Tennessee","Sumner County",2,35,2605,1262,1343
050,47,165,"Tennessee","Sumner County",2,36,2645,1308,1337
050,47,165,"Tennessee","Sumner County",2,37,2715,1347,1368
050,47,165,"Tennessee","Sumner County",2,38,2710,1311,1399
050,47,165,"Tennessee","Sumner County",2,39,2711,1312,1399
050,47,165,"Tennessee","Sumner County",2,40,2726,1336,1390
050,47,165,"Tennessee","Sumner County",2,41,2692,1323,1369
050,47,165,"Tennessee","Sumner County",2,42,2636,1312,1324
050,47,165,"Tennessee","Sumner County",2,43,2570,1295,1275
050,47,165,"Tennessee","Sumner County",2,44,2465,1251,1214
050,47,165,"Tennessee","Sumner County",2,45,2512,1244,1268
050,47,165,"Tennessee","Sumner County",2,46,2522,1204,1318
050,47,165,"Tennessee","Sumner County",2,47,2627,1268,1359
050,47,165,"Tennessee","Sumner County",2,48,2752,1341,1411
050,47,165,"Tennessee","Sumner County",2,49,2929,1465,1464
050,47,165,"Tennessee","Sumner County",2,50,2846,1423,1423
050,47,165,"Tennessee","Sumner County",2,51,2683,1352,1331
050,47,165,"Tennessee","Sumner County",2,52,2511,1249,1262
050,47,165,"Tennessee","Sumner County",2,53,2558,1266,1292
050,47,165,"Tennessee","Sumner County",2,54,2669,1321,1348
050,47,165,"Tennessee","Sumner County",2,55,2770,1361,1409
050,47,165,"Tennessee","Sumner County",2,56,2827,1379,1448
050,47,165,"Tennessee","Sumner County",2,57,2777,1352,1425
050,47,165,"Tennessee","Sumner County",2,58,2772,1357,1415
050,47,165,"Tennessee","Sumner County",2,59,2674,1309,1365
050,47,165,"Tennessee","Sumner County",2,60,2580,1263,1317
050,47,165,"Tennessee","Sumner County",2,61,2493,1235,1258
050,47,165,"Tennessee","Sumner County",2,62,2556,1249,1307
050,47,165,"Tennessee","Sumner County",2,63,2485,1183,1302
050,47,165,"Tennessee","Sumner County",2,64,2308,1088,1220
050,47,165,"Tennessee","Sumner County",2,65,2291,1117,1174
050,47,165,"Tennessee","Sumner County",2,66,2214,1063,1151
050,47,165,"Tennessee","Sumner County",2,67,2104,978,1126
050,47,165,"Tennessee","Sumner County",2,68,2023,931,1092
050,47,165,"Tennessee","Sumner County",2,69,1920,878,1042
050,47,165,"Tennessee","Sumner County",2,70,1837,853,984
050,47,165,"Tennessee","Sumner County",2,71,1832,865,967
050,47,165,"Tennessee","Sumner County",2,72,1821,867,954
050,47,165,"Tennessee","Sumner County",2,73,1965,948,1017
050,47,165,"Tennessee","Sumner County",2,74,1348,625,723
050,47,165,"Tennessee","Sumner County",2,75,1297,588,709
050,47,165,"Tennessee","Sumner County",2,76,1250,555,695
050,47,165,"Tennessee","Sumner County",2,77,1256,546,710
050,47,165,"Tennessee","Sumner County",2,78,1068,475,593
050,47,165,"Tennessee","Sumner County",2,79,988,419,569
050,47,165,"Tennessee","Sumner County",2,80,868,390,478
050,47,165,"Tennessee","Sumner County",2,81,774,336,438
050,47,165,"Tennessee","Sumner County",2,82,676,289,387
050,47,165,"Tennessee","Sumner County",2,83,601,241,360
050,47,165,"Tennessee","Sumner County",2,84,540,218,322
050,47,165,"Tennessee","Sumner County",2,85,2966,995,1971
050,47,165,"Tennessee","Sumner County",3,0,2142,1120,1022
050,47,165,"Tennessee","Sumner County",3,1,2294,1156,1138
050,47,165,"Tennessee","Sumner County",3,2,2279,1138,1141
050,47,165,"Tennessee","Sumner County",3,3,2399,1218,1181
050,47,165,"Tennessee","Sumner County",3,4,2447,1234,1213
050,47,165,"Tennessee","Sumner County",3,5,2565,1301,1264
050,47,165,"Tennessee","Sumner County",3,6,2589,1312,1277
050,47,165,"Tennessee","Sumner County",3,7,2660,1347,1313
050,47,165,"Tennessee","Sumner County",3,8,2567,1319,1248
050,47,165,"Tennessee","Sumner County",3,9,2626,1339,1287
050,47,165,"Tennessee","Sumner County",3,10,2609,1327,1282
050,47,165,"Tennessee","Sumner County",3,11,2737,1373,1364
050,47,165,"Tennessee","Sumner County",3,12,2824,1453,1371
050,47,165,"Tennessee","Sumner County",3,13,2898,1530,1368
050,47,165,"Tennessee","Sumner County",3,14,2898,1516,1382
050,47,165,"Tennessee","Sumner County",3,15,2837,1454,1383
050,47,165,"Tennessee","Sumner County",3,16,2829,1457,1372
050,47,165,"Tennessee","Sumner County",3,17,2815,1426,1389
050,47,165,"Tennessee","Sumner County",3,18,2320,1206,1114
050,47,165,"Tennessee","Sumner County",3,19,1901,1012,889
050,47,165,"Tennessee","Sumner County",3,20,2050,1062,988
050,47,165,"Tennessee","Sumner County",3,21,2196,1102,1094
050,47,165,"Tennessee","Sumner County",3,22,2210,1128,1082
050,47,165,"Tennessee","Sumner County",3,23,2280,1156,1124
050,47,165,"Tennessee","Sumner County",3,24,2356,1178,1178
050,47,165,"Tennessee","Sumner County",3,25,2337,1164,1173
050,47,165,"Tennessee","Sumner County",3,26,2353,1149,1204
050,47,165,"Tennessee","Sumner County",3,27,2425,1227,1198
050,47,165,"Tennessee","Sumner County",3,28,2463,1187,1276
050,47,165,"Tennessee","Sumner County",3,29,2526,1209,1317
050,47,165,"Tennessee","Sumner County",3,30,2675,1313,1362
050,47,165,"Tennessee","Sumner County",3,31,2663,1289,1374
050,47,165,"Tennessee","Sumner County",3,32,2635,1280,1355
050,47,165,"Tennessee","Sumner County",3,33,2531,1217,1314
050,47,165,"Tennessee","Sumner County",3,34,2553,1226,1327
050,47,165,"Tennessee","Sumner County",3,35,2633,1253,1380
050,47,165,"Tennessee","Sumner County",3,36,2706,1325,1381
050,47,165,"Tennessee","Sumner County",3,37,2719,1371,1348
050,47,165,"Tennessee","Sumner County",3,38,2732,1344,1388
050,47,165,"Tennessee","Sumner County",3,39,2777,1354,1423
050,47,165,"Tennessee","Sumner County",3,40,2756,1326,1430
050,47,165,"Tennessee","Sumner County",3,41,2768,1339,1429
050,47,165,"Tennessee","Sumner County",3,42,2729,1326,1403
050,47,165,"Tennessee","Sumner County",3,43,2666,1340,1326
050,47,165,"Tennessee","Sumner County",3,44,2572,1293,1279
050,47,165,"Tennessee","Sumner County",3,45,2480,1238,1242
050,47,165,"Tennessee","Sumner County",3,46,2535,1246,1289
050,47,165,"Tennessee","Sumner County",3,47,2560,1226,1334
050,47,165,"Tennessee","Sumner County",3,48,2658,1281,1377
050,47,165,"Tennessee","Sumner County",3,49,2726,1339,1387
050,47,165,"Tennessee","Sumner County",3,50,2965,1478,1487
050,47,165,"Tennessee","Sumner County",3,51,2872,1426,1446
050,47,165,"Tennessee","Sumner County",3,52,2702,1337,1365
050,47,165,"Tennessee","Sumner County",3,53,2509,1241,1268
050,47,165,"Tennessee","Sumner County",3,54,2592,1273,1319
050,47,165,"Tennessee","Sumner County",3,55,2664,1321,1343
050,47,165,"Tennessee","Sumner County",3,56,2784,1372,1412
050,47,165,"Tennessee","Sumner County",3,57,2854,1374,1480
050,47,165,"Tennessee","Sumner County",3,58,2821,1373,1448
050,47,165,"Tennessee","Sumner County",3,59,2766,1350,1416
050,47,165,"Tennessee","Sumner County",3,60,2668,1293,1375
050,47,165,"Tennessee","Sumner County",3,61,2570,1268,1302
050,47,165,"Tennessee","Sumner County",3,62,2492,1237,1255
050,47,165,"Tennessee","Sumner County",3,63,2559,1239,1320
050,47,165,"Tennessee","Sumner County",3,64,2503,1193,1310
050,47,165,"Tennessee","Sumner County",3,65,2301,1069,1232
050,47,165,"Tennessee","Sumner County",3,66,2279,1099,1180
050,47,165,"Tennessee","Sumner County",3,67,2203,1053,1150
050,47,165,"Tennessee","Sumner County",3,68,2076,960,1116
050,47,165,"Tennessee","Sumner County",3,69,2001,916,1085
050,47,165,"Tennessee","Sumner County",3,70,1918,876,1042
050,47,165,"Tennessee","Sumner County",3,71,1793,834,959
050,47,165,"Tennessee","Sumner County",3,72,1800,847,953
050,47,165,"Tennessee","Sumner County",3,73,1800,849,951
050,47,165,"Tennessee","Sumner County",3,74,1916,916,1000
050,47,165,"Tennessee","Sumner County",3,75,1326,615,711
050,47,165,"Tennessee","Sumner County",3,76,1247,556,691
050,47,165,"Tennessee","Sumner County",3,77,1190,521,669
050,47,165,"Tennessee","Sumner County",3,78,1191,518,673
050,47,165,"Tennessee","Sumner County",3,79,1042,440,602
050,47,165,"Tennessee","Sumner County",3,80,894,383,511
050,47,165,"Tennessee","Sumner County",3,81,809,357,452
050,47,165,"Tennessee","Sumner County",3,82,730,317,413
050,47,165,"Tennessee","Sumner County",3,83,645,261,384
050,47,165,"Tennessee","Sumner County",3,84,555,223,332
050,47,165,"Tennessee","Sumner County",3,85,2962,1024,1938
050,47,165,"Tennessee","Sumner County",4,0,2224,1141,1083
050,47,165,"Tennessee","Sumner County",4,1,2245,1177,1068
050,47,165,"Tennessee","Sumner County",4,2,2329,1182,1147
050,47,165,"Tennessee","Sumner County",4,3,2323,1176,1147
050,47,165,"Tennessee","Sumner County",4,4,2413,1231,1182
050,47,165,"Tennessee","Sumner County",4,5,2515,1297,1218
050,47,165,"Tennessee","Sumner County",4,6,2575,1300,1275
050,47,165,"Tennessee","Sumner County",4,7,2650,1357,1293
050,47,165,"Tennessee","Sumner County",4,8,2682,1366,1316
050,47,165,"Tennessee","Sumner County",4,9,2569,1328,1241
050,47,165,"Tennessee","Sumner County",4,10,2623,1360,1263
050,47,165,"Tennessee","Sumner County",4,11,2620,1348,1272
050,47,165,"Tennessee","Sumner County",4,12,2780,1398,1382
050,47,165,"Tennessee","Sumner County",4,13,2845,1461,1384
050,47,165,"Tennessee","Sumner County",4,14,2915,1526,1389
050,47,165,"Tennessee","Sumner County",4,15,2966,1558,1408
050,47,165,"Tennessee","Sumner County",4,16,2878,1482,1396
050,47,165,"Tennessee","Sumner County",4,17,2824,1445,1379
050,47,165,"Tennessee","Sumner County",4,18,2367,1255,1112
050,47,165,"Tennessee","Sumner County",4,19,1871,976,895
050,47,165,"Tennessee","Sumner County",4,20,2002,1070,932
050,47,165,"Tennessee","Sumner County",4,21,2140,1113,1027
050,47,165,"Tennessee","Sumner County",4,22,2310,1153,1157
050,47,165,"Tennessee","Sumner County",4,23,2373,1197,1176
050,47,165,"Tennessee","Sumner County",4,24,2316,1179,1137
050,47,165,"Tennessee","Sumner County",4,25,2426,1224,1202
050,47,165,"Tennessee","Sumner County",4,26,2469,1207,1262
050,47,165,"Tennessee","Sumner County",4,27,2455,1221,1234
050,47,165,"Tennessee","Sumner County",4,28,2518,1279,1239
050,47,165,"Tennessee","Sumner County",4,29,2573,1260,1313
050,47,165,"Tennessee","Sumner County",4,30,2671,1282,1389
050,47,165,"Tennessee","Sumner County",4,31,2809,1382,1427
050,47,165,"Tennessee","Sumner County",4,32,2732,1333,1399
050,47,165,"Tennessee","Sumner County",4,33,2755,1325,1430
050,47,165,"Tennessee","Sumner County",4,34,2707,1316,1391
050,47,165,"Tennessee","Sumner County",4,35,2647,1281,1366
050,47,165,"Tennessee","Sumner County",4,36,2703,1322,1381
050,47,165,"Tennessee","Sumner County",4,37,2749,1345,1404
050,47,165,"Tennessee","Sumner County",4,38,2775,1387,1388
050,47,165,"Tennessee","Sumner County",4,39,2786,1354,1432
050,47,165,"Tennessee","Sumner County",4,40,2814,1388,1426
050,47,165,"Tennessee","Sumner County",4,41,2753,1313,1440
050,47,165,"Tennessee","Sumner County",4,42,2833,1375,1458
050,47,165,"Tennessee","Sumner County",4,43,2748,1345,1403
050,47,165,"Tennessee","Sumner County",4,44,2711,1362,1349
050,47,165,"Tennessee","Sumner County",4,45,2581,1288,1293
050,47,165,"Tennessee","Sumner County",4,46,2508,1237,1271
050,47,165,"Tennessee","Sumner County",4,47,2551,1263,1288
050,47,165,"Tennessee","Sumner County",4,48,2604,1247,1357
050,47,165,"Tennessee","Sumner County",4,49,2689,1297,1392
050,47,165,"Tennessee","Sumner County",4,50,2782,1378,1404
050,47,165,"Tennessee","Sumner County",4,51,3009,1509,1500
050,47,165,"Tennessee","Sumner County",4,52,2893,1443,1450
050,47,165,"Tennessee","Sumner County",4,53,2718,1342,1376
050,47,165,"Tennessee","Sumner County",4,54,2524,1251,1273
050,47,165,"Tennessee","Sumner County",4,55,2595,1264,1331
050,47,165,"Tennessee","Sumner County",4,56,2712,1332,1380
050,47,165,"Tennessee","Sumner County",4,57,2792,1395,1397
050,47,165,"Tennessee","Sumner County",4,58,2868,1378,1490
050,47,165,"Tennessee","Sumner County",4,59,2815,1372,1443
050,47,165,"Tennessee","Sumner County",4,60,2792,1350,1442
050,47,165,"Tennessee","Sumner County",4,61,2689,1286,1403
050,47,165,"Tennessee","Sumner County",4,62,2566,1258,1308
050,47,165,"Tennessee","Sumner County",4,63,2473,1226,1247
050,47,165,"Tennessee","Sumner County",4,64,2571,1234,1337
050,47,165,"Tennessee","Sumner County",4,65,2481,1160,1321
050,47,165,"Tennessee","Sumner County",4,66,2262,1045,1217
050,47,165,"Tennessee","Sumner County",4,67,2255,1077,1178
050,47,165,"Tennessee","Sumner County",4,68,2234,1061,1173
050,47,165,"Tennessee","Sumner County",4,69,2070,955,1115
050,47,165,"Tennessee","Sumner County",4,70,2000,912,1088
050,47,165,"Tennessee","Sumner County",4,71,1878,847,1031
050,47,165,"Tennessee","Sumner County",4,72,1744,813,931
050,47,165,"Tennessee","Sumner County",4,73,1761,840,921
050,47,165,"Tennessee","Sumner County",4,74,1783,830,953
050,47,165,"Tennessee","Sumner County",4,75,1895,893,1002
050,47,165,"Tennessee","Sumner County",4,76,1277,597,680
050,47,165,"Tennessee","Sumner County",4,77,1204,526,678
050,47,165,"Tennessee","Sumner County",4,78,1126,493,633
050,47,165,"Tennessee","Sumner County",4,79,1164,487,677
050,47,165,"Tennessee","Sumner County",4,80,962,410,552
050,47,165,"Tennessee","Sumner County",4,81,826,344,482
050,47,165,"Tennessee","Sumner County",4,82,751,326,425
050,47,165,"Tennessee","Sumner County",4,83,691,277,414
050,47,165,"Tennessee","Sumner County",4,84,598,243,355
050,47,165,"Tennessee","Sumner County",4,85,3038,1066,1972
050,47,165,"Tennessee","Sumner County",5,0,2237,1150,1087
050,47,165,"Tennessee","Sumner County",5,1,2311,1216,1095
050,47,165,"Tennessee","Sumner County",5,2,2325,1218,1107
050,47,165,"Tennessee","Sumner County",5,3,2407,1222,1185
050,47,165,"Tennessee","Sumner County",5,4,2442,1191,1251
050,47,165,"Tennessee","Sumner County",5,5,2486,1267,1219
050,47,165,"Tennessee","Sumner County",5,6,2566,1307,1259
050,47,165,"Tennessee","Sumner County",5,7,2600,1321,1279
050,47,165,"Tennessee","Sumner County",5,8,2690,1375,1315
050,47,165,"Tennessee","Sumner County",5,9,2725,1377,1348
050,47,165,"Tennessee","Sumner County",5,10,2636,1366,1270
050,47,165,"Tennessee","Sumner County",5,11,2675,1366,1309
050,47,165,"Tennessee","Sumner County",5,12,2685,1386,1299
050,47,165,"Tennessee","Sumner County",5,13,2816,1430,1386
050,47,165,"Tennessee","Sumner County",5,14,2877,1496,1381
050,47,165,"Tennessee","Sumner County",5,15,2984,1563,1421
050,47,165,"Tennessee","Sumner County",5,16,3014,1573,1441
050,47,165,"Tennessee","Sumner County",5,17,2882,1472,1410
050,47,165,"Tennessee","Sumner County",5,18,2404,1269,1135
050,47,165,"Tennessee","Sumner County",5,19,1938,1022,916
050,47,165,"Tennessee","Sumner County",5,20,2071,1063,1008
050,47,165,"Tennessee","Sumner County",5,21,2110,1101,1009
050,47,165,"Tennessee","Sumner County",5,22,2318,1186,1132
050,47,165,"Tennessee","Sumner County",5,23,2551,1263,1288
050,47,165,"Tennessee","Sumner County",5,24,2505,1228,1277
050,47,165,"Tennessee","Sumner County",5,25,2473,1234,1239
050,47,165,"Tennessee","Sumner County",5,26,2565,1306,1259
050,47,165,"Tennessee","Sumner County",5,27,2598,1284,1314
050,47,165,"Tennessee","Sumner County",5,28,2547,1272,1275
050,47,165,"Tennessee","Sumner County",5,29,2631,1338,1293
050,47,165,"Tennessee","Sumner County",5,30,2677,1320,1357
050,47,165,"Tennessee","Sumner County",5,31,2766,1331,1435
050,47,165,"Tennessee","Sumner County",5,32,2911,1440,1471
050,47,165,"Tennessee","Sumner County",5,33,2849,1417,1432
050,47,165,"Tennessee","Sumner County",5,34,2892,1397,1495
050,47,165,"Tennessee","Sumner County",5,35,2757,1330,1427
050,47,165,"Tennessee","Sumner County",5,36,2762,1325,1437
050,47,165,"Tennessee","Sumner County",5,37,2829,1380,1449
050,47,165,"Tennessee","Sumner County",5,38,2792,1389,1403
050,47,165,"Tennessee","Sumner County",5,39,2839,1425,1414
050,47,165,"Tennessee","Sumner County",5,40,2809,1368,1441
050,47,165,"Tennessee","Sumner County",5,41,2853,1410,1443
050,47,165,"Tennessee","Sumner County",5,42,2831,1367,1464
050,47,165,"Tennessee","Sumner County",5,43,2872,1408,1464
050,47,165,"Tennessee","Sumner County",5,44,2811,1358,1453
050,47,165,"Tennessee","Sumner County",5,45,2761,1417,1344
050,47,165,"Tennessee","Sumner County",5,46,2597,1274,1323
050,47,165,"Tennessee","Sumner County",5,47,2565,1258,1307
050,47,165,"Tennessee","Sumner County",5,48,2562,1267,1295
050,47,165,"Tennessee","Sumner County",5,49,2626,1260,1366
050,47,165,"Tennessee","Sumner County",5,50,2687,1301,1386
050,47,165,"Tennessee","Sumner County",5,51,2773,1363,1410
050,47,165,"Tennessee","Sumner County",5,52,3022,1524,1498
050,47,165,"Tennessee","Sumner County",5,53,2906,1459,1447
050,47,165,"Tennessee","Sumner County",5,54,2734,1333,1401
050,47,165,"Tennessee","Sumner County",5,55,2512,1237,1275
050,47,165,"Tennessee","Sumner County",5,56,2614,1277,1337
050,47,165,"Tennessee","Sumner County",5,57,2750,1353,1397
050,47,165,"Tennessee","Sumner County",5,58,2833,1425,1408
050,47,165,"Tennessee","Sumner County",5,59,2852,1382,1470
050,47,165,"Tennessee","Sumner County",5,60,2840,1386,1454
050,47,165,"Tennessee","Sumner County",5,61,2812,1351,1461
050,47,165,"Tennessee","Sumner County",5,62,2706,1290,1416
050,47,165,"Tennessee","Sumner County",5,63,2532,1237,1295
050,47,165,"Tennessee","Sumner County",5,64,2474,1212,1262
050,47,165,"Tennessee","Sumner County",5,65,2560,1226,1334
050,47,165,"Tennessee","Sumner County",5,66,2501,1164,1337
050,47,165,"Tennessee","Sumner County",5,67,2243,1039,1204
050,47,165,"Tennessee","Sumner County",5,68,2235,1073,1162
050,47,165,"Tennessee","Sumner County",5,69,2210,1042,1168
050,47,165,"Tennessee","Sumner County",5,70,2048,936,1112
050,47,165,"Tennessee","Sumner County",5,71,1965,886,1079
050,47,165,"Tennessee","Sumner County",5,72,1839,825,1014
050,47,165,"Tennessee","Sumner County",5,73,1696,797,899
050,47,165,"Tennessee","Sumner County",5,74,1744,824,920
050,47,165,"Tennessee","Sumner County",5,75,1759,810,949
050,47,165,"Tennessee","Sumner County",5,76,1859,870,989
050,47,165,"Tennessee","Sumner County",5,77,1238,566,672
050,47,165,"Tennessee","Sumner County",5,78,1154,505,649
050,47,165,"Tennessee","Sumner County",5,79,1105,472,633
050,47,165,"Tennessee","Sumner County",5,80,1089,456,633
050,47,165,"Tennessee","Sumner County",5,81,896,373,523
050,47,165,"Tennessee","Sumner County",5,82,790,317,473
050,47,165,"Tennessee","Sumner County",5,83,717,292,425
050,47,165,"Tennessee","Sumner County",5,84,650,263,387
050,47,165,"Tennessee","Sumner County",5,85,3219,1151,2068
050,47,167,"Tennessee","Tipton County",1,0,676,348,328
050,47,167,"Tennessee","Tipton County",1,1,687,349,338
050,47,167,"Tennessee","Tipton County",1,2,734,354,380
050,47,167,"Tennessee","Tipton County",1,3,734,346,388
050,47,167,"Tennessee","Tipton County",1,4,753,372,381
050,47,167,"Tennessee","Tipton County",1,5,794,419,375
050,47,167,"Tennessee","Tipton County",1,6,802,413,389
050,47,167,"Tennessee","Tipton County",1,7,772,399,373
050,47,167,"Tennessee","Tipton County",1,8,801,398,403
050,47,167,"Tennessee","Tipton County",1,9,811,445,366
050,47,167,"Tennessee","Tipton County",1,10,864,449,415
050,47,167,"Tennessee","Tipton County",1,11,920,478,442
050,47,167,"Tennessee","Tipton County",1,12,923,467,456
050,47,167,"Tennessee","Tipton County",1,13,915,446,469
050,47,167,"Tennessee","Tipton County",1,14,905,476,429
050,47,167,"Tennessee","Tipton County",1,15,910,478,432
050,47,167,"Tennessee","Tipton County",1,16,917,454,463
050,47,167,"Tennessee","Tipton County",1,17,909,472,437
050,47,167,"Tennessee","Tipton County",1,18,812,423,389
050,47,167,"Tennessee","Tipton County",1,19,639,343,296
050,47,167,"Tennessee","Tipton County",1,20,659,353,306
050,47,167,"Tennessee","Tipton County",1,21,674,343,331
050,47,167,"Tennessee","Tipton County",1,22,740,387,353
050,47,167,"Tennessee","Tipton County",1,23,728,364,364
050,47,167,"Tennessee","Tipton County",1,24,739,391,348
050,47,167,"Tennessee","Tipton County",1,25,761,387,374
050,47,167,"Tennessee","Tipton County",1,26,732,386,346
050,47,167,"Tennessee","Tipton County",1,27,756,395,361
050,47,167,"Tennessee","Tipton County",1,28,782,385,397
050,47,167,"Tennessee","Tipton County",1,29,822,412,410
050,47,167,"Tennessee","Tipton County",1,30,775,390,385
050,47,167,"Tennessee","Tipton County",1,31,798,386,412
050,47,167,"Tennessee","Tipton County",1,32,795,378,417
050,47,167,"Tennessee","Tipton County",1,33,805,381,424
050,47,167,"Tennessee","Tipton County",1,34,806,393,413
050,47,167,"Tennessee","Tipton County",1,35,751,371,380
050,47,167,"Tennessee","Tipton County",1,36,762,375,387
050,47,167,"Tennessee","Tipton County",1,37,824,404,420
050,47,167,"Tennessee","Tipton County",1,38,850,399,451
050,47,167,"Tennessee","Tipton County",1,39,800,387,413
050,47,167,"Tennessee","Tipton County",1,40,752,374,378
050,47,167,"Tennessee","Tipton County",1,41,772,381,391
050,47,167,"Tennessee","Tipton County",1,42,792,396,396
050,47,167,"Tennessee","Tipton County",1,43,788,383,405
050,47,167,"Tennessee","Tipton County",1,44,717,347,370
050,47,167,"Tennessee","Tipton County",1,45,721,376,345
050,47,167,"Tennessee","Tipton County",1,46,733,371,362
050,47,167,"Tennessee","Tipton County",1,47,732,363,369
050,47,167,"Tennessee","Tipton County",1,48,760,353,407
050,47,167,"Tennessee","Tipton County",1,49,898,436,462
050,47,167,"Tennessee","Tipton County",1,50,834,412,422
050,47,167,"Tennessee","Tipton County",1,51,812,419,393
050,47,167,"Tennessee","Tipton County",1,52,811,405,406
050,47,167,"Tennessee","Tipton County",1,53,829,413,416
050,47,167,"Tennessee","Tipton County",1,54,832,422,410
050,47,167,"Tennessee","Tipton County",1,55,862,426,436
050,47,167,"Tennessee","Tipton County",1,56,914,445,469
050,47,167,"Tennessee","Tipton County",1,57,910,432,478
050,47,167,"Tennessee","Tipton County",1,58,933,483,450
050,47,167,"Tennessee","Tipton County",1,59,860,414,446
050,47,167,"Tennessee","Tipton County",1,60,848,404,444
050,47,167,"Tennessee","Tipton County",1,61,814,390,424
050,47,167,"Tennessee","Tipton County",1,62,835,415,420
050,47,167,"Tennessee","Tipton County",1,63,798,377,421
050,47,167,"Tennessee","Tipton County",1,64,706,328,378
050,47,167,"Tennessee","Tipton County",1,65,744,350,394
050,47,167,"Tennessee","Tipton County",1,66,711,348,363
050,47,167,"Tennessee","Tipton County",1,67,603,302,301
050,47,167,"Tennessee","Tipton County",1,68,591,281,310
050,47,167,"Tennessee","Tipton County",1,69,555,252,303
050,47,167,"Tennessee","Tipton County",1,70,565,266,299
050,47,167,"Tennessee","Tipton County",1,71,550,252,298
050,47,167,"Tennessee","Tipton County",1,72,541,244,297
050,47,167,"Tennessee","Tipton County",1,73,510,224,286
050,47,167,"Tennessee","Tipton County",1,74,376,161,215
050,47,167,"Tennessee","Tipton County",1,75,350,176,174
050,47,167,"Tennessee","Tipton County",1,76,360,184,176
050,47,167,"Tennessee","Tipton County",1,77,363,161,202
050,47,167,"Tennessee","Tipton County",1,78,288,124,164
050,47,167,"Tennessee","Tipton County",1,79,264,124,140
050,47,167,"Tennessee","Tipton County",1,80,237,106,131
050,47,167,"Tennessee","Tipton County",1,81,208,80,128
050,47,167,"Tennessee","Tipton County",1,82,177,77,100
050,47,167,"Tennessee","Tipton County",1,83,164,68,96
050,47,167,"Tennessee","Tipton County",1,84,157,61,96
050,47,167,"Tennessee","Tipton County",1,85,760,290,470
050,47,167,"Tennessee","Tipton County",2,0,667,346,321
050,47,167,"Tennessee","Tipton County",2,1,687,351,336
050,47,167,"Tennessee","Tipton County",2,2,725,355,370
050,47,167,"Tennessee","Tipton County",2,3,736,352,384
050,47,167,"Tennessee","Tipton County",2,4,751,369,382
050,47,167,"Tennessee","Tipton County",2,5,784,408,376
050,47,167,"Tennessee","Tipton County",2,6,802,416,386
050,47,167,"Tennessee","Tipton County",2,7,781,404,377
050,47,167,"Tennessee","Tipton County",2,8,793,398,395
050,47,167,"Tennessee","Tipton County",2,9,811,433,378
050,47,167,"Tennessee","Tipton County",2,10,856,450,406
050,47,167,"Tennessee","Tipton County",2,11,902,467,435
050,47,167,"Tennessee","Tipton County",2,12,928,472,456
050,47,167,"Tennessee","Tipton County",2,13,914,449,465
050,47,167,"Tennessee","Tipton County",2,14,908,467,441
050,47,167,"Tennessee","Tipton County",2,15,910,478,432
050,47,167,"Tennessee","Tipton County",2,16,917,461,456
050,47,167,"Tennessee","Tipton County",2,17,910,465,445
050,47,167,"Tennessee","Tipton County",2,18,794,415,379
050,47,167,"Tennessee","Tipton County",2,19,646,342,304
050,47,167,"Tennessee","Tipton County",2,20,672,359,313
050,47,167,"Tennessee","Tipton County",2,21,677,349,328
050,47,167,"Tennessee","Tipton County",2,22,730,378,352
050,47,167,"Tennessee","Tipton County",2,23,741,372,369
050,47,167,"Tennessee","Tipton County",2,24,737,382,355
050,47,167,"Tennessee","Tipton County",2,25,754,387,367
050,47,167,"Tennessee","Tipton County",2,26,744,390,354
050,47,167,"Tennessee","Tipton County",2,27,754,395,359
050,47,167,"Tennessee","Tipton County",2,28,776,386,390
050,47,167,"Tennessee","Tipton County",2,29,811,402,409
050,47,167,"Tennessee","Tipton County",2,30,793,399,394
050,47,167,"Tennessee","Tipton County",2,31,793,386,407
050,47,167,"Tennessee","Tipton County",2,32,801,382,419
050,47,167,"Tennessee","Tipton County",2,33,807,382,425
050,47,167,"Tennessee","Tipton County",2,34,800,388,412
050,47,167,"Tennessee","Tipton County",2,35,767,375,392
050,47,167,"Tennessee","Tipton County",2,36,758,374,384
050,47,167,"Tennessee","Tipton County",2,37,815,400,415
050,47,167,"Tennessee","Tipton County",2,38,846,398,448
050,47,167,"Tennessee","Tipton County",2,39,816,394,422
050,47,167,"Tennessee","Tipton County",2,40,773,380,393
050,47,167,"Tennessee","Tipton County",2,41,774,382,392
050,47,167,"Tennessee","Tipton County",2,42,787,392,395
050,47,167,"Tennessee","Tipton County",2,43,794,387,407
050,47,167,"Tennessee","Tipton County",2,44,720,349,371
050,47,167,"Tennessee","Tipton County",2,45,726,370,356
050,47,167,"Tennessee","Tipton County",2,46,730,371,359
050,47,167,"Tennessee","Tipton County",2,47,728,361,367
050,47,167,"Tennessee","Tipton County",2,48,754,357,397
050,47,167,"Tennessee","Tipton County",2,49,868,419,449
050,47,167,"Tennessee","Tipton County",2,50,850,418,432
050,47,167,"Tennessee","Tipton County",2,51,815,416,399
050,47,167,"Tennessee","Tipton County",2,52,813,411,402
050,47,167,"Tennessee","Tipton County",2,53,820,407,413
050,47,167,"Tennessee","Tipton County",2,54,829,419,410
050,47,167,"Tennessee","Tipton County",2,55,849,421,428
050,47,167,"Tennessee","Tipton County",2,56,903,441,462
050,47,167,"Tennessee","Tipton County",2,57,914,438,476
050,47,167,"Tennessee","Tipton County",2,58,931,471,460
050,47,167,"Tennessee","Tipton County",2,59,878,431,447
050,47,167,"Tennessee","Tipton County",2,60,840,401,439
050,47,167,"Tennessee","Tipton County",2,61,817,392,425
050,47,167,"Tennessee","Tipton County",2,62,829,408,421
050,47,167,"Tennessee","Tipton County",2,63,811,388,423
050,47,167,"Tennessee","Tipton County",2,64,719,334,385
050,47,167,"Tennessee","Tipton County",2,65,735,346,389
050,47,167,"Tennessee","Tipton County",2,66,718,346,372
050,47,167,"Tennessee","Tipton County",2,67,629,312,317
050,47,167,"Tennessee","Tipton County",2,68,589,284,305
050,47,167,"Tennessee","Tipton County",2,69,568,259,309
050,47,167,"Tennessee","Tipton County",2,70,557,262,295
050,47,167,"Tennessee","Tipton County",2,71,552,254,298
050,47,167,"Tennessee","Tipton County",2,72,535,244,291
050,47,167,"Tennessee","Tipton County",2,73,541,241,300
050,47,167,"Tennessee","Tipton County",2,74,381,165,216
050,47,167,"Tennessee","Tipton County",2,75,356,171,185
050,47,167,"Tennessee","Tipton County",2,76,353,178,175
050,47,167,"Tennessee","Tipton County",2,77,365,168,197
050,47,167,"Tennessee","Tipton County",2,78,295,128,167
050,47,167,"Tennessee","Tipton County",2,79,263,120,143
050,47,167,"Tennessee","Tipton County",2,80,241,107,134
050,47,167,"Tennessee","Tipton County",2,81,215,86,129
050,47,167,"Tennessee","Tipton County",2,82,180,78,102
050,47,167,"Tennessee","Tipton County",2,83,160,68,92
050,47,167,"Tennessee","Tipton County",2,84,156,61,95
050,47,167,"Tennessee","Tipton County",2,85,767,288,479
050,47,167,"Tennessee","Tipton County",3,0,656,326,330
050,47,167,"Tennessee","Tipton County",3,1,658,345,313
050,47,167,"Tennessee","Tipton County",3,2,704,363,341
050,47,167,"Tennessee","Tipton County",3,3,718,349,369
050,47,167,"Tennessee","Tipton County",3,4,757,372,385
050,47,167,"Tennessee","Tipton County",3,5,769,375,394
050,47,167,"Tennessee","Tipton County",3,6,818,420,398
050,47,167,"Tennessee","Tipton County",3,7,810,424,386
050,47,167,"Tennessee","Tipton County",3,8,779,408,371
050,47,167,"Tennessee","Tipton County",3,9,797,410,387
050,47,167,"Tennessee","Tipton County",3,10,818,439,379
050,47,167,"Tennessee","Tipton County",3,11,845,441,404
050,47,167,"Tennessee","Tipton County",3,12,895,464,431
050,47,167,"Tennessee","Tipton County",3,13,931,474,457
050,47,167,"Tennessee","Tipton County",3,14,917,446,471
050,47,167,"Tennessee","Tipton County",3,15,905,474,431
050,47,167,"Tennessee","Tipton County",3,16,915,479,436
050,47,167,"Tennessee","Tipton County",3,17,895,450,445
050,47,167,"Tennessee","Tipton County",3,18,768,408,360
050,47,167,"Tennessee","Tipton County",3,19,635,334,301
050,47,167,"Tennessee","Tipton County",3,20,683,356,327
050,47,167,"Tennessee","Tipton County",3,21,694,380,314
050,47,167,"Tennessee","Tipton County",3,22,710,367,343
050,47,167,"Tennessee","Tipton County",3,23,755,387,368
050,47,167,"Tennessee","Tipton County",3,24,761,382,379
050,47,167,"Tennessee","Tipton County",3,25,738,371,367
050,47,167,"Tennessee","Tipton County",3,26,781,406,375
050,47,167,"Tennessee","Tipton County",3,27,744,373,371
050,47,167,"Tennessee","Tipton County",3,28,773,407,366
050,47,167,"Tennessee","Tipton County",3,29,774,389,385
050,47,167,"Tennessee","Tipton County",3,30,804,393,411
050,47,167,"Tennessee","Tipton County",3,31,787,399,388
050,47,167,"Tennessee","Tipton County",3,32,839,417,422
050,47,167,"Tennessee","Tipton County",3,33,801,380,421
050,47,167,"Tennessee","Tipton County",3,34,808,393,415
050,47,167,"Tennessee","Tipton County",3,35,797,381,416
050,47,167,"Tennessee","Tipton County",3,36,788,385,403
050,47,167,"Tennessee","Tipton County",3,37,760,374,386
050,47,167,"Tennessee","Tipton County",3,38,801,394,407
050,47,167,"Tennessee","Tipton County",3,39,850,399,451
050,47,167,"Tennessee","Tipton County",3,40,808,390,418
050,47,167,"Tennessee","Tipton County",3,41,789,389,400
050,47,167,"Tennessee","Tipton County",3,42,774,386,388
050,47,167,"Tennessee","Tipton County",3,43,780,384,396
050,47,167,"Tennessee","Tipton County",3,44,787,379,408
050,47,167,"Tennessee","Tipton County",3,45,702,337,365
050,47,167,"Tennessee","Tipton County",3,46,734,373,361
050,47,167,"Tennessee","Tipton County",3,47,738,369,369
050,47,167,"Tennessee","Tipton County",3,48,729,359,370
050,47,167,"Tennessee","Tipton County",3,49,755,362,393
050,47,167,"Tennessee","Tipton County",3,50,872,429,443
050,47,167,"Tennessee","Tipton County",3,51,849,420,429
050,47,167,"Tennessee","Tipton County",3,52,809,416,393
050,47,167,"Tennessee","Tipton County",3,53,776,386,390
050,47,167,"Tennessee","Tipton County",3,54,811,397,414
050,47,167,"Tennessee","Tipton County",3,55,834,429,405
050,47,167,"Tennessee","Tipton County",3,56,845,424,421
050,47,167,"Tennessee","Tipton County",3,57,897,432,465
050,47,167,"Tennessee","Tipton County",3,58,914,439,475
050,47,167,"Tennessee","Tipton County",3,59,914,453,461
050,47,167,"Tennessee","Tipton County",3,60,850,410,440
050,47,167,"Tennessee","Tipton County",3,61,815,387,428
050,47,167,"Tennessee","Tipton County",3,62,807,383,424
050,47,167,"Tennessee","Tipton County",3,63,807,398,409
050,47,167,"Tennessee","Tipton County",3,64,800,377,423
050,47,167,"Tennessee","Tipton County",3,65,709,331,378
050,47,167,"Tennessee","Tipton County",3,66,738,352,386
050,47,167,"Tennessee","Tipton County",3,67,703,342,361
050,47,167,"Tennessee","Tipton County",3,68,622,303,319
050,47,167,"Tennessee","Tipton County",3,69,576,279,297
050,47,167,"Tennessee","Tipton County",3,70,558,253,305
050,47,167,"Tennessee","Tipton County",3,71,528,247,281
050,47,167,"Tennessee","Tipton County",3,72,537,248,289
050,47,167,"Tennessee","Tipton County",3,73,517,239,278
050,47,167,"Tennessee","Tipton County",3,74,534,235,299
050,47,167,"Tennessee","Tipton County",3,75,369,156,213
050,47,167,"Tennessee","Tipton County",3,76,342,165,177
050,47,167,"Tennessee","Tipton County",3,77,338,168,170
050,47,167,"Tennessee","Tipton County",3,78,348,159,189
050,47,167,"Tennessee","Tipton County",3,79,282,122,160
050,47,167,"Tennessee","Tipton County",3,80,246,109,137
050,47,167,"Tennessee","Tipton County",3,81,219,94,125
050,47,167,"Tennessee","Tipton County",3,82,193,78,115
050,47,167,"Tennessee","Tipton County",3,83,160,70,90
050,47,167,"Tennessee","Tipton County",3,84,127,56,71
050,47,167,"Tennessee","Tipton County",3,85,779,313,466
050,47,167,"Tennessee","Tipton County",4,0,682,330,352
050,47,167,"Tennessee","Tipton County",4,1,663,333,330
050,47,167,"Tennessee","Tipton County",4,2,698,354,344
050,47,167,"Tennessee","Tipton County",4,3,748,366,382
050,47,167,"Tennessee","Tipton County",4,4,713,346,367
050,47,167,"Tennessee","Tipton County",4,5,789,385,404
050,47,167,"Tennessee","Tipton County",4,6,777,388,389
050,47,167,"Tennessee","Tipton County",4,7,815,421,394
050,47,167,"Tennessee","Tipton County",4,8,827,430,397
050,47,167,"Tennessee","Tipton County",4,9,765,393,372
050,47,167,"Tennessee","Tipton County",4,10,816,416,400
050,47,167,"Tennessee","Tipton County",4,11,819,439,380
050,47,167,"Tennessee","Tipton County",4,12,884,464,420
050,47,167,"Tennessee","Tipton County",4,13,908,474,434
050,47,167,"Tennessee","Tipton County",4,14,940,480,460
050,47,167,"Tennessee","Tipton County",4,15,929,461,468
050,47,167,"Tennessee","Tipton County",4,16,931,477,454
050,47,167,"Tennessee","Tipton County",4,17,919,475,444
050,47,167,"Tennessee","Tipton County",4,18,746,390,356
050,47,167,"Tennessee","Tipton County",4,19,609,313,296
050,47,167,"Tennessee","Tipton County",4,20,670,342,328
050,47,167,"Tennessee","Tipton County",4,21,741,388,353
050,47,167,"Tennessee","Tipton County",4,22,734,401,333
050,47,167,"Tennessee","Tipton County",4,23,732,377,355
050,47,167,"Tennessee","Tipton County",4,24,758,397,361
050,47,167,"Tennessee","Tipton County",4,25,771,385,386
050,47,167,"Tennessee","Tipton County",4,26,748,375,373
050,47,167,"Tennessee","Tipton County",4,27,823,439,384
050,47,167,"Tennessee","Tipton County",4,28,777,387,390
050,47,167,"Tennessee","Tipton County",4,29,801,421,380
050,47,167,"Tennessee","Tipton County",4,30,783,386,397
050,47,167,"Tennessee","Tipton County",4,31,858,417,441
050,47,167,"Tennessee","Tipton County",4,32,807,412,395
050,47,167,"Tennessee","Tipton County",4,33,843,412,431
050,47,167,"Tennessee","Tipton County",4,34,812,385,427
050,47,167,"Tennessee","Tipton County",4,35,836,396,440
050,47,167,"Tennessee","Tipton County",4,36,807,390,417
050,47,167,"Tennessee","Tipton County",4,37,802,398,404
050,47,167,"Tennessee","Tipton County",4,38,771,360,411
050,47,167,"Tennessee","Tipton County",4,39,843,428,415
050,47,167,"Tennessee","Tipton County",4,40,845,391,454
050,47,167,"Tennessee","Tipton County",4,41,827,406,421
050,47,167,"Tennessee","Tipton County",4,42,803,395,408
050,47,167,"Tennessee","Tipton County",4,43,789,396,393
050,47,167,"Tennessee","Tipton County",4,44,760,374,386
050,47,167,"Tennessee","Tipton County",4,45,805,384,421
050,47,167,"Tennessee","Tipton County",4,46,713,345,368
050,47,167,"Tennessee","Tipton County",4,47,731,364,367
050,47,167,"Tennessee","Tipton County",4,48,730,361,369
050,47,167,"Tennessee","Tipton County",4,49,741,370,371
050,47,167,"Tennessee","Tipton County",4,50,767,366,401
050,47,167,"Tennessee","Tipton County",4,51,875,435,440
050,47,167,"Tennessee","Tipton County",4,52,849,418,431
050,47,167,"Tennessee","Tipton County",4,53,824,416,408
050,47,167,"Tennessee","Tipton County",4,54,766,384,382
050,47,167,"Tennessee","Tipton County",4,55,805,387,418
050,47,167,"Tennessee","Tipton County",4,56,841,430,411
050,47,167,"Tennessee","Tipton County",4,57,832,414,418
050,47,167,"Tennessee","Tipton County",4,58,900,435,465
050,47,167,"Tennessee","Tipton County",4,59,890,430,460
050,47,167,"Tennessee","Tipton County",4,60,915,454,461
050,47,167,"Tennessee","Tipton County",4,61,833,407,426
050,47,167,"Tennessee","Tipton County",4,62,803,377,426
050,47,167,"Tennessee","Tipton County",4,63,786,372,414
050,47,167,"Tennessee","Tipton County",4,64,788,386,402
050,47,167,"Tennessee","Tipton County",4,65,783,361,422
050,47,167,"Tennessee","Tipton County",4,66,689,325,364
050,47,167,"Tennessee","Tipton County",4,67,725,344,381
050,47,167,"Tennessee","Tipton County",4,68,697,336,361
050,47,167,"Tennessee","Tipton County",4,69,603,295,308
050,47,167,"Tennessee","Tipton County",4,70,564,276,288
050,47,167,"Tennessee","Tipton County",4,71,533,233,300
050,47,167,"Tennessee","Tipton County",4,72,514,238,276
050,47,167,"Tennessee","Tipton County",4,73,529,241,288
050,47,167,"Tennessee","Tipton County",4,74,488,224,264
050,47,167,"Tennessee","Tipton County",4,75,520,225,295
050,47,167,"Tennessee","Tipton County",4,76,361,153,208
050,47,167,"Tennessee","Tipton County",4,77,335,162,173
050,47,167,"Tennessee","Tipton County",4,78,320,161,159
050,47,167,"Tennessee","Tipton County",4,79,332,154,178
050,47,167,"Tennessee","Tipton County",4,80,260,113,147
050,47,167,"Tennessee","Tipton County",4,81,224,96,128
050,47,167,"Tennessee","Tipton County",4,82,200,90,110
050,47,167,"Tennessee","Tipton County",4,83,178,72,106
050,47,167,"Tennessee","Tipton County",4,84,133,63,70
050,47,167,"Tennessee","Tipton County",4,85,749,312,437
050,47,167,"Tennessee","Tipton County",5,0,681,329,352
050,47,167,"Tennessee","Tipton County",5,1,685,336,349
050,47,167,"Tennessee","Tipton County",5,2,688,337,351
050,47,167,"Tennessee","Tipton County",5,3,717,365,352
050,47,167,"Tennessee","Tipton County",5,4,755,370,385
050,47,167,"Tennessee","Tipton County",5,5,737,363,374
050,47,167,"Tennessee","Tipton County",5,6,792,387,405
050,47,167,"Tennessee","Tipton County",5,7,811,410,401
050,47,167,"Tennessee","Tipton County",5,8,816,420,396
050,47,167,"Tennessee","Tipton County",5,9,814,417,397
050,47,167,"Tennessee","Tipton County",5,10,776,406,370
050,47,167,"Tennessee","Tipton County",5,11,841,420,421
050,47,167,"Tennessee","Tipton County",5,12,832,447,385
050,47,167,"Tennessee","Tipton County",5,13,894,464,430
050,47,167,"Tennessee","Tipton County",5,14,902,476,426
050,47,167,"Tennessee","Tipton County",5,15,937,477,460
050,47,167,"Tennessee","Tipton County",5,16,923,454,469
050,47,167,"Tennessee","Tipton County",5,17,930,472,458
050,47,167,"Tennessee","Tipton County",5,18,754,402,352
050,47,167,"Tennessee","Tipton County",5,19,586,311,275
050,47,167,"Tennessee","Tipton County",5,20,643,320,323
050,47,167,"Tennessee","Tipton County",5,21,700,368,332
050,47,167,"Tennessee","Tipton County",5,22,783,410,373
050,47,167,"Tennessee","Tipton County",5,23,752,403,349
050,47,167,"Tennessee","Tipton County",5,24,737,386,351
050,47,167,"Tennessee","Tipton County",5,25,749,389,360
050,47,167,"Tennessee","Tipton County",5,26,738,369,369
050,47,167,"Tennessee","Tipton County",5,27,761,390,371
050,47,167,"Tennessee","Tipton County",5,28,848,435,413
050,47,167,"Tennessee","Tipton County",5,29,807,391,416
050,47,167,"Tennessee","Tipton County",5,30,811,422,389
050,47,167,"Tennessee","Tipton County",5,31,788,389,399
050,47,167,"Tennessee","Tipton County",5,32,887,439,448
050,47,167,"Tennessee","Tipton County",5,33,828,433,395
050,47,167,"Tennessee","Tipton County",5,34,869,419,450
050,47,167,"Tennessee","Tipton County",5,35,834,400,434
050,47,167,"Tennessee","Tipton County",5,36,838,409,429
050,47,167,"Tennessee","Tipton County",5,37,840,416,424
050,47,167,"Tennessee","Tipton County",5,38,817,405,412
050,47,167,"Tennessee","Tipton County",5,39,787,376,411
050,47,167,"Tennessee","Tipton County",5,40,839,429,410
050,47,167,"Tennessee","Tipton County",5,41,829,385,444
050,47,167,"Tennessee","Tipton County",5,42,823,406,417
050,47,167,"Tennessee","Tipton County",5,43,806,399,407
050,47,167,"Tennessee","Tipton County",5,44,798,400,398
050,47,167,"Tennessee","Tipton County",5,45,759,370,389
050,47,167,"Tennessee","Tipton County",5,46,825,397,428
050,47,167,"Tennessee","Tipton County",5,47,713,342,371
050,47,167,"Tennessee","Tipton County",5,48,718,357,361
050,47,167,"Tennessee","Tipton County",5,49,738,378,360
050,47,167,"Tennessee","Tipton County",5,50,752,382,370
050,47,167,"Tennessee","Tipton County",5,51,747,348,399
050,47,167,"Tennessee","Tipton County",5,52,893,440,453
050,47,167,"Tennessee","Tipton County",5,53,845,407,438
050,47,167,"Tennessee","Tipton County",5,54,822,415,407
050,47,167,"Tennessee","Tipton County",5,55,763,382,381
050,47,167,"Tennessee","Tipton County",5,56,821,390,431
050,47,167,"Tennessee","Tipton County",5,57,841,427,414
050,47,167,"Tennessee","Tipton County",5,58,834,416,418
050,47,167,"Tennessee","Tipton County",5,59,897,433,464
050,47,167,"Tennessee","Tipton County",5,60,894,429,465
050,47,167,"Tennessee","Tipton County",5,61,896,440,456
050,47,167,"Tennessee","Tipton County",5,62,842,401,441
050,47,167,"Tennessee","Tipton County",5,63,811,382,429
050,47,167,"Tennessee","Tipton County",5,64,772,368,404
050,47,167,"Tennessee","Tipton County",5,65,780,385,395
050,47,167,"Tennessee","Tipton County",5,66,758,343,415
050,47,167,"Tennessee","Tipton County",5,67,678,319,359
050,47,167,"Tennessee","Tipton County",5,68,717,341,376
050,47,167,"Tennessee","Tipton County",5,69,687,329,358
050,47,167,"Tennessee","Tipton County",5,70,584,287,297
050,47,167,"Tennessee","Tipton County",5,71,550,264,286
050,47,167,"Tennessee","Tipton County",5,72,515,221,294
050,47,167,"Tennessee","Tipton County",5,73,494,231,263
050,47,167,"Tennessee","Tipton County",5,74,504,228,276
050,47,167,"Tennessee","Tipton County",5,75,467,214,253
050,47,167,"Tennessee","Tipton County",5,76,503,219,284
050,47,167,"Tennessee","Tipton County",5,77,355,147,208
050,47,167,"Tennessee","Tipton County",5,78,319,159,160
050,47,167,"Tennessee","Tipton County",5,79,304,153,151
050,47,167,"Tennessee","Tipton County",5,80,303,141,162
050,47,167,"Tennessee","Tipton County",5,81,240,98,142
050,47,167,"Tennessee","Tipton County",5,82,204,90,114
050,47,167,"Tennessee","Tipton County",5,83,183,83,100
050,47,167,"Tennessee","Tipton County",5,84,146,62,84
050,47,167,"Tennessee","Tipton County",5,85,758,326,432
050,47,169,"Tennessee","Trousdale County",1,0,125,63,62
050,47,169,"Tennessee","Trousdale County",1,1,122,57,65
050,47,169,"Tennessee","Trousdale County",1,2,124,58,66
050,47,169,"Tennessee","Trousdale County",1,3,123,62,61
050,47,169,"Tennessee","Trousdale County",1,4,122,63,59
050,47,169,"Tennessee","Trousdale County",1,5,120,59,61
050,47,169,"Tennessee","Trousdale County",1,6,122,58,64
050,47,169,"Tennessee","Trousdale County",1,7,117,62,55
050,47,169,"Tennessee","Trousdale County",1,8,115,63,52
050,47,169,"Tennessee","Trousdale County",1,9,125,61,64
050,47,169,"Tennessee","Trousdale County",1,10,118,64,54
050,47,169,"Tennessee","Trousdale County",1,11,114,56,58
050,47,169,"Tennessee","Trousdale County",1,12,129,61,68
050,47,169,"Tennessee","Trousdale County",1,13,130,70,60
050,47,169,"Tennessee","Trousdale County",1,14,133,70,63
050,47,169,"Tennessee","Trousdale County",1,15,117,58,59
050,47,169,"Tennessee","Trousdale County",1,16,111,59,52
050,47,169,"Tennessee","Trousdale County",1,17,109,50,59
050,47,169,"Tennessee","Trousdale County",1,18,187,142,45
050,47,169,"Tennessee","Trousdale County",1,19,272,236,36
050,47,169,"Tennessee","Trousdale County",1,20,277,239,38
050,47,169,"Tennessee","Trousdale County",1,21,100,48,52
050,47,169,"Tennessee","Trousdale County",1,22,90,48,42
050,47,169,"Tennessee","Trousdale County",1,23,103,43,60
050,47,169,"Tennessee","Trousdale County",1,24,220,153,67
050,47,169,"Tennessee","Trousdale County",1,25,216,161,55
050,47,169,"Tennessee","Trousdale County",1,26,210,164,46
050,47,169,"Tennessee","Trousdale County",1,27,119,66,53
050,47,169,"Tennessee","Trousdale County",1,28,317,248,69
050,47,169,"Tennessee","Trousdale County",1,29,330,253,77
050,47,169,"Tennessee","Trousdale County",1,30,138,61,77
050,47,169,"Tennessee","Trousdale County",1,31,204,57,147
050,47,169,"Tennessee","Trousdale County",1,32,116,55,61
050,47,169,"Tennessee","Trousdale County",1,33,229,163,66
050,47,169,"Tennessee","Trousdale County",1,34,590,443,147
050,47,169,"Tennessee","Trousdale County",1,35,203,148,55
050,47,169,"Tennessee","Trousdale County",1,36,203,154,49
050,47,169,"Tennessee","Trousdale County",1,37,218,169,49
050,47,169,"Tennessee","Trousdale County",1,38,213,154,59
050,47,169,"Tennessee","Trousdale County",1,39,119,54,65
050,47,169,"Tennessee","Trousdale County",1,40,104,52,52
050,47,169,"Tennessee","Trousdale County",1,41,120,65,55
050,47,169,"Tennessee","Trousdale County",1,42,118,59,59
050,47,169,"Tennessee","Trousdale County",1,43,115,51,64
050,47,169,"Tennessee","Trousdale County",1,44,102,55,47
050,47,169,"Tennessee","Trousdale County",1,45,209,151,58
050,47,169,"Tennessee","Trousdale County",1,46,209,152,57
050,47,169,"Tennessee","Trousdale County",1,47,106,54,52
050,47,169,"Tennessee","Trousdale County",1,48,123,59,64
050,47,169,"Tennessee","Trousdale County",1,49,128,62,66
050,47,169,"Tennessee","Trousdale County",1,50,232,160,72
050,47,169,"Tennessee","Trousdale County",1,51,118,54,64
050,47,169,"Tennessee","Trousdale County",1,52,115,51,64
050,47,169,"Tennessee","Trousdale County",1,53,107,56,51
050,47,169,"Tennessee","Trousdale County",1,54,116,60,56
050,47,169,"Tennessee","Trousdale County",1,55,151,70,81
050,47,169,"Tennessee","Trousdale County",1,56,129,65,64
050,47,169,"Tennessee","Trousdale County",1,57,104,54,50
050,47,169,"Tennessee","Trousdale County",1,58,134,64,70
050,47,169,"Tennessee","Trousdale County",1,59,146,73,73
050,47,169,"Tennessee","Trousdale County",1,60,128,69,59
050,47,169,"Tennessee","Trousdale County",1,61,115,62,53
050,47,169,"Tennessee","Trousdale County",1,62,123,60,63
050,47,169,"Tennessee","Trousdale County",1,63,118,55,63
050,47,169,"Tennessee","Trousdale County",1,64,122,58,64
050,47,169,"Tennessee","Trousdale County",1,65,110,54,56
050,47,169,"Tennessee","Trousdale County",1,66,111,46,65
050,47,169,"Tennessee","Trousdale County",1,67,113,60,53
050,47,169,"Tennessee","Trousdale County",1,68,101,50,51
050,47,169,"Tennessee","Trousdale County",1,69,97,39,58
050,47,169,"Tennessee","Trousdale County",1,70,74,33,41
050,47,169,"Tennessee","Trousdale County",1,71,84,37,47
050,47,169,"Tennessee","Trousdale County",1,72,89,42,47
050,47,169,"Tennessee","Trousdale County",1,73,112,60,52
050,47,169,"Tennessee","Trousdale County",1,74,56,27,29
050,47,169,"Tennessee","Trousdale County",1,75,42,21,21
050,47,169,"Tennessee","Trousdale County",1,76,61,34,27
050,47,169,"Tennessee","Trousdale County",1,77,63,36,27
050,47,169,"Tennessee","Trousdale County",1,78,48,29,19
050,47,169,"Tennessee","Trousdale County",1,79,42,21,21
050,47,169,"Tennessee","Trousdale County",1,80,38,16,22
050,47,169,"Tennessee","Trousdale County",1,81,33,14,19
050,47,169,"Tennessee","Trousdale County",1,82,24,8,16
050,47,169,"Tennessee","Trousdale County",1,83,21,11,10
050,47,169,"Tennessee","Trousdale County",1,84,27,7,20
050,47,169,"Tennessee","Trousdale County",1,85,121,44,77
050,47,169,"Tennessee","Trousdale County",2,0,121,63,58
050,47,169,"Tennessee","Trousdale County",2,1,123,59,64
050,47,169,"Tennessee","Trousdale County",2,2,124,57,67
050,47,169,"Tennessee","Trousdale County",2,3,122,59,63
050,47,169,"Tennessee","Trousdale County",2,4,123,63,60
050,47,169,"Tennessee","Trousdale County",2,5,121,60,61
050,47,169,"Tennessee","Trousdale County",2,6,124,59,65
050,47,169,"Tennessee","Trousdale County",2,7,119,60,59
050,47,169,"Tennessee","Trousdale County",2,8,118,63,55
050,47,169,"Tennessee","Trousdale County",2,9,123,63,60
050,47,169,"Tennessee","Trousdale County",2,10,119,63,56
050,47,169,"Tennessee","Trousdale County",2,11,115,58,57
050,47,169,"Tennessee","Trousdale County",2,12,125,60,65
050,47,169,"Tennessee","Trousdale County",2,13,131,69,62
050,47,169,"Tennessee","Trousdale County",2,14,134,70,64
050,47,169,"Tennessee","Trousdale County",2,15,121,62,59
050,47,169,"Tennessee","Trousdale County",2,16,116,60,56
050,47,169,"Tennessee","Trousdale County",2,17,111,53,58
050,47,169,"Tennessee","Trousdale County",2,18,187,141,46
050,47,169,"Tennessee","Trousdale County",2,19,269,233,36
050,47,169,"Tennessee","Trousdale County",2,20,277,237,40
050,47,169,"Tennessee","Trousdale County",2,21,97,50,47
050,47,169,"Tennessee","Trousdale County",2,22,93,47,46
050,47,169,"Tennessee","Trousdale County",2,23,102,45,57
050,47,169,"Tennessee","Trousdale County",2,24,213,148,65
050,47,169,"Tennessee","Trousdale County",2,25,215,158,57
050,47,169,"Tennessee","Trousdale County",2,26,211,162,49
050,47,169,"Tennessee","Trousdale County",2,27,123,69,54
050,47,169,"Tennessee","Trousdale County",2,28,317,249,68
050,47,169,"Tennessee","Trousdale County",2,29,330,253,77
050,47,169,"Tennessee","Trousdale County",2,30,139,62,77
050,47,169,"Tennessee","Trousdale County",2,31,210,58,152
050,47,169,"Tennessee","Trousdale County",2,32,115,56,59
050,47,169,"Tennessee","Trousdale County",2,33,224,160,64
050,47,169,"Tennessee","Trousdale County",2,34,592,442,150
050,47,169,"Tennessee","Trousdale County",2,35,203,149,54
050,47,169,"Tennessee","Trousdale County",2,36,202,152,50
050,47,169,"Tennessee","Trousdale County",2,37,216,165,51
050,47,169,"Tennessee","Trousdale County",2,38,214,157,57
050,47,169,"Tennessee","Trousdale County",2,39,116,53,63
050,47,169,"Tennessee","Trousdale County",2,40,110,54,56
050,47,169,"Tennessee","Trousdale County",2,41,118,63,55
050,47,169,"Tennessee","Trousdale County",2,42,119,61,58
050,47,169,"Tennessee","Trousdale County",2,43,117,54,63
050,47,169,"Tennessee","Trousdale County",2,44,103,52,51
050,47,169,"Tennessee","Trousdale County",2,45,208,152,56
050,47,169,"Tennessee","Trousdale County",2,46,209,154,55
050,47,169,"Tennessee","Trousdale County",2,47,106,52,54
050,47,169,"Tennessee","Trousdale County",2,48,121,59,62
050,47,169,"Tennessee","Trousdale County",2,49,127,61,66
050,47,169,"Tennessee","Trousdale County",2,50,230,161,69
050,47,169,"Tennessee","Trousdale County",2,51,119,54,65
050,47,169,"Tennessee","Trousdale County",2,52,116,52,64
050,47,169,"Tennessee","Trousdale County",2,53,109,55,54
050,47,169,"Tennessee","Trousdale County",2,54,115,59,56
050,47,169,"Tennessee","Trousdale County",2,55,143,67,76
050,47,169,"Tennessee","Trousdale County",2,56,134,66,68
050,47,169,"Tennessee","Trousdale County",2,57,111,58,53
050,47,169,"Tennessee","Trousdale County",2,58,129,62,67
050,47,169,"Tennessee","Trousdale County",2,59,145,72,73
050,47,169,"Tennessee","Trousdale County",2,60,133,71,62
050,47,169,"Tennessee","Trousdale County",2,61,117,63,54
050,47,169,"Tennessee","Trousdale County",2,62,122,61,61
050,47,169,"Tennessee","Trousdale County",2,63,122,58,64
050,47,169,"Tennessee","Trousdale County",2,64,118,55,63
050,47,169,"Tennessee","Trousdale County",2,65,111,54,57
050,47,169,"Tennessee","Trousdale County",2,66,111,47,64
050,47,169,"Tennessee","Trousdale County",2,67,112,57,55
050,47,169,"Tennessee","Trousdale County",2,68,105,53,52
050,47,169,"Tennessee","Trousdale County",2,69,98,42,56
050,47,169,"Tennessee","Trousdale County",2,70,77,34,43
050,47,169,"Tennessee","Trousdale County",2,71,82,35,47
050,47,169,"Tennessee","Trousdale County",2,72,86,41,45
050,47,169,"Tennessee","Trousdale County",2,73,110,57,53
050,47,169,"Tennessee","Trousdale County",2,74,65,32,33
050,47,169,"Tennessee","Trousdale County",2,75,43,20,23
050,47,169,"Tennessee","Trousdale County",2,76,56,30,26
050,47,169,"Tennessee","Trousdale County",2,77,63,36,27
050,47,169,"Tennessee","Trousdale County",2,78,52,31,21
050,47,169,"Tennessee","Trousdale County",2,79,42,22,20
050,47,169,"Tennessee","Trousdale County",2,80,38,17,21
050,47,169,"Tennessee","Trousdale County",2,81,34,15,19
050,47,169,"Tennessee","Trousdale County",2,82,26,9,17
050,47,169,"Tennessee","Trousdale County",2,83,22,11,11
050,47,169,"Tennessee","Trousdale County",2,84,26,7,19
050,47,169,"Tennessee","Trousdale County",2,85,120,45,75
050,47,169,"Tennessee","Trousdale County",3,0,115,66,49
050,47,169,"Tennessee","Trousdale County",3,1,128,68,60
050,47,169,"Tennessee","Trousdale County",3,2,121,58,63
050,47,169,"Tennessee","Trousdale County",3,3,116,48,68
050,47,169,"Tennessee","Trousdale County",3,4,125,63,62
050,47,169,"Tennessee","Trousdale County",3,5,131,62,69
050,47,169,"Tennessee","Trousdale County",3,6,123,57,66
050,47,169,"Tennessee","Trousdale County",3,7,133,62,71
050,47,169,"Tennessee","Trousdale County",3,8,117,58,59
050,47,169,"Tennessee","Trousdale County",3,9,130,67,63
050,47,169,"Tennessee","Trousdale County",3,10,125,67,58
050,47,169,"Tennessee","Trousdale County",3,11,133,64,69
050,47,169,"Tennessee","Trousdale County",3,12,116,66,50
050,47,169,"Tennessee","Trousdale County",3,13,137,62,75
050,47,169,"Tennessee","Trousdale County",3,14,130,68,62
050,47,169,"Tennessee","Trousdale County",3,15,134,69,65
050,47,169,"Tennessee","Trousdale County",3,16,120,60,60
050,47,169,"Tennessee","Trousdale County",3,17,113,61,52
050,47,169,"Tennessee","Trousdale County",3,18,181,127,54
050,47,169,"Tennessee","Trousdale County",3,19,233,200,33
050,47,169,"Tennessee","Trousdale County",3,20,243,207,36
050,47,169,"Tennessee","Trousdale County",3,21,85,49,36
050,47,169,"Tennessee","Trousdale County",3,22,112,58,54
050,47,169,"Tennessee","Trousdale County",3,23,106,48,58
050,47,169,"Tennessee","Trousdale County",3,24,195,135,60
050,47,169,"Tennessee","Trousdale County",3,25,223,152,71
050,47,169,"Tennessee","Trousdale County",3,26,212,155,57
050,47,169,"Tennessee","Trousdale County",3,27,127,71,56
050,47,169,"Tennessee","Trousdale County",3,28,288,232,56
050,47,169,"Tennessee","Trousdale County",3,29,301,235,66
050,47,169,"Tennessee","Trousdale County",3,30,136,60,76
050,47,169,"Tennessee","Trousdale County",3,31,221,67,154
050,47,169,"Tennessee","Trousdale County",3,32,115,62,53
050,47,169,"Tennessee","Trousdale County",3,33,213,146,67
050,47,169,"Tennessee","Trousdale County",3,34,533,388,145
050,47,169,"Tennessee","Trousdale County",3,35,217,158,59
050,47,169,"Tennessee","Trousdale County",3,36,197,140,57
050,47,169,"Tennessee","Trousdale County",3,37,207,155,52
050,47,169,"Tennessee","Trousdale County",3,38,214,161,53
050,47,169,"Tennessee","Trousdale County",3,39,120,60,60
050,47,169,"Tennessee","Trousdale County",3,40,128,67,61
050,47,169,"Tennessee","Trousdale County",3,41,126,65,61
050,47,169,"Tennessee","Trousdale County",3,42,118,65,53
050,47,169,"Tennessee","Trousdale County",3,43,126,66,60
050,47,169,"Tennessee","Trousdale County",3,44,123,58,65
050,47,169,"Tennessee","Trousdale County",3,45,196,147,49
050,47,169,"Tennessee","Trousdale County",3,46,195,142,53
050,47,169,"Tennessee","Trousdale County",3,47,101,51,50
050,47,169,"Tennessee","Trousdale County",3,48,111,56,55
050,47,169,"Tennessee","Trousdale County",3,49,137,69,68
050,47,169,"Tennessee","Trousdale County",3,50,227,159,68
050,47,169,"Tennessee","Trousdale County",3,51,138,69,69
050,47,169,"Tennessee","Trousdale County",3,52,126,57,69
050,47,169,"Tennessee","Trousdale County",3,53,120,55,65
050,47,169,"Tennessee","Trousdale County",3,54,118,59,59
050,47,169,"Tennessee","Trousdale County",3,55,105,49,56
050,47,169,"Tennessee","Trousdale County",3,56,148,74,74
050,47,169,"Tennessee","Trousdale County",3,57,136,64,72
050,47,169,"Tennessee","Trousdale County",3,58,116,60,56
050,47,169,"Tennessee","Trousdale County",3,59,129,67,62
050,47,169,"Tennessee","Trousdale County",3,60,145,72,73
050,47,169,"Tennessee","Trousdale County",3,61,129,71,58
050,47,169,"Tennessee","Trousdale County",3,62,117,61,56
050,47,169,"Tennessee","Trousdale County",3,63,121,62,59
050,47,169,"Tennessee","Trousdale County",3,64,115,53,62
050,47,169,"Tennessee","Trousdale County",3,65,117,56,61
050,47,169,"Tennessee","Trousdale County",3,66,114,57,57
050,47,169,"Tennessee","Trousdale County",3,67,113,50,63
050,47,169,"Tennessee","Trousdale County",3,68,118,60,58
050,47,169,"Tennessee","Trousdale County",3,69,100,52,48
050,47,169,"Tennessee","Trousdale County",3,70,97,42,55
050,47,169,"Tennessee","Trousdale County",3,71,77,33,44
050,47,169,"Tennessee","Trousdale County",3,72,77,33,44
050,47,169,"Tennessee","Trousdale County",3,73,88,42,46
050,47,169,"Tennessee","Trousdale County",3,74,100,51,49
050,47,169,"Tennessee","Trousdale County",3,75,66,34,32
050,47,169,"Tennessee","Trousdale County",3,76,41,18,23
050,47,169,"Tennessee","Trousdale County",3,77,41,25,16
050,47,169,"Tennessee","Trousdale County",3,78,60,35,25
050,47,169,"Tennessee","Trousdale County",3,79,53,30,23
050,47,169,"Tennessee","Trousdale County",3,80,35,20,15
050,47,169,"Tennessee","Trousdale County",3,81,35,17,18
050,47,169,"Tennessee","Trousdale County",3,82,30,10,20
050,47,169,"Tennessee","Trousdale County",3,83,25,8,17
050,47,169,"Tennessee","Trousdale County",3,84,23,7,16
050,47,169,"Tennessee","Trousdale County",3,85,118,43,75
050,47,169,"Tennessee","Trousdale County",4,0,115,67,48
050,47,169,"Tennessee","Trousdale County",4,1,120,71,49
050,47,169,"Tennessee","Trousdale County",4,2,136,77,59
050,47,169,"Tennessee","Trousdale County",4,3,133,66,67
050,47,169,"Tennessee","Trousdale County",4,4,126,58,68
050,47,169,"Tennessee","Trousdale County",4,5,133,71,62
050,47,169,"Tennessee","Trousdale County",4,6,138,67,71
050,47,169,"Tennessee","Trousdale County",4,7,126,61,65
050,47,169,"Tennessee","Trousdale County",4,8,140,61,79
050,47,169,"Tennessee","Trousdale County",4,9,127,63,64
050,47,169,"Tennessee","Trousdale County",4,10,131,66,65
050,47,169,"Tennessee","Trousdale County",4,11,130,62,68
050,47,169,"Tennessee","Trousdale County",4,12,139,64,75
050,47,169,"Tennessee","Trousdale County",4,13,120,69,51
050,47,169,"Tennessee","Trousdale County",4,14,136,63,73
050,47,169,"Tennessee","Trousdale County",4,15,123,65,58
050,47,169,"Tennessee","Trousdale County",4,16,134,64,70
050,47,169,"Tennessee","Trousdale County",4,17,116,59,57
050,47,169,"Tennessee","Trousdale County",4,18,191,146,45
050,47,169,"Tennessee","Trousdale County",4,19,254,214,40
050,47,169,"Tennessee","Trousdale County",4,20,257,223,34
050,47,169,"Tennessee","Trousdale County",4,21,90,48,42
050,47,169,"Tennessee","Trousdale County",4,22,101,53,48
050,47,169,"Tennessee","Trousdale County",4,23,116,61,55
050,47,169,"Tennessee","Trousdale County",4,24,199,143,56
050,47,169,"Tennessee","Trousdale County",4,25,220,146,74
050,47,169,"Tennessee","Trousdale County",4,26,240,169,71
050,47,169,"Tennessee","Trousdale County",4,27,134,78,56
050,47,169,"Tennessee","Trousdale County",4,28,303,243,60
050,47,169,"Tennessee","Trousdale County",4,29,322,257,65
050,47,169,"Tennessee","Trousdale County",4,30,147,74,73
050,47,169,"Tennessee","Trousdale County",4,31,229,62,167
050,47,169,"Tennessee","Trousdale County",4,32,154,71,83
050,47,169,"Tennessee","Trousdale County",4,33,218,160,58
050,47,169,"Tennessee","Trousdale County",4,34,576,421,155
050,47,169,"Tennessee","Trousdale County",4,35,229,160,69
050,47,169,"Tennessee","Trousdale County",4,36,224,166,58
050,47,169,"Tennessee","Trousdale County",4,37,226,164,62
050,47,169,"Tennessee","Trousdale County",4,38,220,164,56
050,47,169,"Tennessee","Trousdale County",4,39,137,84,53
050,47,169,"Tennessee","Trousdale County",4,40,123,68,55
050,47,169,"Tennessee","Trousdale County",4,41,125,61,64
050,47,169,"Tennessee","Trousdale County",4,42,121,63,58
050,47,169,"Tennessee","Trousdale County",4,43,121,64,57
050,47,169,"Tennessee","Trousdale County",4,44,126,63,63
050,47,169,"Tennessee","Trousdale County",4,45,219,154,65
050,47,169,"Tennessee","Trousdale County",4,46,203,158,45
050,47,169,"Tennessee","Trousdale County",4,47,116,58,58
050,47,169,"Tennessee","Trousdale County",4,48,99,48,51
050,47,169,"Tennessee","Trousdale County",4,49,122,67,55
050,47,169,"Tennessee","Trousdale County",4,50,229,165,64
050,47,169,"Tennessee","Trousdale County",4,51,140,72,68
050,47,169,"Tennessee","Trousdale County",4,52,136,65,71
050,47,169,"Tennessee","Trousdale County",4,53,122,58,64
050,47,169,"Tennessee","Trousdale County",4,54,130,58,72
050,47,169,"Tennessee","Trousdale County",4,55,118,55,63
050,47,169,"Tennessee","Trousdale County",4,56,116,54,62
050,47,169,"Tennessee","Trousdale County",4,57,157,76,81
050,47,169,"Tennessee","Trousdale County",4,58,143,70,73
050,47,169,"Tennessee","Trousdale County",4,59,119,61,58
050,47,169,"Tennessee","Trousdale County",4,60,119,62,57
050,47,169,"Tennessee","Trousdale County",4,61,135,66,69
050,47,169,"Tennessee","Trousdale County",4,62,129,73,56
050,47,169,"Tennessee","Trousdale County",4,63,116,62,54
050,47,169,"Tennessee","Trousdale County",4,64,122,62,60
050,47,169,"Tennessee","Trousdale County",4,65,111,50,61
050,47,169,"Tennessee","Trousdale County",4,66,115,55,60
050,47,169,"Tennessee","Trousdale County",4,67,110,54,56
050,47,169,"Tennessee","Trousdale County",4,68,114,47,67
050,47,169,"Tennessee","Trousdale County",4,69,113,59,54
050,47,169,"Tennessee","Trousdale County",4,70,96,50,46
050,47,169,"Tennessee","Trousdale County",4,71,100,42,58
050,47,169,"Tennessee","Trousdale County",4,72,76,34,42
050,47,169,"Tennessee","Trousdale County",4,73,82,34,48
050,47,169,"Tennessee","Trousdale County",4,74,76,35,41
050,47,169,"Tennessee","Trousdale County",4,75,96,48,48
050,47,169,"Tennessee","Trousdale County",4,76,67,34,33
050,47,169,"Tennessee","Trousdale County",4,77,28,12,16
050,47,169,"Tennessee","Trousdale County",4,78,41,26,15
050,47,169,"Tennessee","Trousdale County",4,79,54,31,23
050,47,169,"Tennessee","Trousdale County",4,80,50,27,23
050,47,169,"Tennessee","Trousdale County",4,81,32,20,12
050,47,169,"Tennessee","Trousdale County",4,82,34,16,18
050,47,169,"Tennessee","Trousdale County",4,83,24,6,18
050,47,169,"Tennessee","Trousdale County",4,84,25,6,19
050,47,169,"Tennessee","Trousdale County",4,85,117,39,78
050,47,169,"Tennessee","Trousdale County",5,0,115,67,48
050,47,169,"Tennessee","Trousdale County",5,1,122,69,53
050,47,169,"Tennessee","Trousdale County",5,2,127,70,57
050,47,169,"Tennessee","Trousdale County",5,3,144,77,67
050,47,169,"Tennessee","Trousdale County",5,4,125,63,62
050,47,169,"Tennessee","Trousdale County",5,5,114,44,70
050,47,169,"Tennessee","Trousdale County",5,6,127,64,63
050,47,169,"Tennessee","Trousdale County",5,7,143,68,75
050,47,169,"Tennessee","Trousdale County",5,8,122,51,71
050,47,169,"Tennessee","Trousdale County",5,9,146,65,81
050,47,169,"Tennessee","Trousdale County",5,10,120,60,60
050,47,169,"Tennessee","Trousdale County",5,11,134,67,67
050,47,169,"Tennessee","Trousdale County",5,12,127,62,65
050,47,169,"Tennessee","Trousdale County",5,13,136,64,72
050,47,169,"Tennessee","Trousdale County",5,14,129,72,57
050,47,169,"Tennessee","Trousdale County",5,15,134,65,69
050,47,169,"Tennessee","Trousdale County",5,16,121,60,61
050,47,169,"Tennessee","Trousdale County",5,17,132,67,65
050,47,169,"Tennessee","Trousdale County",5,18,195,144,51
050,47,169,"Tennessee","Trousdale County",5,19,266,231,35
050,47,169,"Tennessee","Trousdale County",5,20,266,224,42
050,47,169,"Tennessee","Trousdale County",5,21,80,46,34
050,47,169,"Tennessee","Trousdale County",5,22,92,47,45
050,47,169,"Tennessee","Trousdale County",5,23,104,55,49
050,47,169,"Tennessee","Trousdale County",5,24,216,162,54
050,47,169,"Tennessee","Trousdale County",5,25,219,161,58
050,47,169,"Tennessee","Trousdale County",5,26,218,151,67
050,47,169,"Tennessee","Trousdale County",5,27,143,72,71
050,47,169,"Tennessee","Trousdale County",5,28,324,265,59
050,47,169,"Tennessee","Trousdale County",5,29,315,254,61
050,47,169,"Tennessee","Trousdale County",5,30,159,90,69
050,47,169,"Tennessee","Trousdale County",5,31,250,82,168
050,47,169,"Tennessee","Trousdale County",5,32,149,70,79
050,47,169,"Tennessee","Trousdale County",5,33,256,171,85
050,47,169,"Tennessee","Trousdale County",5,34,582,434,148
050,47,169,"Tennessee","Trousdale County",5,35,224,156,68
050,47,169,"Tennessee","Trousdale County",5,36,238,163,75
050,47,169,"Tennessee","Trousdale County",5,37,233,173,60
050,47,169,"Tennessee","Trousdale County",5,38,230,167,63
050,47,169,"Tennessee","Trousdale County",5,39,116,62,54
050,47,169,"Tennessee","Trousdale County",5,40,145,88,57
050,47,169,"Tennessee","Trousdale County",5,41,125,70,55
050,47,169,"Tennessee","Trousdale County",5,42,134,68,66
050,47,169,"Tennessee","Trousdale County",5,43,129,71,58
050,47,169,"Tennessee","Trousdale County",5,44,127,66,61
050,47,169,"Tennessee","Trousdale County",5,45,228,165,63
050,47,169,"Tennessee","Trousdale County",5,46,225,163,62
050,47,169,"Tennessee","Trousdale County",5,47,106,58,48
050,47,169,"Tennessee","Trousdale County",5,48,115,58,57
050,47,169,"Tennessee","Trousdale County",5,49,93,47,46
050,47,169,"Tennessee","Trousdale County",5,50,222,168,54
050,47,169,"Tennessee","Trousdale County",5,51,127,68,59
050,47,169,"Tennessee","Trousdale County",5,52,153,74,79
050,47,169,"Tennessee","Trousdale County",5,53,135,64,71
050,47,169,"Tennessee","Trousdale County",5,54,121,56,65
050,47,169,"Tennessee","Trousdale County",5,55,123,55,68
050,47,169,"Tennessee","Trousdale County",5,56,123,59,64
050,47,169,"Tennessee","Trousdale County",5,57,119,54,65
050,47,169,"Tennessee","Trousdale County",5,58,162,79,83
050,47,169,"Tennessee","Trousdale County",5,59,145,72,73
050,47,169,"Tennessee","Trousdale County",5,60,116,55,61
050,47,169,"Tennessee","Trousdale County",5,61,119,64,55
050,47,169,"Tennessee","Trousdale County",5,62,135,69,66
050,47,169,"Tennessee","Trousdale County",5,63,129,75,54
050,47,169,"Tennessee","Trousdale County",5,64,110,60,50
050,47,169,"Tennessee","Trousdale County",5,65,115,60,55
050,47,169,"Tennessee","Trousdale County",5,66,115,52,63
050,47,169,"Tennessee","Trousdale County",5,67,124,56,68
050,47,169,"Tennessee","Trousdale County",5,68,111,52,59
050,47,169,"Tennessee","Trousdale County",5,69,103,41,62
050,47,169,"Tennessee","Trousdale County",5,70,112,58,54
050,47,169,"Tennessee","Trousdale County",5,71,97,50,47
050,47,169,"Tennessee","Trousdale County",5,72,94,39,55
050,47,169,"Tennessee","Trousdale County",5,73,78,35,43
050,47,169,"Tennessee","Trousdale County",5,74,79,30,49
050,47,169,"Tennessee","Trousdale County",5,75,73,31,42
050,47,169,"Tennessee","Trousdale County",5,76,94,46,48
050,47,169,"Tennessee","Trousdale County",5,77,55,28,27
050,47,169,"Tennessee","Trousdale County",5,78,25,11,14
050,47,169,"Tennessee","Trousdale County",5,79,34,23,11
050,47,169,"Tennessee","Trousdale County",5,80,51,29,22
050,47,169,"Tennessee","Trousdale County",5,81,46,27,19
050,47,169,"Tennessee","Trousdale County",5,82,29,19,10
050,47,169,"Tennessee","Trousdale County",5,83,29,13,16
050,47,169,"Tennessee","Trousdale County",5,84,25,4,21
050,47,169,"Tennessee","Trousdale County",5,85,123,38,85
050,47,171,"Tennessee","Unicoi County",1,0,156,79,77
050,47,171,"Tennessee","Unicoi County",1,1,165,88,77
050,47,171,"Tennessee","Unicoi County",1,2,169,94,75
050,47,171,"Tennessee","Unicoi County",1,3,176,94,82
050,47,171,"Tennessee","Unicoi County",1,4,147,75,72
050,47,171,"Tennessee","Unicoi County",1,5,172,76,96
050,47,171,"Tennessee","Unicoi County",1,6,178,88,90
050,47,171,"Tennessee","Unicoi County",1,7,178,80,98
050,47,171,"Tennessee","Unicoi County",1,8,176,87,89
050,47,171,"Tennessee","Unicoi County",1,9,176,91,85
050,47,171,"Tennessee","Unicoi County",1,10,170,87,83
050,47,171,"Tennessee","Unicoi County",1,11,193,105,88
050,47,171,"Tennessee","Unicoi County",1,12,209,118,91
050,47,171,"Tennessee","Unicoi County",1,13,198,123,75
050,47,171,"Tennessee","Unicoi County",1,14,190,109,81
050,47,171,"Tennessee","Unicoi County",1,15,223,113,110
050,47,171,"Tennessee","Unicoi County",1,16,227,122,105
050,47,171,"Tennessee","Unicoi County",1,17,215,113,102
050,47,171,"Tennessee","Unicoi County",1,18,198,106,92
050,47,171,"Tennessee","Unicoi County",1,19,150,79,71
050,47,171,"Tennessee","Unicoi County",1,20,176,88,88
050,47,171,"Tennessee","Unicoi County",1,21,199,105,94
050,47,171,"Tennessee","Unicoi County",1,22,192,95,97
050,47,171,"Tennessee","Unicoi County",1,23,201,103,98
050,47,171,"Tennessee","Unicoi County",1,24,191,92,99
050,47,171,"Tennessee","Unicoi County",1,25,205,111,94
050,47,171,"Tennessee","Unicoi County",1,26,200,95,105
050,47,171,"Tennessee","Unicoi County",1,27,203,106,97
050,47,171,"Tennessee","Unicoi County",1,28,188,102,86
050,47,171,"Tennessee","Unicoi County",1,29,211,113,98
050,47,171,"Tennessee","Unicoi County",1,30,200,109,91
050,47,171,"Tennessee","Unicoi County",1,31,194,103,91
050,47,171,"Tennessee","Unicoi County",1,32,187,91,96
050,47,171,"Tennessee","Unicoi County",1,33,177,76,101
050,47,171,"Tennessee","Unicoi County",1,34,187,94,93
050,47,171,"Tennessee","Unicoi County",1,35,194,108,86
050,47,171,"Tennessee","Unicoi County",1,36,188,95,93
050,47,171,"Tennessee","Unicoi County",1,37,202,111,91
050,47,171,"Tennessee","Unicoi County",1,38,208,108,100
050,47,171,"Tennessee","Unicoi County",1,39,206,110,96
050,47,171,"Tennessee","Unicoi County",1,40,197,108,89
050,47,171,"Tennessee","Unicoi County",1,41,203,105,98
050,47,171,"Tennessee","Unicoi County",1,42,198,107,91
050,47,171,"Tennessee","Unicoi County",1,43,214,109,105
050,47,171,"Tennessee","Unicoi County",1,44,192,97,95
050,47,171,"Tennessee","Unicoi County",1,45,209,106,103
050,47,171,"Tennessee","Unicoi County",1,46,206,90,116
050,47,171,"Tennessee","Unicoi County",1,47,224,114,110
050,47,171,"Tennessee","Unicoi County",1,48,258,133,125
050,47,171,"Tennessee","Unicoi County",1,49,254,127,127
050,47,171,"Tennessee","Unicoi County",1,50,242,130,112
050,47,171,"Tennessee","Unicoi County",1,51,264,129,135
050,47,171,"Tennessee","Unicoi County",1,52,260,131,129
050,47,171,"Tennessee","Unicoi County",1,53,229,117,112
050,47,171,"Tennessee","Unicoi County",1,54,249,121,128
050,47,171,"Tennessee","Unicoi County",1,55,268,123,145
050,47,171,"Tennessee","Unicoi County",1,56,277,142,135
050,47,171,"Tennessee","Unicoi County",1,57,258,128,130
050,47,171,"Tennessee","Unicoi County",1,58,247,119,128
050,47,171,"Tennessee","Unicoi County",1,59,286,139,147
050,47,171,"Tennessee","Unicoi County",1,60,313,143,170
050,47,171,"Tennessee","Unicoi County",1,61,292,138,154
050,47,171,"Tennessee","Unicoi County",1,62,298,140,158
050,47,171,"Tennessee","Unicoi County",1,63,292,137,155
050,47,171,"Tennessee","Unicoi County",1,64,267,132,135
050,47,171,"Tennessee","Unicoi County",1,65,292,146,146
050,47,171,"Tennessee","Unicoi County",1,66,268,135,133
050,47,171,"Tennessee","Unicoi County",1,67,258,124,134
050,47,171,"Tennessee","Unicoi County",1,68,251,125,126
050,47,171,"Tennessee","Unicoi County",1,69,249,119,130
050,47,171,"Tennessee","Unicoi County",1,70,245,115,130
050,47,171,"Tennessee","Unicoi County",1,71,246,112,134
050,47,171,"Tennessee","Unicoi County",1,72,221,101,120
050,47,171,"Tennessee","Unicoi County",1,73,224,108,116
050,47,171,"Tennessee","Unicoi County",1,74,180,82,98
050,47,171,"Tennessee","Unicoi County",1,75,170,84,86
050,47,171,"Tennessee","Unicoi County",1,76,151,73,78
050,47,171,"Tennessee","Unicoi County",1,77,156,74,82
050,47,171,"Tennessee","Unicoi County",1,78,148,72,76
050,47,171,"Tennessee","Unicoi County",1,79,128,58,70
050,47,171,"Tennessee","Unicoi County",1,80,122,55,67
050,47,171,"Tennessee","Unicoi County",1,81,128,64,64
050,47,171,"Tennessee","Unicoi County",1,82,101,50,51
050,47,171,"Tennessee","Unicoi County",1,83,90,40,50
050,47,171,"Tennessee","Unicoi County",1,84,86,36,50
050,47,171,"Tennessee","Unicoi County",1,85,439,160,279
050,47,171,"Tennessee","Unicoi County",2,0,154,84,70
050,47,171,"Tennessee","Unicoi County",2,1,164,87,77
050,47,171,"Tennessee","Unicoi County",2,2,173,96,77
050,47,171,"Tennessee","Unicoi County",2,3,172,92,80
050,47,171,"Tennessee","Unicoi County",2,4,155,80,75
050,47,171,"Tennessee","Unicoi County",2,5,166,77,89
050,47,171,"Tennessee","Unicoi County",2,6,175,84,91
050,47,171,"Tennessee","Unicoi County",2,7,175,79,96
050,47,171,"Tennessee","Unicoi County",2,8,175,84,91
050,47,171,"Tennessee","Unicoi County",2,9,174,89,85
050,47,171,"Tennessee","Unicoi County",2,10,169,88,81
050,47,171,"Tennessee","Unicoi County",2,11,184,99,85
050,47,171,"Tennessee","Unicoi County",2,12,207,117,90
050,47,171,"Tennessee","Unicoi County",2,13,199,122,77
050,47,171,"Tennessee","Unicoi County",2,14,190,111,79
050,47,171,"Tennessee","Unicoi County",2,15,214,112,102
050,47,171,"Tennessee","Unicoi County",2,16,224,118,106
050,47,171,"Tennessee","Unicoi County",2,17,217,114,103
050,47,171,"Tennessee","Unicoi County",2,18,191,104,87
050,47,171,"Tennessee","Unicoi County",2,19,155,81,74
050,47,171,"Tennessee","Unicoi County",2,20,177,90,87
050,47,171,"Tennessee","Unicoi County",2,21,196,102,94
050,47,171,"Tennessee","Unicoi County",2,22,196,97,99
050,47,171,"Tennessee","Unicoi County",2,23,202,105,97
050,47,171,"Tennessee","Unicoi County",2,24,192,93,99
050,47,171,"Tennessee","Unicoi County",2,25,204,109,95
050,47,171,"Tennessee","Unicoi County",2,26,197,96,101
050,47,171,"Tennessee","Unicoi County",2,27,200,102,98
050,47,171,"Tennessee","Unicoi County",2,28,191,102,89
050,47,171,"Tennessee","Unicoi County",2,29,205,111,94
050,47,171,"Tennessee","Unicoi County",2,30,203,111,92
050,47,171,"Tennessee","Unicoi County",2,31,195,104,91
050,47,171,"Tennessee","Unicoi County",2,32,189,94,95
050,47,171,"Tennessee","Unicoi County",2,33,181,82,99
050,47,171,"Tennessee","Unicoi County",2,34,185,91,94
050,47,171,"Tennessee","Unicoi County",2,35,194,105,89
050,47,171,"Tennessee","Unicoi County",2,36,185,95,90
050,47,171,"Tennessee","Unicoi County",2,37,197,107,90
050,47,171,"Tennessee","Unicoi County",2,38,208,109,99
050,47,171,"Tennessee","Unicoi County",2,39,208,111,97
050,47,171,"Tennessee","Unicoi County",2,40,202,109,93
050,47,171,"Tennessee","Unicoi County",2,41,197,103,94
050,47,171,"Tennessee","Unicoi County",2,42,196,105,91
050,47,171,"Tennessee","Unicoi County",2,43,208,106,102
050,47,171,"Tennessee","Unicoi County",2,44,195,98,97
050,47,171,"Tennessee","Unicoi County",2,45,205,104,101
050,47,171,"Tennessee","Unicoi County",2,46,206,93,113
050,47,171,"Tennessee","Unicoi County",2,47,217,107,110
050,47,171,"Tennessee","Unicoi County",2,48,253,131,122
050,47,171,"Tennessee","Unicoi County",2,49,253,127,126
050,47,171,"Tennessee","Unicoi County",2,50,248,131,117
050,47,171,"Tennessee","Unicoi County",2,51,261,129,132
050,47,171,"Tennessee","Unicoi County",2,52,260,128,132
050,47,171,"Tennessee","Unicoi County",2,53,238,122,116
050,47,171,"Tennessee","Unicoi County",2,54,243,118,125
050,47,171,"Tennessee","Unicoi County",2,55,264,122,142
050,47,171,"Tennessee","Unicoi County",2,56,276,140,136
050,47,171,"Tennessee","Unicoi County",2,57,258,129,129
050,47,171,"Tennessee","Unicoi County",2,58,250,121,129
050,47,171,"Tennessee","Unicoi County",2,59,279,136,143
050,47,171,"Tennessee","Unicoi County",2,60,307,142,165
050,47,171,"Tennessee","Unicoi County",2,61,294,137,157
050,47,171,"Tennessee","Unicoi County",2,62,297,139,158
050,47,171,"Tennessee","Unicoi County",2,63,297,138,159
050,47,171,"Tennessee","Unicoi County",2,64,271,132,139
050,47,171,"Tennessee","Unicoi County",2,65,286,142,144
050,47,171,"Tennessee","Unicoi County",2,66,274,137,137
050,47,171,"Tennessee","Unicoi County",2,67,259,126,133
050,47,171,"Tennessee","Unicoi County",2,68,251,124,127
050,47,171,"Tennessee","Unicoi County",2,69,253,121,132
050,47,171,"Tennessee","Unicoi County",2,70,240,112,128
050,47,171,"Tennessee","Unicoi County",2,71,243,111,132
050,47,171,"Tennessee","Unicoi County",2,72,221,100,121
050,47,171,"Tennessee","Unicoi County",2,73,233,111,122
050,47,171,"Tennessee","Unicoi County",2,74,179,81,98
050,47,171,"Tennessee","Unicoi County",2,75,171,84,87
050,47,171,"Tennessee","Unicoi County",2,76,154,75,79
050,47,171,"Tennessee","Unicoi County",2,77,157,75,82
050,47,171,"Tennessee","Unicoi County",2,78,145,71,74
050,47,171,"Tennessee","Unicoi County",2,79,131,60,71
050,47,171,"Tennessee","Unicoi County",2,80,124,56,68
050,47,171,"Tennessee","Unicoi County",2,81,125,61,64
050,47,171,"Tennessee","Unicoi County",2,82,105,53,52
050,47,171,"Tennessee","Unicoi County",2,83,90,40,50
050,47,171,"Tennessee","Unicoi County",2,84,86,36,50
050,47,171,"Tennessee","Unicoi County",2,85,446,164,282
050,47,171,"Tennessee","Unicoi County",3,0,117,56,61
050,47,171,"Tennessee","Unicoi County",3,1,155,74,81
050,47,171,"Tennessee","Unicoi County",3,2,174,97,77
050,47,171,"Tennessee","Unicoi County",3,3,168,94,74
050,47,171,"Tennessee","Unicoi County",3,4,176,100,76
050,47,171,"Tennessee","Unicoi County",3,5,163,77,86
050,47,171,"Tennessee","Unicoi County",3,6,166,79,87
050,47,171,"Tennessee","Unicoi County",3,7,178,92,86
050,47,171,"Tennessee","Unicoi County",3,8,173,76,97
050,47,171,"Tennessee","Unicoi County",3,9,177,87,90
050,47,171,"Tennessee","Unicoi County",3,10,175,90,85
050,47,171,"Tennessee","Unicoi County",3,11,174,93,81
050,47,171,"Tennessee","Unicoi County",3,12,183,97,86
050,47,171,"Tennessee","Unicoi County",3,13,210,122,88
050,47,171,"Tennessee","Unicoi County",3,14,192,110,82
050,47,171,"Tennessee","Unicoi County",3,15,177,104,73
050,47,171,"Tennessee","Unicoi County",3,16,210,114,96
050,47,171,"Tennessee","Unicoi County",3,17,225,111,114
050,47,171,"Tennessee","Unicoi County",3,18,193,108,85
050,47,171,"Tennessee","Unicoi County",3,19,158,82,76
050,47,171,"Tennessee","Unicoi County",3,20,177,90,87
050,47,171,"Tennessee","Unicoi County",3,21,172,90,82
050,47,171,"Tennessee","Unicoi County",3,22,201,98,103
050,47,171,"Tennessee","Unicoi County",3,23,199,102,97
050,47,171,"Tennessee","Unicoi County",3,24,200,110,90
050,47,171,"Tennessee","Unicoi County",3,25,185,95,90
050,47,171,"Tennessee","Unicoi County",3,26,193,101,92
050,47,171,"Tennessee","Unicoi County",3,27,204,106,98
050,47,171,"Tennessee","Unicoi County",3,28,189,91,98
050,47,171,"Tennessee","Unicoi County",3,29,193,97,96
050,47,171,"Tennessee","Unicoi County",3,30,195,108,87
050,47,171,"Tennessee","Unicoi County",3,31,191,100,91
050,47,171,"Tennessee","Unicoi County",3,32,188,99,89
050,47,171,"Tennessee","Unicoi County",3,33,193,97,96
050,47,171,"Tennessee","Unicoi County",3,34,176,85,91
050,47,171,"Tennessee","Unicoi County",3,35,183,91,92
050,47,171,"Tennessee","Unicoi County",3,36,200,108,92
050,47,171,"Tennessee","Unicoi County",3,37,185,102,83
050,47,171,"Tennessee","Unicoi County",3,38,197,107,90
050,47,171,"Tennessee","Unicoi County",3,39,213,118,95
050,47,171,"Tennessee","Unicoi County",3,40,197,99,98
050,47,171,"Tennessee","Unicoi County",3,41,203,104,99
050,47,171,"Tennessee","Unicoi County",3,42,193,96,97
050,47,171,"Tennessee","Unicoi County",3,43,202,107,95
050,47,171,"Tennessee","Unicoi County",3,44,200,105,95
050,47,171,"Tennessee","Unicoi County",3,45,192,97,95
050,47,171,"Tennessee","Unicoi County",3,46,198,98,100
050,47,171,"Tennessee","Unicoi County",3,47,204,93,111
050,47,171,"Tennessee","Unicoi County",3,48,227,111,116
050,47,171,"Tennessee","Unicoi County",3,49,245,125,120
050,47,171,"Tennessee","Unicoi County",3,50,261,128,133
050,47,171,"Tennessee","Unicoi County",3,51,247,133,114
050,47,171,"Tennessee","Unicoi County",3,52,252,120,132
050,47,171,"Tennessee","Unicoi County",3,53,259,131,128
050,47,171,"Tennessee","Unicoi County",3,54,245,130,115
050,47,171,"Tennessee","Unicoi County",3,55,246,119,127
050,47,171,"Tennessee","Unicoi County",3,56,265,127,138
050,47,171,"Tennessee","Unicoi County",3,57,273,135,138
050,47,171,"Tennessee","Unicoi County",3,58,255,126,129
050,47,171,"Tennessee","Unicoi County",3,59,252,121,131
050,47,171,"Tennessee","Unicoi County",3,60,281,135,146
050,47,171,"Tennessee","Unicoi County",3,61,295,140,155
050,47,171,"Tennessee","Unicoi County",3,62,295,139,156
050,47,171,"Tennessee","Unicoi County",3,63,303,139,164
050,47,171,"Tennessee","Unicoi County",3,64,293,136,157
050,47,171,"Tennessee","Unicoi County",3,65,277,129,148
050,47,171,"Tennessee","Unicoi County",3,66,289,138,151
050,47,171,"Tennessee","Unicoi County",3,67,263,130,133
050,47,171,"Tennessee","Unicoi County",3,68,258,124,134
050,47,171,"Tennessee","Unicoi County",3,69,252,126,126
050,47,171,"Tennessee","Unicoi County",3,70,250,119,131
050,47,171,"Tennessee","Unicoi County",3,71,234,109,125
050,47,171,"Tennessee","Unicoi County",3,72,230,104,126
050,47,171,"Tennessee","Unicoi County",3,73,211,95,116
050,47,171,"Tennessee","Unicoi County",3,74,224,106,118
050,47,171,"Tennessee","Unicoi County",3,75,159,71,88
050,47,171,"Tennessee","Unicoi County",3,76,160,80,80
050,47,171,"Tennessee","Unicoi County",3,77,139,66,73
050,47,171,"Tennessee","Unicoi County",3,78,151,72,79
050,47,171,"Tennessee","Unicoi County",3,79,130,64,66
050,47,171,"Tennessee","Unicoi County",3,80,121,59,62
050,47,171,"Tennessee","Unicoi County",3,81,117,55,62
050,47,171,"Tennessee","Unicoi County",3,82,107,55,52
050,47,171,"Tennessee","Unicoi County",3,83,96,46,50
050,47,171,"Tennessee","Unicoi County",3,84,73,28,45
050,47,171,"Tennessee","Unicoi County",3,85,429,160,269
050,47,171,"Tennessee","Unicoi County",4,0,144,72,72
050,47,171,"Tennessee","Unicoi County",4,1,123,54,69
050,47,171,"Tennessee","Unicoi County",4,2,160,75,85
050,47,171,"Tennessee","Unicoi County",4,3,170,91,79
050,47,171,"Tennessee","Unicoi County",4,4,165,90,75
050,47,171,"Tennessee","Unicoi County",4,5,176,98,78
050,47,171,"Tennessee","Unicoi County",4,6,172,89,83
050,47,171,"Tennessee","Unicoi County",4,7,160,76,84
050,47,171,"Tennessee","Unicoi County",4,8,172,84,88
050,47,171,"Tennessee","Unicoi County",4,9,181,82,99
050,47,171,"Tennessee","Unicoi County",4,10,178,84,94
050,47,171,"Tennessee","Unicoi County",4,11,173,92,81
050,47,171,"Tennessee","Unicoi County",4,12,182,94,88
050,47,171,"Tennessee","Unicoi County",4,13,187,102,85
050,47,171,"Tennessee","Unicoi County",4,14,211,118,93
050,47,171,"Tennessee","Unicoi County",4,15,202,119,83
050,47,171,"Tennessee","Unicoi County",4,16,182,112,70
050,47,171,"Tennessee","Unicoi County",4,17,209,107,102
050,47,171,"Tennessee","Unicoi County",4,18,199,107,92
050,47,171,"Tennessee","Unicoi County",4,19,157,87,70
050,47,171,"Tennessee","Unicoi County",4,20,159,83,76
050,47,171,"Tennessee","Unicoi County",4,21,188,95,93
050,47,171,"Tennessee","Unicoi County",4,22,174,85,89
050,47,171,"Tennessee","Unicoi County",4,23,215,98,117
050,47,171,"Tennessee","Unicoi County",4,24,194,94,100
050,47,171,"Tennessee","Unicoi County",4,25,212,121,91
050,47,171,"Tennessee","Unicoi County",4,26,202,94,108
050,47,171,"Tennessee","Unicoi County",4,27,206,110,96
050,47,171,"Tennessee","Unicoi County",4,28,203,101,102
050,47,171,"Tennessee","Unicoi County",4,29,199,102,97
050,47,171,"Tennessee","Unicoi County",4,30,193,108,85
050,47,171,"Tennessee","Unicoi County",4,31,185,100,85
050,47,171,"Tennessee","Unicoi County",4,32,186,96,90
050,47,171,"Tennessee","Unicoi County",4,33,205,110,95
050,47,171,"Tennessee","Unicoi County",4,34,187,95,92
050,47,171,"Tennessee","Unicoi County",4,35,184,83,101
050,47,171,"Tennessee","Unicoi County",4,36,179,83,96
050,47,171,"Tennessee","Unicoi County",4,37,190,107,83
050,47,171,"Tennessee","Unicoi County",4,38,190,106,84
050,47,171,"Tennessee","Unicoi County",4,39,215,119,96
050,47,171,"Tennessee","Unicoi County",4,40,207,121,86
050,47,171,"Tennessee","Unicoi County",4,41,203,102,101
050,47,171,"Tennessee","Unicoi County",4,42,203,100,103
050,47,171,"Tennessee","Unicoi County",4,43,194,93,101
050,47,171,"Tennessee","Unicoi County",4,44,203,109,94
050,47,171,"Tennessee","Unicoi County",4,45,207,109,98
050,47,171,"Tennessee","Unicoi County",4,46,200,99,101
050,47,171,"Tennessee","Unicoi County",4,47,202,98,104
050,47,171,"Tennessee","Unicoi County",4,48,210,98,112
050,47,171,"Tennessee","Unicoi County",4,49,218,107,111
050,47,171,"Tennessee","Unicoi County",4,50,255,130,125
050,47,171,"Tennessee","Unicoi County",4,51,264,128,136
050,47,171,"Tennessee","Unicoi County",4,52,251,131,120
050,47,171,"Tennessee","Unicoi County",4,53,247,119,128
050,47,171,"Tennessee","Unicoi County",4,54,268,133,135
050,47,171,"Tennessee","Unicoi County",4,55,247,132,115
050,47,171,"Tennessee","Unicoi County",4,56,245,123,122
050,47,171,"Tennessee","Unicoi County",4,57,259,124,135
050,47,171,"Tennessee","Unicoi County",4,58,270,134,136
050,47,171,"Tennessee","Unicoi County",4,59,255,128,127
050,47,171,"Tennessee","Unicoi County",4,60,258,125,133
050,47,171,"Tennessee","Unicoi County",4,61,280,135,145
050,47,171,"Tennessee","Unicoi County",4,62,307,144,163
050,47,171,"Tennessee","Unicoi County",4,63,296,136,160
050,47,171,"Tennessee","Unicoi County",4,64,298,142,156
050,47,171,"Tennessee","Unicoi County",4,65,292,135,157
050,47,171,"Tennessee","Unicoi County",4,66,268,127,141
050,47,171,"Tennessee","Unicoi County",4,67,276,128,148
050,47,171,"Tennessee","Unicoi County",4,68,254,125,129
050,47,171,"Tennessee","Unicoi County",4,69,257,121,136
050,47,171,"Tennessee","Unicoi County",4,70,243,121,122
050,47,171,"Tennessee","Unicoi County",4,71,238,113,125
050,47,171,"Tennessee","Unicoi County",4,72,223,103,120
050,47,171,"Tennessee","Unicoi County",4,73,229,105,124
050,47,171,"Tennessee","Unicoi County",4,74,208,92,116
050,47,171,"Tennessee","Unicoi County",4,75,208,95,113
050,47,171,"Tennessee","Unicoi County",4,76,152,65,87
050,47,171,"Tennessee","Unicoi County",4,77,150,73,77
050,47,171,"Tennessee","Unicoi County",4,78,136,64,72
050,47,171,"Tennessee","Unicoi County",4,79,131,62,69
050,47,171,"Tennessee","Unicoi County",4,80,115,60,55
050,47,171,"Tennessee","Unicoi County",4,81,114,55,59
050,47,171,"Tennessee","Unicoi County",4,82,99,48,51
050,47,171,"Tennessee","Unicoi County",4,83,92,46,46
050,47,171,"Tennessee","Unicoi County",4,84,83,37,46
050,47,171,"Tennessee","Unicoi County",4,85,407,157,250
050,47,171,"Tennessee","Unicoi County",5,0,141,71,70
050,47,171,"Tennessee","Unicoi County",5,1,153,73,80
050,47,171,"Tennessee","Unicoi County",5,2,137,64,73
050,47,171,"Tennessee","Unicoi County",5,3,164,76,88
050,47,171,"Tennessee","Unicoi County",5,4,178,97,81
050,47,171,"Tennessee","Unicoi County",5,5,179,100,79
050,47,171,"Tennessee","Unicoi County",5,6,186,102,84
050,47,171,"Tennessee","Unicoi County",5,7,179,92,87
050,47,171,"Tennessee","Unicoi County",5,8,169,77,92
050,47,171,"Tennessee","Unicoi County",5,9,188,89,99
050,47,171,"Tennessee","Unicoi County",5,10,189,80,109
050,47,171,"Tennessee","Unicoi County",5,11,167,85,82
050,47,171,"Tennessee","Unicoi County",5,12,169,85,84
050,47,171,"Tennessee","Unicoi County",5,13,188,94,94
050,47,171,"Tennessee","Unicoi County",5,14,183,103,80
050,47,171,"Tennessee","Unicoi County",5,15,210,118,92
050,47,171,"Tennessee","Unicoi County",5,16,211,120,91
050,47,171,"Tennessee","Unicoi County",5,17,189,111,78
050,47,171,"Tennessee","Unicoi County",5,18,176,97,79
050,47,171,"Tennessee","Unicoi County",5,19,151,85,66
050,47,171,"Tennessee","Unicoi County",5,20,175,96,79
050,47,171,"Tennessee","Unicoi County",5,21,166,86,80
050,47,171,"Tennessee","Unicoi County",5,22,193,95,98
050,47,171,"Tennessee","Unicoi County",5,23,182,92,90
050,47,171,"Tennessee","Unicoi County",5,24,213,106,107
050,47,171,"Tennessee","Unicoi County",5,25,209,108,101
050,47,171,"Tennessee","Unicoi County",5,26,216,119,97
050,47,171,"Tennessee","Unicoi County",5,27,217,109,108
050,47,171,"Tennessee","Unicoi County",5,28,202,107,95
050,47,171,"Tennessee","Unicoi County",5,29,203,104,99
050,47,171,"Tennessee","Unicoi County",5,30,215,103,112
050,47,171,"Tennessee","Unicoi County",5,31,193,106,87
050,47,171,"Tennessee","Unicoi County",5,32,204,111,93
050,47,171,"Tennessee","Unicoi County",5,33,203,104,99
050,47,171,"Tennessee","Unicoi County",5,34,205,112,93
050,47,171,"Tennessee","Unicoi County",5,35,189,98,91
050,47,171,"Tennessee","Unicoi County",5,36,182,78,104
050,47,171,"Tennessee","Unicoi County",5,37,186,91,95
050,47,171,"Tennessee","Unicoi County",5,38,189,105,84
050,47,171,"Tennessee","Unicoi County",5,39,203,115,88
050,47,171,"Tennessee","Unicoi County",5,40,204,115,89
050,47,171,"Tennessee","Unicoi County",5,41,214,125,89
050,47,171,"Tennessee","Unicoi County",5,42,208,106,102
050,47,171,"Tennessee","Unicoi County",5,43,200,98,102
050,47,171,"Tennessee","Unicoi County",5,44,196,97,99
050,47,171,"Tennessee","Unicoi County",5,45,205,100,105
050,47,171,"Tennessee","Unicoi County",5,46,206,109,97
050,47,171,"Tennessee","Unicoi County",5,47,208,103,105
050,47,171,"Tennessee","Unicoi County",5,48,213,101,112
050,47,171,"Tennessee","Unicoi County",5,49,211,99,112
050,47,171,"Tennessee","Unicoi County",5,50,233,117,116
050,47,171,"Tennessee","Unicoi County",5,51,264,137,127
050,47,171,"Tennessee","Unicoi County",5,52,283,133,150
050,47,171,"Tennessee","Unicoi County",5,53,253,134,119
050,47,171,"Tennessee","Unicoi County",5,54,252,121,131
050,47,171,"Tennessee","Unicoi County",5,55,268,132,136
050,47,171,"Tennessee","Unicoi County",5,56,259,143,116
050,47,171,"Tennessee","Unicoi County",5,57,246,125,121
050,47,171,"Tennessee","Unicoi County",5,58,262,128,134
050,47,171,"Tennessee","Unicoi County",5,59,278,136,142
050,47,171,"Tennessee","Unicoi County",5,60,254,127,127
050,47,171,"Tennessee","Unicoi County",5,61,259,126,133
050,47,171,"Tennessee","Unicoi County",5,62,291,142,149
050,47,171,"Tennessee","Unicoi County",5,63,314,145,169
050,47,171,"Tennessee","Unicoi County",5,64,290,136,154
050,47,171,"Tennessee","Unicoi County",5,65,301,145,156
050,47,171,"Tennessee","Unicoi County",5,66,306,144,162
050,47,171,"Tennessee","Unicoi County",5,67,255,121,134
050,47,171,"Tennessee","Unicoi County",5,68,273,123,150
050,47,171,"Tennessee","Unicoi County",5,69,255,124,131
050,47,171,"Tennessee","Unicoi County",5,70,249,117,132
050,47,171,"Tennessee","Unicoi County",5,71,236,116,120
050,47,171,"Tennessee","Unicoi County",5,72,227,107,120
050,47,171,"Tennessee","Unicoi County",5,73,217,101,116
050,47,171,"Tennessee","Unicoi County",5,74,224,101,123
050,47,171,"Tennessee","Unicoi County",5,75,187,79,108
050,47,171,"Tennessee","Unicoi County",5,76,199,92,107
050,47,171,"Tennessee","Unicoi County",5,77,140,61,79
050,47,171,"Tennessee","Unicoi County",5,78,149,70,79
050,47,171,"Tennessee","Unicoi County",5,79,116,53,63
050,47,171,"Tennessee","Unicoi County",5,80,118,57,61
050,47,171,"Tennessee","Unicoi County",5,81,109,56,53
050,47,171,"Tennessee","Unicoi County",5,82,93,48,45
050,47,171,"Tennessee","Unicoi County",5,83,89,41,48
050,47,171,"Tennessee","Unicoi County",5,84,77,37,40
050,47,171,"Tennessee","Unicoi County",5,85,413,162,251
050,47,173,"Tennessee","Union County",1,0,203,106,97
050,47,173,"Tennessee","Union County",1,1,223,124,99
050,47,173,"Tennessee","Union County",1,2,216,123,93
050,47,173,"Tennessee","Union County",1,3,208,103,105
050,47,173,"Tennessee","Union County",1,4,225,107,118
050,47,173,"Tennessee","Union County",1,5,229,126,103
050,47,173,"Tennessee","Union County",1,6,190,97,93
050,47,173,"Tennessee","Union County",1,7,227,109,118
050,47,173,"Tennessee","Union County",1,8,233,115,118
050,47,173,"Tennessee","Union County",1,9,228,117,111
050,47,173,"Tennessee","Union County",1,10,260,138,122
050,47,173,"Tennessee","Union County",1,11,263,129,134
050,47,173,"Tennessee","Union County",1,12,280,138,142
050,47,173,"Tennessee","Union County",1,13,275,124,151
050,47,173,"Tennessee","Union County",1,14,258,132,126
050,47,173,"Tennessee","Union County",1,15,268,133,135
050,47,173,"Tennessee","Union County",1,16,263,143,120
050,47,173,"Tennessee","Union County",1,17,269,142,127
050,47,173,"Tennessee","Union County",1,18,209,119,90
050,47,173,"Tennessee","Union County",1,19,157,84,73
050,47,173,"Tennessee","Union County",1,20,184,102,82
050,47,173,"Tennessee","Union County",1,21,196,118,78
050,47,173,"Tennessee","Union County",1,22,199,101,98
050,47,173,"Tennessee","Union County",1,23,212,106,106
050,47,173,"Tennessee","Union County",1,24,221,108,113
050,47,173,"Tennessee","Union County",1,25,225,106,119
050,47,173,"Tennessee","Union County",1,26,243,121,122
050,47,173,"Tennessee","Union County",1,27,224,120,104
050,47,173,"Tennessee","Union County",1,28,216,102,114
050,47,173,"Tennessee","Union County",1,29,248,126,122
050,47,173,"Tennessee","Union County",1,30,275,138,137
050,47,173,"Tennessee","Union County",1,31,239,119,120
050,47,173,"Tennessee","Union County",1,32,246,118,128
050,47,173,"Tennessee","Union County",1,33,235,111,124
050,47,173,"Tennessee","Union County",1,34,214,101,113
050,47,173,"Tennessee","Union County",1,35,221,109,112
050,47,173,"Tennessee","Union County",1,36,208,105,103
050,47,173,"Tennessee","Union County",1,37,224,105,119
050,47,173,"Tennessee","Union County",1,38,209,114,95
050,47,173,"Tennessee","Union County",1,39,239,115,124
050,47,173,"Tennessee","Union County",1,40,239,112,127
050,47,173,"Tennessee","Union County",1,41,245,121,124
050,47,173,"Tennessee","Union County",1,42,230,114,116
050,47,173,"Tennessee","Union County",1,43,227,122,105
050,47,173,"Tennessee","Union County",1,44,246,131,115
050,47,173,"Tennessee","Union County",1,45,250,137,113
050,47,173,"Tennessee","Union County",1,46,250,128,122
050,47,173,"Tennessee","Union County",1,47,251,123,128
050,47,173,"Tennessee","Union County",1,48,253,118,135
050,47,173,"Tennessee","Union County",1,49,258,127,131
050,47,173,"Tennessee","Union County",1,50,275,138,137
050,47,173,"Tennessee","Union County",1,51,284,145,139
050,47,173,"Tennessee","Union County",1,52,300,146,154
050,47,173,"Tennessee","Union County",1,53,297,139,158
050,47,173,"Tennessee","Union County",1,54,286,140,146
050,47,173,"Tennessee","Union County",1,55,298,146,152
050,47,173,"Tennessee","Union County",1,56,302,152,150
050,47,173,"Tennessee","Union County",1,57,336,177,159
050,47,173,"Tennessee","Union County",1,58,328,170,158
050,47,173,"Tennessee","Union County",1,59,338,174,164
050,47,173,"Tennessee","Union County",1,60,335,169,166
050,47,173,"Tennessee","Union County",1,61,313,160,153
050,47,173,"Tennessee","Union County",1,62,295,140,155
050,47,173,"Tennessee","Union County",1,63,294,133,161
050,47,173,"Tennessee","Union County",1,64,292,150,142
050,47,173,"Tennessee","Union County",1,65,251,132,119
050,47,173,"Tennessee","Union County",1,66,252,125,127
050,47,173,"Tennessee","Union County",1,67,247,128,119
050,47,173,"Tennessee","Union County",1,68,255,137,118
050,47,173,"Tennessee","Union County",1,69,219,113,106
050,47,173,"Tennessee","Union County",1,70,232,113,119
050,47,173,"Tennessee","Union County",1,71,229,123,106
050,47,173,"Tennessee","Union County",1,72,199,100,99
050,47,173,"Tennessee","Union County",1,73,202,99,103
050,47,173,"Tennessee","Union County",1,74,145,72,73
050,47,173,"Tennessee","Union County",1,75,159,76,83
050,47,173,"Tennessee","Union County",1,76,150,63,87
050,47,173,"Tennessee","Union County",1,77,139,62,77
050,47,173,"Tennessee","Union County",1,78,141,71,70
050,47,173,"Tennessee","Union County",1,79,122,57,65
050,47,173,"Tennessee","Union County",1,80,102,47,55
050,47,173,"Tennessee","Union County",1,81,77,37,40
050,47,173,"Tennessee","Union County",1,82,70,29,41
050,47,173,"Tennessee","Union County",1,83,64,21,43
050,47,173,"Tennessee","Union County",1,84,58,23,35
050,47,173,"Tennessee","Union County",1,85,307,96,211
050,47,173,"Tennessee","Union County",2,0,195,105,90
050,47,173,"Tennessee","Union County",2,1,219,121,98
050,47,173,"Tennessee","Union County",2,2,218,123,95
050,47,173,"Tennessee","Union County",2,3,207,106,101
050,47,173,"Tennessee","Union County",2,4,222,107,115
050,47,173,"Tennessee","Union County",2,5,228,120,108
050,47,173,"Tennessee","Union County",2,6,200,103,97
050,47,173,"Tennessee","Union County",2,7,221,107,114
050,47,173,"Tennessee","Union County",2,8,231,113,118
050,47,173,"Tennessee","Union County",2,9,230,118,112
050,47,173,"Tennessee","Union County",2,10,253,133,120
050,47,173,"Tennessee","Union County",2,11,258,129,129
050,47,173,"Tennessee","Union County",2,12,280,139,141
050,47,173,"Tennessee","Union County",2,13,276,128,148
050,47,173,"Tennessee","Union County",2,14,263,130,133
050,47,173,"Tennessee","Union County",2,15,265,132,133
050,47,173,"Tennessee","Union County",2,16,265,141,124
050,47,173,"Tennessee","Union County",2,17,268,143,125
050,47,173,"Tennessee","Union County",2,18,212,119,93
050,47,173,"Tennessee","Union County",2,19,162,87,75
050,47,173,"Tennessee","Union County",2,20,185,102,83
050,47,173,"Tennessee","Union County",2,21,197,115,82
050,47,173,"Tennessee","Union County",2,22,204,107,97
050,47,173,"Tennessee","Union County",2,23,213,107,106
050,47,173,"Tennessee","Union County",2,24,218,108,110
050,47,173,"Tennessee","Union County",2,25,228,110,118
050,47,173,"Tennessee","Union County",2,26,242,120,122
050,47,173,"Tennessee","Union County",2,27,228,120,108
050,47,173,"Tennessee","Union County",2,28,218,106,112
050,47,173,"Tennessee","Union County",2,29,243,122,121
050,47,173,"Tennessee","Union County",2,30,271,135,136
050,47,173,"Tennessee","Union County",2,31,246,123,123
050,47,173,"Tennessee","Union County",2,32,243,117,126
050,47,173,"Tennessee","Union County",2,33,236,112,124
050,47,173,"Tennessee","Union County",2,34,218,103,115
050,47,173,"Tennessee","Union County",2,35,221,108,113
050,47,173,"Tennessee","Union County",2,36,209,105,104
050,47,173,"Tennessee","Union County",2,37,221,105,116
050,47,173,"Tennessee","Union County",2,38,212,111,101
050,47,173,"Tennessee","Union County",2,39,232,115,117
050,47,173,"Tennessee","Union County",2,40,242,115,127
050,47,173,"Tennessee","Union County",2,41,242,118,124
050,47,173,"Tennessee","Union County",2,42,235,117,118
050,47,173,"Tennessee","Union County",2,43,231,121,110
050,47,173,"Tennessee","Union County",2,44,238,127,111
050,47,173,"Tennessee","Union County",2,45,252,136,116
050,47,173,"Tennessee","Union County",2,46,252,131,121
050,47,173,"Tennessee","Union County",2,47,248,122,126
050,47,173,"Tennessee","Union County",2,48,251,119,132
050,47,173,"Tennessee","Union County",2,49,261,127,134
050,47,173,"Tennessee","Union County",2,50,275,138,137
050,47,173,"Tennessee","Union County",2,51,282,143,139
050,47,173,"Tennessee","Union County",2,52,293,144,149
050,47,173,"Tennessee","Union County",2,53,301,142,159
050,47,173,"Tennessee","Union County",2,54,289,140,149
050,47,173,"Tennessee","Union County",2,55,294,145,149
050,47,173,"Tennessee","Union County",2,56,306,153,153
050,47,173,"Tennessee","Union County",2,57,329,171,158
050,47,173,"Tennessee","Union County",2,58,331,170,161
050,47,173,"Tennessee","Union County",2,59,339,175,164
050,47,173,"Tennessee","Union County",2,60,337,171,166
050,47,173,"Tennessee","Union County",2,61,321,163,158
050,47,173,"Tennessee","Union County",2,62,301,145,156
050,47,173,"Tennessee","Union County",2,63,298,138,160
050,47,173,"Tennessee","Union County",2,64,287,143,144
050,47,173,"Tennessee","Union County",2,65,261,136,125
050,47,173,"Tennessee","Union County",2,66,254,130,124
050,47,173,"Tennessee","Union County",2,67,249,127,122
050,47,173,"Tennessee","Union County",2,68,252,134,118
050,47,173,"Tennessee","Union County",2,69,232,121,111
050,47,173,"Tennessee","Union County",2,70,232,115,117
050,47,173,"Tennessee","Union County",2,71,226,119,107
050,47,173,"Tennessee","Union County",2,72,199,102,97
050,47,173,"Tennessee","Union County",2,73,210,105,105
050,47,173,"Tennessee","Union County",2,74,145,71,74
050,47,173,"Tennessee","Union County",2,75,154,74,80
050,47,173,"Tennessee","Union County",2,76,149,63,86
050,47,173,"Tennessee","Union County",2,77,144,63,81
050,47,173,"Tennessee","Union County",2,78,134,64,70
050,47,173,"Tennessee","Union County",2,79,124,60,64
050,47,173,"Tennessee","Union County",2,80,107,50,57
050,47,173,"Tennessee","Union County",2,81,79,37,42
050,47,173,"Tennessee","Union County",2,82,71,30,41
050,47,173,"Tennessee","Union County",2,83,65,23,42
050,47,173,"Tennessee","Union County",2,84,57,22,35
050,47,173,"Tennessee","Union County",2,85,308,93,215
050,47,173,"Tennessee","Union County",3,0,197,115,82
050,47,173,"Tennessee","Union County",3,1,200,100,100
050,47,173,"Tennessee","Union County",3,2,223,127,96
050,47,173,"Tennessee","Union County",3,3,224,126,98
050,47,173,"Tennessee","Union County",3,4,205,108,97
050,47,173,"Tennessee","Union County",3,5,233,114,119
050,47,173,"Tennessee","Union County",3,6,229,120,109
050,47,173,"Tennessee","Union County",3,7,208,107,101
050,47,173,"Tennessee","Union County",3,8,221,105,116
050,47,173,"Tennessee","Union County",3,9,232,115,117
050,47,173,"Tennessee","Union County",3,10,227,115,112
050,47,173,"Tennessee","Union County",3,11,265,132,133
050,47,173,"Tennessee","Union County",3,12,263,133,130
050,47,173,"Tennessee","Union County",3,13,281,137,144
050,47,173,"Tennessee","Union County",3,14,271,125,146
050,47,173,"Tennessee","Union County",3,15,264,134,130
050,47,173,"Tennessee","Union County",3,16,255,138,117
050,47,173,"Tennessee","Union County",3,17,288,151,137
050,47,173,"Tennessee","Union County",3,18,221,121,100
050,47,173,"Tennessee","Union County",3,19,164,92,72
050,47,173,"Tennessee","Union County",3,20,184,99,85
050,47,173,"Tennessee","Union County",3,21,198,106,92
050,47,173,"Tennessee","Union County",3,22,204,111,93
050,47,173,"Tennessee","Union County",3,23,220,118,102
050,47,173,"Tennessee","Union County",3,24,222,101,121
050,47,173,"Tennessee","Union County",3,25,236,123,113
050,47,173,"Tennessee","Union County",3,26,231,105,126
050,47,173,"Tennessee","Union County",3,27,237,118,119
050,47,173,"Tennessee","Union County",3,28,236,126,110
050,47,173,"Tennessee","Union County",3,29,225,113,112
050,47,173,"Tennessee","Union County",3,30,256,130,126
050,47,173,"Tennessee","Union County",3,31,277,136,141
050,47,173,"Tennessee","Union County",3,32,241,112,129
050,47,173,"Tennessee","Union County",3,33,240,114,126
050,47,173,"Tennessee","Union County",3,34,235,112,123
050,47,173,"Tennessee","Union County",3,35,216,102,114
050,47,173,"Tennessee","Union County",3,36,224,108,116
050,47,173,"Tennessee","Union County",3,37,214,101,113
050,47,173,"Tennessee","Union County",3,38,219,103,116
050,47,173,"Tennessee","Union County",3,39,223,116,107
050,47,173,"Tennessee","Union County",3,40,234,114,120
050,47,173,"Tennessee","Union County",3,41,242,118,124
050,47,173,"Tennessee","Union County",3,42,241,114,127
050,47,173,"Tennessee","Union County",3,43,229,107,122
050,47,173,"Tennessee","Union County",3,44,247,125,122
050,47,173,"Tennessee","Union County",3,45,231,126,105
050,47,173,"Tennessee","Union County",3,46,244,131,113
050,47,173,"Tennessee","Union County",3,47,247,128,119
050,47,173,"Tennessee","Union County",3,48,259,125,134
050,47,173,"Tennessee","Union County",3,49,265,123,142
050,47,173,"Tennessee","Union County",3,50,281,143,138
050,47,173,"Tennessee","Union County",3,51,269,126,143
050,47,173,"Tennessee","Union County",3,52,279,144,135
050,47,173,"Tennessee","Union County",3,53,316,151,165
050,47,173,"Tennessee","Union County",3,54,301,138,163
050,47,173,"Tennessee","Union County",3,55,297,144,153
050,47,173,"Tennessee","Union County",3,56,298,149,149
050,47,173,"Tennessee","Union County",3,57,317,163,154
050,47,173,"Tennessee","Union County",3,58,321,164,157
050,47,173,"Tennessee","Union County",3,59,323,165,158
050,47,173,"Tennessee","Union County",3,60,348,174,174
050,47,173,"Tennessee","Union County",3,61,332,167,165
050,47,173,"Tennessee","Union County",3,62,317,167,150
050,47,173,"Tennessee","Union County",3,63,314,155,159
050,47,173,"Tennessee","Union County",3,64,302,142,160
050,47,173,"Tennessee","Union County",3,65,299,146,153
050,47,173,"Tennessee","Union County",3,66,268,138,130
050,47,173,"Tennessee","Union County",3,67,251,125,126
050,47,173,"Tennessee","Union County",3,68,242,123,119
050,47,173,"Tennessee","Union County",3,69,244,132,112
050,47,173,"Tennessee","Union County",3,70,235,125,110
050,47,173,"Tennessee","Union County",3,71,215,105,110
050,47,173,"Tennessee","Union County",3,72,211,111,100
050,47,173,"Tennessee","Union County",3,73,193,101,92
050,47,173,"Tennessee","Union County",3,74,197,98,99
050,47,173,"Tennessee","Union County",3,75,137,69,68
050,47,173,"Tennessee","Union County",3,76,142,64,78
050,47,173,"Tennessee","Union County",3,77,140,56,84
050,47,173,"Tennessee","Union County",3,78,129,58,71
050,47,173,"Tennessee","Union County",3,79,127,57,70
050,47,173,"Tennessee","Union County",3,80,115,55,60
050,47,173,"Tennessee","Union County",3,81,94,41,53
050,47,173,"Tennessee","Union County",3,82,75,35,40
050,47,173,"Tennessee","Union County",3,83,65,28,37
050,47,173,"Tennessee","Union County",3,84,63,21,42
050,47,173,"Tennessee","Union County",3,85,308,100,208
050,47,173,"Tennessee","Union County",4,0,224,122,102
050,47,173,"Tennessee","Union County",4,1,216,122,94
050,47,173,"Tennessee","Union County",4,2,212,105,107
050,47,173,"Tennessee","Union County",4,3,226,131,95
050,47,173,"Tennessee","Union County",4,4,240,132,108
050,47,173,"Tennessee","Union County",4,5,211,109,102
050,47,173,"Tennessee","Union County",4,6,245,117,128
050,47,173,"Tennessee","Union County",4,7,238,118,120
050,47,173,"Tennessee","Union County",4,8,213,110,103
050,47,173,"Tennessee","Union County",4,9,230,112,118
050,47,173,"Tennessee","Union County",4,10,238,119,119
050,47,173,"Tennessee","Union County",4,11,238,122,116
050,47,173,"Tennessee","Union County",4,12,273,140,133
050,47,173,"Tennessee","Union County",4,13,266,138,128
050,47,173,"Tennessee","Union County",4,14,298,147,151
050,47,173,"Tennessee","Union County",4,15,271,127,144
050,47,173,"Tennessee","Union County",4,16,267,140,127
050,47,173,"Tennessee","Union County",4,17,271,145,126
050,47,173,"Tennessee","Union County",4,18,235,131,104
050,47,173,"Tennessee","Union County",4,19,176,96,80
050,47,173,"Tennessee","Union County",4,20,172,96,76
050,47,173,"Tennessee","Union County",4,21,194,107,87
050,47,173,"Tennessee","Union County",4,22,214,114,100
050,47,173,"Tennessee","Union County",4,23,222,118,104
050,47,173,"Tennessee","Union County",4,24,249,128,121
050,47,173,"Tennessee","Union County",4,25,221,106,115
050,47,173,"Tennessee","Union County",4,26,250,129,121
050,47,173,"Tennessee","Union County",4,27,249,116,133
050,47,173,"Tennessee","Union County",4,28,245,125,120
050,47,173,"Tennessee","Union County",4,29,261,140,121
050,47,173,"Tennessee","Union County",4,30,227,116,111
050,47,173,"Tennessee","Union County",4,31,268,141,127
050,47,173,"Tennessee","Union County",4,32,288,138,150
050,47,173,"Tennessee","Union County",4,33,253,115,138
050,47,173,"Tennessee","Union County",4,34,252,120,132
050,47,173,"Tennessee","Union County",4,35,241,111,130
050,47,173,"Tennessee","Union County",4,36,229,111,118
050,47,173,"Tennessee","Union County",4,37,230,110,120
050,47,173,"Tennessee","Union County",4,38,223,110,113
050,47,173,"Tennessee","Union County",4,39,236,117,119
050,47,173,"Tennessee","Union County",4,40,232,117,115
050,47,173,"Tennessee","Union County",4,41,255,126,129
050,47,173,"Tennessee","Union County",4,42,239,116,123
050,47,173,"Tennessee","Union County",4,43,244,115,129
050,47,173,"Tennessee","Union County",4,44,233,109,124
050,47,173,"Tennessee","Union County",4,45,242,124,118
050,47,173,"Tennessee","Union County",4,46,239,131,108
050,47,173,"Tennessee","Union County",4,47,249,132,117
050,47,173,"Tennessee","Union County",4,48,246,128,118
050,47,173,"Tennessee","Union County",4,49,258,121,137
050,47,173,"Tennessee","Union County",4,50,267,126,141
050,47,173,"Tennessee","Union County",4,51,290,145,145
050,47,173,"Tennessee","Union County",4,52,281,138,143
050,47,173,"Tennessee","Union County",4,53,290,152,138
050,47,173,"Tennessee","Union County",4,54,302,143,159
050,47,173,"Tennessee","Union County",4,55,295,134,161
050,47,173,"Tennessee","Union County",4,56,307,144,163
050,47,173,"Tennessee","Union County",4,57,310,155,155
050,47,173,"Tennessee","Union County",4,58,324,162,162
050,47,173,"Tennessee","Union County",4,59,324,168,156
050,47,173,"Tennessee","Union County",4,60,324,166,158
050,47,173,"Tennessee","Union County",4,61,346,173,173
050,47,173,"Tennessee","Union County",4,62,342,173,169
050,47,173,"Tennessee","Union County",4,63,336,176,160
050,47,173,"Tennessee","Union County",4,64,316,158,158
050,47,173,"Tennessee","Union County",4,65,306,143,163
050,47,173,"Tennessee","Union County",4,66,307,147,160
050,47,173,"Tennessee","Union County",4,67,256,127,129
050,47,173,"Tennessee","Union County",4,68,253,125,128
050,47,173,"Tennessee","Union County",4,69,246,122,124
050,47,173,"Tennessee","Union County",4,70,246,131,115
050,47,173,"Tennessee","Union County",4,71,223,119,104
050,47,173,"Tennessee","Union County",4,72,207,98,109
050,47,173,"Tennessee","Union County",4,73,206,106,100
050,47,173,"Tennessee","Union County",4,74,183,94,89
050,47,173,"Tennessee","Union County",4,75,189,96,93
050,47,173,"Tennessee","Union County",4,76,124,59,65
050,47,173,"Tennessee","Union County",4,77,127,58,69
050,47,173,"Tennessee","Union County",4,78,132,51,81
050,47,173,"Tennessee","Union County",4,79,123,51,72
050,47,173,"Tennessee","Union County",4,80,119,56,63
050,47,173,"Tennessee","Union County",4,81,103,50,53
050,47,173,"Tennessee","Union County",4,82,87,37,50
050,47,173,"Tennessee","Union County",4,83,68,34,34
050,47,173,"Tennessee","Union County",4,84,62,25,37
050,47,173,"Tennessee","Union County",4,85,303,90,213
050,47,173,"Tennessee","Union County",5,0,228,124,104
050,47,173,"Tennessee","Union County",5,1,247,135,112
050,47,173,"Tennessee","Union County",5,2,228,132,96
050,47,173,"Tennessee","Union County",5,3,210,108,102
050,47,173,"Tennessee","Union County",5,4,227,132,95
050,47,173,"Tennessee","Union County",5,5,242,121,121
050,47,173,"Tennessee","Union County",5,6,217,112,105
050,47,173,"Tennessee","Union County",5,7,237,119,118
050,47,173,"Tennessee","Union County",5,8,222,110,112
050,47,173,"Tennessee","Union County",5,9,213,111,102
050,47,173,"Tennessee","Union County",5,10,230,109,121
050,47,173,"Tennessee","Union County",5,11,237,113,124
050,47,173,"Tennessee","Union County",5,12,240,117,123
050,47,173,"Tennessee","Union County",5,13,274,146,128
050,47,173,"Tennessee","Union County",5,14,266,141,125
050,47,173,"Tennessee","Union County",5,15,289,138,151
050,47,173,"Tennessee","Union County",5,16,272,130,142
050,47,173,"Tennessee","Union County",5,17,271,149,122
050,47,173,"Tennessee","Union County",5,18,227,131,96
050,47,173,"Tennessee","Union County",5,19,186,104,82
050,47,173,"Tennessee","Union County",5,20,190,101,89
050,47,173,"Tennessee","Union County",5,21,192,105,87
050,47,173,"Tennessee","Union County",5,22,226,122,104
050,47,173,"Tennessee","Union County",5,23,224,125,99
050,47,173,"Tennessee","Union County",5,24,232,124,108
050,47,173,"Tennessee","Union County",5,25,261,137,124
050,47,173,"Tennessee","Union County",5,26,230,109,121
050,47,173,"Tennessee","Union County",5,27,249,127,122
050,47,173,"Tennessee","Union County",5,28,246,125,121
050,47,173,"Tennessee","Union County",5,29,245,125,120
050,47,173,"Tennessee","Union County",5,30,256,139,117
050,47,173,"Tennessee","Union County",5,31,244,121,123
050,47,173,"Tennessee","Union County",5,32,263,145,118
050,47,173,"Tennessee","Union County",5,33,295,142,153
050,47,173,"Tennessee","Union County",5,34,245,115,130
050,47,173,"Tennessee","Union County",5,35,284,135,149
050,47,173,"Tennessee","Union County",5,36,248,115,133
050,47,173,"Tennessee","Union County",5,37,241,115,126
050,47,173,"Tennessee","Union County",5,38,227,107,120
050,47,173,"Tennessee","Union County",5,39,239,120,119
050,47,173,"Tennessee","Union County",5,40,240,120,120
050,47,173,"Tennessee","Union County",5,41,236,120,116
050,47,173,"Tennessee","Union County",5,42,263,125,138
050,47,173,"Tennessee","Union County",5,43,241,111,130
050,47,173,"Tennessee","Union County",5,44,251,117,134
050,47,173,"Tennessee","Union County",5,45,232,109,123
050,47,173,"Tennessee","Union County",5,46,252,132,120
050,47,173,"Tennessee","Union County",5,47,250,137,113
050,47,173,"Tennessee","Union County",5,48,258,140,118
050,47,173,"Tennessee","Union County",5,49,244,132,112
050,47,173,"Tennessee","Union County",5,50,261,127,134
050,47,173,"Tennessee","Union County",5,51,271,127,144
050,47,173,"Tennessee","Union County",5,52,288,144,144
050,47,173,"Tennessee","Union County",5,53,278,130,148
050,47,173,"Tennessee","Union County",5,54,298,151,147
050,47,173,"Tennessee","Union County",5,55,299,143,156
050,47,173,"Tennessee","Union County",5,56,308,140,168
050,47,173,"Tennessee","Union County",5,57,314,149,165
050,47,173,"Tennessee","Union County",5,58,325,159,166
050,47,173,"Tennessee","Union County",5,59,342,175,167
050,47,173,"Tennessee","Union County",5,60,343,179,164
050,47,173,"Tennessee","Union County",5,61,323,164,159
050,47,173,"Tennessee","Union County",5,62,341,171,170
050,47,173,"Tennessee","Union County",5,63,348,175,173
050,47,173,"Tennessee","Union County",5,64,337,171,166
050,47,173,"Tennessee","Union County",5,65,322,163,159
050,47,173,"Tennessee","Union County",5,66,311,147,164
050,47,173,"Tennessee","Union County",5,67,299,141,158
050,47,173,"Tennessee","Union County",5,68,250,125,125
050,47,173,"Tennessee","Union County",5,69,246,119,127
050,47,173,"Tennessee","Union County",5,70,249,120,129
050,47,173,"Tennessee","Union County",5,71,235,125,110
050,47,173,"Tennessee","Union County",5,72,216,113,103
050,47,173,"Tennessee","Union County",5,73,205,99,106
050,47,173,"Tennessee","Union County",5,74,201,103,98
050,47,173,"Tennessee","Union County",5,75,175,91,84
050,47,173,"Tennessee","Union County",5,76,182,91,91
050,47,173,"Tennessee","Union County",5,77,115,56,59
050,47,173,"Tennessee","Union County",5,78,120,53,67
050,47,173,"Tennessee","Union County",5,79,123,43,80
050,47,173,"Tennessee","Union County",5,80,111,47,64
050,47,173,"Tennessee","Union County",5,81,103,47,56
050,47,173,"Tennessee","Union County",5,82,96,47,49
050,47,173,"Tennessee","Union County",5,83,79,36,43
050,47,173,"Tennessee","Union County",5,84,62,29,33
050,47,173,"Tennessee","Union County",5,85,298,90,208
050,47,175,"Tennessee","Van Buren County",1,0,73,38,35
050,47,175,"Tennessee","Van Buren County",1,1,75,43,32
050,47,175,"Tennessee","Van Buren County",1,2,70,44,26
050,47,175,"Tennessee","Van Buren County",1,3,60,31,29
050,47,175,"Tennessee","Van Buren County",1,4,68,33,35
050,47,175,"Tennessee","Van Buren County",1,5,79,45,34
050,47,175,"Tennessee","Van Buren County",1,6,78,43,35
050,47,175,"Tennessee","Van Buren County",1,7,63,30,33
050,47,175,"Tennessee","Van Buren County",1,8,57,28,29
050,47,175,"Tennessee","Van Buren County",1,9,73,34,39
050,47,175,"Tennessee","Van Buren County",1,10,62,34,28
050,47,175,"Tennessee","Van Buren County",1,11,74,38,36
050,47,175,"Tennessee","Van Buren County",1,12,61,34,27
050,47,175,"Tennessee","Van Buren County",1,13,72,40,32
050,47,175,"Tennessee","Van Buren County",1,14,80,39,41
050,47,175,"Tennessee","Van Buren County",1,15,76,41,35
050,47,175,"Tennessee","Van Buren County",1,16,66,30,36
050,47,175,"Tennessee","Van Buren County",1,17,76,41,35
050,47,175,"Tennessee","Van Buren County",1,18,64,35,29
050,47,175,"Tennessee","Van Buren County",1,19,47,25,22
050,47,175,"Tennessee","Van Buren County",1,20,44,24,20
050,47,175,"Tennessee","Van Buren County",1,21,45,24,21
050,47,175,"Tennessee","Van Buren County",1,22,52,28,24
050,47,175,"Tennessee","Van Buren County",1,23,73,40,33
050,47,175,"Tennessee","Van Buren County",1,24,74,37,37
050,47,175,"Tennessee","Van Buren County",1,25,60,35,25
050,47,175,"Tennessee","Van Buren County",1,26,55,29,26
050,47,175,"Tennessee","Van Buren County",1,27,65,36,29
050,47,175,"Tennessee","Van Buren County",1,28,60,33,27
050,47,175,"Tennessee","Van Buren County",1,29,66,34,32
050,47,175,"Tennessee","Van Buren County",1,30,70,34,36
050,47,175,"Tennessee","Van Buren County",1,31,56,35,21
050,47,175,"Tennessee","Van Buren County",1,32,48,26,22
050,47,175,"Tennessee","Van Buren County",1,33,60,28,32
050,47,175,"Tennessee","Van Buren County",1,34,51,29,22
050,47,175,"Tennessee","Van Buren County",1,35,64,30,34
050,47,175,"Tennessee","Van Buren County",1,36,54,27,27
050,47,175,"Tennessee","Van Buren County",1,37,58,28,30
050,47,175,"Tennessee","Van Buren County",1,38,61,33,28
050,47,175,"Tennessee","Van Buren County",1,39,60,27,33
050,47,175,"Tennessee","Van Buren County",1,40,72,40,32
050,47,175,"Tennessee","Van Buren County",1,41,68,38,30
050,47,175,"Tennessee","Van Buren County",1,42,81,43,38
050,47,175,"Tennessee","Van Buren County",1,43,81,40,41
050,47,175,"Tennessee","Van Buren County",1,44,67,33,34
050,47,175,"Tennessee","Van Buren County",1,45,74,35,39
050,47,175,"Tennessee","Van Buren County",1,46,82,36,46
050,47,175,"Tennessee","Van Buren County",1,47,75,35,40
050,47,175,"Tennessee","Van Buren County",1,48,77,44,33
050,47,175,"Tennessee","Van Buren County",1,49,95,47,48
050,47,175,"Tennessee","Van Buren County",1,50,95,49,46
050,47,175,"Tennessee","Van Buren County",1,51,89,43,46
050,47,175,"Tennessee","Van Buren County",1,52,87,46,41
050,47,175,"Tennessee","Van Buren County",1,53,90,44,46
050,47,175,"Tennessee","Van Buren County",1,54,91,44,47
050,47,175,"Tennessee","Van Buren County",1,55,81,43,38
050,47,175,"Tennessee","Van Buren County",1,56,76,36,40
050,47,175,"Tennessee","Van Buren County",1,57,81,36,45
050,47,175,"Tennessee","Van Buren County",1,58,91,42,49
050,47,175,"Tennessee","Van Buren County",1,59,97,56,41
050,47,175,"Tennessee","Van Buren County",1,60,92,47,45
050,47,175,"Tennessee","Van Buren County",1,61,95,56,39
050,47,175,"Tennessee","Van Buren County",1,62,102,54,48
050,47,175,"Tennessee","Van Buren County",1,63,114,52,62
050,47,175,"Tennessee","Van Buren County",1,64,111,54,57
050,47,175,"Tennessee","Van Buren County",1,65,94,41,53
050,47,175,"Tennessee","Van Buren County",1,66,88,41,47
050,47,175,"Tennessee","Van Buren County",1,67,89,42,47
050,47,175,"Tennessee","Van Buren County",1,68,103,52,51
050,47,175,"Tennessee","Van Buren County",1,69,105,50,55
050,47,175,"Tennessee","Van Buren County",1,70,84,43,41
050,47,175,"Tennessee","Van Buren County",1,71,111,59,52
050,47,175,"Tennessee","Van Buren County",1,72,100,57,43
050,47,175,"Tennessee","Van Buren County",1,73,86,46,40
050,47,175,"Tennessee","Van Buren County",1,74,65,32,33
050,47,175,"Tennessee","Van Buren County",1,75,68,31,37
050,47,175,"Tennessee","Van Buren County",1,76,58,31,27
050,47,175,"Tennessee","Van Buren County",1,77,49,27,22
050,47,175,"Tennessee","Van Buren County",1,78,50,18,32
050,47,175,"Tennessee","Van Buren County",1,79,41,15,26
050,47,175,"Tennessee","Van Buren County",1,80,44,22,22
050,47,175,"Tennessee","Van Buren County",1,81,31,13,18
050,47,175,"Tennessee","Van Buren County",1,82,33,14,19
050,47,175,"Tennessee","Van Buren County",1,83,28,12,16
050,47,175,"Tennessee","Van Buren County",1,84,19,8,11
050,47,175,"Tennessee","Van Buren County",1,85,108,40,68
050,47,175,"Tennessee","Van Buren County",2,0,64,34,30
050,47,175,"Tennessee","Van Buren County",2,1,74,41,33
050,47,175,"Tennessee","Van Buren County",2,2,70,43,27
050,47,175,"Tennessee","Van Buren County",2,3,63,34,29
050,47,175,"Tennessee","Van Buren County",2,4,68,33,35
050,47,175,"Tennessee","Van Buren County",2,5,77,43,34
050,47,175,"Tennessee","Van Buren County",2,6,80,45,35
050,47,175,"Tennessee","Van Buren County",2,7,66,33,33
050,47,175,"Tennessee","Van Buren County",2,8,60,29,31
050,47,175,"Tennessee","Van Buren County",2,9,67,32,35
050,47,175,"Tennessee","Van Buren County",2,10,64,33,31
050,47,175,"Tennessee","Van Buren County",2,11,72,37,35
050,47,175,"Tennessee","Van Buren County",2,12,65,36,29
050,47,175,"Tennessee","Van Buren County",2,13,72,39,33
050,47,175,"Tennessee","Van Buren County",2,14,79,40,39
050,47,175,"Tennessee","Van Buren County",2,15,78,41,37
050,47,175,"Tennessee","Van Buren County",2,16,69,33,36
050,47,175,"Tennessee","Van Buren County",2,17,74,38,36
050,47,175,"Tennessee","Van Buren County",2,18,63,34,29
050,47,175,"Tennessee","Van Buren County",2,19,48,26,22
050,47,175,"Tennessee","Van Buren County",2,20,46,25,21
050,47,175,"Tennessee","Van Buren County",2,21,46,24,22
050,47,175,"Tennessee","Van Buren County",2,22,50,27,23
050,47,175,"Tennessee","Van Buren County",2,23,69,37,32
050,47,175,"Tennessee","Van Buren County",2,24,72,37,35
050,47,175,"Tennessee","Van Buren County",2,25,62,35,27
050,47,175,"Tennessee","Van Buren County",2,26,56,31,25
050,47,175,"Tennessee","Van Buren County",2,27,62,34,28
050,47,175,"Tennessee","Van Buren County",2,28,63,34,29
050,47,175,"Tennessee","Van Buren County",2,29,63,34,29
050,47,175,"Tennessee","Van Buren County",2,30,69,35,34
050,47,175,"Tennessee","Van Buren County",2,31,59,34,25
050,47,175,"Tennessee","Van Buren County",2,32,51,29,22
050,47,175,"Tennessee","Van Buren County",2,33,57,27,30
050,47,175,"Tennessee","Van Buren County",2,34,53,28,25
050,47,175,"Tennessee","Van Buren County",2,35,62,31,31
050,47,175,"Tennessee","Van Buren County",2,36,57,28,29
050,47,175,"Tennessee","Van Buren County",2,37,57,28,29
050,47,175,"Tennessee","Van Buren County",2,38,61,32,29
050,47,175,"Tennessee","Van Buren County",2,39,59,28,31
050,47,175,"Tennessee","Van Buren County",2,40,70,37,33
050,47,175,"Tennessee","Van Buren County",2,41,68,38,30
050,47,175,"Tennessee","Van Buren County",2,42,77,41,36
050,47,175,"Tennessee","Van Buren County",2,43,82,41,41
050,47,175,"Tennessee","Van Buren County",2,44,70,34,36
050,47,175,"Tennessee","Van Buren County",2,45,73,35,38
050,47,175,"Tennessee","Van Buren County",2,46,80,36,44
050,47,175,"Tennessee","Van Buren County",2,47,76,35,41
050,47,175,"Tennessee","Van Buren County",2,48,77,43,34
050,47,175,"Tennessee","Van Buren County",2,49,93,48,45
050,47,175,"Tennessee","Van Buren County",2,50,96,49,47
050,47,175,"Tennessee","Van Buren County",2,51,92,45,47
050,47,175,"Tennessee","Van Buren County",2,52,88,45,43
050,47,175,"Tennessee","Van Buren County",2,53,91,45,46
050,47,175,"Tennessee","Van Buren County",2,54,89,43,46
050,47,175,"Tennessee","Van Buren County",2,55,83,43,40
050,47,175,"Tennessee","Van Buren County",2,56,76,37,39
050,47,175,"Tennessee","Van Buren County",2,57,80,36,44
050,47,175,"Tennessee","Van Buren County",2,58,88,40,48
050,47,175,"Tennessee","Van Buren County",2,59,98,54,44
050,47,175,"Tennessee","Van Buren County",2,60,92,48,44
050,47,175,"Tennessee","Van Buren County",2,61,94,54,40
050,47,175,"Tennessee","Van Buren County",2,62,101,55,46
050,47,175,"Tennessee","Van Buren County",2,63,111,53,58
050,47,175,"Tennessee","Van Buren County",2,64,111,53,58
050,47,175,"Tennessee","Van Buren County",2,65,97,44,53
050,47,175,"Tennessee","Van Buren County",2,66,90,41,49
050,47,175,"Tennessee","Van Buren County",2,67,88,41,47
050,47,175,"Tennessee","Van Buren County",2,68,99,49,50
050,47,175,"Tennessee","Van Buren County",2,69,105,51,54
050,47,175,"Tennessee","Van Buren County",2,70,88,44,44
050,47,175,"Tennessee","Van Buren County",2,71,106,56,50
050,47,175,"Tennessee","Van Buren County",2,72,98,55,43
050,47,175,"Tennessee","Van Buren County",2,73,92,50,42
050,47,175,"Tennessee","Van Buren County",2,74,68,34,34
050,47,175,"Tennessee","Van Buren County",2,75,67,31,36
050,47,175,"Tennessee","Van Buren County",2,76,59,30,29
050,47,175,"Tennessee","Van Buren County",2,77,53,29,24
050,47,175,"Tennessee","Van Buren County",2,78,49,20,29
050,47,175,"Tennessee","Van Buren County",2,79,44,16,28
050,47,175,"Tennessee","Van Buren County",2,80,42,20,22
050,47,175,"Tennessee","Van Buren County",2,81,34,15,19
050,47,175,"Tennessee","Van Buren County",2,82,33,14,19
050,47,175,"Tennessee","Van Buren County",2,83,29,13,16
050,47,175,"Tennessee","Van Buren County",2,84,20,8,12
050,47,175,"Tennessee","Van Buren County",2,85,110,39,71
050,47,175,"Tennessee","Van Buren County",3,0,61,29,32
050,47,175,"Tennessee","Van Buren County",3,1,67,36,31
050,47,175,"Tennessee","Van Buren County",3,2,78,44,34
050,47,175,"Tennessee","Van Buren County",3,3,75,45,30
050,47,175,"Tennessee","Van Buren County",3,4,71,40,31
050,47,175,"Tennessee","Van Buren County",3,5,77,37,40
050,47,175,"Tennessee","Van Buren County",3,6,72,42,30
050,47,175,"Tennessee","Van Buren County",3,7,84,44,40
050,47,175,"Tennessee","Van Buren County",3,8,73,38,35
050,47,175,"Tennessee","Van Buren County",3,9,64,31,33
050,47,175,"Tennessee","Van Buren County",3,10,74,37,37
050,47,175,"Tennessee","Van Buren County",3,11,71,34,37
050,47,175,"Tennessee","Van Buren County",3,12,70,36,34
050,47,175,"Tennessee","Van Buren County",3,13,74,37,37
050,47,175,"Tennessee","Van Buren County",3,14,79,42,37
050,47,175,"Tennessee","Van Buren County",3,15,82,38,44
050,47,175,"Tennessee","Van Buren County",3,16,85,45,40
050,47,175,"Tennessee","Van Buren County",3,17,68,31,37
050,47,175,"Tennessee","Van Buren County",3,18,68,35,33
050,47,175,"Tennessee","Van Buren County",3,19,51,26,25
050,47,175,"Tennessee","Van Buren County",3,20,55,29,26
050,47,175,"Tennessee","Van Buren County",3,21,48,24,24
050,47,175,"Tennessee","Van Buren County",3,22,57,26,31
050,47,175,"Tennessee","Van Buren County",3,23,57,33,24
050,47,175,"Tennessee","Van Buren County",3,24,68,33,35
050,47,175,"Tennessee","Van Buren County",3,25,70,35,35
050,47,175,"Tennessee","Van Buren County",3,26,62,36,26
050,47,175,"Tennessee","Van Buren County",3,27,61,33,28
050,47,175,"Tennessee","Van Buren County",3,28,56,35,21
050,47,175,"Tennessee","Van Buren County",3,29,66,37,29
050,47,175,"Tennessee","Van Buren County",3,30,59,32,27
050,47,175,"Tennessee","Van Buren County",3,31,65,34,31
050,47,175,"Tennessee","Van Buren County",3,32,59,35,24
050,47,175,"Tennessee","Van Buren County",3,33,50,27,23
050,47,175,"Tennessee","Van Buren County",3,34,61,30,31
050,47,175,"Tennessee","Van Buren County",3,35,47,26,21
050,47,175,"Tennessee","Van Buren County",3,36,67,35,32
050,47,175,"Tennessee","Van Buren County",3,37,64,30,34
050,47,175,"Tennessee","Van Buren County",3,38,61,31,30
050,47,175,"Tennessee","Van Buren County",3,39,69,39,30
050,47,175,"Tennessee","Van Buren County",3,40,60,29,31
050,47,175,"Tennessee","Van Buren County",3,41,76,42,34
050,47,175,"Tennessee","Van Buren County",3,42,58,31,27
050,47,175,"Tennessee","Van Buren County",3,43,81,43,38
050,47,175,"Tennessee","Van Buren County",3,44,80,36,44
050,47,175,"Tennessee","Van Buren County",3,45,65,34,31
050,47,175,"Tennessee","Van Buren County",3,46,76,35,41
050,47,175,"Tennessee","Van Buren County",3,47,75,34,41
050,47,175,"Tennessee","Van Buren County",3,48,78,37,41
050,47,175,"Tennessee","Van Buren County",3,49,87,46,41
050,47,175,"Tennessee","Van Buren County",3,50,93,47,46
050,47,175,"Tennessee","Van Buren County",3,51,98,52,46
050,47,175,"Tennessee","Van Buren County",3,52,95,45,50
050,47,175,"Tennessee","Van Buren County",3,53,92,44,48
050,47,175,"Tennessee","Van Buren County",3,54,98,50,48
050,47,175,"Tennessee","Van Buren County",3,55,87,42,45
050,47,175,"Tennessee","Van Buren County",3,56,86,47,39
050,47,175,"Tennessee","Van Buren County",3,57,77,34,43
050,47,175,"Tennessee","Van Buren County",3,58,83,36,47
050,47,175,"Tennessee","Van Buren County",3,59,90,46,44
050,47,175,"Tennessee","Van Buren County",3,60,103,51,52
050,47,175,"Tennessee","Van Buren County",3,61,92,48,44
050,47,175,"Tennessee","Van Buren County",3,62,101,60,41
050,47,175,"Tennessee","Van Buren County",3,63,101,57,44
050,47,175,"Tennessee","Van Buren County",3,64,106,53,53
050,47,175,"Tennessee","Van Buren County",3,65,118,55,63
050,47,175,"Tennessee","Van Buren County",3,66,99,45,54
050,47,175,"Tennessee","Van Buren County",3,67,88,39,49
050,47,175,"Tennessee","Van Buren County",3,68,84,40,44
050,47,175,"Tennessee","Van Buren County",3,69,99,49,50
050,47,175,"Tennessee","Van Buren County",3,70,97,44,53
050,47,175,"Tennessee","Van Buren County",3,71,92,46,46
050,47,175,"Tennessee","Van Buren County",3,72,96,51,45
050,47,175,"Tennessee","Van Buren County",3,73,98,55,43
050,47,175,"Tennessee","Van Buren County",3,74,89,48,41
050,47,175,"Tennessee","Van Buren County",3,75,64,33,31
050,47,175,"Tennessee","Van Buren County",3,76,60,27,33
050,47,175,"Tennessee","Van Buren County",3,77,59,29,30
050,47,175,"Tennessee","Van Buren County",3,78,49,30,19
050,47,175,"Tennessee","Van Buren County",3,79,48,20,28
050,47,175,"Tennessee","Van Buren County",3,80,37,16,21
050,47,175,"Tennessee","Van Buren County",3,81,39,18,21
050,47,175,"Tennessee","Van Buren County",3,82,31,15,16
050,47,175,"Tennessee","Van Buren County",3,83,30,11,19
050,47,175,"Tennessee","Van Buren County",3,84,28,11,17
050,47,175,"Tennessee","Van Buren County",3,85,104,38,66
050,47,175,"Tennessee","Van Buren County",4,0,66,37,29
050,47,175,"Tennessee","Van Buren County",4,1,70,35,35
050,47,175,"Tennessee","Van Buren County",4,2,62,32,30
050,47,175,"Tennessee","Van Buren County",4,3,81,41,40
050,47,175,"Tennessee","Van Buren County",4,4,85,51,34
050,47,175,"Tennessee","Van Buren County",4,5,78,43,35
050,47,175,"Tennessee","Van Buren County",4,6,79,37,42
050,47,175,"Tennessee","Van Buren County",4,7,78,48,30
050,47,175,"Tennessee","Van Buren County",4,8,79,45,34
050,47,175,"Tennessee","Van Buren County",4,9,80,43,37
050,47,175,"Tennessee","Van Buren County",4,10,62,32,30
050,47,175,"Tennessee","Van Buren County",4,11,70,37,33
050,47,175,"Tennessee","Van Buren County",4,12,82,40,42
050,47,175,"Tennessee","Van Buren County",4,13,69,36,33
050,47,175,"Tennessee","Van Buren County",4,14,74,38,36
050,47,175,"Tennessee","Van Buren County",4,15,76,41,35
050,47,175,"Tennessee","Van Buren County",4,16,81,41,40
050,47,175,"Tennessee","Van Buren County",4,17,89,45,44
050,47,175,"Tennessee","Van Buren County",4,18,58,27,31
050,47,175,"Tennessee","Van Buren County",4,19,48,23,25
050,47,175,"Tennessee","Van Buren County",4,20,52,31,21
050,47,175,"Tennessee","Van Buren County",4,21,54,27,27
050,47,175,"Tennessee","Van Buren County",4,22,58,28,30
050,47,175,"Tennessee","Van Buren County",4,23,61,29,32
050,47,175,"Tennessee","Van Buren County",4,24,57,29,28
050,47,175,"Tennessee","Van Buren County",4,25,74,33,41
050,47,175,"Tennessee","Van Buren County",4,26,73,34,39
050,47,175,"Tennessee","Van Buren County",4,27,84,44,40
050,47,175,"Tennessee","Van Buren County",4,28,70,35,35
050,47,175,"Tennessee","Van Buren County",4,29,55,29,26
050,47,175,"Tennessee","Van Buren County",4,30,71,42,29
050,47,175,"Tennessee","Van Buren County",4,31,65,37,28
050,47,175,"Tennessee","Van Buren County",4,32,67,35,32
050,47,175,"Tennessee","Van Buren County",4,33,61,36,25
050,47,175,"Tennessee","Van Buren County",4,34,61,32,29
050,47,175,"Tennessee","Van Buren County",4,35,59,29,30
050,47,175,"Tennessee","Van Buren County",4,36,47,27,20
050,47,175,"Tennessee","Van Buren County",4,37,68,35,33
050,47,175,"Tennessee","Van Buren County",4,38,65,30,35
050,47,175,"Tennessee","Van Buren County",4,39,64,32,32
050,47,175,"Tennessee","Van Buren County",4,40,66,35,31
050,47,175,"Tennessee","Van Buren County",4,41,64,31,33
050,47,175,"Tennessee","Van Buren County",4,42,70,35,35
050,47,175,"Tennessee","Van Buren County",4,43,60,32,28
050,47,175,"Tennessee","Van Buren County",4,44,91,48,43
050,47,175,"Tennessee","Van Buren County",4,45,76,35,41
050,47,175,"Tennessee","Van Buren County",4,46,73,36,37
050,47,175,"Tennessee","Van Buren County",4,47,75,32,43
050,47,175,"Tennessee","Van Buren County",4,48,79,38,41
050,47,175,"Tennessee","Van Buren County",4,49,83,36,47
050,47,175,"Tennessee","Van Buren County",4,50,88,49,39
050,47,175,"Tennessee","Van Buren County",4,51,98,49,49
050,47,175,"Tennessee","Van Buren County",4,52,106,54,52
050,47,175,"Tennessee","Van Buren County",4,53,103,48,55
050,47,175,"Tennessee","Van Buren County",4,54,89,44,45
050,47,175,"Tennessee","Van Buren County",4,55,100,53,47
050,47,175,"Tennessee","Van Buren County",4,56,85,40,45
050,47,175,"Tennessee","Van Buren County",4,57,86,47,39
050,47,175,"Tennessee","Van Buren County",4,58,80,35,45
050,47,175,"Tennessee","Van Buren County",4,59,89,42,47
050,47,175,"Tennessee","Van Buren County",4,60,93,45,48
050,47,175,"Tennessee","Van Buren County",4,61,104,51,53
050,47,175,"Tennessee","Van Buren County",4,62,95,51,44
050,47,175,"Tennessee","Van Buren County",4,63,100,57,43
050,47,175,"Tennessee","Van Buren County",4,64,103,55,48
050,47,175,"Tennessee","Van Buren County",4,65,109,54,55
050,47,175,"Tennessee","Van Buren County",4,66,125,54,71
050,47,175,"Tennessee","Van Buren County",4,67,90,38,52
050,47,175,"Tennessee","Van Buren County",4,68,82,37,45
050,47,175,"Tennessee","Van Buren County",4,69,86,43,43
050,47,175,"Tennessee","Van Buren County",4,70,91,42,49
050,47,175,"Tennessee","Van Buren County",4,71,99,45,54
050,47,175,"Tennessee","Van Buren County",4,72,88,44,44
050,47,175,"Tennessee","Van Buren County",4,73,98,54,44
050,47,175,"Tennessee","Van Buren County",4,74,94,52,42
050,47,175,"Tennessee","Van Buren County",4,75,81,44,37
050,47,175,"Tennessee","Van Buren County",4,76,57,28,29
050,47,175,"Tennessee","Van Buren County",4,77,56,27,29
050,47,175,"Tennessee","Van Buren County",4,78,53,27,26
050,47,175,"Tennessee","Van Buren County",4,79,52,30,22
050,47,175,"Tennessee","Van Buren County",4,80,48,22,26
050,47,175,"Tennessee","Van Buren County",4,81,34,16,18
050,47,175,"Tennessee","Van Buren County",4,82,34,19,15
050,47,175,"Tennessee","Van Buren County",4,83,27,12,15
050,47,175,"Tennessee","Van Buren County",4,84,27,8,19
050,47,175,"Tennessee","Van Buren County",4,85,110,43,67
050,47,175,"Tennessee","Van Buren County",5,0,66,36,30
050,47,175,"Tennessee","Van Buren County",5,1,64,35,29
050,47,175,"Tennessee","Van Buren County",5,2,67,33,34
050,47,175,"Tennessee","Van Buren County",5,3,61,29,32
050,47,175,"Tennessee","Van Buren County",5,4,73,38,35
050,47,175,"Tennessee","Van Buren County",5,5,79,47,32
050,47,175,"Tennessee","Van Buren County",5,6,76,39,37
050,47,175,"Tennessee","Van Buren County",5,7,76,34,42
050,47,175,"Tennessee","Van Buren County",5,8,83,49,34
050,47,175,"Tennessee","Van Buren County",5,9,86,50,36
050,47,175,"Tennessee","Van Buren County",5,10,79,43,36
050,47,175,"Tennessee","Van Buren County",5,11,63,31,32
050,47,175,"Tennessee","Van Buren County",5,12,72,35,37
050,47,175,"Tennessee","Van Buren County",5,13,79,40,39
050,47,175,"Tennessee","Van Buren County",5,14,74,37,37
050,47,175,"Tennessee","Van Buren County",5,15,74,36,38
050,47,175,"Tennessee","Van Buren County",5,16,75,39,36
050,47,175,"Tennessee","Van Buren County",5,17,87,43,44
050,47,175,"Tennessee","Van Buren County",5,18,75,42,33
050,47,175,"Tennessee","Van Buren County",5,19,43,20,23
050,47,175,"Tennessee","Van Buren County",5,20,59,29,30
050,47,175,"Tennessee","Van Buren County",5,21,55,34,21
050,47,175,"Tennessee","Van Buren County",5,22,54,23,31
050,47,175,"Tennessee","Van Buren County",5,23,66,29,37
050,47,175,"Tennessee","Van Buren County",5,24,66,32,34
050,47,175,"Tennessee","Van Buren County",5,25,50,25,25
050,47,175,"Tennessee","Van Buren County",5,26,69,32,37
050,47,175,"Tennessee","Van Buren County",5,27,73,37,36
050,47,175,"Tennessee","Van Buren County",5,28,77,41,36
050,47,175,"Tennessee","Van Buren County",5,29,67,31,36
050,47,175,"Tennessee","Van Buren County",5,30,62,32,30
050,47,175,"Tennessee","Van Buren County",5,31,74,40,34
050,47,175,"Tennessee","Van Buren County",5,32,69,39,30
050,47,175,"Tennessee","Van Buren County",5,33,72,35,37
050,47,175,"Tennessee","Van Buren County",5,34,66,39,27
050,47,175,"Tennessee","Van Buren County",5,35,64,34,30
050,47,175,"Tennessee","Van Buren County",5,36,61,29,32
050,47,175,"Tennessee","Van Buren County",5,37,51,26,25
050,47,175,"Tennessee","Van Buren County",5,38,66,35,31
050,47,175,"Tennessee","Van Buren County",5,39,73,33,40
050,47,175,"Tennessee","Van Buren County",5,40,68,34,34
050,47,175,"Tennessee","Van Buren County",5,41,68,37,31
050,47,175,"Tennessee","Van Buren County",5,42,64,29,35
050,47,175,"Tennessee","Van Buren County",5,43,76,41,35
050,47,175,"Tennessee","Van Buren County",5,44,66,33,33
050,47,175,"Tennessee","Van Buren County",5,45,90,50,40
050,47,175,"Tennessee","Van Buren County",5,46,80,37,43
050,47,175,"Tennessee","Van Buren County",5,47,67,29,38
050,47,175,"Tennessee","Van Buren County",5,48,83,37,46
050,47,175,"Tennessee","Van Buren County",5,49,85,38,47
050,47,175,"Tennessee","Van Buren County",5,50,86,39,47
050,47,175,"Tennessee","Van Buren County",5,51,89,45,44
050,47,175,"Tennessee","Van Buren County",5,52,98,49,49
050,47,175,"Tennessee","Van Buren County",5,53,111,54,57
050,47,175,"Tennessee","Van Buren County",5,54,105,50,55
050,47,175,"Tennessee","Van Buren County",5,55,100,50,50
050,47,175,"Tennessee","Van Buren County",5,56,96,46,50
050,47,175,"Tennessee","Van Buren County",5,57,88,41,47
050,47,175,"Tennessee","Van Buren County",5,58,88,50,38
050,47,175,"Tennessee","Van Buren County",5,59,87,43,44
050,47,175,"Tennessee","Van Buren County",5,60,86,37,49
050,47,175,"Tennessee","Van Buren County",5,61,104,49,55
050,47,175,"Tennessee","Van Buren County",5,62,113,56,57
050,47,175,"Tennessee","Van Buren County",5,63,95,51,44
050,47,175,"Tennessee","Van Buren County",5,64,100,56,44
050,47,175,"Tennessee","Van Buren County",5,65,109,57,52
050,47,175,"Tennessee","Van Buren County",5,66,116,58,58
050,47,175,"Tennessee","Van Buren County",5,67,127,54,73
050,47,175,"Tennessee","Van Buren County",5,68,82,34,48
050,47,175,"Tennessee","Van Buren County",5,69,83,35,48
050,47,175,"Tennessee","Van Buren County",5,70,74,35,39
050,47,175,"Tennessee","Van Buren County",5,71,90,41,49
050,47,175,"Tennessee","Van Buren County",5,72,90,39,51
050,47,175,"Tennessee","Van Buren County",5,73,83,41,42
050,47,175,"Tennessee","Van Buren County",5,74,93,50,43
050,47,175,"Tennessee","Van Buren County",5,75,86,46,40
050,47,175,"Tennessee","Van Buren County",5,76,72,41,31
050,47,175,"Tennessee","Van Buren County",5,77,51,25,26
050,47,175,"Tennessee","Van Buren County",5,78,54,27,27
050,47,175,"Tennessee","Van Buren County",5,79,55,28,27
050,47,175,"Tennessee","Van Buren County",5,80,49,31,18
050,47,175,"Tennessee","Van Buren County",5,81,45,20,25
050,47,175,"Tennessee","Van Buren County",5,82,30,17,13
050,47,175,"Tennessee","Van Buren County",5,83,30,18,12
050,47,175,"Tennessee","Van Buren County",5,84,24,9,15
050,47,175,"Tennessee","Van Buren County",5,85,111,47,64
050,47,177,"Tennessee","Warren County",1,0,479,246,233
050,47,177,"Tennessee","Warren County",1,1,491,245,246
050,47,177,"Tennessee","Warren County",1,2,492,239,253
050,47,177,"Tennessee","Warren County",1,3,481,243,238
050,47,177,"Tennessee","Warren County",1,4,494,245,249
050,47,177,"Tennessee","Warren County",1,5,508,269,239
050,47,177,"Tennessee","Warren County",1,6,541,258,283
050,47,177,"Tennessee","Warren County",1,7,530,281,249
050,47,177,"Tennessee","Warren County",1,8,495,251,244
050,47,177,"Tennessee","Warren County",1,9,530,269,261
050,47,177,"Tennessee","Warren County",1,10,524,279,245
050,47,177,"Tennessee","Warren County",1,11,575,308,267
050,47,177,"Tennessee","Warren County",1,12,594,285,309
050,47,177,"Tennessee","Warren County",1,13,584,297,287
050,47,177,"Tennessee","Warren County",1,14,588,298,290
050,47,177,"Tennessee","Warren County",1,15,575,300,275
050,47,177,"Tennessee","Warren County",1,16,570,302,268
050,47,177,"Tennessee","Warren County",1,17,619,323,296
050,47,177,"Tennessee","Warren County",1,18,499,256,243
050,47,177,"Tennessee","Warren County",1,19,393,213,180
050,47,177,"Tennessee","Warren County",1,20,430,233,197
050,47,177,"Tennessee","Warren County",1,21,430,219,211
050,47,177,"Tennessee","Warren County",1,22,422,209,213
050,47,177,"Tennessee","Warren County",1,23,452,240,212
050,47,177,"Tennessee","Warren County",1,24,455,243,212
050,47,177,"Tennessee","Warren County",1,25,464,243,221
050,47,177,"Tennessee","Warren County",1,26,462,232,230
050,47,177,"Tennessee","Warren County",1,27,510,272,238
050,47,177,"Tennessee","Warren County",1,28,505,252,253
050,47,177,"Tennessee","Warren County",1,29,514,261,253
050,47,177,"Tennessee","Warren County",1,30,536,282,254
050,47,177,"Tennessee","Warren County",1,31,498,235,263
050,47,177,"Tennessee","Warren County",1,32,512,256,256
050,47,177,"Tennessee","Warren County",1,33,489,258,231
050,47,177,"Tennessee","Warren County",1,34,494,242,252
050,47,177,"Tennessee","Warren County",1,35,483,252,231
050,47,177,"Tennessee","Warren County",1,36,464,233,231
050,47,177,"Tennessee","Warren County",1,37,510,253,257
050,47,177,"Tennessee","Warren County",1,38,510,248,262
050,47,177,"Tennessee","Warren County",1,39,518,249,269
050,47,177,"Tennessee","Warren County",1,40,553,269,284
050,47,177,"Tennessee","Warren County",1,41,563,290,273
050,47,177,"Tennessee","Warren County",1,42,513,258,255
050,47,177,"Tennessee","Warren County",1,43,530,269,261
050,47,177,"Tennessee","Warren County",1,44,549,311,238
050,47,177,"Tennessee","Warren County",1,45,531,293,238
050,47,177,"Tennessee","Warren County",1,46,497,247,250
050,47,177,"Tennessee","Warren County",1,47,508,260,248
050,47,177,"Tennessee","Warren County",1,48,522,262,260
050,47,177,"Tennessee","Warren County",1,49,589,307,282
050,47,177,"Tennessee","Warren County",1,50,526,273,253
050,47,177,"Tennessee","Warren County",1,51,535,279,256
050,47,177,"Tennessee","Warren County",1,52,519,274,245
050,47,177,"Tennessee","Warren County",1,53,488,256,232
050,47,177,"Tennessee","Warren County",1,54,499,259,240
050,47,177,"Tennessee","Warren County",1,55,569,280,289
050,47,177,"Tennessee","Warren County",1,56,588,281,307
050,47,177,"Tennessee","Warren County",1,57,554,284,270
050,47,177,"Tennessee","Warren County",1,58,573,292,281
050,47,177,"Tennessee","Warren County",1,59,547,290,257
050,47,177,"Tennessee","Warren County",1,60,571,290,281
050,47,177,"Tennessee","Warren County",1,61,546,264,282
050,47,177,"Tennessee","Warren County",1,62,555,270,285
050,47,177,"Tennessee","Warren County",1,63,532,245,287
050,47,177,"Tennessee","Warren County",1,64,519,249,270
050,47,177,"Tennessee","Warren County",1,65,521,263,258
050,47,177,"Tennessee","Warren County",1,66,508,229,279
050,47,177,"Tennessee","Warren County",1,67,471,203,268
050,47,177,"Tennessee","Warren County",1,68,479,222,257
050,47,177,"Tennessee","Warren County",1,69,417,205,212
050,47,177,"Tennessee","Warren County",1,70,391,192,199
050,47,177,"Tennessee","Warren County",1,71,394,189,205
050,47,177,"Tennessee","Warren County",1,72,427,200,227
050,47,177,"Tennessee","Warren County",1,73,460,212,248
050,47,177,"Tennessee","Warren County",1,74,300,129,171
050,47,177,"Tennessee","Warren County",1,75,281,135,146
050,47,177,"Tennessee","Warren County",1,76,293,133,160
050,47,177,"Tennessee","Warren County",1,77,297,132,165
050,47,177,"Tennessee","Warren County",1,78,262,114,148
050,47,177,"Tennessee","Warren County",1,79,239,104,135
050,47,177,"Tennessee","Warren County",1,80,206,95,111
050,47,177,"Tennessee","Warren County",1,81,186,86,100
050,47,177,"Tennessee","Warren County",1,82,181,80,101
050,47,177,"Tennessee","Warren County",1,83,135,59,76
050,47,177,"Tennessee","Warren County",1,84,123,45,78
050,47,177,"Tennessee","Warren County",1,85,679,227,452
050,47,177,"Tennessee","Warren County",2,0,485,251,234
050,47,177,"Tennessee","Warren County",2,1,490,246,244
050,47,177,"Tennessee","Warren County",2,2,489,239,250
050,47,177,"Tennessee","Warren County",2,3,480,240,240
050,47,177,"Tennessee","Warren County",2,4,492,247,245
050,47,177,"Tennessee","Warren County",2,5,510,264,246
050,47,177,"Tennessee","Warren County",2,6,537,264,273
050,47,177,"Tennessee","Warren County",2,7,531,273,258
050,47,177,"Tennessee","Warren County",2,8,504,259,245
050,47,177,"Tennessee","Warren County",2,9,522,266,256
050,47,177,"Tennessee","Warren County",2,10,529,278,251
050,47,177,"Tennessee","Warren County",2,11,566,302,264
050,47,177,"Tennessee","Warren County",2,12,592,292,300
050,47,177,"Tennessee","Warren County",2,13,585,293,292
050,47,177,"Tennessee","Warren County",2,14,590,298,292
050,47,177,"Tennessee","Warren County",2,15,583,300,283
050,47,177,"Tennessee","Warren County",2,16,575,302,273
050,47,177,"Tennessee","Warren County",2,17,607,317,290
050,47,177,"Tennessee","Warren County",2,18,506,263,243
050,47,177,"Tennessee","Warren County",2,19,397,212,185
050,47,177,"Tennessee","Warren County",2,20,436,235,201
050,47,177,"Tennessee","Warren County",2,21,432,222,210
050,47,177,"Tennessee","Warren County",2,22,428,213,215
050,47,177,"Tennessee","Warren County",2,23,448,235,213
050,47,177,"Tennessee","Warren County",2,24,458,245,213
050,47,177,"Tennessee","Warren County",2,25,465,244,221
050,47,177,"Tennessee","Warren County",2,26,472,239,233
050,47,177,"Tennessee","Warren County",2,27,500,264,236
050,47,177,"Tennessee","Warren County",2,28,508,254,254
050,47,177,"Tennessee","Warren County",2,29,515,261,254
050,47,177,"Tennessee","Warren County",2,30,534,278,256
050,47,177,"Tennessee","Warren County",2,31,504,243,261
050,47,177,"Tennessee","Warren County",2,32,510,254,256
050,47,177,"Tennessee","Warren County",2,33,493,255,238
050,47,177,"Tennessee","Warren County",2,34,495,246,249
050,47,177,"Tennessee","Warren County",2,35,489,251,238
050,47,177,"Tennessee","Warren County",2,36,465,236,229
050,47,177,"Tennessee","Warren County",2,37,501,247,254
050,47,177,"Tennessee","Warren County",2,38,514,252,262
050,47,177,"Tennessee","Warren County",2,39,517,250,267
050,47,177,"Tennessee","Warren County",2,40,554,271,283
050,47,177,"Tennessee","Warren County",2,41,561,284,277
050,47,177,"Tennessee","Warren County",2,42,523,264,259
050,47,177,"Tennessee","Warren County",2,43,536,273,263
050,47,177,"Tennessee","Warren County",2,44,543,301,242
050,47,177,"Tennessee","Warren County",2,45,533,295,238
050,47,177,"Tennessee","Warren County",2,46,498,253,245
050,47,177,"Tennessee","Warren County",2,47,501,255,246
050,47,177,"Tennessee","Warren County",2,48,521,263,258
050,47,177,"Tennessee","Warren County",2,49,577,298,279
050,47,177,"Tennessee","Warren County",2,50,539,281,258
050,47,177,"Tennessee","Warren County",2,51,535,281,254
050,47,177,"Tennessee","Warren County",2,52,519,272,247
050,47,177,"Tennessee","Warren County",2,53,497,261,236
050,47,177,"Tennessee","Warren County",2,54,493,259,234
050,47,177,"Tennessee","Warren County",2,55,552,277,275
050,47,177,"Tennessee","Warren County",2,56,585,280,305
050,47,177,"Tennessee","Warren County",2,57,563,284,279
050,47,177,"Tennessee","Warren County",2,58,571,294,277
050,47,177,"Tennessee","Warren County",2,59,554,291,263
050,47,177,"Tennessee","Warren County",2,60,562,288,274
050,47,177,"Tennessee","Warren County",2,61,552,269,283
050,47,177,"Tennessee","Warren County",2,62,556,271,285
050,47,177,"Tennessee","Warren County",2,63,545,254,291
050,47,177,"Tennessee","Warren County",2,64,524,249,275
050,47,177,"Tennessee","Warren County",2,65,521,261,260
050,47,177,"Tennessee","Warren County",2,66,513,238,275
050,47,177,"Tennessee","Warren County",2,67,476,207,269
050,47,177,"Tennessee","Warren County",2,68,472,214,258
050,47,177,"Tennessee","Warren County",2,69,437,213,224
050,47,177,"Tennessee","Warren County",2,70,396,195,201
050,47,177,"Tennessee","Warren County",2,71,389,188,201
050,47,177,"Tennessee","Warren County",2,72,410,194,216
050,47,177,"Tennessee","Warren County",2,73,473,219,254
050,47,177,"Tennessee","Warren County",2,74,316,139,177
050,47,177,"Tennessee","Warren County",2,75,280,132,148
050,47,177,"Tennessee","Warren County",2,76,286,133,153
050,47,177,"Tennessee","Warren County",2,77,302,135,167
050,47,177,"Tennessee","Warren County",2,78,263,114,149
050,47,177,"Tennessee","Warren County",2,79,239,104,135
050,47,177,"Tennessee","Warren County",2,80,213,96,117
050,47,177,"Tennessee","Warren County",2,81,190,87,103
050,47,177,"Tennessee","Warren County",2,82,180,78,102
050,47,177,"Tennessee","Warren County",2,83,140,62,78
050,47,177,"Tennessee","Warren County",2,84,125,47,78
050,47,177,"Tennessee","Warren County",2,85,683,231,452
050,47,177,"Tennessee","Warren County",3,0,466,251,215
050,47,177,"Tennessee","Warren County",3,1,518,264,254
050,47,177,"Tennessee","Warren County",3,2,508,252,256
050,47,177,"Tennessee","Warren County",3,3,506,244,262
050,47,177,"Tennessee","Warren County",3,4,495,252,243
050,47,177,"Tennessee","Warren County",3,5,508,254,254
050,47,177,"Tennessee","Warren County",3,6,513,264,249
050,47,177,"Tennessee","Warren County",3,7,543,266,277
050,47,177,"Tennessee","Warren County",3,8,539,274,265
050,47,177,"Tennessee","Warren County",3,9,514,266,248
050,47,177,"Tennessee","Warren County",3,10,528,265,263
050,47,177,"Tennessee","Warren County",3,11,538,288,250
050,47,177,"Tennessee","Warren County",3,12,569,295,274
050,47,177,"Tennessee","Warren County",3,13,605,302,303
050,47,177,"Tennessee","Warren County",3,14,581,295,286
050,47,177,"Tennessee","Warren County",3,15,588,293,295
050,47,177,"Tennessee","Warren County",3,16,573,301,272
050,47,177,"Tennessee","Warren County",3,17,570,297,273
050,47,177,"Tennessee","Warren County",3,18,520,277,243
050,47,177,"Tennessee","Warren County",3,19,418,205,213
050,47,177,"Tennessee","Warren County",3,20,445,241,204
050,47,177,"Tennessee","Warren County",3,21,465,247,218
050,47,177,"Tennessee","Warren County",3,22,475,241,234
050,47,177,"Tennessee","Warren County",3,23,481,236,245
050,47,177,"Tennessee","Warren County",3,24,476,248,228
050,47,177,"Tennessee","Warren County",3,25,496,265,231
050,47,177,"Tennessee","Warren County",3,26,477,235,242
050,47,177,"Tennessee","Warren County",3,27,490,255,235
050,47,177,"Tennessee","Warren County",3,28,499,260,239
050,47,177,"Tennessee","Warren County",3,29,519,265,254
050,47,177,"Tennessee","Warren County",3,30,526,269,257
050,47,177,"Tennessee","Warren County",3,31,542,260,282
050,47,177,"Tennessee","Warren County",3,32,518,256,262
050,47,177,"Tennessee","Warren County",3,33,507,244,263
050,47,177,"Tennessee","Warren County",3,34,516,265,251
050,47,177,"Tennessee","Warren County",3,35,480,238,242
050,47,177,"Tennessee","Warren County",3,36,492,251,241
050,47,177,"Tennessee","Warren County",3,37,484,249,235
050,47,177,"Tennessee","Warren County",3,38,509,242,267
050,47,177,"Tennessee","Warren County",3,39,519,259,260
050,47,177,"Tennessee","Warren County",3,40,520,256,264
050,47,177,"Tennessee","Warren County",3,41,543,258,285
050,47,177,"Tennessee","Warren County",3,42,554,285,269
050,47,177,"Tennessee","Warren County",3,43,526,261,265
050,47,177,"Tennessee","Warren County",3,44,543,279,264
050,47,177,"Tennessee","Warren County",3,45,528,285,243
050,47,177,"Tennessee","Warren County",3,46,551,306,245
050,47,177,"Tennessee","Warren County",3,47,514,258,256
050,47,177,"Tennessee","Warren County",3,48,510,257,253
050,47,177,"Tennessee","Warren County",3,49,531,267,264
050,47,177,"Tennessee","Warren County",3,50,574,296,278
050,47,177,"Tennessee","Warren County",3,51,549,290,259
050,47,177,"Tennessee","Warren County",3,52,544,286,258
050,47,177,"Tennessee","Warren County",3,53,522,275,247
050,47,177,"Tennessee","Warren County",3,54,501,262,239
050,47,177,"Tennessee","Warren County",3,55,504,261,243
050,47,177,"Tennessee","Warren County",3,56,555,280,275
050,47,177,"Tennessee","Warren County",3,57,588,281,307
050,47,177,"Tennessee","Warren County",3,58,577,287,290
050,47,177,"Tennessee","Warren County",3,59,560,291,269
050,47,177,"Tennessee","Warren County",3,60,569,298,271
050,47,177,"Tennessee","Warren County",3,61,562,283,279
050,47,177,"Tennessee","Warren County",3,62,559,267,292
050,47,177,"Tennessee","Warren County",3,63,541,266,275
050,47,177,"Tennessee","Warren County",3,64,555,256,299
050,47,177,"Tennessee","Warren County",3,65,519,251,268
050,47,177,"Tennessee","Warren County",3,66,512,254,258
050,47,177,"Tennessee","Warren County",3,67,498,235,263
050,47,177,"Tennessee","Warren County",3,68,466,195,271
050,47,177,"Tennessee","Warren County",3,69,451,202,249
050,47,177,"Tennessee","Warren County",3,70,423,205,218
050,47,177,"Tennessee","Warren County",3,71,384,192,192
050,47,177,"Tennessee","Warren County",3,72,377,184,193
050,47,177,"Tennessee","Warren County",3,73,397,187,210
050,47,177,"Tennessee","Warren County",3,74,458,212,246
050,47,177,"Tennessee","Warren County",3,75,306,138,168
050,47,177,"Tennessee","Warren County",3,76,277,130,147
050,47,177,"Tennessee","Warren County",3,77,260,125,135
050,47,177,"Tennessee","Warren County",3,78,286,130,156
050,47,177,"Tennessee","Warren County",3,79,238,103,135
050,47,177,"Tennessee","Warren County",3,80,226,98,128
050,47,177,"Tennessee","Warren County",3,81,202,90,112
050,47,177,"Tennessee","Warren County",3,82,176,80,96
050,47,177,"Tennessee","Warren County",3,83,149,65,84
050,47,177,"Tennessee","Warren County",3,84,124,51,73
050,47,177,"Tennessee","Warren County",3,85,643,216,427
050,47,177,"Tennessee","Warren County",4,0,544,271,273
050,47,177,"Tennessee","Warren County",4,1,494,268,226
050,47,177,"Tennessee","Warren County",4,2,530,275,255
050,47,177,"Tennessee","Warren County",4,3,502,252,250
050,47,177,"Tennessee","Warren County",4,4,514,249,265
050,47,177,"Tennessee","Warren County",4,5,489,246,243
050,47,177,"Tennessee","Warren County",4,6,530,259,271
050,47,177,"Tennessee","Warren County",4,7,511,256,255
050,47,177,"Tennessee","Warren County",4,8,568,286,282
050,47,177,"Tennessee","Warren County",4,9,536,273,263
050,47,177,"Tennessee","Warren County",4,10,546,284,262
050,47,177,"Tennessee","Warren County",4,11,537,269,268
050,47,177,"Tennessee","Warren County",4,12,539,287,252
050,47,177,"Tennessee","Warren County",4,13,577,297,280
050,47,177,"Tennessee","Warren County",4,14,592,289,303
050,47,177,"Tennessee","Warren County",4,15,584,299,285
050,47,177,"Tennessee","Warren County",4,16,591,295,296
050,47,177,"Tennessee","Warren County",4,17,578,311,267
050,47,177,"Tennessee","Warren County",4,18,488,261,227
050,47,177,"Tennessee","Warren County",4,19,415,222,193
050,47,177,"Tennessee","Warren County",4,20,453,226,227
050,47,177,"Tennessee","Warren County",4,21,467,252,215
050,47,177,"Tennessee","Warren County",4,22,500,270,230
050,47,177,"Tennessee","Warren County",4,23,508,255,253
050,47,177,"Tennessee","Warren County",4,24,496,238,258
050,47,177,"Tennessee","Warren County",4,25,479,253,226
050,47,177,"Tennessee","Warren County",4,26,500,266,234
050,47,177,"Tennessee","Warren County",4,27,485,245,240
050,47,177,"Tennessee","Warren County",4,28,495,261,234
050,47,177,"Tennessee","Warren County",4,29,519,271,248
050,47,177,"Tennessee","Warren County",4,30,544,279,265
050,47,177,"Tennessee","Warren County",4,31,534,271,263
050,47,177,"Tennessee","Warren County",4,32,549,266,283
050,47,177,"Tennessee","Warren County",4,33,520,251,269
050,47,177,"Tennessee","Warren County",4,34,526,250,276
050,47,177,"Tennessee","Warren County",4,35,546,282,264
050,47,177,"Tennessee","Warren County",4,36,487,230,257
050,47,177,"Tennessee","Warren County",4,37,494,260,234
050,47,177,"Tennessee","Warren County",4,38,486,244,242
050,47,177,"Tennessee","Warren County",4,39,513,248,265
050,47,177,"Tennessee","Warren County",4,40,530,269,261
050,47,177,"Tennessee","Warren County",4,41,535,270,265
050,47,177,"Tennessee","Warren County",4,42,557,270,287
050,47,177,"Tennessee","Warren County",4,43,566,290,276
050,47,177,"Tennessee","Warren County",4,44,537,268,269
050,47,177,"Tennessee","Warren County",4,45,536,276,260
050,47,177,"Tennessee","Warren County",4,46,539,288,251
050,47,177,"Tennessee","Warren County",4,47,556,312,244
050,47,177,"Tennessee","Warren County",4,48,515,260,255
050,47,177,"Tennessee","Warren County",4,49,518,254,264
050,47,177,"Tennessee","Warren County",4,50,513,261,252
050,47,177,"Tennessee","Warren County",4,51,570,302,268
050,47,177,"Tennessee","Warren County",4,52,571,309,262
050,47,177,"Tennessee","Warren County",4,53,543,279,264
050,47,177,"Tennessee","Warren County",4,54,523,271,252
050,47,177,"Tennessee","Warren County",4,55,516,274,242
050,47,177,"Tennessee","Warren County",4,56,514,270,244
050,47,177,"Tennessee","Warren County",4,57,558,280,278
050,47,177,"Tennessee","Warren County",4,58,603,296,307
050,47,177,"Tennessee","Warren County",4,59,587,285,302
050,47,177,"Tennessee","Warren County",4,60,558,288,270
050,47,177,"Tennessee","Warren County",4,61,570,298,272
050,47,177,"Tennessee","Warren County",4,62,567,285,282
050,47,177,"Tennessee","Warren County",4,63,561,262,299
050,47,177,"Tennessee","Warren County",4,64,541,264,277
050,47,177,"Tennessee","Warren County",4,65,567,263,304
050,47,177,"Tennessee","Warren County",4,66,512,246,266
050,47,177,"Tennessee","Warren County",4,67,497,243,254
050,47,177,"Tennessee","Warren County",4,68,499,238,261
050,47,177,"Tennessee","Warren County",4,69,450,190,260
050,47,177,"Tennessee","Warren County",4,70,453,199,254
050,47,177,"Tennessee","Warren County",4,71,411,198,213
050,47,177,"Tennessee","Warren County",4,72,386,188,198
050,47,177,"Tennessee","Warren County",4,73,370,181,189
050,47,177,"Tennessee","Warren County",4,74,389,185,204
050,47,177,"Tennessee","Warren County",4,75,442,205,237
050,47,177,"Tennessee","Warren County",4,76,295,139,156
050,47,177,"Tennessee","Warren County",4,77,263,126,137
050,47,177,"Tennessee","Warren County",4,78,245,121,124
050,47,177,"Tennessee","Warren County",4,79,267,117,150
050,47,177,"Tennessee","Warren County",4,80,218,92,126
050,47,177,"Tennessee","Warren County",4,81,205,87,118
050,47,177,"Tennessee","Warren County",4,82,191,85,106
050,47,177,"Tennessee","Warren County",4,83,147,69,78
050,47,177,"Tennessee","Warren County",4,84,126,50,76
050,47,177,"Tennessee","Warren County",4,85,618,214,404
050,47,177,"Tennessee","Warren County",5,0,540,268,272
050,47,177,"Tennessee","Warren County",5,1,560,291,269
050,47,177,"Tennessee","Warren County",5,2,480,261,219
050,47,177,"Tennessee","Warren County",5,3,535,280,255
050,47,177,"Tennessee","Warren County",5,4,506,265,241
050,47,177,"Tennessee","Warren County",5,5,513,250,263
050,47,177,"Tennessee","Warren County",5,6,493,257,236
050,47,177,"Tennessee","Warren County",5,7,543,273,270
050,47,177,"Tennessee","Warren County",5,8,523,267,256
050,47,177,"Tennessee","Warren County",5,9,564,285,279
050,47,177,"Tennessee","Warren County",5,10,544,274,270
050,47,177,"Tennessee","Warren County",5,11,550,273,277
050,47,177,"Tennessee","Warren County",5,12,555,284,271
050,47,177,"Tennessee","Warren County",5,13,531,286,245
050,47,177,"Tennessee","Warren County",5,14,585,300,285
050,47,177,"Tennessee","Warren County",5,15,604,295,309
050,47,177,"Tennessee","Warren County",5,16,602,301,301
050,47,177,"Tennessee","Warren County",5,17,593,295,298
050,47,177,"Tennessee","Warren County",5,18,488,275,213
050,47,177,"Tennessee","Warren County",5,19,396,212,184
050,47,177,"Tennessee","Warren County",5,20,454,242,212
050,47,177,"Tennessee","Warren County",5,21,481,239,242
050,47,177,"Tennessee","Warren County",5,22,510,266,244
050,47,177,"Tennessee","Warren County",5,23,539,295,244
050,47,177,"Tennessee","Warren County",5,24,509,256,253
050,47,177,"Tennessee","Warren County",5,25,520,266,254
050,47,177,"Tennessee","Warren County",5,26,489,252,237
050,47,177,"Tennessee","Warren County",5,27,526,287,239
050,47,177,"Tennessee","Warren County",5,28,488,240,248
050,47,177,"Tennessee","Warren County",5,29,497,254,243
050,47,177,"Tennessee","Warren County",5,30,536,287,249
050,47,177,"Tennessee","Warren County",5,31,569,282,287
050,47,177,"Tennessee","Warren County",5,32,563,298,265
050,47,177,"Tennessee","Warren County",5,33,559,269,290
050,47,177,"Tennessee","Warren County",5,34,560,263,297
050,47,177,"Tennessee","Warren County",5,35,549,266,283
050,47,177,"Tennessee","Warren County",5,36,544,278,266
050,47,177,"Tennessee","Warren County",5,37,508,243,265
050,47,177,"Tennessee","Warren County",5,38,502,262,240
050,47,177,"Tennessee","Warren County",5,39,504,258,246
050,47,177,"Tennessee","Warren County",5,40,522,250,272
050,47,177,"Tennessee","Warren County",5,41,546,273,273
050,47,177,"Tennessee","Warren County",5,42,510,255,255
050,47,177,"Tennessee","Warren County",5,43,562,277,285
050,47,177,"Tennessee","Warren County",5,44,579,300,279
050,47,177,"Tennessee","Warren County",5,45,539,270,269
050,47,177,"Tennessee","Warren County",5,46,537,276,261
050,47,177,"Tennessee","Warren County",5,47,537,291,246
050,47,177,"Tennessee","Warren County",5,48,575,323,252
050,47,177,"Tennessee","Warren County",5,49,526,267,259
050,47,177,"Tennessee","Warren County",5,50,521,252,269
050,47,177,"Tennessee","Warren County",5,51,525,263,262
050,47,177,"Tennessee","Warren County",5,52,566,292,274
050,47,177,"Tennessee","Warren County",5,53,590,313,277
050,47,177,"Tennessee","Warren County",5,54,548,282,266
050,47,177,"Tennessee","Warren County",5,55,536,274,262
050,47,177,"Tennessee","Warren County",5,56,514,272,242
050,47,177,"Tennessee","Warren County",5,57,509,264,245
050,47,177,"Tennessee","Warren County",5,58,560,282,278
050,47,177,"Tennessee","Warren County",5,59,604,281,323
050,47,177,"Tennessee","Warren County",5,60,592,285,307
050,47,177,"Tennessee","Warren County",5,61,553,282,271
050,47,177,"Tennessee","Warren County",5,62,567,297,270
050,47,177,"Tennessee","Warren County",5,63,570,289,281
050,47,177,"Tennessee","Warren County",5,64,577,269,308
050,47,177,"Tennessee","Warren County",5,65,559,270,289
050,47,177,"Tennessee","Warren County",5,66,569,264,305
050,47,177,"Tennessee","Warren County",5,67,493,232,261
050,47,177,"Tennessee","Warren County",5,68,502,244,258
050,47,177,"Tennessee","Warren County",5,69,489,231,258
050,47,177,"Tennessee","Warren County",5,70,454,191,263
050,47,177,"Tennessee","Warren County",5,71,433,190,243
050,47,177,"Tennessee","Warren County",5,72,408,197,211
050,47,177,"Tennessee","Warren County",5,73,376,183,193
050,47,177,"Tennessee","Warren County",5,74,355,175,180
050,47,177,"Tennessee","Warren County",5,75,376,175,201
050,47,177,"Tennessee","Warren County",5,76,430,202,228
050,47,177,"Tennessee","Warren County",5,77,281,131,150
050,47,177,"Tennessee","Warren County",5,78,245,117,128
050,47,177,"Tennessee","Warren County",5,79,229,110,119
050,47,177,"Tennessee","Warren County",5,80,247,107,140
050,47,177,"Tennessee","Warren County",5,81,201,84,117
050,47,177,"Tennessee","Warren County",5,82,194,79,115
050,47,177,"Tennessee","Warren County",5,83,164,77,87
050,47,177,"Tennessee","Warren County",5,84,133,55,78
050,47,177,"Tennessee","Warren County",5,85,623,218,405
050,47,179,"Tennessee","Washington County",1,0,1239,635,604
050,47,179,"Tennessee","Washington County",1,1,1241,633,608
050,47,179,"Tennessee","Washington County",1,2,1243,620,623
050,47,179,"Tennessee","Washington County",1,3,1313,682,631
050,47,179,"Tennessee","Washington County",1,4,1377,711,666
050,47,179,"Tennessee","Washington County",1,5,1354,692,662
050,47,179,"Tennessee","Washington County",1,6,1335,669,666
050,47,179,"Tennessee","Washington County",1,7,1397,702,695
050,47,179,"Tennessee","Washington County",1,8,1374,692,682
050,47,179,"Tennessee","Washington County",1,9,1409,719,690
050,47,179,"Tennessee","Washington County",1,10,1395,698,697
050,47,179,"Tennessee","Washington County",1,11,1464,774,690
050,47,179,"Tennessee","Washington County",1,12,1539,804,735
050,47,179,"Tennessee","Washington County",1,13,1562,806,756
050,47,179,"Tennessee","Washington County",1,14,1570,815,755
050,47,179,"Tennessee","Washington County",1,15,1522,783,739
050,47,179,"Tennessee","Washington County",1,16,1587,825,762
050,47,179,"Tennessee","Washington County",1,17,1529,769,760
050,47,179,"Tennessee","Washington County",1,18,1997,917,1080
050,47,179,"Tennessee","Washington County",1,19,2617,1216,1401
050,47,179,"Tennessee","Washington County",1,20,2472,1200,1272
050,47,179,"Tennessee","Washington County",1,21,2443,1101,1342
050,47,179,"Tennessee","Washington County",1,22,2525,1153,1372
050,47,179,"Tennessee","Washington County",1,23,2394,1232,1162
050,47,179,"Tennessee","Washington County",1,24,2149,1118,1031
050,47,179,"Tennessee","Washington County",1,25,1964,977,987
050,47,179,"Tennessee","Washington County",1,26,1861,914,947
050,47,179,"Tennessee","Washington County",1,27,1731,881,850
050,47,179,"Tennessee","Washington County",1,28,1703,896,807
050,47,179,"Tennessee","Washington County",1,29,1737,863,874
050,47,179,"Tennessee","Washington County",1,30,1722,825,897
050,47,179,"Tennessee","Washington County",1,31,1605,782,823
050,47,179,"Tennessee","Washington County",1,32,1517,767,750
050,47,179,"Tennessee","Washington County",1,33,1440,735,705
050,47,179,"Tennessee","Washington County",1,34,1450,720,730
050,47,179,"Tennessee","Washington County",1,35,1496,744,752
050,47,179,"Tennessee","Washington County",1,36,1466,721,745
050,47,179,"Tennessee","Washington County",1,37,1538,749,789
050,47,179,"Tennessee","Washington County",1,38,1586,799,787
050,47,179,"Tennessee","Washington County",1,39,1522,773,749
050,47,179,"Tennessee","Washington County",1,40,1453,726,727
050,47,179,"Tennessee","Washington County",1,41,1465,715,750
050,47,179,"Tennessee","Washington County",1,42,1517,745,772
050,47,179,"Tennessee","Washington County",1,43,1544,790,754
050,47,179,"Tennessee","Washington County",1,44,1538,791,747
050,47,179,"Tennessee","Washington County",1,45,1612,835,777
050,47,179,"Tennessee","Washington County",1,46,1638,817,821
050,47,179,"Tennessee","Washington County",1,47,1689,846,843
050,47,179,"Tennessee","Washington County",1,48,1812,913,899
050,47,179,"Tennessee","Washington County",1,49,1835,909,926
050,47,179,"Tennessee","Washington County",1,50,1790,919,871
050,47,179,"Tennessee","Washington County",1,51,1749,898,851
050,47,179,"Tennessee","Washington County",1,52,1629,829,800
050,47,179,"Tennessee","Washington County",1,53,1685,855,830
050,47,179,"Tennessee","Washington County",1,54,1658,844,814
050,47,179,"Tennessee","Washington County",1,55,1792,926,866
050,47,179,"Tennessee","Washington County",1,56,1765,905,860
050,47,179,"Tennessee","Washington County",1,57,1734,847,887
050,47,179,"Tennessee","Washington County",1,58,1798,889,909
050,47,179,"Tennessee","Washington County",1,59,1826,887,939
050,47,179,"Tennessee","Washington County",1,60,1745,836,909
050,47,179,"Tennessee","Washington County",1,61,1755,837,918
050,47,179,"Tennessee","Washington County",1,62,1764,837,927
050,47,179,"Tennessee","Washington County",1,63,1733,822,911
050,47,179,"Tennessee","Washington County",1,64,1734,868,866
050,47,179,"Tennessee","Washington County",1,65,1661,813,848
050,47,179,"Tennessee","Washington County",1,66,1646,780,866
050,47,179,"Tennessee","Washington County",1,67,1594,754,840
050,47,179,"Tennessee","Washington County",1,68,1496,731,765
050,47,179,"Tennessee","Washington County",1,69,1390,703,687
050,47,179,"Tennessee","Washington County",1,70,1397,707,690
050,47,179,"Tennessee","Washington County",1,71,1413,657,756
050,47,179,"Tennessee","Washington County",1,72,1470,672,798
050,47,179,"Tennessee","Washington County",1,73,1439,662,777
050,47,179,"Tennessee","Washington County",1,74,980,452,528
050,47,179,"Tennessee","Washington County",1,75,1040,501,539
050,47,179,"Tennessee","Washington County",1,76,986,468,518
050,47,179,"Tennessee","Washington County",1,77,999,483,516
050,47,179,"Tennessee","Washington County",1,78,881,413,468
050,47,179,"Tennessee","Washington County",1,79,771,344,427
050,47,179,"Tennessee","Washington County",1,80,694,310,384
050,47,179,"Tennessee","Washington County",1,81,645,296,349
050,47,179,"Tennessee","Washington County",1,82,568,248,320
050,47,179,"Tennessee","Washington County",1,83,494,203,291
050,47,179,"Tennessee","Washington County",1,84,428,173,255
050,47,179,"Tennessee","Washington County",1,85,2366,872,1494
050,47,179,"Tennessee","Washington County",2,0,1222,628,594
050,47,179,"Tennessee","Washington County",2,1,1236,630,606
050,47,179,"Tennessee","Washington County",2,2,1244,622,622
050,47,179,"Tennessee","Washington County",2,3,1295,664,631
050,47,179,"Tennessee","Washington County",2,4,1377,710,667
050,47,179,"Tennessee","Washington County",2,5,1361,695,666
050,47,179,"Tennessee","Washington County",2,6,1352,680,672
050,47,179,"Tennessee","Washington County",2,7,1383,695,688
050,47,179,"Tennessee","Washington County",2,8,1378,695,683
050,47,179,"Tennessee","Washington County",2,9,1407,715,692
050,47,179,"Tennessee","Washington County",2,10,1401,706,695
050,47,179,"Tennessee","Washington County",2,11,1441,752,689
050,47,179,"Tennessee","Washington County",2,12,1533,805,728
050,47,179,"Tennessee","Washington County",2,13,1564,812,752
050,47,179,"Tennessee","Washington County",2,14,1568,815,753
050,47,179,"Tennessee","Washington County",2,15,1539,796,743
050,47,179,"Tennessee","Washington County",2,16,1571,815,756
050,47,179,"Tennessee","Washington County",2,17,1548,786,762
050,47,179,"Tennessee","Washington County",2,18,1996,916,1080
050,47,179,"Tennessee","Washington County",2,19,2613,1213,1400
050,47,179,"Tennessee","Washington County",2,20,2494,1206,1288
050,47,179,"Tennessee","Washington County",2,21,2440,1098,1342
050,47,179,"Tennessee","Washington County",2,22,2537,1160,1377
050,47,179,"Tennessee","Washington County",2,23,2369,1217,1152
050,47,179,"Tennessee","Washington County",2,24,2149,1115,1034
050,47,179,"Tennessee","Washington County",2,25,1950,978,972
050,47,179,"Tennessee","Washington County",2,26,1860,915,945
050,47,179,"Tennessee","Washington County",2,27,1737,879,858
050,47,179,"Tennessee","Washington County",2,28,1707,889,818
050,47,179,"Tennessee","Washington County",2,29,1739,872,867
050,47,179,"Tennessee","Washington County",2,30,1743,842,901
050,47,179,"Tennessee","Washington County",2,31,1626,787,839
050,47,179,"Tennessee","Washington County",2,32,1532,766,766
050,47,179,"Tennessee","Washington County",2,33,1458,741,717
050,47,179,"Tennessee","Washington County",2,34,1454,725,729
050,47,179,"Tennessee","Washington County",2,35,1487,741,746
050,47,179,"Tennessee","Washington County",2,36,1462,721,741
050,47,179,"Tennessee","Washington County",2,37,1535,754,781
050,47,179,"Tennessee","Washington County",2,38,1577,788,789
050,47,179,"Tennessee","Washington County",2,39,1526,773,753
050,47,179,"Tennessee","Washington County",2,40,1477,743,734
050,47,179,"Tennessee","Washington County",2,41,1465,718,747
050,47,179,"Tennessee","Washington County",2,42,1498,737,761
050,47,179,"Tennessee","Washington County",2,43,1552,787,765
050,47,179,"Tennessee","Washington County",2,44,1528,784,744
050,47,179,"Tennessee","Washington County",2,45,1602,828,774
050,47,179,"Tennessee","Washington County",2,46,1630,826,804
050,47,179,"Tennessee","Washington County",2,47,1682,841,841
050,47,179,"Tennessee","Washington County",2,48,1785,896,889
050,47,179,"Tennessee","Washington County",2,49,1837,910,927
050,47,179,"Tennessee","Washington County",2,50,1808,923,885
050,47,179,"Tennessee","Washington County",2,51,1758,899,859
050,47,179,"Tennessee","Washington County",2,52,1653,845,808
050,47,179,"Tennessee","Washington County",2,53,1679,852,827
050,47,179,"Tennessee","Washington County",2,54,1660,846,814
050,47,179,"Tennessee","Washington County",2,55,1762,910,852
050,47,179,"Tennessee","Washington County",2,56,1776,912,864
050,47,179,"Tennessee","Washington County",2,57,1747,866,881
050,47,179,"Tennessee","Washington County",2,58,1782,878,904
050,47,179,"Tennessee","Washington County",2,59,1834,898,936
050,47,179,"Tennessee","Washington County",2,60,1765,844,921
050,47,179,"Tennessee","Washington County",2,61,1749,835,914
050,47,179,"Tennessee","Washington County",2,62,1757,832,925
050,47,179,"Tennessee","Washington County",2,63,1761,838,923
050,47,179,"Tennessee","Washington County",2,64,1727,849,878
050,47,179,"Tennessee","Washington County",2,65,1682,827,855
050,47,179,"Tennessee","Washington County",2,66,1652,790,862
050,47,179,"Tennessee","Washington County",2,67,1607,760,847
050,47,179,"Tennessee","Washington County",2,68,1507,730,777
050,47,179,"Tennessee","Washington County",2,69,1420,710,710
050,47,179,"Tennessee","Washington County",2,70,1390,704,686
050,47,179,"Tennessee","Washington County",2,71,1400,664,736
050,47,179,"Tennessee","Washington County",2,72,1421,651,770
050,47,179,"Tennessee","Washington County",2,73,1516,695,821
050,47,179,"Tennessee","Washington County",2,74,1021,472,549
050,47,179,"Tennessee","Washington County",2,75,1021,487,534
050,47,179,"Tennessee","Washington County",2,76,984,468,516
050,47,179,"Tennessee","Washington County",2,77,1016,488,528
050,47,179,"Tennessee","Washington County",2,78,884,418,466
050,47,179,"Tennessee","Washington County",2,79,786,354,432
050,47,179,"Tennessee","Washington County",2,80,707,315,392
050,47,179,"Tennessee","Washington County",2,81,641,293,348
050,47,179,"Tennessee","Washington County",2,82,583,256,327
050,47,179,"Tennessee","Washington County",2,83,501,212,289
050,47,179,"Tennessee","Washington County",2,84,431,174,257
050,47,179,"Tennessee","Washington County",2,85,2364,870,1494
050,47,179,"Tennessee","Washington County",3,0,1201,632,569
050,47,179,"Tennessee","Washington County",3,1,1208,629,579
050,47,179,"Tennessee","Washington County",3,2,1255,656,599
050,47,179,"Tennessee","Washington County",3,3,1257,632,625
050,47,179,"Tennessee","Washington County",3,4,1311,668,643
050,47,179,"Tennessee","Washington County",3,5,1344,684,660
050,47,179,"Tennessee","Washington County",3,6,1354,692,662
050,47,179,"Tennessee","Washington County",3,7,1384,690,694
050,47,179,"Tennessee","Washington County",3,8,1388,698,690
050,47,179,"Tennessee","Washington County",3,9,1371,696,675
050,47,179,"Tennessee","Washington County",3,10,1410,715,695
050,47,179,"Tennessee","Washington County",3,11,1380,702,678
050,47,179,"Tennessee","Washington County",3,12,1487,777,710
050,47,179,"Tennessee","Washington County",3,13,1590,843,747
050,47,179,"Tennessee","Washington County",3,14,1587,818,769
050,47,179,"Tennessee","Washington County",3,15,1578,825,753
050,47,179,"Tennessee","Washington County",3,16,1545,796,749
050,47,179,"Tennessee","Washington County",3,17,1607,826,781
050,47,179,"Tennessee","Washington County",3,18,1921,915,1006
050,47,179,"Tennessee","Washington County",3,19,2417,1101,1316
050,47,179,"Tennessee","Washington County",3,20,2414,1157,1257
050,47,179,"Tennessee","Washington County",3,21,2466,1101,1365
050,47,179,"Tennessee","Washington County",3,22,2535,1170,1365
050,47,179,"Tennessee","Washington County",3,23,2347,1198,1149
050,47,179,"Tennessee","Washington County",3,24,2141,1100,1041
050,47,179,"Tennessee","Washington County",3,25,1960,988,972
050,47,179,"Tennessee","Washington County",3,26,1867,931,936
050,47,179,"Tennessee","Washington County",3,27,1761,863,898
050,47,179,"Tennessee","Washington County",3,28,1671,846,825
050,47,179,"Tennessee","Washington County",3,29,1679,884,795
050,47,179,"Tennessee","Washington County",3,30,1732,882,850
050,47,179,"Tennessee","Washington County",3,31,1741,858,883
050,47,179,"Tennessee","Washington County",3,32,1611,780,831
050,47,179,"Tennessee","Washington County",3,33,1510,778,732
050,47,179,"Tennessee","Washington County",3,34,1461,737,724
050,47,179,"Tennessee","Washington County",3,35,1435,710,725
050,47,179,"Tennessee","Washington County",3,36,1484,731,753
050,47,179,"Tennessee","Washington County",3,37,1450,717,733
050,47,179,"Tennessee","Washington County",3,38,1574,771,803
050,47,179,"Tennessee","Washington County",3,39,1600,795,805
050,47,179,"Tennessee","Washington County",3,40,1533,772,761
050,47,179,"Tennessee","Washington County",3,41,1509,746,763
050,47,179,"Tennessee","Washington County",3,42,1478,726,752
050,47,179,"Tennessee","Washington County",3,43,1494,733,761
050,47,179,"Tennessee","Washington County",3,44,1576,788,788
050,47,179,"Tennessee","Washington County",3,45,1521,789,732
050,47,179,"Tennessee","Washington County",3,46,1626,840,786
050,47,179,"Tennessee","Washington County",3,47,1657,857,800
050,47,179,"Tennessee","Washington County",3,48,1700,842,858
050,47,179,"Tennessee","Washington County",3,49,1749,869,880
050,47,179,"Tennessee","Washington County",3,50,1844,928,916
050,47,179,"Tennessee","Washington County",3,51,1813,921,892
050,47,179,"Tennessee","Washington County",3,52,1766,907,859
050,47,179,"Tennessee","Washington County",3,53,1664,851,813
050,47,179,"Tennessee","Washington County",3,54,1686,841,845
050,47,179,"Tennessee","Washington County",3,55,1666,852,814
050,47,179,"Tennessee","Washington County",3,56,1760,915,845
050,47,179,"Tennessee","Washington County",3,57,1792,920,872
050,47,179,"Tennessee","Washington County",3,58,1742,843,899
050,47,179,"Tennessee","Washington County",3,59,1796,883,913
050,47,179,"Tennessee","Washington County",3,60,1847,889,958
050,47,179,"Tennessee","Washington County",3,61,1794,856,938
050,47,179,"Tennessee","Washington County",3,62,1736,828,908
050,47,179,"Tennessee","Washington County",3,63,1765,830,935
050,47,179,"Tennessee","Washington County",3,64,1766,843,923
050,47,179,"Tennessee","Washington County",3,65,1735,855,880
050,47,179,"Tennessee","Washington County",3,66,1691,831,860
050,47,179,"Tennessee","Washington County",3,67,1630,772,858
050,47,179,"Tennessee","Washington County",3,68,1589,748,841
050,47,179,"Tennessee","Washington County",3,69,1483,711,772
050,47,179,"Tennessee","Washington County",3,70,1416,700,716
050,47,179,"Tennessee","Washington County",3,71,1372,685,687
050,47,179,"Tennessee","Washington County",3,72,1356,637,719
050,47,179,"Tennessee","Washington County",3,73,1383,631,752
050,47,179,"Tennessee","Washington County",3,74,1482,676,806
050,47,179,"Tennessee","Washington County",3,75,972,443,529
050,47,179,"Tennessee","Washington County",3,76,986,466,520
050,47,179,"Tennessee","Washington County",3,77,923,442,481
050,47,179,"Tennessee","Washington County",3,78,953,441,512
050,47,179,"Tennessee","Washington County",3,79,843,388,455
050,47,179,"Tennessee","Washington County",3,80,742,328,414
050,47,179,"Tennessee","Washington County",3,81,663,290,373
050,47,179,"Tennessee","Washington County",3,82,593,266,327
050,47,179,"Tennessee","Washington County",3,83,537,232,305
050,47,179,"Tennessee","Washington County",3,84,455,193,262
050,47,179,"Tennessee","Washington County",3,85,2342,865,1477
050,47,179,"Tennessee","Washington County",4,0,1258,659,599
050,47,179,"Tennessee","Washington County",4,1,1175,608,567
050,47,179,"Tennessee","Washington County",4,2,1227,641,586
050,47,179,"Tennessee","Washington County",4,3,1314,670,644
050,47,179,"Tennessee","Washington County",4,4,1297,657,640
050,47,179,"Tennessee","Washington County",4,5,1335,682,653
050,47,179,"Tennessee","Washington County",4,6,1390,689,701
050,47,179,"Tennessee","Washington County",4,7,1371,695,676
050,47,179,"Tennessee","Washington County",4,8,1406,713,693
050,47,179,"Tennessee","Washington County",4,9,1400,693,707
050,47,179,"Tennessee","Washington County",4,10,1387,701,686
050,47,179,"Tennessee","Washington County",4,11,1403,697,706
050,47,179,"Tennessee","Washington County",4,12,1455,747,708
050,47,179,"Tennessee","Washington County",4,13,1511,807,704
050,47,179,"Tennessee","Washington County",4,14,1597,848,749
050,47,179,"Tennessee","Washington County",4,15,1601,832,769
050,47,179,"Tennessee","Washington County",4,16,1556,802,754
050,47,179,"Tennessee","Washington County",4,17,1565,814,751
050,47,179,"Tennessee","Washington County",4,18,2051,967,1084
050,47,179,"Tennessee","Washington County",4,19,2563,1203,1360
050,47,179,"Tennessee","Washington County",4,20,2472,1160,1312
050,47,179,"Tennessee","Washington County",4,21,2522,1121,1401
050,47,179,"Tennessee","Washington County",4,22,2655,1207,1448
050,47,179,"Tennessee","Washington County",4,23,2454,1254,1200
050,47,179,"Tennessee","Washington County",4,24,2242,1143,1099
050,47,179,"Tennessee","Washington County",4,25,2029,1018,1011
050,47,179,"Tennessee","Washington County",4,26,1883,965,918
050,47,179,"Tennessee","Washington County",4,27,1813,909,904
050,47,179,"Tennessee","Washington County",4,28,1727,832,895
050,47,179,"Tennessee","Washington County",4,29,1675,849,826
050,47,179,"Tennessee","Washington County",4,30,1691,904,787
050,47,179,"Tennessee","Washington County",4,31,1761,884,877
050,47,179,"Tennessee","Washington County",4,32,1746,871,875
050,47,179,"Tennessee","Washington County",4,33,1625,811,814
050,47,179,"Tennessee","Washington County",4,34,1570,818,752
050,47,179,"Tennessee","Washington County",4,35,1494,766,728
050,47,179,"Tennessee","Washington County",4,36,1483,728,755
050,47,179,"Tennessee","Washington County",4,37,1524,766,758
050,47,179,"Tennessee","Washington County",4,38,1479,743,736
050,47,179,"Tennessee","Washington County",4,39,1606,788,818
050,47,179,"Tennessee","Washington County",4,40,1627,810,817
050,47,179,"Tennessee","Washington County",4,41,1551,769,782
050,47,179,"Tennessee","Washington County",4,42,1517,753,764
050,47,179,"Tennessee","Washington County",4,43,1492,741,751
050,47,179,"Tennessee","Washington County",4,44,1536,747,789
050,47,179,"Tennessee","Washington County",4,45,1585,797,788
050,47,179,"Tennessee","Washington County",4,46,1549,802,747
050,47,179,"Tennessee","Washington County",4,47,1667,859,808
050,47,179,"Tennessee","Washington County",4,48,1681,854,827
050,47,179,"Tennessee","Washington County",4,49,1711,841,870
050,47,179,"Tennessee","Washington County",4,50,1769,892,877
050,47,179,"Tennessee","Washington County",4,51,1891,921,970
050,47,179,"Tennessee","Washington County",4,52,1838,931,907
050,47,179,"Tennessee","Washington County",4,53,1812,925,887
050,47,179,"Tennessee","Washington County",4,54,1683,848,835
050,47,179,"Tennessee","Washington County",4,55,1715,856,859
050,47,179,"Tennessee","Washington County",4,56,1734,887,847
050,47,179,"Tennessee","Washington County",4,57,1825,958,867
050,47,179,"Tennessee","Washington County",4,58,1837,927,910
050,47,179,"Tennessee","Washington County",4,59,1763,859,904
050,47,179,"Tennessee","Washington County",4,60,1807,862,945
050,47,179,"Tennessee","Washington County",4,61,1863,918,945
050,47,179,"Tennessee","Washington County",4,62,1839,880,959
050,47,179,"Tennessee","Washington County",4,63,1806,862,944
050,47,179,"Tennessee","Washington County",4,64,1788,828,960
050,47,179,"Tennessee","Washington County",4,65,1776,840,936
050,47,179,"Tennessee","Washington County",4,66,1771,865,906
050,47,179,"Tennessee","Washington County",4,67,1686,828,858
050,47,179,"Tennessee","Washington County",4,68,1641,782,859
050,47,179,"Tennessee","Washington County",4,69,1592,750,842
050,47,179,"Tennessee","Washington County",4,70,1476,708,768
050,47,179,"Tennessee","Washington County",4,71,1396,682,714
050,47,179,"Tennessee","Washington County",4,72,1348,663,685
050,47,179,"Tennessee","Washington County",4,73,1338,619,719
050,47,179,"Tennessee","Washington County",4,74,1343,613,730
050,47,179,"Tennessee","Washington County",4,75,1441,649,792
050,47,179,"Tennessee","Washington County",4,76,933,420,513
050,47,179,"Tennessee","Washington County",4,77,961,451,510
050,47,179,"Tennessee","Washington County",4,78,856,396,460
050,47,179,"Tennessee","Washington County",4,79,898,408,490
050,47,179,"Tennessee","Washington County",4,80,807,372,435
050,47,179,"Tennessee","Washington County",4,81,698,298,400
050,47,179,"Tennessee","Washington County",4,82,623,264,359
050,47,179,"Tennessee","Washington County",4,83,523,240,283
050,47,179,"Tennessee","Washington County",4,84,484,203,281
050,47,179,"Tennessee","Washington County",4,85,2357,903,1454
050,47,179,"Tennessee","Washington County",5,0,1256,655,601
050,47,179,"Tennessee","Washington County",5,1,1248,639,609
050,47,179,"Tennessee","Washington County",5,2,1194,633,561
050,47,179,"Tennessee","Washington County",5,3,1283,678,605
050,47,179,"Tennessee","Washington County",5,4,1351,690,661
050,47,179,"Tennessee","Washington County",5,5,1350,688,662
050,47,179,"Tennessee","Washington County",5,6,1345,692,653
050,47,179,"Tennessee","Washington County",5,7,1411,708,703
050,47,179,"Tennessee","Washington County",5,8,1409,720,689
050,47,179,"Tennessee","Washington County",5,9,1449,732,717
050,47,179,"Tennessee","Washington County",5,10,1448,740,708
050,47,179,"Tennessee","Washington County",5,11,1395,711,684
050,47,179,"Tennessee","Washington County",5,12,1433,726,707
050,47,179,"Tennessee","Washington County",5,13,1489,754,735
050,47,179,"Tennessee","Washington County",5,14,1546,831,715
050,47,179,"Tennessee","Washington County",5,15,1668,885,783
050,47,179,"Tennessee","Washington County",5,16,1641,845,796
050,47,179,"Tennessee","Washington County",5,17,1593,814,779
050,47,179,"Tennessee","Washington County",5,18,2100,990,1110
050,47,179,"Tennessee","Washington County",5,19,2755,1300,1455
050,47,179,"Tennessee","Washington County",5,20,2547,1231,1316
050,47,179,"Tennessee","Washington County",5,21,2520,1108,1412
050,47,179,"Tennessee","Washington County",5,22,2681,1196,1485
050,47,179,"Tennessee","Washington County",5,23,2481,1267,1214
050,47,179,"Tennessee","Washington County",5,24,2319,1146,1173
050,47,179,"Tennessee","Washington County",5,25,2094,1061,1033
050,47,179,"Tennessee","Washington County",5,26,1906,969,937
050,47,179,"Tennessee","Washington County",5,27,1784,923,861
050,47,179,"Tennessee","Washington County",5,28,1771,878,893
050,47,179,"Tennessee","Washington County",5,29,1719,836,883
050,47,179,"Tennessee","Washington County",5,30,1705,879,826
050,47,179,"Tennessee","Washington County",5,31,1731,902,829
050,47,179,"Tennessee","Washington County",5,32,1769,896,873
050,47,179,"Tennessee","Washington County",5,33,1759,874,885
050,47,179,"Tennessee","Washington County",5,34,1630,818,812
050,47,179,"Tennessee","Washington County",5,35,1558,787,771
050,47,179,"Tennessee","Washington County",5,36,1512,766,746
050,47,179,"Tennessee","Washington County",5,37,1518,762,756
050,47,179,"Tennessee","Washington County",5,38,1566,789,777
050,47,179,"Tennessee","Washington County",5,39,1499,739,760
050,47,179,"Tennessee","Washington County",5,40,1635,801,834
050,47,179,"Tennessee","Washington County",5,41,1660,824,836
050,47,179,"Tennessee","Washington County",5,42,1582,790,792
050,47,179,"Tennessee","Washington County",5,43,1565,780,785
050,47,179,"Tennessee","Washington County",5,44,1513,747,766
050,47,179,"Tennessee","Washington County",5,45,1532,750,782
050,47,179,"Tennessee","Washington County",5,46,1609,808,801
050,47,179,"Tennessee","Washington County",5,47,1569,828,741
050,47,179,"Tennessee","Washington County",5,48,1721,881,840
050,47,179,"Tennessee","Washington County",5,49,1699,848,851
050,47,179,"Tennessee","Washington County",5,50,1731,867,864
050,47,179,"Tennessee","Washington County",5,51,1773,895,878
050,47,179,"Tennessee","Washington County",5,52,1898,929,969
050,47,179,"Tennessee","Washington County",5,53,1855,932,923
050,47,179,"Tennessee","Washington County",5,54,1845,930,915
050,47,179,"Tennessee","Washington County",5,55,1692,854,838
050,47,179,"Tennessee","Washington County",5,56,1727,871,856
050,47,179,"Tennessee","Washington County",5,57,1746,900,846
050,47,179,"Tennessee","Washington County",5,58,1847,958,889
050,47,179,"Tennessee","Washington County",5,59,1855,951,904
050,47,179,"Tennessee","Washington County",5,60,1765,840,925
050,47,179,"Tennessee","Washington County",5,61,1831,867,964
050,47,179,"Tennessee","Washington County",5,62,1869,901,968
050,47,179,"Tennessee","Washington County",5,63,1871,906,965
050,47,179,"Tennessee","Washington County",5,64,1797,847,950
050,47,179,"Tennessee","Washington County",5,65,1779,831,948
050,47,179,"Tennessee","Washington County",5,66,1792,852,940
050,47,179,"Tennessee","Washington County",5,67,1770,857,913
050,47,179,"Tennessee","Washington County",5,68,1664,812,852
050,47,179,"Tennessee","Washington County",5,69,1626,772,854
050,47,179,"Tennessee","Washington County",5,70,1581,735,846
050,47,179,"Tennessee","Washington County",5,71,1439,690,749
050,47,179,"Tennessee","Washington County",5,72,1380,671,709
050,47,179,"Tennessee","Washington County",5,73,1326,637,689
050,47,179,"Tennessee","Washington County",5,74,1305,607,698
050,47,179,"Tennessee","Washington County",5,75,1320,596,724
050,47,179,"Tennessee","Washington County",5,76,1399,621,778
050,47,179,"Tennessee","Washington County",5,77,916,409,507
050,47,179,"Tennessee","Washington County",5,78,898,413,485
050,47,179,"Tennessee","Washington County",5,79,821,373,448
050,47,179,"Tennessee","Washington County",5,80,850,386,464
050,47,179,"Tennessee","Washington County",5,81,756,336,420
050,47,179,"Tennessee","Washington County",5,82,660,276,384
050,47,179,"Tennessee","Washington County",5,83,566,238,328
050,47,179,"Tennessee","Washington County",5,84,484,218,266
050,47,179,"Tennessee","Washington County",5,85,2468,977,1491
050,47,181,"Tennessee","Wayne County",1,0,117,61,56
050,47,181,"Tennessee","Wayne County",1,1,119,63,56
050,47,181,"Tennessee","Wayne County",1,2,128,62,66
050,47,181,"Tennessee","Wayne County",1,3,129,64,65
050,47,181,"Tennessee","Wayne County",1,4,135,71,64
050,47,181,"Tennessee","Wayne County",1,5,147,80,67
050,47,181,"Tennessee","Wayne County",1,6,139,80,59
050,47,181,"Tennessee","Wayne County",1,7,146,77,69
050,47,181,"Tennessee","Wayne County",1,8,147,75,72
050,47,181,"Tennessee","Wayne County",1,9,123,70,53
050,47,181,"Tennessee","Wayne County",1,10,146,73,73
050,47,181,"Tennessee","Wayne County",1,11,162,70,92
050,47,181,"Tennessee","Wayne County",1,12,178,93,85
050,47,181,"Tennessee","Wayne County",1,13,172,95,77
050,47,181,"Tennessee","Wayne County",1,14,178,94,84
050,47,181,"Tennessee","Wayne County",1,15,175,102,73
050,47,181,"Tennessee","Wayne County",1,16,187,94,93
050,47,181,"Tennessee","Wayne County",1,17,178,102,76
050,47,181,"Tennessee","Wayne County",1,18,147,84,63
050,47,181,"Tennessee","Wayne County",1,19,145,87,58
050,47,181,"Tennessee","Wayne County",1,20,155,90,65
050,47,181,"Tennessee","Wayne County",1,21,186,117,69
050,47,181,"Tennessee","Wayne County",1,22,193,124,69
050,47,181,"Tennessee","Wayne County",1,23,211,147,64
050,47,181,"Tennessee","Wayne County",1,24,220,153,67
050,47,181,"Tennessee","Wayne County",1,25,218,156,62
050,47,181,"Tennessee","Wayne County",1,26,223,150,73
050,47,181,"Tennessee","Wayne County",1,27,254,170,84
050,47,181,"Tennessee","Wayne County",1,28,253,172,81
050,47,181,"Tennessee","Wayne County",1,29,266,181,85
050,47,181,"Tennessee","Wayne County",1,30,248,157,91
050,47,181,"Tennessee","Wayne County",1,31,241,161,80
050,47,181,"Tennessee","Wayne County",1,32,225,158,67
050,47,181,"Tennessee","Wayne County",1,33,205,135,70
050,47,181,"Tennessee","Wayne County",1,34,215,142,73
050,47,181,"Tennessee","Wayne County",1,35,217,132,85
050,47,181,"Tennessee","Wayne County",1,36,206,129,77
050,47,181,"Tennessee","Wayne County",1,37,207,134,73
050,47,181,"Tennessee","Wayne County",1,38,221,138,83
050,47,181,"Tennessee","Wayne County",1,39,221,139,82
050,47,181,"Tennessee","Wayne County",1,40,233,153,80
050,47,181,"Tennessee","Wayne County",1,41,226,142,84
050,47,181,"Tennessee","Wayne County",1,42,212,132,80
050,47,181,"Tennessee","Wayne County",1,43,213,133,80
050,47,181,"Tennessee","Wayne County",1,44,206,123,83
050,47,181,"Tennessee","Wayne County",1,45,214,131,83
050,47,181,"Tennessee","Wayne County",1,46,232,137,95
050,47,181,"Tennessee","Wayne County",1,47,231,148,83
050,47,181,"Tennessee","Wayne County",1,48,232,140,92
050,47,181,"Tennessee","Wayne County",1,49,230,125,105
050,47,181,"Tennessee","Wayne County",1,50,264,155,109
050,47,181,"Tennessee","Wayne County",1,51,241,130,111
050,47,181,"Tennessee","Wayne County",1,52,230,125,105
050,47,181,"Tennessee","Wayne County",1,53,239,125,114
050,47,181,"Tennessee","Wayne County",1,54,244,136,108
050,47,181,"Tennessee","Wayne County",1,55,239,116,123
050,47,181,"Tennessee","Wayne County",1,56,238,127,111
050,47,181,"Tennessee","Wayne County",1,57,231,117,114
050,47,181,"Tennessee","Wayne County",1,58,245,134,111
050,47,181,"Tennessee","Wayne County",1,59,238,118,120
050,47,181,"Tennessee","Wayne County",1,60,233,116,117
050,47,181,"Tennessee","Wayne County",1,61,215,108,107
050,47,181,"Tennessee","Wayne County",1,62,236,125,111
050,47,181,"Tennessee","Wayne County",1,63,207,104,103
050,47,181,"Tennessee","Wayne County",1,64,205,107,98
050,47,181,"Tennessee","Wayne County",1,65,201,103,98
050,47,181,"Tennessee","Wayne County",1,66,209,98,111
050,47,181,"Tennessee","Wayne County",1,67,210,101,109
050,47,181,"Tennessee","Wayne County",1,68,194,96,98
050,47,181,"Tennessee","Wayne County",1,69,165,83,82
050,47,181,"Tennessee","Wayne County",1,70,175,84,91
050,47,181,"Tennessee","Wayne County",1,71,193,89,104
050,47,181,"Tennessee","Wayne County",1,72,193,89,104
050,47,181,"Tennessee","Wayne County",1,73,183,92,91
050,47,181,"Tennessee","Wayne County",1,74,124,65,59
050,47,181,"Tennessee","Wayne County",1,75,132,68,64
050,47,181,"Tennessee","Wayne County",1,76,135,61,74
050,47,181,"Tennessee","Wayne County",1,77,125,57,68
050,47,181,"Tennessee","Wayne County",1,78,88,36,52
050,47,181,"Tennessee","Wayne County",1,79,87,40,47
050,47,181,"Tennessee","Wayne County",1,80,88,36,52
050,47,181,"Tennessee","Wayne County",1,81,83,33,50
050,47,181,"Tennessee","Wayne County",1,82,71,24,47
050,47,181,"Tennessee","Wayne County",1,83,68,31,37
050,47,181,"Tennessee","Wayne County",1,84,62,31,31
050,47,181,"Tennessee","Wayne County",1,85,328,120,208
050,47,181,"Tennessee","Wayne County",2,0,128,68,60
050,47,181,"Tennessee","Wayne County",2,1,116,61,55
050,47,181,"Tennessee","Wayne County",2,2,126,63,63
050,47,181,"Tennessee","Wayne County",2,3,126,63,63
050,47,181,"Tennessee","Wayne County",2,4,134,70,64
050,47,181,"Tennessee","Wayne County",2,5,145,79,66
050,47,181,"Tennessee","Wayne County",2,6,141,80,61
050,47,181,"Tennessee","Wayne County",2,7,142,78,64
050,47,181,"Tennessee","Wayne County",2,8,145,76,69
050,47,181,"Tennessee","Wayne County",2,9,128,71,57
050,47,181,"Tennessee","Wayne County",2,10,141,72,69
050,47,181,"Tennessee","Wayne County",2,11,156,70,86
050,47,181,"Tennessee","Wayne County",2,12,175,89,86
050,47,181,"Tennessee","Wayne County",2,13,171,92,79
050,47,181,"Tennessee","Wayne County",2,14,176,95,81
050,47,181,"Tennessee","Wayne County",2,15,179,102,77
050,47,181,"Tennessee","Wayne County",2,16,182,95,87
050,47,181,"Tennessee","Wayne County",2,17,180,102,78
050,47,181,"Tennessee","Wayne County",2,18,144,82,62
050,47,181,"Tennessee","Wayne County",2,19,141,85,56
050,47,181,"Tennessee","Wayne County",2,20,159,92,67
050,47,181,"Tennessee","Wayne County",2,21,187,118,69
050,47,181,"Tennessee","Wayne County",2,22,196,125,71
050,47,181,"Tennessee","Wayne County",2,23,214,147,67
050,47,181,"Tennessee","Wayne County",2,24,216,150,66
050,47,181,"Tennessee","Wayne County",2,25,219,156,63
050,47,181,"Tennessee","Wayne County",2,26,219,149,70
050,47,181,"Tennessee","Wayne County",2,27,247,167,80
050,47,181,"Tennessee","Wayne County",2,28,253,172,81
050,47,181,"Tennessee","Wayne County",2,29,264,180,84
050,47,181,"Tennessee","Wayne County",2,30,251,161,90
050,47,181,"Tennessee","Wayne County",2,31,246,164,82
050,47,181,"Tennessee","Wayne County",2,32,228,157,71
050,47,181,"Tennessee","Wayne County",2,33,206,137,69
050,47,181,"Tennessee","Wayne County",2,34,217,144,73
050,47,181,"Tennessee","Wayne County",2,35,215,131,84
050,47,181,"Tennessee","Wayne County",2,36,206,127,79
050,47,181,"Tennessee","Wayne County",2,37,207,134,73
050,47,181,"Tennessee","Wayne County",2,38,218,138,80
050,47,181,"Tennessee","Wayne County",2,39,220,137,83
050,47,181,"Tennessee","Wayne County",2,40,231,150,81
050,47,181,"Tennessee","Wayne County",2,41,225,143,82
050,47,181,"Tennessee","Wayne County",2,42,211,131,80
050,47,181,"Tennessee","Wayne County",2,43,217,135,82
050,47,181,"Tennessee","Wayne County",2,44,204,123,81
050,47,181,"Tennessee","Wayne County",2,45,215,131,84
050,47,181,"Tennessee","Wayne County",2,46,227,135,92
050,47,181,"Tennessee","Wayne County",2,47,231,145,86
050,47,181,"Tennessee","Wayne County",2,48,228,138,90
050,47,181,"Tennessee","Wayne County",2,49,232,128,104
050,47,181,"Tennessee","Wayne County",2,50,258,150,108
050,47,181,"Tennessee","Wayne County",2,51,243,133,110
050,47,181,"Tennessee","Wayne County",2,52,232,124,108
050,47,181,"Tennessee","Wayne County",2,53,237,125,112
050,47,181,"Tennessee","Wayne County",2,54,246,136,110
050,47,181,"Tennessee","Wayne County",2,55,238,118,120
050,47,181,"Tennessee","Wayne County",2,56,241,126,115
050,47,181,"Tennessee","Wayne County",2,57,232,117,115
050,47,181,"Tennessee","Wayne County",2,58,245,133,112
050,47,181,"Tennessee","Wayne County",2,59,238,120,118
050,47,181,"Tennessee","Wayne County",2,60,235,118,117
050,47,181,"Tennessee","Wayne County",2,61,217,107,110
050,47,181,"Tennessee","Wayne County",2,62,234,123,111
050,47,181,"Tennessee","Wayne County",2,63,214,109,105
050,47,181,"Tennessee","Wayne County",2,64,206,106,100
050,47,181,"Tennessee","Wayne County",2,65,200,104,96
050,47,181,"Tennessee","Wayne County",2,66,207,100,107
050,47,181,"Tennessee","Wayne County",2,67,211,102,109
050,47,181,"Tennessee","Wayne County",2,68,193,92,101
050,47,181,"Tennessee","Wayne County",2,69,172,87,85
050,47,181,"Tennessee","Wayne County",2,70,172,83,89
050,47,181,"Tennessee","Wayne County",2,71,189,87,102
050,47,181,"Tennessee","Wayne County",2,72,191,89,102
050,47,181,"Tennessee","Wayne County",2,73,192,95,97
050,47,181,"Tennessee","Wayne County",2,74,128,67,61
050,47,181,"Tennessee","Wayne County",2,75,130,67,63
050,47,181,"Tennessee","Wayne County",2,76,131,61,70
050,47,181,"Tennessee","Wayne County",2,77,128,57,71
050,47,181,"Tennessee","Wayne County",2,78,94,39,55
050,47,181,"Tennessee","Wayne County",2,79,86,38,48
050,47,181,"Tennessee","Wayne County",2,80,87,37,50
050,47,181,"Tennessee","Wayne County",2,81,80,31,49
050,47,181,"Tennessee","Wayne County",2,82,75,27,48
050,47,181,"Tennessee","Wayne County",2,83,67,29,38
050,47,181,"Tennessee","Wayne County",2,84,62,29,33
050,47,181,"Tennessee","Wayne County",2,85,326,121,205
050,47,181,"Tennessee","Wayne County",3,0,146,77,69
050,47,181,"Tennessee","Wayne County",3,1,143,79,64
050,47,181,"Tennessee","Wayne County",3,2,115,61,54
050,47,181,"Tennessee","Wayne County",3,3,121,55,66
050,47,181,"Tennessee","Wayne County",3,4,129,64,65
050,47,181,"Tennessee","Wayne County",3,5,140,71,69
050,47,181,"Tennessee","Wayne County",3,6,136,74,62
050,47,181,"Tennessee","Wayne County",3,7,142,79,63
050,47,181,"Tennessee","Wayne County",3,8,146,80,66
050,47,181,"Tennessee","Wayne County",3,9,144,75,69
050,47,181,"Tennessee","Wayne County",3,10,133,75,58
050,47,181,"Tennessee","Wayne County",3,11,136,70,66
050,47,181,"Tennessee","Wayne County",3,12,159,76,83
050,47,181,"Tennessee","Wayne County",3,13,169,88,81
050,47,181,"Tennessee","Wayne County",3,14,177,96,81
050,47,181,"Tennessee","Wayne County",3,15,184,104,80
050,47,181,"Tennessee","Wayne County",3,16,181,101,80
050,47,181,"Tennessee","Wayne County",3,17,190,108,82
050,47,181,"Tennessee","Wayne County",3,18,143,79,64
050,47,181,"Tennessee","Wayne County",3,19,132,84,48
050,47,181,"Tennessee","Wayne County",3,20,148,88,60
050,47,181,"Tennessee","Wayne County",3,21,196,124,72
050,47,181,"Tennessee","Wayne County",3,22,201,126,75
050,47,181,"Tennessee","Wayne County",3,23,225,147,78
050,47,181,"Tennessee","Wayne County",3,24,206,138,68
050,47,181,"Tennessee","Wayne County",3,25,216,154,62
050,47,181,"Tennessee","Wayne County",3,26,219,161,58
050,47,181,"Tennessee","Wayne County",3,27,236,161,75
050,47,181,"Tennessee","Wayne County",3,28,233,158,75
050,47,181,"Tennessee","Wayne County",3,29,261,175,86
050,47,181,"Tennessee","Wayne County",3,30,254,168,86
050,47,181,"Tennessee","Wayne County",3,31,251,165,86
050,47,181,"Tennessee","Wayne County",3,32,247,161,86
050,47,181,"Tennessee","Wayne County",3,33,213,145,68
050,47,181,"Tennessee","Wayne County",3,34,219,148,71
050,47,181,"Tennessee","Wayne County",3,35,207,133,74
050,47,181,"Tennessee","Wayne County",3,36,219,129,90
050,47,181,"Tennessee","Wayne County",3,37,216,138,78
050,47,181,"Tennessee","Wayne County",3,38,213,138,75
050,47,181,"Tennessee","Wayne County",3,39,223,138,85
050,47,181,"Tennessee","Wayne County",3,40,225,137,88
050,47,181,"Tennessee","Wayne County",3,41,226,146,80
050,47,181,"Tennessee","Wayne County",3,42,228,141,87
050,47,181,"Tennessee","Wayne County",3,43,218,137,81
050,47,181,"Tennessee","Wayne County",3,44,211,131,80
050,47,181,"Tennessee","Wayne County",3,45,214,131,83
050,47,181,"Tennessee","Wayne County",3,46,228,139,89
050,47,181,"Tennessee","Wayne County",3,47,225,134,91
050,47,181,"Tennessee","Wayne County",3,48,217,129,88
050,47,181,"Tennessee","Wayne County",3,49,237,138,99
050,47,181,"Tennessee","Wayne County",3,50,239,134,105
050,47,181,"Tennessee","Wayne County",3,51,250,146,104
050,47,181,"Tennessee","Wayne County",3,52,240,125,115
050,47,181,"Tennessee","Wayne County",3,53,236,127,109
050,47,181,"Tennessee","Wayne County",3,54,244,132,112
050,47,181,"Tennessee","Wayne County",3,55,245,136,109
050,47,181,"Tennessee","Wayne County",3,56,260,140,120
050,47,181,"Tennessee","Wayne County",3,57,235,122,113
050,47,181,"Tennessee","Wayne County",3,58,248,131,117
050,47,181,"Tennessee","Wayne County",3,59,239,125,114
050,47,181,"Tennessee","Wayne County",3,60,245,124,121
050,47,181,"Tennessee","Wayne County",3,61,228,107,121
050,47,181,"Tennessee","Wayne County",3,62,230,117,113
050,47,181,"Tennessee","Wayne County",3,63,234,118,116
050,47,181,"Tennessee","Wayne County",3,64,218,109,109
050,47,181,"Tennessee","Wayne County",3,65,211,112,99
050,47,181,"Tennessee","Wayne County",3,66,196,102,94
050,47,181,"Tennessee","Wayne County",3,67,212,105,107
050,47,181,"Tennessee","Wayne County",3,68,199,92,107
050,47,181,"Tennessee","Wayne County",3,69,178,84,94
050,47,181,"Tennessee","Wayne County",3,70,166,82,84
050,47,181,"Tennessee","Wayne County",3,71,164,77,87
050,47,181,"Tennessee","Wayne County",3,72,183,84,99
050,47,181,"Tennessee","Wayne County",3,73,180,82,98
050,47,181,"Tennessee","Wayne County",3,74,185,88,97
050,47,181,"Tennessee","Wayne County",3,75,120,65,55
050,47,181,"Tennessee","Wayne County",3,76,126,60,66
050,47,181,"Tennessee","Wayne County",3,77,118,55,63
050,47,181,"Tennessee","Wayne County",3,78,125,56,69
050,47,181,"Tennessee","Wayne County",3,79,91,36,55
050,47,181,"Tennessee","Wayne County",3,80,81,40,41
050,47,181,"Tennessee","Wayne County",3,81,83,35,48
050,47,181,"Tennessee","Wayne County",3,82,74,27,47
050,47,181,"Tennessee","Wayne County",3,83,63,25,38
050,47,181,"Tennessee","Wayne County",3,84,63,25,38
050,47,181,"Tennessee","Wayne County",3,85,322,121,201
050,47,181,"Tennessee","Wayne County",4,0,135,74,61
050,47,181,"Tennessee","Wayne County",4,1,142,74,68
050,47,181,"Tennessee","Wayne County",4,2,140,77,63
050,47,181,"Tennessee","Wayne County",4,3,110,59,51
050,47,181,"Tennessee","Wayne County",4,4,127,58,69
050,47,181,"Tennessee","Wayne County",4,5,124,63,61
050,47,181,"Tennessee","Wayne County",4,6,136,72,64
050,47,181,"Tennessee","Wayne County",4,7,139,77,62
050,47,181,"Tennessee","Wayne County",4,8,145,83,62
050,47,181,"Tennessee","Wayne County",4,9,151,82,69
050,47,181,"Tennessee","Wayne County",4,10,140,70,70
050,47,181,"Tennessee","Wayne County",4,11,140,74,66
050,47,181,"Tennessee","Wayne County",4,12,140,77,63
050,47,181,"Tennessee","Wayne County",4,13,161,76,85
050,47,181,"Tennessee","Wayne County",4,14,177,91,86
050,47,181,"Tennessee","Wayne County",4,15,181,101,80
050,47,181,"Tennessee","Wayne County",4,16,183,105,78
050,47,181,"Tennessee","Wayne County",4,17,202,122,80
050,47,181,"Tennessee","Wayne County",4,18,145,80,65
050,47,181,"Tennessee","Wayne County",4,19,119,71,48
050,47,181,"Tennessee","Wayne County",4,20,138,82,56
050,47,181,"Tennessee","Wayne County",4,21,182,115,67
050,47,181,"Tennessee","Wayne County",4,22,196,122,74
050,47,181,"Tennessee","Wayne County",4,23,223,143,80
050,47,181,"Tennessee","Wayne County",4,24,215,138,77
050,47,181,"Tennessee","Wayne County",4,25,202,143,59
050,47,181,"Tennessee","Wayne County",4,26,211,146,65
050,47,181,"Tennessee","Wayne County",4,27,223,163,60
050,47,181,"Tennessee","Wayne County",4,28,230,153,77
050,47,181,"Tennessee","Wayne County",4,29,236,164,72
050,47,181,"Tennessee","Wayne County",4,30,251,164,87
050,47,181,"Tennessee","Wayne County",4,31,258,174,84
050,47,181,"Tennessee","Wayne County",4,32,243,158,85
050,47,181,"Tennessee","Wayne County",4,33,242,158,84
050,47,181,"Tennessee","Wayne County",4,34,230,158,72
050,47,181,"Tennessee","Wayne County",4,35,207,129,78
050,47,181,"Tennessee","Wayne County",4,36,212,129,83
050,47,181,"Tennessee","Wayne County",4,37,222,137,85
050,47,181,"Tennessee","Wayne County",4,38,222,142,80
050,47,181,"Tennessee","Wayne County",4,39,222,139,83
050,47,181,"Tennessee","Wayne County",4,40,224,138,86
050,47,181,"Tennessee","Wayne County",4,41,218,131,87
050,47,181,"Tennessee","Wayne County",4,42,214,137,77
050,47,181,"Tennessee","Wayne County",4,43,231,144,87
050,47,181,"Tennessee","Wayne County",4,44,212,124,88
050,47,181,"Tennessee","Wayne County",4,45,221,141,80
050,47,181,"Tennessee","Wayne County",4,46,217,128,89
050,47,181,"Tennessee","Wayne County",4,47,226,137,89
050,47,181,"Tennessee","Wayne County",4,48,209,120,89
050,47,181,"Tennessee","Wayne County",4,49,228,135,93
050,47,181,"Tennessee","Wayne County",4,50,239,142,97
050,47,181,"Tennessee","Wayne County",4,51,232,125,107
050,47,181,"Tennessee","Wayne County",4,52,229,128,101
050,47,181,"Tennessee","Wayne County",4,53,247,126,121
050,47,181,"Tennessee","Wayne County",4,54,244,133,111
050,47,181,"Tennessee","Wayne County",4,55,232,119,113
050,47,181,"Tennessee","Wayne County",4,56,265,154,111
050,47,181,"Tennessee","Wayne County",4,57,257,131,126
050,47,181,"Tennessee","Wayne County",4,58,242,126,116
050,47,181,"Tennessee","Wayne County",4,59,248,126,122
050,47,181,"Tennessee","Wayne County",4,60,245,126,119
050,47,181,"Tennessee","Wayne County",4,61,231,111,120
050,47,181,"Tennessee","Wayne County",4,62,233,115,118
050,47,181,"Tennessee","Wayne County",4,63,223,110,113
050,47,181,"Tennessee","Wayne County",4,64,234,118,116
050,47,181,"Tennessee","Wayne County",4,65,219,109,110
050,47,181,"Tennessee","Wayne County",4,66,214,113,101
050,47,181,"Tennessee","Wayne County",4,67,197,104,93
050,47,181,"Tennessee","Wayne County",4,68,201,97,104
050,47,181,"Tennessee","Wayne County",4,69,192,88,104
050,47,181,"Tennessee","Wayne County",4,70,179,83,96
050,47,181,"Tennessee","Wayne County",4,71,159,78,81
050,47,181,"Tennessee","Wayne County",4,72,156,77,79
050,47,181,"Tennessee","Wayne County",4,73,172,77,95
050,47,181,"Tennessee","Wayne County",4,74,168,75,93
050,47,181,"Tennessee","Wayne County",4,75,170,81,89
050,47,181,"Tennessee","Wayne County",4,76,118,60,58
050,47,181,"Tennessee","Wayne County",4,77,122,57,65
050,47,181,"Tennessee","Wayne County",4,78,106,52,54
050,47,181,"Tennessee","Wayne County",4,79,123,54,69
050,47,181,"Tennessee","Wayne County",4,80,89,37,52
050,47,181,"Tennessee","Wayne County",4,81,68,32,36
050,47,181,"Tennessee","Wayne County",4,82,74,31,43
050,47,181,"Tennessee","Wayne County",4,83,63,25,38
050,47,181,"Tennessee","Wayne County",4,84,55,20,35
050,47,181,"Tennessee","Wayne County",4,85,318,114,204
050,47,181,"Tennessee","Wayne County",5,0,144,78,66
050,47,181,"Tennessee","Wayne County",5,1,144,74,70
050,47,181,"Tennessee","Wayne County",5,2,155,85,70
050,47,181,"Tennessee","Wayne County",5,3,143,77,66
050,47,181,"Tennessee","Wayne County",5,4,108,59,49
050,47,181,"Tennessee","Wayne County",5,5,128,58,70
050,47,181,"Tennessee","Wayne County",5,6,132,67,65
050,47,181,"Tennessee","Wayne County",5,7,140,75,65
050,47,181,"Tennessee","Wayne County",5,8,134,71,63
050,47,181,"Tennessee","Wayne County",5,9,145,82,63
050,47,181,"Tennessee","Wayne County",5,10,143,74,69
050,47,181,"Tennessee","Wayne County",5,11,145,71,74
050,47,181,"Tennessee","Wayne County",5,12,144,78,66
050,47,181,"Tennessee","Wayne County",5,13,138,74,64
050,47,181,"Tennessee","Wayne County",5,14,156,80,76
050,47,181,"Tennessee","Wayne County",5,15,191,97,94
050,47,181,"Tennessee","Wayne County",5,16,182,101,81
050,47,181,"Tennessee","Wayne County",5,17,201,123,78
050,47,181,"Tennessee","Wayne County",5,18,158,90,68
050,47,181,"Tennessee","Wayne County",5,19,126,73,53
050,47,181,"Tennessee","Wayne County",5,20,127,74,53
050,47,181,"Tennessee","Wayne County",5,21,165,103,62
050,47,181,"Tennessee","Wayne County",5,22,192,115,77
050,47,181,"Tennessee","Wayne County",5,23,208,133,75
050,47,181,"Tennessee","Wayne County",5,24,220,139,81
050,47,181,"Tennessee","Wayne County",5,25,207,130,77
050,47,181,"Tennessee","Wayne County",5,26,194,136,58
050,47,181,"Tennessee","Wayne County",5,27,211,143,68
050,47,181,"Tennessee","Wayne County",5,28,208,153,55
050,47,181,"Tennessee","Wayne County",5,29,224,145,79
050,47,181,"Tennessee","Wayne County",5,30,212,138,74
050,47,181,"Tennessee","Wayne County",5,31,250,164,86
050,47,181,"Tennessee","Wayne County",5,32,249,164,85
050,47,181,"Tennessee","Wayne County",5,33,222,135,87
050,47,181,"Tennessee","Wayne County",5,34,240,154,86
050,47,181,"Tennessee","Wayne County",5,35,220,139,81
050,47,181,"Tennessee","Wayne County",5,36,198,119,79
050,47,181,"Tennessee","Wayne County",5,37,211,134,77
050,47,181,"Tennessee","Wayne County",5,38,221,135,86
050,47,181,"Tennessee","Wayne County",5,39,213,134,79
050,47,181,"Tennessee","Wayne County",5,40,219,136,83
050,47,181,"Tennessee","Wayne County",5,41,209,125,84
050,47,181,"Tennessee","Wayne County",5,42,205,113,92
050,47,181,"Tennessee","Wayne County",5,43,216,137,79
050,47,181,"Tennessee","Wayne County",5,44,223,129,94
050,47,181,"Tennessee","Wayne County",5,45,215,128,87
050,47,181,"Tennessee","Wayne County",5,46,223,137,86
050,47,181,"Tennessee","Wayne County",5,47,213,125,88
050,47,181,"Tennessee","Wayne County",5,48,205,118,87
050,47,181,"Tennessee","Wayne County",5,49,209,113,96
050,47,181,"Tennessee","Wayne County",5,50,231,137,94
050,47,181,"Tennessee","Wayne County",5,51,226,129,97
050,47,181,"Tennessee","Wayne County",5,52,209,105,104
050,47,181,"Tennessee","Wayne County",5,53,230,126,104
050,47,181,"Tennessee","Wayne County",5,54,249,124,125
050,47,181,"Tennessee","Wayne County",5,55,234,119,115
050,47,181,"Tennessee","Wayne County",5,56,233,121,112
050,47,181,"Tennessee","Wayne County",5,57,248,141,107
050,47,181,"Tennessee","Wayne County",5,58,258,134,124
050,47,181,"Tennessee","Wayne County",5,59,227,117,110
050,47,181,"Tennessee","Wayne County",5,60,263,137,126
050,47,181,"Tennessee","Wayne County",5,61,245,125,120
050,47,181,"Tennessee","Wayne County",5,62,240,117,123
050,47,181,"Tennessee","Wayne County",5,63,234,111,123
050,47,181,"Tennessee","Wayne County",5,64,224,112,112
050,47,181,"Tennessee","Wayne County",5,65,236,116,120
050,47,181,"Tennessee","Wayne County",5,66,218,108,110
050,47,181,"Tennessee","Wayne County",5,67,212,112,100
050,47,181,"Tennessee","Wayne County",5,68,183,92,91
050,47,181,"Tennessee","Wayne County",5,69,198,90,108
050,47,181,"Tennessee","Wayne County",5,70,189,87,102
050,47,181,"Tennessee","Wayne County",5,71,173,80,93
050,47,181,"Tennessee","Wayne County",5,72,159,79,80
050,47,181,"Tennessee","Wayne County",5,73,147,72,75
050,47,181,"Tennessee","Wayne County",5,74,164,70,94
050,47,181,"Tennessee","Wayne County",5,75,159,74,85
050,47,181,"Tennessee","Wayne County",5,76,165,78,87
050,47,181,"Tennessee","Wayne County",5,77,111,57,54
050,47,181,"Tennessee","Wayne County",5,78,115,56,59
050,47,181,"Tennessee","Wayne County",5,79,102,50,52
050,47,181,"Tennessee","Wayne County",5,80,121,55,66
050,47,181,"Tennessee","Wayne County",5,81,77,30,47
050,47,181,"Tennessee","Wayne County",5,82,64,29,35
050,47,181,"Tennessee","Wayne County",5,83,61,29,32
050,47,181,"Tennessee","Wayne County",5,84,53,20,33
050,47,181,"Tennessee","Wayne County",5,85,322,113,209
050,47,183,"Tennessee","Weakley County",1,0,312,160,152
050,47,183,"Tennessee","Weakley County",1,1,335,176,159
050,47,183,"Tennessee","Weakley County",1,2,299,162,137
050,47,183,"Tennessee","Weakley County",1,3,334,167,167
050,47,183,"Tennessee","Weakley County",1,4,328,158,170
050,47,183,"Tennessee","Weakley County",1,5,344,185,159
050,47,183,"Tennessee","Weakley County",1,6,324,171,153
050,47,183,"Tennessee","Weakley County",1,7,327,178,149
050,47,183,"Tennessee","Weakley County",1,8,366,204,162
050,47,183,"Tennessee","Weakley County",1,9,356,175,181
050,47,183,"Tennessee","Weakley County",1,10,389,195,194
050,47,183,"Tennessee","Weakley County",1,11,376,198,178
050,47,183,"Tennessee","Weakley County",1,12,366,187,179
050,47,183,"Tennessee","Weakley County",1,13,357,185,172
050,47,183,"Tennessee","Weakley County",1,14,359,188,171
050,47,183,"Tennessee","Weakley County",1,15,353,186,167
050,47,183,"Tennessee","Weakley County",1,16,386,208,178
050,47,183,"Tennessee","Weakley County",1,17,374,192,182
050,47,183,"Tennessee","Weakley County",1,18,615,290,325
050,47,183,"Tennessee","Weakley County",1,19,1004,439,565
050,47,183,"Tennessee","Weakley County",1,20,906,437,469
050,47,183,"Tennessee","Weakley County",1,21,974,501,473
050,47,183,"Tennessee","Weakley County",1,22,971,439,532
050,47,183,"Tennessee","Weakley County",1,23,641,346,295
050,47,183,"Tennessee","Weakley County",1,24,497,263,234
050,47,183,"Tennessee","Weakley County",1,25,442,238,204
050,47,183,"Tennessee","Weakley County",1,26,429,231,198
050,47,183,"Tennessee","Weakley County",1,27,381,199,182
050,47,183,"Tennessee","Weakley County",1,28,383,199,184
050,47,183,"Tennessee","Weakley County",1,29,381,190,191
050,47,183,"Tennessee","Weakley County",1,30,394,195,199
050,47,183,"Tennessee","Weakley County",1,31,356,191,165
050,47,183,"Tennessee","Weakley County",1,32,302,170,132
050,47,183,"Tennessee","Weakley County",1,33,310,158,152
050,47,183,"Tennessee","Weakley County",1,34,313,156,157
050,47,183,"Tennessee","Weakley County",1,35,332,167,165
050,47,183,"Tennessee","Weakley County",1,36,332,159,173
050,47,183,"Tennessee","Weakley County",1,37,323,154,169
050,47,183,"Tennessee","Weakley County",1,38,332,161,171
050,47,183,"Tennessee","Weakley County",1,39,360,175,185
050,47,183,"Tennessee","Weakley County",1,40,365,176,189
050,47,183,"Tennessee","Weakley County",1,41,354,177,177
050,47,183,"Tennessee","Weakley County",1,42,336,165,171
050,47,183,"Tennessee","Weakley County",1,43,346,176,170
050,47,183,"Tennessee","Weakley County",1,44,322,156,166
050,47,183,"Tennessee","Weakley County",1,45,339,175,164
050,47,183,"Tennessee","Weakley County",1,46,333,166,167
050,47,183,"Tennessee","Weakley County",1,47,338,163,175
050,47,183,"Tennessee","Weakley County",1,48,367,174,193
050,47,183,"Tennessee","Weakley County",1,49,417,197,220
050,47,183,"Tennessee","Weakley County",1,50,421,212,209
050,47,183,"Tennessee","Weakley County",1,51,413,207,206
050,47,183,"Tennessee","Weakley County",1,52,357,185,172
050,47,183,"Tennessee","Weakley County",1,53,391,191,200
050,47,183,"Tennessee","Weakley County",1,54,411,206,205
050,47,183,"Tennessee","Weakley County",1,55,432,213,219
050,47,183,"Tennessee","Weakley County",1,56,437,201,236
050,47,183,"Tennessee","Weakley County",1,57,437,208,229
050,47,183,"Tennessee","Weakley County",1,58,405,205,200
050,47,183,"Tennessee","Weakley County",1,59,422,210,212
050,47,183,"Tennessee","Weakley County",1,60,396,202,194
050,47,183,"Tennessee","Weakley County",1,61,428,211,217
050,47,183,"Tennessee","Weakley County",1,62,397,194,203
050,47,183,"Tennessee","Weakley County",1,63,398,196,202
050,47,183,"Tennessee","Weakley County",1,64,394,192,202
050,47,183,"Tennessee","Weakley County",1,65,390,186,204
050,47,183,"Tennessee","Weakley County",1,66,386,190,196
050,47,183,"Tennessee","Weakley County",1,67,391,179,212
050,47,183,"Tennessee","Weakley County",1,68,352,162,190
050,47,183,"Tennessee","Weakley County",1,69,344,168,176
050,47,183,"Tennessee","Weakley County",1,70,343,163,180
050,47,183,"Tennessee","Weakley County",1,71,354,161,193
050,47,183,"Tennessee","Weakley County",1,72,341,157,184
050,47,183,"Tennessee","Weakley County",1,73,344,160,184
050,47,183,"Tennessee","Weakley County",1,74,231,106,125
050,47,183,"Tennessee","Weakley County",1,75,251,124,127
050,47,183,"Tennessee","Weakley County",1,76,248,118,130
050,47,183,"Tennessee","Weakley County",1,77,226,97,129
050,47,183,"Tennessee","Weakley County",1,78,178,77,101
050,47,183,"Tennessee","Weakley County",1,79,190,80,110
050,47,183,"Tennessee","Weakley County",1,80,181,74,107
050,47,183,"Tennessee","Weakley County",1,81,152,66,86
050,47,183,"Tennessee","Weakley County",1,82,147,62,85
050,47,183,"Tennessee","Weakley County",1,83,126,54,72
050,47,183,"Tennessee","Weakley County",1,84,118,50,68
050,47,183,"Tennessee","Weakley County",1,85,691,231,460
050,47,183,"Tennessee","Weakley County",2,0,307,151,156
050,47,183,"Tennessee","Weakley County",2,1,325,170,155
050,47,183,"Tennessee","Weakley County",2,2,308,165,143
050,47,183,"Tennessee","Weakley County",2,3,321,164,157
050,47,183,"Tennessee","Weakley County",2,4,327,160,167
050,47,183,"Tennessee","Weakley County",2,5,339,176,163
050,47,183,"Tennessee","Weakley County",2,6,328,175,153
050,47,183,"Tennessee","Weakley County",2,7,327,177,150
050,47,183,"Tennessee","Weakley County",2,8,358,199,159
050,47,183,"Tennessee","Weakley County",2,9,359,183,176
050,47,183,"Tennessee","Weakley County",2,10,383,192,191
050,47,183,"Tennessee","Weakley County",2,11,377,197,180
050,47,183,"Tennessee","Weakley County",2,12,372,191,181
050,47,183,"Tennessee","Weakley County",2,13,359,185,174
050,47,183,"Tennessee","Weakley County",2,14,358,187,171
050,47,183,"Tennessee","Weakley County",2,15,354,185,169
050,47,183,"Tennessee","Weakley County",2,16,377,202,175
050,47,183,"Tennessee","Weakley County",2,17,378,195,183
050,47,183,"Tennessee","Weakley County",2,18,620,294,326
050,47,183,"Tennessee","Weakley County",2,19,999,436,563
050,47,183,"Tennessee","Weakley County",2,20,908,439,469
050,47,183,"Tennessee","Weakley County",2,21,980,503,477
050,47,183,"Tennessee","Weakley County",2,22,970,438,532
050,47,183,"Tennessee","Weakley County",2,23,635,342,293
050,47,183,"Tennessee","Weakley County",2,24,502,265,237
050,47,183,"Tennessee","Weakley County",2,25,442,238,204
050,47,183,"Tennessee","Weakley County",2,26,431,233,198
050,47,183,"Tennessee","Weakley County",2,27,381,198,183
050,47,183,"Tennessee","Weakley County",2,28,383,198,185
050,47,183,"Tennessee","Weakley County",2,29,382,193,189
050,47,183,"Tennessee","Weakley County",2,30,394,197,197
050,47,183,"Tennessee","Weakley County",2,31,366,194,172
050,47,183,"Tennessee","Weakley County",2,32,312,172,140
050,47,183,"Tennessee","Weakley County",2,33,309,161,148
050,47,183,"Tennessee","Weakley County",2,34,314,157,157
050,47,183,"Tennessee","Weakley County",2,35,330,165,165
050,47,183,"Tennessee","Weakley County",2,36,327,159,168
050,47,183,"Tennessee","Weakley County",2,37,328,157,171
050,47,183,"Tennessee","Weakley County",2,38,330,158,172
050,47,183,"Tennessee","Weakley County",2,39,351,170,181
050,47,183,"Tennessee","Weakley County",2,40,367,178,189
050,47,183,"Tennessee","Weakley County",2,41,358,176,182
050,47,183,"Tennessee","Weakley County",2,42,338,169,169
050,47,183,"Tennessee","Weakley County",2,43,348,176,172
050,47,183,"Tennessee","Weakley County",2,44,322,157,165
050,47,183,"Tennessee","Weakley County",2,45,335,171,164
050,47,183,"Tennessee","Weakley County",2,46,336,170,166
050,47,183,"Tennessee","Weakley County",2,47,334,161,173
050,47,183,"Tennessee","Weakley County",2,48,359,172,187
050,47,183,"Tennessee","Weakley County",2,49,408,194,214
050,47,183,"Tennessee","Weakley County",2,50,426,212,214
050,47,183,"Tennessee","Weakley County",2,51,410,204,206
050,47,183,"Tennessee","Weakley County",2,52,370,190,180
050,47,183,"Tennessee","Weakley County",2,53,381,189,192
050,47,183,"Tennessee","Weakley County",2,54,407,204,203
050,47,183,"Tennessee","Weakley County",2,55,427,211,216
050,47,183,"Tennessee","Weakley County",2,56,436,204,232
050,47,183,"Tennessee","Weakley County",2,57,438,205,233
050,47,183,"Tennessee","Weakley County",2,58,413,206,207
050,47,183,"Tennessee","Weakley County",2,59,421,211,210
050,47,183,"Tennessee","Weakley County",2,60,402,203,199
050,47,183,"Tennessee","Weakley County",2,61,419,208,211
050,47,183,"Tennessee","Weakley County",2,62,403,196,207
050,47,183,"Tennessee","Weakley County",2,63,401,197,204
050,47,183,"Tennessee","Weakley County",2,64,389,189,200
050,47,183,"Tennessee","Weakley County",2,65,390,187,203
050,47,183,"Tennessee","Weakley County",2,66,388,189,199
050,47,183,"Tennessee","Weakley County",2,67,380,176,204
050,47,183,"Tennessee","Weakley County",2,68,356,164,192
050,47,183,"Tennessee","Weakley County",2,69,349,168,181
050,47,183,"Tennessee","Weakley County",2,70,339,164,175
050,47,183,"Tennessee","Weakley County",2,71,351,160,191
050,47,183,"Tennessee","Weakley County",2,72,335,153,182
050,47,183,"Tennessee","Weakley County",2,73,359,169,190
050,47,183,"Tennessee","Weakley County",2,74,240,111,129
050,47,183,"Tennessee","Weakley County",2,75,248,121,127
050,47,183,"Tennessee","Weakley County",2,76,243,115,128
050,47,183,"Tennessee","Weakley County",2,77,235,104,131
050,47,183,"Tennessee","Weakley County",2,78,183,79,104
050,47,183,"Tennessee","Weakley County",2,79,185,78,107
050,47,183,"Tennessee","Weakley County",2,80,182,73,109
050,47,183,"Tennessee","Weakley County",2,81,157,67,90
050,47,183,"Tennessee","Weakley County",2,82,148,61,87
050,47,183,"Tennessee","Weakley County",2,83,128,55,73
050,47,183,"Tennessee","Weakley County",2,84,114,51,63
050,47,183,"Tennessee","Weakley County",2,85,694,234,460
050,47,183,"Tennessee","Weakley County",3,0,333,175,158
050,47,183,"Tennessee","Weakley County",3,1,307,151,156
050,47,183,"Tennessee","Weakley County",3,2,333,175,158
050,47,183,"Tennessee","Weakley County",3,3,317,166,151
050,47,183,"Tennessee","Weakley County",3,4,327,169,158
050,47,183,"Tennessee","Weakley County",3,5,337,172,165
050,47,183,"Tennessee","Weakley County",3,6,327,169,158
050,47,183,"Tennessee","Weakley County",3,7,322,173,149
050,47,183,"Tennessee","Weakley County",3,8,334,179,155
050,47,183,"Tennessee","Weakley County",3,9,348,191,157
050,47,183,"Tennessee","Weakley County",3,10,356,186,170
050,47,183,"Tennessee","Weakley County",3,11,374,185,189
050,47,183,"Tennessee","Weakley County",3,12,376,191,185
050,47,183,"Tennessee","Weakley County",3,13,371,192,179
050,47,183,"Tennessee","Weakley County",3,14,347,175,172
050,47,183,"Tennessee","Weakley County",3,15,355,188,167
050,47,183,"Tennessee","Weakley County",3,16,369,198,171
050,47,183,"Tennessee","Weakley County",3,17,376,202,174
050,47,183,"Tennessee","Weakley County",3,18,621,298,323
050,47,183,"Tennessee","Weakley County",3,19,957,411,546
050,47,183,"Tennessee","Weakley County",3,20,892,426,466
050,47,183,"Tennessee","Weakley County",3,21,993,506,487
050,47,183,"Tennessee","Weakley County",3,22,972,438,534
050,47,183,"Tennessee","Weakley County",3,23,644,348,296
050,47,183,"Tennessee","Weakley County",3,24,519,261,258
050,47,183,"Tennessee","Weakley County",3,25,440,235,205
050,47,183,"Tennessee","Weakley County",3,26,417,235,182
050,47,183,"Tennessee","Weakley County",3,27,390,205,185
050,47,183,"Tennessee","Weakley County",3,28,361,184,177
050,47,183,"Tennessee","Weakley County",3,29,365,194,171
050,47,183,"Tennessee","Weakley County",3,30,386,185,201
050,47,183,"Tennessee","Weakley County",3,31,379,196,183
050,47,183,"Tennessee","Weakley County",3,32,359,181,178
050,47,183,"Tennessee","Weakley County",3,33,318,170,148
050,47,183,"Tennessee","Weakley County",3,34,314,162,152
050,47,183,"Tennessee","Weakley County",3,35,311,150,161
050,47,183,"Tennessee","Weakley County",3,36,344,171,173
050,47,183,"Tennessee","Weakley County",3,37,337,167,170
050,47,183,"Tennessee","Weakley County",3,38,327,152,175
050,47,183,"Tennessee","Weakley County",3,39,334,160,174
050,47,183,"Tennessee","Weakley County",3,40,361,171,190
050,47,183,"Tennessee","Weakley County",3,41,377,183,194
050,47,183,"Tennessee","Weakley County",3,42,342,174,168
050,47,183,"Tennessee","Weakley County",3,43,342,171,171
050,47,183,"Tennessee","Weakley County",3,44,359,184,175
050,47,183,"Tennessee","Weakley County",3,45,338,164,174
050,47,183,"Tennessee","Weakley County",3,46,340,178,162
050,47,183,"Tennessee","Weakley County",3,47,328,163,165
050,47,183,"Tennessee","Weakley County",3,48,324,157,167
050,47,183,"Tennessee","Weakley County",3,49,356,165,191
050,47,183,"Tennessee","Weakley County",3,50,413,191,222
050,47,183,"Tennessee","Weakley County",3,51,422,207,215
050,47,183,"Tennessee","Weakley County",3,52,410,211,199
050,47,183,"Tennessee","Weakley County",3,53,375,191,184
050,47,183,"Tennessee","Weakley County",3,54,386,193,193
050,47,183,"Tennessee","Weakley County",3,55,400,199,201
050,47,183,"Tennessee","Weakley County",3,56,443,227,216
050,47,183,"Tennessee","Weakley County",3,57,438,205,233
050,47,183,"Tennessee","Weakley County",3,58,438,203,235
050,47,183,"Tennessee","Weakley County",3,59,419,208,211
050,47,183,"Tennessee","Weakley County",3,60,436,220,216
050,47,183,"Tennessee","Weakley County",3,61,396,200,196
050,47,183,"Tennessee","Weakley County",3,62,421,207,214
050,47,183,"Tennessee","Weakley County",3,63,406,203,203
050,47,183,"Tennessee","Weakley County",3,64,399,198,201
050,47,183,"Tennessee","Weakley County",3,65,381,186,195
050,47,183,"Tennessee","Weakley County",3,66,377,178,199
050,47,183,"Tennessee","Weakley County",3,67,379,182,197
050,47,183,"Tennessee","Weakley County",3,68,379,178,201
050,47,183,"Tennessee","Weakley County",3,69,342,155,187
050,47,183,"Tennessee","Weakley County",3,70,344,162,182
050,47,183,"Tennessee","Weakley County",3,71,322,157,165
050,47,183,"Tennessee","Weakley County",3,72,336,150,186
050,47,183,"Tennessee","Weakley County",3,73,321,145,176
050,47,183,"Tennessee","Weakley County",3,74,344,163,181
050,47,183,"Tennessee","Weakley County",3,75,227,104,123
050,47,183,"Tennessee","Weakley County",3,76,230,110,120
050,47,183,"Tennessee","Weakley County",3,77,241,113,128
050,47,183,"Tennessee","Weakley County",3,78,224,98,126
050,47,183,"Tennessee","Weakley County",3,79,175,73,102
050,47,183,"Tennessee","Weakley County",3,80,177,74,103
050,47,183,"Tennessee","Weakley County",3,81,162,66,96
050,47,183,"Tennessee","Weakley County",3,82,141,55,86
050,47,183,"Tennessee","Weakley County",3,83,137,60,77
050,47,183,"Tennessee","Weakley County",3,84,111,50,61
050,47,183,"Tennessee","Weakley County",3,85,675,245,430
050,47,183,"Tennessee","Weakley County",4,0,333,178,155
050,47,183,"Tennessee","Weakley County",4,1,326,163,163
050,47,183,"Tennessee","Weakley County",4,2,314,153,161
050,47,183,"Tennessee","Weakley County",4,3,337,175,162
050,47,183,"Tennessee","Weakley County",4,4,325,172,153
050,47,183,"Tennessee","Weakley County",4,5,332,176,156
050,47,183,"Tennessee","Weakley County",4,6,335,163,172
050,47,183,"Tennessee","Weakley County",4,7,337,173,164
050,47,183,"Tennessee","Weakley County",4,8,330,184,146
050,47,183,"Tennessee","Weakley County",4,9,331,178,153
050,47,183,"Tennessee","Weakley County",4,10,355,196,159
050,47,183,"Tennessee","Weakley County",4,11,345,188,157
050,47,183,"Tennessee","Weakley County",4,12,379,181,198
050,47,183,"Tennessee","Weakley County",4,13,384,193,191
050,47,183,"Tennessee","Weakley County",4,14,383,201,182
050,47,183,"Tennessee","Weakley County",4,15,346,172,174
050,47,183,"Tennessee","Weakley County",4,16,370,204,166
050,47,183,"Tennessee","Weakley County",4,17,369,197,172
050,47,183,"Tennessee","Weakley County",4,18,624,310,314
050,47,183,"Tennessee","Weakley County",4,19,987,436,551
050,47,183,"Tennessee","Weakley County",4,20,882,416,466
050,47,183,"Tennessee","Weakley County",4,21,1025,524,501
050,47,183,"Tennessee","Weakley County",4,22,1005,441,564
050,47,183,"Tennessee","Weakley County",4,23,658,351,307
050,47,183,"Tennessee","Weakley County",4,24,511,266,245
050,47,183,"Tennessee","Weakley County",4,25,454,247,207
050,47,183,"Tennessee","Weakley County",4,26,423,236,187
050,47,183,"Tennessee","Weakley County",4,27,360,193,167
050,47,183,"Tennessee","Weakley County",4,28,385,206,179
050,47,183,"Tennessee","Weakley County",4,29,358,187,171
050,47,183,"Tennessee","Weakley County",4,30,357,182,175
050,47,183,"Tennessee","Weakley County",4,31,378,189,189
050,47,183,"Tennessee","Weakley County",4,32,383,195,188
050,47,183,"Tennessee","Weakley County",4,33,363,181,182
050,47,183,"Tennessee","Weakley County",4,34,308,168,140
050,47,183,"Tennessee","Weakley County",4,35,331,171,160
050,47,183,"Tennessee","Weakley County",4,36,307,151,156
050,47,183,"Tennessee","Weakley County",4,37,356,180,176
050,47,183,"Tennessee","Weakley County",4,38,330,163,167
050,47,183,"Tennessee","Weakley County",4,39,341,158,183
050,47,183,"Tennessee","Weakley County",4,40,332,157,175
050,47,183,"Tennessee","Weakley County",4,41,366,171,195
050,47,183,"Tennessee","Weakley County",4,42,384,193,191
050,47,183,"Tennessee","Weakley County",4,43,360,186,174
050,47,183,"Tennessee","Weakley County",4,44,335,165,170
050,47,183,"Tennessee","Weakley County",4,45,367,187,180
050,47,183,"Tennessee","Weakley County",4,46,344,172,172
050,47,183,"Tennessee","Weakley County",4,47,337,168,169
050,47,183,"Tennessee","Weakley County",4,48,331,170,161
050,47,183,"Tennessee","Weakley County",4,49,307,147,160
050,47,183,"Tennessee","Weakley County",4,50,371,176,195
050,47,183,"Tennessee","Weakley County",4,51,409,189,220
050,47,183,"Tennessee","Weakley County",4,52,414,202,212
050,47,183,"Tennessee","Weakley County",4,53,388,194,194
050,47,183,"Tennessee","Weakley County",4,54,375,198,177
050,47,183,"Tennessee","Weakley County",4,55,382,188,194
050,47,183,"Tennessee","Weakley County",4,56,413,209,204
050,47,183,"Tennessee","Weakley County",4,57,437,225,212
050,47,183,"Tennessee","Weakley County",4,58,435,205,230
050,47,183,"Tennessee","Weakley County",4,59,443,202,241
050,47,183,"Tennessee","Weakley County",4,60,421,211,210
050,47,183,"Tennessee","Weakley County",4,61,422,208,214
050,47,183,"Tennessee","Weakley County",4,62,401,204,197
050,47,183,"Tennessee","Weakley County",4,63,422,209,213
050,47,183,"Tennessee","Weakley County",4,64,401,200,201
050,47,183,"Tennessee","Weakley County",4,65,391,192,199
050,47,183,"Tennessee","Weakley County",4,66,382,184,198
050,47,183,"Tennessee","Weakley County",4,67,368,170,198
050,47,183,"Tennessee","Weakley County",4,68,369,178,191
050,47,183,"Tennessee","Weakley County",4,69,375,178,197
050,47,183,"Tennessee","Weakley County",4,70,328,150,178
050,47,183,"Tennessee","Weakley County",4,71,334,156,178
050,47,183,"Tennessee","Weakley County",4,72,320,150,170
050,47,183,"Tennessee","Weakley County",4,73,326,148,178
050,47,183,"Tennessee","Weakley County",4,74,305,140,165
050,47,183,"Tennessee","Weakley County",4,75,336,162,174
050,47,183,"Tennessee","Weakley County",4,76,215,95,120
050,47,183,"Tennessee","Weakley County",4,77,225,104,121
050,47,183,"Tennessee","Weakley County",4,78,232,109,123
050,47,183,"Tennessee","Weakley County",4,79,212,92,120
050,47,183,"Tennessee","Weakley County",4,80,161,68,93
050,47,183,"Tennessee","Weakley County",4,81,153,63,90
050,47,183,"Tennessee","Weakley County",4,82,149,55,94
050,47,183,"Tennessee","Weakley County",4,83,127,51,76
050,47,183,"Tennessee","Weakley County",4,84,131,61,70
050,47,183,"Tennessee","Weakley County",4,85,650,243,407
050,47,183,"Tennessee","Weakley County",5,0,338,182,156
050,47,183,"Tennessee","Weakley County",5,1,330,179,151
050,47,183,"Tennessee","Weakley County",5,2,332,161,171
050,47,183,"Tennessee","Weakley County",5,3,310,157,153
050,47,183,"Tennessee","Weakley County",5,4,329,174,155
050,47,183,"Tennessee","Weakley County",5,5,337,181,156
050,47,183,"Tennessee","Weakley County",5,6,324,172,152
050,47,183,"Tennessee","Weakley County",5,7,345,167,178
050,47,183,"Tennessee","Weakley County",5,8,336,175,161
050,47,183,"Tennessee","Weakley County",5,9,318,174,144
050,47,183,"Tennessee","Weakley County",5,10,336,184,152
050,47,183,"Tennessee","Weakley County",5,11,357,198,159
050,47,183,"Tennessee","Weakley County",5,12,350,187,163
050,47,183,"Tennessee","Weakley County",5,13,369,175,194
050,47,183,"Tennessee","Weakley County",5,14,394,192,202
050,47,183,"Tennessee","Weakley County",5,15,389,208,181
050,47,183,"Tennessee","Weakley County",5,16,344,173,171
050,47,183,"Tennessee","Weakley County",5,17,376,207,169
050,47,183,"Tennessee","Weakley County",5,18,639,310,329
050,47,183,"Tennessee","Weakley County",5,19,1011,453,558
050,47,183,"Tennessee","Weakley County",5,20,888,431,457
050,47,183,"Tennessee","Weakley County",5,21,978,495,483
050,47,183,"Tennessee","Weakley County",5,22,1018,456,562
050,47,183,"Tennessee","Weakley County",5,23,665,348,317
050,47,183,"Tennessee","Weakley County",5,24,538,265,273
050,47,183,"Tennessee","Weakley County",5,25,435,231,204
050,47,183,"Tennessee","Weakley County",5,26,455,245,210
050,47,183,"Tennessee","Weakley County",5,27,381,194,187
050,47,183,"Tennessee","Weakley County",5,28,363,190,173
050,47,183,"Tennessee","Weakley County",5,29,371,205,166
050,47,183,"Tennessee","Weakley County",5,30,356,182,174
050,47,183,"Tennessee","Weakley County",5,31,359,185,174
050,47,183,"Tennessee","Weakley County",5,32,359,173,186
050,47,183,"Tennessee","Weakley County",5,33,386,201,185
050,47,183,"Tennessee","Weakley County",5,34,351,177,174
050,47,183,"Tennessee","Weakley County",5,35,311,168,143
050,47,183,"Tennessee","Weakley County",5,36,324,163,161
050,47,183,"Tennessee","Weakley County",5,37,328,155,173
050,47,183,"Tennessee","Weakley County",5,38,368,179,189
050,47,183,"Tennessee","Weakley County",5,39,336,169,167
050,47,183,"Tennessee","Weakley County",5,40,349,164,185
050,47,183,"Tennessee","Weakley County",5,41,347,163,184
050,47,183,"Tennessee","Weakley County",5,42,374,176,198
050,47,183,"Tennessee","Weakley County",5,43,386,197,189
050,47,183,"Tennessee","Weakley County",5,44,358,182,176
050,47,183,"Tennessee","Weakley County",5,45,341,170,171
050,47,183,"Tennessee","Weakley County",5,46,379,198,181
050,47,183,"Tennessee","Weakley County",5,47,340,163,177
050,47,183,"Tennessee","Weakley County",5,48,340,175,165
050,47,183,"Tennessee","Weakley County",5,49,320,162,158
050,47,183,"Tennessee","Weakley County",5,50,316,155,161
050,47,183,"Tennessee","Weakley County",5,51,376,170,206
050,47,183,"Tennessee","Weakley County",5,52,416,194,222
050,47,183,"Tennessee","Weakley County",5,53,416,202,214
050,47,183,"Tennessee","Weakley County",5,54,380,187,193
050,47,183,"Tennessee","Weakley County",5,55,366,200,166
050,47,183,"Tennessee","Weakley County",5,56,378,188,190
050,47,183,"Tennessee","Weakley County",5,57,402,204,198
050,47,183,"Tennessee","Weakley County",5,58,421,214,207
050,47,183,"Tennessee","Weakley County",5,59,422,201,221
050,47,183,"Tennessee","Weakley County",5,60,440,200,240
050,47,183,"Tennessee","Weakley County",5,61,433,217,216
050,47,183,"Tennessee","Weakley County",5,62,418,209,209
050,47,183,"Tennessee","Weakley County",5,63,391,198,193
050,47,183,"Tennessee","Weakley County",5,64,409,205,204
050,47,183,"Tennessee","Weakley County",5,65,395,198,197
050,47,183,"Tennessee","Weakley County",5,66,387,185,202
050,47,183,"Tennessee","Weakley County",5,67,373,177,196
050,47,183,"Tennessee","Weakley County",5,68,358,166,192
050,47,183,"Tennessee","Weakley County",5,69,360,175,185
050,47,183,"Tennessee","Weakley County",5,70,360,172,188
050,47,183,"Tennessee","Weakley County",5,71,308,145,163
050,47,183,"Tennessee","Weakley County",5,72,328,153,175
050,47,183,"Tennessee","Weakley County",5,73,308,144,164
050,47,183,"Tennessee","Weakley County",5,74,308,141,167
050,47,183,"Tennessee","Weakley County",5,75,298,136,162
050,47,183,"Tennessee","Weakley County",5,76,313,145,168
050,47,183,"Tennessee","Weakley County",5,77,211,90,121
050,47,183,"Tennessee","Weakley County",5,78,216,100,116
050,47,183,"Tennessee","Weakley County",5,79,216,100,116
050,47,183,"Tennessee","Weakley County",5,80,198,86,112
050,47,183,"Tennessee","Weakley County",5,81,138,55,83
050,47,183,"Tennessee","Weakley County",5,82,138,50,88
050,47,183,"Tennessee","Weakley County",5,83,135,51,84
050,47,183,"Tennessee","Weakley County",5,84,116,52,64
050,47,183,"Tennessee","Weakley County",5,85,668,262,406
050,47,185,"Tennessee","White County",1,0,282,141,141
050,47,185,"Tennessee","White County",1,1,321,156,165
050,47,185,"Tennessee","White County",1,2,309,173,136
050,47,185,"Tennessee","White County",1,3,327,171,156
050,47,185,"Tennessee","White County",1,4,335,179,156
050,47,185,"Tennessee","White County",1,5,335,164,171
050,47,185,"Tennessee","White County",1,6,328,167,161
050,47,185,"Tennessee","White County",1,7,305,164,141
050,47,185,"Tennessee","White County",1,8,333,182,151
050,47,185,"Tennessee","White County",1,9,334,175,159
050,47,185,"Tennessee","White County",1,10,323,161,162
050,47,185,"Tennessee","White County",1,11,327,152,175
050,47,185,"Tennessee","White County",1,12,373,178,195
050,47,185,"Tennessee","White County",1,13,345,180,165
050,47,185,"Tennessee","White County",1,14,334,176,158
050,47,185,"Tennessee","White County",1,15,369,182,187
050,47,185,"Tennessee","White County",1,16,382,191,191
050,47,185,"Tennessee","White County",1,17,342,168,174
050,47,185,"Tennessee","White County",1,18,300,157,143
050,47,185,"Tennessee","White County",1,19,240,129,111
050,47,185,"Tennessee","White County",1,20,255,135,120
050,47,185,"Tennessee","White County",1,21,264,144,120
050,47,185,"Tennessee","White County",1,22,296,152,144
050,47,185,"Tennessee","White County",1,23,322,161,161
050,47,185,"Tennessee","White County",1,24,289,139,150
050,47,185,"Tennessee","White County",1,25,288,153,135
050,47,185,"Tennessee","White County",1,26,320,164,156
050,47,185,"Tennessee","White County",1,27,318,158,160
050,47,185,"Tennessee","White County",1,28,327,171,156
050,47,185,"Tennessee","White County",1,29,347,167,180
050,47,185,"Tennessee","White County",1,30,346,173,173
050,47,185,"Tennessee","White County",1,31,325,168,157
050,47,185,"Tennessee","White County",1,32,322,167,155
050,47,185,"Tennessee","White County",1,33,306,176,130
050,47,185,"Tennessee","White County",1,34,310,151,159
050,47,185,"Tennessee","White County",1,35,301,145,156
050,47,185,"Tennessee","White County",1,36,291,144,147
050,47,185,"Tennessee","White County",1,37,292,145,147
050,47,185,"Tennessee","White County",1,38,314,160,154
050,47,185,"Tennessee","White County",1,39,311,153,158
050,47,185,"Tennessee","White County",1,40,307,143,164
050,47,185,"Tennessee","White County",1,41,309,141,168
050,47,185,"Tennessee","White County",1,42,326,155,171
050,47,185,"Tennessee","White County",1,43,351,165,186
050,47,185,"Tennessee","White County",1,44,325,164,161
050,47,185,"Tennessee","White County",1,45,325,170,155
050,47,185,"Tennessee","White County",1,46,327,171,156
050,47,185,"Tennessee","White County",1,47,327,165,162
050,47,185,"Tennessee","White County",1,48,350,173,177
050,47,185,"Tennessee","White County",1,49,391,189,202
050,47,185,"Tennessee","White County",1,50,359,174,185
050,47,185,"Tennessee","White County",1,51,369,183,186
050,47,185,"Tennessee","White County",1,52,358,185,173
050,47,185,"Tennessee","White County",1,53,373,185,188
050,47,185,"Tennessee","White County",1,54,374,186,188
050,47,185,"Tennessee","White County",1,55,433,215,218
050,47,185,"Tennessee","White County",1,56,435,220,215
050,47,185,"Tennessee","White County",1,57,400,209,191
050,47,185,"Tennessee","White County",1,58,384,185,199
050,47,185,"Tennessee","White County",1,59,360,184,176
050,47,185,"Tennessee","White County",1,60,385,180,205
050,47,185,"Tennessee","White County",1,61,349,162,187
050,47,185,"Tennessee","White County",1,62,411,187,224
050,47,185,"Tennessee","White County",1,63,408,192,216
050,47,185,"Tennessee","White County",1,64,364,173,191
050,47,185,"Tennessee","White County",1,65,362,177,185
050,47,185,"Tennessee","White County",1,66,373,173,200
050,47,185,"Tennessee","White County",1,67,361,175,186
050,47,185,"Tennessee","White County",1,68,396,189,207
050,47,185,"Tennessee","White County",1,69,321,140,181
050,47,185,"Tennessee","White County",1,70,318,145,173
050,47,185,"Tennessee","White County",1,71,336,158,178
050,47,185,"Tennessee","White County",1,72,317,161,156
050,47,185,"Tennessee","White County",1,73,305,145,160
050,47,185,"Tennessee","White County",1,74,223,108,115
050,47,185,"Tennessee","White County",1,75,223,104,119
050,47,185,"Tennessee","White County",1,76,228,107,121
050,47,185,"Tennessee","White County",1,77,217,102,115
050,47,185,"Tennessee","White County",1,78,169,78,91
050,47,185,"Tennessee","White County",1,79,170,76,94
050,47,185,"Tennessee","White County",1,80,162,73,89
050,47,185,"Tennessee","White County",1,81,165,74,91
050,47,185,"Tennessee","White County",1,82,117,50,67
050,47,185,"Tennessee","White County",1,83,98,41,57
050,47,185,"Tennessee","White County",1,84,121,49,72
050,47,185,"Tennessee","White County",1,85,584,204,380
050,47,185,"Tennessee","White County",2,0,294,146,148
050,47,185,"Tennessee","White County",2,1,309,153,156
050,47,185,"Tennessee","White County",2,2,313,170,143
050,47,185,"Tennessee","White County",2,3,323,173,150
050,47,185,"Tennessee","White County",2,4,334,177,157
050,47,185,"Tennessee","White County",2,5,336,168,168
050,47,185,"Tennessee","White County",2,6,330,167,163
050,47,185,"Tennessee","White County",2,7,311,165,146
050,47,185,"Tennessee","White County",2,8,327,178,149
050,47,185,"Tennessee","White County",2,9,328,174,154
050,47,185,"Tennessee","White County",2,10,327,165,162
050,47,185,"Tennessee","White County",2,11,328,156,172
050,47,185,"Tennessee","White County",2,12,363,172,191
050,47,185,"Tennessee","White County",2,13,352,180,172
050,47,185,"Tennessee","White County",2,14,335,174,161
050,47,185,"Tennessee","White County",2,15,365,183,182
050,47,185,"Tennessee","White County",2,16,382,190,192
050,47,185,"Tennessee","White County",2,17,353,173,180
050,47,185,"Tennessee","White County",2,18,296,154,142
050,47,185,"Tennessee","White County",2,19,237,127,110
050,47,185,"Tennessee","White County",2,20,259,138,121
050,47,185,"Tennessee","White County",2,21,267,144,123
050,47,185,"Tennessee","White County",2,22,300,156,144
050,47,185,"Tennessee","White County",2,23,320,159,161
050,47,185,"Tennessee","White County",2,24,298,146,152
050,47,185,"Tennessee","White County",2,25,291,153,138
050,47,185,"Tennessee","White County",2,26,312,161,151
050,47,185,"Tennessee","White County",2,27,321,162,159
050,47,185,"Tennessee","White County",2,28,329,170,159
050,47,185,"Tennessee","White County",2,29,341,167,174
050,47,185,"Tennessee","White County",2,30,350,174,176
050,47,185,"Tennessee","White County",2,31,332,170,162
050,47,185,"Tennessee","White County",2,32,322,168,154
050,47,185,"Tennessee","White County",2,33,311,174,137
050,47,185,"Tennessee","White County",2,34,308,157,151
050,47,185,"Tennessee","White County",2,35,305,148,157
050,47,185,"Tennessee","White County",2,36,289,141,148
050,47,185,"Tennessee","White County",2,37,291,143,148
050,47,185,"Tennessee","White County",2,38,311,158,153
050,47,185,"Tennessee","White County",2,39,311,154,157
050,47,185,"Tennessee","White County",2,40,313,147,166
050,47,185,"Tennessee","White County",2,41,313,143,170
050,47,185,"Tennessee","White County",2,42,321,150,171
050,47,185,"Tennessee","White County",2,43,349,165,184
050,47,185,"Tennessee","White County",2,44,329,163,166
050,47,185,"Tennessee","White County",2,45,330,171,159
050,47,185,"Tennessee","White County",2,46,328,171,157
050,47,185,"Tennessee","White County",2,47,329,169,160
050,47,185,"Tennessee","White County",2,48,345,170,175
050,47,185,"Tennessee","White County",2,49,388,188,200
050,47,185,"Tennessee","White County",2,50,368,177,191
050,47,185,"Tennessee","White County",2,51,368,183,185
050,47,185,"Tennessee","White County",2,52,362,186,176
050,47,185,"Tennessee","White County",2,53,371,185,186
050,47,185,"Tennessee","White County",2,54,373,186,187
050,47,185,"Tennessee","White County",2,55,421,209,212
050,47,185,"Tennessee","White County",2,56,433,218,215
050,47,185,"Tennessee","White County",2,57,409,211,198
050,47,185,"Tennessee","White County",2,58,391,193,198
050,47,185,"Tennessee","White County",2,59,370,184,186
050,47,185,"Tennessee","White County",2,60,376,179,197
050,47,185,"Tennessee","White County",2,61,361,169,192
050,47,185,"Tennessee","White County",2,62,398,180,218
050,47,185,"Tennessee","White County",2,63,411,193,218
050,47,185,"Tennessee","White County",2,64,369,175,194
050,47,185,"Tennessee","White County",2,65,363,173,190
050,47,185,"Tennessee","White County",2,66,373,175,198
050,47,185,"Tennessee","White County",2,67,365,173,192
050,47,185,"Tennessee","White County",2,68,384,184,200
050,47,185,"Tennessee","White County",2,69,340,151,189
050,47,185,"Tennessee","White County",2,70,317,144,173
050,47,185,"Tennessee","White County",2,71,330,154,176
050,47,185,"Tennessee","White County",2,72,317,156,161
050,47,185,"Tennessee","White County",2,73,324,159,165
050,47,185,"Tennessee","White County",2,74,227,108,119
050,47,185,"Tennessee","White County",2,75,225,105,120
050,47,185,"Tennessee","White County",2,76,223,104,119
050,47,185,"Tennessee","White County",2,77,223,103,120
050,47,185,"Tennessee","White County",2,78,172,80,92
050,47,185,"Tennessee","White County",2,79,166,74,92
050,47,185,"Tennessee","White County",2,80,161,73,88
050,47,185,"Tennessee","White County",2,81,163,72,91
050,47,185,"Tennessee","White County",2,82,126,55,71
050,47,185,"Tennessee","White County",2,83,97,43,54
050,47,185,"Tennessee","White County",2,84,113,46,67
050,47,185,"Tennessee","White County",2,85,598,212,386
050,47,185,"Tennessee","White County",3,0,274,152,122
050,47,185,"Tennessee","White County",3,1,285,144,141
050,47,185,"Tennessee","White County",3,2,298,150,148
050,47,185,"Tennessee","White County",3,3,303,158,145
050,47,185,"Tennessee","White County",3,4,327,175,152
050,47,185,"Tennessee","White County",3,5,332,176,156
050,47,185,"Tennessee","White County",3,6,357,175,182
050,47,185,"Tennessee","White County",3,7,339,165,174
050,47,185,"Tennessee","White County",3,8,329,180,149
050,47,185,"Tennessee","White County",3,9,321,168,153
050,47,185,"Tennessee","White County",3,10,343,182,161
050,47,185,"Tennessee","White County",3,11,333,165,168
050,47,185,"Tennessee","White County",3,12,338,166,172
050,47,185,"Tennessee","White County",3,13,374,182,192
050,47,185,"Tennessee","White County",3,14,363,187,176
050,47,185,"Tennessee","White County",3,15,323,167,156
050,47,185,"Tennessee","White County",3,16,369,187,182
050,47,185,"Tennessee","White County",3,17,388,193,195
050,47,185,"Tennessee","White County",3,18,304,152,152
050,47,185,"Tennessee","White County",3,19,233,127,106
050,47,185,"Tennessee","White County",3,20,264,148,116
050,47,185,"Tennessee","White County",3,21,282,150,132
050,47,185,"Tennessee","White County",3,22,281,143,138
050,47,185,"Tennessee","White County",3,23,310,159,151
050,47,185,"Tennessee","White County",3,24,309,152,157
050,47,185,"Tennessee","White County",3,25,320,162,158
050,47,185,"Tennessee","White County",3,26,301,160,141
050,47,185,"Tennessee","White County",3,27,307,159,148
050,47,185,"Tennessee","White County",3,28,321,157,164
050,47,185,"Tennessee","White County",3,29,324,168,156
050,47,185,"Tennessee","White County",3,30,347,168,179
050,47,185,"Tennessee","White County",3,31,347,173,174
050,47,185,"Tennessee","White County",3,32,345,173,172
050,47,185,"Tennessee","White County",3,33,329,171,158
050,47,185,"Tennessee","White County",3,34,310,181,129
050,47,185,"Tennessee","White County",3,35,318,158,160
050,47,185,"Tennessee","White County",3,36,322,152,170
050,47,185,"Tennessee","White County",3,37,282,141,141
050,47,185,"Tennessee","White County",3,38,306,155,151
050,47,185,"Tennessee","White County",3,39,303,153,150
050,47,185,"Tennessee","White County",3,40,314,156,158
050,47,185,"Tennessee","White County",3,41,323,149,174
050,47,185,"Tennessee","White County",3,42,317,146,171
050,47,185,"Tennessee","White County",3,43,327,153,174
050,47,185,"Tennessee","White County",3,44,352,165,187
050,47,185,"Tennessee","White County",3,45,331,165,166
050,47,185,"Tennessee","White County",3,46,332,176,156
050,47,185,"Tennessee","White County",3,47,322,170,152
050,47,185,"Tennessee","White County",3,48,326,169,157
050,47,185,"Tennessee","White County",3,49,347,172,175
050,47,185,"Tennessee","White County",3,50,389,190,199
050,47,185,"Tennessee","White County",3,51,372,177,195
050,47,185,"Tennessee","White County",3,52,376,186,190
050,47,185,"Tennessee","White County",3,53,364,188,176
050,47,185,"Tennessee","White County",3,54,364,180,184
050,47,185,"Tennessee","White County",3,55,386,193,193
050,47,185,"Tennessee","White County",3,56,431,212,219
050,47,185,"Tennessee","White County",3,57,438,221,217
050,47,185,"Tennessee","White County",3,58,404,202,202
050,47,185,"Tennessee","White County",3,59,387,191,196
050,47,185,"Tennessee","White County",3,60,371,181,190
050,47,185,"Tennessee","White County",3,61,391,189,202
050,47,185,"Tennessee","White County",3,62,357,163,194
050,47,185,"Tennessee","White County",3,63,392,177,215
050,47,185,"Tennessee","White County",3,64,404,189,215
050,47,185,"Tennessee","White County",3,65,374,180,194
050,47,185,"Tennessee","White County",3,66,358,170,188
050,47,185,"Tennessee","White County",3,67,374,176,198
050,47,185,"Tennessee","White County",3,68,362,177,185
050,47,185,"Tennessee","White County",3,69,377,181,196
050,47,185,"Tennessee","White County",3,70,333,146,187
050,47,185,"Tennessee","White County",3,71,302,138,164
050,47,185,"Tennessee","White County",3,72,336,159,177
050,47,185,"Tennessee","White County",3,73,300,154,146
050,47,185,"Tennessee","White County",3,74,309,152,157
050,47,185,"Tennessee","White County",3,75,220,100,120
050,47,185,"Tennessee","White County",3,76,211,98,113
050,47,185,"Tennessee","White County",3,77,208,94,114
050,47,185,"Tennessee","White County",3,78,200,90,110
050,47,185,"Tennessee","White County",3,79,154,71,83
050,47,185,"Tennessee","White County",3,80,148,66,82
050,47,185,"Tennessee","White County",3,81,147,65,82
050,47,185,"Tennessee","White County",3,82,146,63,83
050,47,185,"Tennessee","White County",3,83,112,49,63
050,47,185,"Tennessee","White County",3,84,87,41,46
050,47,185,"Tennessee","White County",3,85,605,217,388
050,47,185,"Tennessee","White County",4,0,282,143,139
050,47,185,"Tennessee","White County",4,1,275,158,117
050,47,185,"Tennessee","White County",4,2,293,148,145
050,47,185,"Tennessee","White County",4,3,324,160,164
050,47,185,"Tennessee","White County",4,4,330,170,160
050,47,185,"Tennessee","White County",4,5,339,180,159
050,47,185,"Tennessee","White County",4,6,348,198,150
050,47,185,"Tennessee","White County",4,7,358,170,188
050,47,185,"Tennessee","White County",4,8,347,168,179
050,47,185,"Tennessee","White County",4,9,328,172,156
050,47,185,"Tennessee","White County",4,10,328,176,152
050,47,185,"Tennessee","White County",4,11,352,180,172
050,47,185,"Tennessee","White County",4,12,325,168,157
050,47,185,"Tennessee","White County",4,13,332,160,172
050,47,185,"Tennessee","White County",4,14,379,185,194
050,47,185,"Tennessee","White County",4,15,363,189,174
050,47,185,"Tennessee","White County",4,16,341,173,168
050,47,185,"Tennessee","White County",4,17,364,187,177
050,47,185,"Tennessee","White County",4,18,311,165,146
050,47,185,"Tennessee","White County",4,19,251,129,122
050,47,185,"Tennessee","White County",4,20,258,139,119
050,47,185,"Tennessee","White County",4,21,280,149,131
050,47,185,"Tennessee","White County",4,22,288,147,141
050,47,185,"Tennessee","White County",4,23,306,158,148
050,47,185,"Tennessee","White County",4,24,327,174,153
050,47,185,"Tennessee","White County",4,25,325,161,164
050,47,185,"Tennessee","White County",4,26,342,171,171
050,47,185,"Tennessee","White County",4,27,321,170,151
050,47,185,"Tennessee","White County",4,28,313,163,150
050,47,185,"Tennessee","White County",4,29,333,166,167
050,47,185,"Tennessee","White County",4,30,332,169,163
050,47,185,"Tennessee","White County",4,31,352,170,182
050,47,185,"Tennessee","White County",4,32,357,182,175
050,47,185,"Tennessee","White County",4,33,351,170,181
050,47,185,"Tennessee","White County",4,34,331,176,155
050,47,185,"Tennessee","White County",4,35,324,181,143
050,47,185,"Tennessee","White County",4,36,330,166,164
050,47,185,"Tennessee","White County",4,37,345,161,184
050,47,185,"Tennessee","White County",4,38,293,151,142
050,47,185,"Tennessee","White County",4,39,299,153,146
050,47,185,"Tennessee","White County",4,40,308,152,156
050,47,185,"Tennessee","White County",4,41,307,153,154
050,47,185,"Tennessee","White County",4,42,332,152,180
050,47,185,"Tennessee","White County",4,43,330,153,177
050,47,185,"Tennessee","White County",4,44,333,156,177
050,47,185,"Tennessee","White County",4,45,351,166,185
050,47,185,"Tennessee","White County",4,46,343,176,167
050,47,185,"Tennessee","White County",4,47,348,176,172
050,47,185,"Tennessee","White County",4,48,338,176,162
050,47,185,"Tennessee","White County",4,49,337,173,164
050,47,185,"Tennessee","White County",4,50,354,173,181
050,47,185,"Tennessee","White County",4,51,405,197,208
050,47,185,"Tennessee","White County",4,52,365,176,189
050,47,185,"Tennessee","White County",4,53,393,196,197
050,47,185,"Tennessee","White County",4,54,375,190,185
050,47,185,"Tennessee","White County",4,55,375,183,192
050,47,185,"Tennessee","White County",4,56,399,198,201
050,47,185,"Tennessee","White County",4,57,439,216,223
050,47,185,"Tennessee","White County",4,58,443,227,216
050,47,185,"Tennessee","White County",4,59,410,204,206
050,47,185,"Tennessee","White County",4,60,383,181,202
050,47,185,"Tennessee","White County",4,61,385,187,198
050,47,185,"Tennessee","White County",4,62,411,202,209
050,47,185,"Tennessee","White County",4,63,368,168,200
050,47,185,"Tennessee","White County",4,64,403,183,220
050,47,185,"Tennessee","White County",4,65,414,196,218
050,47,185,"Tennessee","White County",4,66,372,180,192
050,47,185,"Tennessee","White County",4,67,360,169,191
050,47,185,"Tennessee","White County",4,68,360,170,190
050,47,185,"Tennessee","White County",4,69,370,180,190
050,47,185,"Tennessee","White County",4,70,372,176,196
050,47,185,"Tennessee","White County",4,71,326,145,181
050,47,185,"Tennessee","White County",4,72,289,128,161
050,47,185,"Tennessee","White County",4,73,337,162,175
050,47,185,"Tennessee","White County",4,74,281,147,134
050,47,185,"Tennessee","White County",4,75,305,142,163
050,47,185,"Tennessee","White County",4,76,201,92,109
050,47,185,"Tennessee","White County",4,77,197,88,109
050,47,185,"Tennessee","White County",4,78,196,89,107
050,47,185,"Tennessee","White County",4,79,187,80,107
050,47,185,"Tennessee","White County",4,80,140,66,74
050,47,185,"Tennessee","White County",4,81,135,58,77
050,47,185,"Tennessee","White County",4,82,124,52,72
050,47,185,"Tennessee","White County",4,83,133,60,73
050,47,185,"Tennessee","White County",4,84,96,45,51
050,47,185,"Tennessee","White County",4,85,593,216,377
050,47,185,"Tennessee","White County",5,0,283,144,139
050,47,185,"Tennessee","White County",5,1,317,152,165
050,47,185,"Tennessee","White County",5,2,291,166,125
050,47,185,"Tennessee","White County",5,3,320,165,155
050,47,185,"Tennessee","White County",5,4,324,168,156
050,47,185,"Tennessee","White County",5,5,338,172,166
050,47,185,"Tennessee","White County",5,6,348,196,152
050,47,185,"Tennessee","White County",5,7,352,195,157
050,47,185,"Tennessee","White County",5,8,369,178,191
050,47,185,"Tennessee","White County",5,9,355,179,176
050,47,185,"Tennessee","White County",5,10,351,186,165
050,47,185,"Tennessee","White County",5,11,331,183,148
050,47,185,"Tennessee","White County",5,12,356,181,175
050,47,185,"Tennessee","White County",5,13,349,180,169
050,47,185,"Tennessee","White County",5,14,345,162,183
050,47,185,"Tennessee","White County",5,15,384,194,190
050,47,185,"Tennessee","White County",5,16,365,188,177
050,47,185,"Tennessee","White County",5,17,342,177,165
050,47,185,"Tennessee","White County",5,18,304,166,138
050,47,185,"Tennessee","White County",5,19,244,133,111
050,47,185,"Tennessee","White County",5,20,282,145,137
050,47,185,"Tennessee","White County",5,21,261,132,129
050,47,185,"Tennessee","White County",5,22,300,159,141
050,47,185,"Tennessee","White County",5,23,318,159,159
050,47,185,"Tennessee","White County",5,24,328,166,162
050,47,185,"Tennessee","White County",5,25,357,185,172
050,47,185,"Tennessee","White County",5,26,360,177,183
050,47,185,"Tennessee","White County",5,27,381,198,183
050,47,185,"Tennessee","White County",5,28,335,170,165
050,47,185,"Tennessee","White County",5,29,330,165,165
050,47,185,"Tennessee","White County",5,30,336,172,164
050,47,185,"Tennessee","White County",5,31,349,183,166
050,47,185,"Tennessee","White County",5,32,374,188,186
050,47,185,"Tennessee","White County",5,33,374,187,187
050,47,185,"Tennessee","White County",5,34,341,165,176
050,47,185,"Tennessee","White County",5,35,342,172,170
050,47,185,"Tennessee","White County",5,36,333,182,151
050,47,185,"Tennessee","White County",5,37,343,175,168
050,47,185,"Tennessee","White County",5,38,345,164,181
050,47,185,"Tennessee","White County",5,39,293,152,141
050,47,185,"Tennessee","White County",5,40,315,158,157
050,47,185,"Tennessee","White County",5,41,321,159,162
050,47,185,"Tennessee","White County",5,42,320,161,159
050,47,185,"Tennessee","White County",5,43,330,151,179
050,47,185,"Tennessee","White County",5,44,329,154,175
050,47,185,"Tennessee","White County",5,45,342,163,179
050,47,185,"Tennessee","White County",5,46,373,175,198
050,47,185,"Tennessee","White County",5,47,346,172,174
050,47,185,"Tennessee","White County",5,48,349,168,181
050,47,185,"Tennessee","White County",5,49,342,179,163
050,47,185,"Tennessee","White County",5,50,336,171,165
050,47,185,"Tennessee","White County",5,51,370,187,183
050,47,185,"Tennessee","White County",5,52,427,205,222
050,47,185,"Tennessee","White County",5,53,369,174,195
050,47,185,"Tennessee","White County",5,54,411,199,212
050,47,185,"Tennessee","White County",5,55,387,195,192
050,47,185,"Tennessee","White County",5,56,388,190,198
050,47,185,"Tennessee","White County",5,57,410,205,205
050,47,185,"Tennessee","White County",5,58,461,231,230
050,47,185,"Tennessee","White County",5,59,449,230,219
050,47,185,"Tennessee","White County",5,60,421,206,215
050,47,185,"Tennessee","White County",5,61,384,179,205
050,47,185,"Tennessee","White County",5,62,406,198,208
050,47,185,"Tennessee","White County",5,63,421,203,218
050,47,185,"Tennessee","White County",5,64,382,170,212
050,47,185,"Tennessee","White County",5,65,411,192,219
050,47,185,"Tennessee","White County",5,66,419,203,216
050,47,185,"Tennessee","White County",5,67,375,188,187
050,47,185,"Tennessee","White County",5,68,354,163,191
050,47,185,"Tennessee","White County",5,69,359,171,188
050,47,185,"Tennessee","White County",5,70,372,180,192
050,47,185,"Tennessee","White County",5,71,366,178,188
050,47,185,"Tennessee","White County",5,72,315,138,177
050,47,185,"Tennessee","White County",5,73,290,131,159
050,47,185,"Tennessee","White County",5,74,325,156,169
050,47,185,"Tennessee","White County",5,75,272,138,134
050,47,185,"Tennessee","White County",5,76,285,131,154
050,47,185,"Tennessee","White County",5,77,196,88,108
050,47,185,"Tennessee","White County",5,78,179,78,101
050,47,185,"Tennessee","White County",5,79,184,78,106
050,47,185,"Tennessee","White County",5,80,166,72,94
050,47,185,"Tennessee","White County",5,81,130,58,72
050,47,185,"Tennessee","White County",5,82,119,47,72
050,47,185,"Tennessee","White County",5,83,114,47,67
050,47,185,"Tennessee","White County",5,84,122,55,67
050,47,185,"Tennessee","White County",5,85,600,227,373
050,47,187,"Tennessee","Williamson County",1,0,2324,1191,1133
050,47,187,"Tennessee","Williamson County",1,1,2574,1335,1239
050,47,187,"Tennessee","Williamson County",1,2,2853,1485,1368
050,47,187,"Tennessee","Williamson County",1,3,3074,1602,1472
050,47,187,"Tennessee","Williamson County",1,4,3265,1650,1615
050,47,187,"Tennessee","Williamson County",1,5,3418,1747,1671
050,47,187,"Tennessee","Williamson County",1,6,3437,1749,1688
050,47,187,"Tennessee","Williamson County",1,7,3537,1822,1715
050,47,187,"Tennessee","Williamson County",1,8,3764,1964,1800
050,47,187,"Tennessee","Williamson County",1,9,3817,1987,1830
050,47,187,"Tennessee","Williamson County",1,10,4007,2080,1927
050,47,187,"Tennessee","Williamson County",1,11,4114,2139,1975
050,47,187,"Tennessee","Williamson County",1,12,4432,2267,2165
050,47,187,"Tennessee","Williamson County",1,13,4462,2240,2222
050,47,187,"Tennessee","Williamson County",1,14,4404,2237,2167
050,47,187,"Tennessee","Williamson County",1,15,4427,2207,2220
050,47,187,"Tennessee","Williamson County",1,16,4455,2230,2225
050,47,187,"Tennessee","Williamson County",1,17,4307,2128,2179
050,47,187,"Tennessee","Williamson County",1,18,3529,1816,1713
050,47,187,"Tennessee","Williamson County",1,19,2779,1462,1317
050,47,187,"Tennessee","Williamson County",1,20,2773,1453,1320
050,47,187,"Tennessee","Williamson County",1,21,2768,1431,1337
050,47,187,"Tennessee","Williamson County",1,22,2639,1322,1317
050,47,187,"Tennessee","Williamson County",1,23,2473,1228,1245
050,47,187,"Tennessee","Williamson County",1,24,2234,1116,1118
050,47,187,"Tennessee","Williamson County",1,25,2172,1086,1086
050,47,187,"Tennessee","Williamson County",1,26,2064,1026,1038
050,47,187,"Tennessee","Williamson County",1,27,2068,1036,1032
050,47,187,"Tennessee","Williamson County",1,28,1992,978,1014
050,47,187,"Tennessee","Williamson County",1,29,2062,1026,1036
050,47,187,"Tennessee","Williamson County",1,30,2080,976,1104
050,47,187,"Tennessee","Williamson County",1,31,2179,1017,1162
050,47,187,"Tennessee","Williamson County",1,32,2436,1138,1298
050,47,187,"Tennessee","Williamson County",1,33,2642,1233,1409
050,47,187,"Tennessee","Williamson County",1,34,2906,1386,1520
050,47,187,"Tennessee","Williamson County",1,35,3087,1485,1602
050,47,187,"Tennessee","Williamson County",1,36,3296,1549,1747
050,47,187,"Tennessee","Williamson County",1,37,3580,1720,1860
050,47,187,"Tennessee","Williamson County",1,38,3667,1808,1859
050,47,187,"Tennessee","Williamson County",1,39,3646,1770,1876
050,47,187,"Tennessee","Williamson County",1,40,3811,1877,1934
050,47,187,"Tennessee","Williamson County",1,41,3819,1878,1941
050,47,187,"Tennessee","Williamson County",1,42,3915,1930,1985
050,47,187,"Tennessee","Williamson County",1,43,3827,1900,1927
050,47,187,"Tennessee","Williamson County",1,44,3747,1828,1919
050,47,187,"Tennessee","Williamson County",1,45,3722,1792,1930
050,47,187,"Tennessee","Williamson County",1,46,3642,1809,1833
050,47,187,"Tennessee","Williamson County",1,47,3788,1908,1880
050,47,187,"Tennessee","Williamson County",1,48,3992,2023,1969
050,47,187,"Tennessee","Williamson County",1,49,4227,2159,2068
050,47,187,"Tennessee","Williamson County",1,50,3964,1985,1979
050,47,187,"Tennessee","Williamson County",1,51,3712,1852,1860
050,47,187,"Tennessee","Williamson County",1,52,3485,1734,1751
050,47,187,"Tennessee","Williamson County",1,53,3441,1697,1744
050,47,187,"Tennessee","Williamson County",1,54,3421,1719,1702
050,47,187,"Tennessee","Williamson County",1,55,3543,1721,1822
050,47,187,"Tennessee","Williamson County",1,56,3513,1718,1795
050,47,187,"Tennessee","Williamson County",1,57,3377,1609,1768
050,47,187,"Tennessee","Williamson County",1,58,3214,1586,1628
050,47,187,"Tennessee","Williamson County",1,59,3211,1565,1646
050,47,187,"Tennessee","Williamson County",1,60,3142,1596,1546
050,47,187,"Tennessee","Williamson County",1,61,3078,1511,1567
050,47,187,"Tennessee","Williamson County",1,62,3057,1469,1588
050,47,187,"Tennessee","Williamson County",1,63,2914,1421,1493
050,47,187,"Tennessee","Williamson County",1,64,2769,1364,1405
050,47,187,"Tennessee","Williamson County",1,65,2641,1288,1353
050,47,187,"Tennessee","Williamson County",1,66,2428,1144,1284
050,47,187,"Tennessee","Williamson County",1,67,2331,1118,1213
050,47,187,"Tennessee","Williamson County",1,68,2253,1071,1182
050,47,187,"Tennessee","Williamson County",1,69,2109,1004,1105
050,47,187,"Tennessee","Williamson County",1,70,2044,997,1047
050,47,187,"Tennessee","Williamson County",1,71,1948,927,1021
050,47,187,"Tennessee","Williamson County",1,72,2006,968,1038
050,47,187,"Tennessee","Williamson County",1,73,1946,987,959
050,47,187,"Tennessee","Williamson County",1,74,1330,638,692
050,47,187,"Tennessee","Williamson County",1,75,1361,628,733
050,47,187,"Tennessee","Williamson County",1,76,1293,591,702
050,47,187,"Tennessee","Williamson County",1,77,1216,584,632
050,47,187,"Tennessee","Williamson County",1,78,1043,466,577
050,47,187,"Tennessee","Williamson County",1,79,843,394,449
050,47,187,"Tennessee","Williamson County",1,80,778,351,427
050,47,187,"Tennessee","Williamson County",1,81,726,318,408
050,47,187,"Tennessee","Williamson County",1,82,703,302,401
050,47,187,"Tennessee","Williamson County",1,83,594,253,341
050,47,187,"Tennessee","Williamson County",1,84,587,238,349
050,47,187,"Tennessee","Williamson County",1,85,3470,1316,2154
050,47,187,"Tennessee","Williamson County",2,0,2350,1200,1150
050,47,187,"Tennessee","Williamson County",2,1,2565,1328,1237
050,47,187,"Tennessee","Williamson County",2,2,2840,1478,1362
050,47,187,"Tennessee","Williamson County",2,3,3064,1588,1476
050,47,187,"Tennessee","Williamson County",2,4,3281,1669,1612
050,47,187,"Tennessee","Williamson County",2,5,3430,1747,1683
050,47,187,"Tennessee","Williamson County",2,6,3493,1776,1717
050,47,187,"Tennessee","Williamson County",2,7,3558,1830,1728
050,47,187,"Tennessee","Williamson County",2,8,3745,1948,1797
050,47,187,"Tennessee","Williamson County",2,9,3836,1999,1837
050,47,187,"Tennessee","Williamson County",2,10,3989,2074,1915
050,47,187,"Tennessee","Williamson County",2,11,4114,2140,1974
050,47,187,"Tennessee","Williamson County",2,12,4408,2261,2147
050,47,187,"Tennessee","Williamson County",2,13,4483,2262,2221
050,47,187,"Tennessee","Williamson County",2,14,4444,2257,2187
050,47,187,"Tennessee","Williamson County",2,15,4437,2221,2216
050,47,187,"Tennessee","Williamson County",2,16,4470,2236,2234
050,47,187,"Tennessee","Williamson County",2,17,4357,2160,2197
050,47,187,"Tennessee","Williamson County",2,18,3536,1817,1719
050,47,187,"Tennessee","Williamson County",2,19,2804,1463,1341
050,47,187,"Tennessee","Williamson County",2,20,2836,1481,1355
050,47,187,"Tennessee","Williamson County",2,21,2787,1443,1344
050,47,187,"Tennessee","Williamson County",2,22,2673,1345,1328
050,47,187,"Tennessee","Williamson County",2,23,2495,1236,1259
050,47,187,"Tennessee","Williamson County",2,24,2283,1134,1149
050,47,187,"Tennessee","Williamson County",2,25,2177,1088,1089
050,47,187,"Tennessee","Williamson County",2,26,2091,1043,1048
050,47,187,"Tennessee","Williamson County",2,27,2064,1030,1034
050,47,187,"Tennessee","Williamson County",2,28,2036,1005,1031
050,47,187,"Tennessee","Williamson County",2,29,2077,1020,1057
050,47,187,"Tennessee","Williamson County",2,30,2114,998,1116
050,47,187,"Tennessee","Williamson County",2,31,2196,1029,1167
050,47,187,"Tennessee","Williamson County",2,32,2422,1132,1290
050,47,187,"Tennessee","Williamson County",2,33,2649,1241,1408
050,47,187,"Tennessee","Williamson County",2,34,2909,1384,1525
050,47,187,"Tennessee","Williamson County",2,35,3125,1500,1625
050,47,187,"Tennessee","Williamson County",2,36,3281,1547,1734
050,47,187,"Tennessee","Williamson County",2,37,3582,1719,1863
050,47,187,"Tennessee","Williamson County",2,38,3717,1826,1891
050,47,187,"Tennessee","Williamson County",2,39,3695,1804,1891
050,47,187,"Tennessee","Williamson County",2,40,3835,1887,1948
050,47,187,"Tennessee","Williamson County",2,41,3862,1903,1959
050,47,187,"Tennessee","Williamson County",2,42,3910,1929,1981
050,47,187,"Tennessee","Williamson County",2,43,3907,1938,1969
050,47,187,"Tennessee","Williamson County",2,44,3758,1841,1917
050,47,187,"Tennessee","Williamson County",2,45,3758,1819,1939
050,47,187,"Tennessee","Williamson County",2,46,3672,1813,1859
050,47,187,"Tennessee","Williamson County",2,47,3757,1888,1869
050,47,187,"Tennessee","Williamson County",2,48,3960,2005,1955
050,47,187,"Tennessee","Williamson County",2,49,4209,2151,2058
050,47,187,"Tennessee","Williamson County",2,50,4055,2040,2015
050,47,187,"Tennessee","Williamson County",2,51,3769,1887,1882
050,47,187,"Tennessee","Williamson County",2,52,3546,1766,1780
050,47,187,"Tennessee","Williamson County",2,53,3466,1708,1758
050,47,187,"Tennessee","Williamson County",2,54,3427,1712,1715
050,47,187,"Tennessee","Williamson County",2,55,3515,1723,1792
050,47,187,"Tennessee","Williamson County",2,56,3525,1721,1804
050,47,187,"Tennessee","Williamson County",2,57,3420,1644,1776
050,47,187,"Tennessee","Williamson County",2,58,3257,1591,1666
050,47,187,"Tennessee","Williamson County",2,59,3226,1576,1650
050,47,187,"Tennessee","Williamson County",2,60,3160,1584,1576
050,47,187,"Tennessee","Williamson County",2,61,3085,1525,1560
050,47,187,"Tennessee","Williamson County",2,62,3066,1483,1583
050,47,187,"Tennessee","Williamson County",2,63,2978,1447,1531
050,47,187,"Tennessee","Williamson County",2,64,2795,1372,1423
050,47,187,"Tennessee","Williamson County",2,65,2676,1307,1369
050,47,187,"Tennessee","Williamson County",2,66,2489,1183,1306
050,47,187,"Tennessee","Williamson County",2,67,2349,1119,1230
050,47,187,"Tennessee","Williamson County",2,68,2268,1078,1190
050,47,187,"Tennessee","Williamson County",2,69,2165,1031,1134
050,47,187,"Tennessee","Williamson County",2,70,2053,996,1057
050,47,187,"Tennessee","Williamson County",2,71,1979,950,1029
050,47,187,"Tennessee","Williamson County",2,72,1969,947,1022
050,47,187,"Tennessee","Williamson County",2,73,2049,1027,1022
050,47,187,"Tennessee","Williamson County",2,74,1388,673,715
050,47,187,"Tennessee","Williamson County",2,75,1357,633,724
050,47,187,"Tennessee","Williamson County",2,76,1300,598,702
050,47,187,"Tennessee","Williamson County",2,77,1259,594,665
050,47,187,"Tennessee","Williamson County",2,78,1069,487,582
050,47,187,"Tennessee","Williamson County",2,79,888,411,477
050,47,187,"Tennessee","Williamson County",2,80,795,364,431
050,47,187,"Tennessee","Williamson County",2,81,737,325,412
050,47,187,"Tennessee","Williamson County",2,82,711,308,403
050,47,187,"Tennessee","Williamson County",2,83,610,259,351
050,47,187,"Tennessee","Williamson County",2,84,590,240,350
050,47,187,"Tennessee","Williamson County",2,85,3520,1346,2174
050,47,187,"Tennessee","Williamson County",3,0,2235,1150,1085
050,47,187,"Tennessee","Williamson County",3,1,2569,1315,1254
050,47,187,"Tennessee","Williamson County",3,2,2778,1464,1314
050,47,187,"Tennessee","Williamson County",3,3,3082,1595,1487
050,47,187,"Tennessee","Williamson County",3,4,3267,1687,1580
050,47,187,"Tennessee","Williamson County",3,5,3480,1769,1711
050,47,187,"Tennessee","Williamson County",3,6,3606,1861,1745
050,47,187,"Tennessee","Williamson County",3,7,3632,1843,1789
050,47,187,"Tennessee","Williamson County",3,8,3726,1919,1807
050,47,187,"Tennessee","Williamson County",3,9,3891,2010,1881
050,47,187,"Tennessee","Williamson County",3,10,3974,2063,1911
050,47,187,"Tennessee","Williamson County",3,11,4083,2126,1957
050,47,187,"Tennessee","Williamson County",3,12,4276,2235,2041
050,47,187,"Tennessee","Williamson County",3,13,4499,2330,2169
050,47,187,"Tennessee","Williamson County",3,14,4590,2308,2282
050,47,187,"Tennessee","Williamson County",3,15,4535,2304,2231
050,47,187,"Tennessee","Williamson County",3,16,4480,2216,2264
050,47,187,"Tennessee","Williamson County",3,17,4504,2256,2248
050,47,187,"Tennessee","Williamson County",3,18,3663,1870,1793
050,47,187,"Tennessee","Williamson County",3,19,2820,1450,1370
050,47,187,"Tennessee","Williamson County",3,20,2958,1503,1455
050,47,187,"Tennessee","Williamson County",3,21,2954,1525,1429
050,47,187,"Tennessee","Williamson County",3,22,2894,1473,1421
050,47,187,"Tennessee","Williamson County",3,23,2651,1355,1296
050,47,187,"Tennessee","Williamson County",3,24,2436,1192,1244
050,47,187,"Tennessee","Williamson County",3,25,2255,1125,1130
050,47,187,"Tennessee","Williamson County",3,26,2139,1067,1072
050,47,187,"Tennessee","Williamson County",3,27,2035,1001,1034
050,47,187,"Tennessee","Williamson County",3,28,2112,1045,1067
050,47,187,"Tennessee","Williamson County",3,29,2133,1032,1101
050,47,187,"Tennessee","Williamson County",3,30,2211,1071,1140
050,47,187,"Tennessee","Williamson County",3,31,2349,1128,1221
050,47,187,"Tennessee","Williamson County",3,32,2420,1130,1290
050,47,187,"Tennessee","Williamson County",3,33,2613,1202,1411
050,47,187,"Tennessee","Williamson County",3,34,2910,1375,1535
050,47,187,"Tennessee","Williamson County",3,35,3142,1509,1633
050,47,187,"Tennessee","Williamson County",3,36,3346,1615,1731
050,47,187,"Tennessee","Williamson County",3,37,3515,1668,1847
050,47,187,"Tennessee","Williamson County",3,38,3797,1824,1973
050,47,187,"Tennessee","Williamson County",3,39,3917,1927,1990
050,47,187,"Tennessee","Williamson County",3,40,3902,1925,1977
050,47,187,"Tennessee","Williamson County",3,41,4038,1991,2047
050,47,187,"Tennessee","Williamson County",3,42,4042,1990,2052
050,47,187,"Tennessee","Williamson County",3,43,3989,1964,2025
050,47,187,"Tennessee","Williamson County",3,44,4068,2016,2052
050,47,187,"Tennessee","Williamson County",3,45,3865,1901,1964
050,47,187,"Tennessee","Williamson County",3,46,3810,1867,1943
050,47,187,"Tennessee","Williamson County",3,47,3711,1832,1879
050,47,187,"Tennessee","Williamson County",3,48,3827,1936,1891
050,47,187,"Tennessee","Williamson County",3,49,3975,2024,1951
050,47,187,"Tennessee","Williamson County",3,50,4285,2187,2098
050,47,187,"Tennessee","Williamson County",3,51,4109,2063,2046
050,47,187,"Tennessee","Williamson County",3,52,3845,1945,1900
050,47,187,"Tennessee","Williamson County",3,53,3586,1789,1797
050,47,187,"Tennessee","Williamson County",3,54,3485,1719,1766
050,47,187,"Tennessee","Williamson County",3,55,3451,1733,1718
050,47,187,"Tennessee","Williamson County",3,56,3510,1711,1799
050,47,187,"Tennessee","Williamson County",3,57,3561,1747,1814
050,47,187,"Tennessee","Williamson County",3,58,3393,1631,1762
050,47,187,"Tennessee","Williamson County",3,59,3303,1606,1697
050,47,187,"Tennessee","Williamson County",3,60,3273,1590,1683
050,47,187,"Tennessee","Williamson County",3,61,3186,1581,1605
050,47,187,"Tennessee","Williamson County",3,62,3080,1519,1561
050,47,187,"Tennessee","Williamson County",3,63,3114,1508,1606
050,47,187,"Tennessee","Williamson County",3,64,3007,1451,1556
050,47,187,"Tennessee","Williamson County",3,65,2806,1383,1423
050,47,187,"Tennessee","Williamson County",3,66,2668,1304,1364
050,47,187,"Tennessee","Williamson County",3,67,2478,1178,1300
050,47,187,"Tennessee","Williamson County",3,68,2343,1103,1240
050,47,187,"Tennessee","Williamson County",3,69,2272,1069,1203
050,47,187,"Tennessee","Williamson County",3,70,2126,1005,1121
050,47,187,"Tennessee","Williamson County",3,71,2062,987,1075
050,47,187,"Tennessee","Williamson County",3,72,1978,949,1029
050,47,187,"Tennessee","Williamson County",3,73,1946,918,1028
050,47,187,"Tennessee","Williamson County",3,74,2012,990,1022
050,47,187,"Tennessee","Williamson County",3,75,1383,670,713
050,47,187,"Tennessee","Williamson County",3,76,1352,626,726
050,47,187,"Tennessee","Williamson County",3,77,1263,569,694
050,47,187,"Tennessee","Williamson County",3,78,1235,571,664
050,47,187,"Tennessee","Williamson County",3,79,1058,477,581
050,47,187,"Tennessee","Williamson County",3,80,857,410,447
050,47,187,"Tennessee","Williamson County",3,81,772,346,426
050,47,187,"Tennessee","Williamson County",3,82,707,305,402
050,47,187,"Tennessee","Williamson County",3,83,667,274,393
050,47,187,"Tennessee","Williamson County",3,84,607,240,367
050,47,187,"Tennessee","Williamson County",3,85,3581,1378,2203
050,47,187,"Tennessee","Williamson County",4,0,2404,1260,1144
050,47,187,"Tennessee","Williamson County",4,1,2404,1250,1154
050,47,187,"Tennessee","Williamson County",4,2,2706,1377,1329
050,47,187,"Tennessee","Williamson County",4,3,2959,1554,1405
050,47,187,"Tennessee","Williamson County",4,4,3260,1675,1585
050,47,187,"Tennessee","Williamson County",4,5,3437,1753,1684
050,47,187,"Tennessee","Williamson County",4,6,3648,1855,1793
050,47,187,"Tennessee","Williamson County",4,7,3758,1944,1814
050,47,187,"Tennessee","Williamson County",4,8,3815,1964,1851
050,47,187,"Tennessee","Williamson County",4,9,3852,1980,1872
050,47,187,"Tennessee","Williamson County",4,10,4013,2066,1947
050,47,187,"Tennessee","Williamson County",4,11,4103,2128,1975
050,47,187,"Tennessee","Williamson County",4,12,4218,2195,2023
050,47,187,"Tennessee","Williamson County",4,13,4365,2286,2079
050,47,187,"Tennessee","Williamson County",4,14,4587,2385,2202
050,47,187,"Tennessee","Williamson County",4,15,4657,2348,2309
050,47,187,"Tennessee","Williamson County",4,16,4600,2336,2264
050,47,187,"Tennessee","Williamson County",4,17,4518,2237,2281
050,47,187,"Tennessee","Williamson County",4,18,3746,1940,1806
050,47,187,"Tennessee","Williamson County",4,19,2798,1438,1360
050,47,187,"Tennessee","Williamson County",4,20,2921,1485,1436
050,47,187,"Tennessee","Williamson County",4,21,3003,1515,1488
050,47,187,"Tennessee","Williamson County",4,22,3010,1519,1491
050,47,187,"Tennessee","Williamson County",4,23,2830,1442,1388
050,47,187,"Tennessee","Williamson County",4,24,2516,1266,1250
050,47,187,"Tennessee","Williamson County",4,25,2358,1194,1164
050,47,187,"Tennessee","Williamson County",4,26,2118,1074,1044
050,47,187,"Tennessee","Williamson County",4,27,2110,1074,1036
050,47,187,"Tennessee","Williamson County",4,28,2019,984,1035
050,47,187,"Tennessee","Williamson County",4,29,2167,1057,1110
050,47,187,"Tennessee","Williamson County",4,30,2166,1024,1142
050,47,187,"Tennessee","Williamson County",4,31,2383,1139,1244
050,47,187,"Tennessee","Williamson County",4,32,2527,1213,1314
050,47,187,"Tennessee","Williamson County",4,33,2554,1185,1369
050,47,187,"Tennessee","Williamson County",4,34,2769,1281,1488
050,47,187,"Tennessee","Williamson County",4,35,3077,1451,1626
050,47,187,"Tennessee","Williamson County",4,36,3319,1590,1729
050,47,187,"Tennessee","Williamson County",4,37,3506,1675,1831
050,47,187,"Tennessee","Williamson County",4,38,3717,1752,1965
050,47,187,"Tennessee","Williamson County",4,39,3962,1939,2023
050,47,187,"Tennessee","Williamson County",4,40,4026,1975,2051
050,47,187,"Tennessee","Williamson County",4,41,3986,1975,2011
050,47,187,"Tennessee","Williamson County",4,42,4210,2072,2138
050,47,187,"Tennessee","Williamson County",4,43,4088,2026,2062
050,47,187,"Tennessee","Williamson County",4,44,4059,1992,2067
050,47,187,"Tennessee","Williamson County",4,45,4176,2095,2081
050,47,187,"Tennessee","Williamson County",4,46,3940,1929,2011
050,47,187,"Tennessee","Williamson County",4,47,3923,1922,2001
050,47,187,"Tennessee","Williamson County",4,48,3758,1859,1899
050,47,187,"Tennessee","Williamson County",4,49,3844,1944,1900
050,47,187,"Tennessee","Williamson County",4,50,4070,2093,1977
050,47,187,"Tennessee","Williamson County",4,51,4295,2186,2109
050,47,187,"Tennessee","Williamson County",4,52,4150,2075,2075
050,47,187,"Tennessee","Williamson County",4,53,3850,1973,1877
050,47,187,"Tennessee","Williamson County",4,54,3603,1801,1802
050,47,187,"Tennessee","Williamson County",4,55,3463,1716,1747
050,47,187,"Tennessee","Williamson County",4,56,3471,1738,1733
050,47,187,"Tennessee","Williamson County",4,57,3518,1712,1806
050,47,187,"Tennessee","Williamson County",4,58,3564,1756,1808
050,47,187,"Tennessee","Williamson County",4,59,3449,1663,1786
050,47,187,"Tennessee","Williamson County",4,60,3264,1592,1672
050,47,187,"Tennessee","Williamson County",4,61,3295,1613,1682
050,47,187,"Tennessee","Williamson County",4,62,3194,1572,1622
050,47,187,"Tennessee","Williamson County",4,63,3089,1527,1562
050,47,187,"Tennessee","Williamson County",4,64,3096,1487,1609
050,47,187,"Tennessee","Williamson County",4,65,2976,1434,1542
050,47,187,"Tennessee","Williamson County",4,66,2771,1351,1420
050,47,187,"Tennessee","Williamson County",4,67,2625,1292,1333
050,47,187,"Tennessee","Williamson County",4,68,2492,1179,1313
050,47,187,"Tennessee","Williamson County",4,69,2349,1091,1258
050,47,187,"Tennessee","Williamson County",4,70,2275,1076,1199
050,47,187,"Tennessee","Williamson County",4,71,2100,985,1115
050,47,187,"Tennessee","Williamson County",4,72,2075,990,1085
050,47,187,"Tennessee","Williamson County",4,73,1947,927,1020
050,47,187,"Tennessee","Williamson County",4,74,1971,903,1068
050,47,187,"Tennessee","Williamson County",4,75,1999,982,1017
050,47,187,"Tennessee","Williamson County",4,76,1398,677,721
050,47,187,"Tennessee","Williamson County",4,77,1313,594,719
050,47,187,"Tennessee","Williamson County",4,78,1243,552,691
050,47,187,"Tennessee","Williamson County",4,79,1245,579,666
050,47,187,"Tennessee","Williamson County",4,80,1060,494,566
050,47,187,"Tennessee","Williamson County",4,81,840,401,439
050,47,187,"Tennessee","Williamson County",4,82,744,328,416
050,47,187,"Tennessee","Williamson County",4,83,671,277,394
050,47,187,"Tennessee","Williamson County",4,84,660,258,402
050,47,187,"Tennessee","Williamson County",4,85,3723,1437,2286
050,47,187,"Tennessee","Williamson County",5,0,2436,1271,1165
050,47,187,"Tennessee","Williamson County",5,1,2476,1261,1215
050,47,187,"Tennessee","Williamson County",5,2,2513,1310,1203
050,47,187,"Tennessee","Williamson County",5,3,2875,1454,1421
050,47,187,"Tennessee","Williamson County",5,4,3112,1614,1498
050,47,187,"Tennessee","Williamson County",5,5,3383,1737,1646
050,47,187,"Tennessee","Williamson County",5,6,3599,1841,1758
050,47,187,"Tennessee","Williamson County",5,7,3734,1889,1845
050,47,187,"Tennessee","Williamson County",5,8,3876,2001,1875
050,47,187,"Tennessee","Williamson County",5,9,3917,2034,1883
050,47,187,"Tennessee","Williamson County",5,10,3955,2043,1912
050,47,187,"Tennessee","Williamson County",5,11,4172,2178,1994
050,47,187,"Tennessee","Williamson County",5,12,4237,2205,2032
050,47,187,"Tennessee","Williamson County",5,13,4341,2233,2108
050,47,187,"Tennessee","Williamson County",5,14,4455,2318,2137
050,47,187,"Tennessee","Williamson County",5,15,4656,2411,2245
050,47,187,"Tennessee","Williamson County",5,16,4740,2378,2362
050,47,187,"Tennessee","Williamson County",5,17,4680,2371,2309
050,47,187,"Tennessee","Williamson County",5,18,3748,1942,1806
050,47,187,"Tennessee","Williamson County",5,19,2899,1520,1379
050,47,187,"Tennessee","Williamson County",5,20,3033,1535,1498
050,47,187,"Tennessee","Williamson County",5,21,3064,1529,1535
050,47,187,"Tennessee","Williamson County",5,22,3102,1523,1579
050,47,187,"Tennessee","Williamson County",5,23,2934,1466,1468
050,47,187,"Tennessee","Williamson County",5,24,2730,1395,1335
050,47,187,"Tennessee","Williamson County",5,25,2368,1213,1155
050,47,187,"Tennessee","Williamson County",5,26,2208,1101,1107
050,47,187,"Tennessee","Williamson County",5,27,2060,1063,997
050,47,187,"Tennessee","Williamson County",5,28,2068,1026,1042
050,47,187,"Tennessee","Williamson County",5,29,2058,995,1063
050,47,187,"Tennessee","Williamson County",5,30,2203,1023,1180
050,47,187,"Tennessee","Williamson County",5,31,2258,1058,1200
050,47,187,"Tennessee","Williamson County",5,32,2503,1201,1302
050,47,187,"Tennessee","Williamson County",5,33,2673,1292,1381
050,47,187,"Tennessee","Williamson County",5,34,2742,1277,1465
050,47,187,"Tennessee","Williamson County",5,35,2880,1332,1548
050,47,187,"Tennessee","Williamson County",5,36,3221,1511,1710
050,47,187,"Tennessee","Williamson County",5,37,3469,1657,1812
050,47,187,"Tennessee","Williamson County",5,38,3626,1728,1898
050,47,187,"Tennessee","Williamson County",5,39,3833,1821,2012
050,47,187,"Tennessee","Williamson County",5,40,4105,2029,2076
050,47,187,"Tennessee","Williamson County",5,41,4144,2036,2108
050,47,187,"Tennessee","Williamson County",5,42,4116,2026,2090
050,47,187,"Tennessee","Williamson County",5,43,4295,2125,2170
050,47,187,"Tennessee","Williamson County",5,44,4216,2093,2123
050,47,187,"Tennessee","Williamson County",5,45,4126,2041,2085
050,47,187,"Tennessee","Williamson County",5,46,4221,2102,2119
050,47,187,"Tennessee","Williamson County",5,47,3955,1936,2019
050,47,187,"Tennessee","Williamson County",5,48,3953,1954,1999
050,47,187,"Tennessee","Williamson County",5,49,3768,1862,1906
050,47,187,"Tennessee","Williamson County",5,50,3867,1955,1912
050,47,187,"Tennessee","Williamson County",5,51,4102,2118,1984
050,47,187,"Tennessee","Williamson County",5,52,4295,2193,2102
050,47,187,"Tennessee","Williamson County",5,53,4161,2075,2086
050,47,187,"Tennessee","Williamson County",5,54,3812,1956,1856
050,47,187,"Tennessee","Williamson County",5,55,3594,1805,1789
050,47,187,"Tennessee","Williamson County",5,56,3428,1690,1738
050,47,187,"Tennessee","Williamson County",5,57,3440,1716,1724
050,47,187,"Tennessee","Williamson County",5,58,3537,1703,1834
050,47,187,"Tennessee","Williamson County",5,59,3550,1757,1793
050,47,187,"Tennessee","Williamson County",5,60,3412,1642,1770
050,47,187,"Tennessee","Williamson County",5,61,3245,1605,1640
050,47,187,"Tennessee","Williamson County",5,62,3282,1602,1680
050,47,187,"Tennessee","Williamson County",5,63,3175,1566,1609
050,47,187,"Tennessee","Williamson County",5,64,3080,1518,1562
050,47,187,"Tennessee","Williamson County",5,65,3062,1483,1579
050,47,187,"Tennessee","Williamson County",5,66,2940,1398,1542
050,47,187,"Tennessee","Williamson County",5,67,2764,1346,1418
050,47,187,"Tennessee","Williamson County",5,68,2626,1292,1334
050,47,187,"Tennessee","Williamson County",5,69,2483,1160,1323
050,47,187,"Tennessee","Williamson County",5,70,2335,1072,1263
050,47,187,"Tennessee","Williamson County",5,71,2263,1077,1186
050,47,187,"Tennessee","Williamson County",5,72,2103,978,1125
050,47,187,"Tennessee","Williamson County",5,73,2038,965,1073
050,47,187,"Tennessee","Williamson County",5,74,1938,903,1035
050,47,187,"Tennessee","Williamson County",5,75,1954,902,1052
050,47,187,"Tennessee","Williamson County",5,76,1981,969,1012
050,47,187,"Tennessee","Williamson County",5,77,1377,658,719
050,47,187,"Tennessee","Williamson County",5,78,1302,573,729
050,47,187,"Tennessee","Williamson County",5,79,1228,546,682
050,47,187,"Tennessee","Williamson County",5,80,1219,574,645
050,47,187,"Tennessee","Williamson County",5,81,1053,490,563
050,47,187,"Tennessee","Williamson County",5,82,810,383,427
050,47,187,"Tennessee","Williamson County",5,83,715,299,416
050,47,187,"Tennessee","Williamson County",5,84,667,259,408
050,47,187,"Tennessee","Williamson County",5,85,3886,1518,2368
050,47,189,"Tennessee","Wilson County",1,0,1655,844,811
050,47,189,"Tennessee","Wilson County",1,1,1721,880,841
050,47,189,"Tennessee","Wilson County",1,2,1753,905,848
050,47,189,"Tennessee","Wilson County",1,3,1804,885,919
050,47,189,"Tennessee","Wilson County",1,4,1885,930,955
050,47,189,"Tennessee","Wilson County",1,5,1870,963,907
050,47,189,"Tennessee","Wilson County",1,6,1918,962,956
050,47,189,"Tennessee","Wilson County",1,7,1863,932,931
050,47,189,"Tennessee","Wilson County",1,8,1946,987,959
050,47,189,"Tennessee","Wilson County",1,9,1941,1005,936
050,47,189,"Tennessee","Wilson County",1,10,1997,1029,968
050,47,189,"Tennessee","Wilson County",1,11,2104,1061,1043
050,47,189,"Tennessee","Wilson County",1,12,2170,1084,1086
050,47,189,"Tennessee","Wilson County",1,13,2134,1135,999
050,47,189,"Tennessee","Wilson County",1,14,2091,1097,994
050,47,189,"Tennessee","Wilson County",1,15,2057,1071,986
050,47,189,"Tennessee","Wilson County",1,16,2042,1073,969
050,47,189,"Tennessee","Wilson County",1,17,1996,1048,948
050,47,189,"Tennessee","Wilson County",1,18,1769,954,815
050,47,189,"Tennessee","Wilson County",1,19,1555,851,704
050,47,189,"Tennessee","Wilson County",1,20,1537,822,715
050,47,189,"Tennessee","Wilson County",1,21,1528,784,744
050,47,189,"Tennessee","Wilson County",1,22,1516,773,743
050,47,189,"Tennessee","Wilson County",1,23,1551,806,745
050,47,189,"Tennessee","Wilson County",1,24,1596,837,759
050,47,189,"Tennessee","Wilson County",1,25,1542,778,764
050,47,189,"Tennessee","Wilson County",1,26,1582,759,823
050,47,189,"Tennessee","Wilson County",1,27,1644,814,830
050,47,189,"Tennessee","Wilson County",1,28,1732,838,894
050,47,189,"Tennessee","Wilson County",1,29,1786,865,921
050,47,189,"Tennessee","Wilson County",1,30,1828,914,914
050,47,189,"Tennessee","Wilson County",1,31,1820,853,967
050,47,189,"Tennessee","Wilson County",1,32,1862,873,989
050,47,189,"Tennessee","Wilson County",1,33,1831,887,944
050,47,189,"Tennessee","Wilson County",1,34,1982,962,1020
050,47,189,"Tennessee","Wilson County",1,35,1962,938,1024
050,47,189,"Tennessee","Wilson County",1,36,2017,975,1042
050,47,189,"Tennessee","Wilson County",1,37,2108,1043,1065
050,47,189,"Tennessee","Wilson County",1,38,2206,1074,1132
050,47,189,"Tennessee","Wilson County",1,39,2150,1032,1118
050,47,189,"Tennessee","Wilson County",1,40,2094,1051,1043
050,47,189,"Tennessee","Wilson County",1,41,2059,1040,1019
050,47,189,"Tennessee","Wilson County",1,42,2108,1033,1075
050,47,189,"Tennessee","Wilson County",1,43,2033,1010,1023
050,47,189,"Tennessee","Wilson County",1,44,1979,988,991
050,47,189,"Tennessee","Wilson County",1,45,1969,1007,962
050,47,189,"Tennessee","Wilson County",1,46,2008,1072,936
050,47,189,"Tennessee","Wilson County",1,47,2016,1010,1006
050,47,189,"Tennessee","Wilson County",1,48,2158,1048,1110
050,47,189,"Tennessee","Wilson County",1,49,2228,1120,1108
050,47,189,"Tennessee","Wilson County",1,50,2145,1098,1047
050,47,189,"Tennessee","Wilson County",1,51,2100,1071,1029
050,47,189,"Tennessee","Wilson County",1,52,2003,1006,997
050,47,189,"Tennessee","Wilson County",1,53,1928,978,950
050,47,189,"Tennessee","Wilson County",1,54,1934,959,975
050,47,189,"Tennessee","Wilson County",1,55,2082,1050,1032
050,47,189,"Tennessee","Wilson County",1,56,2128,1049,1079
050,47,189,"Tennessee","Wilson County",1,57,2164,1064,1100
050,47,189,"Tennessee","Wilson County",1,58,2140,1052,1088
050,47,189,"Tennessee","Wilson County",1,59,2041,1009,1032
050,47,189,"Tennessee","Wilson County",1,60,1977,977,1000
050,47,189,"Tennessee","Wilson County",1,61,1936,946,990
050,47,189,"Tennessee","Wilson County",1,62,1867,923,944
050,47,189,"Tennessee","Wilson County",1,63,1752,846,906
050,47,189,"Tennessee","Wilson County",1,64,1733,835,898
050,47,189,"Tennessee","Wilson County",1,65,1660,779,881
050,47,189,"Tennessee","Wilson County",1,66,1666,821,845
050,47,189,"Tennessee","Wilson County",1,67,1559,737,822
050,47,189,"Tennessee","Wilson County",1,68,1527,712,815
050,47,189,"Tennessee","Wilson County",1,69,1419,661,758
050,47,189,"Tennessee","Wilson County",1,70,1441,687,754
050,47,189,"Tennessee","Wilson County",1,71,1342,627,715
050,47,189,"Tennessee","Wilson County",1,72,1385,637,748
050,47,189,"Tennessee","Wilson County",1,73,1425,676,749
050,47,189,"Tennessee","Wilson County",1,74,968,468,500
050,47,189,"Tennessee","Wilson County",1,75,976,448,528
050,47,189,"Tennessee","Wilson County",1,76,959,444,515
050,47,189,"Tennessee","Wilson County",1,77,918,416,502
050,47,189,"Tennessee","Wilson County",1,78,781,352,429
050,47,189,"Tennessee","Wilson County",1,79,717,321,396
050,47,189,"Tennessee","Wilson County",1,80,617,276,341
050,47,189,"Tennessee","Wilson County",1,81,545,243,302
050,47,189,"Tennessee","Wilson County",1,82,528,239,289
050,47,189,"Tennessee","Wilson County",1,83,452,206,246
050,47,189,"Tennessee","Wilson County",1,84,386,144,242
050,47,189,"Tennessee","Wilson County",1,85,1844,649,1195
050,47,189,"Tennessee","Wilson County",2,0,1640,825,815
050,47,189,"Tennessee","Wilson County",2,1,1723,879,844
050,47,189,"Tennessee","Wilson County",2,2,1765,908,857
050,47,189,"Tennessee","Wilson County",2,3,1805,898,907
050,47,189,"Tennessee","Wilson County",2,4,1891,936,955
050,47,189,"Tennessee","Wilson County",2,5,1893,964,929
050,47,189,"Tennessee","Wilson County",2,6,1923,970,953
050,47,189,"Tennessee","Wilson County",2,7,1886,944,942
050,47,189,"Tennessee","Wilson County",2,8,1927,976,951
050,47,189,"Tennessee","Wilson County",2,9,1954,1009,945
050,47,189,"Tennessee","Wilson County",2,10,1998,1031,967
050,47,189,"Tennessee","Wilson County",2,11,2087,1056,1031
050,47,189,"Tennessee","Wilson County",2,12,2173,1089,1084
050,47,189,"Tennessee","Wilson County",2,13,2143,1123,1020
050,47,189,"Tennessee","Wilson County",2,14,2109,1111,998
050,47,189,"Tennessee","Wilson County",2,15,2074,1082,992
050,47,189,"Tennessee","Wilson County",2,16,2048,1076,972
050,47,189,"Tennessee","Wilson County",2,17,2014,1059,955
050,47,189,"Tennessee","Wilson County",2,18,1766,949,817
050,47,189,"Tennessee","Wilson County",2,19,1554,852,702
050,47,189,"Tennessee","Wilson County",2,20,1584,848,736
050,47,189,"Tennessee","Wilson County",2,21,1552,797,755
050,47,189,"Tennessee","Wilson County",2,22,1541,789,752
050,47,189,"Tennessee","Wilson County",2,23,1566,811,755
050,47,189,"Tennessee","Wilson County",2,24,1596,837,759
050,47,189,"Tennessee","Wilson County",2,25,1565,791,774
050,47,189,"Tennessee","Wilson County",2,26,1595,779,816
050,47,189,"Tennessee","Wilson County",2,27,1646,807,839
050,47,189,"Tennessee","Wilson County",2,28,1728,839,889
050,47,189,"Tennessee","Wilson County",2,29,1802,873,929
050,47,189,"Tennessee","Wilson County",2,30,1847,914,933
050,47,189,"Tennessee","Wilson County",2,31,1848,887,961
050,47,189,"Tennessee","Wilson County",2,32,1870,879,991
050,47,189,"Tennessee","Wilson County",2,33,1859,895,964
050,47,189,"Tennessee","Wilson County",2,34,1966,953,1013
050,47,189,"Tennessee","Wilson County",2,35,1994,956,1038
050,47,189,"Tennessee","Wilson County",2,36,2007,965,1042
050,47,189,"Tennessee","Wilson County",2,37,2111,1041,1070
050,47,189,"Tennessee","Wilson County",2,38,2203,1076,1127
050,47,189,"Tennessee","Wilson County",2,39,2173,1051,1122
050,47,189,"Tennessee","Wilson County",2,40,2133,1057,1076
050,47,189,"Tennessee","Wilson County",2,41,2077,1049,1028
050,47,189,"Tennessee","Wilson County",2,42,2100,1037,1063
050,47,189,"Tennessee","Wilson County",2,43,2085,1031,1054
050,47,189,"Tennessee","Wilson County",2,44,1985,993,992
050,47,189,"Tennessee","Wilson County",2,45,1992,1015,977
050,47,189,"Tennessee","Wilson County",2,46,2004,1058,946
050,47,189,"Tennessee","Wilson County",2,47,2018,1027,991
050,47,189,"Tennessee","Wilson County",2,48,2129,1042,1087
050,47,189,"Tennessee","Wilson County",2,49,2229,1114,1115
050,47,189,"Tennessee","Wilson County",2,50,2182,1114,1068
050,47,189,"Tennessee","Wilson County",2,51,2113,1081,1032
050,47,189,"Tennessee","Wilson County",2,52,2021,1016,1005
050,47,189,"Tennessee","Wilson County",2,53,1952,987,965
050,47,189,"Tennessee","Wilson County",2,54,1936,965,971
050,47,189,"Tennessee","Wilson County",2,55,2053,1027,1026
050,47,189,"Tennessee","Wilson County",2,56,2132,1054,1078
050,47,189,"Tennessee","Wilson County",2,57,2176,1074,1102
050,47,189,"Tennessee","Wilson County",2,58,2142,1054,1088
050,47,189,"Tennessee","Wilson County",2,59,2084,1030,1054
050,47,189,"Tennessee","Wilson County",2,60,2001,984,1017
050,47,189,"Tennessee","Wilson County",2,61,1938,950,988
050,47,189,"Tennessee","Wilson County",2,62,1881,931,950
050,47,189,"Tennessee","Wilson County",2,63,1796,873,923
050,47,189,"Tennessee","Wilson County",2,64,1732,830,902
050,47,189,"Tennessee","Wilson County",2,65,1677,793,884
050,47,189,"Tennessee","Wilson County",2,66,1666,817,849
050,47,189,"Tennessee","Wilson County",2,67,1574,754,820
050,47,189,"Tennessee","Wilson County",2,68,1530,714,816
050,47,189,"Tennessee","Wilson County",2,69,1445,668,777
050,47,189,"Tennessee","Wilson County",2,70,1430,680,750
050,47,189,"Tennessee","Wilson County",2,71,1367,641,726
050,47,189,"Tennessee","Wilson County",2,72,1351,621,730
050,47,189,"Tennessee","Wilson County",2,73,1478,695,783
050,47,189,"Tennessee","Wilson County",2,74,1001,479,522
050,47,189,"Tennessee","Wilson County",2,75,975,452,523
050,47,189,"Tennessee","Wilson County",2,76,953,442,511
050,47,189,"Tennessee","Wilson County",2,77,937,425,512
050,47,189,"Tennessee","Wilson County",2,78,796,361,435
050,47,189,"Tennessee","Wilson County",2,79,723,322,401
050,47,189,"Tennessee","Wilson County",2,80,641,285,356
050,47,189,"Tennessee","Wilson County",2,81,547,245,302
050,47,189,"Tennessee","Wilson County",2,82,529,240,289
050,47,189,"Tennessee","Wilson County",2,83,460,207,253
050,47,189,"Tennessee","Wilson County",2,84,395,152,243
050,47,189,"Tennessee","Wilson County",2,85,1867,654,1213
050,47,189,"Tennessee","Wilson County",3,0,1660,822,838
050,47,189,"Tennessee","Wilson County",3,1,1702,841,861
050,47,189,"Tennessee","Wilson County",3,2,1809,919,890
050,47,189,"Tennessee","Wilson County",3,3,1848,960,888
050,47,189,"Tennessee","Wilson County",3,4,1853,925,928
050,47,189,"Tennessee","Wilson County",3,5,1975,979,996
050,47,189,"Tennessee","Wilson County",3,6,1944,996,948
050,47,189,"Tennessee","Wilson County",3,7,1980,1006,974
050,47,189,"Tennessee","Wilson County",3,8,1940,974,966
050,47,189,"Tennessee","Wilson County",3,9,2009,1015,994
050,47,189,"Tennessee","Wilson County",3,10,1978,997,981
050,47,189,"Tennessee","Wilson County",3,11,2058,1058,1000
050,47,189,"Tennessee","Wilson County",3,12,2124,1078,1046
050,47,189,"Tennessee","Wilson County",3,13,2208,1109,1099
050,47,189,"Tennessee","Wilson County",3,14,2176,1164,1012
050,47,189,"Tennessee","Wilson County",3,15,2144,1119,1025
050,47,189,"Tennessee","Wilson County",3,16,2090,1085,1005
050,47,189,"Tennessee","Wilson County",3,17,2062,1104,958
050,47,189,"Tennessee","Wilson County",3,18,1812,963,849
050,47,189,"Tennessee","Wilson County",3,19,1488,819,669
050,47,189,"Tennessee","Wilson County",3,20,1612,889,723
050,47,189,"Tennessee","Wilson County",3,21,1634,847,787
050,47,189,"Tennessee","Wilson County",3,22,1636,811,825
050,47,189,"Tennessee","Wilson County",3,23,1600,837,763
050,47,189,"Tennessee","Wilson County",3,24,1588,801,787
050,47,189,"Tennessee","Wilson County",3,25,1587,817,770
050,47,189,"Tennessee","Wilson County",3,26,1613,818,795
050,47,189,"Tennessee","Wilson County",3,27,1699,797,902
050,47,189,"Tennessee","Wilson County",3,28,1742,867,875
050,47,189,"Tennessee","Wilson County",3,29,1831,871,960
050,47,189,"Tennessee","Wilson County",3,30,1940,949,991
050,47,189,"Tennessee","Wilson County",3,31,1998,986,1012
050,47,189,"Tennessee","Wilson County",3,32,1967,956,1011
050,47,189,"Tennessee","Wilson County",3,33,2002,949,1053
050,47,189,"Tennessee","Wilson County",3,34,1994,956,1038
050,47,189,"Tennessee","Wilson County",3,35,2056,993,1063
050,47,189,"Tennessee","Wilson County",3,36,2112,1030,1082
050,47,189,"Tennessee","Wilson County",3,37,2116,1040,1076
050,47,189,"Tennessee","Wilson County",3,38,2178,1081,1097
050,47,189,"Tennessee","Wilson County",3,39,2283,1126,1157
050,47,189,"Tennessee","Wilson County",3,40,2220,1078,1142
050,47,189,"Tennessee","Wilson County",3,41,2171,1097,1074
050,47,189,"Tennessee","Wilson County",3,42,2129,1085,1044
050,47,189,"Tennessee","Wilson County",3,43,2114,1037,1077
050,47,189,"Tennessee","Wilson County",3,44,2148,1077,1071
050,47,189,"Tennessee","Wilson County",3,45,2025,1037,988
050,47,189,"Tennessee","Wilson County",3,46,2066,1036,1030
050,47,189,"Tennessee","Wilson County",3,47,2028,1081,947
050,47,189,"Tennessee","Wilson County",3,48,2030,1015,1015
050,47,189,"Tennessee","Wilson County",3,49,2133,1048,1085
050,47,189,"Tennessee","Wilson County",3,50,2228,1099,1129
050,47,189,"Tennessee","Wilson County",3,51,2254,1161,1093
050,47,189,"Tennessee","Wilson County",3,52,2114,1068,1046
050,47,189,"Tennessee","Wilson County",3,53,2037,1030,1007
050,47,189,"Tennessee","Wilson County",3,54,1973,1005,968
050,47,189,"Tennessee","Wilson County",3,55,1940,931,1009
050,47,189,"Tennessee","Wilson County",3,56,2046,1014,1032
050,47,189,"Tennessee","Wilson County",3,57,2122,1055,1067
050,47,189,"Tennessee","Wilson County",3,58,2187,1084,1103
050,47,189,"Tennessee","Wilson County",3,59,2156,1049,1107
050,47,189,"Tennessee","Wilson County",3,60,2081,1024,1057
050,47,189,"Tennessee","Wilson County",3,61,2002,976,1026
050,47,189,"Tennessee","Wilson County",3,62,1931,953,978
050,47,189,"Tennessee","Wilson County",3,63,1884,911,973
050,47,189,"Tennessee","Wilson County",3,64,1766,857,909
050,47,189,"Tennessee","Wilson County",3,65,1710,809,901
050,47,189,"Tennessee","Wilson County",3,66,1666,792,874
050,47,189,"Tennessee","Wilson County",3,67,1642,799,843
050,47,189,"Tennessee","Wilson County",3,68,1590,746,844
050,47,189,"Tennessee","Wilson County",3,69,1509,694,815
050,47,189,"Tennessee","Wilson County",3,70,1419,655,764
050,47,189,"Tennessee","Wilson County",3,71,1408,679,729
050,47,189,"Tennessee","Wilson County",3,72,1334,614,720
050,47,189,"Tennessee","Wilson County",3,73,1343,618,725
050,47,189,"Tennessee","Wilson County",3,74,1440,676,764
050,47,189,"Tennessee","Wilson County",3,75,994,468,526
050,47,189,"Tennessee","Wilson County",3,76,960,435,525
050,47,189,"Tennessee","Wilson County",3,77,907,419,488
050,47,189,"Tennessee","Wilson County",3,78,915,417,498
050,47,189,"Tennessee","Wilson County",3,79,772,352,420
050,47,189,"Tennessee","Wilson County",3,80,688,296,392
050,47,189,"Tennessee","Wilson County",3,81,565,241,324
050,47,189,"Tennessee","Wilson County",3,82,528,224,304
050,47,189,"Tennessee","Wilson County",3,83,468,213,255
050,47,189,"Tennessee","Wilson County",3,84,414,168,246
050,47,189,"Tennessee","Wilson County",3,85,1931,688,1243
050,47,189,"Tennessee","Wilson County",4,0,1706,865,841
050,47,189,"Tennessee","Wilson County",4,1,1818,897,921
050,47,189,"Tennessee","Wilson County",4,2,1898,939,959
050,47,189,"Tennessee","Wilson County",4,3,1953,983,970
050,47,189,"Tennessee","Wilson County",4,4,1992,1024,968
050,47,189,"Tennessee","Wilson County",4,5,1943,980,963
050,47,189,"Tennessee","Wilson County",4,6,2105,1034,1071
050,47,189,"Tennessee","Wilson County",4,7,2052,1047,1005
050,47,189,"Tennessee","Wilson County",4,8,2083,1066,1017
050,47,189,"Tennessee","Wilson County",4,9,2032,1027,1005
050,47,189,"Tennessee","Wilson County",4,10,2120,1070,1050
050,47,189,"Tennessee","Wilson County",4,11,2079,1058,1021
050,47,189,"Tennessee","Wilson County",4,12,2123,1106,1017
050,47,189,"Tennessee","Wilson County",4,13,2192,1114,1078
050,47,189,"Tennessee","Wilson County",4,14,2292,1161,1131
050,47,189,"Tennessee","Wilson County",4,15,2246,1194,1052
050,47,189,"Tennessee","Wilson County",4,16,2222,1160,1062
050,47,189,"Tennessee","Wilson County",4,17,2126,1121,1005
050,47,189,"Tennessee","Wilson County",4,18,1812,977,835
050,47,189,"Tennessee","Wilson County",4,19,1505,805,700
050,47,189,"Tennessee","Wilson County",4,20,1587,863,724
050,47,189,"Tennessee","Wilson County",4,21,1697,913,784
050,47,189,"Tennessee","Wilson County",4,22,1730,880,850
050,47,189,"Tennessee","Wilson County",4,23,1758,874,884
050,47,189,"Tennessee","Wilson County",4,24,1723,882,841
050,47,189,"Tennessee","Wilson County",4,25,1668,822,846
050,47,189,"Tennessee","Wilson County",4,26,1755,900,855
050,47,189,"Tennessee","Wilson County",4,27,1783,874,909
050,47,189,"Tennessee","Wilson County",4,28,1878,909,969
050,47,189,"Tennessee","Wilson County",4,29,1923,960,963
050,47,189,"Tennessee","Wilson County",4,30,1983,953,1030
050,47,189,"Tennessee","Wilson County",4,31,2204,1081,1123
050,47,189,"Tennessee","Wilson County",4,32,2214,1090,1124
050,47,189,"Tennessee","Wilson County",4,33,2143,1053,1090
050,47,189,"Tennessee","Wilson County",4,34,2227,1065,1162
050,47,189,"Tennessee","Wilson County",4,35,2199,1056,1143
050,47,189,"Tennessee","Wilson County",4,36,2234,1081,1153
050,47,189,"Tennessee","Wilson County",4,37,2271,1111,1160
050,47,189,"Tennessee","Wilson County",4,38,2236,1086,1150
050,47,189,"Tennessee","Wilson County",4,39,2309,1165,1144
050,47,189,"Tennessee","Wilson County",4,40,2414,1187,1227
050,47,189,"Tennessee","Wilson County",4,41,2326,1143,1183
050,47,189,"Tennessee","Wilson County",4,42,2245,1134,1111
050,47,189,"Tennessee","Wilson County",4,43,2228,1136,1092
050,47,189,"Tennessee","Wilson County",4,44,2199,1069,1130
050,47,189,"Tennessee","Wilson County",4,45,2186,1104,1082
050,47,189,"Tennessee","Wilson County",4,46,2083,1070,1013
050,47,189,"Tennessee","Wilson County",4,47,2071,1049,1022
050,47,189,"Tennessee","Wilson County",4,48,2062,1078,984
050,47,189,"Tennessee","Wilson County",4,49,2051,1025,1026
050,47,189,"Tennessee","Wilson County",4,50,2223,1085,1138
050,47,189,"Tennessee","Wilson County",4,51,2255,1124,1131
050,47,189,"Tennessee","Wilson County",4,52,2299,1182,1117
050,47,189,"Tennessee","Wilson County",4,53,2162,1103,1059
050,47,189,"Tennessee","Wilson County",4,54,2110,1052,1058
050,47,189,"Tennessee","Wilson County",4,55,2011,1020,991
050,47,189,"Tennessee","Wilson County",4,56,1951,940,1011
050,47,189,"Tennessee","Wilson County",4,57,2074,1032,1042
050,47,189,"Tennessee","Wilson County",4,58,2146,1050,1096
050,47,189,"Tennessee","Wilson County",4,59,2215,1098,1117
050,47,189,"Tennessee","Wilson County",4,60,2168,1056,1112
050,47,189,"Tennessee","Wilson County",4,61,2142,1039,1103
050,47,189,"Tennessee","Wilson County",4,62,1995,965,1030
050,47,189,"Tennessee","Wilson County",4,63,1984,981,1003
050,47,189,"Tennessee","Wilson County",4,64,1889,926,963
050,47,189,"Tennessee","Wilson County",4,65,1815,877,938
050,47,189,"Tennessee","Wilson County",4,66,1722,795,927
050,47,189,"Tennessee","Wilson County",4,67,1648,781,867
050,47,189,"Tennessee","Wilson County",4,68,1670,811,859
050,47,189,"Tennessee","Wilson County",4,69,1556,718,838
050,47,189,"Tennessee","Wilson County",4,70,1495,683,812
050,47,189,"Tennessee","Wilson County",4,71,1404,648,756
050,47,189,"Tennessee","Wilson County",4,72,1367,651,716
050,47,189,"Tennessee","Wilson County",4,73,1328,604,724
050,47,189,"Tennessee","Wilson County",4,74,1325,612,713
050,47,189,"Tennessee","Wilson County",4,75,1422,657,765
050,47,189,"Tennessee","Wilson County",4,76,987,464,523
050,47,189,"Tennessee","Wilson County",4,77,906,399,507
050,47,189,"Tennessee","Wilson County",4,78,888,403,485
050,47,189,"Tennessee","Wilson County",4,79,873,383,490
050,47,189,"Tennessee","Wilson County",4,80,734,323,411
050,47,189,"Tennessee","Wilson County",4,81,627,263,364
050,47,189,"Tennessee","Wilson County",4,82,535,226,309
050,47,189,"Tennessee","Wilson County",4,83,492,214,278
050,47,189,"Tennessee","Wilson County",4,84,435,187,248
050,47,189,"Tennessee","Wilson County",4,85,2054,736,1318
050,47,189,"Tennessee","Wilson County",5,0,1707,867,840
050,47,189,"Tennessee","Wilson County",5,1,1870,963,907
050,47,189,"Tennessee","Wilson County",5,2,1927,971,956
050,47,189,"Tennessee","Wilson County",5,3,2014,1012,1002
050,47,189,"Tennessee","Wilson County",5,4,2037,1025,1012
050,47,189,"Tennessee","Wilson County",5,5,2107,1102,1005
050,47,189,"Tennessee","Wilson County",5,6,2057,1019,1038
050,47,189,"Tennessee","Wilson County",5,7,2180,1056,1124
050,47,189,"Tennessee","Wilson County",5,8,2147,1105,1042
050,47,189,"Tennessee","Wilson County",5,9,2173,1100,1073
050,47,189,"Tennessee","Wilson County",5,10,2127,1054,1073
050,47,189,"Tennessee","Wilson County",5,11,2195,1103,1092
050,47,189,"Tennessee","Wilson County",5,12,2135,1090,1045
050,47,189,"Tennessee","Wilson County",5,13,2172,1125,1047
050,47,189,"Tennessee","Wilson County",5,14,2263,1141,1122
050,47,189,"Tennessee","Wilson County",5,15,2352,1190,1162
050,47,189,"Tennessee","Wilson County",5,16,2264,1204,1060
050,47,189,"Tennessee","Wilson County",5,17,2263,1172,1091
050,47,189,"Tennessee","Wilson County",5,18,1884,1000,884
050,47,189,"Tennessee","Wilson County",5,19,1548,846,702
050,47,189,"Tennessee","Wilson County",5,20,1635,870,765
050,47,189,"Tennessee","Wilson County",5,21,1701,901,800
050,47,189,"Tennessee","Wilson County",5,22,1801,952,849
050,47,189,"Tennessee","Wilson County",5,23,1846,927,919
050,47,189,"Tennessee","Wilson County",5,24,1869,940,929
050,47,189,"Tennessee","Wilson County",5,25,1818,908,910
050,47,189,"Tennessee","Wilson County",5,26,1833,899,934
050,47,189,"Tennessee","Wilson County",5,27,1902,961,941
050,47,189,"Tennessee","Wilson County",5,28,1913,938,975
050,47,189,"Tennessee","Wilson County",5,29,2028,994,1034
050,47,189,"Tennessee","Wilson County",5,30,2089,1053,1036
050,47,189,"Tennessee","Wilson County",5,31,2123,1032,1091
050,47,189,"Tennessee","Wilson County",5,32,2321,1117,1204
050,47,189,"Tennessee","Wilson County",5,33,2355,1165,1190
050,47,189,"Tennessee","Wilson County",5,34,2332,1143,1189
050,47,189,"Tennessee","Wilson County",5,35,2315,1104,1211
050,47,189,"Tennessee","Wilson County",5,36,2340,1130,1210
050,47,189,"Tennessee","Wilson County",5,37,2324,1154,1170
050,47,189,"Tennessee","Wilson County",5,38,2367,1154,1213
050,47,189,"Tennessee","Wilson County",5,39,2343,1148,1195
050,47,189,"Tennessee","Wilson County",5,40,2411,1218,1193
050,47,189,"Tennessee","Wilson County",5,41,2496,1224,1272
050,47,189,"Tennessee","Wilson County",5,42,2360,1171,1189
050,47,189,"Tennessee","Wilson County",5,43,2339,1169,1170
050,47,189,"Tennessee","Wilson County",5,44,2259,1152,1107
050,47,189,"Tennessee","Wilson County",5,45,2279,1111,1168
050,47,189,"Tennessee","Wilson County",5,46,2262,1140,1122
050,47,189,"Tennessee","Wilson County",5,47,2110,1066,1044
050,47,189,"Tennessee","Wilson County",5,48,2107,1069,1038
050,47,189,"Tennessee","Wilson County",5,49,2076,1089,987
050,47,189,"Tennessee","Wilson County",5,50,2105,1052,1053
050,47,189,"Tennessee","Wilson County",5,51,2245,1089,1156
050,47,189,"Tennessee","Wilson County",5,52,2282,1140,1142
050,47,189,"Tennessee","Wilson County",5,53,2319,1192,1127
050,47,189,"Tennessee","Wilson County",5,54,2182,1110,1072
050,47,189,"Tennessee","Wilson County",5,55,2118,1062,1056
050,47,189,"Tennessee","Wilson County",5,56,2003,1016,987
050,47,189,"Tennessee","Wilson County",5,57,1984,948,1036
050,47,189,"Tennessee","Wilson County",5,58,2063,1033,1030
050,47,189,"Tennessee","Wilson County",5,59,2139,1046,1093
050,47,189,"Tennessee","Wilson County",5,60,2204,1086,1118
050,47,189,"Tennessee","Wilson County",5,61,2123,1020,1103
050,47,189,"Tennessee","Wilson County",5,62,2121,1027,1094
050,47,189,"Tennessee","Wilson County",5,63,1990,967,1023
050,47,189,"Tennessee","Wilson County",5,64,1971,972,999
050,47,189,"Tennessee","Wilson County",5,65,1885,916,969
050,47,189,"Tennessee","Wilson County",5,66,1796,868,928
050,47,189,"Tennessee","Wilson County",5,67,1710,790,920
050,47,189,"Tennessee","Wilson County",5,68,1670,778,892
050,47,189,"Tennessee","Wilson County",5,69,1644,782,862
050,47,189,"Tennessee","Wilson County",5,70,1538,711,827
050,47,189,"Tennessee","Wilson County",5,71,1489,681,808
050,47,189,"Tennessee","Wilson County",5,72,1372,627,745
050,47,189,"Tennessee","Wilson County",5,73,1361,646,715
050,47,189,"Tennessee","Wilson County",5,74,1289,587,702
050,47,189,"Tennessee","Wilson County",5,75,1300,593,707
050,47,189,"Tennessee","Wilson County",5,76,1411,639,772
050,47,189,"Tennessee","Wilson County",5,77,934,430,504
050,47,189,"Tennessee","Wilson County",5,78,884,383,501
050,47,189,"Tennessee","Wilson County",5,79,850,381,469
050,47,189,"Tennessee","Wilson County",5,80,846,366,480
050,47,189,"Tennessee","Wilson County",5,81,675,288,387
050,47,189,"Tennessee","Wilson County",5,82,597,246,351
050,47,189,"Tennessee","Wilson County",5,83,504,212,292
050,47,189,"Tennessee","Wilson County",5,84,462,191,271
050,47,189,"Tennessee","Wilson County",5,85,2232,824,1408

