"SUMLEV","STATE","COUNTY","STNAME","CTYNAME","YEAR","AGE","TOT_POP","TOT_MALE","TOT_FEMALE"
050,12,001,"Florida","Alachua County",1,0,2719,1392,1327
050,12,001,"Florida","Alachua County",1,1,2710,1375,1335
050,12,001,"Florida","Alachua County",1,2,2761,1400,1361
050,12,001,"Florida","Alachua County",1,3,2855,1439,1416
050,12,001,"Florida","Alachua County",1,4,2812,1375,1437
050,12,001,"Florida","Alachua County",1,5,2872,1447,1425
050,12,001,"Florida","Alachua County",1,6,2833,1446,1387
050,12,001,"Florida","Alachua County",1,7,2842,1455,1387
050,12,001,"Florida","Alachua County",1,8,2959,1472,1487
050,12,001,"Florida","Alachua County",1,9,2830,1437,1393
050,12,001,"Florida","Alachua County",1,10,2802,1453,1349
050,12,001,"Florida","Alachua County",1,11,2898,1477,1421
050,12,001,"Florida","Alachua County",1,12,2923,1519,1404
050,12,001,"Florida","Alachua County",1,13,2786,1396,1390
050,12,001,"Florida","Alachua County",1,14,2692,1376,1316
050,12,001,"Florida","Alachua County",1,15,2704,1354,1350
050,12,001,"Florida","Alachua County",1,16,2654,1363,1291
050,12,001,"Florida","Alachua County",1,17,2602,1310,1292
050,12,001,"Florida","Alachua County",1,18,5724,2590,3134
050,12,001,"Florida","Alachua County",1,19,10185,4620,5565
050,12,001,"Florida","Alachua County",1,20,10796,4856,5940
050,12,001,"Florida","Alachua County",1,21,10628,4981,5647
050,12,001,"Florida","Alachua County",1,22,8617,4407,4210
050,12,001,"Florida","Alachua County",1,23,6766,3458,3308
050,12,001,"Florida","Alachua County",1,24,5643,2873,2770
050,12,001,"Florida","Alachua County",1,25,5135,2618,2517
050,12,001,"Florida","Alachua County",1,26,4606,2375,2231
050,12,001,"Florida","Alachua County",1,27,4146,2013,2133
050,12,001,"Florida","Alachua County",1,28,4286,2085,2201
050,12,001,"Florida","Alachua County",1,29,4466,2126,2340
050,12,001,"Florida","Alachua County",1,30,4225,2080,2145
050,12,001,"Florida","Alachua County",1,31,4072,2043,2029
050,12,001,"Florida","Alachua County",1,32,3795,1885,1910
050,12,001,"Florida","Alachua County",1,33,3708,1880,1828
050,12,001,"Florida","Alachua County",1,34,3560,1784,1776
050,12,001,"Florida","Alachua County",1,35,3442,1683,1759
050,12,001,"Florida","Alachua County",1,36,3332,1702,1630
050,12,001,"Florida","Alachua County",1,37,3410,1707,1703
050,12,001,"Florida","Alachua County",1,38,3370,1694,1676
050,12,001,"Florida","Alachua County",1,39,3367,1697,1670
050,12,001,"Florida","Alachua County",1,40,3186,1579,1607
050,12,001,"Florida","Alachua County",1,41,2981,1476,1505
050,12,001,"Florida","Alachua County",1,42,2957,1461,1496
050,12,001,"Florida","Alachua County",1,43,2898,1429,1469
050,12,001,"Florida","Alachua County",1,44,2746,1343,1403
050,12,001,"Florida","Alachua County",1,45,2705,1335,1370
050,12,001,"Florida","Alachua County",1,46,2610,1292,1318
050,12,001,"Florida","Alachua County",1,47,2651,1350,1301
050,12,001,"Florida","Alachua County",1,48,2708,1334,1374
050,12,001,"Florida","Alachua County",1,49,2872,1439,1433
050,12,001,"Florida","Alachua County",1,50,2674,1319,1355
050,12,001,"Florida","Alachua County",1,51,2639,1276,1363
050,12,001,"Florida","Alachua County",1,52,2596,1290,1306
050,12,001,"Florida","Alachua County",1,53,2541,1226,1315
050,12,001,"Florida","Alachua County",1,54,2662,1284,1378
050,12,001,"Florida","Alachua County",1,55,2764,1311,1453
050,12,001,"Florida","Alachua County",1,56,2868,1329,1539
050,12,001,"Florida","Alachua County",1,57,2893,1365,1528
050,12,001,"Florida","Alachua County",1,58,2986,1470,1516
050,12,001,"Florida","Alachua County",1,59,2980,1409,1571
050,12,001,"Florida","Alachua County",1,60,2929,1336,1593
050,12,001,"Florida","Alachua County",1,61,2921,1358,1563
050,12,001,"Florida","Alachua County",1,62,3023,1388,1635
050,12,001,"Florida","Alachua County",1,63,2950,1349,1601
050,12,001,"Florida","Alachua County",1,64,2835,1275,1560
050,12,001,"Florida","Alachua County",1,65,2840,1355,1485
050,12,001,"Florida","Alachua County",1,66,2872,1337,1535
050,12,001,"Florida","Alachua County",1,67,2721,1248,1473
050,12,001,"Florida","Alachua County",1,68,2686,1224,1462
050,12,001,"Florida","Alachua County",1,69,2539,1173,1366
050,12,001,"Florida","Alachua County",1,70,2441,1110,1331
050,12,001,"Florida","Alachua County",1,71,2330,1060,1270
050,12,001,"Florida","Alachua County",1,72,2264,1052,1212
050,12,001,"Florida","Alachua County",1,73,2271,1078,1193
050,12,001,"Florida","Alachua County",1,74,1633,743,890
050,12,001,"Florida","Alachua County",1,75,1617,727,890
050,12,001,"Florida","Alachua County",1,76,1562,719,843
050,12,001,"Florida","Alachua County",1,77,1489,704,785
050,12,001,"Florida","Alachua County",1,78,1299,597,702
050,12,001,"Florida","Alachua County",1,79,1153,511,642
050,12,001,"Florida","Alachua County",1,80,1009,434,575
050,12,001,"Florida","Alachua County",1,81,975,402,573
050,12,001,"Florida","Alachua County",1,82,895,369,526
050,12,001,"Florida","Alachua County",1,83,810,348,462
050,12,001,"Florida","Alachua County",1,84,668,248,420
050,12,001,"Florida","Alachua County",1,85,4292,1575,2717
050,12,001,"Florida","Alachua County",2,0,2636,1346,1290
050,12,001,"Florida","Alachua County",2,1,2702,1371,1331
050,12,001,"Florida","Alachua County",2,2,2747,1390,1357
050,12,001,"Florida","Alachua County",2,3,2822,1425,1397
050,12,001,"Florida","Alachua County",2,4,2825,1393,1432
050,12,001,"Florida","Alachua County",2,5,2861,1432,1429
050,12,001,"Florida","Alachua County",2,6,2842,1445,1397
050,12,001,"Florida","Alachua County",2,7,2835,1449,1386
050,12,001,"Florida","Alachua County",2,8,2916,1459,1457
050,12,001,"Florida","Alachua County",2,9,2854,1445,1409
050,12,001,"Florida","Alachua County",2,10,2810,1452,1358
050,12,001,"Florida","Alachua County",2,11,2870,1470,1400
050,12,001,"Florida","Alachua County",2,12,2933,1516,1417
050,12,001,"Florida","Alachua County",2,13,2811,1423,1388
050,12,001,"Florida","Alachua County",2,14,2714,1381,1333
050,12,001,"Florida","Alachua County",2,15,2702,1359,1343
050,12,001,"Florida","Alachua County",2,16,2682,1369,1313
050,12,001,"Florida","Alachua County",2,17,2652,1337,1315
050,12,001,"Florida","Alachua County",2,18,5957,2681,3276
050,12,001,"Florida","Alachua County",2,19,10520,4766,5754
050,12,001,"Florida","Alachua County",2,20,11043,4968,6075
050,12,001,"Florida","Alachua County",2,21,10683,5006,5677
050,12,001,"Florida","Alachua County",2,22,8629,4397,4232
050,12,001,"Florida","Alachua County",2,23,6772,3457,3315
050,12,001,"Florida","Alachua County",2,24,5610,2846,2764
050,12,001,"Florida","Alachua County",2,25,5105,2606,2499
050,12,001,"Florida","Alachua County",2,26,4552,2338,2214
050,12,001,"Florida","Alachua County",2,27,4132,2022,2110
050,12,001,"Florida","Alachua County",2,28,4239,2063,2176
050,12,001,"Florida","Alachua County",2,29,4405,2102,2303
050,12,001,"Florida","Alachua County",2,30,4315,2107,2208
050,12,001,"Florida","Alachua County",2,31,4083,2041,2042
050,12,001,"Florida","Alachua County",2,32,3844,1917,1927
050,12,001,"Florida","Alachua County",2,33,3711,1868,1843
050,12,001,"Florida","Alachua County",2,34,3582,1799,1783
050,12,001,"Florida","Alachua County",2,35,3471,1705,1766
050,12,001,"Florida","Alachua County",2,36,3332,1679,1653
050,12,001,"Florida","Alachua County",2,37,3382,1697,1685
050,12,001,"Florida","Alachua County",2,38,3387,1700,1687
050,12,001,"Florida","Alachua County",2,39,3356,1684,1672
050,12,001,"Florida","Alachua County",2,40,3249,1614,1635
050,12,001,"Florida","Alachua County",2,41,3030,1504,1526
050,12,001,"Florida","Alachua County",2,42,2931,1446,1485
050,12,001,"Florida","Alachua County",2,43,2938,1448,1490
050,12,001,"Florida","Alachua County",2,44,2759,1353,1406
050,12,001,"Florida","Alachua County",2,45,2738,1350,1388
050,12,001,"Florida","Alachua County",2,46,2633,1303,1330
050,12,001,"Florida","Alachua County",2,47,2644,1335,1309
050,12,001,"Florida","Alachua County",2,48,2695,1341,1354
050,12,001,"Florida","Alachua County",2,49,2847,1421,1426
050,12,001,"Florida","Alachua County",2,50,2719,1346,1373
050,12,001,"Florida","Alachua County",2,51,2642,1285,1357
050,12,001,"Florida","Alachua County",2,52,2598,1281,1317
050,12,001,"Florida","Alachua County",2,53,2551,1238,1313
050,12,001,"Florida","Alachua County",2,54,2635,1276,1359
050,12,001,"Florida","Alachua County",2,55,2737,1302,1435
050,12,001,"Florida","Alachua County",2,56,2850,1331,1519
050,12,001,"Florida","Alachua County",2,57,2881,1350,1531
050,12,001,"Florida","Alachua County",2,58,2965,1443,1522
050,12,001,"Florida","Alachua County",2,59,2988,1423,1565
050,12,001,"Florida","Alachua County",2,60,2936,1354,1582
050,12,001,"Florida","Alachua County",2,61,2913,1345,1568
050,12,001,"Florida","Alachua County",2,62,2992,1381,1611
050,12,001,"Florida","Alachua County",2,63,2989,1369,1620
050,12,001,"Florida","Alachua County",2,64,2851,1287,1564
050,12,001,"Florida","Alachua County",2,65,2833,1332,1501
050,12,001,"Florida","Alachua County",2,66,2857,1338,1519
050,12,001,"Florida","Alachua County",2,67,2743,1262,1481
050,12,001,"Florida","Alachua County",2,68,2666,1218,1448
050,12,001,"Florida","Alachua County",2,69,2594,1195,1399
050,12,001,"Florida","Alachua County",2,70,2453,1117,1336
050,12,001,"Florida","Alachua County",2,71,2353,1066,1287
050,12,001,"Florida","Alachua County",2,72,2234,1029,1205
050,12,001,"Florida","Alachua County",2,73,2372,1122,1250
050,12,001,"Florida","Alachua County",2,74,1679,769,910
050,12,001,"Florida","Alachua County",2,75,1620,734,886
050,12,001,"Florida","Alachua County",2,76,1559,712,847
050,12,001,"Florida","Alachua County",2,77,1527,711,816
050,12,001,"Florida","Alachua County",2,78,1323,613,710
050,12,001,"Florida","Alachua County",2,79,1173,522,651
050,12,001,"Florida","Alachua County",2,80,1040,450,590
050,12,001,"Florida","Alachua County",2,81,961,400,561
050,12,001,"Florida","Alachua County",2,82,909,373,536
050,12,001,"Florida","Alachua County",2,83,815,341,474
050,12,001,"Florida","Alachua County",2,84,691,268,423
050,12,001,"Florida","Alachua County",2,85,4300,1575,2725
050,12,001,"Florida","Alachua County",3,0,2520,1279,1241
050,12,001,"Florida","Alachua County",3,1,2635,1347,1288
050,12,001,"Florida","Alachua County",3,2,2679,1356,1323
050,12,001,"Florida","Alachua County",3,3,2677,1374,1303
050,12,001,"Florida","Alachua County",3,4,2822,1419,1403
050,12,001,"Florida","Alachua County",3,5,2817,1395,1422
050,12,001,"Florida","Alachua County",3,6,2854,1433,1421
050,12,001,"Florida","Alachua County",3,7,2858,1438,1420
050,12,001,"Florida","Alachua County",3,8,2823,1447,1376
050,12,001,"Florida","Alachua County",3,9,2929,1459,1470
050,12,001,"Florida","Alachua County",3,10,2843,1440,1403
050,12,001,"Florida","Alachua County",3,11,2781,1440,1341
050,12,001,"Florida","Alachua County",3,12,2865,1474,1391
050,12,001,"Florida","Alachua County",3,13,2929,1498,1431
050,12,001,"Florida","Alachua County",3,14,2850,1447,1403
050,12,001,"Florida","Alachua County",3,15,2699,1371,1328
050,12,001,"Florida","Alachua County",3,16,2775,1383,1392
050,12,001,"Florida","Alachua County",3,17,2819,1426,1393
050,12,001,"Florida","Alachua County",3,18,6265,2797,3468
050,12,001,"Florida","Alachua County",3,19,10836,4950,5886
050,12,001,"Florida","Alachua County",3,20,11091,5010,6081
050,12,001,"Florida","Alachua County",3,21,10855,5070,5785
050,12,001,"Florida","Alachua County",3,22,8610,4342,4268
050,12,001,"Florida","Alachua County",3,23,6826,3454,3372
050,12,001,"Florida","Alachua County",3,24,5607,2786,2821
050,12,001,"Florida","Alachua County",3,25,4958,2559,2399
050,12,001,"Florida","Alachua County",3,26,4386,2209,2177
050,12,001,"Florida","Alachua County",3,27,4098,2050,2048
050,12,001,"Florida","Alachua County",3,28,4039,2016,2023
050,12,001,"Florida","Alachua County",3,29,4151,2003,2148
050,12,001,"Florida","Alachua County",3,30,4250,2048,2202
050,12,001,"Florida","Alachua County",3,31,4102,2039,2063
050,12,001,"Florida","Alachua County",3,32,3979,1996,1983
050,12,001,"Florida","Alachua County",3,33,3797,1860,1937
050,12,001,"Florida","Alachua County",3,34,3657,1841,1816
050,12,001,"Florida","Alachua County",3,35,3541,1763,1778
050,12,001,"Florida","Alachua County",3,36,3469,1696,1773
050,12,001,"Florida","Alachua County",3,37,3312,1671,1641
050,12,001,"Florida","Alachua County",3,38,3374,1678,1696
050,12,001,"Florida","Alachua County",3,39,3387,1698,1689
050,12,001,"Florida","Alachua County",3,40,3382,1692,1690
050,12,001,"Florida","Alachua County",3,41,3300,1633,1667
050,12,001,"Florida","Alachua County",3,42,2992,1468,1524
050,12,001,"Florida","Alachua County",3,43,2945,1439,1506
050,12,001,"Florida","Alachua County",3,44,2926,1428,1498
050,12,001,"Florida","Alachua County",3,45,2806,1387,1419
050,12,001,"Florida","Alachua County",3,46,2706,1337,1369
050,12,001,"Florida","Alachua County",3,47,2620,1289,1331
050,12,001,"Florida","Alachua County",3,48,2613,1329,1284
050,12,001,"Florida","Alachua County",3,49,2708,1341,1367
050,12,001,"Florida","Alachua County",3,50,2833,1390,1443
050,12,001,"Florida","Alachua County",3,51,2730,1365,1365
050,12,001,"Florida","Alachua County",3,52,2642,1305,1337
050,12,001,"Florida","Alachua County",3,53,2583,1263,1320
050,12,001,"Florida","Alachua County",3,54,2584,1258,1326
050,12,001,"Florida","Alachua County",3,55,2614,1256,1358
050,12,001,"Florida","Alachua County",3,56,2698,1275,1423
050,12,001,"Florida","Alachua County",3,57,2843,1324,1519
050,12,001,"Florida","Alachua County",3,58,2899,1385,1514
050,12,001,"Florida","Alachua County",3,59,2951,1426,1525
050,12,001,"Florida","Alachua County",3,60,2954,1394,1560
050,12,001,"Florida","Alachua County",3,61,2931,1340,1591
050,12,001,"Florida","Alachua County",3,62,2902,1331,1571
050,12,001,"Florida","Alachua County",3,63,2994,1398,1596
050,12,001,"Florida","Alachua County",3,64,2957,1343,1614
050,12,001,"Florida","Alachua County",3,65,2834,1266,1568
050,12,001,"Florida","Alachua County",3,66,2802,1325,1477
050,12,001,"Florida","Alachua County",3,67,2832,1312,1520
050,12,001,"Florida","Alachua County",3,68,2710,1245,1465
050,12,001,"Florida","Alachua County",3,69,2643,1213,1430
050,12,001,"Florida","Alachua County",3,70,2555,1163,1392
050,12,001,"Florida","Alachua County",3,71,2407,1085,1322
050,12,001,"Florida","Alachua County",3,72,2302,1034,1268
050,12,001,"Florida","Alachua County",3,73,2216,1010,1206
050,12,001,"Florida","Alachua County",3,74,2355,1084,1271
050,12,001,"Florida","Alachua County",3,75,1640,754,886
050,12,001,"Florida","Alachua County",3,76,1601,714,887
050,12,001,"Florida","Alachua County",3,77,1488,666,822
050,12,001,"Florida","Alachua County",3,78,1494,702,792
050,12,001,"Florida","Alachua County",3,79,1246,560,686
050,12,001,"Florida","Alachua County",3,80,1139,498,641
050,12,001,"Florida","Alachua County",3,81,980,420,560
050,12,001,"Florida","Alachua County",3,82,900,368,532
050,12,001,"Florida","Alachua County",3,83,856,352,504
050,12,001,"Florida","Alachua County",3,84,743,307,436
050,12,001,"Florida","Alachua County",3,85,4268,1580,2688
050,12,001,"Florida","Alachua County",4,0,2660,1338,1322
050,12,001,"Florida","Alachua County",4,1,2529,1310,1219
050,12,001,"Florida","Alachua County",4,2,2648,1342,1306
050,12,001,"Florida","Alachua County",4,3,2697,1361,1336
050,12,001,"Florida","Alachua County",4,4,2727,1373,1354
050,12,001,"Florida","Alachua County",4,5,2824,1438,1386
050,12,001,"Florida","Alachua County",4,6,2844,1414,1430
050,12,001,"Florida","Alachua County",4,7,2875,1440,1435
050,12,001,"Florida","Alachua County",4,8,2911,1507,1404
050,12,001,"Florida","Alachua County",4,9,2837,1442,1395
050,12,001,"Florida","Alachua County",4,10,2976,1491,1485
050,12,001,"Florida","Alachua County",4,11,2887,1469,1418
050,12,001,"Florida","Alachua County",4,12,2834,1458,1376
050,12,001,"Florida","Alachua County",4,13,2890,1483,1407
050,12,001,"Florida","Alachua County",4,14,2933,1500,1433
050,12,001,"Florida","Alachua County",4,15,2886,1448,1438
050,12,001,"Florida","Alachua County",4,16,2792,1411,1381
050,12,001,"Florida","Alachua County",4,17,2886,1417,1469
050,12,001,"Florida","Alachua County",4,18,6250,2834,3416
050,12,001,"Florida","Alachua County",4,19,10766,4920,5846
050,12,001,"Florida","Alachua County",4,20,10918,4984,5934
050,12,001,"Florida","Alachua County",4,21,10762,5069,5693
050,12,001,"Florida","Alachua County",4,22,8757,4431,4326
050,12,001,"Florida","Alachua County",4,23,6835,3421,3414
050,12,001,"Florida","Alachua County",4,24,5671,2832,2839
050,12,001,"Florida","Alachua County",4,25,4973,2475,2498
050,12,001,"Florida","Alachua County",4,26,4182,2173,2009
050,12,001,"Florida","Alachua County",4,27,3929,1909,2020
050,12,001,"Florida","Alachua County",4,28,4032,2016,2016
050,12,001,"Florida","Alachua County",4,29,3884,1939,1945
050,12,001,"Florida","Alachua County",4,30,4016,1959,2057
050,12,001,"Florida","Alachua County",4,31,4095,1959,2136
050,12,001,"Florida","Alachua County",4,32,4079,1980,2099
050,12,001,"Florida","Alachua County",4,33,3885,1911,1974
050,12,001,"Florida","Alachua County",4,34,3817,1875,1942
050,12,001,"Florida","Alachua County",4,35,3651,1802,1849
050,12,001,"Florida","Alachua County",4,36,3546,1777,1769
050,12,001,"Florida","Alachua County",4,37,3421,1663,1758
050,12,001,"Florida","Alachua County",4,38,3351,1657,1694
050,12,001,"Florida","Alachua County",4,39,3377,1683,1694
050,12,001,"Florida","Alachua County",4,40,3393,1681,1712
050,12,001,"Florida","Alachua County",4,41,3410,1722,1688
050,12,001,"Florida","Alachua County",4,42,3273,1603,1670
050,12,001,"Florida","Alachua County",4,43,3017,1467,1550
050,12,001,"Florida","Alachua County",4,44,2949,1425,1524
050,12,001,"Florida","Alachua County",4,45,2963,1435,1528
050,12,001,"Florida","Alachua County",4,46,2767,1364,1403
050,12,001,"Florida","Alachua County",4,47,2721,1329,1392
050,12,001,"Florida","Alachua County",4,48,2631,1309,1322
050,12,001,"Florida","Alachua County",4,49,2657,1331,1326
050,12,001,"Florida","Alachua County",4,50,2697,1323,1374
050,12,001,"Florida","Alachua County",4,51,2894,1414,1480
050,12,001,"Florida","Alachua County",4,52,2734,1363,1371
050,12,001,"Florida","Alachua County",4,53,2646,1286,1360
050,12,001,"Florida","Alachua County",4,54,2627,1308,1319
050,12,001,"Florida","Alachua County",4,55,2594,1247,1347
050,12,001,"Florida","Alachua County",4,56,2633,1278,1355
050,12,001,"Florida","Alachua County",4,57,2721,1284,1437
050,12,001,"Florida","Alachua County",4,58,2832,1327,1505
050,12,001,"Florida","Alachua County",4,59,2870,1360,1510
050,12,001,"Florida","Alachua County",4,60,2927,1385,1542
050,12,001,"Florida","Alachua County",4,61,2943,1379,1564
050,12,001,"Florida","Alachua County",4,62,2923,1342,1581
050,12,001,"Florida","Alachua County",4,63,2881,1325,1556
050,12,001,"Florida","Alachua County",4,64,2971,1376,1595
050,12,001,"Florida","Alachua County",4,65,2924,1313,1611
050,12,001,"Florida","Alachua County",4,66,2821,1241,1580
050,12,001,"Florida","Alachua County",4,67,2800,1318,1482
050,12,001,"Florida","Alachua County",4,68,2776,1287,1489
050,12,001,"Florida","Alachua County",4,69,2685,1236,1449
050,12,001,"Florida","Alachua County",4,70,2617,1195,1422
050,12,001,"Florida","Alachua County",4,71,2539,1157,1382
050,12,001,"Florida","Alachua County",4,72,2354,1073,1281
050,12,001,"Florida","Alachua County",4,73,2329,1029,1300
050,12,001,"Florida","Alachua County",4,74,2169,980,1189
050,12,001,"Florida","Alachua County",4,75,2306,1058,1248
050,12,001,"Florida","Alachua County",4,76,1596,726,870
050,12,001,"Florida","Alachua County",4,77,1544,679,865
050,12,001,"Florida","Alachua County",4,78,1476,652,824
050,12,001,"Florida","Alachua County",4,79,1447,673,774
050,12,001,"Florida","Alachua County",4,80,1199,528,671
050,12,001,"Florida","Alachua County",4,81,1085,465,620
050,12,001,"Florida","Alachua County",4,82,914,395,519
050,12,001,"Florida","Alachua County",4,83,866,342,524
050,12,001,"Florida","Alachua County",4,84,776,305,471
050,12,001,"Florida","Alachua County",4,85,4311,1622,2689
050,12,001,"Florida","Alachua County",5,0,2702,1349,1353
050,12,001,"Florida","Alachua County",5,1,2620,1336,1284
050,12,001,"Florida","Alachua County",5,2,2503,1301,1202
050,12,001,"Florida","Alachua County",5,3,2653,1375,1278
050,12,001,"Florida","Alachua County",5,4,2719,1395,1324
050,12,001,"Florida","Alachua County",5,5,2712,1373,1339
050,12,001,"Florida","Alachua County",5,6,2813,1441,1372
050,12,001,"Florida","Alachua County",5,7,2845,1410,1435
050,12,001,"Florida","Alachua County",5,8,2948,1491,1457
050,12,001,"Florida","Alachua County",5,9,2916,1497,1419
050,12,001,"Florida","Alachua County",5,10,2854,1440,1414
050,12,001,"Florida","Alachua County",5,11,3006,1492,1514
050,12,001,"Florida","Alachua County",5,12,2907,1476,1431
050,12,001,"Florida","Alachua County",5,13,2817,1448,1369
050,12,001,"Florida","Alachua County",5,14,2928,1511,1417
050,12,001,"Florida","Alachua County",5,15,2932,1493,1439
050,12,001,"Florida","Alachua County",5,16,2938,1462,1476
050,12,001,"Florida","Alachua County",5,17,2916,1453,1463
050,12,001,"Florida","Alachua County",5,18,6286,2814,3472
050,12,001,"Florida","Alachua County",5,19,10866,4959,5907
050,12,001,"Florida","Alachua County",5,20,10923,4987,5936
050,12,001,"Florida","Alachua County",5,21,10544,4992,5552
050,12,001,"Florida","Alachua County",5,22,8582,4396,4186
050,12,001,"Florida","Alachua County",5,23,6878,3456,3422
050,12,001,"Florida","Alachua County",5,24,5710,2815,2895
050,12,001,"Florida","Alachua County",5,25,5105,2575,2530
050,12,001,"Florida","Alachua County",5,26,4283,2124,2159
050,12,001,"Florida","Alachua County",5,27,3841,1912,1929
050,12,001,"Florida","Alachua County",5,28,3858,1890,1968
050,12,001,"Florida","Alachua County",5,29,3953,1958,1995
050,12,001,"Florida","Alachua County",5,30,3786,1879,1907
050,12,001,"Florida","Alachua County",5,31,3920,1926,1994
050,12,001,"Florida","Alachua County",5,32,3968,1914,2054
050,12,001,"Florida","Alachua County",5,33,3978,1931,2047
050,12,001,"Florida","Alachua County",5,34,3802,1863,1939
050,12,001,"Florida","Alachua County",5,35,3738,1831,1907
050,12,001,"Florida","Alachua County",5,36,3585,1762,1823
050,12,001,"Florida","Alachua County",5,37,3512,1773,1739
050,12,001,"Florida","Alachua County",5,38,3391,1622,1769
050,12,001,"Florida","Alachua County",5,39,3393,1668,1725
050,12,001,"Florida","Alachua County",5,40,3401,1684,1717
050,12,001,"Florida","Alachua County",5,41,3421,1707,1714
050,12,001,"Florida","Alachua County",5,42,3370,1692,1678
050,12,001,"Florida","Alachua County",5,43,3307,1625,1682
050,12,001,"Florida","Alachua County",5,44,3030,1474,1556
050,12,001,"Florida","Alachua County",5,45,2932,1408,1524
050,12,001,"Florida","Alachua County",5,46,2932,1428,1504
050,12,001,"Florida","Alachua County",5,47,2756,1367,1389
050,12,001,"Florida","Alachua County",5,48,2747,1350,1397
050,12,001,"Florida","Alachua County",5,49,2650,1301,1349
050,12,001,"Florida","Alachua County",5,50,2668,1332,1336
050,12,001,"Florida","Alachua County",5,51,2738,1336,1402
050,12,001,"Florida","Alachua County",5,52,2909,1414,1495
050,12,001,"Florida","Alachua County",5,53,2758,1365,1393
050,12,001,"Florida","Alachua County",5,54,2715,1325,1390
050,12,001,"Florida","Alachua County",5,55,2636,1316,1320
050,12,001,"Florida","Alachua County",5,56,2606,1251,1355
050,12,001,"Florida","Alachua County",5,57,2624,1262,1362
050,12,001,"Florida","Alachua County",5,58,2758,1314,1444
050,12,001,"Florida","Alachua County",5,59,2825,1294,1531
050,12,001,"Florida","Alachua County",5,60,2838,1360,1478
050,12,001,"Florida","Alachua County",5,61,2918,1380,1538
050,12,001,"Florida","Alachua County",5,62,2942,1377,1565
050,12,001,"Florida","Alachua County",5,63,2893,1340,1553
050,12,001,"Florida","Alachua County",5,64,2871,1306,1565
050,12,001,"Florida","Alachua County",5,65,2954,1370,1584
050,12,001,"Florida","Alachua County",5,66,2901,1295,1606
050,12,001,"Florida","Alachua County",5,67,2830,1239,1591
050,12,001,"Florida","Alachua County",5,68,2764,1311,1453
050,12,001,"Florida","Alachua County",5,69,2746,1268,1478
050,12,001,"Florida","Alachua County",5,70,2667,1225,1442
050,12,001,"Florida","Alachua County",5,71,2592,1183,1409
050,12,001,"Florida","Alachua County",5,72,2485,1122,1363
050,12,001,"Florida","Alachua County",5,73,2346,1058,1288
050,12,001,"Florida","Alachua County",5,74,2279,998,1281
050,12,001,"Florida","Alachua County",5,75,2099,957,1142
050,12,001,"Florida","Alachua County",5,76,2258,1022,1236
050,12,001,"Florida","Alachua County",5,77,1544,691,853
050,12,001,"Florida","Alachua County",5,78,1528,680,848
050,12,001,"Florida","Alachua County",5,79,1435,625,810
050,12,001,"Florida","Alachua County",5,80,1408,655,753
050,12,001,"Florida","Alachua County",5,81,1144,502,642
050,12,001,"Florida","Alachua County",5,82,1039,452,587
050,12,001,"Florida","Alachua County",5,83,868,368,500
050,12,001,"Florida","Alachua County",5,84,793,302,491
050,12,001,"Florida","Alachua County",5,85,4438,1671,2767
050,12,003,"Florida","Baker County",1,0,327,166,161
050,12,003,"Florida","Baker County",1,1,320,163,157
050,12,003,"Florida","Baker County",1,2,323,160,163
050,12,003,"Florida","Baker County",1,3,367,192,175
050,12,003,"Florida","Baker County",1,4,375,199,176
050,12,003,"Florida","Baker County",1,5,369,175,194
050,12,003,"Florida","Baker County",1,6,382,206,176
050,12,003,"Florida","Baker County",1,7,362,186,176
050,12,003,"Florida","Baker County",1,8,385,198,187
050,12,003,"Florida","Baker County",1,9,369,205,164
050,12,003,"Florida","Baker County",1,10,369,182,187
050,12,003,"Florida","Baker County",1,11,400,209,191
050,12,003,"Florida","Baker County",1,12,388,203,185
050,12,003,"Florida","Baker County",1,13,412,213,199
050,12,003,"Florida","Baker County",1,14,395,214,181
050,12,003,"Florida","Baker County",1,15,367,183,184
050,12,003,"Florida","Baker County",1,16,399,191,208
050,12,003,"Florida","Baker County",1,17,385,194,191
050,12,003,"Florida","Baker County",1,18,325,176,149
050,12,003,"Florida","Baker County",1,19,253,134,119
050,12,003,"Florida","Baker County",1,20,318,177,141
050,12,003,"Florida","Baker County",1,21,325,184,141
050,12,003,"Florida","Baker County",1,22,329,192,137
050,12,003,"Florida","Baker County",1,23,381,233,148
050,12,003,"Florida","Baker County",1,24,370,225,145
050,12,003,"Florida","Baker County",1,25,379,246,133
050,12,003,"Florida","Baker County",1,26,383,234,149
050,12,003,"Florida","Baker County",1,27,413,254,159
050,12,003,"Florida","Baker County",1,28,418,244,174
050,12,003,"Florida","Baker County",1,29,461,275,186
050,12,003,"Florida","Baker County",1,30,455,273,182
050,12,003,"Florida","Baker County",1,31,445,255,190
050,12,003,"Florida","Baker County",1,32,433,260,173
050,12,003,"Florida","Baker County",1,33,413,234,179
050,12,003,"Florida","Baker County",1,34,392,219,173
050,12,003,"Florida","Baker County",1,35,412,233,179
050,12,003,"Florida","Baker County",1,36,407,223,184
050,12,003,"Florida","Baker County",1,37,362,183,179
050,12,003,"Florida","Baker County",1,38,417,220,197
050,12,003,"Florida","Baker County",1,39,407,232,175
050,12,003,"Florida","Baker County",1,40,363,207,156
050,12,003,"Florida","Baker County",1,41,383,226,157
050,12,003,"Florida","Baker County",1,42,365,201,164
050,12,003,"Florida","Baker County",1,43,360,191,169
050,12,003,"Florida","Baker County",1,44,383,214,169
050,12,003,"Florida","Baker County",1,45,381,227,154
050,12,003,"Florida","Baker County",1,46,391,236,155
050,12,003,"Florida","Baker County",1,47,400,233,167
050,12,003,"Florida","Baker County",1,48,380,214,166
050,12,003,"Florida","Baker County",1,49,393,231,162
050,12,003,"Florida","Baker County",1,50,387,209,178
050,12,003,"Florida","Baker County",1,51,374,187,187
050,12,003,"Florida","Baker County",1,52,373,206,167
050,12,003,"Florida","Baker County",1,53,354,200,154
050,12,003,"Florida","Baker County",1,54,374,208,166
050,12,003,"Florida","Baker County",1,55,369,200,169
050,12,003,"Florida","Baker County",1,56,378,214,164
050,12,003,"Florida","Baker County",1,57,350,189,161
050,12,003,"Florida","Baker County",1,58,357,175,182
050,12,003,"Florida","Baker County",1,59,368,194,174
050,12,003,"Florida","Baker County",1,60,368,197,171
050,12,003,"Florida","Baker County",1,61,361,188,173
050,12,003,"Florida","Baker County",1,62,319,163,156
050,12,003,"Florida","Baker County",1,63,330,167,163
050,12,003,"Florida","Baker County",1,64,293,144,149
050,12,003,"Florida","Baker County",1,65,270,128,142
050,12,003,"Florida","Baker County",1,66,254,111,143
050,12,003,"Florida","Baker County",1,67,275,143,132
050,12,003,"Florida","Baker County",1,68,289,144,145
050,12,003,"Florida","Baker County",1,69,239,111,128
050,12,003,"Florida","Baker County",1,70,228,110,118
050,12,003,"Florida","Baker County",1,71,226,108,118
050,12,003,"Florida","Baker County",1,72,226,101,125
050,12,003,"Florida","Baker County",1,73,210,100,110
050,12,003,"Florida","Baker County",1,74,161,73,88
050,12,003,"Florida","Baker County",1,75,170,80,90
050,12,003,"Florida","Baker County",1,76,165,82,83
050,12,003,"Florida","Baker County",1,77,151,73,78
050,12,003,"Florida","Baker County",1,78,112,47,65
050,12,003,"Florida","Baker County",1,79,108,43,65
050,12,003,"Florida","Baker County",1,80,113,46,67
050,12,003,"Florida","Baker County",1,81,105,51,54
050,12,003,"Florida","Baker County",1,82,76,32,44
050,12,003,"Florida","Baker County",1,83,91,38,53
050,12,003,"Florida","Baker County",1,84,79,29,50
050,12,003,"Florida","Baker County",1,85,361,140,221
050,12,003,"Florida","Baker County",2,0,350,179,171
050,12,003,"Florida","Baker County",2,1,322,163,159
050,12,003,"Florida","Baker County",2,2,321,161,160
050,12,003,"Florida","Baker County",2,3,352,184,168
050,12,003,"Florida","Baker County",2,4,373,197,176
050,12,003,"Florida","Baker County",2,5,370,180,190
050,12,003,"Florida","Baker County",2,6,376,197,179
050,12,003,"Florida","Baker County",2,7,369,192,177
050,12,003,"Florida","Baker County",2,8,378,195,183
050,12,003,"Florida","Baker County",2,9,374,206,168
050,12,003,"Florida","Baker County",2,10,370,187,183
050,12,003,"Florida","Baker County",2,11,392,201,191
050,12,003,"Florida","Baker County",2,12,397,207,190
050,12,003,"Florida","Baker County",2,13,406,210,196
050,12,003,"Florida","Baker County",2,14,397,212,185
050,12,003,"Florida","Baker County",2,15,378,194,184
050,12,003,"Florida","Baker County",2,16,393,190,203
050,12,003,"Florida","Baker County",2,17,388,193,195
050,12,003,"Florida","Baker County",2,18,324,174,150
050,12,003,"Florida","Baker County",2,19,256,136,120
050,12,003,"Florida","Baker County",2,20,312,170,142
050,12,003,"Florida","Baker County",2,21,326,183,143
050,12,003,"Florida","Baker County",2,22,336,194,142
050,12,003,"Florida","Baker County",2,23,370,222,148
050,12,003,"Florida","Baker County",2,24,367,222,145
050,12,003,"Florida","Baker County",2,25,375,239,136
050,12,003,"Florida","Baker County",2,26,372,226,146
050,12,003,"Florida","Baker County",2,27,401,246,155
050,12,003,"Florida","Baker County",2,28,399,232,167
050,12,003,"Florida","Baker County",2,29,449,266,183
050,12,003,"Florida","Baker County",2,30,447,263,184
050,12,003,"Florida","Baker County",2,31,441,252,189
050,12,003,"Florida","Baker County",2,32,437,259,178
050,12,003,"Florida","Baker County",2,33,403,225,178
050,12,003,"Florida","Baker County",2,34,390,216,174
050,12,003,"Florida","Baker County",2,35,404,228,176
050,12,003,"Florida","Baker County",2,36,394,212,182
050,12,003,"Florida","Baker County",2,37,371,188,183
050,12,003,"Florida","Baker County",2,38,404,210,194
050,12,003,"Florida","Baker County",2,39,405,226,179
050,12,003,"Florida","Baker County",2,40,368,204,164
050,12,003,"Florida","Baker County",2,41,373,217,156
050,12,003,"Florida","Baker County",2,42,363,201,162
050,12,003,"Florida","Baker County",2,43,360,191,169
050,12,003,"Florida","Baker County",2,44,377,206,171
050,12,003,"Florida","Baker County",2,45,380,223,157
050,12,003,"Florida","Baker County",2,46,383,224,159
050,12,003,"Florida","Baker County",2,47,387,226,161
050,12,003,"Florida","Baker County",2,48,379,211,168
050,12,003,"Florida","Baker County",2,49,391,225,166
050,12,003,"Florida","Baker County",2,50,387,210,177
050,12,003,"Florida","Baker County",2,51,372,189,183
050,12,003,"Florida","Baker County",2,52,369,196,173
050,12,003,"Florida","Baker County",2,53,357,199,158
050,12,003,"Florida","Baker County",2,54,366,203,163
050,12,003,"Florida","Baker County",2,55,359,193,166
050,12,003,"Florida","Baker County",2,56,374,208,166
050,12,003,"Florida","Baker County",2,57,353,190,163
050,12,003,"Florida","Baker County",2,58,354,174,180
050,12,003,"Florida","Baker County",2,59,364,190,174
050,12,003,"Florida","Baker County",2,60,366,195,171
050,12,003,"Florida","Baker County",2,61,360,189,171
050,12,003,"Florida","Baker County",2,62,327,169,158
050,12,003,"Florida","Baker County",2,63,331,168,163
050,12,003,"Florida","Baker County",2,64,296,145,151
050,12,003,"Florida","Baker County",2,65,274,132,142
050,12,003,"Florida","Baker County",2,66,252,112,140
050,12,003,"Florida","Baker County",2,67,271,137,134
050,12,003,"Florida","Baker County",2,68,284,142,142
050,12,003,"Florida","Baker County",2,69,254,120,134
050,12,003,"Florida","Baker County",2,70,228,108,120
050,12,003,"Florida","Baker County",2,71,225,107,118
050,12,003,"Florida","Baker County",2,72,225,103,122
050,12,003,"Florida","Baker County",2,73,225,107,118
050,12,003,"Florida","Baker County",2,74,160,73,87
050,12,003,"Florida","Baker County",2,75,170,78,92
050,12,003,"Florida","Baker County",2,76,162,80,82
050,12,003,"Florida","Baker County",2,77,153,73,80
050,12,003,"Florida","Baker County",2,78,116,52,64
050,12,003,"Florida","Baker County",2,79,106,43,63
050,12,003,"Florida","Baker County",2,80,109,42,67
050,12,003,"Florida","Baker County",2,81,105,50,55
050,12,003,"Florida","Baker County",2,82,81,36,45
050,12,003,"Florida","Baker County",2,83,87,35,52
050,12,003,"Florida","Baker County",2,84,81,31,50
050,12,003,"Florida","Baker County",2,85,363,139,224
050,12,003,"Florida","Baker County",3,0,336,182,154
050,12,003,"Florida","Baker County",3,1,392,206,186
050,12,003,"Florida","Baker County",3,2,329,171,158
050,12,003,"Florida","Baker County",3,3,323,158,165
050,12,003,"Florida","Baker County",3,4,367,188,179
050,12,003,"Florida","Baker County",3,5,377,195,182
050,12,003,"Florida","Baker County",3,6,384,193,191
050,12,003,"Florida","Baker County",3,7,387,197,190
050,12,003,"Florida","Baker County",3,8,376,201,175
050,12,003,"Florida","Baker County",3,9,362,188,174
050,12,003,"Florida","Baker County",3,10,394,219,175
050,12,003,"Florida","Baker County",3,11,377,189,188
050,12,003,"Florida","Baker County",3,12,383,196,187
050,12,003,"Florida","Baker County",3,13,407,213,194
050,12,003,"Florida","Baker County",3,14,402,207,195
050,12,003,"Florida","Baker County",3,15,391,205,186
050,12,003,"Florida","Baker County",3,16,371,196,175
050,12,003,"Florida","Baker County",3,17,399,191,208
050,12,003,"Florida","Baker County",3,18,331,184,147
050,12,003,"Florida","Baker County",3,19,262,138,124
050,12,003,"Florida","Baker County",3,20,311,171,140
050,12,003,"Florida","Baker County",3,21,335,189,146
050,12,003,"Florida","Baker County",3,22,367,216,151
050,12,003,"Florida","Baker County",3,23,406,249,157
050,12,003,"Florida","Baker County",3,24,392,243,149
050,12,003,"Florida","Baker County",3,25,412,258,154
050,12,003,"Florida","Baker County",3,26,367,227,140
050,12,003,"Florida","Baker County",3,27,406,255,151
050,12,003,"Florida","Baker County",3,28,404,235,169
050,12,003,"Florida","Baker County",3,29,445,270,175
050,12,003,"Florida","Baker County",3,30,451,267,184
050,12,003,"Florida","Baker County",3,31,445,262,183
050,12,003,"Florida","Baker County",3,32,483,292,191
050,12,003,"Florida","Baker County",3,33,422,239,183
050,12,003,"Florida","Baker County",3,34,411,231,180
050,12,003,"Florida","Baker County",3,35,425,253,172
050,12,003,"Florida","Baker County",3,36,382,209,173
050,12,003,"Florida","Baker County",3,37,390,210,180
050,12,003,"Florida","Baker County",3,38,393,212,181
050,12,003,"Florida","Baker County",3,39,436,243,193
050,12,003,"Florida","Baker County",3,40,384,206,178
050,12,003,"Florida","Baker County",3,41,375,218,157
050,12,003,"Florida","Baker County",3,42,385,224,161
050,12,003,"Florida","Baker County",3,43,347,195,152
050,12,003,"Florida","Baker County",3,44,388,209,179
050,12,003,"Florida","Baker County",3,45,395,231,164
050,12,003,"Florida","Baker County",3,46,385,231,154
050,12,003,"Florida","Baker County",3,47,376,220,156
050,12,003,"Florida","Baker County",3,48,373,212,161
050,12,003,"Florida","Baker County",3,49,372,212,160
050,12,003,"Florida","Baker County",3,50,396,224,172
050,12,003,"Florida","Baker County",3,51,369,195,174
050,12,003,"Florida","Baker County",3,52,374,194,180
050,12,003,"Florida","Baker County",3,53,391,214,177
050,12,003,"Florida","Baker County",3,54,376,205,171
050,12,003,"Florida","Baker County",3,55,331,181,150
050,12,003,"Florida","Baker County",3,56,368,203,165
050,12,003,"Florida","Baker County",3,57,364,194,170
050,12,003,"Florida","Baker County",3,58,361,192,169
050,12,003,"Florida","Baker County",3,59,347,178,169
050,12,003,"Florida","Baker County",3,60,365,193,172
050,12,003,"Florida","Baker County",3,61,371,190,181
050,12,003,"Florida","Baker County",3,62,359,188,171
050,12,003,"Florida","Baker County",3,63,321,161,160
050,12,003,"Florida","Baker County",3,64,321,159,162
050,12,003,"Florida","Baker County",3,65,290,141,149
050,12,003,"Florida","Baker County",3,66,269,127,142
050,12,003,"Florida","Baker County",3,67,256,111,145
050,12,003,"Florida","Baker County",3,68,276,145,131
050,12,003,"Florida","Baker County",3,69,280,138,142
050,12,003,"Florida","Baker County",3,70,247,113,134
050,12,003,"Florida","Baker County",3,71,217,98,119
050,12,003,"Florida","Baker County",3,72,221,102,119
050,12,003,"Florida","Baker County",3,73,220,104,116
050,12,003,"Florida","Baker County",3,74,212,101,111
050,12,003,"Florida","Baker County",3,75,157,66,91
050,12,003,"Florida","Baker County",3,76,159,78,81
050,12,003,"Florida","Baker County",3,77,148,72,76
050,12,003,"Florida","Baker County",3,78,144,71,73
050,12,003,"Florida","Baker County",3,79,103,51,52
050,12,003,"Florida","Baker County",3,80,101,37,64
050,12,003,"Florida","Baker County",3,81,103,39,64
050,12,003,"Florida","Baker County",3,82,94,41,53
050,12,003,"Florida","Baker County",3,83,79,34,45
050,12,003,"Florida","Baker County",3,84,78,31,47
050,12,003,"Florida","Baker County",3,85,388,149,239
050,12,003,"Florida","Baker County",4,0,352,196,156
050,12,003,"Florida","Baker County",4,1,345,192,153
050,12,003,"Florida","Baker County",4,2,410,210,200
050,12,003,"Florida","Baker County",4,3,349,178,171
050,12,003,"Florida","Baker County",4,4,347,167,180
050,12,003,"Florida","Baker County",4,5,367,191,176
050,12,003,"Florida","Baker County",4,6,392,202,190
050,12,003,"Florida","Baker County",4,7,383,194,189
050,12,003,"Florida","Baker County",4,8,397,210,187
050,12,003,"Florida","Baker County",4,9,392,203,189
050,12,003,"Florida","Baker County",4,10,398,209,189
050,12,003,"Florida","Baker County",4,11,412,222,190
050,12,003,"Florida","Baker County",4,12,386,195,191
050,12,003,"Florida","Baker County",4,13,392,197,195
050,12,003,"Florida","Baker County",4,14,417,219,198
050,12,003,"Florida","Baker County",4,15,425,216,209
050,12,003,"Florida","Baker County",4,16,400,211,189
050,12,003,"Florida","Baker County",4,17,375,193,182
050,12,003,"Florida","Baker County",4,18,340,176,164
050,12,003,"Florida","Baker County",4,19,261,141,120
050,12,003,"Florida","Baker County",4,20,277,148,129
050,12,003,"Florida","Baker County",4,21,331,174,157
050,12,003,"Florida","Baker County",4,22,342,179,163
050,12,003,"Florida","Baker County",4,23,376,217,159
050,12,003,"Florida","Baker County",4,24,360,203,157
050,12,003,"Florida","Baker County",4,25,350,201,149
050,12,003,"Florida","Baker County",4,26,348,184,164
050,12,003,"Florida","Baker County",4,27,324,183,141
050,12,003,"Florida","Baker County",4,28,341,185,156
050,12,003,"Florida","Baker County",4,29,385,208,177
050,12,003,"Florida","Baker County",4,30,386,207,179
050,12,003,"Florida","Baker County",4,31,404,212,192
050,12,003,"Florida","Baker County",4,32,406,224,182
050,12,003,"Florida","Baker County",4,33,405,217,188
050,12,003,"Florida","Baker County",4,34,378,189,189
050,12,003,"Florida","Baker County",4,35,373,192,181
050,12,003,"Florida","Baker County",4,36,365,195,170
050,12,003,"Florida","Baker County",4,37,371,175,196
050,12,003,"Florida","Baker County",4,38,381,196,185
050,12,003,"Florida","Baker County",4,39,367,188,179
050,12,003,"Florida","Baker County",4,40,382,185,197
050,12,003,"Florida","Baker County",4,41,377,185,192
050,12,003,"Florida","Baker County",4,42,349,181,168
050,12,003,"Florida","Baker County",4,43,349,193,156
050,12,003,"Florida","Baker County",4,44,350,188,162
050,12,003,"Florida","Baker County",4,45,380,201,179
050,12,003,"Florida","Baker County",4,46,363,188,175
050,12,003,"Florida","Baker County",4,47,342,191,151
050,12,003,"Florida","Baker County",4,48,339,173,166
050,12,003,"Florida","Baker County",4,49,341,184,157
050,12,003,"Florida","Baker County",4,50,362,191,171
050,12,003,"Florida","Baker County",4,51,375,191,184
050,12,003,"Florida","Baker County",4,52,355,189,166
050,12,003,"Florida","Baker County",4,53,360,184,176
050,12,003,"Florida","Baker County",4,54,385,197,188
050,12,003,"Florida","Baker County",4,55,344,176,168
050,12,003,"Florida","Baker County",4,56,307,166,141
050,12,003,"Florida","Baker County",4,57,347,174,173
050,12,003,"Florida","Baker County",4,58,367,190,177
050,12,003,"Florida","Baker County",4,59,345,188,157
050,12,003,"Florida","Baker County",4,60,338,165,173
050,12,003,"Florida","Baker County",4,61,352,179,173
050,12,003,"Florida","Baker County",4,62,357,180,177
050,12,003,"Florida","Baker County",4,63,343,175,168
050,12,003,"Florida","Baker County",4,64,301,152,149
050,12,003,"Florida","Baker County",4,65,318,158,160
050,12,003,"Florida","Baker County",4,66,283,137,146
050,12,003,"Florida","Baker County",4,67,262,123,139
050,12,003,"Florida","Baker County",4,68,253,111,142
050,12,003,"Florida","Baker County",4,69,275,140,135
050,12,003,"Florida","Baker County",4,70,268,129,139
050,12,003,"Florida","Baker County",4,71,240,109,131
050,12,003,"Florida","Baker County",4,72,217,91,126
050,12,003,"Florida","Baker County",4,73,216,101,115
050,12,003,"Florida","Baker County",4,74,210,95,115
050,12,003,"Florida","Baker County",4,75,210,94,116
050,12,003,"Florida","Baker County",4,76,147,66,81
050,12,003,"Florida","Baker County",4,77,152,73,79
050,12,003,"Florida","Baker County",4,78,139,69,70
050,12,003,"Florida","Baker County",4,79,139,70,69
050,12,003,"Florida","Baker County",4,80,94,44,50
050,12,003,"Florida","Baker County",4,81,93,35,58
050,12,003,"Florida","Baker County",4,82,94,37,57
050,12,003,"Florida","Baker County",4,83,88,36,52
050,12,003,"Florida","Baker County",4,84,63,28,35
050,12,003,"Florida","Baker County",4,85,405,152,253
050,12,003,"Florida","Baker County",5,0,352,195,157
050,12,003,"Florida","Baker County",5,1,349,195,154
050,12,003,"Florida","Baker County",5,2,364,193,171
050,12,003,"Florida","Baker County",5,3,428,207,221
050,12,003,"Florida","Baker County",5,4,352,185,167
050,12,003,"Florida","Baker County",5,5,365,175,190
050,12,003,"Florida","Baker County",5,6,379,204,175
050,12,003,"Florida","Baker County",5,7,407,210,197
050,12,003,"Florida","Baker County",5,8,395,205,190
050,12,003,"Florida","Baker County",5,9,395,205,190
050,12,003,"Florida","Baker County",5,10,399,211,188
050,12,003,"Florida","Baker County",5,11,407,211,196
050,12,003,"Florida","Baker County",5,12,426,230,196
050,12,003,"Florida","Baker County",5,13,405,204,201
050,12,003,"Florida","Baker County",5,14,396,199,197
050,12,003,"Florida","Baker County",5,15,432,231,201
050,12,003,"Florida","Baker County",5,16,412,212,200
050,12,003,"Florida","Baker County",5,17,410,219,191
050,12,003,"Florida","Baker County",5,18,330,178,152
050,12,003,"Florida","Baker County",5,19,266,135,131
050,12,003,"Florida","Baker County",5,20,307,161,146
050,12,003,"Florida","Baker County",5,21,307,167,140
050,12,003,"Florida","Baker County",5,22,371,193,178
050,12,003,"Florida","Baker County",5,23,377,205,172
050,12,003,"Florida","Baker County",5,24,388,224,164
050,12,003,"Florida","Baker County",5,25,387,222,165
050,12,003,"Florida","Baker County",5,26,357,198,159
050,12,003,"Florida","Baker County",5,27,368,201,167
050,12,003,"Florida","Baker County",5,28,322,180,142
050,12,003,"Florida","Baker County",5,29,375,213,162
050,12,003,"Florida","Baker County",5,30,397,214,183
050,12,003,"Florida","Baker County",5,31,394,205,189
050,12,003,"Florida","Baker County",5,32,417,218,199
050,12,003,"Florida","Baker County",5,33,402,219,183
050,12,003,"Florida","Baker County",5,34,411,215,196
050,12,003,"Florida","Baker County",5,35,405,204,201
050,12,003,"Florida","Baker County",5,36,381,190,191
050,12,003,"Florida","Baker County",5,37,381,192,189
050,12,003,"Florida","Baker County",5,38,370,175,195
050,12,003,"Florida","Baker County",5,39,398,218,180
050,12,003,"Florida","Baker County",5,40,350,172,178
050,12,003,"Florida","Baker County",5,41,382,190,192
050,12,003,"Florida","Baker County",5,42,375,177,198
050,12,003,"Florida","Baker County",5,43,348,187,161
050,12,003,"Florida","Baker County",5,44,365,206,159
050,12,003,"Florida","Baker County",5,45,351,199,152
050,12,003,"Florida","Baker County",5,46,376,196,180
050,12,003,"Florida","Baker County",5,47,359,182,177
050,12,003,"Florida","Baker County",5,48,340,179,161
050,12,003,"Florida","Baker County",5,49,345,177,168
050,12,003,"Florida","Baker County",5,50,333,178,155
050,12,003,"Florida","Baker County",5,51,371,194,177
050,12,003,"Florida","Baker County",5,52,378,195,183
050,12,003,"Florida","Baker County",5,53,368,196,172
050,12,003,"Florida","Baker County",5,54,374,183,191
050,12,003,"Florida","Baker County",5,55,385,196,189
050,12,003,"Florida","Baker County",5,56,337,174,163
050,12,003,"Florida","Baker County",5,57,306,167,139
050,12,003,"Florida","Baker County",5,58,354,172,182
050,12,003,"Florida","Baker County",5,59,360,184,176
050,12,003,"Florida","Baker County",5,60,348,191,157
050,12,003,"Florida","Baker County",5,61,342,165,177
050,12,003,"Florida","Baker County",5,62,343,175,168
050,12,003,"Florida","Baker County",5,63,347,175,172
050,12,003,"Florida","Baker County",5,64,339,180,159
050,12,003,"Florida","Baker County",5,65,302,150,152
050,12,003,"Florida","Baker County",5,66,313,150,163
050,12,003,"Florida","Baker County",5,67,279,129,150
050,12,003,"Florida","Baker County",5,68,258,120,138
050,12,003,"Florida","Baker County",5,69,248,104,144
050,12,003,"Florida","Baker County",5,70,265,135,130
050,12,003,"Florida","Baker County",5,71,262,124,138
050,12,003,"Florida","Baker County",5,72,237,103,134
050,12,003,"Florida","Baker County",5,73,214,92,122
050,12,003,"Florida","Baker County",5,74,210,97,113
050,12,003,"Florida","Baker County",5,75,206,88,118
050,12,003,"Florida","Baker County",5,76,206,94,112
050,12,003,"Florida","Baker County",5,77,136,61,75
050,12,003,"Florida","Baker County",5,78,146,69,77
050,12,003,"Florida","Baker County",5,79,132,70,62
050,12,003,"Florida","Baker County",5,80,128,63,65
050,12,003,"Florida","Baker County",5,81,90,43,47
050,12,003,"Florida","Baker County",5,82,86,31,55
050,12,003,"Florida","Baker County",5,83,89,33,56
050,12,003,"Florida","Baker County",5,84,74,31,43
050,12,003,"Florida","Baker County",5,85,427,163,264
050,12,005,"Florida","Bay County",1,0,1939,986,953
050,12,005,"Florida","Bay County",1,1,1951,971,980
050,12,005,"Florida","Bay County",1,2,1942,997,945
050,12,005,"Florida","Bay County",1,3,1953,1008,945
050,12,005,"Florida","Bay County",1,4,1939,992,947
050,12,005,"Florida","Bay County",1,5,2029,1060,969
050,12,005,"Florida","Bay County",1,6,1993,1031,962
050,12,005,"Florida","Bay County",1,7,2090,1028,1062
050,12,005,"Florida","Bay County",1,8,2036,1001,1035
050,12,005,"Florida","Bay County",1,9,1996,1002,994
050,12,005,"Florida","Bay County",1,10,2084,1085,999
050,12,005,"Florida","Bay County",1,11,2181,1133,1048
050,12,005,"Florida","Bay County",1,12,2122,1077,1045
050,12,005,"Florida","Bay County",1,13,2148,1076,1072
050,12,005,"Florida","Bay County",1,14,2152,1078,1074
050,12,005,"Florida","Bay County",1,15,2083,1047,1036
050,12,005,"Florida","Bay County",1,16,2019,999,1020
050,12,005,"Florida","Bay County",1,17,2009,1018,991
050,12,005,"Florida","Bay County",1,18,1764,908,856
050,12,005,"Florida","Bay County",1,19,1528,770,758
050,12,005,"Florida","Bay County",1,20,1709,893,816
050,12,005,"Florida","Bay County",1,21,1728,920,808
050,12,005,"Florida","Bay County",1,22,1849,956,893
050,12,005,"Florida","Bay County",1,23,2002,1062,940
050,12,005,"Florida","Bay County",1,24,2064,1099,965
050,12,005,"Florida","Bay County",1,25,2098,1120,978
050,12,005,"Florida","Bay County",1,26,2205,1171,1034
050,12,005,"Florida","Bay County",1,27,2261,1168,1093
050,12,005,"Florida","Bay County",1,28,2352,1204,1148
050,12,005,"Florida","Bay County",1,29,2486,1247,1239
050,12,005,"Florida","Bay County",1,30,2410,1210,1200
050,12,005,"Florida","Bay County",1,31,2411,1210,1201
050,12,005,"Florida","Bay County",1,32,2354,1206,1148
050,12,005,"Florida","Bay County",1,33,2270,1210,1060
050,12,005,"Florida","Bay County",1,34,2290,1189,1101
050,12,005,"Florida","Bay County",1,35,2332,1173,1159
050,12,005,"Florida","Bay County",1,36,2346,1174,1172
050,12,005,"Florida","Bay County",1,37,2323,1202,1121
050,12,005,"Florida","Bay County",1,38,2297,1167,1130
050,12,005,"Florida","Bay County",1,39,2249,1149,1100
050,12,005,"Florida","Bay County",1,40,2193,1124,1069
050,12,005,"Florida","Bay County",1,41,2151,1100,1051
050,12,005,"Florida","Bay County",1,42,2091,1086,1005
050,12,005,"Florida","Bay County",1,43,2012,1039,973
050,12,005,"Florida","Bay County",1,44,2013,1008,1005
050,12,005,"Florida","Bay County",1,45,2079,1035,1044
050,12,005,"Florida","Bay County",1,46,1963,939,1024
050,12,005,"Florida","Bay County",1,47,2029,966,1063
050,12,005,"Florida","Bay County",1,48,2230,1130,1100
050,12,005,"Florida","Bay County",1,49,2493,1292,1201
050,12,005,"Florida","Bay County",1,50,2368,1182,1186
050,12,005,"Florida","Bay County",1,51,2286,1129,1157
050,12,005,"Florida","Bay County",1,52,2276,1119,1157
050,12,005,"Florida","Bay County",1,53,2312,1140,1172
050,12,005,"Florida","Bay County",1,54,2333,1216,1117
050,12,005,"Florida","Bay County",1,55,2666,1342,1324
050,12,005,"Florida","Bay County",1,56,2805,1364,1441
050,12,005,"Florida","Bay County",1,57,2759,1369,1390
050,12,005,"Florida","Bay County",1,58,2816,1422,1394
050,12,005,"Florida","Bay County",1,59,2815,1451,1364
050,12,005,"Florida","Bay County",1,60,2662,1308,1354
050,12,005,"Florida","Bay County",1,61,2670,1248,1422
050,12,005,"Florida","Bay County",1,62,2589,1247,1342
050,12,005,"Florida","Bay County",1,63,2411,1129,1282
050,12,005,"Florida","Bay County",1,64,2398,1121,1277
050,12,005,"Florida","Bay County",1,65,2302,1091,1211
050,12,005,"Florida","Bay County",1,66,2327,1111,1216
050,12,005,"Florida","Bay County",1,67,2073,988,1085
050,12,005,"Florida","Bay County",1,68,1955,924,1031
050,12,005,"Florida","Bay County",1,69,1870,863,1007
050,12,005,"Florida","Bay County",1,70,1859,892,967
050,12,005,"Florida","Bay County",1,71,1831,868,963
050,12,005,"Florida","Bay County",1,72,1849,890,959
050,12,005,"Florida","Bay County",1,73,1847,895,952
050,12,005,"Florida","Bay County",1,74,1263,593,670
050,12,005,"Florida","Bay County",1,75,1269,596,673
050,12,005,"Florida","Bay County",1,76,1209,586,623
050,12,005,"Florida","Bay County",1,77,1171,544,627
050,12,005,"Florida","Bay County",1,78,1048,489,559
050,12,005,"Florida","Bay County",1,79,933,427,506
050,12,005,"Florida","Bay County",1,80,849,371,478
050,12,005,"Florida","Bay County",1,81,778,343,435
050,12,005,"Florida","Bay County",1,82,755,318,437
050,12,005,"Florida","Bay County",1,83,637,271,366
050,12,005,"Florida","Bay County",1,84,575,257,318
050,12,005,"Florida","Bay County",1,85,3394,1480,1914
050,12,005,"Florida","Bay County",2,0,1865,938,927
050,12,005,"Florida","Bay County",2,1,1925,962,963
050,12,005,"Florida","Bay County",2,2,1925,987,938
050,12,005,"Florida","Bay County",2,3,1921,995,926
050,12,005,"Florida","Bay County",2,4,1938,996,942
050,12,005,"Florida","Bay County",2,5,1993,1035,958
050,12,005,"Florida","Bay County",2,6,2000,1037,963
050,12,005,"Florida","Bay County",2,7,2049,1018,1031
050,12,005,"Florida","Bay County",2,8,2029,997,1032
050,12,005,"Florida","Bay County",2,9,1991,998,993
050,12,005,"Florida","Bay County",2,10,2056,1062,994
050,12,005,"Florida","Bay County",2,11,2135,1112,1023
050,12,005,"Florida","Bay County",2,12,2134,1091,1043
050,12,005,"Florida","Bay County",2,13,2132,1073,1059
050,12,005,"Florida","Bay County",2,14,2144,1076,1068
050,12,005,"Florida","Bay County",2,15,2098,1052,1046
050,12,005,"Florida","Bay County",2,16,2033,1016,1017
050,12,005,"Florida","Bay County",2,17,2013,1015,998
050,12,005,"Florida","Bay County",2,18,1754,907,847
050,12,005,"Florida","Bay County",2,19,1529,773,756
050,12,005,"Florida","Bay County",2,20,1713,881,832
050,12,005,"Florida","Bay County",2,21,1736,916,820
050,12,005,"Florida","Bay County",2,22,1856,963,893
050,12,005,"Florida","Bay County",2,23,1993,1052,941
050,12,005,"Florida","Bay County",2,24,2048,1088,960
050,12,005,"Florida","Bay County",2,25,2083,1109,974
050,12,005,"Florida","Bay County",2,26,2180,1158,1022
050,12,005,"Florida","Bay County",2,27,2233,1153,1080
050,12,005,"Florida","Bay County",2,28,2323,1191,1132
050,12,005,"Florida","Bay County",2,29,2440,1230,1210
050,12,005,"Florida","Bay County",2,30,2421,1215,1206
050,12,005,"Florida","Bay County",2,31,2384,1202,1182
050,12,005,"Florida","Bay County",2,32,2342,1195,1147
050,12,005,"Florida","Bay County",2,33,2268,1198,1070
050,12,005,"Florida","Bay County",2,34,2274,1187,1087
050,12,005,"Florida","Bay County",2,35,2321,1169,1152
050,12,005,"Florida","Bay County",2,36,2319,1165,1154
050,12,005,"Florida","Bay County",2,37,2324,1195,1129
050,12,005,"Florida","Bay County",2,38,2303,1178,1125
050,12,005,"Florida","Bay County",2,39,2237,1141,1096
050,12,005,"Florida","Bay County",2,40,2200,1121,1079
050,12,005,"Florida","Bay County",2,41,2145,1098,1047
050,12,005,"Florida","Bay County",2,42,2079,1077,1002
050,12,005,"Florida","Bay County",2,43,2037,1051,986
050,12,005,"Florida","Bay County",2,44,1989,1003,986
050,12,005,"Florida","Bay County",2,45,2063,1027,1036
050,12,005,"Florida","Bay County",2,46,1980,956,1024
050,12,005,"Florida","Bay County",2,47,2001,949,1052
050,12,005,"Florida","Bay County",2,48,2181,1091,1090
050,12,005,"Florida","Bay County",2,49,2433,1253,1180
050,12,005,"Florida","Bay County",2,50,2391,1202,1189
050,12,005,"Florida","Bay County",2,51,2296,1136,1160
050,12,005,"Florida","Bay County",2,52,2274,1119,1155
050,12,005,"Florida","Bay County",2,53,2301,1139,1162
050,12,005,"Florida","Bay County",2,54,2316,1192,1124
050,12,005,"Florida","Bay County",2,55,2583,1311,1272
050,12,005,"Florida","Bay County",2,56,2768,1356,1412
050,12,005,"Florida","Bay County",2,57,2766,1362,1404
050,12,005,"Florida","Bay County",2,58,2794,1404,1390
050,12,005,"Florida","Bay County",2,59,2813,1443,1370
050,12,005,"Florida","Bay County",2,60,2691,1338,1353
050,12,005,"Florida","Bay County",2,61,2651,1255,1396
050,12,005,"Florida","Bay County",2,62,2581,1229,1352
050,12,005,"Florida","Bay County",2,63,2462,1158,1304
050,12,005,"Florida","Bay County",2,64,2374,1106,1268
050,12,005,"Florida","Bay County",2,65,2311,1094,1217
050,12,005,"Florida","Bay County",2,66,2308,1101,1207
050,12,005,"Florida","Bay County",2,67,2117,1011,1106
050,12,005,"Florida","Bay County",2,68,1954,927,1027
050,12,005,"Florida","Bay County",2,69,1889,881,1008
050,12,005,"Florida","Bay County",2,70,1847,879,968
050,12,005,"Florida","Bay County",2,71,1824,867,957
050,12,005,"Florida","Bay County",2,72,1795,864,931
050,12,005,"Florida","Bay County",2,73,1910,927,983
050,12,005,"Florida","Bay County",2,74,1307,616,691
050,12,005,"Florida","Bay County",2,75,1257,588,669
050,12,005,"Florida","Bay County",2,76,1195,572,623
050,12,005,"Florida","Bay County",2,77,1186,558,628
050,12,005,"Florida","Bay County",2,78,1041,483,558
050,12,005,"Florida","Bay County",2,79,934,427,507
050,12,005,"Florida","Bay County",2,80,867,381,486
050,12,005,"Florida","Bay County",2,81,776,342,434
050,12,005,"Florida","Bay County",2,82,752,319,433
050,12,005,"Florida","Bay County",2,83,636,270,366
050,12,005,"Florida","Bay County",2,84,579,256,323
050,12,005,"Florida","Bay County",2,85,3409,1496,1913
050,12,005,"Florida","Bay County",3,0,1992,1007,985
050,12,005,"Florida","Bay County",3,1,2005,1013,992
050,12,005,"Florida","Bay County",3,2,2030,1021,1009
050,12,005,"Florida","Bay County",3,3,1969,1022,947
050,12,005,"Florida","Bay County",3,4,1991,1024,967
050,12,005,"Florida","Bay County",3,5,2045,1062,983
050,12,005,"Florida","Bay County",3,6,2077,1066,1011
050,12,005,"Florida","Bay County",3,7,2083,1089,994
050,12,005,"Florida","Bay County",3,8,2140,1078,1062
050,12,005,"Florida","Bay County",3,9,2118,1043,1075
050,12,005,"Florida","Bay County",3,10,2072,1040,1032
050,12,005,"Florida","Bay County",3,11,2163,1121,1042
050,12,005,"Florida","Bay County",3,12,2148,1122,1026
050,12,005,"Florida","Bay County",3,13,2193,1141,1052
050,12,005,"Florida","Bay County",3,14,2183,1104,1079
050,12,005,"Florida","Bay County",3,15,2247,1140,1107
050,12,005,"Florida","Bay County",3,16,2173,1090,1083
050,12,005,"Florida","Bay County",3,17,2069,1046,1023
050,12,005,"Florida","Bay County",3,18,1802,935,867
050,12,005,"Florida","Bay County",3,19,1549,796,753
050,12,005,"Florida","Bay County",3,20,1773,896,877
050,12,005,"Florida","Bay County",3,21,1949,975,974
050,12,005,"Florida","Bay County",3,22,1987,1032,955
050,12,005,"Florida","Bay County",3,23,2103,1102,1001
050,12,005,"Florida","Bay County",3,24,2174,1166,1008
050,12,005,"Florida","Bay County",3,25,2110,1105,1005
050,12,005,"Florida","Bay County",3,26,2198,1147,1051
050,12,005,"Florida","Bay County",3,27,2310,1202,1108
050,12,005,"Florida","Bay County",3,28,2332,1194,1138
050,12,005,"Florida","Bay County",3,29,2425,1265,1160
050,12,005,"Florida","Bay County",3,30,2528,1265,1263
050,12,005,"Florida","Bay County",3,31,2561,1294,1267
050,12,005,"Florida","Bay County",3,32,2467,1268,1199
050,12,005,"Florida","Bay County",3,33,2406,1207,1199
050,12,005,"Florida","Bay County",3,34,2380,1238,1142
050,12,005,"Florida","Bay County",3,35,2308,1183,1125
050,12,005,"Florida","Bay County",3,36,2421,1222,1199
050,12,005,"Florida","Bay County",3,37,2392,1195,1197
050,12,005,"Florida","Bay County",3,38,2414,1229,1185
050,12,005,"Florida","Bay County",3,39,2360,1205,1155
050,12,005,"Florida","Bay County",3,40,2268,1141,1127
050,12,005,"Florida","Bay County",3,41,2297,1187,1110
050,12,005,"Florida","Bay County",3,42,2208,1121,1087
050,12,005,"Florida","Bay County",3,43,2163,1110,1053
050,12,005,"Florida","Bay County",3,44,2091,1066,1025
050,12,005,"Florida","Bay County",3,45,2052,1047,1005
050,12,005,"Florida","Bay County",3,46,2074,1023,1051
050,12,005,"Florida","Bay County",3,47,2039,970,1069
050,12,005,"Florida","Bay County",3,48,2057,971,1086
050,12,005,"Florida","Bay County",3,49,2255,1145,1110
050,12,005,"Florida","Bay County",3,50,2465,1255,1210
050,12,005,"Florida","Bay County",3,51,2435,1193,1242
050,12,005,"Florida","Bay County",3,52,2342,1162,1180
050,12,005,"Florida","Bay County",3,53,2331,1133,1198
050,12,005,"Florida","Bay County",3,54,2376,1181,1195
050,12,005,"Florida","Bay County",3,55,2380,1217,1163
050,12,005,"Florida","Bay County",3,56,2619,1338,1281
050,12,005,"Florida","Bay County",3,57,2802,1361,1441
050,12,005,"Florida","Bay County",3,58,2808,1383,1425
050,12,005,"Florida","Bay County",3,59,2824,1422,1402
050,12,005,"Florida","Bay County",3,60,2863,1468,1395
050,12,005,"Florida","Bay County",3,61,2701,1344,1357
050,12,005,"Florida","Bay County",3,62,2653,1235,1418
050,12,005,"Florida","Bay County",3,63,2596,1229,1367
050,12,005,"Florida","Bay County",3,64,2484,1193,1291
050,12,005,"Florida","Bay County",3,65,2329,1076,1253
050,12,005,"Florida","Bay County",3,66,2290,1063,1227
050,12,005,"Florida","Bay County",3,67,2270,1073,1197
050,12,005,"Florida","Bay County",3,68,2077,985,1092
050,12,005,"Florida","Bay County",3,69,1922,907,1015
050,12,005,"Florida","Bay County",3,70,1829,859,970
050,12,005,"Florida","Bay County",3,71,1811,856,955
050,12,005,"Florida","Bay County",3,72,1787,843,944
050,12,005,"Florida","Bay County",3,73,1729,806,923
050,12,005,"Florida","Bay County",3,74,1840,889,951
050,12,005,"Florida","Bay County",3,75,1271,599,672
050,12,005,"Florida","Bay County",3,76,1211,562,649
050,12,005,"Florida","Bay County",3,77,1151,541,610
050,12,005,"Florida","Bay County",3,78,1119,527,592
050,12,005,"Florida","Bay County",3,79,964,440,524
050,12,005,"Florida","Bay County",3,80,882,386,496
050,12,005,"Florida","Bay County",3,81,798,354,444
050,12,005,"Florida","Bay County",3,82,731,320,411
050,12,005,"Florida","Bay County",3,83,678,280,398
050,12,005,"Florida","Bay County",3,84,579,248,331
050,12,005,"Florida","Bay County",3,85,3422,1524,1898
050,12,005,"Florida","Bay County",4,0,2103,1049,1054
050,12,005,"Florida","Bay County",4,1,2019,1021,998
050,12,005,"Florida","Bay County",4,2,2082,1068,1014
050,12,005,"Florida","Bay County",4,3,2101,1046,1055
050,12,005,"Florida","Bay County",4,4,2066,1074,992
050,12,005,"Florida","Bay County",4,5,2104,1080,1024
050,12,005,"Florida","Bay County",4,6,2122,1089,1033
050,12,005,"Florida","Bay County",4,7,2195,1123,1072
050,12,005,"Florida","Bay County",4,8,2214,1134,1080
050,12,005,"Florida","Bay County",4,9,2218,1111,1107
050,12,005,"Florida","Bay County",4,10,2219,1090,1129
050,12,005,"Florida","Bay County",4,11,2171,1094,1077
050,12,005,"Florida","Bay County",4,12,2245,1169,1076
050,12,005,"Florida","Bay County",4,13,2268,1191,1077
050,12,005,"Florida","Bay County",4,14,2275,1180,1095
050,12,005,"Florida","Bay County",4,15,2252,1145,1107
050,12,005,"Florida","Bay County",4,16,2305,1144,1161
050,12,005,"Florida","Bay County",4,17,2258,1148,1110
050,12,005,"Florida","Bay County",4,18,1885,1011,874
050,12,005,"Florida","Bay County",4,19,1533,799,734
050,12,005,"Florida","Bay County",4,20,1782,910,872
050,12,005,"Florida","Bay County",4,21,1912,947,965
050,12,005,"Florida","Bay County",4,22,2187,1082,1105
050,12,005,"Florida","Bay County",4,23,2234,1169,1065
050,12,005,"Florida","Bay County",4,24,2314,1189,1125
050,12,005,"Florida","Bay County",4,25,2292,1196,1096
050,12,005,"Florida","Bay County",4,26,2321,1208,1113
050,12,005,"Florida","Bay County",4,27,2320,1211,1109
050,12,005,"Florida","Bay County",4,28,2441,1257,1184
050,12,005,"Florida","Bay County",4,29,2428,1244,1184
050,12,005,"Florida","Bay County",4,30,2438,1264,1174
050,12,005,"Florida","Bay County",4,31,2638,1327,1311
050,12,005,"Florida","Bay County",4,32,2690,1357,1333
050,12,005,"Florida","Bay County",4,33,2561,1312,1249
050,12,005,"Florida","Bay County",4,34,2484,1234,1250
050,12,005,"Florida","Bay County",4,35,2478,1263,1215
050,12,005,"Florida","Bay County",4,36,2425,1242,1183
050,12,005,"Florida","Bay County",4,37,2449,1215,1234
050,12,005,"Florida","Bay County",4,38,2491,1262,1229
050,12,005,"Florida","Bay County",4,39,2505,1272,1233
050,12,005,"Florida","Bay County",4,40,2410,1222,1188
050,12,005,"Florida","Bay County",4,41,2338,1180,1158
050,12,005,"Florida","Bay County",4,42,2362,1210,1152
050,12,005,"Florida","Bay County",4,43,2275,1150,1125
050,12,005,"Florida","Bay County",4,44,2212,1111,1101
050,12,005,"Florida","Bay County",4,45,2148,1101,1047
050,12,005,"Florida","Bay County",4,46,2106,1059,1047
050,12,005,"Florida","Bay County",4,47,2132,1032,1100
050,12,005,"Florida","Bay County",4,48,2103,1027,1076
050,12,005,"Florida","Bay County",4,49,2128,1015,1113
050,12,005,"Florida","Bay County",4,50,2305,1132,1173
050,12,005,"Florida","Bay County",4,51,2523,1271,1252
050,12,005,"Florida","Bay County",4,52,2474,1215,1259
050,12,005,"Florida","Bay County",4,53,2401,1183,1218
050,12,005,"Florida","Bay County",4,54,2389,1161,1228
050,12,005,"Florida","Bay County",4,55,2467,1212,1255
050,12,005,"Florida","Bay County",4,56,2461,1251,1210
050,12,005,"Florida","Bay County",4,57,2675,1375,1300
050,12,005,"Florida","Bay County",4,58,2859,1379,1480
050,12,005,"Florida","Bay County",4,59,2822,1385,1437
050,12,005,"Florida","Bay County",4,60,2830,1405,1425
050,12,005,"Florida","Bay County",4,61,2874,1457,1417
050,12,005,"Florida","Bay County",4,62,2762,1372,1390
050,12,005,"Florida","Bay County",4,63,2664,1228,1436
050,12,005,"Florida","Bay County",4,64,2671,1273,1398
050,12,005,"Florida","Bay County",4,65,2480,1200,1280
050,12,005,"Florida","Bay County",4,66,2360,1083,1277
050,12,005,"Florida","Bay County",4,67,2276,1045,1231
050,12,005,"Florida","Bay County",4,68,2238,1048,1190
050,12,005,"Florida","Bay County",4,69,2046,951,1095
050,12,005,"Florida","Bay County",4,70,1888,882,1006
050,12,005,"Florida","Bay County",4,71,1804,837,967
050,12,005,"Florida","Bay County",4,72,1738,801,937
050,12,005,"Florida","Bay County",4,73,1733,794,939
050,12,005,"Florida","Bay County",4,74,1687,775,912
050,12,005,"Florida","Bay County",4,75,1802,867,935
050,12,005,"Florida","Bay County",4,76,1203,556,647
050,12,005,"Florida","Bay County",4,77,1156,528,628
050,12,005,"Florida","Bay County",4,78,1103,510,593
050,12,005,"Florida","Bay County",4,79,1036,478,558
050,12,005,"Florida","Bay County",4,80,923,418,505
050,12,005,"Florida","Bay County",4,81,817,352,465
050,12,005,"Florida","Bay County",4,82,752,328,424
050,12,005,"Florida","Bay County",4,83,657,278,379
050,12,005,"Florida","Bay County",4,84,623,250,373
050,12,005,"Florida","Bay County",4,85,3472,1548,1924
050,12,005,"Florida","Bay County",5,0,2105,1050,1055
050,12,005,"Florida","Bay County",5,1,2153,1085,1068
050,12,005,"Florida","Bay County",5,2,2066,1071,995
050,12,005,"Florida","Bay County",5,3,2182,1105,1077
050,12,005,"Florida","Bay County",5,4,2157,1079,1078
050,12,005,"Florida","Bay County",5,5,2180,1115,1065
050,12,005,"Florida","Bay County",5,6,2200,1126,1074
050,12,005,"Florida","Bay County",5,7,2202,1141,1061
050,12,005,"Florida","Bay County",5,8,2336,1182,1154
050,12,005,"Florida","Bay County",5,9,2278,1189,1089
050,12,005,"Florida","Bay County",5,10,2289,1155,1134
050,12,005,"Florida","Bay County",5,11,2272,1121,1151
050,12,005,"Florida","Bay County",5,12,2275,1140,1135
050,12,005,"Florida","Bay County",5,13,2302,1204,1098
050,12,005,"Florida","Bay County",5,14,2361,1218,1143
050,12,005,"Florida","Bay County",5,15,2339,1202,1137
050,12,005,"Florida","Bay County",5,16,2341,1197,1144
050,12,005,"Florida","Bay County",5,17,2344,1184,1160
050,12,005,"Florida","Bay County",5,18,2019,1070,949
050,12,005,"Florida","Bay County",5,19,1643,886,757
050,12,005,"Florida","Bay County",5,20,1770,935,835
050,12,005,"Florida","Bay County",5,21,1947,1008,939
050,12,005,"Florida","Bay County",5,22,2170,1066,1104
050,12,005,"Florida","Bay County",5,23,2494,1244,1250
050,12,005,"Florida","Bay County",5,24,2450,1254,1196
050,12,005,"Florida","Bay County",5,25,2416,1230,1186
050,12,005,"Florida","Bay County",5,26,2409,1246,1163
050,12,005,"Florida","Bay County",5,27,2335,1204,1131
050,12,005,"Florida","Bay County",5,28,2416,1258,1158
050,12,005,"Florida","Bay County",5,29,2512,1320,1192
050,12,005,"Florida","Bay County",5,30,2517,1294,1223
050,12,005,"Florida","Bay County",5,31,2579,1346,1233
050,12,005,"Florida","Bay County",5,32,2731,1350,1381
050,12,005,"Florida","Bay County",5,33,2773,1400,1373
050,12,005,"Florida","Bay County",5,34,2671,1370,1301
050,12,005,"Florida","Bay County",5,35,2550,1232,1318
050,12,005,"Florida","Bay County",5,36,2565,1291,1274
050,12,005,"Florida","Bay County",5,37,2510,1276,1234
050,12,005,"Florida","Bay County",5,38,2515,1251,1264
050,12,005,"Florida","Bay County",5,39,2533,1288,1245
050,12,005,"Florida","Bay County",5,40,2576,1296,1280
050,12,005,"Florida","Bay County",5,41,2501,1281,1220
050,12,005,"Florida","Bay County",5,42,2432,1229,1203
050,12,005,"Florida","Bay County",5,43,2432,1242,1190
050,12,005,"Florida","Bay County",5,44,2314,1174,1140
050,12,005,"Florida","Bay County",5,45,2284,1161,1123
050,12,005,"Florida","Bay County",5,46,2172,1095,1077
050,12,005,"Florida","Bay County",5,47,2128,1062,1066
050,12,005,"Florida","Bay County",5,48,2164,1067,1097
050,12,005,"Florida","Bay County",5,49,2177,1058,1119
050,12,005,"Florida","Bay County",5,50,2158,1023,1135
050,12,005,"Florida","Bay County",5,51,2355,1157,1198
050,12,005,"Florida","Bay County",5,52,2617,1303,1314
050,12,005,"Florida","Bay County",5,53,2537,1254,1283
050,12,005,"Florida","Bay County",5,54,2450,1209,1241
050,12,005,"Florida","Bay County",5,55,2464,1208,1256
050,12,005,"Florida","Bay County",5,56,2524,1246,1278
050,12,005,"Florida","Bay County",5,57,2488,1246,1242
050,12,005,"Florida","Bay County",5,58,2695,1367,1328
050,12,005,"Florida","Bay County",5,59,2910,1407,1503
050,12,005,"Florida","Bay County",5,60,2893,1417,1476
050,12,005,"Florida","Bay County",5,61,2893,1446,1447
050,12,005,"Florida","Bay County",5,62,2907,1449,1458
050,12,005,"Florida","Bay County",5,63,2781,1407,1374
050,12,005,"Florida","Bay County",5,64,2707,1236,1471
050,12,005,"Florida","Bay County",5,65,2689,1275,1414
050,12,005,"Florida","Bay County",5,66,2497,1211,1286
050,12,005,"Florida","Bay County",5,67,2334,1075,1259
050,12,005,"Florida","Bay County",5,68,2258,1038,1220
050,12,005,"Florida","Bay County",5,69,2223,1041,1182
050,12,005,"Florida","Bay County",5,70,2034,951,1083
050,12,005,"Florida","Bay County",5,71,1869,869,1000
050,12,005,"Florida","Bay County",5,72,1736,787,949
050,12,005,"Florida","Bay County",5,73,1699,777,922
050,12,005,"Florida","Bay County",5,74,1688,766,922
050,12,005,"Florida","Bay County",5,75,1639,751,888
050,12,005,"Florida","Bay County",5,76,1724,815,909
050,12,005,"Florida","Bay County",5,77,1187,542,645
050,12,005,"Florida","Bay County",5,78,1120,510,610
050,12,005,"Florida","Bay County",5,79,1048,484,564
050,12,005,"Florida","Bay County",5,80,1012,452,560
050,12,005,"Florida","Bay County",5,81,876,389,487
050,12,005,"Florida","Bay County",5,82,762,320,442
050,12,005,"Florida","Bay County",5,83,703,305,398
050,12,005,"Florida","Bay County",5,84,617,258,359
050,12,005,"Florida","Bay County",5,85,3588,1594,1994
050,12,007,"Florida","Bradford County",1,0,283,144,139
050,12,007,"Florida","Bradford County",1,1,283,153,130
050,12,007,"Florida","Bradford County",1,2,292,156,136
050,12,007,"Florida","Bradford County",1,3,319,154,165
050,12,007,"Florida","Bradford County",1,4,299,154,145
050,12,007,"Florida","Bradford County",1,5,293,152,141
050,12,007,"Florida","Bradford County",1,6,325,175,150
050,12,007,"Florida","Bradford County",1,7,300,158,142
050,12,007,"Florida","Bradford County",1,8,287,149,138
050,12,007,"Florida","Bradford County",1,9,300,163,137
050,12,007,"Florida","Bradford County",1,10,302,159,143
050,12,007,"Florida","Bradford County",1,11,323,156,167
050,12,007,"Florida","Bradford County",1,12,343,174,169
050,12,007,"Florida","Bradford County",1,13,331,176,155
050,12,007,"Florida","Bradford County",1,14,317,157,160
050,12,007,"Florida","Bradford County",1,15,304,151,153
050,12,007,"Florida","Bradford County",1,16,304,151,153
050,12,007,"Florida","Bradford County",1,17,300,147,153
050,12,007,"Florida","Bradford County",1,18,276,147,129
050,12,007,"Florida","Bradford County",1,19,226,121,105
050,12,007,"Florida","Bradford County",1,20,280,170,110
050,12,007,"Florida","Bradford County",1,21,297,181,116
050,12,007,"Florida","Bradford County",1,22,368,235,133
050,12,007,"Florida","Bradford County",1,23,394,254,140
050,12,007,"Florida","Bradford County",1,24,404,275,129
050,12,007,"Florida","Bradford County",1,25,426,290,136
050,12,007,"Florida","Bradford County",1,26,454,294,160
050,12,007,"Florida","Bradford County",1,27,457,291,166
050,12,007,"Florida","Bradford County",1,28,481,319,162
050,12,007,"Florida","Bradford County",1,29,470,309,161
050,12,007,"Florida","Bradford County",1,30,478,309,169
050,12,007,"Florida","Bradford County",1,31,395,235,160
050,12,007,"Florida","Bradford County",1,32,407,266,141
050,12,007,"Florida","Bradford County",1,33,430,286,144
050,12,007,"Florida","Bradford County",1,34,390,257,133
050,12,007,"Florida","Bradford County",1,35,380,234,146
050,12,007,"Florida","Bradford County",1,36,393,255,138
050,12,007,"Florida","Bradford County",1,37,440,286,154
050,12,007,"Florida","Bradford County",1,38,413,267,146
050,12,007,"Florida","Bradford County",1,39,384,234,150
050,12,007,"Florida","Bradford County",1,40,402,250,152
050,12,007,"Florida","Bradford County",1,41,397,250,147
050,12,007,"Florida","Bradford County",1,42,349,222,127
050,12,007,"Florida","Bradford County",1,43,361,232,129
050,12,007,"Florida","Bradford County",1,44,341,210,131
050,12,007,"Florida","Bradford County",1,45,334,213,121
050,12,007,"Florida","Bradford County",1,46,360,228,132
050,12,007,"Florida","Bradford County",1,47,404,241,163
050,12,007,"Florida","Bradford County",1,48,372,232,140
050,12,007,"Florida","Bradford County",1,49,396,239,157
050,12,007,"Florida","Bradford County",1,50,352,205,147
050,12,007,"Florida","Bradford County",1,51,350,208,142
050,12,007,"Florida","Bradford County",1,52,361,228,133
050,12,007,"Florida","Bradford County",1,53,350,192,158
050,12,007,"Florida","Bradford County",1,54,320,183,137
050,12,007,"Florida","Bradford County",1,55,344,187,157
050,12,007,"Florida","Bradford County",1,56,389,203,186
050,12,007,"Florida","Bradford County",1,57,363,202,161
050,12,007,"Florida","Bradford County",1,58,382,203,179
050,12,007,"Florida","Bradford County",1,59,380,182,198
050,12,007,"Florida","Bradford County",1,60,376,190,186
050,12,007,"Florida","Bradford County",1,61,371,200,171
050,12,007,"Florida","Bradford County",1,62,342,166,176
050,12,007,"Florida","Bradford County",1,63,366,166,200
050,12,007,"Florida","Bradford County",1,64,347,167,180
050,12,007,"Florida","Bradford County",1,65,314,163,151
050,12,007,"Florida","Bradford County",1,66,345,173,172
050,12,007,"Florida","Bradford County",1,67,313,156,157
050,12,007,"Florida","Bradford County",1,68,296,144,152
050,12,007,"Florida","Bradford County",1,69,271,126,145
050,12,007,"Florida","Bradford County",1,70,275,131,144
050,12,007,"Florida","Bradford County",1,71,285,133,152
050,12,007,"Florida","Bradford County",1,72,265,118,147
050,12,007,"Florida","Bradford County",1,73,276,133,143
050,12,007,"Florida","Bradford County",1,74,192,86,106
050,12,007,"Florida","Bradford County",1,75,214,101,113
050,12,007,"Florida","Bradford County",1,76,214,100,114
050,12,007,"Florida","Bradford County",1,77,229,104,125
050,12,007,"Florida","Bradford County",1,78,190,79,111
050,12,007,"Florida","Bradford County",1,79,182,78,104
050,12,007,"Florida","Bradford County",1,80,142,56,86
050,12,007,"Florida","Bradford County",1,81,142,57,85
050,12,007,"Florida","Bradford County",1,82,125,59,66
050,12,007,"Florida","Bradford County",1,83,96,41,55
050,12,007,"Florida","Bradford County",1,84,93,39,54
050,12,007,"Florida","Bradford County",1,85,586,197,389
050,12,007,"Florida","Bradford County",2,0,290,147,143
050,12,007,"Florida","Bradford County",2,1,282,151,131
050,12,007,"Florida","Bradford County",2,2,291,156,135
050,12,007,"Florida","Bradford County",2,3,309,153,156
050,12,007,"Florida","Bradford County",2,4,304,155,149
050,12,007,"Florida","Bradford County",2,5,295,153,142
050,12,007,"Florida","Bradford County",2,6,316,169,147
050,12,007,"Florida","Bradford County",2,7,308,163,145
050,12,007,"Florida","Bradford County",2,8,289,151,138
050,12,007,"Florida","Bradford County",2,9,297,160,137
050,12,007,"Florida","Bradford County",2,10,304,160,144
050,12,007,"Florida","Bradford County",2,11,323,159,164
050,12,007,"Florida","Bradford County",2,12,343,172,171
050,12,007,"Florida","Bradford County",2,13,332,174,158
050,12,007,"Florida","Bradford County",2,14,318,159,159
050,12,007,"Florida","Bradford County",2,15,306,153,153
050,12,007,"Florida","Bradford County",2,16,304,151,153
050,12,007,"Florida","Bradford County",2,17,302,149,153
050,12,007,"Florida","Bradford County",2,18,271,142,129
050,12,007,"Florida","Bradford County",2,19,228,123,105
050,12,007,"Florida","Bradford County",2,20,282,169,113
050,12,007,"Florida","Bradford County",2,21,298,180,118
050,12,007,"Florida","Bradford County",2,22,367,235,132
050,12,007,"Florida","Bradford County",2,23,391,251,140
050,12,007,"Florida","Bradford County",2,24,405,272,133
050,12,007,"Florida","Bradford County",2,25,417,280,137
050,12,007,"Florida","Bradford County",2,26,445,291,154
050,12,007,"Florida","Bradford County",2,27,447,283,164
050,12,007,"Florida","Bradford County",2,28,471,308,163
050,12,007,"Florida","Bradford County",2,29,463,299,164
050,12,007,"Florida","Bradford County",2,30,474,305,169
050,12,007,"Florida","Bradford County",2,31,403,241,162
050,12,007,"Florida","Bradford County",2,32,403,257,146
050,12,007,"Florida","Bradford County",2,33,421,280,141
050,12,007,"Florida","Bradford County",2,34,396,260,136
050,12,007,"Florida","Bradford County",2,35,380,235,145
050,12,007,"Florida","Bradford County",2,36,385,245,140
050,12,007,"Florida","Bradford County",2,37,425,275,150
050,12,007,"Florida","Bradford County",2,38,416,266,150
050,12,007,"Florida","Bradford County",2,39,379,231,148
050,12,007,"Florida","Bradford County",2,40,404,250,154
050,12,007,"Florida","Bradford County",2,41,394,245,149
050,12,007,"Florida","Bradford County",2,42,349,219,130
050,12,007,"Florida","Bradford County",2,43,362,231,131
050,12,007,"Florida","Bradford County",2,44,338,210,128
050,12,007,"Florida","Bradford County",2,45,334,209,125
050,12,007,"Florida","Bradford County",2,46,352,223,129
050,12,007,"Florida","Bradford County",2,47,392,236,156
050,12,007,"Florida","Bradford County",2,48,379,229,150
050,12,007,"Florida","Bradford County",2,49,395,237,158
050,12,007,"Florida","Bradford County",2,50,358,207,151
050,12,007,"Florida","Bradford County",2,51,347,204,143
050,12,007,"Florida","Bradford County",2,52,358,223,135
050,12,007,"Florida","Bradford County",2,53,346,192,154
050,12,007,"Florida","Bradford County",2,54,325,182,143
050,12,007,"Florida","Bradford County",2,55,335,183,152
050,12,007,"Florida","Bradford County",2,56,378,200,178
050,12,007,"Florida","Bradford County",2,57,371,200,171
050,12,007,"Florida","Bradford County",2,58,375,199,176
050,12,007,"Florida","Bradford County",2,59,382,186,196
050,12,007,"Florida","Bradford County",2,60,377,187,190
050,12,007,"Florida","Bradford County",2,61,373,199,174
050,12,007,"Florida","Bradford County",2,62,344,173,171
050,12,007,"Florida","Bradford County",2,63,360,165,195
050,12,007,"Florida","Bradford County",2,64,343,165,178
050,12,007,"Florida","Bradford County",2,65,323,165,158
050,12,007,"Florida","Bradford County",2,66,335,169,166
050,12,007,"Florida","Bradford County",2,67,321,159,162
050,12,007,"Florida","Bradford County",2,68,299,145,154
050,12,007,"Florida","Bradford County",2,69,278,132,146
050,12,007,"Florida","Bradford County",2,70,274,129,145
050,12,007,"Florida","Bradford County",2,71,282,132,150
050,12,007,"Florida","Bradford County",2,72,265,119,146
050,12,007,"Florida","Bradford County",2,73,281,132,149
050,12,007,"Florida","Bradford County",2,74,197,92,105
050,12,007,"Florida","Bradford County",2,75,208,98,110
050,12,007,"Florida","Bradford County",2,76,210,99,111
050,12,007,"Florida","Bradford County",2,77,231,107,124
050,12,007,"Florida","Bradford County",2,78,195,82,113
050,12,007,"Florida","Bradford County",2,79,177,75,102
050,12,007,"Florida","Bradford County",2,80,152,61,91
050,12,007,"Florida","Bradford County",2,81,138,56,82
050,12,007,"Florida","Bradford County",2,82,127,57,70
050,12,007,"Florida","Bradford County",2,83,100,43,57
050,12,007,"Florida","Bradford County",2,84,95,40,55
050,12,007,"Florida","Bradford County",2,85,583,194,389
050,12,007,"Florida","Bradford County",3,0,290,145,145
050,12,007,"Florida","Bradford County",3,1,284,149,135
050,12,007,"Florida","Bradford County",3,2,314,157,157
050,12,007,"Florida","Bradford County",3,3,289,156,133
050,12,007,"Florida","Bradford County",3,4,303,152,151
050,12,007,"Florida","Bradford County",3,5,324,169,155
050,12,007,"Florida","Bradford County",3,6,303,157,146
050,12,007,"Florida","Bradford County",3,7,313,167,146
050,12,007,"Florida","Bradford County",3,8,317,157,160
050,12,007,"Florida","Bradford County",3,9,304,169,135
050,12,007,"Florida","Bradford County",3,10,311,168,143
050,12,007,"Florida","Bradford County",3,11,294,157,137
050,12,007,"Florida","Bradford County",3,12,332,162,170
050,12,007,"Florida","Bradford County",3,13,335,165,170
050,12,007,"Florida","Bradford County",3,14,341,183,158
050,12,007,"Florida","Bradford County",3,15,333,166,167
050,12,007,"Florida","Bradford County",3,16,313,159,154
050,12,007,"Florida","Bradford County",3,17,315,155,160
050,12,007,"Florida","Bradford County",3,18,259,133,126
050,12,007,"Florida","Bradford County",3,19,216,110,106
050,12,007,"Florida","Bradford County",3,20,261,148,113
050,12,007,"Florida","Bradford County",3,21,308,182,126
050,12,007,"Florida","Bradford County",3,22,350,224,126
050,12,007,"Florida","Bradford County",3,23,400,247,153
050,12,007,"Florida","Bradford County",3,24,411,266,145
050,12,007,"Florida","Bradford County",3,25,398,250,148
050,12,007,"Florida","Bradford County",3,26,395,272,123
050,12,007,"Florida","Bradford County",3,27,425,279,146
050,12,007,"Florida","Bradford County",3,28,446,276,170
050,12,007,"Florida","Bradford County",3,29,451,283,168
050,12,007,"Florida","Bradford County",3,30,452,282,170
050,12,007,"Florida","Bradford County",3,31,435,272,163
050,12,007,"Florida","Bradford County",3,32,401,234,167
050,12,007,"Florida","Bradford County",3,33,400,246,154
050,12,007,"Florida","Bradford County",3,34,408,266,142
050,12,007,"Florida","Bradford County",3,35,383,248,135
050,12,007,"Florida","Bradford County",3,36,364,227,137
050,12,007,"Florida","Bradford County",3,37,398,254,144
050,12,007,"Florida","Bradford County",3,38,396,251,145
050,12,007,"Florida","Bradford County",3,39,392,236,156
050,12,007,"Florida","Bradford County",3,40,396,250,146
050,12,007,"Florida","Bradford County",3,41,398,240,158
050,12,007,"Florida","Bradford County",3,42,371,225,146
050,12,007,"Florida","Bradford County",3,43,358,226,132
050,12,007,"Florida","Bradford County",3,44,348,213,135
050,12,007,"Florida","Bradford County",3,45,332,207,125
050,12,007,"Florida","Bradford County",3,46,329,204,125
050,12,007,"Florida","Bradford County",3,47,342,215,127
050,12,007,"Florida","Bradford County",3,48,367,208,159
050,12,007,"Florida","Bradford County",3,49,388,235,153
050,12,007,"Florida","Bradford County",3,50,369,223,146
050,12,007,"Florida","Bradford County",3,51,360,196,164
050,12,007,"Florida","Bradford County",3,52,347,205,142
050,12,007,"Florida","Bradford County",3,53,332,197,135
050,12,007,"Florida","Bradford County",3,54,344,186,158
050,12,007,"Florida","Bradford County",3,55,321,171,150
050,12,007,"Florida","Bradford County",3,56,339,186,153
050,12,007,"Florida","Bradford County",3,57,375,204,171
050,12,007,"Florida","Bradford County",3,58,366,194,172
050,12,007,"Florida","Bradford County",3,59,376,193,183
050,12,007,"Florida","Bradford County",3,60,374,181,193
050,12,007,"Florida","Bradford County",3,61,369,182,187
050,12,007,"Florida","Bradford County",3,62,370,193,177
050,12,007,"Florida","Bradford County",3,63,332,166,166
050,12,007,"Florida","Bradford County",3,64,364,167,197
050,12,007,"Florida","Bradford County",3,65,347,167,180
050,12,007,"Florida","Bradford County",3,66,323,164,159
050,12,007,"Florida","Bradford County",3,67,322,162,160
050,12,007,"Florida","Bradford County",3,68,308,144,164
050,12,007,"Florida","Bradford County",3,69,292,141,151
050,12,007,"Florida","Bradford County",3,70,278,127,151
050,12,007,"Florida","Bradford County",3,71,266,130,136
050,12,007,"Florida","Bradford County",3,72,270,120,150
050,12,007,"Florida","Bradford County",3,73,258,116,142
050,12,007,"Florida","Bradford County",3,74,264,126,138
050,12,007,"Florida","Bradford County",3,75,187,85,102
050,12,007,"Florida","Bradford County",3,76,193,90,103
050,12,007,"Florida","Bradford County",3,77,203,97,106
050,12,007,"Florida","Bradford County",3,78,204,87,117
050,12,007,"Florida","Bradford County",3,79,179,79,100
050,12,007,"Florida","Bradford County",3,80,168,71,97
050,12,007,"Florida","Bradford County",3,81,148,58,90
050,12,007,"Florida","Bradford County",3,82,127,50,77
050,12,007,"Florida","Bradford County",3,83,114,52,62
050,12,007,"Florida","Bradford County",3,84,91,38,53
050,12,007,"Florida","Bradford County",3,85,577,193,384
050,12,007,"Florida","Bradford County",4,0,304,149,155
050,12,007,"Florida","Bradford County",4,1,286,136,150
050,12,007,"Florida","Bradford County",4,2,304,158,146
050,12,007,"Florida","Bradford County",4,3,310,162,148
050,12,007,"Florida","Bradford County",4,4,298,157,141
050,12,007,"Florida","Bradford County",4,5,318,161,157
050,12,007,"Florida","Bradford County",4,6,331,176,155
050,12,007,"Florida","Bradford County",4,7,306,161,145
050,12,007,"Florida","Bradford County",4,8,325,166,159
050,12,007,"Florida","Bradford County",4,9,331,168,163
050,12,007,"Florida","Bradford County",4,10,314,170,144
050,12,007,"Florida","Bradford County",4,11,328,170,158
050,12,007,"Florida","Bradford County",4,12,305,154,151
050,12,007,"Florida","Bradford County",4,13,337,168,169
050,12,007,"Florida","Bradford County",4,14,335,167,168
050,12,007,"Florida","Bradford County",4,15,343,179,164
050,12,007,"Florida","Bradford County",4,16,329,164,165
050,12,007,"Florida","Bradford County",4,17,309,154,155
050,12,007,"Florida","Bradford County",4,18,268,141,127
050,12,007,"Florida","Bradford County",4,19,200,105,95
050,12,007,"Florida","Bradford County",4,20,253,131,122
050,12,007,"Florida","Bradford County",4,21,272,156,116
050,12,007,"Florida","Bradford County",4,22,335,200,135
050,12,007,"Florida","Bradford County",4,23,355,215,140
050,12,007,"Florida","Bradford County",4,24,404,237,167
050,12,007,"Florida","Bradford County",4,25,393,236,157
050,12,007,"Florida","Bradford County",4,26,359,222,137
050,12,007,"Florida","Bradford County",4,27,361,231,130
050,12,007,"Florida","Bradford County",4,28,398,239,159
050,12,007,"Florida","Bradford County",4,29,391,222,169
050,12,007,"Florida","Bradford County",4,30,434,255,179
050,12,007,"Florida","Bradford County",4,31,419,240,179
050,12,007,"Florida","Bradford County",4,32,397,238,159
050,12,007,"Florida","Bradford County",4,33,381,208,173
050,12,007,"Florida","Bradford County",4,34,357,200,157
050,12,007,"Florida","Bradford County",4,35,370,232,138
050,12,007,"Florida","Bradford County",4,36,370,223,147
050,12,007,"Florida","Bradford County",4,37,352,205,147
050,12,007,"Florida","Bradford County",4,38,347,214,133
050,12,007,"Florida","Bradford County",4,39,357,211,146
050,12,007,"Florida","Bradford County",4,40,379,222,157
050,12,007,"Florida","Bradford County",4,41,370,219,151
050,12,007,"Florida","Bradford County",4,42,359,197,162
050,12,007,"Florida","Bradford County",4,43,357,207,150
050,12,007,"Florida","Bradford County",4,44,320,195,125
050,12,007,"Florida","Bradford County",4,45,329,186,143
050,12,007,"Florida","Bradford County",4,46,313,184,129
050,12,007,"Florida","Bradford County",4,47,303,177,126
050,12,007,"Florida","Bradford County",4,48,319,180,139
050,12,007,"Florida","Bradford County",4,49,352,190,162
050,12,007,"Florida","Bradford County",4,50,352,197,155
050,12,007,"Florida","Bradford County",4,51,337,191,146
050,12,007,"Florida","Bradford County",4,52,358,194,164
050,12,007,"Florida","Bradford County",4,53,313,172,141
050,12,007,"Florida","Bradford County",4,54,314,176,138
050,12,007,"Florida","Bradford County",4,55,335,178,157
050,12,007,"Florida","Bradford County",4,56,323,170,153
050,12,007,"Florida","Bradford County",4,57,327,177,150
050,12,007,"Florida","Bradford County",4,58,365,185,180
050,12,007,"Florida","Bradford County",4,59,368,193,175
050,12,007,"Florida","Bradford County",4,60,372,184,188
050,12,007,"Florida","Bradford County",4,61,365,180,185
050,12,007,"Florida","Bradford County",4,62,382,189,193
050,12,007,"Florida","Bradford County",4,63,360,188,172
050,12,007,"Florida","Bradford County",4,64,328,164,164
050,12,007,"Florida","Bradford County",4,65,357,157,200
050,12,007,"Florida","Bradford County",4,66,340,160,180
050,12,007,"Florida","Bradford County",4,67,325,163,162
050,12,007,"Florida","Bradford County",4,68,307,152,155
050,12,007,"Florida","Bradford County",4,69,311,145,166
050,12,007,"Florida","Bradford County",4,70,290,136,154
050,12,007,"Florida","Bradford County",4,71,267,123,144
050,12,007,"Florida","Bradford County",4,72,262,123,139
050,12,007,"Florida","Bradford County",4,73,266,122,144
050,12,007,"Florida","Bradford County",4,74,242,112,130
050,12,007,"Florida","Bradford County",4,75,255,118,137
050,12,007,"Florida","Bradford County",4,76,171,76,95
050,12,007,"Florida","Bradford County",4,77,186,88,98
050,12,007,"Florida","Bradford County",4,78,185,82,103
050,12,007,"Florida","Bradford County",4,79,185,82,103
050,12,007,"Florida","Bradford County",4,80,170,74,96
050,12,007,"Florida","Bradford County",4,81,162,67,95
050,12,007,"Florida","Bradford County",4,82,133,51,82
050,12,007,"Florida","Bradford County",4,83,114,44,70
050,12,007,"Florida","Bradford County",4,84,105,46,59
050,12,007,"Florida","Bradford County",4,85,577,197,380
050,12,007,"Florida","Bradford County",5,0,306,150,156
050,12,007,"Florida","Bradford County",5,1,307,154,153
050,12,007,"Florida","Bradford County",5,2,296,144,152
050,12,007,"Florida","Bradford County",5,3,315,160,155
050,12,007,"Florida","Bradford County",5,4,326,173,153
050,12,007,"Florida","Bradford County",5,5,305,153,152
050,12,007,"Florida","Bradford County",5,6,342,165,177
050,12,007,"Florida","Bradford County",5,7,337,172,165
050,12,007,"Florida","Bradford County",5,8,322,173,149
050,12,007,"Florida","Bradford County",5,9,362,180,182
050,12,007,"Florida","Bradford County",5,10,338,179,159
050,12,007,"Florida","Bradford County",5,11,329,186,143
050,12,007,"Florida","Bradford County",5,12,341,181,160
050,12,007,"Florida","Bradford County",5,13,304,157,147
050,12,007,"Florida","Bradford County",5,14,348,172,176
050,12,007,"Florida","Bradford County",5,15,339,174,165
050,12,007,"Florida","Bradford County",5,16,355,178,177
050,12,007,"Florida","Bradford County",5,17,341,168,173
050,12,007,"Florida","Bradford County",5,18,282,147,135
050,12,007,"Florida","Bradford County",5,19,220,121,99
050,12,007,"Florida","Bradford County",5,20,243,137,106
050,12,007,"Florida","Bradford County",5,21,289,149,140
050,12,007,"Florida","Bradford County",5,22,323,195,128
050,12,007,"Florida","Bradford County",5,23,357,210,147
050,12,007,"Florida","Bradford County",5,24,394,233,161
050,12,007,"Florida","Bradford County",5,25,391,233,158
050,12,007,"Florida","Bradford County",5,26,422,258,164
050,12,007,"Florida","Bradford County",5,27,354,218,136
050,12,007,"Florida","Bradford County",5,28,383,237,146
050,12,007,"Florida","Bradford County",5,29,388,225,163
050,12,007,"Florida","Bradford County",5,30,416,236,180
050,12,007,"Florida","Bradford County",5,31,422,235,187
050,12,007,"Florida","Bradford County",5,32,428,246,182
050,12,007,"Florida","Bradford County",5,33,406,249,157
050,12,007,"Florida","Bradford County",5,34,392,205,187
050,12,007,"Florida","Bradford County",5,35,363,201,162
050,12,007,"Florida","Bradford County",5,36,386,245,141
050,12,007,"Florida","Bradford County",5,37,378,234,144
050,12,007,"Florida","Bradford County",5,38,351,204,147
050,12,007,"Florida","Bradford County",5,39,354,208,146
050,12,007,"Florida","Bradford County",5,40,381,231,150
050,12,007,"Florida","Bradford County",5,41,393,222,171
050,12,007,"Florida","Bradford County",5,42,357,204,153
050,12,007,"Florida","Bradford County",5,43,375,215,160
050,12,007,"Florida","Bradford County",5,44,355,207,148
050,12,007,"Florida","Bradford County",5,45,326,194,132
050,12,007,"Florida","Bradford County",5,46,335,186,149
050,12,007,"Florida","Bradford County",5,47,314,187,127
050,12,007,"Florida","Bradford County",5,48,296,166,130
050,12,007,"Florida","Bradford County",5,49,334,191,143
050,12,007,"Florida","Bradford County",5,50,347,187,160
050,12,007,"Florida","Bradford County",5,51,357,199,158
050,12,007,"Florida","Bradford County",5,52,357,209,148
050,12,007,"Florida","Bradford County",5,53,353,191,162
050,12,007,"Florida","Bradford County",5,54,305,169,136
050,12,007,"Florida","Bradford County",5,55,298,164,134
050,12,007,"Florida","Bradford County",5,56,343,180,163
050,12,007,"Florida","Bradford County",5,57,325,164,161
050,12,007,"Florida","Bradford County",5,58,328,173,155
050,12,007,"Florida","Bradford County",5,59,370,185,185
050,12,007,"Florida","Bradford County",5,60,366,185,181
050,12,007,"Florida","Bradford County",5,61,371,185,186
050,12,007,"Florida","Bradford County",5,62,369,178,191
050,12,007,"Florida","Bradford County",5,63,373,185,188
050,12,007,"Florida","Bradford County",5,64,358,188,170
050,12,007,"Florida","Bradford County",5,65,322,156,166
050,12,007,"Florida","Bradford County",5,66,352,154,198
050,12,007,"Florida","Bradford County",5,67,336,154,182
050,12,007,"Florida","Bradford County",5,68,322,157,165
050,12,007,"Florida","Bradford County",5,69,308,151,157
050,12,007,"Florida","Bradford County",5,70,302,134,168
050,12,007,"Florida","Bradford County",5,71,285,139,146
050,12,007,"Florida","Bradford County",5,72,264,117,147
050,12,007,"Florida","Bradford County",5,73,250,115,135
050,12,007,"Florida","Bradford County",5,74,259,116,143
050,12,007,"Florida","Bradford County",5,75,238,109,129
050,12,007,"Florida","Bradford County",5,76,246,112,134
050,12,007,"Florida","Bradford County",5,77,162,75,87
050,12,007,"Florida","Bradford County",5,78,176,81,95
050,12,007,"Florida","Bradford County",5,79,161,78,83
050,12,007,"Florida","Bradford County",5,80,177,79,98
050,12,007,"Florida","Bradford County",5,81,171,72,99
050,12,007,"Florida","Bradford County",5,82,150,63,87
050,12,007,"Florida","Bradford County",5,83,128,48,80
050,12,007,"Florida","Bradford County",5,84,102,36,66
050,12,007,"Florida","Bradford County",5,85,606,211,395
050,12,009,"Florida","Brevard County",1,0,5143,2640,2503
050,12,009,"Florida","Brevard County",1,1,5260,2669,2591
050,12,009,"Florida","Brevard County",1,2,5437,2737,2700
050,12,009,"Florida","Brevard County",1,3,5590,2854,2736
050,12,009,"Florida","Brevard County",1,4,5927,3029,2898
050,12,009,"Florida","Brevard County",1,5,5995,3083,2912
050,12,009,"Florida","Brevard County",1,6,6118,3123,2995
050,12,009,"Florida","Brevard County",1,7,6029,3081,2948
050,12,009,"Florida","Brevard County",1,8,6194,3188,3006
050,12,009,"Florida","Brevard County",1,9,6084,3140,2944
050,12,009,"Florida","Brevard County",1,10,6360,3262,3098
050,12,009,"Florida","Brevard County",1,11,6520,3330,3190
050,12,009,"Florida","Brevard County",1,12,6839,3553,3286
050,12,009,"Florida","Brevard County",1,13,6919,3571,3348
050,12,009,"Florida","Brevard County",1,14,6734,3359,3375
050,12,009,"Florida","Brevard County",1,15,6728,3384,3344
050,12,009,"Florida","Brevard County",1,16,6818,3429,3389
050,12,009,"Florida","Brevard County",1,17,6688,3452,3236
050,12,009,"Florida","Brevard County",1,18,6230,3357,2873
050,12,009,"Florida","Brevard County",1,19,5726,3227,2499
050,12,009,"Florida","Brevard County",1,20,5930,3189,2741
050,12,009,"Florida","Brevard County",1,21,5861,3057,2804
050,12,009,"Florida","Brevard County",1,22,5986,3164,2822
050,12,009,"Florida","Brevard County",1,23,6223,3288,2935
050,12,009,"Florida","Brevard County",1,24,6251,3297,2954
050,12,009,"Florida","Brevard County",1,25,6556,3437,3119
050,12,009,"Florida","Brevard County",1,26,6651,3438,3213
050,12,009,"Florida","Brevard County",1,27,6729,3523,3206
050,12,009,"Florida","Brevard County",1,28,7061,3598,3463
050,12,009,"Florida","Brevard County",1,29,7178,3691,3487
050,12,009,"Florida","Brevard County",1,30,7158,3700,3458
050,12,009,"Florida","Brevard County",1,31,6928,3558,3370
050,12,009,"Florida","Brevard County",1,32,6784,3426,3358
050,12,009,"Florida","Brevard County",1,33,6795,3471,3324
050,12,009,"Florida","Brevard County",1,34,6917,3500,3417
050,12,009,"Florida","Brevard County",1,35,6843,3363,3480
050,12,009,"Florida","Brevard County",1,36,6729,3302,3427
050,12,009,"Florida","Brevard County",1,37,6949,3425,3524
050,12,009,"Florida","Brevard County",1,38,6846,3333,3513
050,12,009,"Florida","Brevard County",1,39,6811,3360,3451
050,12,009,"Florida","Brevard County",1,40,6630,3282,3348
050,12,009,"Florida","Brevard County",1,41,6347,3175,3172
050,12,009,"Florida","Brevard County",1,42,6380,3154,3226
050,12,009,"Florida","Brevard County",1,43,6214,3099,3115
050,12,009,"Florida","Brevard County",1,44,6162,3004,3158
050,12,009,"Florida","Brevard County",1,45,6259,3068,3191
050,12,009,"Florida","Brevard County",1,46,6403,3083,3320
050,12,009,"Florida","Brevard County",1,47,6651,3188,3463
050,12,009,"Florida","Brevard County",1,48,7135,3532,3603
050,12,009,"Florida","Brevard County",1,49,7860,3864,3996
050,12,009,"Florida","Brevard County",1,50,7680,3752,3928
050,12,009,"Florida","Brevard County",1,51,7482,3664,3818
050,12,009,"Florida","Brevard County",1,52,7583,3732,3851
050,12,009,"Florida","Brevard County",1,53,7958,3865,4093
050,12,009,"Florida","Brevard County",1,54,8435,4082,4353
050,12,009,"Florida","Brevard County",1,55,9325,4523,4802
050,12,009,"Florida","Brevard County",1,56,9786,4771,5015
050,12,009,"Florida","Brevard County",1,57,10070,4842,5228
050,12,009,"Florida","Brevard County",1,58,10514,5063,5451
050,12,009,"Florida","Brevard County",1,59,10537,5056,5481
050,12,009,"Florida","Brevard County",1,60,10338,5075,5263
050,12,009,"Florida","Brevard County",1,61,10410,5085,5325
050,12,009,"Florida","Brevard County",1,62,10291,4977,5314
050,12,009,"Florida","Brevard County",1,63,9949,4809,5140
050,12,009,"Florida","Brevard County",1,64,9576,4590,4986
050,12,009,"Florida","Brevard County",1,65,9353,4518,4835
050,12,009,"Florida","Brevard County",1,66,9125,4398,4727
050,12,009,"Florida","Brevard County",1,67,8774,4276,4498
050,12,009,"Florida","Brevard County",1,68,8359,4033,4326
050,12,009,"Florida","Brevard County",1,69,7842,3761,4081
050,12,009,"Florida","Brevard County",1,70,7705,3674,4031
050,12,009,"Florida","Brevard County",1,71,7761,3679,4082
050,12,009,"Florida","Brevard County",1,72,7806,3715,4091
050,12,009,"Florida","Brevard County",1,73,8068,3853,4215
050,12,009,"Florida","Brevard County",1,74,5673,2646,3027
050,12,009,"Florida","Brevard County",1,75,5668,2684,2984
050,12,009,"Florida","Brevard County",1,76,5909,2775,3134
050,12,009,"Florida","Brevard County",1,77,6039,2816,3223
050,12,009,"Florida","Brevard County",1,78,5108,2340,2768
050,12,009,"Florida","Brevard County",1,79,4659,2084,2575
050,12,009,"Florida","Brevard County",1,80,4241,1960,2281
050,12,009,"Florida","Brevard County",1,81,4040,1806,2234
050,12,009,"Florida","Brevard County",1,82,3841,1709,2132
050,12,009,"Florida","Brevard County",1,83,3325,1429,1896
050,12,009,"Florida","Brevard County",1,84,3145,1347,1798
050,12,009,"Florida","Brevard County",1,85,17680,7099,10581
050,12,009,"Florida","Brevard County",2,0,5056,2606,2450
050,12,009,"Florida","Brevard County",2,1,5272,2679,2593
050,12,009,"Florida","Brevard County",2,2,5426,2734,2692
050,12,009,"Florida","Brevard County",2,3,5578,2837,2741
050,12,009,"Florida","Brevard County",2,4,5900,3013,2887
050,12,009,"Florida","Brevard County",2,5,6008,3084,2924
050,12,009,"Florida","Brevard County",2,6,6119,3135,2984
050,12,009,"Florida","Brevard County",2,7,6075,3105,2970
050,12,009,"Florida","Brevard County",2,8,6163,3166,2997
050,12,009,"Florida","Brevard County",2,9,6151,3173,2978
050,12,009,"Florida","Brevard County",2,10,6317,3243,3074
050,12,009,"Florida","Brevard County",2,11,6491,3325,3166
050,12,009,"Florida","Brevard County",2,12,6836,3536,3300
050,12,009,"Florida","Brevard County",2,13,6915,3571,3344
050,12,009,"Florida","Brevard County",2,14,6795,3418,3377
050,12,009,"Florida","Brevard County",2,15,6758,3391,3367
050,12,009,"Florida","Brevard County",2,16,6827,3436,3391
050,12,009,"Florida","Brevard County",2,17,6742,3462,3280
050,12,009,"Florida","Brevard County",2,18,6230,3361,2869
050,12,009,"Florida","Brevard County",2,19,5821,3289,2532
050,12,009,"Florida","Brevard County",2,20,6061,3287,2774
050,12,009,"Florida","Brevard County",2,21,5871,3061,2810
050,12,009,"Florida","Brevard County",2,22,6048,3179,2869
050,12,009,"Florida","Brevard County",2,23,6224,3281,2943
050,12,009,"Florida","Brevard County",2,24,6282,3323,2959
050,12,009,"Florida","Brevard County",2,25,6532,3429,3103
050,12,009,"Florida","Brevard County",2,26,6657,3452,3205
050,12,009,"Florida","Brevard County",2,27,6723,3510,3213
050,12,009,"Florida","Brevard County",2,28,7019,3603,3416
050,12,009,"Florida","Brevard County",2,29,7160,3666,3494
050,12,009,"Florida","Brevard County",2,30,7241,3741,3500
050,12,009,"Florida","Brevard County",2,31,6994,3593,3401
050,12,009,"Florida","Brevard County",2,32,6838,3473,3365
050,12,009,"Florida","Brevard County",2,33,6813,3470,3343
050,12,009,"Florida","Brevard County",2,34,6929,3516,3413
050,12,009,"Florida","Brevard County",2,35,6925,3431,3494
050,12,009,"Florida","Brevard County",2,36,6768,3324,3444
050,12,009,"Florida","Brevard County",2,37,6954,3427,3527
050,12,009,"Florida","Brevard County",2,38,6930,3386,3544
050,12,009,"Florida","Brevard County",2,39,6832,3363,3469
050,12,009,"Florida","Brevard County",2,40,6746,3330,3416
050,12,009,"Florida","Brevard County",2,41,6452,3221,3231
050,12,009,"Florida","Brevard County",2,42,6388,3167,3221
050,12,009,"Florida","Brevard County",2,43,6339,3160,3179
050,12,009,"Florida","Brevard County",2,44,6158,3025,3133
050,12,009,"Florida","Brevard County",2,45,6309,3089,3220
050,12,009,"Florida","Brevard County",2,46,6379,3082,3297
050,12,009,"Florida","Brevard County",2,47,6612,3175,3437
050,12,009,"Florida","Brevard County",2,48,7057,3466,3591
050,12,009,"Florida","Brevard County",2,49,7752,3813,3939
050,12,009,"Florida","Brevard County",2,50,7769,3800,3969
050,12,009,"Florida","Brevard County",2,51,7539,3693,3846
050,12,009,"Florida","Brevard County",2,52,7583,3724,3859
050,12,009,"Florida","Brevard County",2,53,7896,3840,4056
050,12,009,"Florida","Brevard County",2,54,8341,4039,4302
050,12,009,"Florida","Brevard County",2,55,9135,4427,4708
050,12,009,"Florida","Brevard County",2,56,9743,4741,5002
050,12,009,"Florida","Brevard County",2,57,10064,4853,5211
050,12,009,"Florida","Brevard County",2,58,10438,5020,5418
050,12,009,"Florida","Brevard County",2,59,10614,5095,5519
050,12,009,"Florida","Brevard County",2,60,10419,5084,5335
050,12,009,"Florida","Brevard County",2,61,10400,5079,5321
050,12,009,"Florida","Brevard County",2,62,10338,5004,5334
050,12,009,"Florida","Brevard County",2,63,10137,4910,5227
050,12,009,"Florida","Brevard County",2,64,9645,4635,5010
050,12,009,"Florida","Brevard County",2,65,9437,4541,4896
050,12,009,"Florida","Brevard County",2,66,9210,4437,4773
050,12,009,"Florida","Brevard County",2,67,8847,4296,4551
050,12,009,"Florida","Brevard County",2,68,8408,4059,4349
050,12,009,"Florida","Brevard County",2,69,8035,3853,4182
050,12,009,"Florida","Brevard County",2,70,7721,3682,4039
050,12,009,"Florida","Brevard County",2,71,7761,3682,4079
050,12,009,"Florida","Brevard County",2,72,7659,3640,4019
050,12,009,"Florida","Brevard County",2,73,8376,4003,4373
050,12,009,"Florida","Brevard County",2,74,5861,2747,3114
050,12,009,"Florida","Brevard County",2,75,5678,2673,3005
050,12,009,"Florida","Brevard County",2,76,5785,2725,3060
050,12,009,"Florida","Brevard County",2,77,6112,2857,3255
050,12,009,"Florida","Brevard County",2,78,5206,2393,2813
050,12,009,"Florida","Brevard County",2,79,4682,2098,2584
050,12,009,"Florida","Brevard County",2,80,4293,1961,2332
050,12,009,"Florida","Brevard County",2,81,4022,1808,2214
050,12,009,"Florida","Brevard County",2,82,3848,1708,2140
050,12,009,"Florida","Brevard County",2,83,3364,1456,1908
050,12,009,"Florida","Brevard County",2,84,3121,1329,1792
050,12,009,"Florida","Brevard County",2,85,17815,7149,10666
050,12,009,"Florida","Brevard County",3,0,4833,2545,2288
050,12,009,"Florida","Brevard County",3,1,5242,2760,2482
050,12,009,"Florida","Brevard County",3,2,5455,2760,2695
050,12,009,"Florida","Brevard County",3,3,5570,2783,2787
050,12,009,"Florida","Brevard County",3,4,5749,2959,2790
050,12,009,"Florida","Brevard County",3,5,6055,3082,2973
050,12,009,"Florida","Brevard County",3,6,6150,3188,2962
050,12,009,"Florida","Brevard County",3,7,6282,3223,3059
050,12,009,"Florida","Brevard County",3,8,6223,3152,3071
050,12,009,"Florida","Brevard County",3,9,6284,3234,3050
050,12,009,"Florida","Brevard County",3,10,6258,3241,3017
050,12,009,"Florida","Brevard County",3,11,6446,3309,3137
050,12,009,"Florida","Brevard County",3,12,6703,3433,3270
050,12,009,"Florida","Brevard County",3,13,6945,3607,3338
050,12,009,"Florida","Brevard County",3,14,7049,3660,3389
050,12,009,"Florida","Brevard County",3,15,6921,3509,3412
050,12,009,"Florida","Brevard County",3,16,6887,3454,3433
050,12,009,"Florida","Brevard County",3,17,6928,3510,3418
050,12,009,"Florida","Brevard County",3,18,6315,3398,2917
050,12,009,"Florida","Brevard County",3,19,5872,3337,2535
050,12,009,"Florida","Brevard County",3,20,6111,3363,2748
050,12,009,"Florida","Brevard County",3,21,6047,3163,2884
050,12,009,"Florida","Brevard County",3,22,6120,3191,2929
050,12,009,"Florida","Brevard County",3,23,6495,3350,3145
050,12,009,"Florida","Brevard County",3,24,6477,3468,3009
050,12,009,"Florida","Brevard County",3,25,6540,3482,3058
050,12,009,"Florida","Brevard County",3,26,6709,3481,3228
050,12,009,"Florida","Brevard County",3,27,6946,3578,3368
050,12,009,"Florida","Brevard County",3,28,7010,3674,3336
050,12,009,"Florida","Brevard County",3,29,7214,3701,3513
050,12,009,"Florida","Brevard County",3,30,7394,3774,3620
050,12,009,"Florida","Brevard County",3,31,7443,3874,3569
050,12,009,"Florida","Brevard County",3,32,7238,3678,3560
050,12,009,"Florida","Brevard County",3,33,7014,3543,3471
050,12,009,"Florida","Brevard County",3,34,7024,3576,3448
050,12,009,"Florida","Brevard County",3,35,7159,3622,3537
050,12,009,"Florida","Brevard County",3,36,7117,3514,3603
050,12,009,"Florida","Brevard County",3,37,6955,3440,3515
050,12,009,"Florida","Brevard County",3,38,7048,3459,3589
050,12,009,"Florida","Brevard County",3,39,7111,3478,3633
050,12,009,"Florida","Brevard County",3,40,7004,3444,3560
050,12,009,"Florida","Brevard County",3,41,6928,3451,3477
050,12,009,"Florida","Brevard County",3,42,6652,3308,3344
050,12,009,"Florida","Brevard County",3,43,6638,3303,3335
050,12,009,"Florida","Brevard County",3,44,6486,3233,3253
050,12,009,"Florida","Brevard County",3,45,6281,3073,3208
050,12,009,"Florida","Brevard County",3,46,6464,3142,3322
050,12,009,"Florida","Brevard County",3,47,6538,3139,3399
050,12,009,"Florida","Brevard County",3,48,6800,3297,3503
050,12,009,"Florida","Brevard County",3,49,7140,3504,3636
050,12,009,"Florida","Brevard County",3,50,7895,3895,4000
050,12,009,"Florida","Brevard County",3,51,7895,3868,4027
050,12,009,"Florida","Brevard County",3,52,7722,3780,3942
050,12,009,"Florida","Brevard County",3,53,7771,3787,3984
050,12,009,"Florida","Brevard County",3,54,8105,3923,4182
050,12,009,"Florida","Brevard County",3,55,8469,4095,4374
050,12,009,"Florida","Brevard County",3,56,9329,4544,4785
050,12,009,"Florida","Brevard County",3,57,9915,4855,5060
050,12,009,"Florida","Brevard County",3,58,10240,4938,5302
050,12,009,"Florida","Brevard County",3,59,10594,5065,5529
050,12,009,"Florida","Brevard County",3,60,10738,5160,5578
050,12,009,"Florida","Brevard County",3,61,10492,5100,5392
050,12,009,"Florida","Brevard County",3,62,10436,5077,5359
050,12,009,"Florida","Brevard County",3,63,10435,5076,5359
050,12,009,"Florida","Brevard County",3,64,10206,4936,5270
050,12,009,"Florida","Brevard County",3,65,9703,4658,5045
050,12,009,"Florida","Brevard County",3,66,9549,4595,4954
050,12,009,"Florida","Brevard County",3,67,9205,4420,4785
050,12,009,"Florida","Brevard County",3,68,8813,4257,4556
050,12,009,"Florida","Brevard County",3,69,8385,4032,4353
050,12,009,"Florida","Brevard County",3,70,7972,3838,4134
050,12,009,"Florida","Brevard County",3,71,7606,3601,4005
050,12,009,"Florida","Brevard County",3,72,7674,3650,4024
050,12,009,"Florida","Brevard County",3,73,7579,3605,3974
050,12,009,"Florida","Brevard County",3,74,8179,3909,4270
050,12,009,"Florida","Brevard County",3,75,5761,2690,3071
050,12,009,"Florida","Brevard County",3,76,5529,2591,2938
050,12,009,"Florida","Brevard County",3,77,5618,2642,2976
050,12,009,"Florida","Brevard County",3,78,5906,2735,3171
050,12,009,"Florida","Brevard County",3,79,5031,2302,2729
050,12,009,"Florida","Brevard County",3,80,4456,1972,2484
050,12,009,"Florida","Brevard County",3,81,4102,1853,2249
050,12,009,"Florida","Brevard County",3,82,3810,1687,2123
050,12,009,"Florida","Brevard County",3,83,3538,1550,1988
050,12,009,"Florida","Brevard County",3,84,3086,1310,1776
050,12,009,"Florida","Brevard County",3,85,17886,7193,10693
050,12,009,"Florida","Brevard County",4,0,5154,2705,2449
050,12,009,"Florida","Brevard County",4,1,5116,2659,2457
050,12,009,"Florida","Brevard County",4,2,5488,2881,2607
050,12,009,"Florida","Brevard County",4,3,5746,2912,2834
050,12,009,"Florida","Brevard County",4,4,5854,2951,2903
050,12,009,"Florida","Brevard County",4,5,5934,3040,2894
050,12,009,"Florida","Brevard County",4,6,6276,3220,3056
050,12,009,"Florida","Brevard County",4,7,6408,3323,3085
050,12,009,"Florida","Brevard County",4,8,6533,3341,3192
050,12,009,"Florida","Brevard County",4,9,6473,3273,3200
050,12,009,"Florida","Brevard County",4,10,6466,3340,3126
050,12,009,"Florida","Brevard County",4,11,6526,3352,3174
050,12,009,"Florida","Brevard County",4,12,6655,3439,3216
050,12,009,"Florida","Brevard County",4,13,6903,3542,3361
050,12,009,"Florida","Brevard County",4,14,7168,3725,3443
050,12,009,"Florida","Brevard County",4,15,7299,3812,3487
050,12,009,"Florida","Brevard County",4,16,7102,3595,3507
050,12,009,"Florida","Brevard County",4,17,7059,3567,3492
050,12,009,"Florida","Brevard County",4,18,6544,3488,3056
050,12,009,"Florida","Brevard County",4,19,5811,3304,2507
050,12,009,"Florida","Brevard County",4,20,6020,3314,2706
050,12,009,"Florida","Brevard County",4,21,6006,3193,2813
050,12,009,"Florida","Brevard County",4,22,6380,3309,3071
050,12,009,"Florida","Brevard County",4,23,6490,3335,3155
050,12,009,"Florida","Brevard County",4,24,6721,3476,3245
050,12,009,"Florida","Brevard County",4,25,6714,3615,3099
050,12,009,"Florida","Brevard County",4,26,6745,3550,3195
050,12,009,"Florida","Brevard County",4,27,6913,3554,3359
050,12,009,"Florida","Brevard County",4,28,7129,3700,3429
050,12,009,"Florida","Brevard County",4,29,7083,3693,3390
050,12,009,"Florida","Brevard County",4,30,7465,3808,3657
050,12,009,"Florida","Brevard County",4,31,7602,3864,3738
050,12,009,"Florida","Brevard County",4,32,7705,3978,3727
050,12,009,"Florida","Brevard County",4,33,7420,3740,3680
050,12,009,"Florida","Brevard County",4,34,7305,3656,3649
050,12,009,"Florida","Brevard County",4,35,7254,3679,3575
050,12,009,"Florida","Brevard County",4,36,7480,3745,3735
050,12,009,"Florida","Brevard County",4,37,7375,3633,3742
050,12,009,"Florida","Brevard County",4,38,7187,3565,3622
050,12,009,"Florida","Brevard County",4,39,7292,3578,3714
050,12,009,"Florida","Brevard County",4,40,7427,3614,3813
050,12,009,"Florida","Brevard County",4,41,7283,3564,3719
050,12,009,"Florida","Brevard County",4,42,7296,3636,3660
050,12,009,"Florida","Brevard County",4,43,6966,3451,3515
050,12,009,"Florida","Brevard County",4,44,6820,3369,3451
050,12,009,"Florida","Brevard County",4,45,6713,3334,3379
050,12,009,"Florida","Brevard County",4,46,6446,3179,3267
050,12,009,"Florida","Brevard County",4,47,6731,3289,3442
050,12,009,"Florida","Brevard County",4,48,6781,3268,3513
050,12,009,"Florida","Brevard County",4,49,6941,3365,3576
050,12,009,"Florida","Brevard County",4,50,7339,3617,3722
050,12,009,"Florida","Brevard County",4,51,8100,3964,4136
050,12,009,"Florida","Brevard County",4,52,8116,4003,4113
050,12,009,"Florida","Brevard County",4,53,7924,3884,4040
050,12,009,"Florida","Brevard County",4,54,7944,3876,4068
050,12,009,"Florida","Brevard County",4,55,8284,3999,4285
050,12,009,"Florida","Brevard County",4,56,8716,4196,4520
050,12,009,"Florida","Brevard County",4,57,9616,4646,4970
050,12,009,"Florida","Brevard County",4,58,10103,4944,5159
050,12,009,"Florida","Brevard County",4,59,10449,5027,5422
050,12,009,"Florida","Brevard County",4,60,10762,5176,5586
050,12,009,"Florida","Brevard County",4,61,10915,5212,5703
050,12,009,"Florida","Brevard County",4,62,10676,5149,5527
050,12,009,"Florida","Brevard County",4,63,10540,5129,5411
050,12,009,"Florida","Brevard County",4,64,10585,5136,5449
050,12,009,"Florida","Brevard County",4,65,10315,4959,5356
050,12,009,"Florida","Brevard County",4,66,9821,4679,5142
050,12,009,"Florida","Brevard County",4,67,9655,4634,5021
050,12,009,"Florida","Brevard County",4,68,9226,4402,4824
050,12,009,"Florida","Brevard County",4,69,8843,4243,4600
050,12,009,"Florida","Brevard County",4,70,8353,4018,4335
050,12,009,"Florida","Brevard County",4,71,7895,3785,4110
050,12,009,"Florida","Brevard County",4,72,7513,3556,3957
050,12,009,"Florida","Brevard County",4,73,7600,3597,4003
050,12,009,"Florida","Brevard County",4,74,7432,3538,3894
050,12,009,"Florida","Brevard County",4,75,8035,3815,4220
050,12,009,"Florida","Brevard County",4,76,5617,2617,3000
050,12,009,"Florida","Brevard County",4,77,5379,2494,2885
050,12,009,"Florida","Brevard County",4,78,5367,2516,2851
050,12,009,"Florida","Brevard County",4,79,5706,2618,3088
050,12,009,"Florida","Brevard County",4,80,4758,2164,2594
050,12,009,"Florida","Brevard County",4,81,4220,1844,2376
050,12,009,"Florida","Brevard County",4,82,3908,1749,2159
050,12,009,"Florida","Brevard County",4,83,3509,1546,1963
050,12,009,"Florida","Brevard County",4,84,3258,1398,1860
050,12,009,"Florida","Brevard County",4,85,18023,7280,10743
050,12,009,"Florida","Brevard County",5,0,5207,2733,2474
050,12,009,"Florida","Brevard County",5,1,5448,2877,2571
050,12,009,"Florida","Brevard County",5,2,5361,2773,2588
050,12,009,"Florida","Brevard County",5,3,5772,2984,2788
050,12,009,"Florida","Brevard County",5,4,5925,2997,2928
050,12,009,"Florida","Brevard County",5,5,6012,3036,2976
050,12,009,"Florida","Brevard County",5,6,6132,3168,2964
050,12,009,"Florida","Brevard County",5,7,6481,3308,3173
050,12,009,"Florida","Brevard County",5,8,6637,3449,3188
050,12,009,"Florida","Brevard County",5,9,6680,3410,3270
050,12,009,"Florida","Brevard County",5,10,6683,3364,3319
050,12,009,"Florida","Brevard County",5,11,6658,3439,3219
050,12,009,"Florida","Brevard County",5,12,6731,3441,3290
050,12,009,"Florida","Brevard County",5,13,6827,3515,3312
050,12,009,"Florida","Brevard County",5,14,7078,3619,3459
050,12,009,"Florida","Brevard County",5,15,7324,3770,3554
050,12,009,"Florida","Brevard County",5,16,7478,3886,3592
050,12,009,"Florida","Brevard County",5,17,7271,3713,3558
050,12,009,"Florida","Brevard County",5,18,6577,3497,3080
050,12,009,"Florida","Brevard County",5,19,6005,3389,2616
050,12,009,"Florida","Brevard County",5,20,6124,3353,2771
050,12,009,"Florida","Brevard County",5,21,5995,3175,2820
050,12,009,"Florida","Brevard County",5,22,6437,3385,3052
050,12,009,"Florida","Brevard County",5,23,6786,3504,3282
050,12,009,"Florida","Brevard County",5,24,6788,3504,3284
050,12,009,"Florida","Brevard County",5,25,6927,3618,3309
050,12,009,"Florida","Brevard County",5,26,6922,3694,3228
050,12,009,"Florida","Brevard County",5,27,6979,3635,3344
050,12,009,"Florida","Brevard County",5,28,7207,3710,3497
050,12,009,"Florida","Brevard County",5,29,7320,3780,3540
050,12,009,"Florida","Brevard County",5,30,7440,3889,3551
050,12,009,"Florida","Brevard County",5,31,7773,3953,3820
050,12,009,"Florida","Brevard County",5,32,7909,4034,3875
050,12,009,"Florida","Brevard County",5,33,7910,4084,3826
050,12,009,"Florida","Brevard County",5,34,7707,3885,3822
050,12,009,"Florida","Brevard County",5,35,7637,3806,3831
050,12,009,"Florida","Brevard County",5,36,7675,3882,3793
050,12,009,"Florida","Brevard County",5,37,7676,3835,3841
050,12,009,"Florida","Brevard County",5,38,7595,3725,3870
050,12,009,"Florida","Brevard County",5,39,7418,3718,3700
050,12,009,"Florida","Brevard County",5,40,7537,3665,3872
050,12,009,"Florida","Brevard County",5,41,7618,3703,3915
050,12,009,"Florida","Brevard County",5,42,7602,3729,3873
050,12,009,"Florida","Brevard County",5,43,7572,3729,3843
050,12,009,"Florida","Brevard County",5,44,7205,3552,3653
050,12,009,"Florida","Brevard County",5,45,7024,3474,3550
050,12,009,"Florida","Brevard County",5,46,6879,3429,3450
050,12,009,"Florida","Brevard County",5,47,6607,3250,3357
050,12,009,"Florida","Brevard County",5,48,6930,3388,3542
050,12,009,"Florida","Brevard County",5,49,6977,3376,3601
050,12,009,"Florida","Brevard County",5,50,7201,3492,3709
050,12,009,"Florida","Brevard County",5,51,7530,3688,3842
050,12,009,"Florida","Brevard County",5,52,8338,4098,4240
050,12,009,"Florida","Brevard County",5,53,8375,4122,4253
050,12,009,"Florida","Brevard County",5,54,8105,3948,4157
050,12,009,"Florida","Brevard County",5,55,8082,3980,4102
050,12,009,"Florida","Brevard County",5,56,8464,4066,4398
050,12,009,"Florida","Brevard County",5,57,8940,4314,4626
050,12,009,"Florida","Brevard County",5,58,9805,4707,5098
050,12,009,"Florida","Brevard County",5,59,10273,5013,5260
050,12,009,"Florida","Brevard County",5,60,10633,5118,5515
050,12,009,"Florida","Brevard County",5,61,10891,5242,5649
050,12,009,"Florida","Brevard County",5,62,11058,5287,5771
050,12,009,"Florida","Brevard County",5,63,10821,5217,5604
050,12,009,"Florida","Brevard County",5,64,10715,5217,5498
050,12,009,"Florida","Brevard County",5,65,10744,5202,5542
050,12,009,"Florida","Brevard County",5,66,10430,5036,5394
050,12,009,"Florida","Brevard County",5,67,9871,4689,5182
050,12,009,"Florida","Brevard County",5,68,9669,4655,5014
050,12,009,"Florida","Brevard County",5,69,9202,4352,4850
050,12,009,"Florida","Brevard County",5,70,8820,4261,4559
050,12,009,"Florida","Brevard County",5,71,8259,3948,4311
050,12,009,"Florida","Brevard County",5,72,7827,3737,4090
050,12,009,"Florida","Brevard County",5,73,7458,3513,3945
050,12,009,"Florida","Brevard County",5,74,7414,3512,3902
050,12,009,"Florida","Brevard County",5,75,7265,3421,3844
050,12,009,"Florida","Brevard County",5,76,7868,3704,4164
050,12,009,"Florida","Brevard County",5,77,5470,2516,2954
050,12,009,"Florida","Brevard County",5,78,5189,2391,2798
050,12,009,"Florida","Brevard County",5,79,5212,2436,2776
050,12,009,"Florida","Brevard County",5,80,5464,2512,2952
050,12,009,"Florida","Brevard County",5,81,4574,2067,2507
050,12,009,"Florida","Brevard County",5,82,4037,1754,2283
050,12,009,"Florida","Brevard County",5,83,3646,1618,2028
050,12,009,"Florida","Brevard County",5,84,3256,1416,1840
050,12,009,"Florida","Brevard County",5,85,18610,7593,11017
050,12,011,"Florida","Broward County",1,0,21314,10866,10448
050,12,011,"Florida","Broward County",1,1,21592,10932,10660
050,12,011,"Florida","Broward County",1,2,21899,11064,10835
050,12,011,"Florida","Broward County",1,3,22331,11375,10956
050,12,011,"Florida","Broward County",1,4,22545,11540,11005
050,12,011,"Florida","Broward County",1,5,22410,11509,10901
050,12,011,"Florida","Broward County",1,6,22442,11460,10982
050,12,011,"Florida","Broward County",1,7,22151,11369,10782
050,12,011,"Florida","Broward County",1,8,22370,11470,10900
050,12,011,"Florida","Broward County",1,9,22726,11593,11133
050,12,011,"Florida","Broward County",1,10,23110,11722,11388
050,12,011,"Florida","Broward County",1,11,23553,11972,11581
050,12,011,"Florida","Broward County",1,12,24439,12378,12061
050,12,011,"Florida","Broward County",1,13,24708,12444,12264
050,12,011,"Florida","Broward County",1,14,24297,12318,11979
050,12,011,"Florida","Broward County",1,15,23708,11996,11712
050,12,011,"Florida","Broward County",1,16,23397,11712,11685
050,12,011,"Florida","Broward County",1,17,22847,11517,11330
050,12,011,"Florida","Broward County",1,18,21167,10962,10205
050,12,011,"Florida","Broward County",1,19,19254,9854,9400
050,12,011,"Florida","Broward County",1,20,20003,10167,9836
050,12,011,"Florida","Broward County",1,21,20512,10220,10292
050,12,011,"Florida","Broward County",1,22,21303,10625,10678
050,12,011,"Florida","Broward County",1,23,22045,11193,10852
050,12,011,"Florida","Broward County",1,24,22581,11379,11202
050,12,011,"Florida","Broward County",1,25,23144,11548,11596
050,12,011,"Florida","Broward County",1,26,24001,12004,11997
050,12,011,"Florida","Broward County",1,27,24448,12162,12286
050,12,011,"Florida","Broward County",1,28,25410,12751,12659
050,12,011,"Florida","Broward County",1,29,26271,13002,13269
050,12,011,"Florida","Broward County",1,30,26536,13130,13406
050,12,011,"Florida","Broward County",1,31,26609,13353,13256
050,12,011,"Florida","Broward County",1,32,26652,13358,13294
050,12,011,"Florida","Broward County",1,33,26403,13139,13264
050,12,011,"Florida","Broward County",1,34,26322,13158,13164
050,12,011,"Florida","Broward County",1,35,26478,13147,13331
050,12,011,"Florida","Broward County",1,36,26578,13128,13450
050,12,011,"Florida","Broward County",1,37,26956,13273,13683
050,12,011,"Florida","Broward County",1,38,26750,13138,13612
050,12,011,"Florida","Broward County",1,39,27074,13417,13657
050,12,011,"Florida","Broward County",1,40,26782,13268,13514
050,12,011,"Florida","Broward County",1,41,25903,12691,13212
050,12,011,"Florida","Broward County",1,42,26186,12892,13294
050,12,011,"Florida","Broward County",1,43,25729,12615,13114
050,12,011,"Florida","Broward County",1,44,25331,12460,12871
050,12,011,"Florida","Broward County",1,45,25175,12329,12846
050,12,011,"Florida","Broward County",1,46,25081,12301,12780
050,12,011,"Florida","Broward County",1,47,26058,12772,13286
050,12,011,"Florida","Broward County",1,48,26875,13094,13781
050,12,011,"Florida","Broward County",1,49,28115,13872,14243
050,12,011,"Florida","Broward County",1,50,27125,13411,13714
050,12,011,"Florida","Broward County",1,51,26416,13001,13415
050,12,011,"Florida","Broward County",1,52,26625,13133,13492
050,12,011,"Florida","Broward County",1,53,27241,13446,13795
050,12,011,"Florida","Broward County",1,54,27893,13774,14119
050,12,011,"Florida","Broward County",1,55,28987,14398,14589
050,12,011,"Florida","Broward County",1,56,29105,14427,14678
050,12,011,"Florida","Broward County",1,57,28796,14471,14325
050,12,011,"Florida","Broward County",1,58,28248,14163,14085
050,12,011,"Florida","Broward County",1,59,27639,13804,13835
050,12,011,"Florida","Broward County",1,60,26833,13407,13426
050,12,011,"Florida","Broward County",1,61,25916,12764,13152
050,12,011,"Florida","Broward County",1,62,25569,12484,13085
050,12,011,"Florida","Broward County",1,63,24190,11807,12383
050,12,011,"Florida","Broward County",1,64,23338,11273,12065
050,12,011,"Florida","Broward County",1,65,22607,10782,11825
050,12,011,"Florida","Broward County",1,66,21572,10158,11414
050,12,011,"Florida","Broward County",1,67,20767,9777,10990
050,12,011,"Florida","Broward County",1,68,19973,9377,10596
050,12,011,"Florida","Broward County",1,69,18874,8891,9983
050,12,011,"Florida","Broward County",1,70,18133,8414,9719
050,12,011,"Florida","Broward County",1,71,17659,8201,9458
050,12,011,"Florida","Broward County",1,72,17793,8337,9456
050,12,011,"Florida","Broward County",1,73,17760,8269,9491
050,12,011,"Florida","Broward County",1,74,13679,6097,7582
050,12,011,"Florida","Broward County",1,75,13235,5999,7236
050,12,011,"Florida","Broward County",1,76,12952,5857,7095
050,12,011,"Florida","Broward County",1,77,12781,5765,7016
050,12,011,"Florida","Broward County",1,78,10906,4881,6025
050,12,011,"Florida","Broward County",1,79,9843,4384,5459
050,12,011,"Florida","Broward County",1,80,9153,3931,5222
050,12,011,"Florida","Broward County",1,81,8613,3734,4879
050,12,011,"Florida","Broward County",1,82,8085,3434,4651
050,12,011,"Florida","Broward County",1,83,7263,3056,4207
050,12,011,"Florida","Broward County",1,84,6622,2735,3887
050,12,011,"Florida","Broward County",1,85,42619,15665,26954
050,12,011,"Florida","Broward County",2,0,20867,10686,10181
050,12,011,"Florida","Broward County",2,1,21468,10882,10586
050,12,011,"Florida","Broward County",2,2,21780,11013,10767
050,12,011,"Florida","Broward County",2,3,22127,11258,10869
050,12,011,"Florida","Broward County",2,4,22474,11481,10993
050,12,011,"Florida","Broward County",2,5,22422,11503,10919
050,12,011,"Florida","Broward County",2,6,22411,11468,10943
050,12,011,"Florida","Broward County",2,7,22158,11353,10805
050,12,011,"Florida","Broward County",2,8,22221,11392,10829
050,12,011,"Florida","Broward County",2,9,22599,11544,11055
050,12,011,"Florida","Broward County",2,10,22963,11666,11297
050,12,011,"Florida","Broward County",2,11,23331,11852,11479
050,12,011,"Florida","Broward County",2,12,24335,12337,11998
050,12,011,"Florida","Broward County",2,13,24604,12415,12189
050,12,011,"Florida","Broward County",2,14,24344,12307,12037
050,12,011,"Florida","Broward County",2,15,23831,12063,11768
050,12,011,"Florida","Broward County",2,16,23473,11775,11698
050,12,011,"Florida","Broward County",2,17,22930,11551,11379
050,12,011,"Florida","Broward County",2,18,20903,10809,10094
050,12,011,"Florida","Broward County",2,19,19269,9866,9403
050,12,011,"Florida","Broward County",2,20,20235,10246,9989
050,12,011,"Florida","Broward County",2,21,20481,10217,10264
050,12,011,"Florida","Broward County",2,22,21331,10630,10701
050,12,011,"Florida","Broward County",2,23,22080,11157,10923
050,12,011,"Florida","Broward County",2,24,22453,11312,11141
050,12,011,"Florida","Broward County",2,25,23077,11556,11521
050,12,011,"Florida","Broward County",2,26,23848,11908,11940
050,12,011,"Florida","Broward County",2,27,24333,12136,12197
050,12,011,"Florida","Broward County",2,28,25245,12649,12596
050,12,011,"Florida","Broward County",2,29,26034,12925,13109
050,12,011,"Florida","Broward County",2,30,26600,13173,13427
050,12,011,"Florida","Broward County",2,31,26493,13264,13229
050,12,011,"Florida","Broward County",2,32,26567,13332,13235
050,12,011,"Florida","Broward County",2,33,26378,13153,13225
050,12,011,"Florida","Broward County",2,34,26308,13141,13167
050,12,011,"Florida","Broward County",2,35,26570,13216,13354
050,12,011,"Florida","Broward County",2,36,26381,13040,13341
050,12,011,"Florida","Broward County",2,37,26854,13243,13611
050,12,011,"Florida","Broward County",2,38,26898,13220,13678
050,12,011,"Florida","Broward County",2,39,26844,13284,13560
050,12,011,"Florida","Broward County",2,40,27036,13422,13614
050,12,011,"Florida","Broward County",2,41,26019,12785,13234
050,12,011,"Florida","Broward County",2,42,25981,12796,13185
050,12,011,"Florida","Broward County",2,43,25969,12731,13238
050,12,011,"Florida","Broward County",2,44,25215,12396,12819
050,12,011,"Florida","Broward County",2,45,25295,12412,12883
050,12,011,"Florida","Broward County",2,46,25010,12259,12751
050,12,011,"Florida","Broward County",2,47,25763,12624,13139
050,12,011,"Florida","Broward County",2,48,26686,13020,13666
050,12,011,"Florida","Broward County",2,49,27861,13700,14161
050,12,011,"Florida","Broward County",2,50,27323,13519,13804
050,12,011,"Florida","Broward County",2,51,26409,13024,13385
050,12,011,"Florida","Broward County",2,52,26550,13082,13468
050,12,011,"Florida","Broward County",2,53,26963,13307,13656
050,12,011,"Florida","Broward County",2,54,27659,13661,13998
050,12,011,"Florida","Broward County",2,55,28714,14235,14479
050,12,011,"Florida","Broward County",2,56,29116,14451,14665
050,12,011,"Florida","Broward County",2,57,28788,14413,14375
050,12,011,"Florida","Broward County",2,58,28317,14205,14112
050,12,011,"Florida","Broward County",2,59,27744,13879,13865
050,12,011,"Florida","Broward County",2,60,27007,13488,13519
050,12,011,"Florida","Broward County",2,61,26011,12840,13171
050,12,011,"Florida","Broward County",2,62,25440,12448,12992
050,12,011,"Florida","Broward County",2,63,24584,11998,12586
050,12,011,"Florida","Broward County",2,64,23328,11272,12056
050,12,011,"Florida","Broward County",2,65,22721,10863,11858
050,12,011,"Florida","Broward County",2,66,21777,10282,11495
050,12,011,"Florida","Broward County",2,67,20843,9808,11035
050,12,011,"Florida","Broward County",2,68,19959,9360,10599
050,12,011,"Florida","Broward County",2,69,19140,8998,10142
050,12,011,"Florida","Broward County",2,70,18253,8488,9765
050,12,011,"Florida","Broward County",2,71,17695,8210,9485
050,12,011,"Florida","Broward County",2,72,17507,8179,9328
050,12,011,"Florida","Broward County",2,73,18357,8558,9799
050,12,011,"Florida","Broward County",2,74,13902,6247,7655
050,12,011,"Florida","Broward County",2,75,13320,6008,7312
050,12,011,"Florida","Broward County",2,76,12859,5795,7064
050,12,011,"Florida","Broward County",2,77,12960,5843,7117
050,12,011,"Florida","Broward County",2,78,11109,4979,6130
050,12,011,"Florida","Broward County",2,79,9943,4413,5530
050,12,011,"Florida","Broward County",2,80,9270,4003,5267
050,12,011,"Florida","Broward County",2,81,8624,3738,4886
050,12,011,"Florida","Broward County",2,82,8169,3475,4694
050,12,011,"Florida","Broward County",2,83,7332,3083,4249
050,12,011,"Florida","Broward County",2,84,6670,2747,3923
050,12,011,"Florida","Broward County",2,85,42680,15731,26949
050,12,011,"Florida","Broward County",3,0,19448,9899,9549
050,12,011,"Florida","Broward County",3,1,20636,10579,10057
050,12,011,"Florida","Broward County",3,2,21181,10714,10467
050,12,011,"Florida","Broward County",3,3,21650,10947,10703
050,12,011,"Florida","Broward County",3,4,21941,11152,10789
050,12,011,"Florida","Broward County",3,5,22205,11355,10850
050,12,011,"Florida","Broward County",3,6,22268,11488,10780
050,12,011,"Florida","Broward County",3,7,22231,11376,10855
050,12,011,"Florida","Broward County",3,8,21904,11196,10708
050,12,011,"Florida","Broward County",3,9,22085,11367,10718
050,12,011,"Florida","Broward County",3,10,22567,11523,11044
050,12,011,"Florida","Broward County",3,11,22838,11630,11208
050,12,011,"Florida","Broward County",3,12,23216,11796,11420
050,12,011,"Florida","Broward County",3,13,24129,12209,11920
050,12,011,"Florida","Broward County",3,14,24362,12323,12039
050,12,011,"Florida","Broward County",3,15,24098,12136,11962
050,12,011,"Florida","Broward County",3,16,23727,12005,11722
050,12,011,"Florida","Broward County",3,17,23392,11697,11695
050,12,011,"Florida","Broward County",3,18,20496,10459,10037
050,12,011,"Florida","Broward County",3,19,18545,9486,9059
050,12,011,"Florida","Broward County",3,20,19985,10111,9874
050,12,011,"Florida","Broward County",3,21,20749,10418,10331
050,12,011,"Florida","Broward County",3,22,21177,10510,10667
050,12,011,"Florida","Broward County",3,23,21859,10866,10993
050,12,011,"Florida","Broward County",3,24,22198,11182,11016
050,12,011,"Florida","Broward County",3,25,22444,11281,11163
050,12,011,"Florida","Broward County",3,26,23117,11571,11546
050,12,011,"Florida","Broward County",3,27,23674,11715,11959
050,12,011,"Florida","Broward County",3,28,24374,12215,12159
050,12,011,"Florida","Broward County",3,29,25235,12630,12605
050,12,011,"Florida","Broward County",3,30,26014,12928,13086
050,12,011,"Florida","Broward County",3,31,26653,13192,13461
050,12,011,"Florida","Broward County",3,32,26524,13206,13318
050,12,011,"Florida","Broward County",3,33,26394,13199,13195
050,12,011,"Florida","Broward County",3,34,26322,13138,13184
050,12,011,"Florida","Broward County",3,35,26396,13209,13187
050,12,011,"Florida","Broward County",3,36,26529,13232,13297
050,12,011,"Florida","Broward County",3,37,26284,12947,13337
050,12,011,"Florida","Broward County",3,38,26681,13207,13474
050,12,011,"Florida","Broward County",3,39,26757,13171,13586
050,12,011,"Florida","Broward County",3,40,26608,13144,13464
050,12,011,"Florida","Broward County",3,41,26877,13389,13488
050,12,011,"Florida","Broward County",3,42,25876,12693,13183
050,12,011,"Florida","Broward County",3,43,25938,12839,13099
050,12,011,"Florida","Broward County",3,44,25830,12671,13159
050,12,011,"Florida","Broward County",3,45,25182,12363,12819
050,12,011,"Florida","Broward County",3,46,25121,12325,12796
050,12,011,"Florida","Broward County",3,47,25034,12279,12755
050,12,011,"Florida","Broward County",3,48,25560,12490,13070
050,12,011,"Florida","Broward County",3,49,26416,12914,13502
050,12,011,"Florida","Broward County",3,50,27785,13670,14115
050,12,011,"Florida","Broward County",3,51,27130,13454,13676
050,12,011,"Florida","Broward County",3,52,26174,12861,13313
050,12,011,"Florida","Broward County",3,53,26262,12987,13275
050,12,011,"Florida","Broward County",3,54,26735,13224,13511
050,12,011,"Florida","Broward County",3,55,27371,13485,13886
050,12,011,"Florida","Broward County",3,56,28361,14076,14285
050,12,011,"Florida","Broward County",3,57,28815,14357,14458
050,12,011,"Florida","Broward County",3,58,28284,14154,14130
050,12,011,"Florida","Broward County",3,59,27886,14012,13874
050,12,011,"Florida","Broward County",3,60,27285,13628,13657
050,12,011,"Florida","Broward County",3,61,26627,13222,13405
050,12,011,"Florida","Broward County",3,62,25632,12654,12978
050,12,011,"Florida","Broward County",3,63,24839,12124,12715
050,12,011,"Florida","Broward County",3,64,24101,11724,12377
050,12,011,"Florida","Broward County",3,65,22957,11077,11880
050,12,011,"Florida","Broward County",3,66,22252,10586,11666
050,12,011,"Florida","Broward County",3,67,21386,10053,11333
050,12,011,"Florida","Broward County",3,68,20388,9566,10822
050,12,011,"Florida","Broward County",3,69,19571,9157,10414
050,12,011,"Florida","Broward County",3,70,18737,8766,9971
050,12,011,"Florida","Broward County",3,71,17913,8244,9669
050,12,011,"Florida","Broward County",3,72,17284,7995,9289
050,12,011,"Florida","Broward County",3,73,17080,7914,9166
050,12,011,"Florida","Broward County",3,74,17868,8301,9567
050,12,011,"Florida","Broward County",3,75,13503,6050,7453
050,12,011,"Florida","Broward County",3,76,12946,5779,7167
050,12,011,"Florida","Broward County",3,77,12385,5517,6868
050,12,011,"Florida","Broward County",3,78,12544,5626,6918
050,12,011,"Florida","Broward County",3,79,10650,4709,5941
050,12,011,"Florida","Broward County",3,80,9580,4177,5403
050,12,011,"Florida","Broward County",3,81,8785,3785,5000
050,12,011,"Florida","Broward County",3,82,8228,3505,4723
050,12,011,"Florida","Broward County",3,83,7737,3266,4471
050,12,011,"Florida","Broward County",3,84,6850,2838,4012
050,12,011,"Florida","Broward County",3,85,42917,16023,26894
050,12,011,"Florida","Broward County",4,0,21187,10658,10529
050,12,011,"Florida","Broward County",4,1,19755,10022,9733
050,12,011,"Florida","Broward County",4,2,20702,10570,10132
050,12,011,"Florida","Broward County",4,3,21312,10772,10540
050,12,011,"Florida","Broward County",4,4,21675,10949,10726
050,12,011,"Florida","Broward County",4,5,22084,11206,10878
050,12,011,"Florida","Broward County",4,6,22324,11403,10921
050,12,011,"Florida","Broward County",4,7,22278,11510,10768
050,12,011,"Florida","Broward County",4,8,22410,11473,10937
050,12,011,"Florida","Broward County",4,9,22188,11292,10896
050,12,011,"Florida","Broward County",4,10,22300,11505,10795
050,12,011,"Florida","Broward County",4,11,22790,11653,11137
050,12,011,"Florida","Broward County",4,12,22870,11687,11183
050,12,011,"Florida","Broward County",4,13,23251,11882,11369
050,12,011,"Florida","Broward County",4,14,24328,12290,12038
050,12,011,"Florida","Broward County",4,15,24389,12337,12052
050,12,011,"Florida","Broward County",4,16,24227,12174,12053
050,12,011,"Florida","Broward County",4,17,23768,11989,11779
050,12,011,"Florida","Broward County",4,18,20948,10688,10260
050,12,011,"Florida","Broward County",4,19,18117,9197,8920
050,12,011,"Florida","Broward County",4,20,19215,9723,9492
050,12,011,"Florida","Broward County",4,21,20582,10340,10242
050,12,011,"Florida","Broward County",4,22,21658,10836,10822
050,12,011,"Florida","Broward County",4,23,21912,10861,11051
050,12,011,"Florida","Broward County",4,24,22228,11089,11139
050,12,011,"Florida","Broward County",4,25,22589,11403,11186
050,12,011,"Florida","Broward County",4,26,22670,11313,11357
050,12,011,"Florida","Broward County",4,27,23514,11786,11728
050,12,011,"Florida","Broward County",4,28,24111,11913,12198
050,12,011,"Florida","Broward County",4,29,24737,12332,12405
050,12,011,"Florida","Broward County",4,30,25718,12889,12829
050,12,011,"Florida","Broward County",4,31,26550,13328,13222
050,12,011,"Florida","Broward County",4,32,27042,13479,13563
050,12,011,"Florida","Broward County",4,33,26859,13404,13455
050,12,011,"Florida","Broward County",4,34,26941,13471,13470
050,12,011,"Florida","Broward County",4,35,26817,13429,13388
050,12,011,"Florida","Broward County",4,36,26625,13269,13356
050,12,011,"Florida","Broward County",4,37,26890,13461,13429
050,12,011,"Florida","Broward County",4,38,26588,13122,13466
050,12,011,"Florida","Broward County",4,39,26888,13359,13529
050,12,011,"Florida","Broward County",4,40,26882,13245,13637
050,12,011,"Florida","Broward County",4,41,26814,13260,13554
050,12,011,"Florida","Broward County",4,42,27150,13492,13658
050,12,011,"Florida","Broward County",4,43,26064,12848,13216
050,12,011,"Florida","Broward County",4,44,26059,12871,13188
050,12,011,"Florida","Broward County",4,45,25939,12711,13228
050,12,011,"Florida","Broward County",4,46,25337,12439,12898
050,12,011,"Florida","Broward County",4,47,25241,12406,12835
050,12,011,"Florida","Broward County",4,48,25120,12325,12795
050,12,011,"Florida","Broward County",4,49,25575,12515,13060
050,12,011,"Florida","Broward County",4,50,26499,13079,13420
050,12,011,"Florida","Broward County",4,51,27662,13641,14021
050,12,011,"Florida","Broward County",4,52,27220,13489,13731
050,12,011,"Florida","Broward County",4,53,26178,12811,13367
050,12,011,"Florida","Broward County",4,54,26157,12933,13224
050,12,011,"Florida","Broward County",4,55,26573,13148,13425
050,12,011,"Florida","Broward County",4,56,27149,13394,13755
050,12,011,"Florida","Broward County",4,57,28231,14026,14205
050,12,011,"Florida","Broward County",4,58,28522,14177,14345
050,12,011,"Florida","Broward County",4,59,28007,14069,13938
050,12,011,"Florida","Broward County",4,60,27630,13868,13762
050,12,011,"Florida","Broward County",4,61,26999,13446,13553
050,12,011,"Florida","Broward County",4,62,26291,13002,13289
050,12,011,"Florida","Broward County",4,63,25275,12424,12851
050,12,011,"Florida","Broward County",4,64,24479,11923,12556
050,12,011,"Florida","Broward County",4,65,23775,11515,12260
050,12,011,"Florida","Broward County",4,66,22497,10811,11686
050,12,011,"Florida","Broward County",4,67,21872,10365,11507
050,12,011,"Florida","Broward County",4,68,20975,9813,11162
050,12,011,"Florida","Broward County",4,69,20047,9341,10706
050,12,011,"Florida","Broward County",4,70,19192,8974,10218
050,12,011,"Florida","Broward County",4,71,18481,8580,9901
050,12,011,"Florida","Broward County",4,72,17630,8095,9535
050,12,011,"Florida","Broward County",4,73,16816,7734,9082
050,12,011,"Florida","Broward County",4,74,16669,7689,8980
050,12,011,"Florida","Broward County",4,75,17346,7990,9356
050,12,011,"Florida","Broward County",4,76,13139,5831,7308
050,12,011,"Florida","Broward County",4,77,12524,5571,6953
050,12,011,"Florida","Broward County",4,78,11929,5256,6673
050,12,011,"Florida","Broward County",4,79,12031,5338,6693
050,12,011,"Florida","Broward County",4,80,10223,4474,5749
050,12,011,"Florida","Broward County",4,81,9143,3992,5151
050,12,011,"Florida","Broward County",4,82,8372,3508,4864
050,12,011,"Florida","Broward County",4,83,7835,3312,4523
050,12,011,"Florida","Broward County",4,84,7151,2962,4189
050,12,011,"Florida","Broward County",4,85,43152,16345,26807
050,12,011,"Florida","Broward County",5,0,21396,10762,10634
050,12,011,"Florida","Broward County",5,1,21423,10752,10671
050,12,011,"Florida","Broward County",5,2,19819,10069,9750
050,12,011,"Florida","Broward County",5,3,20851,10647,10204
050,12,011,"Florida","Broward County",5,4,21344,10757,10587
050,12,011,"Florida","Broward County",5,5,21863,11033,10830
050,12,011,"Florida","Broward County",5,6,22119,11251,10868
050,12,011,"Florida","Broward County",5,7,22290,11408,10882
050,12,011,"Florida","Broward County",5,8,22414,11620,10794
050,12,011,"Florida","Broward County",5,9,22425,11432,10993
050,12,011,"Florida","Broward County",5,10,22351,11347,11004
050,12,011,"Florida","Broward County",5,11,22510,11650,10860
050,12,011,"Florida","Broward County",5,12,22715,11680,11035
050,12,011,"Florida","Broward County",5,13,23017,11829,11188
050,12,011,"Florida","Broward County",5,14,23359,11866,11493
050,12,011,"Florida","Broward County",5,15,24319,12259,12060
050,12,011,"Florida","Broward County",5,16,24607,12405,12202
050,12,011,"Florida","Broward County",5,17,24418,12198,12220
050,12,011,"Florida","Broward County",5,18,21394,10997,10397
050,12,011,"Florida","Broward County",5,19,18706,9453,9253
050,12,011,"Florida","Broward County",5,20,19276,9610,9666
050,12,011,"Florida","Broward County",5,21,20120,10097,10023
050,12,011,"Florida","Broward County",5,22,21744,10875,10869
050,12,011,"Florida","Broward County",5,23,22382,11178,11204
050,12,011,"Florida","Broward County",5,24,22336,11010,11326
050,12,011,"Florida","Broward County",5,25,22598,11232,11366
050,12,011,"Florida","Broward County",5,26,22877,11502,11375
050,12,011,"Florida","Broward County",5,27,22884,11366,11518
050,12,011,"Florida","Broward County",5,28,23918,12023,11895
050,12,011,"Florida","Broward County",5,29,24592,12218,12374
050,12,011,"Florida","Broward County",5,30,25310,12583,12727
050,12,011,"Florida","Broward County",5,31,26063,13129,12934
050,12,011,"Florida","Broward County",5,32,26853,13480,13373
050,12,011,"Florida","Broward County",5,33,27399,13676,13723
050,12,011,"Florida","Broward County",5,34,27358,13671,13687
050,12,011,"Florida","Broward County",5,35,27213,13584,13629
050,12,011,"Florida","Broward County",5,36,27140,13552,13588
050,12,011,"Florida","Broward County",5,37,26949,13486,13463
050,12,011,"Florida","Broward County",5,38,27144,13630,13514
050,12,011,"Florida","Broward County",5,39,26854,13263,13591
050,12,011,"Florida","Broward County",5,40,27121,13478,13643
050,12,011,"Florida","Broward County",5,41,27221,13475,13746
050,12,011,"Florida","Broward County",5,42,27012,13401,13611
050,12,011,"Florida","Broward County",5,43,27333,13569,13764
050,12,011,"Florida","Broward County",5,44,26248,13038,13210
050,12,011,"Florida","Broward County",5,45,26146,12901,13245
050,12,011,"Florida","Broward County",5,46,25958,12743,13215
050,12,011,"Florida","Broward County",5,47,25529,12533,12996
050,12,011,"Florida","Broward County",5,48,25224,12384,12840
050,12,011,"Florida","Broward County",5,49,25195,12413,12782
050,12,011,"Florida","Broward County",5,50,25700,12615,13085
050,12,011,"Florida","Broward County",5,51,26570,13180,13390
050,12,011,"Florida","Broward County",5,52,27591,13586,14005
050,12,011,"Florida","Broward County",5,53,27216,13451,13765
050,12,011,"Florida","Broward County",5,54,26088,12790,13298
050,12,011,"Florida","Broward County",5,55,26132,12906,13226
050,12,011,"Florida","Broward County",5,56,26497,13110,13387
050,12,011,"Florida","Broward County",5,57,27150,13380,13770
050,12,011,"Florida","Broward County",5,58,28066,13960,14106
050,12,011,"Florida","Broward County",5,59,28479,14141,14338
050,12,011,"Florida","Broward County",5,60,27833,13968,13865
050,12,011,"Florida","Broward County",5,61,27394,13754,13640
050,12,011,"Florida","Broward County",5,62,26662,13280,13382
050,12,011,"Florida","Broward County",5,63,26042,12849,13193
050,12,011,"Florida","Broward County",5,64,24998,12300,12698
050,12,011,"Florida","Broward County",5,65,24152,11703,12449
050,12,011,"Florida","Broward County",5,66,23436,11281,12155
050,12,011,"Florida","Broward County",5,67,22220,10674,11546
050,12,011,"Florida","Broward County",5,68,21517,10129,11388
050,12,011,"Florida","Broward County",5,69,20703,9655,11048
050,12,011,"Florida","Broward County",5,70,19776,9166,10610
050,12,011,"Florida","Broward County",5,71,18964,8766,10198
050,12,011,"Florida","Broward County",5,72,18272,8426,9846
050,12,011,"Florida","Broward County",5,73,17320,7877,9443
050,12,011,"Florida","Broward County",5,74,16534,7592,8942
050,12,011,"Florida","Broward County",5,75,16341,7507,8834
050,12,011,"Florida","Broward County",5,76,16966,7773,9193
050,12,011,"Florida","Broward County",5,77,12813,5659,7154
050,12,011,"Florida","Broward County",5,78,12170,5390,6780
050,12,011,"Florida","Broward County",5,79,11535,5033,6502
050,12,011,"Florida","Broward County",5,80,11624,5091,6533
050,12,011,"Florida","Broward County",5,81,9803,4316,5487
050,12,011,"Florida","Broward County",5,82,8789,3765,5024
050,12,011,"Florida","Broward County",5,83,8011,3337,4674
050,12,011,"Florida","Broward County",5,84,7410,3101,4309
050,12,011,"Florida","Broward County",5,85,44420,17092,27328
050,12,013,"Florida","Calhoun County",1,0,119,61,58
050,12,013,"Florida","Calhoun County",1,1,119,53,66
050,12,013,"Florida","Calhoun County",1,2,135,65,70
050,12,013,"Florida","Calhoun County",1,3,132,75,57
050,12,013,"Florida","Calhoun County",1,4,135,75,60
050,12,013,"Florida","Calhoun County",1,5,135,62,73
050,12,013,"Florida","Calhoun County",1,6,143,75,68
050,12,013,"Florida","Calhoun County",1,7,134,75,59
050,12,013,"Florida","Calhoun County",1,8,155,74,81
050,12,013,"Florida","Calhoun County",1,9,137,67,70
050,12,013,"Florida","Calhoun County",1,10,162,72,90
050,12,013,"Florida","Calhoun County",1,11,160,80,80
050,12,013,"Florida","Calhoun County",1,12,184,89,95
050,12,013,"Florida","Calhoun County",1,13,183,92,91
050,12,013,"Florida","Calhoun County",1,14,181,94,87
050,12,013,"Florida","Calhoun County",1,15,176,96,80
050,12,013,"Florida","Calhoun County",1,16,150,85,65
050,12,013,"Florida","Calhoun County",1,17,147,80,67
050,12,013,"Florida","Calhoun County",1,18,135,65,70
050,12,013,"Florida","Calhoun County",1,19,116,62,54
050,12,013,"Florida","Calhoun County",1,20,125,65,60
050,12,013,"Florida","Calhoun County",1,21,141,82,59
050,12,013,"Florida","Calhoun County",1,22,148,90,58
050,12,013,"Florida","Calhoun County",1,23,174,110,64
050,12,013,"Florida","Calhoun County",1,24,161,113,48
050,12,013,"Florida","Calhoun County",1,25,176,121,55
050,12,013,"Florida","Calhoun County",1,26,196,130,66
050,12,013,"Florida","Calhoun County",1,27,187,116,71
050,12,013,"Florida","Calhoun County",1,28,183,119,64
050,12,013,"Florida","Calhoun County",1,29,194,116,78
050,12,013,"Florida","Calhoun County",1,30,207,121,86
050,12,013,"Florida","Calhoun County",1,31,198,123,75
050,12,013,"Florida","Calhoun County",1,32,194,123,71
050,12,013,"Florida","Calhoun County",1,33,191,116,75
050,12,013,"Florida","Calhoun County",1,34,185,110,75
050,12,013,"Florida","Calhoun County",1,35,169,106,63
050,12,013,"Florida","Calhoun County",1,36,188,119,69
050,12,013,"Florida","Calhoun County",1,37,181,103,78
050,12,013,"Florida","Calhoun County",1,38,176,110,66
050,12,013,"Florida","Calhoun County",1,39,169,101,68
050,12,013,"Florida","Calhoun County",1,40,186,97,89
050,12,013,"Florida","Calhoun County",1,41,186,112,74
050,12,013,"Florida","Calhoun County",1,42,169,108,61
050,12,013,"Florida","Calhoun County",1,43,177,101,76
050,12,013,"Florida","Calhoun County",1,44,184,110,74
050,12,013,"Florida","Calhoun County",1,45,185,115,70
050,12,013,"Florida","Calhoun County",1,46,184,115,69
050,12,013,"Florida","Calhoun County",1,47,174,112,62
050,12,013,"Florida","Calhoun County",1,48,207,129,78
050,12,013,"Florida","Calhoun County",1,49,217,127,90
050,12,013,"Florida","Calhoun County",1,50,203,118,85
050,12,013,"Florida","Calhoun County",1,51,189,113,76
050,12,013,"Florida","Calhoun County",1,52,190,120,70
050,12,013,"Florida","Calhoun County",1,53,174,101,73
050,12,013,"Florida","Calhoun County",1,54,176,93,83
050,12,013,"Florida","Calhoun County",1,55,185,95,90
050,12,013,"Florida","Calhoun County",1,56,198,99,99
050,12,013,"Florida","Calhoun County",1,57,189,105,84
050,12,013,"Florida","Calhoun County",1,58,162,82,80
050,12,013,"Florida","Calhoun County",1,59,177,92,85
050,12,013,"Florida","Calhoun County",1,60,184,92,92
050,12,013,"Florida","Calhoun County",1,61,203,106,97
050,12,013,"Florida","Calhoun County",1,62,166,81,85
050,12,013,"Florida","Calhoun County",1,63,186,95,91
050,12,013,"Florida","Calhoun County",1,64,177,81,96
050,12,013,"Florida","Calhoun County",1,65,166,79,87
050,12,013,"Florida","Calhoun County",1,66,158,80,78
050,12,013,"Florida","Calhoun County",1,67,149,76,73
050,12,013,"Florida","Calhoun County",1,68,149,72,77
050,12,013,"Florida","Calhoun County",1,69,147,73,74
050,12,013,"Florida","Calhoun County",1,70,130,68,62
050,12,013,"Florida","Calhoun County",1,71,142,68,74
050,12,013,"Florida","Calhoun County",1,72,133,68,65
050,12,013,"Florida","Calhoun County",1,73,121,58,63
050,12,013,"Florida","Calhoun County",1,74,97,48,49
050,12,013,"Florida","Calhoun County",1,75,120,56,64
050,12,013,"Florida","Calhoun County",1,76,110,44,66
050,12,013,"Florida","Calhoun County",1,77,97,47,50
050,12,013,"Florida","Calhoun County",1,78,96,45,51
050,12,013,"Florida","Calhoun County",1,79,84,38,46
050,12,013,"Florida","Calhoun County",1,80,84,42,42
050,12,013,"Florida","Calhoun County",1,81,73,36,37
050,12,013,"Florida","Calhoun County",1,82,62,31,31
050,12,013,"Florida","Calhoun County",1,83,53,26,27
050,12,013,"Florida","Calhoun County",1,84,64,29,35
050,12,013,"Florida","Calhoun County",1,85,300,106,194
050,12,013,"Florida","Calhoun County",2,0,117,51,66
050,12,013,"Florida","Calhoun County",2,1,120,55,65
050,12,013,"Florida","Calhoun County",2,2,132,63,69
050,12,013,"Florida","Calhoun County",2,3,133,74,59
050,12,013,"Florida","Calhoun County",2,4,136,75,61
050,12,013,"Florida","Calhoun County",2,5,136,64,72
050,12,013,"Florida","Calhoun County",2,6,139,72,67
050,12,013,"Florida","Calhoun County",2,7,140,76,64
050,12,013,"Florida","Calhoun County",2,8,148,73,75
050,12,013,"Florida","Calhoun County",2,9,141,68,73
050,12,013,"Florida","Calhoun County",2,10,156,72,84
050,12,013,"Florida","Calhoun County",2,11,160,77,83
050,12,013,"Florida","Calhoun County",2,12,181,89,92
050,12,013,"Florida","Calhoun County",2,13,185,92,93
050,12,013,"Florida","Calhoun County",2,14,182,96,86
050,12,013,"Florida","Calhoun County",2,15,177,95,82
050,12,013,"Florida","Calhoun County",2,16,156,87,69
050,12,013,"Florida","Calhoun County",2,17,149,82,67
050,12,013,"Florida","Calhoun County",2,18,131,65,66
050,12,013,"Florida","Calhoun County",2,19,116,60,56
050,12,013,"Florida","Calhoun County",2,20,124,65,59
050,12,013,"Florida","Calhoun County",2,21,139,79,60
050,12,013,"Florida","Calhoun County",2,22,148,91,57
050,12,013,"Florida","Calhoun County",2,23,177,115,62
050,12,013,"Florida","Calhoun County",2,24,169,117,52
050,12,013,"Florida","Calhoun County",2,25,177,124,53
050,12,013,"Florida","Calhoun County",2,26,201,136,65
050,12,013,"Florida","Calhoun County",2,27,187,119,68
050,12,013,"Florida","Calhoun County",2,28,192,126,66
050,12,013,"Florida","Calhoun County",2,29,191,117,74
050,12,013,"Florida","Calhoun County",2,30,213,127,86
050,12,013,"Florida","Calhoun County",2,31,202,125,77
050,12,013,"Florida","Calhoun County",2,32,200,127,73
050,12,013,"Florida","Calhoun County",2,33,196,123,73
050,12,013,"Florida","Calhoun County",2,34,186,111,75
050,12,013,"Florida","Calhoun County",2,35,175,109,66
050,12,013,"Florida","Calhoun County",2,36,186,119,67
050,12,013,"Florida","Calhoun County",2,37,182,107,75
050,12,013,"Florida","Calhoun County",2,38,183,113,70
050,12,013,"Florida","Calhoun County",2,39,171,103,68
050,12,013,"Florida","Calhoun County",2,40,187,102,85
050,12,013,"Florida","Calhoun County",2,41,187,111,76
050,12,013,"Florida","Calhoun County",2,42,173,110,63
050,12,013,"Florida","Calhoun County",2,43,179,104,75
050,12,013,"Florida","Calhoun County",2,44,185,111,74
050,12,013,"Florida","Calhoun County",2,45,191,118,73
050,12,013,"Florida","Calhoun County",2,46,183,115,68
050,12,013,"Florida","Calhoun County",2,47,180,116,64
050,12,013,"Florida","Calhoun County",2,48,203,127,76
050,12,013,"Florida","Calhoun County",2,49,215,129,86
050,12,013,"Florida","Calhoun County",2,50,210,122,88
050,12,013,"Florida","Calhoun County",2,51,191,114,77
050,12,013,"Florida","Calhoun County",2,52,186,115,71
050,12,013,"Florida","Calhoun County",2,53,178,106,72
050,12,013,"Florida","Calhoun County",2,54,176,95,81
050,12,013,"Florida","Calhoun County",2,55,185,95,90
050,12,013,"Florida","Calhoun County",2,56,190,95,95
050,12,013,"Florida","Calhoun County",2,57,195,107,88
050,12,013,"Florida","Calhoun County",2,58,165,85,80
050,12,013,"Florida","Calhoun County",2,59,174,90,84
050,12,013,"Florida","Calhoun County",2,60,177,89,88
050,12,013,"Florida","Calhoun County",2,61,197,102,95
050,12,013,"Florida","Calhoun County",2,62,169,83,86
050,12,013,"Florida","Calhoun County",2,63,184,93,91
050,12,013,"Florida","Calhoun County",2,64,179,83,96
050,12,013,"Florida","Calhoun County",2,65,169,81,88
050,12,013,"Florida","Calhoun County",2,66,156,78,78
050,12,013,"Florida","Calhoun County",2,67,153,78,75
050,12,013,"Florida","Calhoun County",2,68,144,71,73
050,12,013,"Florida","Calhoun County",2,69,152,75,77
050,12,013,"Florida","Calhoun County",2,70,131,67,64
050,12,013,"Florida","Calhoun County",2,71,133,66,67
050,12,013,"Florida","Calhoun County",2,72,132,66,66
050,12,013,"Florida","Calhoun County",2,73,126,62,64
050,12,013,"Florida","Calhoun County",2,74,95,47,48
050,12,013,"Florida","Calhoun County",2,75,114,54,60
050,12,013,"Florida","Calhoun County",2,76,110,45,65
050,12,013,"Florida","Calhoun County",2,77,101,46,55
050,12,013,"Florida","Calhoun County",2,78,94,43,51
050,12,013,"Florida","Calhoun County",2,79,85,39,46
050,12,013,"Florida","Calhoun County",2,80,83,41,42
050,12,013,"Florida","Calhoun County",2,81,74,36,38
050,12,013,"Florida","Calhoun County",2,82,61,30,31
050,12,013,"Florida","Calhoun County",2,83,56,28,28
050,12,013,"Florida","Calhoun County",2,84,61,28,33
050,12,013,"Florida","Calhoun County",2,85,304,109,195
050,12,013,"Florida","Calhoun County",3,0,141,81,60
050,12,013,"Florida","Calhoun County",3,1,114,50,64
050,12,013,"Florida","Calhoun County",3,2,125,62,63
050,12,013,"Florida","Calhoun County",3,3,137,63,74
050,12,013,"Florida","Calhoun County",3,4,145,80,65
050,12,013,"Florida","Calhoun County",3,5,143,79,64
050,12,013,"Florida","Calhoun County",3,6,132,58,74
050,12,013,"Florida","Calhoun County",3,7,130,69,61
050,12,013,"Florida","Calhoun County",3,8,146,72,74
050,12,013,"Florida","Calhoun County",3,9,141,73,68
050,12,013,"Florida","Calhoun County",3,10,141,67,74
050,12,013,"Florida","Calhoun County",3,11,157,73,84
050,12,013,"Florida","Calhoun County",3,12,163,78,85
050,12,013,"Florida","Calhoun County",3,13,177,83,94
050,12,013,"Florida","Calhoun County",3,14,187,92,95
050,12,013,"Florida","Calhoun County",3,15,182,92,90
050,12,013,"Florida","Calhoun County",3,16,162,85,77
050,12,013,"Florida","Calhoun County",3,17,153,87,66
050,12,013,"Florida","Calhoun County",3,18,124,76,48
050,12,013,"Florida","Calhoun County",3,19,107,54,53
050,12,013,"Florida","Calhoun County",3,20,122,59,63
050,12,013,"Florida","Calhoun County",3,21,148,77,71
050,12,013,"Florida","Calhoun County",3,22,160,99,61
050,12,013,"Florida","Calhoun County",3,23,180,117,63
050,12,013,"Florida","Calhoun County",3,24,172,107,65
050,12,013,"Florida","Calhoun County",3,25,176,119,57
050,12,013,"Florida","Calhoun County",3,26,173,118,55
050,12,013,"Florida","Calhoun County",3,27,186,119,67
050,12,013,"Florida","Calhoun County",3,28,183,116,67
050,12,013,"Florida","Calhoun County",3,29,172,106,66
050,12,013,"Florida","Calhoun County",3,30,196,119,77
050,12,013,"Florida","Calhoun County",3,31,212,126,86
050,12,013,"Florida","Calhoun County",3,32,204,128,76
050,12,013,"Florida","Calhoun County",3,33,188,120,68
050,12,013,"Florida","Calhoun County",3,34,178,103,75
050,12,013,"Florida","Calhoun County",3,35,173,100,73
050,12,013,"Florida","Calhoun County",3,36,166,107,59
050,12,013,"Florida","Calhoun County",3,37,176,106,70
050,12,013,"Florida","Calhoun County",3,38,182,109,73
050,12,013,"Florida","Calhoun County",3,39,158,96,62
050,12,013,"Florida","Calhoun County",3,40,169,102,67
050,12,013,"Florida","Calhoun County",3,41,188,98,90
050,12,013,"Florida","Calhoun County",3,42,182,106,76
050,12,013,"Florida","Calhoun County",3,43,163,103,60
050,12,013,"Florida","Calhoun County",3,44,175,108,67
050,12,013,"Florida","Calhoun County",3,45,193,108,85
050,12,013,"Florida","Calhoun County",3,46,177,107,70
050,12,013,"Florida","Calhoun County",3,47,187,117,70
050,12,013,"Florida","Calhoun County",3,48,187,114,73
050,12,013,"Florida","Calhoun County",3,49,196,123,73
050,12,013,"Florida","Calhoun County",3,50,204,122,82
050,12,013,"Florida","Calhoun County",3,51,188,105,83
050,12,013,"Florida","Calhoun County",3,52,175,101,74
050,12,013,"Florida","Calhoun County",3,53,184,116,68
050,12,013,"Florida","Calhoun County",3,54,180,104,76
050,12,013,"Florida","Calhoun County",3,55,183,102,81
050,12,013,"Florida","Calhoun County",3,56,171,81,90
050,12,013,"Florida","Calhoun County",3,57,200,105,95
050,12,013,"Florida","Calhoun County",3,58,189,100,89
050,12,013,"Florida","Calhoun County",3,59,161,81,80
050,12,013,"Florida","Calhoun County",3,60,165,84,81
050,12,013,"Florida","Calhoun County",3,61,187,96,91
050,12,013,"Florida","Calhoun County",3,62,180,87,93
050,12,013,"Florida","Calhoun County",3,63,175,85,90
050,12,013,"Florida","Calhoun County",3,64,173,81,92
050,12,013,"Florida","Calhoun County",3,65,182,85,97
050,12,013,"Florida","Calhoun County",3,66,152,71,81
050,12,013,"Florida","Calhoun County",3,67,167,82,85
050,12,013,"Florida","Calhoun County",3,68,140,75,65
050,12,013,"Florida","Calhoun County",3,69,149,71,78
050,12,013,"Florida","Calhoun County",3,70,148,75,73
050,12,013,"Florida","Calhoun County",3,71,129,67,62
050,12,013,"Florida","Calhoun County",3,72,123,60,63
050,12,013,"Florida","Calhoun County",3,73,129,63,66
050,12,013,"Florida","Calhoun County",3,74,117,58,59
050,12,013,"Florida","Calhoun County",3,75,94,47,47
050,12,013,"Florida","Calhoun County",3,76,108,52,56
050,12,013,"Florida","Calhoun County",3,77,91,34,57
050,12,013,"Florida","Calhoun County",3,78,93,44,49
050,12,013,"Florida","Calhoun County",3,79,90,40,50
050,12,013,"Florida","Calhoun County",3,80,82,39,43
050,12,013,"Florida","Calhoun County",3,81,82,40,42
050,12,013,"Florida","Calhoun County",3,82,67,29,38
050,12,013,"Florida","Calhoun County",3,83,56,26,30
050,12,013,"Florida","Calhoun County",3,84,50,24,26
050,12,013,"Florida","Calhoun County",3,85,325,128,197
050,12,013,"Florida","Calhoun County",4,0,129,67,62
050,12,013,"Florida","Calhoun County",4,1,152,86,66
050,12,013,"Florida","Calhoun County",4,2,126,62,64
050,12,013,"Florida","Calhoun County",4,3,140,75,65
050,12,013,"Florida","Calhoun County",4,4,135,58,77
050,12,013,"Florida","Calhoun County",4,5,146,85,61
050,12,013,"Florida","Calhoun County",4,6,144,81,63
050,12,013,"Florida","Calhoun County",4,7,138,59,79
050,12,013,"Florida","Calhoun County",4,8,141,81,60
050,12,013,"Florida","Calhoun County",4,9,145,76,69
050,12,013,"Florida","Calhoun County",4,10,147,77,70
050,12,013,"Florida","Calhoun County",4,11,141,69,72
050,12,013,"Florida","Calhoun County",4,12,161,74,87
050,12,013,"Florida","Calhoun County",4,13,162,78,84
050,12,013,"Florida","Calhoun County",4,14,173,78,95
050,12,013,"Florida","Calhoun County",4,15,190,96,94
050,12,013,"Florida","Calhoun County",4,16,192,103,89
050,12,013,"Florida","Calhoun County",4,17,171,88,83
050,12,013,"Florida","Calhoun County",4,18,127,76,51
050,12,013,"Florida","Calhoun County",4,19,107,67,40
050,12,013,"Florida","Calhoun County",4,20,113,53,60
050,12,013,"Florida","Calhoun County",4,21,129,65,64
050,12,013,"Florida","Calhoun County",4,22,166,93,73
050,12,013,"Florida","Calhoun County",4,23,192,120,72
050,12,013,"Florida","Calhoun County",4,24,171,112,59
050,12,013,"Florida","Calhoun County",4,25,170,103,67
050,12,013,"Florida","Calhoun County",4,26,183,127,56
050,12,013,"Florida","Calhoun County",4,27,159,102,57
050,12,013,"Florida","Calhoun County",4,28,179,116,63
050,12,013,"Florida","Calhoun County",4,29,159,96,63
050,12,013,"Florida","Calhoun County",4,30,190,114,76
050,12,013,"Florida","Calhoun County",4,31,196,118,78
050,12,013,"Florida","Calhoun County",4,32,222,125,97
050,12,013,"Florida","Calhoun County",4,33,217,133,84
050,12,013,"Florida","Calhoun County",4,34,184,109,75
050,12,013,"Florida","Calhoun County",4,35,176,101,75
050,12,013,"Florida","Calhoun County",4,36,177,106,71
050,12,013,"Florida","Calhoun County",4,37,155,96,59
050,12,013,"Florida","Calhoun County",4,38,177,107,70
050,12,013,"Florida","Calhoun County",4,39,172,98,74
050,12,013,"Florida","Calhoun County",4,40,164,94,70
050,12,013,"Florida","Calhoun County",4,41,173,105,68
050,12,013,"Florida","Calhoun County",4,42,180,90,90
050,12,013,"Florida","Calhoun County",4,43,176,94,82
050,12,013,"Florida","Calhoun County",4,44,163,107,56
050,12,013,"Florida","Calhoun County",4,45,179,108,71
050,12,013,"Florida","Calhoun County",4,46,175,96,79
050,12,013,"Florida","Calhoun County",4,47,172,103,69
050,12,013,"Florida","Calhoun County",4,48,181,109,72
050,12,013,"Florida","Calhoun County",4,49,181,107,74
050,12,013,"Florida","Calhoun County",4,50,200,124,76
050,12,013,"Florida","Calhoun County",4,51,185,106,79
050,12,013,"Florida","Calhoun County",4,52,179,95,84
050,12,013,"Florida","Calhoun County",4,53,176,100,76
050,12,013,"Florida","Calhoun County",4,54,182,114,68
050,12,013,"Florida","Calhoun County",4,55,179,107,72
050,12,013,"Florida","Calhoun County",4,56,169,91,78
050,12,013,"Florida","Calhoun County",4,57,175,89,86
050,12,013,"Florida","Calhoun County",4,58,191,94,97
050,12,013,"Florida","Calhoun County",4,59,182,93,89
050,12,013,"Florida","Calhoun County",4,60,154,76,78
050,12,013,"Florida","Calhoun County",4,61,175,86,89
050,12,013,"Florida","Calhoun County",4,62,173,82,91
050,12,013,"Florida","Calhoun County",4,63,185,89,96
050,12,013,"Florida","Calhoun County",4,64,176,83,93
050,12,013,"Florida","Calhoun County",4,65,169,77,92
050,12,013,"Florida","Calhoun County",4,66,170,79,91
050,12,013,"Florida","Calhoun County",4,67,166,78,88
050,12,013,"Florida","Calhoun County",4,68,159,77,82
050,12,013,"Florida","Calhoun County",4,69,139,72,67
050,12,013,"Florida","Calhoun County",4,70,140,69,71
050,12,013,"Florida","Calhoun County",4,71,133,67,66
050,12,013,"Florida","Calhoun County",4,72,117,62,55
050,12,013,"Florida","Calhoun County",4,73,118,56,62
050,12,013,"Florida","Calhoun County",4,74,126,61,65
050,12,013,"Florida","Calhoun County",4,75,117,58,59
050,12,013,"Florida","Calhoun County",4,76,94,46,48
050,12,013,"Florida","Calhoun County",4,77,95,45,50
050,12,013,"Florida","Calhoun County",4,78,86,33,53
050,12,013,"Florida","Calhoun County",4,79,88,41,47
050,12,013,"Florida","Calhoun County",4,80,84,39,45
050,12,013,"Florida","Calhoun County",4,81,75,38,37
050,12,013,"Florida","Calhoun County",4,82,73,29,44
050,12,013,"Florida","Calhoun County",4,83,63,27,36
050,12,013,"Florida","Calhoun County",4,84,44,19,25
050,12,013,"Florida","Calhoun County",4,85,330,139,191
050,12,013,"Florida","Calhoun County",5,0,135,72,63
050,12,013,"Florida","Calhoun County",5,1,130,68,62
050,12,013,"Florida","Calhoun County",5,2,150,80,70
050,12,013,"Florida","Calhoun County",5,3,126,57,69
050,12,013,"Florida","Calhoun County",5,4,132,76,56
050,12,013,"Florida","Calhoun County",5,5,142,63,79
050,12,013,"Florida","Calhoun County",5,6,144,84,60
050,12,013,"Florida","Calhoun County",5,7,145,84,61
050,12,013,"Florida","Calhoun County",5,8,138,63,75
050,12,013,"Florida","Calhoun County",5,9,140,77,63
050,12,013,"Florida","Calhoun County",5,10,150,88,62
050,12,013,"Florida","Calhoun County",5,11,147,73,74
050,12,013,"Florida","Calhoun County",5,12,143,67,76
050,12,013,"Florida","Calhoun County",5,13,161,75,86
050,12,013,"Florida","Calhoun County",5,14,164,78,86
050,12,013,"Florida","Calhoun County",5,15,179,84,95
050,12,013,"Florida","Calhoun County",5,16,195,101,94
050,12,013,"Florida","Calhoun County",5,17,183,98,85
050,12,013,"Florida","Calhoun County",5,18,139,76,63
050,12,013,"Florida","Calhoun County",5,19,108,66,42
050,12,013,"Florida","Calhoun County",5,20,114,70,44
050,12,013,"Florida","Calhoun County",5,21,128,60,68
050,12,013,"Florida","Calhoun County",5,22,139,74,65
050,12,013,"Florida","Calhoun County",5,23,196,118,78
050,12,013,"Florida","Calhoun County",5,24,185,112,73
050,12,013,"Florida","Calhoun County",5,25,170,110,60
050,12,013,"Florida","Calhoun County",5,26,190,121,69
050,12,013,"Florida","Calhoun County",5,27,163,108,55
050,12,013,"Florida","Calhoun County",5,28,169,107,62
050,12,013,"Florida","Calhoun County",5,29,179,112,67
050,12,013,"Florida","Calhoun County",5,30,172,107,65
050,12,013,"Florida","Calhoun County",5,31,186,115,71
050,12,013,"Florida","Calhoun County",5,32,184,113,71
050,12,013,"Florida","Calhoun County",5,33,226,130,96
050,12,013,"Florida","Calhoun County",5,34,207,122,85
050,12,013,"Florida","Calhoun County",5,35,175,103,72
050,12,013,"Florida","Calhoun County",5,36,183,103,80
050,12,013,"Florida","Calhoun County",5,37,179,108,71
050,12,013,"Florida","Calhoun County",5,38,161,102,59
050,12,013,"Florida","Calhoun County",5,39,168,98,70
050,12,013,"Florida","Calhoun County",5,40,185,104,81
050,12,013,"Florida","Calhoun County",5,41,163,95,68
050,12,013,"Florida","Calhoun County",5,42,172,105,67
050,12,013,"Florida","Calhoun County",5,43,183,83,100
050,12,013,"Florida","Calhoun County",5,44,183,100,83
050,12,013,"Florida","Calhoun County",5,45,172,114,58
050,12,013,"Florida","Calhoun County",5,46,169,94,75
050,12,013,"Florida","Calhoun County",5,47,184,107,77
050,12,013,"Florida","Calhoun County",5,48,169,100,69
050,12,013,"Florida","Calhoun County",5,49,178,107,71
050,12,013,"Florida","Calhoun County",5,50,189,111,78
050,12,013,"Florida","Calhoun County",5,51,193,117,76
050,12,013,"Florida","Calhoun County",5,52,192,107,85
050,12,013,"Florida","Calhoun County",5,53,174,93,81
050,12,013,"Florida","Calhoun County",5,54,171,97,74
050,12,013,"Florida","Calhoun County",5,55,184,119,65
050,12,013,"Florida","Calhoun County",5,56,167,96,71
050,12,013,"Florida","Calhoun County",5,57,181,101,80
050,12,013,"Florida","Calhoun County",5,58,166,78,88
050,12,013,"Florida","Calhoun County",5,59,192,93,99
050,12,013,"Florida","Calhoun County",5,60,175,88,87
050,12,013,"Florida","Calhoun County",5,61,159,76,83
050,12,013,"Florida","Calhoun County",5,62,164,76,88
050,12,013,"Florida","Calhoun County",5,63,173,84,89
050,12,013,"Florida","Calhoun County",5,64,183,82,101
050,12,013,"Florida","Calhoun County",5,65,174,82,92
050,12,013,"Florida","Calhoun County",5,66,166,78,88
050,12,013,"Florida","Calhoun County",5,67,178,81,97
050,12,013,"Florida","Calhoun County",5,68,154,71,83
050,12,013,"Florida","Calhoun County",5,69,162,75,87
050,12,013,"Florida","Calhoun County",5,70,137,74,63
050,12,013,"Florida","Calhoun County",5,71,132,63,69
050,12,013,"Florida","Calhoun County",5,72,125,66,59
050,12,013,"Florida","Calhoun County",5,73,108,58,50
050,12,013,"Florida","Calhoun County",5,74,113,53,60
050,12,013,"Florida","Calhoun County",5,75,124,63,61
050,12,013,"Florida","Calhoun County",5,76,115,54,61
050,12,013,"Florida","Calhoun County",5,77,84,41,43
050,12,013,"Florida","Calhoun County",5,78,89,43,46
050,12,013,"Florida","Calhoun County",5,79,79,28,51
050,12,013,"Florida","Calhoun County",5,80,90,44,46
050,12,013,"Florida","Calhoun County",5,81,77,39,38
050,12,013,"Florida","Calhoun County",5,82,63,26,37
050,12,013,"Florida","Calhoun County",5,83,68,25,43
050,12,013,"Florida","Calhoun County",5,84,53,20,33
050,12,013,"Florida","Calhoun County",5,85,333,148,185
050,12,015,"Florida","Charlotte County",1,0,949,484,465
050,12,015,"Florida","Charlotte County",1,1,970,513,457
050,12,015,"Florida","Charlotte County",1,2,1114,555,559
050,12,015,"Florida","Charlotte County",1,3,1121,549,572
050,12,015,"Florida","Charlotte County",1,4,1142,561,581
050,12,015,"Florida","Charlotte County",1,5,1177,590,587
050,12,015,"Florida","Charlotte County",1,6,1238,649,589
050,12,015,"Florida","Charlotte County",1,7,1223,646,577
050,12,015,"Florida","Charlotte County",1,8,1208,629,579
050,12,015,"Florida","Charlotte County",1,9,1174,616,558
050,12,015,"Florida","Charlotte County",1,10,1233,634,599
050,12,015,"Florida","Charlotte County",1,11,1301,689,612
050,12,015,"Florida","Charlotte County",1,12,1396,715,681
050,12,015,"Florida","Charlotte County",1,13,1421,747,674
050,12,015,"Florida","Charlotte County",1,14,1353,729,624
050,12,015,"Florida","Charlotte County",1,15,1361,710,651
050,12,015,"Florida","Charlotte County",1,16,1360,699,661
050,12,015,"Florida","Charlotte County",1,17,1432,726,706
050,12,015,"Florida","Charlotte County",1,18,1310,711,599
050,12,015,"Florida","Charlotte County",1,19,1156,636,520
050,12,015,"Florida","Charlotte County",1,20,1263,683,580
050,12,015,"Florida","Charlotte County",1,21,1322,734,588
050,12,015,"Florida","Charlotte County",1,22,1371,751,620
050,12,015,"Florida","Charlotte County",1,23,1409,773,636
050,12,015,"Florida","Charlotte County",1,24,1412,776,636
050,12,015,"Florida","Charlotte County",1,25,1370,745,625
050,12,015,"Florida","Charlotte County",1,26,1462,779,683
050,12,015,"Florida","Charlotte County",1,27,1428,759,669
050,12,015,"Florida","Charlotte County",1,28,1526,796,730
050,12,015,"Florida","Charlotte County",1,29,1531,816,715
050,12,015,"Florida","Charlotte County",1,30,1534,852,682
050,12,015,"Florida","Charlotte County",1,31,1490,815,675
050,12,015,"Florida","Charlotte County",1,32,1419,744,675
050,12,015,"Florida","Charlotte County",1,33,1378,730,648
050,12,015,"Florida","Charlotte County",1,34,1395,704,691
050,12,015,"Florida","Charlotte County",1,35,1423,724,699
050,12,015,"Florida","Charlotte County",1,36,1432,737,695
050,12,015,"Florida","Charlotte County",1,37,1466,736,730
050,12,015,"Florida","Charlotte County",1,38,1430,753,677
050,12,015,"Florida","Charlotte County",1,39,1428,750,678
050,12,015,"Florida","Charlotte County",1,40,1398,728,670
050,12,015,"Florida","Charlotte County",1,41,1374,697,677
050,12,015,"Florida","Charlotte County",1,42,1406,727,679
050,12,015,"Florida","Charlotte County",1,43,1400,704,696
050,12,015,"Florida","Charlotte County",1,44,1415,715,700
050,12,015,"Florida","Charlotte County",1,45,1437,726,711
050,12,015,"Florida","Charlotte County",1,46,1469,713,756
050,12,015,"Florida","Charlotte County",1,47,1582,778,804
050,12,015,"Florida","Charlotte County",1,48,1805,856,949
050,12,015,"Florida","Charlotte County",1,49,2041,954,1087
050,12,015,"Florida","Charlotte County",1,50,1953,937,1016
050,12,015,"Florida","Charlotte County",1,51,2014,950,1064
050,12,015,"Florida","Charlotte County",1,52,1996,953,1043
050,12,015,"Florida","Charlotte County",1,53,2198,1024,1174
050,12,015,"Florida","Charlotte County",1,54,2343,1113,1230
050,12,015,"Florida","Charlotte County",1,55,2604,1186,1418
050,12,015,"Florida","Charlotte County",1,56,2822,1334,1488
050,12,015,"Florida","Charlotte County",1,57,2885,1367,1518
050,12,015,"Florida","Charlotte County",1,58,3048,1384,1664
050,12,015,"Florida","Charlotte County",1,59,3217,1497,1720
050,12,015,"Florida","Charlotte County",1,60,3401,1582,1819
050,12,015,"Florida","Charlotte County",1,61,3480,1589,1891
050,12,015,"Florida","Charlotte County",1,62,3592,1667,1925
050,12,015,"Florida","Charlotte County",1,63,3686,1717,1969
050,12,015,"Florida","Charlotte County",1,64,3828,1770,2058
050,12,015,"Florida","Charlotte County",1,65,3909,1831,2078
050,12,015,"Florida","Charlotte County",1,66,3983,1859,2124
050,12,015,"Florida","Charlotte County",1,67,4143,1943,2200
050,12,015,"Florida","Charlotte County",1,68,4219,1989,2230
050,12,015,"Florida","Charlotte County",1,69,3994,1936,2058
050,12,015,"Florida","Charlotte County",1,70,4011,1879,2132
050,12,015,"Florida","Charlotte County",1,71,4149,2025,2124
050,12,015,"Florida","Charlotte County",1,72,4456,2200,2256
050,12,015,"Florida","Charlotte County",1,73,4560,2240,2320
050,12,015,"Florida","Charlotte County",1,74,3226,1580,1646
050,12,015,"Florida","Charlotte County",1,75,3182,1554,1628
050,12,015,"Florida","Charlotte County",1,76,3392,1695,1697
050,12,015,"Florida","Charlotte County",1,77,3448,1756,1692
050,12,015,"Florida","Charlotte County",1,78,2919,1450,1469
050,12,015,"Florida","Charlotte County",1,79,2516,1213,1303
050,12,015,"Florida","Charlotte County",1,80,2277,1135,1142
050,12,015,"Florida","Charlotte County",1,81,2201,1126,1075
050,12,015,"Florida","Charlotte County",1,82,1984,984,1000
050,12,015,"Florida","Charlotte County",1,83,1766,862,904
050,12,015,"Florida","Charlotte County",1,84,1659,824,835
050,12,015,"Florida","Charlotte County",1,85,9309,4240,5069
050,12,015,"Florida","Charlotte County",2,0,972,515,457
050,12,015,"Florida","Charlotte County",2,1,975,511,464
050,12,015,"Florida","Charlotte County",2,2,1095,554,541
050,12,015,"Florida","Charlotte County",2,3,1135,556,579
050,12,015,"Florida","Charlotte County",2,4,1157,563,594
050,12,015,"Florida","Charlotte County",2,5,1185,588,597
050,12,015,"Florida","Charlotte County",2,6,1236,641,595
050,12,015,"Florida","Charlotte County",2,7,1231,646,585
050,12,015,"Florida","Charlotte County",2,8,1217,635,582
050,12,015,"Florida","Charlotte County",2,9,1190,623,567
050,12,015,"Florida","Charlotte County",2,10,1228,638,590
050,12,015,"Florida","Charlotte County",2,11,1294,682,612
050,12,015,"Florida","Charlotte County",2,12,1397,718,679
050,12,015,"Florida","Charlotte County",2,13,1426,747,679
050,12,015,"Florida","Charlotte County",2,14,1379,740,639
050,12,015,"Florida","Charlotte County",2,15,1365,717,648
050,12,015,"Florida","Charlotte County",2,16,1368,704,664
050,12,015,"Florida","Charlotte County",2,17,1422,722,700
050,12,015,"Florida","Charlotte County",2,18,1304,705,599
050,12,015,"Florida","Charlotte County",2,19,1157,635,522
050,12,015,"Florida","Charlotte County",2,20,1270,689,581
050,12,015,"Florida","Charlotte County",2,21,1334,736,598
050,12,015,"Florida","Charlotte County",2,22,1380,754,626
050,12,015,"Florida","Charlotte County",2,23,1415,778,637
050,12,015,"Florida","Charlotte County",2,24,1415,779,636
050,12,015,"Florida","Charlotte County",2,25,1382,754,628
050,12,015,"Florida","Charlotte County",2,26,1453,777,676
050,12,015,"Florida","Charlotte County",2,27,1446,766,680
050,12,015,"Florida","Charlotte County",2,28,1512,792,720
050,12,015,"Florida","Charlotte County",2,29,1535,813,722
050,12,015,"Florida","Charlotte County",2,30,1552,851,701
050,12,015,"Florida","Charlotte County",2,31,1504,822,682
050,12,015,"Florida","Charlotte County",2,32,1439,760,679
050,12,015,"Florida","Charlotte County",2,33,1403,741,662
050,12,015,"Florida","Charlotte County",2,34,1403,714,689
050,12,015,"Florida","Charlotte County",2,35,1442,735,707
050,12,015,"Florida","Charlotte County",2,36,1441,737,704
050,12,015,"Florida","Charlotte County",2,37,1466,742,724
050,12,015,"Florida","Charlotte County",2,38,1460,760,700
050,12,015,"Florida","Charlotte County",2,39,1436,751,685
050,12,015,"Florida","Charlotte County",2,40,1425,745,680
050,12,015,"Florida","Charlotte County",2,41,1392,711,681
050,12,015,"Florida","Charlotte County",2,42,1393,714,679
050,12,015,"Florida","Charlotte County",2,43,1423,716,707
050,12,015,"Florida","Charlotte County",2,44,1407,708,699
050,12,015,"Florida","Charlotte County",2,45,1446,727,719
050,12,015,"Florida","Charlotte County",2,46,1466,719,747
050,12,015,"Florida","Charlotte County",2,47,1568,765,803
050,12,015,"Florida","Charlotte County",2,48,1783,850,933
050,12,015,"Florida","Charlotte County",2,49,2017,945,1072
050,12,015,"Florida","Charlotte County",2,50,2010,957,1053
050,12,015,"Florida","Charlotte County",2,51,2021,956,1065
050,12,015,"Florida","Charlotte County",2,52,2031,961,1070
050,12,015,"Florida","Charlotte County",2,53,2173,1016,1157
050,12,015,"Florida","Charlotte County",2,54,2334,1102,1232
050,12,015,"Florida","Charlotte County",2,55,2590,1196,1394
050,12,015,"Florida","Charlotte County",2,56,2827,1328,1499
050,12,015,"Florida","Charlotte County",2,57,2918,1379,1539
050,12,015,"Florida","Charlotte County",2,58,3048,1401,1647
050,12,015,"Florida","Charlotte County",2,59,3244,1499,1745
050,12,015,"Florida","Charlotte County",2,60,3409,1587,1822
050,12,015,"Florida","Charlotte County",2,61,3510,1610,1900
050,12,015,"Florida","Charlotte County",2,62,3628,1682,1946
050,12,015,"Florida","Charlotte County",2,63,3768,1755,2013
050,12,015,"Florida","Charlotte County",2,64,3823,1770,2053
050,12,015,"Florida","Charlotte County",2,65,3955,1849,2106
050,12,015,"Florida","Charlotte County",2,66,4033,1885,2148
050,12,015,"Florida","Charlotte County",2,67,4139,1944,2195
050,12,015,"Florida","Charlotte County",2,68,4197,1976,2221
050,12,015,"Florida","Charlotte County",2,69,4111,1978,2133
050,12,015,"Florida","Charlotte County",2,70,4014,1899,2115
050,12,015,"Florida","Charlotte County",2,71,4148,2008,2140
050,12,015,"Florida","Charlotte County",2,72,4326,2125,2201
050,12,015,"Florida","Charlotte County",2,73,4767,2353,2414
050,12,015,"Florida","Charlotte County",2,74,3330,1630,1700
050,12,015,"Florida","Charlotte County",2,75,3201,1570,1631
050,12,015,"Florida","Charlotte County",2,76,3306,1649,1657
050,12,015,"Florida","Charlotte County",2,77,3505,1780,1725
050,12,015,"Florida","Charlotte County",2,78,2980,1490,1490
050,12,015,"Florida","Charlotte County",2,79,2589,1258,1331
050,12,015,"Florida","Charlotte County",2,80,2318,1143,1175
050,12,015,"Florida","Charlotte County",2,81,2181,1109,1072
050,12,015,"Florida","Charlotte County",2,82,2014,1005,1009
050,12,015,"Florida","Charlotte County",2,83,1785,877,908
050,12,015,"Florida","Charlotte County",2,84,1654,823,831
050,12,015,"Florida","Charlotte County",2,85,9367,4289,5078
050,12,015,"Florida","Charlotte County",3,0,1026,513,513
050,12,015,"Florida","Charlotte County",3,1,1042,549,493
050,12,015,"Florida","Charlotte County",3,2,1047,545,502
050,12,015,"Florida","Charlotte County",3,3,1128,580,548
050,12,015,"Florida","Charlotte County",3,4,1209,580,629
050,12,015,"Florida","Charlotte County",3,5,1216,594,622
050,12,015,"Florida","Charlotte County",3,6,1256,628,628
050,12,015,"Florida","Charlotte County",3,7,1287,671,616
050,12,015,"Florida","Charlotte County",3,8,1275,649,626
050,12,015,"Florida","Charlotte County",3,9,1271,672,599
050,12,015,"Florida","Charlotte County",3,10,1250,659,591
050,12,015,"Florida","Charlotte County",3,11,1291,664,627
050,12,015,"Florida","Charlotte County",3,12,1355,726,629
050,12,015,"Florida","Charlotte County",3,13,1472,758,714
050,12,015,"Florida","Charlotte County",3,14,1467,771,696
050,12,015,"Florida","Charlotte County",3,15,1428,755,673
050,12,015,"Florida","Charlotte County",3,16,1454,748,706
050,12,015,"Florida","Charlotte County",3,17,1457,754,703
050,12,015,"Florida","Charlotte County",3,18,1355,723,632
050,12,015,"Florida","Charlotte County",3,19,1161,631,530
050,12,015,"Florida","Charlotte County",3,20,1261,685,576
050,12,015,"Florida","Charlotte County",3,21,1391,748,643
050,12,015,"Florida","Charlotte County",3,22,1419,753,666
050,12,015,"Florida","Charlotte County",3,23,1446,799,647
050,12,015,"Florida","Charlotte County",3,24,1511,820,691
050,12,015,"Florida","Charlotte County",3,25,1497,800,697
050,12,015,"Florida","Charlotte County",3,26,1438,789,649
050,12,015,"Florida","Charlotte County",3,27,1475,783,692
050,12,015,"Florida","Charlotte County",3,28,1499,759,740
050,12,015,"Florida","Charlotte County",3,29,1567,823,744
050,12,015,"Florida","Charlotte County",3,30,1549,820,729
050,12,015,"Florida","Charlotte County",3,31,1642,886,756
050,12,015,"Florida","Charlotte County",3,32,1571,834,737
050,12,015,"Florida","Charlotte County",3,33,1486,785,701
050,12,015,"Florida","Charlotte County",3,34,1478,742,736
050,12,015,"Florida","Charlotte County",3,35,1457,742,715
050,12,015,"Florida","Charlotte County",3,36,1502,751,751
050,12,015,"Florida","Charlotte County",3,37,1544,788,756
050,12,015,"Florida","Charlotte County",3,38,1546,802,744
050,12,015,"Florida","Charlotte County",3,39,1542,794,748
050,12,015,"Florida","Charlotte County",3,40,1533,795,738
050,12,015,"Florida","Charlotte County",3,41,1509,782,727
050,12,015,"Florida","Charlotte County",3,42,1482,757,725
050,12,015,"Florida","Charlotte County",3,43,1501,755,746
050,12,015,"Florida","Charlotte County",3,44,1488,762,726
050,12,015,"Florida","Charlotte County",3,45,1456,723,733
050,12,015,"Florida","Charlotte County",3,46,1508,754,754
050,12,015,"Florida","Charlotte County",3,47,1530,747,783
050,12,015,"Florida","Charlotte County",3,48,1647,788,859
050,12,015,"Florida","Charlotte County",3,49,1863,904,959
050,12,015,"Florida","Charlotte County",3,50,2141,1005,1136
050,12,015,"Florida","Charlotte County",3,51,2182,998,1184
050,12,015,"Florida","Charlotte County",3,52,2149,986,1163
050,12,015,"Florida","Charlotte County",3,53,2180,1027,1153
050,12,015,"Florida","Charlotte County",3,54,2327,1083,1244
050,12,015,"Florida","Charlotte County",3,55,2532,1179,1353
050,12,015,"Florida","Charlotte County",3,56,2838,1308,1530
050,12,015,"Florida","Charlotte County",3,57,3057,1421,1636
050,12,015,"Florida","Charlotte County",3,58,3141,1458,1683
050,12,015,"Florida","Charlotte County",3,59,3321,1551,1770
050,12,015,"Florida","Charlotte County",3,60,3554,1648,1906
050,12,015,"Florida","Charlotte County",3,61,3667,1708,1959
050,12,015,"Florida","Charlotte County",3,62,3817,1796,2021
050,12,015,"Florida","Charlotte County",3,63,3977,1868,2109
050,12,015,"Florida","Charlotte County",3,64,4070,1899,2171
050,12,015,"Florida","Charlotte County",3,65,4123,1932,2191
050,12,015,"Florida","Charlotte County",3,66,4205,1981,2224
050,12,015,"Florida","Charlotte County",3,67,4232,1981,2251
050,12,015,"Florida","Charlotte County",3,68,4297,2038,2259
050,12,015,"Florida","Charlotte County",3,69,4352,2067,2285
050,12,015,"Florida","Charlotte County",3,70,4245,2038,2207
050,12,015,"Florida","Charlotte County",3,71,4106,1965,2141
050,12,015,"Florida","Charlotte County",3,72,4260,2060,2200
050,12,015,"Florida","Charlotte County",3,73,4371,2141,2230
050,12,015,"Florida","Charlotte County",3,74,4747,2350,2397
050,12,015,"Florida","Charlotte County",3,75,3327,1632,1695
050,12,015,"Florida","Charlotte County",3,76,3180,1578,1602
050,12,015,"Florida","Charlotte County",3,77,3240,1614,1626
050,12,015,"Florida","Charlotte County",3,78,3454,1739,1715
050,12,015,"Florida","Charlotte County",3,79,2874,1426,1448
050,12,015,"Florida","Charlotte County",3,80,2534,1236,1298
050,12,015,"Florida","Charlotte County",3,81,2245,1103,1142
050,12,015,"Florida","Charlotte County",3,82,2050,1049,1001
050,12,015,"Florida","Charlotte County",3,83,1931,946,985
050,12,015,"Florida","Charlotte County",3,84,1666,811,855
050,12,015,"Florida","Charlotte County",3,85,9757,4503,5254
050,12,015,"Florida","Charlotte County",4,0,1074,560,514
050,12,015,"Florida","Charlotte County",4,1,1050,532,518
050,12,015,"Florida","Charlotte County",4,2,1111,593,518
050,12,015,"Florida","Charlotte County",4,3,1115,586,529
050,12,015,"Florida","Charlotte County",4,4,1198,609,589
050,12,015,"Florida","Charlotte County",4,5,1298,633,665
050,12,015,"Florida","Charlotte County",4,6,1293,647,646
050,12,015,"Florida","Charlotte County",4,7,1332,659,673
050,12,015,"Florida","Charlotte County",4,8,1383,721,662
050,12,015,"Florida","Charlotte County",4,9,1369,692,677
050,12,015,"Florida","Charlotte County",4,10,1337,700,637
050,12,015,"Florida","Charlotte County",4,11,1328,701,627
050,12,015,"Florida","Charlotte County",4,12,1401,733,668
050,12,015,"Florida","Charlotte County",4,13,1473,776,697
050,12,015,"Florida","Charlotte County",4,14,1547,808,739
050,12,015,"Florida","Charlotte County",4,15,1570,813,757
050,12,015,"Florida","Charlotte County",4,16,1544,826,718
050,12,015,"Florida","Charlotte County",4,17,1520,785,735
050,12,015,"Florida","Charlotte County",4,18,1399,740,659
050,12,015,"Florida","Charlotte County",4,19,1192,639,553
050,12,015,"Florida","Charlotte County",4,20,1273,671,602
050,12,015,"Florida","Charlotte County",4,21,1373,749,624
050,12,015,"Florida","Charlotte County",4,22,1484,789,695
050,12,015,"Florida","Charlotte County",4,23,1500,799,701
050,12,015,"Florida","Charlotte County",4,24,1527,851,676
050,12,015,"Florida","Charlotte County",4,25,1560,834,726
050,12,015,"Florida","Charlotte County",4,26,1571,853,718
050,12,015,"Florida","Charlotte County",4,27,1481,820,661
050,12,015,"Florida","Charlotte County",4,28,1485,765,720
050,12,015,"Florida","Charlotte County",4,29,1588,811,777
050,12,015,"Florida","Charlotte County",4,30,1619,850,769
050,12,015,"Florida","Charlotte County",4,31,1638,863,775
050,12,015,"Florida","Charlotte County",4,32,1707,903,804
050,12,015,"Florida","Charlotte County",4,33,1684,911,773
050,12,015,"Florida","Charlotte County",4,34,1587,826,761
050,12,015,"Florida","Charlotte County",4,35,1615,833,782
050,12,015,"Florida","Charlotte County",4,36,1546,787,759
050,12,015,"Florida","Charlotte County",4,37,1591,784,807
050,12,015,"Florida","Charlotte County",4,38,1629,830,799
050,12,015,"Florida","Charlotte County",4,39,1679,872,807
050,12,015,"Florida","Charlotte County",4,40,1655,836,819
050,12,015,"Florida","Charlotte County",4,41,1611,825,786
050,12,015,"Florida","Charlotte County",4,42,1592,808,784
050,12,015,"Florida","Charlotte County",4,43,1616,808,808
050,12,015,"Florida","Charlotte County",4,44,1580,806,774
050,12,015,"Florida","Charlotte County",4,45,1612,812,800
050,12,015,"Florida","Charlotte County",4,46,1575,778,797
050,12,015,"Florida","Charlotte County",4,47,1616,791,825
050,12,015,"Florida","Charlotte County",4,48,1685,802,883
050,12,015,"Florida","Charlotte County",4,49,1784,852,932
050,12,015,"Florida","Charlotte County",4,50,2014,1008,1006
050,12,015,"Florida","Charlotte County",4,51,2327,1064,1263
050,12,015,"Florida","Charlotte County",4,52,2360,1071,1289
050,12,015,"Florida","Charlotte County",4,53,2327,1102,1225
050,12,015,"Florida","Charlotte County",4,54,2380,1116,1264
050,12,015,"Florida","Charlotte County",4,55,2581,1213,1368
050,12,015,"Florida","Charlotte County",4,56,2825,1307,1518
050,12,015,"Florida","Charlotte County",4,57,3123,1449,1674
050,12,015,"Florida","Charlotte County",4,58,3323,1525,1798
050,12,015,"Florida","Charlotte County",4,59,3403,1569,1834
050,12,015,"Florida","Charlotte County",4,60,3646,1688,1958
050,12,015,"Florida","Charlotte County",4,61,3906,1814,2092
050,12,015,"Florida","Charlotte County",4,62,3976,1875,2101
050,12,015,"Florida","Charlotte County",4,63,4192,1993,2199
050,12,015,"Florida","Charlotte County",4,64,4216,2008,2208
050,12,015,"Florida","Charlotte County",4,65,4435,2116,2319
050,12,015,"Florida","Charlotte County",4,66,4361,2053,2308
050,12,015,"Florida","Charlotte County",4,67,4455,2123,2332
050,12,015,"Florida","Charlotte County",4,68,4404,2077,2327
050,12,015,"Florida","Charlotte County",4,69,4452,2117,2335
050,12,015,"Florida","Charlotte County",4,70,4438,2119,2319
050,12,015,"Florida","Charlotte County",4,71,4342,2104,2238
050,12,015,"Florida","Charlotte County",4,72,4160,1991,2169
050,12,015,"Florida","Charlotte County",4,73,4250,2052,2198
050,12,015,"Florida","Charlotte County",4,74,4376,2138,2238
050,12,015,"Florida","Charlotte County",4,75,4649,2308,2341
050,12,015,"Florida","Charlotte County",4,76,3256,1610,1646
050,12,015,"Florida","Charlotte County",4,77,3094,1527,1567
050,12,015,"Florida","Charlotte County",4,78,3164,1561,1603
050,12,015,"Florida","Charlotte County",4,79,3311,1667,1644
050,12,015,"Florida","Charlotte County",4,80,2737,1350,1387
050,12,015,"Florida","Charlotte County",4,81,2392,1143,1249
050,12,015,"Florida","Charlotte County",4,82,2090,1022,1068
050,12,015,"Florida","Charlotte County",4,83,1960,989,971
050,12,015,"Florida","Charlotte County",4,84,1801,881,920
050,12,015,"Florida","Charlotte County",4,85,9859,4564,5295
050,12,015,"Florida","Charlotte County",5,0,1079,558,521
050,12,015,"Florida","Charlotte County",5,1,1101,574,527
050,12,015,"Florida","Charlotte County",5,2,1091,542,549
050,12,015,"Florida","Charlotte County",5,3,1120,598,522
050,12,015,"Florida","Charlotte County",5,4,1151,593,558
050,12,015,"Florida","Charlotte County",5,5,1255,640,615
050,12,015,"Florida","Charlotte County",5,6,1307,643,664
050,12,015,"Florida","Charlotte County",5,7,1328,663,665
050,12,015,"Florida","Charlotte County",5,8,1403,690,713
050,12,015,"Florida","Charlotte County",5,9,1416,748,668
050,12,015,"Florida","Charlotte County",5,10,1409,710,699
050,12,015,"Florida","Charlotte County",5,11,1377,728,649
050,12,015,"Florida","Charlotte County",5,12,1390,738,652
050,12,015,"Florida","Charlotte County",5,13,1447,747,700
050,12,015,"Florida","Charlotte County",5,14,1527,803,724
050,12,015,"Florida","Charlotte County",5,15,1589,826,763
050,12,015,"Florida","Charlotte County",5,16,1631,856,775
050,12,015,"Florida","Charlotte County",5,17,1609,859,750
050,12,015,"Florida","Charlotte County",5,18,1389,750,639
050,12,015,"Florida","Charlotte County",5,19,1220,665,555
050,12,015,"Florida","Charlotte County",5,20,1300,691,609
050,12,015,"Florida","Charlotte County",5,21,1378,719,659
050,12,015,"Florida","Charlotte County",5,22,1477,812,665
050,12,015,"Florida","Charlotte County",5,23,1558,847,711
050,12,015,"Florida","Charlotte County",5,24,1556,837,719
050,12,015,"Florida","Charlotte County",5,25,1528,839,689
050,12,015,"Florida","Charlotte County",5,26,1570,836,734
050,12,015,"Florida","Charlotte County",5,27,1576,838,738
050,12,015,"Florida","Charlotte County",5,28,1478,816,662
050,12,015,"Florida","Charlotte County",5,29,1530,795,735
050,12,015,"Florida","Charlotte County",5,30,1643,843,800
050,12,015,"Florida","Charlotte County",5,31,1707,870,837
050,12,015,"Florida","Charlotte County",5,32,1706,886,820
050,12,015,"Florida","Charlotte County",5,33,1759,951,808
050,12,015,"Florida","Charlotte County",5,34,1707,905,802
050,12,015,"Florida","Charlotte County",5,35,1672,886,786
050,12,015,"Florida","Charlotte County",5,36,1660,840,820
050,12,015,"Florida","Charlotte County",5,37,1604,830,774
050,12,015,"Florida","Charlotte County",5,38,1688,855,833
050,12,015,"Florida","Charlotte County",5,39,1721,877,844
050,12,015,"Florida","Charlotte County",5,40,1763,901,862
050,12,015,"Florida","Charlotte County",5,41,1709,874,835
050,12,015,"Florida","Charlotte County",5,42,1674,848,826
050,12,015,"Florida","Charlotte County",5,43,1730,860,870
050,12,015,"Florida","Charlotte County",5,44,1700,838,862
050,12,015,"Florida","Charlotte County",5,45,1602,805,797
050,12,015,"Florida","Charlotte County",5,46,1708,874,834
050,12,015,"Florida","Charlotte County",5,47,1669,820,849
050,12,015,"Florida","Charlotte County",5,48,1683,819,864
050,12,015,"Florida","Charlotte County",5,49,1784,859,925
050,12,015,"Florida","Charlotte County",5,50,1910,913,997
050,12,015,"Florida","Charlotte County",5,51,2068,1017,1051
050,12,015,"Florida","Charlotte County",5,52,2447,1132,1315
050,12,015,"Florida","Charlotte County",5,53,2487,1140,1347
050,12,015,"Florida","Charlotte County",5,54,2473,1141,1332
050,12,015,"Florida","Charlotte County",5,55,2568,1207,1361
050,12,015,"Florida","Charlotte County",5,56,2789,1305,1484
050,12,015,"Florida","Charlotte County",5,57,2999,1386,1613
050,12,015,"Florida","Charlotte County",5,58,3320,1554,1766
050,12,015,"Florida","Charlotte County",5,59,3493,1626,1867
050,12,015,"Florida","Charlotte County",5,60,3651,1702,1949
050,12,015,"Florida","Charlotte County",5,61,3865,1786,2079
050,12,015,"Florida","Charlotte County",5,62,4132,1925,2207
050,12,015,"Florida","Charlotte County",5,63,4250,2022,2228
050,12,015,"Florida","Charlotte County",5,64,4408,2087,2321
050,12,015,"Florida","Charlotte County",5,65,4437,2141,2296
050,12,015,"Florida","Charlotte County",5,66,4568,2187,2381
050,12,015,"Florida","Charlotte County",5,67,4483,2119,2364
050,12,015,"Florida","Charlotte County",5,68,4501,2150,2351
050,12,015,"Florida","Charlotte County",5,69,4429,2097,2332
050,12,015,"Florida","Charlotte County",5,70,4423,2087,2336
050,12,015,"Florida","Charlotte County",5,71,4442,2130,2312
050,12,015,"Florida","Charlotte County",5,72,4265,2066,2199
050,12,015,"Florida","Charlotte County",5,73,4098,1942,2156
050,12,015,"Florida","Charlotte County",5,74,4156,2001,2155
050,12,015,"Florida","Charlotte County",5,75,4306,2104,2202
050,12,015,"Florida","Charlotte County",5,76,4523,2282,2241
050,12,015,"Florida","Charlotte County",5,77,3146,1560,1586
050,12,015,"Florida","Charlotte County",5,78,2979,1443,1536
050,12,015,"Florida","Charlotte County",5,79,2965,1462,1503
050,12,015,"Florida","Charlotte County",5,80,3175,1602,1573
050,12,015,"Florida","Charlotte County",5,81,2606,1289,1317
050,12,015,"Florida","Charlotte County",5,82,2218,1067,1151
050,12,015,"Florida","Charlotte County",5,83,1951,945,1006
050,12,015,"Florida","Charlotte County",5,84,1836,915,921
050,12,015,"Florida","Charlotte County",5,85,10088,4734,5354
050,12,017,"Florida","Citrus County",1,0,1027,527,500
050,12,017,"Florida","Citrus County",1,1,1079,572,507
050,12,017,"Florida","Citrus County",1,2,1162,610,552
050,12,017,"Florida","Citrus County",1,3,1129,613,516
050,12,017,"Florida","Citrus County",1,4,1191,639,552
050,12,017,"Florida","Citrus County",1,5,1182,575,607
050,12,017,"Florida","Citrus County",1,6,1269,651,618
050,12,017,"Florida","Citrus County",1,7,1263,633,630
050,12,017,"Florida","Citrus County",1,8,1262,620,642
050,12,017,"Florida","Citrus County",1,9,1289,654,635
050,12,017,"Florida","Citrus County",1,10,1307,658,649
050,12,017,"Florida","Citrus County",1,11,1330,667,663
050,12,017,"Florida","Citrus County",1,12,1402,728,674
050,12,017,"Florida","Citrus County",1,13,1407,721,686
050,12,017,"Florida","Citrus County",1,14,1442,729,713
050,12,017,"Florida","Citrus County",1,15,1356,695,661
050,12,017,"Florida","Citrus County",1,16,1427,726,701
050,12,017,"Florida","Citrus County",1,17,1381,697,684
050,12,017,"Florida","Citrus County",1,18,1237,669,568
050,12,017,"Florida","Citrus County",1,19,978,542,436
050,12,017,"Florida","Citrus County",1,20,1041,567,474
050,12,017,"Florida","Citrus County",1,21,1055,555,500
050,12,017,"Florida","Citrus County",1,22,1115,599,516
050,12,017,"Florida","Citrus County",1,23,1193,602,591
050,12,017,"Florida","Citrus County",1,24,1207,639,568
050,12,017,"Florida","Citrus County",1,25,1251,671,580
050,12,017,"Florida","Citrus County",1,26,1297,678,619
050,12,017,"Florida","Citrus County",1,27,1342,710,632
050,12,017,"Florida","Citrus County",1,28,1395,724,671
050,12,017,"Florida","Citrus County",1,29,1447,729,718
050,12,017,"Florida","Citrus County",1,30,1377,718,659
050,12,017,"Florida","Citrus County",1,31,1352,699,653
050,12,017,"Florida","Citrus County",1,32,1288,666,622
050,12,017,"Florida","Citrus County",1,33,1285,662,623
050,12,017,"Florida","Citrus County",1,34,1291,646,645
050,12,017,"Florida","Citrus County",1,35,1299,649,650
050,12,017,"Florida","Citrus County",1,36,1270,646,624
050,12,017,"Florida","Citrus County",1,37,1251,611,640
050,12,017,"Florida","Citrus County",1,38,1202,597,605
050,12,017,"Florida","Citrus County",1,39,1212,582,630
050,12,017,"Florida","Citrus County",1,40,1258,608,650
050,12,017,"Florida","Citrus County",1,41,1256,607,649
050,12,017,"Florida","Citrus County",1,42,1263,625,638
050,12,017,"Florida","Citrus County",1,43,1194,596,598
050,12,017,"Florida","Citrus County",1,44,1212,608,604
050,12,017,"Florida","Citrus County",1,45,1281,632,649
050,12,017,"Florida","Citrus County",1,46,1320,650,670
050,12,017,"Florida","Citrus County",1,47,1502,731,771
050,12,017,"Florida","Citrus County",1,48,1561,742,819
050,12,017,"Florida","Citrus County",1,49,1726,766,960
050,12,017,"Florida","Citrus County",1,50,1704,793,911
050,12,017,"Florida","Citrus County",1,51,1725,823,902
050,12,017,"Florida","Citrus County",1,52,1685,790,895
050,12,017,"Florida","Citrus County",1,53,1805,856,949
050,12,017,"Florida","Citrus County",1,54,1978,924,1054
050,12,017,"Florida","Citrus County",1,55,2076,976,1100
050,12,017,"Florida","Citrus County",1,56,2243,1077,1166
050,12,017,"Florida","Citrus County",1,57,2341,1099,1242
050,12,017,"Florida","Citrus County",1,58,2425,1115,1310
050,12,017,"Florida","Citrus County",1,59,2430,1122,1308
050,12,017,"Florida","Citrus County",1,60,2468,1138,1330
050,12,017,"Florida","Citrus County",1,61,2664,1212,1452
050,12,017,"Florida","Citrus County",1,62,2776,1268,1508
050,12,017,"Florida","Citrus County",1,63,2867,1339,1528
050,12,017,"Florida","Citrus County",1,64,2906,1358,1548
050,12,017,"Florida","Citrus County",1,65,2912,1323,1589
050,12,017,"Florida","Citrus County",1,66,3002,1346,1656
050,12,017,"Florida","Citrus County",1,67,3058,1435,1623
050,12,017,"Florida","Citrus County",1,68,3084,1440,1644
050,12,017,"Florida","Citrus County",1,69,3036,1410,1626
050,12,017,"Florida","Citrus County",1,70,3060,1448,1612
050,12,017,"Florida","Citrus County",1,71,3165,1481,1684
050,12,017,"Florida","Citrus County",1,72,3306,1643,1663
050,12,017,"Florida","Citrus County",1,73,3360,1637,1723
050,12,017,"Florida","Citrus County",1,74,2457,1177,1280
050,12,017,"Florida","Citrus County",1,75,2495,1227,1268
050,12,017,"Florida","Citrus County",1,76,2568,1283,1285
050,12,017,"Florida","Citrus County",1,77,2618,1289,1329
050,12,017,"Florida","Citrus County",1,78,2179,1078,1101
050,12,017,"Florida","Citrus County",1,79,1935,971,964
050,12,017,"Florida","Citrus County",1,80,1804,918,886
050,12,017,"Florida","Citrus County",1,81,1721,875,846
050,12,017,"Florida","Citrus County",1,82,1548,777,771
050,12,017,"Florida","Citrus County",1,83,1289,621,668
050,12,017,"Florida","Citrus County",1,84,1142,564,578
050,12,017,"Florida","Citrus County",1,85,6154,2724,3430
050,12,017,"Florida","Citrus County",2,0,1037,527,510
050,12,017,"Florida","Citrus County",2,1,1076,568,508
050,12,017,"Florida","Citrus County",2,2,1151,605,546
050,12,017,"Florida","Citrus County",2,3,1148,620,528
050,12,017,"Florida","Citrus County",2,4,1186,635,551
050,12,017,"Florida","Citrus County",2,5,1201,603,598
050,12,017,"Florida","Citrus County",2,6,1273,644,629
050,12,017,"Florida","Citrus County",2,7,1280,644,636
050,12,017,"Florida","Citrus County",2,8,1272,628,644
050,12,017,"Florida","Citrus County",2,9,1291,648,643
050,12,017,"Florida","Citrus County",2,10,1312,660,652
050,12,017,"Florida","Citrus County",2,11,1333,669,664
050,12,017,"Florida","Citrus County",2,12,1400,718,682
050,12,017,"Florida","Citrus County",2,13,1413,728,685
050,12,017,"Florida","Citrus County",2,14,1441,732,709
050,12,017,"Florida","Citrus County",2,15,1387,709,678
050,12,017,"Florida","Citrus County",2,16,1420,723,697
050,12,017,"Florida","Citrus County",2,17,1401,709,692
050,12,017,"Florida","Citrus County",2,18,1219,652,567
050,12,017,"Florida","Citrus County",2,19,992,549,443
050,12,017,"Florida","Citrus County",2,20,1052,571,481
050,12,017,"Florida","Citrus County",2,21,1061,558,503
050,12,017,"Florida","Citrus County",2,22,1129,600,529
050,12,017,"Florida","Citrus County",2,23,1184,605,579
050,12,017,"Florida","Citrus County",2,24,1217,640,577
050,12,017,"Florida","Citrus County",2,25,1249,667,582
050,12,017,"Florida","Citrus County",2,26,1302,681,621
050,12,017,"Florida","Citrus County",2,27,1337,705,632
050,12,017,"Florida","Citrus County",2,28,1397,727,670
050,12,017,"Florida","Citrus County",2,29,1439,727,712
050,12,017,"Florida","Citrus County",2,30,1419,731,688
050,12,017,"Florida","Citrus County",2,31,1357,703,654
050,12,017,"Florida","Citrus County",2,32,1315,678,637
050,12,017,"Florida","Citrus County",2,33,1291,665,626
050,12,017,"Florida","Citrus County",2,34,1308,659,649
050,12,017,"Florida","Citrus County",2,35,1317,658,659
050,12,017,"Florida","Citrus County",2,36,1283,647,636
050,12,017,"Florida","Citrus County",2,37,1267,624,643
050,12,017,"Florida","Citrus County",2,38,1224,605,619
050,12,017,"Florida","Citrus County",2,39,1211,586,625
050,12,017,"Florida","Citrus County",2,40,1266,607,659
050,12,017,"Florida","Citrus County",2,41,1272,615,657
050,12,017,"Florida","Citrus County",2,42,1266,625,641
050,12,017,"Florida","Citrus County",2,43,1238,616,622
050,12,017,"Florida","Citrus County",2,44,1198,603,595
050,12,017,"Florida","Citrus County",2,45,1278,635,643
050,12,017,"Florida","Citrus County",2,46,1319,647,672
050,12,017,"Florida","Citrus County",2,47,1461,718,743
050,12,017,"Florida","Citrus County",2,48,1559,742,817
050,12,017,"Florida","Citrus County",2,49,1708,771,937
050,12,017,"Florida","Citrus County",2,50,1727,790,937
050,12,017,"Florida","Citrus County",2,51,1742,825,917
050,12,017,"Florida","Citrus County",2,52,1699,800,899
050,12,017,"Florida","Citrus County",2,53,1799,847,952
050,12,017,"Florida","Citrus County",2,54,1948,911,1037
050,12,017,"Florida","Citrus County",2,55,2079,974,1105
050,12,017,"Florida","Citrus County",2,56,2237,1070,1167
050,12,017,"Florida","Citrus County",2,57,2347,1101,1246
050,12,017,"Florida","Citrus County",2,58,2418,1112,1306
050,12,017,"Florida","Citrus County",2,59,2464,1135,1329
050,12,017,"Florida","Citrus County",2,60,2487,1143,1344
050,12,017,"Florida","Citrus County",2,61,2642,1204,1438
050,12,017,"Florida","Citrus County",2,62,2792,1280,1512
050,12,017,"Florida","Citrus County",2,63,2915,1358,1557
050,12,017,"Florida","Citrus County",2,64,2907,1357,1550
050,12,017,"Florida","Citrus County",2,65,2935,1346,1589
050,12,017,"Florida","Citrus County",2,66,3015,1356,1659
050,12,017,"Florida","Citrus County",2,67,3060,1418,1642
050,12,017,"Florida","Citrus County",2,68,3080,1444,1636
050,12,017,"Florida","Citrus County",2,69,3085,1437,1648
050,12,017,"Florida","Citrus County",2,70,3069,1446,1623
050,12,017,"Florida","Citrus County",2,71,3154,1485,1669
050,12,017,"Florida","Citrus County",2,72,3212,1579,1633
050,12,017,"Florida","Citrus County",2,73,3523,1727,1796
050,12,017,"Florida","Citrus County",2,74,2516,1211,1305
050,12,017,"Florida","Citrus County",2,75,2492,1215,1277
050,12,017,"Florida","Citrus County",2,76,2508,1242,1266
050,12,017,"Florida","Citrus County",2,77,2642,1305,1337
050,12,017,"Florida","Citrus County",2,78,2235,1108,1127
050,12,017,"Florida","Citrus County",2,79,1960,980,980
050,12,017,"Florida","Citrus County",2,80,1806,915,891
050,12,017,"Florida","Citrus County",2,81,1711,861,850
050,12,017,"Florida","Citrus County",2,82,1567,789,778
050,12,017,"Florida","Citrus County",2,83,1325,642,683
050,12,017,"Florida","Citrus County",2,84,1154,569,585
050,12,017,"Florida","Citrus County",2,85,6159,2736,3423
050,12,017,"Florida","Citrus County",3,0,1011,521,490
050,12,017,"Florida","Citrus County",3,1,1134,566,568
050,12,017,"Florida","Citrus County",3,2,1096,563,533
050,12,017,"Florida","Citrus County",3,3,1182,628,554
050,12,017,"Florida","Citrus County",3,4,1190,636,554
050,12,017,"Florida","Citrus County",3,5,1246,671,575
050,12,017,"Florida","Citrus County",3,6,1270,652,618
050,12,017,"Florida","Citrus County",3,7,1318,674,644
050,12,017,"Florida","Citrus County",3,8,1297,668,629
050,12,017,"Florida","Citrus County",3,9,1316,642,674
050,12,017,"Florida","Citrus County",3,10,1361,679,682
050,12,017,"Florida","Citrus County",3,11,1374,711,663
050,12,017,"Florida","Citrus County",3,12,1387,699,688
050,12,017,"Florida","Citrus County",3,13,1443,728,715
050,12,017,"Florida","Citrus County",3,14,1460,763,697
050,12,017,"Florida","Citrus County",3,15,1535,773,762
050,12,017,"Florida","Citrus County",3,16,1411,714,697
050,12,017,"Florida","Citrus County",3,17,1491,754,737
050,12,017,"Florida","Citrus County",3,18,1274,669,605
050,12,017,"Florida","Citrus County",3,19,1008,552,456
050,12,017,"Florida","Citrus County",3,20,1087,594,493
050,12,017,"Florida","Citrus County",3,21,1120,593,527
050,12,017,"Florida","Citrus County",3,22,1159,609,550
050,12,017,"Florida","Citrus County",3,23,1214,642,572
050,12,017,"Florida","Citrus County",3,24,1251,648,603
050,12,017,"Florida","Citrus County",3,25,1285,661,624
050,12,017,"Florida","Citrus County",3,26,1287,678,609
050,12,017,"Florida","Citrus County",3,27,1304,690,614
050,12,017,"Florida","Citrus County",3,28,1429,761,668
050,12,017,"Florida","Citrus County",3,29,1456,764,692
050,12,017,"Florida","Citrus County",3,30,1507,776,731
050,12,017,"Florida","Citrus County",3,31,1464,749,715
050,12,017,"Florida","Citrus County",3,32,1402,721,681
050,12,017,"Florida","Citrus County",3,33,1347,689,658
050,12,017,"Florida","Citrus County",3,34,1386,693,693
050,12,017,"Florida","Citrus County",3,35,1376,695,681
050,12,017,"Florida","Citrus County",3,36,1366,684,682
050,12,017,"Florida","Citrus County",3,37,1340,676,664
050,12,017,"Florida","Citrus County",3,38,1338,660,678
050,12,017,"Florida","Citrus County",3,39,1307,660,647
050,12,017,"Florida","Citrus County",3,40,1265,611,654
050,12,017,"Florida","Citrus County",3,41,1338,642,696
050,12,017,"Florida","Citrus County",3,42,1294,613,681
050,12,017,"Florida","Citrus County",3,43,1344,663,681
050,12,017,"Florida","Citrus County",3,44,1294,663,631
050,12,017,"Florida","Citrus County",3,45,1256,649,607
050,12,017,"Florida","Citrus County",3,46,1317,651,666
050,12,017,"Florida","Citrus County",3,47,1353,666,687
050,12,017,"Florida","Citrus County",3,48,1534,749,785
050,12,017,"Florida","Citrus County",3,49,1614,761,853
050,12,017,"Florida","Citrus County",3,50,1786,806,980
050,12,017,"Florida","Citrus County",3,51,1844,826,1018
050,12,017,"Florida","Citrus County",3,52,1793,840,953
050,12,017,"Florida","Citrus County",3,53,1782,826,956
050,12,017,"Florida","Citrus County",3,54,1869,869,1000
050,12,017,"Florida","Citrus County",3,55,2047,966,1081
050,12,017,"Florida","Citrus County",3,56,2204,1035,1169
050,12,017,"Florida","Citrus County",3,57,2339,1134,1205
050,12,017,"Florida","Citrus County",3,58,2455,1139,1316
050,12,017,"Florida","Citrus County",3,59,2575,1168,1407
050,12,017,"Florida","Citrus County",3,60,2607,1209,1398
050,12,017,"Florida","Citrus County",3,61,2629,1205,1424
050,12,017,"Florida","Citrus County",3,62,2864,1291,1573
050,12,017,"Florida","Citrus County",3,63,3019,1430,1589
050,12,017,"Florida","Citrus County",3,64,3044,1423,1621
050,12,017,"Florida","Citrus County",3,65,3036,1413,1623
050,12,017,"Florida","Citrus County",3,66,3095,1435,1660
050,12,017,"Florida","Citrus County",3,67,3116,1396,1720
050,12,017,"Florida","Citrus County",3,68,3107,1439,1668
050,12,017,"Florida","Citrus County",3,69,3150,1486,1664
050,12,017,"Florida","Citrus County",3,70,3106,1470,1636
050,12,017,"Florida","Citrus County",3,71,3062,1472,1590
050,12,017,"Florida","Citrus County",3,72,3168,1491,1677
050,12,017,"Florida","Citrus County",3,73,3172,1556,1616
050,12,017,"Florida","Citrus County",3,74,3477,1724,1753
050,12,017,"Florida","Citrus County",3,75,2449,1179,1270
050,12,017,"Florida","Citrus County",3,76,2440,1180,1260
050,12,017,"Florida","Citrus County",3,77,2396,1172,1224
050,12,017,"Florida","Citrus County",3,78,2538,1264,1274
050,12,017,"Florida","Citrus County",3,79,2122,1039,1083
050,12,017,"Florida","Citrus County",3,80,1853,936,917
050,12,017,"Florida","Citrus County",3,81,1710,847,863
050,12,017,"Florida","Citrus County",3,82,1590,792,798
050,12,017,"Florida","Citrus County",3,83,1435,722,713
050,12,017,"Florida","Citrus County",3,84,1219,600,619
050,12,017,"Florida","Citrus County",3,85,6231,2781,3450
050,12,017,"Florida","Citrus County",4,0,1011,520,491
050,12,017,"Florida","Citrus County",4,1,1087,570,517
050,12,017,"Florida","Citrus County",4,2,1173,590,583
050,12,017,"Florida","Citrus County",4,3,1149,590,559
050,12,017,"Florida","Citrus County",4,4,1254,659,595
050,12,017,"Florida","Citrus County",4,5,1238,650,588
050,12,017,"Florida","Citrus County",4,6,1302,709,593
050,12,017,"Florida","Citrus County",4,7,1333,686,647
050,12,017,"Florida","Citrus County",4,8,1356,702,654
050,12,017,"Florida","Citrus County",4,9,1325,680,645
050,12,017,"Florida","Citrus County",4,10,1384,675,709
050,12,017,"Florida","Citrus County",4,11,1416,717,699
050,12,017,"Florida","Citrus County",4,12,1432,739,693
050,12,017,"Florida","Citrus County",4,13,1457,749,708
050,12,017,"Florida","Citrus County",4,14,1521,764,757
050,12,017,"Florida","Citrus County",4,15,1498,785,713
050,12,017,"Florida","Citrus County",4,16,1594,813,781
050,12,017,"Florida","Citrus County",4,17,1470,742,728
050,12,017,"Florida","Citrus County",4,18,1305,687,618
050,12,017,"Florida","Citrus County",4,19,1041,559,482
050,12,017,"Florida","Citrus County",4,20,1078,580,498
050,12,017,"Florida","Citrus County",4,21,1146,614,532
050,12,017,"Florida","Citrus County",4,22,1223,642,581
050,12,017,"Florida","Citrus County",4,23,1243,646,597
050,12,017,"Florida","Citrus County",4,24,1288,693,595
050,12,017,"Florida","Citrus County",4,25,1292,687,605
050,12,017,"Florida","Citrus County",4,26,1304,667,637
050,12,017,"Florida","Citrus County",4,27,1299,688,611
050,12,017,"Florida","Citrus County",4,28,1365,719,646
050,12,017,"Florida","Citrus County",4,29,1464,746,718
050,12,017,"Florida","Citrus County",4,30,1524,799,725
050,12,017,"Florida","Citrus County",4,31,1566,784,782
050,12,017,"Florida","Citrus County",4,32,1551,773,778
050,12,017,"Florida","Citrus County",4,33,1469,743,726
050,12,017,"Florida","Citrus County",4,34,1420,720,700
050,12,017,"Florida","Citrus County",4,35,1431,724,707
050,12,017,"Florida","Citrus County",4,36,1465,739,726
050,12,017,"Florida","Citrus County",4,37,1429,708,721
050,12,017,"Florida","Citrus County",4,38,1397,715,682
050,12,017,"Florida","Citrus County",4,39,1397,703,694
050,12,017,"Florida","Citrus County",4,40,1396,695,701
050,12,017,"Florida","Citrus County",4,41,1362,679,683
050,12,017,"Florida","Citrus County",4,42,1398,673,725
050,12,017,"Florida","Citrus County",4,43,1367,650,717
050,12,017,"Florida","Citrus County",4,44,1399,687,712
050,12,017,"Florida","Citrus County",4,45,1389,728,661
050,12,017,"Florida","Citrus County",4,46,1341,705,636
050,12,017,"Florida","Citrus County",4,47,1393,691,702
050,12,017,"Florida","Citrus County",4,48,1434,688,746
050,12,017,"Florida","Citrus County",4,49,1595,785,810
050,12,017,"Florida","Citrus County",4,50,1749,817,932
050,12,017,"Florida","Citrus County",4,51,1908,868,1040
050,12,017,"Florida","Citrus County",4,52,1954,879,1075
050,12,017,"Florida","Citrus County",4,53,1938,907,1031
050,12,017,"Florida","Citrus County",4,54,1880,871,1009
050,12,017,"Florida","Citrus County",4,55,2005,919,1086
050,12,017,"Florida","Citrus County",4,56,2199,1026,1173
050,12,017,"Florida","Citrus County",4,57,2348,1130,1218
050,12,017,"Florida","Citrus County",4,58,2508,1195,1313
050,12,017,"Florida","Citrus County",4,59,2605,1200,1405
050,12,017,"Florida","Citrus County",4,60,2741,1256,1485
050,12,017,"Florida","Citrus County",4,61,2782,1270,1512
050,12,017,"Florida","Citrus County",4,62,2849,1296,1553
050,12,017,"Florida","Citrus County",4,63,3074,1409,1665
050,12,017,"Florida","Citrus County",4,64,3222,1516,1706
050,12,017,"Florida","Citrus County",4,65,3187,1502,1685
050,12,017,"Florida","Citrus County",4,66,3160,1488,1672
050,12,017,"Florida","Citrus County",4,67,3210,1508,1702
050,12,017,"Florida","Citrus County",4,68,3196,1422,1774
050,12,017,"Florida","Citrus County",4,69,3188,1465,1723
050,12,017,"Florida","Citrus County",4,70,3221,1523,1698
050,12,017,"Florida","Citrus County",4,71,3123,1486,1637
050,12,017,"Florida","Citrus County",4,72,3048,1472,1576
050,12,017,"Florida","Citrus County",4,73,3162,1493,1669
050,12,017,"Florida","Citrus County",4,74,3151,1549,1602
050,12,017,"Florida","Citrus County",4,75,3433,1698,1735
050,12,017,"Florida","Citrus County",4,76,2419,1160,1259
050,12,017,"Florida","Citrus County",4,77,2378,1135,1243
050,12,017,"Florida","Citrus County",4,78,2324,1142,1182
050,12,017,"Florida","Citrus County",4,79,2384,1171,1213
050,12,017,"Florida","Citrus County",4,80,1993,1000,993
050,12,017,"Florida","Citrus County",4,81,1730,852,878
050,12,017,"Florida","Citrus County",4,82,1570,776,794
050,12,017,"Florida","Citrus County",4,83,1428,700,728
050,12,017,"Florida","Citrus County",4,84,1340,667,673
050,12,017,"Florida","Citrus County",4,85,6330,2840,3490
050,12,017,"Florida","Citrus County",5,0,1034,528,506
050,12,017,"Florida","Citrus County",5,1,1111,574,537
050,12,017,"Florida","Citrus County",5,2,1139,585,554
050,12,017,"Florida","Citrus County",5,3,1199,599,600
050,12,017,"Florida","Citrus County",5,4,1189,611,578
050,12,017,"Florida","Citrus County",5,5,1304,691,613
050,12,017,"Florida","Citrus County",5,6,1290,676,614
050,12,017,"Florida","Citrus County",5,7,1342,720,622
050,12,017,"Florida","Citrus County",5,8,1389,705,684
050,12,017,"Florida","Citrus County",5,9,1375,700,675
050,12,017,"Florida","Citrus County",5,10,1360,699,661
050,12,017,"Florida","Citrus County",5,11,1438,715,723
050,12,017,"Florida","Citrus County",5,12,1510,768,742
050,12,017,"Florida","Citrus County",5,13,1489,756,733
050,12,017,"Florida","Citrus County",5,14,1509,759,750
050,12,017,"Florida","Citrus County",5,15,1541,789,752
050,12,017,"Florida","Citrus County",5,16,1581,822,759
050,12,017,"Florida","Citrus County",5,17,1661,849,812
050,12,017,"Florida","Citrus County",5,18,1319,706,613
050,12,017,"Florida","Citrus County",5,19,1078,587,491
050,12,017,"Florida","Citrus County",5,20,1121,590,531
050,12,017,"Florida","Citrus County",5,21,1167,618,549
050,12,017,"Florida","Citrus County",5,22,1239,661,578
050,12,017,"Florida","Citrus County",5,23,1326,689,637
050,12,017,"Florida","Citrus County",5,24,1287,681,606
050,12,017,"Florida","Citrus County",5,25,1322,703,619
050,12,017,"Florida","Citrus County",5,26,1339,697,642
050,12,017,"Florida","Citrus County",5,27,1374,704,670
050,12,017,"Florida","Citrus County",5,28,1333,705,628
050,12,017,"Florida","Citrus County",5,29,1408,733,675
050,12,017,"Florida","Citrus County",5,30,1542,814,728
050,12,017,"Florida","Citrus County",5,31,1577,815,762
050,12,017,"Florida","Citrus County",5,32,1672,820,852
050,12,017,"Florida","Citrus County",5,33,1575,781,794
050,12,017,"Florida","Citrus County",5,34,1526,788,738
050,12,017,"Florida","Citrus County",5,35,1491,740,751
050,12,017,"Florida","Citrus County",5,36,1516,770,746
050,12,017,"Florida","Citrus County",5,37,1505,751,754
050,12,017,"Florida","Citrus County",5,38,1498,744,754
050,12,017,"Florida","Citrus County",5,39,1477,748,729
050,12,017,"Florida","Citrus County",5,40,1480,736,744
050,12,017,"Florida","Citrus County",5,41,1474,739,735
050,12,017,"Florida","Citrus County",5,42,1423,701,722
050,12,017,"Florida","Citrus County",5,43,1472,688,784
050,12,017,"Florida","Citrus County",5,44,1412,681,731
050,12,017,"Florida","Citrus County",5,45,1468,724,744
050,12,017,"Florida","Citrus County",5,46,1464,748,716
050,12,017,"Florida","Citrus County",5,47,1419,735,684
050,12,017,"Florida","Citrus County",5,48,1479,745,734
050,12,017,"Florida","Citrus County",5,49,1505,737,768
050,12,017,"Florida","Citrus County",5,50,1694,821,873
050,12,017,"Florida","Citrus County",5,51,1870,869,1001
050,12,017,"Florida","Citrus County",5,52,1942,865,1077
050,12,017,"Florida","Citrus County",5,53,2046,919,1127
050,12,017,"Florida","Citrus County",5,54,2055,943,1112
050,12,017,"Florida","Citrus County",5,55,1962,916,1046
050,12,017,"Florida","Citrus County",5,56,2156,1004,1152
050,12,017,"Florida","Citrus County",5,57,2341,1104,1237
050,12,017,"Florida","Citrus County",5,58,2519,1198,1321
050,12,017,"Florida","Citrus County",5,59,2623,1247,1376
050,12,017,"Florida","Citrus County",5,60,2770,1266,1504
050,12,017,"Florida","Citrus County",5,61,2892,1321,1571
050,12,017,"Florida","Citrus County",5,62,2968,1356,1612
050,12,017,"Florida","Citrus County",5,63,3064,1393,1671
050,12,017,"Florida","Citrus County",5,64,3236,1487,1749
050,12,017,"Florida","Citrus County",5,65,3361,1582,1779
050,12,017,"Florida","Citrus County",5,66,3299,1558,1741
050,12,017,"Florida","Citrus County",5,67,3287,1546,1741
050,12,017,"Florida","Citrus County",5,68,3272,1542,1730
050,12,017,"Florida","Citrus County",5,69,3239,1453,1786
050,12,017,"Florida","Citrus County",5,70,3243,1500,1743
050,12,017,"Florida","Citrus County",5,71,3218,1532,1686
050,12,017,"Florida","Citrus County",5,72,3081,1466,1615
050,12,017,"Florida","Citrus County",5,73,3037,1457,1580
050,12,017,"Florida","Citrus County",5,74,3142,1485,1657
050,12,017,"Florida","Citrus County",5,75,3106,1531,1575
050,12,017,"Florida","Citrus County",5,76,3355,1644,1711
050,12,017,"Florida","Citrus County",5,77,2349,1125,1224
050,12,017,"Florida","Citrus County",5,78,2300,1114,1186
050,12,017,"Florida","Citrus County",5,79,2227,1082,1145
050,12,017,"Florida","Citrus County",5,80,2288,1138,1150
050,12,017,"Florida","Citrus County",5,81,1893,930,963
050,12,017,"Florida","Citrus County",5,82,1607,793,814
050,12,017,"Florida","Citrus County",5,83,1457,710,747
050,12,017,"Florida","Citrus County",5,84,1345,655,690
050,12,017,"Florida","Citrus County",5,85,6703,3072,3631
050,12,019,"Florida","Clay County",1,0,2123,1093,1030
050,12,019,"Florida","Clay County",1,1,2265,1184,1081
050,12,019,"Florida","Clay County",1,2,2319,1147,1172
050,12,019,"Florida","Clay County",1,3,2385,1217,1168
050,12,019,"Florida","Clay County",1,4,2587,1310,1277
050,12,019,"Florida","Clay County",1,5,2649,1359,1290
050,12,019,"Florida","Clay County",1,6,2699,1375,1324
050,12,019,"Florida","Clay County",1,7,2744,1429,1315
050,12,019,"Florida","Clay County",1,8,2806,1495,1311
050,12,019,"Florida","Clay County",1,9,2798,1446,1352
050,12,019,"Florida","Clay County",1,10,2963,1520,1443
050,12,019,"Florida","Clay County",1,11,3018,1552,1466
050,12,019,"Florida","Clay County",1,12,3164,1665,1499
050,12,019,"Florida","Clay County",1,13,3250,1645,1605
050,12,019,"Florida","Clay County",1,14,3257,1667,1590
050,12,019,"Florida","Clay County",1,15,3181,1630,1551
050,12,019,"Florida","Clay County",1,16,3211,1636,1575
050,12,019,"Florida","Clay County",1,17,3099,1637,1462
050,12,019,"Florida","Clay County",1,18,2675,1414,1261
050,12,019,"Florida","Clay County",1,19,2249,1219,1030
050,12,019,"Florida","Clay County",1,20,2296,1205,1091
050,12,019,"Florida","Clay County",1,21,2341,1203,1138
050,12,019,"Florida","Clay County",1,22,2358,1174,1184
050,12,019,"Florida","Clay County",1,23,2413,1244,1169
050,12,019,"Florida","Clay County",1,24,2324,1165,1159
050,12,019,"Florida","Clay County",1,25,2376,1189,1187
050,12,019,"Florida","Clay County",1,26,2408,1211,1197
050,12,019,"Florida","Clay County",1,27,2506,1281,1225
050,12,019,"Florida","Clay County",1,28,2629,1361,1268
050,12,019,"Florida","Clay County",1,29,2759,1419,1340
050,12,019,"Florida","Clay County",1,30,2795,1374,1421
050,12,019,"Florida","Clay County",1,31,2774,1380,1394
050,12,019,"Florida","Clay County",1,32,2817,1419,1398
050,12,019,"Florida","Clay County",1,33,2784,1375,1409
050,12,019,"Florida","Clay County",1,34,2843,1430,1413
050,12,019,"Florida","Clay County",1,35,2877,1413,1464
050,12,019,"Florida","Clay County",1,36,2879,1398,1481
050,12,019,"Florida","Clay County",1,37,3022,1482,1540
050,12,019,"Florida","Clay County",1,38,3028,1468,1560
050,12,019,"Florida","Clay County",1,39,3033,1476,1557
050,12,019,"Florida","Clay County",1,40,2804,1382,1422
050,12,019,"Florida","Clay County",1,41,2814,1367,1447
050,12,019,"Florida","Clay County",1,42,2872,1379,1493
050,12,019,"Florida","Clay County",1,43,2717,1291,1426
050,12,019,"Florida","Clay County",1,44,2702,1307,1395
050,12,019,"Florida","Clay County",1,45,2767,1369,1398
050,12,019,"Florida","Clay County",1,46,2718,1316,1402
050,12,019,"Florida","Clay County",1,47,2870,1381,1489
050,12,019,"Florida","Clay County",1,48,2921,1408,1513
050,12,019,"Florida","Clay County",1,49,3081,1479,1602
050,12,019,"Florida","Clay County",1,50,3045,1508,1537
050,12,019,"Florida","Clay County",1,51,2887,1452,1435
050,12,019,"Florida","Clay County",1,52,2853,1435,1418
050,12,019,"Florida","Clay County",1,53,2876,1485,1391
050,12,019,"Florida","Clay County",1,54,2976,1457,1519
050,12,019,"Florida","Clay County",1,55,3180,1537,1643
050,12,019,"Florida","Clay County",1,56,3274,1650,1624
050,12,019,"Florida","Clay County",1,57,3202,1656,1546
050,12,019,"Florida","Clay County",1,58,3220,1626,1594
050,12,019,"Florida","Clay County",1,59,3174,1576,1598
050,12,019,"Florida","Clay County",1,60,3039,1509,1530
050,12,019,"Florida","Clay County",1,61,3037,1486,1551
050,12,019,"Florida","Clay County",1,62,2955,1426,1529
050,12,019,"Florida","Clay County",1,63,2877,1396,1481
050,12,019,"Florida","Clay County",1,64,2809,1383,1426
050,12,019,"Florida","Clay County",1,65,2724,1277,1447
050,12,019,"Florida","Clay County",1,66,2582,1192,1390
050,12,019,"Florida","Clay County",1,67,2521,1195,1326
050,12,019,"Florida","Clay County",1,68,2403,1171,1232
050,12,019,"Florida","Clay County",1,69,2241,1083,1158
050,12,019,"Florida","Clay County",1,70,2207,1071,1136
050,12,019,"Florida","Clay County",1,71,2067,968,1099
050,12,019,"Florida","Clay County",1,72,2106,1006,1100
050,12,019,"Florida","Clay County",1,73,2123,1021,1102
050,12,019,"Florida","Clay County",1,74,1482,721,761
050,12,019,"Florida","Clay County",1,75,1436,710,726
050,12,019,"Florida","Clay County",1,76,1418,659,759
050,12,019,"Florida","Clay County",1,77,1325,602,723
050,12,019,"Florida","Clay County",1,78,1158,524,634
050,12,019,"Florida","Clay County",1,79,1000,431,569
050,12,019,"Florida","Clay County",1,80,905,396,509
050,12,019,"Florida","Clay County",1,81,833,362,471
050,12,019,"Florida","Clay County",1,82,745,319,426
050,12,019,"Florida","Clay County",1,83,684,291,393
050,12,019,"Florida","Clay County",1,84,597,256,341
050,12,019,"Florida","Clay County",1,85,3317,1213,2104
050,12,019,"Florida","Clay County",2,0,2133,1096,1037
050,12,019,"Florida","Clay County",2,1,2261,1171,1090
050,12,019,"Florida","Clay County",2,2,2336,1169,1167
050,12,019,"Florida","Clay County",2,3,2391,1214,1177
050,12,019,"Florida","Clay County",2,4,2568,1303,1265
050,12,019,"Florida","Clay County",2,5,2661,1361,1300
050,12,019,"Florida","Clay County",2,6,2711,1387,1324
050,12,019,"Florida","Clay County",2,7,2752,1427,1325
050,12,019,"Florida","Clay County",2,8,2799,1482,1317
050,12,019,"Florida","Clay County",2,9,2818,1468,1350
050,12,019,"Florida","Clay County",2,10,2937,1507,1430
050,12,019,"Florida","Clay County",2,11,3015,1552,1463
050,12,019,"Florida","Clay County",2,12,3172,1658,1514
050,12,019,"Florida","Clay County",2,13,3250,1661,1589
050,12,019,"Florida","Clay County",2,14,3263,1664,1599
050,12,019,"Florida","Clay County",2,15,3211,1642,1569
050,12,019,"Florida","Clay County",2,16,3219,1644,1575
050,12,019,"Florida","Clay County",2,17,3116,1631,1485
050,12,019,"Florida","Clay County",2,18,2646,1410,1236
050,12,019,"Florida","Clay County",2,19,2248,1214,1034
050,12,019,"Florida","Clay County",2,20,2334,1228,1106
050,12,019,"Florida","Clay County",2,21,2340,1203,1137
050,12,019,"Florida","Clay County",2,22,2379,1191,1188
050,12,019,"Florida","Clay County",2,23,2410,1230,1180
050,12,019,"Florida","Clay County",2,24,2346,1185,1161
050,12,019,"Florida","Clay County",2,25,2370,1183,1187
050,12,019,"Florida","Clay County",2,26,2412,1211,1201
050,12,019,"Florida","Clay County",2,27,2486,1272,1214
050,12,019,"Florida","Clay County",2,28,2610,1349,1261
050,12,019,"Florida","Clay County",2,29,2744,1407,1337
050,12,019,"Florida","Clay County",2,30,2821,1397,1424
050,12,019,"Florida","Clay County",2,31,2796,1393,1403
050,12,019,"Florida","Clay County",2,32,2814,1407,1407
050,12,019,"Florida","Clay County",2,33,2797,1385,1412
050,12,019,"Florida","Clay County",2,34,2858,1428,1430
050,12,019,"Florida","Clay County",2,35,2899,1430,1469
050,12,019,"Florida","Clay County",2,36,2877,1396,1481
050,12,019,"Florida","Clay County",2,37,3005,1467,1538
050,12,019,"Florida","Clay County",2,38,3056,1488,1568
050,12,019,"Florida","Clay County",2,39,3040,1480,1560
050,12,019,"Florida","Clay County",2,40,2893,1419,1474
050,12,019,"Florida","Clay County",2,41,2828,1374,1454
050,12,019,"Florida","Clay County",2,42,2843,1368,1475
050,12,019,"Florida","Clay County",2,43,2777,1322,1455
050,12,019,"Florida","Clay County",2,44,2693,1301,1392
050,12,019,"Florida","Clay County",2,45,2785,1370,1415
050,12,019,"Florida","Clay County",2,46,2723,1325,1398
050,12,019,"Florida","Clay County",2,47,2829,1367,1462
050,12,019,"Florida","Clay County",2,48,2907,1400,1507
050,12,019,"Florida","Clay County",2,49,3066,1476,1590
050,12,019,"Florida","Clay County",2,50,3061,1506,1555
050,12,019,"Florida","Clay County",2,51,2912,1455,1457
050,12,019,"Florida","Clay County",2,52,2853,1435,1418
050,12,019,"Florida","Clay County",2,53,2867,1471,1396
050,12,019,"Florida","Clay County",2,54,2953,1464,1489
050,12,019,"Florida","Clay County",2,55,3134,1517,1617
050,12,019,"Florida","Clay County",2,56,3265,1632,1633
050,12,019,"Florida","Clay County",2,57,3219,1651,1568
050,12,019,"Florida","Clay County",2,58,3218,1631,1587
050,12,019,"Florida","Clay County",2,59,3196,1597,1599
050,12,019,"Florida","Clay County",2,60,3065,1518,1547
050,12,019,"Florida","Clay County",2,61,3037,1489,1548
050,12,019,"Florida","Clay County",2,62,2968,1436,1532
050,12,019,"Florida","Clay County",2,63,2919,1418,1501
050,12,019,"Florida","Clay County",2,64,2795,1370,1425
050,12,019,"Florida","Clay County",2,65,2750,1305,1445
050,12,019,"Florida","Clay County",2,66,2618,1210,1408
050,12,019,"Florida","Clay County",2,67,2527,1191,1336
050,12,019,"Florida","Clay County",2,68,2399,1162,1237
050,12,019,"Florida","Clay County",2,69,2297,1114,1183
050,12,019,"Florida","Clay County",2,70,2199,1072,1127
050,12,019,"Florida","Clay County",2,71,2095,977,1118
050,12,019,"Florida","Clay County",2,72,2048,973,1075
050,12,019,"Florida","Clay County",2,73,2209,1059,1150
050,12,019,"Florida","Clay County",2,74,1540,746,794
050,12,019,"Florida","Clay County",2,75,1444,708,736
050,12,019,"Florida","Clay County",2,76,1408,660,748
050,12,019,"Florida","Clay County",2,77,1363,623,740
050,12,019,"Florida","Clay County",2,78,1174,535,639
050,12,019,"Florida","Clay County",2,79,1025,444,581
050,12,019,"Florida","Clay County",2,80,910,397,513
050,12,019,"Florida","Clay County",2,81,841,362,479
050,12,019,"Florida","Clay County",2,82,761,324,437
050,12,019,"Florida","Clay County",2,83,688,297,391
050,12,019,"Florida","Clay County",2,84,601,253,348
050,12,019,"Florida","Clay County",2,85,3347,1224,2123
050,12,019,"Florida","Clay County",3,0,2093,1053,1040
050,12,019,"Florida","Clay County",3,1,2181,1114,1067
050,12,019,"Florida","Clay County",3,2,2396,1209,1187
050,12,019,"Florida","Clay County",3,3,2439,1227,1212
050,12,019,"Florida","Clay County",3,4,2504,1309,1195
050,12,019,"Florida","Clay County",3,5,2648,1303,1345
050,12,019,"Florida","Clay County",3,6,2807,1439,1368
050,12,019,"Florida","Clay County",3,7,2864,1459,1405
050,12,019,"Florida","Clay County",3,8,2837,1458,1379
050,12,019,"Florida","Clay County",3,9,2886,1518,1368
050,12,019,"Florida","Clay County",3,10,2880,1494,1386
050,12,019,"Florida","Clay County",3,11,3024,1549,1475
050,12,019,"Florida","Clay County",3,12,3111,1610,1501
050,12,019,"Florida","Clay County",3,13,3263,1713,1550
050,12,019,"Florida","Clay County",3,14,3340,1709,1631
050,12,019,"Florida","Clay County",3,15,3325,1697,1628
050,12,019,"Florida","Clay County",3,16,3279,1673,1606
050,12,019,"Florida","Clay County",3,17,3229,1624,1605
050,12,019,"Florida","Clay County",3,18,2706,1438,1268
050,12,019,"Florida","Clay County",3,19,2196,1182,1014
050,12,019,"Florida","Clay County",3,20,2389,1264,1125
050,12,019,"Florida","Clay County",3,21,2412,1265,1147
050,12,019,"Florida","Clay County",3,22,2492,1270,1222
050,12,019,"Florida","Clay County",3,23,2452,1239,1213
050,12,019,"Florida","Clay County",3,24,2451,1268,1183
050,12,019,"Florida","Clay County",3,25,2461,1260,1201
050,12,019,"Florida","Clay County",3,26,2404,1229,1175
050,12,019,"Florida","Clay County",3,27,2488,1271,1217
050,12,019,"Florida","Clay County",3,28,2576,1322,1254
050,12,019,"Florida","Clay County",3,29,2647,1337,1310
050,12,019,"Florida","Clay County",3,30,2816,1440,1376
050,12,019,"Florida","Clay County",3,31,2878,1434,1444
050,12,019,"Florida","Clay County",3,32,2873,1416,1457
050,12,019,"Florida","Clay County",3,33,2920,1425,1495
050,12,019,"Florida","Clay County",3,34,2939,1446,1493
050,12,019,"Florida","Clay County",3,35,2999,1475,1524
050,12,019,"Florida","Clay County",3,36,3055,1512,1543
050,12,019,"Florida","Clay County",3,37,2962,1439,1523
050,12,019,"Florida","Clay County",3,38,3135,1536,1599
050,12,019,"Florida","Clay County",3,39,3159,1549,1610
050,12,019,"Florida","Clay County",3,40,3103,1511,1592
050,12,019,"Florida","Clay County",3,41,2985,1475,1510
050,12,019,"Florida","Clay County",3,42,2859,1405,1454
050,12,019,"Florida","Clay County",3,43,2874,1401,1473
050,12,019,"Florida","Clay County",3,44,2821,1352,1469
050,12,019,"Florida","Clay County",3,45,2748,1301,1447
050,12,019,"Florida","Clay County",3,46,2767,1353,1414
050,12,019,"Florida","Clay County",3,47,2765,1358,1407
050,12,019,"Florida","Clay County",3,48,2865,1392,1473
050,12,019,"Florida","Clay County",3,49,2958,1422,1536
050,12,019,"Florida","Clay County",3,50,3104,1510,1594
050,12,019,"Florida","Clay County",3,51,3126,1502,1624
050,12,019,"Florida","Clay County",3,52,2917,1460,1457
050,12,019,"Florida","Clay County",3,53,2852,1426,1426
050,12,019,"Florida","Clay County",3,54,2876,1457,1419
050,12,019,"Florida","Clay County",3,55,2928,1433,1495
050,12,019,"Florida","Clay County",3,56,3150,1537,1613
050,12,019,"Florida","Clay County",3,57,3268,1638,1630
050,12,019,"Florida","Clay County",3,58,3246,1663,1583
050,12,019,"Florida","Clay County",3,59,3253,1630,1623
050,12,019,"Florida","Clay County",3,60,3184,1594,1590
050,12,019,"Florida","Clay County",3,61,3077,1537,1540
050,12,019,"Florida","Clay County",3,62,3072,1488,1584
050,12,019,"Florida","Clay County",3,63,2939,1439,1500
050,12,019,"Florida","Clay County",3,64,2931,1422,1509
050,12,019,"Florida","Clay County",3,65,2781,1360,1421
050,12,019,"Florida","Clay County",3,66,2724,1291,1433
050,12,019,"Florida","Clay County",3,67,2579,1192,1387
050,12,019,"Florida","Clay County",3,68,2456,1133,1323
050,12,019,"Florida","Clay County",3,69,2384,1152,1232
050,12,019,"Florida","Clay County",3,70,2267,1109,1158
050,12,019,"Florida","Clay County",3,71,2153,1035,1118
050,12,019,"Florida","Clay County",3,72,2014,945,1069
050,12,019,"Florida","Clay County",3,73,2005,941,1064
050,12,019,"Florida","Clay County",3,74,2121,1022,1099
050,12,019,"Florida","Clay County",3,75,1488,704,784
050,12,019,"Florida","Clay County",3,76,1392,669,723
050,12,019,"Florida","Clay County",3,77,1335,602,733
050,12,019,"Florida","Clay County",3,78,1300,607,693
050,12,019,"Florida","Clay County",3,79,1122,496,626
050,12,019,"Florida","Clay County",3,80,947,406,541
050,12,019,"Florida","Clay County",3,81,858,359,499
050,12,019,"Florida","Clay County",3,82,790,331,459
050,12,019,"Florida","Clay County",3,83,715,311,404
050,12,019,"Florida","Clay County",3,84,611,254,357
050,12,019,"Florida","Clay County",3,85,3422,1239,2183
050,12,019,"Florida","Clay County",4,0,2234,1136,1098
050,12,019,"Florida","Clay County",4,1,2268,1116,1152
050,12,019,"Florida","Clay County",4,2,2298,1197,1101
050,12,019,"Florida","Clay County",4,3,2475,1250,1225
050,12,019,"Florida","Clay County",4,4,2522,1289,1233
050,12,019,"Florida","Clay County",4,5,2612,1346,1266
050,12,019,"Florida","Clay County",4,6,2794,1388,1406
050,12,019,"Florida","Clay County",4,7,2906,1513,1393
050,12,019,"Florida","Clay County",4,8,2928,1528,1400
050,12,019,"Florida","Clay County",4,9,2923,1492,1431
050,12,019,"Florida","Clay County",4,10,3006,1570,1436
050,12,019,"Florida","Clay County",4,11,2975,1545,1430
050,12,019,"Florida","Clay County",4,12,3074,1604,1470
050,12,019,"Florida","Clay County",4,13,3227,1648,1579
050,12,019,"Florida","Clay County",4,14,3347,1767,1580
050,12,019,"Florida","Clay County",4,15,3420,1735,1685
050,12,019,"Florida","Clay County",4,16,3383,1741,1642
050,12,019,"Florida","Clay County",4,17,3297,1672,1625
050,12,019,"Florida","Clay County",4,18,2772,1437,1335
050,12,019,"Florida","Clay County",4,19,2187,1193,994
050,12,019,"Florida","Clay County",4,20,2238,1180,1058
050,12,019,"Florida","Clay County",4,21,2510,1319,1191
050,12,019,"Florida","Clay County",4,22,2480,1275,1205
050,12,019,"Florida","Clay County",4,23,2527,1303,1224
050,12,019,"Florida","Clay County",4,24,2480,1261,1219
050,12,019,"Florida","Clay County",4,25,2521,1296,1225
050,12,019,"Florida","Clay County",4,26,2522,1278,1244
050,12,019,"Florida","Clay County",4,27,2533,1297,1236
050,12,019,"Florida","Clay County",4,28,2515,1274,1241
050,12,019,"Florida","Clay County",4,29,2641,1306,1335
050,12,019,"Florida","Clay County",4,30,2726,1377,1349
050,12,019,"Florida","Clay County",4,31,2952,1522,1430
050,12,019,"Florida","Clay County",4,32,2983,1475,1508
050,12,019,"Florida","Clay County",4,33,2938,1452,1486
050,12,019,"Florida","Clay County",4,34,2973,1454,1519
050,12,019,"Florida","Clay County",4,35,3029,1464,1565
050,12,019,"Florida","Clay County",4,36,3132,1540,1592
050,12,019,"Florida","Clay County",4,37,3097,1521,1576
050,12,019,"Florida","Clay County",4,38,3072,1489,1583
050,12,019,"Florida","Clay County",4,39,3229,1569,1660
050,12,019,"Florida","Clay County",4,40,3185,1579,1606
050,12,019,"Florida","Clay County",4,41,3192,1564,1628
050,12,019,"Florida","Clay County",4,42,3050,1515,1535
050,12,019,"Florida","Clay County",4,43,2941,1432,1509
050,12,019,"Florida","Clay County",4,44,2930,1422,1508
050,12,019,"Florida","Clay County",4,45,2863,1376,1487
050,12,019,"Florida","Clay County",4,46,2770,1345,1425
050,12,019,"Florida","Clay County",4,47,2820,1384,1436
050,12,019,"Florida","Clay County",4,48,2803,1387,1416
050,12,019,"Florida","Clay County",4,49,2904,1403,1501
050,12,019,"Florida","Clay County",4,50,3015,1471,1544
050,12,019,"Florida","Clay County",4,51,3161,1551,1610
050,12,019,"Florida","Clay County",4,52,3184,1539,1645
050,12,019,"Florida","Clay County",4,53,2943,1454,1489
050,12,019,"Florida","Clay County",4,54,2914,1465,1449
050,12,019,"Florida","Clay County",4,55,2933,1489,1444
050,12,019,"Florida","Clay County",4,56,2960,1458,1502
050,12,019,"Florida","Clay County",4,57,3130,1535,1595
050,12,019,"Florida","Clay County",4,58,3292,1636,1656
050,12,019,"Florida","Clay County",4,59,3287,1665,1622
050,12,019,"Florida","Clay County",4,60,3331,1654,1677
050,12,019,"Florida","Clay County",4,61,3206,1617,1589
050,12,019,"Florida","Clay County",4,62,3101,1523,1578
050,12,019,"Florida","Clay County",4,63,3111,1524,1587
050,12,019,"Florida","Clay County",4,64,2936,1452,1484
050,12,019,"Florida","Clay County",4,65,2958,1421,1537
050,12,019,"Florida","Clay County",4,66,2744,1357,1387
050,12,019,"Florida","Clay County",4,67,2730,1304,1426
050,12,019,"Florida","Clay County",4,68,2525,1152,1373
050,12,019,"Florida","Clay County",4,69,2431,1124,1307
050,12,019,"Florida","Clay County",4,70,2359,1143,1216
050,12,019,"Florida","Clay County",4,71,2210,1058,1152
050,12,019,"Florida","Clay County",4,72,2059,988,1071
050,12,019,"Florida","Clay County",4,73,2000,919,1081
050,12,019,"Florida","Clay County",4,74,1962,915,1047
050,12,019,"Florida","Clay County",4,75,2049,981,1068
050,12,019,"Florida","Clay County",4,76,1444,684,760
050,12,019,"Florida","Clay County",4,77,1331,622,709
050,12,019,"Florida","Clay County",4,78,1290,579,711
050,12,019,"Florida","Clay County",4,79,1241,553,688
050,12,019,"Florida","Clay County",4,80,1023,448,575
050,12,019,"Florida","Clay County",4,81,910,373,537
050,12,019,"Florida","Clay County",4,82,814,328,486
050,12,019,"Florida","Clay County",4,83,734,318,416
050,12,019,"Florida","Clay County",4,84,627,266,361
050,12,019,"Florida","Clay County",4,85,3485,1267,2218
050,12,019,"Florida","Clay County",5,0,2262,1152,1110
050,12,019,"Florida","Clay County",5,1,2379,1196,1183
050,12,019,"Florida","Clay County",5,2,2411,1183,1228
050,12,019,"Florida","Clay County",5,3,2399,1247,1152
050,12,019,"Florida","Clay County",5,4,2604,1348,1256
050,12,019,"Florida","Clay County",5,5,2729,1414,1315
050,12,019,"Florida","Clay County",5,6,2734,1396,1338
050,12,019,"Florida","Clay County",5,7,2914,1468,1446
050,12,019,"Florida","Clay County",5,8,3081,1568,1513
050,12,019,"Florida","Clay County",5,9,3097,1613,1484
050,12,019,"Florida","Clay County",5,10,3013,1541,1472
050,12,019,"Florida","Clay County",5,11,3106,1628,1478
050,12,019,"Florida","Clay County",5,12,3091,1628,1463
050,12,019,"Florida","Clay County",5,13,3183,1667,1516
050,12,019,"Florida","Clay County",5,14,3343,1705,1638
050,12,019,"Florida","Clay County",5,15,3402,1763,1639
050,12,019,"Florida","Clay County",5,16,3534,1806,1728
050,12,019,"Florida","Clay County",5,17,3407,1731,1676
050,12,019,"Florida","Clay County",5,18,2871,1508,1363
050,12,019,"Florida","Clay County",5,19,2296,1210,1086
050,12,019,"Florida","Clay County",5,20,2376,1278,1098
050,12,019,"Florida","Clay County",5,21,2374,1226,1148
050,12,019,"Florida","Clay County",5,22,2603,1341,1262
050,12,019,"Florida","Clay County",5,23,2628,1332,1296
050,12,019,"Florida","Clay County",5,24,2579,1343,1236
050,12,019,"Florida","Clay County",5,25,2482,1274,1208
050,12,019,"Florida","Clay County",5,26,2559,1287,1272
050,12,019,"Florida","Clay County",5,27,2717,1357,1360
050,12,019,"Florida","Clay County",5,28,2590,1322,1268
050,12,019,"Florida","Clay County",5,29,2669,1331,1338
050,12,019,"Florida","Clay County",5,30,2798,1368,1430
050,12,019,"Florida","Clay County",5,31,2917,1487,1430
050,12,019,"Florida","Clay County",5,32,3057,1560,1497
050,12,019,"Florida","Clay County",5,33,3114,1555,1559
050,12,019,"Florida","Clay County",5,34,3110,1534,1576
050,12,019,"Florida","Clay County",5,35,3127,1522,1605
050,12,019,"Florida","Clay County",5,36,3157,1523,1634
050,12,019,"Florida","Clay County",5,37,3266,1608,1658
050,12,019,"Florida","Clay County",5,38,3225,1592,1633
050,12,019,"Florida","Clay County",5,39,3181,1528,1653
050,12,019,"Florida","Clay County",5,40,3351,1618,1733
050,12,019,"Florida","Clay County",5,41,3291,1630,1661
050,12,019,"Florida","Clay County",5,42,3236,1604,1632
050,12,019,"Florida","Clay County",5,43,3177,1581,1596
050,12,019,"Florida","Clay County",5,44,2988,1454,1534
050,12,019,"Florida","Clay County",5,45,3024,1485,1539
050,12,019,"Florida","Clay County",5,46,2924,1389,1535
050,12,019,"Florida","Clay County",5,47,2812,1369,1443
050,12,019,"Florida","Clay County",5,48,2838,1372,1466
050,12,019,"Florida","Clay County",5,49,2826,1395,1431
050,12,019,"Florida","Clay County",5,50,3000,1448,1552
050,12,019,"Florida","Clay County",5,51,3052,1491,1561
050,12,019,"Florida","Clay County",5,52,3196,1569,1627
050,12,019,"Florida","Clay County",5,53,3196,1539,1657
050,12,019,"Florida","Clay County",5,54,2984,1485,1499
050,12,019,"Florida","Clay County",5,55,2962,1478,1484
050,12,019,"Florida","Clay County",5,56,2971,1510,1461
050,12,019,"Florida","Clay County",5,57,2970,1473,1497
050,12,019,"Florida","Clay County",5,58,3146,1546,1600
050,12,019,"Florida","Clay County",5,59,3400,1691,1709
050,12,019,"Florida","Clay County",5,60,3326,1672,1654
050,12,019,"Florida","Clay County",5,61,3353,1669,1684
050,12,019,"Florida","Clay County",5,62,3261,1620,1641
050,12,019,"Florida","Clay County",5,63,3130,1515,1615
050,12,019,"Florida","Clay County",5,64,3135,1531,1604
050,12,019,"Florida","Clay County",5,65,2991,1478,1513
050,12,019,"Florida","Clay County",5,66,2946,1415,1531
050,12,019,"Florida","Clay County",5,67,2733,1350,1383
050,12,019,"Florida","Clay County",5,68,2658,1246,1412
050,12,019,"Florida","Clay County",5,69,2492,1143,1349
050,12,019,"Florida","Clay County",5,70,2434,1146,1288
050,12,019,"Florida","Clay County",5,71,2346,1122,1224
050,12,019,"Florida","Clay County",5,72,2149,1025,1124
050,12,019,"Florida","Clay County",5,73,2019,940,1079
050,12,019,"Florida","Clay County",5,74,1942,901,1041
050,12,019,"Florida","Clay County",5,75,1888,873,1015
050,12,019,"Florida","Clay County",5,76,1982,925,1057
050,12,019,"Florida","Clay County",5,77,1363,631,732
050,12,019,"Florida","Clay County",5,78,1282,613,669
050,12,019,"Florida","Clay County",5,79,1228,535,693
050,12,019,"Florida","Clay County",5,80,1161,525,636
050,12,019,"Florida","Clay County",5,81,967,413,554
050,12,019,"Florida","Clay County",5,82,850,336,514
050,12,019,"Florida","Clay County",5,83,764,314,450
050,12,019,"Florida","Clay County",5,84,668,280,388
050,12,019,"Florida","Clay County",5,85,3642,1333,2309
050,12,021,"Florida","Collier County",1,0,2981,1523,1458
050,12,021,"Florida","Collier County",1,1,3028,1551,1477
050,12,021,"Florida","Collier County",1,2,3098,1566,1532
050,12,021,"Florida","Collier County",1,3,3210,1639,1571
050,12,021,"Florida","Collier County",1,4,3349,1728,1621
050,12,021,"Florida","Collier County",1,5,3328,1679,1649
050,12,021,"Florida","Collier County",1,6,3245,1711,1534
050,12,021,"Florida","Collier County",1,7,3284,1679,1605
050,12,021,"Florida","Collier County",1,8,3420,1754,1666
050,12,021,"Florida","Collier County",1,9,3539,1767,1772
050,12,021,"Florida","Collier County",1,10,3565,1842,1723
050,12,021,"Florida","Collier County",1,11,3671,1878,1793
050,12,021,"Florida","Collier County",1,12,3857,1918,1939
050,12,021,"Florida","Collier County",1,13,3987,2011,1976
050,12,021,"Florida","Collier County",1,14,3898,2006,1892
050,12,021,"Florida","Collier County",1,15,3739,1949,1790
050,12,021,"Florida","Collier County",1,16,3861,2009,1852
050,12,021,"Florida","Collier County",1,17,3853,1978,1875
050,12,021,"Florida","Collier County",1,18,3620,1880,1740
050,12,021,"Florida","Collier County",1,19,3177,1664,1513
050,12,021,"Florida","Collier County",1,20,3309,1766,1543
050,12,021,"Florida","Collier County",1,21,3383,1770,1613
050,12,021,"Florida","Collier County",1,22,3383,1730,1653
050,12,021,"Florida","Collier County",1,23,3395,1782,1613
050,12,021,"Florida","Collier County",1,24,3392,1761,1631
050,12,021,"Florida","Collier County",1,25,3379,1729,1650
050,12,021,"Florida","Collier County",1,26,3443,1781,1662
050,12,021,"Florida","Collier County",1,27,3413,1771,1642
050,12,021,"Florida","Collier County",1,28,3483,1814,1669
050,12,021,"Florida","Collier County",1,29,3478,1811,1667
050,12,021,"Florida","Collier County",1,30,3470,1839,1631
050,12,021,"Florida","Collier County",1,31,3452,1812,1640
050,12,021,"Florida","Collier County",1,32,3458,1790,1668
050,12,021,"Florida","Collier County",1,33,3567,1926,1641
050,12,021,"Florida","Collier County",1,34,3558,1917,1641
050,12,021,"Florida","Collier County",1,35,3548,1877,1671
050,12,021,"Florida","Collier County",1,36,3556,1847,1709
050,12,021,"Florida","Collier County",1,37,3684,1887,1797
050,12,021,"Florida","Collier County",1,38,3597,1862,1735
050,12,021,"Florida","Collier County",1,39,3663,1867,1796
050,12,021,"Florida","Collier County",1,40,3733,1931,1802
050,12,021,"Florida","Collier County",1,41,3587,1848,1739
050,12,021,"Florida","Collier County",1,42,3620,1767,1853
050,12,021,"Florida","Collier County",1,43,3574,1756,1818
050,12,021,"Florida","Collier County",1,44,3605,1811,1794
050,12,021,"Florida","Collier County",1,45,3652,1798,1854
050,12,021,"Florida","Collier County",1,46,3633,1773,1860
050,12,021,"Florida","Collier County",1,47,3734,1821,1913
050,12,021,"Florida","Collier County",1,48,4147,2010,2137
050,12,021,"Florida","Collier County",1,49,4470,2215,2255
050,12,021,"Florida","Collier County",1,50,4378,2153,2225
050,12,021,"Florida","Collier County",1,51,4296,2138,2158
050,12,021,"Florida","Collier County",1,52,4307,2161,2146
050,12,021,"Florida","Collier County",1,53,4543,2201,2342
050,12,021,"Florida","Collier County",1,54,4613,2262,2351
050,12,021,"Florida","Collier County",1,55,4984,2387,2597
050,12,021,"Florida","Collier County",1,56,5078,2445,2633
050,12,021,"Florida","Collier County",1,57,5005,2363,2642
050,12,021,"Florida","Collier County",1,58,5118,2474,2644
050,12,021,"Florida","Collier County",1,59,5201,2508,2693
050,12,021,"Florida","Collier County",1,60,5218,2461,2757
050,12,021,"Florida","Collier County",1,61,5359,2525,2834
050,12,021,"Florida","Collier County",1,62,5519,2589,2930
050,12,021,"Florida","Collier County",1,63,5412,2538,2874
050,12,021,"Florida","Collier County",1,64,5527,2604,2923
050,12,021,"Florida","Collier County",1,65,5671,2623,3048
050,12,021,"Florida","Collier County",1,66,5655,2623,3032
050,12,021,"Florida","Collier County",1,67,5876,2707,3169
050,12,021,"Florida","Collier County",1,68,6033,2796,3237
050,12,021,"Florida","Collier County",1,69,5899,2761,3138
050,12,021,"Florida","Collier County",1,70,6078,2881,3197
050,12,021,"Florida","Collier County",1,71,6304,2913,3391
050,12,021,"Florida","Collier County",1,72,6751,3185,3566
050,12,021,"Florida","Collier County",1,73,7124,3401,3723
050,12,021,"Florida","Collier County",1,74,5287,2534,2753
050,12,021,"Florida","Collier County",1,75,5604,2657,2947
050,12,021,"Florida","Collier County",1,76,5911,2798,3113
050,12,021,"Florida","Collier County",1,77,6037,2839,3198
050,12,021,"Florida","Collier County",1,78,5221,2551,2670
050,12,021,"Florida","Collier County",1,79,4633,2294,2339
050,12,021,"Florida","Collier County",1,80,4250,2076,2174
050,12,021,"Florida","Collier County",1,81,4215,2082,2133
050,12,021,"Florida","Collier County",1,82,3814,1880,1934
050,12,021,"Florida","Collier County",1,83,3480,1721,1759
050,12,021,"Florida","Collier County",1,84,3113,1535,1578
050,12,021,"Florida","Collier County",1,85,17170,8247,8923
050,12,021,"Florida","Collier County",2,0,2990,1525,1465
050,12,021,"Florida","Collier County",2,1,3017,1542,1475
050,12,021,"Florida","Collier County",2,2,3085,1567,1518
050,12,021,"Florida","Collier County",2,3,3184,1623,1561
050,12,021,"Florida","Collier County",2,4,3333,1712,1621
050,12,021,"Florida","Collier County",2,5,3341,1696,1645
050,12,021,"Florida","Collier County",2,6,3271,1706,1565
050,12,021,"Florida","Collier County",2,7,3268,1686,1582
050,12,021,"Florida","Collier County",2,8,3380,1727,1653
050,12,021,"Florida","Collier County",2,9,3517,1767,1750
050,12,021,"Florida","Collier County",2,10,3574,1831,1743
050,12,021,"Florida","Collier County",2,11,3638,1865,1773
050,12,021,"Florida","Collier County",2,12,3838,1927,1911
050,12,021,"Florida","Collier County",2,13,3957,1988,1969
050,12,021,"Florida","Collier County",2,14,3924,2008,1916
050,12,021,"Florida","Collier County",2,15,3790,1971,1819
050,12,021,"Florida","Collier County",2,16,3851,2002,1849
050,12,021,"Florida","Collier County",2,17,3857,1980,1877
050,12,021,"Florida","Collier County",2,18,3612,1876,1736
050,12,021,"Florida","Collier County",2,19,3240,1691,1549
050,12,021,"Florida","Collier County",2,20,3358,1785,1573
050,12,021,"Florida","Collier County",2,21,3383,1770,1613
050,12,021,"Florida","Collier County",2,22,3392,1739,1653
050,12,021,"Florida","Collier County",2,23,3401,1774,1627
050,12,021,"Florida","Collier County",2,24,3374,1756,1618
050,12,021,"Florida","Collier County",2,25,3382,1733,1649
050,12,021,"Florida","Collier County",2,26,3422,1769,1653
050,12,021,"Florida","Collier County",2,27,3415,1778,1637
050,12,021,"Florida","Collier County",2,28,3489,1813,1676
050,12,021,"Florida","Collier County",2,29,3488,1813,1675
050,12,021,"Florida","Collier County",2,30,3504,1854,1650
050,12,021,"Florida","Collier County",2,31,3456,1815,1641
050,12,021,"Florida","Collier County",2,32,3472,1804,1668
050,12,021,"Florida","Collier County",2,33,3542,1892,1650
050,12,021,"Florida","Collier County",2,34,3572,1926,1646
050,12,021,"Florida","Collier County",2,35,3588,1910,1678
050,12,021,"Florida","Collier County",2,36,3547,1852,1695
050,12,021,"Florida","Collier County",2,37,3663,1883,1780
050,12,021,"Florida","Collier County",2,38,3641,1876,1765
050,12,021,"Florida","Collier County",2,39,3642,1863,1779
050,12,021,"Florida","Collier County",2,40,3758,1939,1819
050,12,021,"Florida","Collier County",2,41,3627,1868,1759
050,12,021,"Florida","Collier County",2,42,3613,1789,1824
050,12,021,"Florida","Collier County",2,43,3620,1777,1843
050,12,021,"Florida","Collier County",2,44,3583,1790,1793
050,12,021,"Florida","Collier County",2,45,3666,1807,1859
050,12,021,"Florida","Collier County",2,46,3652,1790,1862
050,12,021,"Florida","Collier County",2,47,3709,1810,1899
050,12,021,"Florida","Collier County",2,48,4065,1971,2094
050,12,021,"Florida","Collier County",2,49,4426,2181,2245
050,12,021,"Florida","Collier County",2,50,4429,2182,2247
050,12,021,"Florida","Collier County",2,51,4318,2138,2180
050,12,021,"Florida","Collier County",2,52,4334,2170,2164
050,12,021,"Florida","Collier County",2,53,4504,2190,2314
050,12,021,"Florida","Collier County",2,54,4625,2261,2364
050,12,021,"Florida","Collier County",2,55,4946,2380,2566
050,12,021,"Florida","Collier County",2,56,5113,2451,2662
050,12,021,"Florida","Collier County",2,57,5068,2400,2668
050,12,021,"Florida","Collier County",2,58,5142,2473,2669
050,12,021,"Florida","Collier County",2,59,5247,2530,2717
050,12,021,"Florida","Collier County",2,60,5276,2504,2772
050,12,021,"Florida","Collier County",2,61,5382,2533,2849
050,12,021,"Florida","Collier County",2,62,5529,2596,2933
050,12,021,"Florida","Collier County",2,63,5551,2609,2942
050,12,021,"Florida","Collier County",2,64,5545,2611,2934
050,12,021,"Florida","Collier County",2,65,5702,2650,3052
050,12,021,"Florida","Collier County",2,66,5737,2660,3077
050,12,021,"Florida","Collier County",2,67,5874,2716,3158
050,12,021,"Florida","Collier County",2,68,6016,2782,3234
050,12,021,"Florida","Collier County",2,69,6025,2812,3213
050,12,021,"Florida","Collier County",2,70,6066,2864,3202
050,12,021,"Florida","Collier County",2,71,6303,2932,3371
050,12,021,"Florida","Collier County",2,72,6592,3096,3496
050,12,021,"Florida","Collier County",2,73,7417,3528,3889
050,12,021,"Florida","Collier County",2,74,5401,2584,2817
050,12,021,"Florida","Collier County",2,75,5564,2642,2922
050,12,021,"Florida","Collier County",2,76,5792,2741,3051
050,12,021,"Florida","Collier County",2,77,6147,2898,3249
050,12,021,"Florida","Collier County",2,78,5314,2571,2743
050,12,021,"Florida","Collier County",2,79,4719,2323,2396
050,12,021,"Florida","Collier County",2,80,4322,2119,2203
050,12,021,"Florida","Collier County",2,81,4168,2058,2110
050,12,021,"Florida","Collier County",2,82,3900,1922,1978
050,12,021,"Florida","Collier County",2,83,3503,1728,1775
050,12,021,"Florida","Collier County",2,84,3173,1566,1607
050,12,021,"Florida","Collier County",2,85,17449,8376,9073
050,12,021,"Florida","Collier County",3,0,3105,1602,1503
050,12,021,"Florida","Collier County",3,1,3024,1498,1526
050,12,021,"Florida","Collier County",3,2,3140,1598,1542
050,12,021,"Florida","Collier County",3,3,3141,1598,1543
050,12,021,"Florida","Collier County",3,4,3192,1610,1582
050,12,021,"Florida","Collier County",3,5,3439,1752,1687
050,12,021,"Florida","Collier County",3,6,3426,1735,1691
050,12,021,"Florida","Collier County",3,7,3314,1731,1583
050,12,021,"Florida","Collier County",3,8,3340,1738,1602
050,12,021,"Florida","Collier County",3,9,3443,1773,1670
050,12,021,"Florida","Collier County",3,10,3590,1791,1799
050,12,021,"Florida","Collier County",3,11,3625,1867,1758
050,12,021,"Florida","Collier County",3,12,3674,1887,1787
050,12,021,"Florida","Collier County",3,13,3878,1942,1936
050,12,021,"Florida","Collier County",3,14,4008,2004,2004
050,12,021,"Florida","Collier County",3,15,3972,2028,1944
050,12,021,"Florida","Collier County",3,16,3878,2010,1868
050,12,021,"Florida","Collier County",3,17,3892,2025,1867
050,12,021,"Florida","Collier County",3,18,3641,1907,1734
050,12,021,"Florida","Collier County",3,19,3372,1733,1639
050,12,021,"Florida","Collier County",3,20,3392,1765,1627
050,12,021,"Florida","Collier County",3,21,3472,1819,1653
050,12,021,"Florida","Collier County",3,22,3520,1817,1703
050,12,021,"Florida","Collier County",3,23,3463,1786,1677
050,12,021,"Florida","Collier County",3,24,3494,1845,1649
050,12,021,"Florida","Collier County",3,25,3401,1756,1645
050,12,021,"Florida","Collier County",3,26,3351,1732,1619
050,12,021,"Florida","Collier County",3,27,3481,1809,1672
050,12,021,"Florida","Collier County",3,28,3502,1836,1666
050,12,021,"Florida","Collier County",3,29,3559,1851,1708
050,12,021,"Florida","Collier County",3,30,3612,1890,1722
050,12,021,"Florida","Collier County",3,31,3600,1879,1721
050,12,021,"Florida","Collier County",3,32,3557,1849,1708
050,12,021,"Florida","Collier County",3,33,3633,1896,1737
050,12,021,"Florida","Collier County",3,34,3672,1963,1709
050,12,021,"Florida","Collier County",3,35,3696,1975,1721
050,12,021,"Florida","Collier County",3,36,3715,1959,1756
050,12,021,"Florida","Collier County",3,37,3642,1895,1747
050,12,021,"Florida","Collier County",3,38,3842,1963,1879
050,12,021,"Florida","Collier County",3,39,3753,1920,1833
050,12,021,"Florida","Collier County",3,40,3759,1946,1813
050,12,021,"Florida","Collier County",3,41,3844,1996,1848
050,12,021,"Florida","Collier County",3,42,3746,1929,1817
050,12,021,"Florida","Collier County",3,43,3685,1817,1868
050,12,021,"Florida","Collier County",3,44,3767,1841,1926
050,12,021,"Florida","Collier County",3,45,3647,1807,1840
050,12,021,"Florida","Collier County",3,46,3817,1914,1903
050,12,021,"Florida","Collier County",3,47,3707,1808,1899
050,12,021,"Florida","Collier County",3,48,3807,1836,1971
050,12,021,"Florida","Collier County",3,49,4154,2016,2138
050,12,021,"Florida","Collier County",3,50,4522,2207,2315
050,12,021,"Florida","Collier County",3,51,4554,2233,2321
050,12,021,"Florida","Collier County",3,52,4452,2188,2264
050,12,021,"Florida","Collier County",3,53,4466,2220,2246
050,12,021,"Florida","Collier County",3,54,4682,2265,2417
050,12,021,"Florida","Collier County",3,55,4877,2397,2480
050,12,021,"Florida","Collier County",3,56,5161,2478,2683
050,12,021,"Florida","Collier County",3,57,5377,2586,2791
050,12,021,"Florida","Collier County",3,58,5315,2507,2808
050,12,021,"Florida","Collier County",3,59,5451,2608,2843
050,12,021,"Florida","Collier County",3,60,5538,2685,2853
050,12,021,"Florida","Collier County",3,61,5558,2621,2937
050,12,021,"Florida","Collier County",3,62,5722,2693,3029
050,12,021,"Florida","Collier County",3,63,5824,2747,3077
050,12,021,"Florida","Collier County",3,64,5894,2804,3090
050,12,021,"Florida","Collier County",3,65,5916,2794,3122
050,12,021,"Florida","Collier County",3,66,5986,2800,3186
050,12,021,"Florida","Collier County",3,67,6004,2781,3223
050,12,021,"Florida","Collier County",3,68,6118,2840,3278
050,12,021,"Florida","Collier County",3,69,6249,2914,3335
050,12,021,"Florida","Collier County",3,70,6291,2937,3354
050,12,021,"Florida","Collier County",3,71,6236,2958,3278
050,12,021,"Florida","Collier County",3,72,6485,3009,3476
050,12,021,"Florida","Collier County",3,73,6744,3183,3561
050,12,021,"Florida","Collier County",3,74,7524,3622,3902
050,12,021,"Florida","Collier County",3,75,5451,2601,2850
050,12,021,"Florida","Collier County",3,76,5601,2668,2933
050,12,021,"Florida","Collier County",3,77,5822,2765,3057
050,12,021,"Florida","Collier County",3,78,6163,2916,3247
050,12,021,"Florida","Collier County",3,79,5263,2557,2706
050,12,021,"Florida","Collier County",3,80,4633,2267,2366
050,12,021,"Florida","Collier County",3,81,4264,2089,2175
050,12,021,"Florida","Collier County",3,82,4008,1983,2025
050,12,021,"Florida","Collier County",3,83,3782,1851,1931
050,12,021,"Florida","Collier County",3,84,3342,1658,1684
050,12,021,"Florida","Collier County",3,85,18567,8916,9651
050,12,021,"Florida","Collier County",4,0,3382,1719,1663
050,12,021,"Florida","Collier County",4,1,3200,1612,1588
050,12,021,"Florida","Collier County",4,2,3120,1539,1581
050,12,021,"Florida","Collier County",4,3,3253,1648,1605
050,12,021,"Florida","Collier County",4,4,3237,1655,1582
050,12,021,"Florida","Collier County",4,5,3307,1644,1663
050,12,021,"Florida","Collier County",4,6,3560,1799,1761
050,12,021,"Florida","Collier County",4,7,3568,1796,1772
050,12,021,"Florida","Collier County",4,8,3431,1811,1620
050,12,021,"Florida","Collier County",4,9,3453,1783,1670
050,12,021,"Florida","Collier County",4,10,3512,1834,1678
050,12,021,"Florida","Collier County",4,11,3707,1824,1883
050,12,021,"Florida","Collier County",4,12,3740,1930,1810
050,12,021,"Florida","Collier County",4,13,3776,1916,1860
050,12,021,"Florida","Collier County",4,14,3998,2015,1983
050,12,021,"Florida","Collier County",4,15,4108,2076,2032
050,12,021,"Florida","Collier County",4,16,4116,2103,2013
050,12,021,"Florida","Collier County",4,17,3940,2041,1899
050,12,021,"Florida","Collier County",4,18,3687,1931,1756
050,12,021,"Florida","Collier County",4,19,3337,1742,1595
050,12,021,"Florida","Collier County",4,20,3527,1816,1711
050,12,021,"Florida","Collier County",4,21,3495,1806,1689
050,12,021,"Florida","Collier County",4,22,3613,1864,1749
050,12,021,"Florida","Collier County",4,23,3580,1862,1718
050,12,021,"Florida","Collier County",4,24,3438,1811,1627
050,12,021,"Florida","Collier County",4,25,3477,1832,1645
050,12,021,"Florida","Collier County",4,26,3333,1746,1587
050,12,021,"Florida","Collier County",4,27,3350,1721,1629
050,12,021,"Florida","Collier County",4,28,3419,1768,1651
050,12,021,"Florida","Collier County",4,29,3482,1779,1703
050,12,021,"Florida","Collier County",4,30,3617,1856,1761
050,12,021,"Florida","Collier County",4,31,3737,1932,1805
050,12,021,"Florida","Collier County",4,32,3744,1934,1810
050,12,021,"Florida","Collier County",4,33,3677,1918,1759
050,12,021,"Florida","Collier County",4,34,3688,1908,1780
050,12,021,"Florida","Collier County",4,35,3821,2026,1795
050,12,021,"Florida","Collier County",4,36,3818,2003,1815
050,12,021,"Florida","Collier County",4,37,3829,1987,1842
050,12,021,"Florida","Collier County",4,38,3857,2012,1845
050,12,021,"Florida","Collier County",4,39,3993,2049,1944
050,12,021,"Florida","Collier County",4,40,3904,1984,1920
050,12,021,"Florida","Collier County",4,41,3937,2016,1921
050,12,021,"Florida","Collier County",4,42,4016,2082,1934
050,12,021,"Florida","Collier County",4,43,3901,2001,1900
050,12,021,"Florida","Collier County",4,44,3836,1894,1942
050,12,021,"Florida","Collier County",4,45,3912,1900,2012
050,12,021,"Florida","Collier County",4,46,3812,1908,1904
050,12,021,"Florida","Collier County",4,47,3939,1985,1954
050,12,021,"Florida","Collier County",4,48,3865,1857,2008
050,12,021,"Florida","Collier County",4,49,3915,1853,2062
050,12,021,"Florida","Collier County",4,50,4313,2081,2232
050,12,021,"Florida","Collier County",4,51,4665,2286,2379
050,12,021,"Florida","Collier County",4,52,4752,2324,2428
050,12,021,"Florida","Collier County",4,53,4593,2214,2379
050,12,021,"Florida","Collier County",4,54,4716,2333,2383
050,12,021,"Florida","Collier County",4,55,4943,2377,2566
050,12,021,"Florida","Collier County",4,56,5144,2515,2629
050,12,021,"Florida","Collier County",4,57,5429,2605,2824
050,12,021,"Florida","Collier County",4,58,5723,2771,2952
050,12,021,"Florida","Collier County",4,59,5694,2664,3030
050,12,021,"Florida","Collier County",4,60,5797,2758,3039
050,12,021,"Florida","Collier County",4,61,5935,2884,3051
050,12,021,"Florida","Collier County",4,62,5962,2809,3153
050,12,021,"Florida","Collier County",4,63,6083,2854,3229
050,12,021,"Florida","Collier County",4,64,6162,2906,3256
050,12,021,"Florida","Collier County",4,65,6327,3031,3296
050,12,021,"Florida","Collier County",4,66,6159,2884,3275
050,12,021,"Florida","Collier County",4,67,6277,2934,3343
050,12,021,"Florida","Collier County",4,68,6235,2886,3349
050,12,021,"Florida","Collier County",4,69,6327,2958,3369
050,12,021,"Florida","Collier County",4,70,6397,2985,3412
050,12,021,"Florida","Collier County",4,71,6399,2988,3411
050,12,021,"Florida","Collier County",4,72,6338,3009,3329
050,12,021,"Florida","Collier County",4,73,6537,3037,3500
050,12,021,"Florida","Collier County",4,74,6793,3210,3583
050,12,021,"Florida","Collier County",4,75,7560,3615,3945
050,12,021,"Florida","Collier County",4,76,5394,2551,2843
050,12,021,"Florida","Collier County",4,77,5553,2647,2906
050,12,021,"Florida","Collier County",4,78,5798,2740,3058
050,12,021,"Florida","Collier County",4,79,5991,2851,3140
050,12,021,"Florida","Collier County",4,80,5155,2498,2657
050,12,021,"Florida","Collier County",4,81,4505,2211,2294
050,12,021,"Florida","Collier County",4,82,4081,2005,2076
050,12,021,"Florida","Collier County",4,83,3847,1876,1971
050,12,021,"Florida","Collier County",4,84,3590,1761,1829
050,12,021,"Florida","Collier County",4,85,19378,9311,10067
050,12,021,"Florida","Collier County",5,0,3440,1749,1691
050,12,021,"Florida","Collier County",5,1,3415,1764,1651
050,12,021,"Florida","Collier County",5,2,3251,1615,1636
050,12,021,"Florida","Collier County",5,3,3188,1570,1618
050,12,021,"Florida","Collier County",5,4,3305,1669,1636
050,12,021,"Florida","Collier County",5,5,3351,1695,1656
050,12,021,"Florida","Collier County",5,6,3404,1707,1697
050,12,021,"Florida","Collier County",5,7,3678,1856,1822
050,12,021,"Florida","Collier County",5,8,3600,1794,1806
050,12,021,"Florida","Collier County",5,9,3463,1828,1635
050,12,021,"Florida","Collier County",5,10,3477,1788,1689
050,12,021,"Florida","Collier County",5,11,3612,1873,1739
050,12,021,"Florida","Collier County",5,12,3766,1864,1902
050,12,021,"Florida","Collier County",5,13,3829,1967,1862
050,12,021,"Florida","Collier County",5,14,3825,1984,1841
050,12,021,"Florida","Collier County",5,15,4044,2053,1991
050,12,021,"Florida","Collier County",5,16,4205,2126,2079
050,12,021,"Florida","Collier County",5,17,4175,2122,2053
050,12,021,"Florida","Collier County",5,18,3734,1954,1780
050,12,021,"Florida","Collier County",5,19,3413,1773,1640
050,12,021,"Florida","Collier County",5,20,3573,1895,1678
050,12,021,"Florida","Collier County",5,21,3706,1895,1811
050,12,021,"Florida","Collier County",5,22,3595,1837,1758
050,12,021,"Florida","Collier County",5,23,3701,1935,1766
050,12,021,"Florida","Collier County",5,24,3573,1897,1676
050,12,021,"Florida","Collier County",5,25,3461,1844,1617
050,12,021,"Florida","Collier County",5,26,3412,1769,1643
050,12,021,"Florida","Collier County",5,27,3340,1735,1605
050,12,021,"Florida","Collier County",5,28,3338,1689,1649
050,12,021,"Florida","Collier County",5,29,3409,1757,1652
050,12,021,"Florida","Collier County",5,30,3517,1803,1714
050,12,021,"Florida","Collier County",5,31,3677,1884,1793
050,12,021,"Florida","Collier County",5,32,3814,1934,1880
050,12,021,"Florida","Collier County",5,33,3793,1954,1839
050,12,021,"Florida","Collier County",5,34,3703,1929,1774
050,12,021,"Florida","Collier County",5,35,3764,1974,1790
050,12,021,"Florida","Collier County",5,36,3953,2058,1895
050,12,021,"Florida","Collier County",5,37,3868,2036,1832
050,12,021,"Florida","Collier County",5,38,3981,2088,1893
050,12,021,"Florida","Collier County",5,39,3916,2029,1887
050,12,021,"Florida","Collier County",5,40,4031,2070,1961
050,12,021,"Florida","Collier County",5,41,3942,1983,1959
050,12,021,"Florida","Collier County",5,42,3998,2030,1968
050,12,021,"Florida","Collier County",5,43,4024,2060,1964
050,12,021,"Florida","Collier County",5,44,3943,2004,1939
050,12,021,"Florida","Collier County",5,45,3951,1918,2033
050,12,021,"Florida","Collier County",5,46,3986,1967,2019
050,12,021,"Florida","Collier County",5,47,3846,1906,1940
050,12,021,"Florida","Collier County",5,48,4049,2012,2037
050,12,021,"Florida","Collier County",5,49,3922,1873,2049
050,12,021,"Florida","Collier County",5,50,3967,1892,2075
050,12,021,"Florida","Collier County",5,51,4351,2081,2270
050,12,021,"Florida","Collier County",5,52,4818,2356,2462
050,12,021,"Florida","Collier County",5,53,4858,2357,2501
050,12,021,"Florida","Collier County",5,54,4790,2295,2495
050,12,021,"Florida","Collier County",5,55,4880,2410,2470
050,12,021,"Florida","Collier County",5,56,5122,2438,2684
050,12,021,"Florida","Collier County",5,57,5295,2585,2710
050,12,021,"Florida","Collier County",5,58,5637,2662,2975
050,12,021,"Florida","Collier County",5,59,5982,2866,3116
050,12,021,"Florida","Collier County",5,60,5938,2766,3172
050,12,021,"Florida","Collier County",5,61,6022,2891,3131
050,12,021,"Florida","Collier County",5,62,6195,3030,3165
050,12,021,"Florida","Collier County",5,63,6275,2945,3330
050,12,021,"Florida","Collier County",5,64,6313,2965,3348
050,12,021,"Florida","Collier County",5,65,6431,3065,3366
050,12,021,"Florida","Collier County",5,66,6504,3146,3358
050,12,021,"Florida","Collier County",5,67,6334,2996,3338
050,12,021,"Florida","Collier County",5,68,6412,3012,3400
050,12,021,"Florida","Collier County",5,69,6329,2947,3382
050,12,021,"Florida","Collier County",5,70,6484,3062,3422
050,12,021,"Florida","Collier County",5,71,6442,3012,3430
050,12,021,"Florida","Collier County",5,72,6485,3035,3450
050,12,021,"Florida","Collier County",5,73,6422,3051,3371
050,12,021,"Florida","Collier County",5,74,6549,3061,3488
050,12,021,"Florida","Collier County",5,75,6826,3206,3620
050,12,021,"Florida","Collier County",5,76,7516,3585,3931
050,12,021,"Florida","Collier County",5,77,5329,2528,2801
050,12,021,"Florida","Collier County",5,78,5499,2605,2894
050,12,021,"Florida","Collier County",5,79,5687,2683,3004
050,12,021,"Florida","Collier County",5,80,5922,2824,3098
050,12,021,"Florida","Collier County",5,81,5016,2442,2574
050,12,021,"Florida","Collier County",5,82,4343,2125,2218
050,12,021,"Florida","Collier County",5,83,3928,1921,2007
050,12,021,"Florida","Collier County",5,84,3762,1835,1927
050,12,021,"Florida","Collier County",5,85,20686,9979,10707
050,12,023,"Florida","Columbia County",1,0,768,399,369
050,12,023,"Florida","Columbia County",1,1,787,408,379
050,12,023,"Florida","Columbia County",1,2,806,404,402
050,12,023,"Florida","Columbia County",1,3,820,375,445
050,12,023,"Florida","Columbia County",1,4,859,412,447
050,12,023,"Florida","Columbia County",1,5,883,454,429
050,12,023,"Florida","Columbia County",1,6,895,446,449
050,12,023,"Florida","Columbia County",1,7,891,462,429
050,12,023,"Florida","Columbia County",1,8,876,440,436
050,12,023,"Florida","Columbia County",1,9,845,430,415
050,12,023,"Florida","Columbia County",1,10,878,443,435
050,12,023,"Florida","Columbia County",1,11,906,474,432
050,12,023,"Florida","Columbia County",1,12,951,489,462
050,12,023,"Florida","Columbia County",1,13,933,465,468
050,12,023,"Florida","Columbia County",1,14,923,464,459
050,12,023,"Florida","Columbia County",1,15,883,433,450
050,12,023,"Florida","Columbia County",1,16,879,458,421
050,12,023,"Florida","Columbia County",1,17,827,433,394
050,12,023,"Florida","Columbia County",1,18,762,411,351
050,12,023,"Florida","Columbia County",1,19,626,338,288
050,12,023,"Florida","Columbia County",1,20,675,352,323
050,12,023,"Florida","Columbia County",1,21,749,423,326
050,12,023,"Florida","Columbia County",1,22,746,414,332
050,12,023,"Florida","Columbia County",1,23,730,395,335
050,12,023,"Florida","Columbia County",1,24,799,439,360
050,12,023,"Florida","Columbia County",1,25,809,444,365
050,12,023,"Florida","Columbia County",1,26,795,429,366
050,12,023,"Florida","Columbia County",1,27,860,479,381
050,12,023,"Florida","Columbia County",1,28,945,507,438
050,12,023,"Florida","Columbia County",1,29,994,520,474
050,12,023,"Florida","Columbia County",1,30,972,506,466
050,12,023,"Florida","Columbia County",1,31,909,482,427
050,12,023,"Florida","Columbia County",1,32,857,453,404
050,12,023,"Florida","Columbia County",1,33,865,461,404
050,12,023,"Florida","Columbia County",1,34,923,491,432
050,12,023,"Florida","Columbia County",1,35,866,462,404
050,12,023,"Florida","Columbia County",1,36,858,442,416
050,12,023,"Florida","Columbia County",1,37,846,431,415
050,12,023,"Florida","Columbia County",1,38,893,468,425
050,12,023,"Florida","Columbia County",1,39,878,471,407
050,12,023,"Florida","Columbia County",1,40,823,427,396
050,12,023,"Florida","Columbia County",1,41,847,439,408
050,12,023,"Florida","Columbia County",1,42,800,435,365
050,12,023,"Florida","Columbia County",1,43,832,465,367
050,12,023,"Florida","Columbia County",1,44,753,428,325
050,12,023,"Florida","Columbia County",1,45,785,414,371
050,12,023,"Florida","Columbia County",1,46,785,428,357
050,12,023,"Florida","Columbia County",1,47,782,418,364
050,12,023,"Florida","Columbia County",1,48,832,426,406
050,12,023,"Florida","Columbia County",1,49,887,464,423
050,12,023,"Florida","Columbia County",1,50,884,442,442
050,12,023,"Florida","Columbia County",1,51,803,403,400
050,12,023,"Florida","Columbia County",1,52,823,433,390
050,12,023,"Florida","Columbia County",1,53,825,423,402
050,12,023,"Florida","Columbia County",1,54,873,436,437
050,12,023,"Florida","Columbia County",1,55,978,492,486
050,12,023,"Florida","Columbia County",1,56,985,490,495
050,12,023,"Florida","Columbia County",1,57,997,502,495
050,12,023,"Florida","Columbia County",1,58,957,491,466
050,12,023,"Florida","Columbia County",1,59,905,474,431
050,12,023,"Florida","Columbia County",1,60,955,473,482
050,12,023,"Florida","Columbia County",1,61,1004,480,524
050,12,023,"Florida","Columbia County",1,62,1021,488,533
050,12,023,"Florida","Columbia County",1,63,1000,468,532
050,12,023,"Florida","Columbia County",1,64,1002,480,522
050,12,023,"Florida","Columbia County",1,65,947,438,509
050,12,023,"Florida","Columbia County",1,66,911,438,473
050,12,023,"Florida","Columbia County",1,67,892,445,447
050,12,023,"Florida","Columbia County",1,68,846,443,403
050,12,023,"Florida","Columbia County",1,69,775,387,388
050,12,023,"Florida","Columbia County",1,70,779,356,423
050,12,023,"Florida","Columbia County",1,71,775,353,422
050,12,023,"Florida","Columbia County",1,72,781,364,417
050,12,023,"Florida","Columbia County",1,73,788,372,416
050,12,023,"Florida","Columbia County",1,74,583,277,306
050,12,023,"Florida","Columbia County",1,75,591,279,312
050,12,023,"Florida","Columbia County",1,76,558,270,288
050,12,023,"Florida","Columbia County",1,77,535,249,286
050,12,023,"Florida","Columbia County",1,78,457,226,231
050,12,023,"Florida","Columbia County",1,79,447,217,230
050,12,023,"Florida","Columbia County",1,80,355,173,182
050,12,023,"Florida","Columbia County",1,81,351,167,184
050,12,023,"Florida","Columbia County",1,82,291,132,159
050,12,023,"Florida","Columbia County",1,83,274,120,154
050,12,023,"Florida","Columbia County",1,84,253,113,140
050,12,023,"Florida","Columbia County",1,85,1400,573,827
050,12,023,"Florida","Columbia County",2,0,782,404,378
050,12,023,"Florida","Columbia County",2,1,784,407,377
050,12,023,"Florida","Columbia County",2,2,805,407,398
050,12,023,"Florida","Columbia County",2,3,819,385,434
050,12,023,"Florida","Columbia County",2,4,853,403,450
050,12,023,"Florida","Columbia County",2,5,878,442,436
050,12,023,"Florida","Columbia County",2,6,895,451,444
050,12,023,"Florida","Columbia County",2,7,891,457,434
050,12,023,"Florida","Columbia County",2,8,877,445,432
050,12,023,"Florida","Columbia County",2,9,848,430,418
050,12,023,"Florida","Columbia County",2,10,872,440,432
050,12,023,"Florida","Columbia County",2,11,904,469,435
050,12,023,"Florida","Columbia County",2,12,943,487,456
050,12,023,"Florida","Columbia County",2,13,942,474,468
050,12,023,"Florida","Columbia County",2,14,929,465,464
050,12,023,"Florida","Columbia County",2,15,902,447,455
050,12,023,"Florida","Columbia County",2,16,885,455,430
050,12,023,"Florida","Columbia County",2,17,846,442,404
050,12,023,"Florida","Columbia County",2,18,751,405,346
050,12,023,"Florida","Columbia County",2,19,628,338,290
050,12,023,"Florida","Columbia County",2,20,681,356,325
050,12,023,"Florida","Columbia County",2,21,741,413,328
050,12,023,"Florida","Columbia County",2,22,750,414,336
050,12,023,"Florida","Columbia County",2,23,742,398,344
050,12,023,"Florida","Columbia County",2,24,786,426,360
050,12,023,"Florida","Columbia County",2,25,809,442,367
050,12,023,"Florida","Columbia County",2,26,793,424,369
050,12,023,"Florida","Columbia County",2,27,841,459,382
050,12,023,"Florida","Columbia County",2,28,917,495,422
050,12,023,"Florida","Columbia County",2,29,970,502,468
050,12,023,"Florida","Columbia County",2,30,971,503,468
050,12,023,"Florida","Columbia County",2,31,915,479,436
050,12,023,"Florida","Columbia County",2,32,864,455,409
050,12,023,"Florida","Columbia County",2,33,851,449,402
050,12,023,"Florida","Columbia County",2,34,901,478,423
050,12,023,"Florida","Columbia County",2,35,876,461,415
050,12,023,"Florida","Columbia County",2,36,854,443,411
050,12,023,"Florida","Columbia County",2,37,851,432,419
050,12,023,"Florida","Columbia County",2,38,885,456,429
050,12,023,"Florida","Columbia County",2,39,878,466,412
050,12,023,"Florida","Columbia County",2,40,833,432,401
050,12,023,"Florida","Columbia County",2,41,835,431,404
050,12,023,"Florida","Columbia County",2,42,799,425,374
050,12,023,"Florida","Columbia County",2,43,829,459,370
050,12,023,"Florida","Columbia County",2,44,759,427,332
050,12,023,"Florida","Columbia County",2,45,778,414,364
050,12,023,"Florida","Columbia County",2,46,779,421,358
050,12,023,"Florida","Columbia County",2,47,779,416,363
050,12,023,"Florida","Columbia County",2,48,816,418,398
050,12,023,"Florida","Columbia County",2,49,886,460,426
050,12,023,"Florida","Columbia County",2,50,887,444,443
050,12,023,"Florida","Columbia County",2,51,820,409,411
050,12,023,"Florida","Columbia County",2,52,817,422,395
050,12,023,"Florida","Columbia County",2,53,821,421,400
050,12,023,"Florida","Columbia County",2,54,861,429,432
050,12,023,"Florida","Columbia County",2,55,956,480,476
050,12,023,"Florida","Columbia County",2,56,987,490,497
050,12,023,"Florida","Columbia County",2,57,991,495,496
050,12,023,"Florida","Columbia County",2,58,972,496,476
050,12,023,"Florida","Columbia County",2,59,917,477,440
050,12,023,"Florida","Columbia County",2,60,943,471,472
050,12,023,"Florida","Columbia County",2,61,994,479,515
050,12,023,"Florida","Columbia County",2,62,1015,484,531
050,12,023,"Florida","Columbia County",2,63,1006,467,539
050,12,023,"Florida","Columbia County",2,64,996,472,524
050,12,023,"Florida","Columbia County",2,65,964,450,514
050,12,023,"Florida","Columbia County",2,66,924,440,484
050,12,023,"Florida","Columbia County",2,67,901,447,454
050,12,023,"Florida","Columbia County",2,68,851,441,410
050,12,023,"Florida","Columbia County",2,69,802,405,397
050,12,023,"Florida","Columbia County",2,70,780,363,417
050,12,023,"Florida","Columbia County",2,71,768,346,422
050,12,023,"Florida","Columbia County",2,72,771,358,413
050,12,023,"Florida","Columbia County",2,73,820,387,433
050,12,023,"Florida","Columbia County",2,74,599,283,316
050,12,023,"Florida","Columbia County",2,75,591,280,311
050,12,023,"Florida","Columbia County",2,76,561,269,292
050,12,023,"Florida","Columbia County",2,77,553,262,291
050,12,023,"Florida","Columbia County",2,78,464,223,241
050,12,023,"Florida","Columbia County",2,79,444,217,227
050,12,023,"Florida","Columbia County",2,80,375,182,193
050,12,023,"Florida","Columbia County",2,81,345,165,180
050,12,023,"Florida","Columbia County",2,82,306,140,166
050,12,023,"Florida","Columbia County",2,83,279,124,155
050,12,023,"Florida","Columbia County",2,84,250,109,141
050,12,023,"Florida","Columbia County",2,85,1406,574,832
050,12,023,"Florida","Columbia County",3,0,737,368,369
050,12,023,"Florida","Columbia County",3,1,781,408,373
050,12,023,"Florida","Columbia County",3,2,761,409,352
050,12,023,"Florida","Columbia County",3,3,814,407,407
050,12,023,"Florida","Columbia County",3,4,849,400,449
050,12,023,"Florida","Columbia County",3,5,859,413,446
050,12,023,"Florida","Columbia County",3,6,890,448,442
050,12,023,"Florida","Columbia County",3,7,892,447,445
050,12,023,"Florida","Columbia County",3,8,902,455,447
050,12,023,"Florida","Columbia County",3,9,879,452,427
050,12,023,"Florida","Columbia County",3,10,854,441,413
050,12,023,"Florida","Columbia County",3,11,914,460,454
050,12,023,"Florida","Columbia County",3,12,929,474,455
050,12,023,"Florida","Columbia County",3,13,957,494,463
050,12,023,"Florida","Columbia County",3,14,955,487,468
050,12,023,"Florida","Columbia County",3,15,932,462,470
050,12,023,"Florida","Columbia County",3,16,914,467,447
050,12,023,"Florida","Columbia County",3,17,859,438,421
050,12,023,"Florida","Columbia County",3,18,729,401,328
050,12,023,"Florida","Columbia County",3,19,612,328,284
050,12,023,"Florida","Columbia County",3,20,694,383,311
050,12,023,"Florida","Columbia County",3,21,793,428,365
050,12,023,"Florida","Columbia County",3,22,780,423,357
050,12,023,"Florida","Columbia County",3,23,786,428,358
050,12,023,"Florida","Columbia County",3,24,757,407,350
050,12,023,"Florida","Columbia County",3,25,771,418,353
050,12,023,"Florida","Columbia County",3,26,785,419,366
050,12,023,"Florida","Columbia County",3,27,796,410,386
050,12,023,"Florida","Columbia County",3,28,837,459,378
050,12,023,"Florida","Columbia County",3,29,880,456,424
050,12,023,"Florida","Columbia County",3,30,962,496,466
050,12,023,"Florida","Columbia County",3,31,959,495,464
050,12,023,"Florida","Columbia County",3,32,921,490,431
050,12,023,"Florida","Columbia County",3,33,844,437,407
050,12,023,"Florida","Columbia County",3,34,840,433,407
050,12,023,"Florida","Columbia County",3,35,905,476,429
050,12,023,"Florida","Columbia County",3,36,892,464,428
050,12,023,"Florida","Columbia County",3,37,863,448,415
050,12,023,"Florida","Columbia County",3,38,862,429,433
050,12,023,"Florida","Columbia County",3,39,884,461,423
050,12,023,"Florida","Columbia County",3,40,848,426,422
050,12,023,"Florida","Columbia County",3,41,825,419,406
050,12,023,"Florida","Columbia County",3,42,823,424,399
050,12,023,"Florida","Columbia County",3,43,835,444,391
050,12,023,"Florida","Columbia County",3,44,813,440,373
050,12,023,"Florida","Columbia County",3,45,749,409,340
050,12,023,"Florida","Columbia County",3,46,783,428,355
050,12,023,"Florida","Columbia County",3,47,791,429,362
050,12,023,"Florida","Columbia County",3,48,770,400,370
050,12,023,"Florida","Columbia County",3,49,818,409,409
050,12,023,"Florida","Columbia County",3,50,872,452,420
050,12,023,"Florida","Columbia County",3,51,869,431,438
050,12,023,"Florida","Columbia County",3,52,842,425,417
050,12,023,"Florida","Columbia County",3,53,821,416,405
050,12,023,"Florida","Columbia County",3,54,828,427,401
050,12,023,"Florida","Columbia County",3,55,894,454,440
050,12,023,"Florida","Columbia County",3,56,947,462,485
050,12,023,"Florida","Columbia County",3,57,987,486,501
050,12,023,"Florida","Columbia County",3,58,983,497,486
050,12,023,"Florida","Columbia County",3,59,956,487,469
050,12,023,"Florida","Columbia County",3,60,917,468,449
050,12,023,"Florida","Columbia County",3,61,968,478,490
050,12,023,"Florida","Columbia County",3,62,999,490,509
050,12,023,"Florida","Columbia County",3,63,1029,483,546
050,12,023,"Florida","Columbia County",3,64,1030,488,542
050,12,023,"Florida","Columbia County",3,65,983,450,533
050,12,023,"Florida","Columbia County",3,66,957,441,516
050,12,023,"Florida","Columbia County",3,67,926,449,477
050,12,023,"Florida","Columbia County",3,68,883,436,447
050,12,023,"Florida","Columbia County",3,69,827,420,407
050,12,023,"Florida","Columbia County",3,70,793,398,395
050,12,023,"Florida","Columbia County",3,71,753,357,396
050,12,023,"Florida","Columbia County",3,72,759,344,415
050,12,023,"Florida","Columbia County",3,73,748,352,396
050,12,023,"Florida","Columbia County",3,74,801,374,427
050,12,023,"Florida","Columbia County",3,75,570,271,299
050,12,023,"Florida","Columbia County",3,76,561,265,296
050,12,023,"Florida","Columbia County",3,77,546,257,289
050,12,023,"Florida","Columbia County",3,78,518,234,284
050,12,023,"Florida","Columbia County",3,79,431,210,221
050,12,023,"Florida","Columbia County",3,80,421,204,217
050,12,023,"Florida","Columbia County",3,81,357,176,181
050,12,023,"Florida","Columbia County",3,82,305,149,156
050,12,023,"Florida","Columbia County",3,83,293,130,163
050,12,023,"Florida","Columbia County",3,84,252,112,140
050,12,023,"Florida","Columbia County",3,85,1421,579,842
050,12,023,"Florida","Columbia County",4,0,749,358,391
050,12,023,"Florida","Columbia County",4,1,741,371,370
050,12,023,"Florida","Columbia County",4,2,795,415,380
050,12,023,"Florida","Columbia County",4,3,767,404,363
050,12,023,"Florida","Columbia County",4,4,832,426,406
050,12,023,"Florida","Columbia County",4,5,886,424,462
050,12,023,"Florida","Columbia County",4,6,895,418,477
050,12,023,"Florida","Columbia County",4,7,900,433,467
050,12,023,"Florida","Columbia County",4,8,908,468,440
050,12,023,"Florida","Columbia County",4,9,908,468,440
050,12,023,"Florida","Columbia County",4,10,897,458,439
050,12,023,"Florida","Columbia County",4,11,886,460,426
050,12,023,"Florida","Columbia County",4,12,942,470,472
050,12,023,"Florida","Columbia County",4,13,955,504,451
050,12,023,"Florida","Columbia County",4,14,987,516,471
050,12,023,"Florida","Columbia County",4,15,964,486,478
050,12,023,"Florida","Columbia County",4,16,948,486,462
050,12,023,"Florida","Columbia County",4,17,916,453,463
050,12,023,"Florida","Columbia County",4,18,749,401,348
050,12,023,"Florida","Columbia County",4,19,586,328,258
050,12,023,"Florida","Columbia County",4,20,647,345,302
050,12,023,"Florida","Columbia County",4,21,785,463,322
050,12,023,"Florida","Columbia County",4,22,852,459,393
050,12,023,"Florida","Columbia County",4,23,876,484,392
050,12,023,"Florida","Columbia County",4,24,836,458,378
050,12,023,"Florida","Columbia County",4,25,805,455,350
050,12,023,"Florida","Columbia County",4,26,794,453,341
050,12,023,"Florida","Columbia County",4,27,828,447,381
050,12,023,"Florida","Columbia County",4,28,855,484,371
050,12,023,"Florida","Columbia County",4,29,834,458,376
050,12,023,"Florida","Columbia County",4,30,925,500,425
050,12,023,"Florida","Columbia County",4,31,999,540,459
050,12,023,"Florida","Columbia County",4,32,977,515,462
050,12,023,"Florida","Columbia County",4,33,963,514,449
050,12,023,"Florida","Columbia County",4,34,893,484,409
050,12,023,"Florida","Columbia County",4,35,878,472,406
050,12,023,"Florida","Columbia County",4,36,966,514,452
050,12,023,"Florida","Columbia County",4,37,947,488,459
050,12,023,"Florida","Columbia County",4,38,919,490,429
050,12,023,"Florida","Columbia County",4,39,901,468,433
050,12,023,"Florida","Columbia County",4,40,909,474,435
050,12,023,"Florida","Columbia County",4,41,901,469,432
050,12,023,"Florida","Columbia County",4,42,885,457,428
050,12,023,"Florida","Columbia County",4,43,917,493,424
050,12,023,"Florida","Columbia County",4,44,879,479,400
050,12,023,"Florida","Columbia County",4,45,849,462,387
050,12,023,"Florida","Columbia County",4,46,779,437,342
050,12,023,"Florida","Columbia County",4,47,847,476,371
050,12,023,"Florida","Columbia County",4,48,802,439,363
050,12,023,"Florida","Columbia County",4,49,804,434,370
050,12,023,"Florida","Columbia County",4,50,835,416,419
050,12,023,"Florida","Columbia County",4,51,905,472,433
050,12,023,"Florida","Columbia County",4,52,907,473,434
050,12,023,"Florida","Columbia County",4,53,881,446,435
050,12,023,"Florida","Columbia County",4,54,839,418,421
050,12,023,"Florida","Columbia County",4,55,866,464,402
050,12,023,"Florida","Columbia County",4,56,891,451,440
050,12,023,"Florida","Columbia County",4,57,956,462,494
050,12,023,"Florida","Columbia County",4,58,981,488,493
050,12,023,"Florida","Columbia County",4,59,1000,513,487
050,12,023,"Florida","Columbia County",4,60,963,487,476
050,12,023,"Florida","Columbia County",4,61,936,481,455
050,12,023,"Florida","Columbia County",4,62,977,501,476
050,12,023,"Florida","Columbia County",4,63,1012,483,529
050,12,023,"Florida","Columbia County",4,64,1023,484,539
050,12,023,"Florida","Columbia County",4,65,1024,479,545
050,12,023,"Florida","Columbia County",4,66,999,450,549
050,12,023,"Florida","Columbia County",4,67,977,462,515
050,12,023,"Florida","Columbia County",4,68,922,445,477
050,12,023,"Florida","Columbia County",4,69,866,423,443
050,12,023,"Florida","Columbia County",4,70,824,414,410
050,12,023,"Florida","Columbia County",4,71,780,397,383
050,12,023,"Florida","Columbia County",4,72,727,348,379
050,12,023,"Florida","Columbia County",4,73,758,345,413
050,12,023,"Florida","Columbia County",4,74,750,346,404
050,12,023,"Florida","Columbia County",4,75,785,370,415
050,12,023,"Florida","Columbia County",4,76,551,263,288
050,12,023,"Florida","Columbia County",4,77,568,268,300
050,12,023,"Florida","Columbia County",4,78,510,234,276
050,12,023,"Florida","Columbia County",4,79,495,232,263
050,12,023,"Florida","Columbia County",4,80,409,198,211
050,12,023,"Florida","Columbia County",4,81,392,186,206
050,12,023,"Florida","Columbia County",4,82,320,162,158
050,12,023,"Florida","Columbia County",4,83,291,141,150
050,12,023,"Florida","Columbia County",4,84,254,110,144
050,12,023,"Florida","Columbia County",4,85,1433,587,846
050,12,023,"Florida","Columbia County",5,0,757,359,398
050,12,023,"Florida","Columbia County",5,1,779,367,412
050,12,023,"Florida","Columbia County",5,2,742,371,371
050,12,023,"Florida","Columbia County",5,3,838,439,399
050,12,023,"Florida","Columbia County",5,4,809,431,378
050,12,023,"Florida","Columbia County",5,5,869,434,435
050,12,023,"Florida","Columbia County",5,6,915,437,478
050,12,023,"Florida","Columbia County",5,7,921,440,481
050,12,023,"Florida","Columbia County",5,8,938,451,487
050,12,023,"Florida","Columbia County",5,9,946,502,444
050,12,023,"Florida","Columbia County",5,10,923,467,456
050,12,023,"Florida","Columbia County",5,11,910,474,436
050,12,023,"Florida","Columbia County",5,12,903,460,443
050,12,023,"Florida","Columbia County",5,13,982,502,480
050,12,023,"Florida","Columbia County",5,14,954,494,460
050,12,023,"Florida","Columbia County",5,15,959,500,459
050,12,023,"Florida","Columbia County",5,16,957,484,473
050,12,023,"Florida","Columbia County",5,17,941,462,479
050,12,023,"Florida","Columbia County",5,18,782,403,379
050,12,023,"Florida","Columbia County",5,19,624,351,273
050,12,023,"Florida","Columbia County",5,20,659,366,293
050,12,023,"Florida","Columbia County",5,21,753,431,322
050,12,023,"Florida","Columbia County",5,22,853,510,343
050,12,023,"Florida","Columbia County",5,23,880,471,409
050,12,023,"Florida","Columbia County",5,24,901,493,408
050,12,023,"Florida","Columbia County",5,25,877,495,382
050,12,023,"Florida","Columbia County",5,26,811,445,366
050,12,023,"Florida","Columbia County",5,27,828,473,355
050,12,023,"Florida","Columbia County",5,28,845,465,380
050,12,023,"Florida","Columbia County",5,29,875,474,401
050,12,023,"Florida","Columbia County",5,30,868,470,398
050,12,023,"Florida","Columbia County",5,31,927,501,426
050,12,023,"Florida","Columbia County",5,32,1026,550,476
050,12,023,"Florida","Columbia County",5,33,1012,516,496
050,12,023,"Florida","Columbia County",5,34,1021,541,480
050,12,023,"Florida","Columbia County",5,35,915,490,425
050,12,023,"Florida","Columbia County",5,36,909,486,423
050,12,023,"Florida","Columbia County",5,37,1000,521,479
050,12,023,"Florida","Columbia County",5,38,996,521,475
050,12,023,"Florida","Columbia County",5,39,965,519,446
050,12,023,"Florida","Columbia County",5,40,892,454,438
050,12,023,"Florida","Columbia County",5,41,940,482,458
050,12,023,"Florida","Columbia County",5,42,886,457,429
050,12,023,"Florida","Columbia County",5,43,926,475,451
050,12,023,"Florida","Columbia County",5,44,935,502,433
050,12,023,"Florida","Columbia County",5,45,867,463,404
050,12,023,"Florida","Columbia County",5,46,854,469,385
050,12,023,"Florida","Columbia County",5,47,800,453,347
050,12,023,"Florida","Columbia County",5,48,834,466,368
050,12,023,"Florida","Columbia County",5,49,815,436,379
050,12,023,"Florida","Columbia County",5,50,785,410,375
050,12,023,"Florida","Columbia County",5,51,837,422,415
050,12,023,"Florida","Columbia County",5,52,927,490,437
050,12,023,"Florida","Columbia County",5,53,905,462,443
050,12,023,"Florida","Columbia County",5,54,873,439,434
050,12,023,"Florida","Columbia County",5,55,841,427,414
050,12,023,"Florida","Columbia County",5,56,855,446,409
050,12,023,"Florida","Columbia County",5,57,902,451,451
050,12,023,"Florida","Columbia County",5,58,978,476,502
050,12,023,"Florida","Columbia County",5,59,996,493,503
050,12,023,"Florida","Columbia County",5,60,1000,503,497
050,12,023,"Florida","Columbia County",5,61,983,503,480
050,12,023,"Florida","Columbia County",5,62,950,491,459
050,12,023,"Florida","Columbia County",5,63,990,495,495
050,12,023,"Florida","Columbia County",5,64,1024,500,524
050,12,023,"Florida","Columbia County",5,65,1010,462,548
050,12,023,"Florida","Columbia County",5,66,1018,483,535
050,12,023,"Florida","Columbia County",5,67,995,451,544
050,12,023,"Florida","Columbia County",5,68,977,464,513
050,12,023,"Florida","Columbia County",5,69,919,440,479
050,12,023,"Florida","Columbia County",5,70,863,413,450
050,12,023,"Florida","Columbia County",5,71,797,396,401
050,12,023,"Florida","Columbia County",5,72,772,396,376
050,12,023,"Florida","Columbia County",5,73,724,346,378
050,12,023,"Florida","Columbia County",5,74,760,341,419
050,12,023,"Florida","Columbia County",5,75,707,332,375
050,12,023,"Florida","Columbia County",5,76,771,362,409
050,12,023,"Florida","Columbia County",5,77,540,257,283
050,12,023,"Florida","Columbia County",5,78,531,245,286
050,12,023,"Florida","Columbia County",5,79,479,227,252
050,12,023,"Florida","Columbia County",5,80,471,220,251
050,12,023,"Florida","Columbia County",5,81,383,184,199
050,12,023,"Florida","Columbia County",5,82,353,170,183
050,12,023,"Florida","Columbia County",5,83,301,156,145
050,12,023,"Florida","Columbia County",5,84,259,126,133
050,12,023,"Florida","Columbia County",5,85,1468,614,854
050,12,027,"Florida","DeSoto County",1,0,344,177,167
050,12,027,"Florida","DeSoto County",1,1,348,176,172
050,12,027,"Florida","DeSoto County",1,2,309,147,162
050,12,027,"Florida","DeSoto County",1,3,338,158,180
050,12,027,"Florida","DeSoto County",1,4,336,170,166
050,12,027,"Florida","DeSoto County",1,5,311,169,142
050,12,027,"Florida","DeSoto County",1,6,327,174,153
050,12,027,"Florida","DeSoto County",1,7,315,144,171
050,12,027,"Florida","DeSoto County",1,8,339,168,171
050,12,027,"Florida","DeSoto County",1,9,376,194,182
050,12,027,"Florida","DeSoto County",1,10,378,187,191
050,12,027,"Florida","DeSoto County",1,11,362,170,192
050,12,027,"Florida","DeSoto County",1,12,378,195,183
050,12,027,"Florida","DeSoto County",1,13,368,191,177
050,12,027,"Florida","DeSoto County",1,14,358,186,172
050,12,027,"Florida","DeSoto County",1,15,324,179,145
050,12,027,"Florida","DeSoto County",1,16,332,164,168
050,12,027,"Florida","DeSoto County",1,17,333,171,162
050,12,027,"Florida","DeSoto County",1,18,381,233,148
050,12,027,"Florida","DeSoto County",1,19,340,216,124
050,12,027,"Florida","DeSoto County",1,20,412,270,142
050,12,027,"Florida","DeSoto County",1,21,468,323,145
050,12,027,"Florida","DeSoto County",1,22,453,295,158
050,12,027,"Florida","DeSoto County",1,23,430,283,147
050,12,027,"Florida","DeSoto County",1,24,413,254,159
050,12,027,"Florida","DeSoto County",1,25,430,271,159
050,12,027,"Florida","DeSoto County",1,26,446,288,158
050,12,027,"Florida","DeSoto County",1,27,470,294,176
050,12,027,"Florida","DeSoto County",1,28,472,304,168
050,12,027,"Florida","DeSoto County",1,29,487,310,177
050,12,027,"Florida","DeSoto County",1,30,463,292,171
050,12,027,"Florida","DeSoto County",1,31,439,261,178
050,12,027,"Florida","DeSoto County",1,32,462,291,171
050,12,027,"Florida","DeSoto County",1,33,474,307,167
050,12,027,"Florida","DeSoto County",1,34,482,302,180
050,12,027,"Florida","DeSoto County",1,35,472,310,162
050,12,027,"Florida","DeSoto County",1,36,435,267,168
050,12,027,"Florida","DeSoto County",1,37,466,294,172
050,12,027,"Florida","DeSoto County",1,38,474,310,164
050,12,027,"Florida","DeSoto County",1,39,459,278,181
050,12,027,"Florida","DeSoto County",1,40,484,298,186
050,12,027,"Florida","DeSoto County",1,41,425,279,146
050,12,027,"Florida","DeSoto County",1,42,397,242,155
050,12,027,"Florida","DeSoto County",1,43,377,250,127
050,12,027,"Florida","DeSoto County",1,44,327,200,127
050,12,027,"Florida","DeSoto County",1,45,351,214,137
050,12,027,"Florida","DeSoto County",1,46,389,240,149
050,12,027,"Florida","DeSoto County",1,47,368,215,153
050,12,027,"Florida","DeSoto County",1,48,418,244,174
050,12,027,"Florida","DeSoto County",1,49,461,280,181
050,12,027,"Florida","DeSoto County",1,50,421,253,168
050,12,027,"Florida","DeSoto County",1,51,386,235,151
050,12,027,"Florida","DeSoto County",1,52,378,224,154
050,12,027,"Florida","DeSoto County",1,53,384,226,158
050,12,027,"Florida","DeSoto County",1,54,421,227,194
050,12,027,"Florida","DeSoto County",1,55,445,253,192
050,12,027,"Florida","DeSoto County",1,56,401,215,186
050,12,027,"Florida","DeSoto County",1,57,416,216,200
050,12,027,"Florida","DeSoto County",1,58,456,243,213
050,12,027,"Florida","DeSoto County",1,59,464,252,212
050,12,027,"Florida","DeSoto County",1,60,409,209,200
050,12,027,"Florida","DeSoto County",1,61,430,218,212
050,12,027,"Florida","DeSoto County",1,62,404,213,191
050,12,027,"Florida","DeSoto County",1,63,387,194,193
050,12,027,"Florida","DeSoto County",1,64,424,208,216
050,12,027,"Florida","DeSoto County",1,65,446,237,209
050,12,027,"Florida","DeSoto County",1,66,421,215,206
050,12,027,"Florida","DeSoto County",1,67,411,185,226
050,12,027,"Florida","DeSoto County",1,68,396,188,208
050,12,027,"Florida","DeSoto County",1,69,369,183,186
050,12,027,"Florida","DeSoto County",1,70,420,208,212
050,12,027,"Florida","DeSoto County",1,71,426,225,201
050,12,027,"Florida","DeSoto County",1,72,405,207,198
050,12,027,"Florida","DeSoto County",1,73,435,204,231
050,12,027,"Florida","DeSoto County",1,74,330,153,177
050,12,027,"Florida","DeSoto County",1,75,333,168,165
050,12,027,"Florida","DeSoto County",1,76,350,175,175
050,12,027,"Florida","DeSoto County",1,77,348,153,195
050,12,027,"Florida","DeSoto County",1,78,317,148,169
050,12,027,"Florida","DeSoto County",1,79,279,148,131
050,12,027,"Florida","DeSoto County",1,80,277,146,131
050,12,027,"Florida","DeSoto County",1,81,284,141,143
050,12,027,"Florida","DeSoto County",1,82,223,120,103
050,12,027,"Florida","DeSoto County",1,83,186,93,93
050,12,027,"Florida","DeSoto County",1,84,150,67,83
050,12,027,"Florida","DeSoto County",1,85,943,469,474
050,12,027,"Florida","DeSoto County",2,0,338,176,162
050,12,027,"Florida","DeSoto County",2,1,349,178,171
050,12,027,"Florida","DeSoto County",2,2,319,155,164
050,12,027,"Florida","DeSoto County",2,3,330,156,174
050,12,027,"Florida","DeSoto County",2,4,338,168,170
050,12,027,"Florida","DeSoto County",2,5,319,169,150
050,12,027,"Florida","DeSoto County",2,6,325,173,152
050,12,027,"Florida","DeSoto County",2,7,318,152,166
050,12,027,"Florida","DeSoto County",2,8,334,162,172
050,12,027,"Florida","DeSoto County",2,9,374,190,184
050,12,027,"Florida","DeSoto County",2,10,379,187,192
050,12,027,"Florida","DeSoto County",2,11,364,175,189
050,12,027,"Florida","DeSoto County",2,12,378,191,187
050,12,027,"Florida","DeSoto County",2,13,373,192,181
050,12,027,"Florida","DeSoto County",2,14,358,186,172
050,12,027,"Florida","DeSoto County",2,15,328,179,149
050,12,027,"Florida","DeSoto County",2,16,330,169,161
050,12,027,"Florida","DeSoto County",2,17,334,172,162
050,12,027,"Florida","DeSoto County",2,18,373,226,147
050,12,027,"Florida","DeSoto County",2,19,342,215,127
050,12,027,"Florida","DeSoto County",2,20,418,276,142
050,12,027,"Florida","DeSoto County",2,21,470,324,146
050,12,027,"Florida","DeSoto County",2,22,456,297,159
050,12,027,"Florida","DeSoto County",2,23,440,287,153
050,12,027,"Florida","DeSoto County",2,24,412,255,157
050,12,027,"Florida","DeSoto County",2,25,425,267,158
050,12,027,"Florida","DeSoto County",2,26,445,287,158
050,12,027,"Florida","DeSoto County",2,27,465,292,173
050,12,027,"Florida","DeSoto County",2,28,464,295,169
050,12,027,"Florida","DeSoto County",2,29,485,312,173
050,12,027,"Florida","DeSoto County",2,30,470,295,175
050,12,027,"Florida","DeSoto County",2,31,441,265,176
050,12,027,"Florida","DeSoto County",2,32,459,285,174
050,12,027,"Florida","DeSoto County",2,33,477,307,170
050,12,027,"Florida","DeSoto County",2,34,483,304,179
050,12,027,"Florida","DeSoto County",2,35,478,308,170
050,12,027,"Florida","DeSoto County",2,36,443,276,167
050,12,027,"Florida","DeSoto County",2,37,459,285,174
050,12,027,"Florida","DeSoto County",2,38,478,309,169
050,12,027,"Florida","DeSoto County",2,39,459,284,175
050,12,027,"Florida","DeSoto County",2,40,481,295,186
050,12,027,"Florida","DeSoto County",2,41,442,286,156
050,12,027,"Florida","DeSoto County",2,42,400,249,151
050,12,027,"Florida","DeSoto County",2,43,390,255,135
050,12,027,"Florida","DeSoto County",2,44,334,207,127
050,12,027,"Florida","DeSoto County",2,45,347,211,136
050,12,027,"Florida","DeSoto County",2,46,386,239,147
050,12,027,"Florida","DeSoto County",2,47,373,220,153
050,12,027,"Florida","DeSoto County",2,48,412,242,170
050,12,027,"Florida","DeSoto County",2,49,449,269,180
050,12,027,"Florida","DeSoto County",2,50,428,257,171
050,12,027,"Florida","DeSoto County",2,51,393,242,151
050,12,027,"Florida","DeSoto County",2,52,380,224,156
050,12,027,"Florida","DeSoto County",2,53,386,227,159
050,12,027,"Florida","DeSoto County",2,54,406,223,183
050,12,027,"Florida","DeSoto County",2,55,438,247,191
050,12,027,"Florida","DeSoto County",2,56,413,225,188
050,12,027,"Florida","DeSoto County",2,57,414,217,197
050,12,027,"Florida","DeSoto County",2,58,449,237,212
050,12,027,"Florida","DeSoto County",2,59,465,250,215
050,12,027,"Florida","DeSoto County",2,60,423,219,204
050,12,027,"Florida","DeSoto County",2,61,425,218,207
050,12,027,"Florida","DeSoto County",2,62,408,213,195
050,12,027,"Florida","DeSoto County",2,63,399,202,197
050,12,027,"Florida","DeSoto County",2,64,421,208,213
050,12,027,"Florida","DeSoto County",2,65,448,233,215
050,12,027,"Florida","DeSoto County",2,66,426,219,207
050,12,027,"Florida","DeSoto County",2,67,413,191,222
050,12,027,"Florida","DeSoto County",2,68,397,185,212
050,12,027,"Florida","DeSoto County",2,69,382,189,193
050,12,027,"Florida","DeSoto County",2,70,413,206,207
050,12,027,"Florida","DeSoto County",2,71,427,221,206
050,12,027,"Florida","DeSoto County",2,72,401,207,194
050,12,027,"Florida","DeSoto County",2,73,447,212,235
050,12,027,"Florida","DeSoto County",2,74,330,153,177
050,12,027,"Florida","DeSoto County",2,75,335,166,169
050,12,027,"Florida","DeSoto County",2,76,340,168,172
050,12,027,"Florida","DeSoto County",2,77,359,162,197
050,12,027,"Florida","DeSoto County",2,78,312,144,168
050,12,027,"Florida","DeSoto County",2,79,284,145,139
050,12,027,"Florida","DeSoto County",2,80,274,145,129
050,12,027,"Florida","DeSoto County",2,81,280,141,139
050,12,027,"Florida","DeSoto County",2,82,239,125,114
050,12,027,"Florida","DeSoto County",2,83,188,97,91
050,12,027,"Florida","DeSoto County",2,84,157,71,86
050,12,027,"Florida","DeSoto County",2,85,942,464,478
050,12,027,"Florida","DeSoto County",3,0,351,176,175
050,12,027,"Florida","DeSoto County",3,1,343,172,171
050,12,027,"Florida","DeSoto County",3,2,348,178,170
050,12,027,"Florida","DeSoto County",3,3,316,159,157
050,12,027,"Florida","DeSoto County",3,4,317,150,167
050,12,027,"Florida","DeSoto County",3,5,343,170,173
050,12,027,"Florida","DeSoto County",3,6,310,159,151
050,12,027,"Florida","DeSoto County",3,7,316,176,140
050,12,027,"Florida","DeSoto County",3,8,336,162,174
050,12,027,"Florida","DeSoto County",3,9,336,162,174
050,12,027,"Florida","DeSoto County",3,10,362,179,183
050,12,027,"Florida","DeSoto County",3,11,378,186,192
050,12,027,"Florida","DeSoto County",3,12,365,183,182
050,12,027,"Florida","DeSoto County",3,13,378,185,193
050,12,027,"Florida","DeSoto County",3,14,366,182,184
050,12,027,"Florida","DeSoto County",3,15,354,182,172
050,12,027,"Florida","DeSoto County",3,16,329,174,155
050,12,027,"Florida","DeSoto County",3,17,339,176,163
050,12,027,"Florida","DeSoto County",3,18,343,203,140
050,12,027,"Florida","DeSoto County",3,19,344,206,138
050,12,027,"Florida","DeSoto County",3,20,410,279,131
050,12,027,"Florida","DeSoto County",3,21,477,325,152
050,12,027,"Florida","DeSoto County",3,22,450,290,160
050,12,027,"Florida","DeSoto County",3,23,455,286,169
050,12,027,"Florida","DeSoto County",3,24,409,258,151
050,12,027,"Florida","DeSoto County",3,25,414,250,164
050,12,027,"Florida","DeSoto County",3,26,427,265,162
050,12,027,"Florida","DeSoto County",3,27,437,281,156
050,12,027,"Florida","DeSoto County",3,28,444,282,162
050,12,027,"Florida","DeSoto County",3,29,485,305,180
050,12,027,"Florida","DeSoto County",3,30,479,298,181
050,12,027,"Florida","DeSoto County",3,31,457,281,176
050,12,027,"Florida","DeSoto County",3,32,444,264,180
050,12,027,"Florida","DeSoto County",3,33,460,289,171
050,12,027,"Florida","DeSoto County",3,34,461,295,166
050,12,027,"Florida","DeSoto County",3,35,460,281,179
050,12,027,"Florida","DeSoto County",3,36,479,313,166
050,12,027,"Florida","DeSoto County",3,37,410,251,159
050,12,027,"Florida","DeSoto County",3,38,479,305,174
050,12,027,"Florida","DeSoto County",3,39,473,305,168
050,12,027,"Florida","DeSoto County",3,40,449,277,172
050,12,027,"Florida","DeSoto County",3,41,468,290,178
050,12,027,"Florida","DeSoto County",3,42,420,268,152
050,12,027,"Florida","DeSoto County",3,43,426,267,159
050,12,027,"Florida","DeSoto County",3,44,389,250,139
050,12,027,"Florida","DeSoto County",3,45,325,197,128
050,12,027,"Florida","DeSoto County",3,46,373,235,138
050,12,027,"Florida","DeSoto County",3,47,390,236,154
050,12,027,"Florida","DeSoto County",3,48,400,234,166
050,12,027,"Florida","DeSoto County",3,49,423,243,180
050,12,027,"Florida","DeSoto County",3,50,467,271,196
050,12,027,"Florida","DeSoto County",3,51,432,264,168
050,12,027,"Florida","DeSoto County",3,52,390,237,153
050,12,027,"Florida","DeSoto County",3,53,377,222,155
050,12,027,"Florida","DeSoto County",3,54,381,212,169
050,12,027,"Florida","DeSoto County",3,55,417,236,181
050,12,027,"Florida","DeSoto County",3,56,433,232,201
050,12,027,"Florida","DeSoto County",3,57,427,233,194
050,12,027,"Florida","DeSoto County",3,58,411,214,197
050,12,027,"Florida","DeSoto County",3,59,463,250,213
050,12,027,"Florida","DeSoto County",3,60,472,245,227
050,12,027,"Florida","DeSoto County",3,61,440,223,217
050,12,027,"Florida","DeSoto County",3,62,416,207,209
050,12,027,"Florida","DeSoto County",3,63,427,225,202
050,12,027,"Florida","DeSoto County",3,64,410,212,198
050,12,027,"Florida","DeSoto County",3,65,421,199,222
050,12,027,"Florida","DeSoto County",3,66,445,230,215
050,12,027,"Florida","DeSoto County",3,67,429,216,213
050,12,027,"Florida","DeSoto County",3,68,419,186,233
050,12,027,"Florida","DeSoto County",3,69,401,185,216
050,12,027,"Florida","DeSoto County",3,70,397,197,200
050,12,027,"Florida","DeSoto County",3,71,409,202,207
050,12,027,"Florida","DeSoto County",3,72,427,224,203
050,12,027,"Florida","DeSoto County",3,73,409,212,197
050,12,027,"Florida","DeSoto County",3,74,435,206,229
050,12,027,"Florida","DeSoto County",3,75,317,144,173
050,12,027,"Florida","DeSoto County",3,76,338,170,168
050,12,027,"Florida","DeSoto County",3,77,335,165,170
050,12,027,"Florida","DeSoto County",3,78,350,159,191
050,12,027,"Florida","DeSoto County",3,79,310,138,172
050,12,027,"Florida","DeSoto County",3,80,283,147,136
050,12,027,"Florida","DeSoto County",3,81,257,138,119
050,12,027,"Florida","DeSoto County",3,82,256,134,122
050,12,027,"Florida","DeSoto County",3,83,218,117,101
050,12,027,"Florida","DeSoto County",3,84,173,91,82
050,12,027,"Florida","DeSoto County",3,85,994,472,522
050,12,027,"Florida","DeSoto County",4,0,396,188,208
050,12,027,"Florida","DeSoto County",4,1,375,192,183
050,12,027,"Florida","DeSoto County",4,2,339,177,162
050,12,027,"Florida","DeSoto County",4,3,354,175,179
050,12,027,"Florida","DeSoto County",4,4,333,171,162
050,12,027,"Florida","DeSoto County",4,5,310,147,163
050,12,027,"Florida","DeSoto County",4,6,348,168,180
050,12,027,"Florida","DeSoto County",4,7,333,169,164
050,12,027,"Florida","DeSoto County",4,8,322,179,143
050,12,027,"Florida","DeSoto County",4,9,350,168,182
050,12,027,"Florida","DeSoto County",4,10,342,168,174
050,12,027,"Florida","DeSoto County",4,11,366,188,178
050,12,027,"Florida","DeSoto County",4,12,377,186,191
050,12,027,"Florida","DeSoto County",4,13,377,189,188
050,12,027,"Florida","DeSoto County",4,14,393,187,206
050,12,027,"Florida","DeSoto County",4,15,367,192,175
050,12,027,"Florida","DeSoto County",4,16,347,178,169
050,12,027,"Florida","DeSoto County",4,17,352,187,165
050,12,027,"Florida","DeSoto County",4,18,366,223,143
050,12,027,"Florida","DeSoto County",4,19,319,186,133
050,12,027,"Florida","DeSoto County",4,20,420,274,146
050,12,027,"Florida","DeSoto County",4,21,479,344,135
050,12,027,"Florida","DeSoto County",4,22,465,311,154
050,12,027,"Florida","DeSoto County",4,23,434,280,154
050,12,027,"Florida","DeSoto County",4,24,457,276,181
050,12,027,"Florida","DeSoto County",4,25,428,268,160
050,12,027,"Florida","DeSoto County",4,26,416,257,159
050,12,027,"Florida","DeSoto County",4,27,450,275,175
050,12,027,"Florida","DeSoto County",4,28,447,288,159
050,12,027,"Florida","DeSoto County",4,29,483,297,186
050,12,027,"Florida","DeSoto County",4,30,482,315,167
050,12,027,"Florida","DeSoto County",4,31,472,296,176
050,12,027,"Florida","DeSoto County",4,32,458,272,186
050,12,027,"Florida","DeSoto County",4,33,480,281,199
050,12,027,"Florida","DeSoto County",4,34,469,296,173
050,12,027,"Florida","DeSoto County",4,35,471,297,174
050,12,027,"Florida","DeSoto County",4,36,469,292,177
050,12,027,"Florida","DeSoto County",4,37,481,315,166
050,12,027,"Florida","DeSoto County",4,38,438,267,171
050,12,027,"Florida","DeSoto County",4,39,475,304,171
050,12,027,"Florida","DeSoto County",4,40,475,301,174
050,12,027,"Florida","DeSoto County",4,41,474,304,170
050,12,027,"Florida","DeSoto County",4,42,473,287,186
050,12,027,"Florida","DeSoto County",4,43,454,298,156
050,12,027,"Florida","DeSoto County",4,44,406,249,157
050,12,027,"Florida","DeSoto County",4,45,402,247,155
050,12,027,"Florida","DeSoto County",4,46,365,232,133
050,12,027,"Florida","DeSoto County",4,47,374,229,145
050,12,027,"Florida","DeSoto County",4,48,399,247,152
050,12,027,"Florida","DeSoto County",4,49,419,244,175
050,12,027,"Florida","DeSoto County",4,50,440,246,194
050,12,027,"Florida","DeSoto County",4,51,467,282,185
050,12,027,"Florida","DeSoto County",4,52,428,258,170
050,12,027,"Florida","DeSoto County",4,53,416,253,163
050,12,027,"Florida","DeSoto County",4,54,375,210,165
050,12,027,"Florida","DeSoto County",4,55,395,223,172
050,12,027,"Florida","DeSoto County",4,56,418,235,183
050,12,027,"Florida","DeSoto County",4,57,443,244,199
050,12,027,"Florida","DeSoto County",4,58,419,221,198
050,12,027,"Florida","DeSoto County",4,59,417,224,193
050,12,027,"Florida","DeSoto County",4,60,449,232,217
050,12,027,"Florida","DeSoto County",4,61,485,248,237
050,12,027,"Florida","DeSoto County",4,62,446,221,225
050,12,027,"Florida","DeSoto County",4,63,412,209,203
050,12,027,"Florida","DeSoto County",4,64,444,234,210
050,12,027,"Florida","DeSoto County",4,65,426,220,206
050,12,027,"Florida","DeSoto County",4,66,441,210,231
050,12,027,"Florida","DeSoto County",4,67,460,230,230
050,12,027,"Florida","DeSoto County",4,68,442,213,229
050,12,027,"Florida","DeSoto County",4,69,450,206,244
050,12,027,"Florida","DeSoto County",4,70,433,203,230
050,12,027,"Florida","DeSoto County",4,71,397,195,202
050,12,027,"Florida","DeSoto County",4,72,412,203,209
050,12,027,"Florida","DeSoto County",4,73,448,240,208
050,12,027,"Florida","DeSoto County",4,74,413,212,201
050,12,027,"Florida","DeSoto County",4,75,439,214,225
050,12,027,"Florida","DeSoto County",4,76,310,136,174
050,12,027,"Florida","DeSoto County",4,77,333,170,163
050,12,027,"Florida","DeSoto County",4,78,326,160,166
050,12,027,"Florida","DeSoto County",4,79,352,162,190
050,12,027,"Florida","DeSoto County",4,80,285,131,154
050,12,027,"Florida","DeSoto County",4,81,276,135,141
050,12,027,"Florida","DeSoto County",4,82,241,129,112
050,12,027,"Florida","DeSoto County",4,83,234,120,114
050,12,027,"Florida","DeSoto County",4,84,198,110,88
050,12,027,"Florida","DeSoto County",4,85,1069,520,549
050,12,027,"Florida","DeSoto County",5,0,408,189,219
050,12,027,"Florida","DeSoto County",5,1,395,194,201
050,12,027,"Florida","DeSoto County",5,2,378,196,182
050,12,027,"Florida","DeSoto County",5,3,341,179,162
050,12,027,"Florida","DeSoto County",5,4,354,175,179
050,12,027,"Florida","DeSoto County",5,5,325,166,159
050,12,027,"Florida","DeSoto County",5,6,338,164,174
050,12,027,"Florida","DeSoto County",5,7,349,171,178
050,12,027,"Florida","DeSoto County",5,8,319,161,158
050,12,027,"Florida","DeSoto County",5,9,334,184,150
050,12,027,"Florida","DeSoto County",5,10,344,164,180
050,12,027,"Florida","DeSoto County",5,11,347,171,176
050,12,027,"Florida","DeSoto County",5,12,371,185,186
050,12,027,"Florida","DeSoto County",5,13,390,200,190
050,12,027,"Florida","DeSoto County",5,14,378,199,179
050,12,027,"Florida","DeSoto County",5,15,393,187,206
050,12,027,"Florida","DeSoto County",5,16,371,190,181
050,12,027,"Florida","DeSoto County",5,17,358,188,170
050,12,027,"Florida","DeSoto County",5,18,373,228,145
050,12,027,"Florida","DeSoto County",5,19,335,196,139
050,12,027,"Florida","DeSoto County",5,20,403,263,140
050,12,027,"Florida","DeSoto County",5,21,491,340,151
050,12,027,"Florida","DeSoto County",5,22,473,319,154
050,12,027,"Florida","DeSoto County",5,23,476,307,169
050,12,027,"Florida","DeSoto County",5,24,430,269,161
050,12,027,"Florida","DeSoto County",5,25,468,279,189
050,12,027,"Florida","DeSoto County",5,26,443,277,166
050,12,027,"Florida","DeSoto County",5,27,427,263,164
050,12,027,"Florida","DeSoto County",5,28,463,283,180
050,12,027,"Florida","DeSoto County",5,29,478,316,162
050,12,027,"Florida","DeSoto County",5,30,500,308,192
050,12,027,"Florida","DeSoto County",5,31,497,334,163
050,12,027,"Florida","DeSoto County",5,32,477,306,171
050,12,027,"Florida","DeSoto County",5,33,470,279,191
050,12,027,"Florida","DeSoto County",5,34,483,284,199
050,12,027,"Florida","DeSoto County",5,35,484,299,185
050,12,027,"Florida","DeSoto County",5,36,476,298,178
050,12,027,"Florida","DeSoto County",5,37,484,297,187
050,12,027,"Florida","DeSoto County",5,38,506,331,175
050,12,027,"Florida","DeSoto County",5,39,437,269,168
050,12,027,"Florida","DeSoto County",5,40,458,287,171
050,12,027,"Florida","DeSoto County",5,41,479,306,173
050,12,027,"Florida","DeSoto County",5,42,463,286,177
050,12,027,"Florida","DeSoto County",5,43,505,323,182
050,12,027,"Florida","DeSoto County",5,44,423,276,147
050,12,027,"Florida","DeSoto County",5,45,401,236,165
050,12,027,"Florida","DeSoto County",5,46,432,273,159
050,12,027,"Florida","DeSoto County",5,47,370,228,142
050,12,027,"Florida","DeSoto County",5,48,400,245,155
050,12,027,"Florida","DeSoto County",5,49,415,257,158
050,12,027,"Florida","DeSoto County",5,50,421,239,182
050,12,027,"Florida","DeSoto County",5,51,449,264,185
050,12,027,"Florida","DeSoto County",5,52,464,272,192
050,12,027,"Florida","DeSoto County",5,53,428,264,164
050,12,027,"Florida","DeSoto County",5,54,421,249,172
050,12,027,"Florida","DeSoto County",5,55,388,225,163
050,12,027,"Florida","DeSoto County",5,56,394,218,176
050,12,027,"Florida","DeSoto County",5,57,439,242,197
050,12,027,"Florida","DeSoto County",5,58,444,239,205
050,12,027,"Florida","DeSoto County",5,59,455,252,203
050,12,027,"Florida","DeSoto County",5,60,429,224,205
050,12,027,"Florida","DeSoto County",5,61,471,240,231
050,12,027,"Florida","DeSoto County",5,62,478,238,240
050,12,027,"Florida","DeSoto County",5,63,457,232,225
050,12,027,"Florida","DeSoto County",5,64,429,228,201
050,12,027,"Florida","DeSoto County",5,65,471,245,226
050,12,027,"Florida","DeSoto County",5,66,423,222,201
050,12,027,"Florida","DeSoto County",5,67,440,202,238
050,12,027,"Florida","DeSoto County",5,68,450,226,224
050,12,027,"Florida","DeSoto County",5,69,427,208,219
050,12,027,"Florida","DeSoto County",5,70,461,211,250
050,12,027,"Florida","DeSoto County",5,71,445,208,237
050,12,027,"Florida","DeSoto County",5,72,378,187,191
050,12,027,"Florida","DeSoto County",5,73,402,201,201
050,12,027,"Florida","DeSoto County",5,74,434,231,203
050,12,027,"Florida","DeSoto County",5,75,407,208,199
050,12,027,"Florida","DeSoto County",5,76,402,193,209
050,12,027,"Florida","DeSoto County",5,77,308,141,167
050,12,027,"Florida","DeSoto County",5,78,318,164,154
050,12,027,"Florida","DeSoto County",5,79,315,155,160
050,12,027,"Florida","DeSoto County",5,80,330,154,176
050,12,027,"Florida","DeSoto County",5,81,275,130,145
050,12,027,"Florida","DeSoto County",5,82,250,114,136
050,12,027,"Florida","DeSoto County",5,83,226,119,107
050,12,027,"Florida","DeSoto County",5,84,204,107,97
050,12,027,"Florida","DeSoto County",5,85,1133,564,569
050,12,029,"Florida","Dixie County",1,0,150,78,72
050,12,029,"Florida","Dixie County",1,1,153,78,75
050,12,029,"Florida","Dixie County",1,2,150,66,84
050,12,029,"Florida","Dixie County",1,3,142,67,75
050,12,029,"Florida","Dixie County",1,4,161,77,84
050,12,029,"Florida","Dixie County",1,5,163,90,73
050,12,029,"Florida","Dixie County",1,6,180,104,76
050,12,029,"Florida","Dixie County",1,7,166,97,69
050,12,029,"Florida","Dixie County",1,8,155,81,74
050,12,029,"Florida","Dixie County",1,9,162,80,82
050,12,029,"Florida","Dixie County",1,10,188,93,95
050,12,029,"Florida","Dixie County",1,11,200,93,107
050,12,029,"Florida","Dixie County",1,12,191,100,91
050,12,029,"Florida","Dixie County",1,13,185,94,91
050,12,029,"Florida","Dixie County",1,14,185,96,89
050,12,029,"Florida","Dixie County",1,15,187,100,87
050,12,029,"Florida","Dixie County",1,16,175,94,81
050,12,029,"Florida","Dixie County",1,17,156,86,70
050,12,029,"Florida","Dixie County",1,18,160,86,74
050,12,029,"Florida","Dixie County",1,19,130,69,61
050,12,029,"Florida","Dixie County",1,20,133,79,54
050,12,029,"Florida","Dixie County",1,21,168,110,58
050,12,029,"Florida","Dixie County",1,22,178,121,57
050,12,029,"Florida","Dixie County",1,23,179,124,55
050,12,029,"Florida","Dixie County",1,24,183,126,57
050,12,029,"Florida","Dixie County",1,25,170,112,58
050,12,029,"Florida","Dixie County",1,26,186,119,67
050,12,029,"Florida","Dixie County",1,27,187,127,60
050,12,029,"Florida","Dixie County",1,28,206,127,79
050,12,029,"Florida","Dixie County",1,29,211,126,85
050,12,029,"Florida","Dixie County",1,30,219,141,78
050,12,029,"Florida","Dixie County",1,31,208,132,76
050,12,029,"Florida","Dixie County",1,32,164,98,66
050,12,029,"Florida","Dixie County",1,33,187,118,69
050,12,029,"Florida","Dixie County",1,34,186,109,77
050,12,029,"Florida","Dixie County",1,35,208,124,84
050,12,029,"Florida","Dixie County",1,36,220,122,98
050,12,029,"Florida","Dixie County",1,37,213,117,96
050,12,029,"Florida","Dixie County",1,38,220,144,76
050,12,029,"Florida","Dixie County",1,39,229,149,80
050,12,029,"Florida","Dixie County",1,40,202,123,79
050,12,029,"Florida","Dixie County",1,41,216,139,77
050,12,029,"Florida","Dixie County",1,42,218,147,71
050,12,029,"Florida","Dixie County",1,43,191,123,68
050,12,029,"Florida","Dixie County",1,44,191,134,57
050,12,029,"Florida","Dixie County",1,45,165,105,60
050,12,029,"Florida","Dixie County",1,46,189,115,74
050,12,029,"Florida","Dixie County",1,47,207,125,82
050,12,029,"Florida","Dixie County",1,48,201,118,83
050,12,029,"Florida","Dixie County",1,49,192,110,82
050,12,029,"Florida","Dixie County",1,50,209,115,94
050,12,029,"Florida","Dixie County",1,51,217,131,86
050,12,029,"Florida","Dixie County",1,52,225,136,89
050,12,029,"Florida","Dixie County",1,53,240,138,102
050,12,029,"Florida","Dixie County",1,54,239,140,99
050,12,029,"Florida","Dixie County",1,55,235,129,106
050,12,029,"Florida","Dixie County",1,56,212,103,109
050,12,029,"Florida","Dixie County",1,57,249,136,113
050,12,029,"Florida","Dixie County",1,58,281,138,143
050,12,029,"Florida","Dixie County",1,59,270,150,120
050,12,029,"Florida","Dixie County",1,60,248,126,122
050,12,029,"Florida","Dixie County",1,61,267,135,132
050,12,029,"Florida","Dixie County",1,62,281,143,138
050,12,029,"Florida","Dixie County",1,63,262,130,132
050,12,029,"Florida","Dixie County",1,64,243,120,123
050,12,029,"Florida","Dixie County",1,65,238,113,125
050,12,029,"Florida","Dixie County",1,66,232,113,119
050,12,029,"Florida","Dixie County",1,67,233,122,111
050,12,029,"Florida","Dixie County",1,68,224,111,113
050,12,029,"Florida","Dixie County",1,69,217,110,107
050,12,029,"Florida","Dixie County",1,70,230,113,117
050,12,029,"Florida","Dixie County",1,71,234,120,114
050,12,029,"Florida","Dixie County",1,72,238,122,116
050,12,029,"Florida","Dixie County",1,73,242,122,120
050,12,029,"Florida","Dixie County",1,74,173,90,83
050,12,029,"Florida","Dixie County",1,75,174,92,82
050,12,029,"Florida","Dixie County",1,76,182,90,92
050,12,029,"Florida","Dixie County",1,77,171,93,78
050,12,029,"Florida","Dixie County",1,78,142,74,68
050,12,029,"Florida","Dixie County",1,79,121,66,55
050,12,029,"Florida","Dixie County",1,80,129,70,59
050,12,029,"Florida","Dixie County",1,81,123,65,58
050,12,029,"Florida","Dixie County",1,82,102,45,57
050,12,029,"Florida","Dixie County",1,83,85,44,41
050,12,029,"Florida","Dixie County",1,84,73,40,33
050,12,029,"Florida","Dixie County",1,85,349,169,180
050,12,029,"Florida","Dixie County",2,0,133,69,64
050,12,029,"Florida","Dixie County",2,1,150,77,73
050,12,029,"Florida","Dixie County",2,2,150,69,81
050,12,029,"Florida","Dixie County",2,3,143,67,76
050,12,029,"Florida","Dixie County",2,4,159,76,83
050,12,029,"Florida","Dixie County",2,5,162,87,75
050,12,029,"Florida","Dixie County",2,6,177,102,75
050,12,029,"Florida","Dixie County",2,7,169,98,71
050,12,029,"Florida","Dixie County",2,8,157,83,74
050,12,029,"Florida","Dixie County",2,9,162,81,81
050,12,029,"Florida","Dixie County",2,10,182,89,93
050,12,029,"Florida","Dixie County",2,11,197,93,104
050,12,029,"Florida","Dixie County",2,12,194,97,97
050,12,029,"Florida","Dixie County",2,13,188,96,92
050,12,029,"Florida","Dixie County",2,14,188,96,92
050,12,029,"Florida","Dixie County",2,15,188,99,89
050,12,029,"Florida","Dixie County",2,16,178,96,82
050,12,029,"Florida","Dixie County",2,17,162,89,73
050,12,029,"Florida","Dixie County",2,18,154,85,69
050,12,029,"Florida","Dixie County",2,19,128,69,59
050,12,029,"Florida","Dixie County",2,20,136,78,58
050,12,029,"Florida","Dixie County",2,21,167,110,57
050,12,029,"Florida","Dixie County",2,22,175,118,57
050,12,029,"Florida","Dixie County",2,23,180,124,56
050,12,029,"Florida","Dixie County",2,24,178,122,56
050,12,029,"Florida","Dixie County",2,25,168,110,58
050,12,029,"Florida","Dixie County",2,26,179,114,65
050,12,029,"Florida","Dixie County",2,27,186,123,63
050,12,029,"Florida","Dixie County",2,28,202,128,74
050,12,029,"Florida","Dixie County",2,29,204,121,83
050,12,029,"Florida","Dixie County",2,30,216,137,79
050,12,029,"Florida","Dixie County",2,31,203,129,74
050,12,029,"Florida","Dixie County",2,32,169,100,69
050,12,029,"Florida","Dixie County",2,33,182,114,68
050,12,029,"Florida","Dixie County",2,34,184,109,75
050,12,029,"Florida","Dixie County",2,35,206,122,84
050,12,029,"Florida","Dixie County",2,36,214,119,95
050,12,029,"Florida","Dixie County",2,37,211,116,95
050,12,029,"Florida","Dixie County",2,38,219,137,82
050,12,029,"Florida","Dixie County",2,39,221,142,79
050,12,029,"Florida","Dixie County",2,40,204,125,79
050,12,029,"Florida","Dixie County",2,41,212,133,79
050,12,029,"Florida","Dixie County",2,42,215,143,72
050,12,029,"Florida","Dixie County",2,43,191,121,70
050,12,029,"Florida","Dixie County",2,44,189,131,58
050,12,029,"Florida","Dixie County",2,45,168,107,61
050,12,029,"Florida","Dixie County",2,46,181,111,70
050,12,029,"Florida","Dixie County",2,47,209,128,81
050,12,029,"Florida","Dixie County",2,48,201,116,85
050,12,029,"Florida","Dixie County",2,49,195,109,86
050,12,029,"Florida","Dixie County",2,50,208,115,93
050,12,029,"Florida","Dixie County",2,51,216,128,88
050,12,029,"Florida","Dixie County",2,52,221,131,90
050,12,029,"Florida","Dixie County",2,53,237,138,99
050,12,029,"Florida","Dixie County",2,54,233,134,99
050,12,029,"Florida","Dixie County",2,55,232,127,105
050,12,029,"Florida","Dixie County",2,56,215,108,107
050,12,029,"Florida","Dixie County",2,57,239,128,111
050,12,029,"Florida","Dixie County",2,58,267,133,134
050,12,029,"Florida","Dixie County",2,59,272,146,126
050,12,029,"Florida","Dixie County",2,60,256,134,122
050,12,029,"Florida","Dixie County",2,61,262,133,129
050,12,029,"Florida","Dixie County",2,62,279,142,137
050,12,029,"Florida","Dixie County",2,63,270,135,135
050,12,029,"Florida","Dixie County",2,64,243,118,125
050,12,029,"Florida","Dixie County",2,65,241,118,123
050,12,029,"Florida","Dixie County",2,66,236,114,122
050,12,029,"Florida","Dixie County",2,67,233,120,113
050,12,029,"Florida","Dixie County",2,68,226,114,112
050,12,029,"Florida","Dixie County",2,69,222,111,111
050,12,029,"Florida","Dixie County",2,70,228,112,116
050,12,029,"Florida","Dixie County",2,71,231,119,112
050,12,029,"Florida","Dixie County",2,72,232,120,112
050,12,029,"Florida","Dixie County",2,73,255,130,125
050,12,029,"Florida","Dixie County",2,74,177,91,86
050,12,029,"Florida","Dixie County",2,75,172,88,84
050,12,029,"Florida","Dixie County",2,76,178,90,88
050,12,029,"Florida","Dixie County",2,77,176,92,84
050,12,029,"Florida","Dixie County",2,78,143,76,67
050,12,029,"Florida","Dixie County",2,79,125,67,58
050,12,029,"Florida","Dixie County",2,80,126,68,58
050,12,029,"Florida","Dixie County",2,81,121,63,58
050,12,029,"Florida","Dixie County",2,82,106,50,56
050,12,029,"Florida","Dixie County",2,83,89,45,44
050,12,029,"Florida","Dixie County",2,84,74,39,35
050,12,029,"Florida","Dixie County",2,85,360,176,184
050,12,029,"Florida","Dixie County",3,0,185,103,82
050,12,029,"Florida","Dixie County",3,1,132,69,63
050,12,029,"Florida","Dixie County",3,2,151,79,72
050,12,029,"Florida","Dixie County",3,3,163,76,87
050,12,029,"Florida","Dixie County",3,4,147,66,81
050,12,029,"Florida","Dixie County",3,5,164,78,86
050,12,029,"Florida","Dixie County",3,6,174,92,82
050,12,029,"Florida","Dixie County",3,7,178,99,79
050,12,029,"Florida","Dixie County",3,8,181,103,78
050,12,029,"Florida","Dixie County",3,9,149,78,71
050,12,029,"Florida","Dixie County",3,10,174,83,91
050,12,029,"Florida","Dixie County",3,11,180,87,93
050,12,029,"Florida","Dixie County",3,12,205,97,108
050,12,029,"Florida","Dixie County",3,13,197,96,101
050,12,029,"Florida","Dixie County",3,14,194,103,91
050,12,029,"Florida","Dixie County",3,15,200,101,99
050,12,029,"Florida","Dixie County",3,16,182,97,85
050,12,029,"Florida","Dixie County",3,17,184,97,87
050,12,029,"Florida","Dixie County",3,18,143,79,64
050,12,029,"Florida","Dixie County",3,19,122,64,58
050,12,029,"Florida","Dixie County",3,20,153,85,68
050,12,029,"Florida","Dixie County",3,21,186,120,66
050,12,029,"Florida","Dixie County",3,22,174,114,60
050,12,029,"Florida","Dixie County",3,23,199,138,61
050,12,029,"Florida","Dixie County",3,24,184,124,60
050,12,029,"Florida","Dixie County",3,25,166,109,57
050,12,029,"Florida","Dixie County",3,26,169,108,61
050,12,029,"Florida","Dixie County",3,27,187,122,65
050,12,029,"Florida","Dixie County",3,28,200,140,60
050,12,029,"Florida","Dixie County",3,29,190,107,83
050,12,029,"Florida","Dixie County",3,30,226,137,89
050,12,029,"Florida","Dixie County",3,31,220,138,82
050,12,029,"Florida","Dixie County",3,32,191,106,85
050,12,029,"Florida","Dixie County",3,33,187,115,72
050,12,029,"Florida","Dixie County",3,34,188,111,77
050,12,029,"Florida","Dixie County",3,35,207,129,78
050,12,029,"Florida","Dixie County",3,36,197,114,83
050,12,029,"Florida","Dixie County",3,37,210,124,86
050,12,029,"Florida","Dixie County",3,38,236,132,104
050,12,029,"Florida","Dixie County",3,39,218,131,87
050,12,029,"Florida","Dixie County",3,40,215,133,82
050,12,029,"Florida","Dixie County",3,41,216,140,76
050,12,029,"Florida","Dixie County",3,42,212,132,80
050,12,029,"Florida","Dixie County",3,43,189,118,71
050,12,029,"Florida","Dixie County",3,44,214,140,74
050,12,029,"Florida","Dixie County",3,45,173,112,61
050,12,029,"Florida","Dixie County",3,46,172,106,66
050,12,029,"Florida","Dixie County",3,47,200,137,63
050,12,029,"Florida","Dixie County",3,48,195,118,77
050,12,029,"Florida","Dixie County",3,49,194,107,87
050,12,029,"Florida","Dixie County",3,50,204,117,87
050,12,029,"Florida","Dixie County",3,51,212,118,94
050,12,029,"Florida","Dixie County",3,52,210,120,90
050,12,029,"Florida","Dixie County",3,53,229,140,89
050,12,029,"Florida","Dixie County",3,54,224,122,102
050,12,029,"Florida","Dixie County",3,55,230,126,104
050,12,029,"Florida","Dixie County",3,56,232,115,117
050,12,029,"Florida","Dixie County",3,57,229,113,116
050,12,029,"Florida","Dixie County",3,58,232,127,105
050,12,029,"Florida","Dixie County",3,59,266,129,137
050,12,029,"Florida","Dixie County",3,60,275,144,131
050,12,029,"Florida","Dixie County",3,61,253,130,123
050,12,029,"Florida","Dixie County",3,62,266,132,134
050,12,029,"Florida","Dixie County",3,63,281,144,137
050,12,029,"Florida","Dixie County",3,64,285,145,140
050,12,029,"Florida","Dixie County",3,65,261,130,131
050,12,029,"Florida","Dixie County",3,66,237,117,120
050,12,029,"Florida","Dixie County",3,67,239,116,123
050,12,029,"Florida","Dixie County",3,68,225,114,111
050,12,029,"Florida","Dixie County",3,69,223,116,107
050,12,029,"Florida","Dixie County",3,70,218,107,111
050,12,029,"Florida","Dixie County",3,71,225,112,113
050,12,029,"Florida","Dixie County",3,72,218,112,106
050,12,029,"Florida","Dixie County",3,73,232,122,110
050,12,029,"Florida","Dixie County",3,74,238,123,115
050,12,029,"Florida","Dixie County",3,75,178,88,90
050,12,029,"Florida","Dixie County",3,76,167,88,79
050,12,029,"Florida","Dixie County",3,77,172,88,84
050,12,029,"Florida","Dixie County",3,78,164,84,80
050,12,029,"Florida","Dixie County",3,79,132,71,61
050,12,029,"Florida","Dixie County",3,80,115,61,54
050,12,029,"Florida","Dixie County",3,81,123,64,59
050,12,029,"Florida","Dixie County",3,82,109,55,54
050,12,029,"Florida","Dixie County",3,83,97,44,53
050,12,029,"Florida","Dixie County",3,84,77,38,39
050,12,029,"Florida","Dixie County",3,85,382,189,193
050,12,029,"Florida","Dixie County",4,0,154,74,80
050,12,029,"Florida","Dixie County",4,1,191,103,88
050,12,029,"Florida","Dixie County",4,2,140,72,68
050,12,029,"Florida","Dixie County",4,3,154,80,74
050,12,029,"Florida","Dixie County",4,4,158,74,84
050,12,029,"Florida","Dixie County",4,5,142,66,76
050,12,029,"Florida","Dixie County",4,6,163,73,90
050,12,029,"Florida","Dixie County",4,7,169,93,76
050,12,029,"Florida","Dixie County",4,8,178,100,78
050,12,029,"Florida","Dixie County",4,9,184,107,77
050,12,029,"Florida","Dixie County",4,10,150,76,74
050,12,029,"Florida","Dixie County",4,11,177,87,90
050,12,029,"Florida","Dixie County",4,12,189,87,102
050,12,029,"Florida","Dixie County",4,13,205,98,107
050,12,029,"Florida","Dixie County",4,14,199,97,102
050,12,029,"Florida","Dixie County",4,15,201,107,94
050,12,029,"Florida","Dixie County",4,16,191,95,96
050,12,029,"Florida","Dixie County",4,17,178,95,83
050,12,029,"Florida","Dixie County",4,18,164,89,75
050,12,029,"Florida","Dixie County",4,19,105,54,51
050,12,029,"Florida","Dixie County",4,20,137,74,63
050,12,029,"Florida","Dixie County",4,21,191,119,72
050,12,029,"Florida","Dixie County",4,22,194,129,65
050,12,029,"Florida","Dixie County",4,23,188,123,65
050,12,029,"Florida","Dixie County",4,24,201,137,64
050,12,029,"Florida","Dixie County",4,25,172,108,64
050,12,029,"Florida","Dixie County",4,26,170,107,63
050,12,029,"Florida","Dixie County",4,27,176,111,65
050,12,029,"Florida","Dixie County",4,28,188,122,66
050,12,029,"Florida","Dixie County",4,29,189,128,61
050,12,029,"Florida","Dixie County",4,30,209,121,88
050,12,029,"Florida","Dixie County",4,31,216,130,86
050,12,029,"Florida","Dixie County",4,32,198,111,87
050,12,029,"Florida","Dixie County",4,33,203,121,82
050,12,029,"Florida","Dixie County",4,34,178,102,76
050,12,029,"Florida","Dixie County",4,35,207,122,85
050,12,029,"Florida","Dixie County",4,36,196,116,80
050,12,029,"Florida","Dixie County",4,37,203,117,86
050,12,029,"Florida","Dixie County",4,38,228,136,92
050,12,029,"Florida","Dixie County",4,39,230,123,107
050,12,029,"Florida","Dixie County",4,40,209,120,89
050,12,029,"Florida","Dixie County",4,41,226,145,81
050,12,029,"Florida","Dixie County",4,42,221,142,79
050,12,029,"Florida","Dixie County",4,43,195,108,87
050,12,029,"Florida","Dixie County",4,44,199,126,73
050,12,029,"Florida","Dixie County",4,45,198,124,74
050,12,029,"Florida","Dixie County",4,46,171,110,61
050,12,029,"Florida","Dixie County",4,47,210,129,81
050,12,029,"Florida","Dixie County",4,48,194,128,66
050,12,029,"Florida","Dixie County",4,49,196,111,85
050,12,029,"Florida","Dixie County",4,50,190,113,77
050,12,029,"Florida","Dixie County",4,51,210,123,87
050,12,029,"Florida","Dixie County",4,52,218,122,96
050,12,029,"Florida","Dixie County",4,53,223,129,94
050,12,029,"Florida","Dixie County",4,54,222,124,98
050,12,029,"Florida","Dixie County",4,55,219,113,106
050,12,029,"Florida","Dixie County",4,56,234,113,121
050,12,029,"Florida","Dixie County",4,57,254,129,125
050,12,029,"Florida","Dixie County",4,58,234,111,123
050,12,029,"Florida","Dixie County",4,59,235,130,105
050,12,029,"Florida","Dixie County",4,60,272,128,144
050,12,029,"Florida","Dixie County",4,61,270,137,133
050,12,029,"Florida","Dixie County",4,62,270,136,134
050,12,029,"Florida","Dixie County",4,63,273,135,138
050,12,029,"Florida","Dixie County",4,64,291,153,138
050,12,029,"Florida","Dixie County",4,65,297,154,143
050,12,029,"Florida","Dixie County",4,66,262,139,123
050,12,029,"Florida","Dixie County",4,67,242,122,120
050,12,029,"Florida","Dixie County",4,68,260,125,135
050,12,029,"Florida","Dixie County",4,69,227,118,109
050,12,029,"Florida","Dixie County",4,70,220,109,111
050,12,029,"Florida","Dixie County",4,71,224,109,115
050,12,029,"Florida","Dixie County",4,72,220,114,106
050,12,029,"Florida","Dixie County",4,73,221,116,105
050,12,029,"Florida","Dixie County",4,74,225,117,108
050,12,029,"Florida","Dixie County",4,75,236,121,115
050,12,029,"Florida","Dixie County",4,76,168,79,89
050,12,029,"Florida","Dixie County",4,77,158,81,77
050,12,029,"Florida","Dixie County",4,78,158,85,73
050,12,029,"Florida","Dixie County",4,79,149,71,78
050,12,029,"Florida","Dixie County",4,80,125,65,60
050,12,029,"Florida","Dixie County",4,81,111,60,51
050,12,029,"Florida","Dixie County",4,82,117,62,55
050,12,029,"Florida","Dixie County",4,83,99,51,48
050,12,029,"Florida","Dixie County",4,84,87,37,50
050,12,029,"Florida","Dixie County",4,85,414,207,207
050,12,029,"Florida","Dixie County",5,0,155,75,80
050,12,029,"Florida","Dixie County",5,1,153,75,78
050,12,029,"Florida","Dixie County",5,2,184,101,83
050,12,029,"Florida","Dixie County",5,3,151,81,70
050,12,029,"Florida","Dixie County",5,4,146,77,69
050,12,029,"Florida","Dixie County",5,5,179,84,95
050,12,029,"Florida","Dixie County",5,6,153,71,82
050,12,029,"Florida","Dixie County",5,7,157,76,81
050,12,029,"Florida","Dixie County",5,8,181,96,85
050,12,029,"Florida","Dixie County",5,9,168,92,76
050,12,029,"Florida","Dixie County",5,10,187,108,79
050,12,029,"Florida","Dixie County",5,11,165,84,81
050,12,029,"Florida","Dixie County",5,12,183,101,82
050,12,029,"Florida","Dixie County",5,13,193,89,104
050,12,029,"Florida","Dixie County",5,14,194,92,102
050,12,029,"Florida","Dixie County",5,15,207,99,108
050,12,029,"Florida","Dixie County",5,16,210,113,97
050,12,029,"Florida","Dixie County",5,17,198,100,98
050,12,029,"Florida","Dixie County",5,18,159,91,68
050,12,029,"Florida","Dixie County",5,19,123,61,62
050,12,029,"Florida","Dixie County",5,20,119,66,53
050,12,029,"Florida","Dixie County",5,21,180,108,72
050,12,029,"Florida","Dixie County",5,22,205,121,84
050,12,029,"Florida","Dixie County",5,23,215,147,68
050,12,029,"Florida","Dixie County",5,24,202,131,71
050,12,029,"Florida","Dixie County",5,25,191,131,60
050,12,029,"Florida","Dixie County",5,26,186,113,73
050,12,029,"Florida","Dixie County",5,27,169,110,59
050,12,029,"Florida","Dixie County",5,28,182,114,68
050,12,029,"Florida","Dixie County",5,29,183,112,71
050,12,029,"Florida","Dixie County",5,30,209,145,64
050,12,029,"Florida","Dixie County",5,31,209,117,92
050,12,029,"Florida","Dixie County",5,32,201,103,98
050,12,029,"Florida","Dixie County",5,33,204,122,82
050,12,029,"Florida","Dixie County",5,34,212,129,83
050,12,029,"Florida","Dixie County",5,35,188,113,75
050,12,029,"Florida","Dixie County",5,36,212,122,90
050,12,029,"Florida","Dixie County",5,37,206,126,80
050,12,029,"Florida","Dixie County",5,38,217,128,89
050,12,029,"Florida","Dixie County",5,39,229,135,94
050,12,029,"Florida","Dixie County",5,40,218,120,98
050,12,029,"Florida","Dixie County",5,41,217,133,84
050,12,029,"Florida","Dixie County",5,42,230,145,85
050,12,029,"Florida","Dixie County",5,43,203,127,76
050,12,029,"Florida","Dixie County",5,44,206,118,88
050,12,029,"Florida","Dixie County",5,45,192,114,78
050,12,029,"Florida","Dixie County",5,46,203,128,75
050,12,029,"Florida","Dixie County",5,47,211,138,73
050,12,029,"Florida","Dixie County",5,48,218,131,87
050,12,029,"Florida","Dixie County",5,49,181,114,67
050,12,029,"Florida","Dixie County",5,50,213,121,92
050,12,029,"Florida","Dixie County",5,51,204,118,86
050,12,029,"Florida","Dixie County",5,52,216,126,90
050,12,029,"Florida","Dixie County",5,53,227,125,102
050,12,029,"Florida","Dixie County",5,54,216,120,96
050,12,029,"Florida","Dixie County",5,55,236,125,111
050,12,029,"Florida","Dixie County",5,56,203,95,108
050,12,029,"Florida","Dixie County",5,57,255,125,130
050,12,029,"Florida","Dixie County",5,58,260,128,132
050,12,029,"Florida","Dixie County",5,59,241,116,125
050,12,029,"Florida","Dixie County",5,60,243,131,112
050,12,029,"Florida","Dixie County",5,61,289,127,162
050,12,029,"Florida","Dixie County",5,62,290,151,139
050,12,029,"Florida","Dixie County",5,63,280,145,135
050,12,029,"Florida","Dixie County",5,64,281,138,143
050,12,029,"Florida","Dixie County",5,65,288,149,139
050,12,029,"Florida","Dixie County",5,66,309,162,147
050,12,029,"Florida","Dixie County",5,67,273,147,126
050,12,029,"Florida","Dixie County",5,68,240,116,124
050,12,029,"Florida","Dixie County",5,69,260,130,130
050,12,029,"Florida","Dixie County",5,70,229,119,110
050,12,029,"Florida","Dixie County",5,71,213,106,107
050,12,029,"Florida","Dixie County",5,72,217,106,111
050,12,029,"Florida","Dixie County",5,73,221,118,103
050,12,029,"Florida","Dixie County",5,74,211,109,102
050,12,029,"Florida","Dixie County",5,75,218,111,107
050,12,029,"Florida","Dixie County",5,76,222,115,107
050,12,029,"Florida","Dixie County",5,77,160,74,86
050,12,029,"Florida","Dixie County",5,78,141,76,65
050,12,029,"Florida","Dixie County",5,79,144,74,70
050,12,029,"Florida","Dixie County",5,80,134,66,68
050,12,029,"Florida","Dixie County",5,81,119,60,59
050,12,029,"Florida","Dixie County",5,82,104,53,51
050,12,029,"Florida","Dixie County",5,83,109,59,50
050,12,029,"Florida","Dixie County",5,84,89,43,46
050,12,029,"Florida","Dixie County",5,85,466,230,236
050,12,031,"Florida","Duval County",1,0,13130,6691,6439
050,12,031,"Florida","Duval County",1,1,13040,6693,6347
050,12,031,"Florida","Duval County",1,2,13257,6708,6549
050,12,031,"Florida","Duval County",1,3,13332,6758,6574
050,12,031,"Florida","Duval County",1,4,13299,6812,6487
050,12,031,"Florida","Duval County",1,5,13065,6705,6360
050,12,031,"Florida","Duval County",1,6,12761,6510,6251
050,12,031,"Florida","Duval County",1,7,12551,6394,6157
050,12,031,"Florida","Duval County",1,8,12475,6390,6085
050,12,031,"Florida","Duval County",1,9,12504,6417,6087
050,12,031,"Florida","Duval County",1,10,12347,6231,6116
050,12,031,"Florida","Duval County",1,11,12615,6329,6286
050,12,031,"Florida","Duval County",1,12,12741,6444,6297
050,12,031,"Florida","Duval County",1,13,12599,6475,6124
050,12,031,"Florida","Duval County",1,14,12123,6227,5896
050,12,031,"Florida","Duval County",1,15,11728,5983,5745
050,12,031,"Florida","Duval County",1,16,11616,5938,5678
050,12,031,"Florida","Duval County",1,17,11188,5694,5494
050,12,031,"Florida","Duval County",1,18,11287,5673,5614
050,12,031,"Florida","Duval County",1,19,11670,5918,5752
050,12,031,"Florida","Duval County",1,20,11379,5808,5571
050,12,031,"Florida","Duval County",1,21,11749,6051,5698
050,12,031,"Florida","Duval County",1,22,12327,6232,6095
050,12,031,"Florida","Duval County",1,23,13209,6556,6653
050,12,031,"Florida","Duval County",1,24,13982,6961,7021
050,12,031,"Florida","Duval County",1,25,14619,7211,7408
050,12,031,"Florida","Duval County",1,26,15800,7848,7952
050,12,031,"Florida","Duval County",1,27,16327,8099,8228
050,12,031,"Florida","Duval County",1,28,16836,8346,8490
050,12,031,"Florida","Duval County",1,29,17438,8641,8797
050,12,031,"Florida","Duval County",1,30,17122,8443,8679
050,12,031,"Florida","Duval County",1,31,16587,8153,8434
050,12,031,"Florida","Duval County",1,32,16175,7920,8255
050,12,031,"Florida","Duval County",1,33,15636,7789,7847
050,12,031,"Florida","Duval County",1,34,15236,7494,7742
050,12,031,"Florida","Duval County",1,35,14782,7353,7429
050,12,031,"Florida","Duval County",1,36,14343,7179,7164
050,12,031,"Florida","Duval County",1,37,14128,6957,7171
050,12,031,"Florida","Duval County",1,38,13677,6667,7010
050,12,031,"Florida","Duval County",1,39,13515,6659,6856
050,12,031,"Florida","Duval County",1,40,12945,6408,6537
050,12,031,"Florida","Duval County",1,41,12284,6034,6250
050,12,031,"Florida","Duval County",1,42,11746,5769,5977
050,12,031,"Florida","Duval County",1,43,11428,5597,5831
050,12,031,"Florida","Duval County",1,44,11120,5357,5763
050,12,031,"Florida","Duval County",1,45,11329,5489,5840
050,12,031,"Florida","Duval County",1,46,11123,5404,5719
050,12,031,"Florida","Duval County",1,47,11512,5571,5941
050,12,031,"Florida","Duval County",1,48,12332,6012,6320
050,12,031,"Florida","Duval County",1,49,13041,6353,6688
050,12,031,"Florida","Duval County",1,50,12357,6064,6293
050,12,031,"Florida","Duval County",1,51,12003,5889,6114
050,12,031,"Florida","Duval County",1,52,11827,5785,6042
050,12,031,"Florida","Duval County",1,53,12023,5794,6229
050,12,031,"Florida","Duval County",1,54,12331,5933,6398
050,12,031,"Florida","Duval County",1,55,13013,6271,6742
050,12,031,"Florida","Duval County",1,56,13323,6417,6906
050,12,031,"Florida","Duval County",1,57,13236,6357,6879
050,12,031,"Florida","Duval County",1,58,13355,6331,7024
050,12,031,"Florida","Duval County",1,59,13255,6351,6904
050,12,031,"Florida","Duval County",1,60,12898,6190,6708
050,12,031,"Florida","Duval County",1,61,12602,5930,6672
050,12,031,"Florida","Duval County",1,62,12492,5878,6614
050,12,031,"Florida","Duval County",1,63,11934,5596,6338
050,12,031,"Florida","Duval County",1,64,11507,5315,6192
050,12,031,"Florida","Duval County",1,65,10979,4987,5992
050,12,031,"Florida","Duval County",1,66,10535,4871,5664
050,12,031,"Florida","Duval County",1,67,9941,4613,5328
050,12,031,"Florida","Duval County",1,68,9405,4325,5080
050,12,031,"Florida","Duval County",1,69,9041,4087,4954
050,12,031,"Florida","Duval County",1,70,8529,3798,4731
050,12,031,"Florida","Duval County",1,71,8370,3752,4618
050,12,031,"Florida","Duval County",1,72,8379,3838,4541
050,12,031,"Florida","Duval County",1,73,8286,3815,4471
050,12,031,"Florida","Duval County",1,74,5808,2639,3169
050,12,031,"Florida","Duval County",1,75,5617,2524,3093
050,12,031,"Florida","Duval County",1,76,5445,2388,3057
050,12,031,"Florida","Duval County",1,77,5262,2277,2985
050,12,031,"Florida","Duval County",1,78,4462,1875,2587
050,12,031,"Florida","Duval County",1,79,3901,1615,2286
050,12,031,"Florida","Duval County",1,80,3652,1448,2204
050,12,031,"Florida","Duval County",1,81,3365,1385,1980
050,12,031,"Florida","Duval County",1,82,3135,1301,1834
050,12,031,"Florida","Duval County",1,83,2780,1087,1693
050,12,031,"Florida","Duval County",1,84,2552,986,1566
050,12,031,"Florida","Duval County",1,85,14911,4740,10171
050,12,031,"Florida","Duval County",2,0,12775,6572,6203
050,12,031,"Florida","Duval County",2,1,13010,6666,6344
050,12,031,"Florida","Duval County",2,2,13212,6712,6500
050,12,031,"Florida","Duval County",2,3,13250,6714,6536
050,12,031,"Florida","Duval County",2,4,13302,6794,6508
050,12,031,"Florida","Duval County",2,5,13113,6729,6384
050,12,031,"Florida","Duval County",2,6,12840,6555,6285
050,12,031,"Florida","Duval County",2,7,12576,6404,6172
050,12,031,"Florida","Duval County",2,8,12445,6366,6079
050,12,031,"Florida","Duval County",2,9,12471,6395,6076
050,12,031,"Florida","Duval County",2,10,12365,6260,6105
050,12,031,"Florida","Duval County",2,11,12461,6251,6210
050,12,031,"Florida","Duval County",2,12,12747,6433,6314
050,12,031,"Florida","Duval County",2,13,12606,6452,6154
050,12,031,"Florida","Duval County",2,14,12208,6264,5944
050,12,031,"Florida","Duval County",2,15,11817,6041,5776
050,12,031,"Florida","Duval County",2,16,11662,5965,5697
050,12,031,"Florida","Duval County",2,17,11317,5765,5552
050,12,031,"Florida","Duval County",2,18,11396,5719,5677
050,12,031,"Florida","Duval County",2,19,11953,6044,5909
050,12,031,"Florida","Duval County",2,20,11676,5944,5732
050,12,031,"Florida","Duval County",2,21,11848,6095,5753
050,12,031,"Florida","Duval County",2,22,12451,6295,6156
050,12,031,"Florida","Duval County",2,23,13240,6589,6651
050,12,031,"Florida","Duval County",2,24,13901,6896,7005
050,12,031,"Florida","Duval County",2,25,14608,7218,7390
050,12,031,"Florida","Duval County",2,26,15642,7768,7874
050,12,031,"Florida","Duval County",2,27,16218,8053,8165
050,12,031,"Florida","Duval County",2,28,16750,8311,8439
050,12,031,"Florida","Duval County",2,29,17299,8566,8733
050,12,031,"Florida","Duval County",2,30,17253,8512,8741
050,12,031,"Florida","Duval County",2,31,16646,8183,8463
050,12,031,"Florida","Duval County",2,32,16193,7924,8269
050,12,031,"Florida","Duval County",2,33,15710,7806,7904
050,12,031,"Florida","Duval County",2,34,15264,7531,7733
050,12,031,"Florida","Duval County",2,35,14907,7393,7514
050,12,031,"Florida","Duval County",2,36,14337,7158,7179
050,12,031,"Florida","Duval County",2,37,14165,6988,7177
050,12,031,"Florida","Duval County",2,38,13820,6751,7069
050,12,031,"Florida","Duval County",2,39,13454,6605,6849
050,12,031,"Florida","Duval County",2,40,13176,6515,6661
050,12,031,"Florida","Duval County",2,41,12381,6098,6283
050,12,031,"Florida","Duval County",2,42,11806,5804,6002
050,12,031,"Florida","Duval County",2,43,11559,5648,5911
050,12,031,"Florida","Duval County",2,44,11097,5369,5728
050,12,031,"Florida","Duval County",2,45,11312,5476,5836
050,12,031,"Florida","Duval County",2,46,11128,5396,5732
050,12,031,"Florida","Duval County",2,47,11390,5517,5873
050,12,031,"Florida","Duval County",2,48,12172,5923,6249
050,12,031,"Florida","Duval County",2,49,12897,6278,6619
050,12,031,"Florida","Duval County",2,50,12530,6133,6397
050,12,031,"Florida","Duval County",2,51,11998,5883,6115
050,12,031,"Florida","Duval County",2,52,11864,5812,6052
050,12,031,"Florida","Duval County",2,53,11959,5779,6180
050,12,031,"Florida","Duval County",2,54,12230,5879,6351
050,12,031,"Florida","Duval County",2,55,12846,6184,6662
050,12,031,"Florida","Duval County",2,56,13284,6399,6885
050,12,031,"Florida","Duval County",2,57,13262,6369,6893
050,12,031,"Florida","Duval County",2,58,13306,6321,6985
050,12,031,"Florida","Duval County",2,59,13284,6347,6937
050,12,031,"Florida","Duval County",2,60,12975,6224,6751
050,12,031,"Florida","Duval County",2,61,12641,5970,6671
050,12,031,"Florida","Duval County",2,62,12460,5857,6603
050,12,031,"Florida","Duval County",2,63,12130,5690,6440
050,12,031,"Florida","Duval County",2,64,11520,5328,6192
050,12,031,"Florida","Duval County",2,65,11067,5047,6020
050,12,031,"Florida","Duval County",2,66,10618,4890,5728
050,12,031,"Florida","Duval County",2,67,10011,4631,5380
050,12,031,"Florida","Duval County",2,68,9446,4354,5092
050,12,031,"Florida","Duval County",2,69,9143,4144,4999
050,12,031,"Florida","Duval County",2,70,8611,3847,4764
050,12,031,"Florida","Duval County",2,71,8392,3754,4638
050,12,031,"Florida","Duval County",2,72,8224,3754,4470
050,12,031,"Florida","Duval County",2,73,8601,3955,4646
050,12,031,"Florida","Duval County",2,74,6016,2737,3279
050,12,031,"Florida","Duval County",2,75,5658,2550,3108
050,12,031,"Florida","Duval County",2,76,5396,2370,3026
050,12,031,"Florida","Duval County",2,77,5371,2316,3055
050,12,031,"Florida","Duval County",2,78,4538,1922,2616
050,12,031,"Florida","Duval County",2,79,3965,1638,2327
050,12,031,"Florida","Duval County",2,80,3700,1480,2220
050,12,031,"Florida","Duval County",2,81,3364,1380,1984
050,12,031,"Florida","Duval County",2,82,3170,1312,1858
050,12,031,"Florida","Duval County",2,83,2814,1108,1706
050,12,031,"Florida","Duval County",2,84,2562,987,1575
050,12,031,"Florida","Duval County",2,85,15002,4770,10232
050,12,031,"Florida","Duval County",3,0,12402,6315,6087
050,12,031,"Florida","Duval County",3,1,12724,6572,6152
050,12,031,"Florida","Duval County",3,2,12843,6612,6231
050,12,031,"Florida","Duval County",3,3,13058,6638,6420
050,12,031,"Florida","Duval County",3,4,13170,6685,6485
050,12,031,"Florida","Duval County",3,5,13193,6811,6382
050,12,031,"Florida","Duval County",3,6,12995,6623,6372
050,12,031,"Florida","Duval County",3,7,12764,6502,6262
050,12,031,"Florida","Duval County",3,8,12466,6352,6114
050,12,031,"Florida","Duval County",3,9,12387,6312,6075
050,12,031,"Florida","Duval County",3,10,12359,6336,6023
050,12,031,"Florida","Duval County",3,11,12254,6194,6060
050,12,031,"Florida","Duval County",3,12,12384,6212,6172
050,12,031,"Florida","Duval County",3,13,12654,6399,6255
050,12,031,"Florida","Duval County",3,14,12468,6374,6094
050,12,031,"Florida","Duval County",3,15,12145,6227,5918
050,12,031,"Florida","Duval County",3,16,11806,6029,5777
050,12,031,"Florida","Duval County",3,17,11672,5983,5689
050,12,031,"Florida","Duval County",3,18,11539,5856,5683
050,12,031,"Florida","Duval County",3,19,12067,6120,5947
050,12,031,"Florida","Duval County",3,20,11937,6045,5892
050,12,031,"Florida","Duval County",3,21,12230,6207,6023
050,12,031,"Florida","Duval County",3,22,12597,6341,6256
050,12,031,"Florida","Duval County",3,23,13397,6689,6708
050,12,031,"Florida","Duval County",3,24,13882,6870,7012
050,12,031,"Florida","Duval County",3,25,14471,7144,7327
050,12,031,"Florida","Duval County",3,26,15165,7530,7635
050,12,031,"Florida","Duval County",3,27,15726,7788,7938
050,12,031,"Florida","Duval County",3,28,16231,8070,8161
050,12,031,"Florida","Duval County",3,29,16823,8358,8465
050,12,031,"Florida","Duval County",3,30,17193,8498,8695
050,12,031,"Florida","Duval County",3,31,17144,8437,8707
050,12,031,"Florida","Duval County",3,32,16433,8042,8391
050,12,031,"Florida","Duval County",3,33,16066,7899,8167
050,12,031,"Florida","Duval County",3,34,15508,7736,7772
050,12,031,"Florida","Duval County",3,35,15031,7389,7642
050,12,031,"Florida","Duval County",3,36,14687,7224,7463
050,12,031,"Florida","Duval County",3,37,14089,6940,7149
050,12,031,"Florida","Duval County",3,38,13987,6885,7102
050,12,031,"Florida","Duval County",3,39,13615,6643,6972
050,12,031,"Florida","Duval County",3,40,13405,6579,6826
050,12,031,"Florida","Duval County",3,41,13029,6402,6627
050,12,031,"Florida","Duval County",3,42,12283,6009,6274
050,12,031,"Florida","Duval County",3,43,11711,5718,5993
050,12,031,"Florida","Duval County",3,44,11484,5606,5878
050,12,031,"Florida","Duval County",3,45,11112,5344,5768
050,12,031,"Florida","Duval County",3,46,11365,5501,5864
050,12,031,"Florida","Duval County",3,47,11122,5361,5761
050,12,031,"Florida","Duval County",3,48,11366,5510,5856
050,12,031,"Florida","Duval County",3,49,12120,5888,6232
050,12,031,"Florida","Duval County",3,50,12850,6261,6589
050,12,031,"Florida","Duval County",3,51,12378,6072,6306
050,12,031,"Florida","Duval County",3,52,11981,5875,6106
050,12,031,"Florida","Duval County",3,53,11772,5747,6025
050,12,031,"Florida","Duval County",3,54,11887,5699,6188
050,12,031,"Florida","Duval County",3,55,12182,5858,6324
050,12,031,"Florida","Duval County",3,56,12788,6114,6674
050,12,031,"Florida","Duval County",3,57,13188,6303,6885
050,12,031,"Florida","Duval County",3,58,13180,6316,6864
050,12,031,"Florida","Duval County",3,59,13130,6230,6900
050,12,031,"Florida","Duval County",3,60,13118,6259,6859
050,12,031,"Florida","Duval County",3,61,12891,6153,6738
050,12,031,"Florida","Duval County",3,62,12413,5825,6588
050,12,031,"Florida","Duval County",3,63,12300,5781,6519
050,12,031,"Florida","Duval County",3,64,11912,5548,6364
050,12,031,"Florida","Duval County",3,65,11272,5184,6088
050,12,031,"Florida","Duval County",3,66,10866,4931,5935
050,12,031,"Florida","Duval County",3,67,10376,4732,5644
050,12,031,"Florida","Duval County",3,68,9795,4474,5321
050,12,031,"Florida","Duval County",3,69,9254,4257,4997
050,12,031,"Florida","Duval County",3,70,8856,3982,4874
050,12,031,"Florida","Duval County",3,71,8455,3717,4738
050,12,031,"Florida","Duval County",3,72,8165,3650,4515
050,12,031,"Florida","Duval County",3,73,7931,3576,4355
050,12,031,"Florida","Duval County",3,74,8336,3816,4520
050,12,031,"Florida","Duval County",3,75,5842,2676,3166
050,12,031,"Florida","Duval County",3,76,5417,2379,3038
050,12,031,"Florida","Duval County",3,77,5218,2254,2964
050,12,031,"Florida","Duval County",3,78,5157,2205,2952
050,12,031,"Florida","Duval County",3,79,4321,1798,2523
050,12,031,"Florida","Duval County",3,80,3847,1549,2298
050,12,031,"Florida","Duval County",3,81,3427,1357,2070
050,12,031,"Florida","Duval County",3,82,3203,1306,1897
050,12,031,"Florida","Duval County",3,83,2940,1204,1736
050,12,031,"Florida","Duval County",3,84,2574,984,1590
050,12,031,"Florida","Duval County",3,85,14993,4750,10243
050,12,031,"Florida","Duval County",4,0,12725,6551,6174
050,12,031,"Florida","Duval County",4,1,12393,6380,6013
050,12,031,"Florida","Duval County",4,2,12713,6563,6150
050,12,031,"Florida","Duval County",4,3,12983,6650,6333
050,12,031,"Florida","Duval County",4,4,13111,6630,6481
050,12,031,"Florida","Duval County",4,5,13178,6696,6482
050,12,031,"Florida","Duval County",4,6,13336,6867,6469
050,12,031,"Florida","Duval County",4,7,13066,6669,6397
050,12,031,"Florida","Duval County",4,8,12836,6528,6308
050,12,031,"Florida","Duval County",4,9,12544,6406,6138
050,12,031,"Florida","Duval County",4,10,12512,6382,6130
050,12,031,"Florida","Duval County",4,11,12448,6408,6040
050,12,031,"Florida","Duval County",4,12,12263,6207,6056
050,12,031,"Florida","Duval County",4,13,12484,6299,6185
050,12,031,"Florida","Duval County",4,14,12702,6417,6285
050,12,031,"Florida","Duval County",4,15,12512,6360,6152
050,12,031,"Florida","Duval County",4,16,12344,6368,5976
050,12,031,"Florida","Duval County",4,17,11986,6119,5867
050,12,031,"Florida","Duval County",4,18,11874,6036,5838
050,12,031,"Florida","Duval County",4,19,12124,6205,5919
050,12,031,"Florida","Duval County",4,20,11681,5916,5765
050,12,031,"Florida","Duval County",4,21,12380,6304,6076
050,12,031,"Florida","Duval County",4,22,12969,6461,6508
050,12,031,"Florida","Duval County",4,23,13575,6748,6827
050,12,031,"Florida","Duval County",4,24,14154,7002,7152
050,12,031,"Florida","Duval County",4,25,14640,7219,7421
050,12,031,"Florida","Duval County",4,26,15137,7482,7655
050,12,031,"Florida","Duval County",4,27,15414,7628,7786
050,12,031,"Florida","Duval County",4,28,15978,7897,8081
050,12,031,"Florida","Duval County",4,29,16412,8098,8314
050,12,031,"Florida","Duval County",4,30,17053,8446,8607
050,12,031,"Florida","Duval County",4,31,17251,8489,8762
050,12,031,"Florida","Duval County",4,32,17190,8458,8732
050,12,031,"Florida","Duval County",4,33,16647,8195,8452
050,12,031,"Florida","Duval County",4,34,16082,7914,8168
050,12,031,"Florida","Duval County",4,35,15598,7784,7814
050,12,031,"Florida","Duval County",4,36,15173,7469,7704
050,12,031,"Florida","Duval County",4,37,14702,7196,7506
050,12,031,"Florida","Duval County",4,38,14109,6965,7144
050,12,031,"Florida","Duval County",4,39,14049,6919,7130
050,12,031,"Florida","Duval County",4,40,13800,6735,7065
050,12,031,"Florida","Duval County",4,41,13359,6495,6864
050,12,031,"Florida","Duval County",4,42,13162,6435,6727
050,12,031,"Florida","Duval County",4,43,12305,5967,6338
050,12,031,"Florida","Duval County",4,44,11844,5752,6092
050,12,031,"Florida","Duval County",4,45,11616,5667,5949
050,12,031,"Florida","Duval County",4,46,11194,5346,5848
050,12,031,"Florida","Duval County",4,47,11412,5541,5871
050,12,031,"Florida","Duval County",4,48,11182,5388,5794
050,12,031,"Florida","Duval County",4,49,11437,5516,5921
050,12,031,"Florida","Duval County",4,50,12215,5902,6313
050,12,031,"Florida","Duval County",4,51,12770,6173,6597
050,12,031,"Florida","Duval County",4,52,12451,6066,6385
050,12,031,"Florida","Duval County",4,53,12041,5864,6177
050,12,031,"Florida","Duval County",4,54,11812,5713,6099
050,12,031,"Florida","Duval County",4,55,11858,5687,6171
050,12,031,"Florida","Duval County",4,56,12130,5849,6281
050,12,031,"Florida","Duval County",4,57,12760,6103,6657
050,12,031,"Florida","Duval County",4,58,13153,6222,6931
050,12,031,"Florida","Duval County",4,59,13031,6245,6786
050,12,031,"Florida","Duval County",4,60,13049,6152,6897
050,12,031,"Florida","Duval County",4,61,13083,6258,6825
050,12,031,"Florida","Duval County",4,62,12728,6049,6679
050,12,031,"Florida","Duval County",4,63,12334,5765,6569
050,12,031,"Florida","Duval County",4,64,12121,5697,6424
050,12,031,"Florida","Duval County",4,65,11642,5352,6290
050,12,031,"Florida","Duval County",4,66,11107,5073,6034
050,12,031,"Florida","Duval County",4,67,10614,4770,5844
050,12,031,"Florida","Duval County",4,68,10235,4614,5621
050,12,031,"Florida","Duval County",4,69,9588,4348,5240
050,12,031,"Florida","Duval County",4,70,8990,4078,4912
050,12,031,"Florida","Duval County",4,71,8738,3842,4896
050,12,031,"Florida","Duval County",4,72,8235,3615,4620
050,12,031,"Florida","Duval County",4,73,7933,3498,4435
050,12,031,"Florida","Duval County",4,74,7672,3418,4254
050,12,031,"Florida","Duval County",4,75,8173,3746,4427
050,12,031,"Florida","Duval County",4,76,5623,2527,3096
050,12,031,"Florida","Duval County",4,77,5300,2323,2977
050,12,031,"Florida","Duval County",4,78,5056,2169,2887
050,12,031,"Florida","Duval County",4,79,4923,2079,2844
050,12,031,"Florida","Duval County",4,80,4192,1713,2479
050,12,031,"Florida","Duval County",4,81,3608,1446,2162
050,12,031,"Florida","Duval County",4,82,3263,1263,2000
050,12,031,"Florida","Duval County",4,83,3032,1221,1811
050,12,031,"Florida","Duval County",4,84,2741,1116,1625
050,12,031,"Florida","Duval County",4,85,15171,4817,10354
050,12,031,"Florida","Duval County",5,0,12910,6628,6282
050,12,031,"Florida","Duval County",5,1,12773,6661,6112
050,12,031,"Florida","Duval County",5,2,12472,6429,6043
050,12,031,"Florida","Duval County",5,3,12677,6547,6130
050,12,031,"Florida","Duval County",5,4,13025,6566,6459
050,12,031,"Florida","Duval County",5,5,13011,6595,6416
050,12,031,"Florida","Duval County",5,6,13222,6709,6513
050,12,031,"Florida","Duval County",5,7,13369,6876,6493
050,12,031,"Florida","Duval County",5,8,13030,6648,6382
050,12,031,"Florida","Duval County",5,9,12753,6479,6274
050,12,031,"Florida","Duval County",5,10,12661,6519,6142
050,12,031,"Florida","Duval County",5,11,12548,6405,6143
050,12,031,"Florida","Duval County",5,12,12419,6349,6070
050,12,031,"Florida","Duval County",5,13,12280,6210,6070
050,12,031,"Florida","Duval County",5,14,12554,6327,6227
050,12,031,"Florida","Duval County",5,15,12831,6505,6326
050,12,031,"Florida","Duval County",5,16,12696,6529,6167
050,12,031,"Florida","Duval County",5,17,12412,6384,6028
050,12,031,"Florida","Duval County",5,18,12095,6143,5952
050,12,031,"Florida","Duval County",5,19,12395,6382,6013
050,12,031,"Florida","Duval County",5,20,11659,6028,5631
050,12,031,"Florida","Duval County",5,21,12165,6212,5953
050,12,031,"Florida","Duval County",5,22,13112,6557,6555
050,12,031,"Florida","Duval County",5,23,14148,7018,7130
050,12,031,"Florida","Duval County",5,24,14360,7078,7282
050,12,031,"Florida","Duval County",5,25,14915,7382,7533
050,12,031,"Florida","Duval County",5,26,15263,7554,7709
050,12,031,"Florida","Duval County",5,27,15342,7604,7738
050,12,031,"Florida","Duval County",5,28,15557,7682,7875
050,12,031,"Florida","Duval County",5,29,16194,7974,8220
050,12,031,"Florida","Duval County",5,30,16484,8080,8404
050,12,031,"Florida","Duval County",5,31,17200,8408,8792
050,12,031,"Florida","Duval County",5,32,17239,8470,8769
050,12,031,"Florida","Duval County",5,33,17284,8482,8802
050,12,031,"Florida","Duval County",5,34,16681,8222,8459
050,12,031,"Florida","Duval County",5,35,16123,7939,8184
050,12,031,"Florida","Duval County",5,36,15635,7823,7812
050,12,031,"Florida","Duval County",5,37,15133,7436,7697
050,12,031,"Florida","Duval County",5,38,14688,7223,7465
050,12,031,"Florida","Duval County",5,39,14236,7098,7138
050,12,031,"Florida","Duval County",5,40,14228,6977,7251
050,12,031,"Florida","Duval County",5,41,13802,6691,7111
050,12,031,"Florida","Duval County",5,42,13452,6521,6931
050,12,031,"Florida","Duval County",5,43,13119,6417,6702
050,12,031,"Florida","Duval County",5,44,12425,6004,6421
050,12,031,"Florida","Duval County",5,45,11942,5749,6193
050,12,031,"Florida","Duval County",5,46,11700,5701,5999
050,12,031,"Florida","Duval County",5,47,11253,5350,5903
050,12,031,"Florida","Duval County",5,48,11489,5568,5921
050,12,031,"Florida","Duval County",5,49,11317,5435,5882
050,12,031,"Florida","Duval County",5,50,11459,5502,5957
050,12,031,"Florida","Duval County",5,51,12166,5851,6315
050,12,031,"Florida","Duval County",5,52,12873,6223,6650
050,12,031,"Florida","Duval County",5,53,12554,6105,6449
050,12,031,"Florida","Duval County",5,54,12087,5840,6247
050,12,031,"Florida","Duval County",5,55,11856,5750,6106
050,12,031,"Florida","Duval County",5,56,11906,5675,6231
050,12,031,"Florida","Duval County",5,57,12110,5850,6260
050,12,031,"Florida","Duval County",5,58,12722,6037,6685
050,12,031,"Florida","Duval County",5,59,13032,6132,6900
050,12,031,"Florida","Duval County",5,60,12981,6246,6735
050,12,031,"Florida","Duval County",5,61,12984,6126,6858
050,12,031,"Florida","Duval County",5,62,12976,6189,6787
050,12,031,"Florida","Duval County",5,63,12613,5987,6626
050,12,031,"Florida","Duval County",5,64,12260,5710,6550
050,12,031,"Florida","Duval County",5,65,11968,5571,6397
050,12,031,"Florida","Duval County",5,66,11472,5258,6214
050,12,031,"Florida","Duval County",5,67,10924,4977,5947
050,12,031,"Florida","Duval County",5,68,10487,4683,5804
050,12,031,"Florida","Duval County",5,69,10080,4509,5571
050,12,031,"Florida","Duval County",5,70,9375,4229,5146
050,12,031,"Florida","Duval County",5,71,8844,3951,4893
050,12,031,"Florida","Duval County",5,72,8530,3776,4754
050,12,031,"Florida","Duval County",5,73,8030,3477,4553
050,12,031,"Florida","Duval County",5,74,7707,3366,4341
050,12,031,"Florida","Duval County",5,75,7455,3316,4139
050,12,031,"Florida","Duval County",5,76,7863,3558,4305
050,12,031,"Florida","Duval County",5,77,5507,2455,3052
050,12,031,"Florida","Duval County",5,78,5131,2239,2892
050,12,031,"Florida","Duval County",5,79,4830,2046,2784
050,12,031,"Florida","Duval County",5,80,4782,1988,2794
050,12,031,"Florida","Duval County",5,81,3953,1606,2347
050,12,031,"Florida","Duval County",5,82,3460,1377,2083
050,12,031,"Florida","Duval County",5,83,3070,1173,1897
050,12,031,"Florida","Duval County",5,84,2813,1122,1691
050,12,031,"Florida","Duval County",5,85,15684,5053,10631
050,12,033,"Florida","Escambia County",1,0,3753,1915,1838
050,12,033,"Florida","Escambia County",1,1,3760,1895,1865
050,12,033,"Florida","Escambia County",1,2,3823,1963,1860
050,12,033,"Florida","Escambia County",1,3,3885,2020,1865
050,12,033,"Florida","Escambia County",1,4,3892,1997,1895
050,12,033,"Florida","Escambia County",1,5,3804,1948,1856
050,12,033,"Florida","Escambia County",1,6,3847,1971,1876
050,12,033,"Florida","Escambia County",1,7,3781,1917,1864
050,12,033,"Florida","Escambia County",1,8,3767,1931,1836
050,12,033,"Florida","Escambia County",1,9,3620,1839,1781
050,12,033,"Florida","Escambia County",1,10,3808,1936,1872
050,12,033,"Florida","Escambia County",1,11,3835,2011,1824
050,12,033,"Florida","Escambia County",1,12,3927,2023,1904
050,12,033,"Florida","Escambia County",1,13,3924,1992,1932
050,12,033,"Florida","Escambia County",1,14,3807,1940,1867
050,12,033,"Florida","Escambia County",1,15,3607,1863,1744
050,12,033,"Florida","Escambia County",1,16,3636,1859,1777
050,12,033,"Florida","Escambia County",1,17,3537,1824,1713
050,12,033,"Florida","Escambia County",1,18,4766,2670,2096
050,12,033,"Florida","Escambia County",1,19,5854,3546,2308
050,12,033,"Florida","Escambia County",1,20,4918,2782,2136
050,12,033,"Florida","Escambia County",1,21,4672,2460,2212
050,12,033,"Florida","Escambia County",1,22,4620,2348,2272
050,12,033,"Florida","Escambia County",1,23,4978,2632,2346
050,12,033,"Florida","Escambia County",1,24,5036,2663,2373
050,12,033,"Florida","Escambia County",1,25,4874,2546,2328
050,12,033,"Florida","Escambia County",1,26,4881,2534,2347
050,12,033,"Florida","Escambia County",1,27,4913,2560,2353
050,12,033,"Florida","Escambia County",1,28,4936,2541,2395
050,12,033,"Florida","Escambia County",1,29,4990,2480,2510
050,12,033,"Florida","Escambia County",1,30,4879,2446,2433
050,12,033,"Florida","Escambia County",1,31,4703,2360,2343
050,12,033,"Florida","Escambia County",1,32,4394,2197,2197
050,12,033,"Florida","Escambia County",1,33,4161,2121,2040
050,12,033,"Florida","Escambia County",1,34,4206,2142,2064
050,12,033,"Florida","Escambia County",1,35,4116,2079,2037
050,12,033,"Florida","Escambia County",1,36,4018,2003,2015
050,12,033,"Florida","Escambia County",1,37,3986,2003,1983
050,12,033,"Florida","Escambia County",1,38,3847,1945,1902
050,12,033,"Florida","Escambia County",1,39,3803,1898,1905
050,12,033,"Florida","Escambia County",1,40,3562,1821,1741
050,12,033,"Florida","Escambia County",1,41,3415,1686,1729
050,12,033,"Florida","Escambia County",1,42,3440,1680,1760
050,12,033,"Florida","Escambia County",1,43,3334,1636,1698
050,12,033,"Florida","Escambia County",1,44,3241,1592,1649
050,12,033,"Florida","Escambia County",1,45,3233,1628,1605
050,12,033,"Florida","Escambia County",1,46,3140,1529,1611
050,12,033,"Florida","Escambia County",1,47,3456,1783,1673
050,12,033,"Florida","Escambia County",1,48,3697,1869,1828
050,12,033,"Florida","Escambia County",1,49,4006,1997,2009
050,12,033,"Florida","Escambia County",1,50,3643,1788,1855
050,12,033,"Florida","Escambia County",1,51,3604,1754,1850
050,12,033,"Florida","Escambia County",1,52,3511,1684,1827
050,12,033,"Florida","Escambia County",1,53,3666,1729,1937
050,12,033,"Florida","Escambia County",1,54,3926,1866,2060
050,12,033,"Florida","Escambia County",1,55,4201,2016,2185
050,12,033,"Florida","Escambia County",1,56,4346,2093,2253
050,12,033,"Florida","Escambia County",1,57,4430,2119,2311
050,12,033,"Florida","Escambia County",1,58,4550,2245,2305
050,12,033,"Florida","Escambia County",1,59,4532,2152,2380
050,12,033,"Florida","Escambia County",1,60,4550,2169,2381
050,12,033,"Florida","Escambia County",1,61,4420,2125,2295
050,12,033,"Florida","Escambia County",1,62,4413,2113,2300
050,12,033,"Florida","Escambia County",1,63,4236,2017,2219
050,12,033,"Florida","Escambia County",1,64,4123,1931,2192
050,12,033,"Florida","Escambia County",1,65,3998,1828,2170
050,12,033,"Florida","Escambia County",1,66,3772,1703,2069
050,12,033,"Florida","Escambia County",1,67,3646,1668,1978
050,12,033,"Florida","Escambia County",1,68,3489,1578,1911
050,12,033,"Florida","Escambia County",1,69,3241,1496,1745
050,12,033,"Florida","Escambia County",1,70,3249,1463,1786
050,12,033,"Florida","Escambia County",1,71,3181,1442,1739
050,12,033,"Florida","Escambia County",1,72,3175,1443,1732
050,12,033,"Florida","Escambia County",1,73,3170,1478,1692
050,12,033,"Florida","Escambia County",1,74,2226,999,1227
050,12,033,"Florida","Escambia County",1,75,2249,1009,1240
050,12,033,"Florida","Escambia County",1,76,2187,998,1189
050,12,033,"Florida","Escambia County",1,77,2095,945,1150
050,12,033,"Florida","Escambia County",1,78,1811,777,1034
050,12,033,"Florida","Escambia County",1,79,1600,672,928
050,12,033,"Florida","Escambia County",1,80,1470,634,836
050,12,033,"Florida","Escambia County",1,81,1413,595,818
050,12,033,"Florida","Escambia County",1,82,1258,518,740
050,12,033,"Florida","Escambia County",1,83,1161,471,690
050,12,033,"Florida","Escambia County",1,84,1090,436,654
050,12,033,"Florida","Escambia County",1,85,6180,2112,4068
050,12,033,"Florida","Escambia County",2,0,3737,1880,1857
050,12,033,"Florida","Escambia County",2,1,3751,1894,1857
050,12,033,"Florida","Escambia County",2,2,3806,1941,1865
050,12,033,"Florida","Escambia County",2,3,3857,1995,1862
050,12,033,"Florida","Escambia County",2,4,3891,1998,1893
050,12,033,"Florida","Escambia County",2,5,3833,1960,1873
050,12,033,"Florida","Escambia County",2,6,3842,1962,1880
050,12,033,"Florida","Escambia County",2,7,3793,1926,1867
050,12,033,"Florida","Escambia County",2,8,3756,1920,1836
050,12,033,"Florida","Escambia County",2,9,3653,1859,1794
050,12,033,"Florida","Escambia County",2,10,3756,1912,1844
050,12,033,"Florida","Escambia County",2,11,3817,1983,1834
050,12,033,"Florida","Escambia County",2,12,3926,2028,1898
050,12,033,"Florida","Escambia County",2,13,3925,2005,1920
050,12,033,"Florida","Escambia County",2,14,3836,1949,1887
050,12,033,"Florida","Escambia County",2,15,3672,1888,1784
050,12,033,"Florida","Escambia County",2,16,3639,1868,1771
050,12,033,"Florida","Escambia County",2,17,3606,1863,1743
050,12,033,"Florida","Escambia County",2,18,4814,2701,2113
050,12,033,"Florida","Escambia County",2,19,5823,3501,2322
050,12,033,"Florida","Escambia County",2,20,5009,2824,2185
050,12,033,"Florida","Escambia County",2,21,4725,2493,2232
050,12,033,"Florida","Escambia County",2,22,4708,2403,2305
050,12,033,"Florida","Escambia County",2,23,4925,2589,2336
050,12,033,"Florida","Escambia County",2,24,4993,2628,2365
050,12,033,"Florida","Escambia County",2,25,4874,2537,2337
050,12,033,"Florida","Escambia County",2,26,4885,2528,2357
050,12,033,"Florida","Escambia County",2,27,4887,2545,2342
050,12,033,"Florida","Escambia County",2,28,4921,2537,2384
050,12,033,"Florida","Escambia County",2,29,4958,2476,2482
050,12,033,"Florida","Escambia County",2,30,4928,2468,2460
050,12,033,"Florida","Escambia County",2,31,4704,2347,2357
050,12,033,"Florida","Escambia County",2,32,4444,2219,2225
050,12,033,"Florida","Escambia County",2,33,4202,2136,2066
050,12,033,"Florida","Escambia County",2,34,4195,2136,2059
050,12,033,"Florida","Escambia County",2,35,4142,2088,2054
050,12,033,"Florida","Escambia County",2,36,4000,1993,2007
050,12,033,"Florida","Escambia County",2,37,3993,1997,1996
050,12,033,"Florida","Escambia County",2,38,3910,1978,1932
050,12,033,"Florida","Escambia County",2,39,3773,1887,1886
050,12,033,"Florida","Escambia County",2,40,3632,1843,1789
050,12,033,"Florida","Escambia County",2,41,3431,1696,1735
050,12,033,"Florida","Escambia County",2,42,3423,1676,1747
050,12,033,"Florida","Escambia County",2,43,3381,1648,1733
050,12,033,"Florida","Escambia County",2,44,3230,1590,1640
050,12,033,"Florida","Escambia County",2,45,3270,1626,1644
050,12,033,"Florida","Escambia County",2,46,3145,1537,1608
050,12,033,"Florida","Escambia County",2,47,3391,1739,1652
050,12,033,"Florida","Escambia County",2,48,3636,1841,1795
050,12,033,"Florida","Escambia County",2,49,3956,1972,1984
050,12,033,"Florida","Escambia County",2,50,3707,1805,1902
050,12,033,"Florida","Escambia County",2,51,3611,1755,1856
050,12,033,"Florida","Escambia County",2,52,3532,1696,1836
050,12,033,"Florida","Escambia County",2,53,3623,1706,1917
050,12,033,"Florida","Escambia County",2,54,3872,1834,2038
050,12,033,"Florida","Escambia County",2,55,4145,1984,2161
050,12,033,"Florida","Escambia County",2,56,4328,2081,2247
050,12,033,"Florida","Escambia County",2,57,4418,2115,2303
050,12,033,"Florida","Escambia County",2,58,4528,2216,2312
050,12,033,"Florida","Escambia County",2,59,4550,2174,2376
050,12,033,"Florida","Escambia County",2,60,4543,2162,2381
050,12,033,"Florida","Escambia County",2,61,4429,2125,2304
050,12,033,"Florida","Escambia County",2,62,4413,2113,2300
050,12,033,"Florida","Escambia County",2,63,4305,2050,2255
050,12,033,"Florida","Escambia County",2,64,4125,1934,2191
050,12,033,"Florida","Escambia County",2,65,4030,1858,2172
050,12,033,"Florida","Escambia County",2,66,3835,1737,2098
050,12,033,"Florida","Escambia County",2,67,3663,1665,1998
050,12,033,"Florida","Escambia County",2,68,3490,1584,1906
050,12,033,"Florida","Escambia County",2,69,3319,1523,1796
050,12,033,"Florida","Escambia County",2,70,3231,1469,1762
050,12,033,"Florida","Escambia County",2,71,3187,1442,1745
050,12,033,"Florida","Escambia County",2,72,3113,1411,1702
050,12,033,"Florida","Escambia County",2,73,3302,1529,1773
050,12,033,"Florida","Escambia County",2,74,2302,1039,1263
050,12,033,"Florida","Escambia County",2,75,2237,1004,1233
050,12,033,"Florida","Escambia County",2,76,2151,973,1178
050,12,033,"Florida","Escambia County",2,77,2142,962,1180
050,12,033,"Florida","Escambia County",2,78,1827,795,1032
050,12,033,"Florida","Escambia County",2,79,1617,680,937
050,12,033,"Florida","Escambia County",2,80,1480,634,846
050,12,033,"Florida","Escambia County",2,81,1398,596,802
050,12,033,"Florida","Escambia County",2,82,1284,527,757
050,12,033,"Florida","Escambia County",2,83,1161,470,691
050,12,033,"Florida","Escambia County",2,84,1073,431,642
050,12,033,"Florida","Escambia County",2,85,6193,2120,4073
050,12,033,"Florida","Escambia County",3,0,3689,1926,1763
050,12,033,"Florida","Escambia County",3,1,3684,1846,1838
050,12,033,"Florida","Escambia County",3,2,3662,1846,1816
050,12,033,"Florida","Escambia County",3,3,3755,1899,1856
050,12,033,"Florida","Escambia County",3,4,3828,1971,1857
050,12,033,"Florida","Escambia County",3,5,3881,1990,1891
050,12,033,"Florida","Escambia County",3,6,3839,1977,1862
050,12,033,"Florida","Escambia County",3,7,3816,1953,1863
050,12,033,"Florida","Escambia County",3,8,3751,1917,1834
050,12,033,"Florida","Escambia County",3,9,3765,1933,1832
050,12,033,"Florida","Escambia County",3,10,3626,1843,1783
050,12,033,"Florida","Escambia County",3,11,3727,1910,1817
050,12,033,"Florida","Escambia County",3,12,3835,1972,1863
050,12,033,"Florida","Escambia County",3,13,3929,2020,1909
050,12,033,"Florida","Escambia County",3,14,3874,1989,1885
050,12,033,"Florida","Escambia County",3,15,3844,1927,1917
050,12,033,"Florida","Escambia County",3,16,3682,1915,1767
050,12,033,"Florida","Escambia County",3,17,3667,1867,1800
050,12,033,"Florida","Escambia County",3,18,4911,2774,2137
050,12,033,"Florida","Escambia County",3,19,6130,3733,2397
050,12,033,"Florida","Escambia County",3,20,5154,2922,2232
050,12,033,"Florida","Escambia County",3,21,4811,2584,2227
050,12,033,"Florida","Escambia County",3,22,4713,2396,2317
050,12,033,"Florida","Escambia County",3,23,4996,2630,2366
050,12,033,"Florida","Escambia County",3,24,4924,2639,2285
050,12,033,"Florida","Escambia County",3,25,4700,2435,2265
050,12,033,"Florida","Escambia County",3,26,4754,2404,2350
050,12,033,"Florida","Escambia County",3,27,4776,2475,2301
050,12,033,"Florida","Escambia County",3,28,4785,2473,2312
050,12,033,"Florida","Escambia County",3,29,4881,2502,2379
050,12,033,"Florida","Escambia County",3,30,4911,2473,2438
050,12,033,"Florida","Escambia County",3,31,4766,2359,2407
050,12,033,"Florida","Escambia County",3,32,4685,2315,2370
050,12,033,"Florida","Escambia County",3,33,4439,2250,2189
050,12,033,"Florida","Escambia County",3,34,4273,2212,2061
050,12,033,"Florida","Escambia County",3,35,4145,2091,2054
050,12,033,"Florida","Escambia County",3,36,4096,2054,2042
050,12,033,"Florida","Escambia County",3,37,3973,2004,1969
050,12,033,"Florida","Escambia County",3,38,4026,2034,1992
050,12,033,"Florida","Escambia County",3,39,3836,1910,1926
050,12,033,"Florida","Escambia County",3,40,3774,1897,1877
050,12,033,"Florida","Escambia County",3,41,3649,1819,1830
050,12,033,"Florida","Escambia County",3,42,3458,1722,1736
050,12,033,"Florida","Escambia County",3,43,3431,1662,1769
050,12,033,"Florida","Escambia County",3,44,3355,1658,1697
050,12,033,"Florida","Escambia County",3,45,3234,1572,1662
050,12,033,"Florida","Escambia County",3,46,3189,1567,1622
050,12,033,"Florida","Escambia County",3,47,3230,1630,1600
050,12,033,"Florida","Escambia County",3,48,3377,1712,1665
050,12,033,"Florida","Escambia County",3,49,3718,1858,1860
050,12,033,"Florida","Escambia County",3,50,3835,1848,1987
050,12,033,"Florida","Escambia County",3,51,3784,1854,1930
050,12,033,"Florida","Escambia County",3,52,3633,1783,1850
050,12,033,"Florida","Escambia County",3,53,3520,1667,1853
050,12,033,"Florida","Escambia County",3,54,3627,1717,1910
050,12,033,"Florida","Escambia County",3,55,3873,1842,2031
050,12,033,"Florida","Escambia County",3,56,4142,1987,2155
050,12,033,"Florida","Escambia County",3,57,4252,2052,2200
050,12,033,"Florida","Escambia County",3,58,4442,2127,2315
050,12,033,"Florida","Escambia County",3,59,4490,2165,2325
050,12,033,"Florida","Escambia County",3,60,4498,2124,2374
050,12,033,"Florida","Escambia County",3,61,4484,2136,2348
050,12,033,"Florida","Escambia County",3,62,4396,2106,2290
050,12,033,"Florida","Escambia County",3,63,4352,2073,2279
050,12,033,"Florida","Escambia County",3,64,4240,1995,2245
050,12,033,"Florida","Escambia County",3,65,4012,1871,2141
050,12,033,"Florida","Escambia County",3,66,3966,1816,2150
050,12,033,"Florida","Escambia County",3,67,3761,1680,2081
050,12,033,"Florida","Escambia County",3,68,3555,1616,1939
050,12,033,"Florida","Escambia County",3,69,3433,1554,1879
050,12,033,"Florida","Escambia County",3,70,3197,1477,1720
050,12,033,"Florida","Escambia County",3,71,3134,1410,1724
050,12,033,"Florida","Escambia County",3,72,3074,1367,1707
050,12,033,"Florida","Escambia County",3,73,3027,1353,1674
050,12,033,"Florida","Escambia County",3,74,3101,1434,1667
050,12,033,"Florida","Escambia County",3,75,2221,994,1227
050,12,033,"Florida","Escambia County",3,76,2108,936,1172
050,12,033,"Florida","Escambia County",3,77,2076,919,1157
050,12,033,"Florida","Escambia County",3,78,2046,927,1119
050,12,033,"Florida","Escambia County",3,79,1689,722,967
050,12,033,"Florida","Escambia County",3,80,1532,635,897
050,12,033,"Florida","Escambia County",3,81,1410,593,817
050,12,033,"Florida","Escambia County",3,82,1277,529,748
050,12,033,"Florida","Escambia County",3,83,1178,462,716
050,12,033,"Florida","Escambia County",3,84,992,390,602
050,12,033,"Florida","Escambia County",3,85,6148,2108,4040
050,12,033,"Florida","Escambia County",4,0,3724,1885,1839
050,12,033,"Florida","Escambia County",4,1,3742,1923,1819
050,12,033,"Florida","Escambia County",4,2,3674,1813,1861
050,12,033,"Florida","Escambia County",4,3,3659,1841,1818
050,12,033,"Florida","Escambia County",4,4,3746,1872,1874
050,12,033,"Florida","Escambia County",4,5,3788,1960,1828
050,12,033,"Florida","Escambia County",4,6,3881,2007,1874
050,12,033,"Florida","Escambia County",4,7,3840,1977,1863
050,12,033,"Florida","Escambia County",4,8,3785,1940,1845
050,12,033,"Florida","Escambia County",4,9,3753,1943,1810
050,12,033,"Florida","Escambia County",4,10,3710,1907,1803
050,12,033,"Florida","Escambia County",4,11,3660,1871,1789
050,12,033,"Florida","Escambia County",4,12,3713,1908,1805
050,12,033,"Florida","Escambia County",4,13,3805,1948,1857
050,12,033,"Florida","Escambia County",4,14,3899,2017,1882
050,12,033,"Florida","Escambia County",4,15,3929,1998,1931
050,12,033,"Florida","Escambia County",4,16,3849,1908,1941
050,12,033,"Florida","Escambia County",4,17,3779,1970,1809
050,12,033,"Florida","Escambia County",4,18,4796,2674,2122
050,12,033,"Florida","Escambia County",4,19,5803,3513,2290
050,12,033,"Florida","Escambia County",4,20,4903,2758,2145
050,12,033,"Florida","Escambia County",4,21,4750,2490,2260
050,12,033,"Florida","Escambia County",4,22,4645,2387,2258
050,12,033,"Florida","Escambia County",4,23,4895,2565,2330
050,12,033,"Florida","Escambia County",4,24,5066,2659,2407
050,12,033,"Florida","Escambia County",4,25,4659,2423,2236
050,12,033,"Florida","Escambia County",4,26,4493,2264,2229
050,12,033,"Florida","Escambia County",4,27,4754,2393,2361
050,12,033,"Florida","Escambia County",4,28,4619,2409,2210
050,12,033,"Florida","Escambia County",4,29,4690,2411,2279
050,12,033,"Florida","Escambia County",4,30,4883,2478,2405
050,12,033,"Florida","Escambia County",4,31,4814,2395,2419
050,12,033,"Florida","Escambia County",4,32,4781,2363,2418
050,12,033,"Florida","Escambia County",4,33,4653,2346,2307
050,12,033,"Florida","Escambia County",4,34,4461,2308,2153
050,12,033,"Florida","Escambia County",4,35,4147,2134,2013
050,12,033,"Florida","Escambia County",4,36,4099,2022,2077
050,12,033,"Florida","Escambia County",4,37,4031,2003,2028
050,12,033,"Florida","Escambia County",4,38,4011,2019,1992
050,12,033,"Florida","Escambia County",4,39,4020,2005,2015
050,12,033,"Florida","Escambia County",4,40,3820,1912,1908
050,12,033,"Florida","Escambia County",4,41,3740,1836,1904
050,12,033,"Florida","Escambia County",4,42,3659,1846,1813
050,12,033,"Florida","Escambia County",4,43,3464,1702,1762
050,12,033,"Florida","Escambia County",4,44,3454,1662,1792
050,12,033,"Florida","Escambia County",4,45,3420,1705,1715
050,12,033,"Florida","Escambia County",4,46,3171,1517,1654
050,12,033,"Florida","Escambia County",4,47,3308,1677,1631
050,12,033,"Florida","Escambia County",4,48,3203,1594,1609
050,12,033,"Florida","Escambia County",4,49,3450,1724,1726
050,12,033,"Florida","Escambia County",4,50,3612,1766,1846
050,12,033,"Florida","Escambia County",4,51,3923,1874,2049
050,12,033,"Florida","Escambia County",4,52,3767,1857,1910
050,12,033,"Florida","Escambia County",4,53,3692,1784,1908
050,12,033,"Florida","Escambia County",4,54,3530,1673,1857
050,12,033,"Florida","Escambia County",4,55,3673,1727,1946
050,12,033,"Florida","Escambia County",4,56,3934,1873,2061
050,12,033,"Florida","Escambia County",4,57,4149,1977,2172
050,12,033,"Florida","Escambia County",4,58,4257,2060,2197
050,12,033,"Florida","Escambia County",4,59,4412,2084,2328
050,12,033,"Florida","Escambia County",4,60,4535,2167,2368
050,12,033,"Florida","Escambia County",4,61,4491,2115,2376
050,12,033,"Florida","Escambia County",4,62,4475,2119,2356
050,12,033,"Florida","Escambia County",4,63,4378,2110,2268
050,12,033,"Florida","Escambia County",4,64,4294,2042,2252
050,12,033,"Florida","Escambia County",4,65,4114,1914,2200
050,12,033,"Florida","Escambia County",4,66,3972,1851,2121
050,12,033,"Florida","Escambia County",4,67,3912,1783,2129
050,12,033,"Florida","Escambia County",4,68,3670,1616,2054
050,12,033,"Florida","Escambia County",4,69,3474,1568,1906
050,12,033,"Florida","Escambia County",4,70,3329,1517,1812
050,12,033,"Florida","Escambia County",4,71,3108,1436,1672
050,12,033,"Florida","Escambia County",4,72,3032,1345,1687
050,12,033,"Florida","Escambia County",4,73,2981,1311,1670
050,12,033,"Florida","Escambia County",4,74,2902,1273,1629
050,12,033,"Florida","Escambia County",4,75,3008,1380,1628
050,12,033,"Florida","Escambia County",4,76,2091,930,1161
050,12,033,"Florida","Escambia County",4,77,2052,880,1172
050,12,033,"Florida","Escambia County",4,78,1979,882,1097
050,12,033,"Florida","Escambia County",4,79,1917,855,1062
050,12,033,"Florida","Escambia County",4,80,1596,671,925
050,12,033,"Florida","Escambia County",4,81,1462,596,866
050,12,033,"Florida","Escambia County",4,82,1298,529,769
050,12,033,"Florida","Escambia County",4,83,1189,478,711
050,12,033,"Florida","Escambia County",4,84,988,377,611
050,12,033,"Florida","Escambia County",4,85,6066,2094,3972
050,12,033,"Florida","Escambia County",5,0,3733,1902,1831
050,12,033,"Florida","Escambia County",5,1,3706,1862,1844
050,12,033,"Florida","Escambia County",5,2,3709,1924,1785
050,12,033,"Florida","Escambia County",5,3,3710,1823,1887
050,12,033,"Florida","Escambia County",5,4,3683,1863,1820
050,12,033,"Florida","Escambia County",5,5,3766,1897,1869
050,12,033,"Florida","Escambia County",5,6,3834,1975,1859
050,12,033,"Florida","Escambia County",5,7,3941,2060,1881
050,12,033,"Florida","Escambia County",5,8,3832,1969,1863
050,12,033,"Florida","Escambia County",5,9,3765,1919,1846
050,12,033,"Florida","Escambia County",5,10,3795,1959,1836
050,12,033,"Florida","Escambia County",5,11,3711,1910,1801
050,12,033,"Florida","Escambia County",5,12,3655,1862,1793
050,12,033,"Florida","Escambia County",5,13,3731,1914,1817
050,12,033,"Florida","Escambia County",5,14,3872,1970,1902
050,12,033,"Florida","Escambia County",5,15,3929,2019,1910
050,12,033,"Florida","Escambia County",5,16,3969,2042,1927
050,12,033,"Florida","Escambia County",5,17,3955,1962,1993
050,12,033,"Florida","Escambia County",5,18,4886,2776,2110
050,12,033,"Florida","Escambia County",5,19,5913,3604,2309
050,12,033,"Florida","Escambia County",5,20,5007,2828,2179
050,12,033,"Florida","Escambia County",5,21,4679,2494,2185
050,12,033,"Florida","Escambia County",5,22,4610,2337,2273
050,12,033,"Florida","Escambia County",5,23,4963,2592,2371
050,12,033,"Florida","Escambia County",5,24,4948,2605,2343
050,12,033,"Florida","Escambia County",5,25,4738,2449,2289
050,12,033,"Florida","Escambia County",5,26,4570,2334,2236
050,12,033,"Florida","Escambia County",5,27,4505,2259,2246
050,12,033,"Florida","Escambia County",5,28,4693,2363,2330
050,12,033,"Florida","Escambia County",5,29,4620,2384,2236
050,12,033,"Florida","Escambia County",5,30,4733,2443,2290
050,12,033,"Florida","Escambia County",5,31,4823,2410,2413
050,12,033,"Florida","Escambia County",5,32,4863,2407,2456
050,12,033,"Florida","Escambia County",5,33,4759,2379,2380
050,12,033,"Florida","Escambia County",5,34,4683,2383,2300
050,12,033,"Florida","Escambia County",5,35,4445,2280,2165
050,12,033,"Florida","Escambia County",5,36,4097,2096,2001
050,12,033,"Florida","Escambia County",5,37,4061,2005,2056
050,12,033,"Florida","Escambia County",5,38,4134,2103,2031
050,12,033,"Florida","Escambia County",5,39,4072,2028,2044
050,12,033,"Florida","Escambia County",5,40,4055,2046,2009
050,12,033,"Florida","Escambia County",5,41,3815,1880,1935
050,12,033,"Florida","Escambia County",5,42,3805,1861,1944
050,12,033,"Florida","Escambia County",5,43,3745,1896,1849
050,12,033,"Florida","Escambia County",5,44,3481,1731,1750
050,12,033,"Florida","Escambia County",5,45,3565,1731,1834
050,12,033,"Florida","Escambia County",5,46,3421,1676,1745
050,12,033,"Florida","Escambia County",5,47,3321,1647,1674
050,12,033,"Florida","Escambia County",5,48,3320,1673,1647
050,12,033,"Florida","Escambia County",5,49,3307,1637,1670
050,12,033,"Florida","Escambia County",5,50,3352,1625,1727
050,12,033,"Florida","Escambia County",5,51,3678,1796,1882
050,12,033,"Florida","Escambia County",5,52,3973,1922,2051
050,12,033,"Florida","Escambia County",5,53,3812,1858,1954
050,12,033,"Florida","Escambia County",5,54,3754,1794,1960
050,12,033,"Florida","Escambia County",5,55,3594,1702,1892
050,12,033,"Florida","Escambia County",5,56,3712,1738,1974
050,12,033,"Florida","Escambia County",5,57,3949,1862,2087
050,12,033,"Florida","Escambia County",5,58,4151,1962,2189
050,12,033,"Florida","Escambia County",5,59,4203,2016,2187
050,12,033,"Florida","Escambia County",5,60,4397,2072,2325
050,12,033,"Florida","Escambia County",5,61,4509,2141,2368
050,12,033,"Florida","Escambia County",5,62,4537,2132,2405
050,12,033,"Florida","Escambia County",5,63,4486,2149,2337
050,12,033,"Florida","Escambia County",5,64,4335,2083,2252
050,12,033,"Florida","Escambia County",5,65,4201,1983,2218
050,12,033,"Florida","Escambia County",5,66,4068,1901,2167
050,12,033,"Florida","Escambia County",5,67,3874,1780,2094
050,12,033,"Florida","Escambia County",5,68,3824,1719,2105
050,12,033,"Florida","Escambia County",5,69,3617,1585,2032
050,12,033,"Florida","Escambia County",5,70,3382,1545,1837
050,12,033,"Florida","Escambia County",5,71,3253,1492,1761
050,12,033,"Florida","Escambia County",5,72,3018,1382,1636
050,12,033,"Florida","Escambia County",5,73,2949,1295,1654
050,12,033,"Florida","Escambia County",5,74,2850,1259,1591
050,12,033,"Florida","Escambia County",5,75,2811,1231,1580
050,12,033,"Florida","Escambia County",5,76,2857,1307,1550
050,12,033,"Florida","Escambia County",5,77,2036,877,1159
050,12,033,"Florida","Escambia County",5,78,1949,845,1104
050,12,033,"Florida","Escambia County",5,79,1869,822,1047
050,12,033,"Florida","Escambia County",5,80,1807,803,1004
050,12,033,"Florida","Escambia County",5,81,1514,628,886
050,12,033,"Florida","Escambia County",5,82,1356,529,827
050,12,033,"Florida","Escambia County",5,83,1217,483,734
050,12,033,"Florida","Escambia County",5,84,1036,411,625
050,12,033,"Florida","Escambia County",5,85,6065,2112,3953
050,12,035,"Florida","Flagler County",1,0,825,423,402
050,12,035,"Florida","Flagler County",1,1,826,438,388
050,12,035,"Florida","Flagler County",1,2,875,467,408
050,12,035,"Florida","Flagler County",1,3,903,481,422
050,12,035,"Florida","Flagler County",1,4,939,471,468
050,12,035,"Florida","Flagler County",1,5,1007,508,499
050,12,035,"Florida","Flagler County",1,6,1016,517,499
050,12,035,"Florida","Flagler County",1,7,1021,519,502
050,12,035,"Florida","Flagler County",1,8,1070,559,511
050,12,035,"Florida","Flagler County",1,9,1069,550,519
050,12,035,"Florida","Flagler County",1,10,1075,544,531
050,12,035,"Florida","Flagler County",1,11,1179,593,586
050,12,035,"Florida","Flagler County",1,12,1252,628,624
050,12,035,"Florida","Flagler County",1,13,1274,659,615
050,12,035,"Florida","Flagler County",1,14,1202,636,566
050,12,035,"Florida","Flagler County",1,15,1265,660,605
050,12,035,"Florida","Flagler County",1,16,1271,676,595
050,12,035,"Florida","Flagler County",1,17,1296,683,613
050,12,035,"Florida","Flagler County",1,18,1118,596,522
050,12,035,"Florida","Flagler County",1,19,970,503,467
050,12,035,"Florida","Flagler County",1,20,969,499,470
050,12,035,"Florida","Flagler County",1,21,941,487,454
050,12,035,"Florida","Flagler County",1,22,955,500,455
050,12,035,"Florida","Flagler County",1,23,1012,513,499
050,12,035,"Florida","Flagler County",1,24,1007,510,497
050,12,035,"Florida","Flagler County",1,25,1021,507,514
050,12,035,"Florida","Flagler County",1,26,970,489,481
050,12,035,"Florida","Flagler County",1,27,985,494,491
050,12,035,"Florida","Flagler County",1,28,1020,511,509
050,12,035,"Florida","Flagler County",1,29,1061,503,558
050,12,035,"Florida","Flagler County",1,30,1081,546,535
050,12,035,"Florida","Flagler County",1,31,971,493,478
050,12,035,"Florida","Flagler County",1,32,958,478,480
050,12,035,"Florida","Flagler County",1,33,1020,485,535
050,12,035,"Florida","Flagler County",1,34,1005,478,527
050,12,035,"Florida","Flagler County",1,35,1067,499,568
050,12,035,"Florida","Flagler County",1,36,1129,538,591
050,12,035,"Florida","Flagler County",1,37,1148,558,590
050,12,035,"Florida","Flagler County",1,38,1110,549,561
050,12,035,"Florida","Flagler County",1,39,1124,537,587
050,12,035,"Florida","Flagler County",1,40,1116,537,579
050,12,035,"Florida","Flagler County",1,41,1082,529,553
050,12,035,"Florida","Flagler County",1,42,1168,567,601
050,12,035,"Florida","Flagler County",1,43,1199,567,632
050,12,035,"Florida","Flagler County",1,44,1137,567,570
050,12,035,"Florida","Flagler County",1,45,1107,521,586
050,12,035,"Florida","Flagler County",1,46,1179,545,634
050,12,035,"Florida","Flagler County",1,47,1267,597,670
050,12,035,"Florida","Flagler County",1,48,1343,629,714
050,12,035,"Florida","Flagler County",1,49,1487,704,783
050,12,035,"Florida","Flagler County",1,50,1393,670,723
050,12,035,"Florida","Flagler County",1,51,1377,664,713
050,12,035,"Florida","Flagler County",1,52,1404,664,740
050,12,035,"Florida","Flagler County",1,53,1521,728,793
050,12,035,"Florida","Flagler County",1,54,1505,709,796
050,12,035,"Florida","Flagler County",1,55,1618,759,859
050,12,035,"Florida","Flagler County",1,56,1648,764,884
050,12,035,"Florida","Flagler County",1,57,1699,789,910
050,12,035,"Florida","Flagler County",1,58,1745,823,922
050,12,035,"Florida","Flagler County",1,59,1819,810,1009
050,12,035,"Florida","Flagler County",1,60,1864,815,1049
050,12,035,"Florida","Flagler County",1,61,1950,849,1101
050,12,035,"Florida","Flagler County",1,62,2002,924,1078
050,12,035,"Florida","Flagler County",1,63,2052,935,1117
050,12,035,"Florida","Flagler County",1,64,2027,944,1083
050,12,035,"Florida","Flagler County",1,65,2156,1014,1142
050,12,035,"Florida","Flagler County",1,66,2160,974,1186
050,12,035,"Florida","Flagler County",1,67,2094,943,1151
050,12,035,"Florida","Flagler County",1,68,2174,971,1203
050,12,035,"Florida","Flagler County",1,69,2032,951,1081
050,12,035,"Florida","Flagler County",1,70,2043,973,1070
050,12,035,"Florida","Flagler County",1,71,2159,1047,1112
050,12,035,"Florida","Flagler County",1,72,2206,1064,1142
050,12,035,"Florida","Flagler County",1,73,2274,1153,1121
050,12,035,"Florida","Flagler County",1,74,1598,794,804
050,12,035,"Florida","Flagler County",1,75,1535,771,764
050,12,035,"Florida","Flagler County",1,76,1561,778,783
050,12,035,"Florida","Flagler County",1,77,1495,751,744
050,12,035,"Florida","Flagler County",1,78,1278,633,645
050,12,035,"Florida","Flagler County",1,79,1128,543,585
050,12,035,"Florida","Flagler County",1,80,1011,493,518
050,12,035,"Florida","Flagler County",1,81,954,476,478
050,12,035,"Florida","Flagler County",1,82,886,449,437
050,12,035,"Florida","Flagler County",1,83,779,381,398
050,12,035,"Florida","Flagler County",1,84,665,331,334
050,12,035,"Florida","Flagler County",1,85,3468,1486,1982
050,12,035,"Florida","Flagler County",2,0,774,394,380
050,12,035,"Florida","Flagler County",2,1,836,443,393
050,12,035,"Florida","Flagler County",2,2,870,464,406
050,12,035,"Florida","Flagler County",2,3,895,476,419
050,12,035,"Florida","Flagler County",2,4,942,481,461
050,12,035,"Florida","Flagler County",2,5,1002,507,495
050,12,035,"Florida","Flagler County",2,6,1020,518,502
050,12,035,"Florida","Flagler County",2,7,1027,523,504
050,12,035,"Florida","Flagler County",2,8,1065,551,514
050,12,035,"Florida","Flagler County",2,9,1075,549,526
050,12,035,"Florida","Flagler County",2,10,1082,547,535
050,12,035,"Florida","Flagler County",2,11,1152,580,572
050,12,035,"Florida","Flagler County",2,12,1248,626,622
050,12,035,"Florida","Flagler County",2,13,1273,655,618
050,12,035,"Florida","Flagler County",2,14,1226,644,582
050,12,035,"Florida","Flagler County",2,15,1257,659,598
050,12,035,"Florida","Flagler County",2,16,1279,677,602
050,12,035,"Florida","Flagler County",2,17,1290,681,609
050,12,035,"Florida","Flagler County",2,18,1115,597,518
050,12,035,"Florida","Flagler County",2,19,976,509,467
050,12,035,"Florida","Flagler County",2,20,989,506,483
050,12,035,"Florida","Flagler County",2,21,957,493,464
050,12,035,"Florida","Flagler County",2,22,962,499,463
050,12,035,"Florida","Flagler County",2,23,1013,514,499
050,12,035,"Florida","Flagler County",2,24,1009,508,501
050,12,035,"Florida","Flagler County",2,25,1012,506,506
050,12,035,"Florida","Flagler County",2,26,982,493,489
050,12,035,"Florida","Flagler County",2,27,980,494,486
050,12,035,"Florida","Flagler County",2,28,1011,504,507
050,12,035,"Florida","Flagler County",2,29,1056,506,550
050,12,035,"Florida","Flagler County",2,30,1084,541,543
050,12,035,"Florida","Flagler County",2,31,996,509,487
050,12,035,"Florida","Flagler County",2,32,967,482,485
050,12,035,"Florida","Flagler County",2,33,1011,488,523
050,12,035,"Florida","Flagler County",2,34,1017,483,534
050,12,035,"Florida","Flagler County",2,35,1064,497,567
050,12,035,"Florida","Flagler County",2,36,1115,530,585
050,12,035,"Florida","Flagler County",2,37,1153,559,594
050,12,035,"Florida","Flagler County",2,38,1140,562,578
050,12,035,"Florida","Flagler County",2,39,1123,544,579
050,12,035,"Florida","Flagler County",2,40,1133,546,587
050,12,035,"Florida","Flagler County",2,41,1086,527,559
050,12,035,"Florida","Flagler County",2,42,1157,563,594
050,12,035,"Florida","Flagler County",2,43,1207,576,631
050,12,035,"Florida","Flagler County",2,44,1151,566,585
050,12,035,"Florida","Flagler County",2,45,1134,539,595
050,12,035,"Florida","Flagler County",2,46,1162,540,622
050,12,035,"Florida","Flagler County",2,47,1256,590,666
050,12,035,"Florida","Flagler County",2,48,1336,628,708
050,12,035,"Florida","Flagler County",2,49,1466,693,773
050,12,035,"Florida","Flagler County",2,50,1436,687,749
050,12,035,"Florida","Flagler County",2,51,1397,676,721
050,12,035,"Florida","Flagler County",2,52,1414,674,740
050,12,035,"Florida","Flagler County",2,53,1505,715,790
050,12,035,"Florida","Flagler County",2,54,1531,723,808
050,12,035,"Florida","Flagler County",2,55,1618,760,858
050,12,035,"Florida","Flagler County",2,56,1677,779,898
050,12,035,"Florida","Flagler County",2,57,1718,800,918
050,12,035,"Florida","Flagler County",2,58,1756,825,931
050,12,035,"Florida","Flagler County",2,59,1832,829,1003
050,12,035,"Florida","Flagler County",2,60,1881,829,1052
050,12,035,"Florida","Flagler County",2,61,1956,852,1104
050,12,035,"Florida","Flagler County",2,62,2018,920,1098
050,12,035,"Florida","Flagler County",2,63,2088,955,1133
050,12,035,"Florida","Flagler County",2,64,2051,949,1102
050,12,035,"Florida","Flagler County",2,65,2157,1012,1145
050,12,035,"Florida","Flagler County",2,66,2183,1000,1183
050,12,035,"Florida","Flagler County",2,67,2129,961,1168
050,12,035,"Florida","Flagler County",2,68,2153,964,1189
050,12,035,"Florida","Flagler County",2,69,2090,969,1121
050,12,035,"Florida","Flagler County",2,70,2045,973,1072
050,12,035,"Florida","Flagler County",2,71,2147,1036,1111
050,12,035,"Florida","Flagler County",2,72,2168,1049,1119
050,12,035,"Florida","Flagler County",2,73,2359,1185,1174
050,12,035,"Florida","Flagler County",2,74,1661,831,830
050,12,035,"Florida","Flagler County",2,75,1557,781,776
050,12,035,"Florida","Flagler County",2,76,1537,767,770
050,12,035,"Florida","Flagler County",2,77,1525,766,759
050,12,035,"Florida","Flagler County",2,78,1297,643,654
050,12,035,"Florida","Flagler County",2,79,1143,555,588
050,12,035,"Florida","Flagler County",2,80,1035,502,533
050,12,035,"Florida","Flagler County",2,81,954,472,482
050,12,035,"Florida","Flagler County",2,82,897,455,442
050,12,035,"Florida","Flagler County",2,83,796,392,404
050,12,035,"Florida","Flagler County",2,84,683,337,346
050,12,035,"Florida","Flagler County",2,85,3501,1506,1995
050,12,035,"Florida","Flagler County",3,0,770,410,360
050,12,035,"Florida","Flagler County",3,1,824,401,423
050,12,035,"Florida","Flagler County",3,2,900,465,435
050,12,035,"Florida","Flagler County",3,3,915,475,440
050,12,035,"Florida","Flagler County",3,4,951,502,449
050,12,035,"Florida","Flagler County",3,5,985,499,486
050,12,035,"Florida","Flagler County",3,6,1072,530,542
050,12,035,"Florida","Flagler County",3,7,1089,550,539
050,12,035,"Florida","Flagler County",3,8,1089,551,538
050,12,035,"Florida","Flagler County",3,9,1136,572,564
050,12,035,"Florida","Flagler County",3,10,1119,585,534
050,12,035,"Florida","Flagler County",3,11,1184,599,585
050,12,035,"Florida","Flagler County",3,12,1195,597,598
050,12,035,"Florida","Flagler County",3,13,1299,666,633
050,12,035,"Florida","Flagler County",3,14,1332,682,650
050,12,035,"Florida","Flagler County",3,15,1302,677,625
050,12,035,"Florida","Flagler County",3,16,1293,681,612
050,12,035,"Florida","Flagler County",3,17,1323,696,627
050,12,035,"Florida","Flagler County",3,18,1148,626,522
050,12,035,"Florida","Flagler County",3,19,981,523,458
050,12,035,"Florida","Flagler County",3,20,1030,528,502
050,12,035,"Florida","Flagler County",3,21,1054,534,520
050,12,035,"Florida","Flagler County",3,22,1034,525,509
050,12,035,"Florida","Flagler County",3,23,1033,536,497
050,12,035,"Florida","Flagler County",3,24,1059,518,541
050,12,035,"Florida","Flagler County",3,25,1033,538,495
050,12,035,"Florida","Flagler County",3,26,1048,532,516
050,12,035,"Florida","Flagler County",3,27,1035,507,528
050,12,035,"Florida","Flagler County",3,28,1032,533,499
050,12,035,"Florida","Flagler County",3,29,1057,515,542
050,12,035,"Florida","Flagler County",3,30,1114,545,569
050,12,035,"Florida","Flagler County",3,31,1143,569,574
050,12,035,"Florida","Flagler County",3,32,1061,532,529
050,12,035,"Florida","Flagler County",3,33,1053,522,531
050,12,035,"Florida","Flagler County",3,34,1065,507,558
050,12,035,"Florida","Flagler County",3,35,1106,541,565
050,12,035,"Florida","Flagler County",3,36,1132,523,609
050,12,035,"Florida","Flagler County",3,37,1194,566,628
050,12,035,"Florida","Flagler County",3,38,1226,591,635
050,12,035,"Florida","Flagler County",3,39,1204,596,608
050,12,035,"Florida","Flagler County",3,40,1212,601,611
050,12,035,"Florida","Flagler County",3,41,1201,576,625
050,12,035,"Florida","Flagler County",3,42,1148,559,589
050,12,035,"Florida","Flagler County",3,43,1208,584,624
050,12,035,"Florida","Flagler County",3,44,1250,583,667
050,12,035,"Florida","Flagler County",3,45,1226,596,630
050,12,035,"Florida","Flagler County",3,46,1231,596,635
050,12,035,"Florida","Flagler County",3,47,1233,564,669
050,12,035,"Florida","Flagler County",3,48,1340,631,709
050,12,035,"Florida","Flagler County",3,49,1389,654,735
050,12,035,"Florida","Flagler County",3,50,1535,727,808
050,12,035,"Florida","Flagler County",3,51,1532,731,801
050,12,035,"Florida","Flagler County",3,52,1487,714,773
050,12,035,"Florida","Flagler County",3,53,1495,698,797
050,12,035,"Florida","Flagler County",3,54,1601,760,841
050,12,035,"Florida","Flagler County",3,55,1629,753,876
050,12,035,"Florida","Flagler County",3,56,1734,807,927
050,12,035,"Florida","Flagler County",3,57,1810,835,975
050,12,035,"Florida","Flagler County",3,58,1852,869,983
050,12,035,"Florida","Flagler County",3,59,1943,934,1009
050,12,035,"Florida","Flagler County",3,60,1965,899,1066
050,12,035,"Florida","Flagler County",3,61,2025,905,1120
050,12,035,"Florida","Flagler County",3,62,2134,935,1199
050,12,035,"Florida","Flagler County",3,63,2241,1032,1209
050,12,035,"Florida","Flagler County",3,64,2221,1030,1191
050,12,035,"Florida","Flagler County",3,65,2176,1019,1157
050,12,035,"Florida","Flagler County",3,66,2257,1061,1196
050,12,035,"Florida","Flagler County",3,67,2287,1067,1220
050,12,035,"Florida","Flagler County",3,68,2201,1001,1200
050,12,035,"Florida","Flagler County",3,69,2194,968,1226
050,12,035,"Florida","Flagler County",3,70,2127,970,1157
050,12,035,"Florida","Flagler County",3,71,2081,996,1085
050,12,035,"Florida","Flagler County",3,72,2178,1042,1136
050,12,035,"Florida","Flagler County",3,73,2148,1030,1118
050,12,035,"Florida","Flagler County",3,74,2369,1181,1188
050,12,035,"Florida","Flagler County",3,75,1649,832,817
050,12,035,"Florida","Flagler County",3,76,1537,774,763
050,12,035,"Florida","Flagler County",3,77,1529,764,765
050,12,035,"Florida","Flagler County",3,78,1475,744,731
050,12,035,"Florida","Flagler County",3,79,1260,628,632
050,12,035,"Florida","Flagler County",3,80,1105,529,576
050,12,035,"Florida","Flagler County",3,81,989,476,513
050,12,035,"Florida","Flagler County",3,82,895,452,443
050,12,035,"Florida","Flagler County",3,83,850,419,431
050,12,035,"Florida","Flagler County",3,84,762,366,396
050,12,035,"Florida","Flagler County",3,85,3643,1607,2036
050,12,035,"Florida","Flagler County",4,0,858,466,392
050,12,035,"Florida","Flagler County",4,1,876,468,408
050,12,035,"Florida","Flagler County",4,2,893,444,449
050,12,035,"Florida","Flagler County",4,3,965,488,477
050,12,035,"Florida","Flagler County",4,4,1006,515,491
050,12,035,"Florida","Flagler County",4,5,1027,539,488
050,12,035,"Florida","Flagler County",4,6,1089,556,533
050,12,035,"Florida","Flagler County",4,7,1154,588,566
050,12,035,"Florida","Flagler County",4,8,1146,587,559
050,12,035,"Florida","Flagler County",4,9,1153,587,566
050,12,035,"Florida","Flagler County",4,10,1179,598,581
050,12,035,"Florida","Flagler County",4,11,1185,604,581
050,12,035,"Florida","Flagler County",4,12,1255,636,619
050,12,035,"Florida","Flagler County",4,13,1253,646,607
050,12,035,"Florida","Flagler County",4,14,1346,697,649
050,12,035,"Florida","Flagler County",4,15,1423,719,704
050,12,035,"Florida","Flagler County",4,16,1332,696,636
050,12,035,"Florida","Flagler County",4,17,1339,693,646
050,12,035,"Florida","Flagler County",4,18,1184,636,548
050,12,035,"Florida","Flagler County",4,19,995,543,452
050,12,035,"Florida","Flagler County",4,20,1052,561,491
050,12,035,"Florida","Flagler County",4,21,1117,567,550
050,12,035,"Florida","Flagler County",4,22,1146,581,565
050,12,035,"Florida","Flagler County",4,23,1135,573,562
050,12,035,"Florida","Flagler County",4,24,1139,603,536
050,12,035,"Florida","Flagler County",4,25,1115,573,542
050,12,035,"Florida","Flagler County",4,26,1083,541,542
050,12,035,"Florida","Flagler County",4,27,1083,542,541
050,12,035,"Florida","Flagler County",4,28,1084,540,544
050,12,035,"Florida","Flagler County",4,29,1116,564,552
050,12,035,"Florida","Flagler County",4,30,1114,531,583
050,12,035,"Florida","Flagler County",4,31,1176,570,606
050,12,035,"Florida","Flagler County",4,32,1205,592,613
050,12,035,"Florida","Flagler County",4,33,1175,594,581
050,12,035,"Florida","Flagler County",4,34,1140,576,564
050,12,035,"Florida","Flagler County",4,35,1089,528,561
050,12,035,"Florida","Flagler County",4,36,1181,562,619
050,12,035,"Florida","Flagler County",4,37,1218,556,662
050,12,035,"Florida","Flagler County",4,38,1271,602,669
050,12,035,"Florida","Flagler County",4,39,1306,629,677
050,12,035,"Florida","Flagler County",4,40,1282,633,649
050,12,035,"Florida","Flagler County",4,41,1250,611,639
050,12,035,"Florida","Flagler County",4,42,1276,608,668
050,12,035,"Florida","Flagler County",4,43,1219,584,635
050,12,035,"Florida","Flagler County",4,44,1274,609,665
050,12,035,"Florida","Flagler County",4,45,1295,595,700
050,12,035,"Florida","Flagler County",4,46,1319,635,684
050,12,035,"Florida","Flagler County",4,47,1327,627,700
050,12,035,"Florida","Flagler County",4,48,1331,615,716
050,12,035,"Florida","Flagler County",4,49,1425,666,759
050,12,035,"Florida","Flagler County",4,50,1519,716,803
050,12,035,"Florida","Flagler County",4,51,1644,786,858
050,12,035,"Florida","Flagler County",4,52,1612,770,842
050,12,035,"Florida","Flagler County",4,53,1600,768,832
050,12,035,"Florida","Flagler County",4,54,1609,745,864
050,12,035,"Florida","Flagler County",4,55,1771,834,937
050,12,035,"Florida","Flagler County",4,56,1763,824,939
050,12,035,"Florida","Flagler County",4,57,1876,881,995
050,12,035,"Florida","Flagler County",4,58,1960,909,1051
050,12,035,"Florida","Flagler County",4,59,1998,946,1052
050,12,035,"Florida","Flagler County",4,60,2118,1019,1099
050,12,035,"Florida","Flagler County",4,61,2156,1010,1146
050,12,035,"Florida","Flagler County",4,62,2190,975,1215
050,12,035,"Florida","Flagler County",4,63,2313,1017,1296
050,12,035,"Florida","Flagler County",4,64,2394,1107,1287
050,12,035,"Florida","Flagler County",4,65,2400,1134,1266
050,12,035,"Florida","Flagler County",4,66,2317,1096,1221
050,12,035,"Florida","Flagler County",4,67,2357,1111,1246
050,12,035,"Florida","Flagler County",4,68,2407,1119,1288
050,12,035,"Florida","Flagler County",4,69,2291,1060,1231
050,12,035,"Florida","Flagler County",4,70,2256,999,1257
050,12,035,"Florida","Flagler County",4,71,2166,991,1175
050,12,035,"Florida","Flagler County",4,72,2091,992,1099
050,12,035,"Florida","Flagler County",4,73,2194,1030,1164
050,12,035,"Florida","Flagler County",4,74,2180,1051,1129
050,12,035,"Florida","Flagler County",4,75,2359,1174,1185
050,12,035,"Florida","Flagler County",4,76,1615,810,805
050,12,035,"Florida","Flagler County",4,77,1479,733,746
050,12,035,"Florida","Flagler County",4,78,1503,752,751
050,12,035,"Florida","Flagler County",4,79,1412,715,697
050,12,035,"Florida","Flagler County",4,80,1200,585,615
050,12,035,"Florida","Flagler County",4,81,1056,506,550
050,12,035,"Florida","Flagler County",4,82,902,436,466
050,12,035,"Florida","Flagler County",4,83,860,425,435
050,12,035,"Florida","Flagler County",4,84,799,386,413
050,12,035,"Florida","Flagler County",4,85,3790,1704,2086
050,12,035,"Florida","Flagler County",5,0,869,469,400
050,12,035,"Florida","Flagler County",5,1,930,523,407
050,12,035,"Florida","Flagler County",5,2,923,495,428
050,12,035,"Florida","Flagler County",5,3,965,470,495
050,12,035,"Florida","Flagler County",5,4,1018,516,502
050,12,035,"Florida","Flagler County",5,5,1077,543,534
050,12,035,"Florida","Flagler County",5,6,1046,550,496
050,12,035,"Florida","Flagler County",5,7,1162,592,570
050,12,035,"Florida","Flagler County",5,8,1218,616,602
050,12,035,"Florida","Flagler County",5,9,1186,596,590
050,12,035,"Florida","Flagler County",5,10,1206,618,588
050,12,035,"Florida","Flagler County",5,11,1207,601,606
050,12,035,"Florida","Flagler County",5,12,1259,636,623
050,12,035,"Florida","Flagler County",5,13,1289,650,639
050,12,035,"Florida","Flagler County",5,14,1308,691,617
050,12,035,"Florida","Flagler County",5,15,1403,724,679
050,12,035,"Florida","Flagler County",5,16,1449,732,717
050,12,035,"Florida","Flagler County",5,17,1404,734,670
050,12,035,"Florida","Flagler County",5,18,1180,634,546
050,12,035,"Florida","Flagler County",5,19,1048,547,501
050,12,035,"Florida","Flagler County",5,20,1095,573,522
050,12,035,"Florida","Flagler County",5,21,1156,590,566
050,12,035,"Florida","Flagler County",5,22,1195,598,597
050,12,035,"Florida","Flagler County",5,23,1185,586,599
050,12,035,"Florida","Flagler County",5,24,1186,622,564
050,12,035,"Florida","Flagler County",5,25,1183,634,549
050,12,035,"Florida","Flagler County",5,26,1124,585,539
050,12,035,"Florida","Flagler County",5,27,1094,552,542
050,12,035,"Florida","Flagler County",5,28,1111,554,557
050,12,035,"Florida","Flagler County",5,29,1184,600,584
050,12,035,"Florida","Flagler County",5,30,1158,601,557
050,12,035,"Florida","Flagler County",5,31,1184,567,617
050,12,035,"Florida","Flagler County",5,32,1242,584,658
050,12,035,"Florida","Flagler County",5,33,1260,630,630
050,12,035,"Florida","Flagler County",5,34,1271,649,622
050,12,035,"Florida","Flagler County",5,35,1193,591,602
050,12,035,"Florida","Flagler County",5,36,1134,544,590
050,12,035,"Florida","Flagler County",5,37,1261,603,658
050,12,035,"Florida","Flagler County",5,38,1290,615,675
050,12,035,"Florida","Flagler County",5,39,1358,647,711
050,12,035,"Florida","Flagler County",5,40,1360,634,726
050,12,035,"Florida","Flagler County",5,41,1338,662,676
050,12,035,"Florida","Flagler County",5,42,1310,637,673
050,12,035,"Florida","Flagler County",5,43,1322,630,692
050,12,035,"Florida","Flagler County",5,44,1275,594,681
050,12,035,"Florida","Flagler County",5,45,1365,649,716
050,12,035,"Florida","Flagler County",5,46,1372,639,733
050,12,035,"Florida","Flagler County",5,47,1382,663,719
050,12,035,"Florida","Flagler County",5,48,1382,656,726
050,12,035,"Florida","Flagler County",5,49,1397,648,749
050,12,035,"Florida","Flagler County",5,50,1489,703,786
050,12,035,"Florida","Flagler County",5,51,1600,751,849
050,12,035,"Florida","Flagler County",5,52,1764,844,920
050,12,035,"Florida","Flagler County",5,53,1717,817,900
050,12,035,"Florida","Flagler County",5,54,1712,810,902
050,12,035,"Florida","Flagler County",5,55,1717,792,925
050,12,035,"Florida","Flagler County",5,56,1894,882,1012
050,12,035,"Florida","Flagler County",5,57,1909,892,1017
050,12,035,"Florida","Flagler County",5,58,1990,921,1069
050,12,035,"Florida","Flagler County",5,59,2133,997,1136
050,12,035,"Florida","Flagler County",5,60,2119,1014,1105
050,12,035,"Florida","Flagler County",5,61,2276,1099,1177
050,12,035,"Florida","Flagler County",5,62,2327,1097,1230
050,12,035,"Florida","Flagler County",5,63,2322,1039,1283
050,12,035,"Florida","Flagler County",5,64,2446,1098,1348
050,12,035,"Florida","Flagler County",5,65,2518,1178,1340
050,12,035,"Florida","Flagler County",5,66,2516,1195,1321
050,12,035,"Florida","Flagler County",5,67,2401,1129,1272
050,12,035,"Florida","Flagler County",5,68,2410,1142,1268
050,12,035,"Florida","Flagler County",5,69,2484,1144,1340
050,12,035,"Florida","Flagler County",5,70,2336,1077,1259
050,12,035,"Florida","Flagler County",5,71,2270,1021,1249
050,12,035,"Florida","Flagler County",5,72,2163,988,1175
050,12,035,"Florida","Flagler County",5,73,2070,980,1090
050,12,035,"Florida","Flagler County",5,74,2162,1011,1151
050,12,035,"Florida","Flagler County",5,75,2143,1034,1109
050,12,035,"Florida","Flagler County",5,76,2324,1152,1172
050,12,035,"Florida","Flagler County",5,77,1584,785,799
050,12,035,"Florida","Flagler County",5,78,1470,728,742
050,12,035,"Florida","Flagler County",5,79,1465,726,739
050,12,035,"Florida","Flagler County",5,80,1361,675,686
050,12,035,"Florida","Flagler County",5,81,1143,549,594
050,12,035,"Florida","Flagler County",5,82,983,475,508
050,12,035,"Florida","Flagler County",5,83,849,403,446
050,12,035,"Florida","Flagler County",5,84,828,401,427
050,12,035,"Florida","Flagler County",5,85,4030,1844,2186
050,12,037,"Florida","Franklin County",1,0,93,49,44
050,12,037,"Florida","Franklin County",1,1,98,52,46
050,12,037,"Florida","Franklin County",1,2,110,57,53
050,12,037,"Florida","Franklin County",1,3,109,56,53
050,12,037,"Florida","Franklin County",1,4,114,61,53
050,12,037,"Florida","Franklin County",1,5,111,65,46
050,12,037,"Florida","Franklin County",1,6,107,54,53
050,12,037,"Florida","Franklin County",1,7,98,49,49
050,12,037,"Florida","Franklin County",1,8,105,57,48
050,12,037,"Florida","Franklin County",1,9,103,62,41
050,12,037,"Florida","Franklin County",1,10,115,55,60
050,12,037,"Florida","Franklin County",1,11,123,64,59
050,12,037,"Florida","Franklin County",1,12,128,58,70
050,12,037,"Florida","Franklin County",1,13,120,64,56
050,12,037,"Florida","Franklin County",1,14,128,74,54
050,12,037,"Florida","Franklin County",1,15,114,62,52
050,12,037,"Florida","Franklin County",1,16,121,58,63
050,12,037,"Florida","Franklin County",1,17,103,47,56
050,12,037,"Florida","Franklin County",1,18,87,48,39
050,12,037,"Florida","Franklin County",1,19,73,44,29
050,12,037,"Florida","Franklin County",1,20,80,44,36
050,12,037,"Florida","Franklin County",1,21,95,53,42
050,12,037,"Florida","Franklin County",1,22,119,74,45
050,12,037,"Florida","Franklin County",1,23,134,98,36
050,12,037,"Florida","Franklin County",1,24,156,105,51
050,12,037,"Florida","Franklin County",1,25,171,123,48
050,12,037,"Florida","Franklin County",1,26,161,110,51
050,12,037,"Florida","Franklin County",1,27,173,114,59
050,12,037,"Florida","Franklin County",1,28,174,117,57
050,12,037,"Florida","Franklin County",1,29,168,109,59
050,12,037,"Florida","Franklin County",1,30,184,126,58
050,12,037,"Florida","Franklin County",1,31,192,121,71
050,12,037,"Florida","Franklin County",1,32,164,98,66
050,12,037,"Florida","Franklin County",1,33,143,97,46
050,12,037,"Florida","Franklin County",1,34,136,79,57
050,12,037,"Florida","Franklin County",1,35,144,85,59
050,12,037,"Florida","Franklin County",1,36,147,84,63
050,12,037,"Florida","Franklin County",1,37,141,90,51
050,12,037,"Florida","Franklin County",1,38,166,105,61
050,12,037,"Florida","Franklin County",1,39,148,80,68
050,12,037,"Florida","Franklin County",1,40,149,88,61
050,12,037,"Florida","Franklin County",1,41,147,86,61
050,12,037,"Florida","Franklin County",1,42,132,75,57
050,12,037,"Florida","Franklin County",1,43,122,70,52
050,12,037,"Florida","Franklin County",1,44,126,80,46
050,12,037,"Florida","Franklin County",1,45,133,89,44
050,12,037,"Florida","Franklin County",1,46,141,85,56
050,12,037,"Florida","Franklin County",1,47,141,81,60
050,12,037,"Florida","Franklin County",1,48,132,71,61
050,12,037,"Florida","Franklin County",1,49,161,94,67
050,12,037,"Florida","Franklin County",1,50,167,88,79
050,12,037,"Florida","Franklin County",1,51,149,79,70
050,12,037,"Florida","Franklin County",1,52,141,77,64
050,12,037,"Florida","Franklin County",1,53,143,72,71
050,12,037,"Florida","Franklin County",1,54,168,89,79
050,12,037,"Florida","Franklin County",1,55,187,95,92
050,12,037,"Florida","Franklin County",1,56,199,105,94
050,12,037,"Florida","Franklin County",1,57,178,96,82
050,12,037,"Florida","Franklin County",1,58,174,85,89
050,12,037,"Florida","Franklin County",1,59,194,85,109
050,12,037,"Florida","Franklin County",1,60,206,100,106
050,12,037,"Florida","Franklin County",1,61,202,95,107
050,12,037,"Florida","Franklin County",1,62,201,98,103
050,12,037,"Florida","Franklin County",1,63,218,109,109
050,12,037,"Florida","Franklin County",1,64,212,99,113
050,12,037,"Florida","Franklin County",1,65,208,106,102
050,12,037,"Florida","Franklin County",1,66,214,101,113
050,12,037,"Florida","Franklin County",1,67,218,107,111
050,12,037,"Florida","Franklin County",1,68,201,100,101
050,12,037,"Florida","Franklin County",1,69,204,94,110
050,12,037,"Florida","Franklin County",1,70,187,93,94
050,12,037,"Florida","Franklin County",1,71,211,104,107
050,12,037,"Florida","Franklin County",1,72,189,100,89
050,12,037,"Florida","Franklin County",1,73,195,112,83
050,12,037,"Florida","Franklin County",1,74,139,64,75
050,12,037,"Florida","Franklin County",1,75,133,58,75
050,12,037,"Florida","Franklin County",1,76,126,67,59
050,12,037,"Florida","Franklin County",1,77,136,76,60
050,12,037,"Florida","Franklin County",1,78,103,59,44
050,12,037,"Florida","Franklin County",1,79,104,57,47
050,12,037,"Florida","Franklin County",1,80,93,48,45
050,12,037,"Florida","Franklin County",1,81,78,32,46
050,12,037,"Florida","Franklin County",1,82,72,31,41
050,12,037,"Florida","Franklin County",1,83,56,22,34
050,12,037,"Florida","Franklin County",1,84,47,22,25
050,12,037,"Florida","Franklin County",1,85,259,121,138
050,12,037,"Florida","Franklin County",2,0,83,46,37
050,12,037,"Florida","Franklin County",2,1,97,52,45
050,12,037,"Florida","Franklin County",2,2,108,56,52
050,12,037,"Florida","Franklin County",2,3,109,56,53
050,12,037,"Florida","Franklin County",2,4,114,59,55
050,12,037,"Florida","Franklin County",2,5,115,65,50
050,12,037,"Florida","Franklin County",2,6,107,57,50
050,12,037,"Florida","Franklin County",2,7,101,51,50
050,12,037,"Florida","Franklin County",2,8,103,56,47
050,12,037,"Florida","Franklin County",2,9,103,59,44
050,12,037,"Florida","Franklin County",2,10,111,56,55
050,12,037,"Florida","Franklin County",2,11,120,61,59
050,12,037,"Florida","Franklin County",2,12,128,60,68
050,12,037,"Florida","Franklin County",2,13,125,65,60
050,12,037,"Florida","Franklin County",2,14,125,71,54
050,12,037,"Florida","Franklin County",2,15,120,66,54
050,12,037,"Florida","Franklin County",2,16,120,60,60
050,12,037,"Florida","Franklin County",2,17,106,49,57
050,12,037,"Florida","Franklin County",2,18,87,46,41
050,12,037,"Florida","Franklin County",2,19,74,44,30
050,12,037,"Florida","Franklin County",2,20,79,43,36
050,12,037,"Florida","Franklin County",2,21,93,52,41
050,12,037,"Florida","Franklin County",2,22,120,76,44
050,12,037,"Florida","Franklin County",2,23,138,98,40
050,12,037,"Florida","Franklin County",2,24,152,106,46
050,12,037,"Florida","Franklin County",2,25,168,118,50
050,12,037,"Florida","Franklin County",2,26,160,109,51
050,12,037,"Florida","Franklin County",2,27,167,110,57
050,12,037,"Florida","Franklin County",2,28,173,115,58
050,12,037,"Florida","Franklin County",2,29,166,107,59
050,12,037,"Florida","Franklin County",2,30,183,123,60
050,12,037,"Florida","Franklin County",2,31,189,120,69
050,12,037,"Florida","Franklin County",2,32,167,100,67
050,12,037,"Florida","Franklin County",2,33,147,97,50
050,12,037,"Florida","Franklin County",2,34,137,82,55
050,12,037,"Florida","Franklin County",2,35,143,84,59
050,12,037,"Florida","Franklin County",2,36,144,83,61
050,12,037,"Florida","Franklin County",2,37,146,90,56
050,12,037,"Florida","Franklin County",2,38,163,104,59
050,12,037,"Florida","Franklin County",2,39,151,86,65
050,12,037,"Florida","Franklin County",2,40,151,86,65
050,12,037,"Florida","Franklin County",2,41,147,86,61
050,12,037,"Florida","Franklin County",2,42,137,79,58
050,12,037,"Florida","Franklin County",2,43,124,71,53
050,12,037,"Florida","Franklin County",2,44,125,78,47
050,12,037,"Florida","Franklin County",2,45,132,86,46
050,12,037,"Florida","Franklin County",2,46,140,87,53
050,12,037,"Florida","Franklin County",2,47,140,81,59
050,12,037,"Florida","Franklin County",2,48,133,71,62
050,12,037,"Florida","Franklin County",2,49,160,92,68
050,12,037,"Florida","Franklin County",2,50,166,90,76
050,12,037,"Florida","Franklin County",2,51,154,80,74
050,12,037,"Florida","Franklin County",2,52,143,77,66
050,12,037,"Florida","Franklin County",2,53,140,71,69
050,12,037,"Florida","Franklin County",2,54,163,85,78
050,12,037,"Florida","Franklin County",2,55,183,92,91
050,12,037,"Florida","Franklin County",2,56,197,102,95
050,12,037,"Florida","Franklin County",2,57,182,98,84
050,12,037,"Florida","Franklin County",2,58,177,89,88
050,12,037,"Florida","Franklin County",2,59,189,85,104
050,12,037,"Florida","Franklin County",2,60,204,97,107
050,12,037,"Florida","Franklin County",2,61,206,98,108
050,12,037,"Florida","Franklin County",2,62,205,99,106
050,12,037,"Florida","Franklin County",2,63,220,109,111
050,12,037,"Florida","Franklin County",2,64,210,99,111
050,12,037,"Florida","Franklin County",2,65,208,105,103
050,12,037,"Florida","Franklin County",2,66,213,102,111
050,12,037,"Florida","Franklin County",2,67,217,105,112
050,12,037,"Florida","Franklin County",2,68,205,101,104
050,12,037,"Florida","Franklin County",2,69,204,96,108
050,12,037,"Florida","Franklin County",2,70,190,92,98
050,12,037,"Florida","Franklin County",2,71,203,99,104
050,12,037,"Florida","Franklin County",2,72,192,99,93
050,12,037,"Florida","Franklin County",2,73,203,115,88
050,12,037,"Florida","Franklin County",2,74,142,71,71
050,12,037,"Florida","Franklin County",2,75,135,60,75
050,12,037,"Florida","Franklin County",2,76,126,63,63
050,12,037,"Florida","Franklin County",2,77,136,76,60
050,12,037,"Florida","Franklin County",2,78,110,63,47
050,12,037,"Florida","Franklin County",2,79,100,55,45
050,12,037,"Florida","Franklin County",2,80,94,48,46
050,12,037,"Florida","Franklin County",2,81,81,36,45
050,12,037,"Florida","Franklin County",2,82,73,31,42
050,12,037,"Florida","Franklin County",2,83,59,25,34
050,12,037,"Florida","Franklin County",2,84,48,21,27
050,12,037,"Florida","Franklin County",2,85,259,121,138
050,12,037,"Florida","Franklin County",3,0,109,52,57
050,12,037,"Florida","Franklin County",3,1,86,51,35
050,12,037,"Florida","Franklin County",3,2,91,46,45
050,12,037,"Florida","Franklin County",3,3,106,55,51
050,12,037,"Florida","Franklin County",3,4,96,57,39
050,12,037,"Florida","Franklin County",3,5,113,58,55
050,12,037,"Florida","Franklin County",3,6,115,65,50
050,12,037,"Florida","Franklin County",3,7,100,52,48
050,12,037,"Florida","Franklin County",3,8,107,54,53
050,12,037,"Florida","Franklin County",3,9,96,54,42
050,12,037,"Florida","Franklin County",3,10,104,57,47
050,12,037,"Florida","Franklin County",3,11,106,54,52
050,12,037,"Florida","Franklin County",3,12,118,61,57
050,12,037,"Florida","Franklin County",3,13,120,59,61
050,12,037,"Florida","Franklin County",3,14,120,60,60
050,12,037,"Florida","Franklin County",3,15,125,72,53
050,12,037,"Florida","Franklin County",3,16,122,63,59
050,12,037,"Florida","Franklin County",3,17,120,62,58
050,12,037,"Florida","Franklin County",3,18,89,44,45
050,12,037,"Florida","Franklin County",3,19,74,41,33
050,12,037,"Florida","Franklin County",3,20,86,48,38
050,12,037,"Florida","Franklin County",3,21,91,55,36
050,12,037,"Florida","Franklin County",3,22,117,70,47
050,12,037,"Florida","Franklin County",3,23,135,85,50
050,12,037,"Florida","Franklin County",3,24,128,84,44
050,12,037,"Florida","Franklin County",3,25,142,95,47
050,12,037,"Florida","Franklin County",3,26,134,88,46
050,12,037,"Florida","Franklin County",3,27,144,94,50
050,12,037,"Florida","Franklin County",3,28,159,99,60
050,12,037,"Florida","Franklin County",3,29,149,93,56
050,12,037,"Florida","Franklin County",3,30,153,96,57
050,12,037,"Florida","Franklin County",3,31,159,102,57
050,12,037,"Florida","Franklin County",3,32,160,95,65
050,12,037,"Florida","Franklin County",3,33,158,95,63
050,12,037,"Florida","Franklin County",3,34,128,80,48
050,12,037,"Florida","Franklin County",3,35,130,73,57
050,12,037,"Florida","Franklin County",3,36,129,72,57
050,12,037,"Florida","Franklin County",3,37,134,73,61
050,12,037,"Florida","Franklin County",3,38,137,80,57
050,12,037,"Florida","Franklin County",3,39,149,96,53
050,12,037,"Florida","Franklin County",3,40,144,77,67
050,12,037,"Florida","Franklin County",3,41,131,75,56
050,12,037,"Florida","Franklin County",3,42,149,83,66
050,12,037,"Florida","Franklin County",3,43,135,75,60
050,12,037,"Florida","Franklin County",3,44,114,61,53
050,12,037,"Florida","Franklin County",3,45,122,70,52
050,12,037,"Florida","Franklin County",3,46,128,84,44
050,12,037,"Florida","Franklin County",3,47,148,86,62
050,12,037,"Florida","Franklin County",3,48,133,72,61
050,12,037,"Florida","Franklin County",3,49,144,75,69
050,12,037,"Florida","Franklin County",3,50,158,82,76
050,12,037,"Florida","Franklin County",3,51,169,86,83
050,12,037,"Florida","Franklin County",3,52,157,78,79
050,12,037,"Florida","Franklin County",3,53,128,65,63
050,12,037,"Florida","Franklin County",3,54,145,71,74
050,12,037,"Florida","Franklin County",3,55,158,78,80
050,12,037,"Florida","Franklin County",3,56,187,86,101
050,12,037,"Florida","Franklin County",3,57,203,107,96
050,12,037,"Florida","Franklin County",3,58,182,105,77
050,12,037,"Florida","Franklin County",3,59,180,87,93
050,12,037,"Florida","Franklin County",3,60,193,84,109
050,12,037,"Florida","Franklin County",3,61,210,103,107
050,12,037,"Florida","Franklin County",3,62,202,95,107
050,12,037,"Florida","Franklin County",3,63,221,103,118
050,12,037,"Florida","Franklin County",3,64,225,111,114
050,12,037,"Florida","Franklin County",3,65,212,105,107
050,12,037,"Florida","Franklin County",3,66,202,105,97
050,12,037,"Florida","Franklin County",3,67,215,102,113
050,12,037,"Florida","Franklin County",3,68,216,103,113
050,12,037,"Florida","Franklin County",3,69,203,100,103
050,12,037,"Florida","Franklin County",3,70,201,98,103
050,12,037,"Florida","Franklin County",3,71,184,87,97
050,12,037,"Florida","Franklin County",3,72,192,91,101
050,12,037,"Florida","Franklin County",3,73,188,96,92
050,12,037,"Florida","Franklin County",3,74,193,113,80
050,12,037,"Florida","Franklin County",3,75,133,64,69
050,12,037,"Florida","Franklin County",3,76,129,57,72
050,12,037,"Florida","Franklin County",3,77,119,58,61
050,12,037,"Florida","Franklin County",3,78,130,71,59
050,12,037,"Florida","Franklin County",3,79,103,60,43
050,12,037,"Florida","Franklin County",3,80,92,50,42
050,12,037,"Florida","Franklin County",3,81,89,44,45
050,12,037,"Florida","Franklin County",3,82,77,35,42
050,12,037,"Florida","Franklin County",3,83,71,30,41
050,12,037,"Florida","Franklin County",3,84,57,24,33
050,12,037,"Florida","Franklin County",3,85,272,123,149
050,12,037,"Florida","Franklin County",4,0,89,40,49
050,12,037,"Florida","Franklin County",4,1,107,50,57
050,12,037,"Florida","Franklin County",4,2,93,57,36
050,12,037,"Florida","Franklin County",4,3,92,45,47
050,12,037,"Florida","Franklin County",4,4,91,51,40
050,12,037,"Florida","Franklin County",4,5,93,58,35
050,12,037,"Florida","Franklin County",4,6,105,53,52
050,12,037,"Florida","Franklin County",4,7,113,65,48
050,12,037,"Florida","Franklin County",4,8,99,49,50
050,12,037,"Florida","Franklin County",4,9,110,56,54
050,12,037,"Florida","Franklin County",4,10,96,56,40
050,12,037,"Florida","Franklin County",4,11,104,56,48
050,12,037,"Florida","Franklin County",4,12,106,55,51
050,12,037,"Florida","Franklin County",4,13,121,58,63
050,12,037,"Florida","Franklin County",4,14,118,59,59
050,12,037,"Florida","Franklin County",4,15,123,62,61
050,12,037,"Florida","Franklin County",4,16,124,74,50
050,12,037,"Florida","Franklin County",4,17,114,61,53
050,12,037,"Florida","Franklin County",4,18,106,59,47
050,12,037,"Florida","Franklin County",4,19,81,39,42
050,12,037,"Florida","Franklin County",4,20,79,43,36
050,12,037,"Florida","Franklin County",4,21,107,62,45
050,12,037,"Florida","Franklin County",4,22,116,80,36
050,12,037,"Florida","Franklin County",4,23,134,88,46
050,12,037,"Florida","Franklin County",4,24,149,93,56
050,12,037,"Florida","Franklin County",4,25,150,100,50
050,12,037,"Florida","Franklin County",4,26,146,98,48
050,12,037,"Florida","Franklin County",4,27,125,86,39
050,12,037,"Florida","Franklin County",4,28,156,108,48
050,12,037,"Florida","Franklin County",4,29,155,95,60
050,12,037,"Florida","Franklin County",4,30,158,100,58
050,12,037,"Florida","Franklin County",4,31,155,100,55
050,12,037,"Florida","Franklin County",4,32,143,86,57
050,12,037,"Florida","Franklin County",4,33,175,104,71
050,12,037,"Florida","Franklin County",4,34,145,87,58
050,12,037,"Florida","Franklin County",4,35,134,86,48
050,12,037,"Florida","Franklin County",4,36,137,74,63
050,12,037,"Florida","Franklin County",4,37,124,70,54
050,12,037,"Florida","Franklin County",4,38,146,82,64
050,12,037,"Florida","Franklin County",4,39,147,91,56
050,12,037,"Florida","Franklin County",4,40,153,98,55
050,12,037,"Florida","Franklin County",4,41,136,71,65
050,12,037,"Florida","Franklin County",4,42,126,73,53
050,12,037,"Florida","Franklin County",4,43,160,89,71
050,12,037,"Florida","Franklin County",4,44,139,78,61
050,12,037,"Florida","Franklin County",4,45,124,68,56
050,12,037,"Florida","Franklin County",4,46,121,74,47
050,12,037,"Florida","Franklin County",4,47,141,89,52
050,12,037,"Florida","Franklin County",4,48,151,87,64
050,12,037,"Florida","Franklin County",4,49,143,77,66
050,12,037,"Florida","Franklin County",4,50,140,79,61
050,12,037,"Florida","Franklin County",4,51,173,91,82
050,12,037,"Florida","Franklin County",4,52,179,91,88
050,12,037,"Florida","Franklin County",4,53,160,71,89
050,12,037,"Florida","Franklin County",4,54,151,84,67
050,12,037,"Florida","Franklin County",4,55,146,76,70
050,12,037,"Florida","Franklin County",4,56,163,81,82
050,12,037,"Florida","Franklin County",4,57,204,93,111
050,12,037,"Florida","Franklin County",4,58,216,121,95
050,12,037,"Florida","Franklin County",4,59,194,113,81
050,12,037,"Florida","Franklin County",4,60,197,95,102
050,12,037,"Florida","Franklin County",4,61,215,93,122
050,12,037,"Florida","Franklin County",4,62,225,110,115
050,12,037,"Florida","Franklin County",4,63,220,98,122
050,12,037,"Florida","Franklin County",4,64,229,103,126
050,12,037,"Florida","Franklin County",4,65,232,117,115
050,12,037,"Florida","Franklin County",4,66,222,109,113
050,12,037,"Florida","Franklin County",4,67,211,105,106
050,12,037,"Florida","Franklin County",4,68,205,98,107
050,12,037,"Florida","Franklin County",4,69,224,109,115
050,12,037,"Florida","Franklin County",4,70,213,111,102
050,12,037,"Florida","Franklin County",4,71,191,95,96
050,12,037,"Florida","Franklin County",4,72,175,80,95
050,12,037,"Florida","Franklin County",4,73,190,91,99
050,12,037,"Florida","Franklin County",4,74,188,99,89
050,12,037,"Florida","Franklin County",4,75,190,110,80
050,12,037,"Florida","Franklin County",4,76,128,62,66
050,12,037,"Florida","Franklin County",4,77,131,55,76
050,12,037,"Florida","Franklin County",4,78,112,55,57
050,12,037,"Florida","Franklin County",4,79,119,62,57
050,12,037,"Florida","Franklin County",4,80,93,50,43
050,12,037,"Florida","Franklin County",4,81,85,43,42
050,12,037,"Florida","Franklin County",4,82,85,44,41
050,12,037,"Florida","Franklin County",4,83,72,36,36
050,12,037,"Florida","Franklin County",4,84,64,25,39
050,12,037,"Florida","Franklin County",4,85,290,128,162
050,12,037,"Florida","Franklin County",5,0,88,39,49
050,12,037,"Florida","Franklin County",5,1,92,42,50
050,12,037,"Florida","Franklin County",5,2,113,53,60
050,12,037,"Florida","Franklin County",5,3,91,49,42
050,12,037,"Florida","Franklin County",5,4,91,45,46
050,12,037,"Florida","Franklin County",5,5,94,53,41
050,12,037,"Florida","Franklin County",5,6,97,56,41
050,12,037,"Florida","Franklin County",5,7,104,51,53
050,12,037,"Florida","Franklin County",5,8,113,68,45
050,12,037,"Florida","Franklin County",5,9,103,51,52
050,12,037,"Florida","Franklin County",5,10,110,56,54
050,12,037,"Florida","Franklin County",5,11,95,55,40
050,12,037,"Florida","Franklin County",5,12,103,55,48
050,12,037,"Florida","Franklin County",5,13,109,59,50
050,12,037,"Florida","Franklin County",5,14,113,54,59
050,12,037,"Florida","Franklin County",5,15,122,62,60
050,12,037,"Florida","Franklin County",5,16,114,62,52
050,12,037,"Florida","Franklin County",5,17,125,73,52
050,12,037,"Florida","Franklin County",5,18,102,54,48
050,12,037,"Florida","Franklin County",5,19,85,46,39
050,12,037,"Florida","Franklin County",5,20,82,39,43
050,12,037,"Florida","Franklin County",5,21,90,52,38
050,12,037,"Florida","Franklin County",5,22,131,86,45
050,12,037,"Florida","Franklin County",5,23,126,89,37
050,12,037,"Florida","Franklin County",5,24,134,89,45
050,12,037,"Florida","Franklin County",5,25,150,94,56
050,12,037,"Florida","Franklin County",5,26,141,96,45
050,12,037,"Florida","Franklin County",5,27,143,99,44
050,12,037,"Florida","Franklin County",5,28,141,95,46
050,12,037,"Florida","Franklin County",5,29,144,97,47
050,12,037,"Florida","Franklin County",5,30,164,98,66
050,12,037,"Florida","Franklin County",5,31,154,98,56
050,12,037,"Florida","Franklin County",5,32,147,92,55
050,12,037,"Florida","Franklin County",5,33,143,89,54
050,12,037,"Florida","Franklin County",5,34,166,99,67
050,12,037,"Florida","Franklin County",5,35,145,88,57
050,12,037,"Florida","Franklin County",5,36,129,80,49
050,12,037,"Florida","Franklin County",5,37,138,74,64
050,12,037,"Florida","Franklin County",5,38,129,71,58
050,12,037,"Florida","Franklin County",5,39,146,82,64
050,12,037,"Florida","Franklin County",5,40,142,85,57
050,12,037,"Florida","Franklin County",5,41,156,98,58
050,12,037,"Florida","Franklin County",5,42,126,64,62
050,12,037,"Florida","Franklin County",5,43,135,73,62
050,12,037,"Florida","Franklin County",5,44,159,90,69
050,12,037,"Florida","Franklin County",5,45,146,79,67
050,12,037,"Florida","Franklin County",5,46,127,72,55
050,12,037,"Florida","Franklin County",5,47,120,71,49
050,12,037,"Florida","Franklin County",5,48,132,80,52
050,12,037,"Florida","Franklin County",5,49,163,97,66
050,12,037,"Florida","Franklin County",5,50,147,77,70
050,12,037,"Florida","Franklin County",5,51,150,78,72
050,12,037,"Florida","Franklin County",5,52,171,93,78
050,12,037,"Florida","Franklin County",5,53,179,84,95
050,12,037,"Florida","Franklin County",5,54,172,72,100
050,12,037,"Florida","Franklin County",5,55,154,84,70
050,12,037,"Florida","Franklin County",5,56,161,79,82
050,12,037,"Florida","Franklin County",5,57,169,82,87
050,12,037,"Florida","Franklin County",5,58,216,101,115
050,12,037,"Florida","Franklin County",5,59,229,124,105
050,12,037,"Florida","Franklin County",5,60,211,122,89
050,12,037,"Florida","Franklin County",5,61,213,102,111
050,12,037,"Florida","Franklin County",5,62,226,98,128
050,12,037,"Florida","Franklin County",5,63,216,111,105
050,12,037,"Florida","Franklin County",5,64,224,96,128
050,12,037,"Florida","Franklin County",5,65,224,103,121
050,12,037,"Florida","Franklin County",5,66,240,121,119
050,12,037,"Florida","Franklin County",5,67,225,105,120
050,12,037,"Florida","Franklin County",5,68,200,95,105
050,12,037,"Florida","Franklin County",5,69,207,98,109
050,12,037,"Florida","Franklin County",5,70,222,113,109
050,12,037,"Florida","Franklin County",5,71,205,106,99
050,12,037,"Florida","Franklin County",5,72,186,90,96
050,12,037,"Florida","Franklin County",5,73,175,80,95
050,12,037,"Florida","Franklin County",5,74,181,88,93
050,12,037,"Florida","Franklin County",5,75,185,95,90
050,12,037,"Florida","Franklin County",5,76,184,108,76
050,12,037,"Florida","Franklin County",5,77,129,64,65
050,12,037,"Florida","Franklin County",5,78,130,54,76
050,12,037,"Florida","Franklin County",5,79,102,50,52
050,12,037,"Florida","Franklin County",5,80,112,57,55
050,12,037,"Florida","Franklin County",5,81,84,43,41
050,12,037,"Florida","Franklin County",5,82,84,43,41
050,12,037,"Florida","Franklin County",5,83,85,44,41
050,12,037,"Florida","Franklin County",5,84,62,31,31
050,12,037,"Florida","Franklin County",5,85,321,138,183
050,12,039,"Florida","Gadsden County",1,0,480,244,236
050,12,039,"Florida","Gadsden County",1,1,498,247,251
050,12,039,"Florida","Gadsden County",1,2,570,273,297
050,12,039,"Florida","Gadsden County",1,3,531,262,269
050,12,039,"Florida","Gadsden County",1,4,556,291,265
050,12,039,"Florida","Gadsden County",1,5,541,273,268
050,12,039,"Florida","Gadsden County",1,6,493,238,255
050,12,039,"Florida","Gadsden County",1,7,499,249,250
050,12,039,"Florida","Gadsden County",1,8,527,273,254
050,12,039,"Florida","Gadsden County",1,9,527,272,255
050,12,039,"Florida","Gadsden County",1,10,579,288,291
050,12,039,"Florida","Gadsden County",1,11,581,291,290
050,12,039,"Florida","Gadsden County",1,12,615,314,301
050,12,039,"Florida","Gadsden County",1,13,619,300,319
050,12,039,"Florida","Gadsden County",1,14,587,313,274
050,12,039,"Florida","Gadsden County",1,15,550,284,266
050,12,039,"Florida","Gadsden County",1,16,543,280,263
050,12,039,"Florida","Gadsden County",1,17,530,275,255
050,12,039,"Florida","Gadsden County",1,18,472,235,237
050,12,039,"Florida","Gadsden County",1,19,467,208,259
050,12,039,"Florida","Gadsden County",1,20,503,230,273
050,12,039,"Florida","Gadsden County",1,21,508,247,261
050,12,039,"Florida","Gadsden County",1,22,490,234,256
050,12,039,"Florida","Gadsden County",1,23,480,237,243
050,12,039,"Florida","Gadsden County",1,24,497,249,248
050,12,039,"Florida","Gadsden County",1,25,489,242,247
050,12,039,"Florida","Gadsden County",1,26,522,263,259
050,12,039,"Florida","Gadsden County",1,27,539,272,267
050,12,039,"Florida","Gadsden County",1,28,535,272,263
050,12,039,"Florida","Gadsden County",1,29,526,272,254
050,12,039,"Florida","Gadsden County",1,30,495,241,254
050,12,039,"Florida","Gadsden County",1,31,446,211,235
050,12,039,"Florida","Gadsden County",1,32,447,213,234
050,12,039,"Florida","Gadsden County",1,33,471,227,244
050,12,039,"Florida","Gadsden County",1,34,488,232,256
050,12,039,"Florida","Gadsden County",1,35,468,219,249
050,12,039,"Florida","Gadsden County",1,36,498,223,275
050,12,039,"Florida","Gadsden County",1,37,542,261,281
050,12,039,"Florida","Gadsden County",1,38,581,281,300
050,12,039,"Florida","Gadsden County",1,39,536,256,280
050,12,039,"Florida","Gadsden County",1,40,519,256,263
050,12,039,"Florida","Gadsden County",1,41,512,248,264
050,12,039,"Florida","Gadsden County",1,42,542,263,279
050,12,039,"Florida","Gadsden County",1,43,541,265,276
050,12,039,"Florida","Gadsden County",1,44,554,268,286
050,12,039,"Florida","Gadsden County",1,45,583,273,310
050,12,039,"Florida","Gadsden County",1,46,501,239,262
050,12,039,"Florida","Gadsden County",1,47,541,261,280
050,12,039,"Florida","Gadsden County",1,48,574,271,303
050,12,039,"Florida","Gadsden County",1,49,593,292,301
050,12,039,"Florida","Gadsden County",1,50,584,287,297
050,12,039,"Florida","Gadsden County",1,51,587,285,302
050,12,039,"Florida","Gadsden County",1,52,562,282,280
050,12,039,"Florida","Gadsden County",1,53,571,280,291
050,12,039,"Florida","Gadsden County",1,54,577,283,294
050,12,039,"Florida","Gadsden County",1,55,594,297,297
050,12,039,"Florida","Gadsden County",1,56,608,302,306
050,12,039,"Florida","Gadsden County",1,57,665,321,344
050,12,039,"Florida","Gadsden County",1,58,671,310,361
050,12,039,"Florida","Gadsden County",1,59,630,298,332
050,12,039,"Florida","Gadsden County",1,60,633,296,337
050,12,039,"Florida","Gadsden County",1,61,636,286,350
050,12,039,"Florida","Gadsden County",1,62,628,283,345
050,12,039,"Florida","Gadsden County",1,63,616,311,305
050,12,039,"Florida","Gadsden County",1,64,625,312,313
050,12,039,"Florida","Gadsden County",1,65,597,295,302
050,12,039,"Florida","Gadsden County",1,66,623,293,330
050,12,039,"Florida","Gadsden County",1,67,601,274,327
050,12,039,"Florida","Gadsden County",1,68,549,260,289
050,12,039,"Florida","Gadsden County",1,69,511,241,270
050,12,039,"Florida","Gadsden County",1,70,508,222,286
050,12,039,"Florida","Gadsden County",1,71,486,242,244
050,12,039,"Florida","Gadsden County",1,72,457,216,241
050,12,039,"Florida","Gadsden County",1,73,418,179,239
050,12,039,"Florida","Gadsden County",1,74,324,136,188
050,12,039,"Florida","Gadsden County",1,75,361,157,204
050,12,039,"Florida","Gadsden County",1,76,330,142,188
050,12,039,"Florida","Gadsden County",1,77,307,130,177
050,12,039,"Florida","Gadsden County",1,78,250,99,151
050,12,039,"Florida","Gadsden County",1,79,222,91,131
050,12,039,"Florida","Gadsden County",1,80,239,110,129
050,12,039,"Florida","Gadsden County",1,81,208,89,119
050,12,039,"Florida","Gadsden County",1,82,178,65,113
050,12,039,"Florida","Gadsden County",1,83,173,67,106
050,12,039,"Florida","Gadsden County",1,84,165,75,90
050,12,039,"Florida","Gadsden County",1,85,839,315,524
050,12,039,"Florida","Gadsden County",2,0,468,238,230
050,12,039,"Florida","Gadsden County",2,1,497,247,250
050,12,039,"Florida","Gadsden County",2,2,555,268,287
050,12,039,"Florida","Gadsden County",2,3,539,267,272
050,12,039,"Florida","Gadsden County",2,4,549,284,265
050,12,039,"Florida","Gadsden County",2,5,539,275,264
050,12,039,"Florida","Gadsden County",2,6,498,245,253
050,12,039,"Florida","Gadsden County",2,7,493,246,247
050,12,039,"Florida","Gadsden County",2,8,519,267,252
050,12,039,"Florida","Gadsden County",2,9,524,270,254
050,12,039,"Florida","Gadsden County",2,10,564,284,280
050,12,039,"Florida","Gadsden County",2,11,576,287,289
050,12,039,"Florida","Gadsden County",2,12,611,311,300
050,12,039,"Florida","Gadsden County",2,13,615,304,311
050,12,039,"Florida","Gadsden County",2,14,591,308,283
050,12,039,"Florida","Gadsden County",2,15,560,294,266
050,12,039,"Florida","Gadsden County",2,16,547,282,265
050,12,039,"Florida","Gadsden County",2,17,526,274,252
050,12,039,"Florida","Gadsden County",2,18,468,234,234
050,12,039,"Florida","Gadsden County",2,19,449,205,244
050,12,039,"Florida","Gadsden County",2,20,499,229,270
050,12,039,"Florida","Gadsden County",2,21,499,242,257
050,12,039,"Florida","Gadsden County",2,22,485,232,253
050,12,039,"Florida","Gadsden County",2,23,480,238,242
050,12,039,"Florida","Gadsden County",2,24,479,237,242
050,12,039,"Florida","Gadsden County",2,25,480,238,242
050,12,039,"Florida","Gadsden County",2,26,503,251,252
050,12,039,"Florida","Gadsden County",2,27,527,267,260
050,12,039,"Florida","Gadsden County",2,28,524,266,258
050,12,039,"Florida","Gadsden County",2,29,521,268,253
050,12,039,"Florida","Gadsden County",2,30,494,245,249
050,12,039,"Florida","Gadsden County",2,31,444,212,232
050,12,039,"Florida","Gadsden County",2,32,432,208,224
050,12,039,"Florida","Gadsden County",2,33,457,219,238
050,12,039,"Florida","Gadsden County",2,34,478,230,248
050,12,039,"Florida","Gadsden County",2,35,468,222,246
050,12,039,"Florida","Gadsden County",2,36,478,216,262
050,12,039,"Florida","Gadsden County",2,37,526,254,272
050,12,039,"Florida","Gadsden County",2,38,562,270,292
050,12,039,"Florida","Gadsden County",2,39,533,258,275
050,12,039,"Florida","Gadsden County",2,40,524,258,266
050,12,039,"Florida","Gadsden County",2,41,507,247,260
050,12,039,"Florida","Gadsden County",2,42,526,258,268
050,12,039,"Florida","Gadsden County",2,43,536,260,276
050,12,039,"Florida","Gadsden County",2,44,541,262,279
050,12,039,"Florida","Gadsden County",2,45,567,269,298
050,12,039,"Florida","Gadsden County",2,46,510,243,267
050,12,039,"Florida","Gadsden County",2,47,521,252,269
050,12,039,"Florida","Gadsden County",2,48,562,267,295
050,12,039,"Florida","Gadsden County",2,49,589,286,303
050,12,039,"Florida","Gadsden County",2,50,584,288,296
050,12,039,"Florida","Gadsden County",2,51,578,277,301
050,12,039,"Florida","Gadsden County",2,52,560,278,282
050,12,039,"Florida","Gadsden County",2,53,560,273,287
050,12,039,"Florida","Gadsden County",2,54,568,281,287
050,12,039,"Florida","Gadsden County",2,55,584,292,292
050,12,039,"Florida","Gadsden County",2,56,603,297,306
050,12,039,"Florida","Gadsden County",2,57,647,313,334
050,12,039,"Florida","Gadsden County",2,58,667,310,357
050,12,039,"Florida","Gadsden County",2,59,638,299,339
050,12,039,"Florida","Gadsden County",2,60,631,294,337
050,12,039,"Florida","Gadsden County",2,61,632,287,345
050,12,039,"Florida","Gadsden County",2,62,622,278,344
050,12,039,"Florida","Gadsden County",2,63,622,306,316
050,12,039,"Florida","Gadsden County",2,64,612,304,308
050,12,039,"Florida","Gadsden County",2,65,599,296,303
050,12,039,"Florida","Gadsden County",2,66,615,291,324
050,12,039,"Florida","Gadsden County",2,67,599,275,324
050,12,039,"Florida","Gadsden County",2,68,554,260,294
050,12,039,"Florida","Gadsden County",2,69,515,242,273
050,12,039,"Florida","Gadsden County",2,70,508,225,283
050,12,039,"Florida","Gadsden County",2,71,488,235,253
050,12,039,"Florida","Gadsden County",2,72,451,214,237
050,12,039,"Florida","Gadsden County",2,73,436,191,245
050,12,039,"Florida","Gadsden County",2,74,325,136,189
050,12,039,"Florida","Gadsden County",2,75,347,149,198
050,12,039,"Florida","Gadsden County",2,76,332,145,187
050,12,039,"Florida","Gadsden County",2,77,315,132,183
050,12,039,"Florida","Gadsden County",2,78,253,102,151
050,12,039,"Florida","Gadsden County",2,79,228,92,136
050,12,039,"Florida","Gadsden County",2,80,233,104,129
050,12,039,"Florida","Gadsden County",2,81,209,90,119
050,12,039,"Florida","Gadsden County",2,82,183,70,113
050,12,039,"Florida","Gadsden County",2,83,169,63,106
050,12,039,"Florida","Gadsden County",2,84,161,71,90
050,12,039,"Florida","Gadsden County",2,85,843,318,525
050,12,039,"Florida","Gadsden County",3,0,511,255,256
050,12,039,"Florida","Gadsden County",3,1,436,219,217
050,12,039,"Florida","Gadsden County",3,2,498,239,259
050,12,039,"Florida","Gadsden County",3,3,552,269,283
050,12,039,"Florida","Gadsden County",3,4,545,262,283
050,12,039,"Florida","Gadsden County",3,5,538,277,261
050,12,039,"Florida","Gadsden County",3,6,536,273,263
050,12,039,"Florida","Gadsden County",3,7,512,241,271
050,12,039,"Florida","Gadsden County",3,8,498,245,253
050,12,039,"Florida","Gadsden County",3,9,515,270,245
050,12,039,"Florida","Gadsden County",3,10,533,262,271
050,12,039,"Florida","Gadsden County",3,11,545,276,269
050,12,039,"Florida","Gadsden County",3,12,572,281,291
050,12,039,"Florida","Gadsden County",3,13,589,294,295
050,12,039,"Florida","Gadsden County",3,14,593,287,306
050,12,039,"Florida","Gadsden County",3,15,586,307,279
050,12,039,"Florida","Gadsden County",3,16,554,287,267
050,12,039,"Florida","Gadsden County",3,17,542,279,263
050,12,039,"Florida","Gadsden County",3,18,459,237,222
050,12,039,"Florida","Gadsden County",3,19,417,204,213
050,12,039,"Florida","Gadsden County",3,20,471,209,262
050,12,039,"Florida","Gadsden County",3,21,499,228,271
050,12,039,"Florida","Gadsden County",3,22,516,245,271
050,12,039,"Florida","Gadsden County",3,23,502,241,261
050,12,039,"Florida","Gadsden County",3,24,496,232,264
050,12,039,"Florida","Gadsden County",3,25,480,241,239
050,12,039,"Florida","Gadsden County",3,26,479,229,250
050,12,039,"Florida","Gadsden County",3,27,509,248,261
050,12,039,"Florida","Gadsden County",3,28,528,271,257
050,12,039,"Florida","Gadsden County",3,29,542,273,269
050,12,039,"Florida","Gadsden County",3,30,523,264,259
050,12,039,"Florida","Gadsden County",3,31,501,245,256
050,12,039,"Florida","Gadsden County",3,32,457,216,241
050,12,039,"Florida","Gadsden County",3,33,461,225,236
050,12,039,"Florida","Gadsden County",3,34,475,226,249
050,12,039,"Florida","Gadsden County",3,35,483,228,255
050,12,039,"Florida","Gadsden County",3,36,462,206,256
050,12,039,"Florida","Gadsden County",3,37,489,232,257
050,12,039,"Florida","Gadsden County",3,38,523,243,280
050,12,039,"Florida","Gadsden County",3,39,557,264,293
050,12,039,"Florida","Gadsden County",3,40,555,272,283
050,12,039,"Florida","Gadsden County",3,41,524,248,276
050,12,039,"Florida","Gadsden County",3,42,545,270,275
050,12,039,"Florida","Gadsden County",3,43,547,263,284
050,12,039,"Florida","Gadsden County",3,44,548,253,295
050,12,039,"Florida","Gadsden County",3,45,547,267,280
050,12,039,"Florida","Gadsden County",3,46,554,268,286
050,12,039,"Florida","Gadsden County",3,47,510,243,267
050,12,039,"Florida","Gadsden County",3,48,531,251,280
050,12,039,"Florida","Gadsden County",3,49,579,272,307
050,12,039,"Florida","Gadsden County",3,50,617,310,307
050,12,039,"Florida","Gadsden County",3,51,602,294,308
050,12,039,"Florida","Gadsden County",3,52,586,289,297
050,12,039,"Florida","Gadsden County",3,53,546,269,277
050,12,039,"Florida","Gadsden County",3,54,571,281,290
050,12,039,"Florida","Gadsden County",3,55,574,271,303
050,12,039,"Florida","Gadsden County",3,56,577,286,291
050,12,039,"Florida","Gadsden County",3,57,596,286,310
050,12,039,"Florida","Gadsden County",3,58,658,314,344
050,12,039,"Florida","Gadsden County",3,59,662,304,358
050,12,039,"Florida","Gadsden County",3,60,629,287,342
050,12,039,"Florida","Gadsden County",3,61,635,291,344
050,12,039,"Florida","Gadsden County",3,62,647,291,356
050,12,039,"Florida","Gadsden County",3,63,623,282,341
050,12,039,"Florida","Gadsden County",3,64,625,305,320
050,12,039,"Florida","Gadsden County",3,65,599,298,301
050,12,039,"Florida","Gadsden County",3,66,599,296,303
050,12,039,"Florida","Gadsden County",3,67,600,277,323
050,12,039,"Florida","Gadsden County",3,68,590,275,315
050,12,039,"Florida","Gadsden County",3,69,537,247,290
050,12,039,"Florida","Gadsden County",3,70,507,238,269
050,12,039,"Florida","Gadsden County",3,71,482,216,266
050,12,039,"Florida","Gadsden County",3,72,472,229,243
050,12,039,"Florida","Gadsden County",3,73,438,208,230
050,12,039,"Florida","Gadsden County",3,74,425,186,239
050,12,039,"Florida","Gadsden County",3,75,308,129,179
050,12,039,"Florida","Gadsden County",3,76,346,146,200
050,12,039,"Florida","Gadsden County",3,77,311,131,180
050,12,039,"Florida","Gadsden County",3,78,293,121,172
050,12,039,"Florida","Gadsden County",3,79,230,87,143
050,12,039,"Florida","Gadsden County",3,80,211,80,131
050,12,039,"Florida","Gadsden County",3,81,215,89,126
050,12,039,"Florida","Gadsden County",3,82,196,88,108
050,12,039,"Florida","Gadsden County",3,83,166,61,105
050,12,039,"Florida","Gadsden County",3,84,154,52,102
050,12,039,"Florida","Gadsden County",3,85,848,328,520
050,12,039,"Florida","Gadsden County",4,0,488,244,244
050,12,039,"Florida","Gadsden County",4,1,509,270,239
050,12,039,"Florida","Gadsden County",4,2,427,216,211
050,12,039,"Florida","Gadsden County",4,3,494,240,254
050,12,039,"Florida","Gadsden County",4,4,523,252,271
050,12,039,"Florida","Gadsden County",4,5,533,252,281
050,12,039,"Florida","Gadsden County",4,6,535,275,260
050,12,039,"Florida","Gadsden County",4,7,534,275,259
050,12,039,"Florida","Gadsden County",4,8,508,238,270
050,12,039,"Florida","Gadsden County",4,9,499,248,251
050,12,039,"Florida","Gadsden County",4,10,531,271,260
050,12,039,"Florida","Gadsden County",4,11,524,268,256
050,12,039,"Florida","Gadsden County",4,12,535,266,269
050,12,039,"Florida","Gadsden County",4,13,575,275,300
050,12,039,"Florida","Gadsden County",4,14,597,305,292
050,12,039,"Florida","Gadsden County",4,15,595,285,310
050,12,039,"Florida","Gadsden County",4,16,575,294,281
050,12,039,"Florida","Gadsden County",4,17,551,290,261
050,12,039,"Florida","Gadsden County",4,18,472,255,217
050,12,039,"Florida","Gadsden County",4,19,411,207,204
050,12,039,"Florida","Gadsden County",4,20,463,223,240
050,12,039,"Florida","Gadsden County",4,21,474,213,261
050,12,039,"Florida","Gadsden County",4,22,524,239,285
050,12,039,"Florida","Gadsden County",4,23,519,250,269
050,12,039,"Florida","Gadsden County",4,24,504,233,271
050,12,039,"Florida","Gadsden County",4,25,515,260,255
050,12,039,"Florida","Gadsden County",4,26,467,239,228
050,12,039,"Florida","Gadsden County",4,27,478,235,243
050,12,039,"Florida","Gadsden County",4,28,465,238,227
050,12,039,"Florida","Gadsden County",4,29,536,278,258
050,12,039,"Florida","Gadsden County",4,30,525,260,265
050,12,039,"Florida","Gadsden County",4,31,489,256,233
050,12,039,"Florida","Gadsden County",4,32,488,239,249
050,12,039,"Florida","Gadsden County",4,33,448,208,240
050,12,039,"Florida","Gadsden County",4,34,450,223,227
050,12,039,"Florida","Gadsden County",4,35,466,229,237
050,12,039,"Florida","Gadsden County",4,36,470,209,261
050,12,039,"Florida","Gadsden County",4,37,490,225,265
050,12,039,"Florida","Gadsden County",4,38,478,218,260
050,12,039,"Florida","Gadsden County",4,39,531,248,283
050,12,039,"Florida","Gadsden County",4,40,589,282,307
050,12,039,"Florida","Gadsden County",4,41,551,266,285
050,12,039,"Florida","Gadsden County",4,42,534,271,263
050,12,039,"Florida","Gadsden County",4,43,548,273,275
050,12,039,"Florida","Gadsden County",4,44,550,253,297
050,12,039,"Florida","Gadsden County",4,45,543,254,289
050,12,039,"Florida","Gadsden County",4,46,532,259,273
050,12,039,"Florida","Gadsden County",4,47,562,277,285
050,12,039,"Florida","Gadsden County",4,48,513,243,270
050,12,039,"Florida","Gadsden County",4,49,527,248,279
050,12,039,"Florida","Gadsden County",4,50,582,276,306
050,12,039,"Florida","Gadsden County",4,51,639,316,323
050,12,039,"Florida","Gadsden County",4,52,609,311,298
050,12,039,"Florida","Gadsden County",4,53,563,269,294
050,12,039,"Florida","Gadsden County",4,54,555,279,276
050,12,039,"Florida","Gadsden County",4,55,566,269,297
050,12,039,"Florida","Gadsden County",4,56,558,266,292
050,12,039,"Florida","Gadsden County",4,57,570,287,283
050,12,039,"Florida","Gadsden County",4,58,595,285,310
050,12,039,"Florida","Gadsden County",4,59,654,317,337
050,12,039,"Florida","Gadsden County",4,60,655,305,350
050,12,039,"Florida","Gadsden County",4,61,623,288,335
050,12,039,"Florida","Gadsden County",4,62,624,289,335
050,12,039,"Florida","Gadsden County",4,63,644,294,350
050,12,039,"Florida","Gadsden County",4,64,612,269,343
050,12,039,"Florida","Gadsden County",4,65,611,297,314
050,12,039,"Florida","Gadsden County",4,66,606,301,305
050,12,039,"Florida","Gadsden County",4,67,587,285,302
050,12,039,"Florida","Gadsden County",4,68,610,284,326
050,12,039,"Florida","Gadsden County",4,69,581,268,313
050,12,039,"Florida","Gadsden County",4,70,529,241,288
050,12,039,"Florida","Gadsden County",4,71,496,238,258
050,12,039,"Florida","Gadsden County",4,72,473,211,262
050,12,039,"Florida","Gadsden County",4,73,447,217,230
050,12,039,"Florida","Gadsden County",4,74,420,200,220
050,12,039,"Florida","Gadsden County",4,75,391,173,218
050,12,039,"Florida","Gadsden County",4,76,299,124,175
050,12,039,"Florida","Gadsden County",4,77,332,140,192
050,12,039,"Florida","Gadsden County",4,78,305,129,176
050,12,039,"Florida","Gadsden County",4,79,272,112,160
050,12,039,"Florida","Gadsden County",4,80,213,79,134
050,12,039,"Florida","Gadsden County",4,81,179,61,118
050,12,039,"Florida","Gadsden County",4,82,206,86,120
050,12,039,"Florida","Gadsden County",4,83,177,78,99
050,12,039,"Florida","Gadsden County",4,84,144,48,96
050,12,039,"Florida","Gadsden County",4,85,821,309,512
050,12,039,"Florida","Gadsden County",5,0,492,250,242
050,12,039,"Florida","Gadsden County",5,1,492,247,245
050,12,039,"Florida","Gadsden County",5,2,509,275,234
050,12,039,"Florida","Gadsden County",5,3,463,243,220
050,12,039,"Florida","Gadsden County",5,4,496,240,256
050,12,039,"Florida","Gadsden County",5,5,541,262,279
050,12,039,"Florida","Gadsden County",5,6,557,263,294
050,12,039,"Florida","Gadsden County",5,7,546,284,262
050,12,039,"Florida","Gadsden County",5,8,552,282,270
050,12,039,"Florida","Gadsden County",5,9,519,241,278
050,12,039,"Florida","Gadsden County",5,10,528,253,275
050,12,039,"Florida","Gadsden County",5,11,555,284,271
050,12,039,"Florida","Gadsden County",5,12,522,257,265
050,12,039,"Florida","Gadsden County",5,13,536,265,271
050,12,039,"Florida","Gadsden County",5,14,578,283,295
050,12,039,"Florida","Gadsden County",5,15,596,311,285
050,12,039,"Florida","Gadsden County",5,16,583,282,301
050,12,039,"Florida","Gadsden County",5,17,568,302,266
050,12,039,"Florida","Gadsden County",5,18,490,260,230
050,12,039,"Florida","Gadsden County",5,19,426,218,208
050,12,039,"Florida","Gadsden County",5,20,457,228,229
050,12,039,"Florida","Gadsden County",5,21,496,229,267
050,12,039,"Florida","Gadsden County",5,22,509,225,284
050,12,039,"Florida","Gadsden County",5,23,534,247,287
050,12,039,"Florida","Gadsden County",5,24,497,236,261
050,12,039,"Florida","Gadsden County",5,25,522,248,274
050,12,039,"Florida","Gadsden County",5,26,516,261,255
050,12,039,"Florida","Gadsden County",5,27,475,239,236
050,12,039,"Florida","Gadsden County",5,28,481,240,241
050,12,039,"Florida","Gadsden County",5,29,502,247,255
050,12,039,"Florida","Gadsden County",5,30,538,285,253
050,12,039,"Florida","Gadsden County",5,31,542,269,273
050,12,039,"Florida","Gadsden County",5,32,497,255,242
050,12,039,"Florida","Gadsden County",5,33,536,268,268
050,12,039,"Florida","Gadsden County",5,34,446,207,239
050,12,039,"Florida","Gadsden County",5,35,457,226,231
050,12,039,"Florida","Gadsden County",5,36,470,222,248
050,12,039,"Florida","Gadsden County",5,37,480,218,262
050,12,039,"Florida","Gadsden County",5,38,496,219,277
050,12,039,"Florida","Gadsden County",5,39,464,214,250
050,12,039,"Florida","Gadsden County",5,40,566,264,302
050,12,039,"Florida","Gadsden County",5,41,587,274,313
050,12,039,"Florida","Gadsden County",5,42,583,289,294
050,12,039,"Florida","Gadsden County",5,43,543,270,273
050,12,039,"Florida","Gadsden County",5,44,557,271,286
050,12,039,"Florida","Gadsden County",5,45,558,257,301
050,12,039,"Florida","Gadsden County",5,46,523,252,271
050,12,039,"Florida","Gadsden County",5,47,529,264,265
050,12,039,"Florida","Gadsden County",5,48,570,275,295
050,12,039,"Florida","Gadsden County",5,49,535,249,286
050,12,039,"Florida","Gadsden County",5,50,550,269,281
050,12,039,"Florida","Gadsden County",5,51,575,273,302
050,12,039,"Florida","Gadsden County",5,52,626,316,310
050,12,039,"Florida","Gadsden County",5,53,596,294,302
050,12,039,"Florida","Gadsden County",5,54,569,266,303
050,12,039,"Florida","Gadsden County",5,55,554,273,281
050,12,039,"Florida","Gadsden County",5,56,548,263,285
050,12,039,"Florida","Gadsden County",5,57,556,273,283
050,12,039,"Florida","Gadsden County",5,58,575,285,290
050,12,039,"Florida","Gadsden County",5,59,593,283,310
050,12,039,"Florida","Gadsden County",5,60,642,312,330
050,12,039,"Florida","Gadsden County",5,61,662,312,350
050,12,039,"Florida","Gadsden County",5,62,629,288,341
050,12,039,"Florida","Gadsden County",5,63,620,294,326
050,12,039,"Florida","Gadsden County",5,64,623,270,353
050,12,039,"Florida","Gadsden County",5,65,594,261,333
050,12,039,"Florida","Gadsden County",5,66,612,298,314
050,12,039,"Florida","Gadsden County",5,67,597,293,304
050,12,039,"Florida","Gadsden County",5,68,583,281,302
050,12,039,"Florida","Gadsden County",5,69,601,276,325
050,12,039,"Florida","Gadsden County",5,70,584,263,321
050,12,039,"Florida","Gadsden County",5,71,523,237,286
050,12,039,"Florida","Gadsden County",5,72,487,232,255
050,12,039,"Florida","Gadsden County",5,73,457,203,254
050,12,039,"Florida","Gadsden County",5,74,438,216,222
050,12,039,"Florida","Gadsden County",5,75,400,189,211
050,12,039,"Florida","Gadsden County",5,76,376,162,214
050,12,039,"Florida","Gadsden County",5,77,289,121,168
050,12,039,"Florida","Gadsden County",5,78,315,135,180
050,12,039,"Florida","Gadsden County",5,79,281,116,165
050,12,039,"Florida","Gadsden County",5,80,258,103,155
050,12,039,"Florida","Gadsden County",5,81,186,58,128
050,12,039,"Florida","Gadsden County",5,82,171,57,114
050,12,039,"Florida","Gadsden County",5,83,187,73,114
050,12,039,"Florida","Gadsden County",5,84,158,67,91
050,12,039,"Florida","Gadsden County",5,85,803,290,513
050,12,041,"Florida","Gilchrist County",1,0,186,98,88
050,12,041,"Florida","Gilchrist County",1,1,178,97,81
050,12,041,"Florida","Gilchrist County",1,2,199,99,100
050,12,041,"Florida","Gilchrist County",1,3,216,124,92
050,12,041,"Florida","Gilchrist County",1,4,194,107,87
050,12,041,"Florida","Gilchrist County",1,5,208,121,87
050,12,041,"Florida","Gilchrist County",1,6,202,103,99
050,12,041,"Florida","Gilchrist County",1,7,241,131,110
050,12,041,"Florida","Gilchrist County",1,8,204,105,99
050,12,041,"Florida","Gilchrist County",1,9,188,99,89
050,12,041,"Florida","Gilchrist County",1,10,207,102,105
050,12,041,"Florida","Gilchrist County",1,11,208,104,104
050,12,041,"Florida","Gilchrist County",1,12,211,110,101
050,12,041,"Florida","Gilchrist County",1,13,198,90,108
050,12,041,"Florida","Gilchrist County",1,14,213,105,108
050,12,041,"Florida","Gilchrist County",1,15,210,94,116
050,12,041,"Florida","Gilchrist County",1,16,198,98,100
050,12,041,"Florida","Gilchrist County",1,17,216,112,104
050,12,041,"Florida","Gilchrist County",1,18,217,126,91
050,12,041,"Florida","Gilchrist County",1,19,184,101,83
050,12,041,"Florida","Gilchrist County",1,20,266,172,94
050,12,041,"Florida","Gilchrist County",1,21,224,145,79
050,12,041,"Florida","Gilchrist County",1,22,236,162,74
050,12,041,"Florida","Gilchrist County",1,23,169,81,88
050,12,041,"Florida","Gilchrist County",1,24,250,169,81
050,12,041,"Florida","Gilchrist County",1,25,202,111,91
050,12,041,"Florida","Gilchrist County",1,26,247,163,84
050,12,041,"Florida","Gilchrist County",1,27,187,104,83
050,12,041,"Florida","Gilchrist County",1,28,242,147,95
050,12,041,"Florida","Gilchrist County",1,29,217,129,88
050,12,041,"Florida","Gilchrist County",1,30,210,108,102
050,12,041,"Florida","Gilchrist County",1,31,200,112,88
050,12,041,"Florida","Gilchrist County",1,32,228,129,99
050,12,041,"Florida","Gilchrist County",1,33,195,95,100
050,12,041,"Florida","Gilchrist County",1,34,184,82,102
050,12,041,"Florida","Gilchrist County",1,35,179,78,101
050,12,041,"Florida","Gilchrist County",1,36,202,99,103
050,12,041,"Florida","Gilchrist County",1,37,211,111,100
050,12,041,"Florida","Gilchrist County",1,38,231,127,104
050,12,041,"Florida","Gilchrist County",1,39,215,124,91
050,12,041,"Florida","Gilchrist County",1,40,222,127,95
050,12,041,"Florida","Gilchrist County",1,41,204,102,102
050,12,041,"Florida","Gilchrist County",1,42,174,85,89
050,12,041,"Florida","Gilchrist County",1,43,195,117,78
050,12,041,"Florida","Gilchrist County",1,44,174,88,86
050,12,041,"Florida","Gilchrist County",1,45,188,92,96
050,12,041,"Florida","Gilchrist County",1,46,180,85,95
050,12,041,"Florida","Gilchrist County",1,47,199,91,108
050,12,041,"Florida","Gilchrist County",1,48,249,132,117
050,12,041,"Florida","Gilchrist County",1,49,230,115,115
050,12,041,"Florida","Gilchrist County",1,50,252,126,126
050,12,041,"Florida","Gilchrist County",1,51,228,130,98
050,12,041,"Florida","Gilchrist County",1,52,213,111,102
050,12,041,"Florida","Gilchrist County",1,53,229,120,109
050,12,041,"Florida","Gilchrist County",1,54,249,130,119
050,12,041,"Florida","Gilchrist County",1,55,245,130,115
050,12,041,"Florida","Gilchrist County",1,56,268,142,126
050,12,041,"Florida","Gilchrist County",1,57,244,128,116
050,12,041,"Florida","Gilchrist County",1,58,266,139,127
050,12,041,"Florida","Gilchrist County",1,59,304,171,133
050,12,041,"Florida","Gilchrist County",1,60,283,130,153
050,12,041,"Florida","Gilchrist County",1,61,277,130,147
050,12,041,"Florida","Gilchrist County",1,62,262,121,141
050,12,041,"Florida","Gilchrist County",1,63,238,121,117
050,12,041,"Florida","Gilchrist County",1,64,278,130,148
050,12,041,"Florida","Gilchrist County",1,65,262,127,135
050,12,041,"Florida","Gilchrist County",1,66,258,127,131
050,12,041,"Florida","Gilchrist County",1,67,232,112,120
050,12,041,"Florida","Gilchrist County",1,68,202,106,96
050,12,041,"Florida","Gilchrist County",1,69,188,88,100
050,12,041,"Florida","Gilchrist County",1,70,211,98,113
050,12,041,"Florida","Gilchrist County",1,71,205,94,111
050,12,041,"Florida","Gilchrist County",1,72,211,102,109
050,12,041,"Florida","Gilchrist County",1,73,197,96,101
050,12,041,"Florida","Gilchrist County",1,74,129,55,74
050,12,041,"Florida","Gilchrist County",1,75,134,61,73
050,12,041,"Florida","Gilchrist County",1,76,159,88,71
050,12,041,"Florida","Gilchrist County",1,77,169,76,93
050,12,041,"Florida","Gilchrist County",1,78,121,53,68
050,12,041,"Florida","Gilchrist County",1,79,114,46,68
050,12,041,"Florida","Gilchrist County",1,80,92,40,52
050,12,041,"Florida","Gilchrist County",1,81,86,40,46
050,12,041,"Florida","Gilchrist County",1,82,86,34,52
050,12,041,"Florida","Gilchrist County",1,83,81,33,48
050,12,041,"Florida","Gilchrist County",1,84,74,36,38
050,12,041,"Florida","Gilchrist County",1,85,423,139,284
050,12,041,"Florida","Gilchrist County",2,0,189,101,88
050,12,041,"Florida","Gilchrist County",2,1,181,97,84
050,12,041,"Florida","Gilchrist County",2,2,198,101,97
050,12,041,"Florida","Gilchrist County",2,3,214,119,95
050,12,041,"Florida","Gilchrist County",2,4,199,111,88
050,12,041,"Florida","Gilchrist County",2,5,204,115,89
050,12,041,"Florida","Gilchrist County",2,6,211,112,99
050,12,041,"Florida","Gilchrist County",2,7,235,125,110
050,12,041,"Florida","Gilchrist County",2,8,214,112,102
050,12,041,"Florida","Gilchrist County",2,9,194,102,92
050,12,041,"Florida","Gilchrist County",2,10,203,102,101
050,12,041,"Florida","Gilchrist County",2,11,208,104,104
050,12,041,"Florida","Gilchrist County",2,12,214,109,105
050,12,041,"Florida","Gilchrist County",2,13,206,97,109
050,12,041,"Florida","Gilchrist County",2,14,213,104,109
050,12,041,"Florida","Gilchrist County",2,15,212,97,115
050,12,041,"Florida","Gilchrist County",2,16,201,95,106
050,12,041,"Florida","Gilchrist County",2,17,210,108,102
050,12,041,"Florida","Gilchrist County",2,18,212,123,89
050,12,041,"Florida","Gilchrist County",2,19,181,102,79
050,12,041,"Florida","Gilchrist County",2,20,263,165,98
050,12,041,"Florida","Gilchrist County",2,21,217,141,76
050,12,041,"Florida","Gilchrist County",2,22,235,158,77
050,12,041,"Florida","Gilchrist County",2,23,171,84,87
050,12,041,"Florida","Gilchrist County",2,24,246,163,83
050,12,041,"Florida","Gilchrist County",2,25,200,112,88
050,12,041,"Florida","Gilchrist County",2,26,245,159,86
050,12,041,"Florida","Gilchrist County",2,27,190,105,85
050,12,041,"Florida","Gilchrist County",2,28,233,139,94
050,12,041,"Florida","Gilchrist County",2,29,218,126,92
050,12,041,"Florida","Gilchrist County",2,30,208,109,99
050,12,041,"Florida","Gilchrist County",2,31,205,113,92
050,12,041,"Florida","Gilchrist County",2,32,227,131,96
050,12,041,"Florida","Gilchrist County",2,33,197,96,101
050,12,041,"Florida","Gilchrist County",2,34,189,84,105
050,12,041,"Florida","Gilchrist County",2,35,184,81,103
050,12,041,"Florida","Gilchrist County",2,36,198,94,104
050,12,041,"Florida","Gilchrist County",2,37,209,107,102
050,12,041,"Florida","Gilchrist County",2,38,232,129,103
050,12,041,"Florida","Gilchrist County",2,39,216,122,94
050,12,041,"Florida","Gilchrist County",2,40,221,125,96
050,12,041,"Florida","Gilchrist County",2,41,201,100,101
050,12,041,"Florida","Gilchrist County",2,42,178,88,90
050,12,041,"Florida","Gilchrist County",2,43,200,117,83
050,12,041,"Florida","Gilchrist County",2,44,168,85,83
050,12,041,"Florida","Gilchrist County",2,45,184,91,93
050,12,041,"Florida","Gilchrist County",2,46,180,86,94
050,12,041,"Florida","Gilchrist County",2,47,192,89,103
050,12,041,"Florida","Gilchrist County",2,48,242,128,114
050,12,041,"Florida","Gilchrist County",2,49,231,114,117
050,12,041,"Florida","Gilchrist County",2,50,247,122,125
050,12,041,"Florida","Gilchrist County",2,51,239,134,105
050,12,041,"Florida","Gilchrist County",2,52,211,108,103
050,12,041,"Florida","Gilchrist County",2,53,227,118,109
050,12,041,"Florida","Gilchrist County",2,54,245,129,116
050,12,041,"Florida","Gilchrist County",2,55,245,131,114
050,12,041,"Florida","Gilchrist County",2,56,262,139,123
050,12,041,"Florida","Gilchrist County",2,57,253,133,120
050,12,041,"Florida","Gilchrist County",2,58,262,138,124
050,12,041,"Florida","Gilchrist County",2,59,298,168,130
050,12,041,"Florida","Gilchrist County",2,60,283,135,148
050,12,041,"Florida","Gilchrist County",2,61,278,129,149
050,12,041,"Florida","Gilchrist County",2,62,265,124,141
050,12,041,"Florida","Gilchrist County",2,63,249,123,126
050,12,041,"Florida","Gilchrist County",2,64,267,127,140
050,12,041,"Florida","Gilchrist County",2,65,267,129,138
050,12,041,"Florida","Gilchrist County",2,66,262,128,134
050,12,041,"Florida","Gilchrist County",2,67,238,116,122
050,12,041,"Florida","Gilchrist County",2,68,208,106,102
050,12,041,"Florida","Gilchrist County",2,69,191,95,96
050,12,041,"Florida","Gilchrist County",2,70,204,94,110
050,12,041,"Florida","Gilchrist County",2,71,206,94,112
050,12,041,"Florida","Gilchrist County",2,72,203,98,105
050,12,041,"Florida","Gilchrist County",2,73,210,102,108
050,12,041,"Florida","Gilchrist County",2,74,137,60,77
050,12,041,"Florida","Gilchrist County",2,75,134,61,73
050,12,041,"Florida","Gilchrist County",2,76,151,80,71
050,12,041,"Florida","Gilchrist County",2,77,169,80,89
050,12,041,"Florida","Gilchrist County",2,78,127,54,73
050,12,041,"Florida","Gilchrist County",2,79,114,46,68
050,12,041,"Florida","Gilchrist County",2,80,96,42,54
050,12,041,"Florida","Gilchrist County",2,81,88,41,47
050,12,041,"Florida","Gilchrist County",2,82,84,35,49
050,12,041,"Florida","Gilchrist County",2,83,80,33,47
050,12,041,"Florida","Gilchrist County",2,84,75,35,40
050,12,041,"Florida","Gilchrist County",2,85,428,141,287
050,12,041,"Florida","Gilchrist County",3,0,188,96,92
050,12,041,"Florida","Gilchrist County",3,1,211,110,101
050,12,041,"Florida","Gilchrist County",3,2,195,109,86
050,12,041,"Florida","Gilchrist County",3,3,194,103,91
050,12,041,"Florida","Gilchrist County",3,4,232,122,110
050,12,041,"Florida","Gilchrist County",3,5,194,100,94
050,12,041,"Florida","Gilchrist County",3,6,209,118,91
050,12,041,"Florida","Gilchrist County",3,7,212,118,94
050,12,041,"Florida","Gilchrist County",3,8,243,127,116
050,12,041,"Florida","Gilchrist County",3,9,218,115,103
050,12,041,"Florida","Gilchrist County",3,10,206,107,99
050,12,041,"Florida","Gilchrist County",3,11,217,117,100
050,12,041,"Florida","Gilchrist County",3,12,221,107,114
050,12,041,"Florida","Gilchrist County",3,13,210,107,103
050,12,041,"Florida","Gilchrist County",3,14,223,103,120
050,12,041,"Florida","Gilchrist County",3,15,216,101,115
050,12,041,"Florida","Gilchrist County",3,16,217,98,119
050,12,041,"Florida","Gilchrist County",3,17,204,95,109
050,12,041,"Florida","Gilchrist County",3,18,216,128,88
050,12,041,"Florida","Gilchrist County",3,19,178,104,74
050,12,041,"Florida","Gilchrist County",3,20,258,153,105
050,12,041,"Florida","Gilchrist County",3,21,213,138,75
050,12,041,"Florida","Gilchrist County",3,22,255,177,78
050,12,041,"Florida","Gilchrist County",3,23,182,94,88
050,12,041,"Florida","Gilchrist County",3,24,244,150,94
050,12,041,"Florida","Gilchrist County",3,25,207,118,89
050,12,041,"Florida","Gilchrist County",3,26,247,160,87
050,12,041,"Florida","Gilchrist County",3,27,202,118,84
050,12,041,"Florida","Gilchrist County",3,28,219,129,90
050,12,041,"Florida","Gilchrist County",3,29,222,116,106
050,12,041,"Florida","Gilchrist County",3,30,205,104,101
050,12,041,"Florida","Gilchrist County",3,31,211,113,98
050,12,041,"Florida","Gilchrist County",3,32,241,149,92
050,12,041,"Florida","Gilchrist County",3,33,224,114,110
050,12,041,"Florida","Gilchrist County",3,34,197,92,105
050,12,041,"Florida","Gilchrist County",3,35,195,89,106
050,12,041,"Florida","Gilchrist County",3,36,201,92,109
050,12,041,"Florida","Gilchrist County",3,37,207,101,106
050,12,041,"Florida","Gilchrist County",3,38,250,142,108
050,12,041,"Florida","Gilchrist County",3,39,244,136,108
050,12,041,"Florida","Gilchrist County",3,40,224,125,99
050,12,041,"Florida","Gilchrist County",3,41,182,93,89
050,12,041,"Florida","Gilchrist County",3,42,207,104,103
050,12,041,"Florida","Gilchrist County",3,43,206,114,92
050,12,041,"Florida","Gilchrist County",3,44,178,93,85
050,12,041,"Florida","Gilchrist County",3,45,176,92,84
050,12,041,"Florida","Gilchrist County",3,46,190,98,92
050,12,041,"Florida","Gilchrist County",3,47,183,82,101
050,12,041,"Florida","Gilchrist County",3,48,212,113,99
050,12,041,"Florida","Gilchrist County",3,49,224,110,114
050,12,041,"Florida","Gilchrist County",3,50,233,114,119
050,12,041,"Florida","Gilchrist County",3,51,288,156,132
050,12,041,"Florida","Gilchrist County",3,52,217,111,106
050,12,041,"Florida","Gilchrist County",3,53,212,105,107
050,12,041,"Florida","Gilchrist County",3,54,231,123,108
050,12,041,"Florida","Gilchrist County",3,55,247,132,115
050,12,041,"Florida","Gilchrist County",3,56,261,137,124
050,12,041,"Florida","Gilchrist County",3,57,270,142,128
050,12,041,"Florida","Gilchrist County",3,58,257,135,122
050,12,041,"Florida","Gilchrist County",3,59,307,177,130
050,12,041,"Florida","Gilchrist County",3,60,278,143,135
050,12,041,"Florida","Gilchrist County",3,61,291,135,156
050,12,041,"Florida","Gilchrist County",3,62,283,129,154
050,12,041,"Florida","Gilchrist County",3,63,268,128,140
050,12,041,"Florida","Gilchrist County",3,64,263,124,139
050,12,041,"Florida","Gilchrist County",3,65,255,115,140
050,12,041,"Florida","Gilchrist County",3,66,276,132,144
050,12,041,"Florida","Gilchrist County",3,67,265,126,139
050,12,041,"Florida","Gilchrist County",3,68,249,123,126
050,12,041,"Florida","Gilchrist County",3,69,205,106,99
050,12,041,"Florida","Gilchrist County",3,70,192,91,101
050,12,041,"Florida","Gilchrist County",3,71,202,90,112
050,12,041,"Florida","Gilchrist County",3,72,197,92,105
050,12,041,"Florida","Gilchrist County",3,73,197,91,106
050,12,041,"Florida","Gilchrist County",3,74,200,96,104
050,12,041,"Florida","Gilchrist County",3,75,139,64,75
050,12,041,"Florida","Gilchrist County",3,76,128,60,68
050,12,041,"Florida","Gilchrist County",3,77,145,75,70
050,12,041,"Florida","Gilchrist County",3,78,163,76,87
050,12,041,"Florida","Gilchrist County",3,79,119,49,70
050,12,041,"Florida","Gilchrist County",3,80,108,43,65
050,12,041,"Florida","Gilchrist County",3,81,89,38,51
050,12,041,"Florida","Gilchrist County",3,82,87,38,49
050,12,041,"Florida","Gilchrist County",3,83,72,27,45
050,12,041,"Florida","Gilchrist County",3,84,74,31,43
050,12,041,"Florida","Gilchrist County",3,85,438,144,294
050,12,041,"Florida","Gilchrist County",4,0,209,108,101
050,12,041,"Florida","Gilchrist County",4,1,199,97,102
050,12,041,"Florida","Gilchrist County",4,2,228,116,112
050,12,041,"Florida","Gilchrist County",4,3,208,113,95
050,12,041,"Florida","Gilchrist County",4,4,213,108,105
050,12,041,"Florida","Gilchrist County",4,5,250,126,124
050,12,041,"Florida","Gilchrist County",4,6,213,108,105
050,12,041,"Florida","Gilchrist County",4,7,233,131,102
050,12,041,"Florida","Gilchrist County",4,8,219,116,103
050,12,041,"Florida","Gilchrist County",4,9,260,141,119
050,12,041,"Florida","Gilchrist County",4,10,224,117,107
050,12,041,"Florida","Gilchrist County",4,11,213,112,101
050,12,041,"Florida","Gilchrist County",4,12,232,122,110
050,12,041,"Florida","Gilchrist County",4,13,225,117,108
050,12,041,"Florida","Gilchrist County",4,14,219,114,105
050,12,041,"Florida","Gilchrist County",4,15,228,108,120
050,12,041,"Florida","Gilchrist County",4,16,231,114,117
050,12,041,"Florida","Gilchrist County",4,17,218,102,116
050,12,041,"Florida","Gilchrist County",4,18,205,116,89
050,12,041,"Florida","Gilchrist County",4,19,180,113,67
050,12,041,"Florida","Gilchrist County",4,20,264,166,98
050,12,041,"Florida","Gilchrist County",4,21,210,133,77
050,12,041,"Florida","Gilchrist County",4,22,262,173,89
050,12,041,"Florida","Gilchrist County",4,23,203,108,95
050,12,041,"Florida","Gilchrist County",4,24,277,179,98
050,12,041,"Florida","Gilchrist County",4,25,204,109,95
050,12,041,"Florida","Gilchrist County",4,26,275,175,100
050,12,041,"Florida","Gilchrist County",4,27,221,125,96
050,12,041,"Florida","Gilchrist County",4,28,244,147,97
050,12,041,"Florida","Gilchrist County",4,29,196,103,93
050,12,041,"Florida","Gilchrist County",4,30,212,104,108
050,12,041,"Florida","Gilchrist County",4,31,199,99,100
050,12,041,"Florida","Gilchrist County",4,32,237,144,93
050,12,041,"Florida","Gilchrist County",4,33,227,130,97
050,12,041,"Florida","Gilchrist County",4,34,219,108,111
050,12,041,"Florida","Gilchrist County",4,35,207,99,108
050,12,041,"Florida","Gilchrist County",4,36,202,92,110
050,12,041,"Florida","Gilchrist County",4,37,202,88,114
050,12,041,"Florida","Gilchrist County",4,38,246,143,103
050,12,041,"Florida","Gilchrist County",4,39,256,145,111
050,12,041,"Florida","Gilchrist County",4,40,260,142,118
050,12,041,"Florida","Gilchrist County",4,41,208,101,107
050,12,041,"Florida","Gilchrist County",4,42,212,108,104
050,12,041,"Florida","Gilchrist County",4,43,249,141,108
050,12,041,"Florida","Gilchrist County",4,44,189,95,94
050,12,041,"Florida","Gilchrist County",4,45,188,91,97
050,12,041,"Florida","Gilchrist County",4,46,181,95,86
050,12,041,"Florida","Gilchrist County",4,47,214,110,104
050,12,041,"Florida","Gilchrist County",4,48,214,115,99
050,12,041,"Florida","Gilchrist County",4,49,194,88,106
050,12,041,"Florida","Gilchrist County",4,50,244,124,120
050,12,041,"Florida","Gilchrist County",4,51,268,144,124
050,12,041,"Florida","Gilchrist County",4,52,278,142,136
050,12,041,"Florida","Gilchrist County",4,53,222,110,112
050,12,041,"Florida","Gilchrist County",4,54,217,104,113
050,12,041,"Florida","Gilchrist County",4,55,236,128,108
050,12,041,"Florida","Gilchrist County",4,56,245,131,114
050,12,041,"Florida","Gilchrist County",4,57,269,139,130
050,12,041,"Florida","Gilchrist County",4,58,276,150,126
050,12,041,"Florida","Gilchrist County",4,59,289,167,122
050,12,041,"Florida","Gilchrist County",4,60,291,165,126
050,12,041,"Florida","Gilchrist County",4,61,285,148,137
050,12,041,"Florida","Gilchrist County",4,62,288,138,150
050,12,041,"Florida","Gilchrist County",4,63,284,125,159
050,12,041,"Florida","Gilchrist County",4,64,277,131,146
050,12,041,"Florida","Gilchrist County",4,65,264,129,135
050,12,041,"Florida","Gilchrist County",4,66,266,119,147
050,12,041,"Florida","Gilchrist County",4,67,282,132,150
050,12,041,"Florida","Gilchrist County",4,68,267,128,139
050,12,041,"Florida","Gilchrist County",4,69,256,124,132
050,12,041,"Florida","Gilchrist County",4,70,211,105,106
050,12,041,"Florida","Gilchrist County",4,71,192,87,105
050,12,041,"Florida","Gilchrist County",4,72,198,90,108
050,12,041,"Florida","Gilchrist County",4,73,189,90,99
050,12,041,"Florida","Gilchrist County",4,74,184,82,102
050,12,041,"Florida","Gilchrist County",4,75,192,94,98
050,12,041,"Florida","Gilchrist County",4,76,127,58,69
050,12,041,"Florida","Gilchrist County",4,77,125,57,68
050,12,041,"Florida","Gilchrist County",4,78,140,71,69
050,12,041,"Florida","Gilchrist County",4,79,159,74,85
050,12,041,"Florida","Gilchrist County",4,80,114,45,69
050,12,041,"Florida","Gilchrist County",4,81,100,39,61
050,12,041,"Florida","Gilchrist County",4,82,82,35,47
050,12,041,"Florida","Gilchrist County",4,83,79,34,45
050,12,041,"Florida","Gilchrist County",4,84,60,24,36
050,12,041,"Florida","Gilchrist County",4,85,467,154,313
050,12,041,"Florida","Gilchrist County",5,0,212,110,102
050,12,041,"Florida","Gilchrist County",5,1,216,111,105
050,12,041,"Florida","Gilchrist County",5,2,202,98,104
050,12,041,"Florida","Gilchrist County",5,3,225,124,101
050,12,041,"Florida","Gilchrist County",5,4,222,121,101
050,12,041,"Florida","Gilchrist County",5,5,217,108,109
050,12,041,"Florida","Gilchrist County",5,6,277,134,143
050,12,041,"Florida","Gilchrist County",5,7,228,117,111
050,12,041,"Florida","Gilchrist County",5,8,250,140,110
050,12,041,"Florida","Gilchrist County",5,9,236,129,107
050,12,041,"Florida","Gilchrist County",5,10,273,150,123
050,12,041,"Florida","Gilchrist County",5,11,219,111,108
050,12,041,"Florida","Gilchrist County",5,12,222,114,108
050,12,041,"Florida","Gilchrist County",5,13,239,122,117
050,12,041,"Florida","Gilchrist County",5,14,240,129,111
050,12,041,"Florida","Gilchrist County",5,15,228,114,114
050,12,041,"Florida","Gilchrist County",5,16,234,106,128
050,12,041,"Florida","Gilchrist County",5,17,241,117,124
050,12,041,"Florida","Gilchrist County",5,18,204,113,91
050,12,041,"Florida","Gilchrist County",5,19,164,93,71
050,12,041,"Florida","Gilchrist County",5,20,276,173,103
050,12,041,"Florida","Gilchrist County",5,21,220,139,81
050,12,041,"Florida","Gilchrist County",5,22,259,162,97
050,12,041,"Florida","Gilchrist County",5,23,213,108,105
050,12,041,"Florida","Gilchrist County",5,24,302,199,103
050,12,041,"Florida","Gilchrist County",5,25,244,138,106
050,12,041,"Florida","Gilchrist County",5,26,263,163,100
050,12,041,"Florida","Gilchrist County",5,27,234,129,105
050,12,041,"Florida","Gilchrist County",5,28,251,154,97
050,12,041,"Florida","Gilchrist County",5,29,218,122,96
050,12,041,"Florida","Gilchrist County",5,30,175,78,97
050,12,041,"Florida","Gilchrist County",5,31,216,102,114
050,12,041,"Florida","Gilchrist County",5,32,236,132,104
050,12,041,"Florida","Gilchrist County",5,33,214,111,103
050,12,041,"Florida","Gilchrist County",5,34,221,125,96
050,12,041,"Florida","Gilchrist County",5,35,227,110,117
050,12,041,"Florida","Gilchrist County",5,36,218,105,113
050,12,041,"Florida","Gilchrist County",5,37,218,98,120
050,12,041,"Florida","Gilchrist County",5,38,241,124,117
050,12,041,"Florida","Gilchrist County",5,39,253,145,108
050,12,041,"Florida","Gilchrist County",5,40,268,148,120
050,12,041,"Florida","Gilchrist County",5,41,231,106,125
050,12,041,"Florida","Gilchrist County",5,42,223,112,111
050,12,041,"Florida","Gilchrist County",5,43,255,146,109
050,12,041,"Florida","Gilchrist County",5,44,229,115,114
050,12,041,"Florida","Gilchrist County",5,45,196,101,95
050,12,041,"Florida","Gilchrist County",5,46,198,95,103
050,12,041,"Florida","Gilchrist County",5,47,206,97,109
050,12,041,"Florida","Gilchrist County",5,48,251,144,107
050,12,041,"Florida","Gilchrist County",5,49,188,91,97
050,12,041,"Florida","Gilchrist County",5,50,199,88,111
050,12,041,"Florida","Gilchrist County",5,51,285,157,128
050,12,041,"Florida","Gilchrist County",5,52,248,122,126
050,12,041,"Florida","Gilchrist County",5,53,269,131,138
050,12,041,"Florida","Gilchrist County",5,54,239,114,125
050,12,041,"Florida","Gilchrist County",5,55,218,100,118
050,12,041,"Florida","Gilchrist County",5,56,235,128,107
050,12,041,"Florida","Gilchrist County",5,57,250,132,118
050,12,041,"Florida","Gilchrist County",5,58,273,143,130
050,12,041,"Florida","Gilchrist County",5,59,312,177,135
050,12,041,"Florida","Gilchrist County",5,60,273,150,123
050,12,041,"Florida","Gilchrist County",5,61,300,171,129
050,12,041,"Florida","Gilchrist County",5,62,289,150,139
050,12,041,"Florida","Gilchrist County",5,63,296,144,152
050,12,041,"Florida","Gilchrist County",5,64,292,131,161
050,12,041,"Florida","Gilchrist County",5,65,281,137,144
050,12,041,"Florida","Gilchrist County",5,66,275,136,139
050,12,041,"Florida","Gilchrist County",5,67,265,117,148
050,12,041,"Florida","Gilchrist County",5,68,279,130,149
050,12,041,"Florida","Gilchrist County",5,69,269,129,140
050,12,041,"Florida","Gilchrist County",5,70,251,122,129
050,12,041,"Florida","Gilchrist County",5,71,212,102,110
050,12,041,"Florida","Gilchrist County",5,72,185,86,99
050,12,041,"Florida","Gilchrist County",5,73,199,91,108
050,12,041,"Florida","Gilchrist County",5,74,183,85,98
050,12,041,"Florida","Gilchrist County",5,75,184,78,106
050,12,041,"Florida","Gilchrist County",5,76,183,88,95
050,12,041,"Florida","Gilchrist County",5,77,125,55,70
050,12,041,"Florida","Gilchrist County",5,78,125,56,69
050,12,041,"Florida","Gilchrist County",5,79,131,66,65
050,12,041,"Florida","Gilchrist County",5,80,149,69,80
050,12,041,"Florida","Gilchrist County",5,81,101,43,58
050,12,041,"Florida","Gilchrist County",5,82,97,40,57
050,12,041,"Florida","Gilchrist County",5,83,71,30,41
050,12,041,"Florida","Gilchrist County",5,84,67,30,37
050,12,041,"Florida","Gilchrist County",5,85,484,159,325
050,12,043,"Florida","Glades County",1,0,51,26,25
050,12,043,"Florida","Glades County",1,1,56,30,26
050,12,043,"Florida","Glades County",1,2,66,35,31
050,12,043,"Florida","Glades County",1,3,85,50,35
050,12,043,"Florida","Glades County",1,4,82,42,40
050,12,043,"Florida","Glades County",1,5,87,40,47
050,12,043,"Florida","Glades County",1,6,98,43,55
050,12,043,"Florida","Glades County",1,7,79,38,41
050,12,043,"Florida","Glades County",1,8,98,58,40
050,12,043,"Florida","Glades County",1,9,99,52,47
050,12,043,"Florida","Glades County",1,10,98,46,52
050,12,043,"Florida","Glades County",1,11,115,53,62
050,12,043,"Florida","Glades County",1,12,129,61,68
050,12,043,"Florida","Glades County",1,13,122,58,64
050,12,043,"Florida","Glades County",1,14,112,63,49
050,12,043,"Florida","Glades County",1,15,111,58,53
050,12,043,"Florida","Glades County",1,16,109,55,54
050,12,043,"Florida","Glades County",1,17,111,62,49
050,12,043,"Florida","Glades County",1,18,118,68,50
050,12,043,"Florida","Glades County",1,19,129,72,57
050,12,043,"Florida","Glades County",1,20,117,68,49
050,12,043,"Florida","Glades County",1,21,133,77,56
050,12,043,"Florida","Glades County",1,22,124,71,53
050,12,043,"Florida","Glades County",1,23,138,84,54
050,12,043,"Florida","Glades County",1,24,108,59,49
050,12,043,"Florida","Glades County",1,25,128,83,45
050,12,043,"Florida","Glades County",1,26,162,117,45
050,12,043,"Florida","Glades County",1,27,191,137,54
050,12,043,"Florida","Glades County",1,28,184,124,60
050,12,043,"Florida","Glades County",1,29,159,92,67
050,12,043,"Florida","Glades County",1,30,183,123,60
050,12,043,"Florida","Glades County",1,31,155,102,53
050,12,043,"Florida","Glades County",1,32,182,131,51
050,12,043,"Florida","Glades County",1,33,113,70,43
050,12,043,"Florida","Glades County",1,34,157,107,50
050,12,043,"Florida","Glades County",1,35,201,143,58
050,12,043,"Florida","Glades County",1,36,221,162,59
050,12,043,"Florida","Glades County",1,37,163,103,60
050,12,043,"Florida","Glades County",1,38,154,99,55
050,12,043,"Florida","Glades County",1,39,173,93,80
050,12,043,"Florida","Glades County",1,40,173,124,49
050,12,043,"Florida","Glades County",1,41,148,108,40
050,12,043,"Florida","Glades County",1,42,160,108,52
050,12,043,"Florida","Glades County",1,43,154,99,55
050,12,043,"Florida","Glades County",1,44,150,109,41
050,12,043,"Florida","Glades County",1,45,181,124,57
050,12,043,"Florida","Glades County",1,46,187,135,52
050,12,043,"Florida","Glades County",1,47,144,84,60
050,12,043,"Florida","Glades County",1,48,127,70,57
050,12,043,"Florida","Glades County",1,49,162,101,61
050,12,043,"Florida","Glades County",1,50,159,89,70
050,12,043,"Florida","Glades County",1,51,164,102,62
050,12,043,"Florida","Glades County",1,52,156,96,60
050,12,043,"Florida","Glades County",1,53,162,98,64
050,12,043,"Florida","Glades County",1,54,135,65,70
050,12,043,"Florida","Glades County",1,55,152,88,64
050,12,043,"Florida","Glades County",1,56,169,103,66
050,12,043,"Florida","Glades County",1,57,205,127,78
050,12,043,"Florida","Glades County",1,58,160,86,74
050,12,043,"Florida","Glades County",1,59,133,75,58
050,12,043,"Florida","Glades County",1,60,136,72,64
050,12,043,"Florida","Glades County",1,61,157,90,67
050,12,043,"Florida","Glades County",1,62,174,97,77
050,12,043,"Florida","Glades County",1,63,151,76,75
050,12,043,"Florida","Glades County",1,64,143,72,71
050,12,043,"Florida","Glades County",1,65,186,95,91
050,12,043,"Florida","Glades County",1,66,147,77,70
050,12,043,"Florida","Glades County",1,67,141,69,72
050,12,043,"Florida","Glades County",1,68,132,67,65
050,12,043,"Florida","Glades County",1,69,146,68,78
050,12,043,"Florida","Glades County",1,70,161,76,85
050,12,043,"Florida","Glades County",1,71,168,85,83
050,12,043,"Florida","Glades County",1,72,151,78,73
050,12,043,"Florida","Glades County",1,73,157,90,67
050,12,043,"Florida","Glades County",1,74,135,65,70
050,12,043,"Florida","Glades County",1,75,155,70,85
050,12,043,"Florida","Glades County",1,76,157,83,74
050,12,043,"Florida","Glades County",1,77,145,75,70
050,12,043,"Florida","Glades County",1,78,120,61,59
050,12,043,"Florida","Glades County",1,79,108,55,53
050,12,043,"Florida","Glades County",1,80,127,71,56
050,12,043,"Florida","Glades County",1,81,123,69,54
050,12,043,"Florida","Glades County",1,82,104,54,50
050,12,043,"Florida","Glades County",1,83,88,46,42
050,12,043,"Florida","Glades County",1,84,76,40,36
050,12,043,"Florida","Glades County",1,85,358,180,178
050,12,043,"Florida","Glades County",2,0,57,31,26
050,12,043,"Florida","Glades County",2,1,56,29,27
050,12,043,"Florida","Glades County",2,2,63,35,28
050,12,043,"Florida","Glades County",2,3,82,47,35
050,12,043,"Florida","Glades County",2,4,82,44,38
050,12,043,"Florida","Glades County",2,5,88,40,48
050,12,043,"Florida","Glades County",2,6,94,42,52
050,12,043,"Florida","Glades County",2,7,86,40,46
050,12,043,"Florida","Glades County",2,8,94,54,40
050,12,043,"Florida","Glades County",2,9,98,53,45
050,12,043,"Florida","Glades County",2,10,99,48,51
050,12,043,"Florida","Glades County",2,11,111,52,59
050,12,043,"Florida","Glades County",2,12,127,59,68
050,12,043,"Florida","Glades County",2,13,123,59,64
050,12,043,"Florida","Glades County",2,14,112,60,52
050,12,043,"Florida","Glades County",2,15,112,60,52
050,12,043,"Florida","Glades County",2,16,111,57,54
050,12,043,"Florida","Glades County",2,17,111,61,50
050,12,043,"Florida","Glades County",2,18,116,68,48
050,12,043,"Florida","Glades County",2,19,126,72,54
050,12,043,"Florida","Glades County",2,20,121,70,51
050,12,043,"Florida","Glades County",2,21,127,73,54
050,12,043,"Florida","Glades County",2,22,127,73,54
050,12,043,"Florida","Glades County",2,23,137,82,55
050,12,043,"Florida","Glades County",2,24,108,60,48
050,12,043,"Florida","Glades County",2,25,122,77,45
050,12,043,"Florida","Glades County",2,26,159,113,46
050,12,043,"Florida","Glades County",2,27,186,134,52
050,12,043,"Florida","Glades County",2,28,180,120,60
050,12,043,"Florida","Glades County",2,29,154,88,66
050,12,043,"Florida","Glades County",2,30,178,117,61
050,12,043,"Florida","Glades County",2,31,156,102,54
050,12,043,"Florida","Glades County",2,32,179,127,52
050,12,043,"Florida","Glades County",2,33,116,72,44
050,12,043,"Florida","Glades County",2,34,151,103,48
050,12,043,"Florida","Glades County",2,35,193,137,56
050,12,043,"Florida","Glades County",2,36,207,148,59
050,12,043,"Florida","Glades County",2,37,167,107,60
050,12,043,"Florida","Glades County",2,38,158,100,58
050,12,043,"Florida","Glades County",2,39,160,86,74
050,12,043,"Florida","Glades County",2,40,180,123,57
050,12,043,"Florida","Glades County",2,41,149,105,44
050,12,043,"Florida","Glades County",2,42,155,105,50
050,12,043,"Florida","Glades County",2,43,155,101,54
050,12,043,"Florida","Glades County",2,44,150,104,46
050,12,043,"Florida","Glades County",2,45,174,120,54
050,12,043,"Florida","Glades County",2,46,184,131,53
050,12,043,"Florida","Glades County",2,47,138,80,58
050,12,043,"Florida","Glades County",2,48,132,76,56
050,12,043,"Florida","Glades County",2,49,157,97,60
050,12,043,"Florida","Glades County",2,50,157,90,67
050,12,043,"Florida","Glades County",2,51,165,100,65
050,12,043,"Florida","Glades County",2,52,157,96,61
050,12,043,"Florida","Glades County",2,53,158,94,64
050,12,043,"Florida","Glades County",2,54,131,63,68
050,12,043,"Florida","Glades County",2,55,151,85,66
050,12,043,"Florida","Glades County",2,56,167,100,67
050,12,043,"Florida","Glades County",2,57,202,125,77
050,12,043,"Florida","Glades County",2,58,164,89,75
050,12,043,"Florida","Glades County",2,59,145,80,65
050,12,043,"Florida","Glades County",2,60,137,74,63
050,12,043,"Florida","Glades County",2,61,156,89,67
050,12,043,"Florida","Glades County",2,62,164,90,74
050,12,043,"Florida","Glades County",2,63,159,83,76
050,12,043,"Florida","Glades County",2,64,146,75,71
050,12,043,"Florida","Glades County",2,65,180,93,87
050,12,043,"Florida","Glades County",2,66,150,77,73
050,12,043,"Florida","Glades County",2,67,145,72,73
050,12,043,"Florida","Glades County",2,68,139,70,69
050,12,043,"Florida","Glades County",2,69,145,69,76
050,12,043,"Florida","Glades County",2,70,158,73,85
050,12,043,"Florida","Glades County",2,71,166,81,85
050,12,043,"Florida","Glades County",2,72,150,78,72
050,12,043,"Florida","Glades County",2,73,164,92,72
050,12,043,"Florida","Glades County",2,74,132,66,66
050,12,043,"Florida","Glades County",2,75,152,69,83
050,12,043,"Florida","Glades County",2,76,156,79,77
050,12,043,"Florida","Glades County",2,77,150,78,72
050,12,043,"Florida","Glades County",2,78,121,61,60
050,12,043,"Florida","Glades County",2,79,111,56,55
050,12,043,"Florida","Glades County",2,80,123,68,55
050,12,043,"Florida","Glades County",2,81,124,70,54
050,12,043,"Florida","Glades County",2,82,109,58,51
050,12,043,"Florida","Glades County",2,83,91,48,43
050,12,043,"Florida","Glades County",2,84,78,42,36
050,12,043,"Florida","Glades County",2,85,367,181,186
050,12,043,"Florida","Glades County",3,0,63,33,30
050,12,043,"Florida","Glades County",3,1,70,35,35
050,12,043,"Florida","Glades County",3,2,64,33,31
050,12,043,"Florida","Glades County",3,3,60,33,27
050,12,043,"Florida","Glades County",3,4,73,39,34
050,12,043,"Florida","Glades County",3,5,81,46,35
050,12,043,"Florida","Glades County",3,6,88,38,50
050,12,043,"Florida","Glades County",3,7,102,46,56
050,12,043,"Florida","Glades County",3,8,89,42,47
050,12,043,"Florida","Glades County",3,9,93,56,37
050,12,043,"Florida","Glades County",3,10,99,54,45
050,12,043,"Florida","Glades County",3,11,92,44,48
050,12,043,"Florida","Glades County",3,12,118,53,65
050,12,043,"Florida","Glades County",3,13,127,54,73
050,12,043,"Florida","Glades County",3,14,119,59,60
050,12,043,"Florida","Glades County",3,15,116,63,53
050,12,043,"Florida","Glades County",3,16,114,67,47
050,12,043,"Florida","Glades County",3,17,113,58,55
050,12,043,"Florida","Glades County",3,18,127,72,55
050,12,043,"Florida","Glades County",3,19,125,73,52
050,12,043,"Florida","Glades County",3,20,131,74,57
050,12,043,"Florida","Glades County",3,21,130,77,53
050,12,043,"Florida","Glades County",3,22,137,76,61
050,12,043,"Florida","Glades County",3,23,140,89,51
050,12,043,"Florida","Glades County",3,24,123,68,55
050,12,043,"Florida","Glades County",3,25,120,68,52
050,12,043,"Florida","Glades County",3,26,168,120,48
050,12,043,"Florida","Glades County",3,27,195,145,50
050,12,043,"Florida","Glades County",3,28,172,121,51
050,12,043,"Florida","Glades County",3,29,147,87,60
050,12,043,"Florida","Glades County",3,30,176,113,63
050,12,043,"Florida","Glades County",3,31,169,105,64
050,12,043,"Florida","Glades County",3,32,199,140,59
050,12,043,"Florida","Glades County",3,33,134,79,55
050,12,043,"Florida","Glades County",3,34,161,117,44
050,12,043,"Florida","Glades County",3,35,179,139,40
050,12,043,"Florida","Glades County",3,36,191,132,59
050,12,043,"Florida","Glades County",3,37,188,124,64
050,12,043,"Florida","Glades County",3,38,161,104,57
050,12,043,"Florida","Glades County",3,39,136,73,63
050,12,043,"Florida","Glades County",3,40,195,127,68
050,12,043,"Florida","Glades County",3,41,174,111,63
050,12,043,"Florida","Glades County",3,42,147,102,45
050,12,043,"Florida","Glades County",3,43,162,112,50
050,12,043,"Florida","Glades County",3,44,166,109,57
050,12,043,"Florida","Glades County",3,45,165,124,41
050,12,043,"Florida","Glades County",3,46,200,145,55
050,12,043,"Florida","Glades County",3,47,121,67,54
050,12,043,"Florida","Glades County",3,48,145,88,57
050,12,043,"Florida","Glades County",3,49,156,97,59
050,12,043,"Florida","Glades County",3,50,173,102,71
050,12,043,"Florida","Glades County",3,51,176,111,65
050,12,043,"Florida","Glades County",3,52,178,104,74
050,12,043,"Florida","Glades County",3,53,172,101,71
050,12,043,"Florida","Glades County",3,54,126,63,63
050,12,043,"Florida","Glades County",3,55,142,84,58
050,12,043,"Florida","Glades County",3,56,157,95,62
050,12,043,"Florida","Glades County",3,57,168,109,59
050,12,043,"Florida","Glades County",3,58,157,88,69
050,12,043,"Florida","Glades County",3,59,167,91,76
050,12,043,"Florida","Glades County",3,60,152,84,68
050,12,043,"Florida","Glades County",3,61,161,97,64
050,12,043,"Florida","Glades County",3,62,142,76,66
050,12,043,"Florida","Glades County",3,63,162,85,77
050,12,043,"Florida","Glades County",3,64,153,75,78
050,12,043,"Florida","Glades County",3,65,168,93,75
050,12,043,"Florida","Glades County",3,66,167,79,88
050,12,043,"Florida","Glades County",3,67,154,79,75
050,12,043,"Florida","Glades County",3,68,159,77,82
050,12,043,"Florida","Glades County",3,69,138,70,68
050,12,043,"Florida","Glades County",3,70,153,73,80
050,12,043,"Florida","Glades County",3,71,160,75,85
050,12,043,"Florida","Glades County",3,72,168,81,87
050,12,043,"Florida","Glades County",3,73,145,79,66
050,12,043,"Florida","Glades County",3,74,156,89,67
050,12,043,"Florida","Glades County",3,75,133,69,64
050,12,043,"Florida","Glades County",3,76,145,63,82
050,12,043,"Florida","Glades County",3,77,147,76,71
050,12,043,"Florida","Glades County",3,78,140,73,67
050,12,043,"Florida","Glades County",3,79,111,56,55
050,12,043,"Florida","Glades County",3,80,97,47,50
050,12,043,"Florida","Glades County",3,81,120,67,53
050,12,043,"Florida","Glades County",3,82,115,66,49
050,12,043,"Florida","Glades County",3,83,96,53,43
050,12,043,"Florida","Glades County",3,84,82,42,40
050,12,043,"Florida","Glades County",3,85,405,199,206
050,12,043,"Florida","Glades County",4,0,68,27,41
050,12,043,"Florida","Glades County",4,1,83,46,37
050,12,043,"Florida","Glades County",4,2,69,33,36
050,12,043,"Florida","Glades County",4,3,77,38,39
050,12,043,"Florida","Glades County",4,4,59,29,30
050,12,043,"Florida","Glades County",4,5,78,45,33
050,12,043,"Florida","Glades County",4,6,84,45,39
050,12,043,"Florida","Glades County",4,7,100,49,51
050,12,043,"Florida","Glades County",4,8,94,42,52
050,12,043,"Florida","Glades County",4,9,92,46,46
050,12,043,"Florida","Glades County",4,10,86,49,37
050,12,043,"Florida","Glades County",4,11,96,52,44
050,12,043,"Florida","Glades County",4,12,88,41,47
050,12,043,"Florida","Glades County",4,13,126,62,64
050,12,043,"Florida","Glades County",4,14,124,54,70
050,12,043,"Florida","Glades County",4,15,115,58,57
050,12,043,"Florida","Glades County",4,16,117,61,56
050,12,043,"Florida","Glades County",4,17,117,63,54
050,12,043,"Florida","Glades County",4,18,111,58,53
050,12,043,"Florida","Glades County",4,19,123,72,51
050,12,043,"Florida","Glades County",4,20,125,75,50
050,12,043,"Florida","Glades County",4,21,142,81,61
050,12,043,"Florida","Glades County",4,22,137,81,56
050,12,043,"Florida","Glades County",4,23,148,90,58
050,12,043,"Florida","Glades County",4,24,130,72,58
050,12,043,"Florida","Glades County",4,25,126,64,62
050,12,043,"Florida","Glades County",4,26,173,119,54
050,12,043,"Florida","Glades County",4,27,191,139,52
050,12,043,"Florida","Glades County",4,28,169,122,47
050,12,043,"Florida","Glades County",4,29,147,90,57
050,12,043,"Florida","Glades County",4,30,178,120,58
050,12,043,"Florida","Glades County",4,31,162,100,62
050,12,043,"Florida","Glades County",4,32,203,146,57
050,12,043,"Florida","Glades County",4,33,154,92,62
050,12,043,"Florida","Glades County",4,34,174,115,59
050,12,043,"Florida","Glades County",4,35,194,147,47
050,12,043,"Florida","Glades County",4,36,175,131,44
050,12,043,"Florida","Glades County",4,37,174,110,64
050,12,043,"Florida","Glades County",4,38,188,131,57
050,12,043,"Florida","Glades County",4,39,150,92,58
050,12,043,"Florida","Glades County",4,40,176,114,62
050,12,043,"Florida","Glades County",4,41,180,111,69
050,12,043,"Florida","Glades County",4,42,164,98,66
050,12,043,"Florida","Glades County",4,43,142,100,42
050,12,043,"Florida","Glades County",4,44,164,110,54
050,12,043,"Florida","Glades County",4,45,186,122,64
050,12,043,"Florida","Glades County",4,46,173,135,38
050,12,043,"Florida","Glades County",4,47,134,78,56
050,12,043,"Florida","Glades County",4,48,129,76,53
050,12,043,"Florida","Glades County",4,49,173,117,56
050,12,043,"Florida","Glades County",4,50,157,94,63
050,12,043,"Florida","Glades County",4,51,193,120,73
050,12,043,"Florida","Glades County",4,52,181,115,66
050,12,043,"Florida","Glades County",4,53,169,99,70
050,12,043,"Florida","Glades County",4,54,149,74,75
050,12,043,"Florida","Glades County",4,55,138,85,53
050,12,043,"Florida","Glades County",4,56,152,88,64
050,12,043,"Florida","Glades County",4,57,182,115,67
050,12,043,"Florida","Glades County",4,58,145,81,64
050,12,043,"Florida","Glades County",4,59,164,89,75
050,12,043,"Florida","Glades County",4,60,171,95,76
050,12,043,"Florida","Glades County",4,61,174,104,70
050,12,043,"Florida","Glades County",4,62,142,74,68
050,12,043,"Florida","Glades County",4,63,152,79,73
050,12,043,"Florida","Glades County",4,64,176,93,83
050,12,043,"Florida","Glades County",4,65,177,90,87
050,12,043,"Florida","Glades County",4,66,150,76,74
050,12,043,"Florida","Glades County",4,67,181,92,89
050,12,043,"Florida","Glades County",4,68,165,78,87
050,12,043,"Florida","Glades County",4,69,169,83,86
050,12,043,"Florida","Glades County",4,70,145,76,69
050,12,043,"Florida","Glades County",4,71,158,76,82
050,12,043,"Florida","Glades County",4,72,159,74,85
050,12,043,"Florida","Glades County",4,73,169,80,89
050,12,043,"Florida","Glades County",4,74,144,74,70
050,12,043,"Florida","Glades County",4,75,155,89,66
050,12,043,"Florida","Glades County",4,76,128,65,63
050,12,043,"Florida","Glades County",4,77,143,66,77
050,12,043,"Florida","Glades County",4,78,133,67,66
050,12,043,"Florida","Glades County",4,79,134,69,65
050,12,043,"Florida","Glades County",4,80,103,48,55
050,12,043,"Florida","Glades County",4,81,91,49,42
050,12,043,"Florida","Glades County",4,82,120,67,53
050,12,043,"Florida","Glades County",4,83,106,64,42
050,12,043,"Florida","Glades County",4,84,89,51,38
050,12,043,"Florida","Glades County",4,85,431,210,221
050,12,043,"Florida","Glades County",5,0,69,26,43
050,12,043,"Florida","Glades County",5,1,79,40,39
050,12,043,"Florida","Glades County",5,2,72,44,28
050,12,043,"Florida","Glades County",5,3,66,34,32
050,12,043,"Florida","Glades County",5,4,79,38,41
050,12,043,"Florida","Glades County",5,5,64,33,31
050,12,043,"Florida","Glades County",5,6,75,42,33
050,12,043,"Florida","Glades County",5,7,85,44,41
050,12,043,"Florida","Glades County",5,8,104,51,53
050,12,043,"Florida","Glades County",5,9,96,44,52
050,12,043,"Florida","Glades County",5,10,95,46,49
050,12,043,"Florida","Glades County",5,11,86,51,35
050,12,043,"Florida","Glades County",5,12,103,50,53
050,12,043,"Florida","Glades County",5,13,89,41,48
050,12,043,"Florida","Glades County",5,14,128,63,65
050,12,043,"Florida","Glades County",5,15,118,52,66
050,12,043,"Florida","Glades County",5,16,118,56,62
050,12,043,"Florida","Glades County",5,17,128,64,64
050,12,043,"Florida","Glades County",5,18,123,68,55
050,12,043,"Florida","Glades County",5,19,123,63,60
050,12,043,"Florida","Glades County",5,20,136,79,57
050,12,043,"Florida","Glades County",5,21,139,83,56
050,12,043,"Florida","Glades County",5,22,144,81,63
050,12,043,"Florida","Glades County",5,23,147,91,56
050,12,043,"Florida","Glades County",5,24,144,79,65
050,12,043,"Florida","Glades County",5,25,129,74,55
050,12,043,"Florida","Glades County",5,26,173,109,64
050,12,043,"Florida","Glades County",5,27,200,141,59
050,12,043,"Florida","Glades County",5,28,179,129,50
050,12,043,"Florida","Glades County",5,29,142,93,49
050,12,043,"Florida","Glades County",5,30,184,123,61
050,12,043,"Florida","Glades County",5,31,175,106,69
050,12,043,"Florida","Glades County",5,32,193,138,55
050,12,043,"Florida","Glades County",5,33,164,103,61
050,12,043,"Florida","Glades County",5,34,181,127,54
050,12,043,"Florida","Glades County",5,35,208,146,62
050,12,043,"Florida","Glades County",5,36,184,137,47
050,12,043,"Florida","Glades County",5,37,166,113,53
050,12,043,"Florida","Glades County",5,38,180,118,62
050,12,043,"Florida","Glades County",5,39,184,122,62
050,12,043,"Florida","Glades County",5,40,191,129,62
050,12,043,"Florida","Glades County",5,41,151,90,61
050,12,043,"Florida","Glades County",5,42,180,103,77
050,12,043,"Florida","Glades County",5,43,176,107,69
050,12,043,"Florida","Glades County",5,44,164,114,50
050,12,043,"Florida","Glades County",5,45,175,129,46
050,12,043,"Florida","Glades County",5,46,199,131,68
050,12,043,"Florida","Glades County",5,47,111,68,43
050,12,043,"Florida","Glades County",5,48,147,86,61
050,12,043,"Florida","Glades County",5,49,149,89,60
050,12,043,"Florida","Glades County",5,50,162,104,58
050,12,043,"Florida","Glades County",5,51,176,114,62
050,12,043,"Florida","Glades County",5,52,198,123,75
050,12,043,"Florida","Glades County",5,53,188,116,72
050,12,043,"Florida","Glades County",5,54,135,65,70
050,12,043,"Florida","Glades County",5,55,172,99,73
050,12,043,"Florida","Glades County",5,56,151,87,64
050,12,043,"Florida","Glades County",5,57,171,103,68
050,12,043,"Florida","Glades County",5,58,152,78,74
050,12,043,"Florida","Glades County",5,59,141,79,62
050,12,043,"Florida","Glades County",5,60,180,97,83
050,12,043,"Florida","Glades County",5,61,205,116,89
050,12,043,"Florida","Glades County",5,62,175,88,87
050,12,043,"Florida","Glades County",5,63,156,86,70
050,12,043,"Florida","Glades County",5,64,165,88,77
050,12,043,"Florida","Glades County",5,65,203,115,88
050,12,043,"Florida","Glades County",5,66,174,87,87
050,12,043,"Florida","Glades County",5,67,152,78,74
050,12,043,"Florida","Glades County",5,68,195,97,98
050,12,043,"Florida","Glades County",5,69,162,77,85
050,12,043,"Florida","Glades County",5,70,172,85,87
050,12,043,"Florida","Glades County",5,71,144,76,68
050,12,043,"Florida","Glades County",5,72,148,70,78
050,12,043,"Florida","Glades County",5,73,161,74,87
050,12,043,"Florida","Glades County",5,74,181,84,97
050,12,043,"Florida","Glades County",5,75,140,74,66
050,12,043,"Florida","Glades County",5,76,154,88,66
050,12,043,"Florida","Glades County",5,77,117,62,55
050,12,043,"Florida","Glades County",5,78,134,60,74
050,12,043,"Florida","Glades County",5,79,126,61,65
050,12,043,"Florida","Glades County",5,80,130,70,60
050,12,043,"Florida","Glades County",5,81,100,49,51
050,12,043,"Florida","Glades County",5,82,83,44,39
050,12,043,"Florida","Glades County",5,83,119,72,47
050,12,043,"Florida","Glades County",5,84,92,54,38
050,12,043,"Florida","Glades County",5,85,477,247,230
050,12,045,"Florida","Gulf County",1,0,114,59,55
050,12,045,"Florida","Gulf County",1,1,124,69,55
050,12,045,"Florida","Gulf County",1,2,113,56,57
050,12,045,"Florida","Gulf County",1,3,128,61,67
050,12,045,"Florida","Gulf County",1,4,147,80,67
050,12,045,"Florida","Gulf County",1,5,131,73,58
050,12,045,"Florida","Gulf County",1,6,141,69,72
050,12,045,"Florida","Gulf County",1,7,143,68,75
050,12,045,"Florida","Gulf County",1,8,161,85,76
050,12,045,"Florida","Gulf County",1,9,146,78,68
050,12,045,"Florida","Gulf County",1,10,150,74,76
050,12,045,"Florida","Gulf County",1,11,139,67,72
050,12,045,"Florida","Gulf County",1,12,166,85,81
050,12,045,"Florida","Gulf County",1,13,148,78,70
050,12,045,"Florida","Gulf County",1,14,145,73,72
050,12,045,"Florida","Gulf County",1,15,154,75,79
050,12,045,"Florida","Gulf County",1,16,130,70,60
050,12,045,"Florida","Gulf County",1,17,130,63,67
050,12,045,"Florida","Gulf County",1,18,113,58,55
050,12,045,"Florida","Gulf County",1,19,105,57,48
050,12,045,"Florida","Gulf County",1,20,126,67,59
050,12,045,"Florida","Gulf County",1,21,132,70,62
050,12,045,"Florida","Gulf County",1,22,156,93,63
050,12,045,"Florida","Gulf County",1,23,165,102,63
050,12,045,"Florida","Gulf County",1,24,154,106,48
050,12,045,"Florida","Gulf County",1,25,158,108,50
050,12,045,"Florida","Gulf County",1,26,170,119,51
050,12,045,"Florida","Gulf County",1,27,153,91,62
050,12,045,"Florida","Gulf County",1,28,183,109,74
050,12,045,"Florida","Gulf County",1,29,198,122,76
050,12,045,"Florida","Gulf County",1,30,175,107,68
050,12,045,"Florida","Gulf County",1,31,181,107,74
050,12,045,"Florida","Gulf County",1,32,165,101,64
050,12,045,"Florida","Gulf County",1,33,188,114,74
050,12,045,"Florida","Gulf County",1,34,137,89,48
050,12,045,"Florida","Gulf County",1,35,140,84,56
050,12,045,"Florida","Gulf County",1,36,145,87,58
050,12,045,"Florida","Gulf County",1,37,157,103,54
050,12,045,"Florida","Gulf County",1,38,150,95,55
050,12,045,"Florida","Gulf County",1,39,162,97,65
050,12,045,"Florida","Gulf County",1,40,139,77,62
050,12,045,"Florida","Gulf County",1,41,153,89,64
050,12,045,"Florida","Gulf County",1,42,172,99,73
050,12,045,"Florida","Gulf County",1,43,165,90,75
050,12,045,"Florida","Gulf County",1,44,162,93,69
050,12,045,"Florida","Gulf County",1,45,159,93,66
050,12,045,"Florida","Gulf County",1,46,154,88,66
050,12,045,"Florida","Gulf County",1,47,167,104,63
050,12,045,"Florida","Gulf County",1,48,189,109,80
050,12,045,"Florida","Gulf County",1,49,174,91,83
050,12,045,"Florida","Gulf County",1,50,182,102,80
050,12,045,"Florida","Gulf County",1,51,194,102,92
050,12,045,"Florida","Gulf County",1,52,188,94,94
050,12,045,"Florida","Gulf County",1,53,214,118,96
050,12,045,"Florida","Gulf County",1,54,207,118,89
050,12,045,"Florida","Gulf County",1,55,224,116,108
050,12,045,"Florida","Gulf County",1,56,237,120,117
050,12,045,"Florida","Gulf County",1,57,223,122,101
050,12,045,"Florida","Gulf County",1,58,205,111,94
050,12,045,"Florida","Gulf County",1,59,241,120,121
050,12,045,"Florida","Gulf County",1,60,230,110,120
050,12,045,"Florida","Gulf County",1,61,232,105,127
050,12,045,"Florida","Gulf County",1,62,228,113,115
050,12,045,"Florida","Gulf County",1,63,233,122,111
050,12,045,"Florida","Gulf County",1,64,235,95,140
050,12,045,"Florida","Gulf County",1,65,207,106,101
050,12,045,"Florida","Gulf County",1,66,232,121,111
050,12,045,"Florida","Gulf County",1,67,246,127,119
050,12,045,"Florida","Gulf County",1,68,245,115,130
050,12,045,"Florida","Gulf County",1,69,218,108,110
050,12,045,"Florida","Gulf County",1,70,198,94,104
050,12,045,"Florida","Gulf County",1,71,184,88,96
050,12,045,"Florida","Gulf County",1,72,199,98,101
050,12,045,"Florida","Gulf County",1,73,198,98,100
050,12,045,"Florida","Gulf County",1,74,141,74,67
050,12,045,"Florida","Gulf County",1,75,142,74,68
050,12,045,"Florida","Gulf County",1,76,142,74,68
050,12,045,"Florida","Gulf County",1,77,131,64,67
050,12,045,"Florida","Gulf County",1,78,117,58,59
050,12,045,"Florida","Gulf County",1,79,100,43,57
050,12,045,"Florida","Gulf County",1,80,91,35,56
050,12,045,"Florida","Gulf County",1,81,84,35,49
050,12,045,"Florida","Gulf County",1,82,74,33,41
050,12,045,"Florida","Gulf County",1,83,61,16,45
050,12,045,"Florida","Gulf County",1,84,59,25,34
050,12,045,"Florida","Gulf County",1,85,300,130,170
050,12,045,"Florida","Gulf County",2,0,119,61,58
050,12,045,"Florida","Gulf County",2,1,122,67,55
050,12,045,"Florida","Gulf County",2,2,114,58,56
050,12,045,"Florida","Gulf County",2,3,125,61,64
050,12,045,"Florida","Gulf County",2,4,139,74,65
050,12,045,"Florida","Gulf County",2,5,135,74,61
050,12,045,"Florida","Gulf County",2,6,142,71,71
050,12,045,"Florida","Gulf County",2,7,145,69,76
050,12,045,"Florida","Gulf County",2,8,155,81,74
050,12,045,"Florida","Gulf County",2,9,151,81,70
050,12,045,"Florida","Gulf County",2,10,148,74,74
050,12,045,"Florida","Gulf County",2,11,143,70,73
050,12,045,"Florida","Gulf County",2,12,161,82,79
050,12,045,"Florida","Gulf County",2,13,154,80,74
050,12,045,"Florida","Gulf County",2,14,147,75,72
050,12,045,"Florida","Gulf County",2,15,151,75,76
050,12,045,"Florida","Gulf County",2,16,136,71,65
050,12,045,"Florida","Gulf County",2,17,130,64,66
050,12,045,"Florida","Gulf County",2,18,112,58,54
050,12,045,"Florida","Gulf County",2,19,102,56,46
050,12,045,"Florida","Gulf County",2,20,125,67,58
050,12,045,"Florida","Gulf County",2,21,131,70,61
050,12,045,"Florida","Gulf County",2,22,160,96,64
050,12,045,"Florida","Gulf County",2,23,165,102,63
050,12,045,"Florida","Gulf County",2,24,159,109,50
050,12,045,"Florida","Gulf County",2,25,160,111,49
050,12,045,"Florida","Gulf County",2,26,169,117,52
050,12,045,"Florida","Gulf County",2,27,158,99,59
050,12,045,"Florida","Gulf County",2,28,183,112,71
050,12,045,"Florida","Gulf County",2,29,194,120,74
050,12,045,"Florida","Gulf County",2,30,185,113,72
050,12,045,"Florida","Gulf County",2,31,177,106,71
050,12,045,"Florida","Gulf County",2,32,171,105,66
050,12,045,"Florida","Gulf County",2,33,187,115,72
050,12,045,"Florida","Gulf County",2,34,145,93,52
050,12,045,"Florida","Gulf County",2,35,139,85,54
050,12,045,"Florida","Gulf County",2,36,145,87,58
050,12,045,"Florida","Gulf County",2,37,160,104,56
050,12,045,"Florida","Gulf County",2,38,152,98,54
050,12,045,"Florida","Gulf County",2,39,162,99,63
050,12,045,"Florida","Gulf County",2,40,143,80,63
050,12,045,"Florida","Gulf County",2,41,154,90,64
050,12,045,"Florida","Gulf County",2,42,165,96,69
050,12,045,"Florida","Gulf County",2,43,170,96,74
050,12,045,"Florida","Gulf County",2,44,166,95,71
050,12,045,"Florida","Gulf County",2,45,160,93,67
050,12,045,"Florida","Gulf County",2,46,155,89,66
050,12,045,"Florida","Gulf County",2,47,166,101,65
050,12,045,"Florida","Gulf County",2,48,186,109,77
050,12,045,"Florida","Gulf County",2,49,184,98,86
050,12,045,"Florida","Gulf County",2,50,180,99,81
050,12,045,"Florida","Gulf County",2,51,191,103,88
050,12,045,"Florida","Gulf County",2,52,186,94,92
050,12,045,"Florida","Gulf County",2,53,208,113,95
050,12,045,"Florida","Gulf County",2,54,207,116,91
050,12,045,"Florida","Gulf County",2,55,220,115,105
050,12,045,"Florida","Gulf County",2,56,238,122,116
050,12,045,"Florida","Gulf County",2,57,227,123,104
050,12,045,"Florida","Gulf County",2,58,207,111,96
050,12,045,"Florida","Gulf County",2,59,236,118,118
050,12,045,"Florida","Gulf County",2,60,234,113,121
050,12,045,"Florida","Gulf County",2,61,231,105,126
050,12,045,"Florida","Gulf County",2,62,228,110,118
050,12,045,"Florida","Gulf County",2,63,237,120,117
050,12,045,"Florida","Gulf County",2,64,233,101,132
050,12,045,"Florida","Gulf County",2,65,212,102,110
050,12,045,"Florida","Gulf County",2,66,227,118,109
050,12,045,"Florida","Gulf County",2,67,245,126,119
050,12,045,"Florida","Gulf County",2,68,242,116,126
050,12,045,"Florida","Gulf County",2,69,225,110,115
050,12,045,"Florida","Gulf County",2,70,204,98,106
050,12,045,"Florida","Gulf County",2,71,186,89,97
050,12,045,"Florida","Gulf County",2,72,191,94,97
050,12,045,"Florida","Gulf County",2,73,208,103,105
050,12,045,"Florida","Gulf County",2,74,146,76,70
050,12,045,"Florida","Gulf County",2,75,142,75,67
050,12,045,"Florida","Gulf County",2,76,139,72,67
050,12,045,"Florida","Gulf County",2,77,136,68,68
050,12,045,"Florida","Gulf County",2,78,115,56,59
050,12,045,"Florida","Gulf County",2,79,104,47,57
050,12,045,"Florida","Gulf County",2,80,91,36,55
050,12,045,"Florida","Gulf County",2,81,83,34,49
050,12,045,"Florida","Gulf County",2,82,73,31,42
050,12,045,"Florida","Gulf County",2,83,61,19,42
050,12,045,"Florida","Gulf County",2,84,59,23,36
050,12,045,"Florida","Gulf County",2,85,300,129,171
050,12,045,"Florida","Gulf County",3,0,120,63,57
050,12,045,"Florida","Gulf County",3,1,103,55,48
050,12,045,"Florida","Gulf County",3,2,123,70,53
050,12,045,"Florida","Gulf County",3,3,113,62,51
050,12,045,"Florida","Gulf County",3,4,120,57,63
050,12,045,"Florida","Gulf County",3,5,139,75,64
050,12,045,"Florida","Gulf County",3,6,134,70,64
050,12,045,"Florida","Gulf County",3,7,148,71,77
050,12,045,"Florida","Gulf County",3,8,149,72,77
050,12,045,"Florida","Gulf County",3,9,158,83,75
050,12,045,"Florida","Gulf County",3,10,154,84,70
050,12,045,"Florida","Gulf County",3,11,148,70,78
050,12,045,"Florida","Gulf County",3,12,153,69,84
050,12,045,"Florida","Gulf County",3,13,161,81,80
050,12,045,"Florida","Gulf County",3,14,166,85,81
050,12,045,"Florida","Gulf County",3,15,150,70,80
050,12,045,"Florida","Gulf County",3,16,154,76,78
050,12,045,"Florida","Gulf County",3,17,140,72,68
050,12,045,"Florida","Gulf County",3,18,107,52,55
050,12,045,"Florida","Gulf County",3,19,96,49,47
050,12,045,"Florida","Gulf County",3,20,106,55,51
050,12,045,"Florida","Gulf County",3,21,136,66,70
050,12,045,"Florida","Gulf County",3,22,174,105,69
050,12,045,"Florida","Gulf County",3,23,175,106,69
050,12,045,"Florida","Gulf County",3,24,174,123,51
050,12,045,"Florida","Gulf County",3,25,168,115,53
050,12,045,"Florida","Gulf County",3,26,156,104,52
050,12,045,"Florida","Gulf County",3,27,161,107,54
050,12,045,"Florida","Gulf County",3,28,174,115,59
050,12,045,"Florida","Gulf County",3,29,182,118,64
050,12,045,"Florida","Gulf County",3,30,185,115,70
050,12,045,"Florida","Gulf County",3,31,185,103,82
050,12,045,"Florida","Gulf County",3,32,180,108,72
050,12,045,"Florida","Gulf County",3,33,183,116,67
050,12,045,"Florida","Gulf County",3,34,180,105,75
050,12,045,"Florida","Gulf County",3,35,147,92,55
050,12,045,"Florida","Gulf County",3,36,148,91,57
050,12,045,"Florida","Gulf County",3,37,169,106,63
050,12,045,"Florida","Gulf County",3,38,159,104,55
050,12,045,"Florida","Gulf County",3,39,165,108,57
050,12,045,"Florida","Gulf County",3,40,153,91,62
050,12,045,"Florida","Gulf County",3,41,154,87,67
050,12,045,"Florida","Gulf County",3,42,153,84,69
050,12,045,"Florida","Gulf County",3,43,180,108,72
050,12,045,"Florida","Gulf County",3,44,176,98,78
050,12,045,"Florida","Gulf County",3,45,172,97,75
050,12,045,"Florida","Gulf County",3,46,160,93,67
050,12,045,"Florida","Gulf County",3,47,168,103,65
050,12,045,"Florida","Gulf County",3,48,158,93,65
050,12,045,"Florida","Gulf County",3,49,197,111,86
050,12,045,"Florida","Gulf County",3,50,182,92,90
050,12,045,"Florida","Gulf County",3,51,196,101,95
050,12,045,"Florida","Gulf County",3,52,198,111,87
050,12,045,"Florida","Gulf County",3,53,207,114,93
050,12,045,"Florida","Gulf County",3,54,202,100,102
050,12,045,"Florida","Gulf County",3,55,199,108,91
050,12,045,"Florida","Gulf County",3,56,251,133,118
050,12,045,"Florida","Gulf County",3,57,241,120,121
050,12,045,"Florida","Gulf County",3,58,230,116,114
050,12,045,"Florida","Gulf County",3,59,215,117,98
050,12,045,"Florida","Gulf County",3,60,236,121,115
050,12,045,"Florida","Gulf County",3,61,238,113,125
050,12,045,"Florida","Gulf County",3,62,243,109,134
050,12,045,"Florida","Gulf County",3,63,235,111,124
050,12,045,"Florida","Gulf County",3,64,231,112,119
050,12,045,"Florida","Gulf County",3,65,237,106,131
050,12,045,"Florida","Gulf County",3,66,205,101,104
050,12,045,"Florida","Gulf County",3,67,224,116,108
050,12,045,"Florida","Gulf County",3,68,233,114,119
050,12,045,"Florida","Gulf County",3,69,233,112,121
050,12,045,"Florida","Gulf County",3,70,224,108,116
050,12,045,"Florida","Gulf County",3,71,201,96,105
050,12,045,"Florida","Gulf County",3,72,188,90,98
050,12,045,"Florida","Gulf County",3,73,176,85,91
050,12,045,"Florida","Gulf County",3,74,205,94,111
050,12,045,"Florida","Gulf County",3,75,140,76,64
050,12,045,"Florida","Gulf County",3,76,132,69,63
050,12,045,"Florida","Gulf County",3,77,124,64,60
050,12,045,"Florida","Gulf County",3,78,133,64,69
050,12,045,"Florida","Gulf County",3,79,109,53,56
050,12,045,"Florida","Gulf County",3,80,95,44,51
050,12,045,"Florida","Gulf County",3,81,79,33,46
050,12,045,"Florida","Gulf County",3,82,76,25,51
050,12,045,"Florida","Gulf County",3,83,73,32,41
050,12,045,"Florida","Gulf County",3,84,51,14,37
050,12,045,"Florida","Gulf County",3,85,306,132,174
050,12,045,"Florida","Gulf County",4,0,109,61,48
050,12,045,"Florida","Gulf County",4,1,130,69,61
050,12,045,"Florida","Gulf County",4,2,108,58,50
050,12,045,"Florida","Gulf County",4,3,129,74,55
050,12,045,"Florida","Gulf County",4,4,120,64,56
050,12,045,"Florida","Gulf County",4,5,134,68,66
050,12,045,"Florida","Gulf County",4,6,135,68,67
050,12,045,"Florida","Gulf County",4,7,136,73,63
050,12,045,"Florida","Gulf County",4,8,156,75,81
050,12,045,"Florida","Gulf County",4,9,157,75,82
050,12,045,"Florida","Gulf County",4,10,160,81,79
050,12,045,"Florida","Gulf County",4,11,152,90,62
050,12,045,"Florida","Gulf County",4,12,159,78,81
050,12,045,"Florida","Gulf County",4,13,153,70,83
050,12,045,"Florida","Gulf County",4,14,155,80,75
050,12,045,"Florida","Gulf County",4,15,160,82,78
050,12,045,"Florida","Gulf County",4,16,157,81,76
050,12,045,"Florida","Gulf County",4,17,156,77,79
050,12,045,"Florida","Gulf County",4,18,121,61,60
050,12,045,"Florida","Gulf County",4,19,84,42,42
050,12,045,"Florida","Gulf County",4,20,105,53,52
050,12,045,"Florida","Gulf County",4,21,123,70,53
050,12,045,"Florida","Gulf County",4,22,183,115,68
050,12,045,"Florida","Gulf County",4,23,197,126,71
050,12,045,"Florida","Gulf County",4,24,204,141,63
050,12,045,"Florida","Gulf County",4,25,211,156,55
050,12,045,"Florida","Gulf County",4,26,180,135,45
050,12,045,"Florida","Gulf County",4,27,168,116,52
050,12,045,"Florida","Gulf County",4,28,207,146,61
050,12,045,"Florida","Gulf County",4,29,198,134,64
050,12,045,"Florida","Gulf County",4,30,198,129,69
050,12,045,"Florida","Gulf County",4,31,199,125,74
050,12,045,"Florida","Gulf County",4,32,201,123,78
050,12,045,"Florida","Gulf County",4,33,211,137,74
050,12,045,"Florida","Gulf County",4,34,178,107,71
050,12,045,"Florida","Gulf County",4,35,190,112,78
050,12,045,"Florida","Gulf County",4,36,166,106,60
050,12,045,"Florida","Gulf County",4,37,183,120,63
050,12,045,"Florida","Gulf County",4,38,183,115,68
050,12,045,"Florida","Gulf County",4,39,180,124,56
050,12,045,"Florida","Gulf County",4,40,151,99,52
050,12,045,"Florida","Gulf County",4,41,183,121,62
050,12,045,"Florida","Gulf County",4,42,165,93,72
050,12,045,"Florida","Gulf County",4,43,182,110,72
050,12,045,"Florida","Gulf County",4,44,202,121,81
050,12,045,"Florida","Gulf County",4,45,188,103,85
050,12,045,"Florida","Gulf County",4,46,193,112,81
050,12,045,"Florida","Gulf County",4,47,189,114,75
050,12,045,"Florida","Gulf County",4,48,187,111,76
050,12,045,"Florida","Gulf County",4,49,172,112,60
050,12,045,"Florida","Gulf County",4,50,217,118,99
050,12,045,"Florida","Gulf County",4,51,212,115,97
050,12,045,"Florida","Gulf County",4,52,214,109,105
050,12,045,"Florida","Gulf County",4,53,224,130,94
050,12,045,"Florida","Gulf County",4,54,214,108,106
050,12,045,"Florida","Gulf County",4,55,211,103,108
050,12,045,"Florida","Gulf County",4,56,228,129,99
050,12,045,"Florida","Gulf County",4,57,265,145,120
050,12,045,"Florida","Gulf County",4,58,270,139,131
050,12,045,"Florida","Gulf County",4,59,257,126,131
050,12,045,"Florida","Gulf County",4,60,221,113,108
050,12,045,"Florida","Gulf County",4,61,250,130,120
050,12,045,"Florida","Gulf County",4,62,245,118,127
050,12,045,"Florida","Gulf County",4,63,270,124,146
050,12,045,"Florida","Gulf County",4,64,223,100,123
050,12,045,"Florida","Gulf County",4,65,241,113,128
050,12,045,"Florida","Gulf County",4,66,230,104,126
050,12,045,"Florida","Gulf County",4,67,211,106,105
050,12,045,"Florida","Gulf County",4,68,225,118,107
050,12,045,"Florida","Gulf County",4,69,223,114,109
050,12,045,"Florida","Gulf County",4,70,245,117,128
050,12,045,"Florida","Gulf County",4,71,217,106,111
050,12,045,"Florida","Gulf County",4,72,209,102,107
050,12,045,"Florida","Gulf County",4,73,179,87,92
050,12,045,"Florida","Gulf County",4,74,168,84,84
050,12,045,"Florida","Gulf County",4,75,201,98,103
050,12,045,"Florida","Gulf County",4,76,129,70,59
050,12,045,"Florida","Gulf County",4,77,133,68,65
050,12,045,"Florida","Gulf County",4,78,116,60,56
050,12,045,"Florida","Gulf County",4,79,123,56,67
050,12,045,"Florida","Gulf County",4,80,97,48,49
050,12,045,"Florida","Gulf County",4,81,86,38,48
050,12,045,"Florida","Gulf County",4,82,76,28,48
050,12,045,"Florida","Gulf County",4,83,73,25,48
050,12,045,"Florida","Gulf County",4,84,60,26,34
050,12,045,"Florida","Gulf County",4,85,288,113,175
050,12,045,"Florida","Gulf County",5,0,112,62,50
050,12,045,"Florida","Gulf County",5,1,102,48,54
050,12,045,"Florida","Gulf County",5,2,123,66,57
050,12,045,"Florida","Gulf County",5,3,113,59,54
050,12,045,"Florida","Gulf County",5,4,133,76,57
050,12,045,"Florida","Gulf County",5,5,124,68,56
050,12,045,"Florida","Gulf County",5,6,142,69,73
050,12,045,"Florida","Gulf County",5,7,143,67,76
050,12,045,"Florida","Gulf County",5,8,142,75,67
050,12,045,"Florida","Gulf County",5,9,155,74,81
050,12,045,"Florida","Gulf County",5,10,169,80,89
050,12,045,"Florida","Gulf County",5,11,157,79,78
050,12,045,"Florida","Gulf County",5,12,161,95,66
050,12,045,"Florida","Gulf County",5,13,158,72,86
050,12,045,"Florida","Gulf County",5,14,156,67,89
050,12,045,"Florida","Gulf County",5,15,161,86,75
050,12,045,"Florida","Gulf County",5,16,166,89,77
050,12,045,"Florida","Gulf County",5,17,162,84,78
050,12,045,"Florida","Gulf County",5,18,147,75,72
050,12,045,"Florida","Gulf County",5,19,101,50,51
050,12,045,"Florida","Gulf County",5,20,105,58,47
050,12,045,"Florida","Gulf County",5,21,114,61,53
050,12,045,"Florida","Gulf County",5,22,175,119,56
050,12,045,"Florida","Gulf County",5,23,186,114,72
050,12,045,"Florida","Gulf County",5,24,222,144,78
050,12,045,"Florida","Gulf County",5,25,207,149,58
050,12,045,"Florida","Gulf County",5,26,209,154,55
050,12,045,"Florida","Gulf County",5,27,164,115,49
050,12,045,"Florida","Gulf County",5,28,193,136,57
050,12,045,"Florida","Gulf County",5,29,209,144,65
050,12,045,"Florida","Gulf County",5,30,196,133,63
050,12,045,"Florida","Gulf County",5,31,190,116,74
050,12,045,"Florida","Gulf County",5,32,206,132,74
050,12,045,"Florida","Gulf County",5,33,211,135,76
050,12,045,"Florida","Gulf County",5,34,201,127,74
050,12,045,"Florida","Gulf County",5,35,181,106,75
050,12,045,"Florida","Gulf County",5,36,194,115,79
050,12,045,"Florida","Gulf County",5,37,193,131,62
050,12,045,"Florida","Gulf County",5,38,168,109,59
050,12,045,"Florida","Gulf County",5,39,191,121,70
050,12,045,"Florida","Gulf County",5,40,166,103,63
050,12,045,"Florida","Gulf County",5,41,166,116,50
050,12,045,"Florida","Gulf County",5,42,181,116,65
050,12,045,"Florida","Gulf County",5,43,172,102,70
050,12,045,"Florida","Gulf County",5,44,181,110,71
050,12,045,"Florida","Gulf County",5,45,201,122,79
050,12,045,"Florida","Gulf County",5,46,198,109,89
050,12,045,"Florida","Gulf County",5,47,209,122,87
050,12,045,"Florida","Gulf County",5,48,197,109,88
050,12,045,"Florida","Gulf County",5,49,193,117,76
050,12,045,"Florida","Gulf County",5,50,186,116,70
050,12,045,"Florida","Gulf County",5,51,228,132,96
050,12,045,"Florida","Gulf County",5,52,232,118,114
050,12,045,"Florida","Gulf County",5,53,234,128,106
050,12,045,"Florida","Gulf County",5,54,222,119,103
050,12,045,"Florida","Gulf County",5,55,219,108,111
050,12,045,"Florida","Gulf County",5,56,224,113,111
050,12,045,"Florida","Gulf County",5,57,238,131,107
050,12,045,"Florida","Gulf County",5,58,282,149,133
050,12,045,"Florida","Gulf County",5,59,276,137,139
050,12,045,"Florida","Gulf County",5,60,263,129,134
050,12,045,"Florida","Gulf County",5,61,240,128,112
050,12,045,"Florida","Gulf County",5,62,255,132,123
050,12,045,"Florida","Gulf County",5,63,264,122,142
050,12,045,"Florida","Gulf County",5,64,282,129,153
050,12,045,"Florida","Gulf County",5,65,250,119,131
050,12,045,"Florida","Gulf County",5,66,252,116,136
050,12,045,"Florida","Gulf County",5,67,239,107,132
050,12,045,"Florida","Gulf County",5,68,205,104,101
050,12,045,"Florida","Gulf County",5,69,221,118,103
050,12,045,"Florida","Gulf County",5,70,230,114,116
050,12,045,"Florida","Gulf County",5,71,240,113,127
050,12,045,"Florida","Gulf County",5,72,221,109,112
050,12,045,"Florida","Gulf County",5,73,202,98,104
050,12,045,"Florida","Gulf County",5,74,169,81,88
050,12,045,"Florida","Gulf County",5,75,158,82,76
050,12,045,"Florida","Gulf County",5,76,188,92,96
050,12,045,"Florida","Gulf County",5,77,118,65,53
050,12,045,"Florida","Gulf County",5,78,126,63,63
050,12,045,"Florida","Gulf County",5,79,115,55,60
050,12,045,"Florida","Gulf County",5,80,113,54,59
050,12,045,"Florida","Gulf County",5,81,93,48,45
050,12,045,"Florida","Gulf County",5,82,79,30,49
050,12,045,"Florida","Gulf County",5,83,69,26,43
050,12,045,"Florida","Gulf County",5,84,58,19,39
050,12,045,"Florida","Gulf County",5,85,296,111,185
050,12,047,"Florida","Hamilton County",1,0,157,80,77
050,12,047,"Florida","Hamilton County",1,1,145,81,64
050,12,047,"Florida","Hamilton County",1,2,147,81,66
050,12,047,"Florida","Hamilton County",1,3,154,79,75
050,12,047,"Florida","Hamilton County",1,4,143,66,77
050,12,047,"Florida","Hamilton County",1,5,156,72,84
050,12,047,"Florida","Hamilton County",1,6,152,80,72
050,12,047,"Florida","Hamilton County",1,7,133,60,73
050,12,047,"Florida","Hamilton County",1,8,130,60,70
050,12,047,"Florida","Hamilton County",1,9,159,79,80
050,12,047,"Florida","Hamilton County",1,10,146,75,71
050,12,047,"Florida","Hamilton County",1,11,159,73,86
050,12,047,"Florida","Hamilton County",1,12,161,82,79
050,12,047,"Florida","Hamilton County",1,13,168,89,79
050,12,047,"Florida","Hamilton County",1,14,164,85,79
050,12,047,"Florida","Hamilton County",1,15,143,75,68
050,12,047,"Florida","Hamilton County",1,16,160,89,71
050,12,047,"Florida","Hamilton County",1,17,149,83,66
050,12,047,"Florida","Hamilton County",1,18,151,91,60
050,12,047,"Florida","Hamilton County",1,19,165,121,44
050,12,047,"Florida","Hamilton County",1,20,241,184,57
050,12,047,"Florida","Hamilton County",1,21,268,220,48
050,12,047,"Florida","Hamilton County",1,22,250,195,55
050,12,047,"Florida","Hamilton County",1,23,249,191,58
050,12,047,"Florida","Hamilton County",1,24,213,160,53
050,12,047,"Florida","Hamilton County",1,25,180,120,60
050,12,047,"Florida","Hamilton County",1,26,198,126,72
050,12,047,"Florida","Hamilton County",1,27,208,141,67
050,12,047,"Florida","Hamilton County",1,28,202,131,71
050,12,047,"Florida","Hamilton County",1,29,217,146,71
050,12,047,"Florida","Hamilton County",1,30,224,143,81
050,12,047,"Florida","Hamilton County",1,31,164,101,63
050,12,047,"Florida","Hamilton County",1,32,174,120,54
050,12,047,"Florida","Hamilton County",1,33,161,108,53
050,12,047,"Florida","Hamilton County",1,34,190,120,70
050,12,047,"Florida","Hamilton County",1,35,156,95,61
050,12,047,"Florida","Hamilton County",1,36,162,97,65
050,12,047,"Florida","Hamilton County",1,37,146,87,59
050,12,047,"Florida","Hamilton County",1,38,159,112,47
050,12,047,"Florida","Hamilton County",1,39,165,107,58
050,12,047,"Florida","Hamilton County",1,40,169,109,60
050,12,047,"Florida","Hamilton County",1,41,169,106,63
050,12,047,"Florida","Hamilton County",1,42,150,84,66
050,12,047,"Florida","Hamilton County",1,43,165,98,67
050,12,047,"Florida","Hamilton County",1,44,162,98,64
050,12,047,"Florida","Hamilton County",1,45,166,101,65
050,12,047,"Florida","Hamilton County",1,46,167,103,64
050,12,047,"Florida","Hamilton County",1,47,166,106,60
050,12,047,"Florida","Hamilton County",1,48,191,108,83
050,12,047,"Florida","Hamilton County",1,49,169,87,82
050,12,047,"Florida","Hamilton County",1,50,186,118,68
050,12,047,"Florida","Hamilton County",1,51,190,120,70
050,12,047,"Florida","Hamilton County",1,52,169,104,65
050,12,047,"Florida","Hamilton County",1,53,183,107,76
050,12,047,"Florida","Hamilton County",1,54,170,93,77
050,12,047,"Florida","Hamilton County",1,55,197,108,89
050,12,047,"Florida","Hamilton County",1,56,192,111,81
050,12,047,"Florida","Hamilton County",1,57,184,104,80
050,12,047,"Florida","Hamilton County",1,58,172,92,80
050,12,047,"Florida","Hamilton County",1,59,175,93,82
050,12,047,"Florida","Hamilton County",1,60,186,110,76
050,12,047,"Florida","Hamilton County",1,61,194,101,93
050,12,047,"Florida","Hamilton County",1,62,195,107,88
050,12,047,"Florida","Hamilton County",1,63,209,107,102
050,12,047,"Florida","Hamilton County",1,64,185,83,102
050,12,047,"Florida","Hamilton County",1,65,179,87,92
050,12,047,"Florida","Hamilton County",1,66,169,83,86
050,12,047,"Florida","Hamilton County",1,67,169,84,85
050,12,047,"Florida","Hamilton County",1,68,178,89,89
050,12,047,"Florida","Hamilton County",1,69,145,75,70
050,12,047,"Florida","Hamilton County",1,70,151,80,71
050,12,047,"Florida","Hamilton County",1,71,151,77,74
050,12,047,"Florida","Hamilton County",1,72,160,69,91
050,12,047,"Florida","Hamilton County",1,73,178,80,98
050,12,047,"Florida","Hamilton County",1,74,114,51,63
050,12,047,"Florida","Hamilton County",1,75,111,55,56
050,12,047,"Florida","Hamilton County",1,76,96,49,47
050,12,047,"Florida","Hamilton County",1,77,86,42,44
050,12,047,"Florida","Hamilton County",1,78,79,37,42
050,12,047,"Florida","Hamilton County",1,79,80,39,41
050,12,047,"Florida","Hamilton County",1,80,66,30,36
050,12,047,"Florida","Hamilton County",1,81,63,25,38
050,12,047,"Florida","Hamilton County",1,82,50,22,28
050,12,047,"Florida","Hamilton County",1,83,49,14,35
050,12,047,"Florida","Hamilton County",1,84,36,17,19
050,12,047,"Florida","Hamilton County",1,85,263,95,168
050,12,047,"Florida","Hamilton County",2,0,160,82,78
050,12,047,"Florida","Hamilton County",2,1,145,79,66
050,12,047,"Florida","Hamilton County",2,2,147,81,66
050,12,047,"Florida","Hamilton County",2,3,152,78,74
050,12,047,"Florida","Hamilton County",2,4,144,67,77
050,12,047,"Florida","Hamilton County",2,5,154,72,82
050,12,047,"Florida","Hamilton County",2,6,156,79,77
050,12,047,"Florida","Hamilton County",2,7,136,64,72
050,12,047,"Florida","Hamilton County",2,8,132,61,71
050,12,047,"Florida","Hamilton County",2,9,152,73,79
050,12,047,"Florida","Hamilton County",2,10,150,74,76
050,12,047,"Florida","Hamilton County",2,11,155,73,82
050,12,047,"Florida","Hamilton County",2,12,161,81,80
050,12,047,"Florida","Hamilton County",2,13,168,88,80
050,12,047,"Florida","Hamilton County",2,14,162,85,77
050,12,047,"Florida","Hamilton County",2,15,150,79,71
050,12,047,"Florida","Hamilton County",2,16,155,86,69
050,12,047,"Florida","Hamilton County",2,17,154,84,70
050,12,047,"Florida","Hamilton County",2,18,148,90,58
050,12,047,"Florida","Hamilton County",2,19,157,110,47
050,12,047,"Florida","Hamilton County",2,20,224,169,55
050,12,047,"Florida","Hamilton County",2,21,252,201,51
050,12,047,"Florida","Hamilton County",2,22,232,177,55
050,12,047,"Florida","Hamilton County",2,23,232,174,58
050,12,047,"Florida","Hamilton County",2,24,204,149,55
050,12,047,"Florida","Hamilton County",2,25,176,116,60
050,12,047,"Florida","Hamilton County",2,26,184,118,66
050,12,047,"Florida","Hamilton County",2,27,193,126,67
050,12,047,"Florida","Hamilton County",2,28,189,120,69
050,12,047,"Florida","Hamilton County",2,29,211,139,72
050,12,047,"Florida","Hamilton County",2,30,208,130,78
050,12,047,"Florida","Hamilton County",2,31,169,102,67
050,12,047,"Florida","Hamilton County",2,32,167,112,55
050,12,047,"Florida","Hamilton County",2,33,154,101,53
050,12,047,"Florida","Hamilton County",2,34,181,114,67
050,12,047,"Florida","Hamilton County",2,35,159,95,64
050,12,047,"Florida","Hamilton County",2,36,157,93,64
050,12,047,"Florida","Hamilton County",2,37,143,84,59
050,12,047,"Florida","Hamilton County",2,38,154,104,50
050,12,047,"Florida","Hamilton County",2,39,153,99,54
050,12,047,"Florida","Hamilton County",2,40,165,103,62
050,12,047,"Florida","Hamilton County",2,41,162,100,62
050,12,047,"Florida","Hamilton County",2,42,147,83,64
050,12,047,"Florida","Hamilton County",2,43,161,93,68
050,12,047,"Florida","Hamilton County",2,44,156,92,64
050,12,047,"Florida","Hamilton County",2,45,161,95,66
050,12,047,"Florida","Hamilton County",2,46,162,97,65
050,12,047,"Florida","Hamilton County",2,47,161,101,60
050,12,047,"Florida","Hamilton County",2,48,179,100,79
050,12,047,"Florida","Hamilton County",2,49,166,85,81
050,12,047,"Florida","Hamilton County",2,50,179,108,71
050,12,047,"Florida","Hamilton County",2,51,184,114,70
050,12,047,"Florida","Hamilton County",2,52,170,104,66
050,12,047,"Florida","Hamilton County",2,53,172,99,73
050,12,047,"Florida","Hamilton County",2,54,170,93,77
050,12,047,"Florida","Hamilton County",2,55,188,101,87
050,12,047,"Florida","Hamilton County",2,56,191,109,82
050,12,047,"Florida","Hamilton County",2,57,183,102,81
050,12,047,"Florida","Hamilton County",2,58,174,94,80
050,12,047,"Florida","Hamilton County",2,59,171,89,82
050,12,047,"Florida","Hamilton County",2,60,181,103,78
050,12,047,"Florida","Hamilton County",2,61,192,102,90
050,12,047,"Florida","Hamilton County",2,62,196,106,90
050,12,047,"Florida","Hamilton County",2,63,206,106,100
050,12,047,"Florida","Hamilton County",2,64,186,86,100
050,12,047,"Florida","Hamilton County",2,65,180,86,94
050,12,047,"Florida","Hamilton County",2,66,170,82,88
050,12,047,"Florida","Hamilton County",2,67,168,82,86
050,12,047,"Florida","Hamilton County",2,68,174,87,87
050,12,047,"Florida","Hamilton County",2,69,154,79,75
050,12,047,"Florida","Hamilton County",2,70,148,76,72
050,12,047,"Florida","Hamilton County",2,71,150,78,72
050,12,047,"Florida","Hamilton County",2,72,155,70,85
050,12,047,"Florida","Hamilton County",2,73,179,78,101
050,12,047,"Florida","Hamilton County",2,74,118,52,66
050,12,047,"Florida","Hamilton County",2,75,111,53,58
050,12,047,"Florida","Hamilton County",2,76,99,50,49
050,12,047,"Florida","Hamilton County",2,77,90,44,46
050,12,047,"Florida","Hamilton County",2,78,77,36,41
050,12,047,"Florida","Hamilton County",2,79,80,37,43
050,12,047,"Florida","Hamilton County",2,80,68,32,36
050,12,047,"Florida","Hamilton County",2,81,62,25,37
050,12,047,"Florida","Hamilton County",2,82,54,23,31
050,12,047,"Florida","Hamilton County",2,83,49,15,34
050,12,047,"Florida","Hamilton County",2,84,38,16,22
050,12,047,"Florida","Hamilton County",2,85,262,94,168
050,12,047,"Florida","Hamilton County",3,0,151,93,58
050,12,047,"Florida","Hamilton County",3,1,152,75,77
050,12,047,"Florida","Hamilton County",3,2,137,71,66
050,12,047,"Florida","Hamilton County",3,3,143,82,61
050,12,047,"Florida","Hamilton County",3,4,160,81,79
050,12,047,"Florida","Hamilton County",3,5,149,73,76
050,12,047,"Florida","Hamilton County",3,6,154,79,75
050,12,047,"Florida","Hamilton County",3,7,145,71,74
050,12,047,"Florida","Hamilton County",3,8,131,69,62
050,12,047,"Florida","Hamilton County",3,9,133,65,68
050,12,047,"Florida","Hamilton County",3,10,155,74,81
050,12,047,"Florida","Hamilton County",3,11,157,82,75
050,12,047,"Florida","Hamilton County",3,12,149,69,80
050,12,047,"Florida","Hamilton County",3,13,167,87,80
050,12,047,"Florida","Hamilton County",3,14,162,86,76
050,12,047,"Florida","Hamilton County",3,15,157,85,72
050,12,047,"Florida","Hamilton County",3,16,148,82,66
050,12,047,"Florida","Hamilton County",3,17,152,89,63
050,12,047,"Florida","Hamilton County",3,18,145,85,60
050,12,047,"Florida","Hamilton County",3,19,136,91,45
050,12,047,"Florida","Hamilton County",3,20,189,141,48
050,12,047,"Florida","Hamilton County",3,21,216,161,55
050,12,047,"Florida","Hamilton County",3,22,201,142,59
050,12,047,"Florida","Hamilton County",3,23,184,136,48
050,12,047,"Florida","Hamilton County",3,24,172,121,51
050,12,047,"Florida","Hamilton County",3,25,162,110,52
050,12,047,"Florida","Hamilton County",3,26,157,108,49
050,12,047,"Florida","Hamilton County",3,27,170,105,65
050,12,047,"Florida","Hamilton County",3,28,158,92,66
050,12,047,"Florida","Hamilton County",3,29,178,106,72
050,12,047,"Florida","Hamilton County",3,30,164,98,66
050,12,047,"Florida","Hamilton County",3,31,173,99,74
050,12,047,"Florida","Hamilton County",3,32,180,101,79
050,12,047,"Florida","Hamilton County",3,33,140,88,52
050,12,047,"Florida","Hamilton County",3,34,148,92,56
050,12,047,"Florida","Hamilton County",3,35,157,91,66
050,12,047,"Florida","Hamilton County",3,36,148,85,63
050,12,047,"Florida","Hamilton County",3,37,131,72,59
050,12,047,"Florida","Hamilton County",3,38,135,82,53
050,12,047,"Florida","Hamilton County",3,39,129,78,51
050,12,047,"Florida","Hamilton County",3,40,146,92,54
050,12,047,"Florida","Hamilton County",3,41,166,98,68
050,12,047,"Florida","Hamilton County",3,42,152,86,66
050,12,047,"Florida","Hamilton County",3,43,160,91,69
050,12,047,"Florida","Hamilton County",3,44,145,79,66
050,12,047,"Florida","Hamilton County",3,45,155,88,67
050,12,047,"Florida","Hamilton County",3,46,153,86,67
050,12,047,"Florida","Hamilton County",3,47,150,83,67
050,12,047,"Florida","Hamilton County",3,48,147,88,59
050,12,047,"Florida","Hamilton County",3,49,155,78,77
050,12,047,"Florida","Hamilton County",3,50,160,84,76
050,12,047,"Florida","Hamilton County",3,51,162,85,77
050,12,047,"Florida","Hamilton County",3,52,176,100,76
050,12,047,"Florida","Hamilton County",3,53,159,93,66
050,12,047,"Florida","Hamilton County",3,54,162,86,76
050,12,047,"Florida","Hamilton County",3,55,168,91,77
050,12,047,"Florida","Hamilton County",3,56,194,105,89
050,12,047,"Florida","Hamilton County",3,57,183,100,83
050,12,047,"Florida","Hamilton County",3,58,182,97,85
050,12,047,"Florida","Hamilton County",3,59,175,92,83
050,12,047,"Florida","Hamilton County",3,60,170,87,83
050,12,047,"Florida","Hamilton County",3,61,188,110,78
050,12,047,"Florida","Hamilton County",3,62,178,96,82
050,12,047,"Florida","Hamilton County",3,63,197,107,90
050,12,047,"Florida","Hamilton County",3,64,203,104,99
050,12,047,"Florida","Hamilton County",3,65,182,85,97
050,12,047,"Florida","Hamilton County",3,66,171,81,90
050,12,047,"Florida","Hamilton County",3,67,160,74,86
050,12,047,"Florida","Hamilton County",3,68,165,79,86
050,12,047,"Florida","Hamilton County",3,69,168,84,84
050,12,047,"Florida","Hamilton County",3,70,144,73,71
050,12,047,"Florida","Hamilton County",3,71,145,72,73
050,12,047,"Florida","Hamilton County",3,72,143,73,70
050,12,047,"Florida","Hamilton County",3,73,154,68,86
050,12,047,"Florida","Hamilton County",3,74,169,75,94
050,12,047,"Florida","Hamilton County",3,75,113,47,66
050,12,047,"Florida","Hamilton County",3,76,111,52,59
050,12,047,"Florida","Hamilton County",3,77,89,45,44
050,12,047,"Florida","Hamilton County",3,78,88,42,46
050,12,047,"Florida","Hamilton County",3,79,76,34,42
050,12,047,"Florida","Hamilton County",3,80,71,30,41
050,12,047,"Florida","Hamilton County",3,81,58,26,32
050,12,047,"Florida","Hamilton County",3,82,57,23,34
050,12,047,"Florida","Hamilton County",3,83,48,19,29
050,12,047,"Florida","Hamilton County",3,84,42,14,28
050,12,047,"Florida","Hamilton County",3,85,257,84,173
050,12,047,"Florida","Hamilton County",4,0,163,91,72
050,12,047,"Florida","Hamilton County",4,1,162,98,64
050,12,047,"Florida","Hamilton County",4,2,165,83,82
050,12,047,"Florida","Hamilton County",4,3,135,74,61
050,12,047,"Florida","Hamilton County",4,4,148,84,64
050,12,047,"Florida","Hamilton County",4,5,158,84,74
050,12,047,"Florida","Hamilton County",4,6,142,68,74
050,12,047,"Florida","Hamilton County",4,7,149,78,71
050,12,047,"Florida","Hamilton County",4,8,159,80,79
050,12,047,"Florida","Hamilton County",4,9,130,68,62
050,12,047,"Florida","Hamilton County",4,10,131,64,67
050,12,047,"Florida","Hamilton County",4,11,152,74,78
050,12,047,"Florida","Hamilton County",4,12,152,74,78
050,12,047,"Florida","Hamilton County",4,13,165,77,88
050,12,047,"Florida","Hamilton County",4,14,175,92,83
050,12,047,"Florida","Hamilton County",4,15,165,84,81
050,12,047,"Florida","Hamilton County",4,16,163,86,77
050,12,047,"Florida","Hamilton County",4,17,146,77,69
050,12,047,"Florida","Hamilton County",4,18,150,90,60
050,12,047,"Florida","Hamilton County",4,19,143,91,52
050,12,047,"Florida","Hamilton County",4,20,183,131,52
050,12,047,"Florida","Hamilton County",4,21,219,170,49
050,12,047,"Florida","Hamilton County",4,22,204,144,60
050,12,047,"Florida","Hamilton County",4,23,205,135,70
050,12,047,"Florida","Hamilton County",4,24,158,110,48
050,12,047,"Florida","Hamilton County",4,25,155,104,51
050,12,047,"Florida","Hamilton County",4,26,164,115,49
050,12,047,"Florida","Hamilton County",4,27,156,106,50
050,12,047,"Florida","Hamilton County",4,28,161,89,72
050,12,047,"Florida","Hamilton County",4,29,174,103,71
050,12,047,"Florida","Hamilton County",4,30,176,98,78
050,12,047,"Florida","Hamilton County",4,31,168,93,75
050,12,047,"Florida","Hamilton County",4,32,186,107,79
050,12,047,"Florida","Hamilton County",4,33,166,88,78
050,12,047,"Florida","Hamilton County",4,34,141,85,56
050,12,047,"Florida","Hamilton County",4,35,137,82,55
050,12,047,"Florida","Hamilton County",4,36,165,96,69
050,12,047,"Florida","Hamilton County",4,37,131,72,59
050,12,047,"Florida","Hamilton County",4,38,149,86,63
050,12,047,"Florida","Hamilton County",4,39,135,75,60
050,12,047,"Florida","Hamilton County",4,40,133,81,52
050,12,047,"Florida","Hamilton County",4,41,148,91,57
050,12,047,"Florida","Hamilton County",4,42,146,81,65
050,12,047,"Florida","Hamilton County",4,43,158,93,65
050,12,047,"Florida","Hamilton County",4,44,157,89,68
050,12,047,"Florida","Hamilton County",4,45,149,83,66
050,12,047,"Florida","Hamilton County",4,46,159,87,72
050,12,047,"Florida","Hamilton County",4,47,161,89,72
050,12,047,"Florida","Hamilton County",4,48,150,78,72
050,12,047,"Florida","Hamilton County",4,49,144,78,66
050,12,047,"Florida","Hamilton County",4,50,159,86,73
050,12,047,"Florida","Hamilton County",4,51,164,81,83
050,12,047,"Florida","Hamilton County",4,52,178,98,80
050,12,047,"Florida","Hamilton County",4,53,166,94,72
050,12,047,"Florida","Hamilton County",4,54,152,89,63
050,12,047,"Florida","Hamilton County",4,55,166,87,79
050,12,047,"Florida","Hamilton County",4,56,174,93,81
050,12,047,"Florida","Hamilton County",4,57,196,107,89
050,12,047,"Florida","Hamilton County",4,58,191,101,90
050,12,047,"Florida","Hamilton County",4,59,177,90,87
050,12,047,"Florida","Hamilton County",4,60,170,87,83
050,12,047,"Florida","Hamilton County",4,61,177,88,89
050,12,047,"Florida","Hamilton County",4,62,181,104,77
050,12,047,"Florida","Hamilton County",4,63,174,97,77
050,12,047,"Florida","Hamilton County",4,64,190,102,88
050,12,047,"Florida","Hamilton County",4,65,199,105,94
050,12,047,"Florida","Hamilton County",4,66,179,83,96
050,12,047,"Florida","Hamilton County",4,67,170,78,92
050,12,047,"Florida","Hamilton County",4,68,149,65,84
050,12,047,"Florida","Hamilton County",4,69,163,77,86
050,12,047,"Florida","Hamilton County",4,70,169,89,80
050,12,047,"Florida","Hamilton County",4,71,147,76,71
050,12,047,"Florida","Hamilton County",4,72,142,70,72
050,12,047,"Florida","Hamilton County",4,73,139,72,67
050,12,047,"Florida","Hamilton County",4,74,148,66,82
050,12,047,"Florida","Hamilton County",4,75,156,65,91
050,12,047,"Florida","Hamilton County",4,76,110,46,64
050,12,047,"Florida","Hamilton County",4,77,100,45,55
050,12,047,"Florida","Hamilton County",4,78,87,46,41
050,12,047,"Florida","Hamilton County",4,79,83,37,46
050,12,047,"Florida","Hamilton County",4,80,70,31,39
050,12,047,"Florida","Hamilton County",4,81,61,26,35
050,12,047,"Florida","Hamilton County",4,82,52,24,28
050,12,047,"Florida","Hamilton County",4,83,54,20,34
050,12,047,"Florida","Hamilton County",4,84,42,17,25
050,12,047,"Florida","Hamilton County",4,85,268,81,187
050,12,047,"Florida","Hamilton County",5,0,163,91,72
050,12,047,"Florida","Hamilton County",5,1,151,92,59
050,12,047,"Florida","Hamilton County",5,2,168,99,69
050,12,047,"Florida","Hamilton County",5,3,175,88,87
050,12,047,"Florida","Hamilton County",5,4,148,81,67
050,12,047,"Florida","Hamilton County",5,5,156,88,68
050,12,047,"Florida","Hamilton County",5,6,150,81,69
050,12,047,"Florida","Hamilton County",5,7,135,68,67
050,12,047,"Florida","Hamilton County",5,8,140,73,67
050,12,047,"Florida","Hamilton County",5,9,157,76,81
050,12,047,"Florida","Hamilton County",5,10,135,69,66
050,12,047,"Florida","Hamilton County",5,11,141,63,78
050,12,047,"Florida","Hamilton County",5,12,160,78,82
050,12,047,"Florida","Hamilton County",5,13,165,86,79
050,12,047,"Florida","Hamilton County",5,14,165,82,83
050,12,047,"Florida","Hamilton County",5,15,178,96,82
050,12,047,"Florida","Hamilton County",5,16,175,88,87
050,12,047,"Florida","Hamilton County",5,17,170,89,81
050,12,047,"Florida","Hamilton County",5,18,139,81,58
050,12,047,"Florida","Hamilton County",5,19,142,91,51
050,12,047,"Florida","Hamilton County",5,20,188,135,53
050,12,047,"Florida","Hamilton County",5,21,216,164,52
050,12,047,"Florida","Hamilton County",5,22,201,151,50
050,12,047,"Florida","Hamilton County",5,23,200,136,64
050,12,047,"Florida","Hamilton County",5,24,191,121,70
050,12,047,"Florida","Hamilton County",5,25,148,93,55
050,12,047,"Florida","Hamilton County",5,26,175,118,57
050,12,047,"Florida","Hamilton County",5,27,172,119,53
050,12,047,"Florida","Hamilton County",5,28,141,91,50
050,12,047,"Florida","Hamilton County",5,29,165,103,62
050,12,047,"Florida","Hamilton County",5,30,172,99,73
050,12,047,"Florida","Hamilton County",5,31,171,99,72
050,12,047,"Florida","Hamilton County",5,32,176,103,73
050,12,047,"Florida","Hamilton County",5,33,191,108,83
050,12,047,"Florida","Hamilton County",5,34,180,100,80
050,12,047,"Florida","Hamilton County",5,35,146,88,58
050,12,047,"Florida","Hamilton County",5,36,153,95,58
050,12,047,"Florida","Hamilton County",5,37,151,90,61
050,12,047,"Florida","Hamilton County",5,38,140,77,63
050,12,047,"Florida","Hamilton County",5,39,139,75,64
050,12,047,"Florida","Hamilton County",5,40,146,84,62
050,12,047,"Florida","Hamilton County",5,41,137,78,59
050,12,047,"Florida","Hamilton County",5,42,138,82,56
050,12,047,"Florida","Hamilton County",5,43,156,89,67
050,12,047,"Florida","Hamilton County",5,44,158,85,73
050,12,047,"Florida","Hamilton County",5,45,164,93,71
050,12,047,"Florida","Hamilton County",5,46,162,91,71
050,12,047,"Florida","Hamilton County",5,47,157,87,70
050,12,047,"Florida","Hamilton County",5,48,155,84,71
050,12,047,"Florida","Hamilton County",5,49,140,72,68
050,12,047,"Florida","Hamilton County",5,50,160,86,74
050,12,047,"Florida","Hamilton County",5,51,154,77,77
050,12,047,"Florida","Hamilton County",5,52,176,87,89
050,12,047,"Florida","Hamilton County",5,53,181,94,87
050,12,047,"Florida","Hamilton County",5,54,161,91,70
050,12,047,"Florida","Hamilton County",5,55,162,95,67
050,12,047,"Florida","Hamilton County",5,56,174,92,82
050,12,047,"Florida","Hamilton County",5,57,181,96,85
050,12,047,"Florida","Hamilton County",5,58,198,106,92
050,12,047,"Florida","Hamilton County",5,59,199,97,102
050,12,047,"Florida","Hamilton County",5,60,190,95,95
050,12,047,"Florida","Hamilton County",5,61,178,93,85
050,12,047,"Florida","Hamilton County",5,62,169,88,81
050,12,047,"Florida","Hamilton County",5,63,187,106,81
050,12,047,"Florida","Hamilton County",5,64,175,96,79
050,12,047,"Florida","Hamilton County",5,65,201,109,92
050,12,047,"Florida","Hamilton County",5,66,196,98,98
050,12,047,"Florida","Hamilton County",5,67,178,80,98
050,12,047,"Florida","Hamilton County",5,68,165,75,90
050,12,047,"Florida","Hamilton County",5,69,151,70,81
050,12,047,"Florida","Hamilton County",5,70,160,75,85
050,12,047,"Florida","Hamilton County",5,71,171,87,84
050,12,047,"Florida","Hamilton County",5,72,144,74,70
050,12,047,"Florida","Hamilton County",5,73,139,69,70
050,12,047,"Florida","Hamilton County",5,74,132,71,61
050,12,047,"Florida","Hamilton County",5,75,137,59,78
050,12,047,"Florida","Hamilton County",5,76,155,61,94
050,12,047,"Florida","Hamilton County",5,77,103,42,61
050,12,047,"Florida","Hamilton County",5,78,99,45,54
050,12,047,"Florida","Hamilton County",5,79,87,45,42
050,12,047,"Florida","Hamilton County",5,80,79,34,45
050,12,047,"Florida","Hamilton County",5,81,60,26,34
050,12,047,"Florida","Hamilton County",5,82,60,26,34
050,12,047,"Florida","Hamilton County",5,83,47,20,27
050,12,047,"Florida","Hamilton County",5,84,47,17,30
050,12,047,"Florida","Hamilton County",5,85,273,81,192
050,12,049,"Florida","Hardee County",1,0,292,150,142
050,12,049,"Florida","Hardee County",1,1,311,155,156
050,12,049,"Florida","Hardee County",1,2,318,164,154
050,12,049,"Florida","Hardee County",1,3,356,177,179
050,12,049,"Florida","Hardee County",1,4,359,182,177
050,12,049,"Florida","Hardee County",1,5,357,174,183
050,12,049,"Florida","Hardee County",1,6,356,185,171
050,12,049,"Florida","Hardee County",1,7,353,188,165
050,12,049,"Florida","Hardee County",1,8,368,187,181
050,12,049,"Florida","Hardee County",1,9,359,178,181
050,12,049,"Florida","Hardee County",1,10,365,200,165
050,12,049,"Florida","Hardee County",1,11,364,206,158
050,12,049,"Florida","Hardee County",1,12,410,218,192
050,12,049,"Florida","Hardee County",1,13,416,222,194
050,12,049,"Florida","Hardee County",1,14,373,183,190
050,12,049,"Florida","Hardee County",1,15,366,182,184
050,12,049,"Florida","Hardee County",1,16,377,174,203
050,12,049,"Florida","Hardee County",1,17,325,172,153
050,12,049,"Florida","Hardee County",1,18,388,245,143
050,12,049,"Florida","Hardee County",1,19,354,200,154
050,12,049,"Florida","Hardee County",1,20,309,165,144
050,12,049,"Florida","Hardee County",1,21,341,207,134
050,12,049,"Florida","Hardee County",1,22,425,258,167
050,12,049,"Florida","Hardee County",1,23,387,220,167
050,12,049,"Florida","Hardee County",1,24,348,205,143
050,12,049,"Florida","Hardee County",1,25,393,245,148
050,12,049,"Florida","Hardee County",1,26,336,210,126
050,12,049,"Florida","Hardee County",1,27,345,180,165
050,12,049,"Florida","Hardee County",1,28,442,279,163
050,12,049,"Florida","Hardee County",1,29,388,215,173
050,12,049,"Florida","Hardee County",1,30,300,159,141
050,12,049,"Florida","Hardee County",1,31,296,159,137
050,12,049,"Florida","Hardee County",1,32,306,151,155
050,12,049,"Florida","Hardee County",1,33,340,212,128
050,12,049,"Florida","Hardee County",1,34,291,166,125
050,12,049,"Florida","Hardee County",1,35,276,155,121
050,12,049,"Florida","Hardee County",1,36,289,174,115
050,12,049,"Florida","Hardee County",1,37,331,203,128
050,12,049,"Florida","Hardee County",1,38,300,166,134
050,12,049,"Florida","Hardee County",1,39,293,165,128
050,12,049,"Florida","Hardee County",1,40,292,165,127
050,12,049,"Florida","Hardee County",1,41,281,161,120
050,12,049,"Florida","Hardee County",1,42,254,124,130
050,12,049,"Florida","Hardee County",1,43,306,169,137
050,12,049,"Florida","Hardee County",1,44,282,144,138
050,12,049,"Florida","Hardee County",1,45,311,134,177
050,12,049,"Florida","Hardee County",1,46,279,139,140
050,12,049,"Florida","Hardee County",1,47,337,180,157
050,12,049,"Florida","Hardee County",1,48,333,168,165
050,12,049,"Florida","Hardee County",1,49,316,177,139
050,12,049,"Florida","Hardee County",1,50,337,202,135
050,12,049,"Florida","Hardee County",1,51,287,176,111
050,12,049,"Florida","Hardee County",1,52,283,172,111
050,12,049,"Florida","Hardee County",1,53,302,169,133
050,12,049,"Florida","Hardee County",1,54,287,148,139
050,12,049,"Florida","Hardee County",1,55,387,238,149
050,12,049,"Florida","Hardee County",1,56,291,143,148
050,12,049,"Florida","Hardee County",1,57,250,115,135
050,12,049,"Florida","Hardee County",1,58,270,132,138
050,12,049,"Florida","Hardee County",1,59,286,145,141
050,12,049,"Florida","Hardee County",1,60,294,160,134
050,12,049,"Florida","Hardee County",1,61,256,132,124
050,12,049,"Florida","Hardee County",1,62,253,112,141
050,12,049,"Florida","Hardee County",1,63,225,105,120
050,12,049,"Florida","Hardee County",1,64,229,108,121
050,12,049,"Florida","Hardee County",1,65,254,133,121
050,12,049,"Florida","Hardee County",1,66,245,126,119
050,12,049,"Florida","Hardee County",1,67,287,162,125
050,12,049,"Florida","Hardee County",1,68,252,115,137
050,12,049,"Florida","Hardee County",1,69,232,121,111
050,12,049,"Florida","Hardee County",1,70,245,127,118
050,12,049,"Florida","Hardee County",1,71,229,119,110
050,12,049,"Florida","Hardee County",1,72,210,107,103
050,12,049,"Florida","Hardee County",1,73,213,94,119
050,12,049,"Florida","Hardee County",1,74,182,91,91
050,12,049,"Florida","Hardee County",1,75,194,93,101
050,12,049,"Florida","Hardee County",1,76,172,82,90
050,12,049,"Florida","Hardee County",1,77,149,70,79
050,12,049,"Florida","Hardee County",1,78,159,79,80
050,12,049,"Florida","Hardee County",1,79,140,71,69
050,12,049,"Florida","Hardee County",1,80,125,68,57
050,12,049,"Florida","Hardee County",1,81,110,60,50
050,12,049,"Florida","Hardee County",1,82,113,59,54
050,12,049,"Florida","Hardee County",1,83,102,47,55
050,12,049,"Florida","Hardee County",1,84,107,47,60
050,12,049,"Florida","Hardee County",1,85,479,221,258
050,12,049,"Florida","Hardee County",2,0,304,148,156
050,12,049,"Florida","Hardee County",2,1,306,153,153
050,12,049,"Florida","Hardee County",2,2,317,161,156
050,12,049,"Florida","Hardee County",2,3,346,173,173
050,12,049,"Florida","Hardee County",2,4,362,183,179
050,12,049,"Florida","Hardee County",2,5,359,177,182
050,12,049,"Florida","Hardee County",2,6,354,181,173
050,12,049,"Florida","Hardee County",2,7,352,186,166
050,12,049,"Florida","Hardee County",2,8,363,185,178
050,12,049,"Florida","Hardee County",2,9,362,181,181
050,12,049,"Florida","Hardee County",2,10,363,195,168
050,12,049,"Florida","Hardee County",2,11,364,203,161
050,12,049,"Florida","Hardee County",2,12,398,215,183
050,12,049,"Florida","Hardee County",2,13,414,221,193
050,12,049,"Florida","Hardee County",2,14,381,191,190
050,12,049,"Florida","Hardee County",2,15,366,182,184
050,12,049,"Florida","Hardee County",2,16,378,175,203
050,12,049,"Florida","Hardee County",2,17,330,171,159
050,12,049,"Florida","Hardee County",2,18,384,241,143
050,12,049,"Florida","Hardee County",2,19,349,201,148
050,12,049,"Florida","Hardee County",2,20,317,169,148
050,12,049,"Florida","Hardee County",2,21,343,205,138
050,12,049,"Florida","Hardee County",2,22,425,257,168
050,12,049,"Florida","Hardee County",2,23,393,222,171
050,12,049,"Florida","Hardee County",2,24,348,204,144
050,12,049,"Florida","Hardee County",2,25,393,241,152
050,12,049,"Florida","Hardee County",2,26,341,213,128
050,12,049,"Florida","Hardee County",2,27,341,181,160
050,12,049,"Florida","Hardee County",2,28,437,278,159
050,12,049,"Florida","Hardee County",2,29,379,209,170
050,12,049,"Florida","Hardee County",2,30,311,162,149
050,12,049,"Florida","Hardee County",2,31,296,158,138
050,12,049,"Florida","Hardee County",2,32,310,153,157
050,12,049,"Florida","Hardee County",2,33,338,209,129
050,12,049,"Florida","Hardee County",2,34,291,165,126
050,12,049,"Florida","Hardee County",2,35,278,157,121
050,12,049,"Florida","Hardee County",2,36,290,173,117
050,12,049,"Florida","Hardee County",2,37,329,203,126
050,12,049,"Florida","Hardee County",2,38,306,171,135
050,12,049,"Florida","Hardee County",2,39,293,164,129
050,12,049,"Florida","Hardee County",2,40,296,167,129
050,12,049,"Florida","Hardee County",2,41,286,163,123
050,12,049,"Florida","Hardee County",2,42,253,126,127
050,12,049,"Florida","Hardee County",2,43,307,170,137
050,12,049,"Florida","Hardee County",2,44,279,142,137
050,12,049,"Florida","Hardee County",2,45,306,131,175
050,12,049,"Florida","Hardee County",2,46,280,138,142
050,12,049,"Florida","Hardee County",2,47,331,175,156
050,12,049,"Florida","Hardee County",2,48,335,171,164
050,12,049,"Florida","Hardee County",2,49,314,174,140
050,12,049,"Florida","Hardee County",2,50,339,202,137
050,12,049,"Florida","Hardee County",2,51,292,176,116
050,12,049,"Florida","Hardee County",2,52,283,173,110
050,12,049,"Florida","Hardee County",2,53,297,170,127
050,12,049,"Florida","Hardee County",2,54,283,147,136
050,12,049,"Florida","Hardee County",2,55,382,234,148
050,12,049,"Florida","Hardee County",2,56,295,147,148
050,12,049,"Florida","Hardee County",2,57,258,119,139
050,12,049,"Florida","Hardee County",2,58,265,126,139
050,12,049,"Florida","Hardee County",2,59,284,143,141
050,12,049,"Florida","Hardee County",2,60,291,156,135
050,12,049,"Florida","Hardee County",2,61,265,139,126
050,12,049,"Florida","Hardee County",2,62,247,113,134
050,12,049,"Florida","Hardee County",2,63,231,106,125
050,12,049,"Florida","Hardee County",2,64,227,106,121
050,12,049,"Florida","Hardee County",2,65,251,128,123
050,12,049,"Florida","Hardee County",2,66,247,128,119
050,12,049,"Florida","Hardee County",2,67,282,160,122
050,12,049,"Florida","Hardee County",2,68,256,118,138
050,12,049,"Florida","Hardee County",2,69,232,121,111
050,12,049,"Florida","Hardee County",2,70,241,126,115
050,12,049,"Florida","Hardee County",2,71,233,121,112
050,12,049,"Florida","Hardee County",2,72,209,106,103
050,12,049,"Florida","Hardee County",2,73,221,102,119
050,12,049,"Florida","Hardee County",2,74,179,86,93
050,12,049,"Florida","Hardee County",2,75,188,92,96
050,12,049,"Florida","Hardee County",2,76,171,82,89
050,12,049,"Florida","Hardee County",2,77,157,74,83
050,12,049,"Florida","Hardee County",2,78,152,75,77
050,12,049,"Florida","Hardee County",2,79,144,72,72
050,12,049,"Florida","Hardee County",2,80,129,68,61
050,12,049,"Florida","Hardee County",2,81,113,62,51
050,12,049,"Florida","Hardee County",2,82,111,59,52
050,12,049,"Florida","Hardee County",2,83,104,51,53
050,12,049,"Florida","Hardee County",2,84,104,47,57
050,12,049,"Florida","Hardee County",2,85,478,220,258
050,12,049,"Florida","Hardee County",3,0,346,178,168
050,12,049,"Florida","Hardee County",3,1,322,154,168
050,12,049,"Florida","Hardee County",3,2,306,157,149
050,12,049,"Florida","Hardee County",3,3,321,161,160
050,12,049,"Florida","Hardee County",3,4,334,166,168
050,12,049,"Florida","Hardee County",3,5,358,179,179
050,12,049,"Florida","Hardee County",3,6,347,169,178
050,12,049,"Florida","Hardee County",3,7,362,186,176
050,12,049,"Florida","Hardee County",3,8,352,190,162
050,12,049,"Florida","Hardee County",3,9,365,187,178
050,12,049,"Florida","Hardee County",3,10,366,188,178
050,12,049,"Florida","Hardee County",3,11,351,188,163
050,12,049,"Florida","Hardee County",3,12,366,200,166
050,12,049,"Florida","Hardee County",3,13,388,208,180
050,12,049,"Florida","Hardee County",3,14,404,215,189
050,12,049,"Florida","Hardee County",3,15,382,190,192
050,12,049,"Florida","Hardee County",3,16,370,173,197
050,12,049,"Florida","Hardee County",3,17,357,178,179
050,12,049,"Florida","Hardee County",3,18,379,234,145
050,12,049,"Florida","Hardee County",3,19,317,194,123
050,12,049,"Florida","Hardee County",3,20,323,171,152
050,12,049,"Florida","Hardee County",3,21,354,199,155
050,12,049,"Florida","Hardee County",3,22,403,246,157
050,12,049,"Florida","Hardee County",3,23,396,232,164
050,12,049,"Florida","Hardee County",3,24,341,199,142
050,12,049,"Florida","Hardee County",3,25,388,228,160
050,12,049,"Florida","Hardee County",3,26,352,224,128
050,12,049,"Florida","Hardee County",3,27,340,188,152
050,12,049,"Florida","Hardee County",3,28,402,274,128
050,12,049,"Florida","Hardee County",3,29,371,207,164
050,12,049,"Florida","Hardee County",3,30,332,169,163
050,12,049,"Florida","Hardee County",3,31,306,160,146
050,12,049,"Florida","Hardee County",3,32,328,162,166
050,12,049,"Florida","Hardee County",3,33,330,204,126
050,12,049,"Florida","Hardee County",3,34,286,161,125
050,12,049,"Florida","Hardee County",3,35,287,170,117
050,12,049,"Florida","Hardee County",3,36,310,188,122
050,12,049,"Florida","Hardee County",3,37,311,193,118
050,12,049,"Florida","Hardee County",3,38,311,183,128
050,12,049,"Florida","Hardee County",3,39,304,173,131
050,12,049,"Florida","Hardee County",3,40,282,156,126
050,12,049,"Florida","Hardee County",3,41,302,171,131
050,12,049,"Florida","Hardee County",3,42,256,137,119
050,12,049,"Florida","Hardee County",3,43,309,187,122
050,12,049,"Florida","Hardee County",3,44,277,144,133
050,12,049,"Florida","Hardee County",3,45,286,118,168
050,12,049,"Florida","Hardee County",3,46,274,129,145
050,12,049,"Florida","Hardee County",3,47,317,156,161
050,12,049,"Florida","Hardee County",3,48,320,169,151
050,12,049,"Florida","Hardee County",3,49,305,168,137
050,12,049,"Florida","Hardee County",3,50,338,199,139
050,12,049,"Florida","Hardee County",3,51,313,177,136
050,12,049,"Florida","Hardee County",3,52,287,173,114
050,12,049,"Florida","Hardee County",3,53,289,173,116
050,12,049,"Florida","Hardee County",3,54,273,148,125
050,12,049,"Florida","Hardee County",3,55,362,224,138
050,12,049,"Florida","Hardee County",3,56,300,156,144
050,12,049,"Florida","Hardee County",3,57,286,147,139
050,12,049,"Florida","Hardee County",3,58,263,116,147
050,12,049,"Florida","Hardee County",3,59,256,121,135
050,12,049,"Florida","Hardee County",3,60,275,135,140
050,12,049,"Florida","Hardee County",3,61,304,163,141
050,12,049,"Florida","Hardee County",3,62,258,139,119
050,12,049,"Florida","Hardee County",3,63,248,112,136
050,12,049,"Florida","Hardee County",3,64,229,106,123
050,12,049,"Florida","Hardee County",3,65,227,104,123
050,12,049,"Florida","Hardee County",3,66,243,121,122
050,12,049,"Florida","Hardee County",3,67,282,165,117
050,12,049,"Florida","Hardee County",3,68,277,126,151
050,12,049,"Florida","Hardee County",3,69,224,118,106
050,12,049,"Florida","Hardee County",3,70,221,113,108
050,12,049,"Florida","Hardee County",3,71,244,127,117
050,12,049,"Florida","Hardee County",3,72,223,112,111
050,12,049,"Florida","Hardee County",3,73,211,105,106
050,12,049,"Florida","Hardee County",3,74,213,97,116
050,12,049,"Florida","Hardee County",3,75,168,83,85
050,12,049,"Florida","Hardee County",3,76,179,89,90
050,12,049,"Florida","Hardee County",3,77,167,78,89
050,12,049,"Florida","Hardee County",3,78,149,73,76
050,12,049,"Florida","Hardee County",3,79,145,70,75
050,12,049,"Florida","Hardee County",3,80,139,73,66
050,12,049,"Florida","Hardee County",3,81,123,66,57
050,12,049,"Florida","Hardee County",3,82,105,58,47
050,12,049,"Florida","Hardee County",3,83,102,53,49
050,12,049,"Florida","Hardee County",3,84,96,47,49
050,12,049,"Florida","Hardee County",3,85,507,232,275
050,12,049,"Florida","Hardee County",4,0,349,178,171
050,12,049,"Florida","Hardee County",4,1,344,177,167
050,12,049,"Florida","Hardee County",4,2,338,161,177
050,12,049,"Florida","Hardee County",4,3,326,163,163
050,12,049,"Florida","Hardee County",4,4,320,162,158
050,12,049,"Florida","Hardee County",4,5,345,176,169
050,12,049,"Florida","Hardee County",4,6,357,181,176
050,12,049,"Florida","Hardee County",4,7,352,180,172
050,12,049,"Florida","Hardee County",4,8,362,192,170
050,12,049,"Florida","Hardee County",4,9,350,192,158
050,12,049,"Florida","Hardee County",4,10,379,197,182
050,12,049,"Florida","Hardee County",4,11,364,188,176
050,12,049,"Florida","Hardee County",4,12,356,193,163
050,12,049,"Florida","Hardee County",4,13,368,211,157
050,12,049,"Florida","Hardee County",4,14,393,209,184
050,12,049,"Florida","Hardee County",4,15,403,214,189
050,12,049,"Florida","Hardee County",4,16,395,192,203
050,12,049,"Florida","Hardee County",4,17,360,179,181
050,12,049,"Florida","Hardee County",4,18,405,245,160
050,12,049,"Florida","Hardee County",4,19,323,196,127
050,12,049,"Florida","Hardee County",4,20,302,173,129
050,12,049,"Florida","Hardee County",4,21,379,220,159
050,12,049,"Florida","Hardee County",4,22,436,251,185
050,12,049,"Florida","Hardee County",4,23,391,231,160
050,12,049,"Florida","Hardee County",4,24,365,214,151
050,12,049,"Florida","Hardee County",4,25,398,230,168
050,12,049,"Florida","Hardee County",4,26,347,217,130
050,12,049,"Florida","Hardee County",4,27,349,192,157
050,12,049,"Florida","Hardee County",4,28,422,290,132
050,12,049,"Florida","Hardee County",4,29,343,212,131
050,12,049,"Florida","Hardee County",4,30,333,160,173
050,12,049,"Florida","Hardee County",4,31,332,165,167
050,12,049,"Florida","Hardee County",4,32,334,161,173
050,12,049,"Florida","Hardee County",4,33,364,215,149
050,12,049,"Florida","Hardee County",4,34,274,148,126
050,12,049,"Florida","Hardee County",4,35,285,156,129
050,12,049,"Florida","Hardee County",4,36,329,193,136
050,12,049,"Florida","Hardee County",4,37,352,222,130
050,12,049,"Florida","Hardee County",4,38,295,182,113
050,12,049,"Florida","Hardee County",4,39,303,177,126
050,12,049,"Florida","Hardee County",4,40,317,178,139
050,12,049,"Florida","Hardee County",4,41,292,160,132
050,12,049,"Florida","Hardee County",4,42,262,132,130
050,12,049,"Florida","Hardee County",4,43,320,191,129
050,12,049,"Florida","Hardee County",4,44,272,155,117
050,12,049,"Florida","Hardee County",4,45,287,123,164
050,12,049,"Florida","Hardee County",4,46,252,114,138
050,12,049,"Florida","Hardee County",4,47,324,149,175
050,12,049,"Florida","Hardee County",4,48,324,164,160
050,12,049,"Florida","Hardee County",4,49,299,171,128
050,12,049,"Florida","Hardee County",4,50,337,196,141
050,12,049,"Florida","Hardee County",4,51,304,170,134
050,12,049,"Florida","Hardee County",4,52,304,173,131
050,12,049,"Florida","Hardee County",4,53,290,173,117
050,12,049,"Florida","Hardee County",4,54,267,147,120
050,12,049,"Florida","Hardee County",4,55,339,217,122
050,12,049,"Florida","Hardee County",4,56,280,146,134
050,12,049,"Florida","Hardee County",4,57,297,151,146
050,12,049,"Florida","Hardee County",4,58,281,141,140
050,12,049,"Florida","Hardee County",4,59,257,114,143
050,12,049,"Florida","Hardee County",4,60,260,122,138
050,12,049,"Florida","Hardee County",4,61,275,135,140
050,12,049,"Florida","Hardee County",4,62,296,159,137
050,12,049,"Florida","Hardee County",4,63,238,125,113
050,12,049,"Florida","Hardee County",4,64,251,118,133
050,12,049,"Florida","Hardee County",4,65,222,99,123
050,12,049,"Florida","Hardee County",4,66,227,107,120
050,12,049,"Florida","Hardee County",4,67,268,152,116
050,12,049,"Florida","Hardee County",4,68,292,142,150
050,12,049,"Florida","Hardee County",4,69,253,124,129
050,12,049,"Florida","Hardee County",4,70,226,123,103
050,12,049,"Florida","Hardee County",4,71,213,105,108
050,12,049,"Florida","Hardee County",4,72,240,124,116
050,12,049,"Florida","Hardee County",4,73,223,114,109
050,12,049,"Florida","Hardee County",4,74,205,104,101
050,12,049,"Florida","Hardee County",4,75,206,93,113
050,12,049,"Florida","Hardee County",4,76,159,80,79
050,12,049,"Florida","Hardee County",4,77,167,76,91
050,12,049,"Florida","Hardee County",4,78,159,77,82
050,12,049,"Florida","Hardee County",4,79,150,73,77
050,12,049,"Florida","Hardee County",4,80,142,67,75
050,12,049,"Florida","Hardee County",4,81,129,67,62
050,12,049,"Florida","Hardee County",4,82,106,54,52
050,12,049,"Florida","Hardee County",4,83,94,52,42
050,12,049,"Florida","Hardee County",4,84,98,51,47
050,12,049,"Florida","Hardee County",4,85,525,250,275
050,12,049,"Florida","Hardee County",5,0,355,180,175
050,12,049,"Florida","Hardee County",5,1,331,170,161
050,12,049,"Florida","Hardee County",5,2,354,187,167
050,12,049,"Florida","Hardee County",5,3,323,157,166
050,12,049,"Florida","Hardee County",5,4,327,160,167
050,12,049,"Florida","Hardee County",5,5,316,158,158
050,12,049,"Florida","Hardee County",5,6,343,174,169
050,12,049,"Florida","Hardee County",5,7,359,177,182
050,12,049,"Florida","Hardee County",5,8,366,184,182
050,12,049,"Florida","Hardee County",5,9,372,190,182
050,12,049,"Florida","Hardee County",5,10,352,186,166
050,12,049,"Florida","Hardee County",5,11,378,193,185
050,12,049,"Florida","Hardee County",5,12,368,192,176
050,12,049,"Florida","Hardee County",5,13,346,187,159
050,12,049,"Florida","Hardee County",5,14,377,212,165
050,12,049,"Florida","Hardee County",5,15,392,212,180
050,12,049,"Florida","Hardee County",5,16,433,215,218
050,12,049,"Florida","Hardee County",5,17,373,183,190
050,12,049,"Florida","Hardee County",5,18,405,247,158
050,12,049,"Florida","Hardee County",5,19,347,200,147
050,12,049,"Florida","Hardee County",5,20,305,170,135
050,12,049,"Florida","Hardee County",5,21,347,217,130
050,12,049,"Florida","Hardee County",5,22,455,264,191
050,12,049,"Florida","Hardee County",5,23,412,219,193
050,12,049,"Florida","Hardee County",5,24,336,204,132
050,12,049,"Florida","Hardee County",5,25,433,244,189
050,12,049,"Florida","Hardee County",5,26,347,201,146
050,12,049,"Florida","Hardee County",5,27,346,184,162
050,12,049,"Florida","Hardee County",5,28,414,286,128
050,12,049,"Florida","Hardee County",5,29,357,221,136
050,12,049,"Florida","Hardee County",5,30,293,161,132
050,12,049,"Florida","Hardee County",5,31,323,163,160
050,12,049,"Florida","Hardee County",5,32,352,163,189
050,12,049,"Florida","Hardee County",5,33,360,216,144
050,12,049,"Florida","Hardee County",5,34,309,161,148
050,12,049,"Florida","Hardee County",5,35,279,144,135
050,12,049,"Florida","Hardee County",5,36,323,186,137
050,12,049,"Florida","Hardee County",5,37,357,220,137
050,12,049,"Florida","Hardee County",5,38,340,208,132
050,12,049,"Florida","Hardee County",5,39,291,173,118
050,12,049,"Florida","Hardee County",5,40,304,183,121
050,12,049,"Florida","Hardee County",5,41,310,177,133
050,12,049,"Florida","Hardee County",5,42,256,124,132
050,12,049,"Florida","Hardee County",5,43,334,194,140
050,12,049,"Florida","Hardee County",5,44,295,161,134
050,12,049,"Florida","Hardee County",5,45,278,128,150
050,12,049,"Florida","Hardee County",5,46,250,124,126
050,12,049,"Florida","Hardee County",5,47,303,145,158
050,12,049,"Florida","Hardee County",5,48,323,151,172
050,12,049,"Florida","Hardee County",5,49,281,150,131
050,12,049,"Florida","Hardee County",5,50,326,198,128
050,12,049,"Florida","Hardee County",5,51,317,169,148
050,12,049,"Florida","Hardee County",5,52,299,169,130
050,12,049,"Florida","Hardee County",5,53,307,179,128
050,12,049,"Florida","Hardee County",5,54,266,152,114
050,12,049,"Florida","Hardee County",5,55,348,222,126
050,12,049,"Florida","Hardee County",5,56,258,137,121
050,12,049,"Florida","Hardee County",5,57,281,147,134
050,12,049,"Florida","Hardee County",5,58,302,157,145
050,12,049,"Florida","Hardee County",5,59,278,137,141
050,12,049,"Florida","Hardee County",5,60,258,113,145
050,12,049,"Florida","Hardee County",5,61,271,126,145
050,12,049,"Florida","Hardee County",5,62,275,134,141
050,12,049,"Florida","Hardee County",5,63,292,154,138
050,12,049,"Florida","Hardee County",5,64,242,126,116
050,12,049,"Florida","Hardee County",5,65,234,112,122
050,12,049,"Florida","Hardee County",5,66,221,100,121
050,12,049,"Florida","Hardee County",5,67,253,136,117
050,12,049,"Florida","Hardee County",5,68,267,124,143
050,12,049,"Florida","Hardee County",5,69,260,143,117
050,12,049,"Florida","Hardee County",5,70,245,119,126
050,12,049,"Florida","Hardee County",5,71,228,120,108
050,12,049,"Florida","Hardee County",5,72,199,98,101
050,12,049,"Florida","Hardee County",5,73,243,125,118
050,12,049,"Florida","Hardee County",5,74,218,113,105
050,12,049,"Florida","Hardee County",5,75,192,98,94
050,12,049,"Florida","Hardee County",5,76,197,93,104
050,12,049,"Florida","Hardee County",5,77,140,65,75
050,12,049,"Florida","Hardee County",5,78,155,70,85
050,12,049,"Florida","Hardee County",5,79,152,71,81
050,12,049,"Florida","Hardee County",5,80,136,64,72
050,12,049,"Florida","Hardee County",5,81,134,63,71
050,12,049,"Florida","Hardee County",5,82,116,60,56
050,12,049,"Florida","Hardee County",5,83,97,51,46
050,12,049,"Florida","Hardee County",5,84,84,45,39
050,12,049,"Florida","Hardee County",5,85,539,262,277
050,12,051,"Florida","Hendry County",1,0,526,274,252
050,12,051,"Florida","Hendry County",1,1,545,293,252
050,12,051,"Florida","Hendry County",1,2,528,283,245
050,12,051,"Florida","Hendry County",1,3,529,269,260
050,12,051,"Florida","Hendry County",1,4,572,305,267
050,12,051,"Florida","Hendry County",1,5,564,307,257
050,12,051,"Florida","Hendry County",1,6,545,296,249
050,12,051,"Florida","Hendry County",1,7,543,311,232
050,12,051,"Florida","Hendry County",1,8,552,289,263
050,12,051,"Florida","Hendry County",1,9,575,310,265
050,12,051,"Florida","Hendry County",1,10,580,300,280
050,12,051,"Florida","Hendry County",1,11,600,316,284
050,12,051,"Florida","Hendry County",1,12,629,312,317
050,12,051,"Florida","Hendry County",1,13,633,306,327
050,12,051,"Florida","Hendry County",1,14,621,299,322
050,12,051,"Florida","Hendry County",1,15,583,295,288
050,12,051,"Florida","Hendry County",1,16,553,288,265
050,12,051,"Florida","Hendry County",1,17,548,284,264
050,12,051,"Florida","Hendry County",1,18,534,301,233
050,12,051,"Florida","Hendry County",1,19,527,305,222
050,12,051,"Florida","Hendry County",1,20,545,341,204
050,12,051,"Florida","Hendry County",1,21,523,325,198
050,12,051,"Florida","Hendry County",1,22,565,353,212
050,12,051,"Florida","Hendry County",1,23,539,330,209
050,12,051,"Florida","Hendry County",1,24,498,301,197
050,12,051,"Florida","Hendry County",1,25,624,412,212
050,12,051,"Florida","Hendry County",1,26,571,336,235
050,12,051,"Florida","Hendry County",1,27,541,322,219
050,12,051,"Florida","Hendry County",1,28,623,389,234
050,12,051,"Florida","Hendry County",1,29,636,389,247
050,12,051,"Florida","Hendry County",1,30,638,381,257
050,12,051,"Florida","Hendry County",1,31,616,357,259
050,12,051,"Florida","Hendry County",1,32,544,307,237
050,12,051,"Florida","Hendry County",1,33,557,346,211
050,12,051,"Florida","Hendry County",1,34,519,304,215
050,12,051,"Florida","Hendry County",1,35,561,340,221
050,12,051,"Florida","Hendry County",1,36,594,387,207
050,12,051,"Florida","Hendry County",1,37,556,331,225
050,12,051,"Florida","Hendry County",1,38,520,278,242
050,12,051,"Florida","Hendry County",1,39,530,288,242
050,12,051,"Florida","Hendry County",1,40,555,328,227
050,12,051,"Florida","Hendry County",1,41,514,288,226
050,12,051,"Florida","Hendry County",1,42,520,310,210
050,12,051,"Florida","Hendry County",1,43,479,276,203
050,12,051,"Florida","Hendry County",1,44,461,251,210
050,12,051,"Florida","Hendry County",1,45,462,250,212
050,12,051,"Florida","Hendry County",1,46,459,251,208
050,12,051,"Florida","Hendry County",1,47,457,224,233
050,12,051,"Florida","Hendry County",1,48,513,284,229
050,12,051,"Florida","Hendry County",1,49,517,287,230
050,12,051,"Florida","Hendry County",1,50,463,241,222
050,12,051,"Florida","Hendry County",1,51,457,241,216
050,12,051,"Florida","Hendry County",1,52,466,246,220
050,12,051,"Florida","Hendry County",1,53,500,267,233
050,12,051,"Florida","Hendry County",1,54,504,258,246
050,12,051,"Florida","Hendry County",1,55,524,305,219
050,12,051,"Florida","Hendry County",1,56,532,287,245
050,12,051,"Florida","Hendry County",1,57,485,249,236
050,12,051,"Florida","Hendry County",1,58,453,229,224
050,12,051,"Florida","Hendry County",1,59,440,227,213
050,12,051,"Florida","Hendry County",1,60,423,226,197
050,12,051,"Florida","Hendry County",1,61,384,179,205
050,12,051,"Florida","Hendry County",1,62,417,207,210
050,12,051,"Florida","Hendry County",1,63,370,181,189
050,12,051,"Florida","Hendry County",1,64,388,194,194
050,12,051,"Florida","Hendry County",1,65,384,200,184
050,12,051,"Florida","Hendry County",1,66,344,182,162
050,12,051,"Florida","Hendry County",1,67,319,172,147
050,12,051,"Florida","Hendry County",1,68,304,146,158
050,12,051,"Florida","Hendry County",1,69,277,135,142
050,12,051,"Florida","Hendry County",1,70,281,140,141
050,12,051,"Florida","Hendry County",1,71,269,138,131
050,12,051,"Florida","Hendry County",1,72,292,164,128
050,12,051,"Florida","Hendry County",1,73,291,151,140
050,12,051,"Florida","Hendry County",1,74,237,108,129
050,12,051,"Florida","Hendry County",1,75,242,122,120
050,12,051,"Florida","Hendry County",1,76,243,133,110
050,12,051,"Florida","Hendry County",1,77,215,99,116
050,12,051,"Florida","Hendry County",1,78,179,87,92
050,12,051,"Florida","Hendry County",1,79,163,79,84
050,12,051,"Florida","Hendry County",1,80,153,75,78
050,12,051,"Florida","Hendry County",1,81,152,71,81
050,12,051,"Florida","Hendry County",1,82,128,62,66
050,12,051,"Florida","Hendry County",1,83,106,56,50
050,12,051,"Florida","Hendry County",1,84,95,53,42
050,12,051,"Florida","Hendry County",1,85,617,258,359
050,12,051,"Florida","Hendry County",2,0,517,269,248
050,12,051,"Florida","Hendry County",2,1,545,290,255
050,12,051,"Florida","Hendry County",2,2,536,284,252
050,12,051,"Florida","Hendry County",2,3,530,272,258
050,12,051,"Florida","Hendry County",2,4,561,296,265
050,12,051,"Florida","Hendry County",2,5,567,308,259
050,12,051,"Florida","Hendry County",2,6,550,300,250
050,12,051,"Florida","Hendry County",2,7,546,307,239
050,12,051,"Florida","Hendry County",2,8,552,296,256
050,12,051,"Florida","Hendry County",2,9,570,305,265
050,12,051,"Florida","Hendry County",2,10,580,305,275
050,12,051,"Florida","Hendry County",2,11,594,312,282
050,12,051,"Florida","Hendry County",2,12,626,315,311
050,12,051,"Florida","Hendry County",2,13,637,311,326
050,12,051,"Florida","Hendry County",2,14,624,301,323
050,12,051,"Florida","Hendry County",2,15,591,295,296
050,12,051,"Florida","Hendry County",2,16,563,290,273
050,12,051,"Florida","Hendry County",2,17,544,282,262
050,12,051,"Florida","Hendry County",2,18,532,299,233
050,12,051,"Florida","Hendry County",2,19,524,303,221
050,12,051,"Florida","Hendry County",2,20,557,345,212
050,12,051,"Florida","Hendry County",2,21,525,325,200
050,12,051,"Florida","Hendry County",2,22,560,350,210
050,12,051,"Florida","Hendry County",2,23,547,335,212
050,12,051,"Florida","Hendry County",2,24,502,301,201
050,12,051,"Florida","Hendry County",2,25,618,406,212
050,12,051,"Florida","Hendry County",2,26,568,336,232
050,12,051,"Florida","Hendry County",2,27,548,325,223
050,12,051,"Florida","Hendry County",2,28,614,381,233
050,12,051,"Florida","Hendry County",2,29,628,382,246
050,12,051,"Florida","Hendry County",2,30,646,388,258
050,12,051,"Florida","Hendry County",2,31,615,358,257
050,12,051,"Florida","Hendry County",2,32,559,317,242
050,12,051,"Florida","Hendry County",2,33,552,334,218
050,12,051,"Florida","Hendry County",2,34,519,302,217
050,12,051,"Florida","Hendry County",2,35,557,335,222
050,12,051,"Florida","Hendry County",2,36,597,386,211
050,12,051,"Florida","Hendry County",2,37,560,339,221
050,12,051,"Florida","Hendry County",2,38,520,281,239
050,12,051,"Florida","Hendry County",2,39,529,288,241
050,12,051,"Florida","Hendry County",2,40,568,333,235
050,12,051,"Florida","Hendry County",2,41,516,290,226
050,12,051,"Florida","Hendry County",2,42,517,301,216
050,12,051,"Florida","Hendry County",2,43,487,283,204
050,12,051,"Florida","Hendry County",2,44,469,259,210
050,12,051,"Florida","Hendry County",2,45,464,251,213
050,12,051,"Florida","Hendry County",2,46,461,251,210
050,12,051,"Florida","Hendry County",2,47,453,225,228
050,12,051,"Florida","Hendry County",2,48,509,276,233
050,12,051,"Florida","Hendry County",2,49,521,287,234
050,12,051,"Florida","Hendry County",2,50,479,254,225
050,12,051,"Florida","Hendry County",2,51,451,236,215
050,12,051,"Florida","Hendry County",2,52,465,244,221
050,12,051,"Florida","Hendry County",2,53,494,263,231
050,12,051,"Florida","Hendry County",2,54,502,258,244
050,12,051,"Florida","Hendry County",2,55,525,298,227
050,12,051,"Florida","Hendry County",2,56,526,290,236
050,12,051,"Florida","Hendry County",2,57,496,256,240
050,12,051,"Florida","Hendry County",2,58,460,232,228
050,12,051,"Florida","Hendry County",2,59,443,227,216
050,12,051,"Florida","Hendry County",2,60,425,224,201
050,12,051,"Florida","Hendry County",2,61,392,192,200
050,12,051,"Florida","Hendry County",2,62,408,200,208
050,12,051,"Florida","Hendry County",2,63,387,190,197
050,12,051,"Florida","Hendry County",2,64,377,189,188
050,12,051,"Florida","Hendry County",2,65,384,200,184
050,12,051,"Florida","Hendry County",2,66,353,186,167
050,12,051,"Florida","Hendry County",2,67,324,173,151
050,12,051,"Florida","Hendry County",2,68,306,151,155
050,12,051,"Florida","Hendry County",2,69,283,138,145
050,12,051,"Florida","Hendry County",2,70,280,138,142
050,12,051,"Florida","Hendry County",2,71,269,136,133
050,12,051,"Florida","Hendry County",2,72,285,158,127
050,12,051,"Florida","Hendry County",2,73,297,156,141
050,12,051,"Florida","Hendry County",2,74,237,112,125
050,12,051,"Florida","Hendry County",2,75,237,115,122
050,12,051,"Florida","Hendry County",2,76,238,127,111
050,12,051,"Florida","Hendry County",2,77,222,106,116
050,12,051,"Florida","Hendry County",2,78,184,88,96
050,12,051,"Florida","Hendry County",2,79,168,83,85
050,12,051,"Florida","Hendry County",2,80,156,78,78
050,12,051,"Florida","Hendry County",2,81,151,71,80
050,12,051,"Florida","Hendry County",2,82,129,61,68
050,12,051,"Florida","Hendry County",2,83,109,57,52
050,12,051,"Florida","Hendry County",2,84,95,53,42
050,12,051,"Florida","Hendry County",2,85,611,263,348
050,12,051,"Florida","Hendry County",3,0,501,261,240
050,12,051,"Florida","Hendry County",3,1,527,275,252
050,12,051,"Florida","Hendry County",3,2,553,297,256
050,12,051,"Florida","Hendry County",3,3,555,288,267
050,12,051,"Florida","Hendry County",3,4,519,271,248
050,12,051,"Florida","Hendry County",3,5,567,306,261
050,12,051,"Florida","Hendry County",3,6,571,301,270
050,12,051,"Florida","Hendry County",3,7,554,304,250
050,12,051,"Florida","Hendry County",3,8,546,302,244
050,12,051,"Florida","Hendry County",3,9,542,294,248
050,12,051,"Florida","Hendry County",3,10,573,302,271
050,12,051,"Florida","Hendry County",3,11,580,292,288
050,12,051,"Florida","Hendry County",3,12,588,307,281
050,12,051,"Florida","Hendry County",3,13,633,320,313
050,12,051,"Florida","Hendry County",3,14,654,315,339
050,12,051,"Florida","Hendry County",3,15,633,296,337
050,12,051,"Florida","Hendry County",3,16,609,311,298
050,12,051,"Florida","Hendry County",3,17,538,277,261
050,12,051,"Florida","Hendry County",3,18,532,283,249
050,12,051,"Florida","Hendry County",3,19,511,296,215
050,12,051,"Florida","Hendry County",3,20,564,334,230
050,12,051,"Florida","Hendry County",3,21,522,320,202
050,12,051,"Florida","Hendry County",3,22,539,331,208
050,12,051,"Florida","Hendry County",3,23,582,343,239
050,12,051,"Florida","Hendry County",3,24,533,321,212
050,12,051,"Florida","Hendry County",3,25,613,409,204
050,12,051,"Florida","Hendry County",3,26,566,348,218
050,12,051,"Florida","Hendry County",3,27,602,355,247
050,12,051,"Florida","Hendry County",3,28,589,367,222
050,12,051,"Florida","Hendry County",3,29,586,354,232
050,12,051,"Florida","Hendry County",3,30,650,405,245
050,12,051,"Florida","Hendry County",3,31,626,383,243
050,12,051,"Florida","Hendry County",3,32,599,347,252
050,12,051,"Florida","Hendry County",3,33,557,319,238
050,12,051,"Florida","Hendry County",3,34,507,279,228
050,12,051,"Florida","Hendry County",3,35,518,306,212
050,12,051,"Florida","Hendry County",3,36,625,406,219
050,12,051,"Florida","Hendry County",3,37,586,366,220
050,12,051,"Florida","Hendry County",3,38,523,299,224
050,12,051,"Florida","Hendry County",3,39,539,300,239
050,12,051,"Florida","Hendry County",3,40,585,342,243
050,12,051,"Florida","Hendry County",3,41,538,299,239
050,12,051,"Florida","Hendry County",3,42,525,290,235
050,12,051,"Florida","Hendry County",3,43,504,291,213
050,12,051,"Florida","Hendry County",3,44,490,283,207
050,12,051,"Florida","Hendry County",3,45,474,256,218
050,12,051,"Florida","Hendry County",3,46,475,260,215
050,12,051,"Florida","Hendry County",3,47,438,229,209
050,12,051,"Florida","Hendry County",3,48,480,243,237
050,12,051,"Florida","Hendry County",3,49,511,277,234
050,12,051,"Florida","Hendry County",3,50,530,292,238
050,12,051,"Florida","Hendry County",3,51,469,251,218
050,12,051,"Florida","Hendry County",3,52,465,241,224
050,12,051,"Florida","Hendry County",3,53,470,256,214
050,12,051,"Florida","Hendry County",3,54,496,255,241
050,12,051,"Florida","Hendry County",3,55,533,274,259
050,12,051,"Florida","Hendry County",3,56,534,306,228
050,12,051,"Florida","Hendry County",3,57,529,287,242
050,12,051,"Florida","Hendry County",3,58,504,261,243
050,12,051,"Florida","Hendry County",3,59,461,230,231
050,12,051,"Florida","Hendry County",3,60,446,230,216
050,12,051,"Florida","Hendry County",3,61,420,228,192
050,12,051,"Florida","Hendry County",3,62,397,207,190
050,12,051,"Florida","Hendry County",3,63,413,197,216
050,12,051,"Florida","Hendry County",3,64,397,206,191
050,12,051,"Florida","Hendry County",3,65,359,188,171
050,12,051,"Florida","Hendry County",3,66,376,192,184
050,12,051,"Florida","Hendry County",3,67,339,174,165
050,12,051,"Florida","Hendry County",3,68,326,173,153
050,12,051,"Florida","Hendry County",3,69,298,148,150
050,12,051,"Florida","Hendry County",3,70,274,136,138
050,12,051,"Florida","Hendry County",3,71,287,141,146
050,12,051,"Florida","Hendry County",3,72,267,140,127
050,12,051,"Florida","Hendry County",3,73,265,145,120
050,12,051,"Florida","Hendry County",3,74,290,156,134
050,12,051,"Florida","Hendry County",3,75,228,104,124
050,12,051,"Florida","Hendry County",3,76,225,105,120
050,12,051,"Florida","Hendry County",3,77,212,110,102
050,12,051,"Florida","Hendry County",3,78,212,102,110
050,12,051,"Florida","Hendry County",3,79,183,86,97
050,12,051,"Florida","Hendry County",3,80,154,80,74
050,12,051,"Florida","Hendry County",3,81,154,66,88
050,12,051,"Florida","Hendry County",3,82,128,62,66
050,12,051,"Florida","Hendry County",3,83,114,49,65
050,12,051,"Florida","Hendry County",3,84,96,49,47
050,12,051,"Florida","Hendry County",3,85,632,286,346
050,12,051,"Florida","Hendry County",4,0,547,279,268
050,12,051,"Florida","Hendry County",4,1,521,281,240
050,12,051,"Florida","Hendry County",4,2,547,285,262
050,12,051,"Florida","Hendry County",4,3,561,297,264
050,12,051,"Florida","Hendry County",4,4,555,292,263
050,12,051,"Florida","Hendry County",4,5,544,283,261
050,12,051,"Florida","Hendry County",4,6,548,294,254
050,12,051,"Florida","Hendry County",4,7,583,298,285
050,12,051,"Florida","Hendry County",4,8,573,300,273
050,12,051,"Florida","Hendry County",4,9,577,314,263
050,12,051,"Florida","Hendry County",4,10,564,312,252
050,12,051,"Florida","Hendry County",4,11,618,328,290
050,12,051,"Florida","Hendry County",4,12,590,295,295
050,12,051,"Florida","Hendry County",4,13,581,303,278
050,12,051,"Florida","Hendry County",4,14,625,320,305
050,12,051,"Florida","Hendry County",4,15,668,319,349
050,12,051,"Florida","Hendry County",4,16,647,315,332
050,12,051,"Florida","Hendry County",4,17,607,314,293
050,12,051,"Florida","Hendry County",4,18,528,284,244
050,12,051,"Florida","Hendry County",4,19,530,292,238
050,12,051,"Florida","Hendry County",4,20,593,363,230
050,12,051,"Florida","Hendry County",4,21,553,331,222
050,12,051,"Florida","Hendry County",4,22,558,345,213
050,12,051,"Florida","Hendry County",4,23,544,338,206
050,12,051,"Florida","Hendry County",4,24,581,339,242
050,12,051,"Florida","Hendry County",4,25,653,424,229
050,12,051,"Florida","Hendry County",4,26,553,334,219
050,12,051,"Florida","Hendry County",4,27,581,356,225
050,12,051,"Florida","Hendry County",4,28,677,408,269
050,12,051,"Florida","Hendry County",4,29,596,360,236
050,12,051,"Florida","Hendry County",4,30,623,395,228
050,12,051,"Florida","Hendry County",4,31,644,399,245
050,12,051,"Florida","Hendry County",4,32,620,365,255
050,12,051,"Florida","Hendry County",4,33,599,353,246
050,12,051,"Florida","Hendry County",4,34,522,276,246
050,12,051,"Florida","Hendry County",4,35,540,299,241
050,12,051,"Florida","Hendry County",4,36,592,370,222
050,12,051,"Florida","Hendry County",4,37,636,394,242
050,12,051,"Florida","Hendry County",4,38,549,330,219
050,12,051,"Florida","Hendry County",4,39,556,328,228
050,12,051,"Florida","Hendry County",4,40,604,357,247
050,12,051,"Florida","Hendry County",4,41,554,303,251
050,12,051,"Florida","Hendry County",4,42,557,301,256
050,12,051,"Florida","Hendry County",4,43,516,290,226
050,12,051,"Florida","Hendry County",4,44,511,295,216
050,12,051,"Florida","Hendry County",4,45,509,293,216
050,12,051,"Florida","Hendry County",4,46,487,262,225
050,12,051,"Florida","Hendry County",4,47,483,251,232
050,12,051,"Florida","Hendry County",4,48,464,257,207
050,12,051,"Florida","Hendry County",4,49,497,244,253
050,12,051,"Florida","Hendry County",4,50,522,284,238
050,12,051,"Florida","Hendry County",4,51,550,292,258
050,12,051,"Florida","Hendry County",4,52,494,263,231
050,12,051,"Florida","Hendry County",4,53,488,249,239
050,12,051,"Florida","Hendry County",4,54,485,268,217
050,12,051,"Florida","Hendry County",4,55,522,275,247
050,12,051,"Florida","Hendry County",4,56,534,281,253
050,12,051,"Florida","Hendry County",4,57,529,294,235
050,12,051,"Florida","Hendry County",4,58,533,288,245
050,12,051,"Florida","Hendry County",4,59,514,270,244
050,12,051,"Florida","Hendry County",4,60,461,229,232
050,12,051,"Florida","Hendry County",4,61,439,234,205
050,12,051,"Florida","Hendry County",4,62,430,238,192
050,12,051,"Florida","Hendry County",4,63,406,203,203
050,12,051,"Florida","Hendry County",4,64,424,213,211
050,12,051,"Florida","Hendry County",4,65,402,215,187
050,12,051,"Florida","Hendry County",4,66,361,173,188
050,12,051,"Florida","Hendry County",4,67,368,186,182
050,12,051,"Florida","Hendry County",4,68,345,169,176
050,12,051,"Florida","Hendry County",4,69,322,165,157
050,12,051,"Florida","Hendry County",4,70,292,149,143
050,12,051,"Florida","Hendry County",4,71,267,128,139
050,12,051,"Florida","Hendry County",4,72,280,142,138
050,12,051,"Florida","Hendry County",4,73,253,124,129
050,12,051,"Florida","Hendry County",4,74,269,151,118
050,12,051,"Florida","Hendry County",4,75,286,151,135
050,12,051,"Florida","Hendry County",4,76,225,101,124
050,12,051,"Florida","Hendry County",4,77,210,96,114
050,12,051,"Florida","Hendry County",4,78,201,104,97
050,12,051,"Florida","Hendry County",4,79,204,98,106
050,12,051,"Florida","Hendry County",4,80,171,82,89
050,12,051,"Florida","Hendry County",4,81,147,66,81
050,12,051,"Florida","Hendry County",4,82,136,58,78
050,12,051,"Florida","Hendry County",4,83,109,54,55
050,12,051,"Florida","Hendry County",4,84,100,43,57
050,12,051,"Florida","Hendry County",4,85,646,303,343
050,12,051,"Florida","Hendry County",5,0,545,281,264
050,12,051,"Florida","Hendry County",5,1,584,302,282
050,12,051,"Florida","Hendry County",5,2,527,286,241
050,12,051,"Florida","Hendry County",5,3,574,284,290
050,12,051,"Florida","Hendry County",5,4,595,302,293
050,12,051,"Florida","Hendry County",5,5,573,304,269
050,12,051,"Florida","Hendry County",5,6,561,293,268
050,12,051,"Florida","Hendry County",5,7,602,316,286
050,12,051,"Florida","Hendry County",5,8,597,308,289
050,12,051,"Florida","Hendry County",5,9,608,314,294
050,12,051,"Florida","Hendry County",5,10,621,340,281
050,12,051,"Florida","Hendry County",5,11,603,331,272
050,12,051,"Florida","Hendry County",5,12,629,331,298
050,12,051,"Florida","Hendry County",5,13,610,308,302
050,12,051,"Florida","Hendry County",5,14,614,322,292
050,12,051,"Florida","Hendry County",5,15,660,335,325
050,12,051,"Florida","Hendry County",5,16,717,353,364
050,12,051,"Florida","Hendry County",5,17,656,307,349
050,12,051,"Florida","Hendry County",5,18,585,316,269
050,12,051,"Florida","Hendry County",5,19,532,303,229
050,12,051,"Florida","Hendry County",5,20,611,359,252
050,12,051,"Florida","Hendry County",5,21,582,349,233
050,12,051,"Florida","Hendry County",5,22,595,369,226
050,12,051,"Florida","Hendry County",5,23,611,383,228
050,12,051,"Florida","Hendry County",5,24,556,347,209
050,12,051,"Florida","Hendry County",5,25,699,445,254
050,12,051,"Florida","Hendry County",5,26,596,367,229
050,12,051,"Florida","Hendry County",5,27,589,365,224
050,12,051,"Florida","Hendry County",5,28,627,389,238
050,12,051,"Florida","Hendry County",5,29,685,406,279
050,12,051,"Florida","Hendry County",5,30,640,403,237
050,12,051,"Florida","Hendry County",5,31,660,405,255
050,12,051,"Florida","Hendry County",5,32,637,375,262
050,12,051,"Florida","Hendry County",5,33,651,375,276
050,12,051,"Florida","Hendry County",5,34,582,315,267
050,12,051,"Florida","Hendry County",5,35,561,297,264
050,12,051,"Florida","Hendry County",5,36,639,384,255
050,12,051,"Florida","Hendry County",5,37,643,387,256
050,12,051,"Florida","Hendry County",5,38,616,351,265
050,12,051,"Florida","Hendry County",5,39,592,359,233
050,12,051,"Florida","Hendry County",5,40,601,374,227
050,12,051,"Florida","Hendry County",5,41,591,323,268
050,12,051,"Florida","Hendry County",5,42,570,303,267
050,12,051,"Florida","Hendry County",5,43,564,300,264
050,12,051,"Florida","Hendry County",5,44,540,310,230
050,12,051,"Florida","Hendry County",5,45,538,311,227
050,12,051,"Florida","Hendry County",5,46,532,309,223
050,12,051,"Florida","Hendry County",5,47,476,240,236
050,12,051,"Florida","Hendry County",5,48,520,274,246
050,12,051,"Florida","Hendry County",5,49,494,255,239
050,12,051,"Florida","Hendry County",5,50,506,248,258
050,12,051,"Florida","Hendry County",5,51,528,285,243
050,12,051,"Florida","Hendry County",5,52,573,299,274
050,12,051,"Florida","Hendry County",5,53,529,279,250
050,12,051,"Florida","Hendry County",5,54,499,258,241
050,12,051,"Florida","Hendry County",5,55,510,291,219
050,12,051,"Florida","Hendry County",5,56,548,288,260
050,12,051,"Florida","Hendry County",5,57,552,295,257
050,12,051,"Florida","Hendry County",5,58,538,293,245
050,12,051,"Florida","Hendry County",5,59,554,303,251
050,12,051,"Florida","Hendry County",5,60,533,266,267
050,12,051,"Florida","Hendry County",5,61,466,245,221
050,12,051,"Florida","Hendry County",5,62,450,240,210
050,12,051,"Florida","Hendry County",5,63,447,236,211
050,12,051,"Florida","Hendry County",5,64,421,216,205
050,12,051,"Florida","Hendry County",5,65,439,224,215
050,12,051,"Florida","Hendry County",5,66,416,209,207
050,12,051,"Florida","Hendry County",5,67,365,174,191
050,12,051,"Florida","Hendry County",5,68,379,185,194
050,12,051,"Florida","Hendry County",5,69,339,162,177
050,12,051,"Florida","Hendry County",5,70,340,178,162
050,12,051,"Florida","Hendry County",5,71,303,149,154
050,12,051,"Florida","Hendry County",5,72,273,134,139
050,12,051,"Florida","Hendry County",5,73,266,137,129
050,12,051,"Florida","Hendry County",5,74,254,126,128
050,12,051,"Florida","Hendry County",5,75,267,146,121
050,12,051,"Florida","Hendry County",5,76,270,142,128
050,12,051,"Florida","Hendry County",5,77,209,87,122
050,12,051,"Florida","Hendry County",5,78,195,93,102
050,12,051,"Florida","Hendry County",5,79,202,105,97
050,12,051,"Florida","Hendry County",5,80,193,94,99
050,12,051,"Florida","Hendry County",5,81,170,69,101
050,12,051,"Florida","Hendry County",5,82,126,59,67
050,12,051,"Florida","Hendry County",5,83,121,49,72
050,12,051,"Florida","Hendry County",5,84,98,47,51
050,12,051,"Florida","Hendry County",5,85,663,309,354
050,12,053,"Florida","Hernando County",1,0,1560,801,759
050,12,053,"Florida","Hernando County",1,1,1648,836,812
050,12,053,"Florida","Hernando County",1,2,1665,854,811
050,12,053,"Florida","Hernando County",1,3,1818,932,886
050,12,053,"Florida","Hernando County",1,4,1930,982,948
050,12,053,"Florida","Hernando County",1,5,1940,980,960
050,12,053,"Florida","Hernando County",1,6,1860,934,926
050,12,053,"Florida","Hernando County",1,7,1933,1006,927
050,12,053,"Florida","Hernando County",1,8,1958,985,973
050,12,053,"Florida","Hernando County",1,9,2028,1050,978
050,12,053,"Florida","Hernando County",1,10,2146,1139,1007
050,12,053,"Florida","Hernando County",1,11,2119,1095,1024
050,12,053,"Florida","Hernando County",1,12,2195,1130,1065
050,12,053,"Florida","Hernando County",1,13,2312,1169,1143
050,12,053,"Florida","Hernando County",1,14,2273,1099,1174
050,12,053,"Florida","Hernando County",1,15,2250,1105,1145
050,12,053,"Florida","Hernando County",1,16,2169,1096,1073
050,12,053,"Florida","Hernando County",1,17,2118,1056,1062
050,12,053,"Florida","Hernando County",1,18,1925,954,971
050,12,053,"Florida","Hernando County",1,19,1620,840,780
050,12,053,"Florida","Hernando County",1,20,1778,895,883
050,12,053,"Florida","Hernando County",1,21,1792,887,905
050,12,053,"Florida","Hernando County",1,22,1813,928,885
050,12,053,"Florida","Hernando County",1,23,1867,940,927
050,12,053,"Florida","Hernando County",1,24,1931,985,946
050,12,053,"Florida","Hernando County",1,25,1896,956,940
050,12,053,"Florida","Hernando County",1,26,1943,1019,924
050,12,053,"Florida","Hernando County",1,27,2051,1049,1002
050,12,053,"Florida","Hernando County",1,28,2110,1073,1037
050,12,053,"Florida","Hernando County",1,29,2145,1057,1088
050,12,053,"Florida","Hernando County",1,30,2227,1097,1130
050,12,053,"Florida","Hernando County",1,31,2120,1073,1047
050,12,053,"Florida","Hernando County",1,32,2087,1042,1045
050,12,053,"Florida","Hernando County",1,33,2103,1029,1074
050,12,053,"Florida","Hernando County",1,34,2091,1030,1061
050,12,053,"Florida","Hernando County",1,35,1969,946,1023
050,12,053,"Florida","Hernando County",1,36,1984,961,1023
050,12,053,"Florida","Hernando County",1,37,2056,1032,1024
050,12,053,"Florida","Hernando County",1,38,2078,1014,1064
050,12,053,"Florida","Hernando County",1,39,2120,1034,1086
050,12,053,"Florida","Hernando County",1,40,2099,1037,1062
050,12,053,"Florida","Hernando County",1,41,2152,1035,1117
050,12,053,"Florida","Hernando County",1,42,2044,1000,1044
050,12,053,"Florida","Hernando County",1,43,2013,1016,997
050,12,053,"Florida","Hernando County",1,44,1998,986,1012
050,12,053,"Florida","Hernando County",1,45,2032,996,1036
050,12,053,"Florida","Hernando County",1,46,2017,981,1036
050,12,053,"Florida","Hernando County",1,47,2145,1044,1101
050,12,053,"Florida","Hernando County",1,48,2359,1126,1233
050,12,053,"Florida","Hernando County",1,49,2574,1225,1349
050,12,053,"Florida","Hernando County",1,50,2549,1248,1301
050,12,053,"Florida","Hernando County",1,51,2432,1168,1264
050,12,053,"Florida","Hernando County",1,52,2449,1184,1265
050,12,053,"Florida","Hernando County",1,53,2488,1220,1268
050,12,053,"Florida","Hernando County",1,54,2463,1143,1320
050,12,053,"Florida","Hernando County",1,55,2677,1217,1460
050,12,053,"Florida","Hernando County",1,56,2754,1323,1431
050,12,053,"Florida","Hernando County",1,57,2856,1413,1443
050,12,053,"Florida","Hernando County",1,58,2892,1367,1525
050,12,053,"Florida","Hernando County",1,59,2854,1351,1503
050,12,053,"Florida","Hernando County",1,60,2902,1374,1528
050,12,053,"Florida","Hernando County",1,61,2809,1299,1510
050,12,053,"Florida","Hernando County",1,62,2997,1394,1603
050,12,053,"Florida","Hernando County",1,63,3016,1408,1608
050,12,053,"Florida","Hernando County",1,64,3011,1401,1610
050,12,053,"Florida","Hernando County",1,65,2974,1359,1615
050,12,053,"Florida","Hernando County",1,66,2852,1301,1551
050,12,053,"Florida","Hernando County",1,67,2880,1333,1547
050,12,053,"Florida","Hernando County",1,68,2928,1365,1563
050,12,053,"Florida","Hernando County",1,69,2824,1298,1526
050,12,053,"Florida","Hernando County",1,70,2904,1389,1515
050,12,053,"Florida","Hernando County",1,71,2902,1390,1512
050,12,053,"Florida","Hernando County",1,72,3039,1454,1585
050,12,053,"Florida","Hernando County",1,73,3244,1590,1654
050,12,053,"Florida","Hernando County",1,74,2254,1074,1180
050,12,053,"Florida","Hernando County",1,75,2288,1074,1214
050,12,053,"Florida","Hernando County",1,76,2363,1092,1271
050,12,053,"Florida","Hernando County",1,77,2393,1148,1245
050,12,053,"Florida","Hernando County",1,78,2014,965,1049
050,12,053,"Florida","Hernando County",1,79,1818,899,919
050,12,053,"Florida","Hernando County",1,80,1652,797,855
050,12,053,"Florida","Hernando County",1,81,1507,721,786
050,12,053,"Florida","Hernando County",1,82,1370,624,746
050,12,053,"Florida","Hernando County",1,83,1207,572,635
050,12,053,"Florida","Hernando County",1,84,1132,519,613
050,12,053,"Florida","Hernando County",1,85,5753,2489,3264
050,12,053,"Florida","Hernando County",2,0,1579,817,762
050,12,053,"Florida","Hernando County",2,1,1652,843,809
050,12,053,"Florida","Hernando County",2,2,1680,861,819
050,12,053,"Florida","Hernando County",2,3,1790,918,872
050,12,053,"Florida","Hernando County",2,4,1930,982,948
050,12,053,"Florida","Hernando County",2,5,1954,989,965
050,12,053,"Florida","Hernando County",2,6,1905,961,944
050,12,053,"Florida","Hernando County",2,7,1935,995,940
050,12,053,"Florida","Hernando County",2,8,1962,991,971
050,12,053,"Florida","Hernando County",2,9,2028,1040,988
050,12,053,"Florida","Hernando County",2,10,2135,1129,1006
050,12,053,"Florida","Hernando County",2,11,2132,1112,1020
050,12,053,"Florida","Hernando County",2,12,2209,1138,1071
050,12,053,"Florida","Hernando County",2,13,2295,1164,1131
050,12,053,"Florida","Hernando County",2,14,2293,1121,1172
050,12,053,"Florida","Hernando County",2,15,2267,1110,1157
050,12,053,"Florida","Hernando County",2,16,2209,1109,1100
050,12,053,"Florida","Hernando County",2,17,2146,1072,1074
050,12,053,"Florida","Hernando County",2,18,1901,955,946
050,12,053,"Florida","Hernando County",2,19,1633,837,796
050,12,053,"Florida","Hernando County",2,20,1796,900,896
050,12,053,"Florida","Hernando County",2,21,1800,895,905
050,12,053,"Florida","Hernando County",2,22,1830,931,899
050,12,053,"Florida","Hernando County",2,23,1877,954,923
050,12,053,"Florida","Hernando County",2,24,1934,989,945
050,12,053,"Florida","Hernando County",2,25,1927,975,952
050,12,053,"Florida","Hernando County",2,26,1957,1017,940
050,12,053,"Florida","Hernando County",2,27,2038,1050,988
050,12,053,"Florida","Hernando County",2,28,2111,1077,1034
050,12,053,"Florida","Hernando County",2,29,2158,1071,1087
050,12,053,"Florida","Hernando County",2,30,2241,1107,1134
050,12,053,"Florida","Hernando County",2,31,2157,1090,1067
050,12,053,"Florida","Hernando County",2,32,2117,1058,1059
050,12,053,"Florida","Hernando County",2,33,2128,1050,1078
050,12,053,"Florida","Hernando County",2,34,2115,1042,1073
050,12,053,"Florida","Hernando County",2,35,2024,979,1045
050,12,053,"Florida","Hernando County",2,36,1990,966,1024
050,12,053,"Florida","Hernando County",2,37,2063,1024,1039
050,12,053,"Florida","Hernando County",2,38,2105,1032,1073
050,12,053,"Florida","Hernando County",2,39,2129,1041,1088
050,12,053,"Florida","Hernando County",2,40,2143,1057,1086
050,12,053,"Florida","Hernando County",2,41,2152,1039,1113
050,12,053,"Florida","Hernando County",2,42,2072,1013,1059
050,12,053,"Florida","Hernando County",2,43,2047,1026,1021
050,12,053,"Florida","Hernando County",2,44,2007,997,1010
050,12,053,"Florida","Hernando County",2,45,2043,1002,1041
050,12,053,"Florida","Hernando County",2,46,2026,986,1040
050,12,053,"Florida","Hernando County",2,47,2125,1034,1091
050,12,053,"Florida","Hernando County",2,48,2310,1105,1205
050,12,053,"Florida","Hernando County",2,49,2553,1216,1337
050,12,053,"Florida","Hernando County",2,50,2582,1254,1328
050,12,053,"Florida","Hernando County",2,51,2476,1193,1283
050,12,053,"Florida","Hernando County",2,52,2462,1190,1272
050,12,053,"Florida","Hernando County",2,53,2494,1214,1280
050,12,053,"Florida","Hernando County",2,54,2488,1169,1319
050,12,053,"Florida","Hernando County",2,55,2645,1205,1440
050,12,053,"Florida","Hernando County",2,56,2771,1315,1456
050,12,053,"Florida","Hernando County",2,57,2860,1401,1459
050,12,053,"Florida","Hernando County",2,58,2903,1383,1520
050,12,053,"Florida","Hernando County",2,59,2913,1377,1536
050,12,053,"Florida","Hernando County",2,60,2910,1379,1531
050,12,053,"Florida","Hernando County",2,61,2859,1330,1529
050,12,053,"Florida","Hernando County",2,62,2970,1381,1589
050,12,053,"Florida","Hernando County",2,63,3071,1435,1636
050,12,053,"Florida","Hernando County",2,64,3028,1413,1615
050,12,053,"Florida","Hernando County",2,65,2995,1375,1620
050,12,053,"Florida","Hernando County",2,66,2911,1330,1581
050,12,053,"Florida","Hernando County",2,67,2880,1333,1547
050,12,053,"Florida","Hernando County",2,68,2902,1350,1552
050,12,053,"Florida","Hernando County",2,69,2877,1323,1554
050,12,053,"Florida","Hernando County",2,70,2876,1367,1509
050,12,053,"Florida","Hernando County",2,71,2903,1388,1515
050,12,053,"Florida","Hernando County",2,72,2965,1418,1547
050,12,053,"Florida","Hernando County",2,73,3350,1635,1715
050,12,053,"Florida","Hernando County",2,74,2336,1121,1215
050,12,053,"Florida","Hernando County",2,75,2279,1066,1213
050,12,053,"Florida","Hernando County",2,76,2309,1067,1242
050,12,053,"Florida","Hernando County",2,77,2428,1164,1264
050,12,053,"Florida","Hernando County",2,78,2049,981,1068
050,12,053,"Florida","Hernando County",2,79,1838,901,937
050,12,053,"Florida","Hernando County",2,80,1675,813,862
050,12,053,"Florida","Hernando County",2,81,1505,718,787
050,12,053,"Florida","Hernando County",2,82,1388,633,755
050,12,053,"Florida","Hernando County",2,83,1222,568,654
050,12,053,"Florida","Hernando County",2,84,1134,524,610
050,12,053,"Florida","Hernando County",2,85,5760,2493,3267
050,12,053,"Florida","Hernando County",3,0,1535,756,779
050,12,053,"Florida","Hernando County",3,1,1692,877,815
050,12,053,"Florida","Hernando County",3,2,1763,911,852
050,12,053,"Florida","Hernando County",3,3,1860,967,893
050,12,053,"Florida","Hernando County",3,4,1917,976,941
050,12,053,"Florida","Hernando County",3,5,1968,982,986
050,12,053,"Florida","Hernando County",3,6,2040,1040,1000
050,12,053,"Florida","Hernando County",3,7,2062,1031,1031
050,12,053,"Florida","Hernando County",3,8,2041,1041,1000
050,12,053,"Florida","Hernando County",3,9,2067,1049,1018
050,12,053,"Florida","Hernando County",3,10,2112,1109,1003
050,12,053,"Florida","Hernando County",3,11,2236,1186,1050
050,12,053,"Florida","Hernando County",3,12,2216,1131,1085
050,12,053,"Florida","Hernando County",3,13,2325,1187,1138
050,12,053,"Florida","Hernando County",3,14,2376,1202,1174
050,12,053,"Florida","Hernando County",3,15,2374,1184,1190
050,12,053,"Florida","Hernando County",3,16,2369,1149,1220
050,12,053,"Florida","Hernando County",3,17,2256,1129,1127
050,12,053,"Florida","Hernando County",3,18,1923,987,936
050,12,053,"Florida","Hernando County",3,19,1621,823,798
050,12,053,"Florida","Hernando County",3,20,1842,912,930
050,12,053,"Florida","Hernando County",3,21,1874,935,939
050,12,053,"Florida","Hernando County",3,22,1920,966,954
050,12,053,"Florida","Hernando County",3,23,1962,1031,931
050,12,053,"Florida","Hernando County",3,24,1972,1022,950
050,12,053,"Florida","Hernando County",3,25,2036,1023,1013
050,12,053,"Florida","Hernando County",3,26,1999,1020,979
050,12,053,"Florida","Hernando County",3,27,2026,1043,983
050,12,053,"Florida","Hernando County",3,28,2156,1091,1065
050,12,053,"Florida","Hernando County",3,29,2227,1117,1110
050,12,053,"Florida","Hernando County",3,30,2243,1120,1123
050,12,053,"Florida","Hernando County",3,31,2336,1142,1194
050,12,053,"Florida","Hernando County",3,32,2282,1137,1145
050,12,053,"Florida","Hernando County",3,33,2233,1131,1102
050,12,053,"Florida","Hernando County",3,34,2190,1082,1108
050,12,053,"Florida","Hernando County",3,35,2205,1080,1125
050,12,053,"Florida","Hernando County",3,36,2133,1032,1101
050,12,053,"Florida","Hernando County",3,37,2082,1000,1082
050,12,053,"Florida","Hernando County",3,38,2175,1058,1117
050,12,053,"Florida","Hernando County",3,39,2216,1095,1121
050,12,053,"Florida","Hernando County",3,40,2196,1070,1126
050,12,053,"Florida","Hernando County",3,41,2251,1097,1154
050,12,053,"Florida","Hernando County",3,42,2261,1102,1159
050,12,053,"Florida","Hernando County",3,43,2199,1083,1116
050,12,053,"Florida","Hernando County",3,44,2142,1077,1065
050,12,053,"Florida","Hernando County",3,45,2121,1046,1075
050,12,053,"Florida","Hernando County",3,46,2149,1095,1054
050,12,053,"Florida","Hernando County",3,47,2126,1026,1100
050,12,053,"Florida","Hernando County",3,48,2217,1088,1129
050,12,053,"Florida","Hernando County",3,49,2371,1126,1245
050,12,053,"Florida","Hernando County",3,50,2587,1238,1349
050,12,053,"Florida","Hernando County",3,51,2650,1306,1344
050,12,053,"Florida","Hernando County",3,52,2601,1230,1371
050,12,053,"Florida","Hernando County",3,53,2564,1232,1332
050,12,053,"Florida","Hernando County",3,54,2597,1292,1305
050,12,053,"Florida","Hernando County",3,55,2582,1200,1382
050,12,053,"Florida","Hernando County",3,56,2761,1264,1497
050,12,053,"Florida","Hernando County",3,57,2915,1381,1534
050,12,053,"Florida","Hernando County",3,58,2967,1436,1531
050,12,053,"Florida","Hernando County",3,59,2947,1412,1535
050,12,053,"Florida","Hernando County",3,60,3012,1423,1589
050,12,053,"Florida","Hernando County",3,61,3020,1407,1613
050,12,053,"Florida","Hernando County",3,62,2957,1371,1586
050,12,053,"Florida","Hernando County",3,63,3078,1435,1643
050,12,053,"Florida","Hernando County",3,64,3162,1490,1672
050,12,053,"Florida","Hernando County",3,65,3114,1439,1675
050,12,053,"Florida","Hernando County",3,66,3047,1409,1638
050,12,053,"Florida","Hernando County",3,67,2947,1346,1601
050,12,053,"Florida","Hernando County",3,68,2867,1324,1543
050,12,053,"Florida","Hernando County",3,69,2916,1348,1568
050,12,053,"Florida","Hernando County",3,70,2849,1311,1538
050,12,053,"Florida","Hernando County",3,71,2849,1338,1511
050,12,053,"Florida","Hernando County",3,72,2875,1395,1480
050,12,053,"Florida","Hernando County",3,73,2906,1385,1521
050,12,053,"Florida","Hernando County",3,74,3246,1576,1670
050,12,053,"Florida","Hernando County",3,75,2269,1067,1202
050,12,053,"Florida","Hernando County",3,76,2252,1046,1206
050,12,053,"Florida","Hernando County",3,77,2188,1025,1163
050,12,053,"Florida","Hernando County",3,78,2310,1093,1217
050,12,053,"Florida","Hernando County",3,79,1941,915,1026
050,12,053,"Florida","Hernando County",3,80,1725,831,894
050,12,053,"Florida","Hernando County",3,81,1578,761,817
050,12,053,"Florida","Hernando County",3,82,1375,647,728
050,12,053,"Florida","Hernando County",3,83,1287,581,706
050,12,053,"Florida","Hernando County",3,84,1101,512,589
050,12,053,"Florida","Hernando County",3,85,5756,2512,3244
050,12,053,"Florida","Hernando County",4,0,1633,838,795
050,12,053,"Florida","Hernando County",4,1,1635,808,827
050,12,053,"Florida","Hernando County",4,2,1832,926,906
050,12,053,"Florida","Hernando County",4,3,1903,962,941
050,12,053,"Florida","Hernando County",4,4,1966,1026,940
050,12,053,"Florida","Hernando County",4,5,2086,1057,1029
050,12,053,"Florida","Hernando County",4,6,2121,1064,1057
050,12,053,"Florida","Hernando County",4,7,2139,1092,1047
050,12,053,"Florida","Hernando County",4,8,2178,1072,1106
050,12,053,"Florida","Hernando County",4,9,2181,1118,1063
050,12,053,"Florida","Hernando County",4,10,2179,1114,1065
050,12,053,"Florida","Hernando County",4,11,2255,1186,1069
050,12,053,"Florida","Hernando County",4,12,2343,1229,1114
050,12,053,"Florida","Hernando County",4,13,2322,1193,1129
050,12,053,"Florida","Hernando County",4,14,2397,1244,1153
050,12,053,"Florida","Hernando County",4,15,2484,1245,1239
050,12,053,"Florida","Hernando County",4,16,2457,1224,1233
050,12,053,"Florida","Hernando County",4,17,2416,1164,1252
050,12,053,"Florida","Hernando County",4,18,2055,1058,997
050,12,053,"Florida","Hernando County",4,19,1610,833,777
050,12,053,"Florida","Hernando County",4,20,1795,878,917
050,12,053,"Florida","Hernando County",4,21,1967,970,997
050,12,053,"Florida","Hernando County",4,22,2004,1005,999
050,12,053,"Florida","Hernando County",4,23,2069,1044,1025
050,12,053,"Florida","Hernando County",4,24,2089,1089,1000
050,12,053,"Florida","Hernando County",4,25,2108,1055,1053
050,12,053,"Florida","Hernando County",4,26,2126,1084,1042
050,12,053,"Florida","Hernando County",4,27,2143,1092,1051
050,12,053,"Florida","Hernando County",4,28,2162,1101,1061
050,12,053,"Florida","Hernando County",4,29,2277,1169,1108
050,12,053,"Florida","Hernando County",4,30,2338,1189,1149
050,12,053,"Florida","Hernando County",4,31,2384,1171,1213
050,12,053,"Florida","Hernando County",4,32,2460,1192,1268
050,12,053,"Florida","Hernando County",4,33,2372,1178,1194
050,12,053,"Florida","Hernando County",4,34,2363,1197,1166
050,12,053,"Florida","Hernando County",4,35,2315,1162,1153
050,12,053,"Florida","Hernando County",4,36,2359,1137,1222
050,12,053,"Florida","Hernando County",4,37,2308,1141,1167
050,12,053,"Florida","Hernando County",4,38,2263,1074,1189
050,12,053,"Florida","Hernando County",4,39,2343,1147,1196
050,12,053,"Florida","Hernando County",4,40,2310,1120,1190
050,12,053,"Florida","Hernando County",4,41,2336,1163,1173
050,12,053,"Florida","Hernando County",4,42,2326,1112,1214
050,12,053,"Florida","Hernando County",4,43,2350,1142,1208
050,12,053,"Florida","Hernando County",4,44,2277,1123,1154
050,12,053,"Florida","Hernando County",4,45,2218,1099,1119
050,12,053,"Florida","Hernando County",4,46,2272,1113,1159
050,12,053,"Florida","Hernando County",4,47,2277,1173,1104
050,12,053,"Florida","Hernando County",4,48,2239,1080,1159
050,12,053,"Florida","Hernando County",4,49,2315,1120,1195
050,12,053,"Florida","Hernando County",4,50,2493,1166,1327
050,12,053,"Florida","Hernando County",4,51,2702,1287,1415
050,12,053,"Florida","Hernando County",4,52,2775,1363,1412
050,12,053,"Florida","Hernando County",4,53,2704,1265,1439
050,12,053,"Florida","Hernando County",4,54,2681,1298,1383
050,12,053,"Florida","Hernando County",4,55,2695,1330,1365
050,12,053,"Florida","Hernando County",4,56,2725,1297,1428
050,12,053,"Florida","Hernando County",4,57,2840,1296,1544
050,12,053,"Florida","Hernando County",4,58,3011,1425,1586
050,12,053,"Florida","Hernando County",4,59,3018,1449,1569
050,12,053,"Florida","Hernando County",4,60,3037,1451,1586
050,12,053,"Florida","Hernando County",4,61,3149,1497,1652
050,12,053,"Florida","Hernando County",4,62,3051,1406,1645
050,12,053,"Florida","Hernando County",4,63,3036,1405,1631
050,12,053,"Florida","Hernando County",4,64,3136,1452,1684
050,12,053,"Florida","Hernando County",4,65,3276,1546,1730
050,12,053,"Florida","Hernando County",4,66,3174,1470,1704
050,12,053,"Florida","Hernando County",4,67,3122,1439,1683
050,12,053,"Florida","Hernando County",4,68,2973,1345,1628
050,12,053,"Florida","Hernando County",4,69,2879,1338,1541
050,12,053,"Florida","Hernando County",4,70,2932,1362,1570
050,12,053,"Florida","Hernando County",4,71,2826,1291,1535
050,12,053,"Florida","Hernando County",4,72,2855,1335,1520
050,12,053,"Florida","Hernando County",4,73,2850,1381,1469
050,12,053,"Florida","Hernando County",4,74,2829,1343,1486
050,12,053,"Florida","Hernando County",4,75,3166,1539,1627
050,12,053,"Florida","Hernando County",4,76,2212,1026,1186
050,12,053,"Florida","Hernando County",4,77,2143,993,1150
050,12,053,"Florida","Hernando County",4,78,2068,956,1112
050,12,053,"Florida","Hernando County",4,79,2211,1022,1189
050,12,053,"Florida","Hernando County",4,80,1815,864,951
050,12,053,"Florida","Hernando County",4,81,1609,773,836
050,12,053,"Florida","Hernando County",4,82,1472,691,781
050,12,053,"Florida","Hernando County",4,83,1253,587,666
050,12,053,"Florida","Hernando County",4,84,1184,517,667
050,12,053,"Florida","Hernando County",4,85,5676,2522,3154
050,12,053,"Florida","Hernando County",5,0,1622,836,786
050,12,053,"Florida","Hernando County",5,1,1803,922,881
050,12,053,"Florida","Hernando County",5,2,1784,884,900
050,12,053,"Florida","Hernando County",5,3,1995,988,1007
050,12,053,"Florida","Hernando County",5,4,1960,1008,952
050,12,053,"Florida","Hernando County",5,5,2078,1075,1003
050,12,053,"Florida","Hernando County",5,6,2175,1105,1070
050,12,053,"Florida","Hernando County",5,7,2237,1120,1117
050,12,053,"Florida","Hernando County",5,8,2211,1122,1089
050,12,053,"Florida","Hernando County",5,9,2228,1113,1115
050,12,053,"Florida","Hernando County",5,10,2297,1178,1119
050,12,053,"Florida","Hernando County",5,11,2272,1165,1107
050,12,053,"Florida","Hernando County",5,12,2337,1233,1104
050,12,053,"Florida","Hernando County",5,13,2463,1282,1181
050,12,053,"Florida","Hernando County",5,14,2408,1235,1173
050,12,053,"Florida","Hernando County",5,15,2490,1277,1213
050,12,053,"Florida","Hernando County",5,16,2572,1287,1285
050,12,053,"Florida","Hernando County",5,17,2505,1258,1247
050,12,053,"Florida","Hernando County",5,18,2116,1045,1071
050,12,053,"Florida","Hernando County",5,19,1752,910,842
050,12,053,"Florida","Hernando County",5,20,1874,932,942
050,12,053,"Florida","Hernando County",5,21,1936,937,999
050,12,053,"Florida","Hernando County",5,22,2060,1028,1032
050,12,053,"Florida","Hernando County",5,23,2154,1077,1077
050,12,053,"Florida","Hernando County",5,24,2147,1116,1031
050,12,053,"Florida","Hernando County",5,25,2220,1117,1103
050,12,053,"Florida","Hernando County",5,26,2124,1043,1081
050,12,053,"Florida","Hernando County",5,27,2274,1163,1111
050,12,053,"Florida","Hernando County",5,28,2217,1132,1085
050,12,053,"Florida","Hernando County",5,29,2234,1129,1105
050,12,053,"Florida","Hernando County",5,30,2382,1247,1135
050,12,053,"Florida","Hernando County",5,31,2489,1247,1242
050,12,053,"Florida","Hernando County",5,32,2607,1278,1329
050,12,053,"Florida","Hernando County",5,33,2595,1240,1355
050,12,053,"Florida","Hernando County",5,34,2535,1278,1257
050,12,053,"Florida","Hernando County",5,35,2462,1251,1211
050,12,053,"Florida","Hernando County",5,36,2428,1188,1240
050,12,053,"Florida","Hernando County",5,37,2485,1203,1282
050,12,053,"Florida","Hernando County",5,38,2475,1218,1257
050,12,053,"Florida","Hernando County",5,39,2383,1159,1224
050,12,053,"Florida","Hernando County",5,40,2452,1226,1226
050,12,053,"Florida","Hernando County",5,41,2458,1208,1250
050,12,053,"Florida","Hernando County",5,42,2427,1195,1232
050,12,053,"Florida","Hernando County",5,43,2399,1152,1247
050,12,053,"Florida","Hernando County",5,44,2464,1216,1248
050,12,053,"Florida","Hernando County",5,45,2379,1182,1197
050,12,053,"Florida","Hernando County",5,46,2356,1170,1186
050,12,053,"Florida","Hernando County",5,47,2352,1171,1181
050,12,053,"Florida","Hernando County",5,48,2332,1200,1132
050,12,053,"Florida","Hernando County",5,49,2361,1131,1230
050,12,053,"Florida","Hernando County",5,50,2446,1174,1272
050,12,053,"Florida","Hernando County",5,51,2573,1213,1360
050,12,053,"Florida","Hernando County",5,52,2835,1367,1468
050,12,053,"Florida","Hernando County",5,53,2866,1395,1471
050,12,053,"Florida","Hernando County",5,54,2816,1325,1491
050,12,053,"Florida","Hernando County",5,55,2789,1361,1428
050,12,053,"Florida","Hernando County",5,56,2830,1404,1426
050,12,053,"Florida","Hernando County",5,57,2838,1367,1471
050,12,053,"Florida","Hernando County",5,58,2989,1365,1624
050,12,053,"Florida","Hernando County",5,59,3134,1459,1675
050,12,053,"Florida","Hernando County",5,60,3112,1493,1619
050,12,053,"Florida","Hernando County",5,61,3108,1481,1627
050,12,053,"Florida","Hernando County",5,62,3154,1501,1653
050,12,053,"Florida","Hernando County",5,63,3098,1437,1661
050,12,053,"Florida","Hernando County",5,64,3094,1415,1679
050,12,053,"Florida","Hernando County",5,65,3169,1465,1704
050,12,053,"Florida","Hernando County",5,66,3340,1577,1763
050,12,053,"Florida","Hernando County",5,67,3223,1484,1739
050,12,053,"Florida","Hernando County",5,68,3177,1463,1714
050,12,053,"Florida","Hernando County",5,69,2983,1349,1634
050,12,053,"Florida","Hernando County",5,70,2827,1312,1515
050,12,053,"Florida","Hernando County",5,71,2931,1343,1588
050,12,053,"Florida","Hernando County",5,72,2808,1296,1512
050,12,053,"Florida","Hernando County",5,73,2823,1317,1506
050,12,053,"Florida","Hernando County",5,74,2799,1350,1449
050,12,053,"Florida","Hernando County",5,75,2766,1303,1463
050,12,053,"Florida","Hernando County",5,76,3117,1507,1610
050,12,053,"Florida","Hernando County",5,77,2129,990,1139
050,12,053,"Florida","Hernando County",5,78,2046,932,1114
050,12,053,"Florida","Hernando County",5,79,1967,911,1056
050,12,053,"Florida","Hernando County",5,80,2091,965,1126
050,12,053,"Florida","Hernando County",5,81,1708,800,908
050,12,053,"Florida","Hernando County",5,82,1505,712,793
050,12,053,"Florida","Hernando County",5,83,1366,641,725
050,12,053,"Florida","Hernando County",5,84,1138,528,610
050,12,053,"Florida","Hernando County",5,85,5846,2578,3268
050,12,055,"Florida","Highlands County",1,0,779,401,378
050,12,055,"Florida","Highlands County",1,1,806,402,404
050,12,055,"Florida","Highlands County",1,2,841,418,423
050,12,055,"Florida","Highlands County",1,3,904,458,446
050,12,055,"Florida","Highlands County",1,4,940,455,485
050,12,055,"Florida","Highlands County",1,5,936,454,482
050,12,055,"Florida","Highlands County",1,6,937,476,461
050,12,055,"Florida","Highlands County",1,7,927,467,460
050,12,055,"Florida","Highlands County",1,8,922,459,463
050,12,055,"Florida","Highlands County",1,9,968,500,468
050,12,055,"Florida","Highlands County",1,10,1045,535,510
050,12,055,"Florida","Highlands County",1,11,1033,527,506
050,12,055,"Florida","Highlands County",1,12,1129,576,553
050,12,055,"Florida","Highlands County",1,13,1091,554,537
050,12,055,"Florida","Highlands County",1,14,1005,525,480
050,12,055,"Florida","Highlands County",1,15,1015,520,495
050,12,055,"Florida","Highlands County",1,16,1007,510,497
050,12,055,"Florida","Highlands County",1,17,919,468,451
050,12,055,"Florida","Highlands County",1,18,889,468,421
050,12,055,"Florida","Highlands County",1,19,758,380,378
050,12,055,"Florida","Highlands County",1,20,789,413,376
050,12,055,"Florida","Highlands County",1,21,795,405,390
050,12,055,"Florida","Highlands County",1,22,846,416,430
050,12,055,"Florida","Highlands County",1,23,907,451,456
050,12,055,"Florida","Highlands County",1,24,921,468,453
050,12,055,"Florida","Highlands County",1,25,935,516,419
050,12,055,"Florida","Highlands County",1,26,947,486,461
050,12,055,"Florida","Highlands County",1,27,951,517,434
050,12,055,"Florida","Highlands County",1,28,943,487,456
050,12,055,"Florida","Highlands County",1,29,982,502,480
050,12,055,"Florida","Highlands County",1,30,1017,521,496
050,12,055,"Florida","Highlands County",1,31,1006,520,486
050,12,055,"Florida","Highlands County",1,32,980,515,465
050,12,055,"Florida","Highlands County",1,33,949,478,471
050,12,055,"Florida","Highlands County",1,34,907,436,471
050,12,055,"Florida","Highlands County",1,35,878,436,442
050,12,055,"Florida","Highlands County",1,36,926,487,439
050,12,055,"Florida","Highlands County",1,37,984,497,487
050,12,055,"Florida","Highlands County",1,38,989,471,518
050,12,055,"Florida","Highlands County",1,39,902,439,463
050,12,055,"Florida","Highlands County",1,40,924,465,459
050,12,055,"Florida","Highlands County",1,41,863,435,428
050,12,055,"Florida","Highlands County",1,42,897,472,425
050,12,055,"Florida","Highlands County",1,43,850,418,432
050,12,055,"Florida","Highlands County",1,44,823,410,413
050,12,055,"Florida","Highlands County",1,45,853,429,424
050,12,055,"Florida","Highlands County",1,46,847,416,431
050,12,055,"Florida","Highlands County",1,47,883,432,451
050,12,055,"Florida","Highlands County",1,48,958,453,505
050,12,055,"Florida","Highlands County",1,49,1016,479,537
050,12,055,"Florida","Highlands County",1,50,1050,523,527
050,12,055,"Florida","Highlands County",1,51,1041,524,517
050,12,055,"Florida","Highlands County",1,52,1005,527,478
050,12,055,"Florida","Highlands County",1,53,1024,515,509
050,12,055,"Florida","Highlands County",1,54,1071,527,544
050,12,055,"Florida","Highlands County",1,55,1190,565,625
050,12,055,"Florida","Highlands County",1,56,1217,571,646
050,12,055,"Florida","Highlands County",1,57,1240,579,661
050,12,055,"Florida","Highlands County",1,58,1328,622,706
050,12,055,"Florida","Highlands County",1,59,1373,645,728
050,12,055,"Florida","Highlands County",1,60,1368,670,698
050,12,055,"Florida","Highlands County",1,61,1390,647,743
050,12,055,"Florida","Highlands County",1,62,1448,656,792
050,12,055,"Florida","Highlands County",1,63,1504,688,816
050,12,055,"Florida","Highlands County",1,64,1588,755,833
050,12,055,"Florida","Highlands County",1,65,1584,741,843
050,12,055,"Florida","Highlands County",1,66,1647,748,899
050,12,055,"Florida","Highlands County",1,67,1599,726,873
050,12,055,"Florida","Highlands County",1,68,1703,761,942
050,12,055,"Florida","Highlands County",1,69,1726,804,922
050,12,055,"Florida","Highlands County",1,70,1753,806,947
050,12,055,"Florida","Highlands County",1,71,1818,833,985
050,12,055,"Florida","Highlands County",1,72,1949,911,1038
050,12,055,"Florida","Highlands County",1,73,2068,996,1072
050,12,055,"Florida","Highlands County",1,74,1518,727,791
050,12,055,"Florida","Highlands County",1,75,1639,795,844
050,12,055,"Florida","Highlands County",1,76,1716,812,904
050,12,055,"Florida","Highlands County",1,77,1783,869,914
050,12,055,"Florida","Highlands County",1,78,1597,805,792
050,12,055,"Florida","Highlands County",1,79,1445,713,732
050,12,055,"Florida","Highlands County",1,80,1286,603,683
050,12,055,"Florida","Highlands County",1,81,1243,616,627
050,12,055,"Florida","Highlands County",1,82,1146,567,579
050,12,055,"Florida","Highlands County",1,83,1017,497,520
050,12,055,"Florida","Highlands County",1,84,897,451,446
050,12,055,"Florida","Highlands County",1,85,4949,2294,2655
050,12,055,"Florida","Highlands County",2,0,777,398,379
050,12,055,"Florida","Highlands County",2,1,805,403,402
050,12,055,"Florida","Highlands County",2,2,835,417,418
050,12,055,"Florida","Highlands County",2,3,887,451,436
050,12,055,"Florida","Highlands County",2,4,930,457,473
050,12,055,"Florida","Highlands County",2,5,938,455,483
050,12,055,"Florida","Highlands County",2,6,937,471,466
050,12,055,"Florida","Highlands County",2,7,928,468,460
050,12,055,"Florida","Highlands County",2,8,920,459,461
050,12,055,"Florida","Highlands County",2,9,959,490,469
050,12,055,"Florida","Highlands County",2,10,1024,527,497
050,12,055,"Florida","Highlands County",2,11,1042,532,510
050,12,055,"Florida","Highlands County",2,12,1114,569,545
050,12,055,"Florida","Highlands County",2,13,1098,561,537
050,12,055,"Florida","Highlands County",2,14,1029,533,496
050,12,055,"Florida","Highlands County",2,15,1011,518,493
050,12,055,"Florida","Highlands County",2,16,1008,510,498
050,12,055,"Florida","Highlands County",2,17,940,478,462
050,12,055,"Florida","Highlands County",2,18,861,452,409
050,12,055,"Florida","Highlands County",2,19,767,389,378
050,12,055,"Florida","Highlands County",2,20,802,418,384
050,12,055,"Florida","Highlands County",2,21,793,406,387
050,12,055,"Florida","Highlands County",2,22,838,414,424
050,12,055,"Florida","Highlands County",2,23,894,443,451
050,12,055,"Florida","Highlands County",2,24,916,464,452
050,12,055,"Florida","Highlands County",2,25,933,504,429
050,12,055,"Florida","Highlands County",2,26,944,495,449
050,12,055,"Florida","Highlands County",2,27,947,507,440
050,12,055,"Florida","Highlands County",2,28,944,494,450
050,12,055,"Florida","Highlands County",2,29,974,497,477
050,12,055,"Florida","Highlands County",2,30,1017,517,500
050,12,055,"Florida","Highlands County",2,31,1003,514,489
050,12,055,"Florida","Highlands County",2,32,983,513,470
050,12,055,"Florida","Highlands County",2,33,950,482,468
050,12,055,"Florida","Highlands County",2,34,922,450,472
050,12,055,"Florida","Highlands County",2,35,893,444,449
050,12,055,"Florida","Highlands County",2,36,910,473,437
050,12,055,"Florida","Highlands County",2,37,973,494,479
050,12,055,"Florida","Highlands County",2,38,992,478,514
050,12,055,"Florida","Highlands County",2,39,916,441,475
050,12,055,"Florida","Highlands County",2,40,929,464,465
050,12,055,"Florida","Highlands County",2,41,881,444,437
050,12,055,"Florida","Highlands County",2,42,890,465,425
050,12,055,"Florida","Highlands County",2,43,865,429,436
050,12,055,"Florida","Highlands County",2,44,828,412,416
050,12,055,"Florida","Highlands County",2,45,853,428,425
050,12,055,"Florida","Highlands County",2,46,849,418,431
050,12,055,"Florida","Highlands County",2,47,874,425,449
050,12,055,"Florida","Highlands County",2,48,942,448,494
050,12,055,"Florida","Highlands County",2,49,1007,475,532
050,12,055,"Florida","Highlands County",2,50,1045,513,532
050,12,055,"Florida","Highlands County",2,51,1045,525,520
050,12,055,"Florida","Highlands County",2,52,1016,525,491
050,12,055,"Florida","Highlands County",2,53,1015,514,501
050,12,055,"Florida","Highlands County",2,54,1064,524,540
050,12,055,"Florida","Highlands County",2,55,1169,559,610
050,12,055,"Florida","Highlands County",2,56,1227,576,651
050,12,055,"Florida","Highlands County",2,57,1242,580,662
050,12,055,"Florida","Highlands County",2,58,1312,613,699
050,12,055,"Florida","Highlands County",2,59,1370,641,729
050,12,055,"Florida","Highlands County",2,60,1384,674,710
050,12,055,"Florida","Highlands County",2,61,1390,657,733
050,12,055,"Florida","Highlands County",2,62,1441,655,786
050,12,055,"Florida","Highlands County",2,63,1512,690,822
050,12,055,"Florida","Highlands County",2,64,1576,744,832
050,12,055,"Florida","Highlands County",2,65,1611,758,853
050,12,055,"Florida","Highlands County",2,66,1658,760,898
050,12,055,"Florida","Highlands County",2,67,1622,737,885
050,12,055,"Florida","Highlands County",2,68,1694,763,931
050,12,055,"Florida","Highlands County",2,69,1747,805,942
050,12,055,"Florida","Highlands County",2,70,1742,802,940
050,12,055,"Florida","Highlands County",2,71,1810,826,984
050,12,055,"Florida","Highlands County",2,72,1898,884,1014
050,12,055,"Florida","Highlands County",2,73,2142,1022,1120
050,12,055,"Florida","Highlands County",2,74,1549,744,805
050,12,055,"Florida","Highlands County",2,75,1605,775,830
050,12,055,"Florida","Highlands County",2,76,1681,801,880
050,12,055,"Florida","Highlands County",2,77,1812,873,939
050,12,055,"Florida","Highlands County",2,78,1605,804,801
050,12,055,"Florida","Highlands County",2,79,1468,726,742
050,12,055,"Florida","Highlands County",2,80,1314,623,691
050,12,055,"Florida","Highlands County",2,81,1234,606,628
050,12,055,"Florida","Highlands County",2,82,1152,565,587
050,12,055,"Florida","Highlands County",2,83,1030,504,526
050,12,055,"Florida","Highlands County",2,84,907,451,456
050,12,055,"Florida","Highlands County",2,85,4988,2324,2664
050,12,055,"Florida","Highlands County",3,0,785,371,414
050,12,055,"Florida","Highlands County",3,1,788,402,386
050,12,055,"Florida","Highlands County",3,2,830,416,414
050,12,055,"Florida","Highlands County",3,3,872,442,430
050,12,055,"Florida","Highlands County",3,4,937,482,455
050,12,055,"Florida","Highlands County",3,5,965,473,492
050,12,055,"Florida","Highlands County",3,6,973,479,494
050,12,055,"Florida","Highlands County",3,7,980,499,481
050,12,055,"Florida","Highlands County",3,8,958,473,485
050,12,055,"Florida","Highlands County",3,9,940,470,470
050,12,055,"Florida","Highlands County",3,10,980,502,478
050,12,055,"Florida","Highlands County",3,11,1062,545,517
050,12,055,"Florida","Highlands County",3,12,1066,537,529
050,12,055,"Florida","Highlands County",3,13,1122,574,548
050,12,055,"Florida","Highlands County",3,14,1120,568,552
050,12,055,"Florida","Highlands County",3,15,1069,548,521
050,12,055,"Florida","Highlands County",3,16,1022,520,502
050,12,055,"Florida","Highlands County",3,17,1029,527,502
050,12,055,"Florida","Highlands County",3,18,845,447,398
050,12,055,"Florida","Highlands County",3,19,757,404,353
050,12,055,"Florida","Highlands County",3,20,830,417,413
050,12,055,"Florida","Highlands County",3,21,823,425,398
050,12,055,"Florida","Highlands County",3,22,828,416,412
050,12,055,"Florida","Highlands County",3,23,894,451,443
050,12,055,"Florida","Highlands County",3,24,925,460,465
050,12,055,"Florida","Highlands County",3,25,949,482,467
050,12,055,"Florida","Highlands County",3,26,954,500,454
050,12,055,"Florida","Highlands County",3,27,973,516,457
050,12,055,"Florida","Highlands County",3,28,966,500,466
050,12,055,"Florida","Highlands County",3,29,1002,521,481
050,12,055,"Florida","Highlands County",3,30,1042,525,517
050,12,055,"Florida","Highlands County",3,31,1030,530,500
050,12,055,"Florida","Highlands County",3,32,1040,537,503
050,12,055,"Florida","Highlands County",3,33,994,523,471
050,12,055,"Florida","Highlands County",3,34,971,489,482
050,12,055,"Florida","Highlands County",3,35,967,478,489
050,12,055,"Florida","Highlands County",3,36,919,454,465
050,12,055,"Florida","Highlands County",3,37,961,490,471
050,12,055,"Florida","Highlands County",3,38,981,493,488
050,12,055,"Florida","Highlands County",3,39,1024,485,539
050,12,055,"Florida","Highlands County",3,40,954,451,503
050,12,055,"Florida","Highlands County",3,41,941,480,461
050,12,055,"Florida","Highlands County",3,42,881,442,439
050,12,055,"Florida","Highlands County",3,43,908,477,431
050,12,055,"Florida","Highlands County",3,44,895,448,447
050,12,055,"Florida","Highlands County",3,45,852,430,422
050,12,055,"Florida","Highlands County",3,46,857,423,434
050,12,055,"Florida","Highlands County",3,47,856,415,441
050,12,055,"Florida","Highlands County",3,48,898,436,462
050,12,055,"Florida","Highlands County",3,49,997,494,503
050,12,055,"Florida","Highlands County",3,50,1036,504,532
050,12,055,"Florida","Highlands County",3,51,1100,527,573
050,12,055,"Florida","Highlands County",3,52,1073,529,544
050,12,055,"Florida","Highlands County",3,53,1023,522,501
050,12,055,"Florida","Highlands County",3,54,1056,545,511
050,12,055,"Florida","Highlands County",3,55,1104,551,553
050,12,055,"Florida","Highlands County",3,56,1198,570,628
050,12,055,"Florida","Highlands County",3,57,1308,603,705
050,12,055,"Florida","Highlands County",3,58,1330,631,699
050,12,055,"Florida","Highlands County",3,59,1372,628,744
050,12,055,"Florida","Highlands County",3,60,1401,648,753
050,12,055,"Florida","Highlands County",3,61,1462,707,755
050,12,055,"Florida","Highlands County",3,62,1477,687,790
050,12,055,"Florida","Highlands County",3,63,1515,707,808
050,12,055,"Florida","Highlands County",3,64,1612,746,866
050,12,055,"Florida","Highlands County",3,65,1652,785,867
050,12,055,"Florida","Highlands County",3,66,1695,790,905
050,12,055,"Florida","Highlands County",3,67,1699,787,912
050,12,055,"Florida","Highlands County",3,68,1698,777,921
050,12,055,"Florida","Highlands County",3,69,1756,803,953
050,12,055,"Florida","Highlands County",3,70,1776,837,939
050,12,055,"Florida","Highlands County",3,71,1743,804,939
050,12,055,"Florida","Highlands County",3,72,1814,824,990
050,12,055,"Florida","Highlands County",3,73,1916,910,1006
050,12,055,"Florida","Highlands County",3,74,2148,1020,1128
050,12,055,"Florida","Highlands County",3,75,1554,743,811
050,12,055,"Florida","Highlands County",3,76,1564,766,798
050,12,055,"Florida","Highlands County",3,77,1658,791,867
050,12,055,"Florida","Highlands County",3,78,1783,857,926
050,12,055,"Florida","Highlands County",3,79,1560,790,770
050,12,055,"Florida","Highlands County",3,80,1423,691,732
050,12,055,"Florida","Highlands County",3,81,1241,592,649
050,12,055,"Florida","Highlands County",3,82,1159,569,590
050,12,055,"Florida","Highlands County",3,83,1097,533,564
050,12,055,"Florida","Highlands County",3,84,946,469,477
050,12,055,"Florida","Highlands County",3,85,5118,2408,2710
050,12,055,"Florida","Highlands County",4,0,846,420,426
050,12,055,"Florida","Highlands County",4,1,810,371,439
050,12,055,"Florida","Highlands County",4,2,806,406,400
050,12,055,"Florida","Highlands County",4,3,852,439,413
050,12,055,"Florida","Highlands County",4,4,904,462,442
050,12,055,"Florida","Highlands County",4,5,970,504,466
050,12,055,"Florida","Highlands County",4,6,1013,488,525
050,12,055,"Florida","Highlands County",4,7,992,488,504
050,12,055,"Florida","Highlands County",4,8,1003,510,493
050,12,055,"Florida","Highlands County",4,9,990,494,496
050,12,055,"Florida","Highlands County",4,10,957,481,476
050,12,055,"Florida","Highlands County",4,11,998,504,494
050,12,055,"Florida","Highlands County",4,12,1040,548,492
050,12,055,"Florida","Highlands County",4,13,1086,548,538
050,12,055,"Florida","Highlands County",4,14,1129,579,550
050,12,055,"Florida","Highlands County",4,15,1126,573,553
050,12,055,"Florida","Highlands County",4,16,1103,565,538
050,12,055,"Florida","Highlands County",4,17,1027,519,508
050,12,055,"Florida","Highlands County",4,18,917,481,436
050,12,055,"Florida","Highlands County",4,19,729,387,342
050,12,055,"Florida","Highlands County",4,20,803,437,366
050,12,055,"Florida","Highlands County",4,21,868,440,428
050,12,055,"Florida","Highlands County",4,22,871,450,421
050,12,055,"Florida","Highlands County",4,23,880,456,424
050,12,055,"Florida","Highlands County",4,24,936,478,458
050,12,055,"Florida","Highlands County",4,25,946,482,464
050,12,055,"Florida","Highlands County",4,26,961,478,483
050,12,055,"Florida","Highlands County",4,27,960,494,466
050,12,055,"Florida","Highlands County",4,28,988,515,473
050,12,055,"Florida","Highlands County",4,29,978,511,467
050,12,055,"Florida","Highlands County",4,30,1046,540,506
050,12,055,"Florida","Highlands County",4,31,1047,517,530
050,12,055,"Florida","Highlands County",4,32,1063,548,515
050,12,055,"Florida","Highlands County",4,33,1074,554,520
050,12,055,"Florida","Highlands County",4,34,1003,522,481
050,12,055,"Florida","Highlands County",4,35,966,488,478
050,12,055,"Florida","Highlands County",4,36,985,481,504
050,12,055,"Florida","Highlands County",4,37,942,452,490
050,12,055,"Florida","Highlands County",4,38,1004,515,489
050,12,055,"Florida","Highlands County",4,39,1012,507,505
050,12,055,"Florida","Highlands County",4,40,1041,496,545
050,12,055,"Florida","Highlands County",4,41,978,469,509
050,12,055,"Florida","Highlands County",4,42,974,502,472
050,12,055,"Florida","Highlands County",4,43,910,455,455
050,12,055,"Florida","Highlands County",4,44,961,493,468
050,12,055,"Florida","Highlands County",4,45,960,474,486
050,12,055,"Florida","Highlands County",4,46,885,441,444
050,12,055,"Florida","Highlands County",4,47,905,452,453
050,12,055,"Florida","Highlands County",4,48,882,423,459
050,12,055,"Florida","Highlands County",4,49,936,449,487
050,12,055,"Florida","Highlands County",4,50,1035,506,529
050,12,055,"Florida","Highlands County",4,51,1108,539,569
050,12,055,"Florida","Highlands County",4,52,1141,541,600
050,12,055,"Florida","Highlands County",4,53,1117,544,573
050,12,055,"Florida","Highlands County",4,54,1079,535,544
050,12,055,"Florida","Highlands County",4,55,1127,574,553
050,12,055,"Florida","Highlands County",4,56,1170,590,580
050,12,055,"Florida","Highlands County",4,57,1267,596,671
050,12,055,"Florida","Highlands County",4,58,1366,627,739
050,12,055,"Florida","Highlands County",4,59,1413,663,750
050,12,055,"Florida","Highlands County",4,60,1436,666,770
050,12,055,"Florida","Highlands County",4,61,1476,683,793
050,12,055,"Florida","Highlands County",4,62,1530,732,798
050,12,055,"Florida","Highlands County",4,63,1552,734,818
050,12,055,"Florida","Highlands County",4,64,1615,760,855
050,12,055,"Florida","Highlands County",4,65,1719,787,932
050,12,055,"Florida","Highlands County",4,66,1788,848,940
050,12,055,"Florida","Highlands County",4,67,1830,853,977
050,12,055,"Florida","Highlands County",4,68,1812,830,982
050,12,055,"Florida","Highlands County",4,69,1795,832,963
050,12,055,"Florida","Highlands County",4,70,1851,859,992
050,12,055,"Florida","Highlands County",4,71,1860,878,982
050,12,055,"Florida","Highlands County",4,72,1785,812,973
050,12,055,"Florida","Highlands County",4,73,1869,871,998
050,12,055,"Florida","Highlands County",4,74,1949,926,1023
050,12,055,"Florida","Highlands County",4,75,2141,1014,1127
050,12,055,"Florida","Highlands County",4,76,1535,756,779
050,12,055,"Florida","Highlands County",4,77,1545,748,797
050,12,055,"Florida","Highlands County",4,78,1625,781,844
050,12,055,"Florida","Highlands County",4,79,1737,832,905
050,12,055,"Florida","Highlands County",4,80,1476,746,730
050,12,055,"Florida","Highlands County",4,81,1372,668,704
050,12,055,"Florida","Highlands County",4,82,1168,563,605
050,12,055,"Florida","Highlands County",4,83,1095,544,551
050,12,055,"Florida","Highlands County",4,84,1019,499,520
050,12,055,"Florida","Highlands County",4,85,5183,2462,2721
050,12,055,"Florida","Highlands County",5,0,861,427,434
050,12,055,"Florida","Highlands County",5,1,864,447,417
050,12,055,"Florida","Highlands County",5,2,816,382,434
050,12,055,"Florida","Highlands County",5,3,869,438,431
050,12,055,"Florida","Highlands County",5,4,861,446,415
050,12,055,"Florida","Highlands County",5,5,930,466,464
050,12,055,"Florida","Highlands County",5,6,1001,511,490
050,12,055,"Florida","Highlands County",5,7,1031,510,521
050,12,055,"Florida","Highlands County",5,8,1011,492,519
050,12,055,"Florida","Highlands County",5,9,1008,513,495
050,12,055,"Florida","Highlands County",5,10,1018,514,504
050,12,055,"Florida","Highlands County",5,11,991,490,501
050,12,055,"Florida","Highlands County",5,12,1008,509,499
050,12,055,"Florida","Highlands County",5,13,1066,553,513
050,12,055,"Florida","Highlands County",5,14,1105,567,538
050,12,055,"Florida","Highlands County",5,15,1168,600,568
050,12,055,"Florida","Highlands County",5,16,1154,586,568
050,12,055,"Florida","Highlands County",5,17,1107,574,533
050,12,055,"Florida","Highlands County",5,18,923,478,445
050,12,055,"Florida","Highlands County",5,19,801,423,378
050,12,055,"Florida","Highlands County",5,20,817,438,379
050,12,055,"Florida","Highlands County",5,21,851,451,400
050,12,055,"Florida","Highlands County",5,22,922,454,468
050,12,055,"Florida","Highlands County",5,23,940,479,461
050,12,055,"Florida","Highlands County",5,24,911,468,443
050,12,055,"Florida","Highlands County",5,25,948,489,459
050,12,055,"Florida","Highlands County",5,26,961,492,469
050,12,055,"Florida","Highlands County",5,27,957,484,473
050,12,055,"Florida","Highlands County",5,28,969,503,466
050,12,055,"Florida","Highlands County",5,29,1002,534,468
050,12,055,"Florida","Highlands County",5,30,1007,541,466
050,12,055,"Florida","Highlands County",5,31,1065,533,532
050,12,055,"Florida","Highlands County",5,32,1058,521,537
050,12,055,"Florida","Highlands County",5,33,1103,578,525
050,12,055,"Florida","Highlands County",5,34,1084,558,526
050,12,055,"Florida","Highlands County",5,35,1025,537,488
050,12,055,"Florida","Highlands County",5,36,1037,523,514
050,12,055,"Florida","Highlands County",5,37,1073,528,545
050,12,055,"Florida","Highlands County",5,38,987,475,512
050,12,055,"Florida","Highlands County",5,39,1020,519,501
050,12,055,"Florida","Highlands County",5,40,1034,520,514
050,12,055,"Florida","Highlands County",5,41,1081,498,583
050,12,055,"Florida","Highlands County",5,42,988,487,501
050,12,055,"Florida","Highlands County",5,43,988,510,478
050,12,055,"Florida","Highlands County",5,44,940,476,464
050,12,055,"Florida","Highlands County",5,45,988,524,464
050,12,055,"Florida","Highlands County",5,46,983,470,513
050,12,055,"Florida","Highlands County",5,47,923,450,473
050,12,055,"Florida","Highlands County",5,48,930,465,465
050,12,055,"Florida","Highlands County",5,49,914,443,471
050,12,055,"Florida","Highlands County",5,50,971,470,501
050,12,055,"Florida","Highlands County",5,51,1079,516,563
050,12,055,"Florida","Highlands County",5,52,1144,550,594
050,12,055,"Florida","Highlands County",5,53,1168,554,614
050,12,055,"Florida","Highlands County",5,54,1165,566,599
050,12,055,"Florida","Highlands County",5,55,1114,554,560
050,12,055,"Florida","Highlands County",5,56,1156,572,584
050,12,055,"Florida","Highlands County",5,57,1199,599,600
050,12,055,"Florida","Highlands County",5,58,1325,627,698
050,12,055,"Florida","Highlands County",5,59,1426,648,778
050,12,055,"Florida","Highlands County",5,60,1483,715,768
050,12,055,"Florida","Highlands County",5,61,1509,697,812
050,12,055,"Florida","Highlands County",5,62,1567,717,850
050,12,055,"Florida","Highlands County",5,63,1604,752,852
050,12,055,"Florida","Highlands County",5,64,1627,769,858
050,12,055,"Florida","Highlands County",5,65,1737,824,913
050,12,055,"Florida","Highlands County",5,66,1783,832,951
050,12,055,"Florida","Highlands County",5,67,1861,894,967
050,12,055,"Florida","Highlands County",5,68,1912,898,1014
050,12,055,"Florida","Highlands County",5,69,1854,853,1001
050,12,055,"Florida","Highlands County",5,70,1849,849,1000
050,12,055,"Florida","Highlands County",5,71,1880,880,1000
050,12,055,"Florida","Highlands County",5,72,1892,890,1002
050,12,055,"Florida","Highlands County",5,73,1806,826,980
050,12,055,"Florida","Highlands County",5,74,1867,888,979
050,12,055,"Florida","Highlands County",5,75,1938,916,1022
050,12,055,"Florida","Highlands County",5,76,2088,989,1099
050,12,055,"Florida","Highlands County",5,77,1499,733,766
050,12,055,"Florida","Highlands County",5,78,1509,734,775
050,12,055,"Florida","Highlands County",5,79,1562,762,800
050,12,055,"Florida","Highlands County",5,80,1622,764,858
050,12,055,"Florida","Highlands County",5,81,1411,710,701
050,12,055,"Florida","Highlands County",5,82,1318,636,682
050,12,055,"Florida","Highlands County",5,83,1133,553,580
050,12,055,"Florida","Highlands County",5,84,1021,503,518
050,12,055,"Florida","Highlands County",5,85,5436,2625,2811
050,12,057,"Florida","Hillsborough County",1,0,16464,8467,7997
050,12,057,"Florida","Hillsborough County",1,1,16660,8522,8138
050,12,057,"Florida","Hillsborough County",1,2,17281,8799,8482
050,12,057,"Florida","Hillsborough County",1,3,17460,9047,8413
050,12,057,"Florida","Hillsborough County",1,4,17923,9166,8757
050,12,057,"Florida","Hillsborough County",1,5,17952,9223,8729
050,12,057,"Florida","Hillsborough County",1,6,17912,9220,8692
050,12,057,"Florida","Hillsborough County",1,7,17792,9168,8624
050,12,057,"Florida","Hillsborough County",1,8,17922,9259,8663
050,12,057,"Florida","Hillsborough County",1,9,17976,9261,8715
050,12,057,"Florida","Hillsborough County",1,10,18177,9350,8827
050,12,057,"Florida","Hillsborough County",1,11,18537,9587,8950
050,12,057,"Florida","Hillsborough County",1,12,19157,9829,9328
050,12,057,"Florida","Hillsborough County",1,13,19018,9800,9218
050,12,057,"Florida","Hillsborough County",1,14,18401,9444,8957
050,12,057,"Florida","Hillsborough County",1,15,18060,9318,8742
050,12,057,"Florida","Hillsborough County",1,16,18012,9381,8631
050,12,057,"Florida","Hillsborough County",1,17,17861,9209,8652
050,12,057,"Florida","Hillsborough County",1,18,19052,9577,9475
050,12,057,"Florida","Hillsborough County",1,19,19384,9622,9762
050,12,057,"Florida","Hillsborough County",1,20,18187,9089,9098
050,12,057,"Florida","Hillsborough County",1,21,17628,8826,8802
050,12,057,"Florida","Hillsborough County",1,22,17745,8923,8822
050,12,057,"Florida","Hillsborough County",1,23,18513,9065,9448
050,12,057,"Florida","Hillsborough County",1,24,19631,9677,9954
050,12,057,"Florida","Hillsborough County",1,25,20103,9919,10184
050,12,057,"Florida","Hillsborough County",1,26,20874,10399,10475
050,12,057,"Florida","Hillsborough County",1,27,21370,10630,10740
050,12,057,"Florida","Hillsborough County",1,28,22272,10920,11352
050,12,057,"Florida","Hillsborough County",1,29,23191,11515,11676
050,12,057,"Florida","Hillsborough County",1,30,23328,11538,11790
050,12,057,"Florida","Hillsborough County",1,31,22588,11111,11477
050,12,057,"Florida","Hillsborough County",1,32,22199,11058,11141
050,12,057,"Florida","Hillsborough County",1,33,21621,10903,10718
050,12,057,"Florida","Hillsborough County",1,34,21788,10966,10822
050,12,057,"Florida","Hillsborough County",1,35,21388,10660,10728
050,12,057,"Florida","Hillsborough County",1,36,21215,10597,10618
050,12,057,"Florida","Hillsborough County",1,37,21553,10711,10842
050,12,057,"Florida","Hillsborough County",1,38,21065,10402,10663
050,12,057,"Florida","Hillsborough County",1,39,20932,10366,10566
050,12,057,"Florida","Hillsborough County",1,40,20649,10285,10364
050,12,057,"Florida","Hillsborough County",1,41,19826,9884,9942
050,12,057,"Florida","Hillsborough County",1,42,19508,9612,9896
050,12,057,"Florida","Hillsborough County",1,43,19165,9517,9648
050,12,057,"Florida","Hillsborough County",1,44,18914,9300,9614
050,12,057,"Florida","Hillsborough County",1,45,18786,9267,9519
050,12,057,"Florida","Hillsborough County",1,46,18528,9174,9354
050,12,057,"Florida","Hillsborough County",1,47,19274,9574,9700
050,12,057,"Florida","Hillsborough County",1,48,20284,10086,10198
050,12,057,"Florida","Hillsborough County",1,49,20909,10493,10416
050,12,057,"Florida","Hillsborough County",1,50,19947,10045,9902
050,12,057,"Florida","Hillsborough County",1,51,18932,9544,9388
050,12,057,"Florida","Hillsborough County",1,52,18337,9112,9225
050,12,057,"Florida","Hillsborough County",1,53,18482,9197,9285
050,12,057,"Florida","Hillsborough County",1,54,18784,9250,9534
050,12,057,"Florida","Hillsborough County",1,55,19408,9528,9880
050,12,057,"Florida","Hillsborough County",1,56,19418,9607,9811
050,12,057,"Florida","Hillsborough County",1,57,19101,9499,9602
050,12,057,"Florida","Hillsborough County",1,58,18880,9285,9595
050,12,057,"Florida","Hillsborough County",1,59,18256,8861,9395
050,12,057,"Florida","Hillsborough County",1,60,17777,8676,9101
050,12,057,"Florida","Hillsborough County",1,61,17248,8486,8762
050,12,057,"Florida","Hillsborough County",1,62,16834,8101,8733
050,12,057,"Florida","Hillsborough County",1,63,16493,7910,8583
050,12,057,"Florida","Hillsborough County",1,64,15911,7541,8370
050,12,057,"Florida","Hillsborough County",1,65,15222,7152,8070
050,12,057,"Florida","Hillsborough County",1,66,14665,6772,7893
050,12,057,"Florida","Hillsborough County",1,67,14181,6589,7592
050,12,057,"Florida","Hillsborough County",1,68,13765,6427,7338
050,12,057,"Florida","Hillsborough County",1,69,12819,5979,6840
050,12,057,"Florida","Hillsborough County",1,70,12415,5678,6737
050,12,057,"Florida","Hillsborough County",1,71,12161,5566,6595
050,12,057,"Florida","Hillsborough County",1,72,12109,5615,6494
050,12,057,"Florida","Hillsborough County",1,73,12139,5693,6446
050,12,057,"Florida","Hillsborough County",1,74,9006,4122,4884
050,12,057,"Florida","Hillsborough County",1,75,8323,3772,4551
050,12,057,"Florida","Hillsborough County",1,76,8193,3649,4544
050,12,057,"Florida","Hillsborough County",1,77,7886,3548,4338
050,12,057,"Florida","Hillsborough County",1,78,6711,2979,3732
050,12,057,"Florida","Hillsborough County",1,79,6079,2646,3433
050,12,057,"Florida","Hillsborough County",1,80,5603,2372,3231
050,12,057,"Florida","Hillsborough County",1,81,5112,2149,2963
050,12,057,"Florida","Hillsborough County",1,82,4784,1993,2791
050,12,057,"Florida","Hillsborough County",1,83,4248,1744,2504
050,12,057,"Florida","Hillsborough County",1,84,3983,1651,2332
050,12,057,"Florida","Hillsborough County",1,85,22532,8257,14275
050,12,057,"Florida","Hillsborough County",2,0,16393,8416,7977
050,12,057,"Florida","Hillsborough County",2,1,16680,8530,8150
050,12,057,"Florida","Hillsborough County",2,2,17199,8769,8430
050,12,057,"Florida","Hillsborough County",2,3,17413,8981,8432
050,12,057,"Florida","Hillsborough County",2,4,17849,9146,8703
050,12,057,"Florida","Hillsborough County",2,5,18015,9241,8774
050,12,057,"Florida","Hillsborough County",2,6,17978,9244,8734
050,12,057,"Florida","Hillsborough County",2,7,17830,9187,8643
050,12,057,"Florida","Hillsborough County",2,8,17858,9219,8639
050,12,057,"Florida","Hillsborough County",2,9,17982,9267,8715
050,12,057,"Florida","Hillsborough County",2,10,18137,9335,8802
050,12,057,"Florida","Hillsborough County",2,11,18393,9495,8898
050,12,057,"Florida","Hillsborough County",2,12,19116,9832,9284
050,12,057,"Florida","Hillsborough County",2,13,19058,9812,9246
050,12,057,"Florida","Hillsborough County",2,14,18593,9553,9040
050,12,057,"Florida","Hillsborough County",2,15,18200,9381,8819
050,12,057,"Florida","Hillsborough County",2,16,18077,9393,8684
050,12,057,"Florida","Hillsborough County",2,17,17907,9237,8670
050,12,057,"Florida","Hillsborough County",2,18,19345,9702,9643
050,12,057,"Florida","Hillsborough County",2,19,20039,9885,10154
050,12,057,"Florida","Hillsborough County",2,20,18729,9327,9402
050,12,057,"Florida","Hillsborough County",2,21,17879,8924,8955
050,12,057,"Florida","Hillsborough County",2,22,18013,9033,8980
050,12,057,"Florida","Hillsborough County",2,23,18601,9173,9428
050,12,057,"Florida","Hillsborough County",2,24,19487,9581,9906
050,12,057,"Florida","Hillsborough County",2,25,20154,9955,10199
050,12,057,"Florida","Hillsborough County",2,26,20846,10380,10466
050,12,057,"Florida","Hillsborough County",2,27,21342,10622,10720
050,12,057,"Florida","Hillsborough County",2,28,22158,10924,11234
050,12,057,"Florida","Hillsborough County",2,29,23025,11406,11619
050,12,057,"Florida","Hillsborough County",2,30,23459,11610,11849
050,12,057,"Florida","Hillsborough County",2,31,22736,11211,11525
050,12,057,"Florida","Hillsborough County",2,32,22302,11067,11235
050,12,057,"Florida","Hillsborough County",2,33,21807,10960,10847
050,12,057,"Florida","Hillsborough County",2,34,21805,10982,10823
050,12,057,"Florida","Hillsborough County",2,35,21645,10825,10820
050,12,057,"Florida","Hillsborough County",2,36,21200,10587,10613
050,12,057,"Florida","Hillsborough County",2,37,21537,10721,10816
050,12,057,"Florida","Hillsborough County",2,38,21343,10562,10781
050,12,057,"Florida","Hillsborough County",2,39,20941,10363,10578
050,12,057,"Florida","Hillsborough County",2,40,20916,10423,10493
050,12,057,"Florida","Hillsborough County",2,41,20020,9975,10045
050,12,057,"Florida","Hillsborough County",2,42,19556,9676,9880
050,12,057,"Florida","Hillsborough County",2,43,19384,9599,9785
050,12,057,"Florida","Hillsborough County",2,44,18884,9315,9569
050,12,057,"Florida","Hillsborough County",2,45,18905,9312,9593
050,12,057,"Florida","Hillsborough County",2,46,18565,9173,9392
050,12,057,"Florida","Hillsborough County",2,47,19107,9482,9625
050,12,057,"Florida","Hillsborough County",2,48,20106,10005,10101
050,12,057,"Florida","Hillsborough County",2,49,20867,10453,10414
050,12,057,"Florida","Hillsborough County",2,50,20239,10193,10046
050,12,057,"Florida","Hillsborough County",2,51,19084,9620,9464
050,12,057,"Florida","Hillsborough County",2,52,18499,9234,9265
050,12,057,"Florida","Hillsborough County",2,53,18423,9161,9262
050,12,057,"Florida","Hillsborough County",2,54,18708,9250,9458
050,12,057,"Florida","Hillsborough County",2,55,19296,9492,9804
050,12,057,"Florida","Hillsborough County",2,56,19465,9614,9851
050,12,057,"Florida","Hillsborough County",2,57,19190,9523,9667
050,12,057,"Florida","Hillsborough County",2,58,18928,9319,9609
050,12,057,"Florida","Hillsborough County",2,59,18414,8966,9448
050,12,057,"Florida","Hillsborough County",2,60,17923,8732,9191
050,12,057,"Florida","Hillsborough County",2,61,17346,8510,8836
050,12,057,"Florida","Hillsborough County",2,62,16869,8160,8709
050,12,057,"Florida","Hillsborough County",2,63,16659,7980,8679
050,12,057,"Florida","Hillsborough County",2,64,15921,7562,8359
050,12,057,"Florida","Hillsborough County",2,65,15379,7234,8145
050,12,057,"Florida","Hillsborough County",2,66,14789,6855,7934
050,12,057,"Florida","Hillsborough County",2,67,14230,6595,7635
050,12,057,"Florida","Hillsborough County",2,68,13759,6409,7350
050,12,057,"Florida","Hillsborough County",2,69,13066,6097,6969
050,12,057,"Florida","Hillsborough County",2,70,12456,5715,6741
050,12,057,"Florida","Hillsborough County",2,71,12186,5560,6626
050,12,057,"Florida","Hillsborough County",2,72,11956,5530,6426
050,12,057,"Florida","Hillsborough County",2,73,12563,5867,6696
050,12,057,"Florida","Hillsborough County",2,74,9249,4247,5002
050,12,057,"Florida","Hillsborough County",2,75,8467,3853,4614
050,12,057,"Florida","Hillsborough County",2,76,8099,3611,4488
050,12,057,"Florida","Hillsborough County",2,77,8040,3603,4437
050,12,057,"Florida","Hillsborough County",2,78,6829,3043,3786
050,12,057,"Florida","Hillsborough County",2,79,6163,2684,3479
050,12,057,"Florida","Hillsborough County",2,80,5695,2424,3271
050,12,057,"Florida","Hillsborough County",2,81,5141,2164,2977
050,12,057,"Florida","Hillsborough County",2,82,4845,2018,2827
050,12,057,"Florida","Hillsborough County",2,83,4297,1774,2523
050,12,057,"Florida","Hillsborough County",2,84,3985,1649,2336
050,12,057,"Florida","Hillsborough County",2,85,22716,8333,14383
050,12,057,"Florida","Hillsborough County",3,0,16507,8365,8142
050,12,057,"Florida","Hillsborough County",3,1,16503,8416,8087
050,12,057,"Florida","Hillsborough County",3,2,16818,8625,8193
050,12,057,"Florida","Hillsborough County",3,3,17256,8785,8471
050,12,057,"Florida","Hillsborough County",3,4,17530,9033,8497
050,12,057,"Florida","Hillsborough County",3,5,18020,9262,8758
050,12,057,"Florida","Hillsborough County",3,6,18160,9300,8860
050,12,057,"Florida","Hillsborough County",3,7,18157,9341,8816
050,12,057,"Florida","Hillsborough County",3,8,18133,9375,8758
050,12,057,"Florida","Hillsborough County",3,9,17993,9280,8713
050,12,057,"Florida","Hillsborough County",3,10,18157,9312,8845
050,12,057,"Florida","Hillsborough County",3,11,18247,9406,8841
050,12,057,"Florida","Hillsborough County",3,12,18556,9579,8977
050,12,057,"Florida","Hillsborough County",3,13,19214,9911,9303
050,12,057,"Florida","Hillsborough County",3,14,19236,9897,9339
050,12,057,"Florida","Hillsborough County",3,15,18708,9603,9105
050,12,057,"Florida","Hillsborough County",3,16,18326,9476,8850
050,12,057,"Florida","Hillsborough County",3,17,18179,9404,8775
050,12,057,"Florida","Hillsborough County",3,18,19808,9922,9886
050,12,057,"Florida","Hillsborough County",3,19,20496,10065,10431
050,12,057,"Florida","Hillsborough County",3,20,19155,9483,9672
050,12,057,"Florida","Hillsborough County",3,21,18494,9119,9375
050,12,057,"Florida","Hillsborough County",3,22,18531,9265,9266
050,12,057,"Florida","Hillsborough County",3,23,18941,9482,9459
050,12,057,"Florida","Hillsborough County",3,24,19598,9637,9961
050,12,057,"Florida","Hillsborough County",3,25,20391,10096,10295
050,12,057,"Florida","Hillsborough County",3,26,20624,10236,10388
050,12,057,"Florida","Hillsborough County",3,27,21340,10591,10749
050,12,057,"Florida","Hillsborough County",3,28,21738,10866,10872
050,12,057,"Florida","Hillsborough County",3,29,22436,11086,11350
050,12,057,"Florida","Hillsborough County",3,30,23204,11422,11782
050,12,057,"Florida","Hillsborough County",3,31,23681,11756,11925
050,12,057,"Florida","Hillsborough County",3,32,23036,11365,11671
050,12,057,"Florida","Hillsborough County",3,33,22415,11184,11231
050,12,057,"Florida","Hillsborough County",3,34,21989,11122,10867
050,12,057,"Florida","Hillsborough County",3,35,21919,11029,10890
050,12,057,"Florida","Hillsborough County",3,36,21839,10858,10981
050,12,057,"Florida","Hillsborough County",3,37,21289,10617,10672
050,12,057,"Florida","Hillsborough County",3,38,21589,10758,10831
050,12,057,"Florida","Hillsborough County",3,39,21632,10732,10900
050,12,057,"Florida","Hillsborough County",3,40,21132,10447,10685
050,12,057,"Florida","Hillsborough County",3,41,21061,10517,10544
050,12,057,"Florida","Hillsborough County",3,42,20134,10044,10090
050,12,057,"Florida","Hillsborough County",3,43,19685,9775,9910
050,12,057,"Florida","Hillsborough County",3,44,19569,9771,9798
050,12,057,"Florida","Hillsborough County",3,45,19029,9376,9653
050,12,057,"Florida","Hillsborough County",3,46,19042,9349,9693
050,12,057,"Florida","Hillsborough County",3,47,18634,9224,9410
050,12,057,"Florida","Hillsborough County",3,48,19245,9572,9673
050,12,057,"Florida","Hillsborough County",3,49,20030,9950,10080
050,12,057,"Florida","Hillsborough County",3,50,20979,10518,10461
050,12,057,"Florida","Hillsborough County",3,51,20219,10158,10061
050,12,057,"Florida","Hillsborough County",3,52,19142,9626,9516
050,12,057,"Florida","Hillsborough County",3,53,18420,9162,9258
050,12,057,"Florida","Hillsborough County",3,54,18247,9053,9194
050,12,057,"Florida","Hillsborough County",3,55,18689,9252,9437
050,12,057,"Florida","Hillsborough County",3,56,19125,9359,9766
050,12,057,"Florida","Hillsborough County",3,57,19318,9537,9781
050,12,057,"Florida","Hillsborough County",3,58,19148,9449,9699
050,12,057,"Florida","Hillsborough County",3,59,18765,9232,9533
050,12,057,"Florida","Hillsborough County",3,60,18304,8875,9429
050,12,057,"Florida","Hillsborough County",3,61,17759,8629,9130
050,12,057,"Florida","Hillsborough County",3,62,17120,8396,8724
050,12,057,"Florida","Hillsborough County",3,63,16709,8054,8655
050,12,057,"Florida","Hillsborough County",3,64,16503,7871,8632
050,12,057,"Florida","Hillsborough County",3,65,15775,7497,8278
050,12,057,"Florida","Hillsborough County",3,66,15195,7077,8118
050,12,057,"Florida","Hillsborough County",3,67,14577,6726,7851
050,12,057,"Florida","Hillsborough County",3,68,14043,6441,7602
050,12,057,"Florida","Hillsborough County",3,69,13552,6284,7268
050,12,057,"Florida","Hillsborough County",3,70,12839,5960,6879
050,12,057,"Florida","Hillsborough County",3,71,12198,5540,6658
050,12,057,"Florida","Hillsborough County",3,72,12003,5479,6524
050,12,057,"Florida","Hillsborough County",3,73,11650,5331,6319
050,12,057,"Florida","Hillsborough County",3,74,12265,5711,6554
050,12,057,"Florida","Hillsborough County",3,75,8987,4109,4878
050,12,057,"Florida","Hillsborough County",3,76,8214,3666,4548
050,12,057,"Florida","Hillsborough County",3,77,7808,3437,4371
050,12,057,"Florida","Hillsborough County",3,78,7727,3414,4313
050,12,057,"Florida","Hillsborough County",3,79,6552,2916,3636
050,12,057,"Florida","Hillsborough County",3,80,5906,2534,3372
050,12,057,"Florida","Hillsborough County",3,81,5355,2224,3131
050,12,057,"Florida","Hillsborough County",3,82,4833,2019,2814
050,12,057,"Florida","Hillsborough County",3,83,4495,1843,2652
050,12,057,"Florida","Hillsborough County",3,84,3946,1603,2343
050,12,057,"Florida","Hillsborough County",3,85,22834,8438,14396
050,12,057,"Florida","Hillsborough County",4,0,17365,8963,8402
050,12,057,"Florida","Hillsborough County",4,1,16824,8589,8235
050,12,057,"Florida","Hillsborough County",4,2,16969,8680,8289
050,12,057,"Florida","Hillsborough County",4,3,17188,8828,8360
050,12,057,"Florida","Hillsborough County",4,4,17675,8997,8678
050,12,057,"Florida","Hillsborough County",4,5,17863,9173,8690
050,12,057,"Florida","Hillsborough County",4,6,18339,9380,8959
050,12,057,"Florida","Hillsborough County",4,7,18413,9411,9002
050,12,057,"Florida","Hillsborough County",4,8,18596,9550,9046
050,12,057,"Florida","Hillsborough County",4,9,18450,9490,8960
050,12,057,"Florida","Hillsborough County",4,10,18259,9406,8853
050,12,057,"Florida","Hillsborough County",4,11,18468,9500,8968
050,12,057,"Florida","Hillsborough County",4,12,18506,9533,8973
050,12,057,"Florida","Hillsborough County",4,13,18724,9666,9058
050,12,057,"Florida","Hillsborough County",4,14,19484,10054,9430
050,12,057,"Florida","Hillsborough County",4,15,19355,9969,9386
050,12,057,"Florida","Hillsborough County",4,16,19005,9767,9238
050,12,057,"Florida","Hillsborough County",4,17,18682,9591,9091
050,12,057,"Florida","Hillsborough County",4,18,20017,10155,9862
050,12,057,"Florida","Hillsborough County",4,19,20485,10146,10339
050,12,057,"Florida","Hillsborough County",4,20,18987,9409,9578
050,12,057,"Florida","Hillsborough County",4,21,18774,9216,9558
050,12,057,"Florida","Hillsborough County",4,22,19198,9547,9651
050,12,057,"Florida","Hillsborough County",4,23,19644,9788,9856
050,12,057,"Florida","Hillsborough County",4,24,20206,10107,10099
050,12,057,"Florida","Hillsborough County",4,25,20606,10220,10386
050,12,057,"Florida","Hillsborough County",4,26,21154,10470,10684
050,12,057,"Florida","Hillsborough County",4,27,21551,10757,10794
050,12,057,"Florida","Hillsborough County",4,28,22038,10948,11090
050,12,057,"Florida","Hillsborough County",4,29,22290,11195,11095
050,12,057,"Florida","Hillsborough County",4,30,23033,11400,11633
050,12,057,"Florida","Hillsborough County",4,31,23844,11794,12050
050,12,057,"Florida","Hillsborough County",4,32,24341,12092,12249
050,12,057,"Florida","Hillsborough County",4,33,23416,11631,11785
050,12,057,"Florida","Hillsborough County",4,34,22860,11481,11379
050,12,057,"Florida","Hillsborough County",4,35,22424,11359,11065
050,12,057,"Florida","Hillsborough County",4,36,22443,11300,11143
050,12,057,"Florida","Hillsborough County",4,37,22299,11114,11185
050,12,057,"Florida","Hillsborough County",4,38,21682,10864,10818
050,12,057,"Florida","Hillsborough County",4,39,22009,11011,10998
050,12,057,"Florida","Hillsborough County",4,40,21962,10878,11084
050,12,057,"Florida","Hillsborough County",4,41,21455,10635,10820
050,12,057,"Florida","Hillsborough County",4,42,21315,10665,10650
050,12,057,"Florida","Hillsborough County",4,43,20402,10220,10182
050,12,057,"Florida","Hillsborough County",4,44,20067,10049,10018
050,12,057,"Florida","Hillsborough County",4,45,19711,9806,9905
050,12,057,"Florida","Hillsborough County",4,46,19263,9496,9767
050,12,057,"Florida","Hillsborough County",4,47,19307,9459,9848
050,12,057,"Florida","Hillsborough County",4,48,18813,9315,9498
050,12,057,"Florida","Hillsborough County",4,49,19413,9689,9724
050,12,057,"Florida","Hillsborough County",4,50,20172,10025,10147
050,12,057,"Florida","Hillsborough County",4,51,20962,10435,10527
050,12,057,"Florida","Hillsborough County",4,52,20326,10136,10190
050,12,057,"Florida","Hillsborough County",4,53,19134,9631,9503
050,12,057,"Florida","Hillsborough County",4,54,18574,9218,9356
050,12,057,"Florida","Hillsborough County",4,55,18384,9126,9258
050,12,057,"Florida","Hillsborough County",4,56,18671,9157,9514
050,12,057,"Florida","Hillsborough County",4,57,19251,9387,9864
050,12,057,"Florida","Hillsborough County",4,58,19299,9526,9773
050,12,057,"Florida","Hillsborough County",4,59,19088,9389,9699
050,12,057,"Florida","Hillsborough County",4,60,18727,9202,9525
050,12,057,"Florida","Hillsborough County",4,61,18160,8817,9343
050,12,057,"Florida","Hillsborough County",4,62,17736,8634,9102
050,12,057,"Florida","Hillsborough County",4,63,17033,8334,8699
050,12,057,"Florida","Hillsborough County",4,64,16595,7992,8603
050,12,057,"Florida","Hillsborough County",4,65,16380,7753,8627
050,12,057,"Florida","Hillsborough County",4,66,15572,7370,8202
050,12,057,"Florida","Hillsborough County",4,67,14950,6944,8006
050,12,057,"Florida","Hillsborough County",4,68,14385,6566,7819
050,12,057,"Florida","Hillsborough County",4,69,13793,6304,7489
050,12,057,"Florida","Hillsborough County",4,70,13345,6139,7206
050,12,057,"Florida","Hillsborough County",4,71,12629,5800,6829
050,12,057,"Florida","Hillsborough County",4,72,12018,5447,6571
050,12,057,"Florida","Hillsborough County",4,73,11594,5203,6391
050,12,057,"Florida","Hillsborough County",4,74,11380,5195,6185
050,12,057,"Florida","Hillsborough County",4,75,11959,5522,6437
050,12,057,"Florida","Hillsborough County",4,76,8744,3942,4802
050,12,057,"Florida","Hillsborough County",4,77,7962,3509,4453
050,12,057,"Florida","Hillsborough County",4,78,7503,3252,4251
050,12,057,"Florida","Hillsborough County",4,79,7416,3282,4134
050,12,057,"Florida","Hillsborough County",4,80,6305,2781,3524
050,12,057,"Florida","Hillsborough County",4,81,5574,2362,3212
050,12,057,"Florida","Hillsborough County",4,82,5049,2089,2960
050,12,057,"Florida","Hillsborough County",4,83,4472,1824,2648
050,12,057,"Florida","Hillsborough County",4,84,4128,1661,2467
050,12,057,"Florida","Hillsborough County",4,85,23029,8557,14472
050,12,057,"Florida","Hillsborough County",5,0,17481,9034,8447
050,12,057,"Florida","Hillsborough County",5,1,17511,9109,8402
050,12,057,"Florida","Hillsborough County",5,2,17029,8717,8312
050,12,057,"Florida","Hillsborough County",5,3,16978,8683,8295
050,12,057,"Florida","Hillsborough County",5,4,17436,8969,8467
050,12,057,"Florida","Hillsborough County",5,5,17915,9140,8775
050,12,057,"Florida","Hillsborough County",5,6,18077,9260,8817
050,12,057,"Florida","Hillsborough County",5,7,18488,9479,9009
050,12,057,"Florida","Hillsborough County",5,8,18514,9483,9031
050,12,057,"Florida","Hillsborough County",5,9,18722,9690,9032
050,12,057,"Florida","Hillsborough County",5,10,18685,9554,9131
050,12,057,"Florida","Hillsborough County",5,11,18392,9495,8897
050,12,057,"Florida","Hillsborough County",5,12,18515,9522,8993
050,12,057,"Florida","Hillsborough County",5,13,18626,9590,9036
050,12,057,"Florida","Hillsborough County",5,14,18812,9658,9154
050,12,057,"Florida","Hillsborough County",5,15,19565,10053,9512
050,12,057,"Florida","Hillsborough County",5,16,19638,10139,9499
050,12,057,"Florida","Hillsborough County",5,17,19176,9812,9364
050,12,057,"Florida","Hillsborough County",5,18,20354,10279,10075
050,12,057,"Florida","Hillsborough County",5,19,20800,10380,10420
050,12,057,"Florida","Hillsborough County",5,20,19086,9548,9538
050,12,057,"Florida","Hillsborough County",5,21,18721,9298,9423
050,12,057,"Florida","Hillsborough County",5,22,19293,9466,9827
050,12,057,"Florida","Hillsborough County",5,23,20357,10107,10250
050,12,057,"Florida","Hillsborough County",5,24,20834,10420,10414
050,12,057,"Florida","Hillsborough County",5,25,21153,10695,10458
050,12,057,"Florida","Hillsborough County",5,26,21534,10712,10822
050,12,057,"Florida","Hillsborough County",5,27,21747,10776,10971
050,12,057,"Florida","Hillsborough County",5,28,22049,11035,11014
050,12,057,"Florida","Hillsborough County",5,29,22357,11142,11215
050,12,057,"Florida","Hillsborough County",5,30,22714,11401,11313
050,12,057,"Florida","Hillsborough County",5,31,23516,11764,11752
050,12,057,"Florida","Hillsborough County",5,32,24233,12094,12139
050,12,057,"Florida","Hillsborough County",5,33,24546,12222,12324
050,12,057,"Florida","Hillsborough County",5,34,23792,11930,11862
050,12,057,"Florida","Hillsborough County",5,35,23026,11633,11393
050,12,057,"Florida","Hillsborough County",5,36,22654,11495,11159
050,12,057,"Florida","Hillsborough County",5,37,22702,11413,11289
050,12,057,"Florida","Hillsborough County",5,38,22416,11206,11210
050,12,057,"Florida","Hillsborough County",5,39,21974,11006,10968
050,12,057,"Florida","Hillsborough County",5,40,22237,11115,11122
050,12,057,"Florida","Hillsborough County",5,41,22148,10939,11209
050,12,057,"Florida","Hillsborough County",5,42,21504,10625,10879
050,12,057,"Florida","Hillsborough County",5,43,21295,10658,10637
050,12,057,"Florida","Hillsborough County",5,44,20581,10383,10198
050,12,057,"Florida","Hillsborough County",5,45,20225,10084,10141
050,12,057,"Florida","Hillsborough County",5,46,19790,9750,10040
050,12,057,"Florida","Hillsborough County",5,47,19539,9681,9858
050,12,057,"Florida","Hillsborough County",5,48,19430,9451,9979
050,12,057,"Florida","Hillsborough County",5,49,18920,9368,9552
050,12,057,"Florida","Hillsborough County",5,50,19481,9723,9758
050,12,057,"Florida","Hillsborough County",5,51,20139,9989,10150
050,12,057,"Florida","Hillsborough County",5,52,21082,10519,10563
050,12,057,"Florida","Hillsborough County",5,53,20349,10124,10225
050,12,057,"Florida","Hillsborough County",5,54,19199,9607,9592
050,12,057,"Florida","Hillsborough County",5,55,18578,9201,9377
050,12,057,"Florida","Hillsborough County",5,56,18378,9101,9277
050,12,057,"Florida","Hillsborough County",5,57,18614,9120,9494
050,12,057,"Florida","Hillsborough County",5,58,19166,9315,9851
050,12,057,"Florida","Hillsborough County",5,59,19113,9447,9666
050,12,057,"Florida","Hillsborough County",5,60,19049,9394,9655
050,12,057,"Florida","Hillsborough County",5,61,18602,9134,9468
050,12,057,"Florida","Hillsborough County",5,62,18069,8693,9376
050,12,057,"Florida","Hillsborough County",5,63,17742,8551,9191
050,12,057,"Florida","Hillsborough County",5,64,16939,8228,8711
050,12,057,"Florida","Hillsborough County",5,65,16450,7936,8514
050,12,057,"Florida","Hillsborough County",5,66,16160,7635,8525
050,12,057,"Florida","Hillsborough County",5,67,15259,7208,8051
050,12,057,"Florida","Hillsborough County",5,68,14669,6764,7905
050,12,057,"Florida","Hillsborough County",5,69,14137,6440,7697
050,12,057,"Florida","Hillsborough County",5,70,13552,6167,7385
050,12,057,"Florida","Hillsborough County",5,71,13107,6006,7101
050,12,057,"Florida","Hillsborough County",5,72,12492,5745,6747
050,12,057,"Florida","Hillsborough County",5,73,11676,5223,6453
050,12,057,"Florida","Hillsborough County",5,74,11406,5124,6282
050,12,057,"Florida","Hillsborough County",5,75,11104,5043,6061
050,12,057,"Florida","Hillsborough County",5,76,11578,5303,6275
050,12,057,"Florida","Hillsborough County",5,77,8454,3777,4677
050,12,057,"Florida","Hillsborough County",5,78,7704,3365,4339
050,12,057,"Florida","Hillsborough County",5,79,7251,3123,4128
050,12,057,"Florida","Hillsborough County",5,80,7162,3141,4021
050,12,057,"Florida","Hillsborough County",5,81,5966,2607,3359
050,12,057,"Florida","Hillsborough County",5,82,5280,2207,3073
050,12,057,"Florida","Hillsborough County",5,83,4725,1916,2809
050,12,057,"Florida","Hillsborough County",5,84,4214,1694,2520
050,12,057,"Florida","Hillsborough County",5,85,23631,8827,14804
050,12,059,"Florida","Holmes County",1,0,187,97,90
050,12,059,"Florida","Holmes County",1,1,199,111,88
050,12,059,"Florida","Holmes County",1,2,221,118,103
050,12,059,"Florida","Holmes County",1,3,200,102,98
050,12,059,"Florida","Holmes County",1,4,226,102,124
050,12,059,"Florida","Holmes County",1,5,234,113,121
050,12,059,"Florida","Holmes County",1,6,191,105,86
050,12,059,"Florida","Holmes County",1,7,196,108,88
050,12,059,"Florida","Holmes County",1,8,203,98,105
050,12,059,"Florida","Holmes County",1,9,218,107,111
050,12,059,"Florida","Holmes County",1,10,243,117,126
050,12,059,"Florida","Holmes County",1,11,239,121,118
050,12,059,"Florida","Holmes County",1,12,252,142,110
050,12,059,"Florida","Holmes County",1,13,231,126,105
050,12,059,"Florida","Holmes County",1,14,248,129,119
050,12,059,"Florida","Holmes County",1,15,262,139,123
050,12,059,"Florida","Holmes County",1,16,244,136,108
050,12,059,"Florida","Holmes County",1,17,226,122,104
050,12,059,"Florida","Holmes County",1,18,186,101,85
050,12,059,"Florida","Holmes County",1,19,151,81,70
050,12,059,"Florida","Holmes County",1,20,205,121,84
050,12,059,"Florida","Holmes County",1,21,257,179,78
050,12,059,"Florida","Holmes County",1,22,260,184,76
050,12,059,"Florida","Holmes County",1,23,252,159,93
050,12,059,"Florida","Holmes County",1,24,249,148,101
050,12,059,"Florida","Holmes County",1,25,269,164,105
050,12,059,"Florida","Holmes County",1,26,255,160,95
050,12,059,"Florida","Holmes County",1,27,244,160,84
050,12,059,"Florida","Holmes County",1,28,264,172,92
050,12,059,"Florida","Holmes County",1,29,267,159,108
050,12,059,"Florida","Holmes County",1,30,256,143,113
050,12,059,"Florida","Holmes County",1,31,262,145,117
050,12,059,"Florida","Holmes County",1,32,241,146,95
050,12,059,"Florida","Holmes County",1,33,226,131,95
050,12,059,"Florida","Holmes County",1,34,235,137,98
050,12,059,"Florida","Holmes County",1,35,202,117,85
050,12,059,"Florida","Holmes County",1,36,250,135,115
050,12,059,"Florida","Holmes County",1,37,261,149,112
050,12,059,"Florida","Holmes County",1,38,234,137,97
050,12,059,"Florida","Holmes County",1,39,253,142,111
050,12,059,"Florida","Holmes County",1,40,228,129,99
050,12,059,"Florida","Holmes County",1,41,218,120,98
050,12,059,"Florida","Holmes County",1,42,237,129,108
050,12,059,"Florida","Holmes County",1,43,228,131,97
050,12,059,"Florida","Holmes County",1,44,224,141,83
050,12,059,"Florida","Holmes County",1,45,251,146,105
050,12,059,"Florida","Holmes County",1,46,262,143,119
050,12,059,"Florida","Holmes County",1,47,264,153,111
050,12,059,"Florida","Holmes County",1,48,288,166,122
050,12,059,"Florida","Holmes County",1,49,259,152,107
050,12,059,"Florida","Holmes County",1,50,262,161,101
050,12,059,"Florida","Holmes County",1,51,263,141,122
050,12,059,"Florida","Holmes County",1,52,264,133,131
050,12,059,"Florida","Holmes County",1,53,247,129,118
050,12,059,"Florida","Holmes County",1,54,254,138,116
050,12,059,"Florida","Holmes County",1,55,257,122,135
050,12,059,"Florida","Holmes County",1,56,277,137,140
050,12,059,"Florida","Holmes County",1,57,244,127,117
050,12,059,"Florida","Holmes County",1,58,277,145,132
050,12,059,"Florida","Holmes County",1,59,290,153,137
050,12,059,"Florida","Holmes County",1,60,276,126,150
050,12,059,"Florida","Holmes County",1,61,293,148,145
050,12,059,"Florida","Holmes County",1,62,286,140,146
050,12,059,"Florida","Holmes County",1,63,268,129,139
050,12,059,"Florida","Holmes County",1,64,246,124,122
050,12,059,"Florida","Holmes County",1,65,232,124,108
050,12,059,"Florida","Holmes County",1,66,244,124,120
050,12,059,"Florida","Holmes County",1,67,257,118,139
050,12,059,"Florida","Holmes County",1,68,213,101,112
050,12,059,"Florida","Holmes County",1,69,213,94,119
050,12,059,"Florida","Holmes County",1,70,223,108,115
050,12,059,"Florida","Holmes County",1,71,203,98,105
050,12,059,"Florida","Holmes County",1,72,207,106,101
050,12,059,"Florida","Holmes County",1,73,218,96,122
050,12,059,"Florida","Holmes County",1,74,155,67,88
050,12,059,"Florida","Holmes County",1,75,152,71,81
050,12,059,"Florida","Holmes County",1,76,181,95,86
050,12,059,"Florida","Holmes County",1,77,173,85,88
050,12,059,"Florida","Holmes County",1,78,143,64,79
050,12,059,"Florida","Holmes County",1,79,130,60,70
050,12,059,"Florida","Holmes County",1,80,128,55,73
050,12,059,"Florida","Holmes County",1,81,110,51,59
050,12,059,"Florida","Holmes County",1,82,98,45,53
050,12,059,"Florida","Holmes County",1,83,92,37,55
050,12,059,"Florida","Holmes County",1,84,104,39,65
050,12,059,"Florida","Holmes County",1,85,421,170,251
050,12,059,"Florida","Holmes County",2,0,185,106,79
050,12,059,"Florida","Holmes County",2,1,196,108,88
050,12,059,"Florida","Holmes County",2,2,213,113,100
050,12,059,"Florida","Holmes County",2,3,206,105,101
050,12,059,"Florida","Holmes County",2,4,219,103,116
050,12,059,"Florida","Holmes County",2,5,232,110,122
050,12,059,"Florida","Holmes County",2,6,202,106,96
050,12,059,"Florida","Holmes County",2,7,194,105,89
050,12,059,"Florida","Holmes County",2,8,200,99,101
050,12,059,"Florida","Holmes County",2,9,217,106,111
050,12,059,"Florida","Holmes County",2,10,236,113,123
050,12,059,"Florida","Holmes County",2,11,241,122,119
050,12,059,"Florida","Holmes County",2,12,252,140,112
050,12,059,"Florida","Holmes County",2,13,236,130,106
050,12,059,"Florida","Holmes County",2,14,243,128,115
050,12,059,"Florida","Holmes County",2,15,261,140,121
050,12,059,"Florida","Holmes County",2,16,249,137,112
050,12,059,"Florida","Holmes County",2,17,232,125,107
050,12,059,"Florida","Holmes County",2,18,187,102,85
050,12,059,"Florida","Holmes County",2,19,152,83,69
050,12,059,"Florida","Holmes County",2,20,203,117,86
050,12,059,"Florida","Holmes County",2,21,256,174,82
050,12,059,"Florida","Holmes County",2,22,260,181,79
050,12,059,"Florida","Holmes County",2,23,246,157,89
050,12,059,"Florida","Holmes County",2,24,245,146,99
050,12,059,"Florida","Holmes County",2,25,259,157,102
050,12,059,"Florida","Holmes County",2,26,254,157,97
050,12,059,"Florida","Holmes County",2,27,243,156,87
050,12,059,"Florida","Holmes County",2,28,258,168,90
050,12,059,"Florida","Holmes County",2,29,259,155,104
050,12,059,"Florida","Holmes County",2,30,261,149,112
050,12,059,"Florida","Holmes County",2,31,255,140,115
050,12,059,"Florida","Holmes County",2,32,242,143,99
050,12,059,"Florida","Holmes County",2,33,228,132,96
050,12,059,"Florida","Holmes County",2,34,233,137,96
050,12,059,"Florida","Holmes County",2,35,210,120,90
050,12,059,"Florida","Holmes County",2,36,239,133,106
050,12,059,"Florida","Holmes County",2,37,250,140,110
050,12,059,"Florida","Holmes County",2,38,240,137,103
050,12,059,"Florida","Holmes County",2,39,248,140,108
050,12,059,"Florida","Holmes County",2,40,234,132,102
050,12,059,"Florida","Holmes County",2,41,220,121,99
050,12,059,"Florida","Holmes County",2,42,231,126,105
050,12,059,"Florida","Holmes County",2,43,227,127,100
050,12,059,"Florida","Holmes County",2,44,223,137,86
050,12,059,"Florida","Holmes County",2,45,245,143,102
050,12,059,"Florida","Holmes County",2,46,260,145,115
050,12,059,"Florida","Holmes County",2,47,261,149,112
050,12,059,"Florida","Holmes County",2,48,287,166,121
050,12,059,"Florida","Holmes County",2,49,261,149,112
050,12,059,"Florida","Holmes County",2,50,258,156,102
050,12,059,"Florida","Holmes County",2,51,263,147,116
050,12,059,"Florida","Holmes County",2,52,263,134,129
050,12,059,"Florida","Holmes County",2,53,248,127,121
050,12,059,"Florida","Holmes County",2,54,248,132,116
050,12,059,"Florida","Holmes County",2,55,254,124,130
050,12,059,"Florida","Holmes County",2,56,273,137,136
050,12,059,"Florida","Holmes County",2,57,250,127,123
050,12,059,"Florida","Holmes County",2,58,266,138,128
050,12,059,"Florida","Holmes County",2,59,282,147,135
050,12,059,"Florida","Holmes County",2,60,277,130,147
050,12,059,"Florida","Holmes County",2,61,288,142,146
050,12,059,"Florida","Holmes County",2,62,287,141,146
050,12,059,"Florida","Holmes County",2,63,277,135,142
050,12,059,"Florida","Holmes County",2,64,246,123,123
050,12,059,"Florida","Holmes County",2,65,234,125,109
050,12,059,"Florida","Holmes County",2,66,239,122,117
050,12,059,"Florida","Holmes County",2,67,255,121,134
050,12,059,"Florida","Holmes County",2,68,222,105,117
050,12,059,"Florida","Holmes County",2,69,216,97,119
050,12,059,"Florida","Holmes County",2,70,218,103,115
050,12,059,"Florida","Holmes County",2,71,209,102,107
050,12,059,"Florida","Holmes County",2,72,203,101,102
050,12,059,"Florida","Holmes County",2,73,224,103,121
050,12,059,"Florida","Holmes County",2,74,158,68,90
050,12,059,"Florida","Holmes County",2,75,149,68,81
050,12,059,"Florida","Holmes County",2,76,173,88,85
050,12,059,"Florida","Holmes County",2,77,175,87,88
050,12,059,"Florida","Holmes County",2,78,143,66,77
050,12,059,"Florida","Holmes County",2,79,131,61,70
050,12,059,"Florida","Holmes County",2,80,125,54,71
050,12,059,"Florida","Holmes County",2,81,113,52,61
050,12,059,"Florida","Holmes County",2,82,101,47,54
050,12,059,"Florida","Holmes County",2,83,92,39,53
050,12,059,"Florida","Holmes County",2,84,100,38,62
050,12,059,"Florida","Holmes County",2,85,427,171,256
050,12,059,"Florida","Holmes County",3,0,208,107,101
050,12,059,"Florida","Holmes County",3,1,202,110,92
050,12,059,"Florida","Holmes County",3,2,206,107,99
050,12,059,"Florida","Holmes County",3,3,214,113,101
050,12,059,"Florida","Holmes County",3,4,203,111,92
050,12,059,"Florida","Holmes County",3,5,224,104,120
050,12,059,"Florida","Holmes County",3,6,222,104,118
050,12,059,"Florida","Holmes County",3,7,227,120,107
050,12,059,"Florida","Holmes County",3,8,213,107,106
050,12,059,"Florida","Holmes County",3,9,221,107,114
050,12,059,"Florida","Holmes County",3,10,216,111,105
050,12,059,"Florida","Holmes County",3,11,235,112,123
050,12,059,"Florida","Holmes County",3,12,239,119,120
050,12,059,"Florida","Holmes County",3,13,256,140,116
050,12,059,"Florida","Holmes County",3,14,241,129,112
050,12,059,"Florida","Holmes County",3,15,270,147,123
050,12,059,"Florida","Holmes County",3,16,253,128,125
050,12,059,"Florida","Holmes County",3,17,247,136,111
050,12,059,"Florida","Holmes County",3,18,211,112,99
050,12,059,"Florida","Holmes County",3,19,155,87,68
050,12,059,"Florida","Holmes County",3,20,174,99,75
050,12,059,"Florida","Holmes County",3,21,224,141,83
050,12,059,"Florida","Holmes County",3,22,248,163,85
050,12,059,"Florida","Holmes County",3,23,237,155,82
050,12,059,"Florida","Holmes County",3,24,232,138,94
050,12,059,"Florida","Holmes County",3,25,232,137,95
050,12,059,"Florida","Holmes County",3,26,235,141,94
050,12,059,"Florida","Holmes County",3,27,235,144,91
050,12,059,"Florida","Holmes County",3,28,242,147,95
050,12,059,"Florida","Holmes County",3,29,244,142,102
050,12,059,"Florida","Holmes County",3,30,263,160,103
050,12,059,"Florida","Holmes County",3,31,232,130,102
050,12,059,"Florida","Holmes County",3,32,251,133,118
050,12,059,"Florida","Holmes County",3,33,225,122,103
050,12,059,"Florida","Holmes County",3,34,226,127,99
050,12,059,"Florida","Holmes County",3,35,218,120,98
050,12,059,"Florida","Holmes County",3,36,228,127,101
050,12,059,"Florida","Holmes County",3,37,232,127,105
050,12,059,"Florida","Holmes County",3,38,235,128,107
050,12,059,"Florida","Holmes County",3,39,244,135,109
050,12,059,"Florida","Holmes County",3,40,237,127,110
050,12,059,"Florida","Holmes County",3,41,217,123,94
050,12,059,"Florida","Holmes County",3,42,219,125,94
050,12,059,"Florida","Holmes County",3,43,212,107,105
050,12,059,"Florida","Holmes County",3,44,225,124,101
050,12,059,"Florida","Holmes County",3,45,224,135,89
050,12,059,"Florida","Holmes County",3,46,243,140,103
050,12,059,"Florida","Holmes County",3,47,252,144,108
050,12,059,"Florida","Holmes County",3,48,264,154,110
050,12,059,"Florida","Holmes County",3,49,262,133,129
050,12,059,"Florida","Holmes County",3,50,234,134,100
050,12,059,"Florida","Holmes County",3,51,257,157,100
050,12,059,"Florida","Holmes County",3,52,256,136,120
050,12,059,"Florida","Holmes County",3,53,252,120,132
050,12,059,"Florida","Holmes County",3,54,240,120,120
050,12,059,"Florida","Holmes County",3,55,244,132,112
050,12,059,"Florida","Holmes County",3,56,265,134,131
050,12,059,"Florida","Holmes County",3,57,263,126,137
050,12,059,"Florida","Holmes County",3,58,257,134,123
050,12,059,"Florida","Holmes County",3,59,263,138,125
050,12,059,"Florida","Holmes County",3,60,277,144,133
050,12,059,"Florida","Holmes County",3,61,284,134,150
050,12,059,"Florida","Holmes County",3,62,283,133,150
050,12,059,"Florida","Holmes County",3,63,276,142,134
050,12,059,"Florida","Holmes County",3,64,268,127,141
050,12,059,"Florida","Holmes County",3,65,245,121,124
050,12,059,"Florida","Holmes County",3,66,220,112,108
050,12,059,"Florida","Holmes County",3,67,247,128,119
050,12,059,"Florida","Holmes County",3,68,230,103,127
050,12,059,"Florida","Holmes County",3,69,213,100,113
050,12,059,"Florida","Holmes County",3,70,201,90,111
050,12,059,"Florida","Holmes County",3,71,213,102,111
050,12,059,"Florida","Holmes County",3,72,195,92,103
050,12,059,"Florida","Holmes County",3,73,203,100,103
050,12,059,"Florida","Holmes County",3,74,221,103,118
050,12,059,"Florida","Holmes County",3,75,139,59,80
050,12,059,"Florida","Holmes County",3,76,151,69,82
050,12,059,"Florida","Holmes County",3,77,162,86,76
050,12,059,"Florida","Holmes County",3,78,168,78,90
050,12,059,"Florida","Holmes County",3,79,136,61,75
050,12,059,"Florida","Holmes County",3,80,120,53,67
050,12,059,"Florida","Holmes County",3,81,123,53,70
050,12,059,"Florida","Holmes County",3,82,111,51,60
050,12,059,"Florida","Holmes County",3,83,88,41,47
050,12,059,"Florida","Holmes County",3,84,90,37,53
050,12,059,"Florida","Holmes County",3,85,439,170,269
050,12,059,"Florida","Holmes County",4,0,201,98,103
050,12,059,"Florida","Holmes County",4,1,212,106,106
050,12,059,"Florida","Holmes County",4,2,193,110,83
050,12,059,"Florida","Holmes County",4,3,214,112,102
050,12,059,"Florida","Holmes County",4,4,212,116,96
050,12,059,"Florida","Holmes County",4,5,208,109,99
050,12,059,"Florida","Holmes County",4,6,239,112,127
050,12,059,"Florida","Holmes County",4,7,217,104,113
050,12,059,"Florida","Holmes County",4,8,238,124,114
050,12,059,"Florida","Holmes County",4,9,210,105,105
050,12,059,"Florida","Holmes County",4,10,226,115,111
050,12,059,"Florida","Holmes County",4,11,224,119,105
050,12,059,"Florida","Holmes County",4,12,230,105,125
050,12,059,"Florida","Holmes County",4,13,245,120,125
050,12,059,"Florida","Holmes County",4,14,266,151,115
050,12,059,"Florida","Holmes County",4,15,253,140,113
050,12,059,"Florida","Holmes County",4,16,258,143,115
050,12,059,"Florida","Holmes County",4,17,248,120,128
050,12,059,"Florida","Holmes County",4,18,210,115,95
050,12,059,"Florida","Holmes County",4,19,175,103,72
050,12,059,"Florida","Holmes County",4,20,195,119,76
050,12,059,"Florida","Holmes County",4,21,222,148,74
050,12,059,"Florida","Holmes County",4,22,259,165,94
050,12,059,"Florida","Holmes County",4,23,248,161,87
050,12,059,"Florida","Holmes County",4,24,245,165,80
050,12,059,"Florida","Holmes County",4,25,248,149,99
050,12,059,"Florida","Holmes County",4,26,240,146,94
050,12,059,"Florida","Holmes County",4,27,239,139,100
050,12,059,"Florida","Holmes County",4,28,253,153,100
050,12,059,"Florida","Holmes County",4,29,245,145,100
050,12,059,"Florida","Holmes County",4,30,256,154,102
050,12,059,"Florida","Holmes County",4,31,266,157,109
050,12,059,"Florida","Holmes County",4,32,243,143,100
050,12,059,"Florida","Holmes County",4,33,256,133,123
050,12,059,"Florida","Holmes County",4,34,240,136,104
050,12,059,"Florida","Holmes County",4,35,229,127,102
050,12,059,"Florida","Holmes County",4,36,244,139,105
050,12,059,"Florida","Holmes County",4,37,232,128,104
050,12,059,"Florida","Holmes County",4,38,235,131,104
050,12,059,"Florida","Holmes County",4,39,239,135,104
050,12,059,"Florida","Holmes County",4,40,254,141,113
050,12,059,"Florida","Holmes County",4,41,241,130,111
050,12,059,"Florida","Holmes County",4,42,230,133,97
050,12,059,"Florida","Holmes County",4,43,224,129,95
050,12,059,"Florida","Holmes County",4,44,224,115,109
050,12,059,"Florida","Holmes County",4,45,222,123,99
050,12,059,"Florida","Holmes County",4,46,229,140,89
050,12,059,"Florida","Holmes County",4,47,250,154,96
050,12,059,"Florida","Holmes County",4,48,278,168,110
050,12,059,"Florida","Holmes County",4,49,256,140,116
050,12,059,"Florida","Holmes County",4,50,255,128,127
050,12,059,"Florida","Holmes County",4,51,241,140,101
050,12,059,"Florida","Holmes County",4,52,268,162,106
050,12,059,"Florida","Holmes County",4,53,258,131,127
050,12,059,"Florida","Holmes County",4,54,255,121,134
050,12,059,"Florida","Holmes County",4,55,255,131,124
050,12,059,"Florida","Holmes County",4,56,264,149,115
050,12,059,"Florida","Holmes County",4,57,252,118,134
050,12,059,"Florida","Holmes County",4,58,288,139,149
050,12,059,"Florida","Holmes County",4,59,258,132,126
050,12,059,"Florida","Holmes County",4,60,252,126,126
050,12,059,"Florida","Holmes County",4,61,272,143,129
050,12,059,"Florida","Holmes County",4,62,295,142,153
050,12,059,"Florida","Holmes County",4,63,283,140,143
050,12,059,"Florida","Holmes County",4,64,282,136,146
050,12,059,"Florida","Holmes County",4,65,270,126,144
050,12,059,"Florida","Holmes County",4,66,240,110,130
050,12,059,"Florida","Holmes County",4,67,223,114,109
050,12,059,"Florida","Holmes County",4,68,231,118,113
050,12,059,"Florida","Holmes County",4,69,227,99,128
050,12,059,"Florida","Holmes County",4,70,200,91,109
050,12,059,"Florida","Holmes County",4,71,198,92,106
050,12,059,"Florida","Holmes County",4,72,203,98,105
050,12,059,"Florida","Holmes County",4,73,194,91,103
050,12,059,"Florida","Holmes County",4,74,194,96,98
050,12,059,"Florida","Holmes County",4,75,202,93,109
050,12,059,"Florida","Holmes County",4,76,141,58,83
050,12,059,"Florida","Holmes County",4,77,139,63,76
050,12,059,"Florida","Holmes County",4,78,145,73,72
050,12,059,"Florida","Holmes County",4,79,156,68,88
050,12,059,"Florida","Holmes County",4,80,123,55,68
050,12,059,"Florida","Holmes County",4,81,112,52,60
050,12,059,"Florida","Holmes County",4,82,118,49,69
050,12,059,"Florida","Holmes County",4,83,99,47,52
050,12,059,"Florida","Holmes County",4,84,91,41,50
050,12,059,"Florida","Holmes County",4,85,448,171,277
050,12,059,"Florida","Holmes County",5,0,226,114,112
050,12,059,"Florida","Holmes County",5,1,200,92,108
050,12,059,"Florida","Holmes County",5,2,218,106,112
050,12,059,"Florida","Holmes County",5,3,194,113,81
050,12,059,"Florida","Holmes County",5,4,219,119,100
050,12,059,"Florida","Holmes County",5,5,200,107,93
050,12,059,"Florida","Holmes County",5,6,217,118,99
050,12,059,"Florida","Holmes County",5,7,225,99,126
050,12,059,"Florida","Holmes County",5,8,230,114,116
050,12,059,"Florida","Holmes County",5,9,231,122,109
050,12,059,"Florida","Holmes County",5,10,223,118,105
050,12,059,"Florida","Holmes County",5,11,232,117,115
050,12,059,"Florida","Holmes County",5,12,230,120,110
050,12,059,"Florida","Holmes County",5,13,236,114,122
050,12,059,"Florida","Holmes County",5,14,236,117,119
050,12,059,"Florida","Holmes County",5,15,290,172,118
050,12,059,"Florida","Holmes County",5,16,254,138,116
050,12,059,"Florida","Holmes County",5,17,257,137,120
050,12,059,"Florida","Holmes County",5,18,206,111,95
050,12,059,"Florida","Holmes County",5,19,177,102,75
050,12,059,"Florida","Holmes County",5,20,222,135,87
050,12,059,"Florida","Holmes County",5,21,234,152,82
050,12,059,"Florida","Holmes County",5,22,226,152,74
050,12,059,"Florida","Holmes County",5,23,251,155,96
050,12,059,"Florida","Holmes County",5,24,243,146,97
050,12,059,"Florida","Holmes County",5,25,241,169,72
050,12,059,"Florida","Holmes County",5,26,257,147,110
050,12,059,"Florida","Holmes County",5,27,238,136,102
050,12,059,"Florida","Holmes County",5,28,244,135,109
050,12,059,"Florida","Holmes County",5,29,251,149,102
050,12,059,"Florida","Holmes County",5,30,267,158,109
050,12,059,"Florida","Holmes County",5,31,245,147,98
050,12,059,"Florida","Holmes County",5,32,267,156,111
050,12,059,"Florida","Holmes County",5,33,241,139,102
050,12,059,"Florida","Holmes County",5,34,271,142,129
050,12,059,"Florida","Holmes County",5,35,236,134,102
050,12,059,"Florida","Holmes County",5,36,241,134,107
050,12,059,"Florida","Holmes County",5,37,246,142,104
050,12,059,"Florida","Holmes County",5,38,235,128,107
050,12,059,"Florida","Holmes County",5,39,250,140,110
050,12,059,"Florida","Holmes County",5,40,236,128,108
050,12,059,"Florida","Holmes County",5,41,262,142,120
050,12,059,"Florida","Holmes County",5,42,262,143,119
050,12,059,"Florida","Holmes County",5,43,231,129,102
050,12,059,"Florida","Holmes County",5,44,227,126,101
050,12,059,"Florida","Holmes County",5,45,223,114,109
050,12,059,"Florida","Holmes County",5,46,219,122,97
050,12,059,"Florida","Holmes County",5,47,235,143,92
050,12,059,"Florida","Holmes County",5,48,261,163,98
050,12,059,"Florida","Holmes County",5,49,255,148,107
050,12,059,"Florida","Holmes County",5,50,262,140,122
050,12,059,"Florida","Holmes County",5,51,277,145,132
050,12,059,"Florida","Holmes County",5,52,253,139,114
050,12,059,"Florida","Holmes County",5,53,271,163,108
050,12,059,"Florida","Holmes County",5,54,263,131,132
050,12,059,"Florida","Holmes County",5,55,244,120,124
050,12,059,"Florida","Holmes County",5,56,265,140,125
050,12,059,"Florida","Holmes County",5,57,261,138,123
050,12,059,"Florida","Holmes County",5,58,263,123,140
050,12,059,"Florida","Holmes County",5,59,293,141,152
050,12,059,"Florida","Holmes County",5,60,263,131,132
050,12,059,"Florida","Holmes County",5,61,251,127,124
050,12,059,"Florida","Holmes County",5,62,287,150,137
050,12,059,"Florida","Holmes County",5,63,301,149,152
050,12,059,"Florida","Holmes County",5,64,277,133,144
050,12,059,"Florida","Holmes County",5,65,288,139,149
050,12,059,"Florida","Holmes County",5,66,260,121,139
050,12,059,"Florida","Holmes County",5,67,252,114,138
050,12,059,"Florida","Holmes County",5,68,211,106,105
050,12,059,"Florida","Holmes County",5,69,233,117,116
050,12,059,"Florida","Holmes County",5,70,220,99,121
050,12,059,"Florida","Holmes County",5,71,196,91,105
050,12,059,"Florida","Holmes County",5,72,187,87,100
050,12,059,"Florida","Holmes County",5,73,209,98,111
050,12,059,"Florida","Holmes County",5,74,186,90,96
050,12,059,"Florida","Holmes County",5,75,180,88,92
050,12,059,"Florida","Holmes County",5,76,211,95,116
050,12,059,"Florida","Holmes County",5,77,135,54,81
050,12,059,"Florida","Holmes County",5,78,129,55,74
050,12,059,"Florida","Holmes County",5,79,140,67,73
050,12,059,"Florida","Holmes County",5,80,145,62,83
050,12,059,"Florida","Holmes County",5,81,123,56,67
050,12,059,"Florida","Holmes County",5,82,109,53,56
050,12,059,"Florida","Holmes County",5,83,108,45,63
050,12,059,"Florida","Holmes County",5,84,101,46,55
050,12,059,"Florida","Holmes County",5,85,472,181,291
050,12,061,"Florida","Indian River County",1,0,1252,638,614
050,12,061,"Florida","Indian River County",1,1,1284,640,644
050,12,061,"Florida","Indian River County",1,2,1302,673,629
050,12,061,"Florida","Indian River County",1,3,1227,652,575
050,12,061,"Florida","Indian River County",1,4,1305,671,634
050,12,061,"Florida","Indian River County",1,5,1288,654,634
050,12,061,"Florida","Indian River County",1,6,1347,702,645
050,12,061,"Florida","Indian River County",1,7,1295,669,626
050,12,061,"Florida","Indian River County",1,8,1350,688,662
050,12,061,"Florida","Indian River County",1,9,1414,714,700
050,12,061,"Florida","Indian River County",1,10,1339,670,669
050,12,061,"Florida","Indian River County",1,11,1411,703,708
050,12,061,"Florida","Indian River County",1,12,1448,759,689
050,12,061,"Florida","Indian River County",1,13,1507,768,739
050,12,061,"Florida","Indian River County",1,14,1541,769,772
050,12,061,"Florida","Indian River County",1,15,1524,760,764
050,12,061,"Florida","Indian River County",1,16,1538,774,764
050,12,061,"Florida","Indian River County",1,17,1502,778,724
050,12,061,"Florida","Indian River County",1,18,1384,758,626
050,12,061,"Florida","Indian River County",1,19,1143,613,530
050,12,061,"Florida","Indian River County",1,20,1229,646,583
050,12,061,"Florida","Indian River County",1,21,1338,689,649
050,12,061,"Florida","Indian River County",1,22,1384,703,681
050,12,061,"Florida","Indian River County",1,23,1407,753,654
050,12,061,"Florida","Indian River County",1,24,1414,740,674
050,12,061,"Florida","Indian River County",1,25,1472,747,725
050,12,061,"Florida","Indian River County",1,26,1510,782,728
050,12,061,"Florida","Indian River County",1,27,1499,794,705
050,12,061,"Florida","Indian River County",1,28,1520,782,738
050,12,061,"Florida","Indian River County",1,29,1560,813,747
050,12,061,"Florida","Indian River County",1,30,1519,765,754
050,12,061,"Florida","Indian River County",1,31,1522,749,773
050,12,061,"Florida","Indian River County",1,32,1499,750,749
050,12,061,"Florida","Indian River County",1,33,1472,723,749
050,12,061,"Florida","Indian River County",1,34,1427,710,717
050,12,061,"Florida","Indian River County",1,35,1440,728,712
050,12,061,"Florida","Indian River County",1,36,1435,722,713
050,12,061,"Florida","Indian River County",1,37,1511,754,757
050,12,061,"Florida","Indian River County",1,38,1484,743,741
050,12,061,"Florida","Indian River County",1,39,1464,724,740
050,12,061,"Florida","Indian River County",1,40,1483,727,756
050,12,061,"Florida","Indian River County",1,41,1391,651,740
050,12,061,"Florida","Indian River County",1,42,1392,666,726
050,12,061,"Florida","Indian River County",1,43,1342,653,689
050,12,061,"Florida","Indian River County",1,44,1399,734,665
050,12,061,"Florida","Indian River County",1,45,1486,754,732
050,12,061,"Florida","Indian River County",1,46,1468,709,759
050,12,061,"Florida","Indian River County",1,47,1505,716,789
050,12,061,"Florida","Indian River County",1,48,1730,852,878
050,12,061,"Florida","Indian River County",1,49,1828,878,950
050,12,061,"Florida","Indian River County",1,50,1805,877,928
050,12,061,"Florida","Indian River County",1,51,1816,877,939
050,12,061,"Florida","Indian River County",1,52,1835,864,971
050,12,061,"Florida","Indian River County",1,53,1864,882,982
050,12,061,"Florida","Indian River County",1,54,1996,999,997
050,12,061,"Florida","Indian River County",1,55,2183,1073,1110
050,12,061,"Florida","Indian River County",1,56,2249,1054,1195
050,12,061,"Florida","Indian River County",1,57,2304,1072,1232
050,12,061,"Florida","Indian River County",1,58,2427,1114,1313
050,12,061,"Florida","Indian River County",1,59,2595,1198,1397
050,12,061,"Florida","Indian River County",1,60,2645,1210,1435
050,12,061,"Florida","Indian River County",1,61,2671,1192,1479
050,12,061,"Florida","Indian River County",1,62,2732,1198,1534
050,12,061,"Florida","Indian River County",1,63,2706,1196,1510
050,12,061,"Florida","Indian River County",1,64,2716,1231,1485
050,12,061,"Florida","Indian River County",1,65,2778,1278,1500
050,12,061,"Florida","Indian River County",1,66,2817,1282,1535
050,12,061,"Florida","Indian River County",1,67,2830,1300,1530
050,12,061,"Florida","Indian River County",1,68,2880,1355,1525
050,12,061,"Florida","Indian River County",1,69,2817,1280,1537
050,12,061,"Florida","Indian River County",1,70,2900,1325,1575
050,12,061,"Florida","Indian River County",1,71,2896,1383,1513
050,12,061,"Florida","Indian River County",1,72,3122,1473,1649
050,12,061,"Florida","Indian River County",1,73,3259,1567,1692
050,12,061,"Florida","Indian River County",1,74,2347,1096,1251
050,12,061,"Florida","Indian River County",1,75,2325,1093,1232
050,12,061,"Florida","Indian River County",1,76,2368,1101,1267
050,12,061,"Florida","Indian River County",1,77,2346,1135,1211
050,12,061,"Florida","Indian River County",1,78,2001,965,1036
050,12,061,"Florida","Indian River County",1,79,1836,870,966
050,12,061,"Florida","Indian River County",1,80,1649,804,845
050,12,061,"Florida","Indian River County",1,81,1561,734,827
050,12,061,"Florida","Indian River County",1,82,1428,659,769
050,12,061,"Florida","Indian River County",1,83,1289,613,676
050,12,061,"Florida","Indian River County",1,84,1175,561,614
050,12,061,"Florida","Indian River County",1,85,7092,3017,4075
050,12,061,"Florida","Indian River County",2,0,1222,623,599
050,12,061,"Florida","Indian River County",2,1,1282,641,641
050,12,061,"Florida","Indian River County",2,2,1302,670,632
050,12,061,"Florida","Indian River County",2,3,1242,658,584
050,12,061,"Florida","Indian River County",2,4,1293,669,624
050,12,061,"Florida","Indian River County",2,5,1300,660,640
050,12,061,"Florida","Indian River County",2,6,1338,692,646
050,12,061,"Florida","Indian River County",2,7,1311,676,635
050,12,061,"Florida","Indian River County",2,8,1337,680,657
050,12,061,"Florida","Indian River County",2,9,1399,707,692
050,12,061,"Florida","Indian River County",2,10,1360,682,678
050,12,061,"Florida","Indian River County",2,11,1389,696,693
050,12,061,"Florida","Indian River County",2,12,1446,750,696
050,12,061,"Florida","Indian River County",2,13,1499,768,731
050,12,061,"Florida","Indian River County",2,14,1538,771,767
050,12,061,"Florida","Indian River County",2,15,1530,764,766
050,12,061,"Florida","Indian River County",2,16,1538,770,768
050,12,061,"Florida","Indian River County",2,17,1511,780,731
050,12,061,"Florida","Indian River County",2,18,1361,741,620
050,12,061,"Florida","Indian River County",2,19,1147,615,532
050,12,061,"Florida","Indian River County",2,20,1242,654,588
050,12,061,"Florida","Indian River County",2,21,1328,688,640
050,12,061,"Florida","Indian River County",2,22,1385,705,680
050,12,061,"Florida","Indian River County",2,23,1419,756,663
050,12,061,"Florida","Indian River County",2,24,1407,740,667
050,12,061,"Florida","Indian River County",2,25,1473,755,718
050,12,061,"Florida","Indian River County",2,26,1508,776,732
050,12,061,"Florida","Indian River County",2,27,1506,795,711
050,12,061,"Florida","Indian River County",2,28,1530,794,736
050,12,061,"Florida","Indian River County",2,29,1554,807,747
050,12,061,"Florida","Indian River County",2,30,1543,781,762
050,12,061,"Florida","Indian River County",2,31,1524,751,773
050,12,061,"Florida","Indian River County",2,32,1512,755,757
050,12,061,"Florida","Indian River County",2,33,1484,730,754
050,12,061,"Florida","Indian River County",2,34,1450,715,735
050,12,061,"Florida","Indian River County",2,35,1450,730,720
050,12,061,"Florida","Indian River County",2,36,1435,725,710
050,12,061,"Florida","Indian River County",2,37,1503,751,752
050,12,061,"Florida","Indian River County",2,38,1500,749,751
050,12,061,"Florida","Indian River County",2,39,1462,726,736
050,12,061,"Florida","Indian River County",2,40,1491,733,758
050,12,061,"Florida","Indian River County",2,41,1421,675,746
050,12,061,"Florida","Indian River County",2,42,1387,660,727
050,12,061,"Florida","Indian River County",2,43,1368,664,704
050,12,061,"Florida","Indian River County",2,44,1388,718,670
050,12,061,"Florida","Indian River County",2,45,1479,757,722
050,12,061,"Florida","Indian River County",2,46,1472,721,751
050,12,061,"Florida","Indian River County",2,47,1497,717,780
050,12,061,"Florida","Indian River County",2,48,1683,820,863
050,12,061,"Florida","Indian River County",2,49,1816,879,937
050,12,061,"Florida","Indian River County",2,50,1819,879,940
050,12,061,"Florida","Indian River County",2,51,1820,878,942
050,12,061,"Florida","Indian River County",2,52,1840,873,967
050,12,061,"Florida","Indian River County",2,53,1871,885,986
050,12,061,"Florida","Indian River County",2,54,1978,980,998
050,12,061,"Florida","Indian River County",2,55,2166,1068,1098
050,12,061,"Florida","Indian River County",2,56,2267,1074,1193
050,12,061,"Florida","Indian River County",2,57,2307,1074,1233
050,12,061,"Florida","Indian River County",2,58,2424,1114,1310
050,12,061,"Florida","Indian River County",2,59,2585,1186,1399
050,12,061,"Florida","Indian River County",2,60,2653,1212,1441
050,12,061,"Florida","Indian River County",2,61,2686,1207,1479
050,12,061,"Florida","Indian River County",2,62,2746,1212,1534
050,12,061,"Florida","Indian River County",2,63,2773,1225,1548
050,12,061,"Florida","Indian River County",2,64,2736,1231,1505
050,12,061,"Florida","Indian River County",2,65,2800,1286,1514
050,12,061,"Florida","Indian River County",2,66,2849,1302,1547
050,12,061,"Florida","Indian River County",2,67,2852,1307,1545
050,12,061,"Florida","Indian River County",2,68,2871,1345,1526
050,12,061,"Florida","Indian River County",2,69,2872,1318,1554
050,12,061,"Florida","Indian River County",2,70,2891,1324,1567
050,12,061,"Florida","Indian River County",2,71,2926,1378,1548
050,12,061,"Florida","Indian River County",2,72,3035,1437,1598
050,12,061,"Florida","Indian River County",2,73,3401,1633,1768
050,12,061,"Florida","Indian River County",2,74,2418,1138,1280
050,12,061,"Florida","Indian River County",2,75,2351,1104,1247
050,12,061,"Florida","Indian River County",2,76,2340,1092,1248
050,12,061,"Florida","Indian River County",2,77,2401,1153,1248
050,12,061,"Florida","Indian River County",2,78,2037,982,1055
050,12,061,"Florida","Indian River County",2,79,1863,890,973
050,12,061,"Florida","Indian River County",2,80,1693,821,872
050,12,061,"Florida","Indian River County",2,81,1561,741,820
050,12,061,"Florida","Indian River County",2,82,1449,672,777
050,12,061,"Florida","Indian River County",2,83,1294,607,687
050,12,061,"Florida","Indian River County",2,84,1181,564,617
050,12,061,"Florida","Indian River County",2,85,7128,3035,4093
050,12,061,"Florida","Indian River County",3,0,1204,626,578
050,12,061,"Florida","Indian River County",3,1,1220,624,596
050,12,061,"Florida","Indian River County",3,2,1289,661,628
050,12,061,"Florida","Indian River County",3,3,1325,683,642
050,12,061,"Florida","Indian River County",3,4,1272,659,613
050,12,061,"Florida","Indian River County",3,5,1344,701,643
050,12,061,"Florida","Indian River County",3,6,1348,689,659
050,12,061,"Florida","Indian River County",3,7,1381,708,673
050,12,061,"Florida","Indian River County",3,8,1357,713,644
050,12,061,"Florida","Indian River County",3,9,1386,688,698
050,12,061,"Florida","Indian River County",3,10,1421,726,695
050,12,061,"Florida","Indian River County",3,11,1376,681,695
050,12,061,"Florida","Indian River County",3,12,1398,697,701
050,12,061,"Florida","Indian River County",3,13,1474,763,711
050,12,061,"Florida","Indian River County",3,14,1540,781,759
050,12,061,"Florida","Indian River County",3,15,1569,778,791
050,12,061,"Florida","Indian River County",3,16,1524,773,751
050,12,061,"Florida","Indian River County",3,17,1606,825,781
050,12,061,"Florida","Indian River County",3,18,1377,740,637
050,12,061,"Florida","Indian River County",3,19,1160,621,539
050,12,061,"Florida","Indian River County",3,20,1240,661,579
050,12,061,"Florida","Indian River County",3,21,1322,689,633
050,12,061,"Florida","Indian River County",3,22,1383,709,674
050,12,061,"Florida","Indian River County",3,23,1473,752,721
050,12,061,"Florida","Indian River County",3,24,1418,727,691
050,12,061,"Florida","Indian River County",3,25,1442,767,675
050,12,061,"Florida","Indian River County",3,26,1484,766,718
050,12,061,"Florida","Indian River County",3,27,1539,783,756
050,12,061,"Florida","Indian River County",3,28,1538,818,720
050,12,061,"Florida","Indian River County",3,29,1554,818,736
050,12,061,"Florida","Indian River County",3,30,1628,840,788
050,12,061,"Florida","Indian River County",3,31,1587,796,791
050,12,061,"Florida","Indian River County",3,32,1591,810,781
050,12,061,"Florida","Indian River County",3,33,1549,773,776
050,12,061,"Florida","Indian River County",3,34,1545,747,798
050,12,061,"Florida","Indian River County",3,35,1485,748,737
050,12,061,"Florida","Indian River County",3,36,1497,749,748
050,12,061,"Florida","Indian River County",3,37,1471,728,743
050,12,061,"Florida","Indian River County",3,38,1543,770,773
050,12,061,"Florida","Indian River County",3,39,1539,785,754
050,12,061,"Florida","Indian River County",3,40,1498,748,750
050,12,061,"Florida","Indian River County",3,41,1544,763,781
050,12,061,"Florida","Indian River County",3,42,1487,719,768
050,12,061,"Florida","Indian River County",3,43,1426,680,746
050,12,061,"Florida","Indian River County",3,44,1418,689,729
050,12,061,"Florida","Indian River County",3,45,1450,746,704
050,12,061,"Florida","Indian River County",3,46,1511,756,755
050,12,061,"Florida","Indian River County",3,47,1500,738,762
050,12,061,"Florida","Indian River County",3,48,1534,736,798
050,12,061,"Florida","Indian River County",3,49,1735,840,895
050,12,061,"Florida","Indian River County",3,50,1853,891,962
050,12,061,"Florida","Indian River County",3,51,1901,916,985
050,12,061,"Florida","Indian River County",3,52,1858,888,970
050,12,061,"Florida","Indian River County",3,53,1888,905,983
050,12,061,"Florida","Indian River County",3,54,1913,902,1011
050,12,061,"Florida","Indian River County",3,55,2071,1011,1060
050,12,061,"Florida","Indian River County",3,56,2256,1115,1141
050,12,061,"Florida","Indian River County",3,57,2357,1114,1243
050,12,061,"Florida","Indian River County",3,58,2389,1110,1279
050,12,061,"Florida","Indian River County",3,59,2518,1158,1360
050,12,061,"Florida","Indian River County",3,60,2696,1253,1443
050,12,061,"Florida","Indian River County",3,61,2798,1282,1516
050,12,061,"Florida","Indian River County",3,62,2858,1293,1565
050,12,061,"Florida","Indian River County",3,63,2859,1259,1600
050,12,061,"Florida","Indian River County",3,64,2940,1286,1654
050,12,061,"Florida","Indian River County",3,65,2875,1301,1574
050,12,061,"Florida","Indian River County",3,66,2912,1334,1578
050,12,061,"Florida","Indian River County",3,67,2923,1346,1577
050,12,061,"Florida","Indian River County",3,68,2926,1347,1579
050,12,061,"Florida","Indian River County",3,69,2988,1403,1585
050,12,061,"Florida","Indian River County",3,70,2963,1374,1589
050,12,061,"Florida","Indian River County",3,71,2916,1349,1567
050,12,061,"Florida","Indian River County",3,72,2939,1383,1556
050,12,061,"Florida","Indian River County",3,73,3063,1444,1619
050,12,061,"Florida","Indian River County",3,74,3405,1614,1791
050,12,061,"Florida","Indian River County",3,75,2422,1139,1283
050,12,061,"Florida","Indian River County",3,76,2382,1113,1269
050,12,061,"Florida","Indian River County",3,77,2306,1075,1231
050,12,061,"Florida","Indian River County",3,78,2372,1150,1222
050,12,061,"Florida","Indian River County",3,79,2023,976,1047
050,12,061,"Florida","Indian River County",3,80,1839,868,971
050,12,061,"Florida","Indian River County",3,81,1615,776,839
050,12,061,"Florida","Indian River County",3,82,1514,719,795
050,12,061,"Florida","Indian River County",3,83,1379,638,741
050,12,061,"Florida","Indian River County",3,84,1214,565,649
050,12,061,"Florida","Indian River County",3,85,7236,3151,4085
050,12,061,"Florida","Indian River County",4,0,1254,632,622
050,12,061,"Florida","Indian River County",4,1,1235,652,583
050,12,061,"Florida","Indian River County",4,2,1252,654,598
050,12,061,"Florida","Indian River County",4,3,1299,675,624
050,12,061,"Florida","Indian River County",4,4,1352,693,659
050,12,061,"Florida","Indian River County",4,5,1305,687,618
050,12,061,"Florida","Indian River County",4,6,1406,714,692
050,12,061,"Florida","Indian River County",4,7,1365,700,665
050,12,061,"Florida","Indian River County",4,8,1373,684,689
050,12,061,"Florida","Indian River County",4,9,1403,734,669
050,12,061,"Florida","Indian River County",4,10,1414,715,699
050,12,061,"Florida","Indian River County",4,11,1450,742,708
050,12,061,"Florida","Indian River County",4,12,1413,702,711
050,12,061,"Florida","Indian River County",4,13,1418,711,707
050,12,061,"Florida","Indian River County",4,14,1509,786,723
050,12,061,"Florida","Indian River County",4,15,1553,804,749
050,12,061,"Florida","Indian River County",4,16,1592,786,806
050,12,061,"Florida","Indian River County",4,17,1572,794,778
050,12,061,"Florida","Indian River County",4,18,1446,766,680
050,12,061,"Florida","Indian River County",4,19,1160,610,550
050,12,061,"Florida","Indian River County",4,20,1214,649,565
050,12,061,"Florida","Indian River County",4,21,1298,678,620
050,12,061,"Florida","Indian River County",4,22,1378,726,652
050,12,061,"Florida","Indian River County",4,23,1473,746,727
050,12,061,"Florida","Indian River County",4,24,1450,728,722
050,12,061,"Florida","Indian River County",4,25,1401,730,671
050,12,061,"Florida","Indian River County",4,26,1462,783,679
050,12,061,"Florida","Indian River County",4,27,1550,794,756
050,12,061,"Florida","Indian River County",4,28,1529,786,743
050,12,061,"Florida","Indian River County",4,29,1573,835,738
050,12,061,"Florida","Indian River County",4,30,1554,802,752
050,12,061,"Florida","Indian River County",4,31,1619,820,799
050,12,061,"Florida","Indian River County",4,32,1632,810,822
050,12,061,"Florida","Indian River County",4,33,1614,800,814
050,12,061,"Florida","Indian River County",4,34,1629,820,809
050,12,061,"Florida","Indian River County",4,35,1576,763,813
050,12,061,"Florida","Indian River County",4,36,1524,745,779
050,12,061,"Florida","Indian River County",4,37,1540,772,768
050,12,061,"Florida","Indian River County",4,38,1510,753,757
050,12,061,"Florida","Indian River County",4,39,1597,795,802
050,12,061,"Florida","Indian River County",4,40,1593,813,780
050,12,061,"Florida","Indian River County",4,41,1514,753,761
050,12,061,"Florida","Indian River County",4,42,1557,781,776
050,12,061,"Florida","Indian River County",4,43,1521,741,780
050,12,061,"Florida","Indian River County",4,44,1467,702,765
050,12,061,"Florida","Indian River County",4,45,1454,697,757
050,12,061,"Florida","Indian River County",4,46,1481,753,728
050,12,061,"Florida","Indian River County",4,47,1534,762,772
050,12,061,"Florida","Indian River County",4,48,1552,763,789
050,12,061,"Florida","Indian River County",4,49,1582,757,825
050,12,061,"Florida","Indian River County",4,50,1800,875,925
050,12,061,"Florida","Indian River County",4,51,1926,935,991
050,12,061,"Florida","Indian River County",4,52,2018,953,1065
050,12,061,"Florida","Indian River County",4,53,1920,910,1010
050,12,061,"Florida","Indian River County",4,54,1945,922,1023
050,12,061,"Florida","Indian River County",4,55,1986,940,1046
050,12,061,"Florida","Indian River County",4,56,2242,1101,1141
050,12,061,"Florida","Indian River County",4,57,2392,1160,1232
050,12,061,"Florida","Indian River County",4,58,2490,1173,1317
050,12,061,"Florida","Indian River County",4,59,2514,1162,1352
050,12,061,"Florida","Indian River County",4,60,2698,1230,1468
050,12,061,"Florida","Indian River County",4,61,2857,1329,1528
050,12,061,"Florida","Indian River County",4,62,2950,1369,1581
050,12,061,"Florida","Indian River County",4,63,3011,1351,1660
050,12,061,"Florida","Indian River County",4,64,3025,1338,1687
050,12,061,"Florida","Indian River County",4,65,3077,1353,1724
050,12,061,"Florida","Indian River County",4,66,3041,1366,1675
050,12,061,"Florida","Indian River County",4,67,3010,1390,1620
050,12,061,"Florida","Indian River County",4,68,3029,1392,1637
050,12,061,"Florida","Indian River County",4,69,3023,1404,1619
050,12,061,"Florida","Indian River County",4,70,3098,1448,1650
050,12,061,"Florida","Indian River County",4,71,3056,1423,1633
050,12,061,"Florida","Indian River County",4,72,2969,1378,1591
050,12,061,"Florida","Indian River County",4,73,2986,1428,1558
050,12,061,"Florida","Indian River County",4,74,3074,1461,1613
050,12,061,"Florida","Indian River County",4,75,3390,1623,1767
050,12,061,"Florida","Indian River County",4,76,2394,1115,1279
050,12,061,"Florida","Indian River County",4,77,2351,1101,1250
050,12,061,"Florida","Indian River County",4,78,2249,1051,1198
050,12,061,"Florida","Indian River County",4,79,2333,1141,1192
050,12,061,"Florida","Indian River County",4,80,1939,930,1009
050,12,061,"Florida","Indian River County",4,81,1783,834,949
050,12,061,"Florida","Indian River County",4,82,1565,742,823
050,12,061,"Florida","Indian River County",4,83,1472,697,775
050,12,061,"Florida","Indian River County",4,84,1263,566,697
050,12,061,"Florida","Indian River County",4,85,7242,3200,4042
050,12,061,"Florida","Indian River County",5,0,1285,645,640
050,12,061,"Florida","Indian River County",5,1,1262,652,610
050,12,061,"Florida","Indian River County",5,2,1264,663,601
050,12,061,"Florida","Indian River County",5,3,1275,664,611
050,12,061,"Florida","Indian River County",5,4,1291,665,626
050,12,061,"Florida","Indian River County",5,5,1347,694,653
050,12,061,"Florida","Indian River County",5,6,1341,711,630
050,12,061,"Florida","Indian River County",5,7,1416,740,676
050,12,061,"Florida","Indian River County",5,8,1375,704,671
050,12,061,"Florida","Indian River County",5,9,1410,698,712
050,12,061,"Florida","Indian River County",5,10,1424,739,685
050,12,061,"Florida","Indian River County",5,11,1464,744,720
050,12,061,"Florida","Indian River County",5,12,1491,766,725
050,12,061,"Florida","Indian River County",5,13,1419,705,714
050,12,061,"Florida","Indian River County",5,14,1453,723,730
050,12,061,"Florida","Indian River County",5,15,1524,783,741
050,12,061,"Florida","Indian River County",5,16,1576,809,767
050,12,061,"Florida","Indian River County",5,17,1611,809,802
050,12,061,"Florida","Indian River County",5,18,1409,748,661
050,12,061,"Florida","Indian River County",5,19,1207,638,569
050,12,061,"Florida","Indian River County",5,20,1275,659,616
050,12,061,"Florida","Indian River County",5,21,1284,670,614
050,12,061,"Florida","Indian River County",5,22,1362,710,652
050,12,061,"Florida","Indian River County",5,23,1398,743,655
050,12,061,"Florida","Indian River County",5,24,1484,754,730
050,12,061,"Florida","Indian River County",5,25,1456,749,707
050,12,061,"Florida","Indian River County",5,26,1412,736,676
050,12,061,"Florida","Indian River County",5,27,1489,790,699
050,12,061,"Florida","Indian River County",5,28,1555,798,757
050,12,061,"Florida","Indian River County",5,29,1550,821,729
050,12,061,"Florida","Indian River County",5,30,1632,855,777
050,12,061,"Florida","Indian River County",5,31,1598,813,785
050,12,061,"Florida","Indian River County",5,32,1653,855,798
050,12,061,"Florida","Indian River County",5,33,1669,804,865
050,12,061,"Florida","Indian River County",5,34,1627,787,840
050,12,061,"Florida","Indian River County",5,35,1636,826,810
050,12,061,"Florida","Indian River County",5,36,1595,770,825
050,12,061,"Florida","Indian River County",5,37,1632,814,818
050,12,061,"Florida","Indian River County",5,38,1558,774,784
050,12,061,"Florida","Indian River County",5,39,1539,760,779
050,12,061,"Florida","Indian River County",5,40,1641,808,833
050,12,061,"Florida","Indian River County",5,41,1623,827,796
050,12,061,"Florida","Indian River County",5,42,1533,746,787
050,12,061,"Florida","Indian River County",5,43,1595,803,792
050,12,061,"Florida","Indian River County",5,44,1563,751,812
050,12,061,"Florida","Indian River County",5,45,1494,702,792
050,12,061,"Florida","Indian River County",5,46,1472,712,760
050,12,061,"Florida","Indian River County",5,47,1493,762,731
050,12,061,"Florida","Indian River County",5,48,1561,768,793
050,12,061,"Florida","Indian River County",5,49,1596,776,820
050,12,061,"Florida","Indian River County",5,50,1611,755,856
050,12,061,"Florida","Indian River County",5,51,1849,896,953
050,12,061,"Florida","Indian River County",5,52,1988,969,1019
050,12,061,"Florida","Indian River County",5,53,2082,966,1116
050,12,061,"Florida","Indian River County",5,54,1978,937,1041
050,12,061,"Florida","Indian River County",5,55,2017,940,1077
050,12,061,"Florida","Indian River County",5,56,2081,1002,1079
050,12,061,"Florida","Indian River County",5,57,2329,1138,1191
050,12,061,"Florida","Indian River County",5,58,2494,1218,1276
050,12,061,"Florida","Indian River County",5,59,2570,1213,1357
050,12,061,"Florida","Indian River County",5,60,2636,1213,1423
050,12,061,"Florida","Indian River County",5,61,2820,1282,1538
050,12,061,"Florida","Indian River County",5,62,2969,1381,1588
050,12,061,"Florida","Indian River County",5,63,3071,1423,1648
050,12,061,"Florida","Indian River County",5,64,3099,1410,1689
050,12,061,"Florida","Indian River County",5,65,3152,1391,1761
050,12,061,"Florida","Indian River County",5,66,3221,1422,1799
050,12,061,"Florida","Indian River County",5,67,3135,1404,1731
050,12,061,"Florida","Indian River County",5,68,3068,1434,1634
050,12,061,"Florida","Indian River County",5,69,3112,1433,1679
050,12,061,"Florida","Indian River County",5,70,3062,1436,1626
050,12,061,"Florida","Indian River County",5,71,3103,1459,1644
050,12,061,"Florida","Indian River County",5,72,3091,1468,1623
050,12,061,"Florida","Indian River County",5,73,2977,1389,1588
050,12,061,"Florida","Indian River County",5,74,2986,1429,1557
050,12,061,"Florida","Indian River County",5,75,3076,1468,1608
050,12,061,"Florida","Indian River County",5,76,3371,1610,1761
050,12,061,"Florida","Indian River County",5,77,2330,1090,1240
050,12,061,"Florida","Indian River County",5,78,2316,1083,1233
050,12,061,"Florida","Indian River County",5,79,2216,1040,1176
050,12,061,"Florida","Indian River County",5,80,2269,1097,1172
050,12,061,"Florida","Indian River County",5,81,1848,898,950
050,12,061,"Florida","Indian River County",5,82,1719,794,925
050,12,061,"Florida","Indian River County",5,83,1480,695,785
050,12,061,"Florida","Indian River County",5,84,1354,627,727
050,12,061,"Florida","Indian River County",5,85,7496,3330,4166
050,12,063,"Florida","Jackson County",1,0,465,235,230
050,12,063,"Florida","Jackson County",1,1,478,236,242
050,12,063,"Florida","Jackson County",1,2,516,275,241
050,12,063,"Florida","Jackson County",1,3,491,262,229
050,12,063,"Florida","Jackson County",1,4,483,259,224
050,12,063,"Florida","Jackson County",1,5,493,253,240
050,12,063,"Florida","Jackson County",1,6,491,243,248
050,12,063,"Florida","Jackson County",1,7,481,251,230
050,12,063,"Florida","Jackson County",1,8,456,250,206
050,12,063,"Florida","Jackson County",1,9,454,241,213
050,12,063,"Florida","Jackson County",1,10,471,249,222
050,12,063,"Florida","Jackson County",1,11,522,275,247
050,12,063,"Florida","Jackson County",1,12,534,277,257
050,12,063,"Florida","Jackson County",1,13,539,274,265
050,12,063,"Florida","Jackson County",1,14,518,280,238
050,12,063,"Florida","Jackson County",1,15,539,292,247
050,12,063,"Florida","Jackson County",1,16,516,266,250
050,12,063,"Florida","Jackson County",1,17,513,257,256
050,12,063,"Florida","Jackson County",1,18,520,289,231
050,12,063,"Florida","Jackson County",1,19,451,257,194
050,12,063,"Florida","Jackson County",1,20,501,292,209
050,12,063,"Florida","Jackson County",1,21,565,342,223
050,12,063,"Florida","Jackson County",1,22,524,298,226
050,12,063,"Florida","Jackson County",1,23,562,337,225
050,12,063,"Florida","Jackson County",1,24,583,378,205
050,12,063,"Florida","Jackson County",1,25,541,319,222
050,12,063,"Florida","Jackson County",1,26,579,351,228
050,12,063,"Florida","Jackson County",1,27,615,373,242
050,12,063,"Florida","Jackson County",1,28,637,381,256
050,12,063,"Florida","Jackson County",1,29,636,357,279
050,12,063,"Florida","Jackson County",1,30,636,361,275
050,12,063,"Florida","Jackson County",1,31,628,376,252
050,12,063,"Florida","Jackson County",1,32,641,395,246
050,12,063,"Florida","Jackson County",1,33,583,357,226
050,12,063,"Florida","Jackson County",1,34,587,348,239
050,12,063,"Florida","Jackson County",1,35,617,376,241
050,12,063,"Florida","Jackson County",1,36,745,497,248
050,12,063,"Florida","Jackson County",1,37,634,391,243
050,12,063,"Florida","Jackson County",1,38,619,383,236
050,12,063,"Florida","Jackson County",1,39,669,410,259
050,12,063,"Florida","Jackson County",1,40,654,406,248
050,12,063,"Florida","Jackson County",1,41,608,366,242
050,12,063,"Florida","Jackson County",1,42,643,393,250
050,12,063,"Florida","Jackson County",1,43,579,323,256
050,12,063,"Florida","Jackson County",1,44,657,402,255
050,12,063,"Florida","Jackson County",1,45,630,376,254
050,12,063,"Florida","Jackson County",1,46,596,345,251
050,12,063,"Florida","Jackson County",1,47,633,358,275
050,12,063,"Florida","Jackson County",1,48,630,385,245
050,12,063,"Florida","Jackson County",1,49,636,382,254
050,12,063,"Florida","Jackson County",1,50,554,290,264
050,12,063,"Florida","Jackson County",1,51,571,311,260
050,12,063,"Florida","Jackson County",1,52,584,326,258
050,12,063,"Florida","Jackson County",1,53,581,334,247
050,12,063,"Florida","Jackson County",1,54,605,336,269
050,12,063,"Florida","Jackson County",1,55,619,344,275
050,12,063,"Florida","Jackson County",1,56,628,328,300
050,12,063,"Florida","Jackson County",1,57,664,365,299
050,12,063,"Florida","Jackson County",1,58,626,324,302
050,12,063,"Florida","Jackson County",1,59,648,332,316
050,12,063,"Florida","Jackson County",1,60,624,307,317
050,12,063,"Florida","Jackson County",1,61,624,323,301
050,12,063,"Florida","Jackson County",1,62,657,347,310
050,12,063,"Florida","Jackson County",1,63,655,330,325
050,12,063,"Florida","Jackson County",1,64,684,356,328
050,12,063,"Florida","Jackson County",1,65,642,336,306
050,12,063,"Florida","Jackson County",1,66,583,294,289
050,12,063,"Florida","Jackson County",1,67,580,297,283
050,12,063,"Florida","Jackson County",1,68,562,271,291
050,12,063,"Florida","Jackson County",1,69,541,256,285
050,12,063,"Florida","Jackson County",1,70,508,248,260
050,12,063,"Florida","Jackson County",1,71,513,248,265
050,12,063,"Florida","Jackson County",1,72,539,244,295
050,12,063,"Florida","Jackson County",1,73,532,253,279
050,12,063,"Florida","Jackson County",1,74,411,184,227
050,12,063,"Florida","Jackson County",1,75,436,187,249
050,12,063,"Florida","Jackson County",1,76,437,192,245
050,12,063,"Florida","Jackson County",1,77,396,186,210
050,12,063,"Florida","Jackson County",1,78,320,145,175
050,12,063,"Florida","Jackson County",1,79,295,116,179
050,12,063,"Florida","Jackson County",1,80,283,119,164
050,12,063,"Florida","Jackson County",1,81,275,111,164
050,12,063,"Florida","Jackson County",1,82,264,119,145
050,12,063,"Florida","Jackson County",1,83,225,91,134
050,12,063,"Florida","Jackson County",1,84,230,98,132
050,12,063,"Florida","Jackson County",1,85,1119,390,729
050,12,063,"Florida","Jackson County",2,0,462,235,227
050,12,063,"Florida","Jackson County",2,1,472,233,239
050,12,063,"Florida","Jackson County",2,2,506,262,244
050,12,063,"Florida","Jackson County",2,3,495,263,232
050,12,063,"Florida","Jackson County",2,4,487,261,226
050,12,063,"Florida","Jackson County",2,5,491,256,235
050,12,063,"Florida","Jackson County",2,6,495,249,246
050,12,063,"Florida","Jackson County",2,7,485,253,232
050,12,063,"Florida","Jackson County",2,8,463,251,212
050,12,063,"Florida","Jackson County",2,9,453,242,211
050,12,063,"Florida","Jackson County",2,10,468,245,223
050,12,063,"Florida","Jackson County",2,11,509,269,240
050,12,063,"Florida","Jackson County",2,12,537,279,258
050,12,063,"Florida","Jackson County",2,13,537,278,259
050,12,063,"Florida","Jackson County",2,14,523,279,244
050,12,063,"Florida","Jackson County",2,15,533,289,244
050,12,063,"Florida","Jackson County",2,16,524,271,253
050,12,063,"Florida","Jackson County",2,17,516,260,256
050,12,063,"Florida","Jackson County",2,18,511,283,228
050,12,063,"Florida","Jackson County",2,19,441,247,194
050,12,063,"Florida","Jackson County",2,20,505,294,211
050,12,063,"Florida","Jackson County",2,21,561,341,220
050,12,063,"Florida","Jackson County",2,22,526,297,229
050,12,063,"Florida","Jackson County",2,23,554,329,225
050,12,063,"Florida","Jackson County",2,24,578,369,209
050,12,063,"Florida","Jackson County",2,25,530,315,215
050,12,063,"Florida","Jackson County",2,26,574,347,227
050,12,063,"Florida","Jackson County",2,27,595,358,237
050,12,063,"Florida","Jackson County",2,28,634,380,254
050,12,063,"Florida","Jackson County",2,29,625,352,273
050,12,063,"Florida","Jackson County",2,30,637,360,277
050,12,063,"Florida","Jackson County",2,31,635,376,259
050,12,063,"Florida","Jackson County",2,32,631,384,247
050,12,063,"Florida","Jackson County",2,33,582,350,232
050,12,063,"Florida","Jackson County",2,34,582,348,234
050,12,063,"Florida","Jackson County",2,35,616,372,244
050,12,063,"Florida","Jackson County",2,36,724,479,245
050,12,063,"Florida","Jackson County",2,37,628,383,245
050,12,063,"Florida","Jackson County",2,38,627,386,241
050,12,063,"Florida","Jackson County",2,39,650,400,250
050,12,063,"Florida","Jackson County",2,40,657,404,253
050,12,063,"Florida","Jackson County",2,41,609,366,243
050,12,063,"Florida","Jackson County",2,42,632,385,247
050,12,063,"Florida","Jackson County",2,43,577,321,256
050,12,063,"Florida","Jackson County",2,44,653,400,253
050,12,063,"Florida","Jackson County",2,45,628,372,256
050,12,063,"Florida","Jackson County",2,46,592,342,250
050,12,063,"Florida","Jackson County",2,47,614,350,264
050,12,063,"Florida","Jackson County",2,48,626,377,249
050,12,063,"Florida","Jackson County",2,49,633,377,256
050,12,063,"Florida","Jackson County",2,50,557,295,262
050,12,063,"Florida","Jackson County",2,51,567,309,258
050,12,063,"Florida","Jackson County",2,52,577,319,258
050,12,063,"Florida","Jackson County",2,53,573,326,247
050,12,063,"Florida","Jackson County",2,54,591,328,263
050,12,063,"Florida","Jackson County",2,55,612,339,273
050,12,063,"Florida","Jackson County",2,56,617,322,295
050,12,063,"Florida","Jackson County",2,57,665,365,300
050,12,063,"Florida","Jackson County",2,58,617,318,299
050,12,063,"Florida","Jackson County",2,59,643,330,313
050,12,063,"Florida","Jackson County",2,60,621,306,315
050,12,063,"Florida","Jackson County",2,61,626,321,305
050,12,063,"Florida","Jackson County",2,62,649,343,306
050,12,063,"Florida","Jackson County",2,63,654,332,322
050,12,063,"Florida","Jackson County",2,64,670,347,323
050,12,063,"Florida","Jackson County",2,65,643,334,309
050,12,063,"Florida","Jackson County",2,66,590,299,291
050,12,063,"Florida","Jackson County",2,67,576,293,283
050,12,063,"Florida","Jackson County",2,68,563,276,287
050,12,063,"Florida","Jackson County",2,69,547,259,288
050,12,063,"Florida","Jackson County",2,70,513,248,265
050,12,063,"Florida","Jackson County",2,71,510,246,264
050,12,063,"Florida","Jackson County",2,72,520,238,282
050,12,063,"Florida","Jackson County",2,73,558,263,295
050,12,063,"Florida","Jackson County",2,74,412,187,225
050,12,063,"Florida","Jackson County",2,75,428,186,242
050,12,063,"Florida","Jackson County",2,76,424,185,239
050,12,063,"Florida","Jackson County",2,77,409,190,219
050,12,063,"Florida","Jackson County",2,78,328,148,180
050,12,063,"Florida","Jackson County",2,79,299,124,175
050,12,063,"Florida","Jackson County",2,80,280,118,162
050,12,063,"Florida","Jackson County",2,81,278,112,166
050,12,063,"Florida","Jackson County",2,82,267,117,150
050,12,063,"Florida","Jackson County",2,83,230,95,135
050,12,063,"Florida","Jackson County",2,84,228,98,130
050,12,063,"Florida","Jackson County",2,85,1131,396,735
050,12,063,"Florida","Jackson County",3,0,447,233,214
050,12,063,"Florida","Jackson County",3,1,493,245,248
050,12,063,"Florida","Jackson County",3,2,479,226,253
050,12,063,"Florida","Jackson County",3,3,543,281,262
050,12,063,"Florida","Jackson County",3,4,506,270,236
050,12,063,"Florida","Jackson County",3,5,505,262,243
050,12,063,"Florida","Jackson County",3,6,496,262,234
050,12,063,"Florida","Jackson County",3,7,508,256,252
050,12,063,"Florida","Jackson County",3,8,486,258,228
050,12,063,"Florida","Jackson County",3,9,488,256,232
050,12,063,"Florida","Jackson County",3,10,451,240,211
050,12,063,"Florida","Jackson County",3,11,479,251,228
050,12,063,"Florida","Jackson County",3,12,496,256,240
050,12,063,"Florida","Jackson County",3,13,556,295,261
050,12,063,"Florida","Jackson County",3,14,534,279,255
050,12,063,"Florida","Jackson County",3,15,532,283,249
050,12,063,"Florida","Jackson County",3,16,556,304,252
050,12,063,"Florida","Jackson County",3,17,533,274,259
050,12,063,"Florida","Jackson County",3,18,489,272,217
050,12,063,"Florida","Jackson County",3,19,421,231,190
050,12,063,"Florida","Jackson County",3,20,516,303,213
050,12,063,"Florida","Jackson County",3,21,583,356,227
050,12,063,"Florida","Jackson County",3,22,543,311,232
050,12,063,"Florida","Jackson County",3,23,566,324,242
050,12,063,"Florida","Jackson County",3,24,586,362,224
050,12,063,"Florida","Jackson County",3,25,539,321,218
050,12,063,"Florida","Jackson County",3,26,578,346,232
050,12,063,"Florida","Jackson County",3,27,550,320,230
050,12,063,"Florida","Jackson County",3,28,620,379,241
050,12,063,"Florida","Jackson County",3,29,604,343,261
050,12,063,"Florida","Jackson County",3,30,649,366,283
050,12,063,"Florida","Jackson County",3,31,681,401,280
050,12,063,"Florida","Jackson County",3,32,656,388,268
050,12,063,"Florida","Jackson County",3,33,582,339,243
050,12,063,"Florida","Jackson County",3,34,589,360,229
050,12,063,"Florida","Jackson County",3,35,613,371,242
050,12,063,"Florida","Jackson County",3,36,711,458,253
050,12,063,"Florida","Jackson County",3,37,602,363,239
050,12,063,"Florida","Jackson County",3,38,649,399,250
050,12,063,"Florida","Jackson County",3,39,654,404,250
050,12,063,"Florida","Jackson County",3,40,662,411,251
050,12,063,"Florida","Jackson County",3,41,630,378,252
050,12,063,"Florida","Jackson County",3,42,612,365,247
050,12,063,"Florida","Jackson County",3,43,554,299,255
050,12,063,"Florida","Jackson County",3,44,645,397,248
050,12,063,"Florida","Jackson County",3,45,625,375,250
050,12,063,"Florida","Jackson County",3,46,597,348,249
050,12,063,"Florida","Jackson County",3,47,606,346,260
050,12,063,"Florida","Jackson County",3,48,617,358,259
050,12,063,"Florida","Jackson County",3,49,604,355,249
050,12,063,"Florida","Jackson County",3,50,586,323,263
050,12,063,"Florida","Jackson County",3,51,577,314,263
050,12,063,"Florida","Jackson County",3,52,572,316,256
050,12,063,"Florida","Jackson County",3,53,578,322,256
050,12,063,"Florida","Jackson County",3,54,563,314,249
050,12,063,"Florida","Jackson County",3,55,583,316,267
050,12,063,"Florida","Jackson County",3,56,572,306,266
050,12,063,"Florida","Jackson County",3,57,672,371,301
050,12,063,"Florida","Jackson County",3,58,604,303,301
050,12,063,"Florida","Jackson County",3,59,647,344,303
050,12,063,"Florida","Jackson County",3,60,597,289,308
050,12,063,"Florida","Jackson County",3,61,616,304,312
050,12,063,"Florida","Jackson County",3,62,650,346,304
050,12,063,"Florida","Jackson County",3,63,633,330,303
050,12,063,"Florida","Jackson County",3,64,660,337,323
050,12,063,"Florida","Jackson County",3,65,654,333,321
050,12,063,"Florida","Jackson County",3,66,594,298,296
050,12,063,"Florida","Jackson County",3,67,571,282,289
050,12,063,"Florida","Jackson County",3,68,559,279,280
050,12,063,"Florida","Jackson County",3,69,545,262,283
050,12,063,"Florida","Jackson County",3,70,538,252,286
050,12,063,"Florida","Jackson County",3,71,505,242,263
050,12,063,"Florida","Jackson County",3,72,474,225,249
050,12,063,"Florida","Jackson County",3,73,515,233,282
050,12,063,"Florida","Jackson County",3,74,543,254,289
050,12,063,"Florida","Jackson County",3,75,393,175,218
050,12,063,"Florida","Jackson County",3,76,405,178,227
050,12,063,"Florida","Jackson County",3,77,397,177,220
050,12,063,"Florida","Jackson County",3,78,392,169,223
050,12,063,"Florida","Jackson County",3,79,311,130,181
050,12,063,"Florida","Jackson County",3,80,267,112,155
050,12,063,"Florida","Jackson County",3,81,268,113,155
050,12,063,"Florida","Jackson County",3,82,258,99,159
050,12,063,"Florida","Jackson County",3,83,239,100,139
050,12,063,"Florida","Jackson County",3,84,204,85,119
050,12,063,"Florida","Jackson County",3,85,1156,411,745
050,12,063,"Florida","Jackson County",4,0,487,265,222
050,12,063,"Florida","Jackson County",4,1,444,224,220
050,12,063,"Florida","Jackson County",4,2,513,255,258
050,12,063,"Florida","Jackson County",4,3,491,234,257
050,12,063,"Florida","Jackson County",4,4,569,292,277
050,12,063,"Florida","Jackson County",4,5,513,275,238
050,12,063,"Florida","Jackson County",4,6,521,270,251
050,12,063,"Florida","Jackson County",4,7,513,265,248
050,12,063,"Florida","Jackson County",4,8,514,261,253
050,12,063,"Florida","Jackson County",4,9,497,261,236
050,12,063,"Florida","Jackson County",4,10,502,266,236
050,12,063,"Florida","Jackson County",4,11,466,249,217
050,12,063,"Florida","Jackson County",4,12,494,260,234
050,12,063,"Florida","Jackson County",4,13,495,248,247
050,12,063,"Florida","Jackson County",4,14,557,288,269
050,12,063,"Florida","Jackson County",4,15,535,274,261
050,12,063,"Florida","Jackson County",4,16,534,283,251
050,12,063,"Florida","Jackson County",4,17,565,314,251
050,12,063,"Florida","Jackson County",4,18,539,289,250
050,12,063,"Florida","Jackson County",4,19,413,217,196
050,12,063,"Florida","Jackson County",4,20,486,291,195
050,12,063,"Florida","Jackson County",4,21,607,393,214
050,12,063,"Florida","Jackson County",4,22,586,347,239
050,12,063,"Florida","Jackson County",4,23,600,357,243
050,12,063,"Florida","Jackson County",4,24,642,390,252
050,12,063,"Florida","Jackson County",4,25,560,336,224
050,12,063,"Florida","Jackson County",4,26,581,370,211
050,12,063,"Florida","Jackson County",4,27,567,340,227
050,12,063,"Florida","Jackson County",4,28,610,363,247
050,12,063,"Florida","Jackson County",4,29,623,377,246
050,12,063,"Florida","Jackson County",4,30,637,372,265
050,12,063,"Florida","Jackson County",4,31,721,433,288
050,12,063,"Florida","Jackson County",4,32,702,418,284
050,12,063,"Florida","Jackson County",4,33,640,368,272
050,12,063,"Florida","Jackson County",4,34,625,381,244
050,12,063,"Florida","Jackson County",4,35,641,415,226
050,12,063,"Florida","Jackson County",4,36,768,517,251
050,12,063,"Florida","Jackson County",4,37,635,377,258
050,12,063,"Florida","Jackson County",4,38,640,398,242
050,12,063,"Florida","Jackson County",4,39,688,432,256
050,12,063,"Florida","Jackson County",4,40,695,435,260
050,12,063,"Florida","Jackson County",4,41,669,405,264
050,12,063,"Florida","Jackson County",4,42,664,410,254
050,12,063,"Florida","Jackson County",4,43,574,321,253
050,12,063,"Florida","Jackson County",4,44,664,407,257
050,12,063,"Florida","Jackson County",4,45,653,400,253
050,12,063,"Florida","Jackson County",4,46,616,365,251
050,12,063,"Florida","Jackson County",4,47,624,374,250
050,12,063,"Florida","Jackson County",4,48,633,377,256
050,12,063,"Florida","Jackson County",4,49,638,372,266
050,12,063,"Florida","Jackson County",4,50,555,305,250
050,12,063,"Florida","Jackson County",4,51,617,365,252
050,12,063,"Florida","Jackson County",4,52,623,355,268
050,12,063,"Florida","Jackson County",4,53,586,335,251
050,12,063,"Florida","Jackson County",4,54,592,337,255
050,12,063,"Florida","Jackson County",4,55,554,307,247
050,12,063,"Florida","Jackson County",4,56,569,299,270
050,12,063,"Florida","Jackson County",4,57,613,345,268
050,12,063,"Florida","Jackson County",4,58,609,319,290
050,12,063,"Florida","Jackson County",4,59,634,327,307
050,12,063,"Florida","Jackson County",4,60,608,306,302
050,12,063,"Florida","Jackson County",4,61,607,303,304
050,12,063,"Florida","Jackson County",4,62,652,341,311
050,12,063,"Florida","Jackson County",4,63,641,347,294
050,12,063,"Florida","Jackson County",4,64,651,340,311
050,12,063,"Florida","Jackson County",4,65,638,314,324
050,12,063,"Florida","Jackson County",4,66,629,309,320
050,12,063,"Florida","Jackson County",4,67,592,296,296
050,12,063,"Florida","Jackson County",4,68,559,273,286
050,12,063,"Florida","Jackson County",4,69,550,276,274
050,12,063,"Florida","Jackson County",4,70,547,265,282
050,12,063,"Florida","Jackson County",4,71,529,242,287
050,12,063,"Florida","Jackson County",4,72,484,231,253
050,12,063,"Florida","Jackson County",4,73,470,222,248
050,12,063,"Florida","Jackson County",4,74,502,218,284
050,12,063,"Florida","Jackson County",4,75,529,243,286
050,12,063,"Florida","Jackson County",4,76,376,168,208
050,12,063,"Florida","Jackson County",4,77,390,174,216
050,12,063,"Florida","Jackson County",4,78,392,165,227
050,12,063,"Florida","Jackson County",4,79,372,151,221
050,12,063,"Florida","Jackson County",4,80,292,127,165
050,12,063,"Florida","Jackson County",4,81,262,108,154
050,12,063,"Florida","Jackson County",4,82,258,108,150
050,12,063,"Florida","Jackson County",4,83,229,77,152
050,12,063,"Florida","Jackson County",4,84,216,95,121
050,12,063,"Florida","Jackson County",4,85,1177,425,752
050,12,063,"Florida","Jackson County",5,0,515,287,228
050,12,063,"Florida","Jackson County",5,1,473,272,201
050,12,063,"Florida","Jackson County",5,2,459,230,229
050,12,063,"Florida","Jackson County",5,3,498,254,244
050,12,063,"Florida","Jackson County",5,4,496,236,260
050,12,063,"Florida","Jackson County",5,5,561,288,273
050,12,063,"Florida","Jackson County",5,6,523,284,239
050,12,063,"Florida","Jackson County",5,7,538,284,254
050,12,063,"Florida","Jackson County",5,8,530,279,251
050,12,063,"Florida","Jackson County",5,9,537,272,265
050,12,063,"Florida","Jackson County",5,10,499,256,243
050,12,063,"Florida","Jackson County",5,11,516,288,228
050,12,063,"Florida","Jackson County",5,12,479,250,229
050,12,063,"Florida","Jackson County",5,13,485,258,227
050,12,063,"Florida","Jackson County",5,14,504,264,240
050,12,063,"Florida","Jackson County",5,15,568,298,270
050,12,063,"Florida","Jackson County",5,16,542,277,265
050,12,063,"Florida","Jackson County",5,17,558,292,266
050,12,063,"Florida","Jackson County",5,18,553,324,229
050,12,063,"Florida","Jackson County",5,19,433,230,203
050,12,063,"Florida","Jackson County",5,20,485,287,198
050,12,063,"Florida","Jackson County",5,21,584,377,207
050,12,063,"Florida","Jackson County",5,22,590,362,228
050,12,063,"Florida","Jackson County",5,23,625,381,244
050,12,063,"Florida","Jackson County",5,24,646,405,241
050,12,063,"Florida","Jackson County",5,25,579,341,238
050,12,063,"Florida","Jackson County",5,26,604,368,236
050,12,063,"Florida","Jackson County",5,27,597,364,233
050,12,063,"Florida","Jackson County",5,28,598,370,228
050,12,063,"Florida","Jackson County",5,29,582,343,239
050,12,063,"Florida","Jackson County",5,30,623,385,238
050,12,063,"Florida","Jackson County",5,31,697,423,274
050,12,063,"Florida","Jackson County",5,32,725,432,293
050,12,063,"Florida","Jackson County",5,33,662,376,286
050,12,063,"Florida","Jackson County",5,34,672,393,279
050,12,063,"Florida","Jackson County",5,35,671,419,252
050,12,063,"Florida","Jackson County",5,36,764,532,232
050,12,063,"Florida","Jackson County",5,37,647,393,254
050,12,063,"Florida","Jackson County",5,38,645,386,259
050,12,063,"Florida","Jackson County",5,39,657,413,244
050,12,063,"Florida","Jackson County",5,40,707,440,267
050,12,063,"Florida","Jackson County",5,41,663,401,262
050,12,063,"Florida","Jackson County",5,42,689,430,259
050,12,063,"Florida","Jackson County",5,43,561,317,244
050,12,063,"Florida","Jackson County",5,44,670,410,260
050,12,063,"Florida","Jackson County",5,45,619,368,251
050,12,063,"Florida","Jackson County",5,46,617,367,250
050,12,063,"Florida","Jackson County",5,47,629,374,255
050,12,063,"Florida","Jackson County",5,48,634,386,248
050,12,063,"Florida","Jackson County",5,49,625,364,261
050,12,063,"Florida","Jackson County",5,50,565,297,268
050,12,063,"Florida","Jackson County",5,51,590,330,260
050,12,063,"Florida","Jackson County",5,52,630,374,256
050,12,063,"Florida","Jackson County",5,53,643,372,271
050,12,063,"Florida","Jackson County",5,54,578,335,243
050,12,063,"Florida","Jackson County",5,55,584,325,259
050,12,063,"Florida","Jackson County",5,56,517,272,245
050,12,063,"Florida","Jackson County",5,57,611,343,268
050,12,063,"Florida","Jackson County",5,58,567,297,270
050,12,063,"Florida","Jackson County",5,59,637,345,292
050,12,063,"Florida","Jackson County",5,60,598,288,310
050,12,063,"Florida","Jackson County",5,61,601,309,292
050,12,063,"Florida","Jackson County",5,62,625,322,303
050,12,063,"Florida","Jackson County",5,63,644,333,311
050,12,063,"Florida","Jackson County",5,64,641,348,293
050,12,063,"Florida","Jackson County",5,65,640,326,314
050,12,063,"Florida","Jackson County",5,66,603,281,322
050,12,063,"Florida","Jackson County",5,67,630,311,319
050,12,063,"Florida","Jackson County",5,68,582,293,289
050,12,063,"Florida","Jackson County",5,69,552,265,287
050,12,063,"Florida","Jackson County",5,70,559,283,276
050,12,063,"Florida","Jackson County",5,71,539,258,281
050,12,063,"Florida","Jackson County",5,72,505,227,278
050,12,063,"Florida","Jackson County",5,73,490,231,259
050,12,063,"Florida","Jackson County",5,74,461,213,248
050,12,063,"Florida","Jackson County",5,75,482,203,279
050,12,063,"Florida","Jackson County",5,76,518,234,284
050,12,063,"Florida","Jackson County",5,77,370,166,204
050,12,063,"Florida","Jackson County",5,78,387,161,226
050,12,063,"Florida","Jackson County",5,79,378,148,230
050,12,063,"Florida","Jackson County",5,80,347,141,206
050,12,063,"Florida","Jackson County",5,81,292,126,166
050,12,063,"Florida","Jackson County",5,82,260,107,153
050,12,063,"Florida","Jackson County",5,83,233,92,141
050,12,063,"Florida","Jackson County",5,84,206,70,136
050,12,063,"Florida","Jackson County",5,85,1223,454,769
050,12,065,"Florida","Jefferson County",1,0,110,56,54
050,12,065,"Florida","Jefferson County",1,1,109,58,51
050,12,065,"Florida","Jefferson County",1,2,115,66,49
050,12,065,"Florida","Jefferson County",1,3,137,66,71
050,12,065,"Florida","Jefferson County",1,4,143,80,63
050,12,065,"Florida","Jefferson County",1,5,142,77,65
050,12,065,"Florida","Jefferson County",1,6,138,63,75
050,12,065,"Florida","Jefferson County",1,7,135,62,73
050,12,065,"Florida","Jefferson County",1,8,146,77,69
050,12,065,"Florida","Jefferson County",1,9,134,71,63
050,12,065,"Florida","Jefferson County",1,10,161,82,79
050,12,065,"Florida","Jefferson County",1,11,157,88,69
050,12,065,"Florida","Jefferson County",1,12,160,86,74
050,12,065,"Florida","Jefferson County",1,13,164,74,90
050,12,065,"Florida","Jefferson County",1,14,150,77,73
050,12,065,"Florida","Jefferson County",1,15,158,87,71
050,12,065,"Florida","Jefferson County",1,16,152,89,63
050,12,065,"Florida","Jefferson County",1,17,132,73,59
050,12,065,"Florida","Jefferson County",1,18,127,71,56
050,12,065,"Florida","Jefferson County",1,19,115,56,59
050,12,065,"Florida","Jefferson County",1,20,118,61,57
050,12,065,"Florida","Jefferson County",1,21,115,63,52
050,12,065,"Florida","Jefferson County",1,22,133,78,55
050,12,065,"Florida","Jefferson County",1,23,125,80,45
050,12,065,"Florida","Jefferson County",1,24,129,69,60
050,12,065,"Florida","Jefferson County",1,25,123,73,50
050,12,065,"Florida","Jefferson County",1,26,153,86,67
050,12,065,"Florida","Jefferson County",1,27,150,95,55
050,12,065,"Florida","Jefferson County",1,28,163,96,67
050,12,065,"Florida","Jefferson County",1,29,177,102,75
050,12,065,"Florida","Jefferson County",1,30,184,110,74
050,12,065,"Florida","Jefferson County",1,31,183,101,82
050,12,065,"Florida","Jefferson County",1,32,165,83,82
050,12,065,"Florida","Jefferson County",1,33,156,87,69
050,12,065,"Florida","Jefferson County",1,34,153,103,50
050,12,065,"Florida","Jefferson County",1,35,157,97,60
050,12,065,"Florida","Jefferson County",1,36,160,95,65
050,12,065,"Florida","Jefferson County",1,37,159,93,66
050,12,065,"Florida","Jefferson County",1,38,151,79,72
050,12,065,"Florida","Jefferson County",1,39,179,97,82
050,12,065,"Florida","Jefferson County",1,40,189,118,71
050,12,065,"Florida","Jefferson County",1,41,156,93,63
050,12,065,"Florida","Jefferson County",1,42,176,101,75
050,12,065,"Florida","Jefferson County",1,43,152,97,55
050,12,065,"Florida","Jefferson County",1,44,158,94,64
050,12,065,"Florida","Jefferson County",1,45,181,110,71
050,12,065,"Florida","Jefferson County",1,46,182,93,89
050,12,065,"Florida","Jefferson County",1,47,197,100,97
050,12,065,"Florida","Jefferson County",1,48,220,112,108
050,12,065,"Florida","Jefferson County",1,49,225,110,115
050,12,065,"Florida","Jefferson County",1,50,204,101,103
050,12,065,"Florida","Jefferson County",1,51,209,102,107
050,12,065,"Florida","Jefferson County",1,52,217,114,103
050,12,065,"Florida","Jefferson County",1,53,213,113,100
050,12,065,"Florida","Jefferson County",1,54,196,108,88
050,12,065,"Florida","Jefferson County",1,55,215,112,103
050,12,065,"Florida","Jefferson County",1,56,234,118,116
050,12,065,"Florida","Jefferson County",1,57,222,112,110
050,12,065,"Florida","Jefferson County",1,58,221,114,107
050,12,065,"Florida","Jefferson County",1,59,228,108,120
050,12,065,"Florida","Jefferson County",1,60,245,107,138
050,12,065,"Florida","Jefferson County",1,61,233,113,120
050,12,065,"Florida","Jefferson County",1,62,242,124,118
050,12,065,"Florida","Jefferson County",1,63,251,117,134
050,12,065,"Florida","Jefferson County",1,64,228,111,117
050,12,065,"Florida","Jefferson County",1,65,218,94,124
050,12,065,"Florida","Jefferson County",1,66,244,113,131
050,12,065,"Florida","Jefferson County",1,67,238,105,133
050,12,065,"Florida","Jefferson County",1,68,229,103,126
050,12,065,"Florida","Jefferson County",1,69,219,109,110
050,12,065,"Florida","Jefferson County",1,70,204,112,92
050,12,065,"Florida","Jefferson County",1,71,191,108,83
050,12,065,"Florida","Jefferson County",1,72,203,99,104
050,12,065,"Florida","Jefferson County",1,73,218,99,119
050,12,065,"Florida","Jefferson County",1,74,149,68,81
050,12,065,"Florida","Jefferson County",1,75,155,71,84
050,12,065,"Florida","Jefferson County",1,76,146,73,73
050,12,065,"Florida","Jefferson County",1,77,144,72,72
050,12,065,"Florida","Jefferson County",1,78,112,57,55
050,12,065,"Florida","Jefferson County",1,79,94,50,44
050,12,065,"Florida","Jefferson County",1,80,88,41,47
050,12,065,"Florida","Jefferson County",1,81,91,38,53
050,12,065,"Florida","Jefferson County",1,82,83,38,45
050,12,065,"Florida","Jefferson County",1,83,61,29,32
050,12,065,"Florida","Jefferson County",1,84,60,26,34
050,12,065,"Florida","Jefferson County",1,85,354,113,241
050,12,065,"Florida","Jefferson County",2,0,114,53,61
050,12,065,"Florida","Jefferson County",2,1,110,59,51
050,12,065,"Florida","Jefferson County",2,2,116,64,52
050,12,065,"Florida","Jefferson County",2,3,133,65,68
050,12,065,"Florida","Jefferson County",2,4,145,77,68
050,12,065,"Florida","Jefferson County",2,5,145,78,67
050,12,065,"Florida","Jefferson County",2,6,140,67,73
050,12,065,"Florida","Jefferson County",2,7,139,64,75
050,12,065,"Florida","Jefferson County",2,8,142,72,70
050,12,065,"Florida","Jefferson County",2,9,141,74,67
050,12,065,"Florida","Jefferson County",2,10,155,79,76
050,12,065,"Florida","Jefferson County",2,11,159,87,72
050,12,065,"Florida","Jefferson County",2,12,163,88,75
050,12,065,"Florida","Jefferson County",2,13,162,76,86
050,12,065,"Florida","Jefferson County",2,14,154,76,78
050,12,065,"Florida","Jefferson County",2,15,159,87,72
050,12,065,"Florida","Jefferson County",2,16,154,88,66
050,12,065,"Florida","Jefferson County",2,17,139,78,61
050,12,065,"Florida","Jefferson County",2,18,124,69,55
050,12,065,"Florida","Jefferson County",2,19,112,57,55
050,12,065,"Florida","Jefferson County",2,20,121,61,60
050,12,065,"Florida","Jefferson County",2,21,113,60,53
050,12,065,"Florida","Jefferson County",2,22,127,75,52
050,12,065,"Florida","Jefferson County",2,23,126,78,48
050,12,065,"Florida","Jefferson County",2,24,126,68,58
050,12,065,"Florida","Jefferson County",2,25,122,68,54
050,12,065,"Florida","Jefferson County",2,26,141,79,62
050,12,065,"Florida","Jefferson County",2,27,148,88,60
050,12,065,"Florida","Jefferson County",2,28,157,91,66
050,12,065,"Florida","Jefferson County",2,29,173,98,75
050,12,065,"Florida","Jefferson County",2,30,183,106,77
050,12,065,"Florida","Jefferson County",2,31,179,99,80
050,12,065,"Florida","Jefferson County",2,32,163,81,82
050,12,065,"Florida","Jefferson County",2,33,157,84,73
050,12,065,"Florida","Jefferson County",2,34,150,95,55
050,12,065,"Florida","Jefferson County",2,35,153,93,60
050,12,065,"Florida","Jefferson County",2,36,156,91,65
050,12,065,"Florida","Jefferson County",2,37,157,89,68
050,12,065,"Florida","Jefferson County",2,38,150,79,71
050,12,065,"Florida","Jefferson County",2,39,167,89,78
050,12,065,"Florida","Jefferson County",2,40,186,111,75
050,12,065,"Florida","Jefferson County",2,41,159,93,66
050,12,065,"Florida","Jefferson County",2,42,165,94,71
050,12,065,"Florida","Jefferson County",2,43,155,94,61
050,12,065,"Florida","Jefferson County",2,44,152,90,62
050,12,065,"Florida","Jefferson County",2,45,175,103,72
050,12,065,"Florida","Jefferson County",2,46,176,91,85
050,12,065,"Florida","Jefferson County",2,47,191,94,97
050,12,065,"Florida","Jefferson County",2,48,209,105,104
050,12,065,"Florida","Jefferson County",2,49,218,106,112
050,12,065,"Florida","Jefferson County",2,50,209,101,108
050,12,065,"Florida","Jefferson County",2,51,202,97,105
050,12,065,"Florida","Jefferson County",2,52,214,109,105
050,12,065,"Florida","Jefferson County",2,53,207,109,98
050,12,065,"Florida","Jefferson County",2,54,194,104,90
050,12,065,"Florida","Jefferson County",2,55,207,108,99
050,12,065,"Florida","Jefferson County",2,56,230,116,114
050,12,065,"Florida","Jefferson County",2,57,226,113,113
050,12,065,"Florida","Jefferson County",2,58,223,115,108
050,12,065,"Florida","Jefferson County",2,59,226,109,117
050,12,065,"Florida","Jefferson County",2,60,241,107,134
050,12,065,"Florida","Jefferson County",2,61,236,113,123
050,12,065,"Florida","Jefferson County",2,62,237,119,118
050,12,065,"Florida","Jefferson County",2,63,248,117,131
050,12,065,"Florida","Jefferson County",2,64,229,109,120
050,12,065,"Florida","Jefferson County",2,65,223,98,125
050,12,065,"Florida","Jefferson County",2,66,240,109,131
050,12,065,"Florida","Jefferson County",2,67,235,103,132
050,12,065,"Florida","Jefferson County",2,68,226,100,126
050,12,065,"Florida","Jefferson County",2,69,222,107,115
050,12,065,"Florida","Jefferson County",2,70,209,113,96
050,12,065,"Florida","Jefferson County",2,71,191,107,84
050,12,065,"Florida","Jefferson County",2,72,199,100,99
050,12,065,"Florida","Jefferson County",2,73,224,102,122
050,12,065,"Florida","Jefferson County",2,74,155,70,85
050,12,065,"Florida","Jefferson County",2,75,150,69,81
050,12,065,"Florida","Jefferson County",2,76,143,70,73
050,12,065,"Florida","Jefferson County",2,77,146,72,74
050,12,065,"Florida","Jefferson County",2,78,116,58,58
050,12,065,"Florida","Jefferson County",2,79,98,52,46
050,12,065,"Florida","Jefferson County",2,80,88,42,46
050,12,065,"Florida","Jefferson County",2,81,89,39,50
050,12,065,"Florida","Jefferson County",2,82,80,35,45
050,12,065,"Florida","Jefferson County",2,83,63,29,34
050,12,065,"Florida","Jefferson County",2,84,58,24,34
050,12,065,"Florida","Jefferson County",2,85,354,116,238
050,12,065,"Florida","Jefferson County",3,0,127,66,61
050,12,065,"Florida","Jefferson County",3,1,123,54,69
050,12,065,"Florida","Jefferson County",3,2,101,54,47
050,12,065,"Florida","Jefferson County",3,3,127,67,60
050,12,065,"Florida","Jefferson County",3,4,132,63,69
050,12,065,"Florida","Jefferson County",3,5,143,73,70
050,12,065,"Florida","Jefferson County",3,6,140,75,65
050,12,065,"Florida","Jefferson County",3,7,139,71,68
050,12,065,"Florida","Jefferson County",3,8,133,60,73
050,12,065,"Florida","Jefferson County",3,9,142,77,65
050,12,065,"Florida","Jefferson County",3,10,143,78,65
050,12,065,"Florida","Jefferson County",3,11,136,72,64
050,12,065,"Florida","Jefferson County",3,12,161,85,76
050,12,065,"Florida","Jefferson County",3,13,166,89,77
050,12,065,"Florida","Jefferson County",3,14,149,70,79
050,12,065,"Florida","Jefferson County",3,15,155,80,75
050,12,065,"Florida","Jefferson County",3,16,155,84,71
050,12,065,"Florida","Jefferson County",3,17,145,83,62
050,12,065,"Florida","Jefferson County",3,18,113,65,48
050,12,065,"Florida","Jefferson County",3,19,105,58,47
050,12,065,"Florida","Jefferson County",3,20,119,63,56
050,12,065,"Florida","Jefferson County",3,21,127,70,57
050,12,065,"Florida","Jefferson County",3,22,131,70,61
050,12,065,"Florida","Jefferson County",3,23,134,84,50
050,12,065,"Florida","Jefferson County",3,24,141,85,56
050,12,065,"Florida","Jefferson County",3,25,129,72,57
050,12,065,"Florida","Jefferson County",3,26,126,70,56
050,12,065,"Florida","Jefferson County",3,27,149,85,64
050,12,065,"Florida","Jefferson County",3,28,143,88,55
050,12,065,"Florida","Jefferson County",3,29,169,94,75
050,12,065,"Florida","Jefferson County",3,30,180,100,80
050,12,065,"Florida","Jefferson County",3,31,190,112,78
050,12,065,"Florida","Jefferson County",3,32,180,98,82
050,12,065,"Florida","Jefferson County",3,33,157,82,75
050,12,065,"Florida","Jefferson County",3,34,153,81,72
050,12,065,"Florida","Jefferson County",3,35,151,94,57
050,12,065,"Florida","Jefferson County",3,36,169,107,62
050,12,065,"Florida","Jefferson County",3,37,165,99,66
050,12,065,"Florida","Jefferson County",3,38,174,102,72
050,12,065,"Florida","Jefferson County",3,39,153,84,69
050,12,065,"Florida","Jefferson County",3,40,172,94,78
050,12,065,"Florida","Jefferson County",3,41,171,97,74
050,12,065,"Florida","Jefferson County",3,42,155,98,57
050,12,065,"Florida","Jefferson County",3,43,170,95,75
050,12,065,"Florida","Jefferson County",3,44,170,101,69
050,12,065,"Florida","Jefferson County",3,45,153,100,53
050,12,065,"Florida","Jefferson County",3,46,173,99,74
050,12,065,"Florida","Jefferson County",3,47,183,99,84
050,12,065,"Florida","Jefferson County",3,48,187,95,92
050,12,065,"Florida","Jefferson County",3,49,210,102,108
050,12,065,"Florida","Jefferson County",3,50,226,111,115
050,12,065,"Florida","Jefferson County",3,51,216,104,112
050,12,065,"Florida","Jefferson County",3,52,206,99,107
050,12,065,"Florida","Jefferson County",3,53,207,105,102
050,12,065,"Florida","Jefferson County",3,54,211,114,97
050,12,065,"Florida","Jefferson County",3,55,198,104,94
050,12,065,"Florida","Jefferson County",3,56,215,112,103
050,12,065,"Florida","Jefferson County",3,57,231,114,117
050,12,065,"Florida","Jefferson County",3,58,237,121,116
050,12,065,"Florida","Jefferson County",3,59,229,119,110
050,12,065,"Florida","Jefferson County",3,60,220,112,108
050,12,065,"Florida","Jefferson County",3,61,249,114,135
050,12,065,"Florida","Jefferson County",3,62,242,116,126
050,12,065,"Florida","Jefferson County",3,63,244,124,120
050,12,065,"Florida","Jefferson County",3,64,242,110,132
050,12,065,"Florida","Jefferson County",3,65,229,105,124
050,12,065,"Florida","Jefferson County",3,66,227,101,126
050,12,065,"Florida","Jefferson County",3,67,237,109,128
050,12,065,"Florida","Jefferson County",3,68,233,103,130
050,12,065,"Florida","Jefferson County",3,69,223,94,129
050,12,065,"Florida","Jefferson County",3,70,216,107,109
050,12,065,"Florida","Jefferson County",3,71,206,111,95
050,12,065,"Florida","Jefferson County",3,72,180,99,81
050,12,065,"Florida","Jefferson County",3,73,195,102,93
050,12,065,"Florida","Jefferson County",3,74,215,99,116
050,12,065,"Florida","Jefferson County",3,75,154,70,84
050,12,065,"Florida","Jefferson County",3,76,148,66,82
050,12,065,"Florida","Jefferson County",3,77,138,70,68
050,12,065,"Florida","Jefferson County",3,78,139,65,74
050,12,065,"Florida","Jefferson County",3,79,117,60,57
050,12,065,"Florida","Jefferson County",3,80,92,47,45
050,12,065,"Florida","Jefferson County",3,81,89,42,47
050,12,065,"Florida","Jefferson County",3,82,78,33,45
050,12,065,"Florida","Jefferson County",3,83,70,31,39
050,12,065,"Florida","Jefferson County",3,84,64,29,35
050,12,065,"Florida","Jefferson County",3,85,352,123,229
050,12,065,"Florida","Jefferson County",4,0,133,70,63
050,12,065,"Florida","Jefferson County",4,1,151,76,75
050,12,065,"Florida","Jefferson County",4,2,122,54,68
050,12,065,"Florida","Jefferson County",4,3,107,58,49
050,12,065,"Florida","Jefferson County",4,4,123,67,56
050,12,065,"Florida","Jefferson County",4,5,144,72,72
050,12,065,"Florida","Jefferson County",4,6,140,78,62
050,12,065,"Florida","Jefferson County",4,7,153,89,64
050,12,065,"Florida","Jefferson County",4,8,149,72,77
050,12,065,"Florida","Jefferson County",4,9,129,58,71
050,12,065,"Florida","Jefferson County",4,10,139,71,68
050,12,065,"Florida","Jefferson County",4,11,148,76,72
050,12,065,"Florida","Jefferson County",4,12,148,80,68
050,12,065,"Florida","Jefferson County",4,13,162,86,76
050,12,065,"Florida","Jefferson County",4,14,161,89,72
050,12,065,"Florida","Jefferson County",4,15,165,78,87
050,12,065,"Florida","Jefferson County",4,16,150,73,77
050,12,065,"Florida","Jefferson County",4,17,153,76,77
050,12,065,"Florida","Jefferson County",4,18,136,80,56
050,12,065,"Florida","Jefferson County",4,19,93,51,42
050,12,065,"Florida","Jefferson County",4,20,114,68,46
050,12,065,"Florida","Jefferson County",4,21,125,68,57
050,12,065,"Florida","Jefferson County",4,22,140,79,61
050,12,065,"Florida","Jefferson County",4,23,145,82,63
050,12,065,"Florida","Jefferson County",4,24,139,91,48
050,12,065,"Florida","Jefferson County",4,25,155,98,57
050,12,065,"Florida","Jefferson County",4,26,150,90,60
050,12,065,"Florida","Jefferson County",4,27,155,92,63
050,12,065,"Florida","Jefferson County",4,28,162,102,60
050,12,065,"Florida","Jefferson County",4,29,150,92,58
050,12,065,"Florida","Jefferson County",4,30,177,104,73
050,12,065,"Florida","Jefferson County",4,31,216,130,86
050,12,065,"Florida","Jefferson County",4,32,188,112,76
050,12,065,"Florida","Jefferson County",4,33,193,114,79
050,12,065,"Florida","Jefferson County",4,34,175,99,76
050,12,065,"Florida","Jefferson County",4,35,164,84,80
050,12,065,"Florida","Jefferson County",4,36,167,105,62
050,12,065,"Florida","Jefferson County",4,37,183,122,61
050,12,065,"Florida","Jefferson County",4,38,187,114,73
050,12,065,"Florida","Jefferson County",4,39,181,115,66
050,12,065,"Florida","Jefferson County",4,40,161,96,65
050,12,065,"Florida","Jefferson County",4,41,192,100,92
050,12,065,"Florida","Jefferson County",4,42,188,114,74
050,12,065,"Florida","Jefferson County",4,43,179,115,64
050,12,065,"Florida","Jefferson County",4,44,180,100,80
050,12,065,"Florida","Jefferson County",4,45,188,121,67
050,12,065,"Florida","Jefferson County",4,46,165,104,61
050,12,065,"Florida","Jefferson County",4,47,191,116,75
050,12,065,"Florida","Jefferson County",4,48,193,106,87
050,12,065,"Florida","Jefferson County",4,49,188,93,95
050,12,065,"Florida","Jefferson County",4,50,229,118,111
050,12,065,"Florida","Jefferson County",4,51,220,109,111
050,12,065,"Florida","Jefferson County",4,52,235,123,112
050,12,065,"Florida","Jefferson County",4,53,211,100,111
050,12,065,"Florida","Jefferson County",4,54,211,111,100
050,12,065,"Florida","Jefferson County",4,55,229,125,104
050,12,065,"Florida","Jefferson County",4,56,201,106,95
050,12,065,"Florida","Jefferson County",4,57,222,111,111
050,12,065,"Florida","Jefferson County",4,58,249,122,127
050,12,065,"Florida","Jefferson County",4,59,238,117,121
050,12,065,"Florida","Jefferson County",4,60,238,125,113
050,12,065,"Florida","Jefferson County",4,61,234,120,114
050,12,065,"Florida","Jefferson County",4,62,255,119,136
050,12,065,"Florida","Jefferson County",4,63,240,118,122
050,12,065,"Florida","Jefferson County",4,64,247,127,120
050,12,065,"Florida","Jefferson County",4,65,236,110,126
050,12,065,"Florida","Jefferson County",4,66,242,111,131
050,12,065,"Florida","Jefferson County",4,67,226,99,127
050,12,065,"Florida","Jefferson County",4,68,235,114,121
050,12,065,"Florida","Jefferson County",4,69,222,93,129
050,12,065,"Florida","Jefferson County",4,70,218,99,119
050,12,065,"Florida","Jefferson County",4,71,210,106,104
050,12,065,"Florida","Jefferson County",4,72,200,107,93
050,12,065,"Florida","Jefferson County",4,73,178,100,78
050,12,065,"Florida","Jefferson County",4,74,188,95,93
050,12,065,"Florida","Jefferson County",4,75,210,97,113
050,12,065,"Florida","Jefferson County",4,76,147,69,78
050,12,065,"Florida","Jefferson County",4,77,139,64,75
050,12,065,"Florida","Jefferson County",4,78,135,63,72
050,12,065,"Florida","Jefferson County",4,79,140,69,71
050,12,065,"Florida","Jefferson County",4,80,112,55,57
050,12,065,"Florida","Jefferson County",4,81,91,46,45
050,12,065,"Florida","Jefferson County",4,82,77,36,41
050,12,065,"Florida","Jefferson County",4,83,72,32,40
050,12,065,"Florida","Jefferson County",4,84,73,28,45
050,12,065,"Florida","Jefferson County",4,85,362,132,230
050,12,065,"Florida","Jefferson County",5,0,135,72,63
050,12,065,"Florida","Jefferson County",5,1,121,61,60
050,12,065,"Florida","Jefferson County",5,2,168,85,83
050,12,065,"Florida","Jefferson County",5,3,131,59,72
050,12,065,"Florida","Jefferson County",5,4,123,63,60
050,12,065,"Florida","Jefferson County",5,5,131,66,65
050,12,065,"Florida","Jefferson County",5,6,139,75,64
050,12,065,"Florida","Jefferson County",5,7,145,80,65
050,12,065,"Florida","Jefferson County",5,8,161,96,65
050,12,065,"Florida","Jefferson County",5,9,157,76,81
050,12,065,"Florida","Jefferson County",5,10,133,58,75
050,12,065,"Florida","Jefferson County",5,11,137,68,69
050,12,065,"Florida","Jefferson County",5,12,155,78,77
050,12,065,"Florida","Jefferson County",5,13,145,79,66
050,12,065,"Florida","Jefferson County",5,14,162,88,74
050,12,065,"Florida","Jefferson County",5,15,168,94,74
050,12,065,"Florida","Jefferson County",5,16,180,95,85
050,12,065,"Florida","Jefferson County",5,17,152,72,80
050,12,065,"Florida","Jefferson County",5,18,139,76,63
050,12,065,"Florida","Jefferson County",5,19,114,63,51
050,12,065,"Florida","Jefferson County",5,20,107,59,48
050,12,065,"Florida","Jefferson County",5,21,122,73,49
050,12,065,"Florida","Jefferson County",5,22,140,73,67
050,12,065,"Florida","Jefferson County",5,23,160,88,72
050,12,065,"Florida","Jefferson County",5,24,152,84,68
050,12,065,"Florida","Jefferson County",5,25,146,94,52
050,12,065,"Florida","Jefferson County",5,26,156,105,51
050,12,065,"Florida","Jefferson County",5,27,162,97,65
050,12,065,"Florida","Jefferson County",5,28,158,95,63
050,12,065,"Florida","Jefferson County",5,29,155,100,55
050,12,065,"Florida","Jefferson County",5,30,170,106,64
050,12,065,"Florida","Jefferson County",5,31,190,111,79
050,12,065,"Florida","Jefferson County",5,32,212,122,90
050,12,065,"Florida","Jefferson County",5,33,189,109,80
050,12,065,"Florida","Jefferson County",5,34,199,118,81
050,12,065,"Florida","Jefferson County",5,35,169,85,84
050,12,065,"Florida","Jefferson County",5,36,170,93,77
050,12,065,"Florida","Jefferson County",5,37,168,102,66
050,12,065,"Florida","Jefferson County",5,38,192,126,66
050,12,065,"Florida","Jefferson County",5,39,203,124,79
050,12,065,"Florida","Jefferson County",5,40,207,128,79
050,12,065,"Florida","Jefferson County",5,41,156,86,70
050,12,065,"Florida","Jefferson County",5,42,194,109,85
050,12,065,"Florida","Jefferson County",5,43,196,123,73
050,12,065,"Florida","Jefferson County",5,44,192,119,73
050,12,065,"Florida","Jefferson County",5,45,195,114,81
050,12,065,"Florida","Jefferson County",5,46,193,117,76
050,12,065,"Florida","Jefferson County",5,47,169,109,60
050,12,065,"Florida","Jefferson County",5,48,195,117,78
050,12,065,"Florida","Jefferson County",5,49,180,95,85
050,12,065,"Florida","Jefferson County",5,50,200,106,94
050,12,065,"Florida","Jefferson County",5,51,239,123,116
050,12,065,"Florida","Jefferson County",5,52,232,113,119
050,12,065,"Florida","Jefferson County",5,53,237,118,119
050,12,065,"Florida","Jefferson County",5,54,225,105,120
050,12,065,"Florida","Jefferson County",5,55,214,105,109
050,12,065,"Florida","Jefferson County",5,56,238,131,107
050,12,065,"Florida","Jefferson County",5,57,200,99,101
050,12,065,"Florida","Jefferson County",5,58,219,107,112
050,12,065,"Florida","Jefferson County",5,59,259,123,136
050,12,065,"Florida","Jefferson County",5,60,246,121,125
050,12,065,"Florida","Jefferson County",5,61,245,132,113
050,12,065,"Florida","Jefferson County",5,62,234,116,118
050,12,065,"Florida","Jefferson County",5,63,256,118,138
050,12,065,"Florida","Jefferson County",5,64,227,112,115
050,12,065,"Florida","Jefferson County",5,65,248,125,123
050,12,065,"Florida","Jefferson County",5,66,254,119,135
050,12,065,"Florida","Jefferson County",5,67,238,109,129
050,12,065,"Florida","Jefferson County",5,68,220,101,119
050,12,065,"Florida","Jefferson County",5,69,233,109,124
050,12,065,"Florida","Jefferson County",5,70,231,102,129
050,12,065,"Florida","Jefferson County",5,71,221,102,119
050,12,065,"Florida","Jefferson County",5,72,196,94,102
050,12,065,"Florida","Jefferson County",5,73,198,108,90
050,12,065,"Florida","Jefferson County",5,74,173,94,79
050,12,065,"Florida","Jefferson County",5,75,193,99,94
050,12,065,"Florida","Jefferson County",5,76,212,98,114
050,12,065,"Florida","Jefferson County",5,77,141,66,75
050,12,065,"Florida","Jefferson County",5,78,138,59,79
050,12,065,"Florida","Jefferson County",5,79,132,63,69
050,12,065,"Florida","Jefferson County",5,80,132,59,73
050,12,065,"Florida","Jefferson County",5,81,112,58,54
050,12,065,"Florida","Jefferson County",5,82,80,41,39
050,12,065,"Florida","Jefferson County",5,83,70,34,36
050,12,065,"Florida","Jefferson County",5,84,75,29,46
050,12,065,"Florida","Jefferson County",5,85,389,146,243
050,12,067,"Florida","Lafayette County",1,0,52,26,26
050,12,067,"Florida","Lafayette County",1,1,63,33,30
050,12,067,"Florida","Lafayette County",1,2,61,33,28
050,12,067,"Florida","Lafayette County",1,3,70,37,33
050,12,067,"Florida","Lafayette County",1,4,67,29,38
050,12,067,"Florida","Lafayette County",1,5,65,30,35
050,12,067,"Florida","Lafayette County",1,6,82,33,49
050,12,067,"Florida","Lafayette County",1,7,79,35,44
050,12,067,"Florida","Lafayette County",1,8,80,35,45
050,12,067,"Florida","Lafayette County",1,9,89,40,49
050,12,067,"Florida","Lafayette County",1,10,99,43,56
050,12,067,"Florida","Lafayette County",1,11,105,52,53
050,12,067,"Florida","Lafayette County",1,12,92,47,45
050,12,067,"Florida","Lafayette County",1,13,93,40,53
050,12,067,"Florida","Lafayette County",1,14,113,60,53
050,12,067,"Florida","Lafayette County",1,15,122,64,58
050,12,067,"Florida","Lafayette County",1,16,104,54,50
050,12,067,"Florida","Lafayette County",1,17,103,59,44
050,12,067,"Florida","Lafayette County",1,18,104,60,44
050,12,067,"Florida","Lafayette County",1,19,111,66,45
050,12,067,"Florida","Lafayette County",1,20,144,105,39
050,12,067,"Florida","Lafayette County",1,21,157,120,37
050,12,067,"Florida","Lafayette County",1,22,112,87,25
050,12,067,"Florida","Lafayette County",1,23,126,89,37
050,12,067,"Florida","Lafayette County",1,24,129,99,30
050,12,067,"Florida","Lafayette County",1,25,114,84,30
050,12,067,"Florida","Lafayette County",1,26,106,77,29
050,12,067,"Florida","Lafayette County",1,27,137,79,58
050,12,067,"Florida","Lafayette County",1,28,118,69,49
050,12,067,"Florida","Lafayette County",1,29,120,75,45
050,12,067,"Florida","Lafayette County",1,30,117,74,43
050,12,067,"Florida","Lafayette County",1,31,112,86,26
050,12,067,"Florida","Lafayette County",1,32,104,66,38
050,12,067,"Florida","Lafayette County",1,33,97,62,35
050,12,067,"Florida","Lafayette County",1,34,104,74,30
050,12,067,"Florida","Lafayette County",1,35,111,77,34
050,12,067,"Florida","Lafayette County",1,36,116,85,31
050,12,067,"Florida","Lafayette County",1,37,102,63,39
050,12,067,"Florida","Lafayette County",1,38,118,70,48
050,12,067,"Florida","Lafayette County",1,39,121,81,40
050,12,067,"Florida","Lafayette County",1,40,115,72,43
050,12,067,"Florida","Lafayette County",1,41,127,74,53
050,12,067,"Florida","Lafayette County",1,42,117,70,47
050,12,067,"Florida","Lafayette County",1,43,122,83,39
050,12,067,"Florida","Lafayette County",1,44,124,75,49
050,12,067,"Florida","Lafayette County",1,45,112,65,47
050,12,067,"Florida","Lafayette County",1,46,124,82,42
050,12,067,"Florida","Lafayette County",1,47,129,91,38
050,12,067,"Florida","Lafayette County",1,48,137,90,47
050,12,067,"Florida","Lafayette County",1,49,119,71,48
050,12,067,"Florida","Lafayette County",1,50,101,63,38
050,12,067,"Florida","Lafayette County",1,51,97,62,35
050,12,067,"Florida","Lafayette County",1,52,95,57,38
050,12,067,"Florida","Lafayette County",1,53,86,45,41
050,12,067,"Florida","Lafayette County",1,54,91,50,41
050,12,067,"Florida","Lafayette County",1,55,109,57,52
050,12,067,"Florida","Lafayette County",1,56,101,48,53
050,12,067,"Florida","Lafayette County",1,57,106,64,42
050,12,067,"Florida","Lafayette County",1,58,98,56,42
050,12,067,"Florida","Lafayette County",1,59,97,49,48
050,12,067,"Florida","Lafayette County",1,60,93,48,45
050,12,067,"Florida","Lafayette County",1,61,99,55,44
050,12,067,"Florida","Lafayette County",1,62,91,48,43
050,12,067,"Florida","Lafayette County",1,63,95,50,45
050,12,067,"Florida","Lafayette County",1,64,92,48,44
050,12,067,"Florida","Lafayette County",1,65,90,46,44
050,12,067,"Florida","Lafayette County",1,66,93,40,53
050,12,067,"Florida","Lafayette County",1,67,84,42,42
050,12,067,"Florida","Lafayette County",1,68,101,57,44
050,12,067,"Florida","Lafayette County",1,69,79,37,42
050,12,067,"Florida","Lafayette County",1,70,82,41,41
050,12,067,"Florida","Lafayette County",1,71,76,40,36
050,12,067,"Florida","Lafayette County",1,72,64,31,33
050,12,067,"Florida","Lafayette County",1,73,72,36,36
050,12,067,"Florida","Lafayette County",1,74,58,26,32
050,12,067,"Florida","Lafayette County",1,75,64,29,35
050,12,067,"Florida","Lafayette County",1,76,51,24,27
050,12,067,"Florida","Lafayette County",1,77,59,23,36
050,12,067,"Florida","Lafayette County",1,78,58,22,36
050,12,067,"Florida","Lafayette County",1,79,56,28,28
050,12,067,"Florida","Lafayette County",1,80,37,15,22
050,12,067,"Florida","Lafayette County",1,81,45,19,26
050,12,067,"Florida","Lafayette County",1,82,38,18,20
050,12,067,"Florida","Lafayette County",1,83,32,13,19
050,12,067,"Florida","Lafayette County",1,84,26,9,17
050,12,067,"Florida","Lafayette County",1,85,164,57,107
050,12,067,"Florida","Lafayette County",2,0,57,27,30
050,12,067,"Florida","Lafayette County",2,1,60,32,28
050,12,067,"Florida","Lafayette County",2,2,63,34,29
050,12,067,"Florida","Lafayette County",2,3,68,36,32
050,12,067,"Florida","Lafayette County",2,4,69,32,37
050,12,067,"Florida","Lafayette County",2,5,68,30,38
050,12,067,"Florida","Lafayette County",2,6,77,31,46
050,12,067,"Florida","Lafayette County",2,7,82,35,47
050,12,067,"Florida","Lafayette County",2,8,80,35,45
050,12,067,"Florida","Lafayette County",2,9,87,39,48
050,12,067,"Florida","Lafayette County",2,10,96,43,53
050,12,067,"Florida","Lafayette County",2,11,104,50,54
050,12,067,"Florida","Lafayette County",2,12,93,47,46
050,12,067,"Florida","Lafayette County",2,13,93,42,51
050,12,067,"Florida","Lafayette County",2,14,109,55,54
050,12,067,"Florida","Lafayette County",2,15,120,63,57
050,12,067,"Florida","Lafayette County",2,16,106,55,51
050,12,067,"Florida","Lafayette County",2,17,101,57,44
050,12,067,"Florida","Lafayette County",2,18,103,62,41
050,12,067,"Florida","Lafayette County",2,19,107,65,42
050,12,067,"Florida","Lafayette County",2,20,148,106,42
050,12,067,"Florida","Lafayette County",2,21,154,116,38
050,12,067,"Florida","Lafayette County",2,22,117,87,30
050,12,067,"Florida","Lafayette County",2,23,122,87,35
050,12,067,"Florida","Lafayette County",2,24,126,95,31
050,12,067,"Florida","Lafayette County",2,25,118,87,31
050,12,067,"Florida","Lafayette County",2,26,106,76,30
050,12,067,"Florida","Lafayette County",2,27,130,78,52
050,12,067,"Florida","Lafayette County",2,28,119,69,50
050,12,067,"Florida","Lafayette County",2,29,116,71,45
050,12,067,"Florida","Lafayette County",2,30,117,72,45
050,12,067,"Florida","Lafayette County",2,31,114,83,31
050,12,067,"Florida","Lafayette County",2,32,100,65,35
050,12,067,"Florida","Lafayette County",2,33,97,62,35
050,12,067,"Florida","Lafayette County",2,34,104,72,32
050,12,067,"Florida","Lafayette County",2,35,106,72,34
050,12,067,"Florida","Lafayette County",2,36,115,84,31
050,12,067,"Florida","Lafayette County",2,37,99,63,36
050,12,067,"Florida","Lafayette County",2,38,114,68,46
050,12,067,"Florida","Lafayette County",2,39,124,82,42
050,12,067,"Florida","Lafayette County",2,40,114,72,42
050,12,067,"Florida","Lafayette County",2,41,123,73,50
050,12,067,"Florida","Lafayette County",2,42,117,70,47
050,12,067,"Florida","Lafayette County",2,43,124,82,42
050,12,067,"Florida","Lafayette County",2,44,120,75,45
050,12,067,"Florida","Lafayette County",2,45,114,67,47
050,12,067,"Florida","Lafayette County",2,46,122,79,43
050,12,067,"Florida","Lafayette County",2,47,127,88,39
050,12,067,"Florida","Lafayette County",2,48,134,89,45
050,12,067,"Florida","Lafayette County",2,49,125,76,49
050,12,067,"Florida","Lafayette County",2,50,105,65,40
050,12,067,"Florida","Lafayette County",2,51,98,62,36
050,12,067,"Florida","Lafayette County",2,52,93,58,35
050,12,067,"Florida","Lafayette County",2,53,88,47,41
050,12,067,"Florida","Lafayette County",2,54,89,49,40
050,12,067,"Florida","Lafayette County",2,55,104,55,49
050,12,067,"Florida","Lafayette County",2,56,103,49,54
050,12,067,"Florida","Lafayette County",2,57,105,60,45
050,12,067,"Florida","Lafayette County",2,58,102,58,44
050,12,067,"Florida","Lafayette County",2,59,98,51,47
050,12,067,"Florida","Lafayette County",2,60,94,49,45
050,12,067,"Florida","Lafayette County",2,61,99,55,44
050,12,067,"Florida","Lafayette County",2,62,92,49,43
050,12,067,"Florida","Lafayette County",2,63,99,52,47
050,12,067,"Florida","Lafayette County",2,64,89,48,41
050,12,067,"Florida","Lafayette County",2,65,90,46,44
050,12,067,"Florida","Lafayette County",2,66,93,41,52
050,12,067,"Florida","Lafayette County",2,67,87,43,44
050,12,067,"Florida","Lafayette County",2,68,97,53,44
050,12,067,"Florida","Lafayette County",2,69,85,42,43
050,12,067,"Florida","Lafayette County",2,70,83,41,42
050,12,067,"Florida","Lafayette County",2,71,78,40,38
050,12,067,"Florida","Lafayette County",2,72,66,33,33
050,12,067,"Florida","Lafayette County",2,73,74,37,37
050,12,067,"Florida","Lafayette County",2,74,58,27,31
050,12,067,"Florida","Lafayette County",2,75,62,28,34
050,12,067,"Florida","Lafayette County",2,76,55,25,30
050,12,067,"Florida","Lafayette County",2,77,61,25,36
050,12,067,"Florida","Lafayette County",2,78,57,21,36
050,12,067,"Florida","Lafayette County",2,79,58,28,30
050,12,067,"Florida","Lafayette County",2,80,39,16,23
050,12,067,"Florida","Lafayette County",2,81,44,18,26
050,12,067,"Florida","Lafayette County",2,82,39,18,21
050,12,067,"Florida","Lafayette County",2,83,34,14,20
050,12,067,"Florida","Lafayette County",2,84,27,9,18
050,12,067,"Florida","Lafayette County",2,85,164,58,106
050,12,067,"Florida","Lafayette County",3,0,66,31,35
050,12,067,"Florida","Lafayette County",3,1,65,33,32
050,12,067,"Florida","Lafayette County",3,2,65,36,29
050,12,067,"Florida","Lafayette County",3,3,68,37,31
050,12,067,"Florida","Lafayette County",3,4,68,37,31
050,12,067,"Florida","Lafayette County",3,5,70,31,39
050,12,067,"Florida","Lafayette County",3,6,74,30,44
050,12,067,"Florida","Lafayette County",3,7,77,33,44
050,12,067,"Florida","Lafayette County",3,8,84,35,49
050,12,067,"Florida","Lafayette County",3,9,84,38,46
050,12,067,"Florida","Lafayette County",3,10,90,38,52
050,12,067,"Florida","Lafayette County",3,11,96,42,54
050,12,067,"Florida","Lafayette County",3,12,105,51,54
050,12,067,"Florida","Lafayette County",3,13,98,53,45
050,12,067,"Florida","Lafayette County",3,14,91,43,48
050,12,067,"Florida","Lafayette County",3,15,104,49,55
050,12,067,"Florida","Lafayette County",3,16,125,68,57
050,12,067,"Florida","Lafayette County",3,17,100,51,49
050,12,067,"Florida","Lafayette County",3,18,99,60,39
050,12,067,"Florida","Lafayette County",3,19,104,68,36
050,12,067,"Florida","Lafayette County",3,20,136,91,45
050,12,067,"Florida","Lafayette County",3,21,138,95,43
050,12,067,"Florida","Lafayette County",3,22,125,82,43
050,12,067,"Florida","Lafayette County",3,23,104,75,29
050,12,067,"Florida","Lafayette County",3,24,106,77,29
050,12,067,"Florida","Lafayette County",3,25,113,82,31
050,12,067,"Florida","Lafayette County",3,26,108,79,29
050,12,067,"Florida","Lafayette County",3,27,101,67,34
050,12,067,"Florida","Lafayette County",3,28,108,56,52
050,12,067,"Florida","Lafayette County",3,29,111,61,50
050,12,067,"Florida","Lafayette County",3,30,100,61,39
050,12,067,"Florida","Lafayette County",3,31,116,75,41
050,12,067,"Florida","Lafayette County",3,32,93,60,33
050,12,067,"Florida","Lafayette County",3,33,90,57,33
050,12,067,"Florida","Lafayette County",3,34,98,61,37
050,12,067,"Florida","Lafayette County",3,35,88,56,32
050,12,067,"Florida","Lafayette County",3,36,101,72,29
050,12,067,"Florida","Lafayette County",3,37,97,65,32
050,12,067,"Florida","Lafayette County",3,38,99,63,36
050,12,067,"Florida","Lafayette County",3,39,127,75,52
050,12,067,"Florida","Lafayette County",3,40,107,70,37
050,12,067,"Florida","Lafayette County",3,41,103,60,43
050,12,067,"Florida","Lafayette County",3,42,115,64,51
050,12,067,"Florida","Lafayette County",3,43,109,62,47
050,12,067,"Florida","Lafayette County",3,44,113,70,43
050,12,067,"Florida","Lafayette County",3,45,108,67,41
050,12,067,"Florida","Lafayette County",3,46,111,66,45
050,12,067,"Florida","Lafayette County",3,47,111,64,47
050,12,067,"Florida","Lafayette County",3,48,115,73,42
050,12,067,"Florida","Lafayette County",3,49,137,88,49
050,12,067,"Florida","Lafayette County",3,50,122,70,52
050,12,067,"Florida","Lafayette County",3,51,101,62,39
050,12,067,"Florida","Lafayette County",3,52,93,57,36
050,12,067,"Florida","Lafayette County",3,53,82,48,34
050,12,067,"Florida","Lafayette County",3,54,83,43,40
050,12,067,"Florida","Lafayette County",3,55,94,48,46
050,12,067,"Florida","Lafayette County",3,56,97,45,52
050,12,067,"Florida","Lafayette County",3,57,107,56,51
050,12,067,"Florida","Lafayette County",3,58,102,59,43
050,12,067,"Florida","Lafayette County",3,59,102,56,46
050,12,067,"Florida","Lafayette County",3,60,106,57,49
050,12,067,"Florida","Lafayette County",3,61,88,43,45
050,12,067,"Florida","Lafayette County",3,62,100,53,47
050,12,067,"Florida","Lafayette County",3,63,106,56,50
050,12,067,"Florida","Lafayette County",3,64,85,48,37
050,12,067,"Florida","Lafayette County",3,65,91,51,40
050,12,067,"Florida","Lafayette County",3,66,87,41,46
050,12,067,"Florida","Lafayette County",3,67,91,39,52
050,12,067,"Florida","Lafayette County",3,68,92,46,46
050,12,067,"Florida","Lafayette County",3,69,87,48,39
050,12,067,"Florida","Lafayette County",3,70,86,42,44
050,12,067,"Florida","Lafayette County",3,71,81,36,45
050,12,067,"Florida","Lafayette County",3,72,71,39,32
050,12,067,"Florida","Lafayette County",3,73,66,33,33
050,12,067,"Florida","Lafayette County",3,74,70,36,34
050,12,067,"Florida","Lafayette County",3,75,48,20,28
050,12,067,"Florida","Lafayette County",3,76,57,23,34
050,12,067,"Florida","Lafayette County",3,77,60,26,34
050,12,067,"Florida","Lafayette County",3,78,57,20,37
050,12,067,"Florida","Lafayette County",3,79,58,24,34
050,12,067,"Florida","Lafayette County",3,80,50,26,24
050,12,067,"Florida","Lafayette County",3,81,39,15,24
050,12,067,"Florida","Lafayette County",3,82,35,17,18
050,12,067,"Florida","Lafayette County",3,83,42,16,26
050,12,067,"Florida","Lafayette County",3,84,33,13,20
050,12,067,"Florida","Lafayette County",3,85,162,55,107
050,12,067,"Florida","Lafayette County",4,0,70,39,31
050,12,067,"Florida","Lafayette County",4,1,73,38,35
050,12,067,"Florida","Lafayette County",4,2,73,37,36
050,12,067,"Florida","Lafayette County",4,3,62,34,28
050,12,067,"Florida","Lafayette County",4,4,84,44,40
050,12,067,"Florida","Lafayette County",4,5,65,38,27
050,12,067,"Florida","Lafayette County",4,6,70,34,36
050,12,067,"Florida","Lafayette County",4,7,76,32,44
050,12,067,"Florida","Lafayette County",4,8,80,33,47
050,12,067,"Florida","Lafayette County",4,9,85,34,51
050,12,067,"Florida","Lafayette County",4,10,88,42,46
050,12,067,"Florida","Lafayette County",4,11,85,33,52
050,12,067,"Florida","Lafayette County",4,12,92,40,52
050,12,067,"Florida","Lafayette County",4,13,106,50,56
050,12,067,"Florida","Lafayette County",4,14,93,49,44
050,12,067,"Florida","Lafayette County",4,15,96,45,51
050,12,067,"Florida","Lafayette County",4,16,101,47,54
050,12,067,"Florida","Lafayette County",4,17,122,62,60
050,12,067,"Florida","Lafayette County",4,18,97,54,43
050,12,067,"Florida","Lafayette County",4,19,90,58,32
050,12,067,"Florida","Lafayette County",4,20,130,90,40
050,12,067,"Florida","Lafayette County",4,21,124,79,45
050,12,067,"Florida","Lafayette County",4,22,116,74,42
050,12,067,"Florida","Lafayette County",4,23,122,80,42
050,12,067,"Florida","Lafayette County",4,24,98,68,30
050,12,067,"Florida","Lafayette County",4,25,101,67,34
050,12,067,"Florida","Lafayette County",4,26,102,71,31
050,12,067,"Florida","Lafayette County",4,27,110,76,34
050,12,067,"Florida","Lafayette County",4,28,81,53,28
050,12,067,"Florida","Lafayette County",4,29,101,51,50
050,12,067,"Florida","Lafayette County",4,30,105,57,48
050,12,067,"Florida","Lafayette County",4,31,105,61,44
050,12,067,"Florida","Lafayette County",4,32,101,61,40
050,12,067,"Florida","Lafayette County",4,33,81,47,34
050,12,067,"Florida","Lafayette County",4,34,97,60,37
050,12,067,"Florida","Lafayette County",4,35,84,49,35
050,12,067,"Florida","Lafayette County",4,36,86,54,32
050,12,067,"Florida","Lafayette County",4,37,89,55,34
050,12,067,"Florida","Lafayette County",4,38,95,64,31
050,12,067,"Florida","Lafayette County",4,39,99,62,37
050,12,067,"Florida","Lafayette County",4,40,118,62,56
050,12,067,"Florida","Lafayette County",4,41,111,69,42
050,12,067,"Florida","Lafayette County",4,42,98,52,46
050,12,067,"Florida","Lafayette County",4,43,112,59,53
050,12,067,"Florida","Lafayette County",4,44,103,56,47
050,12,067,"Florida","Lafayette County",4,45,112,70,42
050,12,067,"Florida","Lafayette County",4,46,105,65,40
050,12,067,"Florida","Lafayette County",4,47,106,61,45
050,12,067,"Florida","Lafayette County",4,48,101,57,44
050,12,067,"Florida","Lafayette County",4,49,117,73,44
050,12,067,"Florida","Lafayette County",4,50,127,80,47
050,12,067,"Florida","Lafayette County",4,51,109,58,51
050,12,067,"Florida","Lafayette County",4,52,110,64,46
050,12,067,"Florida","Lafayette County",4,53,83,50,33
050,12,067,"Florida","Lafayette County",4,54,78,46,32
050,12,067,"Florida","Lafayette County",4,55,77,40,37
050,12,067,"Florida","Lafayette County",4,56,95,47,48
050,12,067,"Florida","Lafayette County",4,57,95,44,51
050,12,067,"Florida","Lafayette County",4,58,107,54,53
050,12,067,"Florida","Lafayette County",4,59,99,55,44
050,12,067,"Florida","Lafayette County",4,60,102,59,43
050,12,067,"Florida","Lafayette County",4,61,107,54,53
050,12,067,"Florida","Lafayette County",4,62,86,40,46
050,12,067,"Florida","Lafayette County",4,63,107,54,53
050,12,067,"Florida","Lafayette County",4,64,90,54,36
050,12,067,"Florida","Lafayette County",4,65,84,47,37
050,12,067,"Florida","Lafayette County",4,66,92,49,43
050,12,067,"Florida","Lafayette County",4,67,90,41,49
050,12,067,"Florida","Lafayette County",4,68,102,44,58
050,12,067,"Florida","Lafayette County",4,69,87,44,43
050,12,067,"Florida","Lafayette County",4,70,91,51,40
050,12,067,"Florida","Lafayette County",4,71,88,38,50
050,12,067,"Florida","Lafayette County",4,72,68,32,36
050,12,067,"Florida","Lafayette County",4,73,72,37,35
050,12,067,"Florida","Lafayette County",4,74,65,33,32
050,12,067,"Florida","Lafayette County",4,75,58,35,23
050,12,067,"Florida","Lafayette County",4,76,44,18,26
050,12,067,"Florida","Lafayette County",4,77,61,23,38
050,12,067,"Florida","Lafayette County",4,78,57,21,36
050,12,067,"Florida","Lafayette County",4,79,60,25,35
050,12,067,"Florida","Lafayette County",4,80,46,18,28
050,12,067,"Florida","Lafayette County",4,81,46,20,26
050,12,067,"Florida","Lafayette County",4,82,32,13,19
050,12,067,"Florida","Lafayette County",4,83,39,15,24
050,12,067,"Florida","Lafayette County",4,84,43,15,28
050,12,067,"Florida","Lafayette County",4,85,162,53,109
050,12,067,"Florida","Lafayette County",5,0,71,41,30
050,12,067,"Florida","Lafayette County",5,1,78,41,37
050,12,067,"Florida","Lafayette County",5,2,80,39,41
050,12,067,"Florida","Lafayette County",5,3,82,42,40
050,12,067,"Florida","Lafayette County",5,4,74,39,35
050,12,067,"Florida","Lafayette County",5,5,82,42,40
050,12,067,"Florida","Lafayette County",5,6,68,38,30
050,12,067,"Florida","Lafayette County",5,7,88,40,48
050,12,067,"Florida","Lafayette County",5,8,82,40,42
050,12,067,"Florida","Lafayette County",5,9,85,30,55
050,12,067,"Florida","Lafayette County",5,10,87,38,49
050,12,067,"Florida","Lafayette County",5,11,97,48,49
050,12,067,"Florida","Lafayette County",5,12,93,40,53
050,12,067,"Florida","Lafayette County",5,13,90,40,50
050,12,067,"Florida","Lafayette County",5,14,107,52,55
050,12,067,"Florida","Lafayette County",5,15,108,56,52
050,12,067,"Florida","Lafayette County",5,16,103,50,53
050,12,067,"Florida","Lafayette County",5,17,108,49,59
050,12,067,"Florida","Lafayette County",5,18,115,63,52
050,12,067,"Florida","Lafayette County",5,19,87,50,37
050,12,067,"Florida","Lafayette County",5,20,124,87,37
050,12,067,"Florida","Lafayette County",5,21,133,95,38
050,12,067,"Florida","Lafayette County",5,22,119,64,55
050,12,067,"Florida","Lafayette County",5,23,125,77,48
050,12,067,"Florida","Lafayette County",5,24,126,80,46
050,12,067,"Florida","Lafayette County",5,25,105,72,33
050,12,067,"Florida","Lafayette County",5,26,103,69,34
050,12,067,"Florida","Lafayette County",5,27,110,78,32
050,12,067,"Florida","Lafayette County",5,28,118,78,40
050,12,067,"Florida","Lafayette County",5,29,81,53,28
050,12,067,"Florida","Lafayette County",5,30,113,53,60
050,12,067,"Florida","Lafayette County",5,31,110,63,47
050,12,067,"Florida","Lafayette County",5,32,104,55,49
050,12,067,"Florida","Lafayette County",5,33,99,59,40
050,12,067,"Florida","Lafayette County",5,34,93,58,35
050,12,067,"Florida","Lafayette County",5,35,88,51,37
050,12,067,"Florida","Lafayette County",5,36,97,58,39
050,12,067,"Florida","Lafayette County",5,37,83,51,32
050,12,067,"Florida","Lafayette County",5,38,98,61,37
050,12,067,"Florida","Lafayette County",5,39,105,71,34
050,12,067,"Florida","Lafayette County",5,40,110,64,46
050,12,067,"Florida","Lafayette County",5,41,132,70,62
050,12,067,"Florida","Lafayette County",5,42,113,68,45
050,12,067,"Florida","Lafayette County",5,43,104,55,49
050,12,067,"Florida","Lafayette County",5,44,105,61,44
050,12,067,"Florida","Lafayette County",5,45,106,59,47
050,12,067,"Florida","Lafayette County",5,46,114,72,42
050,12,067,"Florida","Lafayette County",5,47,100,61,39
050,12,067,"Florida","Lafayette County",5,48,105,58,47
050,12,067,"Florida","Lafayette County",5,49,108,61,47
050,12,067,"Florida","Lafayette County",5,50,119,73,46
050,12,067,"Florida","Lafayette County",5,51,139,85,54
050,12,067,"Florida","Lafayette County",5,52,114,58,56
050,12,067,"Florida","Lafayette County",5,53,109,61,48
050,12,067,"Florida","Lafayette County",5,54,86,51,35
050,12,067,"Florida","Lafayette County",5,55,82,47,35
050,12,067,"Florida","Lafayette County",5,56,78,40,38
050,12,067,"Florida","Lafayette County",5,57,100,52,48
050,12,067,"Florida","Lafayette County",5,58,98,47,51
050,12,067,"Florida","Lafayette County",5,59,106,51,55
050,12,067,"Florida","Lafayette County",5,60,101,55,46
050,12,067,"Florida","Lafayette County",5,61,105,61,44
050,12,067,"Florida","Lafayette County",5,62,104,50,54
050,12,067,"Florida","Lafayette County",5,63,100,48,52
050,12,067,"Florida","Lafayette County",5,64,101,58,43
050,12,067,"Florida","Lafayette County",5,65,87,49,38
050,12,067,"Florida","Lafayette County",5,66,83,46,37
050,12,067,"Florida","Lafayette County",5,67,90,46,44
050,12,067,"Florida","Lafayette County",5,68,94,43,51
050,12,067,"Florida","Lafayette County",5,69,97,41,56
050,12,067,"Florida","Lafayette County",5,70,89,47,42
050,12,067,"Florida","Lafayette County",5,71,87,46,41
050,12,067,"Florida","Lafayette County",5,72,78,35,43
050,12,067,"Florida","Lafayette County",5,73,66,30,36
050,12,067,"Florida","Lafayette County",5,74,71,36,35
050,12,067,"Florida","Lafayette County",5,75,57,29,28
050,12,067,"Florida","Lafayette County",5,76,58,34,24
050,12,067,"Florida","Lafayette County",5,77,50,22,28
050,12,067,"Florida","Lafayette County",5,78,58,20,38
050,12,067,"Florida","Lafayette County",5,79,62,28,34
050,12,067,"Florida","Lafayette County",5,80,50,19,31
050,12,067,"Florida","Lafayette County",5,81,44,16,28
050,12,067,"Florida","Lafayette County",5,82,43,21,22
050,12,067,"Florida","Lafayette County",5,83,37,15,22
050,12,067,"Florida","Lafayette County",5,84,39,15,24
050,12,067,"Florida","Lafayette County",5,85,180,59,121
050,12,069,"Florida","Lake County",1,0,3494,1791,1703
050,12,069,"Florida","Lake County",1,1,3620,1860,1760
050,12,069,"Florida","Lake County",1,2,3681,1873,1808
050,12,069,"Florida","Lake County",1,3,3809,1963,1846
050,12,069,"Florida","Lake County",1,4,3908,1976,1932
050,12,069,"Florida","Lake County",1,5,3954,2011,1943
050,12,069,"Florida","Lake County",1,6,3997,2065,1932
050,12,069,"Florida","Lake County",1,7,3943,2010,1933
050,12,069,"Florida","Lake County",1,8,4063,2094,1969
050,12,069,"Florida","Lake County",1,9,4105,2122,1983
050,12,069,"Florida","Lake County",1,10,4233,2184,2049
050,12,069,"Florida","Lake County",1,11,4394,2247,2147
050,12,069,"Florida","Lake County",1,12,4582,2334,2248
050,12,069,"Florida","Lake County",1,13,4586,2394,2192
050,12,069,"Florida","Lake County",1,14,4476,2256,2220
050,12,069,"Florida","Lake County",1,15,4341,2240,2101
050,12,069,"Florida","Lake County",1,16,4322,2185,2137
050,12,069,"Florida","Lake County",1,17,4095,2075,2020
050,12,069,"Florida","Lake County",1,18,3746,1966,1780
050,12,069,"Florida","Lake County",1,19,3240,1692,1548
050,12,069,"Florida","Lake County",1,20,3355,1727,1628
050,12,069,"Florida","Lake County",1,21,3458,1788,1670
050,12,069,"Florida","Lake County",1,22,3548,1807,1741
050,12,069,"Florida","Lake County",1,23,3703,1825,1878
050,12,069,"Florida","Lake County",1,24,3744,1851,1893
050,12,069,"Florida","Lake County",1,25,3884,1871,2013
050,12,069,"Florida","Lake County",1,26,3921,1938,1983
050,12,069,"Florida","Lake County",1,27,4111,2080,2031
050,12,069,"Florida","Lake County",1,28,4248,2066,2182
050,12,069,"Florida","Lake County",1,29,4396,2101,2295
050,12,069,"Florida","Lake County",1,30,4512,2166,2346
050,12,069,"Florida","Lake County",1,31,4337,2157,2180
050,12,069,"Florida","Lake County",1,32,4260,2193,2067
050,12,069,"Florida","Lake County",1,33,4260,2080,2180
050,12,069,"Florida","Lake County",1,34,4280,2144,2136
050,12,069,"Florida","Lake County",1,35,4265,2070,2195
050,12,069,"Florida","Lake County",1,36,4290,2115,2175
050,12,069,"Florida","Lake County",1,37,4320,2144,2176
050,12,069,"Florida","Lake County",1,38,4361,2180,2181
050,12,069,"Florida","Lake County",1,39,4323,2117,2206
050,12,069,"Florida","Lake County",1,40,4385,2158,2227
050,12,069,"Florida","Lake County",1,41,4226,2031,2195
050,12,069,"Florida","Lake County",1,42,4222,2038,2184
050,12,069,"Florida","Lake County",1,43,4141,1998,2143
050,12,069,"Florida","Lake County",1,44,4030,1958,2072
050,12,069,"Florida","Lake County",1,45,4193,2012,2181
050,12,069,"Florida","Lake County",1,46,4086,1983,2103
050,12,069,"Florida","Lake County",1,47,4402,2141,2261
050,12,069,"Florida","Lake County",1,48,4670,2276,2394
050,12,069,"Florida","Lake County",1,49,4915,2384,2531
050,12,069,"Florida","Lake County",1,50,4733,2329,2404
050,12,069,"Florida","Lake County",1,51,4546,2255,2291
050,12,069,"Florida","Lake County",1,52,4546,2221,2325
050,12,069,"Florida","Lake County",1,53,4633,2301,2332
050,12,069,"Florida","Lake County",1,54,4698,2287,2411
050,12,069,"Florida","Lake County",1,55,5118,2466,2652
050,12,069,"Florida","Lake County",1,56,5221,2574,2647
050,12,069,"Florida","Lake County",1,57,5212,2574,2638
050,12,069,"Florida","Lake County",1,58,5176,2516,2660
050,12,069,"Florida","Lake County",1,59,5349,2560,2789
050,12,069,"Florida","Lake County",1,60,5300,2538,2762
050,12,069,"Florida","Lake County",1,61,5323,2538,2785
050,12,069,"Florida","Lake County",1,62,5544,2638,2906
050,12,069,"Florida","Lake County",1,63,5496,2548,2948
050,12,069,"Florida","Lake County",1,64,5421,2497,2924
050,12,069,"Florida","Lake County",1,65,5576,2565,3011
050,12,069,"Florida","Lake County",1,66,5652,2579,3073
050,12,069,"Florida","Lake County",1,67,5625,2531,3094
050,12,069,"Florida","Lake County",1,68,5618,2613,3005
050,12,069,"Florida","Lake County",1,69,5409,2481,2928
050,12,069,"Florida","Lake County",1,70,5462,2484,2978
050,12,069,"Florida","Lake County",1,71,5583,2522,3061
050,12,069,"Florida","Lake County",1,72,5936,2796,3140
050,12,069,"Florida","Lake County",1,73,6299,3013,3286
050,12,069,"Florida","Lake County",1,74,4546,2111,2435
050,12,069,"Florida","Lake County",1,75,4568,2216,2352
050,12,069,"Florida","Lake County",1,76,4661,2214,2447
050,12,069,"Florida","Lake County",1,77,4619,2196,2423
050,12,069,"Florida","Lake County",1,78,3861,1840,2021
050,12,069,"Florida","Lake County",1,79,3608,1696,1912
050,12,069,"Florida","Lake County",1,80,3245,1537,1708
050,12,069,"Florida","Lake County",1,81,3083,1477,1606
050,12,069,"Florida","Lake County",1,82,2671,1256,1415
050,12,069,"Florida","Lake County",1,83,2370,1139,1231
050,12,069,"Florida","Lake County",1,84,2223,1082,1141
050,12,069,"Florida","Lake County",1,85,11596,4908,6688
050,12,069,"Florida","Lake County",2,0,3463,1774,1689
050,12,069,"Florida","Lake County",2,1,3630,1859,1771
050,12,069,"Florida","Lake County",2,2,3708,1892,1816
050,12,069,"Florida","Lake County",2,3,3793,1940,1853
050,12,069,"Florida","Lake County",2,4,3922,1986,1936
050,12,069,"Florida","Lake County",2,5,3986,2022,1964
050,12,069,"Florida","Lake County",2,6,4024,2071,1953
050,12,069,"Florida","Lake County",2,7,3990,2040,1950
050,12,069,"Florida","Lake County",2,8,4052,2086,1966
050,12,069,"Florida","Lake County",2,9,4114,2129,1985
050,12,069,"Florida","Lake County",2,10,4220,2180,2040
050,12,069,"Florida","Lake County",2,11,4363,2230,2133
050,12,069,"Florida","Lake County",2,12,4584,2334,2250
050,12,069,"Florida","Lake County",2,13,4600,2383,2217
050,12,069,"Florida","Lake County",2,14,4509,2297,2212
050,12,069,"Florida","Lake County",2,15,4397,2256,2141
050,12,069,"Florida","Lake County",2,16,4355,2219,2136
050,12,069,"Florida","Lake County",2,17,4150,2103,2047
050,12,069,"Florida","Lake County",2,18,3692,1934,1758
050,12,069,"Florida","Lake County",2,19,3254,1703,1551
050,12,069,"Florida","Lake County",2,20,3427,1765,1662
050,12,069,"Florida","Lake County",2,21,3483,1794,1689
050,12,069,"Florida","Lake County",2,22,3582,1822,1760
050,12,069,"Florida","Lake County",2,23,3729,1851,1878
050,12,069,"Florida","Lake County",2,24,3770,1857,1913
050,12,069,"Florida","Lake County",2,25,3878,1878,2000
050,12,069,"Florida","Lake County",2,26,3952,1949,2003
050,12,069,"Florida","Lake County",2,27,4089,2057,2032
050,12,069,"Florida","Lake County",2,28,4240,2073,2167
050,12,069,"Florida","Lake County",2,29,4395,2105,2290
050,12,069,"Florida","Lake County",2,30,4549,2183,2366
050,12,069,"Florida","Lake County",2,31,4405,2179,2226
050,12,069,"Florida","Lake County",2,32,4317,2202,2115
050,12,069,"Florida","Lake County",2,33,4284,2117,2167
050,12,069,"Florida","Lake County",2,34,4325,2156,2169
050,12,069,"Florida","Lake County",2,35,4339,2128,2211
050,12,069,"Florida","Lake County",2,36,4292,2109,2183
050,12,069,"Florida","Lake County",2,37,4354,2154,2200
050,12,069,"Florida","Lake County",2,38,4407,2195,2212
050,12,069,"Florida","Lake County",2,39,4352,2143,2209
050,12,069,"Florida","Lake County",2,40,4427,2174,2253
050,12,069,"Florida","Lake County",2,41,4290,2074,2216
050,12,069,"Florida","Lake County",2,42,4221,2038,2183
050,12,069,"Florida","Lake County",2,43,4216,2041,2175
050,12,069,"Florida","Lake County",2,44,4070,1973,2097
050,12,069,"Florida","Lake County",2,45,4201,2020,2181
050,12,069,"Florida","Lake County",2,46,4126,1996,2130
050,12,069,"Florida","Lake County",2,47,4335,2107,2228
050,12,069,"Florida","Lake County",2,48,4627,2254,2373
050,12,069,"Florida","Lake County",2,49,4919,2386,2533
050,12,069,"Florida","Lake County",2,50,4811,2352,2459
050,12,069,"Florida","Lake County",2,51,4615,2282,2333
050,12,069,"Florida","Lake County",2,52,4571,2243,2328
050,12,069,"Florida","Lake County",2,53,4635,2292,2343
050,12,069,"Florida","Lake County",2,54,4710,2298,2412
050,12,069,"Florida","Lake County",2,55,5060,2441,2619
050,12,069,"Florida","Lake County",2,56,5248,2572,2676
050,12,069,"Florida","Lake County",2,57,5254,2589,2665
050,12,069,"Florida","Lake County",2,58,5204,2537,2667
050,12,069,"Florida","Lake County",2,59,5365,2578,2787
050,12,069,"Florida","Lake County",2,60,5351,2564,2787
050,12,069,"Florida","Lake County",2,61,5356,2549,2807
050,12,069,"Florida","Lake County",2,62,5542,2633,2909
050,12,069,"Florida","Lake County",2,63,5605,2611,2994
050,12,069,"Florida","Lake County",2,64,5466,2520,2946
050,12,069,"Florida","Lake County",2,65,5577,2558,3019
050,12,069,"Florida","Lake County",2,66,5690,2599,3091
050,12,069,"Florida","Lake County",2,67,5664,2560,3104
050,12,069,"Florida","Lake County",2,68,5616,2597,3019
050,12,069,"Florida","Lake County",2,69,5529,2540,2989
050,12,069,"Florida","Lake County",2,70,5453,2486,2967
050,12,069,"Florida","Lake County",2,71,5574,2523,3051
050,12,069,"Florida","Lake County",2,72,5790,2704,3086
050,12,069,"Florida","Lake County",2,73,6517,3103,3414
050,12,069,"Florida","Lake County",2,74,4681,2187,2494
050,12,069,"Florida","Lake County",2,75,4581,2203,2378
050,12,069,"Florida","Lake County",2,76,4587,2190,2397
050,12,069,"Florida","Lake County",2,77,4723,2248,2475
050,12,069,"Florida","Lake County",2,78,3945,1873,2072
050,12,069,"Florida","Lake County",2,79,3637,1704,1933
050,12,069,"Florida","Lake County",2,80,3315,1571,1744
050,12,069,"Florida","Lake County",2,81,3058,1453,1605
050,12,069,"Florida","Lake County",2,82,2752,1302,1450
050,12,069,"Florida","Lake County",2,83,2401,1148,1253
050,12,069,"Florida","Lake County",2,84,2215,1072,1143
050,12,069,"Florida","Lake County",2,85,11711,4991,6720
050,12,069,"Florida","Lake County",3,0,3343,1720,1623
050,12,069,"Florida","Lake County",3,1,3706,1888,1818
050,12,069,"Florida","Lake County",3,2,3781,1941,1840
050,12,069,"Florida","Lake County",3,3,3945,2004,1941
050,12,069,"Florida","Lake County",3,4,3934,2021,1913
050,12,069,"Florida","Lake County",3,5,4096,2110,1986
050,12,069,"Florida","Lake County",3,6,4094,2101,1993
050,12,069,"Florida","Lake County",3,7,4184,2139,2045
050,12,069,"Florida","Lake County",3,8,4210,2153,2057
050,12,069,"Florida","Lake County",3,9,4118,2101,2017
050,12,069,"Florida","Lake County",3,10,4245,2214,2031
050,12,069,"Florida","Lake County",3,11,4376,2233,2143
050,12,069,"Florida","Lake County",3,12,4563,2350,2213
050,12,069,"Florida","Lake County",3,13,4778,2415,2363
050,12,069,"Florida","Lake County",3,14,4753,2443,2310
050,12,069,"Florida","Lake County",3,15,4634,2390,2244
050,12,069,"Florida","Lake County",3,16,4528,2328,2200
050,12,069,"Florida","Lake County",3,17,4532,2308,2224
050,12,069,"Florida","Lake County",3,18,3777,1951,1826
050,12,069,"Florida","Lake County",3,19,3273,1707,1566
050,12,069,"Florida","Lake County",3,20,3541,1822,1719
050,12,069,"Florida","Lake County",3,21,3649,1876,1773
050,12,069,"Florida","Lake County",3,22,3677,1863,1814
050,12,069,"Florida","Lake County",3,23,3794,1912,1882
050,12,069,"Florida","Lake County",3,24,3909,1958,1951
050,12,069,"Florida","Lake County",3,25,3878,1934,1944
050,12,069,"Florida","Lake County",3,26,4117,1963,2154
050,12,069,"Florida","Lake County",3,27,4146,2084,2062
050,12,069,"Florida","Lake County",3,28,4243,2104,2139
050,12,069,"Florida","Lake County",3,29,4390,2143,2247
050,12,069,"Florida","Lake County",3,30,4590,2223,2367
050,12,069,"Florida","Lake County",3,31,4718,2277,2441
050,12,069,"Florida","Lake County",3,32,4667,2275,2392
050,12,069,"Florida","Lake County",3,33,4479,2256,2223
050,12,069,"Florida","Lake County",3,34,4432,2197,2235
050,12,069,"Florida","Lake County",3,35,4480,2236,2244
050,12,069,"Florida","Lake County",3,36,4546,2234,2312
050,12,069,"Florida","Lake County",3,37,4541,2228,2313
050,12,069,"Florida","Lake County",3,38,4547,2253,2294
050,12,069,"Florida","Lake County",3,39,4598,2277,2321
050,12,069,"Florida","Lake County",3,40,4529,2235,2294
050,12,069,"Florida","Lake County",3,41,4593,2260,2333
050,12,069,"Florida","Lake County",3,42,4431,2123,2308
050,12,069,"Florida","Lake County",3,43,4423,2131,2292
050,12,069,"Florida","Lake County",3,44,4391,2163,2228
050,12,069,"Florida","Lake County",3,45,4224,2044,2180
050,12,069,"Florida","Lake County",3,46,4280,2063,2217
050,12,069,"Florida","Lake County",3,47,4213,2038,2175
050,12,069,"Florida","Lake County",3,48,4422,2167,2255
050,12,069,"Florida","Lake County",3,49,4790,2320,2470
050,12,069,"Florida","Lake County",3,50,5059,2452,2607
050,12,069,"Florida","Lake County",3,51,4907,2393,2514
050,12,069,"Florida","Lake County",3,52,4729,2340,2389
050,12,069,"Florida","Lake County",3,53,4748,2349,2399
050,12,069,"Florida","Lake County",3,54,4803,2353,2450
050,12,069,"Florida","Lake County",3,55,4901,2369,2532
050,12,069,"Florida","Lake County",3,56,5178,2482,2696
050,12,069,"Florida","Lake County",3,57,5408,2634,2774
050,12,069,"Florida","Lake County",3,58,5384,2621,2763
050,12,069,"Florida","Lake County",3,59,5321,2604,2717
050,12,069,"Florida","Lake County",3,60,5588,2717,2871
050,12,069,"Florida","Lake County",3,61,5472,2605,2867
050,12,069,"Florida","Lake County",3,62,5577,2652,2925
050,12,069,"Florida","Lake County",3,63,5725,2730,2995
050,12,069,"Florida","Lake County",3,64,5775,2660,3115
050,12,069,"Florida","Lake County",3,65,5653,2602,3051
050,12,069,"Florida","Lake County",3,66,5747,2648,3099
050,12,069,"Florida","Lake County",3,67,5828,2657,3171
050,12,069,"Florida","Lake County",3,68,5740,2599,3141
050,12,069,"Florida","Lake County",3,69,5633,2577,3056
050,12,069,"Florida","Lake County",3,70,5579,2553,3026
050,12,069,"Florida","Lake County",3,71,5528,2505,3023
050,12,069,"Florida","Lake County",3,72,5568,2541,3027
050,12,069,"Florida","Lake County",3,73,5727,2653,3074
050,12,069,"Florida","Lake County",3,74,6444,3087,3357
050,12,069,"Florida","Lake County",3,75,4605,2166,2439
050,12,069,"Florida","Lake County",3,76,4504,2140,2364
050,12,069,"Florida","Lake County",3,77,4483,2142,2341
050,12,069,"Florida","Lake County",3,78,4524,2130,2394
050,12,069,"Florida","Lake County",3,79,3878,1820,2058
050,12,069,"Florida","Lake County",3,80,3435,1629,1806
050,12,069,"Florida","Lake County",3,81,3148,1467,1681
050,12,069,"Florida","Lake County",3,82,2852,1358,1494
050,12,069,"Florida","Lake County",3,83,2583,1220,1363
050,12,069,"Florida","Lake County",3,84,2208,1041,1167
050,12,069,"Florida","Lake County",3,85,12002,5205,6797
050,12,069,"Florida","Lake County",4,0,3628,1866,1762
050,12,069,"Florida","Lake County",4,1,3609,1828,1781
050,12,069,"Florida","Lake County",4,2,3909,1983,1926
050,12,069,"Florida","Lake County",4,3,4028,2053,1975
050,12,069,"Florida","Lake County",4,4,4189,2126,2063
050,12,069,"Florida","Lake County",4,5,4110,2101,2009
050,12,069,"Florida","Lake County",4,6,4280,2201,2079
050,12,069,"Florida","Lake County",4,7,4394,2256,2138
050,12,069,"Florida","Lake County",4,8,4392,2284,2108
050,12,069,"Florida","Lake County",4,9,4390,2276,2114
050,12,069,"Florida","Lake County",4,10,4304,2192,2112
050,12,069,"Florida","Lake County",4,11,4398,2266,2132
050,12,069,"Florida","Lake County",4,12,4577,2341,2236
050,12,069,"Florida","Lake County",4,13,4758,2445,2313
050,12,069,"Florida","Lake County",4,14,4940,2494,2446
050,12,069,"Florida","Lake County",4,15,4918,2514,2404
050,12,069,"Florida","Lake County",4,16,4765,2456,2309
050,12,069,"Florida","Lake County",4,17,4632,2391,2241
050,12,069,"Florida","Lake County",4,18,4028,2131,1897
050,12,069,"Florida","Lake County",4,19,3264,1698,1566
050,12,069,"Florida","Lake County",4,20,3564,1847,1717
050,12,069,"Florida","Lake County",4,21,3749,1874,1875
050,12,069,"Florida","Lake County",4,22,3868,1981,1887
050,12,069,"Florida","Lake County",4,23,3969,2008,1961
050,12,069,"Florida","Lake County",4,24,4010,2034,1976
050,12,069,"Florida","Lake County",4,25,4101,2061,2040
050,12,069,"Florida","Lake County",4,26,4082,2051,2031
050,12,069,"Florida","Lake County",4,27,4329,2071,2258
050,12,069,"Florida","Lake County",4,28,4366,2151,2215
050,12,069,"Florida","Lake County",4,29,4498,2224,2274
050,12,069,"Florida","Lake County",4,30,4634,2264,2370
050,12,069,"Florida","Lake County",4,31,4866,2358,2508
050,12,069,"Florida","Lake County",4,32,5026,2413,2613
050,12,069,"Florida","Lake County",4,33,4946,2414,2532
050,12,069,"Florida","Lake County",4,34,4778,2422,2356
050,12,069,"Florida","Lake County",4,35,4652,2306,2346
050,12,069,"Florida","Lake County",4,36,4713,2350,2363
050,12,069,"Florida","Lake County",4,37,4772,2330,2442
050,12,069,"Florida","Lake County",4,38,4794,2356,2438
050,12,069,"Florida","Lake County",4,39,4680,2336,2344
050,12,069,"Florida","Lake County",4,40,4839,2377,2462
050,12,069,"Florida","Lake County",4,41,4774,2331,2443
050,12,069,"Florida","Lake County",4,42,4811,2346,2465
050,12,069,"Florida","Lake County",4,43,4631,2242,2389
050,12,069,"Florida","Lake County",4,44,4719,2269,2450
050,12,069,"Florida","Lake County",4,45,4554,2246,2308
050,12,069,"Florida","Lake County",4,46,4368,2095,2273
050,12,069,"Florida","Lake County",4,47,4485,2168,2317
050,12,069,"Florida","Lake County",4,48,4344,2124,2220
050,12,069,"Florida","Lake County",4,49,4563,2256,2307
050,12,069,"Florida","Lake County",4,50,4911,2378,2533
050,12,069,"Florida","Lake County",4,51,5216,2498,2718
050,12,069,"Florida","Lake County",4,52,5126,2463,2663
050,12,069,"Florida","Lake County",4,53,4833,2366,2467
050,12,069,"Florida","Lake County",4,54,4898,2432,2466
050,12,069,"Florida","Lake County",4,55,5003,2441,2562
050,12,069,"Florida","Lake County",4,56,5108,2466,2642
050,12,069,"Florida","Lake County",4,57,5435,2543,2892
050,12,069,"Florida","Lake County",4,58,5635,2733,2902
050,12,069,"Florida","Lake County",4,59,5591,2717,2874
050,12,069,"Florida","Lake County",4,60,5564,2715,2849
050,12,069,"Florida","Lake County",4,61,5792,2810,2982
050,12,069,"Florida","Lake County",4,62,5703,2695,3008
050,12,069,"Florida","Lake County",4,63,5873,2816,3057
050,12,069,"Florida","Lake County",4,64,6019,2863,3156
050,12,069,"Florida","Lake County",4,65,6011,2757,3254
050,12,069,"Florida","Lake County",4,66,5865,2702,3163
050,12,069,"Florida","Lake County",4,67,5987,2770,3217
050,12,069,"Florida","Lake County",4,68,5979,2719,3260
050,12,069,"Florida","Lake County",4,69,5842,2615,3227
050,12,069,"Florida","Lake County",4,70,5729,2620,3109
050,12,069,"Florida","Lake County",4,71,5704,2621,3083
050,12,069,"Florida","Lake County",4,72,5615,2557,3058
050,12,069,"Florida","Lake County",4,73,5556,2537,3019
050,12,069,"Florida","Lake County",4,74,5703,2620,3083
050,12,069,"Florida","Lake County",4,75,6436,3071,3365
050,12,069,"Florida","Lake County",4,76,4583,2119,2464
050,12,069,"Florida","Lake County",4,77,4401,2082,2319
050,12,069,"Florida","Lake County",4,78,4278,2026,2252
050,12,069,"Florida","Lake County",4,79,4482,2106,2376
050,12,069,"Florida","Lake County",4,80,3639,1709,1930
050,12,069,"Florida","Lake County",4,81,3257,1539,1718
050,12,069,"Florida","Lake County",4,82,2939,1359,1580
050,12,069,"Florida","Lake County",4,83,2679,1302,1377
050,12,069,"Florida","Lake County",4,84,2406,1117,1289
050,12,069,"Florida","Lake County",4,85,12294,5373,6921
050,12,069,"Florida","Lake County",5,0,3666,1881,1785
050,12,069,"Florida","Lake County",5,1,3923,1998,1925
050,12,069,"Florida","Lake County",5,2,3804,1954,1850
050,12,069,"Florida","Lake County",5,3,4081,2089,1992
050,12,069,"Florida","Lake County",5,4,4244,2167,2077
050,12,069,"Florida","Lake County",5,5,4356,2181,2175
050,12,069,"Florida","Lake County",5,6,4254,2200,2054
050,12,069,"Florida","Lake County",5,7,4501,2352,2149
050,12,069,"Florida","Lake County",5,8,4711,2453,2258
050,12,069,"Florida","Lake County",5,9,4540,2338,2202
050,12,069,"Florida","Lake County",5,10,4608,2369,2239
050,12,069,"Florida","Lake County",5,11,4503,2292,2211
050,12,069,"Florida","Lake County",5,12,4593,2346,2247
050,12,069,"Florida","Lake County",5,13,4694,2389,2305
050,12,069,"Florida","Lake County",5,14,4909,2530,2379
050,12,069,"Florida","Lake County",5,15,5096,2561,2535
050,12,069,"Florida","Lake County",5,16,5076,2582,2494
050,12,069,"Florida","Lake County",5,17,4850,2539,2311
050,12,069,"Florida","Lake County",5,18,4142,2191,1951
050,12,069,"Florida","Lake County",5,19,3552,1858,1694
050,12,069,"Florida","Lake County",5,20,3617,1833,1784
050,12,069,"Florida","Lake County",5,21,3805,1959,1846
050,12,069,"Florida","Lake County",5,22,4039,2005,2034
050,12,069,"Florida","Lake County",5,23,4182,2110,2072
050,12,069,"Florida","Lake County",5,24,4232,2117,2115
050,12,069,"Florida","Lake County",5,25,4217,2118,2099
050,12,069,"Florida","Lake County",5,26,4332,2143,2189
050,12,069,"Florida","Lake County",5,27,4326,2192,2134
050,12,069,"Florida","Lake County",5,28,4539,2163,2376
050,12,069,"Florida","Lake County",5,29,4632,2279,2353
050,12,069,"Florida","Lake County",5,30,4688,2282,2406
050,12,069,"Florida","Lake County",5,31,4869,2395,2474
050,12,069,"Florida","Lake County",5,32,5083,2482,2601
050,12,069,"Florida","Lake County",5,33,5344,2604,2740
050,12,069,"Florida","Lake County",5,34,5231,2533,2698
050,12,069,"Florida","Lake County",5,35,5021,2562,2459
050,12,069,"Florida","Lake County",5,36,4943,2449,2494
050,12,069,"Florida","Lake County",5,37,4961,2473,2488
050,12,069,"Florida","Lake County",5,38,5023,2458,2565
050,12,069,"Florida","Lake County",5,39,4924,2417,2507
050,12,069,"Florida","Lake County",5,40,4955,2467,2488
050,12,069,"Florida","Lake County",5,41,5126,2515,2611
050,12,069,"Florida","Lake County",5,42,5050,2459,2591
050,12,069,"Florida","Lake County",5,43,5042,2465,2577
050,12,069,"Florida","Lake County",5,44,4943,2413,2530
050,12,069,"Florida","Lake County",5,45,4895,2345,2550
050,12,069,"Florida","Lake County",5,46,4736,2314,2422
050,12,069,"Florida","Lake County",5,47,4541,2198,2343
050,12,069,"Florida","Lake County",5,48,4575,2248,2327
050,12,069,"Florida","Lake County",5,49,4474,2188,2286
050,12,069,"Florida","Lake County",5,50,4717,2316,2401
050,12,069,"Florida","Lake County",5,51,5041,2422,2619
050,12,069,"Florida","Lake County",5,52,5408,2579,2829
050,12,069,"Florida","Lake County",5,53,5342,2581,2761
050,12,069,"Florida","Lake County",5,54,5082,2472,2610
050,12,069,"Florida","Lake County",5,55,5124,2511,2613
050,12,069,"Florida","Lake County",5,56,5279,2573,2706
050,12,069,"Florida","Lake County",5,57,5364,2558,2806
050,12,069,"Florida","Lake County",5,58,5690,2640,3050
050,12,069,"Florida","Lake County",5,59,5809,2812,2997
050,12,069,"Florida","Lake County",5,60,5861,2847,3014
050,12,069,"Florida","Lake County",5,61,5790,2796,2994
050,12,069,"Florida","Lake County",5,62,6077,2960,3117
050,12,069,"Florida","Lake County",5,63,5967,2826,3141
050,12,069,"Florida","Lake County",5,64,6070,2892,3178
050,12,069,"Florida","Lake County",5,65,6225,2940,3285
050,12,069,"Florida","Lake County",5,66,6200,2854,3346
050,12,069,"Florida","Lake County",5,67,6117,2811,3306
050,12,069,"Florida","Lake County",5,68,6058,2809,3249
050,12,069,"Florida","Lake County",5,69,6041,2737,3304
050,12,069,"Florida","Lake County",5,70,5883,2641,3242
050,12,069,"Florida","Lake County",5,71,5830,2666,3164
050,12,069,"Florida","Lake County",5,72,5738,2637,3101
050,12,069,"Florida","Lake County",5,73,5636,2544,3092
050,12,069,"Florida","Lake County",5,74,5538,2520,3018
050,12,069,"Florida","Lake County",5,75,5689,2606,3083
050,12,069,"Florida","Lake County",5,76,6384,3010,3374
050,12,069,"Florida","Lake County",5,77,4498,2084,2414
050,12,069,"Florida","Lake County",5,78,4300,2021,2279
050,12,069,"Florida","Lake County",5,79,4218,1982,2236
050,12,069,"Florida","Lake County",5,80,4278,2013,2265
050,12,069,"Florida","Lake County",5,81,3471,1581,1890
050,12,069,"Florida","Lake County",5,82,3080,1455,1625
050,12,069,"Florida","Lake County",5,83,2786,1312,1474
050,12,069,"Florida","Lake County",5,84,2502,1200,1302
050,12,069,"Florida","Lake County",5,85,12921,5693,7228
050,12,071,"Florida","Lee County",1,0,6595,3384,3211
050,12,071,"Florida","Lee County",1,1,6745,3473,3272
050,12,071,"Florida","Lee County",1,2,6863,3469,3394
050,12,071,"Florida","Lee County",1,3,6897,3517,3380
050,12,071,"Florida","Lee County",1,4,7007,3603,3404
050,12,071,"Florida","Lee County",1,5,7048,3592,3456
050,12,071,"Florida","Lee County",1,6,6970,3571,3399
050,12,071,"Florida","Lee County",1,7,7091,3681,3410
050,12,071,"Florida","Lee County",1,8,7306,3786,3520
050,12,071,"Florida","Lee County",1,9,7274,3725,3549
050,12,071,"Florida","Lee County",1,10,7517,3839,3678
050,12,071,"Florida","Lee County",1,11,7708,3936,3772
050,12,071,"Florida","Lee County",1,12,8091,4212,3879
050,12,071,"Florida","Lee County",1,13,8040,4163,3877
050,12,071,"Florida","Lee County",1,14,7847,3974,3873
050,12,071,"Florida","Lee County",1,15,7756,4034,3722
050,12,071,"Florida","Lee County",1,16,7808,4084,3724
050,12,071,"Florida","Lee County",1,17,7784,4045,3739
050,12,071,"Florida","Lee County",1,18,8061,4081,3980
050,12,071,"Florida","Lee County",1,19,8058,3986,4072
050,12,071,"Florida","Lee County",1,20,7437,3710,3727
050,12,071,"Florida","Lee County",1,21,7258,3706,3552
050,12,071,"Florida","Lee County",1,22,7343,3654,3689
050,12,071,"Florida","Lee County",1,23,7689,3820,3869
050,12,071,"Florida","Lee County",1,24,7751,3928,3823
050,12,071,"Florida","Lee County",1,25,7759,3941,3818
050,12,071,"Florida","Lee County",1,26,7845,3959,3886
050,12,071,"Florida","Lee County",1,27,7961,4008,3953
050,12,071,"Florida","Lee County",1,28,8236,4170,4066
050,12,071,"Florida","Lee County",1,29,8529,4287,4242
050,12,071,"Florida","Lee County",1,30,8521,4272,4249
050,12,071,"Florida","Lee County",1,31,8337,4188,4149
050,12,071,"Florida","Lee County",1,32,8254,4119,4135
050,12,071,"Florida","Lee County",1,33,8138,4044,4094
050,12,071,"Florida","Lee County",1,34,8127,4136,3991
050,12,071,"Florida","Lee County",1,35,8191,4175,4016
050,12,071,"Florida","Lee County",1,36,8110,4095,4015
050,12,071,"Florida","Lee County",1,37,8104,4095,4009
050,12,071,"Florida","Lee County",1,38,8098,4051,4047
050,12,071,"Florida","Lee County",1,39,8035,4081,3954
050,12,071,"Florida","Lee County",1,40,7891,4022,3869
050,12,071,"Florida","Lee County",1,41,7718,3852,3866
050,12,071,"Florida","Lee County",1,42,7684,3834,3850
050,12,071,"Florida","Lee County",1,43,7717,3832,3885
050,12,071,"Florida","Lee County",1,44,7680,3834,3846
050,12,071,"Florida","Lee County",1,45,7738,3853,3885
050,12,071,"Florida","Lee County",1,46,7764,3881,3883
050,12,071,"Florida","Lee County",1,47,8078,4022,4056
050,12,071,"Florida","Lee County",1,48,8628,4236,4392
050,12,071,"Florida","Lee County",1,49,9165,4504,4661
050,12,071,"Florida","Lee County",1,50,8998,4485,4513
050,12,071,"Florida","Lee County",1,51,8829,4366,4463
050,12,071,"Florida","Lee County",1,52,8836,4304,4532
050,12,071,"Florida","Lee County",1,53,9066,4365,4701
050,12,071,"Florida","Lee County",1,54,9365,4599,4766
050,12,071,"Florida","Lee County",1,55,9970,4797,5173
050,12,071,"Florida","Lee County",1,56,10268,4853,5415
050,12,071,"Florida","Lee County",1,57,10509,4945,5564
050,12,071,"Florida","Lee County",1,58,10920,5159,5761
050,12,071,"Florida","Lee County",1,59,11042,5210,5832
050,12,071,"Florida","Lee County",1,60,10765,5109,5656
050,12,071,"Florida","Lee County",1,61,11065,5212,5853
050,12,071,"Florida","Lee County",1,62,11278,5361,5917
050,12,071,"Florida","Lee County",1,63,11343,5305,6038
050,12,071,"Florida","Lee County",1,64,11377,5284,6093
050,12,071,"Florida","Lee County",1,65,11496,5408,6088
050,12,071,"Florida","Lee County",1,66,11678,5474,6204
050,12,071,"Florida","Lee County",1,67,11943,5609,6334
050,12,071,"Florida","Lee County",1,68,11955,5581,6374
050,12,071,"Florida","Lee County",1,69,11547,5459,6088
050,12,071,"Florida","Lee County",1,70,11894,5628,6266
050,12,071,"Florida","Lee County",1,71,12132,5744,6388
050,12,071,"Florida","Lee County",1,72,12907,6180,6727
050,12,071,"Florida","Lee County",1,73,13456,6640,6816
050,12,071,"Florida","Lee County",1,74,9596,4683,4913
050,12,071,"Florida","Lee County",1,75,9716,4798,4918
050,12,071,"Florida","Lee County",1,76,10006,4961,5045
050,12,071,"Florida","Lee County",1,77,9993,4851,5142
050,12,071,"Florida","Lee County",1,78,8708,4240,4468
050,12,071,"Florida","Lee County",1,79,7605,3754,3851
050,12,071,"Florida","Lee County",1,80,6849,3338,3511
050,12,071,"Florida","Lee County",1,81,6326,3125,3201
050,12,071,"Florida","Lee County",1,82,5725,2880,2845
050,12,071,"Florida","Lee County",1,83,5088,2456,2632
050,12,071,"Florida","Lee County",1,84,4615,2287,2328
050,12,071,"Florida","Lee County",1,85,25696,11402,14294
050,12,071,"Florida","Lee County",2,0,6640,3409,3231
050,12,071,"Florida","Lee County",2,1,6751,3472,3279
050,12,071,"Florida","Lee County",2,2,6883,3496,3387
050,12,071,"Florida","Lee County",2,3,6897,3514,3383
050,12,071,"Florida","Lee County",2,4,7037,3607,3430
050,12,071,"Florida","Lee County",2,5,7086,3618,3468
050,12,071,"Florida","Lee County",2,6,7028,3597,3431
050,12,071,"Florida","Lee County",2,7,7087,3667,3420
050,12,071,"Florida","Lee County",2,8,7250,3767,3483
050,12,071,"Florida","Lee County",2,9,7301,3755,3546
050,12,071,"Florida","Lee County",2,10,7476,3819,3657
050,12,071,"Florida","Lee County",2,11,7653,3908,3745
050,12,071,"Florida","Lee County",2,12,8047,4167,3880
050,12,071,"Florida","Lee County",2,13,8071,4184,3887
050,12,071,"Florida","Lee County",2,14,7920,4036,3884
050,12,071,"Florida","Lee County",2,15,7802,4033,3769
050,12,071,"Florida","Lee County",2,16,7826,4090,3736
050,12,071,"Florida","Lee County",2,17,7818,4072,3746
050,12,071,"Florida","Lee County",2,18,8105,4102,4003
050,12,071,"Florida","Lee County",2,19,8265,4079,4186
050,12,071,"Florida","Lee County",2,20,7655,3804,3851
050,12,071,"Florida","Lee County",2,21,7352,3754,3598
050,12,071,"Florida","Lee County",2,22,7427,3706,3721
050,12,071,"Florida","Lee County",2,23,7713,3840,3873
050,12,071,"Florida","Lee County",2,24,7793,3932,3861
050,12,071,"Florida","Lee County",2,25,7802,3967,3835
050,12,071,"Florida","Lee County",2,26,7876,3971,3905
050,12,071,"Florida","Lee County",2,27,7965,4021,3944
050,12,071,"Florida","Lee County",2,28,8231,4169,4062
050,12,071,"Florida","Lee County",2,29,8478,4270,4208
050,12,071,"Florida","Lee County",2,30,8593,4307,4286
050,12,071,"Florida","Lee County",2,31,8383,4206,4177
050,12,071,"Florida","Lee County",2,32,8328,4164,4164
050,12,071,"Florida","Lee County",2,33,8188,4081,4107
050,12,071,"Florida","Lee County",2,34,8149,4117,4032
050,12,071,"Florida","Lee County",2,35,8271,4221,4050
050,12,071,"Florida","Lee County",2,36,8121,4114,4007
050,12,071,"Florida","Lee County",2,37,8138,4096,4042
050,12,071,"Florida","Lee County",2,38,8196,4110,4086
050,12,071,"Florida","Lee County",2,39,8046,4070,3976
050,12,071,"Florida","Lee County",2,40,8049,4112,3937
050,12,071,"Florida","Lee County",2,41,7779,3892,3887
050,12,071,"Florida","Lee County",2,42,7711,3861,3850
050,12,071,"Florida","Lee County",2,43,7789,3870,3919
050,12,071,"Florida","Lee County",2,44,7677,3821,3856
050,12,071,"Florida","Lee County",2,45,7812,3893,3919
050,12,071,"Florida","Lee County",2,46,7801,3900,3901
050,12,071,"Florida","Lee County",2,47,8032,3991,4041
050,12,071,"Florida","Lee County",2,48,8556,4212,4344
050,12,071,"Florida","Lee County",2,49,9126,4488,4638
050,12,071,"Florida","Lee County",2,50,9110,4530,4580
050,12,071,"Florida","Lee County",2,51,8897,4401,4496
050,12,071,"Florida","Lee County",2,52,8902,4346,4556
050,12,071,"Florida","Lee County",2,53,9070,4379,4691
050,12,071,"Florida","Lee County",2,54,9354,4568,4786
050,12,071,"Florida","Lee County",2,55,9920,4793,5127
050,12,071,"Florida","Lee County",2,56,10322,4890,5432
050,12,071,"Florida","Lee County",2,57,10571,4976,5595
050,12,071,"Florida","Lee County",2,58,10934,5157,5777
050,12,071,"Florida","Lee County",2,59,11153,5255,5898
050,12,071,"Florida","Lee County",2,60,10938,5174,5764
050,12,071,"Florida","Lee County",2,61,11101,5237,5864
050,12,071,"Florida","Lee County",2,62,11342,5394,5948
050,12,071,"Florida","Lee County",2,63,11554,5424,6130
050,12,071,"Florida","Lee County",2,64,11440,5325,6115
050,12,071,"Florida","Lee County",2,65,11599,5439,6160
050,12,071,"Florida","Lee County",2,66,11774,5523,6251
050,12,071,"Florida","Lee County",2,67,11956,5612,6344
050,12,071,"Florida","Lee County",2,68,11960,5596,6364
050,12,071,"Florida","Lee County",2,69,11797,5565,6232
050,12,071,"Florida","Lee County",2,70,11852,5606,6246
050,12,071,"Florida","Lee County",2,71,12146,5749,6397
050,12,071,"Florida","Lee County",2,72,12571,6010,6561
050,12,071,"Florida","Lee County",2,73,14005,6865,7140
050,12,071,"Florida","Lee County",2,74,9909,4841,5068
050,12,071,"Florida","Lee County",2,75,9736,4790,4946
050,12,071,"Florida","Lee County",2,76,9814,4854,4960
050,12,071,"Florida","Lee County",2,77,10202,4976,5226
050,12,071,"Florida","Lee County",2,78,8838,4291,4547
050,12,071,"Florida","Lee County",2,79,7780,3816,3964
050,12,071,"Florida","Lee County",2,80,6989,3417,3572
050,12,071,"Florida","Lee County",2,81,6357,3144,3213
050,12,071,"Florida","Lee County",2,82,5847,2913,2934
050,12,071,"Florida","Lee County",2,83,5146,2505,2641
050,12,071,"Florida","Lee County",2,84,4665,2296,2369
050,12,071,"Florida","Lee County",2,85,26016,11574,14442
050,12,071,"Florida","Lee County",3,0,6743,3378,3365
050,12,071,"Florida","Lee County",3,1,6971,3586,3385
050,12,071,"Florida","Lee County",3,2,7005,3587,3418
050,12,071,"Florida","Lee County",3,3,7113,3610,3503
050,12,071,"Florida","Lee County",3,4,7153,3668,3485
050,12,071,"Florida","Lee County",3,5,7270,3733,3537
050,12,071,"Florida","Lee County",3,6,7341,3750,3591
050,12,071,"Florida","Lee County",3,7,7229,3701,3528
050,12,071,"Florida","Lee County",3,8,7286,3771,3515
050,12,071,"Florida","Lee County",3,9,7473,3905,3568
050,12,071,"Florida","Lee County",3,10,7463,3834,3629
050,12,071,"Florida","Lee County",3,11,7720,3931,3789
050,12,071,"Florida","Lee County",3,12,7850,3989,3861
050,12,071,"Florida","Lee County",3,13,8285,4302,3983
050,12,071,"Florida","Lee County",3,14,8305,4288,4017
050,12,071,"Florida","Lee County",3,15,8148,4179,3969
050,12,071,"Florida","Lee County",3,16,7971,4142,3829
050,12,071,"Florida","Lee County",3,17,8112,4194,3918
050,12,071,"Florida","Lee County",3,18,8286,4233,4053
050,12,071,"Florida","Lee County",3,19,8595,4260,4335
050,12,071,"Florida","Lee County",3,20,8070,3999,4071
050,12,071,"Florida","Lee County",3,21,7785,3954,3831
050,12,071,"Florida","Lee County",3,22,7669,3839,3830
050,12,071,"Florida","Lee County",3,23,7801,3886,3915
050,12,071,"Florida","Lee County",3,24,8025,3978,4047
050,12,071,"Florida","Lee County",3,25,7963,4005,3958
050,12,071,"Florida","Lee County",3,26,8066,4091,3975
050,12,071,"Florida","Lee County",3,27,8008,4054,3954
050,12,071,"Florida","Lee County",3,28,8167,4091,4076
050,12,071,"Florida","Lee County",3,29,8547,4333,4214
050,12,071,"Florida","Lee County",3,30,8743,4444,4299
050,12,071,"Florida","Lee County",3,31,8917,4448,4469
050,12,071,"Florida","Lee County",3,32,8770,4436,4334
050,12,071,"Florida","Lee County",3,33,8549,4245,4304
050,12,071,"Florida","Lee County",3,34,8344,4127,4217
050,12,071,"Florida","Lee County",3,35,8552,4341,4211
050,12,071,"Florida","Lee County",3,36,8609,4415,4194
050,12,071,"Florida","Lee County",3,37,8334,4194,4140
050,12,071,"Florida","Lee County",3,38,8542,4275,4267
050,12,071,"Florida","Lee County",3,39,8432,4222,4210
050,12,071,"Florida","Lee County",3,40,8371,4265,4106
050,12,071,"Florida","Lee County",3,41,8316,4200,4116
050,12,071,"Florida","Lee County",3,42,8090,4066,4024
050,12,071,"Florida","Lee County",3,43,8024,4056,3968
050,12,071,"Florida","Lee County",3,44,8016,3935,4081
050,12,071,"Florida","Lee County",3,45,7996,3973,4023
050,12,071,"Florida","Lee County",3,46,8034,4011,4023
050,12,071,"Florida","Lee County",3,47,8053,3986,4067
050,12,071,"Florida","Lee County",3,48,8374,4179,4195
050,12,071,"Florida","Lee County",3,49,8914,4336,4578
050,12,071,"Florida","Lee County",3,50,9567,4715,4852
050,12,071,"Florida","Lee County",3,51,9537,4774,4763
050,12,071,"Florida","Lee County",3,52,9311,4573,4738
050,12,071,"Florida","Lee County",3,53,9296,4534,4762
050,12,071,"Florida","Lee County",3,54,9523,4569,4954
050,12,071,"Florida","Lee County",3,55,9846,4822,5024
050,12,071,"Florida","Lee County",3,56,10431,5020,5411
050,12,071,"Florida","Lee County",3,57,10857,5152,5705
050,12,071,"Florida","Lee County",3,58,11018,5195,5823
050,12,071,"Florida","Lee County",3,59,11446,5357,6089
050,12,071,"Florida","Lee County",3,60,11722,5518,6204
050,12,071,"Florida","Lee County",3,61,11523,5433,6090
050,12,071,"Florida","Lee County",3,62,11704,5509,6195
050,12,071,"Florida","Lee County",3,63,11919,5648,6271
050,12,071,"Florida","Lee County",3,64,12286,5811,6475
050,12,071,"Florida","Lee County",3,65,12054,5638,6416
050,12,071,"Florida","Lee County",3,66,12112,5691,6421
050,12,071,"Florida","Lee County",3,67,12200,5737,6463
050,12,071,"Florida","Lee County",3,68,12257,5713,6544
050,12,071,"Florida","Lee County",3,69,12263,5739,6524
050,12,071,"Florida","Lee County",3,70,12078,5669,6409
050,12,071,"Florida","Lee County",3,71,12106,5720,6386
050,12,071,"Florida","Lee County",3,72,12275,5806,6469
050,12,071,"Florida","Lee County",3,73,12694,6082,6612
050,12,071,"Florida","Lee County",3,74,14056,6903,7153
050,12,071,"Florida","Lee County",3,75,9916,4855,5061
050,12,071,"Florida","Lee County",3,76,9732,4806,4926
050,12,071,"Florida","Lee County",3,77,9724,4809,4915
050,12,071,"Florida","Lee County",3,78,10143,4961,5182
050,12,071,"Florida","Lee County",3,79,8669,4198,4471
050,12,071,"Florida","Lee County",3,80,7530,3690,3840
050,12,071,"Florida","Lee County",3,81,6654,3260,3394
050,12,071,"Florida","Lee County",3,82,6183,3030,3153
050,12,071,"Florida","Lee County",3,83,5556,2769,2787
050,12,071,"Florida","Lee County",3,84,4895,2389,2506
050,12,071,"Florida","Lee County",3,85,27405,12412,14993
050,12,071,"Florida","Lee County",4,0,7393,3719,3674
050,12,071,"Florida","Lee County",4,1,7070,3602,3468
050,12,071,"Florida","Lee County",4,2,7321,3736,3585
050,12,071,"Florida","Lee County",4,3,7377,3784,3593
050,12,071,"Florida","Lee County",4,4,7476,3809,3667
050,12,071,"Florida","Lee County",4,5,7450,3842,3608
050,12,071,"Florida","Lee County",4,6,7586,3828,3758
050,12,071,"Florida","Lee County",4,7,7655,3905,3750
050,12,071,"Florida","Lee County",4,8,7644,3891,3753
050,12,071,"Florida","Lee County",4,9,7636,3955,3681
050,12,071,"Florida","Lee County",4,10,7768,4058,3710
050,12,071,"Florida","Lee County",4,11,7769,3972,3797
050,12,071,"Florida","Lee County",4,12,7979,4071,3908
050,12,071,"Florida","Lee County",4,13,8089,4109,3980
050,12,071,"Florida","Lee County",4,14,8653,4481,4172
050,12,071,"Florida","Lee County",4,15,8657,4435,4222
050,12,071,"Florida","Lee County",4,16,8496,4403,4093
050,12,071,"Florida","Lee County",4,17,8370,4339,4031
050,12,071,"Florida","Lee County",4,18,8575,4349,4226
050,12,071,"Florida","Lee County",4,19,8632,4322,4310
050,12,071,"Florida","Lee County",4,20,8145,4094,4051
050,12,071,"Florida","Lee County",4,21,8204,4219,3985
050,12,071,"Florida","Lee County",4,22,8172,4083,4089
050,12,071,"Florida","Lee County",4,23,8294,4171,4123
050,12,071,"Florida","Lee County",4,24,8323,4190,4133
050,12,071,"Florida","Lee County",4,25,8358,4162,4196
050,12,071,"Florida","Lee County",4,26,8307,4151,4156
050,12,071,"Florida","Lee County",4,27,8429,4305,4124
050,12,071,"Florida","Lee County",4,28,8455,4256,4199
050,12,071,"Florida","Lee County",4,29,8505,4277,4228
050,12,071,"Florida","Lee County",4,30,8864,4499,4365
050,12,071,"Florida","Lee County",4,31,9091,4583,4508
050,12,071,"Florida","Lee County",4,32,9366,4699,4667
050,12,071,"Florida","Lee County",4,33,9089,4577,4512
050,12,071,"Florida","Lee County",4,34,8904,4371,4533
050,12,071,"Florida","Lee County",4,35,8815,4335,4480
050,12,071,"Florida","Lee County",4,36,9025,4625,4400
050,12,071,"Florida","Lee County",4,37,8967,4581,4386
050,12,071,"Florida","Lee County",4,38,8786,4440,4346
050,12,071,"Florida","Lee County",4,39,8983,4450,4533
050,12,071,"Florida","Lee County",4,40,8889,4501,4388
050,12,071,"Florida","Lee County",4,41,8752,4411,4341
050,12,071,"Florida","Lee County",4,42,8736,4429,4307
050,12,071,"Florida","Lee County",4,43,8432,4211,4221
050,12,071,"Florida","Lee County",4,44,8423,4201,4222
050,12,071,"Florida","Lee County",4,45,8335,4108,4227
050,12,071,"Florida","Lee County",4,46,8366,4177,4189
050,12,071,"Florida","Lee County",4,47,8455,4180,4275
050,12,071,"Florida","Lee County",4,48,8479,4191,4288
050,12,071,"Florida","Lee County",4,49,8868,4425,4443
050,12,071,"Florida","Lee County",4,50,9409,4567,4842
050,12,071,"Florida","Lee County",4,51,10163,5002,5161
050,12,071,"Florida","Lee County",4,52,10140,5033,5107
050,12,071,"Florida","Lee County",4,53,9791,4776,5015
050,12,071,"Florida","Lee County",4,54,9918,4804,5114
050,12,071,"Florida","Lee County",4,55,10186,4852,5334
050,12,071,"Florida","Lee County",4,56,10534,5100,5434
050,12,071,"Florida","Lee County",4,57,11173,5351,5822
050,12,071,"Florida","Lee County",4,58,11532,5486,6046
050,12,071,"Florida","Lee County",4,59,11720,5507,6213
050,12,071,"Florida","Lee County",4,60,12088,5627,6461
050,12,071,"Florida","Lee County",4,61,12414,5910,6504
050,12,071,"Florida","Lee County",4,62,12190,5729,6461
050,12,071,"Florida","Lee County",4,63,12455,5874,6581
050,12,071,"Florida","Lee County",4,64,12661,6044,6617
050,12,071,"Florida","Lee County",4,65,13100,6260,6840
050,12,071,"Florida","Lee County",4,66,12607,5963,6644
050,12,071,"Florida","Lee County",4,67,12601,5966,6635
050,12,071,"Florida","Lee County",4,68,12513,5879,6634
050,12,071,"Florida","Lee County",4,69,12590,5877,6713
050,12,071,"Florida","Lee County",4,70,12559,5908,6651
050,12,071,"Florida","Lee County",4,71,12297,5802,6495
050,12,071,"Florida","Lee County",4,72,12224,5766,6458
050,12,071,"Florida","Lee County",4,73,12331,5829,6502
050,12,071,"Florida","Lee County",4,74,12623,6024,6599
050,12,071,"Florida","Lee County",4,75,13996,6868,7128
050,12,071,"Florida","Lee County",4,76,9807,4807,5000
050,12,071,"Florida","Lee County",4,77,9548,4673,4875
050,12,071,"Florida","Lee County",4,78,9553,4687,4866
050,12,071,"Florida","Lee County",4,79,9852,4807,5045
050,12,071,"Florida","Lee County",4,80,8393,4064,4329
050,12,071,"Florida","Lee County",4,81,7141,3527,3614
050,12,071,"Florida","Lee County",4,82,6453,3129,3324
050,12,071,"Florida","Lee County",4,83,5801,2817,2984
050,12,071,"Florida","Lee County",4,84,5249,2604,2645
050,12,071,"Florida","Lee County",4,85,28366,12949,15417
050,12,071,"Florida","Lee County",5,0,7453,3754,3699
050,12,071,"Florida","Lee County",5,1,7565,3799,3766
050,12,071,"Florida","Lee County",5,2,7231,3652,3579
050,12,071,"Florida","Lee County",5,3,7491,3813,3678
050,12,071,"Florida","Lee County",5,4,7517,3871,3646
050,12,071,"Florida","Lee County",5,5,7650,3947,3703
050,12,071,"Florida","Lee County",5,6,7626,3882,3744
050,12,071,"Florida","Lee County",5,7,7771,3950,3821
050,12,071,"Florida","Lee County",5,8,7897,4035,3862
050,12,071,"Florida","Lee County",5,9,7816,3992,3824
050,12,071,"Florida","Lee County",5,10,7754,3993,3761
050,12,071,"Florida","Lee County",5,11,7923,4100,3823
050,12,071,"Florida","Lee County",5,12,7969,4045,3924
050,12,071,"Florida","Lee County",5,13,8070,4112,3958
050,12,071,"Florida","Lee County",5,14,8233,4167,4066
050,12,071,"Florida","Lee County",5,15,8824,4579,4245
050,12,071,"Florida","Lee County",5,16,8804,4519,4285
050,12,071,"Florida","Lee County",5,17,8720,4525,4195
050,12,071,"Florida","Lee County",5,18,8639,4396,4243
050,12,071,"Florida","Lee County",5,19,8811,4398,4413
050,12,071,"Florida","Lee County",5,20,8276,4163,4113
050,12,071,"Florida","Lee County",5,21,8278,4282,3996
050,12,071,"Florida","Lee County",5,22,8568,4345,4223
050,12,071,"Florida","Lee County",5,23,8737,4381,4356
050,12,071,"Florida","Lee County",5,24,8524,4359,4165
050,12,071,"Florida","Lee County",5,25,8517,4317,4200
050,12,071,"Florida","Lee County",5,26,8556,4273,4283
050,12,071,"Florida","Lee County",5,27,8472,4264,4208
050,12,071,"Florida","Lee County",5,28,8597,4378,4219
050,12,071,"Florida","Lee County",5,29,8581,4347,4234
050,12,071,"Florida","Lee County",5,30,8621,4365,4256
050,12,071,"Florida","Lee County",5,31,8949,4485,4464
050,12,071,"Florida","Lee County",5,32,9339,4722,4617
050,12,071,"Florida","Lee County",5,33,9522,4801,4721
050,12,071,"Florida","Lee County",5,34,9266,4633,4633
050,12,071,"Florida","Lee County",5,35,9211,4564,4647
050,12,071,"Florida","Lee County",5,36,9093,4504,4589
050,12,071,"Florida","Lee County",5,37,9157,4640,4517
050,12,071,"Florida","Lee County",5,38,9292,4751,4541
050,12,071,"Florida","Lee County",5,39,9031,4503,4528
050,12,071,"Florida","Lee County",5,40,9190,4535,4655
050,12,071,"Florida","Lee County",5,41,9090,4540,4550
050,12,071,"Florida","Lee County",5,42,9028,4606,4422
050,12,071,"Florida","Lee County",5,43,8927,4540,4387
050,12,071,"Florida","Lee County",5,44,8585,4255,4330
050,12,071,"Florida","Lee County",5,45,8558,4267,4291
050,12,071,"Florida","Lee County",5,46,8587,4227,4360
050,12,071,"Florida","Lee County",5,47,8695,4317,4378
050,12,071,"Florida","Lee County",5,48,8703,4286,4417
050,12,071,"Florida","Lee County",5,49,8730,4282,4448
050,12,071,"Florida","Lee County",5,50,9167,4586,4581
050,12,071,"Florida","Lee County",5,51,9639,4645,4994
050,12,071,"Florida","Lee County",5,52,10482,5124,5358
050,12,071,"Florida","Lee County",5,53,10361,5106,5255
050,12,071,"Florida","Lee County",5,54,10139,4944,5195
050,12,071,"Florida","Lee County",5,55,10251,4982,5269
050,12,071,"Florida","Lee County",5,56,10517,4966,5551
050,12,071,"Florida","Lee County",5,57,10948,5273,5675
050,12,071,"Florida","Lee County",5,58,11584,5581,6003
050,12,071,"Florida","Lee County",5,59,11847,5611,6236
050,12,071,"Florida","Lee County",5,60,12091,5734,6357
050,12,071,"Florida","Lee County",5,61,12559,5856,6703
050,12,071,"Florida","Lee County",5,62,12825,6118,6707
050,12,071,"Florida","Lee County",5,63,12494,5855,6639
050,12,071,"Florida","Lee County",5,64,12796,6038,6758
050,12,071,"Florida","Lee County",5,65,13002,6234,6768
050,12,071,"Florida","Lee County",5,66,13062,6264,6798
050,12,071,"Florida","Lee County",5,67,12664,6012,6652
050,12,071,"Florida","Lee County",5,68,12496,5938,6558
050,12,071,"Florida","Lee County",5,69,12399,5796,6603
050,12,071,"Florida","Lee County",5,70,12531,5864,6667
050,12,071,"Florida","Lee County",5,71,12358,5805,6553
050,12,071,"Florida","Lee County",5,72,12012,5641,6371
050,12,071,"Florida","Lee County",5,73,11902,5618,6284
050,12,071,"Florida","Lee County",5,74,12058,5715,6343
050,12,071,"Florida","Lee County",5,75,12313,5869,6444
050,12,071,"Florida","Lee County",5,76,13463,6604,6859
050,12,071,"Florida","Lee County",5,77,9401,4604,4797
050,12,071,"Florida","Lee County",5,78,9170,4479,4691
050,12,071,"Florida","Lee County",5,79,9104,4471,4633
050,12,071,"Florida","Lee County",5,80,9264,4518,4746
050,12,071,"Florida","Lee County",5,81,7861,3837,4024
050,12,071,"Florida","Lee County",5,82,6767,3296,3471
050,12,071,"Florida","Lee County",5,83,5962,2909,3053
050,12,071,"Florida","Lee County",5,84,5339,2599,2740
050,12,071,"Florida","Lee County",5,85,29301,13573,15728
050,12,073,"Florida","Leon County",1,0,2866,1463,1403
050,12,073,"Florida","Leon County",1,1,2878,1453,1425
050,12,073,"Florida","Leon County",1,2,3024,1554,1470
050,12,073,"Florida","Leon County",1,3,3066,1586,1480
050,12,073,"Florida","Leon County",1,4,3078,1566,1512
050,12,073,"Florida","Leon County",1,5,3087,1568,1519
050,12,073,"Florida","Leon County",1,6,2992,1522,1470
050,12,073,"Florida","Leon County",1,7,3028,1568,1460
050,12,073,"Florida","Leon County",1,8,2979,1532,1447
050,12,073,"Florida","Leon County",1,9,2991,1525,1466
050,12,073,"Florida","Leon County",1,10,3036,1546,1490
050,12,073,"Florida","Leon County",1,11,3155,1590,1565
050,12,073,"Florida","Leon County",1,12,3270,1651,1619
050,12,073,"Florida","Leon County",1,13,3203,1630,1573
050,12,073,"Florida","Leon County",1,14,3146,1579,1567
050,12,073,"Florida","Leon County",1,15,3106,1589,1517
050,12,073,"Florida","Leon County",1,16,3122,1585,1537
050,12,073,"Florida","Leon County",1,17,3056,1566,1490
050,12,073,"Florida","Leon County",1,18,6045,2647,3398
050,12,073,"Florida","Leon County",1,19,10194,4440,5754
050,12,073,"Florida","Leon County",1,20,10817,4708,6109
050,12,073,"Florida","Leon County",1,21,10423,4668,5755
050,12,073,"Florida","Leon County",1,22,9563,4626,4937
050,12,073,"Florida","Leon County",1,23,7823,3831,3992
050,12,073,"Florida","Leon County",1,24,6278,3148,3130
050,12,073,"Florida","Leon County",1,25,5285,2644,2641
050,12,073,"Florida","Leon County",1,26,4652,2293,2359
050,12,073,"Florida","Leon County",1,27,4330,2132,2198
050,12,073,"Florida","Leon County",1,28,4357,2112,2245
050,12,073,"Florida","Leon County",1,29,4331,2065,2266
050,12,073,"Florida","Leon County",1,30,3919,1900,2019
050,12,073,"Florida","Leon County",1,31,3792,1824,1968
050,12,073,"Florida","Leon County",1,32,3553,1713,1840
050,12,073,"Florida","Leon County",1,33,3537,1741,1796
050,12,073,"Florida","Leon County",1,34,3486,1714,1772
050,12,073,"Florida","Leon County",1,35,3547,1736,1811
050,12,073,"Florida","Leon County",1,36,3572,1697,1875
050,12,073,"Florida","Leon County",1,37,3659,1737,1922
050,12,073,"Florida","Leon County",1,38,3579,1732,1847
050,12,073,"Florida","Leon County",1,39,3489,1682,1807
050,12,073,"Florida","Leon County",1,40,3338,1612,1726
050,12,073,"Florida","Leon County",1,41,3105,1472,1633
050,12,073,"Florida","Leon County",1,42,3095,1473,1622
050,12,073,"Florida","Leon County",1,43,2987,1392,1595
050,12,073,"Florida","Leon County",1,44,2937,1367,1570
050,12,073,"Florida","Leon County",1,45,2923,1395,1528
050,12,073,"Florida","Leon County",1,46,2836,1328,1508
050,12,073,"Florida","Leon County",1,47,2865,1381,1484
050,12,073,"Florida","Leon County",1,48,3065,1472,1593
050,12,073,"Florida","Leon County",1,49,3263,1578,1685
050,12,073,"Florida","Leon County",1,50,3083,1510,1573
050,12,073,"Florida","Leon County",1,51,2917,1452,1465
050,12,073,"Florida","Leon County",1,52,2817,1359,1458
050,12,073,"Florida","Leon County",1,53,2909,1379,1530
050,12,073,"Florida","Leon County",1,54,2846,1336,1510
050,12,073,"Florida","Leon County",1,55,2986,1385,1601
050,12,073,"Florida","Leon County",1,56,3070,1417,1653
050,12,073,"Florida","Leon County",1,57,3143,1477,1666
050,12,073,"Florida","Leon County",1,58,3162,1480,1682
050,12,073,"Florida","Leon County",1,59,3200,1494,1706
050,12,073,"Florida","Leon County",1,60,3213,1501,1712
050,12,073,"Florida","Leon County",1,61,3161,1475,1686
050,12,073,"Florida","Leon County",1,62,3086,1400,1686
050,12,073,"Florida","Leon County",1,63,3045,1364,1681
050,12,073,"Florida","Leon County",1,64,3023,1380,1643
050,12,073,"Florida","Leon County",1,65,2938,1351,1587
050,12,073,"Florida","Leon County",1,66,2920,1338,1582
050,12,073,"Florida","Leon County",1,67,2769,1259,1510
050,12,073,"Florida","Leon County",1,68,2754,1250,1504
050,12,073,"Florida","Leon County",1,69,2622,1185,1437
050,12,073,"Florida","Leon County",1,70,2552,1156,1396
050,12,073,"Florida","Leon County",1,71,2450,1122,1328
050,12,073,"Florida","Leon County",1,72,2441,1132,1309
050,12,073,"Florida","Leon County",1,73,2520,1217,1303
050,12,073,"Florida","Leon County",1,74,1702,777,925
050,12,073,"Florida","Leon County",1,75,1631,765,866
050,12,073,"Florida","Leon County",1,76,1531,692,839
050,12,073,"Florida","Leon County",1,77,1442,640,802
050,12,073,"Florida","Leon County",1,78,1226,556,670
050,12,073,"Florida","Leon County",1,79,1126,480,646
050,12,073,"Florida","Leon County",1,80,1013,425,588
050,12,073,"Florida","Leon County",1,81,935,394,541
050,12,073,"Florida","Leon County",1,82,795,330,465
050,12,073,"Florida","Leon County",1,83,712,279,433
050,12,073,"Florida","Leon County",1,84,668,266,402
050,12,073,"Florida","Leon County",1,85,4070,1380,2690
050,12,073,"Florida","Leon County",2,0,2873,1471,1402
050,12,073,"Florida","Leon County",2,1,2875,1449,1426
050,12,073,"Florida","Leon County",2,2,2993,1534,1459
050,12,073,"Florida","Leon County",2,3,3044,1575,1469
050,12,073,"Florida","Leon County",2,4,3080,1575,1505
050,12,073,"Florida","Leon County",2,5,3090,1570,1520
050,12,073,"Florida","Leon County",2,6,3040,1548,1492
050,12,073,"Florida","Leon County",2,7,3020,1555,1465
050,12,073,"Florida","Leon County",2,8,2986,1536,1450
050,12,073,"Florida","Leon County",2,9,2991,1533,1458
050,12,073,"Florida","Leon County",2,10,3025,1541,1484
050,12,073,"Florida","Leon County",2,11,3124,1579,1545
050,12,073,"Florida","Leon County",2,12,3261,1647,1614
050,12,073,"Florida","Leon County",2,13,3217,1633,1584
050,12,073,"Florida","Leon County",2,14,3157,1588,1569
050,12,073,"Florida","Leon County",2,15,3116,1579,1537
050,12,073,"Florida","Leon County",2,16,3122,1588,1534
050,12,073,"Florida","Leon County",2,17,3093,1577,1516
050,12,073,"Florida","Leon County",2,18,6463,2799,3664
050,12,073,"Florida","Leon County",2,19,10828,4686,6142
050,12,073,"Florida","Leon County",2,20,11084,4813,6271
050,12,073,"Florida","Leon County",2,21,10523,4711,5812
050,12,073,"Florida","Leon County",2,22,9571,4619,4952
050,12,073,"Florida","Leon County",2,23,7840,3831,4009
050,12,073,"Florida","Leon County",2,24,6223,3124,3099
050,12,073,"Florida","Leon County",2,25,5270,2633,2637
050,12,073,"Florida","Leon County",2,26,4621,2279,2342
050,12,073,"Florida","Leon County",2,27,4273,2102,2171
050,12,073,"Florida","Leon County",2,28,4309,2091,2218
050,12,073,"Florida","Leon County",2,29,4298,2061,2237
050,12,073,"Florida","Leon County",2,30,4008,1935,2073
050,12,073,"Florida","Leon County",2,31,3817,1839,1978
050,12,073,"Florida","Leon County",2,32,3599,1738,1861
050,12,073,"Florida","Leon County",2,33,3518,1723,1795
050,12,073,"Florida","Leon County",2,34,3478,1707,1771
050,12,073,"Florida","Leon County",2,35,3539,1731,1808
050,12,073,"Florida","Leon County",2,36,3549,1695,1854
050,12,073,"Florida","Leon County",2,37,3628,1724,1904
050,12,073,"Florida","Leon County",2,38,3604,1734,1870
050,12,073,"Florida","Leon County",2,39,3496,1692,1804
050,12,073,"Florida","Leon County",2,40,3397,1636,1761
050,12,073,"Florida","Leon County",2,41,3161,1502,1659
050,12,073,"Florida","Leon County",2,42,3076,1465,1611
050,12,073,"Florida","Leon County",2,43,3036,1420,1616
050,12,073,"Florida","Leon County",2,44,2924,1358,1566
050,12,073,"Florida","Leon County",2,45,2942,1392,1550
050,12,073,"Florida","Leon County",2,46,2836,1335,1501
050,12,073,"Florida","Leon County",2,47,2854,1363,1491
050,12,073,"Florida","Leon County",2,48,3023,1450,1573
050,12,073,"Florida","Leon County",2,49,3234,1561,1673
050,12,073,"Florida","Leon County",2,50,3120,1529,1591
050,12,073,"Florida","Leon County",2,51,2935,1460,1475
050,12,073,"Florida","Leon County",2,52,2835,1381,1454
050,12,073,"Florida","Leon County",2,53,2878,1370,1508
050,12,073,"Florida","Leon County",2,54,2855,1347,1508
050,12,073,"Florida","Leon County",2,55,2947,1370,1577
050,12,073,"Florida","Leon County",2,56,3057,1415,1642
050,12,073,"Florida","Leon County",2,57,3121,1457,1664
050,12,073,"Florida","Leon County",2,58,3151,1472,1679
050,12,073,"Florida","Leon County",2,59,3193,1489,1704
050,12,073,"Florida","Leon County",2,60,3201,1494,1707
050,12,073,"Florida","Leon County",2,61,3168,1476,1692
050,12,073,"Florida","Leon County",2,62,3098,1417,1681
050,12,073,"Florida","Leon County",2,63,3073,1376,1697
050,12,073,"Florida","Leon County",2,64,3014,1365,1649
050,12,073,"Florida","Leon County",2,65,2949,1350,1599
050,12,073,"Florida","Leon County",2,66,2914,1337,1577
050,12,073,"Florida","Leon County",2,67,2792,1272,1520
050,12,073,"Florida","Leon County",2,68,2735,1239,1496
050,12,073,"Florida","Leon County",2,69,2663,1204,1459
050,12,073,"Florida","Leon County",2,70,2555,1155,1400
050,12,073,"Florida","Leon County",2,71,2457,1116,1341
050,12,073,"Florida","Leon County",2,72,2397,1105,1292
050,12,073,"Florida","Leon County",2,73,2603,1245,1358
050,12,073,"Florida","Leon County",2,74,1792,829,963
050,12,073,"Florida","Leon County",2,75,1646,764,882
050,12,073,"Florida","Leon County",2,76,1527,699,828
050,12,073,"Florida","Leon County",2,77,1483,666,817
050,12,073,"Florida","Leon County",2,78,1257,563,694
050,12,073,"Florida","Leon County",2,79,1133,491,642
050,12,073,"Florida","Leon County",2,80,1040,439,601
050,12,073,"Florida","Leon County",2,81,934,389,545
050,12,073,"Florida","Leon County",2,82,819,342,477
050,12,073,"Florida","Leon County",2,83,726,288,438
050,12,073,"Florida","Leon County",2,84,669,268,401
050,12,073,"Florida","Leon County",2,85,4089,1389,2700
050,12,073,"Florida","Leon County",3,0,2816,1398,1418
050,12,073,"Florida","Leon County",3,1,2780,1409,1371
050,12,073,"Florida","Leon County",3,2,2851,1434,1417
050,12,073,"Florida","Leon County",3,3,3000,1543,1457
050,12,073,"Florida","Leon County",3,4,3024,1584,1440
050,12,073,"Florida","Leon County",3,5,3101,1592,1509
050,12,073,"Florida","Leon County",3,6,3110,1588,1522
050,12,073,"Florida","Leon County",3,7,3047,1577,1470
050,12,073,"Florida","Leon County",3,8,2990,1540,1450
050,12,073,"Florida","Leon County",3,9,3011,1558,1453
050,12,073,"Florida","Leon County",3,10,3015,1557,1458
050,12,073,"Florida","Leon County",3,11,3055,1555,1500
050,12,073,"Florida","Leon County",3,12,3178,1620,1558
050,12,073,"Florida","Leon County",3,13,3260,1642,1618
050,12,073,"Florida","Leon County",3,14,3248,1651,1597
050,12,073,"Florida","Leon County",3,15,3184,1572,1612
050,12,073,"Florida","Leon County",3,16,3166,1618,1548
050,12,073,"Florida","Leon County",3,17,3173,1610,1563
050,12,073,"Florida","Leon County",3,18,6825,2950,3875
050,12,073,"Florida","Leon County",3,19,11371,4908,6463
050,12,073,"Florida","Leon County",3,20,11247,4861,6386
050,12,073,"Florida","Leon County",3,21,10798,4840,5958
050,12,073,"Florida","Leon County",3,22,9568,4570,4998
050,12,073,"Florida","Leon County",3,23,7821,3754,4067
050,12,073,"Florida","Leon County",3,24,6150,3083,3067
050,12,073,"Florida","Leon County",3,25,5155,2569,2586
050,12,073,"Florida","Leon County",3,26,4502,2227,2275
050,12,073,"Florida","Leon County",3,27,4114,2013,2101
050,12,073,"Florida","Leon County",3,28,4112,1989,2123
050,12,073,"Florida","Leon County",3,29,4183,2012,2171
050,12,073,"Florida","Leon County",3,30,4201,1995,2206
050,12,073,"Florida","Leon County",3,31,3962,1885,2077
050,12,073,"Florida","Leon County",3,32,3753,1827,1926
050,12,073,"Florida","Leon County",3,33,3584,1731,1853
050,12,073,"Florida","Leon County",3,34,3534,1735,1799
050,12,073,"Florida","Leon County",3,35,3431,1675,1756
050,12,073,"Florida","Leon County",3,36,3576,1745,1831
050,12,073,"Florida","Leon County",3,37,3493,1673,1820
050,12,073,"Florida","Leon County",3,38,3569,1690,1879
050,12,073,"Florida","Leon County",3,39,3550,1713,1837
050,12,073,"Florida","Leon County",3,40,3506,1679,1827
050,12,073,"Florida","Leon County",3,41,3428,1649,1779
050,12,073,"Florida","Leon County",3,42,3151,1516,1635
050,12,073,"Florida","Leon County",3,43,3053,1441,1612
050,12,073,"Florida","Leon County",3,44,2994,1400,1594
050,12,073,"Florida","Leon County",3,45,2902,1330,1572
050,12,073,"Florida","Leon County",3,46,2938,1391,1547
050,12,073,"Florida","Leon County",3,47,2851,1349,1502
050,12,073,"Florida","Leon County",3,48,2823,1325,1498
050,12,073,"Florida","Leon County",3,49,3024,1444,1580
050,12,073,"Florida","Leon County",3,50,3226,1573,1653
050,12,073,"Florida","Leon County",3,51,3116,1531,1585
050,12,073,"Florida","Leon County",3,52,2929,1465,1464
050,12,073,"Florida","Leon County",3,53,2826,1375,1451
050,12,073,"Florida","Leon County",3,54,2826,1344,1482
050,12,073,"Florida","Leon County",3,55,2791,1309,1482
050,12,073,"Florida","Leon County",3,56,2952,1403,1549
050,12,073,"Florida","Leon County",3,57,3032,1402,1630
050,12,073,"Florida","Leon County",3,58,3103,1451,1652
050,12,073,"Florida","Leon County",3,59,3122,1471,1651
050,12,073,"Florida","Leon County",3,60,3154,1463,1691
050,12,073,"Florida","Leon County",3,61,3152,1483,1669
050,12,073,"Florida","Leon County",3,62,3122,1460,1662
050,12,073,"Florida","Leon County",3,63,3038,1366,1672
050,12,073,"Florida","Leon County",3,64,3030,1347,1683
050,12,073,"Florida","Leon County",3,65,2921,1307,1614
050,12,073,"Florida","Leon County",3,66,2906,1327,1579
050,12,073,"Florida","Leon County",3,67,2861,1320,1541
050,12,073,"Florida","Leon County",3,68,2784,1247,1537
050,12,073,"Florida","Leon County",3,69,2675,1208,1467
050,12,073,"Florida","Leon County",3,70,2607,1168,1439
050,12,073,"Florida","Leon County",3,71,2505,1134,1371
050,12,073,"Florida","Leon County",3,72,2406,1075,1331
050,12,073,"Florida","Leon County",3,73,2345,1094,1251
050,12,073,"Florida","Leon County",3,74,2552,1200,1352
050,12,073,"Florida","Leon County",3,75,1735,798,937
050,12,073,"Florida","Leon County",3,76,1576,742,834
050,12,073,"Florida","Leon County",3,77,1470,667,803
050,12,073,"Florida","Leon County",3,78,1430,630,800
050,12,073,"Florida","Leon County",3,79,1183,539,644
050,12,073,"Florida","Leon County",3,80,1108,477,631
050,12,073,"Florida","Leon County",3,81,983,404,579
050,12,073,"Florida","Leon County",3,82,860,346,514
050,12,073,"Florida","Leon County",3,83,778,314,464
050,12,073,"Florida","Leon County",3,84,668,278,390
050,12,073,"Florida","Leon County",3,85,4057,1406,2651
050,12,073,"Florida","Leon County",4,0,2784,1365,1419
050,12,073,"Florida","Leon County",4,1,2785,1411,1374
050,12,073,"Florida","Leon County",4,2,2795,1404,1391
050,12,073,"Florida","Leon County",4,3,2891,1458,1433
050,12,073,"Florida","Leon County",4,4,2989,1537,1452
050,12,073,"Florida","Leon County",4,5,3050,1601,1449
050,12,073,"Florida","Leon County",4,6,3093,1566,1527
050,12,073,"Florida","Leon County",4,7,3152,1618,1534
050,12,073,"Florida","Leon County",4,8,3054,1580,1474
050,12,073,"Florida","Leon County",4,9,3019,1532,1487
050,12,073,"Florida","Leon County",4,10,3038,1584,1454
050,12,073,"Florida","Leon County",4,11,3038,1569,1469
050,12,073,"Florida","Leon County",4,12,3114,1590,1524
050,12,073,"Florida","Leon County",4,13,3175,1613,1562
050,12,073,"Florida","Leon County",4,14,3302,1672,1630
050,12,073,"Florida","Leon County",4,15,3263,1653,1610
050,12,073,"Florida","Leon County",4,16,3254,1616,1638
050,12,073,"Florida","Leon County",4,17,3216,1632,1584
050,12,073,"Florida","Leon County",4,18,6872,2951,3921
050,12,073,"Florida","Leon County",4,19,11299,4853,6446
050,12,073,"Florida","Leon County",4,20,11045,4764,6281
050,12,073,"Florida","Leon County",4,21,10894,4833,6061
050,12,073,"Florida","Leon County",4,22,9815,4685,5130
050,12,073,"Florida","Leon County",4,23,7792,3699,4093
050,12,073,"Florida","Leon County",4,24,6167,3082,3085
050,12,073,"Florida","Leon County",4,25,5086,2489,2597
050,12,073,"Florida","Leon County",4,26,4319,2101,2218
050,12,073,"Florida","Leon County",4,27,4034,1963,2071
050,12,073,"Florida","Leon County",4,28,3959,1874,2085
050,12,073,"Florida","Leon County",4,29,3995,1898,2097
050,12,073,"Florida","Leon County",4,30,4036,1967,2069
050,12,073,"Florida","Leon County",4,31,4158,1963,2195
050,12,073,"Florida","Leon County",4,32,3867,1840,2027
050,12,073,"Florida","Leon County",4,33,3714,1801,1913
050,12,073,"Florida","Leon County",4,34,3569,1740,1829
050,12,073,"Florida","Leon County",4,35,3502,1711,1791
050,12,073,"Florida","Leon County",4,36,3485,1707,1778
050,12,073,"Florida","Leon County",4,37,3446,1683,1763
050,12,073,"Florida","Leon County",4,38,3463,1633,1830
050,12,073,"Florida","Leon County",4,39,3561,1678,1883
050,12,073,"Florida","Leon County",4,40,3552,1706,1846
050,12,073,"Florida","Leon County",4,41,3571,1727,1844
050,12,073,"Florida","Leon County",4,42,3416,1652,1764
050,12,073,"Florida","Leon County",4,43,3145,1511,1634
050,12,073,"Florida","Leon County",4,44,3045,1441,1604
050,12,073,"Florida","Leon County",4,45,2993,1395,1598
050,12,073,"Florida","Leon County",4,46,2866,1315,1551
050,12,073,"Florida","Leon County",4,47,2938,1406,1532
050,12,073,"Florida","Leon County",4,48,2844,1331,1513
050,12,073,"Florida","Leon County",4,49,2868,1348,1520
050,12,073,"Florida","Leon County",4,50,3005,1448,1557
050,12,073,"Florida","Leon County",4,51,3206,1556,1650
050,12,073,"Florida","Leon County",4,52,3069,1502,1567
050,12,073,"Florida","Leon County",4,53,2921,1450,1471
050,12,073,"Florida","Leon County",4,54,2794,1363,1431
050,12,073,"Florida","Leon County",4,55,2809,1321,1488
050,12,073,"Florida","Leon County",4,56,2812,1322,1490
050,12,073,"Florida","Leon County",4,57,2886,1368,1518
050,12,073,"Florida","Leon County",4,58,3025,1403,1622
050,12,073,"Florida","Leon County",4,59,3114,1458,1656
050,12,073,"Florida","Leon County",4,60,3118,1458,1660
050,12,073,"Florida","Leon County",4,61,3117,1428,1689
050,12,073,"Florida","Leon County",4,62,3120,1458,1662
050,12,073,"Florida","Leon County",4,63,3038,1408,1630
050,12,073,"Florida","Leon County",4,64,2988,1351,1637
050,12,073,"Florida","Leon County",4,65,2997,1339,1658
050,12,073,"Florida","Leon County",4,66,2881,1272,1609
050,12,073,"Florida","Leon County",4,67,2869,1305,1564
050,12,073,"Florida","Leon County",4,68,2838,1296,1542
050,12,073,"Florida","Leon County",4,69,2709,1200,1509
050,12,073,"Florida","Leon County",4,70,2636,1177,1459
050,12,073,"Florida","Leon County",4,71,2566,1152,1414
050,12,073,"Florida","Leon County",4,72,2477,1120,1357
050,12,073,"Florida","Leon County",4,73,2364,1051,1313
050,12,073,"Florida","Leon County",4,74,2319,1060,1259
050,12,073,"Florida","Leon County",4,75,2486,1155,1331
050,12,073,"Florida","Leon County",4,76,1667,769,898
050,12,073,"Florida","Leon County",4,77,1507,697,810
050,12,073,"Florida","Leon County",4,78,1428,633,795
050,12,073,"Florida","Leon County",4,79,1382,604,778
050,12,073,"Florida","Leon County",4,80,1159,529,630
050,12,073,"Florida","Leon County",4,81,1057,447,610
050,12,073,"Florida","Leon County",4,82,927,380,547
050,12,073,"Florida","Leon County",4,83,825,316,509
050,12,073,"Florida","Leon County",4,84,727,309,418
050,12,073,"Florida","Leon County",4,85,4111,1447,2664
050,12,073,"Florida","Leon County",5,0,2770,1357,1413
050,12,073,"Florida","Leon County",5,1,2787,1387,1400
050,12,073,"Florida","Leon County",5,2,2756,1391,1365
050,12,073,"Florida","Leon County",5,3,2780,1390,1390
050,12,073,"Florida","Leon County",5,4,2852,1454,1398
050,12,073,"Florida","Leon County",5,5,2920,1497,1423
050,12,073,"Florida","Leon County",5,6,3017,1573,1444
050,12,073,"Florida","Leon County",5,7,3086,1558,1528
050,12,073,"Florida","Leon County",5,8,3135,1615,1520
050,12,073,"Florida","Leon County",5,9,3013,1568,1445
050,12,073,"Florida","Leon County",5,10,3003,1533,1470
050,12,073,"Florida","Leon County",5,11,3018,1560,1458
050,12,073,"Florida","Leon County",5,12,3053,1573,1480
050,12,073,"Florida","Leon County",5,13,3088,1581,1507
050,12,073,"Florida","Leon County",5,14,3198,1624,1574
050,12,073,"Florida","Leon County",5,15,3311,1664,1647
050,12,073,"Florida","Leon County",5,16,3321,1678,1643
050,12,073,"Florida","Leon County",5,17,3297,1627,1670
050,12,073,"Florida","Leon County",5,18,6895,2979,3916
050,12,073,"Florida","Leon County",5,19,11359,4897,6462
050,12,073,"Florida","Leon County",5,20,10856,4691,6165
050,12,073,"Florida","Leon County",5,21,10473,4653,5820
050,12,073,"Florida","Leon County",5,22,9801,4677,5124
050,12,073,"Florida","Leon County",5,23,7943,3816,4127
050,12,073,"Florida","Leon County",5,24,6122,2954,3168
050,12,073,"Florida","Leon County",5,25,5154,2525,2629
050,12,073,"Florida","Leon County",5,26,4316,2098,2218
050,12,073,"Florida","Leon County",5,27,3870,1872,1998
050,12,073,"Florida","Leon County",5,28,3888,1854,2034
050,12,073,"Florida","Leon County",5,29,3832,1812,2020
050,12,073,"Florida","Leon County",5,30,3745,1800,1945
050,12,073,"Florida","Leon County",5,31,3854,1864,1990
050,12,073,"Florida","Leon County",5,32,4081,1919,2162
050,12,073,"Florida","Leon County",5,33,3770,1770,2000
050,12,073,"Florida","Leon County",5,34,3661,1792,1869
050,12,073,"Florida","Leon County",5,35,3542,1706,1836
050,12,073,"Florida","Leon County",5,36,3554,1763,1791
050,12,073,"Florida","Leon County",5,37,3405,1673,1732
050,12,073,"Florida","Leon County",5,38,3395,1651,1744
050,12,073,"Florida","Leon County",5,39,3432,1606,1826
050,12,073,"Florida","Leon County",5,40,3481,1629,1852
050,12,073,"Florida","Leon County",5,41,3533,1704,1829
050,12,073,"Florida","Leon County",5,42,3528,1719,1809
050,12,073,"Florida","Leon County",5,43,3395,1660,1735
050,12,073,"Florida","Leon County",5,44,3115,1484,1631
050,12,073,"Florida","Leon County",5,45,3026,1421,1605
050,12,073,"Florida","Leon County",5,46,2965,1383,1582
050,12,073,"Florida","Leon County",5,47,2866,1322,1544
050,12,073,"Florida","Leon County",5,48,2887,1380,1507
050,12,073,"Florida","Leon County",5,49,2834,1323,1511
050,12,073,"Florida","Leon County",5,50,2840,1357,1483
050,12,073,"Florida","Leon County",5,51,2970,1401,1569
050,12,073,"Florida","Leon County",5,52,3179,1545,1634
050,12,073,"Florida","Leon County",5,53,3080,1510,1570
050,12,073,"Florida","Leon County",5,54,2899,1457,1442
050,12,073,"Florida","Leon County",5,55,2784,1351,1433
050,12,073,"Florida","Leon County",5,56,2810,1338,1472
050,12,073,"Florida","Leon County",5,57,2776,1298,1478
050,12,073,"Florida","Leon County",5,58,2870,1352,1518
050,12,073,"Florida","Leon County",5,59,3001,1390,1611
050,12,073,"Florida","Leon County",5,60,3114,1466,1648
050,12,073,"Florida","Leon County",5,61,3047,1414,1633
050,12,073,"Florida","Leon County",5,62,3106,1432,1674
050,12,073,"Florida","Leon County",5,63,3064,1422,1642
050,12,073,"Florida","Leon County",5,64,3014,1391,1623
050,12,073,"Florida","Leon County",5,65,2939,1316,1623
050,12,073,"Florida","Leon County",5,66,2922,1299,1623
050,12,073,"Florida","Leon County",5,67,2856,1267,1589
050,12,073,"Florida","Leon County",5,68,2854,1291,1563
050,12,073,"Florida","Leon County",5,69,2783,1257,1526
050,12,073,"Florida","Leon County",5,70,2673,1174,1499
050,12,073,"Florida","Leon County",5,71,2588,1148,1440
050,12,073,"Florida","Leon County",5,72,2544,1135,1409
050,12,073,"Florida","Leon County",5,73,2451,1114,1337
050,12,073,"Florida","Leon County",5,74,2311,1013,1298
050,12,073,"Florida","Leon County",5,75,2273,1037,1236
050,12,073,"Florida","Leon County",5,76,2391,1115,1276
050,12,073,"Florida","Leon County",5,77,1621,736,885
050,12,073,"Florida","Leon County",5,78,1471,668,803
050,12,073,"Florida","Leon County",5,79,1380,615,765
050,12,073,"Florida","Leon County",5,80,1353,582,771
050,12,073,"Florida","Leon County",5,81,1119,494,625
050,12,073,"Florida","Leon County",5,82,974,412,562
050,12,073,"Florida","Leon County",5,83,889,347,542
050,12,073,"Florida","Leon County",5,84,766,313,453
050,12,073,"Florida","Leon County",5,85,4218,1541,2677
050,12,075,"Florida","Levy County",1,0,437,224,213
050,12,075,"Florida","Levy County",1,1,447,231,216
050,12,075,"Florida","Levy County",1,2,420,214,206
050,12,075,"Florida","Levy County",1,3,416,215,201
050,12,075,"Florida","Levy County",1,4,446,234,212
050,12,075,"Florida","Levy County",1,5,461,234,227
050,12,075,"Florida","Levy County",1,6,476,250,226
050,12,075,"Florida","Levy County",1,7,451,228,223
050,12,075,"Florida","Levy County",1,8,487,267,220
050,12,075,"Florida","Levy County",1,9,500,261,239
050,12,075,"Florida","Levy County",1,10,522,289,233
050,12,075,"Florida","Levy County",1,11,486,253,233
050,12,075,"Florida","Levy County",1,12,531,273,258
050,12,075,"Florida","Levy County",1,13,547,287,260
050,12,075,"Florida","Levy County",1,14,494,256,238
050,12,075,"Florida","Levy County",1,15,480,260,220
050,12,075,"Florida","Levy County",1,16,451,214,237
050,12,075,"Florida","Levy County",1,17,442,238,204
050,12,075,"Florida","Levy County",1,18,415,228,187
050,12,075,"Florida","Levy County",1,19,354,186,168
050,12,075,"Florida","Levy County",1,20,374,199,175
050,12,075,"Florida","Levy County",1,21,351,184,167
050,12,075,"Florida","Levy County",1,22,375,185,190
050,12,075,"Florida","Levy County",1,23,397,192,205
050,12,075,"Florida","Levy County",1,24,438,214,224
050,12,075,"Florida","Levy County",1,25,432,221,211
050,12,075,"Florida","Levy County",1,26,467,225,242
050,12,075,"Florida","Levy County",1,27,494,252,242
050,12,075,"Florida","Levy County",1,28,502,237,265
050,12,075,"Florida","Levy County",1,29,511,247,264
050,12,075,"Florida","Levy County",1,30,545,263,282
050,12,075,"Florida","Levy County",1,31,516,257,259
050,12,075,"Florida","Levy County",1,32,455,206,249
050,12,075,"Florida","Levy County",1,33,445,222,223
050,12,075,"Florida","Levy County",1,34,448,219,229
050,12,075,"Florida","Levy County",1,35,449,206,243
050,12,075,"Florida","Levy County",1,36,441,210,231
050,12,075,"Florida","Levy County",1,37,444,213,231
050,12,075,"Florida","Levy County",1,38,439,212,227
050,12,075,"Florida","Levy County",1,39,428,206,222
050,12,075,"Florida","Levy County",1,40,443,209,234
050,12,075,"Florida","Levy County",1,41,454,224,230
050,12,075,"Florida","Levy County",1,42,433,198,235
050,12,075,"Florida","Levy County",1,43,410,198,212
050,12,075,"Florida","Levy County",1,44,401,192,209
050,12,075,"Florida","Levy County",1,45,421,200,221
050,12,075,"Florida","Levy County",1,46,466,225,241
050,12,075,"Florida","Levy County",1,47,484,238,246
050,12,075,"Florida","Levy County",1,48,512,256,256
050,12,075,"Florida","Levy County",1,49,573,299,274
050,12,075,"Florida","Levy County",1,50,525,263,262
050,12,075,"Florida","Levy County",1,51,480,226,254
050,12,075,"Florida","Levy County",1,52,495,237,258
050,12,075,"Florida","Levy County",1,53,543,265,278
050,12,075,"Florida","Levy County",1,54,549,271,278
050,12,075,"Florida","Levy County",1,55,635,322,313
050,12,075,"Florida","Levy County",1,56,670,337,333
050,12,075,"Florida","Levy County",1,57,700,305,395
050,12,075,"Florida","Levy County",1,58,703,317,386
050,12,075,"Florida","Levy County",1,59,723,338,385
050,12,075,"Florida","Levy County",1,60,677,321,356
050,12,075,"Florida","Levy County",1,61,688,326,362
050,12,075,"Florida","Levy County",1,62,693,323,370
050,12,075,"Florida","Levy County",1,63,691,315,376
050,12,075,"Florida","Levy County",1,64,701,333,368
050,12,075,"Florida","Levy County",1,65,667,325,342
050,12,075,"Florida","Levy County",1,66,675,346,329
050,12,075,"Florida","Levy County",1,67,676,303,373
050,12,075,"Florida","Levy County",1,68,697,327,370
050,12,075,"Florida","Levy County",1,69,626,294,332
050,12,075,"Florida","Levy County",1,70,637,290,347
050,12,075,"Florida","Levy County",1,71,629,325,304
050,12,075,"Florida","Levy County",1,72,660,346,314
050,12,075,"Florida","Levy County",1,73,654,318,336
050,12,075,"Florida","Levy County",1,74,456,210,246
050,12,075,"Florida","Levy County",1,75,488,249,239
050,12,075,"Florida","Levy County",1,76,474,244,230
050,12,075,"Florida","Levy County",1,77,478,249,229
050,12,075,"Florida","Levy County",1,78,388,195,193
050,12,075,"Florida","Levy County",1,79,316,161,155
050,12,075,"Florida","Levy County",1,80,307,153,154
050,12,075,"Florida","Levy County",1,81,262,125,137
050,12,075,"Florida","Levy County",1,82,234,115,119
050,12,075,"Florida","Levy County",1,83,222,112,110
050,12,075,"Florida","Levy County",1,84,202,98,104
050,12,075,"Florida","Levy County",1,85,877,413,464
050,12,075,"Florida","Levy County",2,0,430,217,213
050,12,075,"Florida","Levy County",2,1,438,226,212
050,12,075,"Florida","Levy County",2,2,427,218,209
050,12,075,"Florida","Levy County",2,3,417,214,203
050,12,075,"Florida","Levy County",2,4,440,229,211
050,12,075,"Florida","Levy County",2,5,458,233,225
050,12,075,"Florida","Levy County",2,6,475,246,229
050,12,075,"Florida","Levy County",2,7,455,232,223
050,12,075,"Florida","Levy County",2,8,481,259,222
050,12,075,"Florida","Levy County",2,9,501,266,235
050,12,075,"Florida","Levy County",2,10,518,281,237
050,12,075,"Florida","Levy County",2,11,493,260,233
050,12,075,"Florida","Levy County",2,12,523,270,253
050,12,075,"Florida","Levy County",2,13,544,284,260
050,12,075,"Florida","Levy County",2,14,509,265,244
050,12,075,"Florida","Levy County",2,15,483,257,226
050,12,075,"Florida","Levy County",2,16,454,225,229
050,12,075,"Florida","Levy County",2,17,445,234,211
050,12,075,"Florida","Levy County",2,18,402,223,179
050,12,075,"Florida","Levy County",2,19,350,188,162
050,12,075,"Florida","Levy County",2,20,375,199,176
050,12,075,"Florida","Levy County",2,21,361,187,174
050,12,075,"Florida","Levy County",2,22,377,186,191
050,12,075,"Florida","Levy County",2,23,403,196,207
050,12,075,"Florida","Levy County",2,24,430,210,220
050,12,075,"Florida","Levy County",2,25,433,217,216
050,12,075,"Florida","Levy County",2,26,468,231,237
050,12,075,"Florida","Levy County",2,27,488,245,243
050,12,075,"Florida","Levy County",2,28,502,241,261
050,12,075,"Florida","Levy County",2,29,510,245,265
050,12,075,"Florida","Levy County",2,30,541,261,280
050,12,075,"Florida","Levy County",2,31,524,258,266
050,12,075,"Florida","Levy County",2,32,472,219,253
050,12,075,"Florida","Levy County",2,33,451,221,230
050,12,075,"Florida","Levy County",2,34,448,220,228
050,12,075,"Florida","Levy County",2,35,453,212,241
050,12,075,"Florida","Levy County",2,36,440,208,232
050,12,075,"Florida","Levy County",2,37,442,212,230
050,12,075,"Florida","Levy County",2,38,444,216,228
050,12,075,"Florida","Levy County",2,39,433,207,226
050,12,075,"Florida","Levy County",2,40,448,213,235
050,12,075,"Florida","Levy County",2,41,451,220,231
050,12,075,"Florida","Levy County",2,42,438,204,234
050,12,075,"Florida","Levy County",2,43,420,198,222
050,12,075,"Florida","Levy County",2,44,399,190,209
050,12,075,"Florida","Levy County",2,45,422,200,222
050,12,075,"Florida","Levy County",2,46,460,221,239
050,12,075,"Florida","Levy County",2,47,480,234,246
050,12,075,"Florida","Levy County",2,48,508,254,254
050,12,075,"Florida","Levy County",2,49,563,292,271
050,12,075,"Florida","Levy County",2,50,541,274,267
050,12,075,"Florida","Levy County",2,51,493,236,257
050,12,075,"Florida","Levy County",2,52,496,236,260
050,12,075,"Florida","Levy County",2,53,531,258,273
050,12,075,"Florida","Levy County",2,54,544,267,277
050,12,075,"Florida","Levy County",2,55,621,315,306
050,12,075,"Florida","Levy County",2,56,670,337,333
050,12,075,"Florida","Levy County",2,57,696,314,382
050,12,075,"Florida","Levy County",2,58,705,314,391
050,12,075,"Florida","Levy County",2,59,724,334,390
050,12,075,"Florida","Levy County",2,60,690,327,363
050,12,075,"Florida","Levy County",2,61,688,326,362
050,12,075,"Florida","Levy County",2,62,700,327,373
050,12,075,"Florida","Levy County",2,63,705,325,380
050,12,075,"Florida","Levy County",2,64,700,331,369
050,12,075,"Florida","Levy County",2,65,680,328,352
050,12,075,"Florida","Levy County",2,66,681,347,334
050,12,075,"Florida","Levy County",2,67,680,316,364
050,12,075,"Florida","Levy County",2,68,687,316,371
050,12,075,"Florida","Levy County",2,69,647,302,345
050,12,075,"Florida","Levy County",2,70,633,295,338
050,12,075,"Florida","Levy County",2,71,630,318,312
050,12,075,"Florida","Levy County",2,72,642,334,308
050,12,075,"Florida","Levy County",2,73,686,341,345
050,12,075,"Florida","Levy County",2,74,474,221,253
050,12,075,"Florida","Levy County",2,75,483,242,241
050,12,075,"Florida","Levy County",2,76,470,239,231
050,12,075,"Florida","Levy County",2,77,488,255,233
050,12,075,"Florida","Levy County",2,78,400,203,197
050,12,075,"Florida","Levy County",2,79,325,166,159
050,12,075,"Florida","Levy County",2,80,304,151,153
050,12,075,"Florida","Levy County",2,81,266,127,139
050,12,075,"Florida","Levy County",2,82,240,117,123
050,12,075,"Florida","Levy County",2,83,217,109,108
050,12,075,"Florida","Levy County",2,84,201,100,101
050,12,075,"Florida","Levy County",2,85,894,420,474
050,12,075,"Florida","Levy County",3,0,393,201,192
050,12,075,"Florida","Levy County",3,1,431,218,213
050,12,075,"Florida","Levy County",3,2,469,235,234
050,12,075,"Florida","Levy County",3,3,435,220,215
050,12,075,"Florida","Levy County",3,4,437,217,220
050,12,075,"Florida","Levy County",3,5,448,244,204
050,12,075,"Florida","Levy County",3,6,483,241,242
050,12,075,"Florida","Levy County",3,7,495,263,232
050,12,075,"Florida","Levy County",3,8,478,248,230
050,12,075,"Florida","Levy County",3,9,497,271,226
050,12,075,"Florida","Levy County",3,10,509,268,241
050,12,075,"Florida","Levy County",3,11,542,281,261
050,12,075,"Florida","Levy County",3,12,502,264,238
050,12,075,"Florida","Levy County",3,13,534,272,262
050,12,075,"Florida","Levy County",3,14,571,293,278
050,12,075,"Florida","Levy County",3,15,519,272,247
050,12,075,"Florida","Levy County",3,16,494,263,231
050,12,075,"Florida","Levy County",3,17,448,214,234
050,12,075,"Florida","Levy County",3,18,402,221,181
050,12,075,"Florida","Levy County",3,19,348,197,151
050,12,075,"Florida","Levy County",3,20,369,192,177
050,12,075,"Florida","Levy County",3,21,406,214,192
050,12,075,"Florida","Levy County",3,22,396,201,195
050,12,075,"Florida","Levy County",3,23,413,202,211
050,12,075,"Florida","Levy County",3,24,442,215,227
050,12,075,"Florida","Levy County",3,25,449,231,218
050,12,075,"Florida","Levy County",3,26,473,239,234
050,12,075,"Florida","Levy County",3,27,464,223,241
050,12,075,"Florida","Levy County",3,28,508,256,252
050,12,075,"Florida","Levy County",3,29,502,241,261
050,12,075,"Florida","Levy County",3,30,519,255,264
050,12,075,"Florida","Levy County",3,31,554,270,284
050,12,075,"Florida","Levy County",3,32,524,242,282
050,12,075,"Florida","Levy County",3,33,487,227,260
050,12,075,"Florida","Levy County",3,34,468,232,236
050,12,075,"Florida","Levy County",3,35,460,225,235
050,12,075,"Florida","Levy County",3,36,465,216,249
050,12,075,"Florida","Levy County",3,37,454,210,244
050,12,075,"Florida","Levy County",3,38,463,223,240
050,12,075,"Florida","Levy County",3,39,455,223,232
050,12,075,"Florida","Levy County",3,40,452,211,241
050,12,075,"Florida","Levy County",3,41,481,229,252
050,12,075,"Florida","Levy County",3,42,482,232,250
050,12,075,"Florida","Levy County",3,43,463,215,248
050,12,075,"Florida","Levy County",3,44,430,206,224
050,12,075,"Florida","Levy County",3,45,412,206,206
050,12,075,"Florida","Levy County",3,46,428,202,226
050,12,075,"Florida","Levy County",3,47,462,227,235
050,12,075,"Florida","Levy County",3,48,496,244,252
050,12,075,"Florida","Levy County",3,49,526,261,265
050,12,075,"Florida","Levy County",3,50,580,297,283
050,12,075,"Florida","Levy County",3,51,561,280,281
050,12,075,"Florida","Levy County",3,52,530,247,283
050,12,075,"Florida","Levy County",3,53,527,257,270
050,12,075,"Florida","Levy County",3,54,551,266,285
050,12,075,"Florida","Levy County",3,55,573,291,282
050,12,075,"Florida","Levy County",3,56,644,328,316
050,12,075,"Florida","Levy County",3,57,699,351,348
050,12,075,"Florida","Levy County",3,58,716,329,387
050,12,075,"Florida","Levy County",3,59,731,314,417
050,12,075,"Florida","Levy County",3,60,737,337,400
050,12,075,"Florida","Levy County",3,61,706,333,373
050,12,075,"Florida","Levy County",3,62,730,348,382
050,12,075,"Florida","Levy County",3,63,743,351,392
050,12,075,"Florida","Levy County",3,64,733,330,403
050,12,075,"Florida","Levy County",3,65,715,336,379
050,12,075,"Florida","Levy County",3,66,688,330,358
050,12,075,"Florida","Levy County",3,67,698,363,335
050,12,075,"Florida","Levy County",3,68,683,316,367
050,12,075,"Florida","Levy County",3,69,700,324,376
050,12,075,"Florida","Levy County",3,70,648,309,339
050,12,075,"Florida","Levy County",3,71,623,288,335
050,12,075,"Florida","Levy County",3,72,630,312,318
050,12,075,"Florida","Levy County",3,73,629,330,299
050,12,075,"Florida","Levy County",3,74,665,327,338
050,12,075,"Florida","Levy County",3,75,459,218,241
050,12,075,"Florida","Levy County",3,76,456,225,231
050,12,075,"Florida","Levy County",3,77,427,213,214
050,12,075,"Florida","Levy County",3,78,460,245,215
050,12,075,"Florida","Levy County",3,79,395,207,188
050,12,075,"Florida","Levy County",3,80,300,152,148
050,12,075,"Florida","Levy County",3,81,285,137,148
050,12,075,"Florida","Levy County",3,82,250,124,126
050,12,075,"Florida","Levy County",3,83,225,101,124
050,12,075,"Florida","Levy County",3,84,186,95,91
050,12,075,"Florida","Levy County",3,85,935,458,477
050,12,075,"Florida","Levy County",4,0,387,205,182
050,12,075,"Florida","Levy County",4,1,424,226,198
050,12,075,"Florida","Levy County",4,2,439,221,218
050,12,075,"Florida","Levy County",4,3,470,243,227
050,12,075,"Florida","Levy County",4,4,442,233,209
050,12,075,"Florida","Levy County",4,5,446,234,212
050,12,075,"Florida","Levy County",4,6,468,253,215
050,12,075,"Florida","Levy County",4,7,512,269,243
050,12,075,"Florida","Levy County",4,8,501,259,242
050,12,075,"Florida","Levy County",4,9,488,251,237
050,12,075,"Florida","Levy County",4,10,504,273,231
050,12,075,"Florida","Levy County",4,11,519,276,243
050,12,075,"Florida","Levy County",4,12,548,288,260
050,12,075,"Florida","Levy County",4,13,511,276,235
050,12,075,"Florida","Levy County",4,14,549,293,256
050,12,075,"Florida","Levy County",4,15,585,302,283
050,12,075,"Florida","Levy County",4,16,540,287,253
050,12,075,"Florida","Levy County",4,17,514,266,248
050,12,075,"Florida","Levy County",4,18,404,200,204
050,12,075,"Florida","Levy County",4,19,336,188,148
050,12,075,"Florida","Levy County",4,20,363,205,158
050,12,075,"Florida","Levy County",4,21,379,202,177
050,12,075,"Florida","Levy County",4,22,440,215,225
050,12,075,"Florida","Levy County",4,23,453,218,235
050,12,075,"Florida","Levy County",4,24,436,219,217
050,12,075,"Florida","Levy County",4,25,467,236,231
050,12,075,"Florida","Levy County",4,26,477,246,231
050,12,075,"Florida","Levy County",4,27,469,236,233
050,12,075,"Florida","Levy County",4,28,476,224,252
050,12,075,"Florida","Levy County",4,29,532,274,258
050,12,075,"Florida","Levy County",4,30,514,243,271
050,12,075,"Florida","Levy County",4,31,551,271,280
050,12,075,"Florida","Levy County",4,32,563,269,294
050,12,075,"Florida","Levy County",4,33,524,232,292
050,12,075,"Florida","Levy County",4,34,468,218,250
050,12,075,"Florida","Levy County",4,35,472,231,241
050,12,075,"Florida","Levy County",4,36,494,243,251
050,12,075,"Florida","Levy County",4,37,493,235,258
050,12,075,"Florida","Levy County",4,38,495,227,268
050,12,075,"Florida","Levy County",4,39,484,234,250
050,12,075,"Florida","Levy County",4,40,466,225,241
050,12,075,"Florida","Levy County",4,41,468,225,243
050,12,075,"Florida","Levy County",4,42,529,250,279
050,12,075,"Florida","Levy County",4,43,504,229,275
050,12,075,"Florida","Levy County",4,44,469,217,252
050,12,075,"Florida","Levy County",4,45,446,223,223
050,12,075,"Florida","Levy County",4,46,416,210,206
050,12,075,"Florida","Levy County",4,47,448,212,236
050,12,075,"Florida","Levy County",4,48,499,253,246
050,12,075,"Florida","Levy County",4,49,494,239,255
050,12,075,"Florida","Levy County",4,50,544,268,276
050,12,075,"Florida","Levy County",4,51,610,316,294
050,12,075,"Florida","Levy County",4,52,596,297,299
050,12,075,"Florida","Levy County",4,53,553,261,292
050,12,075,"Florida","Levy County",4,54,527,242,285
050,12,075,"Florida","Levy County",4,55,567,280,287
050,12,075,"Florida","Levy County",4,56,603,296,307
050,12,075,"Florida","Levy County",4,57,663,333,330
050,12,075,"Florida","Levy County",4,58,716,356,360
050,12,075,"Florida","Levy County",4,59,750,344,406
050,12,075,"Florida","Levy County",4,60,752,325,427
050,12,075,"Florida","Levy County",4,61,757,352,405
050,12,075,"Florida","Levy County",4,62,747,353,394
050,12,075,"Florida","Levy County",4,63,740,354,386
050,12,075,"Florida","Levy County",4,64,769,354,415
050,12,075,"Florida","Levy County",4,65,751,342,409
050,12,075,"Florida","Levy County",4,66,738,350,388
050,12,075,"Florida","Levy County",4,67,694,343,351
050,12,075,"Florida","Levy County",4,68,690,354,336
050,12,075,"Florida","Levy County",4,69,691,322,369
050,12,075,"Florida","Levy County",4,70,714,338,376
050,12,075,"Florida","Levy County",4,71,656,311,345
050,12,075,"Florida","Levy County",4,72,607,277,330
050,12,075,"Florida","Levy County",4,73,613,301,312
050,12,075,"Florida","Levy County",4,74,611,305,306
050,12,075,"Florida","Levy County",4,75,659,329,330
050,12,075,"Florida","Levy County",4,76,450,215,235
050,12,075,"Florida","Levy County",4,77,430,215,215
050,12,075,"Florida","Levy County",4,78,411,206,205
050,12,075,"Florida","Levy County",4,79,451,246,205
050,12,075,"Florida","Levy County",4,80,375,197,178
050,12,075,"Florida","Levy County",4,81,275,138,137
050,12,075,"Florida","Levy County",4,82,270,130,140
050,12,075,"Florida","Levy County",4,83,239,116,123
050,12,075,"Florida","Levy County",4,84,199,91,108
050,12,075,"Florida","Levy County",4,85,959,476,483
050,12,075,"Florida","Levy County",5,0,393,204,189
050,12,075,"Florida","Levy County",5,1,413,205,208
050,12,075,"Florida","Levy County",5,2,421,224,197
050,12,075,"Florida","Levy County",5,3,445,209,236
050,12,075,"Florida","Levy County",5,4,473,249,224
050,12,075,"Florida","Levy County",5,5,458,245,213
050,12,075,"Florida","Levy County",5,6,482,261,221
050,12,075,"Florida","Levy County",5,7,518,277,241
050,12,075,"Florida","Levy County",5,8,526,276,250
050,12,075,"Florida","Levy County",5,9,502,261,241
050,12,075,"Florida","Levy County",5,10,517,266,251
050,12,075,"Florida","Levy County",5,11,541,280,261
050,12,075,"Florida","Levy County",5,12,548,280,268
050,12,075,"Florida","Levy County",5,13,559,294,265
050,12,075,"Florida","Levy County",5,14,515,267,248
050,12,075,"Florida","Levy County",5,15,582,308,274
050,12,075,"Florida","Levy County",5,16,580,302,278
050,12,075,"Florida","Levy County",5,17,549,279,270
050,12,075,"Florida","Levy County",5,18,455,240,215
050,12,075,"Florida","Levy County",5,19,338,169,169
050,12,075,"Florida","Levy County",5,20,365,204,161
050,12,075,"Florida","Levy County",5,21,395,222,173
050,12,075,"Florida","Levy County",5,22,402,204,198
050,12,075,"Florida","Levy County",5,23,458,216,242
050,12,075,"Florida","Levy County",5,24,476,234,242
050,12,075,"Florida","Levy County",5,25,444,218,226
050,12,075,"Florida","Levy County",5,26,496,255,241
050,12,075,"Florida","Levy County",5,27,489,246,243
050,12,075,"Florida","Levy County",5,28,486,250,236
050,12,075,"Florida","Levy County",5,29,486,232,254
050,12,075,"Florida","Levy County",5,30,532,264,268
050,12,075,"Florida","Levy County",5,31,516,253,263
050,12,075,"Florida","Levy County",5,32,592,291,301
050,12,075,"Florida","Levy County",5,33,580,280,300
050,12,075,"Florida","Levy County",5,34,566,251,315
050,12,075,"Florida","Levy County",5,35,498,225,273
050,12,075,"Florida","Levy County",5,36,501,240,261
050,12,075,"Florida","Levy County",5,37,502,244,258
050,12,075,"Florida","Levy County",5,38,508,227,281
050,12,075,"Florida","Levy County",5,39,522,240,282
050,12,075,"Florida","Levy County",5,40,492,241,251
050,12,075,"Florida","Levy County",5,41,484,237,247
050,12,075,"Florida","Levy County",5,42,477,230,247
050,12,075,"Florida","Levy County",5,43,545,258,287
050,12,075,"Florida","Levy County",5,44,531,245,286
050,12,075,"Florida","Levy County",5,45,488,217,271
050,12,075,"Florida","Levy County",5,46,481,232,249
050,12,075,"Florida","Levy County",5,47,463,217,246
050,12,075,"Florida","Levy County",5,48,474,225,249
050,12,075,"Florida","Levy County",5,49,524,274,250
050,12,075,"Florida","Levy County",5,50,509,237,272
050,12,075,"Florida","Levy County",5,51,573,275,298
050,12,075,"Florida","Levy County",5,52,651,326,325
050,12,075,"Florida","Levy County",5,53,634,319,315
050,12,075,"Florida","Levy County",5,54,578,269,309
050,12,075,"Florida","Levy County",5,55,562,255,307
050,12,075,"Florida","Levy County",5,56,592,283,309
050,12,075,"Florida","Levy County",5,57,656,324,332
050,12,075,"Florida","Levy County",5,58,705,353,352
050,12,075,"Florida","Levy County",5,59,743,366,377
050,12,075,"Florida","Levy County",5,60,758,342,416
050,12,075,"Florida","Levy County",5,61,778,338,440
050,12,075,"Florida","Levy County",5,62,789,367,422
050,12,075,"Florida","Levy County",5,63,770,371,399
050,12,075,"Florida","Levy County",5,64,776,367,409
050,12,075,"Florida","Levy County",5,65,778,363,415
050,12,075,"Florida","Levy County",5,66,748,327,421
050,12,075,"Florida","Levy County",5,67,737,351,386
050,12,075,"Florida","Levy County",5,68,718,355,363
050,12,075,"Florida","Levy County",5,69,704,362,342
050,12,075,"Florida","Levy County",5,70,682,327,355
050,12,075,"Florida","Levy County",5,71,721,339,382
050,12,075,"Florida","Levy County",5,72,651,305,346
050,12,075,"Florida","Levy County",5,73,598,267,331
050,12,075,"Florida","Levy County",5,74,610,296,314
050,12,075,"Florida","Levy County",5,75,593,295,298
050,12,075,"Florida","Levy County",5,76,646,329,317
050,12,075,"Florida","Levy County",5,77,428,202,226
050,12,075,"Florida","Levy County",5,78,413,199,214
050,12,075,"Florida","Levy County",5,79,386,193,193
050,12,075,"Florida","Levy County",5,80,417,227,190
050,12,075,"Florida","Levy County",5,81,338,176,162
050,12,075,"Florida","Levy County",5,82,256,135,121
050,12,075,"Florida","Levy County",5,83,248,117,131
050,12,075,"Florida","Levy County",5,84,212,103,109
050,12,075,"Florida","Levy County",5,85,999,495,504
050,12,077,"Florida","Liberty County",1,0,62,32,30
050,12,077,"Florida","Liberty County",1,1,68,40,28
050,12,077,"Florida","Liberty County",1,2,64,36,28
050,12,077,"Florida","Liberty County",1,3,76,39,37
050,12,077,"Florida","Liberty County",1,4,79,39,40
050,12,077,"Florida","Liberty County",1,5,72,34,38
050,12,077,"Florida","Liberty County",1,6,75,43,32
050,12,077,"Florida","Liberty County",1,7,72,35,37
050,12,077,"Florida","Liberty County",1,8,72,41,31
050,12,077,"Florida","Liberty County",1,9,76,43,33
050,12,077,"Florida","Liberty County",1,10,79,39,40
050,12,077,"Florida","Liberty County",1,11,75,35,40
050,12,077,"Florida","Liberty County",1,12,76,44,32
050,12,077,"Florida","Liberty County",1,13,85,45,40
050,12,077,"Florida","Liberty County",1,14,92,42,50
050,12,077,"Florida","Liberty County",1,15,87,45,42
050,12,077,"Florida","Liberty County",1,16,81,35,46
050,12,077,"Florida","Liberty County",1,17,83,46,37
050,12,077,"Florida","Liberty County",1,18,86,55,31
050,12,077,"Florida","Liberty County",1,19,61,38,23
050,12,077,"Florida","Liberty County",1,20,72,40,32
050,12,077,"Florida","Liberty County",1,21,90,57,33
050,12,077,"Florida","Liberty County",1,22,103,74,29
050,12,077,"Florida","Liberty County",1,23,119,87,32
050,12,077,"Florida","Liberty County",1,24,130,91,39
050,12,077,"Florida","Liberty County",1,25,128,97,31
050,12,077,"Florida","Liberty County",1,26,144,101,43
050,12,077,"Florida","Liberty County",1,27,150,107,43
050,12,077,"Florida","Liberty County",1,28,152,107,45
050,12,077,"Florida","Liberty County",1,29,144,109,35
050,12,077,"Florida","Liberty County",1,30,122,87,35
050,12,077,"Florida","Liberty County",1,31,129,91,38
050,12,077,"Florida","Liberty County",1,32,104,80,24
050,12,077,"Florida","Liberty County",1,33,124,92,32
050,12,077,"Florida","Liberty County",1,34,134,88,46
050,12,077,"Florida","Liberty County",1,35,134,97,37
050,12,077,"Florida","Liberty County",1,36,126,89,37
050,12,077,"Florida","Liberty County",1,37,131,88,43
050,12,077,"Florida","Liberty County",1,38,125,91,34
050,12,077,"Florida","Liberty County",1,39,126,88,38
050,12,077,"Florida","Liberty County",1,40,126,82,44
050,12,077,"Florida","Liberty County",1,41,125,82,43
050,12,077,"Florida","Liberty County",1,42,122,80,42
050,12,077,"Florida","Liberty County",1,43,109,74,35
050,12,077,"Florida","Liberty County",1,44,128,98,30
050,12,077,"Florida","Liberty County",1,45,129,94,35
050,12,077,"Florida","Liberty County",1,46,118,88,30
050,12,077,"Florida","Liberty County",1,47,121,89,32
050,12,077,"Florida","Liberty County",1,48,121,76,45
050,12,077,"Florida","Liberty County",1,49,137,86,51
050,12,077,"Florida","Liberty County",1,50,115,74,41
050,12,077,"Florida","Liberty County",1,51,95,65,30
050,12,077,"Florida","Liberty County",1,52,102,63,39
050,12,077,"Florida","Liberty County",1,53,106,67,39
050,12,077,"Florida","Liberty County",1,54,98,59,39
050,12,077,"Florida","Liberty County",1,55,115,68,47
050,12,077,"Florida","Liberty County",1,56,91,56,35
050,12,077,"Florida","Liberty County",1,57,94,55,39
050,12,077,"Florida","Liberty County",1,58,108,55,53
050,12,077,"Florida","Liberty County",1,59,108,52,56
050,12,077,"Florida","Liberty County",1,60,96,57,39
050,12,077,"Florida","Liberty County",1,61,97,50,47
050,12,077,"Florida","Liberty County",1,62,95,50,45
050,12,077,"Florida","Liberty County",1,63,97,52,45
050,12,077,"Florida","Liberty County",1,64,95,49,46
050,12,077,"Florida","Liberty County",1,65,84,48,36
050,12,077,"Florida","Liberty County",1,66,83,48,35
050,12,077,"Florida","Liberty County",1,67,79,43,36
050,12,077,"Florida","Liberty County",1,68,82,43,39
050,12,077,"Florida","Liberty County",1,69,80,44,36
050,12,077,"Florida","Liberty County",1,70,72,34,38
050,12,077,"Florida","Liberty County",1,71,71,38,33
050,12,077,"Florida","Liberty County",1,72,65,31,34
050,12,077,"Florida","Liberty County",1,73,73,37,36
050,12,077,"Florida","Liberty County",1,74,46,22,24
050,12,077,"Florida","Liberty County",1,75,52,27,25
050,12,077,"Florida","Liberty County",1,76,58,33,25
050,12,077,"Florida","Liberty County",1,77,40,16,24
050,12,077,"Florida","Liberty County",1,78,37,15,22
050,12,077,"Florida","Liberty County",1,79,42,23,19
050,12,077,"Florida","Liberty County",1,80,34,15,19
050,12,077,"Florida","Liberty County",1,81,36,17,19
050,12,077,"Florida","Liberty County",1,82,36,19,17
050,12,077,"Florida","Liberty County",1,83,24,12,12
050,12,077,"Florida","Liberty County",1,84,25,11,14
050,12,077,"Florida","Liberty County",1,85,103,37,66
050,12,077,"Florida","Liberty County",2,0,71,33,38
050,12,077,"Florida","Liberty County",2,1,64,37,27
050,12,077,"Florida","Liberty County",2,2,65,36,29
050,12,077,"Florida","Liberty County",2,3,73,37,36
050,12,077,"Florida","Liberty County",2,4,79,39,40
050,12,077,"Florida","Liberty County",2,5,73,35,38
050,12,077,"Florida","Liberty County",2,6,75,41,34
050,12,077,"Florida","Liberty County",2,7,71,37,34
050,12,077,"Florida","Liberty County",2,8,73,40,33
050,12,077,"Florida","Liberty County",2,9,75,42,33
050,12,077,"Florida","Liberty County",2,10,79,39,40
050,12,077,"Florida","Liberty County",2,11,75,37,38
050,12,077,"Florida","Liberty County",2,12,77,43,34
050,12,077,"Florida","Liberty County",2,13,84,45,39
050,12,077,"Florida","Liberty County",2,14,89,42,47
050,12,077,"Florida","Liberty County",2,15,88,44,44
050,12,077,"Florida","Liberty County",2,16,83,38,45
050,12,077,"Florida","Liberty County",2,17,83,44,39
050,12,077,"Florida","Liberty County",2,18,82,51,31
050,12,077,"Florida","Liberty County",2,19,63,39,24
050,12,077,"Florida","Liberty County",2,20,72,40,32
050,12,077,"Florida","Liberty County",2,21,86,53,33
050,12,077,"Florida","Liberty County",2,22,101,71,30
050,12,077,"Florida","Liberty County",2,23,115,82,33
050,12,077,"Florida","Liberty County",2,24,126,88,38
050,12,077,"Florida","Liberty County",2,25,121,89,32
050,12,077,"Florida","Liberty County",2,26,132,93,39
050,12,077,"Florida","Liberty County",2,27,141,98,43
050,12,077,"Florida","Liberty County",2,28,146,101,45
050,12,077,"Florida","Liberty County",2,29,138,101,37
050,12,077,"Florida","Liberty County",2,30,119,84,35
050,12,077,"Florida","Liberty County",2,31,123,87,36
050,12,077,"Florida","Liberty County",2,32,102,75,27
050,12,077,"Florida","Liberty County",2,33,115,83,32
050,12,077,"Florida","Liberty County",2,34,127,83,44
050,12,077,"Florida","Liberty County",2,35,130,90,40
050,12,077,"Florida","Liberty County",2,36,118,81,37
050,12,077,"Florida","Liberty County",2,37,122,81,41
050,12,077,"Florida","Liberty County",2,38,122,85,37
050,12,077,"Florida","Liberty County",2,39,124,86,38
050,12,077,"Florida","Liberty County",2,40,121,79,42
050,12,077,"Florida","Liberty County",2,41,122,78,44
050,12,077,"Florida","Liberty County",2,42,116,76,40
050,12,077,"Florida","Liberty County",2,43,108,71,37
050,12,077,"Florida","Liberty County",2,44,120,91,29
050,12,077,"Florida","Liberty County",2,45,122,89,33
050,12,077,"Florida","Liberty County",2,46,114,83,31
050,12,077,"Florida","Liberty County",2,47,114,83,31
050,12,077,"Florida","Liberty County",2,48,117,74,43
050,12,077,"Florida","Liberty County",2,49,129,80,49
050,12,077,"Florida","Liberty County",2,50,111,69,42
050,12,077,"Florida","Liberty County",2,51,96,63,33
050,12,077,"Florida","Liberty County",2,52,98,59,39
050,12,077,"Florida","Liberty County",2,53,103,64,39
050,12,077,"Florida","Liberty County",2,54,94,56,38
050,12,077,"Florida","Liberty County",2,55,111,66,45
050,12,077,"Florida","Liberty County",2,56,91,55,36
050,12,077,"Florida","Liberty County",2,57,89,52,37
050,12,077,"Florida","Liberty County",2,58,102,54,48
050,12,077,"Florida","Liberty County",2,59,108,52,56
050,12,077,"Florida","Liberty County",2,60,97,55,42
050,12,077,"Florida","Liberty County",2,61,96,50,46
050,12,077,"Florida","Liberty County",2,62,97,51,46
050,12,077,"Florida","Liberty County",2,63,98,52,46
050,12,077,"Florida","Liberty County",2,64,94,49,45
050,12,077,"Florida","Liberty County",2,65,85,47,38
050,12,077,"Florida","Liberty County",2,66,83,48,35
050,12,077,"Florida","Liberty County",2,67,80,44,36
050,12,077,"Florida","Liberty County",2,68,81,42,39
050,12,077,"Florida","Liberty County",2,69,80,43,37
050,12,077,"Florida","Liberty County",2,70,72,34,38
050,12,077,"Florida","Liberty County",2,71,70,37,33
050,12,077,"Florida","Liberty County",2,72,67,33,34
050,12,077,"Florida","Liberty County",2,73,75,38,37
050,12,077,"Florida","Liberty County",2,74,47,23,24
050,12,077,"Florida","Liberty County",2,75,51,27,24
050,12,077,"Florida","Liberty County",2,76,56,31,25
050,12,077,"Florida","Liberty County",2,77,46,21,25
050,12,077,"Florida","Liberty County",2,78,38,15,23
050,12,077,"Florida","Liberty County",2,79,40,21,19
050,12,077,"Florida","Liberty County",2,80,34,17,17
050,12,077,"Florida","Liberty County",2,81,36,17,19
050,12,077,"Florida","Liberty County",2,82,36,18,18
050,12,077,"Florida","Liberty County",2,83,27,14,13
050,12,077,"Florida","Liberty County",2,84,25,12,13
050,12,077,"Florida","Liberty County",2,85,105,40,65
050,12,077,"Florida","Liberty County",3,0,58,28,30
050,12,077,"Florida","Liberty County",3,1,74,37,37
050,12,077,"Florida","Liberty County",3,2,62,32,30
050,12,077,"Florida","Liberty County",3,3,59,34,25
050,12,077,"Florida","Liberty County",3,4,62,31,31
050,12,077,"Florida","Liberty County",3,5,74,37,37
050,12,077,"Florida","Liberty County",3,6,81,43,38
050,12,077,"Florida","Liberty County",3,7,72,37,35
050,12,077,"Florida","Liberty County",3,8,71,38,33
050,12,077,"Florida","Liberty County",3,9,72,38,34
050,12,077,"Florida","Liberty County",3,10,68,31,37
050,12,077,"Florida","Liberty County",3,11,82,45,37
050,12,077,"Florida","Liberty County",3,12,80,42,38
050,12,077,"Florida","Liberty County",3,13,78,43,35
050,12,077,"Florida","Liberty County",3,14,86,47,39
050,12,077,"Florida","Liberty County",3,15,85,41,44
050,12,077,"Florida","Liberty County",3,16,85,43,42
050,12,077,"Florida","Liberty County",3,17,89,44,45
050,12,077,"Florida","Liberty County",3,18,71,34,37
050,12,077,"Florida","Liberty County",3,19,67,41,26
050,12,077,"Florida","Liberty County",3,20,69,43,26
050,12,077,"Florida","Liberty County",3,21,71,44,27
050,12,077,"Florida","Liberty County",3,22,92,61,31
050,12,077,"Florida","Liberty County",3,23,97,69,28
050,12,077,"Florida","Liberty County",3,24,121,85,36
050,12,077,"Florida","Liberty County",3,25,111,82,29
050,12,077,"Florida","Liberty County",3,26,94,70,24
050,12,077,"Florida","Liberty County",3,27,114,76,38
050,12,077,"Florida","Liberty County",3,28,120,78,42
050,12,077,"Florida","Liberty County",3,29,133,92,41
050,12,077,"Florida","Liberty County",3,30,109,73,36
050,12,077,"Florida","Liberty County",3,31,113,77,36
050,12,077,"Florida","Liberty County",3,32,103,69,34
050,12,077,"Florida","Liberty County",3,33,94,65,29
050,12,077,"Florida","Liberty County",3,34,98,64,34
050,12,077,"Florida","Liberty County",3,35,117,76,41
050,12,077,"Florida","Liberty County",3,36,105,70,35
050,12,077,"Florida","Liberty County",3,37,108,69,39
050,12,077,"Florida","Liberty County",3,38,106,65,41
050,12,077,"Florida","Liberty County",3,39,117,79,38
050,12,077,"Florida","Liberty County",3,40,117,80,37
050,12,077,"Florida","Liberty County",3,41,118,71,47
050,12,077,"Florida","Liberty County",3,42,100,62,38
050,12,077,"Florida","Liberty County",3,43,94,56,38
050,12,077,"Florida","Liberty County",3,44,114,74,40
050,12,077,"Florida","Liberty County",3,45,106,76,30
050,12,077,"Florida","Liberty County",3,46,109,73,36
050,12,077,"Florida","Liberty County",3,47,96,68,28
050,12,077,"Florida","Liberty County",3,48,105,70,35
050,12,077,"Florida","Liberty County",3,49,104,63,41
050,12,077,"Florida","Liberty County",3,50,105,58,47
050,12,077,"Florida","Liberty County",3,51,102,61,41
050,12,077,"Florida","Liberty County",3,52,83,52,31
050,12,077,"Florida","Liberty County",3,53,92,54,38
050,12,077,"Florida","Liberty County",3,54,84,43,41
050,12,077,"Florida","Liberty County",3,55,98,56,42
050,12,077,"Florida","Liberty County",3,56,93,51,42
050,12,077,"Florida","Liberty County",3,57,88,52,36
050,12,077,"Florida","Liberty County",3,58,90,52,38
050,12,077,"Florida","Liberty County",3,59,100,51,49
050,12,077,"Florida","Liberty County",3,60,99,48,51
050,12,077,"Florida","Liberty County",3,61,87,46,41
050,12,077,"Florida","Liberty County",3,62,95,51,44
050,12,077,"Florida","Liberty County",3,63,93,47,46
050,12,077,"Florida","Liberty County",3,64,88,42,46
050,12,077,"Florida","Liberty County",3,65,88,46,42
050,12,077,"Florida","Liberty County",3,66,81,45,36
050,12,077,"Florida","Liberty County",3,67,85,49,36
050,12,077,"Florida","Liberty County",3,68,82,44,38
050,12,077,"Florida","Liberty County",3,69,83,44,39
050,12,077,"Florida","Liberty County",3,70,76,40,36
050,12,077,"Florida","Liberty County",3,71,68,32,36
050,12,077,"Florida","Liberty County",3,72,65,35,30
050,12,077,"Florida","Liberty County",3,73,63,29,34
050,12,077,"Florida","Liberty County",3,74,73,36,37
050,12,077,"Florida","Liberty County",3,75,43,21,22
050,12,077,"Florida","Liberty County",3,76,50,26,24
050,12,077,"Florida","Liberty County",3,77,57,31,26
050,12,077,"Florida","Liberty County",3,78,47,20,27
050,12,077,"Florida","Liberty County",3,79,28,10,18
050,12,077,"Florida","Liberty County",3,80,38,20,18
050,12,077,"Florida","Liberty County",3,81,34,16,18
050,12,077,"Florida","Liberty County",3,82,33,17,16
050,12,077,"Florida","Liberty County",3,83,34,17,17
050,12,077,"Florida","Liberty County",3,84,19,10,9
050,12,077,"Florida","Liberty County",3,85,115,43,72
050,12,077,"Florida","Liberty County",4,0,70,37,33
050,12,077,"Florida","Liberty County",4,1,57,30,27
050,12,077,"Florida","Liberty County",4,2,83,36,47
050,12,077,"Florida","Liberty County",4,3,63,37,26
050,12,077,"Florida","Liberty County",4,4,65,37,28
050,12,077,"Florida","Liberty County",4,5,65,31,34
050,12,077,"Florida","Liberty County",4,6,76,40,36
050,12,077,"Florida","Liberty County",4,7,79,41,38
050,12,077,"Florida","Liberty County",4,8,66,34,32
050,12,077,"Florida","Liberty County",4,9,77,43,34
050,12,077,"Florida","Liberty County",4,10,69,40,29
050,12,077,"Florida","Liberty County",4,11,73,37,36
050,12,077,"Florida","Liberty County",4,12,86,49,37
050,12,077,"Florida","Liberty County",4,13,80,39,41
050,12,077,"Florida","Liberty County",4,14,82,46,36
050,12,077,"Florida","Liberty County",4,15,85,47,38
050,12,077,"Florida","Liberty County",4,16,76,37,39
050,12,077,"Florida","Liberty County",4,17,86,48,38
050,12,077,"Florida","Liberty County",4,18,77,38,39
050,12,077,"Florida","Liberty County",4,19,60,31,29
050,12,077,"Florida","Liberty County",4,20,74,47,27
050,12,077,"Florida","Liberty County",4,21,81,55,26
050,12,077,"Florida","Liberty County",4,22,92,62,30
050,12,077,"Florida","Liberty County",4,23,109,72,37
050,12,077,"Florida","Liberty County",4,24,119,84,35
050,12,077,"Florida","Liberty County",4,25,135,103,32
050,12,077,"Florida","Liberty County",4,26,119,89,30
050,12,077,"Florida","Liberty County",4,27,98,74,24
050,12,077,"Florida","Liberty County",4,28,119,82,37
050,12,077,"Florida","Liberty County",4,29,140,99,41
050,12,077,"Florida","Liberty County",4,30,129,89,40
050,12,077,"Florida","Liberty County",4,31,128,90,38
050,12,077,"Florida","Liberty County",4,32,123,87,36
050,12,077,"Florida","Liberty County",4,33,122,89,33
050,12,077,"Florida","Liberty County",4,34,103,72,31
050,12,077,"Florida","Liberty County",4,35,117,82,35
050,12,077,"Florida","Liberty County",4,36,113,74,39
050,12,077,"Florida","Liberty County",4,37,115,77,38
050,12,077,"Florida","Liberty County",4,38,111,74,37
050,12,077,"Florida","Liberty County",4,39,116,74,42
050,12,077,"Florida","Liberty County",4,40,116,82,34
050,12,077,"Florida","Liberty County",4,41,126,82,44
050,12,077,"Florida","Liberty County",4,42,125,81,44
050,12,077,"Florida","Liberty County",4,43,101,61,40
050,12,077,"Florida","Liberty County",4,44,112,73,39
050,12,077,"Florida","Liberty County",4,45,121,82,39
050,12,077,"Florida","Liberty County",4,46,105,73,32
050,12,077,"Florida","Liberty County",4,47,110,78,32
050,12,077,"Florida","Liberty County",4,48,106,74,32
050,12,077,"Florida","Liberty County",4,49,113,81,32
050,12,077,"Florida","Liberty County",4,50,105,63,42
050,12,077,"Florida","Liberty County",4,51,106,59,47
050,12,077,"Florida","Liberty County",4,52,107,65,42
050,12,077,"Florida","Liberty County",4,53,85,56,29
050,12,077,"Florida","Liberty County",4,54,95,50,45
050,12,077,"Florida","Liberty County",4,55,91,47,44
050,12,077,"Florida","Liberty County",4,56,88,50,38
050,12,077,"Florida","Liberty County",4,57,101,54,47
050,12,077,"Florida","Liberty County",4,58,88,54,34
050,12,077,"Florida","Liberty County",4,59,92,49,43
050,12,077,"Florida","Liberty County",4,60,95,52,43
050,12,077,"Florida","Liberty County",4,61,98,46,52
050,12,077,"Florida","Liberty County",4,62,91,51,40
050,12,077,"Florida","Liberty County",4,63,92,49,43
050,12,077,"Florida","Liberty County",4,64,93,48,45
050,12,077,"Florida","Liberty County",4,65,88,42,46
050,12,077,"Florida","Liberty County",4,66,90,47,43
050,12,077,"Florida","Liberty County",4,67,81,43,38
050,12,077,"Florida","Liberty County",4,68,90,53,37
050,12,077,"Florida","Liberty County",4,69,82,45,37
050,12,077,"Florida","Liberty County",4,70,77,40,37
050,12,077,"Florida","Liberty County",4,71,78,42,36
050,12,077,"Florida","Liberty County",4,72,68,34,34
050,12,077,"Florida","Liberty County",4,73,63,34,29
050,12,077,"Florida","Liberty County",4,74,64,31,33
050,12,077,"Florida","Liberty County",4,75,66,32,34
050,12,077,"Florida","Liberty County",4,76,41,21,20
050,12,077,"Florida","Liberty County",4,77,50,26,24
050,12,077,"Florida","Liberty County",4,78,57,29,28
050,12,077,"Florida","Liberty County",4,79,39,18,21
050,12,077,"Florida","Liberty County",4,80,26,9,17
050,12,077,"Florida","Liberty County",4,81,31,16,15
050,12,077,"Florida","Liberty County",4,82,34,16,18
050,12,077,"Florida","Liberty County",4,83,32,16,16
050,12,077,"Florida","Liberty County",4,84,33,17,16
050,12,077,"Florida","Liberty County",4,85,123,46,77
050,12,077,"Florida","Liberty County",5,0,71,37,34
050,12,077,"Florida","Liberty County",5,1,65,38,27
050,12,077,"Florida","Liberty County",5,2,61,33,28
050,12,077,"Florida","Liberty County",5,3,89,41,48
050,12,077,"Florida","Liberty County",5,4,69,37,32
050,12,077,"Florida","Liberty County",5,5,72,39,33
050,12,077,"Florida","Liberty County",5,6,68,29,39
050,12,077,"Florida","Liberty County",5,7,84,45,39
050,12,077,"Florida","Liberty County",5,8,76,39,37
050,12,077,"Florida","Liberty County",5,9,72,35,37
050,12,077,"Florida","Liberty County",5,10,72,36,36
050,12,077,"Florida","Liberty County",5,11,73,40,33
050,12,077,"Florida","Liberty County",5,12,80,46,34
050,12,077,"Florida","Liberty County",5,13,80,45,35
050,12,077,"Florida","Liberty County",5,14,86,43,43
050,12,077,"Florida","Liberty County",5,15,89,53,36
050,12,077,"Florida","Liberty County",5,16,77,40,37
050,12,077,"Florida","Liberty County",5,17,80,42,38
050,12,077,"Florida","Liberty County",5,18,73,42,31
050,12,077,"Florida","Liberty County",5,19,64,35,29
050,12,077,"Florida","Liberty County",5,20,63,31,32
050,12,077,"Florida","Liberty County",5,21,92,63,29
050,12,077,"Florida","Liberty County",5,22,101,70,31
050,12,077,"Florida","Liberty County",5,23,101,70,31
050,12,077,"Florida","Liberty County",5,24,121,79,42
050,12,077,"Florida","Liberty County",5,25,130,97,33
050,12,077,"Florida","Liberty County",5,26,135,104,31
050,12,077,"Florida","Liberty County",5,27,127,89,38
050,12,077,"Florida","Liberty County",5,28,97,74,23
050,12,077,"Florida","Liberty County",5,29,125,86,39
050,12,077,"Florida","Liberty County",5,30,127,84,43
050,12,077,"Florida","Liberty County",5,31,129,92,37
050,12,077,"Florida","Liberty County",5,32,124,88,36
050,12,077,"Florida","Liberty County",5,33,137,98,39
050,12,077,"Florida","Liberty County",5,34,122,82,40
050,12,077,"Florida","Liberty County",5,35,107,78,29
050,12,077,"Florida","Liberty County",5,36,102,69,33
050,12,077,"Florida","Liberty County",5,37,115,73,42
050,12,077,"Florida","Liberty County",5,38,116,73,43
050,12,077,"Florida","Liberty County",5,39,123,83,40
050,12,077,"Florida","Liberty County",5,40,114,73,41
050,12,077,"Florida","Liberty County",5,41,117,80,37
050,12,077,"Florida","Liberty County",5,42,122,81,41
050,12,077,"Florida","Liberty County",5,43,117,73,44
050,12,077,"Florida","Liberty County",5,44,123,85,38
050,12,077,"Florida","Liberty County",5,45,112,77,35
050,12,077,"Florida","Liberty County",5,46,118,76,42
050,12,077,"Florida","Liberty County",5,47,104,73,31
050,12,077,"Florida","Liberty County",5,48,110,75,35
050,12,077,"Florida","Liberty County",5,49,112,83,29
050,12,077,"Florida","Liberty County",5,50,107,71,36
050,12,077,"Florida","Liberty County",5,51,101,59,42
050,12,077,"Florida","Liberty County",5,52,102,59,43
050,12,077,"Florida","Liberty County",5,53,109,69,40
050,12,077,"Florida","Liberty County",5,54,76,45,31
050,12,077,"Florida","Liberty County",5,55,100,51,49
050,12,077,"Florida","Liberty County",5,56,78,38,40
050,12,077,"Florida","Liberty County",5,57,84,50,34
050,12,077,"Florida","Liberty County",5,58,99,57,42
050,12,077,"Florida","Liberty County",5,59,93,53,40
050,12,077,"Florida","Liberty County",5,60,86,48,38
050,12,077,"Florida","Liberty County",5,61,93,49,44
050,12,077,"Florida","Liberty County",5,62,97,49,48
050,12,077,"Florida","Liberty County",5,63,85,44,41
050,12,077,"Florida","Liberty County",5,64,89,47,42
050,12,077,"Florida","Liberty County",5,65,94,47,47
050,12,077,"Florida","Liberty County",5,66,85,39,46
050,12,077,"Florida","Liberty County",5,67,88,45,43
050,12,077,"Florida","Liberty County",5,68,89,47,42
050,12,077,"Florida","Liberty County",5,69,91,52,39
050,12,077,"Florida","Liberty County",5,70,78,42,36
050,12,077,"Florida","Liberty County",5,71,72,37,35
050,12,077,"Florida","Liberty County",5,72,77,42,35
050,12,077,"Florida","Liberty County",5,73,68,32,36
050,12,077,"Florida","Liberty County",5,74,66,34,32
050,12,077,"Florida","Liberty County",5,75,58,27,31
050,12,077,"Florida","Liberty County",5,76,68,33,35
050,12,077,"Florida","Liberty County",5,77,42,22,20
050,12,077,"Florida","Liberty County",5,78,51,25,26
050,12,077,"Florida","Liberty County",5,79,49,25,24
050,12,077,"Florida","Liberty County",5,80,34,15,19
050,12,077,"Florida","Liberty County",5,81,21,7,14
050,12,077,"Florida","Liberty County",5,82,29,15,14
050,12,077,"Florida","Liberty County",5,83,33,15,18
050,12,077,"Florida","Liberty County",5,84,30,15,15
050,12,077,"Florida","Liberty County",5,85,140,52,88
050,12,079,"Florida","Madison County",1,0,183,92,91
050,12,079,"Florida","Madison County",1,1,175,87,88
050,12,079,"Florida","Madison County",1,2,156,75,81
050,12,079,"Florida","Madison County",1,3,176,95,81
050,12,079,"Florida","Madison County",1,4,180,98,82
050,12,079,"Florida","Madison County",1,5,184,98,86
050,12,079,"Florida","Madison County",1,6,201,109,92
050,12,079,"Florida","Madison County",1,7,196,100,96
050,12,079,"Florida","Madison County",1,8,194,103,91
050,12,079,"Florida","Madison County",1,9,185,101,84
050,12,079,"Florida","Madison County",1,10,172,90,82
050,12,079,"Florida","Madison County",1,11,191,100,91
050,12,079,"Florida","Madison County",1,12,193,98,95
050,12,079,"Florida","Madison County",1,13,196,101,95
050,12,079,"Florida","Madison County",1,14,198,93,105
050,12,079,"Florida","Madison County",1,15,175,88,87
050,12,079,"Florida","Madison County",1,16,169,82,87
050,12,079,"Florida","Madison County",1,17,178,94,84
050,12,079,"Florida","Madison County",1,18,142,77,65
050,12,079,"Florida","Madison County",1,19,147,82,65
050,12,079,"Florida","Madison County",1,20,147,74,73
050,12,079,"Florida","Madison County",1,21,171,101,70
050,12,079,"Florida","Madison County",1,22,209,129,80
050,12,079,"Florida","Madison County",1,23,226,133,93
050,12,079,"Florida","Madison County",1,24,225,136,89
050,12,079,"Florida","Madison County",1,25,199,121,78
050,12,079,"Florida","Madison County",1,26,231,141,90
050,12,079,"Florida","Madison County",1,27,238,146,92
050,12,079,"Florida","Madison County",1,28,242,129,113
050,12,079,"Florida","Madison County",1,29,291,161,130
050,12,079,"Florida","Madison County",1,30,251,143,108
050,12,079,"Florida","Madison County",1,31,232,122,110
050,12,079,"Florida","Madison County",1,32,230,129,101
050,12,079,"Florida","Madison County",1,33,230,125,105
050,12,079,"Florida","Madison County",1,34,231,119,112
050,12,079,"Florida","Madison County",1,35,213,120,93
050,12,079,"Florida","Madison County",1,36,237,126,111
050,12,079,"Florida","Madison County",1,37,233,140,93
050,12,079,"Florida","Madison County",1,38,221,134,87
050,12,079,"Florida","Madison County",1,39,222,122,100
050,12,079,"Florida","Madison County",1,40,212,111,101
050,12,079,"Florida","Madison County",1,41,209,122,87
050,12,079,"Florida","Madison County",1,42,207,121,86
050,12,079,"Florida","Madison County",1,43,215,120,95
050,12,079,"Florida","Madison County",1,44,214,119,95
050,12,079,"Florida","Madison County",1,45,220,121,99
050,12,079,"Florida","Madison County",1,46,230,140,90
050,12,079,"Florida","Madison County",1,47,241,145,96
050,12,079,"Florida","Madison County",1,48,245,139,106
050,12,079,"Florida","Madison County",1,49,256,147,109
050,12,079,"Florida","Madison County",1,50,235,131,104
050,12,079,"Florida","Madison County",1,51,235,123,112
050,12,079,"Florida","Madison County",1,52,206,113,93
050,12,079,"Florida","Madison County",1,53,218,109,109
050,12,079,"Florida","Madison County",1,54,232,116,116
050,12,079,"Florida","Madison County",1,55,245,128,117
050,12,079,"Florida","Madison County",1,56,262,133,129
050,12,079,"Florida","Madison County",1,57,266,133,133
050,12,079,"Florida","Madison County",1,58,272,136,136
050,12,079,"Florida","Madison County",1,59,253,130,123
050,12,079,"Florida","Madison County",1,60,253,131,122
050,12,079,"Florida","Madison County",1,61,273,140,133
050,12,079,"Florida","Madison County",1,62,267,120,147
050,12,079,"Florida","Madison County",1,63,258,120,138
050,12,079,"Florida","Madison County",1,64,268,127,141
050,12,079,"Florida","Madison County",1,65,243,115,128
050,12,079,"Florida","Madison County",1,66,276,127,149
050,12,079,"Florida","Madison County",1,67,249,111,138
050,12,079,"Florida","Madison County",1,68,263,117,146
050,12,079,"Florida","Madison County",1,69,239,122,117
050,12,079,"Florida","Madison County",1,70,245,126,119
050,12,079,"Florida","Madison County",1,71,238,122,116
050,12,079,"Florida","Madison County",1,72,216,116,100
050,12,079,"Florida","Madison County",1,73,226,128,98
050,12,079,"Florida","Madison County",1,74,174,83,91
050,12,079,"Florida","Madison County",1,75,160,82,78
050,12,079,"Florida","Madison County",1,76,144,73,71
050,12,079,"Florida","Madison County",1,77,146,71,75
050,12,079,"Florida","Madison County",1,78,124,57,67
050,12,079,"Florida","Madison County",1,79,135,62,73
050,12,079,"Florida","Madison County",1,80,113,47,66
050,12,079,"Florida","Madison County",1,81,103,36,67
050,12,079,"Florida","Madison County",1,82,100,39,61
050,12,079,"Florida","Madison County",1,83,84,41,43
050,12,079,"Florida","Madison County",1,84,60,27,33
050,12,079,"Florida","Madison County",1,85,372,124,248
050,12,079,"Florida","Madison County",2,0,191,102,89
050,12,079,"Florida","Madison County",2,1,176,88,88
050,12,079,"Florida","Madison County",2,2,162,78,84
050,12,079,"Florida","Madison County",2,3,172,91,81
050,12,079,"Florida","Madison County",2,4,179,96,83
050,12,079,"Florida","Madison County",2,5,183,97,86
050,12,079,"Florida","Madison County",2,6,197,105,92
050,12,079,"Florida","Madison County",2,7,197,102,95
050,12,079,"Florida","Madison County",2,8,196,103,93
050,12,079,"Florida","Madison County",2,9,187,102,85
050,12,079,"Florida","Madison County",2,10,176,93,83
050,12,079,"Florida","Madison County",2,11,185,97,88
050,12,079,"Florida","Madison County",2,12,193,99,94
050,12,079,"Florida","Madison County",2,13,196,100,96
050,12,079,"Florida","Madison County",2,14,197,95,102
050,12,079,"Florida","Madison County",2,15,180,91,89
050,12,079,"Florida","Madison County",2,16,172,84,88
050,12,079,"Florida","Madison County",2,17,174,90,84
050,12,079,"Florida","Madison County",2,18,145,79,66
050,12,079,"Florida","Madison County",2,19,138,74,64
050,12,079,"Florida","Madison County",2,20,150,78,72
050,12,079,"Florida","Madison County",2,21,168,97,71
050,12,079,"Florida","Madison County",2,22,206,127,79
050,12,079,"Florida","Madison County",2,23,217,127,90
050,12,079,"Florida","Madison County",2,24,225,134,91
050,12,079,"Florida","Madison County",2,25,201,120,81
050,12,079,"Florida","Madison County",2,26,222,135,87
050,12,079,"Florida","Madison County",2,27,230,138,92
050,12,079,"Florida","Madison County",2,28,239,129,110
050,12,079,"Florida","Madison County",2,29,275,150,125
050,12,079,"Florida","Madison County",2,30,253,141,112
050,12,079,"Florida","Madison County",2,31,230,121,109
050,12,079,"Florida","Madison County",2,32,225,122,103
050,12,079,"Florida","Madison County",2,33,223,117,106
050,12,079,"Florida","Madison County",2,34,229,117,112
050,12,079,"Florida","Madison County",2,35,215,117,98
050,12,079,"Florida","Madison County",2,36,229,122,107
050,12,079,"Florida","Madison County",2,37,234,135,99
050,12,079,"Florida","Madison County",2,38,222,133,89
050,12,079,"Florida","Madison County",2,39,218,121,97
050,12,079,"Florida","Madison County",2,40,214,112,102
050,12,079,"Florida","Madison County",2,41,206,118,88
050,12,079,"Florida","Madison County",2,42,201,116,85
050,12,079,"Florida","Madison County",2,43,211,117,94
050,12,079,"Florida","Madison County",2,44,209,115,94
050,12,079,"Florida","Madison County",2,45,214,115,99
050,12,079,"Florida","Madison County",2,46,224,132,92
050,12,079,"Florida","Madison County",2,47,241,144,97
050,12,079,"Florida","Madison County",2,48,241,136,105
050,12,079,"Florida","Madison County",2,49,254,144,110
050,12,079,"Florida","Madison County",2,50,234,128,106
050,12,079,"Florida","Madison County",2,51,229,119,110
050,12,079,"Florida","Madison County",2,52,209,111,98
050,12,079,"Florida","Madison County",2,53,215,109,106
050,12,079,"Florida","Madison County",2,54,225,112,113
050,12,079,"Florida","Madison County",2,55,241,124,117
050,12,079,"Florida","Madison County",2,56,260,132,128
050,12,079,"Florida","Madison County",2,57,265,133,132
050,12,079,"Florida","Madison County",2,58,269,133,136
050,12,079,"Florida","Madison County",2,59,256,130,126
050,12,079,"Florida","Madison County",2,60,254,131,123
050,12,079,"Florida","Madison County",2,61,269,139,130
050,12,079,"Florida","Madison County",2,62,266,122,144
050,12,079,"Florida","Madison County",2,63,263,123,140
050,12,079,"Florida","Madison County",2,64,263,124,139
050,12,079,"Florida","Madison County",2,65,249,117,132
050,12,079,"Florida","Madison County",2,66,270,125,145
050,12,079,"Florida","Madison County",2,67,253,114,139
050,12,079,"Florida","Madison County",2,68,257,115,142
050,12,079,"Florida","Madison County",2,69,243,118,125
050,12,079,"Florida","Madison County",2,70,241,124,117
050,12,079,"Florida","Madison County",2,71,242,124,118
050,12,079,"Florida","Madison County",2,72,218,115,103
050,12,079,"Florida","Madison County",2,73,231,129,102
050,12,079,"Florida","Madison County",2,74,177,87,90
050,12,079,"Florida","Madison County",2,75,161,81,80
050,12,079,"Florida","Madison County",2,76,147,76,71
050,12,079,"Florida","Madison County",2,77,146,73,73
050,12,079,"Florida","Madison County",2,78,126,60,66
050,12,079,"Florida","Madison County",2,79,132,62,70
050,12,079,"Florida","Madison County",2,80,117,50,67
050,12,079,"Florida","Madison County",2,81,104,38,66
050,12,079,"Florida","Madison County",2,82,100,39,61
050,12,079,"Florida","Madison County",2,83,85,39,46
050,12,079,"Florida","Madison County",2,84,63,30,33
050,12,079,"Florida","Madison County",2,85,367,119,248
050,12,079,"Florida","Madison County",3,0,203,110,93
050,12,079,"Florida","Madison County",3,1,198,105,93
050,12,079,"Florida","Madison County",3,2,188,96,92
050,12,079,"Florida","Madison County",3,3,163,78,85
050,12,079,"Florida","Madison County",3,4,179,95,84
050,12,079,"Florida","Madison County",3,5,181,100,81
050,12,079,"Florida","Madison County",3,6,202,110,92
050,12,079,"Florida","Madison County",3,7,202,110,92
050,12,079,"Florida","Madison County",3,8,189,96,93
050,12,079,"Florida","Madison County",3,9,199,103,96
050,12,079,"Florida","Madison County",3,10,191,100,91
050,12,079,"Florida","Madison County",3,11,172,89,83
050,12,079,"Florida","Madison County",3,12,190,107,83
050,12,079,"Florida","Madison County",3,13,196,98,98
050,12,079,"Florida","Madison County",3,14,216,113,103
050,12,079,"Florida","Madison County",3,15,194,94,100
050,12,079,"Florida","Madison County",3,16,173,88,85
050,12,079,"Florida","Madison County",3,17,179,93,86
050,12,079,"Florida","Madison County",3,18,160,81,79
050,12,079,"Florida","Madison County",3,19,134,70,64
050,12,079,"Florida","Madison County",3,20,146,76,70
050,12,079,"Florida","Madison County",3,21,160,86,74
050,12,079,"Florida","Madison County",3,22,195,123,72
050,12,079,"Florida","Madison County",3,23,210,123,87
050,12,079,"Florida","Madison County",3,24,228,134,94
050,12,079,"Florida","Madison County",3,25,211,120,91
050,12,079,"Florida","Madison County",3,26,200,120,80
050,12,079,"Florida","Madison County",3,27,208,122,86
050,12,079,"Florida","Madison County",3,28,223,124,99
050,12,079,"Florida","Madison County",3,29,247,141,106
050,12,079,"Florida","Madison County",3,30,277,150,127
050,12,079,"Florida","Madison County",3,31,267,148,119
050,12,079,"Florida","Madison County",3,32,247,136,111
050,12,079,"Florida","Madison County",3,33,225,121,104
050,12,079,"Florida","Madison County",3,34,221,104,117
050,12,079,"Florida","Madison County",3,35,235,120,115
050,12,079,"Florida","Madison County",3,36,225,128,97
050,12,079,"Florida","Madison County",3,37,228,125,103
050,12,079,"Florida","Madison County",3,38,227,131,96
050,12,079,"Florida","Madison County",3,39,220,127,93
050,12,079,"Florida","Madison County",3,40,211,121,90
050,12,079,"Florida","Madison County",3,41,224,121,103
050,12,079,"Florida","Madison County",3,42,208,117,91
050,12,079,"Florida","Madison County",3,43,218,129,89
050,12,079,"Florida","Madison County",3,44,227,125,102
050,12,079,"Florida","Madison County",3,45,207,110,97
050,12,079,"Florida","Madison County",3,46,211,106,105
050,12,079,"Florida","Madison County",3,47,232,140,92
050,12,079,"Florida","Madison County",3,48,238,138,100
050,12,079,"Florida","Madison County",3,49,237,132,105
050,12,079,"Florida","Madison County",3,50,256,136,120
050,12,079,"Florida","Madison County",3,51,222,116,106
050,12,079,"Florida","Madison County",3,52,230,118,112
050,12,079,"Florida","Madison County",3,53,211,110,101
050,12,079,"Florida","Madison County",3,54,225,116,109
050,12,079,"Florida","Madison County",3,55,226,107,119
050,12,079,"Florida","Madison County",3,56,247,120,127
050,12,079,"Florida","Madison County",3,57,259,137,122
050,12,079,"Florida","Madison County",3,58,263,130,133
050,12,079,"Florida","Madison County",3,59,271,128,143
050,12,079,"Florida","Madison County",3,60,271,136,135
050,12,079,"Florida","Madison County",3,61,257,134,123
050,12,079,"Florida","Madison County",3,62,284,144,140
050,12,079,"Florida","Madison County",3,63,272,124,148
050,12,079,"Florida","Madison County",3,64,274,127,147
050,12,079,"Florida","Madison County",3,65,259,119,140
050,12,079,"Florida","Madison County",3,66,257,121,136
050,12,079,"Florida","Madison County",3,67,258,117,141
050,12,079,"Florida","Madison County",3,68,260,116,144
050,12,079,"Florida","Madison County",3,69,244,107,137
050,12,079,"Florida","Madison County",3,70,241,121,120
050,12,079,"Florida","Madison County",3,71,228,117,111
050,12,079,"Florida","Madison County",3,72,245,127,118
050,12,079,"Florida","Madison County",3,73,208,112,96
050,12,079,"Florida","Madison County",3,74,236,130,106
050,12,079,"Florida","Madison County",3,75,163,83,80
050,12,079,"Florida","Madison County",3,76,148,77,71
050,12,079,"Florida","Madison County",3,77,134,70,64
050,12,079,"Florida","Madison County",3,78,144,70,74
050,12,079,"Florida","Madison County",3,79,122,59,63
050,12,079,"Florida","Madison County",3,80,121,53,68
050,12,079,"Florida","Madison County",3,81,113,44,69
050,12,079,"Florida","Madison County",3,82,100,37,63
050,12,079,"Florida","Madison County",3,83,92,40,52
050,12,079,"Florida","Madison County",3,84,69,32,37
050,12,079,"Florida","Madison County",3,85,367,119,248
050,12,079,"Florida","Madison County",4,0,171,90,81
050,12,079,"Florida","Madison County",4,1,202,112,90
050,12,079,"Florida","Madison County",4,2,199,111,88
050,12,079,"Florida","Madison County",4,3,183,93,90
050,12,079,"Florida","Madison County",4,4,168,83,85
050,12,079,"Florida","Madison County",4,5,184,100,84
050,12,079,"Florida","Madison County",4,6,174,93,81
050,12,079,"Florida","Madison County",4,7,204,114,90
050,12,079,"Florida","Madison County",4,8,196,106,90
050,12,079,"Florida","Madison County",4,9,195,101,94
050,12,079,"Florida","Madison County",4,10,182,93,89
050,12,079,"Florida","Madison County",4,11,191,99,92
050,12,079,"Florida","Madison County",4,12,167,88,79
050,12,079,"Florida","Madison County",4,13,181,98,83
050,12,079,"Florida","Madison County",4,14,189,98,91
050,12,079,"Florida","Madison County",4,15,220,114,106
050,12,079,"Florida","Madison County",4,16,197,100,97
050,12,079,"Florida","Madison County",4,17,178,92,86
050,12,079,"Florida","Madison County",4,18,158,86,72
050,12,079,"Florida","Madison County",4,19,125,66,59
050,12,079,"Florida","Madison County",4,20,142,78,64
050,12,079,"Florida","Madison County",4,21,170,97,73
050,12,079,"Florida","Madison County",4,22,198,121,77
050,12,079,"Florida","Madison County",4,23,201,129,72
050,12,079,"Florida","Madison County",4,24,222,136,86
050,12,079,"Florida","Madison County",4,25,225,127,98
050,12,079,"Florida","Madison County",4,26,218,126,92
050,12,079,"Florida","Madison County",4,27,219,132,87
050,12,079,"Florida","Madison County",4,28,211,120,91
050,12,079,"Florida","Madison County",4,29,226,132,94
050,12,079,"Florida","Madison County",4,30,240,135,105
050,12,079,"Florida","Madison County",4,31,279,147,132
050,12,079,"Florida","Madison County",4,32,271,156,115
050,12,079,"Florida","Madison County",4,33,232,123,109
050,12,079,"Florida","Madison County",4,34,213,113,100
050,12,079,"Florida","Madison County",4,35,223,110,113
050,12,079,"Florida","Madison County",4,36,234,124,110
050,12,079,"Florida","Madison County",4,37,225,128,97
050,12,079,"Florida","Madison County",4,38,238,133,105
050,12,079,"Florida","Madison County",4,39,221,126,95
050,12,079,"Florida","Madison County",4,40,220,128,92
050,12,079,"Florida","Madison County",4,41,220,127,93
050,12,079,"Florida","Madison County",4,42,228,123,105
050,12,079,"Florida","Madison County",4,43,214,119,95
050,12,079,"Florida","Madison County",4,44,220,129,91
050,12,079,"Florida","Madison County",4,45,232,123,109
050,12,079,"Florida","Madison County",4,46,204,111,93
050,12,079,"Florida","Madison County",4,47,231,124,107
050,12,079,"Florida","Madison County",4,48,238,142,96
050,12,079,"Florida","Madison County",4,49,247,144,103
050,12,079,"Florida","Madison County",4,50,246,126,120
050,12,079,"Florida","Madison County",4,51,242,125,117
050,12,079,"Florida","Madison County",4,52,227,118,109
050,12,079,"Florida","Madison County",4,53,235,122,113
050,12,079,"Florida","Madison County",4,54,228,117,111
050,12,079,"Florida","Madison County",4,55,220,110,110
050,12,079,"Florida","Madison County",4,56,237,111,126
050,12,079,"Florida","Madison County",4,57,263,134,129
050,12,079,"Florida","Madison County",4,58,260,134,126
050,12,079,"Florida","Madison County",4,59,264,130,134
050,12,079,"Florida","Madison County",4,60,269,121,148
050,12,079,"Florida","Madison County",4,61,273,139,134
050,12,079,"Florida","Madison County",4,62,259,130,129
050,12,079,"Florida","Madison County",4,63,275,142,133
050,12,079,"Florida","Madison County",4,64,272,126,146
050,12,079,"Florida","Madison County",4,65,275,123,152
050,12,079,"Florida","Madison County",4,66,265,126,139
050,12,079,"Florida","Madison County",4,67,241,114,127
050,12,079,"Florida","Madison County",4,68,272,124,148
050,12,079,"Florida","Madison County",4,69,254,112,142
050,12,079,"Florida","Madison County",4,70,243,109,134
050,12,079,"Florida","Madison County",4,71,240,118,122
050,12,079,"Florida","Madison County",4,72,228,117,111
050,12,079,"Florida","Madison County",4,73,235,124,111
050,12,079,"Florida","Madison County",4,74,212,108,104
050,12,079,"Florida","Madison County",4,75,223,125,98
050,12,079,"Florida","Madison County",4,76,154,82,72
050,12,079,"Florida","Madison County",4,77,133,68,65
050,12,079,"Florida","Madison County",4,78,132,63,69
050,12,079,"Florida","Madison County",4,79,145,73,72
050,12,079,"Florida","Madison County",4,80,111,54,57
050,12,079,"Florida","Madison County",4,81,109,44,65
050,12,079,"Florida","Madison County",4,82,111,45,66
050,12,079,"Florida","Madison County",4,83,94,36,58
050,12,079,"Florida","Madison County",4,84,76,32,44
050,12,079,"Florida","Madison County",4,85,381,121,260
050,12,079,"Florida","Madison County",5,0,167,90,77
050,12,079,"Florida","Madison County",5,1,177,93,84
050,12,079,"Florida","Madison County",5,2,204,110,94
050,12,079,"Florida","Madison County",5,3,196,111,85
050,12,079,"Florida","Madison County",5,4,183,99,84
050,12,079,"Florida","Madison County",5,5,167,79,88
050,12,079,"Florida","Madison County",5,6,187,104,83
050,12,079,"Florida","Madison County",5,7,195,106,89
050,12,079,"Florida","Madison County",5,8,216,121,95
050,12,079,"Florida","Madison County",5,9,195,105,90
050,12,079,"Florida","Madison County",5,10,192,107,85
050,12,079,"Florida","Madison County",5,11,192,95,97
050,12,079,"Florida","Madison County",5,12,193,98,95
050,12,079,"Florida","Madison County",5,13,179,89,90
050,12,079,"Florida","Madison County",5,14,196,110,86
050,12,079,"Florida","Madison County",5,15,195,100,95
050,12,079,"Florida","Madison County",5,16,219,113,106
050,12,079,"Florida","Madison County",5,17,203,104,99
050,12,079,"Florida","Madison County",5,18,172,93,79
050,12,079,"Florida","Madison County",5,19,126,70,56
050,12,079,"Florida","Madison County",5,20,141,73,68
050,12,079,"Florida","Madison County",5,21,166,94,72
050,12,079,"Florida","Madison County",5,22,201,120,81
050,12,079,"Florida","Madison County",5,23,199,120,79
050,12,079,"Florida","Madison County",5,24,213,133,80
050,12,079,"Florida","Madison County",5,25,226,142,84
050,12,079,"Florida","Madison County",5,26,221,126,95
050,12,079,"Florida","Madison County",5,27,218,124,94
050,12,079,"Florida","Madison County",5,28,226,132,94
050,12,079,"Florida","Madison County",5,29,219,131,88
050,12,079,"Florida","Madison County",5,30,234,134,100
050,12,079,"Florida","Madison County",5,31,235,131,104
050,12,079,"Florida","Madison County",5,32,291,160,131
050,12,079,"Florida","Madison County",5,33,264,150,114
050,12,079,"Florida","Madison County",5,34,229,119,110
050,12,079,"Florida","Madison County",5,35,224,116,108
050,12,079,"Florida","Madison County",5,36,233,123,110
050,12,079,"Florida","Madison County",5,37,234,129,105
050,12,079,"Florida","Madison County",5,38,231,130,101
050,12,079,"Florida","Madison County",5,39,233,127,106
050,12,079,"Florida","Madison County",5,40,219,121,98
050,12,079,"Florida","Madison County",5,41,247,139,108
050,12,079,"Florida","Madison County",5,42,241,137,104
050,12,079,"Florida","Madison County",5,43,228,123,105
050,12,079,"Florida","Madison County",5,44,215,121,94
050,12,079,"Florida","Madison County",5,45,215,119,96
050,12,079,"Florida","Madison County",5,46,226,117,109
050,12,079,"Florida","Madison County",5,47,221,125,96
050,12,079,"Florida","Madison County",5,48,240,124,116
050,12,079,"Florida","Madison County",5,49,240,144,96
050,12,079,"Florida","Madison County",5,50,241,136,105
050,12,079,"Florida","Madison County",5,51,233,120,113
050,12,079,"Florida","Madison County",5,52,245,122,123
050,12,079,"Florida","Madison County",5,53,229,120,109
050,12,079,"Florida","Madison County",5,54,247,124,123
050,12,079,"Florida","Madison County",5,55,222,109,113
050,12,079,"Florida","Madison County",5,56,231,111,120
050,12,079,"Florida","Madison County",5,57,239,114,125
050,12,079,"Florida","Madison County",5,58,264,129,135
050,12,079,"Florida","Madison County",5,59,270,138,132
050,12,079,"Florida","Madison County",5,60,264,127,137
050,12,079,"Florida","Madison County",5,61,270,123,147
050,12,079,"Florida","Madison County",5,62,288,139,149
050,12,079,"Florida","Madison County",5,63,258,138,120
050,12,079,"Florida","Madison County",5,64,285,144,141
050,12,079,"Florida","Madison County",5,65,272,124,148
050,12,079,"Florida","Madison County",5,66,289,134,155
050,12,079,"Florida","Madison County",5,67,259,116,143
050,12,079,"Florida","Madison County",5,68,254,119,135
050,12,079,"Florida","Madison County",5,69,262,117,145
050,12,079,"Florida","Madison County",5,70,257,114,143
050,12,079,"Florida","Madison County",5,71,241,104,137
050,12,079,"Florida","Madison County",5,72,237,119,118
050,12,079,"Florida","Madison County",5,73,211,106,105
050,12,079,"Florida","Madison County",5,74,227,115,112
050,12,079,"Florida","Madison County",5,75,194,99,95
050,12,079,"Florida","Madison County",5,76,215,124,91
050,12,079,"Florida","Madison County",5,77,138,72,66
050,12,079,"Florida","Madison County",5,78,129,60,69
050,12,079,"Florida","Madison County",5,79,131,66,65
050,12,079,"Florida","Madison County",5,80,135,64,71
050,12,079,"Florida","Madison County",5,81,108,50,58
050,12,079,"Florida","Madison County",5,82,107,47,60
050,12,079,"Florida","Madison County",5,83,106,45,61
050,12,079,"Florida","Madison County",5,84,76,30,46
050,12,079,"Florida","Madison County",5,85,401,129,272
050,12,081,"Florida","Manatee County",1,0,3405,1740,1665
050,12,081,"Florida","Manatee County",1,1,3481,1745,1736
050,12,081,"Florida","Manatee County",1,2,3593,1834,1759
050,12,081,"Florida","Manatee County",1,3,3595,1817,1778
050,12,081,"Florida","Manatee County",1,4,3762,1862,1900
050,12,081,"Florida","Manatee County",1,5,3919,2007,1912
050,12,081,"Florida","Manatee County",1,6,3847,1985,1862
050,12,081,"Florida","Manatee County",1,7,3943,2027,1916
050,12,081,"Florida","Manatee County",1,8,4024,2026,1998
050,12,081,"Florida","Manatee County",1,9,3940,1992,1948
050,12,081,"Florida","Manatee County",1,10,4105,2041,2064
050,12,081,"Florida","Manatee County",1,11,4328,2214,2114
050,12,081,"Florida","Manatee County",1,12,4512,2228,2284
050,12,081,"Florida","Manatee County",1,13,4576,2296,2280
050,12,081,"Florida","Manatee County",1,14,4407,2221,2186
050,12,081,"Florida","Manatee County",1,15,4310,2176,2134
050,12,081,"Florida","Manatee County",1,16,4298,2234,2064
050,12,081,"Florida","Manatee County",1,17,4195,2194,2001
050,12,081,"Florida","Manatee County",1,18,3847,2045,1802
050,12,081,"Florida","Manatee County",1,19,3317,1766,1551
050,12,081,"Florida","Manatee County",1,20,3531,1887,1644
050,12,081,"Florida","Manatee County",1,21,3575,1808,1767
050,12,081,"Florida","Manatee County",1,22,3752,1913,1839
050,12,081,"Florida","Manatee County",1,23,3859,1969,1890
050,12,081,"Florida","Manatee County",1,24,3944,1988,1956
050,12,081,"Florida","Manatee County",1,25,3936,1934,2002
050,12,081,"Florida","Manatee County",1,26,3957,2002,1955
050,12,081,"Florida","Manatee County",1,27,4054,2019,2035
050,12,081,"Florida","Manatee County",1,28,4180,2045,2135
050,12,081,"Florida","Manatee County",1,29,4360,2146,2214
050,12,081,"Florida","Manatee County",1,30,4269,2122,2147
050,12,081,"Florida","Manatee County",1,31,4189,2020,2169
050,12,081,"Florida","Manatee County",1,32,4149,2037,2112
050,12,081,"Florida","Manatee County",1,33,4045,1970,2075
050,12,081,"Florida","Manatee County",1,34,4190,2126,2064
050,12,081,"Florida","Manatee County",1,35,4207,2148,2059
050,12,081,"Florida","Manatee County",1,36,4157,2025,2132
050,12,081,"Florida","Manatee County",1,37,4278,2129,2149
050,12,081,"Florida","Manatee County",1,38,4329,2132,2197
050,12,081,"Florida","Manatee County",1,39,4367,2170,2197
050,12,081,"Florida","Manatee County",1,40,4274,2060,2214
050,12,081,"Florida","Manatee County",1,41,4141,2008,2133
050,12,081,"Florida","Manatee County",1,42,4101,1996,2105
050,12,081,"Florida","Manatee County",1,43,4203,2096,2107
050,12,081,"Florida","Manatee County",1,44,4129,2051,2078
050,12,081,"Florida","Manatee County",1,45,4233,2098,2135
050,12,081,"Florida","Manatee County",1,46,4115,2028,2087
050,12,081,"Florida","Manatee County",1,47,4291,2115,2176
050,12,081,"Florida","Manatee County",1,48,4619,2235,2384
050,12,081,"Florida","Manatee County",1,49,5101,2524,2577
050,12,081,"Florida","Manatee County",1,50,5016,2475,2541
050,12,081,"Florida","Manatee County",1,51,4938,2337,2601
050,12,081,"Florida","Manatee County",1,52,4902,2339,2563
050,12,081,"Florida","Manatee County",1,53,4957,2389,2568
050,12,081,"Florida","Manatee County",1,54,5093,2433,2660
050,12,081,"Florida","Manatee County",1,55,5490,2615,2875
050,12,081,"Florida","Manatee County",1,56,5736,2805,2931
050,12,081,"Florida","Manatee County",1,57,5725,2726,2999
050,12,081,"Florida","Manatee County",1,58,5954,2736,3218
050,12,081,"Florida","Manatee County",1,59,6069,2867,3202
050,12,081,"Florida","Manatee County",1,60,6078,2861,3217
050,12,081,"Florida","Manatee County",1,61,6178,2885,3293
050,12,081,"Florida","Manatee County",1,62,6249,2917,3332
050,12,081,"Florida","Manatee County",1,63,6198,2938,3260
050,12,081,"Florida","Manatee County",1,64,6145,2889,3256
050,12,081,"Florida","Manatee County",1,65,6218,2844,3374
050,12,081,"Florida","Manatee County",1,66,6264,2850,3414
050,12,081,"Florida","Manatee County",1,67,6136,2818,3318
050,12,081,"Florida","Manatee County",1,68,6243,2893,3350
050,12,081,"Florida","Manatee County",1,69,5921,2694,3227
050,12,081,"Florida","Manatee County",1,70,5903,2788,3115
050,12,081,"Florida","Manatee County",1,71,6064,2854,3210
050,12,081,"Florida","Manatee County",1,72,6509,3043,3466
050,12,081,"Florida","Manatee County",1,73,6745,3274,3471
050,12,081,"Florida","Manatee County",1,74,4788,2262,2526
050,12,081,"Florida","Manatee County",1,75,4760,2289,2471
050,12,081,"Florida","Manatee County",1,76,4850,2291,2559
050,12,081,"Florida","Manatee County",1,77,4810,2274,2536
050,12,081,"Florida","Manatee County",1,78,4076,1937,2139
050,12,081,"Florida","Manatee County",1,79,3611,1682,1929
050,12,081,"Florida","Manatee County",1,80,3230,1525,1705
050,12,081,"Florida","Manatee County",1,81,3090,1424,1666
050,12,081,"Florida","Manatee County",1,82,2751,1335,1416
050,12,081,"Florida","Manatee County",1,83,2510,1167,1343
050,12,081,"Florida","Manatee County",1,84,2331,1085,1246
050,12,081,"Florida","Manatee County",1,85,14237,6194,8043
050,12,081,"Florida","Manatee County",2,0,3408,1718,1690
050,12,081,"Florida","Manatee County",2,1,3481,1747,1734
050,12,081,"Florida","Manatee County",2,2,3588,1823,1765
050,12,081,"Florida","Manatee County",2,3,3603,1827,1776
050,12,081,"Florida","Manatee County",2,4,3751,1864,1887
050,12,081,"Florida","Manatee County",2,5,3894,1976,1918
050,12,081,"Florida","Manatee County",2,6,3886,2000,1886
050,12,081,"Florida","Manatee County",2,7,3928,2022,1906
050,12,081,"Florida","Manatee County",2,8,3999,2025,1974
050,12,081,"Florida","Manatee County",2,9,3969,2005,1964
050,12,081,"Florida","Manatee County",2,10,4079,2039,2040
050,12,081,"Florida","Manatee County",2,11,4272,2170,2102
050,12,081,"Florida","Manatee County",2,12,4513,2255,2258
050,12,081,"Florida","Manatee County",2,13,4567,2285,2282
050,12,081,"Florida","Manatee County",2,14,4458,2240,2218
050,12,081,"Florida","Manatee County",2,15,4351,2194,2157
050,12,081,"Florida","Manatee County",2,16,4310,2222,2088
050,12,081,"Florida","Manatee County",2,17,4233,2210,2023
050,12,081,"Florida","Manatee County",2,18,3808,2026,1782
050,12,081,"Florida","Manatee County",2,19,3355,1788,1567
050,12,081,"Florida","Manatee County",2,20,3578,1899,1679
050,12,081,"Florida","Manatee County",2,21,3599,1834,1765
050,12,081,"Florida","Manatee County",2,22,3762,1911,1851
050,12,081,"Florida","Manatee County",2,23,3868,1965,1903
050,12,081,"Florida","Manatee County",2,24,3934,1983,1951
050,12,081,"Florida","Manatee County",2,25,3945,1956,1989
050,12,081,"Florida","Manatee County",2,26,3967,2000,1967
050,12,081,"Florida","Manatee County",2,27,4025,2005,2020
050,12,081,"Florida","Manatee County",2,28,4162,2043,2119
050,12,081,"Florida","Manatee County",2,29,4312,2113,2199
050,12,081,"Florida","Manatee County",2,30,4335,2144,2191
050,12,081,"Florida","Manatee County",2,31,4208,2037,2171
050,12,081,"Florida","Manatee County",2,32,4179,2045,2134
050,12,081,"Florida","Manatee County",2,33,4090,1994,2096
050,12,081,"Florida","Manatee County",2,34,4172,2102,2070
050,12,081,"Florida","Manatee County",2,35,4254,2165,2089
050,12,081,"Florida","Manatee County",2,36,4166,2053,2113
050,12,081,"Florida","Manatee County",2,37,4279,2117,2162
050,12,081,"Florida","Manatee County",2,38,4348,2140,2208
050,12,081,"Florida","Manatee County",2,39,4347,2151,2196
050,12,081,"Florida","Manatee County",2,40,4346,2111,2235
050,12,081,"Florida","Manatee County",2,41,4178,2018,2160
050,12,081,"Florida","Manatee County",2,42,4119,2008,2111
050,12,081,"Florida","Manatee County",2,43,4234,2096,2138
050,12,081,"Florida","Manatee County",2,44,4150,2062,2088
050,12,081,"Florida","Manatee County",2,45,4255,2110,2145
050,12,081,"Florida","Manatee County",2,46,4161,2054,2107
050,12,081,"Florida","Manatee County",2,47,4269,2100,2169
050,12,081,"Florida","Manatee County",2,48,4577,2223,2354
050,12,081,"Florida","Manatee County",2,49,5025,2476,2549
050,12,081,"Florida","Manatee County",2,50,5079,2508,2571
050,12,081,"Florida","Manatee County",2,51,4970,2370,2600
050,12,081,"Florida","Manatee County",2,52,4932,2346,2586
050,12,081,"Florida","Manatee County",2,53,4988,2397,2591
050,12,081,"Florida","Manatee County",2,54,5089,2438,2651
050,12,081,"Florida","Manatee County",2,55,5438,2589,2849
050,12,081,"Florida","Manatee County",2,56,5751,2791,2960
050,12,081,"Florida","Manatee County",2,57,5790,2768,3022
050,12,081,"Florida","Manatee County",2,58,5945,2751,3194
050,12,081,"Florida","Manatee County",2,59,6114,2866,3248
050,12,081,"Florida","Manatee County",2,60,6125,2883,3242
050,12,081,"Florida","Manatee County",2,61,6199,2903,3296
050,12,081,"Florida","Manatee County",2,62,6283,2930,3353
050,12,081,"Florida","Manatee County",2,63,6324,2987,3337
050,12,081,"Florida","Manatee County",2,64,6177,2904,3273
050,12,081,"Florida","Manatee County",2,65,6255,2872,3383
050,12,081,"Florida","Manatee County",2,66,6320,2878,3442
050,12,081,"Florida","Manatee County",2,67,6204,2847,3357
050,12,081,"Florida","Manatee County",2,68,6204,2868,3336
050,12,081,"Florida","Manatee County",2,69,6084,2782,3302
050,12,081,"Florida","Manatee County",2,70,5930,2776,3154
050,12,081,"Florida","Manatee County",2,71,6059,2849,3210
050,12,081,"Florida","Manatee County",2,72,6326,2963,3363
050,12,081,"Florida","Manatee County",2,73,7041,3389,3652
050,12,081,"Florida","Manatee County",2,74,4963,2359,2604
050,12,081,"Florida","Manatee County",2,75,4790,2291,2499
050,12,081,"Florida","Manatee County",2,76,4783,2269,2514
050,12,081,"Florida","Manatee County",2,77,4919,2320,2599
050,12,081,"Florida","Manatee County",2,78,4176,1987,2189
050,12,081,"Florida","Manatee County",2,79,3684,1717,1967
050,12,081,"Florida","Manatee County",2,80,3292,1548,1744
050,12,081,"Florida","Manatee County",2,81,3080,1429,1651
050,12,081,"Florida","Manatee County",2,82,2800,1338,1462
050,12,081,"Florida","Manatee County",2,83,2520,1184,1336
050,12,081,"Florida","Manatee County",2,84,2353,1092,1261
050,12,081,"Florida","Manatee County",2,85,14335,6247,8088
050,12,081,"Florida","Manatee County",3,0,3481,1729,1752
050,12,081,"Florida","Manatee County",3,1,3593,1813,1780
050,12,081,"Florida","Manatee County",3,2,3568,1790,1778
050,12,081,"Florida","Manatee County",3,3,3701,1900,1801
050,12,081,"Florida","Manatee County",3,4,3740,1888,1852
050,12,081,"Florida","Manatee County",3,5,3827,1921,1906
050,12,081,"Florida","Manatee County",3,6,3987,2041,1946
050,12,081,"Florida","Manatee County",3,7,3966,2051,1915
050,12,081,"Florida","Manatee County",3,8,3998,2053,1945
050,12,081,"Florida","Manatee County",3,9,4077,2086,1991
050,12,081,"Florida","Manatee County",3,10,4065,2051,2014
050,12,081,"Florida","Manatee County",3,11,4168,2106,2062
050,12,081,"Florida","Manatee County",3,12,4341,2205,2136
050,12,081,"Florida","Manatee County",3,13,4586,2294,2292
050,12,081,"Florida","Manatee County",3,14,4697,2342,2355
050,12,081,"Florida","Manatee County",3,15,4543,2301,2242
050,12,081,"Florida","Manatee County",3,16,4366,2203,2163
050,12,081,"Florida","Manatee County",3,17,4408,2270,2138
050,12,081,"Florida","Manatee County",3,18,3855,2069,1786
050,12,081,"Florida","Manatee County",3,19,3406,1811,1595
050,12,081,"Florida","Manatee County",3,20,3676,1950,1726
050,12,081,"Florida","Manatee County",3,21,3792,1993,1799
050,12,081,"Florida","Manatee County",3,22,3972,2005,1967
050,12,081,"Florida","Manatee County",3,23,4013,1992,2021
050,12,081,"Florida","Manatee County",3,24,4077,2105,1972
050,12,081,"Florida","Manatee County",3,25,4053,2041,2012
050,12,081,"Florida","Manatee County",3,26,4119,2034,2085
050,12,081,"Florida","Manatee County",3,27,4135,2068,2067
050,12,081,"Florida","Manatee County",3,28,4133,2044,2089
050,12,081,"Florida","Manatee County",3,29,4309,2125,2184
050,12,081,"Florida","Manatee County",3,30,4439,2192,2247
050,12,081,"Florida","Manatee County",3,31,4466,2193,2273
050,12,081,"Florida","Manatee County",3,32,4330,2112,2218
050,12,081,"Florida","Manatee County",3,33,4395,2162,2233
050,12,081,"Florida","Manatee County",3,34,4242,2099,2143
050,12,081,"Florida","Manatee County",3,35,4278,2172,2106
050,12,081,"Florida","Manatee County",3,36,4401,2242,2159
050,12,081,"Florida","Manatee County",3,37,4376,2160,2216
050,12,081,"Florida","Manatee County",3,38,4456,2189,2267
050,12,081,"Florida","Manatee County",3,39,4481,2242,2239
050,12,081,"Florida","Manatee County",3,40,4509,2212,2297
050,12,081,"Florida","Manatee County",3,41,4502,2196,2306
050,12,081,"Florida","Manatee County",3,42,4343,2111,2232
050,12,081,"Florida","Manatee County",3,43,4228,2031,2197
050,12,081,"Florida","Manatee County",3,44,4327,2136,2191
050,12,081,"Florida","Manatee County",3,45,4310,2150,2160
050,12,081,"Florida","Manatee County",3,46,4423,2187,2236
050,12,081,"Florida","Manatee County",3,47,4311,2105,2206
050,12,081,"Florida","Manatee County",3,48,4402,2151,2251
050,12,081,"Florida","Manatee County",3,49,4733,2294,2439
050,12,081,"Florida","Manatee County",3,50,5330,2669,2661
050,12,081,"Florida","Manatee County",3,51,5317,2593,2724
050,12,081,"Florida","Manatee County",3,52,5120,2486,2634
050,12,081,"Florida","Manatee County",3,53,5174,2448,2726
050,12,081,"Florida","Manatee County",3,54,5183,2470,2713
050,12,081,"Florida","Manatee County",3,55,5306,2548,2758
050,12,081,"Florida","Manatee County",3,56,5761,2774,2987
050,12,081,"Florida","Manatee County",3,57,6073,2921,3152
050,12,081,"Florida","Manatee County",3,58,6060,2888,3172
050,12,081,"Florida","Manatee County",3,59,6243,2848,3395
050,12,081,"Florida","Manatee County",3,60,6363,2987,3376
050,12,081,"Florida","Manatee County",3,61,6463,3049,3414
050,12,081,"Florida","Manatee County",3,62,6497,3033,3464
050,12,081,"Florida","Manatee County",3,63,6510,3026,3484
050,12,081,"Florida","Manatee County",3,64,6645,3121,3524
050,12,081,"Florida","Manatee County",3,65,6486,3068,3418
050,12,081,"Florida","Manatee County",3,66,6466,2983,3483
050,12,081,"Florida","Manatee County",3,67,6569,3034,3535
050,12,081,"Florida","Manatee County",3,68,6342,2890,3452
050,12,081,"Florida","Manatee County",3,69,6381,2934,3447
050,12,081,"Florida","Manatee County",3,70,6218,2849,3369
050,12,081,"Florida","Manatee County",3,71,6029,2873,3156
050,12,081,"Florida","Manatee County",3,72,6101,2855,3246
050,12,081,"Florida","Manatee County",3,73,6383,2979,3404
050,12,081,"Florida","Manatee County",3,74,7135,3455,3680
050,12,081,"Florida","Manatee County",3,75,4936,2351,2585
050,12,081,"Florida","Manatee County",3,76,4768,2273,2495
050,12,081,"Florida","Manatee County",3,77,4724,2207,2517
050,12,081,"Florida","Manatee County",3,78,4872,2294,2578
050,12,081,"Florida","Manatee County",3,79,4038,1888,2150
050,12,081,"Florida","Manatee County",3,80,3575,1663,1912
050,12,081,"Florida","Manatee County",3,81,3208,1487,1721
050,12,081,"Florida","Manatee County",3,82,2947,1393,1554
050,12,081,"Florida","Manatee County",3,83,2674,1263,1411
050,12,081,"Florida","Manatee County",3,84,2401,1133,1268
050,12,081,"Florida","Manatee County",3,85,14814,6482,8332
050,12,081,"Florida","Manatee County",4,0,3715,1876,1839
050,12,081,"Florida","Manatee County",4,1,3627,1773,1854
050,12,081,"Florida","Manatee County",4,2,3741,1890,1851
050,12,081,"Florida","Manatee County",4,3,3721,1851,1870
050,12,081,"Florida","Manatee County",4,4,3862,1953,1909
050,12,081,"Florida","Manatee County",4,5,3917,1995,1922
050,12,081,"Florida","Manatee County",4,6,4000,2010,1990
050,12,081,"Florida","Manatee County",4,7,4131,2128,2003
050,12,081,"Florida","Manatee County",4,8,4140,2093,2047
050,12,081,"Florida","Manatee County",4,9,4174,2115,2059
050,12,081,"Florida","Manatee County",4,10,4268,2171,2097
050,12,081,"Florida","Manatee County",4,11,4221,2158,2063
050,12,081,"Florida","Manatee County",4,12,4330,2191,2139
050,12,081,"Florida","Manatee County",4,13,4493,2291,2202
050,12,081,"Florida","Manatee County",4,14,4728,2371,2357
050,12,081,"Florida","Manatee County",4,15,4819,2414,2405
050,12,081,"Florida","Manatee County",4,16,4688,2377,2311
050,12,081,"Florida","Manatee County",4,17,4429,2226,2203
050,12,081,"Florida","Manatee County",4,18,4020,2124,1896
050,12,081,"Florida","Manatee County",4,19,3432,1832,1600
050,12,081,"Florida","Manatee County",4,20,3658,1948,1710
050,12,081,"Florida","Manatee County",4,21,3891,1993,1898
050,12,081,"Florida","Manatee County",4,22,4138,2143,1995
050,12,081,"Florida","Manatee County",4,23,4275,2153,2122
050,12,081,"Florida","Manatee County",4,24,4238,2106,2132
050,12,081,"Florida","Manatee County",4,25,4293,2215,2078
050,12,081,"Florida","Manatee County",4,26,4256,2141,2115
050,12,081,"Florida","Manatee County",4,27,4308,2137,2171
050,12,081,"Florida","Manatee County",4,28,4266,2129,2137
050,12,081,"Florida","Manatee County",4,29,4287,2109,2178
050,12,081,"Florida","Manatee County",4,30,4433,2191,2242
050,12,081,"Florida","Manatee County",4,31,4670,2296,2374
050,12,081,"Florida","Manatee County",4,32,4753,2348,2405
050,12,081,"Florida","Manatee County",4,33,4602,2233,2369
050,12,081,"Florida","Manatee County",4,34,4625,2296,2329
050,12,081,"Florida","Manatee County",4,35,4455,2201,2254
050,12,081,"Florida","Manatee County",4,36,4497,2286,2211
050,12,081,"Florida","Manatee County",4,37,4660,2392,2268
050,12,081,"Florida","Manatee County",4,38,4616,2295,2321
050,12,081,"Florida","Manatee County",4,39,4650,2295,2355
050,12,081,"Florida","Manatee County",4,40,4781,2369,2412
050,12,081,"Florida","Manatee County",4,41,4631,2265,2366
050,12,081,"Florida","Manatee County",4,42,4768,2311,2457
050,12,081,"Florida","Manatee County",4,43,4555,2241,2314
050,12,081,"Florida","Manatee County",4,44,4432,2133,2299
050,12,081,"Florida","Manatee County",4,45,4525,2243,2282
050,12,081,"Florida","Manatee County",4,46,4472,2210,2262
050,12,081,"Florida","Manatee County",4,47,4543,2224,2319
050,12,081,"Florida","Manatee County",4,48,4486,2171,2315
050,12,081,"Florida","Manatee County",4,49,4606,2243,2363
050,12,081,"Florida","Manatee County",4,50,5088,2483,2605
050,12,081,"Florida","Manatee County",4,51,5531,2743,2788
050,12,081,"Florida","Manatee County",4,52,5651,2729,2922
050,12,081,"Florida","Manatee County",4,53,5399,2627,2772
050,12,081,"Florida","Manatee County",4,54,5426,2594,2832
050,12,081,"Florida","Manatee County",4,55,5454,2613,2841
050,12,081,"Florida","Manatee County",4,56,5700,2761,2939
050,12,081,"Florida","Manatee County",4,57,6126,2914,3212
050,12,081,"Florida","Manatee County",4,58,6400,3039,3361
050,12,081,"Florida","Manatee County",4,59,6365,2979,3386
050,12,081,"Florida","Manatee County",4,60,6563,2992,3571
050,12,081,"Florida","Manatee County",4,61,6779,3184,3595
050,12,081,"Florida","Manatee County",4,62,6780,3158,3622
050,12,081,"Florida","Manatee County",4,63,6888,3243,3645
050,12,081,"Florida","Manatee County",4,64,6849,3176,3673
050,12,081,"Florida","Manatee County",4,65,6982,3252,3730
050,12,081,"Florida","Manatee County",4,66,6771,3202,3569
050,12,081,"Florida","Manatee County",4,67,6753,3124,3629
050,12,081,"Florida","Manatee County",4,68,6767,3115,3652
050,12,081,"Florida","Manatee County",4,69,6556,2983,3573
050,12,081,"Florida","Manatee County",4,70,6547,3014,3533
050,12,081,"Florida","Manatee County",4,71,6351,2922,3429
050,12,081,"Florida","Manatee County",4,72,6133,2952,3181
050,12,081,"Florida","Manatee County",4,73,6170,2866,3304
050,12,081,"Florida","Manatee County",4,74,6442,2990,3452
050,12,081,"Florida","Manatee County",4,75,7069,3436,3633
050,12,081,"Florida","Manatee County",4,76,4859,2303,2556
050,12,081,"Florida","Manatee County",4,77,4698,2240,2458
050,12,081,"Florida","Manatee County",4,78,4692,2193,2499
050,12,081,"Florida","Manatee County",4,79,4737,2178,2559
050,12,081,"Florida","Manatee County",4,80,3913,1811,2102
050,12,081,"Florida","Manatee County",4,81,3428,1576,1852
050,12,081,"Florida","Manatee County",4,82,3047,1444,1603
050,12,081,"Florida","Manatee County",4,83,2795,1309,1486
050,12,081,"Florida","Manatee County",4,84,2541,1182,1359
050,12,081,"Florida","Manatee County",4,85,15093,6618,8475
050,12,081,"Florida","Manatee County",5,0,3771,1910,1861
050,12,081,"Florida","Manatee County",5,1,3832,1922,1910
050,12,081,"Florida","Manatee County",5,2,3731,1852,1879
050,12,081,"Florida","Manatee County",5,3,3838,1948,1890
050,12,081,"Florida","Manatee County",5,4,3816,1892,1924
050,12,081,"Florida","Manatee County",5,5,4000,2019,1981
050,12,081,"Florida","Manatee County",5,6,4028,2056,1972
050,12,081,"Florida","Manatee County",5,7,4117,2051,2066
050,12,081,"Florida","Manatee County",5,8,4219,2148,2071
050,12,081,"Florida","Manatee County",5,9,4266,2154,2112
050,12,081,"Florida","Manatee County",5,10,4262,2165,2097
050,12,081,"Florida","Manatee County",5,11,4359,2204,2155
050,12,081,"Florida","Manatee County",5,12,4339,2199,2140
050,12,081,"Florida","Manatee County",5,13,4419,2218,2201
050,12,081,"Florida","Manatee County",5,14,4578,2328,2250
050,12,081,"Florida","Manatee County",5,15,4773,2391,2382
050,12,081,"Florida","Manatee County",5,16,4854,2456,2398
050,12,081,"Florida","Manatee County",5,17,4744,2422,2322
050,12,081,"Florida","Manatee County",5,18,3972,2050,1922
050,12,081,"Florida","Manatee County",5,19,3572,1895,1677
050,12,081,"Florida","Manatee County",5,20,3779,2018,1761
050,12,081,"Florida","Manatee County",5,21,3875,2014,1861
050,12,081,"Florida","Manatee County",5,22,4245,2149,2096
050,12,081,"Florida","Manatee County",5,23,4405,2226,2179
050,12,081,"Florida","Manatee County",5,24,4479,2287,2192
050,12,081,"Florida","Manatee County",5,25,4416,2195,2221
050,12,081,"Florida","Manatee County",5,26,4402,2242,2160
050,12,081,"Florida","Manatee County",5,27,4325,2185,2140
050,12,081,"Florida","Manatee County",5,28,4462,2231,2231
050,12,081,"Florida","Manatee County",5,29,4324,2169,2155
050,12,081,"Florida","Manatee County",5,30,4419,2174,2245
050,12,081,"Florida","Manatee County",5,31,4569,2262,2307
050,12,081,"Florida","Manatee County",5,32,4862,2419,2443
050,12,081,"Florida","Manatee County",5,33,4907,2455,2452
050,12,081,"Florida","Manatee County",5,34,4757,2305,2452
050,12,081,"Florida","Manatee County",5,35,4778,2382,2396
050,12,081,"Florida","Manatee County",5,36,4580,2216,2364
050,12,081,"Florida","Manatee County",5,37,4712,2416,2296
050,12,081,"Florida","Manatee County",5,38,4789,2427,2362
050,12,081,"Florida","Manatee County",5,39,4792,2387,2405
050,12,081,"Florida","Manatee County",5,40,4843,2356,2487
050,12,081,"Florida","Manatee County",5,41,4945,2416,2529
050,12,081,"Florida","Manatee County",5,42,4866,2438,2428
050,12,081,"Florida","Manatee County",5,43,4843,2379,2464
050,12,081,"Florida","Manatee County",5,44,4673,2285,2388
050,12,081,"Florida","Manatee County",5,45,4563,2210,2353
050,12,081,"Florida","Manatee County",5,46,4698,2300,2398
050,12,081,"Florida","Manatee County",5,47,4586,2240,2346
050,12,081,"Florida","Manatee County",5,48,4720,2309,2411
050,12,081,"Florida","Manatee County",5,49,4623,2260,2363
050,12,081,"Florida","Manatee County",5,50,4920,2462,2458
050,12,081,"Florida","Manatee County",5,51,5257,2547,2710
050,12,081,"Florida","Manatee County",5,52,5763,2821,2942
050,12,081,"Florida","Manatee County",5,53,5855,2858,2997
050,12,081,"Florida","Manatee County",5,54,5655,2750,2905
050,12,081,"Florida","Manatee County",5,55,5620,2670,2950
050,12,081,"Florida","Manatee County",5,56,5679,2751,2928
050,12,081,"Florida","Manatee County",5,57,5926,2843,3083
050,12,081,"Florida","Manatee County",5,58,6412,3040,3372
050,12,081,"Florida","Manatee County",5,59,6724,3192,3532
050,12,081,"Florida","Manatee County",5,60,6603,3076,3527
050,12,081,"Florida","Manatee County",5,61,6871,3139,3732
050,12,081,"Florida","Manatee County",5,62,7038,3296,3742
050,12,081,"Florida","Manatee County",5,63,7083,3295,3788
050,12,081,"Florida","Manatee County",5,64,7136,3371,3765
050,12,081,"Florida","Manatee County",5,65,7221,3363,3858
050,12,081,"Florida","Manatee County",5,66,7243,3370,3873
050,12,081,"Florida","Manatee County",5,67,6987,3329,3658
050,12,081,"Florida","Manatee County",5,68,6868,3167,3701
050,12,081,"Florida","Manatee County",5,69,6933,3179,3754
050,12,081,"Florida","Manatee County",5,70,6698,3052,3646
050,12,081,"Florida","Manatee County",5,71,6593,3046,3547
050,12,081,"Florida","Manatee County",5,72,6412,2961,3451
050,12,081,"Florida","Manatee County",5,73,6133,2933,3200
050,12,081,"Florida","Manatee County",5,74,6227,2877,3350
050,12,081,"Florida","Manatee County",5,75,6472,3057,3415
050,12,081,"Florida","Manatee County",5,76,7004,3378,3626
050,12,081,"Florida","Manatee County",5,77,4818,2275,2543
050,12,081,"Florida","Manatee County",5,78,4603,2206,2397
050,12,081,"Florida","Manatee County",5,79,4578,2101,2477
050,12,081,"Florida","Manatee County",5,80,4604,2109,2495
050,12,081,"Florida","Manatee County",5,81,3810,1750,2060
050,12,081,"Florida","Manatee County",5,82,3281,1536,1745
050,12,081,"Florida","Manatee County",5,83,2928,1370,1558
050,12,081,"Florida","Manatee County",5,84,2687,1241,1446
050,12,081,"Florida","Manatee County",5,85,15726,6933,8793
050,12,083,"Florida","Marion County",1,0,3529,1805,1724
050,12,083,"Florida","Marion County",1,1,3649,1863,1786
050,12,083,"Florida","Marion County",1,2,3675,1872,1803
050,12,083,"Florida","Marion County",1,3,3761,1973,1788
050,12,083,"Florida","Marion County",1,4,3946,2064,1882
050,12,083,"Florida","Marion County",1,5,3884,1961,1923
050,12,083,"Florida","Marion County",1,6,3884,1934,1950
050,12,083,"Florida","Marion County",1,7,3817,1956,1861
050,12,083,"Florida","Marion County",1,8,3920,2014,1906
050,12,083,"Florida","Marion County",1,9,3919,2025,1894
050,12,083,"Florida","Marion County",1,10,4018,2074,1944
050,12,083,"Florida","Marion County",1,11,4130,2161,1969
050,12,083,"Florida","Marion County",1,12,4243,2127,2116
050,12,083,"Florida","Marion County",1,13,4216,2156,2060
050,12,083,"Florida","Marion County",1,14,4236,2186,2050
050,12,083,"Florida","Marion County",1,15,4179,2135,2044
050,12,083,"Florida","Marion County",1,16,4019,2030,1989
050,12,083,"Florida","Marion County",1,17,3937,1977,1960
050,12,083,"Florida","Marion County",1,18,3645,1920,1725
050,12,083,"Florida","Marion County",1,19,3172,1652,1520
050,12,083,"Florida","Marion County",1,20,3341,1691,1650
050,12,083,"Florida","Marion County",1,21,3382,1748,1634
050,12,083,"Florida","Marion County",1,22,3559,1813,1746
050,12,083,"Florida","Marion County",1,23,3719,1894,1825
050,12,083,"Florida","Marion County",1,24,3811,1909,1902
050,12,083,"Florida","Marion County",1,25,3844,1913,1931
050,12,083,"Florida","Marion County",1,26,3963,2017,1946
050,12,083,"Florida","Marion County",1,27,4070,2033,2037
050,12,083,"Florida","Marion County",1,28,4215,2063,2152
050,12,083,"Florida","Marion County",1,29,4394,2162,2232
050,12,083,"Florida","Marion County",1,30,4422,2131,2291
050,12,083,"Florida","Marion County",1,31,4146,2021,2125
050,12,083,"Florida","Marion County",1,32,4085,2000,2085
050,12,083,"Florida","Marion County",1,33,3979,1941,2038
050,12,083,"Florida","Marion County",1,34,3807,1839,1968
050,12,083,"Florida","Marion County",1,35,3875,1892,1983
050,12,083,"Florida","Marion County",1,36,3948,1937,2011
050,12,083,"Florida","Marion County",1,37,3938,1906,2032
050,12,083,"Florida","Marion County",1,38,3997,1901,2096
050,12,083,"Florida","Marion County",1,39,3986,1889,2097
050,12,083,"Florida","Marion County",1,40,3831,1859,1972
050,12,083,"Florida","Marion County",1,41,3737,1850,1887
050,12,083,"Florida","Marion County",1,42,3563,1705,1858
050,12,083,"Florida","Marion County",1,43,3574,1723,1851
050,12,083,"Florida","Marion County",1,44,3597,1738,1859
050,12,083,"Florida","Marion County",1,45,3717,1800,1917
050,12,083,"Florida","Marion County",1,46,3638,1742,1896
050,12,083,"Florida","Marion County",1,47,3852,1840,2012
050,12,083,"Florida","Marion County",1,48,4174,2020,2154
050,12,083,"Florida","Marion County",1,49,4460,2221,2239
050,12,083,"Florida","Marion County",1,50,4305,2069,2236
050,12,083,"Florida","Marion County",1,51,4262,2045,2217
050,12,083,"Florida","Marion County",1,52,4228,2020,2208
050,12,083,"Florida","Marion County",1,53,4360,2038,2322
050,12,083,"Florida","Marion County",1,54,4463,2133,2330
050,12,083,"Florida","Marion County",1,55,4691,2260,2431
050,12,083,"Florida","Marion County",1,56,4932,2289,2643
050,12,083,"Florida","Marion County",1,57,4969,2333,2636
050,12,083,"Florida","Marion County",1,58,5109,2405,2704
050,12,083,"Florida","Marion County",1,59,5235,2442,2793
050,12,083,"Florida","Marion County",1,60,5208,2439,2769
050,12,083,"Florida","Marion County",1,61,5354,2415,2939
050,12,083,"Florida","Marion County",1,62,5511,2536,2975
050,12,083,"Florida","Marion County",1,63,5512,2505,3007
050,12,083,"Florida","Marion County",1,64,5642,2570,3072
050,12,083,"Florida","Marion County",1,65,5661,2578,3083
050,12,083,"Florida","Marion County",1,66,5689,2609,3080
050,12,083,"Florida","Marion County",1,67,5673,2553,3120
050,12,083,"Florida","Marion County",1,68,5857,2624,3233
050,12,083,"Florida","Marion County",1,69,5792,2596,3196
050,12,083,"Florida","Marion County",1,70,5877,2709,3168
050,12,083,"Florida","Marion County",1,71,6069,2822,3247
050,12,083,"Florida","Marion County",1,72,6347,3001,3346
050,12,083,"Florida","Marion County",1,73,6679,3232,3447
050,12,083,"Florida","Marion County",1,74,4846,2259,2587
050,12,083,"Florida","Marion County",1,75,4885,2269,2616
050,12,083,"Florida","Marion County",1,76,5024,2320,2704
050,12,083,"Florida","Marion County",1,77,5105,2446,2659
050,12,083,"Florida","Marion County",1,78,4346,2080,2266
050,12,083,"Florida","Marion County",1,79,3852,1837,2015
050,12,083,"Florida","Marion County",1,80,3545,1679,1866
050,12,083,"Florida","Marion County",1,81,3201,1539,1662
050,12,083,"Florida","Marion County",1,82,2946,1371,1575
050,12,083,"Florida","Marion County",1,83,2566,1202,1364
050,12,083,"Florida","Marion County",1,84,2334,1119,1215
050,12,083,"Florida","Marion County",1,85,11426,4921,6505
050,12,083,"Florida","Marion County",2,0,3495,1789,1706
050,12,083,"Florida","Marion County",2,1,3641,1859,1782
050,12,083,"Florida","Marion County",2,2,3704,1887,1817
050,12,083,"Florida","Marion County",2,3,3761,1961,1800
050,12,083,"Florida","Marion County",2,4,3942,2055,1887
050,12,083,"Florida","Marion County",2,5,3919,1992,1927
050,12,083,"Florida","Marion County",2,6,3905,1955,1950
050,12,083,"Florida","Marion County",2,7,3851,1961,1890
050,12,083,"Florida","Marion County",2,8,3905,2008,1897
050,12,083,"Florida","Marion County",2,9,3931,2025,1906
050,12,083,"Florida","Marion County",2,10,4015,2076,1939
050,12,083,"Florida","Marion County",2,11,4102,2139,1963
050,12,083,"Florida","Marion County",2,12,4261,2164,2097
050,12,083,"Florida","Marion County",2,13,4249,2162,2087
050,12,083,"Florida","Marion County",2,14,4247,2185,2062
050,12,083,"Florida","Marion County",2,15,4210,2158,2052
050,12,083,"Florida","Marion County",2,16,4075,2062,2013
050,12,083,"Florida","Marion County",2,17,3981,2005,1976
050,12,083,"Florida","Marion County",2,18,3595,1883,1712
050,12,083,"Florida","Marion County",2,19,3189,1660,1529
050,12,083,"Florida","Marion County",2,20,3384,1720,1664
050,12,083,"Florida","Marion County",2,21,3423,1764,1659
050,12,083,"Florida","Marion County",2,22,3558,1813,1745
050,12,083,"Florida","Marion County",2,23,3723,1891,1832
050,12,083,"Florida","Marion County",2,24,3797,1909,1888
050,12,083,"Florida","Marion County",2,25,3858,1921,1937
050,12,083,"Florida","Marion County",2,26,3956,2004,1952
050,12,083,"Florida","Marion County",2,27,4045,2028,2017
050,12,083,"Florida","Marion County",2,28,4196,2066,2130
050,12,083,"Florida","Marion County",2,29,4379,2153,2226
050,12,083,"Florida","Marion County",2,30,4458,2162,2296
050,12,083,"Florida","Marion County",2,31,4204,2044,2160
050,12,083,"Florida","Marion County",2,32,4110,2009,2101
050,12,083,"Florida","Marion County",2,33,4002,1953,2049
050,12,083,"Florida","Marion County",2,34,3864,1869,1995
050,12,083,"Florida","Marion County",2,35,3907,1903,2004
050,12,083,"Florida","Marion County",2,36,3917,1920,1997
050,12,083,"Florida","Marion County",2,37,3971,1929,2042
050,12,083,"Florida","Marion County",2,38,4007,1917,2090
050,12,083,"Florida","Marion County",2,39,4005,1905,2100
050,12,083,"Florida","Marion County",2,40,3898,1880,2018
050,12,083,"Florida","Marion County",2,41,3756,1856,1900
050,12,083,"Florida","Marion County",2,42,3594,1732,1862
050,12,083,"Florida","Marion County",2,43,3600,1730,1870
050,12,083,"Florida","Marion County",2,44,3583,1732,1851
050,12,083,"Florida","Marion County",2,45,3720,1802,1918
050,12,083,"Florida","Marion County",2,46,3648,1753,1895
050,12,083,"Florida","Marion County",2,47,3813,1817,1996
050,12,083,"Florida","Marion County",2,48,4097,1974,2123
050,12,083,"Florida","Marion County",2,49,4432,2193,2239
050,12,083,"Florida","Marion County",2,50,4359,2107,2252
050,12,083,"Florida","Marion County",2,51,4278,2057,2221
050,12,083,"Florida","Marion County",2,52,4253,2034,2219
050,12,083,"Florida","Marion County",2,53,4333,2031,2302
050,12,083,"Florida","Marion County",2,54,4455,2122,2333
050,12,083,"Florida","Marion County",2,55,4662,2239,2423
050,12,083,"Florida","Marion County",2,56,4931,2305,2626
050,12,083,"Florida","Marion County",2,57,5011,2340,2671
050,12,083,"Florida","Marion County",2,58,5127,2407,2720
050,12,083,"Florida","Marion County",2,59,5258,2461,2797
050,12,083,"Florida","Marion County",2,60,5253,2457,2796
050,12,083,"Florida","Marion County",2,61,5368,2444,2924
050,12,083,"Florida","Marion County",2,62,5522,2528,2994
050,12,083,"Florida","Marion County",2,63,5612,2565,3047
050,12,083,"Florida","Marion County",2,64,5634,2558,3076
050,12,083,"Florida","Marion County",2,65,5737,2613,3124
050,12,083,"Florida","Marion County",2,66,5760,2637,3123
050,12,083,"Florida","Marion County",2,67,5716,2581,3135
050,12,083,"Florida","Marion County",2,68,5809,2611,3198
050,12,083,"Florida","Marion County",2,69,5885,2637,3248
050,12,083,"Florida","Marion County",2,70,5874,2692,3182
050,12,083,"Florida","Marion County",2,71,6041,2801,3240
050,12,083,"Florida","Marion County",2,72,6197,2920,3277
050,12,083,"Florida","Marion County",2,73,6929,3344,3585
050,12,083,"Florida","Marion County",2,74,4977,2344,2633
050,12,083,"Florida","Marion County",2,75,4889,2270,2619
050,12,083,"Florida","Marion County",2,76,4922,2274,2648
050,12,083,"Florida","Marion County",2,77,5200,2471,2729
050,12,083,"Florida","Marion County",2,78,4405,2108,2297
050,12,083,"Florida","Marion County",2,79,3922,1874,2048
050,12,083,"Florida","Marion County",2,80,3578,1692,1886
050,12,083,"Florida","Marion County",2,81,3226,1551,1675
050,12,083,"Florida","Marion County",2,82,2970,1386,1584
050,12,083,"Florida","Marion County",2,83,2602,1216,1386
050,12,083,"Florida","Marion County",2,84,2313,1104,1209
050,12,083,"Florida","Marion County",2,85,11581,4993,6588
050,12,083,"Florida","Marion County",3,0,3422,1787,1635
050,12,083,"Florida","Marion County",3,1,3602,1860,1742
050,12,083,"Florida","Marion County",3,2,3749,1917,1832
050,12,083,"Florida","Marion County",3,3,3776,1947,1829
050,12,083,"Florida","Marion County",3,4,3847,2000,1847
050,12,083,"Florida","Marion County",3,5,4070,2087,1983
050,12,083,"Florida","Marion County",3,6,4004,2028,1976
050,12,083,"Florida","Marion County",3,7,4012,2031,1981
050,12,083,"Florida","Marion County",3,8,3961,2015,1946
050,12,083,"Florida","Marion County",3,9,4024,2067,1957
050,12,083,"Florida","Marion County",3,10,4021,2057,1964
050,12,083,"Florida","Marion County",3,11,4149,2145,2004
050,12,083,"Florida","Marion County",3,12,4235,2227,2008
050,12,083,"Florida","Marion County",3,13,4441,2282,2159
050,12,083,"Florida","Marion County",3,14,4335,2207,2128
050,12,083,"Florida","Marion County",3,15,4383,2247,2136
050,12,083,"Florida","Marion County",3,16,4303,2225,2078
050,12,083,"Florida","Marion County",3,17,4202,2124,2078
050,12,083,"Florida","Marion County",3,18,3575,1867,1708
050,12,083,"Florida","Marion County",3,19,3148,1636,1512
050,12,083,"Florida","Marion County",3,20,3479,1763,1716
050,12,083,"Florida","Marion County",3,21,3606,1853,1753
050,12,083,"Florida","Marion County",3,22,3615,1813,1802
050,12,083,"Florida","Marion County",3,23,3719,1887,1832
050,12,083,"Florida","Marion County",3,24,3867,1959,1908
050,12,083,"Florida","Marion County",3,25,3879,1934,1945
050,12,083,"Florida","Marion County",3,26,3967,1953,2014
050,12,083,"Florida","Marion County",3,27,4065,2056,2009
050,12,083,"Florida","Marion County",3,28,4162,2059,2103
050,12,083,"Florida","Marion County",3,29,4293,2111,2182
050,12,083,"Florida","Marion County",3,30,4522,2245,2277
050,12,083,"Florida","Marion County",3,31,4591,2229,2362
050,12,083,"Florida","Marion County",3,32,4387,2112,2275
050,12,083,"Florida","Marion County",3,33,4217,2057,2160
050,12,083,"Florida","Marion County",3,34,4131,2024,2107
050,12,083,"Florida","Marion County",3,35,4017,1956,2061
050,12,083,"Florida","Marion County",3,36,3980,1925,2055
050,12,083,"Florida","Marion County",3,37,4031,1986,2045
050,12,083,"Florida","Marion County",3,38,4065,1971,2094
050,12,083,"Florida","Marion County",3,39,4161,1988,2173
050,12,083,"Florida","Marion County",3,40,4016,1871,2145
050,12,083,"Florida","Marion County",3,41,4005,1944,2061
050,12,083,"Florida","Marion County",3,42,3857,1893,1964
050,12,083,"Florida","Marion County",3,43,3719,1788,1931
050,12,083,"Florida","Marion County",3,44,3754,1819,1935
050,12,083,"Florida","Marion County",3,45,3594,1730,1864
050,12,083,"Florida","Marion County",3,46,3791,1840,1951
050,12,083,"Florida","Marion County",3,47,3799,1799,2000
050,12,083,"Florida","Marion County",3,48,3897,1841,2056
050,12,083,"Florida","Marion County",3,49,4255,2077,2178
050,12,083,"Florida","Marion County",3,50,4537,2218,2319
050,12,083,"Florida","Marion County",3,51,4449,2165,2284
050,12,083,"Florida","Marion County",3,52,4298,2047,2251
050,12,083,"Florida","Marion County",3,53,4327,2054,2273
050,12,083,"Florida","Marion County",3,54,4465,2093,2372
050,12,083,"Florida","Marion County",3,55,4609,2199,2410
050,12,083,"Florida","Marion County",3,56,4850,2318,2532
050,12,083,"Florida","Marion County",3,57,5086,2383,2703
050,12,083,"Florida","Marion County",3,58,5218,2420,2798
050,12,083,"Florida","Marion County",3,59,5290,2462,2828
050,12,083,"Florida","Marion County",3,60,5516,2579,2937
050,12,083,"Florida","Marion County",3,61,5433,2537,2896
050,12,083,"Florida","Marion County",3,62,5549,2551,2998
050,12,083,"Florida","Marion County",3,63,5814,2662,3152
050,12,083,"Florida","Marion County",3,64,5858,2685,3173
050,12,083,"Florida","Marion County",3,65,5827,2640,3187
050,12,083,"Florida","Marion County",3,66,5970,2739,3231
050,12,083,"Florida","Marion County",3,67,5927,2706,3221
050,12,083,"Florida","Marion County",3,68,5831,2632,3199
050,12,083,"Florida","Marion County",3,69,5942,2672,3270
050,12,083,"Florida","Marion County",3,70,5944,2677,3267
050,12,083,"Florida","Marion County",3,71,5887,2675,3212
050,12,083,"Florida","Marion County",3,72,6088,2832,3256
050,12,083,"Florida","Marion County",3,73,6166,2901,3265
050,12,083,"Florida","Marion County",3,74,6874,3305,3569
050,12,083,"Florida","Marion County",3,75,4874,2270,2604
050,12,083,"Florida","Marion County",3,76,4800,2226,2574
050,12,083,"Florida","Marion County",3,77,4799,2231,2568
050,12,083,"Florida","Marion County",3,78,4990,2360,2630
050,12,083,"Florida","Marion County",3,79,4275,2057,2218
050,12,083,"Florida","Marion County",3,80,3727,1760,1967
050,12,083,"Florida","Marion County",3,81,3370,1607,1763
050,12,083,"Florida","Marion County",3,82,3021,1437,1584
050,12,083,"Florida","Marion County",3,83,2761,1287,1474
050,12,083,"Florida","Marion County",3,84,2395,1111,1284
050,12,083,"Florida","Marion County",3,85,11668,5005,6663
050,12,083,"Florida","Marion County",4,0,3564,1844,1720
050,12,083,"Florida","Marion County",4,1,3506,1799,1707
050,12,083,"Florida","Marion County",4,2,3707,1920,1787
050,12,083,"Florida","Marion County",4,3,3902,2002,1900
050,12,083,"Florida","Marion County",4,4,3950,2018,1932
050,12,083,"Florida","Marion County",4,5,4005,2088,1917
050,12,083,"Florida","Marion County",4,6,4242,2199,2043
050,12,083,"Florida","Marion County",4,7,4154,2100,2054
050,12,083,"Florida","Marion County",4,8,4197,2144,2053
050,12,083,"Florida","Marion County",4,9,4125,2082,2043
050,12,083,"Florida","Marion County",4,10,4160,2119,2041
050,12,083,"Florida","Marion County",4,11,4206,2130,2076
050,12,083,"Florida","Marion County",4,12,4340,2244,2096
050,12,083,"Florida","Marion County",4,13,4407,2317,2090
050,12,083,"Florida","Marion County",4,14,4661,2378,2283
050,12,083,"Florida","Marion County",4,15,4506,2279,2227
050,12,083,"Florida","Marion County",4,16,4499,2283,2216
050,12,083,"Florida","Marion County",4,17,4396,2271,2125
050,12,083,"Florida","Marion County",4,18,3714,1945,1769
050,12,083,"Florida","Marion County",4,19,3088,1632,1456
050,12,083,"Florida","Marion County",4,20,3366,1728,1638
050,12,083,"Florida","Marion County",4,21,3728,1901,1827
050,12,083,"Florida","Marion County",4,22,3905,2002,1903
050,12,083,"Florida","Marion County",4,23,3885,1945,1940
050,12,083,"Florida","Marion County",4,24,3822,1925,1897
050,12,083,"Florida","Marion County",4,25,4009,2019,1990
050,12,083,"Florida","Marion County",4,26,3995,2001,1994
050,12,083,"Florida","Marion County",4,27,4163,2006,2157
050,12,083,"Florida","Marion County",4,28,4195,2100,2095
050,12,083,"Florida","Marion County",4,29,4265,2151,2114
050,12,083,"Florida","Marion County",4,30,4514,2224,2290
050,12,083,"Florida","Marion County",4,31,4667,2301,2366
050,12,083,"Florida","Marion County",4,32,4782,2328,2454
050,12,083,"Florida","Marion County",4,33,4610,2216,2394
050,12,083,"Florida","Marion County",4,34,4396,2135,2261
050,12,083,"Florida","Marion County",4,35,4350,2121,2229
050,12,083,"Florida","Marion County",4,36,4180,2032,2148
050,12,083,"Florida","Marion County",4,37,4219,2052,2167
050,12,083,"Florida","Marion County",4,38,4181,2053,2128
050,12,083,"Florida","Marion County",4,39,4362,2105,2257
050,12,083,"Florida","Marion County",4,40,4257,2048,2209
050,12,083,"Florida","Marion County",4,41,4201,1974,2227
050,12,083,"Florida","Marion County",4,42,4210,2030,2180
050,12,083,"Florida","Marion County",4,43,4031,1986,2045
050,12,083,"Florida","Marion County",4,44,3898,1896,2002
050,12,083,"Florida","Marion County",4,45,3942,1908,2034
050,12,083,"Florida","Marion County",4,46,3754,1812,1942
050,12,083,"Florida","Marion County",4,47,3979,1936,2043
050,12,083,"Florida","Marion County",4,48,3873,1825,2048
050,12,083,"Florida","Marion County",4,49,4148,1950,2198
050,12,083,"Florida","Marion County",4,50,4412,2115,2297
050,12,083,"Florida","Marion County",4,51,4681,2264,2417
050,12,083,"Florida","Marion County",4,52,4583,2214,2369
050,12,083,"Florida","Marion County",4,53,4460,2092,2368
050,12,083,"Florida","Marion County",4,54,4527,2179,2348
050,12,083,"Florida","Marion County",4,55,4658,2175,2483
050,12,083,"Florida","Marion County",4,56,4798,2308,2490
050,12,083,"Florida","Marion County",4,57,5062,2436,2626
050,12,083,"Florida","Marion County",4,58,5315,2474,2841
050,12,083,"Florida","Marion County",4,59,5450,2537,2913
050,12,083,"Florida","Marion County",4,60,5611,2607,3004
050,12,083,"Florida","Marion County",4,61,5802,2686,3116
050,12,083,"Florida","Marion County",4,62,5765,2676,3089
050,12,083,"Florida","Marion County",4,63,5865,2694,3171
050,12,083,"Florida","Marion County",4,64,6178,2819,3359
050,12,083,"Florida","Marion County",4,65,6129,2822,3307
050,12,083,"Florida","Marion County",4,66,6160,2811,3349
050,12,083,"Florida","Marion County",4,67,6277,2894,3383
050,12,083,"Florida","Marion County",4,68,6153,2852,3301
050,12,083,"Florida","Marion County",4,69,5998,2719,3279
050,12,083,"Florida","Marion County",4,70,6063,2741,3322
050,12,083,"Florida","Marion County",4,71,6013,2720,3293
050,12,083,"Florida","Marion County",4,72,5893,2691,3202
050,12,083,"Florida","Marion County",4,73,6047,2813,3234
050,12,083,"Florida","Marion County",4,74,6118,2865,3253
050,12,083,"Florida","Marion County",4,75,6744,3236,3508
050,12,083,"Florida","Marion County",4,76,4747,2202,2545
050,12,083,"Florida","Marion County",4,77,4672,2158,2514
050,12,083,"Florida","Marion County",4,78,4591,2108,2483
050,12,083,"Florida","Marion County",4,79,4765,2242,2523
050,12,083,"Florida","Marion County",4,80,4047,1945,2102
050,12,083,"Florida","Marion County",4,81,3503,1647,1856
050,12,083,"Florida","Marion County",4,82,3115,1452,1663
050,12,083,"Florida","Marion County",4,83,2764,1329,1435
050,12,083,"Florida","Marion County",4,84,2505,1147,1358
050,12,083,"Florida","Marion County",4,85,11750,5039,6711
050,12,083,"Florida","Marion County",5,0,3596,1858,1738
050,12,083,"Florida","Marion County",5,1,3767,1964,1803
050,12,083,"Florida","Marion County",5,2,3647,1875,1772
050,12,083,"Florida","Marion County",5,3,3894,2022,1872
050,12,083,"Florida","Marion County",5,4,4103,2116,1987
050,12,083,"Florida","Marion County",5,5,4123,2097,2026
050,12,083,"Florida","Marion County",5,6,4155,2158,1997
050,12,083,"Florida","Marion County",5,7,4422,2303,2119
050,12,083,"Florida","Marion County",5,8,4327,2192,2135
050,12,083,"Florida","Marion County",5,9,4439,2262,2177
050,12,083,"Florida","Marion County",5,10,4267,2161,2106
050,12,083,"Florida","Marion County",5,11,4390,2274,2116
050,12,083,"Florida","Marion County",5,12,4340,2209,2131
050,12,083,"Florida","Marion County",5,13,4525,2353,2172
050,12,083,"Florida","Marion County",5,14,4571,2367,2204
050,12,083,"Florida","Marion County",5,15,4808,2451,2357
050,12,083,"Florida","Marion County",5,16,4604,2340,2264
050,12,083,"Florida","Marion County",5,17,4655,2347,2308
050,12,083,"Florida","Marion County",5,18,3942,2079,1863
050,12,083,"Florida","Marion County",5,19,3238,1685,1553
050,12,083,"Florida","Marion County",5,20,3401,1756,1645
050,12,083,"Florida","Marion County",5,21,3624,1869,1755
050,12,083,"Florida","Marion County",5,22,4047,2018,2029
050,12,083,"Florida","Marion County",5,23,4201,2156,2045
050,12,083,"Florida","Marion County",5,24,4088,2038,2050
050,12,083,"Florida","Marion County",5,25,4065,2017,2048
050,12,083,"Florida","Marion County",5,26,4156,2115,2041
050,12,083,"Florida","Marion County",5,27,4225,2123,2102
050,12,083,"Florida","Marion County",5,28,4337,2129,2208
050,12,083,"Florida","Marion County",5,29,4290,2138,2152
050,12,083,"Florida","Marion County",5,30,4487,2254,2233
050,12,083,"Florida","Marion County",5,31,4727,2320,2407
050,12,083,"Florida","Marion County",5,32,4925,2463,2462
050,12,083,"Florida","Marion County",5,33,4887,2364,2523
050,12,083,"Florida","Marion County",5,34,4779,2304,2475
050,12,083,"Florida","Marion County",5,35,4610,2250,2360
050,12,083,"Florida","Marion County",5,36,4527,2222,2305
050,12,083,"Florida","Marion County",5,37,4469,2178,2291
050,12,083,"Florida","Marion County",5,38,4468,2134,2334
050,12,083,"Florida","Marion County",5,39,4412,2167,2245
050,12,083,"Florida","Marion County",5,40,4462,2149,2313
050,12,083,"Florida","Marion County",5,41,4518,2176,2342
050,12,083,"Florida","Marion County",5,42,4468,2079,2389
050,12,083,"Florida","Marion County",5,43,4442,2153,2289
050,12,083,"Florida","Marion County",5,44,4226,2097,2129
050,12,083,"Florida","Marion County",5,45,4093,2007,2086
050,12,083,"Florida","Marion County",5,46,4070,1976,2094
050,12,083,"Florida","Marion County",5,47,3952,1913,2039
050,12,083,"Florida","Marion County",5,48,4081,1988,2093
050,12,083,"Florida","Marion County",5,49,4109,1941,2168
050,12,083,"Florida","Marion County",5,50,4309,2030,2279
050,12,083,"Florida","Marion County",5,51,4576,2214,2362
050,12,083,"Florida","Marion County",5,52,4825,2343,2482
050,12,083,"Florida","Marion County",5,53,4775,2300,2475
050,12,083,"Florida","Marion County",5,54,4698,2217,2481
050,12,083,"Florida","Marion County",5,55,4731,2239,2492
050,12,083,"Florida","Marion County",5,56,4878,2273,2605
050,12,083,"Florida","Marion County",5,57,5103,2426,2677
050,12,083,"Florida","Marion County",5,58,5340,2558,2782
050,12,083,"Florida","Marion County",5,59,5592,2599,2993
050,12,083,"Florida","Marion County",5,60,5764,2693,3071
050,12,083,"Florida","Marion County",5,61,5949,2726,3223
050,12,083,"Florida","Marion County",5,62,6157,2840,3317
050,12,083,"Florida","Marion County",5,63,6048,2833,3215
050,12,083,"Florida","Marion County",5,64,6249,2872,3377
050,12,083,"Florida","Marion County",5,65,6532,2991,3541
050,12,083,"Florida","Marion County",5,66,6458,2967,3491
050,12,083,"Florida","Marion County",5,67,6396,2948,3448
050,12,083,"Florida","Marion County",5,68,6460,3010,3450
050,12,083,"Florida","Marion County",5,69,6304,2914,3390
050,12,083,"Florida","Marion County",5,70,6128,2764,3364
050,12,083,"Florida","Marion County",5,71,6128,2777,3351
050,12,083,"Florida","Marion County",5,72,6055,2745,3310
050,12,083,"Florida","Marion County",5,73,5917,2713,3204
050,12,083,"Florida","Marion County",5,74,5988,2760,3228
050,12,083,"Florida","Marion County",5,75,6024,2814,3210
050,12,083,"Florida","Marion County",5,76,6648,3160,3488
050,12,083,"Florida","Marion County",5,77,4633,2149,2484
050,12,083,"Florida","Marion County",5,78,4498,2064,2434
050,12,083,"Florida","Marion County",5,79,4444,2061,2383
050,12,083,"Florida","Marion County",5,80,4584,2166,2418
050,12,083,"Florida","Marion County",5,81,3823,1847,1976
050,12,083,"Florida","Marion County",5,82,3308,1540,1768
050,12,083,"Florida","Marion County",5,83,2920,1359,1561
050,12,083,"Florida","Marion County",5,84,2567,1220,1347
050,12,083,"Florida","Marion County",5,85,12191,5216,6975
050,12,085,"Florida","Martin County",1,0,1222,620,602
050,12,085,"Florida","Martin County",1,1,1244,628,616
050,12,085,"Florida","Martin County",1,2,1279,660,619
050,12,085,"Florida","Martin County",1,3,1319,664,655
050,12,085,"Florida","Martin County",1,4,1403,695,708
050,12,085,"Florida","Martin County",1,5,1411,732,679
050,12,085,"Florida","Martin County",1,6,1366,718,648
050,12,085,"Florida","Martin County",1,7,1365,677,688
050,12,085,"Florida","Martin County",1,8,1397,680,717
050,12,085,"Florida","Martin County",1,9,1441,743,698
050,12,085,"Florida","Martin County",1,10,1497,773,724
050,12,085,"Florida","Martin County",1,11,1480,736,744
050,12,085,"Florida","Martin County",1,12,1563,799,764
050,12,085,"Florida","Martin County",1,13,1612,806,806
050,12,085,"Florida","Martin County",1,14,1659,837,822
050,12,085,"Florida","Martin County",1,15,1606,828,778
050,12,085,"Florida","Martin County",1,16,1650,848,802
050,12,085,"Florida","Martin County",1,17,1600,816,784
050,12,085,"Florida","Martin County",1,18,1449,778,671
050,12,085,"Florida","Martin County",1,19,1231,643,588
050,12,085,"Florida","Martin County",1,20,1295,667,628
050,12,085,"Florida","Martin County",1,21,1356,696,660
050,12,085,"Florida","Martin County",1,22,1409,765,644
050,12,085,"Florida","Martin County",1,23,1355,737,618
050,12,085,"Florida","Martin County",1,24,1318,697,621
050,12,085,"Florida","Martin County",1,25,1356,722,634
050,12,085,"Florida","Martin County",1,26,1433,810,623
050,12,085,"Florida","Martin County",1,27,1402,786,616
050,12,085,"Florida","Martin County",1,28,1457,801,656
050,12,085,"Florida","Martin County",1,29,1490,807,683
050,12,085,"Florida","Martin County",1,30,1466,769,697
050,12,085,"Florida","Martin County",1,31,1444,785,659
050,12,085,"Florida","Martin County",1,32,1475,765,710
050,12,085,"Florida","Martin County",1,33,1483,793,690
050,12,085,"Florida","Martin County",1,34,1508,820,688
050,12,085,"Florida","Martin County",1,35,1539,821,718
050,12,085,"Florida","Martin County",1,36,1485,803,682
050,12,085,"Florida","Martin County",1,37,1550,814,736
050,12,085,"Florida","Martin County",1,38,1566,862,704
050,12,085,"Florida","Martin County",1,39,1556,859,697
050,12,085,"Florida","Martin County",1,40,1527,805,722
050,12,085,"Florida","Martin County",1,41,1457,793,664
050,12,085,"Florida","Martin County",1,42,1509,783,726
050,12,085,"Florida","Martin County",1,43,1537,812,725
050,12,085,"Florida","Martin County",1,44,1480,774,706
050,12,085,"Florida","Martin County",1,45,1510,742,768
050,12,085,"Florida","Martin County",1,46,1590,799,791
050,12,085,"Florida","Martin County",1,47,1639,863,776
050,12,085,"Florida","Martin County",1,48,1784,908,876
050,12,085,"Florida","Martin County",1,49,1966,975,991
050,12,085,"Florida","Martin County",1,50,1967,982,985
050,12,085,"Florida","Martin County",1,51,1939,991,948
050,12,085,"Florida","Martin County",1,52,1914,936,978
050,12,085,"Florida","Martin County",1,53,2024,973,1051
050,12,085,"Florida","Martin County",1,54,2122,1047,1075
050,12,085,"Florida","Martin County",1,55,2281,1104,1177
050,12,085,"Florida","Martin County",1,56,2391,1177,1214
050,12,085,"Florida","Martin County",1,57,2427,1187,1240
050,12,085,"Florida","Martin County",1,58,2544,1245,1299
050,12,085,"Florida","Martin County",1,59,2555,1221,1334
050,12,085,"Florida","Martin County",1,60,2580,1244,1336
050,12,085,"Florida","Martin County",1,61,2642,1255,1387
050,12,085,"Florida","Martin County",1,62,2649,1275,1374
050,12,085,"Florida","Martin County",1,63,2636,1264,1372
050,12,085,"Florida","Martin County",1,64,2586,1251,1335
050,12,085,"Florida","Martin County",1,65,2568,1227,1341
050,12,085,"Florida","Martin County",1,66,2449,1145,1304
050,12,085,"Florida","Martin County",1,67,2498,1178,1320
050,12,085,"Florida","Martin County",1,68,2461,1170,1291
050,12,085,"Florida","Martin County",1,69,2396,1135,1261
050,12,085,"Florida","Martin County",1,70,2384,1124,1260
050,12,085,"Florida","Martin County",1,71,2494,1185,1309
050,12,085,"Florida","Martin County",1,72,2657,1248,1409
050,12,085,"Florida","Martin County",1,73,2756,1251,1505
050,12,085,"Florida","Martin County",1,74,1987,948,1039
050,12,085,"Florida","Martin County",1,75,2088,991,1097
050,12,085,"Florida","Martin County",1,76,2157,994,1163
050,12,085,"Florida","Martin County",1,77,2330,1084,1246
050,12,085,"Florida","Martin County",1,78,1925,908,1017
050,12,085,"Florida","Martin County",1,79,1755,810,945
050,12,085,"Florida","Martin County",1,80,1566,736,830
050,12,085,"Florida","Martin County",1,81,1549,762,787
050,12,085,"Florida","Martin County",1,82,1404,690,714
050,12,085,"Florida","Martin County",1,83,1231,572,659
050,12,085,"Florida","Martin County",1,84,1224,550,674
050,12,085,"Florida","Martin County",1,85,7562,3175,4387
050,12,085,"Florida","Martin County",2,0,1225,626,599
050,12,085,"Florida","Martin County",2,1,1239,626,613
050,12,085,"Florida","Martin County",2,2,1276,654,622
050,12,085,"Florida","Martin County",2,3,1316,665,651
050,12,085,"Florida","Martin County",2,4,1391,693,698
050,12,085,"Florida","Martin County",2,5,1420,729,691
050,12,085,"Florida","Martin County",2,6,1383,726,657
050,12,085,"Florida","Martin County",2,7,1372,691,681
050,12,085,"Florida","Martin County",2,8,1395,684,711
050,12,085,"Florida","Martin County",2,9,1435,732,703
050,12,085,"Florida","Martin County",2,10,1484,761,723
050,12,085,"Florida","Martin County",2,11,1481,743,738
050,12,085,"Florida","Martin County",2,12,1553,788,765
050,12,085,"Florida","Martin County",2,13,1605,804,801
050,12,085,"Florida","Martin County",2,14,1652,831,821
050,12,085,"Florida","Martin County",2,15,1622,832,790
050,12,085,"Florida","Martin County",2,16,1654,850,804
050,12,085,"Florida","Martin County",2,17,1602,819,783
050,12,085,"Florida","Martin County",2,18,1431,765,666
050,12,085,"Florida","Martin County",2,19,1236,650,586
050,12,085,"Florida","Martin County",2,20,1317,679,638
050,12,085,"Florida","Martin County",2,21,1337,685,652
050,12,085,"Florida","Martin County",2,22,1399,752,647
050,12,085,"Florida","Martin County",2,23,1365,742,623
050,12,085,"Florida","Martin County",2,24,1322,706,616
050,12,085,"Florida","Martin County",2,25,1351,724,627
050,12,085,"Florida","Martin County",2,26,1409,789,620
050,12,085,"Florida","Martin County",2,27,1408,793,615
050,12,085,"Florida","Martin County",2,28,1437,795,642
050,12,085,"Florida","Martin County",2,29,1483,808,675
050,12,085,"Florida","Martin County",2,30,1486,786,700
050,12,085,"Florida","Martin County",2,31,1447,779,668
050,12,085,"Florida","Martin County",2,32,1469,770,699
050,12,085,"Florida","Martin County",2,33,1483,789,694
050,12,085,"Florida","Martin County",2,34,1512,812,700
050,12,085,"Florida","Martin County",2,35,1543,826,717
050,12,085,"Florida","Martin County",2,36,1501,805,696
050,12,085,"Florida","Martin County",2,37,1552,824,728
050,12,085,"Florida","Martin County",2,38,1578,858,720
050,12,085,"Florida","Martin County",2,39,1555,853,702
050,12,085,"Florida","Martin County",2,40,1552,829,723
050,12,085,"Florida","Martin County",2,41,1476,797,679
050,12,085,"Florida","Martin County",2,42,1496,782,714
050,12,085,"Florida","Martin County",2,43,1552,819,733
050,12,085,"Florida","Martin County",2,44,1483,774,709
050,12,085,"Florida","Martin County",2,45,1512,750,762
050,12,085,"Florida","Martin County",2,46,1578,790,788
050,12,085,"Florida","Martin County",2,47,1630,850,780
050,12,085,"Florida","Martin County",2,48,1751,896,855
050,12,085,"Florida","Martin County",2,49,1929,958,971
050,12,085,"Florida","Martin County",2,50,1980,986,994
050,12,085,"Florida","Martin County",2,51,1939,980,959
050,12,085,"Florida","Martin County",2,52,1924,948,976
050,12,085,"Florida","Martin County",2,53,2010,974,1036
050,12,085,"Florida","Martin County",2,54,2091,1024,1067
050,12,085,"Florida","Martin County",2,55,2250,1096,1154
050,12,085,"Florida","Martin County",2,56,2386,1169,1217
050,12,085,"Florida","Martin County",2,57,2434,1189,1245
050,12,085,"Florida","Martin County",2,58,2526,1239,1287
050,12,085,"Florida","Martin County",2,59,2574,1233,1341
050,12,085,"Florida","Martin County",2,60,2582,1240,1342
050,12,085,"Florida","Martin County",2,61,2634,1256,1378
050,12,085,"Florida","Martin County",2,62,2660,1278,1382
050,12,085,"Florida","Martin County",2,63,2677,1283,1394
050,12,085,"Florida","Martin County",2,64,2596,1254,1342
050,12,085,"Florida","Martin County",2,65,2590,1239,1351
050,12,085,"Florida","Martin County",2,66,2495,1175,1320
050,12,085,"Florida","Martin County",2,67,2493,1173,1320
050,12,085,"Florida","Martin County",2,68,2459,1167,1292
050,12,085,"Florida","Martin County",2,69,2439,1148,1291
050,12,085,"Florida","Martin County",2,70,2389,1126,1263
050,12,085,"Florida","Martin County",2,71,2470,1174,1296
050,12,085,"Florida","Martin County",2,72,2578,1213,1365
050,12,085,"Florida","Martin County",2,73,2868,1315,1553
050,12,085,"Florida","Martin County",2,74,2043,963,1080
050,12,085,"Florida","Martin County",2,75,2070,981,1089
050,12,085,"Florida","Martin County",2,76,2117,982,1135
050,12,085,"Florida","Martin County",2,77,2344,1089,1255
050,12,085,"Florida","Martin County",2,78,1967,916,1051
050,12,085,"Florida","Martin County",2,79,1784,829,955
050,12,085,"Florida","Martin County",2,80,1605,753,852
050,12,085,"Florida","Martin County",2,81,1539,752,787
050,12,085,"Florida","Martin County",2,82,1429,702,727
050,12,085,"Florida","Martin County",2,83,1241,580,661
050,12,085,"Florida","Martin County",2,84,1207,546,661
050,12,085,"Florida","Martin County",2,85,7596,3194,4402
050,12,085,"Florida","Martin County",3,0,1244,659,585
050,12,085,"Florida","Martin County",3,1,1278,646,632
050,12,085,"Florida","Martin County",3,2,1228,630,598
050,12,085,"Florida","Martin County",3,3,1300,657,643
050,12,085,"Florida","Martin County",3,4,1314,671,643
050,12,085,"Florida","Martin County",3,5,1429,693,736
050,12,085,"Florida","Martin County",3,6,1421,746,675
050,12,085,"Florida","Martin County",3,7,1426,739,687
050,12,085,"Florida","Martin County",3,8,1402,694,708
050,12,085,"Florida","Martin County",3,9,1401,689,712
050,12,085,"Florida","Martin County",3,10,1443,732,711
050,12,085,"Florida","Martin County",3,11,1502,778,724
050,12,085,"Florida","Martin County",3,12,1498,764,734
050,12,085,"Florida","Martin County",3,13,1586,796,790
050,12,085,"Florida","Martin County",3,14,1605,803,802
050,12,085,"Florida","Martin County",3,15,1632,824,808
050,12,085,"Florida","Martin County",3,16,1700,885,815
050,12,085,"Florida","Martin County",3,17,1641,851,790
050,12,085,"Florida","Martin County",3,18,1401,750,651
050,12,085,"Florida","Martin County",3,19,1229,660,569
050,12,085,"Florida","Martin County",3,20,1350,701,649
050,12,085,"Florida","Martin County",3,21,1380,703,677
050,12,085,"Florida","Martin County",3,22,1448,753,695
050,12,085,"Florida","Martin County",3,23,1432,798,634
050,12,085,"Florida","Martin County",3,24,1401,780,621
050,12,085,"Florida","Martin County",3,25,1309,730,579
050,12,085,"Florida","Martin County",3,26,1352,712,640
050,12,085,"Florida","Martin County",3,27,1420,801,619
050,12,085,"Florida","Martin County",3,28,1354,752,602
050,12,085,"Florida","Martin County",3,29,1435,801,634
050,12,085,"Florida","Martin County",3,30,1510,824,686
050,12,085,"Florida","Martin County",3,31,1562,827,735
050,12,085,"Florida","Martin County",3,32,1486,803,683
050,12,085,"Florida","Martin County",3,33,1514,775,739
050,12,085,"Florida","Martin County",3,34,1484,766,718
050,12,085,"Florida","Martin County",3,35,1539,833,706
050,12,085,"Florida","Martin County",3,36,1587,839,748
050,12,085,"Florida","Martin County",3,37,1566,836,730
050,12,085,"Florida","Martin County",3,38,1616,850,766
050,12,085,"Florida","Martin County",3,39,1630,853,777
050,12,085,"Florida","Martin County",3,40,1623,888,735
050,12,085,"Florida","Martin County",3,41,1584,844,740
050,12,085,"Florida","Martin County",3,42,1478,793,685
050,12,085,"Florida","Martin County",3,43,1581,855,726
050,12,085,"Florida","Martin County",3,44,1587,818,769
050,12,085,"Florida","Martin County",3,45,1526,789,737
050,12,085,"Florida","Martin County",3,46,1564,800,764
050,12,085,"Florida","Martin County",3,47,1619,820,799
050,12,085,"Florida","Martin County",3,48,1642,857,785
050,12,085,"Florida","Martin County",3,49,1788,917,871
050,12,085,"Florida","Martin County",3,50,2002,998,1004
050,12,085,"Florida","Martin County",3,51,1979,978,1001
050,12,085,"Florida","Martin County",3,52,1985,984,1001
050,12,085,"Florida","Martin County",3,53,1972,970,1002
050,12,085,"Florida","Martin County",3,54,2015,966,1049
050,12,085,"Florida","Martin County",3,55,2171,1079,1092
050,12,085,"Florida","Martin County",3,56,2295,1134,1161
050,12,085,"Florida","Martin County",3,57,2455,1199,1256
050,12,085,"Florida","Martin County",3,58,2552,1252,1300
050,12,085,"Florida","Martin County",3,59,2591,1250,1341
050,12,085,"Florida","Martin County",3,60,2653,1289,1364
050,12,085,"Florida","Martin County",3,61,2601,1251,1350
050,12,085,"Florida","Martin County",3,62,2630,1249,1381
050,12,085,"Florida","Martin County",3,63,2705,1296,1409
050,12,085,"Florida","Martin County",3,64,2685,1285,1400
050,12,085,"Florida","Martin County",3,65,2661,1283,1378
050,12,085,"Florida","Martin County",3,66,2617,1265,1352
050,12,085,"Florida","Martin County",3,67,2547,1175,1372
050,12,085,"Florida","Martin County",3,68,2524,1182,1342
050,12,085,"Florida","Martin County",3,69,2492,1178,1314
050,12,085,"Florida","Martin County",3,70,2460,1162,1298
050,12,085,"Florida","Martin County",3,71,2378,1121,1257
050,12,085,"Florida","Martin County",3,72,2453,1169,1284
050,12,085,"Florida","Martin County",3,73,2568,1215,1353
050,12,085,"Florida","Martin County",3,74,2836,1312,1524
050,12,085,"Florida","Martin County",3,75,2004,930,1074
050,12,085,"Florida","Martin County",3,76,2038,958,1080
050,12,085,"Florida","Martin County",3,77,2078,970,1108
050,12,085,"Florida","Martin County",3,78,2280,1059,1221
050,12,085,"Florida","Martin County",3,79,1943,903,1040
050,12,085,"Florida","Martin County",3,80,1705,779,926
050,12,085,"Florida","Martin County",3,81,1547,728,819
050,12,085,"Florida","Martin County",3,82,1497,741,756
050,12,085,"Florida","Martin County",3,83,1347,644,703
050,12,085,"Florida","Martin County",3,84,1160,538,622
050,12,085,"Florida","Martin County",3,85,7724,3257,4467
050,12,085,"Florida","Martin County",4,0,1276,658,618
050,12,085,"Florida","Martin County",4,1,1219,650,569
050,12,085,"Florida","Martin County",4,2,1318,672,646
050,12,085,"Florida","Martin County",4,3,1254,653,601
050,12,085,"Florida","Martin County",4,4,1339,701,638
050,12,085,"Florida","Martin County",4,5,1376,696,680
050,12,085,"Florida","Martin County",4,6,1461,714,747
050,12,085,"Florida","Martin County",4,7,1402,730,672
050,12,085,"Florida","Martin County",4,8,1450,755,695
050,12,085,"Florida","Martin County",4,9,1427,701,726
050,12,085,"Florida","Martin County",4,10,1439,711,728
050,12,085,"Florida","Martin County",4,11,1492,750,742
050,12,085,"Florida","Martin County",4,12,1498,783,715
050,12,085,"Florida","Martin County",4,13,1533,779,754
050,12,085,"Florida","Martin County",4,14,1605,811,794
050,12,085,"Florida","Martin County",4,15,1609,800,809
050,12,085,"Florida","Martin County",4,16,1693,846,847
050,12,085,"Florida","Martin County",4,17,1692,890,802
050,12,085,"Florida","Martin County",4,18,1444,784,660
050,12,085,"Florida","Martin County",4,19,1147,618,529
050,12,085,"Florida","Martin County",4,20,1318,708,610
050,12,085,"Florida","Martin County",4,21,1399,724,675
050,12,085,"Florida","Martin County",4,22,1423,735,688
050,12,085,"Florida","Martin County",4,23,1450,774,676
050,12,085,"Florida","Martin County",4,24,1437,818,619
050,12,085,"Florida","Martin County",4,25,1467,810,657
050,12,085,"Florida","Martin County",4,26,1317,735,582
050,12,085,"Florida","Martin County",4,27,1354,709,645
050,12,085,"Florida","Martin County",4,28,1366,742,624
050,12,085,"Florida","Martin County",4,29,1410,763,647
050,12,085,"Florida","Martin County",4,30,1487,834,653
050,12,085,"Florida","Martin County",4,31,1565,845,720
050,12,085,"Florida","Martin County",4,32,1607,841,766
050,12,085,"Florida","Martin County",4,33,1551,835,716
050,12,085,"Florida","Martin County",4,34,1555,793,762
050,12,085,"Florida","Martin County",4,35,1512,785,727
050,12,085,"Florida","Martin County",4,36,1618,850,768
050,12,085,"Florida","Martin County",4,37,1667,881,786
050,12,085,"Florida","Martin County",4,38,1634,877,757
050,12,085,"Florida","Martin County",4,39,1646,875,771
050,12,085,"Florida","Martin County",4,40,1701,892,809
050,12,085,"Florida","Martin County",4,41,1667,891,776
050,12,085,"Florida","Martin County",4,42,1628,840,788
050,12,085,"Florida","Martin County",4,43,1539,856,683
050,12,085,"Florida","Martin County",4,44,1602,859,743
050,12,085,"Florida","Martin County",4,45,1604,817,787
050,12,085,"Florida","Martin County",4,46,1573,821,752
050,12,085,"Florida","Martin County",4,47,1597,833,764
050,12,085,"Florida","Martin County",4,48,1612,801,811
050,12,085,"Florida","Martin County",4,49,1662,861,801
050,12,085,"Florida","Martin County",4,50,1840,928,912
050,12,085,"Florida","Martin County",4,51,2022,1015,1007
050,12,085,"Florida","Martin County",4,52,2024,1004,1020
050,12,085,"Florida","Martin County",4,53,2031,1013,1018
050,12,085,"Florida","Martin County",4,54,1925,921,1004
050,12,085,"Florida","Martin County",4,55,2062,978,1084
050,12,085,"Florida","Martin County",4,56,2250,1116,1134
050,12,085,"Florida","Martin County",4,57,2394,1174,1220
050,12,085,"Florida","Martin County",4,58,2565,1256,1309
050,12,085,"Florida","Martin County",4,59,2624,1255,1369
050,12,085,"Florida","Martin County",4,60,2630,1270,1360
050,12,085,"Florida","Martin County",4,61,2698,1298,1400
050,12,085,"Florida","Martin County",4,62,2704,1313,1391
050,12,085,"Florida","Martin County",4,63,2688,1275,1413
050,12,085,"Florida","Martin County",4,64,2746,1321,1425
050,12,085,"Florida","Martin County",4,65,2752,1310,1442
050,12,085,"Florida","Martin County",4,66,2710,1307,1403
050,12,085,"Florida","Martin County",4,67,2664,1286,1378
050,12,085,"Florida","Martin County",4,68,2574,1200,1374
050,12,085,"Florida","Martin County",4,69,2538,1181,1357
050,12,085,"Florida","Martin County",4,70,2539,1203,1336
050,12,085,"Florida","Martin County",4,71,2490,1166,1324
050,12,085,"Florida","Martin County",4,72,2413,1132,1281
050,12,085,"Florida","Martin County",4,73,2466,1167,1299
050,12,085,"Florida","Martin County",4,74,2564,1225,1339
050,12,085,"Florida","Martin County",4,75,2809,1296,1513
050,12,085,"Florida","Martin County",4,76,1969,906,1063
050,12,085,"Florida","Martin County",4,77,2012,940,1072
050,12,085,"Florida","Martin County",4,78,2038,952,1086
050,12,085,"Florida","Martin County",4,79,2238,1032,1206
050,12,085,"Florida","Martin County",4,80,1857,841,1016
050,12,085,"Florida","Martin County",4,81,1642,751,891
050,12,085,"Florida","Martin County",4,82,1488,686,802
050,12,085,"Florida","Martin County",4,83,1405,692,713
050,12,085,"Florida","Martin County",4,84,1237,591,646
050,12,085,"Florida","Martin County",4,85,7737,3306,4431
050,12,085,"Florida","Martin County",5,0,1286,663,623
050,12,085,"Florida","Martin County",5,1,1269,655,614
050,12,085,"Florida","Martin County",5,2,1221,646,575
050,12,085,"Florida","Martin County",5,3,1305,657,648
050,12,085,"Florida","Martin County",5,4,1297,659,638
050,12,085,"Florida","Martin County",5,5,1350,702,648
050,12,085,"Florida","Martin County",5,6,1406,719,687
050,12,085,"Florida","Martin County",5,7,1487,729,758
050,12,085,"Florida","Martin County",5,8,1409,743,666
050,12,085,"Florida","Martin County",5,9,1514,783,731
050,12,085,"Florida","Martin County",5,10,1442,721,721
050,12,085,"Florida","Martin County",5,11,1476,727,749
050,12,085,"Florida","Martin County",5,12,1502,764,738
050,12,085,"Florida","Martin County",5,13,1516,790,726
050,12,085,"Florida","Martin County",5,14,1521,757,764
050,12,085,"Florida","Martin County",5,15,1616,835,781
050,12,085,"Florida","Martin County",5,16,1718,863,855
050,12,085,"Florida","Martin County",5,17,1660,838,822
050,12,085,"Florida","Martin County",5,18,1469,794,675
050,12,085,"Florida","Martin County",5,19,1248,673,575
050,12,085,"Florida","Martin County",5,20,1250,672,578
050,12,085,"Florida","Martin County",5,21,1333,709,624
050,12,085,"Florida","Martin County",5,22,1503,802,701
050,12,085,"Florida","Martin County",5,23,1499,774,725
050,12,085,"Florida","Martin County",5,24,1450,787,663
050,12,085,"Florida","Martin County",5,25,1454,823,631
050,12,085,"Florida","Martin County",5,26,1484,820,664
050,12,085,"Florida","Martin County",5,27,1339,738,601
050,12,085,"Florida","Martin County",5,28,1399,722,677
050,12,085,"Florida","Martin County",5,29,1385,762,623
050,12,085,"Florida","Martin County",5,30,1497,821,676
050,12,085,"Florida","Martin County",5,31,1527,831,696
050,12,085,"Florida","Martin County",5,32,1597,852,745
050,12,085,"Florida","Martin County",5,33,1664,865,799
050,12,085,"Florida","Martin County",5,34,1577,830,747
050,12,085,"Florida","Martin County",5,35,1561,811,750
050,12,085,"Florida","Martin County",5,36,1548,782,766
050,12,085,"Florida","Martin County",5,37,1678,887,791
050,12,085,"Florida","Martin County",5,38,1705,893,812
050,12,085,"Florida","Martin County",5,39,1622,857,765
050,12,085,"Florida","Martin County",5,40,1697,903,794
050,12,085,"Florida","Martin County",5,41,1724,923,801
050,12,085,"Florida","Martin County",5,42,1693,897,796
050,12,085,"Florida","Martin County",5,43,1689,884,805
050,12,085,"Florida","Martin County",5,44,1515,821,694
050,12,085,"Florida","Martin County",5,45,1600,832,768
050,12,085,"Florida","Martin County",5,46,1640,856,784
050,12,085,"Florida","Martin County",5,47,1557,817,740
050,12,085,"Florida","Martin County",5,48,1600,834,766
050,12,085,"Florida","Martin County",5,49,1640,808,832
050,12,085,"Florida","Martin County",5,50,1712,889,823
050,12,085,"Florida","Martin County",5,51,1833,922,911
050,12,085,"Florida","Martin County",5,52,2051,1015,1036
050,12,085,"Florida","Martin County",5,53,2085,1043,1042
050,12,085,"Florida","Martin County",5,54,2026,990,1036
050,12,085,"Florida","Martin County",5,55,1983,949,1034
050,12,085,"Florida","Martin County",5,56,2129,1019,1110
050,12,085,"Florida","Martin County",5,57,2323,1157,1166
050,12,085,"Florida","Martin County",5,58,2458,1204,1254
050,12,085,"Florida","Martin County",5,59,2603,1269,1334
050,12,085,"Florida","Martin County",5,60,2680,1290,1390
050,12,085,"Florida","Martin County",5,61,2658,1273,1385
050,12,085,"Florida","Martin County",5,62,2712,1316,1396
050,12,085,"Florida","Martin County",5,63,2749,1334,1415
050,12,085,"Florida","Martin County",5,64,2717,1289,1428
050,12,085,"Florida","Martin County",5,65,2811,1336,1475
050,12,085,"Florida","Martin County",5,66,2780,1332,1448
050,12,085,"Florida","Martin County",5,67,2776,1346,1430
050,12,085,"Florida","Martin County",5,68,2647,1275,1372
050,12,085,"Florida","Martin County",5,69,2589,1220,1369
050,12,085,"Florida","Martin County",5,70,2546,1186,1360
050,12,085,"Florida","Martin County",5,71,2532,1180,1352
050,12,085,"Florida","Martin County",5,72,2482,1164,1318
050,12,085,"Florida","Martin County",5,73,2425,1140,1285
050,12,085,"Florida","Martin County",5,74,2420,1164,1256
050,12,085,"Florida","Martin County",5,75,2526,1197,1329
050,12,085,"Florida","Martin County",5,76,2760,1276,1484
050,12,085,"Florida","Martin County",5,77,1922,882,1040
050,12,085,"Florida","Martin County",5,78,1975,918,1057
050,12,085,"Florida","Martin County",5,79,2006,927,1079
050,12,085,"Florida","Martin County",5,80,2174,990,1184
050,12,085,"Florida","Martin County",5,81,1809,822,987
050,12,085,"Florida","Martin County",5,82,1574,712,862
050,12,085,"Florida","Martin County",5,83,1420,643,777
050,12,085,"Florida","Martin County",5,84,1310,646,664
050,12,085,"Florida","Martin County",5,85,7973,3456,4517
050,12,086,"Florida","Miami-Dade County",1,0,30156,15299,14857
050,12,086,"Florida","Miami-Dade County",1,1,30198,15388,14810
050,12,086,"Florida","Miami-Dade County",1,2,30871,15862,15009
050,12,086,"Florida","Miami-Dade County",1,3,31019,15813,15206
050,12,086,"Florida","Miami-Dade County",1,4,31252,16036,15216
050,12,086,"Florida","Miami-Dade County",1,5,30430,15575,14855
050,12,086,"Florida","Miami-Dade County",1,6,29610,15121,14489
050,12,086,"Florida","Miami-Dade County",1,7,28978,14711,14267
050,12,086,"Florida","Miami-Dade County",1,8,29376,14954,14422
050,12,086,"Florida","Miami-Dade County",1,9,29683,15216,14467
050,12,086,"Florida","Miami-Dade County",1,10,30259,15343,14916
050,12,086,"Florida","Miami-Dade County",1,11,31287,16079,15208
050,12,086,"Florida","Miami-Dade County",1,12,32332,16544,15788
050,12,086,"Florida","Miami-Dade County",1,13,32088,16352,15736
050,12,086,"Florida","Miami-Dade County",1,14,31352,15819,15533
050,12,086,"Florida","Miami-Dade County",1,15,30980,15718,15262
050,12,086,"Florida","Miami-Dade County",1,16,31308,15807,15501
050,12,086,"Florida","Miami-Dade County",1,17,31680,16115,15565
050,12,086,"Florida","Miami-Dade County",1,18,31066,15982,15084
050,12,086,"Florida","Miami-Dade County",1,19,30541,15800,14741
050,12,086,"Florida","Miami-Dade County",1,20,30825,15722,15103
050,12,086,"Florida","Miami-Dade County",1,21,31152,15732,15420
050,12,086,"Florida","Miami-Dade County",1,22,31282,15802,15480
050,12,086,"Florida","Miami-Dade County",1,23,31312,15737,15575
050,12,086,"Florida","Miami-Dade County",1,24,32293,16278,16015
050,12,086,"Florida","Miami-Dade County",1,25,32995,16700,16295
050,12,086,"Florida","Miami-Dade County",1,26,34449,17483,16966
050,12,086,"Florida","Miami-Dade County",1,27,35675,18049,17626
050,12,086,"Florida","Miami-Dade County",1,28,36816,18541,18275
050,12,086,"Florida","Miami-Dade County",1,29,38548,19539,19009
050,12,086,"Florida","Miami-Dade County",1,30,39695,20138,19557
050,12,086,"Florida","Miami-Dade County",1,31,39307,20120,19187
050,12,086,"Florida","Miami-Dade County",1,32,38775,19926,18849
050,12,086,"Florida","Miami-Dade County",1,33,38332,19827,18505
050,12,086,"Florida","Miami-Dade County",1,34,38359,19949,18410
050,12,086,"Florida","Miami-Dade County",1,35,37964,19512,18452
050,12,086,"Florida","Miami-Dade County",1,36,37811,19264,18547
050,12,086,"Florida","Miami-Dade County",1,37,37699,19210,18489
050,12,086,"Florida","Miami-Dade County",1,38,36825,18620,18205
050,12,086,"Florida","Miami-Dade County",1,39,36300,18342,17958
050,12,086,"Florida","Miami-Dade County",1,40,36308,18454,17854
050,12,086,"Florida","Miami-Dade County",1,41,35993,18073,17920
050,12,086,"Florida","Miami-Dade County",1,42,37340,18500,18840
050,12,086,"Florida","Miami-Dade County",1,43,37596,18764,18832
050,12,086,"Florida","Miami-Dade County",1,44,37262,18536,18726
050,12,086,"Florida","Miami-Dade County",1,45,37487,18794,18693
050,12,086,"Florida","Miami-Dade County",1,46,38249,19064,19185
050,12,086,"Florida","Miami-Dade County",1,47,39698,20021,19677
050,12,086,"Florida","Miami-Dade County",1,48,40469,20407,20062
050,12,086,"Florida","Miami-Dade County",1,49,40377,20391,19986
050,12,086,"Florida","Miami-Dade County",1,50,38920,19614,19306
050,12,086,"Florida","Miami-Dade County",1,51,37612,18909,18703
050,12,086,"Florida","Miami-Dade County",1,52,37967,19183,18784
050,12,086,"Florida","Miami-Dade County",1,53,39508,19753,19755
050,12,086,"Florida","Miami-Dade County",1,54,40295,20083,20212
050,12,086,"Florida","Miami-Dade County",1,55,40973,20225,20748
050,12,086,"Florida","Miami-Dade County",1,56,40325,19885,20440
050,12,086,"Florida","Miami-Dade County",1,57,39508,19395,20113
050,12,086,"Florida","Miami-Dade County",1,58,37648,18359,19289
050,12,086,"Florida","Miami-Dade County",1,59,35525,17135,18390
050,12,086,"Florida","Miami-Dade County",1,60,33764,16174,17590
050,12,086,"Florida","Miami-Dade County",1,61,31980,15015,16965
050,12,086,"Florida","Miami-Dade County",1,62,31612,14720,16892
050,12,086,"Florida","Miami-Dade County",1,63,30680,14244,16436
050,12,086,"Florida","Miami-Dade County",1,64,29780,13725,16055
050,12,086,"Florida","Miami-Dade County",1,65,28978,13278,15700
050,12,086,"Florida","Miami-Dade County",1,66,27737,12515,15222
050,12,086,"Florida","Miami-Dade County",1,67,26870,11978,14892
050,12,086,"Florida","Miami-Dade County",1,68,26076,11703,14373
050,12,086,"Florida","Miami-Dade County",1,69,24923,11002,13921
050,12,086,"Florida","Miami-Dade County",1,70,23789,10569,13220
050,12,086,"Florida","Miami-Dade County",1,71,22434,9895,12539
050,12,086,"Florida","Miami-Dade County",1,72,21813,9659,12154
050,12,086,"Florida","Miami-Dade County",1,73,21960,9730,12230
050,12,086,"Florida","Miami-Dade County",1,74,18689,8113,10576
050,12,086,"Florida","Miami-Dade County",1,75,17896,7775,10121
050,12,086,"Florida","Miami-Dade County",1,76,17173,7239,9934
050,12,086,"Florida","Miami-Dade County",1,77,16763,7053,9710
050,12,086,"Florida","Miami-Dade County",1,78,15237,6410,8827
050,12,086,"Florida","Miami-Dade County",1,79,14588,6102,8486
050,12,086,"Florida","Miami-Dade County",1,80,13929,5608,8321
050,12,086,"Florida","Miami-Dade County",1,81,13176,5165,8011
050,12,086,"Florida","Miami-Dade County",1,82,12372,4838,7534
050,12,086,"Florida","Miami-Dade County",1,83,11218,4432,6786
050,12,086,"Florida","Miami-Dade County",1,84,10240,3959,6281
050,12,086,"Florida","Miami-Dade County",1,85,58159,19932,38227
050,12,086,"Florida","Miami-Dade County",2,0,29171,14765,14406
050,12,086,"Florida","Miami-Dade County",2,1,30065,15310,14755
050,12,086,"Florida","Miami-Dade County",2,2,30549,15644,14905
050,12,086,"Florida","Miami-Dade County",2,3,30721,15688,15033
050,12,086,"Florida","Miami-Dade County",2,4,31084,15928,15156
050,12,086,"Florida","Miami-Dade County",2,5,30499,15627,14872
050,12,086,"Florida","Miami-Dade County",2,6,29692,15178,14514
050,12,086,"Florida","Miami-Dade County",2,7,28980,14729,14251
050,12,086,"Florida","Miami-Dade County",2,8,29052,14784,14268
050,12,086,"Florida","Miami-Dade County",2,9,29475,15092,14383
050,12,086,"Florida","Miami-Dade County",2,10,30014,15270,14744
050,12,086,"Florida","Miami-Dade County",2,11,30803,15789,15014
050,12,086,"Florida","Miami-Dade County",2,12,32137,16476,15661
050,12,086,"Florida","Miami-Dade County",2,13,32022,16342,15680
050,12,086,"Florida","Miami-Dade County",2,14,31440,15898,15542
050,12,086,"Florida","Miami-Dade County",2,15,31034,15730,15304
050,12,086,"Florida","Miami-Dade County",2,16,31210,15771,15439
050,12,086,"Florida","Miami-Dade County",2,17,31523,15992,15531
050,12,086,"Florida","Miami-Dade County",2,18,31133,15952,15181
050,12,086,"Florida","Miami-Dade County",2,19,30922,15924,14998
050,12,086,"Florida","Miami-Dade County",2,20,31310,15986,15324
050,12,086,"Florida","Miami-Dade County",2,21,31244,15783,15461
050,12,086,"Florida","Miami-Dade County",2,22,31351,15814,15537
050,12,086,"Florida","Miami-Dade County",2,23,31270,15732,15538
050,12,086,"Florida","Miami-Dade County",2,24,31893,16080,15813
050,12,086,"Florida","Miami-Dade County",2,25,32747,16568,16179
050,12,086,"Florida","Miami-Dade County",2,26,34088,17315,16773
050,12,086,"Florida","Miami-Dade County",2,27,35135,17800,17335
050,12,086,"Florida","Miami-Dade County",2,28,36505,18432,18073
050,12,086,"Florida","Miami-Dade County",2,29,37912,19192,18720
050,12,086,"Florida","Miami-Dade County",2,30,39436,20009,19427
050,12,086,"Florida","Miami-Dade County",2,31,39034,19940,19094
050,12,086,"Florida","Miami-Dade County",2,32,38700,19880,18820
050,12,086,"Florida","Miami-Dade County",2,33,38241,19760,18481
050,12,086,"Florida","Miami-Dade County",2,34,38202,19864,18338
050,12,086,"Florida","Miami-Dade County",2,35,38069,19646,18423
050,12,086,"Florida","Miami-Dade County",2,36,37537,19161,18376
050,12,086,"Florida","Miami-Dade County",2,37,37581,19150,18431
050,12,086,"Florida","Miami-Dade County",2,38,37068,18793,18275
050,12,086,"Florida","Miami-Dade County",2,39,36087,18221,17866
050,12,086,"Florida","Miami-Dade County",2,40,36490,18553,17937
050,12,086,"Florida","Miami-Dade County",2,41,35770,17997,17773
050,12,086,"Florida","Miami-Dade County",2,42,36794,18327,18467
050,12,086,"Florida","Miami-Dade County",2,43,37541,18693,18848
050,12,086,"Florida","Miami-Dade County",2,44,37084,18464,18620
050,12,086,"Florida","Miami-Dade County",2,45,37391,18708,18683
050,12,086,"Florida","Miami-Dade County",2,46,37890,18904,18986
050,12,086,"Florida","Miami-Dade County",2,47,39222,19713,19509
050,12,086,"Florida","Miami-Dade County",2,48,40226,20276,19950
050,12,086,"Florida","Miami-Dade County",2,49,40420,20401,20019
050,12,086,"Florida","Miami-Dade County",2,50,39131,19741,19390
050,12,086,"Florida","Miami-Dade County",2,51,37675,18954,18721
050,12,086,"Florida","Miami-Dade County",2,52,37890,19137,18753
050,12,086,"Florida","Miami-Dade County",2,53,38877,19489,19388
050,12,086,"Florida","Miami-Dade County",2,54,40009,19962,20047
050,12,086,"Florida","Miami-Dade County",2,55,40787,20193,20594
050,12,086,"Florida","Miami-Dade County",2,56,40443,19952,20491
050,12,086,"Florida","Miami-Dade County",2,57,39419,19384,20035
050,12,086,"Florida","Miami-Dade County",2,58,38075,18582,19493
050,12,086,"Florida","Miami-Dade County",2,59,35729,17275,18454
050,12,086,"Florida","Miami-Dade County",2,60,34310,16456,17854
050,12,086,"Florida","Miami-Dade County",2,61,32298,15246,17052
050,12,086,"Florida","Miami-Dade County",2,62,31316,14595,16721
050,12,086,"Florida","Miami-Dade County",2,63,30900,14338,16562
050,12,086,"Florida","Miami-Dade County",2,64,29706,13701,16005
050,12,086,"Florida","Miami-Dade County",2,65,29075,13344,15731
050,12,086,"Florida","Miami-Dade County",2,66,27867,12595,15272
050,12,086,"Florida","Miami-Dade County",2,67,26901,12020,14881
050,12,086,"Florida","Miami-Dade County",2,68,25934,11595,14339
050,12,086,"Florida","Miami-Dade County",2,69,25102,11146,13956
050,12,086,"Florida","Miami-Dade County",2,70,23996,10612,13384
050,12,086,"Florida","Miami-Dade County",2,71,22566,9963,12603
050,12,086,"Florida","Miami-Dade County",2,72,21730,9594,12136
050,12,086,"Florida","Miami-Dade County",2,73,22255,9849,12406
050,12,086,"Florida","Miami-Dade County",2,74,18764,8148,10616
050,12,086,"Florida","Miami-Dade County",2,75,17959,7791,10168
050,12,086,"Florida","Miami-Dade County",2,76,17083,7231,9852
050,12,086,"Florida","Miami-Dade County",2,77,16834,7080,9754
050,12,086,"Florida","Miami-Dade County",2,78,15349,6467,8882
050,12,086,"Florida","Miami-Dade County",2,79,14558,6064,8494
050,12,086,"Florida","Miami-Dade County",2,80,13973,5667,8306
050,12,086,"Florida","Miami-Dade County",2,81,13178,5187,7991
050,12,086,"Florida","Miami-Dade County",2,82,12430,4848,7582
050,12,086,"Florida","Miami-Dade County",2,83,11257,4404,6853
050,12,086,"Florida","Miami-Dade County",2,84,10287,3985,6302
050,12,086,"Florida","Miami-Dade County",2,85,58258,19923,38335
050,12,086,"Florida","Miami-Dade County",3,0,27221,13951,13270
050,12,086,"Florida","Miami-Dade County",3,1,28071,14240,13831
050,12,086,"Florida","Miami-Dade County",3,2,29421,15013,14408
050,12,086,"Florida","Miami-Dade County",3,3,29719,15243,14476
050,12,086,"Florida","Miami-Dade County",3,4,30069,15423,14646
050,12,086,"Florida","Miami-Dade County",3,5,30421,15544,14877
050,12,086,"Florida","Miami-Dade County",3,6,29877,15287,14590
050,12,086,"Florida","Miami-Dade County",3,7,29069,14837,14232
050,12,086,"Florida","Miami-Dade County",3,8,28479,14486,13993
050,12,086,"Florida","Miami-Dade County",3,9,28546,14487,14059
050,12,086,"Florida","Miami-Dade County",3,10,28869,14782,14087
050,12,086,"Florida","Miami-Dade County",3,11,29559,15057,14502
050,12,086,"Florida","Miami-Dade County",3,12,30379,15553,14826
050,12,086,"Florida","Miami-Dade County",3,13,31626,16208,15418
050,12,086,"Florida","Miami-Dade County",3,14,31609,16066,15543
050,12,086,"Florida","Miami-Dade County",3,15,31135,15722,15413
050,12,086,"Florida","Miami-Dade County",3,16,30872,15656,15216
050,12,086,"Florida","Miami-Dade County",3,17,31096,15748,15348
050,12,086,"Florida","Miami-Dade County",3,18,31173,15825,15348
050,12,086,"Florida","Miami-Dade County",3,19,30676,15676,15000
050,12,086,"Florida","Miami-Dade County",3,20,30990,15909,15081
050,12,086,"Florida","Miami-Dade County",3,21,31402,15942,15460
050,12,086,"Florida","Miami-Dade County",3,22,31129,15660,15469
050,12,086,"Florida","Miami-Dade County",3,23,31033,15682,15351
050,12,086,"Florida","Miami-Dade County",3,24,31298,15903,15395
050,12,086,"Florida","Miami-Dade County",3,25,31706,16016,15690
050,12,086,"Florida","Miami-Dade County",3,26,32649,16611,16038
050,12,086,"Florida","Miami-Dade County",3,27,33900,17270,16630
050,12,086,"Florida","Miami-Dade County",3,28,34832,17592,17240
050,12,086,"Florida","Miami-Dade County",3,29,36162,18383,17779
050,12,086,"Florida","Miami-Dade County",3,30,37541,19056,18485
050,12,086,"Florida","Miami-Dade County",3,31,38852,19808,19044
050,12,086,"Florida","Miami-Dade County",3,32,38450,19749,18701
050,12,086,"Florida","Miami-Dade County",3,33,38392,19853,18539
050,12,086,"Florida","Miami-Dade County",3,34,37742,19558,18184
050,12,086,"Florida","Miami-Dade County",3,35,37633,19657,17976
050,12,086,"Florida","Miami-Dade County",3,36,37562,19373,18189
050,12,086,"Florida","Miami-Dade County",3,37,37135,19029,18106
050,12,086,"Florida","Miami-Dade County",3,38,37143,18976,18167
050,12,086,"Florida","Miami-Dade County",3,39,36545,18559,17986
050,12,086,"Florida","Miami-Dade County",3,40,35654,18034,17620
050,12,086,"Florida","Miami-Dade County",3,41,36017,18263,17754
050,12,086,"Florida","Miami-Dade County",3,42,35223,17689,17534
050,12,086,"Florida","Miami-Dade County",3,43,36292,18112,18180
050,12,086,"Florida","Miami-Dade County",3,44,37029,18449,18580
050,12,086,"Florida","Miami-Dade County",3,45,36612,18263,18349
050,12,086,"Florida","Miami-Dade County",3,46,36976,18474,18502
050,12,086,"Florida","Miami-Dade County",3,47,37439,18748,18691
050,12,086,"Florida","Miami-Dade County",3,48,38812,19515,19297
050,12,086,"Florida","Miami-Dade County",3,49,39974,20166,19808
050,12,086,"Florida","Miami-Dade County",3,50,39963,20172,19791
050,12,086,"Florida","Miami-Dade County",3,51,38651,19459,19192
050,12,086,"Florida","Miami-Dade County",3,52,37272,18742,18530
050,12,086,"Florida","Miami-Dade County",3,53,37500,18945,18555
050,12,086,"Florida","Miami-Dade County",3,54,38239,19096,19143
050,12,086,"Florida","Miami-Dade County",3,55,39421,19687,19734
050,12,086,"Florida","Miami-Dade County",3,56,40248,19924,20324
050,12,086,"Florida","Miami-Dade County",3,57,39884,19653,20231
050,12,086,"Florida","Miami-Dade County",3,58,38687,19053,19634
050,12,086,"Florida","Miami-Dade County",3,59,37464,18265,19199
050,12,086,"Florida","Miami-Dade County",3,60,35040,16884,18156
050,12,086,"Florida","Miami-Dade County",3,61,33572,16067,17505
050,12,086,"Florida","Miami-Dade County",3,62,31588,14836,16752
050,12,086,"Florida","Miami-Dade County",3,63,30545,14232,16313
050,12,086,"Florida","Miami-Dade County",3,64,30224,14016,16208
050,12,086,"Florida","Miami-Dade County",3,65,28998,13322,15676
050,12,086,"Florida","Miami-Dade County",3,66,28428,12974,15454
050,12,086,"Florida","Miami-Dade County",3,67,27257,12243,15014
050,12,086,"Florida","Miami-Dade County",3,68,26232,11653,14579
050,12,086,"Florida","Miami-Dade County",3,69,25348,11276,14072
050,12,086,"Florida","Miami-Dade County",3,70,24521,10852,13669
050,12,086,"Florida","Miami-Dade County",3,71,23377,10251,13126
050,12,086,"Florida","Miami-Dade County",3,72,22016,9683,12333
050,12,086,"Florida","Miami-Dade County",3,73,21167,9283,11884
050,12,086,"Florida","Miami-Dade County",3,74,21540,9443,12097
050,12,086,"Florida","Miami-Dade County",3,75,18170,7833,10337
050,12,086,"Florida","Miami-Dade County",3,76,17346,7432,9914
050,12,086,"Florida","Miami-Dade County",3,77,16462,6909,9553
050,12,086,"Florida","Miami-Dade County",3,78,16142,6729,9413
050,12,086,"Florida","Miami-Dade County",3,79,14699,6106,8593
050,12,086,"Florida","Miami-Dade County",3,80,13886,5747,8139
050,12,086,"Florida","Miami-Dade County",3,81,13195,5275,7920
050,12,086,"Florida","Miami-Dade County",3,82,12435,4832,7603
050,12,086,"Florida","Miami-Dade County",3,83,11640,4485,7155
050,12,086,"Florida","Miami-Dade County",3,84,10410,3975,6435
050,12,086,"Florida","Miami-Dade County",3,85,58170,19762,38408
050,12,086,"Florida","Miami-Dade County",4,0,29787,15124,14663
050,12,086,"Florida","Miami-Dade County",4,1,27142,14006,13136
050,12,086,"Florida","Miami-Dade County",4,2,27980,14205,13775
050,12,086,"Florida","Miami-Dade County",4,3,29377,14987,14390
050,12,086,"Florida","Miami-Dade County",4,4,29607,15176,14431
050,12,086,"Florida","Miami-Dade County",4,5,29752,15262,14490
050,12,086,"Florida","Miami-Dade County",4,6,30220,15489,14731
050,12,086,"Florida","Miami-Dade County",4,7,29624,15229,14395
050,12,086,"Florida","Miami-Dade County",4,8,28969,14785,14184
050,12,086,"Florida","Miami-Dade County",4,9,28427,14392,14035
050,12,086,"Florida","Miami-Dade County",4,10,28287,14329,13958
050,12,086,"Florida","Miami-Dade County",4,11,28743,14751,13992
050,12,086,"Florida","Miami-Dade County",4,12,29526,15030,14496
050,12,086,"Florida","Miami-Dade County",4,13,30295,15533,14762
050,12,086,"Florida","Miami-Dade County",4,14,31460,16143,15317
050,12,086,"Florida","Miami-Dade County",4,15,31653,16184,15469
050,12,086,"Florida","Miami-Dade County",4,16,31209,15820,15389
050,12,086,"Florida","Miami-Dade County",4,17,31388,16019,15369
050,12,086,"Florida","Miami-Dade County",4,18,31004,15702,15302
050,12,086,"Florida","Miami-Dade County",4,19,30504,15491,15013
050,12,086,"Florida","Miami-Dade County",4,20,30486,15599,14887
050,12,086,"Florida","Miami-Dade County",4,21,31151,15977,15174
050,12,086,"Florida","Miami-Dade County",4,22,31651,16065,15586
050,12,086,"Florida","Miami-Dade County",4,23,31249,15776,15473
050,12,086,"Florida","Miami-Dade County",4,24,31688,16057,15631
050,12,086,"Florida","Miami-Dade County",4,25,31991,16214,15777
050,12,086,"Florida","Miami-Dade County",4,26,32514,16465,16049
050,12,086,"Florida","Miami-Dade County",4,27,33196,16911,16285
050,12,086,"Florida","Miami-Dade County",4,28,34534,17599,16935
050,12,086,"Florida","Miami-Dade County",4,29,35345,18049,17296
050,12,086,"Florida","Miami-Dade County",4,30,36410,18508,17902
050,12,086,"Florida","Miami-Dade County",4,31,38073,19472,18601
050,12,086,"Florida","Miami-Dade County",4,32,39145,19973,19172
050,12,086,"Florida","Miami-Dade County",4,33,39011,20078,18933
050,12,086,"Florida","Miami-Dade County",4,34,38664,19989,18675
050,12,086,"Florida","Miami-Dade County",4,35,37843,19615,18228
050,12,086,"Florida","Miami-Dade County",4,36,37941,19862,18079
050,12,086,"Florida","Miami-Dade County",4,37,37475,19338,18137
050,12,086,"Florida","Miami-Dade County",4,38,37320,19140,18180
050,12,086,"Florida","Miami-Dade County",4,39,37230,18987,18243
050,12,086,"Florida","Miami-Dade County",4,40,36611,18543,18068
050,12,086,"Florida","Miami-Dade County",4,41,35762,18076,17686
050,12,086,"Florida","Miami-Dade County",4,42,35891,18250,17641
050,12,086,"Florida","Miami-Dade County",4,43,35226,17751,17475
050,12,086,"Florida","Miami-Dade County",4,44,36147,18181,17966
050,12,086,"Florida","Miami-Dade County",4,45,36878,18417,18461
050,12,086,"Florida","Miami-Dade County",4,46,36430,18216,18214
050,12,086,"Florida","Miami-Dade County",4,47,36879,18520,18359
050,12,086,"Florida","Miami-Dade County",4,48,37320,18647,18673
050,12,086,"Florida","Miami-Dade County",4,49,38876,19562,19314
050,12,086,"Florida","Miami-Dade County",4,50,39742,19990,19752
050,12,086,"Florida","Miami-Dade County",4,51,39804,20078,19726
050,12,086,"Florida","Miami-Dade County",4,52,38524,19365,19159
050,12,086,"Florida","Miami-Dade County",4,53,37013,18606,18407
050,12,086,"Florida","Miami-Dade County",4,54,37203,18733,18470
050,12,086,"Florida","Miami-Dade County",4,55,37869,18885,18984
050,12,086,"Florida","Miami-Dade County",4,56,38942,19396,19546
050,12,086,"Florida","Miami-Dade County",4,57,39667,19623,20044
050,12,086,"Florida","Miami-Dade County",4,58,39310,19300,20010
050,12,086,"Florida","Miami-Dade County",4,59,38079,18730,19349
050,12,086,"Florida","Miami-Dade County",4,60,36818,17892,18926
050,12,086,"Florida","Miami-Dade County",4,61,34405,16535,17870
050,12,086,"Florida","Miami-Dade County",4,62,32903,15669,17234
050,12,086,"Florida","Miami-Dade County",4,63,30935,14501,16434
050,12,086,"Florida","Miami-Dade County",4,64,29879,13856,16023
050,12,086,"Florida","Miami-Dade County",4,65,29596,13716,15880
050,12,086,"Florida","Miami-Dade County",4,66,28403,12977,15426
050,12,086,"Florida","Miami-Dade County",4,67,27834,12634,15200
050,12,086,"Florida","Miami-Dade County",4,68,26552,11865,14687
050,12,086,"Florida","Miami-Dade County",4,69,25650,11373,14277
050,12,086,"Florida","Miami-Dade County",4,70,24773,10971,13802
050,12,086,"Florida","Miami-Dade County",4,71,23901,10497,13404
050,12,086,"Florida","Miami-Dade County",4,72,22772,9907,12865
050,12,086,"Florida","Miami-Dade County",4,73,21472,9375,12097
050,12,086,"Florida","Miami-Dade County",4,74,20536,8978,11558
050,12,086,"Florida","Miami-Dade County",4,75,20788,9046,11742
050,12,086,"Florida","Miami-Dade County",4,76,17561,7490,10071
050,12,086,"Florida","Miami-Dade County",4,77,16642,7077,9565
050,12,086,"Florida","Miami-Dade County",4,78,15767,6559,9208
050,12,086,"Florida","Miami-Dade County",4,79,15426,6329,9097
050,12,086,"Florida","Miami-Dade County",4,80,14018,5782,8236
050,12,086,"Florida","Miami-Dade County",4,81,13101,5349,7752
050,12,086,"Florida","Miami-Dade County",4,82,12399,4855,7544
050,12,086,"Florida","Miami-Dade County",4,83,11611,4446,7165
050,12,086,"Florida","Miami-Dade County",4,84,10724,4039,6685
050,12,086,"Florida","Miami-Dade County",4,85,58546,19857,38689
050,12,086,"Florida","Miami-Dade County",5,0,30207,15313,14894
050,12,086,"Florida","Miami-Dade County",5,1,29414,15033,14381
050,12,086,"Florida","Miami-Dade County",5,2,26999,13891,13108
050,12,086,"Florida","Miami-Dade County",5,3,28083,14289,13794
050,12,086,"Florida","Miami-Dade County",5,4,29363,15043,14320
050,12,086,"Florida","Miami-Dade County",5,5,29292,15033,14259
050,12,086,"Florida","Miami-Dade County",5,6,29594,15235,14359
050,12,086,"Florida","Miami-Dade County",5,7,30166,15459,14707
050,12,086,"Florida","Miami-Dade County",5,8,29591,15218,14373
050,12,086,"Florida","Miami-Dade County",5,9,29062,14750,14312
050,12,086,"Florida","Miami-Dade County",5,10,28337,14335,14002
050,12,086,"Florida","Miami-Dade County",5,11,28315,14368,13947
050,12,086,"Florida","Miami-Dade County",5,12,28879,14819,14060
050,12,086,"Florida","Miami-Dade County",5,13,29531,15072,14459
050,12,086,"Florida","Miami-Dade County",5,14,30406,15640,14766
050,12,086,"Florida","Miami-Dade County",5,15,31634,16333,15301
050,12,086,"Florida","Miami-Dade County",5,16,31964,16404,15560
050,12,086,"Florida","Miami-Dade County",5,17,31758,16218,15540
050,12,086,"Florida","Miami-Dade County",5,18,31366,16030,15336
050,12,086,"Florida","Miami-Dade County",5,19,30555,15478,15077
050,12,086,"Florida","Miami-Dade County",5,20,30648,15526,15122
050,12,086,"Florida","Miami-Dade County",5,21,30994,15824,15170
050,12,086,"Florida","Miami-Dade County",5,22,31559,16179,15380
050,12,086,"Florida","Miami-Dade County",5,23,32015,16276,15739
050,12,086,"Florida","Miami-Dade County",5,24,31937,16192,15745
050,12,086,"Florida","Miami-Dade County",5,25,32342,16379,15963
050,12,086,"Florida","Miami-Dade County",5,26,32615,16428,16187
050,12,086,"Florida","Miami-Dade County",5,27,33139,16747,16392
050,12,086,"Florida","Miami-Dade County",5,28,33938,17231,16707
050,12,086,"Florida","Miami-Dade County",5,29,35062,17973,17089
050,12,086,"Florida","Miami-Dade County",5,30,35731,18282,17449
050,12,086,"Florida","Miami-Dade County",5,31,37081,18879,18202
050,12,086,"Florida","Miami-Dade County",5,32,38456,19693,18763
050,12,086,"Florida","Miami-Dade County",5,33,39650,20237,19413
050,12,086,"Florida","Miami-Dade County",5,34,39176,20203,18973
050,12,086,"Florida","Miami-Dade County",5,35,38925,20076,18849
050,12,086,"Florida","Miami-Dade County",5,36,38034,19668,18366
050,12,086,"Florida","Miami-Dade County",5,37,38065,19943,18122
050,12,086,"Florida","Miami-Dade County",5,38,37679,19456,18223
050,12,086,"Florida","Miami-Dade County",5,39,37529,19192,18337
050,12,086,"Florida","Miami-Dade County",5,40,37363,19003,18360
050,12,086,"Florida","Miami-Dade County",5,41,36859,18699,18160
050,12,086,"Florida","Miami-Dade County",5,42,35826,18160,17666
050,12,086,"Florida","Miami-Dade County",5,43,36068,18424,17644
050,12,086,"Florida","Miami-Dade County",5,44,35400,17951,17449
050,12,086,"Florida","Miami-Dade County",5,45,36096,18248,17848
050,12,086,"Florida","Miami-Dade County",5,46,36851,18373,18478
050,12,086,"Florida","Miami-Dade County",5,47,36475,18294,18181
050,12,086,"Florida","Miami-Dade County",5,48,36944,18546,18398
050,12,086,"Florida","Miami-Dade County",5,49,37552,18772,18780
050,12,086,"Florida","Miami-Dade County",5,50,38752,19486,19266
050,12,086,"Florida","Miami-Dade County",5,51,39634,19900,19734
050,12,086,"Florida","Miami-Dade County",5,52,39701,20039,19662
050,12,086,"Florida","Miami-Dade County",5,53,38360,19284,19076
050,12,086,"Florida","Miami-Dade County",5,54,36915,18527,18388
050,12,086,"Florida","Miami-Dade County",5,55,36936,18554,18382
050,12,086,"Florida","Miami-Dade County",5,56,37507,18697,18810
050,12,086,"Florida","Miami-Dade County",5,57,38484,19087,19397
050,12,086,"Florida","Miami-Dade County",5,58,39200,19370,19830
050,12,086,"Florida","Miami-Dade County",5,59,38774,19017,19757
050,12,086,"Florida","Miami-Dade County",5,60,37472,18413,19059
050,12,086,"Florida","Miami-Dade County",5,61,36397,17602,18795
050,12,086,"Florida","Miami-Dade County",5,62,33880,16193,17687
050,12,086,"Florida","Miami-Dade County",5,63,32285,15327,16958
050,12,086,"Florida","Miami-Dade County",5,64,30430,14243,16187
050,12,086,"Florida","Miami-Dade County",5,65,29415,13630,15785
050,12,086,"Florida","Miami-Dade County",5,66,29158,13476,15682
050,12,086,"Florida","Miami-Dade County",5,67,27950,12691,15259
050,12,086,"Florida","Miami-Dade County",5,68,27221,12313,14908
050,12,086,"Florida","Miami-Dade County",5,69,26157,11687,14470
050,12,086,"Florida","Miami-Dade County",5,70,25185,11101,14084
050,12,086,"Florida","Miami-Dade County",5,71,24273,10681,13592
050,12,086,"Florida","Miami-Dade County",5,72,23429,10261,13168
050,12,086,"Florida","Miami-Dade County",5,73,22316,9640,12676
050,12,086,"Florida","Miami-Dade County",5,74,20917,9107,11810
050,12,086,"Florida","Miami-Dade County",5,75,19925,8656,11269
050,12,086,"Florida","Miami-Dade County",5,76,20151,8699,11452
050,12,086,"Florida","Miami-Dade County",5,77,17001,7216,9785
050,12,086,"Florida","Miami-Dade County",5,78,16066,6773,9293
050,12,086,"Florida","Miami-Dade County",5,79,15177,6248,8929
050,12,086,"Florida","Miami-Dade County",5,80,14842,6038,8804
050,12,086,"Florida","Miami-Dade County",5,81,13338,5454,7884
050,12,086,"Florida","Miami-Dade County",5,82,12451,5001,7450
050,12,086,"Florida","Miami-Dade County",5,83,11701,4520,7181
050,12,086,"Florida","Miami-Dade County",5,84,10818,4072,6746
050,12,086,"Florida","Miami-Dade County",5,85,60124,20394,39730
050,12,087,"Florida","Monroe County",1,0,748,380,368
050,12,087,"Florida","Monroe County",1,1,748,360,388
050,12,087,"Florida","Monroe County",1,2,705,365,340
050,12,087,"Florida","Monroe County",1,3,735,390,345
050,12,087,"Florida","Monroe County",1,4,738,389,349
050,12,087,"Florida","Monroe County",1,5,742,389,353
050,12,087,"Florida","Monroe County",1,6,752,405,347
050,12,087,"Florida","Monroe County",1,7,689,357,332
050,12,087,"Florida","Monroe County",1,8,697,343,354
050,12,087,"Florida","Monroe County",1,9,713,357,356
050,12,087,"Florida","Monroe County",1,10,688,352,336
050,12,087,"Florida","Monroe County",1,11,761,385,376
050,12,087,"Florida","Monroe County",1,12,736,401,335
050,12,087,"Florida","Monroe County",1,13,755,401,354
050,12,087,"Florida","Monroe County",1,14,685,354,331
050,12,087,"Florida","Monroe County",1,15,722,375,347
050,12,087,"Florida","Monroe County",1,16,705,352,353
050,12,087,"Florida","Monroe County",1,17,666,326,340
050,12,087,"Florida","Monroe County",1,18,612,317,295
050,12,087,"Florida","Monroe County",1,19,585,304,281
050,12,087,"Florida","Monroe County",1,20,652,354,298
050,12,087,"Florida","Monroe County",1,21,601,323,278
050,12,087,"Florida","Monroe County",1,22,701,361,340
050,12,087,"Florida","Monroe County",1,23,779,401,378
050,12,087,"Florida","Monroe County",1,24,813,411,402
050,12,087,"Florida","Monroe County",1,25,881,449,432
050,12,087,"Florida","Monroe County",1,26,953,492,461
050,12,087,"Florida","Monroe County",1,27,950,493,457
050,12,087,"Florida","Monroe County",1,28,943,481,462
050,12,087,"Florida","Monroe County",1,29,989,514,475
050,12,087,"Florida","Monroe County",1,30,997,520,477
050,12,087,"Florida","Monroe County",1,31,999,510,489
050,12,087,"Florida","Monroe County",1,32,1000,510,490
050,12,087,"Florida","Monroe County",1,33,1056,583,473
050,12,087,"Florida","Monroe County",1,34,1077,559,518
050,12,087,"Florida","Monroe County",1,35,1030,560,470
050,12,087,"Florida","Monroe County",1,36,1034,538,496
050,12,087,"Florida","Monroe County",1,37,1080,563,517
050,12,087,"Florida","Monroe County",1,38,1046,579,467
050,12,087,"Florida","Monroe County",1,39,980,535,445
050,12,087,"Florida","Monroe County",1,40,1019,540,479
050,12,087,"Florida","Monroe County",1,41,974,494,480
050,12,087,"Florida","Monroe County",1,42,989,519,470
050,12,087,"Florida","Monroe County",1,43,982,528,454
050,12,087,"Florida","Monroe County",1,44,968,526,442
050,12,087,"Florida","Monroe County",1,45,993,498,495
050,12,087,"Florida","Monroe County",1,46,983,524,459
050,12,087,"Florida","Monroe County",1,47,1035,535,500
050,12,087,"Florida","Monroe County",1,48,1184,623,561
050,12,087,"Florida","Monroe County",1,49,1208,626,582
050,12,087,"Florida","Monroe County",1,50,1177,578,599
050,12,087,"Florida","Monroe County",1,51,1215,622,593
050,12,087,"Florida","Monroe County",1,52,1232,643,589
050,12,087,"Florida","Monroe County",1,53,1240,605,635
050,12,087,"Florida","Monroe County",1,54,1320,691,629
050,12,087,"Florida","Monroe County",1,55,1407,766,641
050,12,087,"Florida","Monroe County",1,56,1432,730,702
050,12,087,"Florida","Monroe County",1,57,1388,714,674
050,12,087,"Florida","Monroe County",1,58,1512,795,717
050,12,087,"Florida","Monroe County",1,59,1444,766,678
050,12,087,"Florida","Monroe County",1,60,1442,756,686
050,12,087,"Florida","Monroe County",1,61,1348,686,662
050,12,087,"Florida","Monroe County",1,62,1386,732,654
050,12,087,"Florida","Monroe County",1,63,1358,690,668
050,12,087,"Florida","Monroe County",1,64,1311,639,672
050,12,087,"Florida","Monroe County",1,65,1354,692,662
050,12,087,"Florida","Monroe County",1,66,1343,675,668
050,12,087,"Florida","Monroe County",1,67,1320,656,664
050,12,087,"Florida","Monroe County",1,68,1292,666,626
050,12,087,"Florida","Monroe County",1,69,1138,596,542
050,12,087,"Florida","Monroe County",1,70,1180,606,574
050,12,087,"Florida","Monroe County",1,71,1202,626,576
050,12,087,"Florida","Monroe County",1,72,1195,622,573
050,12,087,"Florida","Monroe County",1,73,1182,661,521
050,12,087,"Florida","Monroe County",1,74,843,485,358
050,12,087,"Florida","Monroe County",1,75,825,440,385
050,12,087,"Florida","Monroe County",1,76,845,446,399
050,12,087,"Florida","Monroe County",1,77,802,421,381
050,12,087,"Florida","Monroe County",1,78,651,333,318
050,12,087,"Florida","Monroe County",1,79,548,302,246
050,12,087,"Florida","Monroe County",1,80,496,274,222
050,12,087,"Florida","Monroe County",1,81,452,226,226
050,12,087,"Florida","Monroe County",1,82,406,206,200
050,12,087,"Florida","Monroe County",1,83,389,197,192
050,12,087,"Florida","Monroe County",1,84,336,190,146
050,12,087,"Florida","Monroe County",1,85,1783,861,922
050,12,087,"Florida","Monroe County",2,0,732,372,360
050,12,087,"Florida","Monroe County",2,1,742,363,379
050,12,087,"Florida","Monroe County",2,2,711,363,348
050,12,087,"Florida","Monroe County",2,3,723,383,340
050,12,087,"Florida","Monroe County",2,4,737,391,346
050,12,087,"Florida","Monroe County",2,5,743,390,353
050,12,087,"Florida","Monroe County",2,6,745,397,348
050,12,087,"Florida","Monroe County",2,7,700,367,333
050,12,087,"Florida","Monroe County",2,8,697,348,349
050,12,087,"Florida","Monroe County",2,9,709,354,355
050,12,087,"Florida","Monroe County",2,10,698,354,344
050,12,087,"Florida","Monroe County",2,11,737,374,363
050,12,087,"Florida","Monroe County",2,12,746,399,347
050,12,087,"Florida","Monroe County",2,13,749,401,348
050,12,087,"Florida","Monroe County",2,14,703,366,337
050,12,087,"Florida","Monroe County",2,15,715,370,345
050,12,087,"Florida","Monroe County",2,16,714,361,353
050,12,087,"Florida","Monroe County",2,17,674,333,341
050,12,087,"Florida","Monroe County",2,18,611,313,298
050,12,087,"Florida","Monroe County",2,19,584,305,279
050,12,087,"Florida","Monroe County",2,20,646,350,296
050,12,087,"Florida","Monroe County",2,21,622,332,290
050,12,087,"Florida","Monroe County",2,22,693,360,333
050,12,087,"Florida","Monroe County",2,23,774,400,374
050,12,087,"Florida","Monroe County",2,24,805,410,395
050,12,087,"Florida","Monroe County",2,25,867,443,424
050,12,087,"Florida","Monroe County",2,26,930,482,448
050,12,087,"Florida","Monroe County",2,27,944,489,455
050,12,087,"Florida","Monroe County",2,28,942,482,460
050,12,087,"Florida","Monroe County",2,29,983,508,475
050,12,087,"Florida","Monroe County",2,30,1004,521,483
050,12,087,"Florida","Monroe County",2,31,991,507,484
050,12,087,"Florida","Monroe County",2,32,999,512,487
050,12,087,"Florida","Monroe County",2,33,1037,563,474
050,12,087,"Florida","Monroe County",2,34,1077,569,508
050,12,087,"Florida","Monroe County",2,35,1048,561,487
050,12,087,"Florida","Monroe County",2,36,1029,538,491
050,12,087,"Florida","Monroe County",2,37,1076,561,515
050,12,087,"Florida","Monroe County",2,38,1065,583,482
050,12,087,"Florida","Monroe County",2,39,999,547,452
050,12,087,"Florida","Monroe County",2,40,1021,542,479
050,12,087,"Florida","Monroe County",2,41,987,509,478
050,12,087,"Florida","Monroe County",2,42,985,513,472
050,12,087,"Florida","Monroe County",2,43,992,526,466
050,12,087,"Florida","Monroe County",2,44,965,521,444
050,12,087,"Florida","Monroe County",2,45,991,509,482
050,12,087,"Florida","Monroe County",2,46,981,513,468
050,12,087,"Florida","Monroe County",2,47,1024,532,492
050,12,087,"Florida","Monroe County",2,48,1153,606,547
050,12,087,"Florida","Monroe County",2,49,1210,626,584
050,12,087,"Florida","Monroe County",2,50,1191,594,597
050,12,087,"Florida","Monroe County",2,51,1212,616,596
050,12,087,"Florida","Monroe County",2,52,1232,638,594
050,12,087,"Florida","Monroe County",2,53,1242,615,627
050,12,087,"Florida","Monroe County",2,54,1296,665,631
050,12,087,"Florida","Monroe County",2,55,1391,749,642
050,12,087,"Florida","Monroe County",2,56,1424,737,687
050,12,087,"Florida","Monroe County",2,57,1395,718,677
050,12,087,"Florida","Monroe County",2,58,1479,772,707
050,12,087,"Florida","Monroe County",2,59,1472,782,690
050,12,087,"Florida","Monroe County",2,60,1443,758,685
050,12,087,"Florida","Monroe County",2,61,1362,698,664
050,12,087,"Florida","Monroe County",2,62,1367,714,653
050,12,087,"Florida","Monroe County",2,63,1367,699,668
050,12,087,"Florida","Monroe County",2,64,1308,645,663
050,12,087,"Florida","Monroe County",2,65,1343,681,662
050,12,087,"Florida","Monroe County",2,66,1345,679,666
050,12,087,"Florida","Monroe County",2,67,1317,654,663
050,12,087,"Florida","Monroe County",2,68,1274,650,624
050,12,087,"Florida","Monroe County",2,69,1172,611,561
050,12,087,"Florida","Monroe County",2,70,1165,600,565
050,12,087,"Florida","Monroe County",2,71,1182,615,567
050,12,087,"Florida","Monroe County",2,72,1170,607,563
050,12,087,"Florida","Monroe County",2,73,1233,679,554
050,12,087,"Florida","Monroe County",2,74,859,487,372
050,12,087,"Florida","Monroe County",2,75,822,446,376
050,12,087,"Florida","Monroe County",2,76,826,433,393
050,12,087,"Florida","Monroe County",2,77,818,430,388
050,12,087,"Florida","Monroe County",2,78,674,348,326
050,12,087,"Florida","Monroe County",2,79,560,301,259
050,12,087,"Florida","Monroe County",2,80,498,276,222
050,12,087,"Florida","Monroe County",2,81,454,232,222
050,12,087,"Florida","Monroe County",2,82,414,205,209
050,12,087,"Florida","Monroe County",2,83,384,196,188
050,12,087,"Florida","Monroe County",2,84,341,189,152
050,12,087,"Florida","Monroe County",2,85,1805,879,926
050,12,087,"Florida","Monroe County",3,0,653,350,303
050,12,087,"Florida","Monroe County",3,1,696,355,341
050,12,087,"Florida","Monroe County",3,2,720,353,367
050,12,087,"Florida","Monroe County",3,3,695,341,354
050,12,087,"Florida","Monroe County",3,4,685,358,327
050,12,087,"Florida","Monroe County",3,5,718,376,342
050,12,087,"Florida","Monroe County",3,6,727,384,343
050,12,087,"Florida","Monroe County",3,7,756,405,351
050,12,087,"Florida","Monroe County",3,8,712,377,335
050,12,087,"Florida","Monroe County",3,9,708,355,353
050,12,087,"Florida","Monroe County",3,10,726,375,351
050,12,087,"Florida","Monroe County",3,11,687,342,345
050,12,087,"Florida","Monroe County",3,12,752,380,372
050,12,087,"Florida","Monroe County",3,13,744,403,341
050,12,087,"Florida","Monroe County",3,14,742,389,353
050,12,087,"Florida","Monroe County",3,15,695,380,315
050,12,087,"Florida","Monroe County",3,16,720,372,348
050,12,087,"Florida","Monroe County",3,17,713,357,356
050,12,087,"Florida","Monroe County",3,18,602,315,287
050,12,087,"Florida","Monroe County",3,19,554,283,271
050,12,087,"Florida","Monroe County",3,20,622,335,287
050,12,087,"Florida","Monroe County",3,21,652,343,309
050,12,087,"Florida","Monroe County",3,22,666,356,310
050,12,087,"Florida","Monroe County",3,23,733,382,351
050,12,087,"Florida","Monroe County",3,24,757,393,364
050,12,087,"Florida","Monroe County",3,25,806,404,402
050,12,087,"Florida","Monroe County",3,26,838,441,397
050,12,087,"Florida","Monroe County",3,27,950,509,441
050,12,087,"Florida","Monroe County",3,28,934,482,452
050,12,087,"Florida","Monroe County",3,29,931,476,455
050,12,087,"Florida","Monroe County",3,30,939,485,454
050,12,087,"Florida","Monroe County",3,31,972,497,475
050,12,087,"Florida","Monroe County",3,32,969,492,477
050,12,087,"Florida","Monroe County",3,33,984,501,483
050,12,087,"Florida","Monroe County",3,34,1030,560,470
050,12,087,"Florida","Monroe County",3,35,1038,539,499
050,12,087,"Florida","Monroe County",3,36,1038,545,493
050,12,087,"Florida","Monroe County",3,37,1036,552,484
050,12,087,"Florida","Monroe County",3,38,1088,584,504
050,12,087,"Florida","Monroe County",3,39,1056,583,473
050,12,087,"Florida","Monroe County",3,40,1019,543,476
050,12,087,"Florida","Monroe County",3,41,1005,531,474
050,12,087,"Florida","Monroe County",3,42,975,500,475
050,12,087,"Florida","Monroe County",3,43,990,506,484
050,12,087,"Florida","Monroe County",3,44,999,540,459
050,12,087,"Florida","Monroe County",3,45,986,542,444
050,12,087,"Florida","Monroe County",3,46,996,513,483
050,12,087,"Florida","Monroe County",3,47,985,523,462
050,12,087,"Florida","Monroe County",3,48,1034,543,491
050,12,087,"Florida","Monroe County",3,49,1162,606,556
050,12,087,"Florida","Monroe County",3,50,1221,636,585
050,12,087,"Florida","Monroe County",3,51,1175,575,600
050,12,087,"Florida","Monroe County",3,52,1225,637,588
050,12,087,"Florida","Monroe County",3,53,1249,639,610
050,12,087,"Florida","Monroe County",3,54,1253,623,630
050,12,087,"Florida","Monroe County",3,55,1325,688,637
050,12,087,"Florida","Monroe County",3,56,1388,733,655
050,12,087,"Florida","Monroe County",3,57,1397,721,676
050,12,087,"Florida","Monroe County",3,58,1412,725,687
050,12,087,"Florida","Monroe County",3,59,1480,788,692
050,12,087,"Florida","Monroe County",3,60,1464,781,683
050,12,087,"Florida","Monroe County",3,61,1419,733,686
050,12,087,"Florida","Monroe County",3,62,1361,705,656
050,12,087,"Florida","Monroe County",3,63,1318,687,631
050,12,087,"Florida","Monroe County",3,64,1333,689,644
050,12,087,"Florida","Monroe County",3,65,1293,642,651
050,12,087,"Florida","Monroe County",3,66,1319,669,650
050,12,087,"Florida","Monroe County",3,67,1312,664,648
050,12,087,"Florida","Monroe County",3,68,1270,631,639
050,12,087,"Florida","Monroe County",3,69,1219,615,604
050,12,087,"Florida","Monroe County",3,70,1132,588,544
050,12,087,"Florida","Monroe County",3,71,1121,581,540
050,12,087,"Florida","Monroe County",3,72,1148,585,563
050,12,087,"Florida","Monroe County",3,73,1105,571,534
050,12,087,"Florida","Monroe County",3,74,1165,638,527
050,12,087,"Florida","Monroe County",3,75,832,465,367
050,12,087,"Florida","Monroe County",3,76,793,427,366
050,12,087,"Florida","Monroe County",3,77,775,409,366
050,12,087,"Florida","Monroe County",3,78,813,419,394
050,12,087,"Florida","Monroe County",3,79,631,327,304
050,12,087,"Florida","Monroe County",3,80,522,286,236
050,12,087,"Florida","Monroe County",3,81,464,250,214
050,12,087,"Florida","Monroe County",3,82,436,219,217
050,12,087,"Florida","Monroe County",3,83,381,189,192
050,12,087,"Florida","Monroe County",3,84,340,181,159
050,12,087,"Florida","Monroe County",3,85,1934,961,973
050,12,087,"Florida","Monroe County",4,0,736,392,344
050,12,087,"Florida","Monroe County",4,1,595,310,285
050,12,087,"Florida","Monroe County",4,2,677,349,328
050,12,087,"Florida","Monroe County",4,3,702,356,346
050,12,087,"Florida","Monroe County",4,4,686,342,344
050,12,087,"Florida","Monroe County",4,5,674,364,310
050,12,087,"Florida","Monroe County",4,6,705,373,332
050,12,087,"Florida","Monroe County",4,7,711,372,339
050,12,087,"Florida","Monroe County",4,8,747,395,352
050,12,087,"Florida","Monroe County",4,9,703,377,326
050,12,087,"Florida","Monroe County",4,10,692,357,335
050,12,087,"Florida","Monroe County",4,11,695,354,341
050,12,087,"Florida","Monroe County",4,12,676,331,345
050,12,087,"Florida","Monroe County",4,13,734,385,349
050,12,087,"Florida","Monroe County",4,14,720,411,309
050,12,087,"Florida","Monroe County",4,15,745,389,356
050,12,087,"Florida","Monroe County",4,16,703,391,312
050,12,087,"Florida","Monroe County",4,17,742,381,361
050,12,087,"Florida","Monroe County",4,18,642,347,295
050,12,087,"Florida","Monroe County",4,19,524,280,244
050,12,087,"Florida","Monroe County",4,20,582,308,274
050,12,087,"Florida","Monroe County",4,21,629,324,305
050,12,087,"Florida","Monroe County",4,22,685,355,330
050,12,087,"Florida","Monroe County",4,23,679,366,313
050,12,087,"Florida","Monroe County",4,24,770,417,353
050,12,087,"Florida","Monroe County",4,25,844,450,394
050,12,087,"Florida","Monroe County",4,26,823,424,399
050,12,087,"Florida","Monroe County",4,27,827,423,404
050,12,087,"Florida","Monroe County",4,28,955,498,457
050,12,087,"Florida","Monroe County",4,29,894,461,433
050,12,087,"Florida","Monroe County",4,30,906,468,438
050,12,087,"Florida","Monroe County",4,31,947,510,437
050,12,087,"Florida","Monroe County",4,32,979,495,484
050,12,087,"Florida","Monroe County",4,33,977,494,483
050,12,087,"Florida","Monroe County",4,34,987,498,489
050,12,087,"Florida","Monroe County",4,35,1000,537,463
050,12,087,"Florida","Monroe County",4,36,1018,531,487
050,12,087,"Florida","Monroe County",4,37,1010,521,489
050,12,087,"Florida","Monroe County",4,38,1061,578,483
050,12,087,"Florida","Monroe County",4,39,1068,572,496
050,12,087,"Florida","Monroe County",4,40,1026,555,471
050,12,087,"Florida","Monroe County",4,41,1000,525,475
050,12,087,"Florida","Monroe County",4,42,999,525,474
050,12,087,"Florida","Monroe County",4,43,978,518,460
050,12,087,"Florida","Monroe County",4,44,953,478,475
050,12,087,"Florida","Monroe County",4,45,1009,542,467
050,12,087,"Florida","Monroe County",4,46,980,537,443
050,12,087,"Florida","Monroe County",4,47,997,510,487
050,12,087,"Florida","Monroe County",4,48,1007,530,477
050,12,087,"Florida","Monroe County",4,49,1058,554,504
050,12,087,"Florida","Monroe County",4,50,1194,630,564
050,12,087,"Florida","Monroe County",4,51,1235,649,586
050,12,087,"Florida","Monroe County",4,52,1224,605,619
050,12,087,"Florida","Monroe County",4,53,1240,648,592
050,12,087,"Florida","Monroe County",4,54,1255,627,628
050,12,087,"Florida","Monroe County",4,55,1258,628,630
050,12,087,"Florida","Monroe County",4,56,1344,694,650
050,12,087,"Florida","Monroe County",4,57,1384,727,657
050,12,087,"Florida","Monroe County",4,58,1410,715,695
050,12,087,"Florida","Monroe County",4,59,1425,739,686
050,12,087,"Florida","Monroe County",4,60,1513,801,712
050,12,087,"Florida","Monroe County",4,61,1460,772,688
050,12,087,"Florida","Monroe County",4,62,1421,737,684
050,12,087,"Florida","Monroe County",4,63,1356,710,646
050,12,087,"Florida","Monroe County",4,64,1284,659,625
050,12,087,"Florida","Monroe County",4,65,1313,681,632
050,12,087,"Florida","Monroe County",4,66,1247,632,615
050,12,087,"Florida","Monroe County",4,67,1274,633,641
050,12,087,"Florida","Monroe County",4,68,1259,647,612
050,12,087,"Florida","Monroe County",4,69,1213,610,603
050,12,087,"Florida","Monroe County",4,70,1173,589,584
050,12,087,"Florida","Monroe County",4,71,1079,563,516
050,12,087,"Florida","Monroe County",4,72,1067,526,541
050,12,087,"Florida","Monroe County",4,73,1103,567,536
050,12,087,"Florida","Monroe County",4,74,1064,536,528
050,12,087,"Florida","Monroe County",4,75,1109,603,506
050,12,087,"Florida","Monroe County",4,76,796,444,352
050,12,087,"Florida","Monroe County",4,77,748,407,341
050,12,087,"Florida","Monroe County",4,78,731,381,350
050,12,087,"Florida","Monroe County",4,79,767,398,369
050,12,087,"Florida","Monroe County",4,80,592,309,283
050,12,087,"Florida","Monroe County",4,81,474,259,215
050,12,087,"Florida","Monroe County",4,82,438,236,202
050,12,087,"Florida","Monroe County",4,83,414,206,208
050,12,087,"Florida","Monroe County",4,84,337,172,165
050,12,087,"Florida","Monroe County",4,85,1960,971,989
050,12,087,"Florida","Monroe County",5,0,744,395,349
050,12,087,"Florida","Monroe County",5,1,726,381,345
050,12,087,"Florida","Monroe County",5,2,591,313,278
050,12,087,"Florida","Monroe County",5,3,650,338,312
050,12,087,"Florida","Monroe County",5,4,675,346,329
050,12,087,"Florida","Monroe County",5,5,690,344,346
050,12,087,"Florida","Monroe County",5,6,682,356,326
050,12,087,"Florida","Monroe County",5,7,696,357,339
050,12,087,"Florida","Monroe County",5,8,696,369,327
050,12,087,"Florida","Monroe County",5,9,732,395,337
050,12,087,"Florida","Monroe County",5,10,677,369,308
050,12,087,"Florida","Monroe County",5,11,668,346,322
050,12,087,"Florida","Monroe County",5,12,680,346,334
050,12,087,"Florida","Monroe County",5,13,650,333,317
050,12,087,"Florida","Monroe County",5,14,709,375,334
050,12,087,"Florida","Monroe County",5,15,726,426,300
050,12,087,"Florida","Monroe County",5,16,760,398,362
050,12,087,"Florida","Monroe County",5,17,692,383,309
050,12,087,"Florida","Monroe County",5,18,658,350,308
050,12,087,"Florida","Monroe County",5,19,527,279,248
050,12,087,"Florida","Monroe County",5,20,558,297,261
050,12,087,"Florida","Monroe County",5,21,583,315,268
050,12,087,"Florida","Monroe County",5,22,663,356,307
050,12,087,"Florida","Monroe County",5,23,728,392,336
050,12,087,"Florida","Monroe County",5,24,702,364,338
050,12,087,"Florida","Monroe County",5,25,794,426,368
050,12,087,"Florida","Monroe County",5,26,841,445,396
050,12,087,"Florida","Monroe County",5,27,800,409,391
050,12,087,"Florida","Monroe County",5,28,812,404,408
050,12,087,"Florida","Monroe County",5,29,918,479,439
050,12,087,"Florida","Monroe County",5,30,858,433,425
050,12,087,"Florida","Monroe County",5,31,875,455,420
050,12,087,"Florida","Monroe County",5,32,898,476,422
050,12,087,"Florida","Monroe County",5,33,961,495,466
050,12,087,"Florida","Monroe County",5,34,969,493,476
050,12,087,"Florida","Monroe County",5,35,951,492,459
050,12,087,"Florida","Monroe County",5,36,965,528,437
050,12,087,"Florida","Monroe County",5,37,1013,515,498
050,12,087,"Florida","Monroe County",5,38,1016,520,496
050,12,087,"Florida","Monroe County",5,39,1051,567,484
050,12,087,"Florida","Monroe County",5,40,1049,560,489
050,12,087,"Florida","Monroe County",5,41,995,537,458
050,12,087,"Florida","Monroe County",5,42,999,514,485
050,12,087,"Florida","Monroe County",5,43,994,514,480
050,12,087,"Florida","Monroe County",5,44,977,522,455
050,12,087,"Florida","Monroe County",5,45,993,518,475
050,12,087,"Florida","Monroe County",5,46,1022,535,487
050,12,087,"Florida","Monroe County",5,47,984,550,434
050,12,087,"Florida","Monroe County",5,48,990,501,489
050,12,087,"Florida","Monroe County",5,49,991,517,474
050,12,087,"Florida","Monroe County",5,50,1076,575,501
050,12,087,"Florida","Monroe County",5,51,1191,630,561
050,12,087,"Florida","Monroe County",5,52,1236,651,585
050,12,087,"Florida","Monroe County",5,53,1205,587,618
050,12,087,"Florida","Monroe County",5,54,1261,651,610
050,12,087,"Florida","Monroe County",5,55,1213,619,594
050,12,087,"Florida","Monroe County",5,56,1238,618,620
050,12,087,"Florida","Monroe County",5,57,1341,695,646
050,12,087,"Florida","Monroe County",5,58,1372,713,659
050,12,087,"Florida","Monroe County",5,59,1435,734,701
050,12,087,"Florida","Monroe County",5,60,1423,745,678
050,12,087,"Florida","Monroe County",5,61,1468,787,681
050,12,087,"Florida","Monroe County",5,62,1419,743,676
050,12,087,"Florida","Monroe County",5,63,1374,710,664
050,12,087,"Florida","Monroe County",5,64,1345,694,651
050,12,087,"Florida","Monroe County",5,65,1256,639,617
050,12,087,"Florida","Monroe County",5,66,1264,659,605
050,12,087,"Florida","Monroe County",5,67,1209,608,601
050,12,087,"Florida","Monroe County",5,68,1227,602,625
050,12,087,"Florida","Monroe County",5,69,1205,612,593
050,12,087,"Florida","Monroe County",5,70,1175,594,581
050,12,087,"Florida","Monroe County",5,71,1129,565,564
050,12,087,"Florida","Monroe County",5,72,1042,534,508
050,12,087,"Florida","Monroe County",5,73,1011,505,506
050,12,087,"Florida","Monroe County",5,74,1077,559,518
050,12,087,"Florida","Monroe County",5,75,1025,517,508
050,12,087,"Florida","Monroe County",5,76,1080,584,496
050,12,087,"Florida","Monroe County",5,77,756,423,333
050,12,087,"Florida","Monroe County",5,78,715,388,327
050,12,087,"Florida","Monroe County",5,79,701,364,337
050,12,087,"Florida","Monroe County",5,80,712,367,345
050,12,087,"Florida","Monroe County",5,81,556,283,273
050,12,087,"Florida","Monroe County",5,82,448,240,208
050,12,087,"Florida","Monroe County",5,83,421,219,202
050,12,087,"Florida","Monroe County",5,84,375,195,180
050,12,087,"Florida","Monroe County",5,85,2054,1011,1043
050,12,089,"Florida","Nassau County",1,0,839,429,410
050,12,089,"Florida","Nassau County",1,1,874,449,425
050,12,089,"Florida","Nassau County",1,2,912,477,435
050,12,089,"Florida","Nassau County",1,3,928,481,447
050,12,089,"Florida","Nassau County",1,4,950,496,454
050,12,089,"Florida","Nassau County",1,5,932,476,456
050,12,089,"Florida","Nassau County",1,6,972,496,476
050,12,089,"Florida","Nassau County",1,7,1059,535,524
050,12,089,"Florida","Nassau County",1,8,1011,493,518
050,12,089,"Florida","Nassau County",1,9,1022,526,496
050,12,089,"Florida","Nassau County",1,10,1041,514,527
050,12,089,"Florida","Nassau County",1,11,1068,548,520
050,12,089,"Florida","Nassau County",1,12,1055,558,497
050,12,089,"Florida","Nassau County",1,13,1095,566,529
050,12,089,"Florida","Nassau County",1,14,1061,550,511
050,12,089,"Florida","Nassau County",1,15,1075,572,503
050,12,089,"Florida","Nassau County",1,16,1045,530,515
050,12,089,"Florida","Nassau County",1,17,1031,524,507
050,12,089,"Florida","Nassau County",1,18,878,466,412
050,12,089,"Florida","Nassau County",1,19,730,395,335
050,12,089,"Florida","Nassau County",1,20,800,422,378
050,12,089,"Florida","Nassau County",1,21,812,426,386
050,12,089,"Florida","Nassau County",1,22,815,428,387
050,12,089,"Florida","Nassau County",1,23,848,427,421
050,12,089,"Florida","Nassau County",1,24,892,463,429
050,12,089,"Florida","Nassau County",1,25,887,454,433
050,12,089,"Florida","Nassau County",1,26,851,426,425
050,12,089,"Florida","Nassau County",1,27,906,461,445
050,12,089,"Florida","Nassau County",1,28,995,480,515
050,12,089,"Florida","Nassau County",1,29,1069,523,546
050,12,089,"Florida","Nassau County",1,30,1100,518,582
050,12,089,"Florida","Nassau County",1,31,1065,531,534
050,12,089,"Florida","Nassau County",1,32,1079,557,522
050,12,089,"Florida","Nassau County",1,33,1129,588,541
050,12,089,"Florida","Nassau County",1,34,1051,538,513
050,12,089,"Florida","Nassau County",1,35,1037,517,520
050,12,089,"Florida","Nassau County",1,36,1043,513,530
050,12,089,"Florida","Nassau County",1,37,1037,530,507
050,12,089,"Florida","Nassau County",1,38,1114,568,546
050,12,089,"Florida","Nassau County",1,39,1081,557,524
050,12,089,"Florida","Nassau County",1,40,1096,540,556
050,12,089,"Florida","Nassau County",1,41,1045,516,529
050,12,089,"Florida","Nassau County",1,42,1007,496,511
050,12,089,"Florida","Nassau County",1,43,987,489,498
050,12,089,"Florida","Nassau County",1,44,977,506,471
050,12,089,"Florida","Nassau County",1,45,989,499,490
050,12,089,"Florida","Nassau County",1,46,1095,557,538
050,12,089,"Florida","Nassau County",1,47,1088,553,535
050,12,089,"Florida","Nassau County",1,48,1170,580,590
050,12,089,"Florida","Nassau County",1,49,1195,615,580
050,12,089,"Florida","Nassau County",1,50,1189,566,623
050,12,089,"Florida","Nassau County",1,51,1154,561,593
050,12,089,"Florida","Nassau County",1,52,1148,589,559
050,12,089,"Florida","Nassau County",1,53,1172,581,591
050,12,089,"Florida","Nassau County",1,54,1212,578,634
050,12,089,"Florida","Nassau County",1,55,1333,633,700
050,12,089,"Florida","Nassau County",1,56,1392,676,716
050,12,089,"Florida","Nassau County",1,57,1409,653,756
050,12,089,"Florida","Nassau County",1,58,1386,640,746
050,12,089,"Florida","Nassau County",1,59,1412,691,721
050,12,089,"Florida","Nassau County",1,60,1435,708,727
050,12,089,"Florida","Nassau County",1,61,1417,664,753
050,12,089,"Florida","Nassau County",1,62,1443,667,776
050,12,089,"Florida","Nassau County",1,63,1483,701,782
050,12,089,"Florida","Nassau County",1,64,1405,663,742
050,12,089,"Florida","Nassau County",1,65,1447,681,766
050,12,089,"Florida","Nassau County",1,66,1426,674,752
050,12,089,"Florida","Nassau County",1,67,1405,678,727
050,12,089,"Florida","Nassau County",1,68,1343,673,670
050,12,089,"Florida","Nassau County",1,69,1232,606,626
050,12,089,"Florida","Nassau County",1,70,1234,584,650
050,12,089,"Florida","Nassau County",1,71,1240,594,646
050,12,089,"Florida","Nassau County",1,72,1279,641,638
050,12,089,"Florida","Nassau County",1,73,1310,630,680
050,12,089,"Florida","Nassau County",1,74,907,448,459
050,12,089,"Florida","Nassau County",1,75,897,450,447
050,12,089,"Florida","Nassau County",1,76,857,415,442
050,12,089,"Florida","Nassau County",1,77,803,395,408
050,12,089,"Florida","Nassau County",1,78,660,323,337
050,12,089,"Florida","Nassau County",1,79,588,267,321
050,12,089,"Florida","Nassau County",1,80,511,248,263
050,12,089,"Florida","Nassau County",1,81,480,227,253
050,12,089,"Florida","Nassau County",1,82,428,209,219
050,12,089,"Florida","Nassau County",1,83,357,173,184
050,12,089,"Florida","Nassau County",1,84,309,147,162
050,12,089,"Florida","Nassau County",1,85,1812,735,1077
050,12,089,"Florida","Nassau County",2,0,839,436,403
050,12,089,"Florida","Nassau County",2,1,867,447,420
050,12,089,"Florida","Nassau County",2,2,912,477,435
050,12,089,"Florida","Nassau County",2,3,928,482,446
050,12,089,"Florida","Nassau County",2,4,957,499,458
050,12,089,"Florida","Nassau County",2,5,941,485,456
050,12,089,"Florida","Nassau County",2,6,973,497,476
050,12,089,"Florida","Nassau County",2,7,1047,532,515
050,12,089,"Florida","Nassau County",2,8,1034,510,524
050,12,089,"Florida","Nassau County",2,9,1024,520,504
050,12,089,"Florida","Nassau County",2,10,1043,520,523
050,12,089,"Florida","Nassau County",2,11,1065,543,522
050,12,089,"Florida","Nassau County",2,12,1073,564,509
050,12,089,"Florida","Nassau County",2,13,1094,568,526
050,12,089,"Florida","Nassau County",2,14,1076,558,518
050,12,089,"Florida","Nassau County",2,15,1078,571,507
050,12,089,"Florida","Nassau County",2,16,1059,542,517
050,12,089,"Florida","Nassau County",2,17,1031,522,509
050,12,089,"Florida","Nassau County",2,18,873,465,408
050,12,089,"Florida","Nassau County",2,19,730,394,336
050,12,089,"Florida","Nassau County",2,20,804,424,380
050,12,089,"Florida","Nassau County",2,21,818,430,388
050,12,089,"Florida","Nassau County",2,22,830,435,395
050,12,089,"Florida","Nassau County",2,23,856,437,419
050,12,089,"Florida","Nassau County",2,24,891,461,430
050,12,089,"Florida","Nassau County",2,25,894,461,433
050,12,089,"Florida","Nassau County",2,26,867,437,430
050,12,089,"Florida","Nassau County",2,27,897,452,445
050,12,089,"Florida","Nassau County",2,28,979,478,501
050,12,089,"Florida","Nassau County",2,29,1057,515,542
050,12,089,"Florida","Nassau County",2,30,1105,525,580
050,12,089,"Florida","Nassau County",2,31,1082,531,551
050,12,089,"Florida","Nassau County",2,32,1091,560,531
050,12,089,"Florida","Nassau County",2,33,1127,587,540
050,12,089,"Florida","Nassau County",2,34,1085,558,527
050,12,089,"Florida","Nassau County",2,35,1057,528,529
050,12,089,"Florida","Nassau County",2,36,1040,514,526
050,12,089,"Florida","Nassau County",2,37,1055,536,519
050,12,089,"Florida","Nassau County",2,38,1109,564,545
050,12,089,"Florida","Nassau County",2,39,1094,561,533
050,12,089,"Florida","Nassau County",2,40,1108,553,555
050,12,089,"Florida","Nassau County",2,41,1061,522,539
050,12,089,"Florida","Nassau County",2,42,1021,503,518
050,12,089,"Florida","Nassau County",2,43,1009,499,510
050,12,089,"Florida","Nassau County",2,44,980,502,478
050,12,089,"Florida","Nassau County",2,45,998,507,491
050,12,089,"Florida","Nassau County",2,46,1068,540,528
050,12,089,"Florida","Nassau County",2,47,1089,551,538
050,12,089,"Florida","Nassau County",2,48,1155,578,577
050,12,089,"Florida","Nassau County",2,49,1205,616,589
050,12,089,"Florida","Nassau County",2,50,1199,582,617
050,12,089,"Florida","Nassau County",2,51,1168,565,603
050,12,089,"Florida","Nassau County",2,52,1155,583,572
050,12,089,"Florida","Nassau County",2,53,1178,586,592
050,12,089,"Florida","Nassau County",2,54,1209,584,625
050,12,089,"Florida","Nassau County",2,55,1314,625,689
050,12,089,"Florida","Nassau County",2,56,1401,678,723
050,12,089,"Florida","Nassau County",2,57,1418,661,757
050,12,089,"Florida","Nassau County",2,58,1406,650,756
050,12,089,"Florida","Nassau County",2,59,1426,689,737
050,12,089,"Florida","Nassau County",2,60,1438,710,728
050,12,089,"Florida","Nassau County",2,61,1434,680,754
050,12,089,"Florida","Nassau County",2,62,1450,670,780
050,12,089,"Florida","Nassau County",2,63,1504,707,797
050,12,089,"Florida","Nassau County",2,64,1432,675,757
050,12,089,"Florida","Nassau County",2,65,1449,683,766
050,12,089,"Florida","Nassau County",2,66,1443,681,762
050,12,089,"Florida","Nassau County",2,67,1420,683,737
050,12,089,"Florida","Nassau County",2,68,1360,671,689
050,12,089,"Florida","Nassau County",2,69,1273,627,646
050,12,089,"Florida","Nassau County",2,70,1234,588,646
050,12,089,"Florida","Nassau County",2,71,1245,597,648
050,12,089,"Florida","Nassau County",2,72,1253,621,632
050,12,089,"Florida","Nassau County",2,73,1366,666,700
050,12,089,"Florida","Nassau County",2,74,943,463,480
050,12,089,"Florida","Nassau County",2,75,909,455,454
050,12,089,"Florida","Nassau County",2,76,856,415,441
050,12,089,"Florida","Nassau County",2,77,832,406,426
050,12,089,"Florida","Nassau County",2,78,677,333,344
050,12,089,"Florida","Nassau County",2,79,594,273,321
050,12,089,"Florida","Nassau County",2,80,522,246,276
050,12,089,"Florida","Nassau County",2,81,485,232,253
050,12,089,"Florida","Nassau County",2,82,439,214,225
050,12,089,"Florida","Nassau County",2,83,366,177,189
050,12,089,"Florida","Nassau County",2,84,314,149,165
050,12,089,"Florida","Nassau County",2,85,1843,748,1095
050,12,089,"Florida","Nassau County",3,0,790,414,376
050,12,089,"Florida","Nassau County",3,1,884,451,433
050,12,089,"Florida","Nassau County",3,2,925,483,442
050,12,089,"Florida","Nassau County",3,3,966,499,467
050,12,089,"Florida","Nassau County",3,4,993,508,485
050,12,089,"Florida","Nassau County",3,5,1005,533,472
050,12,089,"Florida","Nassau County",3,6,972,501,471
050,12,089,"Florida","Nassau County",3,7,1032,546,486
050,12,089,"Florida","Nassau County",3,8,1085,550,535
050,12,089,"Florida","Nassau County",3,9,1056,530,526
050,12,089,"Florida","Nassau County",3,10,1065,540,525
050,12,089,"Florida","Nassau County",3,11,1065,531,534
050,12,089,"Florida","Nassau County",3,12,1090,549,541
050,12,089,"Florida","Nassau County",3,13,1088,563,525
050,12,089,"Florida","Nassau County",3,14,1156,601,555
050,12,089,"Florida","Nassau County",3,15,1103,569,534
050,12,089,"Florida","Nassau County",3,16,1096,578,518
050,12,089,"Florida","Nassau County",3,17,1119,580,539
050,12,089,"Florida","Nassau County",3,18,904,470,434
050,12,089,"Florida","Nassau County",3,19,733,387,346
050,12,089,"Florida","Nassau County",3,20,803,421,382
050,12,089,"Florida","Nassau County",3,21,865,450,415
050,12,089,"Florida","Nassau County",3,22,908,475,433
050,12,089,"Florida","Nassau County",3,23,906,473,433
050,12,089,"Florida","Nassau County",3,24,896,435,461
050,12,089,"Florida","Nassau County",3,25,965,493,472
050,12,089,"Florida","Nassau County",3,26,901,452,449
050,12,089,"Florida","Nassau County",3,27,945,469,476
050,12,089,"Florida","Nassau County",3,28,944,471,473
050,12,089,"Florida","Nassau County",3,29,1044,503,541
050,12,089,"Florida","Nassau County",3,30,1111,547,564
050,12,089,"Florida","Nassau County",3,31,1172,570,602
050,12,089,"Florida","Nassau County",3,32,1140,565,575
050,12,089,"Florida","Nassau County",3,33,1116,573,543
050,12,089,"Florida","Nassau County",3,34,1162,599,563
050,12,089,"Florida","Nassau County",3,35,1137,583,554
050,12,089,"Florida","Nassau County",3,36,1109,546,563
050,12,089,"Florida","Nassau County",3,37,1110,537,573
050,12,089,"Florida","Nassau County",3,38,1074,535,539
050,12,089,"Florida","Nassau County",3,39,1169,590,579
050,12,089,"Florida","Nassau County",3,40,1138,579,559
050,12,089,"Florida","Nassau County",3,41,1117,568,549
050,12,089,"Florida","Nassau County",3,42,1114,542,572
050,12,089,"Florida","Nassau County",3,43,1050,521,529
050,12,089,"Florida","Nassau County",3,44,1057,529,528
050,12,089,"Florida","Nassau County",3,45,1009,501,508
050,12,089,"Florida","Nassau County",3,46,1020,515,505
050,12,089,"Florida","Nassau County",3,47,1091,549,542
050,12,089,"Florida","Nassau County",3,48,1132,570,562
050,12,089,"Florida","Nassau County",3,49,1186,590,596
050,12,089,"Florida","Nassau County",3,50,1264,638,626
050,12,089,"Florida","Nassau County",3,51,1236,603,633
050,12,089,"Florida","Nassau County",3,52,1242,605,637
050,12,089,"Florida","Nassau County",3,53,1223,609,614
050,12,089,"Florida","Nassau County",3,54,1225,613,612
050,12,089,"Florida","Nassau County",3,55,1263,609,654
050,12,089,"Florida","Nassau County",3,56,1382,659,723
050,12,089,"Florida","Nassau County",3,57,1466,704,762
050,12,089,"Florida","Nassau County",3,58,1515,703,812
050,12,089,"Florida","Nassau County",3,59,1463,666,797
050,12,089,"Florida","Nassau County",3,60,1517,734,783
050,12,089,"Florida","Nassau County",3,61,1527,755,772
050,12,089,"Florida","Nassau County",3,62,1496,718,778
050,12,089,"Florida","Nassau County",3,63,1525,722,803
050,12,089,"Florida","Nassau County",3,64,1566,730,836
050,12,089,"Florida","Nassau County",3,65,1487,687,800
050,12,089,"Florida","Nassau County",3,66,1488,695,793
050,12,089,"Florida","Nassau County",3,67,1498,716,782
050,12,089,"Florida","Nassau County",3,68,1440,676,764
050,12,089,"Florida","Nassau County",3,69,1341,661,680
050,12,089,"Florida","Nassau County",3,70,1300,642,658
050,12,089,"Florida","Nassau County",3,71,1245,588,657
050,12,089,"Florida","Nassau County",3,72,1260,606,654
050,12,089,"Florida","Nassau County",3,73,1256,621,635
050,12,089,"Florida","Nassau County",3,74,1344,651,693
050,12,089,"Florida","Nassau County",3,75,933,460,473
050,12,089,"Florida","Nassau County",3,76,888,435,453
050,12,089,"Florida","Nassau County",3,77,814,395,419
050,12,089,"Florida","Nassau County",3,78,783,389,394
050,12,089,"Florida","Nassau County",3,79,667,320,347
050,12,089,"Florida","Nassau County",3,80,561,254,307
050,12,089,"Florida","Nassau County",3,81,511,233,278
050,12,089,"Florida","Nassau County",3,82,450,220,230
050,12,089,"Florida","Nassau County",3,83,426,203,223
050,12,089,"Florida","Nassau County",3,84,337,154,183
050,12,089,"Florida","Nassau County",3,85,1942,793,1149
050,12,089,"Florida","Nassau County",4,0,832,433,399
050,12,089,"Florida","Nassau County",4,1,861,442,419
050,12,089,"Florida","Nassau County",4,2,929,473,456
050,12,089,"Florida","Nassau County",4,3,980,501,479
050,12,089,"Florida","Nassau County",4,4,1009,522,487
050,12,089,"Florida","Nassau County",4,5,1036,546,490
050,12,089,"Florida","Nassau County",4,6,1038,538,500
050,12,089,"Florida","Nassau County",4,7,1069,543,526
050,12,089,"Florida","Nassau County",4,8,1076,558,518
050,12,089,"Florida","Nassau County",4,9,1127,572,555
050,12,089,"Florida","Nassau County",4,10,1092,551,541
050,12,089,"Florida","Nassau County",4,11,1100,553,547
050,12,089,"Florida","Nassau County",4,12,1097,560,537
050,12,089,"Florida","Nassau County",4,13,1146,592,554
050,12,089,"Florida","Nassau County",4,14,1130,591,539
050,12,089,"Florida","Nassau County",4,15,1185,617,568
050,12,089,"Florida","Nassau County",4,16,1104,571,533
050,12,089,"Florida","Nassau County",4,17,1121,588,533
050,12,089,"Florida","Nassau County",4,18,960,510,450
050,12,089,"Florida","Nassau County",4,19,707,370,337
050,12,089,"Florida","Nassau County",4,20,787,415,372
050,12,089,"Florida","Nassau County",4,21,867,451,416
050,12,089,"Florida","Nassau County",4,22,928,484,444
050,12,089,"Florida","Nassau County",4,23,992,525,467
050,12,089,"Florida","Nassau County",4,24,979,503,476
050,12,089,"Florida","Nassau County",4,25,956,475,481
050,12,089,"Florida","Nassau County",4,26,977,506,471
050,12,089,"Florida","Nassau County",4,27,925,469,456
050,12,089,"Florida","Nassau County",4,28,966,472,494
050,12,089,"Florida","Nassau County",4,29,1010,499,511
050,12,089,"Florida","Nassau County",4,30,1083,529,554
050,12,089,"Florida","Nassau County",4,31,1160,565,595
050,12,089,"Florida","Nassau County",4,32,1248,608,640
050,12,089,"Florida","Nassau County",4,33,1172,578,594
050,12,089,"Florida","Nassau County",4,34,1179,618,561
050,12,089,"Florida","Nassau County",4,35,1179,593,586
050,12,089,"Florida","Nassau County",4,36,1174,609,565
050,12,089,"Florida","Nassau County",4,37,1195,594,601
050,12,089,"Florida","Nassau County",4,38,1160,562,598
050,12,089,"Florida","Nassau County",4,39,1160,580,580
050,12,089,"Florida","Nassau County",4,40,1203,609,594
050,12,089,"Florida","Nassau County",4,41,1170,592,578
050,12,089,"Florida","Nassau County",4,42,1187,609,578
050,12,089,"Florida","Nassau County",4,43,1136,551,585
050,12,089,"Florida","Nassau County",4,44,1077,524,553
050,12,089,"Florida","Nassau County",4,45,1076,537,539
050,12,089,"Florida","Nassau County",4,46,1034,518,516
050,12,089,"Florida","Nassau County",4,47,1075,544,531
050,12,089,"Florida","Nassau County",4,48,1116,557,559
050,12,089,"Florida","Nassau County",4,49,1175,583,592
050,12,089,"Florida","Nassau County",4,50,1245,612,633
050,12,089,"Florida","Nassau County",4,51,1324,670,654
050,12,089,"Florida","Nassau County",4,52,1305,636,669
050,12,089,"Florida","Nassau County",4,53,1313,652,661
050,12,089,"Florida","Nassau County",4,54,1295,650,645
050,12,089,"Florida","Nassau County",4,55,1271,626,645
050,12,089,"Florida","Nassau County",4,56,1351,647,704
050,12,089,"Florida","Nassau County",4,57,1449,690,759
050,12,089,"Florida","Nassau County",4,58,1560,764,796
050,12,089,"Florida","Nassau County",4,59,1582,727,855
050,12,089,"Florida","Nassau County",4,60,1551,708,843
050,12,089,"Florida","Nassau County",4,61,1610,781,829
050,12,089,"Florida","Nassau County",4,62,1611,788,823
050,12,089,"Florida","Nassau County",4,63,1555,728,827
050,12,089,"Florida","Nassau County",4,64,1594,775,819
050,12,089,"Florida","Nassau County",4,65,1647,778,869
050,12,089,"Florida","Nassau County",4,66,1536,709,827
050,12,089,"Florida","Nassau County",4,67,1538,734,804
050,12,089,"Florida","Nassau County",4,68,1515,704,811
050,12,089,"Florida","Nassau County",4,69,1446,678,768
050,12,089,"Florida","Nassau County",4,70,1378,675,703
050,12,089,"Florida","Nassau County",4,71,1318,648,670
050,12,089,"Florida","Nassau County",4,72,1247,585,662
050,12,089,"Florida","Nassau County",4,73,1265,613,652
050,12,089,"Florida","Nassau County",4,74,1225,605,620
050,12,089,"Florida","Nassau County",4,75,1346,661,685
050,12,089,"Florida","Nassau County",4,76,926,453,473
050,12,089,"Florida","Nassau County",4,77,864,416,448
050,12,089,"Florida","Nassau County",4,78,778,378,400
050,12,089,"Florida","Nassau County",4,79,764,374,390
050,12,089,"Florida","Nassau County",4,80,626,291,335
050,12,089,"Florida","Nassau County",4,81,547,243,304
050,12,089,"Florida","Nassau County",4,82,468,211,257
050,12,089,"Florida","Nassau County",4,83,411,196,215
050,12,089,"Florida","Nassau County",4,84,391,184,207
050,12,089,"Florida","Nassau County",4,85,2029,818,1211
050,12,089,"Florida","Nassau County",5,0,845,442,403
050,12,089,"Florida","Nassau County",5,1,862,455,407
050,12,089,"Florida","Nassau County",5,2,915,498,417
050,12,089,"Florida","Nassau County",5,3,997,516,481
050,12,089,"Florida","Nassau County",5,4,1049,544,505
050,12,089,"Florida","Nassau County",5,5,1043,548,495
050,12,089,"Florida","Nassau County",5,6,1118,569,549
050,12,089,"Florida","Nassau County",5,7,1122,585,537
050,12,089,"Florida","Nassau County",5,8,1103,572,531
050,12,089,"Florida","Nassau County",5,9,1132,589,543
050,12,089,"Florida","Nassau County",5,10,1157,583,574
050,12,089,"Florida","Nassau County",5,11,1122,554,568
050,12,089,"Florida","Nassau County",5,12,1140,570,570
050,12,089,"Florida","Nassau County",5,13,1167,589,578
050,12,089,"Florida","Nassau County",5,14,1184,602,582
050,12,089,"Florida","Nassau County",5,15,1161,620,541
050,12,089,"Florida","Nassau County",5,16,1229,637,592
050,12,089,"Florida","Nassau County",5,17,1126,572,554
050,12,089,"Florida","Nassau County",5,18,978,533,445
050,12,089,"Florida","Nassau County",5,19,798,435,363
050,12,089,"Florida","Nassau County",5,20,788,410,378
050,12,089,"Florida","Nassau County",5,21,851,445,406
050,12,089,"Florida","Nassau County",5,22,955,478,477
050,12,089,"Florida","Nassau County",5,23,964,501,463
050,12,089,"Florida","Nassau County",5,24,1013,534,479
050,12,089,"Florida","Nassau County",5,25,1039,536,503
050,12,089,"Florida","Nassau County",5,26,976,476,500
050,12,089,"Florida","Nassau County",5,27,1031,540,491
050,12,089,"Florida","Nassau County",5,28,1005,496,509
050,12,089,"Florida","Nassau County",5,29,1038,517,521
050,12,089,"Florida","Nassau County",5,30,1057,520,537
050,12,089,"Florida","Nassau County",5,31,1159,567,592
050,12,089,"Florida","Nassau County",5,32,1205,591,614
050,12,089,"Florida","Nassau County",5,33,1313,626,687
050,12,089,"Florida","Nassau County",5,34,1225,610,615
050,12,089,"Florida","Nassau County",5,35,1232,638,594
050,12,089,"Florida","Nassau County",5,36,1236,631,605
050,12,089,"Florida","Nassau County",5,37,1248,634,614
050,12,089,"Florida","Nassau County",5,38,1255,628,627
050,12,089,"Florida","Nassau County",5,39,1202,589,613
050,12,089,"Florida","Nassau County",5,40,1216,619,597
050,12,089,"Florida","Nassau County",5,41,1253,626,627
050,12,089,"Florida","Nassau County",5,42,1223,638,585
050,12,089,"Florida","Nassau County",5,43,1214,604,610
050,12,089,"Florida","Nassau County",5,44,1201,587,614
050,12,089,"Florida","Nassau County",5,45,1107,548,559
050,12,089,"Florida","Nassau County",5,46,1089,542,547
050,12,089,"Florida","Nassau County",5,47,1048,520,528
050,12,089,"Florida","Nassau County",5,48,1100,536,564
050,12,089,"Florida","Nassau County",5,49,1148,586,562
050,12,089,"Florida","Nassau County",5,50,1225,615,610
050,12,089,"Florida","Nassau County",5,51,1307,634,673
050,12,089,"Florida","Nassau County",5,52,1379,691,688
050,12,089,"Florida","Nassau County",5,53,1353,649,704
050,12,089,"Florida","Nassau County",5,54,1382,680,702
050,12,089,"Florida","Nassau County",5,55,1330,655,675
050,12,089,"Florida","Nassau County",5,56,1344,648,696
050,12,089,"Florida","Nassau County",5,57,1429,688,741
050,12,089,"Florida","Nassau County",5,58,1560,756,804
050,12,089,"Florida","Nassau County",5,59,1617,784,833
050,12,089,"Florida","Nassau County",5,60,1667,766,901
050,12,089,"Florida","Nassau County",5,61,1650,742,908
050,12,089,"Florida","Nassau County",5,62,1694,822,872
050,12,089,"Florida","Nassau County",5,63,1668,827,841
050,12,089,"Florida","Nassau County",5,64,1598,772,826
050,12,089,"Florida","Nassau County",5,65,1652,806,846
050,12,089,"Florida","Nassau County",5,66,1731,810,921
050,12,089,"Florida","Nassau County",5,67,1597,753,844
050,12,089,"Florida","Nassau County",5,68,1567,740,827
050,12,089,"Florida","Nassau County",5,69,1514,710,804
050,12,089,"Florida","Nassau County",5,70,1469,684,785
050,12,089,"Florida","Nassau County",5,71,1396,677,719
050,12,089,"Florida","Nassau County",5,72,1336,664,672
050,12,089,"Florida","Nassau County",5,73,1250,587,663
050,12,089,"Florida","Nassau County",5,74,1232,600,632
050,12,089,"Florida","Nassau County",5,75,1218,600,618
050,12,089,"Florida","Nassau County",5,76,1341,653,688
050,12,089,"Florida","Nassau County",5,77,911,437,474
050,12,089,"Florida","Nassau County",5,78,838,413,425
050,12,089,"Florida","Nassau County",5,79,768,360,408
050,12,089,"Florida","Nassau County",5,80,738,354,384
050,12,089,"Florida","Nassau County",5,81,610,284,326
050,12,089,"Florida","Nassau County",5,82,510,233,277
050,12,089,"Florida","Nassau County",5,83,444,201,243
050,12,089,"Florida","Nassau County",5,84,365,166,199
050,12,089,"Florida","Nassau County",5,85,2172,874,1298
050,12,091,"Florida","Okaloosa County",1,0,2665,1358,1307
050,12,091,"Florida","Okaloosa County",1,1,2628,1350,1278
050,12,091,"Florida","Okaloosa County",1,2,2747,1405,1342
050,12,091,"Florida","Okaloosa County",1,3,2737,1396,1341
050,12,091,"Florida","Okaloosa County",1,4,2802,1436,1366
050,12,091,"Florida","Okaloosa County",1,5,2780,1418,1362
050,12,091,"Florida","Okaloosa County",1,6,2730,1396,1334
050,12,091,"Florida","Okaloosa County",1,7,2673,1343,1330
050,12,091,"Florida","Okaloosa County",1,8,2711,1390,1321
050,12,091,"Florida","Okaloosa County",1,9,2743,1442,1301
050,12,091,"Florida","Okaloosa County",1,10,2714,1353,1361
050,12,091,"Florida","Okaloosa County",1,11,2689,1326,1363
050,12,091,"Florida","Okaloosa County",1,12,2766,1391,1375
050,12,091,"Florida","Okaloosa County",1,13,2685,1374,1311
050,12,091,"Florida","Okaloosa County",1,14,2605,1324,1281
050,12,091,"Florida","Okaloosa County",1,15,2536,1315,1221
050,12,091,"Florida","Okaloosa County",1,16,2509,1282,1227
050,12,091,"Florida","Okaloosa County",1,17,2354,1214,1140
050,12,091,"Florida","Okaloosa County",1,18,2128,1157,971
050,12,091,"Florida","Okaloosa County",1,19,2053,1195,858
050,12,091,"Florida","Okaloosa County",1,20,2385,1389,996
050,12,091,"Florida","Okaloosa County",1,21,2617,1466,1151
050,12,091,"Florida","Okaloosa County",1,22,2773,1575,1198
050,12,091,"Florida","Okaloosa County",1,23,2952,1670,1282
050,12,091,"Florida","Okaloosa County",1,24,3047,1685,1362
050,12,091,"Florida","Okaloosa County",1,25,3096,1726,1370
050,12,091,"Florida","Okaloosa County",1,26,3244,1765,1479
050,12,091,"Florida","Okaloosa County",1,27,3296,1755,1541
050,12,091,"Florida","Okaloosa County",1,28,3399,1809,1590
050,12,091,"Florida","Okaloosa County",1,29,3494,1867,1627
050,12,091,"Florida","Okaloosa County",1,30,3493,1853,1640
050,12,091,"Florida","Okaloosa County",1,31,3405,1778,1627
050,12,091,"Florida","Okaloosa County",1,32,3312,1800,1512
050,12,091,"Florida","Okaloosa County",1,33,3230,1687,1543
050,12,091,"Florida","Okaloosa County",1,34,3192,1691,1501
050,12,091,"Florida","Okaloosa County",1,35,3018,1598,1420
050,12,091,"Florida","Okaloosa County",1,36,3009,1602,1407
050,12,091,"Florida","Okaloosa County",1,37,2991,1544,1447
050,12,091,"Florida","Okaloosa County",1,38,2903,1475,1428
050,12,091,"Florida","Okaloosa County",1,39,2843,1502,1341
050,12,091,"Florida","Okaloosa County",1,40,2745,1461,1284
050,12,091,"Florida","Okaloosa County",1,41,2610,1373,1237
050,12,091,"Florida","Okaloosa County",1,42,2446,1246,1200
050,12,091,"Florida","Okaloosa County",1,43,2348,1186,1162
050,12,091,"Florida","Okaloosa County",1,44,2310,1146,1164
050,12,091,"Florida","Okaloosa County",1,45,2232,1121,1111
050,12,091,"Florida","Okaloosa County",1,46,2140,1091,1049
050,12,091,"Florida","Okaloosa County",1,47,2099,1066,1033
050,12,091,"Florida","Okaloosa County",1,48,2306,1146,1160
050,12,091,"Florida","Okaloosa County",1,49,2366,1168,1198
050,12,091,"Florida","Okaloosa County",1,50,2238,1098,1140
050,12,091,"Florida","Okaloosa County",1,51,2235,1076,1159
050,12,091,"Florida","Okaloosa County",1,52,2270,1114,1156
050,12,091,"Florida","Okaloosa County",1,53,2348,1158,1190
050,12,091,"Florida","Okaloosa County",1,54,2465,1216,1249
050,12,091,"Florida","Okaloosa County",1,55,2774,1392,1382
050,12,091,"Florida","Okaloosa County",1,56,2860,1442,1418
050,12,091,"Florida","Okaloosa County",1,57,2936,1455,1481
050,12,091,"Florida","Okaloosa County",1,58,3010,1517,1493
050,12,091,"Florida","Okaloosa County",1,59,3082,1510,1572
050,12,091,"Florida","Okaloosa County",1,60,2982,1501,1481
050,12,091,"Florida","Okaloosa County",1,61,2865,1391,1474
050,12,091,"Florida","Okaloosa County",1,62,2842,1386,1456
050,12,091,"Florida","Okaloosa County",1,63,2682,1313,1369
050,12,091,"Florida","Okaloosa County",1,64,2588,1260,1328
050,12,091,"Florida","Okaloosa County",1,65,2517,1237,1280
050,12,091,"Florida","Okaloosa County",1,66,2400,1202,1198
050,12,091,"Florida","Okaloosa County",1,67,2245,1065,1180
050,12,091,"Florida","Okaloosa County",1,68,2148,1035,1113
050,12,091,"Florida","Okaloosa County",1,69,2010,961,1049
050,12,091,"Florida","Okaloosa County",1,70,1975,963,1012
050,12,091,"Florida","Okaloosa County",1,71,1920,917,1003
050,12,091,"Florida","Okaloosa County",1,72,1943,937,1006
050,12,091,"Florida","Okaloosa County",1,73,1925,969,956
050,12,091,"Florida","Okaloosa County",1,74,1365,644,721
050,12,091,"Florida","Okaloosa County",1,75,1334,623,711
050,12,091,"Florida","Okaloosa County",1,76,1312,626,686
050,12,091,"Florida","Okaloosa County",1,77,1329,615,714
050,12,091,"Florida","Okaloosa County",1,78,1081,492,589
050,12,091,"Florida","Okaloosa County",1,79,938,423,515
050,12,091,"Florida","Okaloosa County",1,80,912,399,513
050,12,091,"Florida","Okaloosa County",1,81,874,351,523
050,12,091,"Florida","Okaloosa County",1,82,838,339,499
050,12,091,"Florida","Okaloosa County",1,83,738,304,434
050,12,091,"Florida","Okaloosa County",1,84,684,264,420
050,12,091,"Florida","Okaloosa County",1,85,3445,1297,2148
050,12,091,"Florida","Okaloosa County",2,0,2636,1337,1299
050,12,091,"Florida","Okaloosa County",2,1,2634,1346,1288
050,12,091,"Florida","Okaloosa County",2,2,2719,1387,1332
050,12,091,"Florida","Okaloosa County",2,3,2730,1394,1336
050,12,091,"Florida","Okaloosa County",2,4,2793,1430,1363
050,12,091,"Florida","Okaloosa County",2,5,2784,1421,1363
050,12,091,"Florida","Okaloosa County",2,6,2755,1408,1347
050,12,091,"Florida","Okaloosa County",2,7,2698,1366,1332
050,12,091,"Florida","Okaloosa County",2,8,2699,1377,1322
050,12,091,"Florida","Okaloosa County",2,9,2731,1427,1304
050,12,091,"Florida","Okaloosa County",2,10,2716,1369,1347
050,12,091,"Florida","Okaloosa County",2,11,2683,1322,1361
050,12,091,"Florida","Okaloosa County",2,12,2758,1382,1376
050,12,091,"Florida","Okaloosa County",2,13,2704,1379,1325
050,12,091,"Florida","Okaloosa County",2,14,2608,1331,1277
050,12,091,"Florida","Okaloosa County",2,15,2561,1327,1234
050,12,091,"Florida","Okaloosa County",2,16,2524,1296,1228
050,12,091,"Florida","Okaloosa County",2,17,2391,1229,1162
050,12,091,"Florida","Okaloosa County",2,18,2145,1172,973
050,12,091,"Florida","Okaloosa County",2,19,2086,1212,874
050,12,091,"Florida","Okaloosa County",2,20,2412,1403,1009
050,12,091,"Florida","Okaloosa County",2,21,2608,1469,1139
050,12,091,"Florida","Okaloosa County",2,22,2798,1582,1216
050,12,091,"Florida","Okaloosa County",2,23,2955,1667,1288
050,12,091,"Florida","Okaloosa County",2,24,3032,1687,1345
050,12,091,"Florida","Okaloosa County",2,25,3082,1712,1370
050,12,091,"Florida","Okaloosa County",2,26,3212,1755,1457
050,12,091,"Florida","Okaloosa County",2,27,3273,1749,1524
050,12,091,"Florida","Okaloosa County",2,28,3373,1798,1575
050,12,091,"Florida","Okaloosa County",2,29,3464,1848,1616
050,12,091,"Florida","Okaloosa County",2,30,3507,1858,1649
050,12,091,"Florida","Okaloosa County",2,31,3399,1785,1614
050,12,091,"Florida","Okaloosa County",2,32,3318,1783,1535
050,12,091,"Florida","Okaloosa County",2,33,3241,1709,1532
050,12,091,"Florida","Okaloosa County",2,34,3193,1686,1507
050,12,091,"Florida","Okaloosa County",2,35,3065,1621,1444
050,12,091,"Florida","Okaloosa County",2,36,2988,1585,1403
050,12,091,"Florida","Okaloosa County",2,37,3000,1560,1440
050,12,091,"Florida","Okaloosa County",2,38,2934,1499,1435
050,12,091,"Florida","Okaloosa County",2,39,2858,1499,1359
050,12,091,"Florida","Okaloosa County",2,40,2781,1479,1302
050,12,091,"Florida","Okaloosa County",2,41,2625,1385,1240
050,12,091,"Florida","Okaloosa County",2,42,2473,1271,1202
050,12,091,"Florida","Okaloosa County",2,43,2384,1206,1178
050,12,091,"Florida","Okaloosa County",2,44,2298,1145,1153
050,12,091,"Florida","Okaloosa County",2,45,2256,1128,1128
050,12,091,"Florida","Okaloosa County",2,46,2149,1083,1066
050,12,091,"Florida","Okaloosa County",2,47,2114,1072,1042
050,12,091,"Florida","Okaloosa County",2,48,2250,1121,1129
050,12,091,"Florida","Okaloosa County",2,49,2358,1169,1189
050,12,091,"Florida","Okaloosa County",2,50,2265,1112,1153
050,12,091,"Florida","Okaloosa County",2,51,2227,1079,1148
050,12,091,"Florida","Okaloosa County",2,52,2244,1091,1153
050,12,091,"Florida","Okaloosa County",2,53,2328,1148,1180
050,12,091,"Florida","Okaloosa County",2,54,2447,1208,1239
050,12,091,"Florida","Okaloosa County",2,55,2708,1358,1350
050,12,091,"Florida","Okaloosa County",2,56,2851,1435,1416
050,12,091,"Florida","Okaloosa County",2,57,2915,1448,1467
050,12,091,"Florida","Okaloosa County",2,58,2997,1505,1492
050,12,091,"Florida","Okaloosa County",2,59,3078,1522,1556
050,12,091,"Florida","Okaloosa County",2,60,3003,1498,1505
050,12,091,"Florida","Okaloosa County",2,61,2886,1413,1473
050,12,091,"Florida","Okaloosa County",2,62,2842,1386,1456
050,12,091,"Florida","Okaloosa County",2,63,2743,1343,1400
050,12,091,"Florida","Okaloosa County",2,64,2594,1270,1324
050,12,091,"Florida","Okaloosa County",2,65,2535,1246,1289
050,12,091,"Florida","Okaloosa County",2,66,2424,1204,1220
050,12,091,"Florida","Okaloosa County",2,67,2277,1096,1181
050,12,091,"Florida","Okaloosa County",2,68,2154,1034,1120
050,12,091,"Florida","Okaloosa County",2,69,2050,982,1068
050,12,091,"Florida","Okaloosa County",2,70,1976,958,1018
050,12,091,"Florida","Okaloosa County",2,71,1923,924,999
050,12,091,"Florida","Okaloosa County",2,72,1903,912,991
050,12,091,"Florida","Okaloosa County",2,73,2012,998,1014
050,12,091,"Florida","Okaloosa County",2,74,1402,673,729
050,12,091,"Florida","Okaloosa County",2,75,1337,623,714
050,12,091,"Florida","Okaloosa County",2,76,1291,613,678
050,12,091,"Florida","Okaloosa County",2,77,1334,619,715
050,12,091,"Florida","Okaloosa County",2,78,1106,505,601
050,12,091,"Florida","Okaloosa County",2,79,957,429,528
050,12,091,"Florida","Okaloosa County",2,80,915,401,514
050,12,091,"Florida","Okaloosa County",2,81,868,358,510
050,12,091,"Florida","Okaloosa County",2,82,840,339,501
050,12,091,"Florida","Okaloosa County",2,83,748,304,444
050,12,091,"Florida","Okaloosa County",2,84,684,269,415
050,12,091,"Florida","Okaloosa County",2,85,3466,1318,2148
050,12,091,"Florida","Okaloosa County",3,0,2603,1347,1256
050,12,091,"Florida","Okaloosa County",3,1,2722,1381,1341
050,12,091,"Florida","Okaloosa County",3,2,2605,1346,1259
050,12,091,"Florida","Okaloosa County",3,3,2780,1411,1369
050,12,091,"Florida","Okaloosa County",3,4,2715,1389,1326
050,12,091,"Florida","Okaloosa County",3,5,2801,1467,1334
050,12,091,"Florida","Okaloosa County",3,6,2735,1401,1334
050,12,091,"Florida","Okaloosa County",3,7,2762,1402,1360
050,12,091,"Florida","Okaloosa County",3,8,2611,1322,1289
050,12,091,"Florida","Okaloosa County",3,9,2715,1381,1334
050,12,091,"Florida","Okaloosa County",3,10,2745,1434,1311
050,12,091,"Florida","Okaloosa County",3,11,2668,1360,1308
050,12,091,"Florida","Okaloosa County",3,12,2681,1317,1364
050,12,091,"Florida","Okaloosa County",3,13,2770,1398,1372
050,12,091,"Florida","Okaloosa County",3,14,2670,1352,1318
050,12,091,"Florida","Okaloosa County",3,15,2643,1369,1274
050,12,091,"Florida","Okaloosa County",3,16,2618,1388,1230
050,12,091,"Florida","Okaloosa County",3,17,2499,1258,1241
050,12,091,"Florida","Okaloosa County",3,18,2087,1141,946
050,12,091,"Florida","Okaloosa County",3,19,1980,1125,855
050,12,091,"Florida","Okaloosa County",3,20,2440,1435,1005
050,12,091,"Florida","Okaloosa County",3,21,2597,1455,1142
050,12,091,"Florida","Okaloosa County",3,22,2798,1532,1266
050,12,091,"Florida","Okaloosa County",3,23,3010,1667,1343
050,12,091,"Florida","Okaloosa County",3,24,3141,1750,1391
050,12,091,"Florida","Okaloosa County",3,25,3164,1773,1391
050,12,091,"Florida","Okaloosa County",3,26,3170,1743,1427
050,12,091,"Florida","Okaloosa County",3,27,3231,1771,1460
050,12,091,"Florida","Okaloosa County",3,28,3272,1770,1502
050,12,091,"Florida","Okaloosa County",3,29,3372,1809,1563
050,12,091,"Florida","Okaloosa County",3,30,3503,1877,1626
050,12,091,"Florida","Okaloosa County",3,31,3421,1779,1642
050,12,091,"Florida","Okaloosa County",3,32,3377,1777,1600
050,12,091,"Florida","Okaloosa County",3,33,3264,1729,1535
050,12,091,"Florida","Okaloosa County",3,34,3166,1665,1501
050,12,091,"Florida","Okaloosa County",3,35,3195,1667,1528
050,12,091,"Florida","Okaloosa County",3,36,3034,1600,1434
050,12,091,"Florida","Okaloosa County",3,37,2973,1579,1394
050,12,091,"Florida","Okaloosa County",3,38,3023,1588,1435
050,12,091,"Florida","Okaloosa County",3,39,2924,1504,1420
050,12,091,"Florida","Okaloosa County",3,40,2856,1492,1364
050,12,091,"Florida","Okaloosa County",3,41,2776,1477,1299
050,12,091,"Florida","Okaloosa County",3,42,2609,1383,1226
050,12,091,"Florida","Okaloosa County",3,43,2477,1250,1227
050,12,091,"Florida","Okaloosa County",3,44,2366,1183,1183
050,12,091,"Florida","Okaloosa County",3,45,2276,1122,1154
050,12,091,"Florida","Okaloosa County",3,46,2211,1104,1107
050,12,091,"Florida","Okaloosa County",3,47,2164,1094,1070
050,12,091,"Florida","Okaloosa County",3,48,2099,1059,1040
050,12,091,"Florida","Okaloosa County",3,49,2264,1121,1143
050,12,091,"Florida","Okaloosa County",3,50,2384,1177,1207
050,12,091,"Florida","Okaloosa County",3,51,2311,1139,1172
050,12,091,"Florida","Okaloosa County",3,52,2203,1045,1158
050,12,091,"Florida","Okaloosa County",3,53,2270,1110,1160
050,12,091,"Florida","Okaloosa County",3,54,2336,1160,1176
050,12,091,"Florida","Okaloosa County",3,55,2484,1210,1274
050,12,091,"Florida","Okaloosa County",3,56,2661,1334,1327
050,12,091,"Florida","Okaloosa County",3,57,2858,1431,1427
050,12,091,"Florida","Okaloosa County",3,58,2946,1473,1473
050,12,091,"Florida","Okaloosa County",3,59,3028,1506,1522
050,12,091,"Florida","Okaloosa County",3,60,3112,1521,1591
050,12,091,"Florida","Okaloosa County",3,61,3006,1502,1504
050,12,091,"Florida","Okaloosa County",3,62,2894,1415,1479
050,12,091,"Florida","Okaloosa County",3,63,2873,1394,1479
050,12,091,"Florida","Okaloosa County",3,64,2739,1354,1385
050,12,091,"Florida","Okaloosa County",3,65,2540,1240,1300
050,12,091,"Florida","Okaloosa County",3,66,2525,1242,1283
050,12,091,"Florida","Okaloosa County",3,67,2393,1179,1214
050,12,091,"Florida","Okaloosa County",3,68,2233,1076,1157
050,12,091,"Florida","Okaloosa County",3,69,2092,1005,1087
050,12,091,"Florida","Okaloosa County",3,70,2017,956,1061
050,12,091,"Florida","Okaloosa County",3,71,1906,924,982
050,12,091,"Florida","Okaloosa County",3,72,1858,891,967
050,12,091,"Florida","Okaloosa County",3,73,1817,877,940
050,12,091,"Florida","Okaloosa County",3,74,1957,956,1001
050,12,091,"Florida","Okaloosa County",3,75,1341,628,713
050,12,091,"Florida","Okaloosa County",3,76,1272,590,682
050,12,091,"Florida","Okaloosa County",3,77,1241,562,679
050,12,091,"Florida","Okaloosa County",3,78,1234,575,659
050,12,091,"Florida","Okaloosa County",3,79,1031,467,564
050,12,091,"Florida","Okaloosa County",3,80,920,403,517
050,12,091,"Florida","Okaloosa County",3,81,846,367,479
050,12,091,"Florida","Okaloosa County",3,82,789,322,467
050,12,091,"Florida","Okaloosa County",3,83,773,301,472
050,12,091,"Florida","Okaloosa County",3,84,679,273,406
050,12,091,"Florida","Okaloosa County",3,85,3489,1313,2176
050,12,091,"Florida","Okaloosa County",4,0,2627,1324,1303
050,12,091,"Florida","Okaloosa County",4,1,2589,1302,1287
050,12,091,"Florida","Okaloosa County",4,2,2721,1365,1356
050,12,091,"Florida","Okaloosa County",4,3,2667,1385,1282
050,12,091,"Florida","Okaloosa County",4,4,2774,1392,1382
050,12,091,"Florida","Okaloosa County",4,5,2737,1409,1328
050,12,091,"Florida","Okaloosa County",4,6,2807,1470,1337
050,12,091,"Florida","Okaloosa County",4,7,2772,1391,1381
050,12,091,"Florida","Okaloosa County",4,8,2845,1432,1413
050,12,091,"Florida","Okaloosa County",4,9,2613,1349,1264
050,12,091,"Florida","Okaloosa County",4,10,2704,1334,1370
050,12,091,"Florida","Okaloosa County",4,11,2774,1434,1340
050,12,091,"Florida","Okaloosa County",4,12,2685,1373,1312
050,12,091,"Florida","Okaloosa County",4,13,2760,1350,1410
050,12,091,"Florida","Okaloosa County",4,14,2798,1420,1378
050,12,091,"Florida","Okaloosa County",4,15,2735,1397,1338
050,12,091,"Florida","Okaloosa County",4,16,2671,1403,1268
050,12,091,"Florida","Okaloosa County",4,17,2577,1346,1231
050,12,091,"Florida","Okaloosa County",4,18,2233,1201,1032
050,12,091,"Florida","Okaloosa County",4,19,1952,1132,820
050,12,091,"Florida","Okaloosa County",4,20,2344,1358,986
050,12,091,"Florida","Okaloosa County",4,21,2645,1494,1151
050,12,091,"Florida","Okaloosa County",4,22,2783,1538,1245
050,12,091,"Florida","Okaloosa County",4,23,3028,1663,1365
050,12,091,"Florida","Okaloosa County",4,24,3244,1761,1483
050,12,091,"Florida","Okaloosa County",4,25,3248,1779,1469
050,12,091,"Florida","Okaloosa County",4,26,3248,1808,1440
050,12,091,"Florida","Okaloosa County",4,27,3233,1772,1461
050,12,091,"Florida","Okaloosa County",4,28,3312,1794,1518
050,12,091,"Florida","Okaloosa County",4,29,3250,1747,1503
050,12,091,"Florida","Okaloosa County",4,30,3464,1868,1596
050,12,091,"Florida","Okaloosa County",4,31,3405,1808,1597
050,12,091,"Florida","Okaloosa County",4,32,3459,1757,1702
050,12,091,"Florida","Okaloosa County",4,33,3321,1747,1574
050,12,091,"Florida","Okaloosa County",4,34,3249,1706,1543
050,12,091,"Florida","Okaloosa County",4,35,3145,1611,1534
050,12,091,"Florida","Okaloosa County",4,36,3205,1673,1532
050,12,091,"Florida","Okaloosa County",4,37,3146,1687,1459
050,12,091,"Florida","Okaloosa County",4,38,2998,1616,1382
050,12,091,"Florida","Okaloosa County",4,39,3044,1606,1438
050,12,091,"Florida","Okaloosa County",4,40,2946,1500,1446
050,12,091,"Florida","Okaloosa County",4,41,2910,1511,1399
050,12,091,"Florida","Okaloosa County",4,42,2773,1453,1320
050,12,091,"Florida","Okaloosa County",4,43,2570,1370,1200
050,12,091,"Florida","Okaloosa County",4,44,2492,1294,1198
050,12,091,"Florida","Okaloosa County",4,45,2403,1226,1177
050,12,091,"Florida","Okaloosa County",4,46,2309,1121,1188
050,12,091,"Florida","Okaloosa County",4,47,2258,1136,1122
050,12,091,"Florida","Okaloosa County",4,48,2122,1070,1052
050,12,091,"Florida","Okaloosa County",4,49,2156,1093,1063
050,12,091,"Florida","Okaloosa County",4,50,2279,1125,1154
050,12,091,"Florida","Okaloosa County",4,51,2429,1215,1214
050,12,091,"Florida","Okaloosa County",4,52,2353,1150,1203
050,12,091,"Florida","Okaloosa County",4,53,2275,1104,1171
050,12,091,"Florida","Okaloosa County",4,54,2326,1127,1199
050,12,091,"Florida","Okaloosa County",4,55,2385,1198,1187
050,12,091,"Florida","Okaloosa County",4,56,2487,1183,1304
050,12,091,"Florida","Okaloosa County",4,57,2713,1341,1372
050,12,091,"Florida","Okaloosa County",4,58,2912,1444,1468
050,12,091,"Florida","Okaloosa County",4,59,2949,1477,1472
050,12,091,"Florida","Okaloosa County",4,60,3018,1495,1523
050,12,091,"Florida","Okaloosa County",4,61,3039,1493,1546
050,12,091,"Florida","Okaloosa County",4,62,2963,1491,1472
050,12,091,"Florida","Okaloosa County",4,63,2886,1406,1480
050,12,091,"Florida","Okaloosa County",4,64,2827,1372,1455
050,12,091,"Florida","Okaloosa County",4,65,2696,1335,1361
050,12,091,"Florida","Okaloosa County",4,66,2517,1233,1284
050,12,091,"Florida","Okaloosa County",4,67,2464,1207,1257
050,12,091,"Florida","Okaloosa County",4,68,2348,1164,1184
050,12,091,"Florida","Okaloosa County",4,69,2209,1060,1149
050,12,091,"Florida","Okaloosa County",4,70,2022,968,1054
050,12,091,"Florida","Okaloosa County",4,71,1960,920,1040
050,12,091,"Florida","Okaloosa County",4,72,1858,898,960
050,12,091,"Florida","Okaloosa County",4,73,1793,854,939
050,12,091,"Florida","Okaloosa County",4,74,1733,828,905
050,12,091,"Florida","Okaloosa County",4,75,1885,904,981
050,12,091,"Florida","Okaloosa County",4,76,1281,604,677
050,12,091,"Florida","Okaloosa County",4,77,1212,540,672
050,12,091,"Florida","Okaloosa County",4,78,1165,526,639
050,12,091,"Florida","Okaloosa County",4,79,1159,534,625
050,12,091,"Florida","Okaloosa County",4,80,986,435,551
050,12,091,"Florida","Okaloosa County",4,81,851,372,479
050,12,091,"Florida","Okaloosa County",4,82,790,344,446
050,12,091,"Florida","Okaloosa County",4,83,721,283,438
050,12,091,"Florida","Okaloosa County",4,84,698,269,429
050,12,091,"Florida","Okaloosa County",4,85,3524,1333,2191
050,12,091,"Florida","Okaloosa County",5,0,2660,1340,1320
050,12,091,"Florida","Okaloosa County",5,1,2634,1342,1292
050,12,091,"Florida","Okaloosa County",5,2,2563,1307,1256
050,12,091,"Florida","Okaloosa County",5,3,2713,1366,1347
050,12,091,"Florida","Okaloosa County",5,4,2665,1360,1305
050,12,091,"Florida","Okaloosa County",5,5,2761,1369,1392
050,12,091,"Florida","Okaloosa County",5,6,2750,1402,1348
050,12,091,"Florida","Okaloosa County",5,7,2790,1487,1303
050,12,091,"Florida","Okaloosa County",5,8,2784,1410,1374
050,12,091,"Florida","Okaloosa County",5,9,2885,1475,1410
050,12,091,"Florida","Okaloosa County",5,10,2654,1356,1298
050,12,091,"Florida","Okaloosa County",5,11,2730,1361,1369
050,12,091,"Florida","Okaloosa County",5,12,2813,1434,1379
050,12,091,"Florida","Okaloosa County",5,13,2729,1403,1326
050,12,091,"Florida","Okaloosa County",5,14,2766,1343,1423
050,12,091,"Florida","Okaloosa County",5,15,2880,1474,1406
050,12,091,"Florida","Okaloosa County",5,16,2775,1427,1348
050,12,091,"Florida","Okaloosa County",5,17,2666,1373,1293
050,12,091,"Florida","Okaloosa County",5,18,2310,1257,1053
050,12,091,"Florida","Okaloosa County",5,19,2046,1167,879
050,12,091,"Florida","Okaloosa County",5,20,2318,1359,959
050,12,091,"Florida","Okaloosa County",5,21,2533,1461,1072
050,12,091,"Florida","Okaloosa County",5,22,2855,1605,1250
050,12,091,"Florida","Okaloosa County",5,23,2989,1638,1351
050,12,091,"Florida","Okaloosa County",5,24,3163,1715,1448
050,12,091,"Florida","Okaloosa County",5,25,3307,1793,1514
050,12,091,"Florida","Okaloosa County",5,26,3290,1772,1518
050,12,091,"Florida","Okaloosa County",5,27,3325,1862,1463
050,12,091,"Florida","Okaloosa County",5,28,3298,1784,1514
050,12,091,"Florida","Okaloosa County",5,29,3286,1734,1552
050,12,091,"Florida","Okaloosa County",5,30,3236,1747,1489
050,12,091,"Florida","Okaloosa County",5,31,3423,1842,1581
050,12,091,"Florida","Okaloosa County",5,32,3378,1773,1605
050,12,091,"Florida","Okaloosa County",5,33,3485,1784,1701
050,12,091,"Florida","Okaloosa County",5,34,3277,1716,1561
050,12,091,"Florida","Okaloosa County",5,35,3222,1648,1574
050,12,091,"Florida","Okaloosa County",5,36,3121,1615,1506
050,12,091,"Florida","Okaloosa County",5,37,3145,1645,1500
050,12,091,"Florida","Okaloosa County",5,38,3162,1693,1469
050,12,091,"Florida","Okaloosa County",5,39,2996,1597,1399
050,12,091,"Florida","Okaloosa County",5,40,3049,1605,1444
050,12,091,"Florida","Okaloosa County",5,41,2924,1470,1454
050,12,091,"Florida","Okaloosa County",5,42,2894,1488,1406
050,12,091,"Florida","Okaloosa County",5,43,2800,1480,1320
050,12,091,"Florida","Okaloosa County",5,44,2599,1383,1216
050,12,091,"Florida","Okaloosa County",5,45,2518,1302,1216
050,12,091,"Florida","Okaloosa County",5,46,2441,1241,1200
050,12,091,"Florida","Okaloosa County",5,47,2327,1135,1192
050,12,091,"Florida","Okaloosa County",5,48,2277,1128,1149
050,12,091,"Florida","Okaloosa County",5,49,2131,1068,1063
050,12,091,"Florida","Okaloosa County",5,50,2165,1098,1067
050,12,091,"Florida","Okaloosa County",5,51,2339,1182,1157
050,12,091,"Florida","Okaloosa County",5,52,2404,1203,1201
050,12,091,"Florida","Okaloosa County",5,53,2366,1171,1195
050,12,091,"Florida","Okaloosa County",5,54,2292,1102,1190
050,12,091,"Florida","Okaloosa County",5,55,2356,1162,1194
050,12,091,"Florida","Okaloosa County",5,56,2381,1202,1179
050,12,091,"Florida","Okaloosa County",5,57,2466,1165,1301
050,12,091,"Florida","Okaloosa County",5,58,2751,1368,1383
050,12,091,"Florida","Okaloosa County",5,59,2917,1448,1469
050,12,091,"Florida","Okaloosa County",5,60,2863,1434,1429
050,12,091,"Florida","Okaloosa County",5,61,2991,1461,1530
050,12,091,"Florida","Okaloosa County",5,62,3019,1486,1533
050,12,091,"Florida","Okaloosa County",5,63,2907,1475,1432
050,12,091,"Florida","Okaloosa County",5,64,2860,1403,1457
050,12,091,"Florida","Okaloosa County",5,65,2782,1347,1435
050,12,091,"Florida","Okaloosa County",5,66,2657,1300,1357
050,12,091,"Florida","Okaloosa County",5,67,2506,1216,1290
050,12,091,"Florida","Okaloosa County",5,68,2385,1182,1203
050,12,091,"Florida","Okaloosa County",5,69,2326,1148,1178
050,12,091,"Florida","Okaloosa County",5,70,2136,1020,1116
050,12,091,"Florida","Okaloosa County",5,71,1967,939,1028
050,12,091,"Florida","Okaloosa County",5,72,1883,875,1008
050,12,091,"Florida","Okaloosa County",5,73,1791,854,937
050,12,091,"Florida","Okaloosa County",5,74,1709,813,896
050,12,091,"Florida","Okaloosa County",5,75,1680,791,889
050,12,091,"Florida","Okaloosa County",5,76,1811,870,941
050,12,091,"Florida","Okaloosa County",5,77,1245,567,678
050,12,091,"Florida","Okaloosa County",5,78,1155,511,644
050,12,091,"Florida","Okaloosa County",5,79,1116,496,620
050,12,091,"Florida","Okaloosa County",5,80,1112,509,603
050,12,091,"Florida","Okaloosa County",5,81,926,412,514
050,12,091,"Florida","Okaloosa County",5,82,799,348,451
050,12,091,"Florida","Okaloosa County",5,83,726,312,414
050,12,091,"Florida","Okaloosa County",5,84,658,254,404
050,12,091,"Florida","Okaloosa County",5,85,3674,1391,2283
050,12,093,"Florida","Okeechobee County",1,0,483,248,235
050,12,093,"Florida","Okeechobee County",1,1,478,249,229
050,12,093,"Florida","Okeechobee County",1,2,492,263,229
050,12,093,"Florida","Okeechobee County",1,3,472,257,215
050,12,093,"Florida","Okeechobee County",1,4,445,239,206
050,12,093,"Florida","Okeechobee County",1,5,457,250,207
050,12,093,"Florida","Okeechobee County",1,6,489,256,233
050,12,093,"Florida","Okeechobee County",1,7,456,239,217
050,12,093,"Florida","Okeechobee County",1,8,461,259,202
050,12,093,"Florida","Okeechobee County",1,9,476,261,215
050,12,093,"Florida","Okeechobee County",1,10,449,246,203
050,12,093,"Florida","Okeechobee County",1,11,428,231,197
050,12,093,"Florida","Okeechobee County",1,12,459,248,211
050,12,093,"Florida","Okeechobee County",1,13,483,255,228
050,12,093,"Florida","Okeechobee County",1,14,479,252,227
050,12,093,"Florida","Okeechobee County",1,15,476,244,232
050,12,093,"Florida","Okeechobee County",1,16,469,268,201
050,12,093,"Florida","Okeechobee County",1,17,478,272,206
050,12,093,"Florida","Okeechobee County",1,18,465,270,195
050,12,093,"Florida","Okeechobee County",1,19,361,193,168
050,12,093,"Florida","Okeechobee County",1,20,374,193,181
050,12,093,"Florida","Okeechobee County",1,21,384,207,177
050,12,093,"Florida","Okeechobee County",1,22,443,254,189
050,12,093,"Florida","Okeechobee County",1,23,439,260,179
050,12,093,"Florida","Okeechobee County",1,24,435,255,180
050,12,093,"Florida","Okeechobee County",1,25,444,255,189
050,12,093,"Florida","Okeechobee County",1,26,509,286,223
050,12,093,"Florida","Okeechobee County",1,27,533,301,232
050,12,093,"Florida","Okeechobee County",1,28,538,295,243
050,12,093,"Florida","Okeechobee County",1,29,544,296,248
050,12,093,"Florida","Okeechobee County",1,30,528,273,255
050,12,093,"Florida","Okeechobee County",1,31,510,274,236
050,12,093,"Florida","Okeechobee County",1,32,506,289,217
050,12,093,"Florida","Okeechobee County",1,33,514,304,210
050,12,093,"Florida","Okeechobee County",1,34,509,287,222
050,12,093,"Florida","Okeechobee County",1,35,485,274,211
050,12,093,"Florida","Okeechobee County",1,36,466,262,204
050,12,093,"Florida","Okeechobee County",1,37,477,275,202
050,12,093,"Florida","Okeechobee County",1,38,462,261,201
050,12,093,"Florida","Okeechobee County",1,39,516,311,205
050,12,093,"Florida","Okeechobee County",1,40,517,301,216
050,12,093,"Florida","Okeechobee County",1,41,479,282,197
050,12,093,"Florida","Okeechobee County",1,42,508,275,233
050,12,093,"Florida","Okeechobee County",1,43,488,254,234
050,12,093,"Florida","Okeechobee County",1,44,509,278,231
050,12,093,"Florida","Okeechobee County",1,45,493,262,231
050,12,093,"Florida","Okeechobee County",1,46,489,271,218
050,12,093,"Florida","Okeechobee County",1,47,522,292,230
050,12,093,"Florida","Okeechobee County",1,48,517,281,236
050,12,093,"Florida","Okeechobee County",1,49,528,308,220
050,12,093,"Florida","Okeechobee County",1,50,495,297,198
050,12,093,"Florida","Okeechobee County",1,51,473,286,187
050,12,093,"Florida","Okeechobee County",1,52,522,306,216
050,12,093,"Florida","Okeechobee County",1,53,467,268,199
050,12,093,"Florida","Okeechobee County",1,54,498,290,208
050,12,093,"Florida","Okeechobee County",1,55,508,277,231
050,12,093,"Florida","Okeechobee County",1,56,545,290,255
050,12,093,"Florida","Okeechobee County",1,57,541,273,268
050,12,093,"Florida","Okeechobee County",1,58,567,300,267
050,12,093,"Florida","Okeechobee County",1,59,537,272,265
050,12,093,"Florida","Okeechobee County",1,60,485,253,232
050,12,093,"Florida","Okeechobee County",1,61,516,248,268
050,12,093,"Florida","Okeechobee County",1,62,512,247,265
050,12,093,"Florida","Okeechobee County",1,63,522,267,255
050,12,093,"Florida","Okeechobee County",1,64,502,267,235
050,12,093,"Florida","Okeechobee County",1,65,474,243,231
050,12,093,"Florida","Okeechobee County",1,66,472,227,245
050,12,093,"Florida","Okeechobee County",1,67,443,206,237
050,12,093,"Florida","Okeechobee County",1,68,449,229,220
050,12,093,"Florida","Okeechobee County",1,69,448,234,214
050,12,093,"Florida","Okeechobee County",1,70,402,189,213
050,12,093,"Florida","Okeechobee County",1,71,427,206,221
050,12,093,"Florida","Okeechobee County",1,72,476,230,246
050,12,093,"Florida","Okeechobee County",1,73,469,237,232
050,12,093,"Florida","Okeechobee County",1,74,327,159,168
050,12,093,"Florida","Okeechobee County",1,75,322,157,165
050,12,093,"Florida","Okeechobee County",1,76,335,160,175
050,12,093,"Florida","Okeechobee County",1,77,343,179,164
050,12,093,"Florida","Okeechobee County",1,78,319,151,168
050,12,093,"Florida","Okeechobee County",1,79,292,141,151
050,12,093,"Florida","Okeechobee County",1,80,271,129,142
050,12,093,"Florida","Okeechobee County",1,81,258,121,137
050,12,093,"Florida","Okeechobee County",1,82,215,107,108
050,12,093,"Florida","Okeechobee County",1,83,180,87,93
050,12,093,"Florida","Okeechobee County",1,84,169,86,83
050,12,093,"Florida","Okeechobee County",1,85,939,442,497
050,12,093,"Florida","Okeechobee County",2,0,511,261,250
050,12,093,"Florida","Okeechobee County",2,1,479,249,230
050,12,093,"Florida","Okeechobee County",2,2,489,258,231
050,12,093,"Florida","Okeechobee County",2,3,472,253,219
050,12,093,"Florida","Okeechobee County",2,4,451,243,208
050,12,093,"Florida","Okeechobee County",2,5,454,247,207
050,12,093,"Florida","Okeechobee County",2,6,481,254,227
050,12,093,"Florida","Okeechobee County",2,7,467,247,220
050,12,093,"Florida","Okeechobee County",2,8,462,256,206
050,12,093,"Florida","Okeechobee County",2,9,474,262,212
050,12,093,"Florida","Okeechobee County",2,10,458,252,206
050,12,093,"Florida","Okeechobee County",2,11,431,234,197
050,12,093,"Florida","Okeechobee County",2,12,455,247,208
050,12,093,"Florida","Okeechobee County",2,13,475,253,222
050,12,093,"Florida","Okeechobee County",2,14,477,252,225
050,12,093,"Florida","Okeechobee County",2,15,482,251,231
050,12,093,"Florida","Okeechobee County",2,16,477,270,207
050,12,093,"Florida","Okeechobee County",2,17,473,272,201
050,12,093,"Florida","Okeechobee County",2,18,450,261,189
050,12,093,"Florida","Okeechobee County",2,19,360,192,168
050,12,093,"Florida","Okeechobee County",2,20,380,195,185
050,12,093,"Florida","Okeechobee County",2,21,383,206,177
050,12,093,"Florida","Okeechobee County",2,22,435,247,188
050,12,093,"Florida","Okeechobee County",2,23,446,263,183
050,12,093,"Florida","Okeechobee County",2,24,435,256,179
050,12,093,"Florida","Okeechobee County",2,25,441,251,190
050,12,093,"Florida","Okeechobee County",2,26,498,283,215
050,12,093,"Florida","Okeechobee County",2,27,527,297,230
050,12,093,"Florida","Okeechobee County",2,28,532,292,240
050,12,093,"Florida","Okeechobee County",2,29,539,293,246
050,12,093,"Florida","Okeechobee County",2,30,533,276,257
050,12,093,"Florida","Okeechobee County",2,31,507,268,239
050,12,093,"Florida","Okeechobee County",2,32,508,286,222
050,12,093,"Florida","Okeechobee County",2,33,510,299,211
050,12,093,"Florida","Okeechobee County",2,34,508,289,219
050,12,093,"Florida","Okeechobee County",2,35,493,279,214
050,12,093,"Florida","Okeechobee County",2,36,464,261,203
050,12,093,"Florida","Okeechobee County",2,37,473,270,203
050,12,093,"Florida","Okeechobee County",2,38,465,265,200
050,12,093,"Florida","Okeechobee County",2,39,508,305,203
050,12,093,"Florida","Okeechobee County",2,40,514,298,216
050,12,093,"Florida","Okeechobee County",2,41,485,282,203
050,12,093,"Florida","Okeechobee County",2,42,495,273,222
050,12,093,"Florida","Okeechobee County",2,43,493,257,236
050,12,093,"Florida","Okeechobee County",2,44,501,273,228
050,12,093,"Florida","Okeechobee County",2,45,492,261,231
050,12,093,"Florida","Okeechobee County",2,46,489,269,220
050,12,093,"Florida","Okeechobee County",2,47,516,288,228
050,12,093,"Florida","Okeechobee County",2,48,515,281,234
050,12,093,"Florida","Okeechobee County",2,49,527,302,225
050,12,093,"Florida","Okeechobee County",2,50,499,295,204
050,12,093,"Florida","Okeechobee County",2,51,478,289,189
050,12,093,"Florida","Okeechobee County",2,52,510,302,208
050,12,093,"Florida","Okeechobee County",2,53,476,274,202
050,12,093,"Florida","Okeechobee County",2,54,492,286,206
050,12,093,"Florida","Okeechobee County",2,55,504,279,225
050,12,093,"Florida","Okeechobee County",2,56,539,288,251
050,12,093,"Florida","Okeechobee County",2,57,544,278,266
050,12,093,"Florida","Okeechobee County",2,58,563,294,269
050,12,093,"Florida","Okeechobee County",2,59,548,282,266
050,12,093,"Florida","Okeechobee County",2,60,498,257,241
050,12,093,"Florida","Okeechobee County",2,61,504,247,257
050,12,093,"Florida","Okeechobee County",2,62,509,244,265
050,12,093,"Florida","Okeechobee County",2,63,524,264,260
050,12,093,"Florida","Okeechobee County",2,64,503,265,238
050,12,093,"Florida","Okeechobee County",2,65,482,249,233
050,12,093,"Florida","Okeechobee County",2,66,474,230,244
050,12,093,"Florida","Okeechobee County",2,67,452,211,241
050,12,093,"Florida","Okeechobee County",2,68,439,216,223
050,12,093,"Florida","Okeechobee County",2,69,450,232,218
050,12,093,"Florida","Okeechobee County",2,70,409,198,211
050,12,093,"Florida","Okeechobee County",2,71,420,201,219
050,12,093,"Florida","Okeechobee County",2,72,456,219,237
050,12,093,"Florida","Okeechobee County",2,73,494,246,248
050,12,093,"Florida","Okeechobee County",2,74,336,164,172
050,12,093,"Florida","Okeechobee County",2,75,324,158,166
050,12,093,"Florida","Okeechobee County",2,76,331,161,170
050,12,093,"Florida","Okeechobee County",2,77,347,176,171
050,12,093,"Florida","Okeechobee County",2,78,316,152,164
050,12,093,"Florida","Okeechobee County",2,79,292,140,152
050,12,093,"Florida","Okeechobee County",2,80,277,132,145
050,12,093,"Florida","Okeechobee County",2,81,256,121,135
050,12,093,"Florida","Okeechobee County",2,82,221,108,113
050,12,093,"Florida","Okeechobee County",2,83,183,89,94
050,12,093,"Florida","Okeechobee County",2,84,161,82,79
050,12,093,"Florida","Okeechobee County",2,85,951,451,500
050,12,093,"Florida","Okeechobee County",3,0,491,242,249
050,12,093,"Florida","Okeechobee County",3,1,516,273,243
050,12,093,"Florida","Okeechobee County",3,2,494,257,237
050,12,093,"Florida","Okeechobee County",3,3,498,266,232
050,12,093,"Florida","Okeechobee County",3,4,486,265,221
050,12,093,"Florida","Okeechobee County",3,5,464,250,214
050,12,093,"Florida","Okeechobee County",3,6,452,238,214
050,12,093,"Florida","Okeechobee County",3,7,484,254,230
050,12,093,"Florida","Okeechobee County",3,8,459,235,224
050,12,093,"Florida","Okeechobee County",3,9,471,253,218
050,12,093,"Florida","Okeechobee County",3,10,498,282,216
050,12,093,"Florida","Okeechobee County",3,11,463,259,204
050,12,093,"Florida","Okeechobee County",3,12,436,231,205
050,12,093,"Florida","Okeechobee County",3,13,448,238,210
050,12,093,"Florida","Okeechobee County",3,14,494,265,229
050,12,093,"Florida","Okeechobee County",3,15,508,272,236
050,12,093,"Florida","Okeechobee County",3,16,527,299,228
050,12,093,"Florida","Okeechobee County",3,17,482,279,203
050,12,093,"Florida","Okeechobee County",3,18,434,258,176
050,12,093,"Florida","Okeechobee County",3,19,353,181,172
050,12,093,"Florida","Okeechobee County",3,20,377,195,182
050,12,093,"Florida","Okeechobee County",3,21,398,209,189
050,12,093,"Florida","Okeechobee County",3,22,416,228,188
050,12,093,"Florida","Okeechobee County",3,23,471,260,211
050,12,093,"Florida","Okeechobee County",3,24,468,269,199
050,12,093,"Florida","Okeechobee County",3,25,431,249,182
050,12,093,"Florida","Okeechobee County",3,26,452,262,190
050,12,093,"Florida","Okeechobee County",3,27,518,296,222
050,12,093,"Florida","Okeechobee County",3,28,536,298,238
050,12,093,"Florida","Okeechobee County",3,29,548,300,248
050,12,093,"Florida","Okeechobee County",3,30,522,275,247
050,12,093,"Florida","Okeechobee County",3,31,526,264,262
050,12,093,"Florida","Okeechobee County",3,32,521,267,254
050,12,093,"Florida","Okeechobee County",3,33,520,297,223
050,12,093,"Florida","Okeechobee County",3,34,509,286,223
050,12,093,"Florida","Okeechobee County",3,35,496,286,210
050,12,093,"Florida","Okeechobee County",3,36,486,267,219
050,12,093,"Florida","Okeechobee County",3,37,468,261,207
050,12,093,"Florida","Okeechobee County",3,38,473,275,198
050,12,093,"Florida","Okeechobee County",3,39,494,288,206
050,12,093,"Florida","Okeechobee County",3,40,484,286,198
050,12,093,"Florida","Okeechobee County",3,41,509,295,214
050,12,093,"Florida","Okeechobee County",3,42,492,287,205
050,12,093,"Florida","Okeechobee County",3,43,488,262,226
050,12,093,"Florida","Okeechobee County",3,44,510,274,236
050,12,093,"Florida","Okeechobee County",3,45,478,251,227
050,12,093,"Florida","Okeechobee County",3,46,518,275,243
050,12,093,"Florida","Okeechobee County",3,47,500,280,220
050,12,093,"Florida","Okeechobee County",3,48,506,274,232
050,12,093,"Florida","Okeechobee County",3,49,541,297,244
050,12,093,"Florida","Okeechobee County",3,50,506,286,220
050,12,093,"Florida","Okeechobee County",3,51,506,297,209
050,12,093,"Florida","Okeechobee County",3,52,511,306,205
050,12,093,"Florida","Okeechobee County",3,53,496,283,213
050,12,093,"Florida","Okeechobee County",3,54,490,285,205
050,12,093,"Florida","Okeechobee County",3,55,485,272,213
050,12,093,"Florida","Okeechobee County",3,56,504,271,233
050,12,093,"Florida","Okeechobee County",3,57,541,283,258
050,12,093,"Florida","Okeechobee County",3,58,552,291,261
050,12,093,"Florida","Okeechobee County",3,59,559,290,269
050,12,093,"Florida","Okeechobee County",3,60,543,263,280
050,12,093,"Florida","Okeechobee County",3,61,497,253,244
050,12,093,"Florida","Okeechobee County",3,62,489,230,259
050,12,093,"Florida","Okeechobee County",3,63,496,237,259
050,12,093,"Florida","Okeechobee County",3,64,512,265,247
050,12,093,"Florida","Okeechobee County",3,65,486,257,229
050,12,093,"Florida","Okeechobee County",3,66,492,259,233
050,12,093,"Florida","Okeechobee County",3,67,483,240,243
050,12,093,"Florida","Okeechobee County",3,68,447,203,244
050,12,093,"Florida","Okeechobee County",3,69,436,213,223
050,12,093,"Florida","Okeechobee County",3,70,435,220,215
050,12,093,"Florida","Okeechobee County",3,71,386,183,203
050,12,093,"Florida","Okeechobee County",3,72,414,202,212
050,12,093,"Florida","Okeechobee County",3,73,440,210,230
050,12,093,"Florida","Okeechobee County",3,74,480,234,246
050,12,093,"Florida","Okeechobee County",3,75,321,150,171
050,12,093,"Florida","Okeechobee County",3,76,320,161,159
050,12,093,"Florida","Okeechobee County",3,77,315,150,165
050,12,093,"Florida","Okeechobee County",3,78,320,165,155
050,12,093,"Florida","Okeechobee County",3,79,315,147,168
050,12,093,"Florida","Okeechobee County",3,80,287,135,152
050,12,093,"Florida","Okeechobee County",3,81,256,124,132
050,12,093,"Florida","Okeechobee County",3,82,247,119,128
050,12,093,"Florida","Okeechobee County",3,83,210,98,112
050,12,093,"Florida","Okeechobee County",3,84,178,88,90
050,12,093,"Florida","Okeechobee County",3,85,962,447,515
050,12,093,"Florida","Okeechobee County",4,0,545,277,268
050,12,093,"Florida","Okeechobee County",4,1,482,218,264
050,12,093,"Florida","Okeechobee County",4,2,506,263,243
050,12,093,"Florida","Okeechobee County",4,3,497,253,244
050,12,093,"Florida","Okeechobee County",4,4,502,257,245
050,12,093,"Florida","Okeechobee County",4,5,469,253,216
050,12,093,"Florida","Okeechobee County",4,6,468,259,209
050,12,093,"Florida","Okeechobee County",4,7,463,238,225
050,12,093,"Florida","Okeechobee County",4,8,485,258,227
050,12,093,"Florida","Okeechobee County",4,9,450,233,217
050,12,093,"Florida","Okeechobee County",4,10,468,257,211
050,12,093,"Florida","Okeechobee County",4,11,483,274,209
050,12,093,"Florida","Okeechobee County",4,12,471,256,215
050,12,093,"Florida","Okeechobee County",4,13,442,223,219
050,12,093,"Florida","Okeechobee County",4,14,457,249,208
050,12,093,"Florida","Okeechobee County",4,15,518,277,241
050,12,093,"Florida","Okeechobee County",4,16,540,307,233
050,12,093,"Florida","Okeechobee County",4,17,541,313,228
050,12,093,"Florida","Okeechobee County",4,18,430,253,177
050,12,093,"Florida","Okeechobee County",4,19,334,183,151
050,12,093,"Florida","Okeechobee County",4,20,356,174,182
050,12,093,"Florida","Okeechobee County",4,21,382,199,183
050,12,093,"Florida","Okeechobee County",4,22,440,235,205
050,12,093,"Florida","Okeechobee County",4,23,445,244,201
050,12,093,"Florida","Okeechobee County",4,24,497,286,211
050,12,093,"Florida","Okeechobee County",4,25,459,270,189
050,12,093,"Florida","Okeechobee County",4,26,457,264,193
050,12,093,"Florida","Okeechobee County",4,27,479,281,198
050,12,093,"Florida","Okeechobee County",4,28,534,297,237
050,12,093,"Florida","Okeechobee County",4,29,533,307,226
050,12,093,"Florida","Okeechobee County",4,30,555,295,260
050,12,093,"Florida","Okeechobee County",4,31,498,249,249
050,12,093,"Florida","Okeechobee County",4,32,522,263,259
050,12,093,"Florida","Okeechobee County",4,33,518,285,233
050,12,093,"Florida","Okeechobee County",4,34,523,290,233
050,12,093,"Florida","Okeechobee County",4,35,505,288,217
050,12,093,"Florida","Okeechobee County",4,36,489,278,211
050,12,093,"Florida","Okeechobee County",4,37,480,256,224
050,12,093,"Florida","Okeechobee County",4,38,472,264,208
050,12,093,"Florida","Okeechobee County",4,39,502,296,206
050,12,093,"Florida","Okeechobee County",4,40,474,272,202
050,12,093,"Florida","Okeechobee County",4,41,467,271,196
050,12,093,"Florida","Okeechobee County",4,42,506,294,212
050,12,093,"Florida","Okeechobee County",4,43,480,267,213
050,12,093,"Florida","Okeechobee County",4,44,507,281,226
050,12,093,"Florida","Okeechobee County",4,45,502,259,243
050,12,093,"Florida","Okeechobee County",4,46,483,258,225
050,12,093,"Florida","Okeechobee County",4,47,527,279,248
050,12,093,"Florida","Okeechobee County",4,48,495,264,231
050,12,093,"Florida","Okeechobee County",4,49,507,276,231
050,12,093,"Florida","Okeechobee County",4,50,544,304,240
050,12,093,"Florida","Okeechobee County",4,51,526,290,236
050,12,093,"Florida","Okeechobee County",4,52,514,301,213
050,12,093,"Florida","Okeechobee County",4,53,496,291,205
050,12,093,"Florida","Okeechobee County",4,54,514,289,225
050,12,093,"Florida","Okeechobee County",4,55,489,281,208
050,12,093,"Florida","Okeechobee County",4,56,497,277,220
050,12,093,"Florida","Okeechobee County",4,57,506,270,236
050,12,093,"Florida","Okeechobee County",4,58,539,283,256
050,12,093,"Florida","Okeechobee County",4,59,555,289,266
050,12,093,"Florida","Okeechobee County",4,60,548,280,268
050,12,093,"Florida","Okeechobee County",4,61,545,269,276
050,12,093,"Florida","Okeechobee County",4,62,511,266,245
050,12,093,"Florida","Okeechobee County",4,63,499,229,270
050,12,093,"Florida","Okeechobee County",4,64,509,254,255
050,12,093,"Florida","Okeechobee County",4,65,519,267,252
050,12,093,"Florida","Okeechobee County",4,66,496,270,226
050,12,093,"Florida","Okeechobee County",4,67,502,262,240
050,12,093,"Florida","Okeechobee County",4,68,481,227,254
050,12,093,"Florida","Okeechobee County",4,69,461,218,243
050,12,093,"Florida","Okeechobee County",4,70,430,212,218
050,12,093,"Florida","Okeechobee County",4,71,438,216,222
050,12,093,"Florida","Okeechobee County",4,72,393,192,201
050,12,093,"Florida","Okeechobee County",4,73,409,197,212
050,12,093,"Florida","Okeechobee County",4,74,434,210,224
050,12,093,"Florida","Okeechobee County",4,75,466,229,237
050,12,093,"Florida","Okeechobee County",4,76,313,146,167
050,12,093,"Florida","Okeechobee County",4,77,298,155,143
050,12,093,"Florida","Okeechobee County",4,78,311,152,159
050,12,093,"Florida","Okeechobee County",4,79,303,155,148
050,12,093,"Florida","Okeechobee County",4,80,299,139,160
050,12,093,"Florida","Okeechobee County",4,81,266,128,138
050,12,093,"Florida","Okeechobee County",4,82,250,128,122
050,12,093,"Florida","Okeechobee County",4,83,217,97,120
050,12,093,"Florida","Okeechobee County",4,84,188,91,97
050,12,093,"Florida","Okeechobee County",4,85,962,448,514
050,12,093,"Florida","Okeechobee County",5,0,547,282,265
050,12,093,"Florida","Okeechobee County",5,1,552,278,274
050,12,093,"Florida","Okeechobee County",5,2,500,230,270
050,12,093,"Florida","Okeechobee County",5,3,522,288,234
050,12,093,"Florida","Okeechobee County",5,4,489,258,231
050,12,093,"Florida","Okeechobee County",5,5,500,255,245
050,12,093,"Florida","Okeechobee County",5,6,485,266,219
050,12,093,"Florida","Okeechobee County",5,7,490,275,215
050,12,093,"Florida","Okeechobee County",5,8,469,247,222
050,12,093,"Florida","Okeechobee County",5,9,501,272,229
050,12,093,"Florida","Okeechobee County",5,10,467,246,221
050,12,093,"Florida","Okeechobee County",5,11,478,259,219
050,12,093,"Florida","Okeechobee County",5,12,494,275,219
050,12,093,"Florida","Okeechobee County",5,13,483,260,223
050,12,093,"Florida","Okeechobee County",5,14,463,237,226
050,12,093,"Florida","Okeechobee County",5,15,481,264,217
050,12,093,"Florida","Okeechobee County",5,16,548,317,231
050,12,093,"Florida","Okeechobee County",5,17,557,322,235
050,12,093,"Florida","Okeechobee County",5,18,494,290,204
050,12,093,"Florida","Okeechobee County",5,19,335,185,150
050,12,093,"Florida","Okeechobee County",5,20,353,185,168
050,12,093,"Florida","Okeechobee County",5,21,373,182,191
050,12,093,"Florida","Okeechobee County",5,22,428,222,206
050,12,093,"Florida","Okeechobee County",5,23,471,252,219
050,12,093,"Florida","Okeechobee County",5,24,470,265,205
050,12,093,"Florida","Okeechobee County",5,25,512,289,223
050,12,093,"Florida","Okeechobee County",5,26,486,289,197
050,12,093,"Florida","Okeechobee County",5,27,512,307,205
050,12,093,"Florida","Okeechobee County",5,28,497,282,215
050,12,093,"Florida","Okeechobee County",5,29,543,301,242
050,12,093,"Florida","Okeechobee County",5,30,563,315,248
050,12,093,"Florida","Okeechobee County",5,31,547,290,257
050,12,093,"Florida","Okeechobee County",5,32,523,260,263
050,12,093,"Florida","Okeechobee County",5,33,533,266,267
050,12,093,"Florida","Okeechobee County",5,34,540,296,244
050,12,093,"Florida","Okeechobee County",5,35,533,295,238
050,12,093,"Florida","Okeechobee County",5,36,507,289,218
050,12,093,"Florida","Okeechobee County",5,37,502,283,219
050,12,093,"Florida","Okeechobee County",5,38,500,275,225
050,12,093,"Florida","Okeechobee County",5,39,517,305,212
050,12,093,"Florida","Okeechobee County",5,40,489,278,211
050,12,093,"Florida","Okeechobee County",5,41,479,264,215
050,12,093,"Florida","Okeechobee County",5,42,488,280,208
050,12,093,"Florida","Okeechobee County",5,43,506,288,218
050,12,093,"Florida","Okeechobee County",5,44,511,296,215
050,12,093,"Florida","Okeechobee County",5,45,498,271,227
050,12,093,"Florida","Okeechobee County",5,46,521,275,246
050,12,093,"Florida","Okeechobee County",5,47,492,262,230
050,12,093,"Florida","Okeechobee County",5,48,527,281,246
050,12,093,"Florida","Okeechobee County",5,49,509,286,223
050,12,093,"Florida","Okeechobee County",5,50,515,274,241
050,12,093,"Florida","Okeechobee County",5,51,548,297,251
050,12,093,"Florida","Okeechobee County",5,52,562,309,253
050,12,093,"Florida","Okeechobee County",5,53,514,292,222
050,12,093,"Florida","Okeechobee County",5,54,528,307,221
050,12,093,"Florida","Okeechobee County",5,55,521,287,234
050,12,093,"Florida","Okeechobee County",5,56,515,294,221
050,12,093,"Florida","Okeechobee County",5,57,509,287,222
050,12,093,"Florida","Okeechobee County",5,58,528,273,255
050,12,093,"Florida","Okeechobee County",5,59,550,288,262
050,12,093,"Florida","Okeechobee County",5,60,565,287,278
050,12,093,"Florida","Okeechobee County",5,61,551,279,272
050,12,093,"Florida","Okeechobee County",5,62,554,276,278
050,12,093,"Florida","Okeechobee County",5,63,509,263,246
050,12,093,"Florida","Okeechobee County",5,64,499,224,275
050,12,093,"Florida","Okeechobee County",5,65,500,247,253
050,12,093,"Florida","Okeechobee County",5,66,552,291,261
050,12,093,"Florida","Okeechobee County",5,67,504,279,225
050,12,093,"Florida","Okeechobee County",5,68,505,257,248
050,12,093,"Florida","Okeechobee County",5,69,490,232,258
050,12,093,"Florida","Okeechobee County",5,70,457,212,245
050,12,093,"Florida","Okeechobee County",5,71,435,217,218
050,12,093,"Florida","Okeechobee County",5,72,437,230,207
050,12,093,"Florida","Okeechobee County",5,73,382,182,200
050,12,093,"Florida","Okeechobee County",5,74,405,194,211
050,12,093,"Florida","Okeechobee County",5,75,411,196,215
050,12,093,"Florida","Okeechobee County",5,76,451,220,231
050,12,093,"Florida","Okeechobee County",5,77,292,135,157
050,12,093,"Florida","Okeechobee County",5,78,277,147,130
050,12,093,"Florida","Okeechobee County",5,79,297,142,155
050,12,093,"Florida","Okeechobee County",5,80,301,149,152
050,12,093,"Florida","Okeechobee County",5,81,283,134,149
050,12,093,"Florida","Okeechobee County",5,82,251,127,124
050,12,093,"Florida","Okeechobee County",5,83,230,115,115
050,12,093,"Florida","Okeechobee County",5,84,203,92,111
050,12,093,"Florida","Okeechobee County",5,85,1011,468,543
050,12,095,"Florida","Orange County",1,0,16706,8522,8184
050,12,095,"Florida","Orange County",1,1,16584,8421,8163
050,12,095,"Florida","Orange County",1,2,16729,8634,8095
050,12,095,"Florida","Orange County",1,3,16858,8649,8209
050,12,095,"Florida","Orange County",1,4,17242,8923,8319
050,12,095,"Florida","Orange County",1,5,17285,8718,8567
050,12,095,"Florida","Orange County",1,6,17220,8715,8505
050,12,095,"Florida","Orange County",1,7,17340,8868,8472
050,12,095,"Florida","Orange County",1,8,17450,8921,8529
050,12,095,"Florida","Orange County",1,9,17282,8827,8455
050,12,095,"Florida","Orange County",1,10,17379,8943,8436
050,12,095,"Florida","Orange County",1,11,17831,9227,8604
050,12,095,"Florida","Orange County",1,12,18485,9512,8973
050,12,095,"Florida","Orange County",1,13,18433,9424,9009
050,12,095,"Florida","Orange County",1,14,18159,9311,8848
050,12,095,"Florida","Orange County",1,15,17852,9169,8683
050,12,095,"Florida","Orange County",1,16,17764,9025,8739
050,12,095,"Florida","Orange County",1,17,17411,8790,8621
050,12,095,"Florida","Orange County",1,18,19962,9940,10022
050,12,095,"Florida","Orange County",1,19,22257,10840,11417
050,12,095,"Florida","Orange County",1,20,21434,10491,10943
050,12,095,"Florida","Orange County",1,21,20741,10071,10670
050,12,095,"Florida","Orange County",1,22,20184,9829,10355
050,12,095,"Florida","Orange County",1,23,20739,10118,10621
050,12,095,"Florida","Orange County",1,24,21738,10606,11132
050,12,095,"Florida","Orange County",1,25,22578,11058,11520
050,12,095,"Florida","Orange County",1,26,23349,11652,11697
050,12,095,"Florida","Orange County",1,27,23671,11757,11914
050,12,095,"Florida","Orange County",1,28,24127,12196,11931
050,12,095,"Florida","Orange County",1,29,24696,12473,12223
050,12,095,"Florida","Orange County",1,30,24764,12534,12230
050,12,095,"Florida","Orange County",1,31,23757,11991,11766
050,12,095,"Florida","Orange County",1,32,23155,11638,11517
050,12,095,"Florida","Orange County",1,33,22460,11350,11110
050,12,095,"Florida","Orange County",1,34,22319,11348,10971
050,12,095,"Florida","Orange County",1,35,22049,11142,10907
050,12,095,"Florida","Orange County",1,36,21256,10582,10674
050,12,095,"Florida","Orange County",1,37,21732,10910,10822
050,12,095,"Florida","Orange County",1,38,21537,10837,10700
050,12,095,"Florida","Orange County",1,39,21399,10712,10687
050,12,095,"Florida","Orange County",1,40,20898,10374,10524
050,12,095,"Florida","Orange County",1,41,20575,10118,10457
050,12,095,"Florida","Orange County",1,42,20544,10269,10275
050,12,095,"Florida","Orange County",1,43,19867,9848,10019
050,12,095,"Florida","Orange County",1,44,19333,9512,9821
050,12,095,"Florida","Orange County",1,45,19089,9426,9663
050,12,095,"Florida","Orange County",1,46,18582,9091,9491
050,12,095,"Florida","Orange County",1,47,18447,9133,9314
050,12,095,"Florida","Orange County",1,48,19246,9588,9658
050,12,095,"Florida","Orange County",1,49,19982,9982,10000
050,12,095,"Florida","Orange County",1,50,18893,9407,9486
050,12,095,"Florida","Orange County",1,51,17993,9061,8932
050,12,095,"Florida","Orange County",1,52,17730,8800,8930
050,12,095,"Florida","Orange County",1,53,17730,8849,8881
050,12,095,"Florida","Orange County",1,54,17843,8841,9002
050,12,095,"Florida","Orange County",1,55,18396,9047,9349
050,12,095,"Florida","Orange County",1,56,18032,8923,9109
050,12,095,"Florida","Orange County",1,57,17764,8767,8997
050,12,095,"Florida","Orange County",1,58,17538,8693,8845
050,12,095,"Florida","Orange County",1,59,17047,8431,8616
050,12,095,"Florida","Orange County",1,60,16275,7913,8362
050,12,095,"Florida","Orange County",1,61,15655,7599,8056
050,12,095,"Florida","Orange County",1,62,15246,7309,7937
050,12,095,"Florida","Orange County",1,63,14649,7022,7627
050,12,095,"Florida","Orange County",1,64,13750,6533,7217
050,12,095,"Florida","Orange County",1,65,13274,6214,7060
050,12,095,"Florida","Orange County",1,66,12744,5936,6808
050,12,095,"Florida","Orange County",1,67,12118,5606,6512
050,12,095,"Florida","Orange County",1,68,11554,5368,6186
050,12,095,"Florida","Orange County",1,69,10674,4839,5835
050,12,095,"Florida","Orange County",1,70,10309,4749,5560
050,12,095,"Florida","Orange County",1,71,9918,4545,5373
050,12,095,"Florida","Orange County",1,72,10015,4546,5469
050,12,095,"Florida","Orange County",1,73,9816,4466,5350
050,12,095,"Florida","Orange County",1,74,7176,3152,4024
050,12,095,"Florida","Orange County",1,75,6931,3063,3868
050,12,095,"Florida","Orange County",1,76,6562,2939,3623
050,12,095,"Florida","Orange County",1,77,6335,2745,3590
050,12,095,"Florida","Orange County",1,78,5438,2395,3043
050,12,095,"Florida","Orange County",1,79,4877,2120,2757
050,12,095,"Florida","Orange County",1,80,4384,1856,2528
050,12,095,"Florida","Orange County",1,81,3987,1681,2306
050,12,095,"Florida","Orange County",1,82,3808,1601,2207
050,12,095,"Florida","Orange County",1,83,3495,1461,2034
050,12,095,"Florida","Orange County",1,84,3187,1328,1859
050,12,095,"Florida","Orange County",1,85,18288,6524,11764
050,12,095,"Florida","Orange County",2,0,16245,8287,7958
050,12,095,"Florida","Orange County",2,1,16558,8414,8144
050,12,095,"Florida","Orange County",2,2,16653,8568,8085
050,12,095,"Florida","Orange County",2,3,16732,8623,8109
050,12,095,"Florida","Orange County",2,4,17124,8842,8282
050,12,095,"Florida","Orange County",2,5,17242,8750,8492
050,12,095,"Florida","Orange County",2,6,17213,8713,8500
050,12,095,"Florida","Orange County",2,7,17271,8813,8458
050,12,095,"Florida","Orange County",2,8,17316,8852,8464
050,12,095,"Florida","Orange County",2,9,17266,8828,8438
050,12,095,"Florida","Orange County",2,10,17306,8892,8414
050,12,095,"Florida","Orange County",2,11,17598,9093,8505
050,12,095,"Florida","Orange County",2,12,18373,9469,8904
050,12,095,"Florida","Orange County",2,13,18384,9417,8967
050,12,095,"Florida","Orange County",2,14,18157,9301,8856
050,12,095,"Florida","Orange County",2,15,17899,9187,8712
050,12,095,"Florida","Orange County",2,16,17762,9051,8711
050,12,095,"Florida","Orange County",2,17,17478,8844,8634
050,12,095,"Florida","Orange County",2,18,20038,9960,10078
050,12,095,"Florida","Orange County",2,19,22555,10978,11577
050,12,095,"Florida","Orange County",2,20,21904,10699,11205
050,12,095,"Florida","Orange County",2,21,20952,10187,10765
050,12,095,"Florida","Orange County",2,22,20341,9891,10450
050,12,095,"Florida","Orange County",2,23,20696,10092,10604
050,12,095,"Florida","Orange County",2,24,21560,10510,11050
050,12,095,"Florida","Orange County",2,25,22433,10985,11448
050,12,095,"Florida","Orange County",2,26,23237,11556,11681
050,12,095,"Florida","Orange County",2,27,23484,11693,11791
050,12,095,"Florida","Orange County",2,28,23968,12081,11887
050,12,095,"Florida","Orange County",2,29,24448,12338,12110
050,12,095,"Florida","Orange County",2,30,24751,12510,12241
050,12,095,"Florida","Orange County",2,31,23840,12031,11809
050,12,095,"Florida","Orange County",2,32,23191,11656,11535
050,12,095,"Florida","Orange County",2,33,22517,11363,11154
050,12,095,"Florida","Orange County",2,34,22302,11329,10973
050,12,095,"Florida","Orange County",2,35,22152,11200,10952
050,12,095,"Florida","Orange County",2,36,21262,10610,10652
050,12,095,"Florida","Orange County",2,37,21606,10828,10778
050,12,095,"Florida","Orange County",2,38,21619,10866,10753
050,12,095,"Florida","Orange County",2,39,21317,10685,10632
050,12,095,"Florida","Orange County",2,40,21154,10518,10636
050,12,095,"Florida","Orange County",2,41,20574,10125,10449
050,12,095,"Florida","Orange County",2,42,20446,10198,10248
050,12,095,"Florida","Orange County",2,43,20104,9967,10137
050,12,095,"Florida","Orange County",2,44,19321,9535,9786
050,12,095,"Florida","Orange County",2,45,19218,9480,9738
050,12,095,"Florida","Orange County",2,46,18624,9121,9503
050,12,095,"Florida","Orange County",2,47,18443,9096,9347
050,12,095,"Florida","Orange County",2,48,19072,9490,9582
050,12,095,"Florida","Orange County",2,49,19838,9904,9934
050,12,095,"Florida","Orange County",2,50,19147,9547,9600
050,12,095,"Florida","Orange County",2,51,18105,9087,9018
050,12,095,"Florida","Orange County",2,52,17769,8841,8928
050,12,095,"Florida","Orange County",2,53,17701,8817,8884
050,12,095,"Florida","Orange County",2,54,17778,8817,8961
050,12,095,"Florida","Orange County",2,55,18246,8989,9257
050,12,095,"Florida","Orange County",2,56,18138,8968,9170
050,12,095,"Florida","Orange County",2,57,17820,8811,9009
050,12,095,"Florida","Orange County",2,58,17591,8706,8885
050,12,095,"Florida","Orange County",2,59,17116,8455,8661
050,12,095,"Florida","Orange County",2,60,16455,8031,8424
050,12,095,"Florida","Orange County",2,61,15736,7636,8100
050,12,095,"Florida","Orange County",2,62,15257,7326,7931
050,12,095,"Florida","Orange County",2,63,14839,7112,7727
050,12,095,"Florida","Orange County",2,64,13861,6589,7272
050,12,095,"Florida","Orange County",2,65,13342,6267,7075
050,12,095,"Florida","Orange County",2,66,12832,5970,6862
050,12,095,"Florida","Orange County",2,67,12202,5647,6555
050,12,095,"Florida","Orange County",2,68,11584,5378,6206
050,12,095,"Florida","Orange County",2,69,10877,4950,5927
050,12,095,"Florida","Orange County",2,70,10348,4747,5601
050,12,095,"Florida","Orange County",2,71,9970,4565,5405
050,12,095,"Florida","Orange County",2,72,9857,4475,5382
050,12,095,"Florida","Orange County",2,73,10154,4620,5534
050,12,095,"Florida","Orange County",2,74,7438,3284,4154
050,12,095,"Florida","Orange County",2,75,6977,3077,3900
050,12,095,"Florida","Orange County",2,76,6562,2918,3644
050,12,095,"Florida","Orange County",2,77,6439,2808,3631
050,12,095,"Florida","Orange County",2,78,5560,2432,3128
050,12,095,"Florida","Orange County",2,79,4954,2157,2797
050,12,095,"Florida","Orange County",2,80,4481,1909,2572
050,12,095,"Florida","Orange County",2,81,4029,1705,2324
050,12,095,"Florida","Orange County",2,82,3827,1604,2223
050,12,095,"Florida","Orange County",2,83,3501,1453,2048
050,12,095,"Florida","Orange County",2,84,3227,1332,1895
050,12,095,"Florida","Orange County",2,85,18415,6587,11828
050,12,095,"Florida","Orange County",3,0,15257,7658,7599
050,12,095,"Florida","Orange County",3,1,15860,8079,7781
050,12,095,"Florida","Orange County",3,2,16380,8373,8007
050,12,095,"Florida","Orange County",3,3,16358,8408,7950
050,12,095,"Florida","Orange County",3,4,16572,8528,8044
050,12,095,"Florida","Orange County",3,5,16830,8643,8187
050,12,095,"Florida","Orange County",3,6,17063,8687,8376
050,12,095,"Florida","Orange County",3,7,17061,8640,8421
050,12,095,"Florida","Orange County",3,8,17005,8780,8225
050,12,095,"Florida","Orange County",3,9,17190,8781,8409
050,12,095,"Florida","Orange County",3,10,17077,8744,8333
050,12,095,"Florida","Orange County",3,11,17077,8793,8284
050,12,095,"Florida","Orange County",3,12,17321,8928,8393
050,12,095,"Florida","Orange County",3,13,18160,9358,8802
050,12,095,"Florida","Orange County",3,14,18115,9244,8871
050,12,095,"Florida","Orange County",3,15,17965,9199,8766
050,12,095,"Florida","Orange County",3,16,17668,9024,8644
050,12,095,"Florida","Orange County",3,17,17724,9005,8719
050,12,095,"Florida","Orange County",3,18,19968,9935,10033
050,12,095,"Florida","Orange County",3,19,22477,10892,11585
050,12,095,"Florida","Orange County",3,20,21870,10722,11148
050,12,095,"Florida","Orange County",3,21,21387,10421,10966
050,12,095,"Florida","Orange County",3,22,20040,9737,10303
050,12,095,"Florida","Orange County",3,23,20232,9858,10374
050,12,095,"Florida","Orange County",3,24,20951,10284,10667
050,12,095,"Florida","Orange County",3,25,21689,10617,11072
050,12,095,"Florida","Orange County",3,26,22371,11121,11250
050,12,095,"Florida","Orange County",3,27,22970,11469,11501
050,12,095,"Florida","Orange County",3,28,22946,11516,11430
050,12,095,"Florida","Orange County",3,29,23496,11919,11577
050,12,095,"Florida","Orange County",3,30,23854,12051,11803
050,12,095,"Florida","Orange County",3,31,24160,12131,12029
050,12,095,"Florida","Orange County",3,32,23361,11785,11576
050,12,095,"Florida","Orange County",3,33,22782,11400,11382
050,12,095,"Florida","Orange County",3,34,22212,11266,10946
050,12,095,"Florida","Orange County",3,35,21993,11147,10846
050,12,095,"Florida","Orange County",3,36,21820,11042,10778
050,12,095,"Florida","Orange County",3,37,21046,10606,10440
050,12,095,"Florida","Orange County",3,38,21445,10746,10699
050,12,095,"Florida","Orange County",3,39,21500,10796,10704
050,12,095,"Florida","Orange County",3,40,20885,10429,10456
050,12,095,"Florida","Orange County",3,41,21006,10491,10515
050,12,095,"Florida","Orange County",3,42,20332,10013,10319
050,12,095,"Florida","Orange County",3,43,20077,9937,10140
050,12,095,"Florida","Orange County",3,44,19941,9886,10055
050,12,095,"Florida","Orange County",3,45,19098,9430,9668
050,12,095,"Florida","Orange County",3,46,19058,9384,9674
050,12,095,"Florida","Orange County",3,47,18320,8974,9346
050,12,095,"Florida","Orange County",3,48,18352,9029,9323
050,12,095,"Florida","Orange County",3,49,18858,9373,9485
050,12,095,"Florida","Orange County",3,50,19580,9826,9754
050,12,095,"Florida","Orange County",3,51,18988,9532,9456
050,12,095,"Florida","Orange County",3,52,17793,8924,8869
050,12,095,"Florida","Orange County",3,53,17682,8787,8895
050,12,095,"Florida","Orange County",3,54,17534,8718,8816
050,12,095,"Florida","Orange County",3,55,17544,8724,8820
050,12,095,"Florida","Orange County",3,56,17957,8835,9122
050,12,095,"Florida","Orange County",3,57,17842,8828,9014
050,12,095,"Florida","Orange County",3,58,17577,8729,8848
050,12,095,"Florida","Orange County",3,59,17303,8529,8774
050,12,095,"Florida","Orange County",3,60,16719,8226,8493
050,12,095,"Florida","Orange County",3,61,16126,7897,8229
050,12,095,"Florida","Orange County",3,62,15407,7456,7951
050,12,095,"Florida","Orange County",3,63,14996,7212,7784
050,12,095,"Florida","Orange County",3,64,14539,6975,7564
050,12,095,"Florida","Orange County",3,65,13624,6457,7167
050,12,095,"Florida","Orange County",3,66,13034,6092,6942
050,12,095,"Florida","Orange County",3,67,12643,5871,6772
050,12,095,"Florida","Orange County",3,68,11969,5533,6436
050,12,095,"Florida","Orange County",3,69,11344,5220,6124
050,12,095,"Florida","Orange County",3,70,10655,4814,5841
050,12,095,"Florida","Orange County",3,71,10125,4608,5517
050,12,095,"Florida","Orange County",3,72,9852,4470,5382
050,12,095,"Florida","Orange County",3,73,9588,4310,5278
050,12,095,"Florida","Orange County",3,74,9928,4509,5419
050,12,095,"Florida","Orange County",3,75,7211,3148,4063
050,12,095,"Florida","Orange County",3,76,6726,2950,3776
050,12,095,"Florida","Orange County",3,77,6366,2799,3567
050,12,095,"Florida","Orange County",3,78,6214,2666,3548
050,12,095,"Florida","Orange County",3,79,5326,2317,3009
050,12,095,"Florida","Orange County",3,80,4781,2066,2715
050,12,095,"Florida","Orange County",3,81,4229,1800,2429
050,12,095,"Florida","Orange County",3,82,3831,1603,2228
050,12,095,"Florida","Orange County",3,83,3574,1467,2107
050,12,095,"Florida","Orange County",3,84,3288,1326,1962
050,12,095,"Florida","Orange County",3,85,18686,6789,11897
050,12,095,"Florida","Orange County",4,0,16569,8422,8147
050,12,095,"Florida","Orange County",4,1,15652,7810,7842
050,12,095,"Florida","Orange County",4,2,16122,8164,7958
050,12,095,"Florida","Orange County",4,3,16530,8452,8078
050,12,095,"Florida","Orange County",4,4,16505,8503,8002
050,12,095,"Florida","Orange County",4,5,16791,8610,8181
050,12,095,"Florida","Orange County",4,6,16967,8749,8218
050,12,095,"Florida","Orange County",4,7,17209,8721,8488
050,12,095,"Florida","Orange County",4,8,17291,8806,8485
050,12,095,"Florida","Orange County",4,9,17437,8987,8450
050,12,095,"Florida","Orange County",4,10,17316,8852,8464
050,12,095,"Florida","Orange County",4,11,17417,8918,8499
050,12,095,"Florida","Orange County",4,12,17198,8868,8330
050,12,095,"Florida","Orange County",4,13,17663,9079,8584
050,12,095,"Florida","Orange County",4,14,18408,9477,8931
050,12,095,"Florida","Orange County",4,15,18266,9263,9003
050,12,095,"Florida","Orange County",4,16,18125,9285,8840
050,12,095,"Florida","Orange County",4,17,17867,9074,8793
050,12,095,"Florida","Orange County",4,18,20357,10138,10219
050,12,095,"Florida","Orange County",4,19,22422,10986,11436
050,12,095,"Florida","Orange County",4,20,21902,10662,11240
050,12,095,"Florida","Orange County",4,21,21494,10513,10981
050,12,095,"Florida","Orange County",4,22,20784,10141,10643
050,12,095,"Florida","Orange County",4,23,20446,9911,10535
050,12,095,"Florida","Orange County",4,24,21275,10345,10930
050,12,095,"Florida","Orange County",4,25,21869,10770,11099
050,12,095,"Florida","Orange County",4,26,22365,11004,11361
050,12,095,"Florida","Orange County",4,27,22865,11355,11510
050,12,095,"Florida","Orange County",4,28,23132,11586,11546
050,12,095,"Florida","Orange County",4,29,23146,11738,11408
050,12,095,"Florida","Orange County",4,30,23743,12022,11721
050,12,095,"Florida","Orange County",4,31,23982,11984,11998
050,12,095,"Florida","Orange County",4,32,24241,12125,12116
050,12,095,"Florida","Orange County",4,33,23538,11902,11636
050,12,095,"Florida","Orange County",4,34,23044,11554,11490
050,12,095,"Florida","Orange County",4,35,22445,11382,11063
050,12,095,"Florida","Orange County",4,36,22027,11121,10906
050,12,095,"Florida","Orange County",4,37,22104,11243,10861
050,12,095,"Florida","Orange County",4,38,21288,10672,10616
050,12,095,"Florida","Orange County",4,39,21960,10985,10975
050,12,095,"Florida","Orange County",4,40,21665,10869,10796
050,12,095,"Florida","Orange County",4,41,21162,10545,10617
050,12,095,"Florida","Orange County",4,42,21248,10611,10637
050,12,095,"Florida","Orange County",4,43,20340,9993,10347
050,12,095,"Florida","Orange County",4,44,20333,10098,10235
050,12,095,"Florida","Orange County",4,45,20175,10015,10160
050,12,095,"Florida","Orange County",4,46,19199,9384,9815
050,12,095,"Florida","Orange County",4,47,19054,9351,9703
050,12,095,"Florida","Orange County",4,48,18590,9098,9492
050,12,095,"Florida","Orange County",4,49,18408,9032,9376
050,12,095,"Florida","Orange County",4,50,18930,9421,9509
050,12,095,"Florida","Orange County",4,51,19743,9900,9843
050,12,095,"Florida","Orange County",4,52,18962,9493,9469
050,12,095,"Florida","Orange County",4,53,17989,9062,8927
050,12,095,"Florida","Orange County",4,54,17729,8692,9037
050,12,095,"Florida","Orange County",4,55,17463,8704,8759
050,12,095,"Florida","Orange County",4,56,17547,8761,8786
050,12,095,"Florida","Orange County",4,57,17884,8806,9078
050,12,095,"Florida","Orange County",4,58,17749,8762,8987
050,12,095,"Florida","Orange County",4,59,17436,8663,8773
050,12,095,"Florida","Orange County",4,60,17202,8464,8738
050,12,095,"Florida","Orange County",4,61,16631,8200,8431
050,12,095,"Florida","Orange County",4,62,15979,7785,8194
050,12,095,"Florida","Orange County",4,63,15289,7353,7936
050,12,095,"Florida","Orange County",4,64,14785,7104,7681
050,12,095,"Florida","Orange County",4,65,14412,6905,7507
050,12,095,"Florida","Orange County",4,66,13393,6310,7083
050,12,095,"Florida","Orange County",4,67,12884,5982,6902
050,12,095,"Florida","Orange County",4,68,12451,5766,6685
050,12,095,"Florida","Orange County",4,69,11749,5375,6374
050,12,095,"Florida","Orange County",4,70,11035,5037,5998
050,12,095,"Florida","Orange County",4,71,10462,4711,5751
050,12,095,"Florida","Orange County",4,72,10018,4530,5488
050,12,095,"Florida","Orange County",4,73,9559,4315,5244
050,12,095,"Florida","Orange County",4,74,9332,4183,5149
050,12,095,"Florida","Orange County",4,75,9694,4342,5352
050,12,095,"Florida","Orange County",4,76,7000,3035,3965
050,12,095,"Florida","Orange County",4,77,6613,2841,3772
050,12,095,"Florida","Orange County",4,78,6228,2702,3526
050,12,095,"Florida","Orange County",4,79,5925,2504,3421
050,12,095,"Florida","Orange County",4,80,5143,2218,2925
050,12,095,"Florida","Orange County",4,81,4550,1983,2567
050,12,095,"Florida","Orange County",4,82,4057,1702,2355
050,12,095,"Florida","Orange County",4,83,3612,1502,2110
050,12,095,"Florida","Orange County",4,84,3339,1350,1989
050,12,095,"Florida","Orange County",4,85,19051,6960,12091
050,12,095,"Florida","Orange County",5,0,16742,8526,8216
050,12,095,"Florida","Orange County",5,1,16504,8442,8062
050,12,095,"Florida","Orange County",5,2,15618,7871,7747
050,12,095,"Florida","Orange County",5,3,16305,8297,8008
050,12,095,"Florida","Orange County",5,4,16656,8568,8088
050,12,095,"Florida","Orange County",5,5,16564,8554,8010
050,12,095,"Florida","Orange County",5,6,16967,8656,8311
050,12,095,"Florida","Orange County",5,7,17255,8861,8394
050,12,095,"Florida","Orange County",5,8,17403,8841,8562
050,12,095,"Florida","Orange County",5,9,17497,8916,8581
050,12,095,"Florida","Orange County",5,10,17582,9100,8482
050,12,095,"Florida","Orange County",5,11,17615,8982,8633
050,12,095,"Florida","Orange County",5,12,17533,8995,8538
050,12,095,"Florida","Orange County",5,13,17453,8960,8493
050,12,095,"Florida","Orange County",5,14,17903,9212,8691
050,12,095,"Florida","Orange County",5,15,18559,9509,9050
050,12,095,"Florida","Orange County",5,16,18371,9340,9031
050,12,095,"Florida","Orange County",5,17,18384,9338,9046
050,12,095,"Florida","Orange County",5,18,20494,10211,10283
050,12,095,"Florida","Orange County",5,19,22744,11119,11625
050,12,095,"Florida","Orange County",5,20,21834,10761,11073
050,12,095,"Florida","Orange County",5,21,21504,10465,11039
050,12,095,"Florida","Orange County",5,22,20939,10268,10671
050,12,095,"Florida","Orange County",5,23,20883,10200,10683
050,12,095,"Florida","Orange County",5,24,21159,10208,10951
050,12,095,"Florida","Orange County",5,25,21581,10534,11047
050,12,095,"Florida","Orange County",5,26,22307,11031,11276
050,12,095,"Florida","Orange County",5,27,22493,11116,11377
050,12,095,"Florida","Orange County",5,28,22746,11243,11503
050,12,095,"Florida","Orange County",5,29,23126,11498,11628
050,12,095,"Florida","Orange County",5,30,23253,11762,11491
050,12,095,"Florida","Orange County",5,31,23842,11965,11877
050,12,095,"Florida","Orange County",5,32,24176,12097,12079
050,12,095,"Florida","Orange County",5,33,24426,12313,12113
050,12,095,"Florida","Orange County",5,34,23763,12040,11723
050,12,095,"Florida","Orange County",5,35,23094,11538,11556
050,12,095,"Florida","Orange County",5,36,22585,11404,11181
050,12,095,"Florida","Orange County",5,37,22411,11350,11061
050,12,095,"Florida","Orange County",5,38,22392,11276,11116
050,12,095,"Florida","Orange County",5,39,21744,10981,10763
050,12,095,"Florida","Orange County",5,40,22216,11138,11078
050,12,095,"Florida","Orange County",5,41,21904,11002,10902
050,12,095,"Florida","Orange County",5,42,21242,10561,10681
050,12,095,"Florida","Orange County",5,43,21231,10571,10660
050,12,095,"Florida","Orange County",5,44,20602,10218,10384
050,12,095,"Florida","Orange County",5,45,20460,10112,10348
050,12,095,"Florida","Orange County",5,46,20164,9965,10199
050,12,095,"Florida","Orange County",5,47,19272,9411,9861
050,12,095,"Florida","Orange County",5,48,19266,9435,9831
050,12,095,"Florida","Orange County",5,49,18570,9070,9500
050,12,095,"Florida","Orange County",5,50,18627,9180,9447
050,12,095,"Florida","Orange County",5,51,18996,9509,9487
050,12,095,"Florida","Orange County",5,52,19655,9810,9845
050,12,095,"Florida","Orange County",5,53,18994,9505,9489
050,12,095,"Florida","Orange County",5,54,17861,8909,8952
050,12,095,"Florida","Orange County",5,55,17610,8660,8950
050,12,095,"Florida","Orange County",5,56,17241,8594,8647
050,12,095,"Florida","Orange County",5,57,17415,8680,8735
050,12,095,"Florida","Orange County",5,58,17756,8807,8949
050,12,095,"Florida","Orange County",5,59,17705,8746,8959
050,12,095,"Florida","Orange County",5,60,17294,8563,8731
050,12,095,"Florida","Orange County",5,61,17057,8391,8666
050,12,095,"Florida","Orange County",5,62,16405,8043,8362
050,12,095,"Florida","Orange County",5,63,15831,7735,8096
050,12,095,"Florida","Orange County",5,64,15179,7259,7920
050,12,095,"Florida","Orange County",5,65,14599,6932,7667
050,12,095,"Florida","Orange County",5,66,14214,6770,7444
050,12,095,"Florida","Orange County",5,67,13198,6221,6977
050,12,095,"Florida","Orange County",5,68,12698,5890,6808
050,12,095,"Florida","Orange County",5,69,12201,5583,6618
050,12,095,"Florida","Orange County",5,70,11496,5231,6265
050,12,095,"Florida","Orange County",5,71,10871,4928,5943
050,12,095,"Florida","Orange County",5,72,10347,4651,5696
050,12,095,"Florida","Orange County",5,73,9728,4352,5376
050,12,095,"Florida","Orange County",5,74,9363,4213,5150
050,12,095,"Florida","Orange County",5,75,9119,4033,5086
050,12,095,"Florida","Orange County",5,76,9349,4181,5168
050,12,095,"Florida","Orange County",5,77,6944,2937,4007
050,12,095,"Florida","Orange County",5,78,6457,2741,3716
050,12,095,"Florida","Orange County",5,79,5954,2568,3386
050,12,095,"Florida","Orange County",5,80,5699,2403,3296
050,12,095,"Florida","Orange County",5,81,4919,2123,2796
050,12,095,"Florida","Orange County",5,82,4357,1892,2465
050,12,095,"Florida","Orange County",5,83,3823,1602,2221
050,12,095,"Florida","Orange County",5,84,3392,1375,2017
050,12,095,"Florida","Orange County",5,85,19728,7280,12448
050,12,097,"Florida","Osceola County",1,0,4401,2244,2157
050,12,097,"Florida","Osceola County",1,1,4538,2314,2224
050,12,097,"Florida","Osceola County",1,2,4752,2391,2361
050,12,097,"Florida","Osceola County",1,3,4837,2511,2326
050,12,097,"Florida","Osceola County",1,4,4978,2568,2410
050,12,097,"Florida","Osceola County",1,5,5030,2588,2442
050,12,097,"Florida","Osceola County",1,6,5081,2600,2481
050,12,097,"Florida","Osceola County",1,7,5098,2698,2400
050,12,097,"Florida","Osceola County",1,8,5293,2792,2501
050,12,097,"Florida","Osceola County",1,9,5288,2795,2493
050,12,097,"Florida","Osceola County",1,10,5397,2821,2576
050,12,097,"Florida","Osceola County",1,11,5489,2839,2650
050,12,097,"Florida","Osceola County",1,12,5791,3045,2746
050,12,097,"Florida","Osceola County",1,13,5738,2941,2797
050,12,097,"Florida","Osceola County",1,14,5691,2906,2785
050,12,097,"Florida","Osceola County",1,15,5707,2918,2789
050,12,097,"Florida","Osceola County",1,16,5671,2846,2825
050,12,097,"Florida","Osceola County",1,17,5315,2720,2595
050,12,097,"Florida","Osceola County",1,18,5249,2718,2531
050,12,097,"Florida","Osceola County",1,19,4804,2483,2321
050,12,097,"Florida","Osceola County",1,20,4895,2451,2444
050,12,097,"Florida","Osceola County",1,21,4921,2485,2436
050,12,097,"Florida","Osceola County",1,22,4946,2430,2516
050,12,097,"Florida","Osceola County",1,23,5177,2555,2622
050,12,097,"Florida","Osceola County",1,24,5255,2600,2655
050,12,097,"Florida","Osceola County",1,25,5341,2700,2641
050,12,097,"Florida","Osceola County",1,26,5250,2603,2647
050,12,097,"Florida","Osceola County",1,27,5380,2665,2715
050,12,097,"Florida","Osceola County",1,28,5477,2743,2734
050,12,097,"Florida","Osceola County",1,29,5595,2784,2811
050,12,097,"Florida","Osceola County",1,30,5735,2914,2821
050,12,097,"Florida","Osceola County",1,31,5566,2866,2700
050,12,097,"Florida","Osceola County",1,32,5549,2864,2685
050,12,097,"Florida","Osceola County",1,33,5547,2835,2712
050,12,097,"Florida","Osceola County",1,34,5625,2884,2741
050,12,097,"Florida","Osceola County",1,35,5514,2778,2736
050,12,097,"Florida","Osceola County",1,36,5632,2827,2805
050,12,097,"Florida","Osceola County",1,37,5897,3019,2878
050,12,097,"Florida","Osceola County",1,38,5956,3031,2925
050,12,097,"Florida","Osceola County",1,39,5800,2943,2857
050,12,097,"Florida","Osceola County",1,40,5732,2909,2823
050,12,097,"Florida","Osceola County",1,41,5678,2839,2839
050,12,097,"Florida","Osceola County",1,42,5788,2903,2885
050,12,097,"Florida","Osceola County",1,43,5642,2733,2909
050,12,097,"Florida","Osceola County",1,44,5532,2714,2818
050,12,097,"Florida","Osceola County",1,45,5500,2691,2809
050,12,097,"Florida","Osceola County",1,46,5329,2581,2748
050,12,097,"Florida","Osceola County",1,47,5309,2592,2717
050,12,097,"Florida","Osceola County",1,48,5437,2672,2765
050,12,097,"Florida","Osceola County",1,49,5416,2629,2787
050,12,097,"Florida","Osceola County",1,50,5135,2460,2675
050,12,097,"Florida","Osceola County",1,51,4969,2487,2482
050,12,097,"Florida","Osceola County",1,52,4843,2378,2465
050,12,097,"Florida","Osceola County",1,53,4908,2393,2515
050,12,097,"Florida","Osceola County",1,54,4842,2385,2457
050,12,097,"Florida","Osceola County",1,55,4977,2512,2465
050,12,097,"Florida","Osceola County",1,56,4935,2495,2440
050,12,097,"Florida","Osceola County",1,57,4665,2263,2402
050,12,097,"Florida","Osceola County",1,58,4600,2281,2319
050,12,097,"Florida","Osceola County",1,59,4425,2174,2251
050,12,097,"Florida","Osceola County",1,60,4180,2052,2128
050,12,097,"Florida","Osceola County",1,61,4118,1988,2130
050,12,097,"Florida","Osceola County",1,62,4069,1951,2118
050,12,097,"Florida","Osceola County",1,63,3854,1818,2036
050,12,097,"Florida","Osceola County",1,64,3825,1804,2021
050,12,097,"Florida","Osceola County",1,65,3736,1741,1995
050,12,097,"Florida","Osceola County",1,66,3579,1595,1984
050,12,097,"Florida","Osceola County",1,67,3410,1563,1847
050,12,097,"Florida","Osceola County",1,68,3392,1553,1839
050,12,097,"Florida","Osceola County",1,69,3231,1507,1724
050,12,097,"Florida","Osceola County",1,70,3133,1492,1641
050,12,097,"Florida","Osceola County",1,71,2874,1364,1510
050,12,097,"Florida","Osceola County",1,72,2910,1330,1580
050,12,097,"Florida","Osceola County",1,73,2984,1376,1608
050,12,097,"Florida","Osceola County",1,74,2303,1042,1261
050,12,097,"Florida","Osceola County",1,75,2245,1008,1237
050,12,097,"Florida","Osceola County",1,76,2161,950,1211
050,12,097,"Florida","Osceola County",1,77,2037,904,1133
050,12,097,"Florida","Osceola County",1,78,1756,776,980
050,12,097,"Florida","Osceola County",1,79,1577,685,892
050,12,097,"Florida","Osceola County",1,80,1404,619,785
050,12,097,"Florida","Osceola County",1,81,1271,561,710
050,12,097,"Florida","Osceola County",1,82,1154,491,663
050,12,097,"Florida","Osceola County",1,83,1020,446,574
050,12,097,"Florida","Osceola County",1,84,914,397,517
050,12,097,"Florida","Osceola County",1,85,4659,1756,2903
050,12,097,"Florida","Osceola County",2,0,4418,2281,2137
050,12,097,"Florida","Osceola County",2,1,4569,2330,2239
050,12,097,"Florida","Osceola County",2,2,4742,2398,2344
050,12,097,"Florida","Osceola County",2,3,4850,2493,2357
050,12,097,"Florida","Osceola County",2,4,4977,2565,2412
050,12,097,"Florida","Osceola County",2,5,5055,2608,2447
050,12,097,"Florida","Osceola County",2,6,5101,2628,2473
050,12,097,"Florida","Osceola County",2,7,5131,2692,2439
050,12,097,"Florida","Osceola County",2,8,5261,2773,2488
050,12,097,"Florida","Osceola County",2,9,5328,2810,2518
050,12,097,"Florida","Osceola County",2,10,5402,2832,2570
050,12,097,"Florida","Osceola County",2,11,5466,2835,2631
050,12,097,"Florida","Osceola County",2,12,5775,3025,2750
050,12,097,"Florida","Osceola County",2,13,5762,2973,2789
050,12,097,"Florida","Osceola County",2,14,5728,2927,2801
050,12,097,"Florida","Osceola County",2,15,5741,2933,2808
050,12,097,"Florida","Osceola County",2,16,5687,2870,2817
050,12,097,"Florida","Osceola County",2,17,5422,2755,2667
050,12,097,"Florida","Osceola County",2,18,5155,2673,2482
050,12,097,"Florida","Osceola County",2,19,4836,2492,2344
050,12,097,"Florida","Osceola County",2,20,4981,2511,2470
050,12,097,"Florida","Osceola County",2,21,4966,2496,2470
050,12,097,"Florida","Osceola County",2,22,5013,2471,2542
050,12,097,"Florida","Osceola County",2,23,5178,2544,2634
050,12,097,"Florida","Osceola County",2,24,5270,2605,2665
050,12,097,"Florida","Osceola County",2,25,5362,2699,2663
050,12,097,"Florida","Osceola County",2,26,5320,2655,2665
050,12,097,"Florida","Osceola County",2,27,5371,2665,2706
050,12,097,"Florida","Osceola County",2,28,5500,2747,2753
050,12,097,"Florida","Osceola County",2,29,5611,2797,2814
050,12,097,"Florida","Osceola County",2,30,5780,2926,2854
050,12,097,"Florida","Osceola County",2,31,5630,2884,2746
050,12,097,"Florida","Osceola County",2,32,5592,2885,2707
050,12,097,"Florida","Osceola County",2,33,5588,2863,2725
050,12,097,"Florida","Osceola County",2,34,5644,2896,2748
050,12,097,"Florida","Osceola County",2,35,5607,2844,2763
050,12,097,"Florida","Osceola County",2,36,5613,2822,2791
050,12,097,"Florida","Osceola County",2,37,5879,2993,2886
050,12,097,"Florida","Osceola County",2,38,6008,3055,2953
050,12,097,"Florida","Osceola County",2,39,5850,2970,2880
050,12,097,"Florida","Osceola County",2,40,5846,2973,2873
050,12,097,"Florida","Osceola County",2,41,5706,2863,2843
050,12,097,"Florida","Osceola County",2,42,5784,2904,2880
050,12,097,"Florida","Osceola County",2,43,5738,2806,2932
050,12,097,"Florida","Osceola County",2,44,5560,2722,2838
050,12,097,"Florida","Osceola County",2,45,5542,2714,2828
050,12,097,"Florida","Osceola County",2,46,5380,2620,2760
050,12,097,"Florida","Osceola County",2,47,5331,2601,2730
050,12,097,"Florida","Osceola County",2,48,5435,2668,2767
050,12,097,"Florida","Osceola County",2,49,5461,2652,2809
050,12,097,"Florida","Osceola County",2,50,5241,2527,2714
050,12,097,"Florida","Osceola County",2,51,5007,2477,2530
050,12,097,"Florida","Osceola County",2,52,4895,2416,2479
050,12,097,"Florida","Osceola County",2,53,4879,2379,2500
050,12,097,"Florida","Osceola County",2,54,4842,2385,2457
050,12,097,"Florida","Osceola County",2,55,4966,2494,2472
050,12,097,"Florida","Osceola County",2,56,4974,2517,2457
050,12,097,"Florida","Osceola County",2,57,4727,2319,2408
050,12,097,"Florida","Osceola County",2,58,4628,2280,2348
050,12,097,"Florida","Osceola County",2,59,4477,2206,2271
050,12,097,"Florida","Osceola County",2,60,4266,2095,2171
050,12,097,"Florida","Osceola County",2,61,4143,2009,2134
050,12,097,"Florida","Osceola County",2,62,4077,1961,2116
050,12,097,"Florida","Osceola County",2,63,3933,1862,2071
050,12,097,"Florida","Osceola County",2,64,3802,1784,2018
050,12,097,"Florida","Osceola County",2,65,3777,1769,2008
050,12,097,"Florida","Osceola County",2,66,3630,1641,1989
050,12,097,"Florida","Osceola County",2,67,3448,1569,1879
050,12,097,"Florida","Osceola County",2,68,3376,1544,1832
050,12,097,"Florida","Osceola County",2,69,3287,1526,1761
050,12,097,"Florida","Osceola County",2,70,3152,1485,1667
050,12,097,"Florida","Osceola County",2,71,2936,1388,1548
050,12,097,"Florida","Osceola County",2,72,2866,1318,1548
050,12,097,"Florida","Osceola County",2,73,3060,1405,1655
050,12,097,"Florida","Osceola County",2,74,2363,1072,1291
050,12,097,"Florida","Osceola County",2,75,2253,1016,1237
050,12,097,"Florida","Osceola County",2,76,2158,948,1210
050,12,097,"Florida","Osceola County",2,77,2079,924,1155
050,12,097,"Florida","Osceola County",2,78,1780,781,999
050,12,097,"Florida","Osceola County",2,79,1594,688,906
050,12,097,"Florida","Osceola County",2,80,1435,633,802
050,12,097,"Florida","Osceola County",2,81,1282,567,715
050,12,097,"Florida","Osceola County",2,82,1160,497,663
050,12,097,"Florida","Osceola County",2,83,1043,455,588
050,12,097,"Florida","Osceola County",2,84,917,402,515
050,12,097,"Florida","Osceola County",2,85,4736,1796,2940
050,12,097,"Florida","Osceola County",3,0,4428,2259,2169
050,12,097,"Florida","Osceola County",3,1,4671,2384,2287
050,12,097,"Florida","Osceola County",3,2,4713,2391,2322
050,12,097,"Florida","Osceola County",3,3,5002,2526,2476
050,12,097,"Florida","Osceola County",3,4,5022,2574,2448
050,12,097,"Florida","Osceola County",3,5,5195,2698,2497
050,12,097,"Florida","Osceola County",3,6,5292,2752,2540
050,12,097,"Florida","Osceola County",3,7,5323,2740,2583
050,12,097,"Florida","Osceola County",3,8,5364,2829,2535
050,12,097,"Florida","Osceola County",3,9,5499,2842,2657
050,12,097,"Florida","Osceola County",3,10,5505,2910,2595
050,12,097,"Florida","Osceola County",3,11,5573,2932,2641
050,12,097,"Florida","Osceola County",3,12,5735,2940,2795
050,12,097,"Florida","Osceola County",3,13,6010,3133,2877
050,12,097,"Florida","Osceola County",3,14,6030,3092,2938
050,12,097,"Florida","Osceola County",3,15,5969,3062,2907
050,12,097,"Florida","Osceola County",3,16,5968,3060,2908
050,12,097,"Florida","Osceola County",3,17,5818,2944,2874
050,12,097,"Florida","Osceola County",3,18,5135,2634,2501
050,12,097,"Florida","Osceola County",3,19,4822,2484,2338
050,12,097,"Florida","Osceola County",3,20,5123,2627,2496
050,12,097,"Florida","Osceola County",3,21,5137,2592,2545
050,12,097,"Florida","Osceola County",3,22,5075,2510,2565
050,12,097,"Florida","Osceola County",3,23,5251,2574,2677
050,12,097,"Florida","Osceola County",3,24,5392,2630,2762
050,12,097,"Florida","Osceola County",3,25,5497,2717,2780
050,12,097,"Florida","Osceola County",3,26,5497,2758,2739
050,12,097,"Florida","Osceola County",3,27,5452,2707,2745
050,12,097,"Florida","Osceola County",3,28,5580,2780,2800
050,12,097,"Florida","Osceola County",3,29,5822,2892,2930
050,12,097,"Florida","Osceola County",3,30,5824,2910,2914
050,12,097,"Florida","Osceola County",3,31,6008,3024,2984
050,12,097,"Florida","Osceola County",3,32,5806,3013,2793
050,12,097,"Florida","Osceola County",3,33,5829,3002,2827
050,12,097,"Florida","Osceola County",3,34,5785,2921,2864
050,12,097,"Florida","Osceola County",3,35,5885,2975,2910
050,12,097,"Florida","Osceola County",3,36,5899,3025,2874
050,12,097,"Florida","Osceola County",3,37,5861,2904,2957
050,12,097,"Florida","Osceola County",3,38,6045,3055,2990
050,12,097,"Florida","Osceola County",3,39,6240,3190,3050
050,12,097,"Florida","Osceola County",3,40,6093,3094,2999
050,12,097,"Florida","Osceola County",3,41,6143,3103,3040
050,12,097,"Florida","Osceola County",3,42,5939,2976,2963
050,12,097,"Florida","Osceola County",3,43,6059,3053,3006
050,12,097,"Florida","Osceola County",3,44,5953,2901,3052
050,12,097,"Florida","Osceola County",3,45,5783,2847,2936
050,12,097,"Florida","Osceola County",3,46,5664,2779,2885
050,12,097,"Florida","Osceola County",3,47,5597,2743,2854
050,12,097,"Florida","Osceola County",3,48,5408,2657,2751
050,12,097,"Florida","Osceola County",3,49,5570,2738,2832
050,12,097,"Florida","Osceola County",3,50,5638,2765,2873
050,12,097,"Florida","Osceola County",3,51,5343,2563,2780
050,12,097,"Florida","Osceola County",3,52,5112,2521,2591
050,12,097,"Florida","Osceola County",3,53,4916,2421,2495
050,12,097,"Florida","Osceola County",3,54,4892,2365,2527
050,12,097,"Florida","Osceola County",3,55,4869,2389,2480
050,12,097,"Florida","Osceola County",3,56,4998,2506,2492
050,12,097,"Florida","Osceola County",3,57,5037,2538,2499
050,12,097,"Florida","Osceola County",3,58,4809,2329,2480
050,12,097,"Florida","Osceola County",3,59,4733,2312,2421
050,12,097,"Florida","Osceola County",3,60,4489,2216,2273
050,12,097,"Florida","Osceola County",3,61,4286,2079,2207
050,12,097,"Florida","Osceola County",3,62,4185,2016,2169
050,12,097,"Florida","Osceola County",3,63,4093,1925,2168
050,12,097,"Florida","Osceola County",3,64,3909,1842,2067
050,12,097,"Florida","Osceola County",3,65,3846,1833,2013
050,12,097,"Florida","Osceola County",3,66,3825,1796,2029
050,12,097,"Florida","Osceola County",3,67,3636,1617,2019
050,12,097,"Florida","Osceola County",3,68,3415,1535,1880
050,12,097,"Florida","Osceola County",3,69,3398,1539,1859
050,12,097,"Florida","Osceola County",3,70,3245,1516,1729
050,12,097,"Florida","Osceola County",3,71,3120,1455,1665
050,12,097,"Florida","Osceola County",3,72,2862,1353,1509
050,12,097,"Florida","Osceola County",3,73,2834,1293,1541
050,12,097,"Florida","Osceola County",3,74,3000,1382,1618
050,12,097,"Florida","Osceola County",3,75,2312,1040,1272
050,12,097,"Florida","Osceola County",3,76,2182,979,1203
050,12,097,"Florida","Osceola County",3,77,2115,931,1184
050,12,097,"Florida","Osceola County",3,78,1981,859,1122
050,12,097,"Florida","Osceola County",3,79,1705,735,970
050,12,097,"Florida","Osceola County",3,80,1519,645,874
050,12,097,"Florida","Osceola County",3,81,1327,577,750
050,12,097,"Florida","Osceola County",3,82,1212,533,679
050,12,097,"Florida","Osceola County",3,83,1085,464,621
050,12,097,"Florida","Osceola County",3,84,959,411,548
050,12,097,"Florida","Osceola County",3,85,4812,1865,2947
050,12,097,"Florida","Osceola County",4,0,4873,2516,2357
050,12,097,"Florida","Osceola County",4,1,4869,2591,2278
050,12,097,"Florida","Osceola County",4,2,4966,2518,2448
050,12,097,"Florida","Osceola County",4,3,5106,2571,2535
050,12,097,"Florida","Osceola County",4,4,5275,2618,2657
050,12,097,"Florida","Osceola County",4,5,5366,2772,2594
050,12,097,"Florida","Osceola County",4,6,5597,2933,2664
050,12,097,"Florida","Osceola County",4,7,5629,2922,2707
050,12,097,"Florida","Osceola County",4,8,5556,2841,2715
050,12,097,"Florida","Osceola County",4,9,5712,2959,2753
050,12,097,"Florida","Osceola County",4,10,5839,3025,2814
050,12,097,"Florida","Osceola County",4,11,5775,3025,2750
050,12,097,"Florida","Osceola County",4,12,5908,3094,2814
050,12,097,"Florida","Osceola County",4,13,5962,3023,2939
050,12,097,"Florida","Osceola County",4,14,6236,3236,3000
050,12,097,"Florida","Osceola County",4,15,6346,3260,3086
050,12,097,"Florida","Osceola County",4,16,6260,3239,3021
050,12,097,"Florida","Osceola County",4,17,6109,3108,3001
050,12,097,"Florida","Osceola County",4,18,5465,2845,2620
050,12,097,"Florida","Osceola County",4,19,4792,2472,2320
050,12,097,"Florida","Osceola County",4,20,5074,2605,2469
050,12,097,"Florida","Osceola County",4,21,5334,2727,2607
050,12,097,"Florida","Osceola County",4,22,5394,2676,2718
050,12,097,"Florida","Osceola County",4,23,5355,2621,2734
050,12,097,"Florida","Osceola County",4,24,5517,2731,2786
050,12,097,"Florida","Osceola County",4,25,5597,2709,2888
050,12,097,"Florida","Osceola County",4,26,5743,2858,2885
050,12,097,"Florida","Osceola County",4,27,5738,2878,2860
050,12,097,"Florida","Osceola County",4,28,5701,2815,2886
050,12,097,"Florida","Osceola County",4,29,5910,2913,2997
050,12,097,"Florida","Osceola County",4,30,5996,2973,3023
050,12,097,"Florida","Osceola County",4,31,6124,3080,3044
050,12,097,"Florida","Osceola County",4,32,6425,3232,3193
050,12,097,"Florida","Osceola County",4,33,6204,3200,3004
050,12,097,"Florida","Osceola County",4,34,6218,3240,2978
050,12,097,"Florida","Osceola County",4,35,6226,3157,3069
050,12,097,"Florida","Osceola County",4,36,6283,3181,3102
050,12,097,"Florida","Osceola County",4,37,6263,3174,3089
050,12,097,"Florida","Osceola County",4,38,6240,3086,3154
050,12,097,"Florida","Osceola County",4,39,6363,3242,3121
050,12,097,"Florida","Osceola County",4,40,6628,3352,3276
050,12,097,"Florida","Osceola County",4,41,6422,3226,3196
050,12,097,"Florida","Osceola County",4,42,6516,3323,3193
050,12,097,"Florida","Osceola County",4,43,6280,3137,3143
050,12,097,"Florida","Osceola County",4,44,6285,3182,3103
050,12,097,"Florida","Osceola County",4,45,6173,3046,3127
050,12,097,"Florida","Osceola County",4,46,6054,3058,2996
050,12,097,"Florida","Osceola County",4,47,5853,2912,2941
050,12,097,"Florida","Osceola County",4,48,5724,2793,2931
050,12,097,"Florida","Osceola County",4,49,5586,2769,2817
050,12,097,"Florida","Osceola County",4,50,5771,2850,2921
050,12,097,"Florida","Osceola County",4,51,5782,2846,2936
050,12,097,"Florida","Osceola County",4,52,5557,2702,2855
050,12,097,"Florida","Osceola County",4,53,5228,2558,2670
050,12,097,"Florida","Osceola County",4,54,5052,2472,2580
050,12,097,"Florida","Osceola County",4,55,5038,2418,2620
050,12,097,"Florida","Osceola County",4,56,4986,2454,2532
050,12,097,"Florida","Osceola County",4,57,5127,2565,2562
050,12,097,"Florida","Osceola County",4,58,5104,2585,2519
050,12,097,"Florida","Osceola County",4,59,4939,2377,2562
050,12,097,"Florida","Osceola County",4,60,4828,2347,2481
050,12,097,"Florida","Osceola County",4,61,4521,2220,2301
050,12,097,"Florida","Osceola County",4,62,4392,2161,2231
050,12,097,"Florida","Osceola County",4,63,4244,2011,2233
050,12,097,"Florida","Osceola County",4,64,4188,1968,2220
050,12,097,"Florida","Osceola County",4,65,4002,1880,2122
050,12,097,"Florida","Osceola County",4,66,3930,1875,2055
050,12,097,"Florida","Osceola County",4,67,3860,1806,2054
050,12,097,"Florida","Osceola County",4,68,3666,1609,2057
050,12,097,"Florida","Osceola County",4,69,3437,1541,1896
050,12,097,"Florida","Osceola County",4,70,3325,1499,1826
050,12,097,"Florida","Osceola County",4,71,3210,1487,1723
050,12,097,"Florida","Osceola County",4,72,3096,1435,1661
050,12,097,"Florida","Osceola County",4,73,2863,1346,1517
050,12,097,"Florida","Osceola County",4,74,2858,1319,1539
050,12,097,"Florida","Osceola County",4,75,2950,1352,1598
050,12,097,"Florida","Osceola County",4,76,2292,1039,1253
050,12,097,"Florida","Osceola County",4,77,2127,950,1177
050,12,097,"Florida","Osceola County",4,78,2026,870,1156
050,12,097,"Florida","Osceola County",4,79,1896,816,1080
050,12,097,"Florida","Osceola County",4,80,1619,676,943
050,12,097,"Florida","Osceola County",4,81,1441,598,843
050,12,097,"Florida","Osceola County",4,82,1270,545,725
050,12,097,"Florida","Osceola County",4,83,1130,491,639
050,12,097,"Florida","Osceola County",4,84,987,421,566
050,12,097,"Florida","Osceola County",4,85,4934,1923,3011
050,12,097,"Florida","Osceola County",5,0,4975,2580,2395
050,12,097,"Florida","Osceola County",5,1,5187,2695,2492
050,12,097,"Florida","Osceola County",5,2,5121,2681,2440
050,12,097,"Florida","Osceola County",5,3,5173,2611,2562
050,12,097,"Florida","Osceola County",5,4,5351,2649,2702
050,12,097,"Florida","Osceola County",5,5,5498,2693,2805
050,12,097,"Florida","Osceola County",5,6,5667,2928,2739
050,12,097,"Florida","Osceola County",5,7,5827,3000,2827
050,12,097,"Florida","Osceola County",5,8,5789,2998,2791
050,12,097,"Florida","Osceola County",5,9,5800,2955,2845
050,12,097,"Florida","Osceola County",5,10,5945,3058,2887
050,12,097,"Florida","Osceola County",5,11,6029,3109,2920
050,12,097,"Florida","Osceola County",5,12,6088,3197,2891
050,12,097,"Florida","Osceola County",5,13,6083,3153,2930
050,12,097,"Florida","Osceola County",5,14,6098,3099,2999
050,12,097,"Florida","Osceola County",5,15,6389,3315,3074
050,12,097,"Florida","Osceola County",5,16,6572,3369,3203
050,12,097,"Florida","Osceola County",5,17,6330,3256,3074
050,12,097,"Florida","Osceola County",5,18,5695,2978,2717
050,12,097,"Florida","Osceola County",5,19,5156,2662,2494
050,12,097,"Florida","Osceola County",5,20,5118,2601,2517
050,12,097,"Florida","Osceola County",5,21,5416,2742,2674
050,12,097,"Florida","Osceola County",5,22,5699,2902,2797
050,12,097,"Florida","Osceola County",5,23,5745,2867,2878
050,12,097,"Florida","Osceola County",5,24,5749,2754,2995
050,12,097,"Florida","Osceola County",5,25,5896,2899,2997
050,12,097,"Florida","Osceola County",5,26,5832,2830,3002
050,12,097,"Florida","Osceola County",5,27,5785,2827,2958
050,12,097,"Florida","Osceola County",5,28,5918,2935,2983
050,12,097,"Florida","Osceola County",5,29,5951,2974,2977
050,12,097,"Florida","Osceola County",5,30,6043,2970,3073
050,12,097,"Florida","Osceola County",5,31,6206,3086,3120
050,12,097,"Florida","Osceola County",5,32,6487,3275,3212
050,12,097,"Florida","Osceola County",5,33,6784,3418,3366
050,12,097,"Florida","Osceola County",5,34,6430,3369,3061
050,12,097,"Florida","Osceola County",5,35,6572,3383,3189
050,12,097,"Florida","Osceola County",5,36,6500,3257,3243
050,12,097,"Florida","Osceola County",5,37,6553,3328,3225
050,12,097,"Florida","Osceola County",5,38,6608,3366,3242
050,12,097,"Florida","Osceola County",5,39,6502,3227,3275
050,12,097,"Florida","Osceola County",5,40,6617,3338,3279
050,12,097,"Florida","Osceola County",5,41,6997,3500,3497
050,12,097,"Florida","Osceola County",5,42,6759,3439,3320
050,12,097,"Florida","Osceola County",5,43,6719,3428,3291
050,12,097,"Florida","Osceola County",5,44,6543,3265,3278
050,12,097,"Florida","Osceola County",5,45,6553,3335,3218
050,12,097,"Florida","Osceola County",5,46,6420,3178,3242
050,12,097,"Florida","Osceola County",5,47,6182,3117,3065
050,12,097,"Florida","Osceola County",5,48,5991,2972,3019
050,12,097,"Florida","Osceola County",5,49,5843,2849,2994
050,12,097,"Florida","Osceola County",5,50,5749,2852,2897
050,12,097,"Florida","Osceola County",5,51,5886,2955,2931
050,12,097,"Florida","Osceola County",5,52,5941,2928,3013
050,12,097,"Florida","Osceola County",5,53,5686,2743,2943
050,12,097,"Florida","Osceola County",5,54,5374,2585,2789
050,12,097,"Florida","Osceola County",5,55,5129,2527,2602
050,12,097,"Florida","Osceola County",5,56,5149,2494,2655
050,12,097,"Florida","Osceola County",5,57,5071,2542,2529
050,12,097,"Florida","Osceola County",5,58,5193,2602,2591
050,12,097,"Florida","Osceola County",5,59,5185,2621,2564
050,12,097,"Florida","Osceola County",5,60,4935,2348,2587
050,12,097,"Florida","Osceola County",5,61,4812,2333,2479
050,12,097,"Florida","Osceola County",5,62,4602,2284,2318
050,12,097,"Florida","Osceola County",5,63,4374,2134,2240
050,12,097,"Florida","Osceola County",5,64,4247,2009,2238
050,12,097,"Florida","Osceola County",5,65,4255,2030,2225
050,12,097,"Florida","Osceola County",5,66,4067,1908,2159
050,12,097,"Florida","Osceola County",5,67,3968,1878,2090
050,12,097,"Florida","Osceola County",5,68,3834,1796,2038
050,12,097,"Florida","Osceola County",5,69,3658,1601,2057
050,12,097,"Florida","Osceola County",5,70,3367,1513,1854
050,12,097,"Florida","Osceola County",5,71,3246,1458,1788
050,12,097,"Florida","Osceola County",5,72,3148,1452,1696
050,12,097,"Florida","Osceola County",5,73,3010,1400,1610
050,12,097,"Florida","Osceola County",5,74,2826,1337,1489
050,12,097,"Florida","Osceola County",5,75,2791,1284,1507
050,12,097,"Florida","Osceola County",5,76,2858,1293,1565
050,12,097,"Florida","Osceola County",5,77,2199,997,1202
050,12,097,"Florida","Osceola County",5,78,2041,899,1142
050,12,097,"Florida","Osceola County",5,79,1948,841,1107
050,12,097,"Florida","Osceola County",5,80,1838,771,1067
050,12,097,"Florida","Osceola County",5,81,1532,648,884
050,12,097,"Florida","Osceola County",5,82,1379,554,825
050,12,097,"Florida","Osceola County",5,83,1193,521,672
050,12,097,"Florida","Osceola County",5,84,1009,432,577
050,12,097,"Florida","Osceola County",5,85,5093,2014,3079
050,12,099,"Florida","Palm Beach County",1,0,14658,7508,7150
050,12,099,"Florida","Palm Beach County",1,1,14804,7538,7266
050,12,099,"Florida","Palm Beach County",1,2,14992,7615,7377
050,12,099,"Florida","Palm Beach County",1,3,15189,7705,7484
050,12,099,"Florida","Palm Beach County",1,4,15386,7814,7572
050,12,099,"Florida","Palm Beach County",1,5,15264,7770,7494
050,12,099,"Florida","Palm Beach County",1,6,15231,7860,7371
050,12,099,"Florida","Palm Beach County",1,7,15318,7819,7499
050,12,099,"Florida","Palm Beach County",1,8,15364,7866,7498
050,12,099,"Florida","Palm Beach County",1,9,15394,7789,7605
050,12,099,"Florida","Palm Beach County",1,10,15874,8198,7676
050,12,099,"Florida","Palm Beach County",1,11,16453,8410,8043
050,12,099,"Florida","Palm Beach County",1,12,17327,8811,8516
050,12,099,"Florida","Palm Beach County",1,13,17193,8673,8520
050,12,099,"Florida","Palm Beach County",1,14,16880,8559,8321
050,12,099,"Florida","Palm Beach County",1,15,16776,8514,8262
050,12,099,"Florida","Palm Beach County",1,16,16856,8613,8243
050,12,099,"Florida","Palm Beach County",1,17,16586,8526,8060
050,12,099,"Florida","Palm Beach County",1,18,16227,8404,7823
050,12,099,"Florida","Palm Beach County",1,19,15294,7760,7534
050,12,099,"Florida","Palm Beach County",1,20,15101,7751,7350
050,12,099,"Florida","Palm Beach County",1,21,15093,7702,7391
050,12,099,"Florida","Palm Beach County",1,22,15461,7676,7785
050,12,099,"Florida","Palm Beach County",1,23,15745,7888,7857
050,12,099,"Florida","Palm Beach County",1,24,15881,8044,7837
050,12,099,"Florida","Palm Beach County",1,25,15985,8125,7860
050,12,099,"Florida","Palm Beach County",1,26,16380,8375,8005
050,12,099,"Florida","Palm Beach County",1,27,16885,8573,8312
050,12,099,"Florida","Palm Beach County",1,28,17395,8761,8634
050,12,099,"Florida","Palm Beach County",1,29,18216,9206,9010
050,12,099,"Florida","Palm Beach County",1,30,18408,9327,9081
050,12,099,"Florida","Palm Beach County",1,31,18104,9190,8914
050,12,099,"Florida","Palm Beach County",1,32,17928,9234,8694
050,12,099,"Florida","Palm Beach County",1,33,17622,8935,8687
050,12,099,"Florida","Palm Beach County",1,34,17798,9072,8726
050,12,099,"Florida","Palm Beach County",1,35,17684,9036,8648
050,12,099,"Florida","Palm Beach County",1,36,17339,8761,8578
050,12,099,"Florida","Palm Beach County",1,37,17771,9014,8757
050,12,099,"Florida","Palm Beach County",1,38,17486,8884,8602
050,12,099,"Florida","Palm Beach County",1,39,17583,8835,8748
050,12,099,"Florida","Palm Beach County",1,40,17389,8520,8869
050,12,099,"Florida","Palm Beach County",1,41,17190,8454,8736
050,12,099,"Florida","Palm Beach County",1,42,17338,8552,8786
050,12,099,"Florida","Palm Beach County",1,43,17163,8480,8683
050,12,099,"Florida","Palm Beach County",1,44,17029,8470,8559
050,12,099,"Florida","Palm Beach County",1,45,17121,8452,8669
050,12,099,"Florida","Palm Beach County",1,46,17202,8536,8666
050,12,099,"Florida","Palm Beach County",1,47,17822,8783,9039
050,12,099,"Florida","Palm Beach County",1,48,18823,9418,9405
050,12,099,"Florida","Palm Beach County",1,49,19912,9979,9933
050,12,099,"Florida","Palm Beach County",1,50,19477,9573,9904
050,12,099,"Florida","Palm Beach County",1,51,18909,9315,9594
050,12,099,"Florida","Palm Beach County",1,52,18699,9253,9446
050,12,099,"Florida","Palm Beach County",1,53,19294,9426,9868
050,12,099,"Florida","Palm Beach County",1,54,19628,9543,10085
050,12,099,"Florida","Palm Beach County",1,55,20255,9829,10426
050,12,099,"Florida","Palm Beach County",1,56,20806,10113,10693
050,12,099,"Florida","Palm Beach County",1,57,20802,10066,10736
050,12,099,"Florida","Palm Beach County",1,58,21108,10309,10799
050,12,099,"Florida","Palm Beach County",1,59,20901,10217,10684
050,12,099,"Florida","Palm Beach County",1,60,20467,10016,10451
050,12,099,"Florida","Palm Beach County",1,61,20122,9801,10321
050,12,099,"Florida","Palm Beach County",1,62,19955,9587,10368
050,12,099,"Florida","Palm Beach County",1,63,19481,9274,10207
050,12,099,"Florida","Palm Beach County",1,64,18769,8878,9891
050,12,099,"Florida","Palm Beach County",1,65,18728,8797,9931
050,12,099,"Florida","Palm Beach County",1,66,18215,8488,9727
050,12,099,"Florida","Palm Beach County",1,67,17914,8255,9659
050,12,099,"Florida","Palm Beach County",1,68,17873,8140,9733
050,12,099,"Florida","Palm Beach County",1,69,17223,7769,9454
050,12,099,"Florida","Palm Beach County",1,70,17315,7938,9377
050,12,099,"Florida","Palm Beach County",1,71,17724,8094,9630
050,12,099,"Florida","Palm Beach County",1,72,18736,8385,10351
050,12,099,"Florida","Palm Beach County",1,73,19627,8933,10694
050,12,099,"Florida","Palm Beach County",1,74,14908,6649,8259
050,12,099,"Florida","Palm Beach County",1,75,14586,6463,8123
050,12,099,"Florida","Palm Beach County",1,76,14840,6599,8241
050,12,099,"Florida","Palm Beach County",1,77,15621,6957,8664
050,12,099,"Florida","Palm Beach County",1,78,13542,6031,7511
050,12,099,"Florida","Palm Beach County",1,79,12253,5470,6783
050,12,099,"Florida","Palm Beach County",1,80,11366,4989,6377
050,12,099,"Florida","Palm Beach County",1,81,10991,4921,6070
050,12,099,"Florida","Palm Beach County",1,82,10314,4552,5762
050,12,099,"Florida","Palm Beach County",1,83,9409,4139,5270
050,12,099,"Florida","Palm Beach County",1,84,8687,3870,4817
050,12,099,"Florida","Palm Beach County",1,85,59734,25099,34635
050,12,099,"Florida","Palm Beach County",2,0,14341,7354,6987
050,12,099,"Florida","Palm Beach County",2,1,14748,7519,7229
050,12,099,"Florida","Palm Beach County",2,2,14966,7614,7352
050,12,099,"Florida","Palm Beach County",2,3,15096,7664,7432
050,12,099,"Florida","Palm Beach County",2,4,15379,7806,7573
050,12,099,"Florida","Palm Beach County",2,5,15333,7806,7527
050,12,099,"Florida","Palm Beach County",2,6,15282,7864,7418
050,12,099,"Florida","Palm Beach County",2,7,15313,7847,7466
050,12,099,"Florida","Palm Beach County",2,8,15329,7841,7488
050,12,099,"Florida","Palm Beach County",2,9,15395,7823,7572
050,12,099,"Florida","Palm Beach County",2,10,15765,8102,7663
050,12,099,"Florida","Palm Beach County",2,11,16268,8328,7940
050,12,099,"Florida","Palm Beach County",2,12,17193,8751,8442
050,12,099,"Florida","Palm Beach County",2,13,17224,8707,8517
050,12,099,"Florida","Palm Beach County",2,14,16955,8586,8369
050,12,099,"Florida","Palm Beach County",2,15,16822,8539,8283
050,12,099,"Florida","Palm Beach County",2,16,16872,8605,8267
050,12,099,"Florida","Palm Beach County",2,17,16679,8547,8132
050,12,099,"Florida","Palm Beach County",2,18,16264,8402,7862
050,12,099,"Florida","Palm Beach County",2,19,15700,7938,7762
050,12,099,"Florida","Palm Beach County",2,20,15452,7900,7552
050,12,099,"Florida","Palm Beach County",2,21,15225,7768,7457
050,12,099,"Florida","Palm Beach County",2,22,15491,7715,7776
050,12,099,"Florida","Palm Beach County",2,23,15775,7881,7894
050,12,099,"Florida","Palm Beach County",2,24,15821,7996,7825
050,12,099,"Florida","Palm Beach County",2,25,15971,8119,7852
050,12,099,"Florida","Palm Beach County",2,26,16313,8326,7987
050,12,099,"Florida","Palm Beach County",2,27,16745,8513,8232
050,12,099,"Florida","Palm Beach County",2,28,17279,8726,8553
050,12,099,"Florida","Palm Beach County",2,29,18013,9091,8922
050,12,099,"Florida","Palm Beach County",2,30,18440,9315,9125
050,12,099,"Florida","Palm Beach County",2,31,18120,9201,8919
050,12,099,"Florida","Palm Beach County",2,32,17949,9200,8749
050,12,099,"Florida","Palm Beach County",2,33,17662,8984,8678
050,12,099,"Florida","Palm Beach County",2,34,17754,9031,8723
050,12,099,"Florida","Palm Beach County",2,35,17819,9110,8709
050,12,099,"Florida","Palm Beach County",2,36,17316,8765,8551
050,12,099,"Florida","Palm Beach County",2,37,17710,8981,8729
050,12,099,"Florida","Palm Beach County",2,38,17628,8935,8693
050,12,099,"Florida","Palm Beach County",2,39,17501,8810,8691
050,12,099,"Florida","Palm Beach County",2,40,17585,8658,8927
050,12,099,"Florida","Palm Beach County",2,41,17196,8428,8768
050,12,099,"Florida","Palm Beach County",2,42,17249,8504,8745
050,12,099,"Florida","Palm Beach County",2,43,17297,8536,8761
050,12,099,"Florida","Palm Beach County",2,44,16949,8418,8531
050,12,099,"Florida","Palm Beach County",2,45,17181,8492,8689
050,12,099,"Florida","Palm Beach County",2,46,17129,8488,8641
050,12,099,"Florida","Palm Beach County",2,47,17648,8702,8946
050,12,099,"Florida","Palm Beach County",2,48,18610,9282,9328
050,12,099,"Florida","Palm Beach County",2,49,19753,9895,9858
050,12,099,"Florida","Palm Beach County",2,50,19619,9689,9930
050,12,099,"Florida","Palm Beach County",2,51,18956,9331,9625
050,12,099,"Florida","Palm Beach County",2,52,18771,9277,9494
050,12,099,"Florida","Palm Beach County",2,53,19174,9394,9780
050,12,099,"Florida","Palm Beach County",2,54,19520,9499,10021
050,12,099,"Florida","Palm Beach County",2,55,20170,9800,10370
050,12,099,"Florida","Palm Beach County",2,56,20745,10076,10669
050,12,099,"Florida","Palm Beach County",2,57,20824,10094,10730
050,12,099,"Florida","Palm Beach County",2,58,21054,10247,10807
050,12,099,"Florida","Palm Beach County",2,59,21025,10265,10760
050,12,099,"Florida","Palm Beach County",2,60,20607,10074,10533
050,12,099,"Florida","Palm Beach County",2,61,20206,9838,10368
050,12,099,"Florida","Palm Beach County",2,62,19974,9635,10339
050,12,099,"Florida","Palm Beach County",2,63,19777,9426,10351
050,12,099,"Florida","Palm Beach County",2,64,18872,8932,9940
050,12,099,"Florida","Palm Beach County",2,65,18782,8824,9958
050,12,099,"Florida","Palm Beach County",2,66,18419,8591,9828
050,12,099,"Florida","Palm Beach County",2,67,17997,8307,9690
050,12,099,"Florida","Palm Beach County",2,68,17782,8110,9672
050,12,099,"Florida","Palm Beach County",2,69,17526,7922,9604
050,12,099,"Florida","Palm Beach County",2,70,17283,7895,9388
050,12,099,"Florida","Palm Beach County",2,71,17666,8069,9597
050,12,099,"Florida","Palm Beach County",2,72,18258,8214,10044
050,12,099,"Florida","Palm Beach County",2,73,20352,9244,11108
050,12,099,"Florida","Palm Beach County",2,74,15168,6790,8378
050,12,099,"Florida","Palm Beach County",2,75,14704,6513,8191
050,12,099,"Florida","Palm Beach County",2,76,14663,6497,8166
050,12,099,"Florida","Palm Beach County",2,77,15707,7003,8704
050,12,099,"Florida","Palm Beach County",2,78,13755,6132,7623
050,12,099,"Florida","Palm Beach County",2,79,12471,5556,6915
050,12,099,"Florida","Palm Beach County",2,80,11529,5075,6454
050,12,099,"Florida","Palm Beach County",2,81,10940,4892,6048
050,12,099,"Florida","Palm Beach County",2,82,10447,4617,5830
050,12,099,"Florida","Palm Beach County",2,83,9478,4165,5313
050,12,099,"Florida","Palm Beach County",2,84,8764,3896,4868
050,12,099,"Florida","Palm Beach County",2,85,59792,25144,34648
050,12,099,"Florida","Palm Beach County",3,0,14009,7241,6768
050,12,099,"Florida","Palm Beach County",3,1,14355,7326,7029
050,12,099,"Florida","Palm Beach County",3,2,14766,7501,7265
050,12,099,"Florida","Palm Beach County",3,3,15023,7638,7385
050,12,099,"Florida","Palm Beach County",3,4,15145,7714,7431
050,12,099,"Florida","Palm Beach County",3,5,15409,7836,7573
050,12,099,"Florida","Palm Beach County",3,6,15422,7806,7616
050,12,099,"Florida","Palm Beach County",3,7,15375,7931,7444
050,12,099,"Florida","Palm Beach County",3,8,15287,7809,7478
050,12,099,"Florida","Palm Beach County",3,9,15430,7867,7563
050,12,099,"Florida","Palm Beach County",3,10,15338,7822,7516
050,12,099,"Florida","Palm Beach County",3,11,15934,8120,7814
050,12,099,"Florida","Palm Beach County",3,12,16359,8377,7982
050,12,099,"Florida","Palm Beach County",3,13,17185,8803,8382
050,12,099,"Florida","Palm Beach County",3,14,17342,8766,8576
050,12,099,"Florida","Palm Beach County",3,15,17026,8636,8390
050,12,099,"Florida","Palm Beach County",3,16,16908,8580,8328
050,12,099,"Florida","Palm Beach County",3,17,16990,8668,8322
050,12,099,"Florida","Palm Beach County",3,18,16368,8451,7917
050,12,099,"Florida","Palm Beach County",3,19,15857,8054,7803
050,12,099,"Florida","Palm Beach County",3,20,15600,7950,7650
050,12,099,"Florida","Palm Beach County",3,21,15546,7926,7620
050,12,099,"Florida","Palm Beach County",3,22,15551,7822,7729
050,12,099,"Florida","Palm Beach County",3,23,15773,7916,7857
050,12,099,"Florida","Palm Beach County",3,24,15971,8057,7914
050,12,099,"Florida","Palm Beach County",3,25,15947,8117,7830
050,12,099,"Florida","Palm Beach County",3,26,16139,8248,7891
050,12,099,"Florida","Palm Beach County",3,27,16428,8359,8069
050,12,099,"Florida","Palm Beach County",3,28,16757,8468,8289
050,12,099,"Florida","Palm Beach County",3,29,17302,8671,8631
050,12,099,"Florida","Palm Beach County",3,30,18108,9093,9015
050,12,099,"Florida","Palm Beach County",3,31,18612,9490,9122
050,12,099,"Florida","Palm Beach County",3,32,18361,9307,9054
050,12,099,"Florida","Palm Beach County",3,33,18039,9245,8794
050,12,099,"Florida","Palm Beach County",3,34,17840,9071,8769
050,12,099,"Florida","Palm Beach County",3,35,17947,9121,8826
050,12,099,"Florida","Palm Beach County",3,36,17972,9157,8815
050,12,099,"Florida","Palm Beach County",3,37,17599,8932,8667
050,12,099,"Florida","Palm Beach County",3,38,17882,9031,8851
050,12,099,"Florida","Palm Beach County",3,39,17765,9017,8748
050,12,099,"Florida","Palm Beach County",3,40,17752,8920,8832
050,12,099,"Florida","Palm Beach County",3,41,17727,8706,9021
050,12,099,"Florida","Palm Beach County",3,42,17477,8570,8907
050,12,099,"Florida","Palm Beach County",3,43,17344,8546,8798
050,12,099,"Florida","Palm Beach County",3,44,17493,8668,8825
050,12,099,"Florida","Palm Beach County",3,45,17036,8376,8660
050,12,099,"Florida","Palm Beach County",3,46,17343,8604,8739
050,12,099,"Florida","Palm Beach County",3,47,17145,8510,8635
050,12,099,"Florida","Palm Beach County",3,48,17769,8745,9024
050,12,099,"Florida","Palm Beach County",3,49,18675,9316,9359
050,12,099,"Florida","Palm Beach County",3,50,19823,9885,9938
050,12,099,"Florida","Palm Beach County",3,51,19653,9711,9942
050,12,099,"Florida","Palm Beach County",3,52,19017,9385,9632
050,12,099,"Florida","Palm Beach County",3,53,18869,9317,9552
050,12,099,"Florida","Palm Beach County",3,54,19148,9375,9773
050,12,099,"Florida","Palm Beach County",3,55,19656,9583,10073
050,12,099,"Florida","Palm Beach County",3,56,20218,9787,10431
050,12,099,"Florida","Palm Beach County",3,57,20810,10101,10709
050,12,099,"Florida","Palm Beach County",3,58,20843,10062,10781
050,12,099,"Florida","Palm Beach County",3,59,21111,10232,10879
050,12,099,"Florida","Palm Beach County",3,60,21103,10264,10839
050,12,099,"Florida","Palm Beach County",3,61,20683,10069,10614
050,12,099,"Florida","Palm Beach County",3,62,20193,9790,10403
050,12,099,"Florida","Palm Beach County",3,63,19968,9643,10325
050,12,099,"Florida","Palm Beach County",3,64,19766,9400,10366
050,12,099,"Florida","Palm Beach County",3,65,18997,8942,10055
050,12,099,"Florida","Palm Beach County",3,66,18894,8865,10029
050,12,099,"Florida","Palm Beach County",3,67,18569,8657,9912
050,12,099,"Florida","Palm Beach County",3,68,18051,8297,9754
050,12,099,"Florida","Palm Beach County",3,69,17830,8086,9744
050,12,099,"Florida","Palm Beach County",3,70,17598,7976,9622
050,12,099,"Florida","Palm Beach County",3,71,17439,7976,9463
050,12,099,"Florida","Palm Beach County",3,72,17694,8053,9641
050,12,099,"Florida","Palm Beach County",3,73,18354,8249,10105
050,12,099,"Florida","Palm Beach County",3,74,20342,9203,11139
050,12,099,"Florida","Palm Beach County",3,75,15041,6708,8333
050,12,099,"Florida","Palm Beach County",3,76,14607,6472,8135
050,12,099,"Florida","Palm Beach County",3,77,14481,6385,8096
050,12,099,"Florida","Palm Beach County",3,78,15498,6861,8637
050,12,099,"Florida","Palm Beach County",3,79,13553,5992,7561
050,12,099,"Florida","Palm Beach County",3,80,12138,5400,6738
050,12,099,"Florida","Palm Beach County",3,81,11127,4923,6204
050,12,099,"Florida","Palm Beach County",3,82,10570,4691,5879
050,12,099,"Florida","Palm Beach County",3,83,9959,4344,5615
050,12,099,"Florida","Palm Beach County",3,84,8999,3940,5059
050,12,099,"Florida","Palm Beach County",3,85,60405,25634,34771
050,12,099,"Florida","Palm Beach County",4,0,15226,7801,7425
050,12,099,"Florida","Palm Beach County",4,1,14264,7288,6976
050,12,099,"Florida","Palm Beach County",4,2,14566,7434,7132
050,12,099,"Florida","Palm Beach County",4,3,14996,7620,7376
050,12,099,"Florida","Palm Beach County",4,4,15407,7888,7519
050,12,099,"Florida","Palm Beach County",4,5,15320,7853,7467
050,12,099,"Florida","Palm Beach County",4,6,15602,7902,7700
050,12,099,"Florida","Palm Beach County",4,7,15727,7988,7739
050,12,099,"Florida","Palm Beach County",4,8,15566,8054,7512
050,12,099,"Florida","Palm Beach County",4,9,15411,7918,7493
050,12,099,"Florida","Palm Beach County",4,10,15599,7949,7650
050,12,099,"Florida","Palm Beach County",4,11,15577,7970,7607
050,12,099,"Florida","Palm Beach County",4,12,16261,8271,7990
050,12,099,"Florida","Palm Beach County",4,13,16392,8397,7995
050,12,099,"Florida","Palm Beach County",4,14,17388,8913,8475
050,12,099,"Florida","Palm Beach County",4,15,17572,8928,8644
050,12,099,"Florida","Palm Beach County",4,16,17238,8785,8453
050,12,099,"Florida","Palm Beach County",4,17,17149,8750,8399
050,12,099,"Florida","Palm Beach County",4,18,16753,8631,8122
050,12,099,"Florida","Palm Beach County",4,19,15872,8056,7816
050,12,099,"Florida","Palm Beach County",4,20,15453,7921,7532
050,12,099,"Florida","Palm Beach County",4,21,15751,8020,7731
050,12,099,"Florida","Palm Beach County",4,22,15921,7971,7950
050,12,099,"Florida","Palm Beach County",4,23,15898,8066,7832
050,12,099,"Florida","Palm Beach County",4,24,15947,8043,7904
050,12,099,"Florida","Palm Beach County",4,25,16086,8127,7959
050,12,099,"Florida","Palm Beach County",4,26,16175,8292,7883
050,12,099,"Florida","Palm Beach County",4,27,16301,8297,8004
050,12,099,"Florida","Palm Beach County",4,28,16613,8382,8231
050,12,099,"Florida","Palm Beach County",4,29,17137,8649,8488
050,12,099,"Florida","Palm Beach County",4,30,17425,8778,8647
050,12,099,"Florida","Palm Beach County",4,31,18440,9298,9142
050,12,099,"Florida","Palm Beach County",4,32,18893,9571,9322
050,12,099,"Florida","Palm Beach County",4,33,18467,9294,9173
050,12,099,"Florida","Palm Beach County",4,34,18328,9380,8948
050,12,099,"Florida","Palm Beach County",4,35,18351,9332,9019
050,12,099,"Florida","Palm Beach County",4,36,18302,9298,9004
050,12,099,"Florida","Palm Beach County",4,37,18334,9361,8973
050,12,099,"Florida","Palm Beach County",4,38,17842,9037,8805
050,12,099,"Florida","Palm Beach County",4,39,18227,9166,9061
050,12,099,"Florida","Palm Beach County",4,40,18131,9181,8950
050,12,099,"Florida","Palm Beach County",4,41,18070,9125,8945
050,12,099,"Florida","Palm Beach County",4,42,17961,8834,9127
050,12,099,"Florida","Palm Beach County",4,43,17583,8605,8978
050,12,099,"Florida","Palm Beach County",4,44,17564,8691,8873
050,12,099,"Florida","Palm Beach County",4,45,17619,8627,8992
050,12,099,"Florida","Palm Beach County",4,46,17260,8513,8747
050,12,099,"Florida","Palm Beach County",4,47,17465,8657,8808
050,12,099,"Florida","Palm Beach County",4,48,17301,8602,8699
050,12,099,"Florida","Palm Beach County",4,49,17868,8757,9111
050,12,099,"Florida","Palm Beach County",4,50,18803,9322,9481
050,12,099,"Florida","Palm Beach County",4,51,19906,9926,9980
050,12,099,"Florida","Palm Beach County",4,52,19742,9758,9984
050,12,099,"Florida","Palm Beach County",4,53,19310,9554,9756
050,12,099,"Florida","Palm Beach County",4,54,18946,9288,9658
050,12,099,"Florida","Palm Beach County",4,55,19244,9424,9820
050,12,099,"Florida","Palm Beach County",4,56,19935,9665,10270
050,12,099,"Florida","Palm Beach County",4,57,20404,9829,10575
050,12,099,"Florida","Palm Beach County",4,58,20965,10153,10812
050,12,099,"Florida","Palm Beach County",4,59,21055,10100,10955
050,12,099,"Florida","Palm Beach County",4,60,21146,10268,10878
050,12,099,"Florida","Palm Beach County",4,61,21296,10340,10956
050,12,099,"Florida","Palm Beach County",4,62,20796,10061,10735
050,12,099,"Florida","Palm Beach County",4,63,20353,9839,10514
050,12,099,"Florida","Palm Beach County",4,64,20068,9642,10426
050,12,099,"Florida","Palm Beach County",4,65,19933,9404,10529
050,12,099,"Florida","Palm Beach County",4,66,19161,8994,10167
050,12,099,"Florida","Palm Beach County",4,67,19112,8925,10187
050,12,099,"Florida","Palm Beach County",4,68,18706,8693,10013
050,12,099,"Florida","Palm Beach County",4,69,18048,8260,9788
050,12,099,"Florida","Palm Beach County",4,70,17977,8186,9791
050,12,099,"Florida","Palm Beach County",4,71,17707,8020,9687
050,12,099,"Florida","Palm Beach County",4,72,17451,7896,9555
050,12,099,"Florida","Palm Beach County",4,73,17812,8084,9728
050,12,099,"Florida","Palm Beach County",4,74,18417,8256,10161
050,12,099,"Florida","Palm Beach County",4,75,20243,9148,11095
050,12,099,"Florida","Palm Beach County",4,76,14968,6683,8285
050,12,099,"Florida","Palm Beach County",4,77,14437,6386,8051
050,12,099,"Florida","Palm Beach County",4,78,14285,6244,8041
050,12,099,"Florida","Palm Beach County",4,79,15278,6713,8565
050,12,099,"Florida","Palm Beach County",4,80,13182,5815,7367
050,12,099,"Florida","Palm Beach County",4,81,11722,5217,6505
050,12,099,"Florida","Palm Beach County",4,82,10693,4702,5991
050,12,099,"Florida","Palm Beach County",4,83,10060,4424,5636
050,12,099,"Florida","Palm Beach County",4,84,9413,4099,5314
050,12,099,"Florida","Palm Beach County",4,85,60694,25879,34815
050,12,099,"Florida","Palm Beach County",5,0,15355,7866,7489
050,12,099,"Florida","Palm Beach County",5,1,15192,7679,7513
050,12,099,"Florida","Palm Beach County",5,2,14291,7256,7035
050,12,099,"Florida","Palm Beach County",5,3,14746,7472,7274
050,12,099,"Florida","Palm Beach County",5,4,15156,7707,7449
050,12,099,"Florida","Palm Beach County",5,5,15578,8015,7563
050,12,099,"Florida","Palm Beach County",5,6,15463,7946,7517
050,12,099,"Florida","Palm Beach County",5,7,15815,8065,7750
050,12,099,"Florida","Palm Beach County",5,8,15847,8070,7777
050,12,099,"Florida","Palm Beach County",5,9,15663,8139,7524
050,12,099,"Florida","Palm Beach County",5,10,15580,8018,7562
050,12,099,"Florida","Palm Beach County",5,11,15852,8065,7787
050,12,099,"Florida","Palm Beach County",5,12,15741,8038,7703
050,12,099,"Florida","Palm Beach County",5,13,16247,8275,7972
050,12,099,"Florida","Palm Beach County",5,14,16587,8474,8113
050,12,099,"Florida","Palm Beach County",5,15,17559,8966,8593
050,12,099,"Florida","Palm Beach County",5,16,17809,9088,8721
050,12,099,"Florida","Palm Beach County",5,17,17551,8999,8552
050,12,099,"Florida","Palm Beach County",5,18,16895,8726,8169
050,12,099,"Florida","Palm Beach County",5,19,16259,8246,8013
050,12,099,"Florida","Palm Beach County",5,20,15530,8004,7526
050,12,099,"Florida","Palm Beach County",5,21,15602,8022,7580
050,12,099,"Florida","Palm Beach County",5,22,16162,8117,8045
050,12,099,"Florida","Palm Beach County",5,23,16219,8168,8051
050,12,099,"Florida","Palm Beach County",5,24,16124,8183,7941
050,12,099,"Florida","Palm Beach County",5,25,16113,8214,7899
050,12,099,"Florida","Palm Beach County",5,26,16342,8232,8110
050,12,099,"Florida","Palm Beach County",5,27,16292,8261,8031
050,12,099,"Florida","Palm Beach County",5,28,16411,8322,8089
050,12,099,"Florida","Palm Beach County",5,29,16886,8512,8374
050,12,099,"Florida","Palm Beach County",5,30,17149,8686,8463
050,12,099,"Florida","Palm Beach County",5,31,17681,8976,8705
050,12,099,"Florida","Palm Beach County",5,32,18700,9456,9244
050,12,099,"Florida","Palm Beach County",5,33,18981,9618,9363
050,12,099,"Florida","Palm Beach County",5,34,18712,9382,9330
050,12,099,"Florida","Palm Beach County",5,35,18665,9521,9144
050,12,099,"Florida","Palm Beach County",5,36,18628,9413,9215
050,12,099,"Florida","Palm Beach County",5,37,18415,9331,9084
050,12,099,"Florida","Palm Beach County",5,38,18550,9457,9093
050,12,099,"Florida","Palm Beach County",5,39,18213,9198,9015
050,12,099,"Florida","Palm Beach County",5,40,18387,9168,9219
050,12,099,"Florida","Palm Beach County",5,41,18320,9256,9064
050,12,099,"Florida","Palm Beach County",5,42,18274,9276,8998
050,12,099,"Florida","Palm Beach County",5,43,18067,8919,9148
050,12,099,"Florida","Palm Beach County",5,44,17689,8673,9016
050,12,099,"Florida","Palm Beach County",5,45,17614,8675,8939
050,12,099,"Florida","Palm Beach County",5,46,17700,8702,8998
050,12,099,"Florida","Palm Beach County",5,47,17310,8514,8796
050,12,099,"Florida","Palm Beach County",5,48,17583,8685,8898
050,12,099,"Florida","Palm Beach County",5,49,17489,8658,8831
050,12,099,"Florida","Palm Beach County",5,50,17888,8765,9123
050,12,099,"Florida","Palm Beach County",5,51,18803,9264,9539
050,12,099,"Florida","Palm Beach County",5,52,19994,9964,10030
050,12,099,"Florida","Palm Beach County",5,53,19857,9851,10006
050,12,099,"Florida","Palm Beach County",5,54,19290,9460,9830
050,12,099,"Florida","Palm Beach County",5,55,19112,9381,9731
050,12,099,"Florida","Palm Beach County",5,56,19415,9501,9914
050,12,099,"Florida","Palm Beach County",5,57,20069,9693,10376
050,12,099,"Florida","Palm Beach County",5,58,20521,9850,10671
050,12,099,"Florida","Palm Beach County",5,59,21146,10169,10977
050,12,099,"Florida","Palm Beach County",5,60,21114,10056,11058
050,12,099,"Florida","Palm Beach County",5,61,21268,10299,10969
050,12,099,"Florida","Palm Beach County",5,62,21300,10295,11005
050,12,099,"Florida","Palm Beach County",5,63,20843,10083,10760
050,12,099,"Florida","Palm Beach County",5,64,20487,9868,10619
050,12,099,"Florida","Palm Beach County",5,65,20248,9679,10569
050,12,099,"Florida","Palm Beach County",5,66,19979,9432,10547
050,12,099,"Florida","Palm Beach County",5,67,19257,9016,10241
050,12,099,"Florida","Palm Beach County",5,68,19198,8914,10284
050,12,099,"Florida","Palm Beach County",5,69,18751,8696,10055
050,12,099,"Florida","Palm Beach County",5,70,18040,8249,9791
050,12,099,"Florida","Palm Beach County",5,71,18055,8225,9830
050,12,099,"Florida","Palm Beach County",5,72,17649,7909,9740
050,12,099,"Florida","Palm Beach County",5,73,17520,7925,9595
050,12,099,"Florida","Palm Beach County",5,74,17811,8038,9773
050,12,099,"Florida","Palm Beach County",5,75,18306,8198,10108
050,12,099,"Florida","Palm Beach County",5,76,20134,9112,11022
050,12,099,"Florida","Palm Beach County",5,77,14837,6605,8232
050,12,099,"Florida","Palm Beach County",5,78,14260,6264,7996
050,12,099,"Florida","Palm Beach County",5,79,14085,6161,7924
050,12,099,"Florida","Palm Beach County",5,80,14991,6547,8444
050,12,099,"Florida","Palm Beach County",5,81,12833,5684,7149
050,12,099,"Florida","Palm Beach County",5,82,11366,5021,6345
050,12,099,"Florida","Palm Beach County",5,83,10239,4449,5790
050,12,099,"Florida","Palm Beach County",5,84,9613,4222,5391
050,12,099,"Florida","Palm Beach County",5,85,62528,26815,35713
050,12,101,"Florida","Pasco County",1,0,5006,2564,2442
050,12,101,"Florida","Pasco County",1,1,5445,2729,2716
050,12,101,"Florida","Pasco County",1,2,5689,2847,2842
050,12,101,"Florida","Pasco County",1,3,5962,2934,3028
050,12,101,"Florida","Pasco County",1,4,6045,3017,3028
050,12,101,"Florida","Pasco County",1,5,6236,3174,3062
050,12,101,"Florida","Pasco County",1,6,6372,3246,3126
050,12,101,"Florida","Pasco County",1,7,6325,3215,3110
050,12,101,"Florida","Pasco County",1,8,6386,3283,3103
050,12,101,"Florida","Pasco County",1,9,6494,3289,3205
050,12,101,"Florida","Pasco County",1,10,6590,3381,3209
050,12,101,"Florida","Pasco County",1,11,6854,3521,3333
050,12,101,"Florida","Pasco County",1,12,7137,3714,3423
050,12,101,"Florida","Pasco County",1,13,7019,3620,3399
050,12,101,"Florida","Pasco County",1,14,6881,3561,3320
050,12,101,"Florida","Pasco County",1,15,6848,3558,3290
050,12,101,"Florida","Pasco County",1,16,6745,3426,3319
050,12,101,"Florida","Pasco County",1,17,6434,3218,3216
050,12,101,"Florida","Pasco County",1,18,6245,3253,2992
050,12,101,"Florida","Pasco County",1,19,5618,2894,2724
050,12,101,"Florida","Pasco County",1,20,5671,2847,2824
050,12,101,"Florida","Pasco County",1,21,5782,2939,2843
050,12,101,"Florida","Pasco County",1,22,5533,2776,2757
050,12,101,"Florida","Pasco County",1,23,5549,2808,2741
050,12,101,"Florida","Pasco County",1,24,5702,2924,2778
050,12,101,"Florida","Pasco County",1,25,5670,2888,2782
050,12,101,"Florida","Pasco County",1,26,5822,2966,2856
050,12,101,"Florida","Pasco County",1,27,5909,2930,2979
050,12,101,"Florida","Pasco County",1,28,6080,2993,3087
050,12,101,"Florida","Pasco County",1,29,6373,3086,3287
050,12,101,"Florida","Pasco County",1,30,6687,3299,3388
050,12,101,"Florida","Pasco County",1,31,6741,3312,3429
050,12,101,"Florida","Pasco County",1,32,6483,3142,3341
050,12,101,"Florida","Pasco County",1,33,6413,3155,3258
050,12,101,"Florida","Pasco County",1,34,6673,3231,3442
050,12,101,"Florida","Pasco County",1,35,6762,3285,3477
050,12,101,"Florida","Pasco County",1,36,6918,3309,3609
050,12,101,"Florida","Pasco County",1,37,7054,3401,3653
050,12,101,"Florida","Pasco County",1,38,7089,3507,3582
050,12,101,"Florida","Pasco County",1,39,7252,3554,3698
050,12,101,"Florida","Pasco County",1,40,7168,3450,3718
050,12,101,"Florida","Pasco County",1,41,6939,3419,3520
050,12,101,"Florida","Pasco County",1,42,6896,3475,3421
050,12,101,"Florida","Pasco County",1,43,6865,3372,3493
050,12,101,"Florida","Pasco County",1,44,6806,3349,3457
050,12,101,"Florida","Pasco County",1,45,6863,3405,3458
050,12,101,"Florida","Pasco County",1,46,6814,3374,3440
050,12,101,"Florida","Pasco County",1,47,7179,3606,3573
050,12,101,"Florida","Pasco County",1,48,7595,3874,3721
050,12,101,"Florida","Pasco County",1,49,8083,4034,4049
050,12,101,"Florida","Pasco County",1,50,7551,3820,3731
050,12,101,"Florida","Pasco County",1,51,7277,3660,3617
050,12,101,"Florida","Pasco County",1,52,7236,3571,3665
050,12,101,"Florida","Pasco County",1,53,7293,3551,3742
050,12,101,"Florida","Pasco County",1,54,7356,3640,3716
050,12,101,"Florida","Pasco County",1,55,7830,3887,3943
050,12,101,"Florida","Pasco County",1,56,7953,3982,3971
050,12,101,"Florida","Pasco County",1,57,7883,3963,3920
050,12,101,"Florida","Pasco County",1,58,8015,3910,4105
050,12,101,"Florida","Pasco County",1,59,7900,3813,4087
050,12,101,"Florida","Pasco County",1,60,7682,3738,3944
050,12,101,"Florida","Pasco County",1,61,7578,3594,3984
050,12,101,"Florida","Pasco County",1,62,7522,3543,3979
050,12,101,"Florida","Pasco County",1,63,7294,3438,3856
050,12,101,"Florida","Pasco County",1,64,7212,3347,3865
050,12,101,"Florida","Pasco County",1,65,7263,3379,3884
050,12,101,"Florida","Pasco County",1,66,7152,3310,3842
050,12,101,"Florida","Pasco County",1,67,7067,3280,3787
050,12,101,"Florida","Pasco County",1,68,7013,3209,3804
050,12,101,"Florida","Pasco County",1,69,6826,3173,3653
050,12,101,"Florida","Pasco County",1,70,6785,3128,3657
050,12,101,"Florida","Pasco County",1,71,6939,3199,3740
050,12,101,"Florida","Pasco County",1,72,7294,3378,3916
050,12,101,"Florida","Pasco County",1,73,7614,3602,4012
050,12,101,"Florida","Pasco County",1,74,5405,2481,2924
050,12,101,"Florida","Pasco County",1,75,5371,2480,2891
050,12,101,"Florida","Pasco County",1,76,5451,2541,2910
050,12,101,"Florida","Pasco County",1,77,5565,2558,3007
050,12,101,"Florida","Pasco County",1,78,4706,2196,2510
050,12,101,"Florida","Pasco County",1,79,4128,1920,2208
050,12,101,"Florida","Pasco County",1,80,3739,1717,2022
050,12,101,"Florida","Pasco County",1,81,3465,1604,1861
050,12,101,"Florida","Pasco County",1,82,3185,1498,1687
050,12,101,"Florida","Pasco County",1,83,2819,1356,1463
050,12,101,"Florida","Pasco County",1,84,2646,1240,1406
050,12,101,"Florida","Pasco County",1,85,14176,5877,8299
050,12,101,"Florida","Pasco County",2,0,5024,2572,2452
050,12,101,"Florida","Pasco County",2,1,5389,2717,2672
050,12,101,"Florida","Pasco County",2,2,5703,2850,2853
050,12,101,"Florida","Pasco County",2,3,5919,2919,3000
050,12,101,"Florida","Pasco County",2,4,6105,3034,3071
050,12,101,"Florida","Pasco County",2,5,6261,3168,3093
050,12,101,"Florida","Pasco County",2,6,6403,3256,3147
050,12,101,"Florida","Pasco County",2,7,6405,3255,3150
050,12,101,"Florida","Pasco County",2,8,6432,3288,3144
050,12,101,"Florida","Pasco County",2,9,6529,3313,3216
050,12,101,"Florida","Pasco County",2,10,6631,3385,3246
050,12,101,"Florida","Pasco County",2,11,6823,3502,3321
050,12,101,"Florida","Pasco County",2,12,7160,3709,3451
050,12,101,"Florida","Pasco County",2,13,7102,3668,3434
050,12,101,"Florida","Pasco County",2,14,6972,3611,3361
050,12,101,"Florida","Pasco County",2,15,6907,3585,3322
050,12,101,"Florida","Pasco County",2,16,6796,3471,3325
050,12,101,"Florida","Pasco County",2,17,6543,3286,3257
050,12,101,"Florida","Pasco County",2,18,6181,3203,2978
050,12,101,"Florida","Pasco County",2,19,5688,2931,2757
050,12,101,"Florida","Pasco County",2,20,5828,2933,2895
050,12,101,"Florida","Pasco County",2,21,5824,2955,2869
050,12,101,"Florida","Pasco County",2,22,5635,2825,2810
050,12,101,"Florida","Pasco County",2,23,5638,2847,2791
050,12,101,"Florida","Pasco County",2,24,5708,2919,2789
050,12,101,"Florida","Pasco County",2,25,5752,2932,2820
050,12,101,"Florida","Pasco County",2,26,5877,2996,2881
050,12,101,"Florida","Pasco County",2,27,5931,2968,2963
050,12,101,"Florida","Pasco County",2,28,6103,3013,3090
050,12,101,"Florida","Pasco County",2,29,6379,3104,3275
050,12,101,"Florida","Pasco County",2,30,6745,3314,3431
050,12,101,"Florida","Pasco County",2,31,6800,3342,3458
050,12,101,"Florida","Pasco County",2,32,6628,3224,3404
050,12,101,"Florida","Pasco County",2,33,6499,3191,3308
050,12,101,"Florida","Pasco County",2,34,6701,3265,3436
050,12,101,"Florida","Pasco County",2,35,6887,3344,3543
050,12,101,"Florida","Pasco County",2,36,6941,3336,3605
050,12,101,"Florida","Pasco County",2,37,7109,3424,3685
050,12,101,"Florida","Pasco County",2,38,7186,3538,3648
050,12,101,"Florida","Pasco County",2,39,7271,3572,3699
050,12,101,"Florida","Pasco County",2,40,7303,3531,3772
050,12,101,"Florida","Pasco County",2,41,7048,3451,3597
050,12,101,"Florida","Pasco County",2,42,6929,3477,3452
050,12,101,"Florida","Pasco County",2,43,6957,3436,3521
050,12,101,"Florida","Pasco County",2,44,6823,3352,3471
050,12,101,"Florida","Pasco County",2,45,6946,3440,3506
050,12,101,"Florida","Pasco County",2,46,6855,3397,3458
050,12,101,"Florida","Pasco County",2,47,7142,3586,3556
050,12,101,"Florida","Pasco County",2,48,7546,3834,3712
050,12,101,"Florida","Pasco County",2,49,8039,4032,4007
050,12,101,"Florida","Pasco County",2,50,7747,3911,3836
050,12,101,"Florida","Pasco County",2,51,7375,3706,3669
050,12,101,"Florida","Pasco County",2,52,7286,3608,3678
050,12,101,"Florida","Pasco County",2,53,7310,3565,3745
050,12,101,"Florida","Pasco County",2,54,7374,3645,3729
050,12,101,"Florida","Pasco County",2,55,7761,3849,3912
050,12,101,"Florida","Pasco County",2,56,8006,3992,4014
050,12,101,"Florida","Pasco County",2,57,7958,3986,3972
050,12,101,"Florida","Pasco County",2,58,8033,3950,4083
050,12,101,"Florida","Pasco County",2,59,7998,3870,4128
050,12,101,"Florida","Pasco County",2,60,7765,3763,4002
050,12,101,"Florida","Pasco County",2,61,7636,3646,3990
050,12,101,"Florida","Pasco County",2,62,7573,3573,4000
050,12,101,"Florida","Pasco County",2,63,7445,3510,3935
050,12,101,"Florida","Pasco County",2,64,7232,3366,3866
050,12,101,"Florida","Pasco County",2,65,7319,3398,3921
050,12,101,"Florida","Pasco County",2,66,7252,3366,3886
050,12,101,"Florida","Pasco County",2,67,7112,3305,3807
050,12,101,"Florida","Pasco County",2,68,7011,3218,3793
050,12,101,"Florida","Pasco County",2,69,6948,3219,3729
050,12,101,"Florida","Pasco County",2,70,6793,3137,3656
050,12,101,"Florida","Pasco County",2,71,6946,3202,3744
050,12,101,"Florida","Pasco County",2,72,7116,3295,3821
050,12,101,"Florida","Pasco County",2,73,7891,3717,4174
050,12,101,"Florida","Pasco County",2,74,5590,2582,3008
050,12,101,"Florida","Pasco County",2,75,5384,2473,2911
050,12,101,"Florida","Pasco County",2,76,5374,2502,2872
050,12,101,"Florida","Pasco County",2,77,5635,2596,3039
050,12,101,"Florida","Pasco County",2,78,4805,2224,2581
050,12,101,"Florida","Pasco County",2,79,4205,1960,2245
050,12,101,"Florida","Pasco County",2,80,3794,1748,2046
050,12,101,"Florida","Pasco County",2,81,3460,1601,1859
050,12,101,"Florida","Pasco County",2,82,3223,1508,1715
050,12,101,"Florida","Pasco County",2,83,2835,1349,1486
050,12,101,"Florida","Pasco County",2,84,2654,1255,1399
050,12,101,"Florida","Pasco County",2,85,14307,5975,8332
050,12,101,"Florida","Pasco County",3,0,5023,2589,2434
050,12,101,"Florida","Pasco County",3,1,5526,2819,2707
050,12,101,"Florida","Pasco County",3,2,5808,2953,2855
050,12,101,"Florida","Pasco County",3,3,6055,3022,3033
050,12,101,"Florida","Pasco County",3,4,6216,3100,3116
050,12,101,"Florida","Pasco County",3,5,6498,3233,3265
050,12,101,"Florida","Pasco County",3,6,6542,3310,3232
050,12,101,"Florida","Pasco County",3,7,6684,3373,3311
050,12,101,"Florida","Pasco County",3,8,6729,3406,3323
050,12,101,"Florida","Pasco County",3,9,6689,3413,3276
050,12,101,"Florida","Pasco County",3,10,6827,3490,3337
050,12,101,"Florida","Pasco County",3,11,6910,3527,3383
050,12,101,"Florida","Pasco County",3,12,7098,3593,3505
050,12,101,"Florida","Pasco County",3,13,7435,3856,3579
050,12,101,"Florida","Pasco County",3,14,7353,3803,3550
050,12,101,"Florida","Pasco County",3,15,7249,3741,3508
050,12,101,"Florida","Pasco County",3,16,7058,3654,3404
050,12,101,"Florida","Pasco County",3,17,7008,3599,3409
050,12,101,"Florida","Pasco County",3,18,6298,3215,3083
050,12,101,"Florida","Pasco County",3,19,5811,2996,2815
050,12,101,"Florida","Pasco County",3,20,6048,3063,2985
050,12,101,"Florida","Pasco County",3,21,6015,3029,2986
050,12,101,"Florida","Pasco County",3,22,5900,2932,2968
050,12,101,"Florida","Pasco County",3,23,5940,2950,2990
050,12,101,"Florida","Pasco County",3,24,5928,3016,2912
050,12,101,"Florida","Pasco County",3,25,5895,2979,2916
050,12,101,"Florida","Pasco County",3,26,6119,3096,3023
050,12,101,"Florida","Pasco County",3,27,6134,3124,3010
050,12,101,"Florida","Pasco County",3,28,6251,3113,3138
050,12,101,"Florida","Pasco County",3,29,6550,3219,3331
050,12,101,"Florida","Pasco County",3,30,6871,3339,3532
050,12,101,"Florida","Pasco County",3,31,7254,3555,3699
050,12,101,"Florida","Pasco County",3,32,7275,3567,3708
050,12,101,"Florida","Pasco County",3,33,7108,3437,3671
050,12,101,"Florida","Pasco County",3,34,6967,3459,3508
050,12,101,"Florida","Pasco County",3,35,7166,3479,3687
050,12,101,"Florida","Pasco County",3,36,7308,3567,3741
050,12,101,"Florida","Pasco County",3,37,7429,3604,3825
050,12,101,"Florida","Pasco County",3,38,7593,3639,3954
050,12,101,"Florida","Pasco County",3,39,7667,3804,3863
050,12,101,"Florida","Pasco County",3,40,7616,3751,3865
050,12,101,"Florida","Pasco County",3,41,7632,3712,3920
050,12,101,"Florida","Pasco County",3,42,7278,3570,3708
050,12,101,"Florida","Pasco County",3,43,7159,3587,3572
050,12,101,"Florida","Pasco County",3,44,7220,3561,3659
050,12,101,"Florida","Pasco County",3,45,7167,3521,3646
050,12,101,"Florida","Pasco County",3,46,7227,3560,3667
050,12,101,"Florida","Pasco County",3,47,7153,3577,3576
050,12,101,"Florida","Pasco County",3,48,7347,3675,3672
050,12,101,"Florida","Pasco County",3,49,7784,3941,3843
050,12,101,"Florida","Pasco County",3,50,8305,4125,4180
050,12,101,"Florida","Pasco County",3,51,7945,4014,3931
050,12,101,"Florida","Pasco County",3,52,7629,3837,3792
050,12,101,"Florida","Pasco County",3,53,7455,3674,3781
050,12,101,"Florida","Pasco County",3,54,7501,3696,3805
050,12,101,"Florida","Pasco County",3,55,7583,3750,3833
050,12,101,"Florida","Pasco County",3,56,7940,3909,4031
050,12,101,"Florida","Pasco County",3,57,8148,4050,4098
050,12,101,"Florida","Pasco County",3,58,8173,4065,4108
050,12,101,"Florida","Pasco County",3,59,8160,4001,4159
050,12,101,"Florida","Pasco County",3,60,8130,3917,4213
050,12,101,"Florida","Pasco County",3,61,7959,3885,4074
050,12,101,"Florida","Pasco County",3,62,7823,3754,4069
050,12,101,"Florida","Pasco County",3,63,7750,3657,4093
050,12,101,"Florida","Pasco County",3,64,7548,3517,4031
050,12,101,"Florida","Pasco County",3,65,7408,3416,3992
050,12,101,"Florida","Pasco County",3,66,7439,3480,3959
050,12,101,"Florida","Pasco County",3,67,7311,3351,3960
050,12,101,"Florida","Pasco County",3,68,7166,3301,3865
050,12,101,"Florida","Pasco County",3,69,7088,3225,3863
050,12,101,"Florida","Pasco County",3,70,6959,3197,3762
050,12,101,"Florida","Pasco County",3,71,6807,3123,3684
050,12,101,"Florida","Pasco County",3,72,6936,3182,3754
050,12,101,"Florida","Pasco County",3,73,7106,3278,3828
050,12,101,"Florida","Pasco County",3,74,7736,3621,4115
050,12,101,"Florida","Pasco County",3,75,5478,2496,2982
050,12,101,"Florida","Pasco County",3,76,5294,2443,2851
050,12,101,"Florida","Pasco County",3,77,5229,2420,2809
050,12,101,"Florida","Pasco County",3,78,5498,2531,2967
050,12,101,"Florida","Pasco County",3,79,4588,2114,2474
050,12,101,"Florida","Pasco County",3,80,4019,1868,2151
050,12,101,"Florida","Pasco County",3,81,3580,1627,1953
050,12,101,"Florida","Pasco County",3,82,3278,1505,1773
050,12,101,"Florida","Pasco County",3,83,3041,1415,1626
050,12,101,"Florida","Pasco County",3,84,2656,1245,1411
050,12,101,"Florida","Pasco County",3,85,14707,6268,8439
050,12,101,"Florida","Pasco County",4,0,5469,2822,2647
050,12,101,"Florida","Pasco County",4,1,5612,2896,2716
050,12,101,"Florida","Pasco County",4,2,5991,3049,2942
050,12,101,"Florida","Pasco County",4,3,6229,3169,3060
050,12,101,"Florida","Pasco County",4,4,6494,3262,3232
050,12,101,"Florida","Pasco County",4,5,6646,3285,3361
050,12,101,"Florida","Pasco County",4,6,6978,3472,3506
050,12,101,"Florida","Pasco County",4,7,6947,3537,3410
050,12,101,"Florida","Pasco County",4,8,7053,3583,3470
050,12,101,"Florida","Pasco County",4,9,7110,3597,3513
050,12,101,"Florida","Pasco County",4,10,7070,3602,3468
050,12,101,"Florida","Pasco County",4,11,7195,3647,3548
050,12,101,"Florida","Pasco County",4,12,7286,3748,3538
050,12,101,"Florida","Pasco County",4,13,7499,3780,3719
050,12,101,"Florida","Pasco County",4,14,7723,4003,3720
050,12,101,"Florida","Pasco County",4,15,7716,3943,3773
050,12,101,"Florida","Pasco County",4,16,7529,3880,3649
050,12,101,"Florida","Pasco County",4,17,7233,3746,3487
050,12,101,"Florida","Pasco County",4,18,6675,3500,3175
050,12,101,"Florida","Pasco County",4,19,5808,2992,2816
050,12,101,"Florida","Pasco County",4,20,6112,3150,2962
050,12,101,"Florida","Pasco County",4,21,6204,3153,3051
050,12,101,"Florida","Pasco County",4,22,6188,3070,3118
050,12,101,"Florida","Pasco County",4,23,6184,3115,3069
050,12,101,"Florida","Pasco County",4,24,6176,3115,3061
050,12,101,"Florida","Pasco County",4,25,6204,3180,3024
050,12,101,"Florida","Pasco County",4,26,6198,3128,3070
050,12,101,"Florida","Pasco County",4,27,6356,3273,3083
050,12,101,"Florida","Pasco County",4,28,6552,3307,3245
050,12,101,"Florida","Pasco County",4,29,6731,3311,3420
050,12,101,"Florida","Pasco County",4,30,6980,3385,3595
050,12,101,"Florida","Pasco County",4,31,7398,3566,3832
050,12,101,"Florida","Pasco County",4,32,7814,3842,3972
050,12,101,"Florida","Pasco County",4,33,7888,3867,4021
050,12,101,"Florida","Pasco County",4,34,7721,3748,3973
050,12,101,"Florida","Pasco County",4,35,7585,3774,3811
050,12,101,"Florida","Pasco County",4,36,7810,3797,4013
050,12,101,"Florida","Pasco County",4,37,7801,3813,3988
050,12,101,"Florida","Pasco County",4,38,8000,3840,4160
050,12,101,"Florida","Pasco County",4,39,8165,3969,4196
050,12,101,"Florida","Pasco County",4,40,8204,4102,4102
050,12,101,"Florida","Pasco County",4,41,8180,4029,4151
050,12,101,"Florida","Pasco County",4,42,8104,3998,4106
050,12,101,"Florida","Pasco County",4,43,7700,3796,3904
050,12,101,"Florida","Pasco County",4,44,7581,3790,3791
050,12,101,"Florida","Pasco County",4,45,7611,3765,3846
050,12,101,"Florida","Pasco County",4,46,7516,3716,3800
050,12,101,"Florida","Pasco County",4,47,7597,3709,3888
050,12,101,"Florida","Pasco County",4,48,7427,3731,3696
050,12,101,"Florida","Pasco County",4,49,7634,3794,3840
050,12,101,"Florida","Pasco County",4,50,8013,4047,3966
050,12,101,"Florida","Pasco County",4,51,8581,4287,4294
050,12,101,"Florida","Pasco County",4,52,8279,4180,4099
050,12,101,"Florida","Pasco County",4,53,7787,3896,3891
050,12,101,"Florida","Pasco County",4,54,7631,3774,3857
050,12,101,"Florida","Pasco County",4,55,7726,3796,3930
050,12,101,"Florida","Pasco County",4,56,7779,3849,3930
050,12,101,"Florida","Pasco County",4,57,8184,4008,4176
050,12,101,"Florida","Pasco County",4,58,8360,4116,4244
050,12,101,"Florida","Pasco County",4,59,8430,4200,4230
050,12,101,"Florida","Pasco County",4,60,8399,4089,4310
050,12,101,"Florida","Pasco County",4,61,8424,4030,4394
050,12,101,"Florida","Pasco County",4,62,8149,3950,4199
050,12,101,"Florida","Pasco County",4,63,8083,3885,4198
050,12,101,"Florida","Pasco County",4,64,7939,3755,4184
050,12,101,"Florida","Pasco County",4,65,7805,3620,4185
050,12,101,"Florida","Pasco County",4,66,7687,3568,4119
050,12,101,"Florida","Pasco County",4,67,7648,3551,4097
050,12,101,"Florida","Pasco County",4,68,7392,3376,4016
050,12,101,"Florida","Pasco County",4,69,7325,3343,3982
050,12,101,"Florida","Pasco County",4,70,7159,3268,3891
050,12,101,"Florida","Pasco County",4,71,7001,3202,3799
050,12,101,"Florida","Pasco County",4,72,6819,3110,3709
050,12,101,"Florida","Pasco County",4,73,6956,3214,3742
050,12,101,"Florida","Pasco County",4,74,7018,3237,3781
050,12,101,"Florida","Pasco County",4,75,7564,3531,4033
050,12,101,"Florida","Pasco County",4,76,5370,2472,2898
050,12,101,"Florida","Pasco County",4,77,5155,2349,2806
050,12,101,"Florida","Pasco County",4,78,5096,2333,2763
050,12,101,"Florida","Pasco County",4,79,5204,2385,2819
050,12,101,"Florida","Pasco County",4,80,4401,2035,2366
050,12,101,"Florida","Pasco County",4,81,3743,1743,2000
050,12,101,"Florida","Pasco County",4,82,3396,1535,1861
050,12,101,"Florida","Pasco County",4,83,3048,1368,1680
050,12,101,"Florida","Pasco County",4,84,2792,1276,1516
050,12,101,"Florida","Pasco County",4,85,14914,6436,8478
050,12,101,"Florida","Pasco County",5,0,5576,2888,2688
050,12,101,"Florida","Pasco County",5,1,5889,3075,2814
050,12,101,"Florida","Pasco County",5,2,6044,3118,2926
050,12,101,"Florida","Pasco County",5,3,6417,3242,3175
050,12,101,"Florida","Pasco County",5,4,6701,3458,3243
050,12,101,"Florida","Pasco County",5,5,6873,3470,3403
050,12,101,"Florida","Pasco County",5,6,7035,3482,3553
050,12,101,"Florida","Pasco County",5,7,7370,3684,3686
050,12,101,"Florida","Pasco County",5,8,7374,3768,3606
050,12,101,"Florida","Pasco County",5,9,7432,3726,3706
050,12,101,"Florida","Pasco County",5,10,7453,3766,3687
050,12,101,"Florida","Pasco County",5,11,7435,3815,3620
050,12,101,"Florida","Pasco County",5,12,7538,3811,3727
050,12,101,"Florida","Pasco County",5,13,7637,3953,3684
050,12,101,"Florida","Pasco County",5,14,7702,3908,3794
050,12,101,"Florida","Pasco County",5,15,8025,4190,3835
050,12,101,"Florida","Pasco County",5,16,7879,4054,3825
050,12,101,"Florida","Pasco County",5,17,7709,3978,3731
050,12,101,"Florida","Pasco County",5,18,6843,3624,3219
050,12,101,"Florida","Pasco County",5,19,6180,3245,2935
050,12,101,"Florida","Pasco County",5,20,6201,3149,3052
050,12,101,"Florida","Pasco County",5,21,6349,3268,3081
050,12,101,"Florida","Pasco County",5,22,6444,3237,3207
050,12,101,"Florida","Pasco County",5,23,6668,3320,3348
050,12,101,"Florida","Pasco County",5,24,6538,3262,3276
050,12,101,"Florida","Pasco County",5,25,6508,3278,3230
050,12,101,"Florida","Pasco County",5,26,6508,3349,3159
050,12,101,"Florida","Pasco County",5,27,6513,3236,3277
050,12,101,"Florida","Pasco County",5,28,6774,3453,3321
050,12,101,"Florida","Pasco County",5,29,7085,3558,3527
050,12,101,"Florida","Pasco County",5,30,7260,3525,3735
050,12,101,"Florida","Pasco County",5,31,7492,3645,3847
050,12,101,"Florida","Pasco County",5,32,7934,3795,4139
050,12,101,"Florida","Pasco County",5,33,8431,4115,4316
050,12,101,"Florida","Pasco County",5,34,8429,4125,4304
050,12,101,"Florida","Pasco County",5,35,8279,4032,4247
050,12,101,"Florida","Pasco County",5,36,8194,4078,4116
050,12,101,"Florida","Pasco County",5,37,8279,4096,4183
050,12,101,"Florida","Pasco County",5,38,8419,4125,4294
050,12,101,"Florida","Pasco County",5,39,8520,4112,4408
050,12,101,"Florida","Pasco County",5,40,8804,4307,4497
050,12,101,"Florida","Pasco County",5,41,8584,4306,4278
050,12,101,"Florida","Pasco County",5,42,8630,4266,4364
050,12,101,"Florida","Pasco County",5,43,8546,4237,4309
050,12,101,"Florida","Pasco County",5,44,8000,3944,4056
050,12,101,"Florida","Pasco County",5,45,7907,3948,3959
050,12,101,"Florida","Pasco County",5,46,7988,3946,4042
050,12,101,"Florida","Pasco County",5,47,7803,3819,3984
050,12,101,"Florida","Pasco County",5,48,7913,3892,4021
050,12,101,"Florida","Pasco County",5,49,7679,3844,3835
050,12,101,"Florida","Pasco County",5,50,7923,3992,3931
050,12,101,"Florida","Pasco County",5,51,8211,4106,4105
050,12,101,"Florida","Pasco County",5,52,8887,4452,4435
050,12,101,"Florida","Pasco County",5,53,8497,4269,4228
050,12,101,"Florida","Pasco County",5,54,8026,4026,4000
050,12,101,"Florida","Pasco County",5,55,7876,3898,3978
050,12,101,"Florida","Pasco County",5,56,7998,3904,4094
050,12,101,"Florida","Pasco County",5,57,8001,3962,4039
050,12,101,"Florida","Pasco County",5,58,8405,4103,4302
050,12,101,"Florida","Pasco County",5,59,8610,4251,4359
050,12,101,"Florida","Pasco County",5,60,8654,4270,4384
050,12,101,"Florida","Pasco County",5,61,8617,4209,4408
050,12,101,"Florida","Pasco County",5,62,8669,4111,4558
050,12,101,"Florida","Pasco County",5,63,8378,4065,4313
050,12,101,"Florida","Pasco County",5,64,8333,3980,4353
050,12,101,"Florida","Pasco County",5,65,8118,3822,4296
050,12,101,"Florida","Pasco County",5,66,7982,3758,4224
050,12,101,"Florida","Pasco County",5,67,7872,3635,4237
050,12,101,"Florida","Pasco County",5,68,7744,3589,4155
050,12,101,"Florida","Pasco County",5,69,7488,3397,4091
050,12,101,"Florida","Pasco County",5,70,7313,3310,4003
050,12,101,"Florida","Pasco County",5,71,7193,3256,3937
050,12,101,"Florida","Pasco County",5,72,6957,3172,3785
050,12,101,"Florida","Pasco County",5,73,6815,3101,3714
050,12,101,"Florida","Pasco County",5,74,6869,3181,3688
050,12,101,"Florida","Pasco County",5,75,6874,3133,3741
050,12,101,"Florida","Pasco County",5,76,7464,3474,3990
050,12,101,"Florida","Pasco County",5,77,5270,2377,2893
050,12,101,"Florida","Pasco County",5,78,5030,2272,2758
050,12,101,"Florida","Pasco County",5,79,4880,2241,2639
050,12,101,"Florida","Pasco County",5,80,4992,2300,2692
050,12,101,"Florida","Pasco County",5,81,4176,1922,2254
050,12,101,"Florida","Pasco County",5,82,3550,1647,1903
050,12,101,"Florida","Pasco County",5,83,3146,1417,1729
050,12,101,"Florida","Pasco County",5,84,2854,1266,1588
050,12,101,"Florida","Pasco County",5,85,15533,6730,8803
050,12,103,"Florida","Pinellas County",1,0,7754,3960,3794
050,12,103,"Florida","Pinellas County",1,1,7654,3940,3714
050,12,103,"Florida","Pinellas County",1,2,7864,4051,3813
050,12,103,"Florida","Pinellas County",1,3,8084,4066,4018
050,12,103,"Florida","Pinellas County",1,4,8370,4285,4085
050,12,103,"Florida","Pinellas County",1,5,8329,4237,4092
050,12,103,"Florida","Pinellas County",1,6,8391,4283,4108
050,12,103,"Florida","Pinellas County",1,7,8399,4323,4076
050,12,103,"Florida","Pinellas County",1,8,8314,4202,4112
050,12,103,"Florida","Pinellas County",1,9,8507,4384,4123
050,12,103,"Florida","Pinellas County",1,10,8459,4296,4163
050,12,103,"Florida","Pinellas County",1,11,8872,4552,4320
050,12,103,"Florida","Pinellas County",1,12,9288,4743,4545
050,12,103,"Florida","Pinellas County",1,13,9342,4654,4688
050,12,103,"Florida","Pinellas County",1,14,9089,4637,4452
050,12,103,"Florida","Pinellas County",1,15,9150,4762,4388
050,12,103,"Florida","Pinellas County",1,16,9231,4723,4508
050,12,103,"Florida","Pinellas County",1,17,8931,4610,4321
050,12,103,"Florida","Pinellas County",1,18,8350,4364,3986
050,12,103,"Florida","Pinellas County",1,19,7725,3943,3782
050,12,103,"Florida","Pinellas County",1,20,8043,4069,3974
050,12,103,"Florida","Pinellas County",1,21,8449,4285,4164
050,12,103,"Florida","Pinellas County",1,22,8893,4375,4518
050,12,103,"Florida","Pinellas County",1,23,9415,4661,4754
050,12,103,"Florida","Pinellas County",1,24,9876,4873,5003
050,12,103,"Florida","Pinellas County",1,25,10562,5289,5273
050,12,103,"Florida","Pinellas County",1,26,10915,5436,5479
050,12,103,"Florida","Pinellas County",1,27,11431,5620,5811
050,12,103,"Florida","Pinellas County",1,28,11928,5892,6036
050,12,103,"Florida","Pinellas County",1,29,12422,6140,6282
050,12,103,"Florida","Pinellas County",1,30,12480,6143,6337
050,12,103,"Florida","Pinellas County",1,31,11978,5847,6131
050,12,103,"Florida","Pinellas County",1,32,11407,5664,5743
050,12,103,"Florida","Pinellas County",1,33,11262,5637,5625
050,12,103,"Florida","Pinellas County",1,34,11320,5594,5726
050,12,103,"Florida","Pinellas County",1,35,11296,5692,5604
050,12,103,"Florida","Pinellas County",1,36,11027,5480,5547
050,12,103,"Florida","Pinellas County",1,37,11237,5583,5654
050,12,103,"Florida","Pinellas County",1,38,11195,5497,5698
050,12,103,"Florida","Pinellas County",1,39,11151,5503,5648
050,12,103,"Florida","Pinellas County",1,40,10988,5478,5510
050,12,103,"Florida","Pinellas County",1,41,10364,5023,5341
050,12,103,"Florida","Pinellas County",1,42,10506,5154,5352
050,12,103,"Florida","Pinellas County",1,43,10222,5068,5154
050,12,103,"Florida","Pinellas County",1,44,10249,5011,5238
050,12,103,"Florida","Pinellas County",1,45,10464,5163,5301
050,12,103,"Florida","Pinellas County",1,46,10340,5049,5291
050,12,103,"Florida","Pinellas County",1,47,11052,5375,5677
050,12,103,"Florida","Pinellas County",1,48,12032,5871,6161
050,12,103,"Florida","Pinellas County",1,49,13198,6450,6748
050,12,103,"Florida","Pinellas County",1,50,13111,6456,6655
050,12,103,"Florida","Pinellas County",1,51,12678,6203,6475
050,12,103,"Florida","Pinellas County",1,52,12527,6154,6373
050,12,103,"Florida","Pinellas County",1,53,13020,6375,6645
050,12,103,"Florida","Pinellas County",1,54,13799,6765,7034
050,12,103,"Florida","Pinellas County",1,55,14943,7197,7746
050,12,103,"Florida","Pinellas County",1,56,15652,7512,8140
050,12,103,"Florida","Pinellas County",1,57,15725,7542,8183
050,12,103,"Florida","Pinellas County",1,58,16093,7768,8325
050,12,103,"Florida","Pinellas County",1,59,16195,7827,8368
050,12,103,"Florida","Pinellas County",1,60,16002,7673,8329
050,12,103,"Florida","Pinellas County",1,61,15859,7577,8282
050,12,103,"Florida","Pinellas County",1,62,15897,7577,8320
050,12,103,"Florida","Pinellas County",1,63,15673,7414,8259
050,12,103,"Florida","Pinellas County",1,64,15251,7091,8160
050,12,103,"Florida","Pinellas County",1,65,14813,6902,7911
050,12,103,"Florida","Pinellas County",1,66,14373,6744,7629
050,12,103,"Florida","Pinellas County",1,67,13909,6474,7435
050,12,103,"Florida","Pinellas County",1,68,13879,6433,7446
050,12,103,"Florida","Pinellas County",1,69,13055,6090,6965
050,12,103,"Florida","Pinellas County",1,70,12856,6078,6778
050,12,103,"Florida","Pinellas County",1,71,12797,6039,6758
050,12,103,"Florida","Pinellas County",1,72,13392,6279,7113
050,12,103,"Florida","Pinellas County",1,73,13507,6397,7110
050,12,103,"Florida","Pinellas County",1,74,9653,4437,5216
050,12,103,"Florida","Pinellas County",1,75,9629,4381,5248
050,12,103,"Florida","Pinellas County",1,76,9775,4468,5307
050,12,103,"Florida","Pinellas County",1,77,9772,4416,5356
050,12,103,"Florida","Pinellas County",1,78,8276,3663,4613
050,12,103,"Florida","Pinellas County",1,79,7532,3412,4120
050,12,103,"Florida","Pinellas County",1,80,6848,3052,3796
050,12,103,"Florida","Pinellas County",1,81,6585,2951,3634
050,12,103,"Florida","Pinellas County",1,82,6028,2647,3381
050,12,103,"Florida","Pinellas County",1,83,5554,2452,3102
050,12,103,"Florida","Pinellas County",1,84,5145,2192,2953
050,12,103,"Florida","Pinellas County",1,85,33503,12747,20756
050,12,103,"Florida","Pinellas County",2,0,7535,3827,3708
050,12,103,"Florida","Pinellas County",2,1,7647,3926,3721
050,12,103,"Florida","Pinellas County",2,2,7800,4014,3786
050,12,103,"Florida","Pinellas County",2,3,7998,4046,3952
050,12,103,"Florida","Pinellas County",2,4,8305,4230,4075
050,12,103,"Florida","Pinellas County",2,5,8320,4241,4079
050,12,103,"Florida","Pinellas County",2,6,8407,4297,4110
050,12,103,"Florida","Pinellas County",2,7,8375,4302,4073
050,12,103,"Florida","Pinellas County",2,8,8317,4224,4093
050,12,103,"Florida","Pinellas County",2,9,8445,4329,4116
050,12,103,"Florida","Pinellas County",2,10,8457,4304,4153
050,12,103,"Florida","Pinellas County",2,11,8723,4468,4255
050,12,103,"Florida","Pinellas County",2,12,9229,4719,4510
050,12,103,"Florida","Pinellas County",2,13,9318,4670,4648
050,12,103,"Florida","Pinellas County",2,14,9147,4641,4506
050,12,103,"Florida","Pinellas County",2,15,9154,4742,4412
050,12,103,"Florida","Pinellas County",2,16,9227,4737,4490
050,12,103,"Florida","Pinellas County",2,17,9001,4638,4363
050,12,103,"Florida","Pinellas County",2,18,8334,4348,3986
050,12,103,"Florida","Pinellas County",2,19,7811,3979,3832
050,12,103,"Florida","Pinellas County",2,20,8223,4163,4060
050,12,103,"Florida","Pinellas County",2,21,8509,4293,4216
050,12,103,"Florida","Pinellas County",2,22,8934,4409,4525
050,12,103,"Florida","Pinellas County",2,23,9415,4647,4768
050,12,103,"Florida","Pinellas County",2,24,9853,4856,4997
050,12,103,"Florida","Pinellas County",2,25,10485,5245,5240
050,12,103,"Florida","Pinellas County",2,26,10908,5431,5477
050,12,103,"Florida","Pinellas County",2,27,11343,5598,5745
050,12,103,"Florida","Pinellas County",2,28,11850,5860,5990
050,12,103,"Florida","Pinellas County",2,29,12291,6075,6216
050,12,103,"Florida","Pinellas County",2,30,12543,6171,6372
050,12,103,"Florida","Pinellas County",2,31,12022,5870,6152
050,12,103,"Florida","Pinellas County",2,32,11522,5701,5821
050,12,103,"Florida","Pinellas County",2,33,11311,5645,5666
050,12,103,"Florida","Pinellas County",2,34,11309,5604,5705
050,12,103,"Florida","Pinellas County",2,35,11385,5726,5659
050,12,103,"Florida","Pinellas County",2,36,10996,5483,5513
050,12,103,"Florida","Pinellas County",2,37,11220,5557,5663
050,12,103,"Florida","Pinellas County",2,38,11265,5541,5724
050,12,103,"Florida","Pinellas County",2,39,11127,5496,5631
050,12,103,"Florida","Pinellas County",2,40,11111,5526,5585
050,12,103,"Florida","Pinellas County",2,41,10469,5088,5381
050,12,103,"Florida","Pinellas County",2,42,10428,5105,5323
050,12,103,"Florida","Pinellas County",2,43,10367,5120,5247
050,12,103,"Florida","Pinellas County",2,44,10178,4997,5181
050,12,103,"Florida","Pinellas County",2,45,10504,5170,5334
050,12,103,"Florida","Pinellas County",2,46,10343,5049,5294
050,12,103,"Florida","Pinellas County",2,47,10875,5283,5592
050,12,103,"Florida","Pinellas County",2,48,11821,5762,6059
050,12,103,"Florida","Pinellas County",2,49,13002,6346,6656
050,12,103,"Florida","Pinellas County",2,50,13215,6495,6720
050,12,103,"Florida","Pinellas County",2,51,12743,6230,6513
050,12,103,"Florida","Pinellas County",2,52,12566,6158,6408
050,12,103,"Florida","Pinellas County",2,53,12923,6321,6602
050,12,103,"Florida","Pinellas County",2,54,13604,6671,6933
050,12,103,"Florida","Pinellas County",2,55,14716,7109,7607
050,12,103,"Florida","Pinellas County",2,56,15560,7476,8084
050,12,103,"Florida","Pinellas County",2,57,15747,7550,8197
050,12,103,"Florida","Pinellas County",2,58,16022,7720,8302
050,12,103,"Florida","Pinellas County",2,59,16261,7848,8413
050,12,103,"Florida","Pinellas County",2,60,16065,7722,8343
050,12,103,"Florida","Pinellas County",2,61,15869,7581,8288
050,12,103,"Florida","Pinellas County",2,62,15887,7576,8311
050,12,103,"Florida","Pinellas County",2,63,15871,7506,8365
050,12,103,"Florida","Pinellas County",2,64,15286,7133,8153
050,12,103,"Florida","Pinellas County",2,65,14909,6936,7973
050,12,103,"Florida","Pinellas County",2,66,14507,6795,7712
050,12,103,"Florida","Pinellas County",2,67,13996,6523,7473
050,12,103,"Florida","Pinellas County",2,68,13767,6387,7380
050,12,103,"Florida","Pinellas County",2,69,13326,6202,7124
050,12,103,"Florida","Pinellas County",2,70,12842,6045,6797
050,12,103,"Florida","Pinellas County",2,71,12804,6040,6764
050,12,103,"Florida","Pinellas County",2,72,13001,6103,6898
050,12,103,"Florida","Pinellas County",2,73,14068,6627,7441
050,12,103,"Florida","Pinellas County",2,74,9906,4585,5321
050,12,103,"Florida","Pinellas County",2,75,9614,4373,5241
050,12,103,"Florida","Pinellas County",2,76,9607,4383,5224
050,12,103,"Florida","Pinellas County",2,77,9934,4493,5441
050,12,103,"Florida","Pinellas County",2,78,8431,3753,4678
050,12,103,"Florida","Pinellas County",2,79,7598,3420,4178
050,12,103,"Florida","Pinellas County",2,80,6935,3093,3842
050,12,103,"Florida","Pinellas County",2,81,6558,2940,3618
050,12,103,"Florida","Pinellas County",2,82,6112,2689,3423
050,12,103,"Florida","Pinellas County",2,83,5568,2449,3119
050,12,103,"Florida","Pinellas County",2,84,5177,2220,2957
050,12,103,"Florida","Pinellas County",2,85,33639,12844,20795
050,12,103,"Florida","Pinellas County",3,0,7189,3713,3476
050,12,103,"Florida","Pinellas County",3,1,7390,3765,3625
050,12,103,"Florida","Pinellas County",3,2,7466,3824,3642
050,12,103,"Florida","Pinellas County",3,3,7707,3960,3747
050,12,103,"Florida","Pinellas County",3,4,7955,3962,3993
050,12,103,"Florida","Pinellas County",3,5,8165,4168,3997
050,12,103,"Florida","Pinellas County",3,6,8352,4270,4082
050,12,103,"Florida","Pinellas County",3,7,8290,4251,4039
050,12,103,"Florida","Pinellas County",3,8,8280,4245,4035
050,12,103,"Florida","Pinellas County",3,9,8280,4171,4109
050,12,103,"Florida","Pinellas County",3,10,8310,4270,4040
050,12,103,"Florida","Pinellas County",3,11,8357,4240,4117
050,12,103,"Florida","Pinellas County",3,12,8660,4461,4199
050,12,103,"Florida","Pinellas County",3,13,9230,4664,4566
050,12,103,"Florida","Pinellas County",3,14,9215,4616,4599
050,12,103,"Florida","Pinellas County",3,15,9118,4626,4492
050,12,103,"Florida","Pinellas County",3,16,9118,4709,4409
050,12,103,"Florida","Pinellas County",3,17,9182,4714,4468
050,12,103,"Florida","Pinellas County",3,18,8265,4330,3935
050,12,103,"Florida","Pinellas County",3,19,7658,3926,3732
050,12,103,"Florida","Pinellas County",3,20,8277,4214,4063
050,12,103,"Florida","Pinellas County",3,21,8617,4305,4312
050,12,103,"Florida","Pinellas County",3,22,8986,4454,4532
050,12,103,"Florida","Pinellas County",3,23,9528,4712,4816
050,12,103,"Florida","Pinellas County",3,24,9894,4833,5061
050,12,103,"Florida","Pinellas County",3,25,10285,5128,5157
050,12,103,"Florida","Pinellas County",3,26,10793,5354,5439
050,12,103,"Florida","Pinellas County",3,27,11325,5676,5649
050,12,103,"Florida","Pinellas County",3,28,11551,5740,5811
050,12,103,"Florida","Pinellas County",3,29,11971,5957,6014
050,12,103,"Florida","Pinellas County",3,30,12436,6172,6264
050,12,103,"Florida","Pinellas County",3,31,12513,6139,6374
050,12,103,"Florida","Pinellas County",3,32,12062,5968,6094
050,12,103,"Florida","Pinellas County",3,33,11541,5766,5775
050,12,103,"Florida","Pinellas County",3,34,11300,5576,5724
050,12,103,"Florida","Pinellas County",3,35,11398,5700,5698
050,12,103,"Florida","Pinellas County",3,36,11257,5653,5604
050,12,103,"Florida","Pinellas County",3,37,11007,5474,5533
050,12,103,"Florida","Pinellas County",3,38,11176,5540,5636
050,12,103,"Florida","Pinellas County",3,39,11185,5519,5666
050,12,103,"Florida","Pinellas County",3,40,11228,5551,5677
050,12,103,"Florida","Pinellas County",3,41,11051,5432,5619
050,12,103,"Florida","Pinellas County",3,42,10458,5106,5352
050,12,103,"Florida","Pinellas County",3,43,10333,5054,5279
050,12,103,"Florida","Pinellas County",3,44,10403,5133,5270
050,12,103,"Florida","Pinellas County",3,45,10285,5042,5243
050,12,103,"Florida","Pinellas County",3,46,10430,5079,5351
050,12,103,"Florida","Pinellas County",3,47,10399,5076,5323
050,12,103,"Florida","Pinellas County",3,48,10909,5327,5582
050,12,103,"Florida","Pinellas County",3,49,11898,5768,6130
050,12,103,"Florida","Pinellas County",3,50,13172,6476,6696
050,12,103,"Florida","Pinellas County",3,51,13139,6440,6699
050,12,103,"Florida","Pinellas County",3,52,12842,6269,6573
050,12,103,"Florida","Pinellas County",3,53,12605,6163,6442
050,12,103,"Florida","Pinellas County",3,54,13105,6432,6673
050,12,103,"Florida","Pinellas County",3,55,13701,6683,7018
050,12,103,"Florida","Pinellas County",3,56,14775,7134,7641
050,12,103,"Florida","Pinellas County",3,57,15546,7469,8077
050,12,103,"Florida","Pinellas County",3,58,15771,7590,8181
050,12,103,"Florida","Pinellas County",3,59,16079,7717,8362
050,12,103,"Florida","Pinellas County",3,60,16324,7855,8469
050,12,103,"Florida","Pinellas County",3,61,16110,7688,8422
050,12,103,"Florida","Pinellas County",3,62,15894,7569,8325
050,12,103,"Florida","Pinellas County",3,63,15850,7498,8352
050,12,103,"Florida","Pinellas County",3,64,15773,7465,8308
050,12,103,"Florida","Pinellas County",3,65,15197,7087,8110
050,12,103,"Florida","Pinellas County",3,66,14821,6872,7949
050,12,103,"Florida","Pinellas County",3,67,14464,6728,7736
050,12,103,"Florida","Pinellas County",3,68,13894,6488,7406
050,12,103,"Florida","Pinellas County",3,69,13664,6323,7341
050,12,103,"Florida","Pinellas County",3,70,13129,6096,7033
050,12,103,"Florida","Pinellas County",3,71,12703,5965,6738
050,12,103,"Florida","Pinellas County",3,72,12609,5954,6655
050,12,103,"Florida","Pinellas County",3,73,12742,5949,6793
050,12,103,"Florida","Pinellas County",3,74,13783,6458,7325
050,12,103,"Florida","Pinellas County",3,75,9726,4492,5234
050,12,103,"Florida","Pinellas County",3,76,9373,4213,5160
050,12,103,"Florida","Pinellas County",3,77,9307,4221,5086
050,12,103,"Florida","Pinellas County",3,78,9550,4285,5265
050,12,103,"Florida","Pinellas County",3,79,8188,3674,4514
050,12,103,"Florida","Pinellas County",3,80,7265,3219,4046
050,12,103,"Florida","Pinellas County",3,81,6690,2960,3730
050,12,103,"Florida","Pinellas County",3,82,6245,2781,3464
050,12,103,"Florida","Pinellas County",3,83,5749,2475,3274
050,12,103,"Florida","Pinellas County",3,84,5216,2262,2954
050,12,103,"Florida","Pinellas County",3,85,33899,13184,20715
050,12,103,"Florida","Pinellas County",4,0,7430,3801,3629
050,12,103,"Florida","Pinellas County",4,1,7080,3677,3403
050,12,103,"Florida","Pinellas County",4,2,7248,3691,3557
050,12,103,"Florida","Pinellas County",4,3,7443,3799,3644
050,12,103,"Florida","Pinellas County",4,4,7733,3945,3788
050,12,103,"Florida","Pinellas County",4,5,7908,3952,3956
050,12,103,"Florida","Pinellas County",4,6,8174,4180,3994
050,12,103,"Florida","Pinellas County",4,7,8299,4226,4073
050,12,103,"Florida","Pinellas County",4,8,8270,4241,4029
050,12,103,"Florida","Pinellas County",4,9,8290,4267,4023
050,12,103,"Florida","Pinellas County",4,10,8233,4187,4046
050,12,103,"Florida","Pinellas County",4,11,8254,4231,4023
050,12,103,"Florida","Pinellas County",4,12,8344,4248,4096
050,12,103,"Florida","Pinellas County",4,13,8609,4416,4193
050,12,103,"Florida","Pinellas County",4,14,9216,4645,4571
050,12,103,"Florida","Pinellas County",4,15,9212,4666,4546
050,12,103,"Florida","Pinellas County",4,16,9160,4624,4536
050,12,103,"Florida","Pinellas County",4,17,9175,4756,4419
050,12,103,"Florida","Pinellas County",4,18,8374,4382,3992
050,12,103,"Florida","Pinellas County",4,19,7480,3823,3657
050,12,103,"Florida","Pinellas County",4,20,7861,4032,3829
050,12,103,"Florida","Pinellas County",4,21,8565,4299,4266
050,12,103,"Florida","Pinellas County",4,22,8999,4427,4572
050,12,103,"Florida","Pinellas County",4,23,9531,4675,4856
050,12,103,"Florida","Pinellas County",4,24,10224,4951,5273
050,12,103,"Florida","Pinellas County",4,25,10522,5179,5343
050,12,103,"Florida","Pinellas County",4,26,10808,5401,5407
050,12,103,"Florida","Pinellas County",4,27,11289,5631,5658
050,12,103,"Florida","Pinellas County",4,28,11484,5752,5732
050,12,103,"Florida","Pinellas County",4,29,11720,5855,5865
050,12,103,"Florida","Pinellas County",4,30,12249,6122,6127
050,12,103,"Florida","Pinellas County",4,31,12501,6146,6355
050,12,103,"Florida","Pinellas County",4,32,12457,6174,6283
050,12,103,"Florida","Pinellas County",4,33,12230,6071,6159
050,12,103,"Florida","Pinellas County",4,34,11672,5824,5848
050,12,103,"Florida","Pinellas County",4,35,11494,5711,5783
050,12,103,"Florida","Pinellas County",4,36,11317,5652,5665
050,12,103,"Florida","Pinellas County",4,37,11287,5631,5656
050,12,103,"Florida","Pinellas County",4,38,11045,5500,5545
050,12,103,"Florida","Pinellas County",4,39,11178,5570,5608
050,12,103,"Florida","Pinellas County",4,40,11353,5648,5705
050,12,103,"Florida","Pinellas County",4,41,11155,5432,5723
050,12,103,"Florida","Pinellas County",4,42,11022,5377,5645
050,12,103,"Florida","Pinellas County",4,43,10515,5157,5358
050,12,103,"Florida","Pinellas County",4,44,10403,5110,5293
050,12,103,"Florida","Pinellas County",4,45,10607,5279,5328
050,12,103,"Florida","Pinellas County",4,46,10198,4909,5289
050,12,103,"Florida","Pinellas County",4,47,10594,5185,5409
050,12,103,"Florida","Pinellas County",4,48,10508,5136,5372
050,12,103,"Florida","Pinellas County",4,49,10942,5301,5641
050,12,103,"Florida","Pinellas County",4,50,12048,5887,6161
050,12,103,"Florida","Pinellas County",4,51,13177,6410,6767
050,12,103,"Florida","Pinellas County",4,52,13267,6484,6783
050,12,103,"Florida","Pinellas County",4,53,12978,6341,6637
050,12,103,"Florida","Pinellas County",4,54,12844,6338,6506
050,12,103,"Florida","Pinellas County",4,55,13203,6440,6763
050,12,103,"Florida","Pinellas County",4,56,13762,6689,7073
050,12,103,"Florida","Pinellas County",4,57,14837,7150,7687
050,12,103,"Florida","Pinellas County",4,58,15635,7513,8122
050,12,103,"Florida","Pinellas County",4,59,15952,7578,8374
050,12,103,"Florida","Pinellas County",4,60,16232,7782,8450
050,12,103,"Florida","Pinellas County",4,61,16329,7825,8504
050,12,103,"Florida","Pinellas County",4,62,16098,7681,8417
050,12,103,"Florida","Pinellas County",4,63,15948,7558,8390
050,12,103,"Florida","Pinellas County",4,64,15933,7587,8346
050,12,103,"Florida","Pinellas County",4,65,15737,7394,8343
050,12,103,"Florida","Pinellas County",4,66,15025,6998,8027
050,12,103,"Florida","Pinellas County",4,67,14841,6877,7964
050,12,103,"Florida","Pinellas County",4,68,14294,6639,7655
050,12,103,"Florida","Pinellas County",4,69,13754,6395,7359
050,12,103,"Florida","Pinellas County",4,70,13519,6242,7277
050,12,103,"Florida","Pinellas County",4,71,13002,5991,7011
050,12,103,"Florida","Pinellas County",4,72,12484,5843,6641
050,12,103,"Florida","Pinellas County",4,73,12382,5809,6573
050,12,103,"Florida","Pinellas County",4,74,12469,5791,6678
050,12,103,"Florida","Pinellas County",4,75,13513,6316,7197
050,12,103,"Florida","Pinellas County",4,76,9484,4312,5172
050,12,103,"Florida","Pinellas County",4,77,9085,4050,5035
050,12,103,"Florida","Pinellas County",4,78,8894,4019,4875
050,12,103,"Florida","Pinellas County",4,79,9255,4146,5109
050,12,103,"Florida","Pinellas County",4,80,7740,3387,4353
050,12,103,"Florida","Pinellas County",4,81,6974,3064,3910
050,12,103,"Florida","Pinellas County",4,82,6320,2787,3533
050,12,103,"Florida","Pinellas County",4,83,5858,2558,3300
050,12,103,"Florida","Pinellas County",4,84,5394,2264,3130
050,12,103,"Florida","Pinellas County",4,85,33863,13369,20494
050,12,103,"Florida","Pinellas County",5,0,7483,3819,3664
050,12,103,"Florida","Pinellas County",5,1,7306,3732,3574
050,12,103,"Florida","Pinellas County",5,2,6879,3589,3290
050,12,103,"Florida","Pinellas County",5,3,7327,3699,3628
050,12,103,"Florida","Pinellas County",5,4,7401,3754,3647
050,12,103,"Florida","Pinellas County",5,5,7641,3917,3724
050,12,103,"Florida","Pinellas County",5,6,7930,3982,3948
050,12,103,"Florida","Pinellas County",5,7,8113,4150,3963
050,12,103,"Florida","Pinellas County",5,8,8274,4217,4057
050,12,103,"Florida","Pinellas County",5,9,8247,4227,4020
050,12,103,"Florida","Pinellas County",5,10,8168,4202,3966
050,12,103,"Florida","Pinellas County",5,11,8168,4149,4019
050,12,103,"Florida","Pinellas County",5,12,8239,4238,4001
050,12,103,"Florida","Pinellas County",5,13,8348,4216,4132
050,12,103,"Florida","Pinellas County",5,14,8630,4434,4196
050,12,103,"Florida","Pinellas County",5,15,9209,4637,4572
050,12,103,"Florida","Pinellas County",5,16,9113,4578,4535
050,12,103,"Florida","Pinellas County",5,17,9097,4610,4487
050,12,103,"Florida","Pinellas County",5,18,8367,4440,3927
050,12,103,"Florida","Pinellas County",5,19,7593,3878,3715
050,12,103,"Florida","Pinellas County",5,20,7813,3980,3833
050,12,103,"Florida","Pinellas County",5,21,8100,4067,4033
050,12,103,"Florida","Pinellas County",5,22,8866,4390,4476
050,12,103,"Florida","Pinellas County",5,23,9555,4648,4907
050,12,103,"Florida","Pinellas County",5,24,10195,4996,5199
050,12,103,"Florida","Pinellas County",5,25,10739,5322,5417
050,12,103,"Florida","Pinellas County",5,26,10929,5428,5501
050,12,103,"Florida","Pinellas County",5,27,11291,5652,5639
050,12,103,"Florida","Pinellas County",5,28,11424,5735,5689
050,12,103,"Florida","Pinellas County",5,29,11690,5924,5766
050,12,103,"Florida","Pinellas County",5,30,11950,6001,5949
050,12,103,"Florida","Pinellas County",5,31,12309,6050,6259
050,12,103,"Florida","Pinellas County",5,32,12566,6276,6290
050,12,103,"Florida","Pinellas County",5,33,12514,6203,6311
050,12,103,"Florida","Pinellas County",5,34,12179,6059,6120
050,12,103,"Florida","Pinellas County",5,35,11790,5878,5912
050,12,103,"Florida","Pinellas County",5,36,11334,5626,5708
050,12,103,"Florida","Pinellas County",5,37,11292,5606,5686
050,12,103,"Florida","Pinellas County",5,38,11221,5591,5630
050,12,103,"Florida","Pinellas County",5,39,11078,5537,5541
050,12,103,"Florida","Pinellas County",5,40,11222,5623,5599
050,12,103,"Florida","Pinellas County",5,41,11262,5546,5716
050,12,103,"Florida","Pinellas County",5,42,11207,5448,5759
050,12,103,"Florida","Pinellas County",5,43,10941,5336,5605
050,12,103,"Florida","Pinellas County",5,44,10675,5214,5461
050,12,103,"Florida","Pinellas County",5,45,10442,5126,5316
050,12,103,"Florida","Pinellas County",5,46,10518,5192,5326
050,12,103,"Florida","Pinellas County",5,47,10262,4954,5308
050,12,103,"Florida","Pinellas County",5,48,10620,5219,5401
050,12,103,"Florida","Pinellas County",5,49,10467,5071,5396
050,12,103,"Florida","Pinellas County",5,50,11106,5421,5685
050,12,103,"Florida","Pinellas County",5,51,12007,5854,6153
050,12,103,"Florida","Pinellas County",5,52,13260,6437,6823
050,12,103,"Florida","Pinellas County",5,53,13213,6468,6745
050,12,103,"Florida","Pinellas County",5,54,13056,6421,6635
050,12,103,"Florida","Pinellas County",5,55,12821,6245,6576
050,12,103,"Florida","Pinellas County",5,56,13274,6473,6801
050,12,103,"Florida","Pinellas County",5,57,13818,6686,7132
050,12,103,"Florida","Pinellas County",5,58,14864,7127,7737
050,12,103,"Florida","Pinellas County",5,59,15674,7472,8202
050,12,103,"Florida","Pinellas County",5,60,16121,7654,8467
050,12,103,"Florida","Pinellas County",5,61,16218,7712,8506
050,12,103,"Florida","Pinellas County",5,62,16302,7828,8474
050,12,103,"Florida","Pinellas County",5,63,16113,7645,8468
050,12,103,"Florida","Pinellas County",5,64,15893,7562,8331
050,12,103,"Florida","Pinellas County",5,65,15834,7510,8324
050,12,103,"Florida","Pinellas County",5,66,15605,7310,8295
050,12,103,"Florida","Pinellas County",5,67,14927,6940,7987
050,12,103,"Florida","Pinellas County",5,68,14704,6766,7938
050,12,103,"Florida","Pinellas County",5,69,14130,6556,7574
050,12,103,"Florida","Pinellas County",5,70,13546,6269,7277
050,12,103,"Florida","Pinellas County",5,71,13313,6101,7212
050,12,103,"Florida","Pinellas County",5,72,12834,5885,6949
050,12,103,"Florida","Pinellas County",5,73,12245,5695,6550
050,12,103,"Florida","Pinellas County",5,74,12039,5628,6411
050,12,103,"Florida","Pinellas County",5,75,12156,5633,6523
050,12,103,"Florida","Pinellas County",5,76,13123,6078,7045
050,12,103,"Florida","Pinellas County",5,77,9183,4180,5003
050,12,103,"Florida","Pinellas County",5,78,8737,3875,4862
050,12,103,"Florida","Pinellas County",5,79,8615,3908,4707
050,12,103,"Florida","Pinellas County",5,80,8840,3891,4949
050,12,103,"Florida","Pinellas County",5,81,7399,3196,4203
050,12,103,"Florida","Pinellas County",5,82,6600,2896,3704
050,12,103,"Florida","Pinellas County",5,83,5973,2582,3391
050,12,103,"Florida","Pinellas County",5,84,5489,2352,3137
050,12,103,"Florida","Pinellas County",5,85,34580,13780,20800
050,12,105,"Florida","Polk County",1,0,7771,3979,3792
050,12,105,"Florida","Polk County",1,1,8042,4145,3897
050,12,105,"Florida","Polk County",1,2,8144,4210,3934
050,12,105,"Florida","Polk County",1,3,8393,4333,4060
050,12,105,"Florida","Polk County",1,4,8568,4395,4173
050,12,105,"Florida","Polk County",1,5,8775,4495,4280
050,12,105,"Florida","Polk County",1,6,8772,4457,4315
050,12,105,"Florida","Polk County",1,7,8725,4510,4215
050,12,105,"Florida","Polk County",1,8,8730,4493,4237
050,12,105,"Florida","Polk County",1,9,8930,4536,4394
050,12,105,"Florida","Polk County",1,10,9234,4760,4474
050,12,105,"Florida","Polk County",1,11,9409,4829,4580
050,12,105,"Florida","Polk County",1,12,9856,5029,4827
050,12,105,"Florida","Polk County",1,13,9787,5019,4768
050,12,105,"Florida","Polk County",1,14,9601,4893,4708
050,12,105,"Florida","Polk County",1,15,9326,4787,4539
050,12,105,"Florida","Polk County",1,16,9244,4719,4525
050,12,105,"Florida","Polk County",1,17,9172,4691,4481
050,12,105,"Florida","Polk County",1,18,9185,4722,4463
050,12,105,"Florida","Polk County",1,19,8917,4432,4485
050,12,105,"Florida","Polk County",1,20,8938,4419,4519
050,12,105,"Florida","Polk County",1,21,8579,4370,4209
050,12,105,"Florida","Polk County",1,22,8457,4205,4252
050,12,105,"Florida","Polk County",1,23,8488,4216,4272
050,12,105,"Florida","Polk County",1,24,8517,4238,4279
050,12,105,"Florida","Polk County",1,25,8906,4468,4438
050,12,105,"Florida","Polk County",1,26,9187,4618,4569
050,12,105,"Florida","Polk County",1,27,9548,4797,4751
050,12,105,"Florida","Polk County",1,28,9746,4856,4890
050,12,105,"Florida","Polk County",1,29,10160,5078,5082
050,12,105,"Florida","Polk County",1,30,10146,4970,5176
050,12,105,"Florida","Polk County",1,31,9713,4772,4941
050,12,105,"Florida","Polk County",1,32,9433,4759,4674
050,12,105,"Florida","Polk County",1,33,9313,4771,4542
050,12,105,"Florida","Polk County",1,34,9224,4664,4560
050,12,105,"Florida","Polk County",1,35,9168,4644,4524
050,12,105,"Florida","Polk County",1,36,9101,4566,4535
050,12,105,"Florida","Polk County",1,37,9296,4531,4765
050,12,105,"Florida","Polk County",1,38,9275,4608,4667
050,12,105,"Florida","Polk County",1,39,9145,4532,4613
050,12,105,"Florida","Polk County",1,40,9064,4512,4552
050,12,105,"Florida","Polk County",1,41,8610,4252,4358
050,12,105,"Florida","Polk County",1,42,8584,4226,4358
050,12,105,"Florida","Polk County",1,43,8521,4219,4302
050,12,105,"Florida","Polk County",1,44,8250,4073,4177
050,12,105,"Florida","Polk County",1,45,8340,4108,4232
050,12,105,"Florida","Polk County",1,46,8245,4022,4223
050,12,105,"Florida","Polk County",1,47,8619,4324,4295
050,12,105,"Florida","Polk County",1,48,8856,4417,4439
050,12,105,"Florida","Polk County",1,49,9268,4679,4589
050,12,105,"Florida","Polk County",1,50,8785,4468,4317
050,12,105,"Florida","Polk County",1,51,8401,4204,4197
050,12,105,"Florida","Polk County",1,52,8196,4063,4133
050,12,105,"Florida","Polk County",1,53,8527,4254,4273
050,12,105,"Florida","Polk County",1,54,8582,4361,4221
050,12,105,"Florida","Polk County",1,55,8935,4376,4559
050,12,105,"Florida","Polk County",1,56,9070,4464,4606
050,12,105,"Florida","Polk County",1,57,8903,4346,4557
050,12,105,"Florida","Polk County",1,58,8964,4381,4583
050,12,105,"Florida","Polk County",1,59,9045,4373,4672
050,12,105,"Florida","Polk County",1,60,8899,4312,4587
050,12,105,"Florida","Polk County",1,61,8744,4175,4569
050,12,105,"Florida","Polk County",1,62,8853,4310,4543
050,12,105,"Florida","Polk County",1,63,8838,4207,4631
050,12,105,"Florida","Polk County",1,64,8757,4112,4645
050,12,105,"Florida","Polk County",1,65,8518,4012,4506
050,12,105,"Florida","Polk County",1,66,8463,3914,4549
050,12,105,"Florida","Polk County",1,67,8426,3946,4480
050,12,105,"Florida","Polk County",1,68,8410,3884,4526
050,12,105,"Florida","Polk County",1,69,8202,3776,4426
050,12,105,"Florida","Polk County",1,70,8097,3697,4400
050,12,105,"Florida","Polk County",1,71,8060,3722,4338
050,12,105,"Florida","Polk County",1,72,8393,3905,4488
050,12,105,"Florida","Polk County",1,73,8578,4015,4563
050,12,105,"Florida","Polk County",1,74,6343,2928,3415
050,12,105,"Florida","Polk County",1,75,6338,2943,3395
050,12,105,"Florida","Polk County",1,76,6323,2955,3368
050,12,105,"Florida","Polk County",1,77,6245,2936,3309
050,12,105,"Florida","Polk County",1,78,5345,2521,2824
050,12,105,"Florida","Polk County",1,79,4759,2275,2484
050,12,105,"Florida","Polk County",1,80,4268,2029,2239
050,12,105,"Florida","Polk County",1,81,4123,1913,2210
050,12,105,"Florida","Polk County",1,82,3769,1784,1985
050,12,105,"Florida","Polk County",1,83,3237,1503,1734
050,12,105,"Florida","Polk County",1,84,2963,1378,1585
050,12,105,"Florida","Polk County",1,85,15411,6490,8921
050,12,105,"Florida","Polk County",2,0,7764,3986,3778
050,12,105,"Florida","Polk County",2,1,8052,4142,3910
050,12,105,"Florida","Polk County",2,2,8188,4220,3968
050,12,105,"Florida","Polk County",2,3,8374,4323,4051
050,12,105,"Florida","Polk County",2,4,8627,4433,4194
050,12,105,"Florida","Polk County",2,5,8809,4520,4289
050,12,105,"Florida","Polk County",2,6,8844,4504,4340
050,12,105,"Florida","Polk County",2,7,8796,4530,4266
050,12,105,"Florida","Polk County",2,8,8768,4516,4252
050,12,105,"Florida","Polk County",2,9,8939,4557,4382
050,12,105,"Florida","Polk County",2,10,9214,4737,4477
050,12,105,"Florida","Polk County",2,11,9388,4823,4565
050,12,105,"Florida","Polk County",2,12,9834,5021,4813
050,12,105,"Florida","Polk County",2,13,9847,5040,4807
050,12,105,"Florida","Polk County",2,14,9688,4942,4746
050,12,105,"Florida","Polk County",2,15,9432,4833,4599
050,12,105,"Florida","Polk County",2,16,9314,4758,4556
050,12,105,"Florida","Polk County",2,17,9231,4718,4513
050,12,105,"Florida","Polk County",2,18,9242,4735,4507
050,12,105,"Florida","Polk County",2,19,9186,4559,4627
050,12,105,"Florida","Polk County",2,20,9173,4528,4645
050,12,105,"Florida","Polk County",2,21,8756,4434,4322
050,12,105,"Florida","Polk County",2,22,8572,4263,4309
050,12,105,"Florida","Polk County",2,23,8586,4267,4319
050,12,105,"Florida","Polk County",2,24,8574,4265,4309
050,12,105,"Florida","Polk County",2,25,8925,4480,4445
050,12,105,"Florida","Polk County",2,26,9231,4642,4589
050,12,105,"Florida","Polk County",2,27,9531,4784,4747
050,12,105,"Florida","Polk County",2,28,9797,4894,4903
050,12,105,"Florida","Polk County",2,29,10146,5067,5079
050,12,105,"Florida","Polk County",2,30,10274,5051,5223
050,12,105,"Florida","Polk County",2,31,9864,4844,5020
050,12,105,"Florida","Polk County",2,32,9560,4795,4765
050,12,105,"Florida","Polk County",2,33,9416,4801,4615
050,12,105,"Florida","Polk County",2,34,9314,4731,4583
050,12,105,"Florida","Polk County",2,35,9311,4711,4600
050,12,105,"Florida","Polk County",2,36,9131,4581,4550
050,12,105,"Florida","Polk County",2,37,9326,4569,4757
050,12,105,"Florida","Polk County",2,38,9377,4646,4731
050,12,105,"Florida","Polk County",2,39,9214,4580,4634
050,12,105,"Florida","Polk County",2,40,9232,4588,4644
050,12,105,"Florida","Polk County",2,41,8747,4322,4425
050,12,105,"Florida","Polk County",2,42,8601,4243,4358
050,12,105,"Florida","Polk County",2,43,8630,4275,4355
050,12,105,"Florida","Polk County",2,44,8310,4111,4199
050,12,105,"Florida","Polk County",2,45,8429,4157,4272
050,12,105,"Florida","Polk County",2,46,8314,4060,4254
050,12,105,"Florida","Polk County",2,47,8559,4268,4291
050,12,105,"Florida","Polk County",2,48,8855,4423,4432
050,12,105,"Florida","Polk County",2,49,9246,4651,4595
050,12,105,"Florida","Polk County",2,50,8955,4540,4415
050,12,105,"Florida","Polk County",2,51,8501,4271,4230
050,12,105,"Florida","Polk County",2,52,8288,4113,4175
050,12,105,"Florida","Polk County",2,53,8487,4220,4267
050,12,105,"Florida","Polk County",2,54,8619,4361,4258
050,12,105,"Florida","Polk County",2,55,8879,4375,4504
050,12,105,"Florida","Polk County",2,56,9123,4478,4645
050,12,105,"Florida","Polk County",2,57,8998,4396,4602
050,12,105,"Florida","Polk County",2,58,8994,4395,4599
050,12,105,"Florida","Polk County",2,59,9093,4401,4692
050,12,105,"Florida","Polk County",2,60,8992,4345,4647
050,12,105,"Florida","Polk County",2,61,8813,4223,4590
050,12,105,"Florida","Polk County",2,62,8842,4275,4567
050,12,105,"Florida","Polk County",2,63,8958,4293,4665
050,12,105,"Florida","Polk County",2,64,8776,4145,4631
050,12,105,"Florida","Polk County",2,65,8613,4052,4561
050,12,105,"Florida","Polk County",2,66,8529,3968,4561
050,12,105,"Florida","Polk County",2,67,8441,3928,4513
050,12,105,"Florida","Polk County",2,68,8399,3894,4505
050,12,105,"Florida","Polk County",2,69,8320,3830,4490
050,12,105,"Florida","Polk County",2,70,8129,3715,4414
050,12,105,"Florida","Polk County",2,71,8083,3720,4363
050,12,105,"Florida","Polk County",2,72,8190,3800,4390
050,12,105,"Florida","Polk County",2,73,8903,4161,4742
050,12,105,"Florida","Polk County",2,74,6487,2995,3492
050,12,105,"Florida","Polk County",2,75,6334,2929,3405
050,12,105,"Florida","Polk County",2,76,6245,2914,3331
050,12,105,"Florida","Polk County",2,77,6359,2982,3377
050,12,105,"Florida","Polk County",2,78,5423,2544,2879
050,12,105,"Florida","Polk County",2,79,4823,2299,2524
050,12,105,"Florida","Polk County",2,80,4349,2062,2287
050,12,105,"Florida","Polk County",2,81,4085,1906,2179
050,12,105,"Florida","Polk County",2,82,3801,1783,2018
050,12,105,"Florida","Polk County",2,83,3296,1540,1756
050,12,105,"Florida","Polk County",2,84,2970,1384,1586
050,12,105,"Florida","Polk County",2,85,15523,6561,8962
050,12,105,"Florida","Polk County",3,0,8025,4061,3964
050,12,105,"Florida","Polk County",3,1,8203,4205,3998
050,12,105,"Florida","Polk County",3,2,8567,4384,4183
050,12,105,"Florida","Polk County",3,3,8696,4447,4249
050,12,105,"Florida","Polk County",3,4,8799,4519,4280
050,12,105,"Florida","Polk County",3,5,9064,4676,4388
050,12,105,"Florida","Polk County",3,6,9196,4698,4498
050,12,105,"Florida","Polk County",3,7,9260,4735,4525
050,12,105,"Florida","Polk County",3,8,9209,4701,4508
050,12,105,"Florida","Polk County",3,9,9196,4731,4465
050,12,105,"Florida","Polk County",3,10,9315,4720,4595
050,12,105,"Florida","Polk County",3,11,9707,4991,4716
050,12,105,"Florida","Polk County",3,12,9748,5053,4695
050,12,105,"Florida","Polk County",3,13,10121,5156,4965
050,12,105,"Florida","Polk County",3,14,10192,5258,4934
050,12,105,"Florida","Polk County",3,15,9993,5088,4905
050,12,105,"Florida","Polk County",3,16,9737,4999,4738
050,12,105,"Florida","Polk County",3,17,9628,4945,4683
050,12,105,"Florida","Polk County",3,18,9557,4877,4680
050,12,105,"Florida","Polk County",3,19,9664,4853,4811
050,12,105,"Florida","Polk County",3,20,9610,4760,4850
050,12,105,"Florida","Polk County",3,21,9366,4698,4668
050,12,105,"Florida","Polk County",3,22,8996,4483,4513
050,12,105,"Florida","Polk County",3,23,8923,4506,4417
050,12,105,"Florida","Polk County",3,24,8974,4419,4555
050,12,105,"Florida","Polk County",3,25,8931,4449,4482
050,12,105,"Florida","Polk County",3,26,9378,4756,4622
050,12,105,"Florida","Polk County",3,27,9780,4879,4901
050,12,105,"Florida","Polk County",3,28,9952,4963,4989
050,12,105,"Florida","Polk County",3,29,10144,5098,5046
050,12,105,"Florida","Polk County",3,30,10643,5311,5332
050,12,105,"Florida","Polk County",3,31,10896,5390,5506
050,12,105,"Florida","Polk County",3,32,10450,5216,5234
050,12,105,"Florida","Polk County",3,33,10172,5098,5074
050,12,105,"Florida","Polk County",3,34,9854,5058,4796
050,12,105,"Florida","Polk County",3,35,9763,4960,4803
050,12,105,"Florida","Polk County",3,36,9844,4990,4854
050,12,105,"Florida","Polk County",3,37,9603,4811,4792
050,12,105,"Florida","Polk County",3,38,9856,4889,4967
050,12,105,"Florida","Polk County",3,39,9802,4919,4883
050,12,105,"Florida","Polk County",3,40,9691,4832,4859
050,12,105,"Florida","Polk County",3,41,9636,4818,4818
050,12,105,"Florida","Polk County",3,42,9148,4530,4618
050,12,105,"Florida","Polk County",3,43,8947,4448,4499
050,12,105,"Florida","Polk County",3,44,8920,4369,4551
050,12,105,"Florida","Polk County",3,45,8655,4290,4365
050,12,105,"Florida","Polk County",3,46,8765,4269,4496
050,12,105,"Florida","Polk County",3,47,8569,4221,4348
050,12,105,"Florida","Polk County",3,48,8845,4418,4427
050,12,105,"Florida","Polk County",3,49,9080,4517,4563
050,12,105,"Florida","Polk County",3,50,9420,4731,4689
050,12,105,"Florida","Polk County",3,51,9184,4622,4562
050,12,105,"Florida","Polk County",3,52,8691,4396,4295
050,12,105,"Florida","Polk County",3,53,8453,4185,4268
050,12,105,"Florida","Polk County",3,54,8725,4350,4375
050,12,105,"Florida","Polk County",3,55,8691,4322,4369
050,12,105,"Florida","Polk County",3,56,9055,4456,4599
050,12,105,"Florida","Polk County",3,57,9266,4513,4753
050,12,105,"Florida","Polk County",3,58,9198,4506,4692
050,12,105,"Florida","Polk County",3,59,9215,4482,4733
050,12,105,"Florida","Polk County",3,60,9267,4445,4822
050,12,105,"Florida","Polk County",3,61,9173,4420,4753
050,12,105,"Florida","Polk County",3,62,8892,4230,4662
050,12,105,"Florida","Polk County",3,63,8977,4351,4626
050,12,105,"Florida","Polk County",3,64,9140,4342,4798
050,12,105,"Florida","Polk County",3,65,8876,4196,4680
050,12,105,"Florida","Polk County",3,66,8815,4123,4692
050,12,105,"Florida","Polk County",3,67,8570,3964,4606
050,12,105,"Florida","Polk County",3,68,8493,3953,4540
050,12,105,"Florida","Polk County",3,69,8388,3863,4525
050,12,105,"Florida","Polk County",3,70,8323,3826,4497
050,12,105,"Florida","Polk County",3,71,8085,3681,4404
050,12,105,"Florida","Polk County",3,72,7970,3649,4321
050,12,105,"Florida","Polk County",3,73,8008,3705,4303
050,12,105,"Florida","Polk County",3,74,8787,4081,4706
050,12,105,"Florida","Polk County",3,75,6353,2905,3448
050,12,105,"Florida","Polk County",3,76,6138,2827,3311
050,12,105,"Florida","Polk County",3,77,6073,2824,3249
050,12,105,"Florida","Polk County",3,78,6073,2800,3273
050,12,105,"Florida","Polk County",3,79,5168,2416,2752
050,12,105,"Florida","Polk County",3,80,4619,2184,2435
050,12,105,"Florida","Polk County",3,81,4091,1916,2175
050,12,105,"Florida","Polk County",3,82,3827,1778,2049
050,12,105,"Florida","Polk County",3,83,3581,1671,1910
050,12,105,"Florida","Polk County",3,84,3011,1415,1596
050,12,105,"Florida","Polk County",3,85,15932,6788,9144
050,12,105,"Florida","Polk County",4,0,8684,4495,4189
050,12,105,"Florida","Polk County",4,1,8647,4346,4301
050,12,105,"Florida","Polk County",4,2,8789,4486,4303
050,12,105,"Florida","Polk County",4,3,9102,4669,4433
050,12,105,"Florida","Polk County",4,4,9328,4746,4582
050,12,105,"Florida","Polk County",4,5,9324,4787,4537
050,12,105,"Florida","Polk County",4,6,9668,4967,4701
050,12,105,"Florida","Polk County",4,7,9763,4978,4785
050,12,105,"Florida","Polk County",4,8,9749,5022,4727
050,12,105,"Florida","Polk County",4,9,9666,4964,4702
050,12,105,"Florida","Polk County",4,10,9751,4998,4753
050,12,105,"Florida","Polk County",4,11,9813,4991,4822
050,12,105,"Florida","Polk County",4,12,10134,5196,4938
050,12,105,"Florida","Polk County",4,13,10166,5232,4934
050,12,105,"Florida","Polk County",4,14,10611,5392,5219
050,12,105,"Florida","Polk County",4,15,10652,5480,5172
050,12,105,"Florida","Polk County",4,16,10394,5281,5113
050,12,105,"Florida","Polk County",4,17,10107,5207,4900
050,12,105,"Florida","Polk County",4,18,10005,5158,4847
050,12,105,"Florida","Polk County",4,19,9890,4978,4912
050,12,105,"Florida","Polk County",4,20,9875,4938,4937
050,12,105,"Florida","Polk County",4,21,9772,4959,4813
050,12,105,"Florida","Polk County",4,22,9655,4816,4839
050,12,105,"Florida","Polk County",4,23,9498,4772,4726
050,12,105,"Florida","Polk County",4,24,9439,4722,4717
050,12,105,"Florida","Polk County",4,25,9562,4755,4807
050,12,105,"Florida","Polk County",4,26,9530,4750,4780
050,12,105,"Florida","Polk County",4,27,9790,4920,4870
050,12,105,"Florida","Polk County",4,28,10324,5103,5221
050,12,105,"Florida","Polk County",4,29,10558,5279,5279
050,12,105,"Florida","Polk County",4,30,10766,5465,5301
050,12,105,"Florida","Polk County",4,31,11335,5689,5646
050,12,105,"Florida","Polk County",4,32,11467,5707,5760
050,12,105,"Florida","Polk County",4,33,11195,5624,5571
050,12,105,"Florida","Polk County",4,34,10700,5396,5304
050,12,105,"Florida","Polk County",4,35,10427,5321,5106
050,12,105,"Florida","Polk County",4,36,10449,5323,5126
050,12,105,"Florida","Polk County",4,37,10462,5286,5176
050,12,105,"Florida","Polk County",4,38,10222,5180,5042
050,12,105,"Florida","Polk County",4,39,10412,5161,5251
050,12,105,"Florida","Polk County",4,40,10374,5192,5182
050,12,105,"Florida","Polk County",4,41,10245,5154,5091
050,12,105,"Florida","Polk County",4,42,10226,5107,5119
050,12,105,"Florida","Polk County",4,43,9603,4782,4821
050,12,105,"Florida","Polk County",4,44,9417,4682,4735
050,12,105,"Florida","Polk County",4,45,9385,4610,4775
050,12,105,"Florida","Polk County",4,46,9085,4465,4620
050,12,105,"Florida","Polk County",4,47,9168,4507,4661
050,12,105,"Florida","Polk County",4,48,8940,4386,4554
050,12,105,"Florida","Polk County",4,49,9204,4560,4644
050,12,105,"Florida","Polk County",4,50,9487,4723,4764
050,12,105,"Florida","Polk County",4,51,9797,4945,4852
050,12,105,"Florida","Polk County",4,52,9532,4780,4752
050,12,105,"Florida","Polk County",4,53,8978,4543,4435
050,12,105,"Florida","Polk County",4,54,8728,4317,4411
050,12,105,"Florida","Polk County",4,55,9011,4405,4606
050,12,105,"Florida","Polk County",4,56,8951,4444,4507
050,12,105,"Florida","Polk County",4,57,9297,4560,4737
050,12,105,"Florida","Polk County",4,58,9563,4666,4897
050,12,105,"Florida","Polk County",4,59,9477,4608,4869
050,12,105,"Florida","Polk County",4,60,9466,4566,4900
050,12,105,"Florida","Polk County",4,61,9461,4522,4939
050,12,105,"Florida","Polk County",4,62,9346,4497,4849
050,12,105,"Florida","Polk County",4,63,9131,4331,4800
050,12,105,"Florida","Polk County",4,64,9165,4441,4724
050,12,105,"Florida","Polk County",4,65,9430,4458,4972
050,12,105,"Florida","Polk County",4,66,9181,4355,4826
050,12,105,"Florida","Polk County",4,67,8977,4163,4814
050,12,105,"Florida","Polk County",4,68,8670,4001,4669
050,12,105,"Florida","Polk County",4,69,8563,3944,4619
050,12,105,"Florida","Polk County",4,70,8425,3913,4512
050,12,105,"Florida","Polk County",4,71,8329,3831,4498
050,12,105,"Florida","Polk County",4,72,8071,3670,4401
050,12,105,"Florida","Polk County",4,73,7886,3629,4257
050,12,105,"Florida","Polk County",4,74,7807,3597,4210
050,12,105,"Florida","Polk County",4,75,8597,3969,4628
050,12,105,"Florida","Polk County",4,76,6103,2784,3319
050,12,105,"Florida","Polk County",4,77,5943,2744,3199
050,12,105,"Florida","Polk County",4,78,5815,2685,3130
050,12,105,"Florida","Polk County",4,79,5745,2649,3096
050,12,105,"Florida","Polk County",4,80,4927,2290,2637
050,12,105,"Florida","Polk County",4,81,4316,2012,2304
050,12,105,"Florida","Polk County",4,82,3799,1761,2038
050,12,105,"Florida","Polk County",4,83,3565,1647,1918
050,12,105,"Florida","Polk County",4,84,3270,1523,1747
050,12,105,"Florida","Polk County",4,85,16245,7018,9227
050,12,105,"Florida","Polk County",5,0,8780,4552,4228
050,12,105,"Florida","Polk County",5,1,9291,4799,4492
050,12,105,"Florida","Polk County",5,2,9165,4634,4531
050,12,105,"Florida","Polk County",5,3,9202,4708,4494
050,12,105,"Florida","Polk County",5,4,9580,4892,4688
050,12,105,"Florida","Polk County",5,5,9725,4978,4747
050,12,105,"Florida","Polk County",5,6,9753,5024,4729
050,12,105,"Florida","Polk County",5,7,10055,5177,4878
050,12,105,"Florida","Polk County",5,8,10230,5215,5015
050,12,105,"Florida","Polk County",5,9,10187,5245,4942
050,12,105,"Florida","Polk County",5,10,10077,5186,4891
050,12,105,"Florida","Polk County",5,11,10064,5214,4850
050,12,105,"Florida","Polk County",5,12,10195,5161,5034
050,12,105,"Florida","Polk County",5,13,10462,5346,5116
050,12,105,"Florida","Polk County",5,14,10533,5406,5127
050,12,105,"Florida","Polk County",5,15,10946,5540,5406
050,12,105,"Florida","Polk County",5,16,10915,5607,5308
050,12,105,"Florida","Polk County",5,17,10686,5431,5255
050,12,105,"Florida","Polk County",5,18,10263,5300,4963
050,12,105,"Florida","Polk County",5,19,10260,5211,5049
050,12,105,"Florida","Polk County",5,20,10152,5110,5042
050,12,105,"Florida","Polk County",5,21,9980,5081,4899
050,12,105,"Florida","Polk County",5,22,10075,5047,5028
050,12,105,"Florida","Polk County",5,23,10154,5136,5018
050,12,105,"Florida","Polk County",5,24,9843,4876,4967
050,12,105,"Florida","Polk County",5,25,9986,4980,5006
050,12,105,"Florida","Polk County",5,26,10074,5062,5012
050,12,105,"Florida","Polk County",5,27,10052,4973,5079
050,12,105,"Florida","Polk County",5,28,10459,5208,5251
050,12,105,"Florida","Polk County",5,29,10913,5417,5496
050,12,105,"Florida","Polk County",5,30,11189,5584,5605
050,12,105,"Florida","Polk County",5,31,11367,5749,5618
050,12,105,"Florida","Polk County",5,32,12077,6075,6002
050,12,105,"Florida","Polk County",5,33,12122,5982,6140
050,12,105,"Florida","Polk County",5,34,11617,5831,5786
050,12,105,"Florida","Polk County",5,35,11200,5648,5552
050,12,105,"Florida","Polk County",5,36,10982,5588,5394
050,12,105,"Florida","Polk County",5,37,10960,5546,5414
050,12,105,"Florida","Polk County",5,38,10979,5606,5373
050,12,105,"Florida","Polk County",5,39,10611,5333,5278
050,12,105,"Florida","Polk County",5,40,10874,5413,5461
050,12,105,"Florida","Polk County",5,41,10894,5474,5420
050,12,105,"Florida","Polk County",5,42,10716,5395,5321
050,12,105,"Florida","Polk County",5,43,10674,5352,5322
050,12,105,"Florida","Polk County",5,44,10016,4949,5067
050,12,105,"Florida","Polk County",5,45,9735,4836,4899
050,12,105,"Florida","Polk County",5,46,9807,4834,4973
050,12,105,"Florida","Polk County",5,47,9463,4669,4794
050,12,105,"Florida","Polk County",5,48,9479,4692,4787
050,12,105,"Florida","Polk County",5,49,9155,4475,4680
050,12,105,"Florida","Polk County",5,50,9449,4677,4772
050,12,105,"Florida","Polk County",5,51,9849,4894,4955
050,12,105,"Florida","Polk County",5,52,10089,5079,5010
050,12,105,"Florida","Polk County",5,53,9844,4913,4931
050,12,105,"Florida","Polk County",5,54,9287,4689,4598
050,12,105,"Florida","Polk County",5,55,9022,4384,4638
050,12,105,"Florida","Polk County",5,56,9293,4526,4767
050,12,105,"Florida","Polk County",5,57,9175,4556,4619
050,12,105,"Florida","Polk County",5,58,9603,4681,4922
050,12,105,"Florida","Polk County",5,59,9821,4743,5078
050,12,105,"Florida","Polk County",5,60,9724,4718,5006
050,12,105,"Florida","Polk County",5,61,9705,4670,5035
050,12,105,"Florida","Polk County",5,62,9729,4627,5102
050,12,105,"Florida","Polk County",5,63,9601,4615,4986
050,12,105,"Florida","Polk County",5,64,9390,4466,4924
050,12,105,"Florida","Polk County",5,65,9353,4479,4874
050,12,105,"Florida","Polk County",5,66,9636,4558,5078
050,12,105,"Florida","Polk County",5,67,9269,4371,4898
050,12,105,"Florida","Polk County",5,68,9115,4237,4878
050,12,105,"Florida","Polk County",5,69,8754,4029,4725
050,12,105,"Florida","Polk County",5,70,8653,3963,4690
050,12,105,"Florida","Polk County",5,71,8390,3870,4520
050,12,105,"Florida","Polk County",5,72,8286,3810,4476
050,12,105,"Florida","Polk County",5,73,7992,3618,4374
050,12,105,"Florida","Polk County",5,74,7742,3570,4172
050,12,105,"Florida","Polk County",5,75,7661,3478,4183
050,12,105,"Florida","Polk County",5,76,8357,3840,4517
050,12,105,"Florida","Polk County",5,77,5950,2693,3257
050,12,105,"Florida","Polk County",5,78,5747,2637,3110
050,12,105,"Florida","Polk County",5,79,5572,2584,2988
050,12,105,"Florida","Polk County",5,80,5503,2512,2991
050,12,105,"Florida","Polk County",5,81,4698,2155,2543
050,12,105,"Florida","Polk County",5,82,4073,1877,2196
050,12,105,"Florida","Polk County",5,83,3572,1654,1918
050,12,105,"Florida","Polk County",5,84,3302,1526,1776
050,12,105,"Florida","Polk County",5,85,17150,7507,9643
050,12,107,"Florida","Putnam County",1,0,787,403,384
050,12,107,"Florida","Putnam County",1,1,815,419,396
050,12,107,"Florida","Putnam County",1,2,832,419,413
050,12,107,"Florida","Putnam County",1,3,865,426,439
050,12,107,"Florida","Putnam County",1,4,872,463,409
050,12,107,"Florida","Putnam County",1,5,851,451,400
050,12,107,"Florida","Putnam County",1,6,866,463,403
050,12,107,"Florida","Putnam County",1,7,835,408,427
050,12,107,"Florida","Putnam County",1,8,860,441,419
050,12,107,"Florida","Putnam County",1,9,897,463,434
050,12,107,"Florida","Putnam County",1,10,879,462,417
050,12,107,"Florida","Putnam County",1,11,961,493,468
050,12,107,"Florida","Putnam County",1,12,995,504,491
050,12,107,"Florida","Putnam County",1,13,958,481,477
050,12,107,"Florida","Putnam County",1,14,905,462,443
050,12,107,"Florida","Putnam County",1,15,897,465,432
050,12,107,"Florida","Putnam County",1,16,879,450,429
050,12,107,"Florida","Putnam County",1,17,856,442,414
050,12,107,"Florida","Putnam County",1,18,779,415,364
050,12,107,"Florida","Putnam County",1,19,651,364,287
050,12,107,"Florida","Putnam County",1,20,708,370,338
050,12,107,"Florida","Putnam County",1,21,728,380,348
050,12,107,"Florida","Putnam County",1,22,732,370,362
050,12,107,"Florida","Putnam County",1,23,810,420,390
050,12,107,"Florida","Putnam County",1,24,786,411,375
050,12,107,"Florida","Putnam County",1,25,776,399,377
050,12,107,"Florida","Putnam County",1,26,776,406,370
050,12,107,"Florida","Putnam County",1,27,864,437,427
050,12,107,"Florida","Putnam County",1,28,920,477,443
050,12,107,"Florida","Putnam County",1,29,920,490,430
050,12,107,"Florida","Putnam County",1,30,848,425,423
050,12,107,"Florida","Putnam County",1,31,793,399,394
050,12,107,"Florida","Putnam County",1,32,796,391,405
050,12,107,"Florida","Putnam County",1,33,759,368,391
050,12,107,"Florida","Putnam County",1,34,789,370,419
050,12,107,"Florida","Putnam County",1,35,763,384,379
050,12,107,"Florida","Putnam County",1,36,730,367,363
050,12,107,"Florida","Putnam County",1,37,767,363,404
050,12,107,"Florida","Putnam County",1,38,745,369,376
050,12,107,"Florida","Putnam County",1,39,760,377,383
050,12,107,"Florida","Putnam County",1,40,776,378,398
050,12,107,"Florida","Putnam County",1,41,733,364,369
050,12,107,"Florida","Putnam County",1,42,718,355,363
050,12,107,"Florida","Putnam County",1,43,727,359,368
050,12,107,"Florida","Putnam County",1,44,692,352,340
050,12,107,"Florida","Putnam County",1,45,707,358,349
050,12,107,"Florida","Putnam County",1,46,712,343,369
050,12,107,"Florida","Putnam County",1,47,767,360,407
050,12,107,"Florida","Putnam County",1,48,826,408,418
050,12,107,"Florida","Putnam County",1,49,910,438,472
050,12,107,"Florida","Putnam County",1,50,862,429,433
050,12,107,"Florida","Putnam County",1,51,812,400,412
050,12,107,"Florida","Putnam County",1,52,820,406,414
050,12,107,"Florida","Putnam County",1,53,886,445,441
050,12,107,"Florida","Putnam County",1,54,949,478,471
050,12,107,"Florida","Putnam County",1,55,1039,519,520
050,12,107,"Florida","Putnam County",1,56,1093,504,589
050,12,107,"Florida","Putnam County",1,57,1090,506,584
050,12,107,"Florida","Putnam County",1,58,1206,604,602
050,12,107,"Florida","Putnam County",1,59,1228,594,634
050,12,107,"Florida","Putnam County",1,60,1183,574,609
050,12,107,"Florida","Putnam County",1,61,1160,542,618
050,12,107,"Florida","Putnam County",1,62,1124,538,586
050,12,107,"Florida","Putnam County",1,63,1133,545,588
050,12,107,"Florida","Putnam County",1,64,1139,568,571
050,12,107,"Florida","Putnam County",1,65,1116,535,581
050,12,107,"Florida","Putnam County",1,66,1112,531,581
050,12,107,"Florida","Putnam County",1,67,1098,523,575
050,12,107,"Florida","Putnam County",1,68,1081,540,541
050,12,107,"Florida","Putnam County",1,69,1060,523,537
050,12,107,"Florida","Putnam County",1,70,1039,538,501
050,12,107,"Florida","Putnam County",1,71,1029,510,519
050,12,107,"Florida","Putnam County",1,72,997,493,504
050,12,107,"Florida","Putnam County",1,73,916,476,440
050,12,107,"Florida","Putnam County",1,74,667,322,345
050,12,107,"Florida","Putnam County",1,75,740,353,387
050,12,107,"Florida","Putnam County",1,76,684,323,361
050,12,107,"Florida","Putnam County",1,77,691,316,375
050,12,107,"Florida","Putnam County",1,78,623,285,338
050,12,107,"Florida","Putnam County",1,79,532,246,286
050,12,107,"Florida","Putnam County",1,80,489,239,250
050,12,107,"Florida","Putnam County",1,81,433,211,222
050,12,107,"Florida","Putnam County",1,82,386,178,208
050,12,107,"Florida","Putnam County",1,83,333,161,172
050,12,107,"Florida","Putnam County",1,84,318,143,175
050,12,107,"Florida","Putnam County",1,85,1673,694,979
050,12,107,"Florida","Putnam County",2,0,783,392,391
050,12,107,"Florida","Putnam County",2,1,813,418,395
050,12,107,"Florida","Putnam County",2,2,832,422,410
050,12,107,"Florida","Putnam County",2,3,853,423,430
050,12,107,"Florida","Putnam County",2,4,870,454,416
050,12,107,"Florida","Putnam County",2,5,862,458,404
050,12,107,"Florida","Putnam County",2,6,865,459,406
050,12,107,"Florida","Putnam County",2,7,841,420,421
050,12,107,"Florida","Putnam County",2,8,850,430,420
050,12,107,"Florida","Putnam County",2,9,889,458,431
050,12,107,"Florida","Putnam County",2,10,886,462,424
050,12,107,"Florida","Putnam County",2,11,938,484,454
050,12,107,"Florida","Putnam County",2,12,993,504,489
050,12,107,"Florida","Putnam County",2,13,968,488,480
050,12,107,"Florida","Putnam County",2,14,917,468,449
050,12,107,"Florida","Putnam County",2,15,902,465,437
050,12,107,"Florida","Putnam County",2,16,887,454,433
050,12,107,"Florida","Putnam County",2,17,869,448,421
050,12,107,"Florida","Putnam County",2,18,771,410,361
050,12,107,"Florida","Putnam County",2,19,656,362,294
050,12,107,"Florida","Putnam County",2,20,712,375,337
050,12,107,"Florida","Putnam County",2,21,731,383,348
050,12,107,"Florida","Putnam County",2,22,747,378,369
050,12,107,"Florida","Putnam County",2,23,803,411,392
050,12,107,"Florida","Putnam County",2,24,791,411,380
050,12,107,"Florida","Putnam County",2,25,772,398,374
050,12,107,"Florida","Putnam County",2,26,781,407,374
050,12,107,"Florida","Putnam County",2,27,840,426,414
050,12,107,"Florida","Putnam County",2,28,906,466,440
050,12,107,"Florida","Putnam County",2,29,912,481,431
050,12,107,"Florida","Putnam County",2,30,869,442,427
050,12,107,"Florida","Putnam County",2,31,809,405,404
050,12,107,"Florida","Putnam County",2,32,799,394,405
050,12,107,"Florida","Putnam County",2,33,765,368,397
050,12,107,"Florida","Putnam County",2,34,781,368,413
050,12,107,"Florida","Putnam County",2,35,768,379,389
050,12,107,"Florida","Putnam County",2,36,735,369,366
050,12,107,"Florida","Putnam County",2,37,759,363,396
050,12,107,"Florida","Putnam County",2,38,757,372,385
050,12,107,"Florida","Putnam County",2,39,752,373,379
050,12,107,"Florida","Putnam County",2,40,774,376,398
050,12,107,"Florida","Putnam County",2,41,745,366,379
050,12,107,"Florida","Putnam County",2,42,716,353,363
050,12,107,"Florida","Putnam County",2,43,724,355,369
050,12,107,"Florida","Putnam County",2,44,690,347,343
050,12,107,"Florida","Putnam County",2,45,705,357,348
050,12,107,"Florida","Putnam County",2,46,709,343,366
050,12,107,"Florida","Putnam County",2,47,750,355,395
050,12,107,"Florida","Putnam County",2,48,809,393,416
050,12,107,"Florida","Putnam County",2,49,894,432,462
050,12,107,"Florida","Putnam County",2,50,873,428,445
050,12,107,"Florida","Putnam County",2,51,825,404,421
050,12,107,"Florida","Putnam County",2,52,819,408,411
050,12,107,"Florida","Putnam County",2,53,872,437,435
050,12,107,"Florida","Putnam County",2,54,935,469,466
050,12,107,"Florida","Putnam County",2,55,1017,507,510
050,12,107,"Florida","Putnam County",2,56,1086,512,574
050,12,107,"Florida","Putnam County",2,57,1092,506,586
050,12,107,"Florida","Putnam County",2,58,1178,579,599
050,12,107,"Florida","Putnam County",2,59,1233,602,631
050,12,107,"Florida","Putnam County",2,60,1193,577,616
050,12,107,"Florida","Putnam County",2,61,1166,551,615
050,12,107,"Florida","Putnam County",2,62,1129,537,592
050,12,107,"Florida","Putnam County",2,63,1138,547,591
050,12,107,"Florida","Putnam County",2,64,1141,565,576
050,12,107,"Florida","Putnam County",2,65,1127,545,582
050,12,107,"Florida","Putnam County",2,66,1116,534,582
050,12,107,"Florida","Putnam County",2,67,1099,528,571
050,12,107,"Florida","Putnam County",2,68,1076,534,542
050,12,107,"Florida","Putnam County",2,69,1074,532,542
050,12,107,"Florida","Putnam County",2,70,1039,529,510
050,12,107,"Florida","Putnam County",2,71,1030,515,515
050,12,107,"Florida","Putnam County",2,72,986,490,496
050,12,107,"Florida","Putnam County",2,73,975,501,474
050,12,107,"Florida","Putnam County",2,74,676,332,344
050,12,107,"Florida","Putnam County",2,75,721,345,376
050,12,107,"Florida","Putnam County",2,76,682,322,360
050,12,107,"Florida","Putnam County",2,77,698,322,376
050,12,107,"Florida","Putnam County",2,78,626,286,340
050,12,107,"Florida","Putnam County",2,79,541,250,291
050,12,107,"Florida","Putnam County",2,80,493,236,257
050,12,107,"Florida","Putnam County",2,81,435,210,225
050,12,107,"Florida","Putnam County",2,82,394,183,211
050,12,107,"Florida","Putnam County",2,83,341,165,176
050,12,107,"Florida","Putnam County",2,84,315,144,171
050,12,107,"Florida","Putnam County",2,85,1681,700,981
050,12,107,"Florida","Putnam County",3,0,801,386,415
050,12,107,"Florida","Putnam County",3,1,796,417,379
050,12,107,"Florida","Putnam County",3,2,805,410,395
050,12,107,"Florida","Putnam County",3,3,853,415,438
050,12,107,"Florida","Putnam County",3,4,845,414,431
050,12,107,"Florida","Putnam County",3,5,892,459,433
050,12,107,"Florida","Putnam County",3,6,869,466,403
050,12,107,"Florida","Putnam County",3,7,873,447,426
050,12,107,"Florida","Putnam County",3,8,831,414,417
050,12,107,"Florida","Putnam County",3,9,858,428,430
050,12,107,"Florida","Putnam County",3,10,933,469,464
050,12,107,"Florida","Putnam County",3,11,910,483,427
050,12,107,"Florida","Putnam County",3,12,940,481,459
050,12,107,"Florida","Putnam County",3,13,1007,525,482
050,12,107,"Florida","Putnam County",3,14,971,487,484
050,12,107,"Florida","Putnam County",3,15,921,469,452
050,12,107,"Florida","Putnam County",3,16,909,460,449
050,12,107,"Florida","Putnam County",3,17,893,461,432
050,12,107,"Florida","Putnam County",3,18,763,400,363
050,12,107,"Florida","Putnam County",3,19,647,349,298
050,12,107,"Florida","Putnam County",3,20,700,376,324
050,12,107,"Florida","Putnam County",3,21,722,387,335
050,12,107,"Florida","Putnam County",3,22,778,396,382
050,12,107,"Florida","Putnam County",3,23,792,405,387
050,12,107,"Florida","Putnam County",3,24,807,420,387
050,12,107,"Florida","Putnam County",3,25,805,430,375
050,12,107,"Florida","Putnam County",3,26,827,425,402
050,12,107,"Florida","Putnam County",3,27,784,408,376
050,12,107,"Florida","Putnam County",3,28,842,432,410
050,12,107,"Florida","Putnam County",3,29,887,453,434
050,12,107,"Florida","Putnam County",3,30,909,477,432
050,12,107,"Florida","Putnam County",3,31,875,436,439
050,12,107,"Florida","Putnam County",3,32,837,419,418
050,12,107,"Florida","Putnam County",3,33,808,392,416
050,12,107,"Florida","Putnam County",3,34,779,382,397
050,12,107,"Florida","Putnam County",3,35,808,383,425
050,12,107,"Florida","Putnam County",3,36,818,400,418
050,12,107,"Florida","Putnam County",3,37,738,367,371
050,12,107,"Florida","Putnam County",3,38,774,385,389
050,12,107,"Florida","Putnam County",3,39,746,365,381
050,12,107,"Florida","Putnam County",3,40,745,366,379
050,12,107,"Florida","Putnam County",3,41,794,385,409
050,12,107,"Florida","Putnam County",3,42,771,381,390
050,12,107,"Florida","Putnam County",3,43,706,344,362
050,12,107,"Florida","Putnam County",3,44,727,352,375
050,12,107,"Florida","Putnam County",3,45,728,371,357
050,12,107,"Florida","Putnam County",3,46,708,360,348
050,12,107,"Florida","Putnam County",3,47,714,342,372
050,12,107,"Florida","Putnam County",3,48,763,349,414
050,12,107,"Florida","Putnam County",3,49,828,401,427
050,12,107,"Florida","Putnam County",3,50,906,432,474
050,12,107,"Florida","Putnam County",3,51,882,416,466
050,12,107,"Florida","Putnam County",3,52,851,432,419
050,12,107,"Florida","Putnam County",3,53,806,403,403
050,12,107,"Florida","Putnam County",3,54,878,441,437
050,12,107,"Florida","Putnam County",3,55,965,487,478
050,12,107,"Florida","Putnam County",3,56,1051,527,524
050,12,107,"Florida","Putnam County",3,57,1100,517,583
050,12,107,"Florida","Putnam County",3,58,1114,514,600
050,12,107,"Florida","Putnam County",3,59,1214,616,598
050,12,107,"Florida","Putnam County",3,60,1287,620,667
050,12,107,"Florida","Putnam County",3,61,1236,600,636
050,12,107,"Florida","Putnam County",3,62,1182,559,623
050,12,107,"Florida","Putnam County",3,63,1159,544,615
050,12,107,"Florida","Putnam County",3,64,1145,550,595
050,12,107,"Florida","Putnam County",3,65,1132,568,564
050,12,107,"Florida","Putnam County",3,66,1145,554,591
050,12,107,"Florida","Putnam County",3,67,1143,548,595
050,12,107,"Florida","Putnam County",3,68,1103,539,564
050,12,107,"Florida","Putnam County",3,69,1065,546,519
050,12,107,"Florida","Putnam County",3,70,1070,526,544
050,12,107,"Florida","Putnam County",3,71,1005,517,488
050,12,107,"Florida","Putnam County",3,72,1005,496,509
050,12,107,"Florida","Putnam County",3,73,956,473,483
050,12,107,"Florida","Putnam County",3,74,949,486,463
050,12,107,"Florida","Putnam County",3,75,637,302,335
050,12,107,"Florida","Putnam County",3,76,667,324,343
050,12,107,"Florida","Putnam County",3,77,666,308,358
050,12,107,"Florida","Putnam County",3,78,651,292,359
050,12,107,"Florida","Putnam County",3,79,584,263,321
050,12,107,"Florida","Putnam County",3,80,504,235,269
050,12,107,"Florida","Putnam County",3,81,475,228,247
050,12,107,"Florida","Putnam County",3,82,405,188,217
050,12,107,"Florida","Putnam County",3,83,364,178,186
050,12,107,"Florida","Putnam County",3,84,308,147,161
050,12,107,"Florida","Putnam County",3,85,1648,679,969
050,12,107,"Florida","Putnam County",4,0,801,415,386
050,12,107,"Florida","Putnam County",4,1,800,401,399
050,12,107,"Florida","Putnam County",4,2,816,417,399
050,12,107,"Florida","Putnam County",4,3,802,400,402
050,12,107,"Florida","Putnam County",4,4,828,412,416
050,12,107,"Florida","Putnam County",4,5,880,433,447
050,12,107,"Florida","Putnam County",4,6,906,461,445
050,12,107,"Florida","Putnam County",4,7,873,468,405
050,12,107,"Florida","Putnam County",4,8,870,455,415
050,12,107,"Florida","Putnam County",4,9,825,400,425
050,12,107,"Florida","Putnam County",4,10,859,433,426
050,12,107,"Florida","Putnam County",4,11,933,477,456
050,12,107,"Florida","Putnam County",4,12,915,485,430
050,12,107,"Florida","Putnam County",4,13,937,478,459
050,12,107,"Florida","Putnam County",4,14,1035,529,506
050,12,107,"Florida","Putnam County",4,15,971,487,484
050,12,107,"Florida","Putnam County",4,16,925,478,447
050,12,107,"Florida","Putnam County",4,17,911,470,441
050,12,107,"Florida","Putnam County",4,18,800,420,380
050,12,107,"Florida","Putnam County",4,19,638,348,290
050,12,107,"Florida","Putnam County",4,20,669,348,321
050,12,107,"Florida","Putnam County",4,21,718,389,329
050,12,107,"Florida","Putnam County",4,22,760,418,342
050,12,107,"Florida","Putnam County",4,23,798,410,388
050,12,107,"Florida","Putnam County",4,24,812,419,393
050,12,107,"Florida","Putnam County",4,25,816,414,402
050,12,107,"Florida","Putnam County",4,26,824,448,376
050,12,107,"Florida","Putnam County",4,27,827,428,399
050,12,107,"Florida","Putnam County",4,28,804,418,386
050,12,107,"Florida","Putnam County",4,29,850,442,408
050,12,107,"Florida","Putnam County",4,30,924,464,460
050,12,107,"Florida","Putnam County",4,31,895,473,422
050,12,107,"Florida","Putnam County",4,32,894,450,444
050,12,107,"Florida","Putnam County",4,33,812,406,406
050,12,107,"Florida","Putnam County",4,34,821,402,419
050,12,107,"Florida","Putnam County",4,35,820,403,417
050,12,107,"Florida","Putnam County",4,36,832,408,424
050,12,107,"Florida","Putnam County",4,37,783,369,414
050,12,107,"Florida","Putnam County",4,38,767,401,366
050,12,107,"Florida","Putnam County",4,39,778,384,394
050,12,107,"Florida","Putnam County",4,40,714,345,369
050,12,107,"Florida","Putnam County",4,41,751,380,371
050,12,107,"Florida","Putnam County",4,42,796,399,397
050,12,107,"Florida","Putnam County",4,43,782,387,395
050,12,107,"Florida","Putnam County",4,44,724,359,365
050,12,107,"Florida","Putnam County",4,45,761,363,398
050,12,107,"Florida","Putnam County",4,46,757,385,372
050,12,107,"Florida","Putnam County",4,47,730,377,353
050,12,107,"Florida","Putnam County",4,48,704,327,377
050,12,107,"Florida","Putnam County",4,49,772,354,418
050,12,107,"Florida","Putnam County",4,50,870,426,444
050,12,107,"Florida","Putnam County",4,51,965,455,510
050,12,107,"Florida","Putnam County",4,52,905,426,479
050,12,107,"Florida","Putnam County",4,53,887,450,437
050,12,107,"Florida","Putnam County",4,54,819,409,410
050,12,107,"Florida","Putnam County",4,55,906,450,456
050,12,107,"Florida","Putnam County",4,56,991,507,484
050,12,107,"Florida","Putnam County",4,57,1067,533,534
050,12,107,"Florida","Putnam County",4,58,1130,527,603
050,12,107,"Florida","Putnam County",4,59,1163,550,613
050,12,107,"Florida","Putnam County",4,60,1239,612,627
050,12,107,"Florida","Putnam County",4,61,1332,630,702
050,12,107,"Florida","Putnam County",4,62,1247,610,637
050,12,107,"Florida","Putnam County",4,63,1179,554,625
050,12,107,"Florida","Putnam County",4,64,1165,551,614
050,12,107,"Florida","Putnam County",4,65,1131,555,576
050,12,107,"Florida","Putnam County",4,66,1164,589,575
050,12,107,"Florida","Putnam County",4,67,1167,573,594
050,12,107,"Florida","Putnam County",4,68,1128,537,591
050,12,107,"Florida","Putnam County",4,69,1090,530,560
050,12,107,"Florida","Putnam County",4,70,1060,542,518
050,12,107,"Florida","Putnam County",4,71,1055,512,543
050,12,107,"Florida","Putnam County",4,72,993,505,488
050,12,107,"Florida","Putnam County",4,73,965,481,484
050,12,107,"Florida","Putnam County",4,74,937,465,472
050,12,107,"Florida","Putnam County",4,75,912,458,454
050,12,107,"Florida","Putnam County",4,76,602,293,309
050,12,107,"Florida","Putnam County",4,77,641,303,338
050,12,107,"Florida","Putnam County",4,78,615,281,334
050,12,107,"Florida","Putnam County",4,79,587,269,318
050,12,107,"Florida","Putnam County",4,80,539,238,301
050,12,107,"Florida","Putnam County",4,81,469,220,249
050,12,107,"Florida","Putnam County",4,82,451,216,235
050,12,107,"Florida","Putnam County",4,83,385,184,201
050,12,107,"Florida","Putnam County",4,84,330,150,180
050,12,107,"Florida","Putnam County",4,85,1630,675,955
050,12,107,"Florida","Putnam County",5,0,804,418,386
050,12,107,"Florida","Putnam County",5,1,824,430,394
050,12,107,"Florida","Putnam County",5,2,810,400,410
050,12,107,"Florida","Putnam County",5,3,828,430,398
050,12,107,"Florida","Putnam County",5,4,817,420,397
050,12,107,"Florida","Putnam County",5,5,842,416,426
050,12,107,"Florida","Putnam County",5,6,917,452,465
050,12,107,"Florida","Putnam County",5,7,920,464,456
050,12,107,"Florida","Putnam County",5,8,873,458,415
050,12,107,"Florida","Putnam County",5,9,874,454,420
050,12,107,"Florida","Putnam County",5,10,857,418,439
050,12,107,"Florida","Putnam County",5,11,878,442,436
050,12,107,"Florida","Putnam County",5,12,962,487,475
050,12,107,"Florida","Putnam County",5,13,927,493,434
050,12,107,"Florida","Putnam County",5,14,950,491,459
050,12,107,"Florida","Putnam County",5,15,1049,542,507
050,12,107,"Florida","Putnam County",5,16,968,488,480
050,12,107,"Florida","Putnam County",5,17,899,471,428
050,12,107,"Florida","Putnam County",5,18,801,423,378
050,12,107,"Florida","Putnam County",5,19,674,361,313
050,12,107,"Florida","Putnam County",5,20,703,382,321
050,12,107,"Florida","Putnam County",5,21,729,382,347
050,12,107,"Florida","Putnam County",5,22,785,421,364
050,12,107,"Florida","Putnam County",5,23,830,456,374
050,12,107,"Florida","Putnam County",5,24,839,422,417
050,12,107,"Florida","Putnam County",5,25,820,413,407
050,12,107,"Florida","Putnam County",5,26,881,464,417
050,12,107,"Florida","Putnam County",5,27,834,448,386
050,12,107,"Florida","Putnam County",5,28,818,431,387
050,12,107,"Florida","Putnam County",5,29,806,428,378
050,12,107,"Florida","Putnam County",5,30,833,435,398
050,12,107,"Florida","Putnam County",5,31,905,457,448
050,12,107,"Florida","Putnam County",5,32,937,495,442
050,12,107,"Florida","Putnam County",5,33,871,433,438
050,12,107,"Florida","Putnam County",5,34,836,417,419
050,12,107,"Florida","Putnam County",5,35,863,423,440
050,12,107,"Florida","Putnam County",5,36,879,438,441
050,12,107,"Florida","Putnam County",5,37,854,409,445
050,12,107,"Florida","Putnam County",5,38,817,392,425
050,12,107,"Florida","Putnam County",5,39,793,409,384
050,12,107,"Florida","Putnam County",5,40,793,393,400
050,12,107,"Florida","Putnam County",5,41,762,371,391
050,12,107,"Florida","Putnam County",5,42,798,404,394
050,12,107,"Florida","Putnam County",5,43,802,392,410
050,12,107,"Florida","Putnam County",5,44,797,399,398
050,12,107,"Florida","Putnam County",5,45,760,387,373
050,12,107,"Florida","Putnam County",5,46,790,370,420
050,12,107,"Florida","Putnam County",5,47,767,400,367
050,12,107,"Florida","Putnam County",5,48,740,375,365
050,12,107,"Florida","Putnam County",5,49,704,318,386
050,12,107,"Florida","Putnam County",5,50,803,362,441
050,12,107,"Florida","Putnam County",5,51,904,433,471
050,12,107,"Florida","Putnam County",5,52,982,464,518
050,12,107,"Florida","Putnam County",5,53,953,447,506
050,12,107,"Florida","Putnam County",5,54,915,460,455
050,12,107,"Florida","Putnam County",5,55,852,421,431
050,12,107,"Florida","Putnam County",5,56,921,456,465
050,12,107,"Florida","Putnam County",5,57,1002,489,513
050,12,107,"Florida","Putnam County",5,58,1096,546,550
050,12,107,"Florida","Putnam County",5,59,1178,559,619
050,12,107,"Florida","Putnam County",5,60,1180,559,621
050,12,107,"Florida","Putnam County",5,61,1281,633,648
050,12,107,"Florida","Putnam County",5,62,1339,630,709
050,12,107,"Florida","Putnam County",5,63,1251,617,634
050,12,107,"Florida","Putnam County",5,64,1214,577,637
050,12,107,"Florida","Putnam County",5,65,1162,548,614
050,12,107,"Florida","Putnam County",5,66,1125,544,581
050,12,107,"Florida","Putnam County",5,67,1187,605,582
050,12,107,"Florida","Putnam County",5,68,1156,567,589
050,12,107,"Florida","Putnam County",5,69,1144,545,599
050,12,107,"Florida","Putnam County",5,70,1087,532,555
050,12,107,"Florida","Putnam County",5,71,1037,528,509
050,12,107,"Florida","Putnam County",5,72,1023,492,531
050,12,107,"Florida","Putnam County",5,73,958,484,474
050,12,107,"Florida","Putnam County",5,74,946,465,481
050,12,107,"Florida","Putnam County",5,75,909,440,469
050,12,107,"Florida","Putnam County",5,76,872,445,427
050,12,107,"Florida","Putnam County",5,77,585,280,305
050,12,107,"Florida","Putnam County",5,78,601,287,314
050,12,107,"Florida","Putnam County",5,79,573,260,313
050,12,107,"Florida","Putnam County",5,80,542,241,301
050,12,107,"Florida","Putnam County",5,81,505,226,279
050,12,107,"Florida","Putnam County",5,82,436,202,234
050,12,107,"Florida","Putnam County",5,83,428,212,216
050,12,107,"Florida","Putnam County",5,84,344,157,187
050,12,107,"Florida","Putnam County",5,85,1644,681,963
050,12,109,"Florida","St. Johns County",1,0,2208,1132,1076
050,12,109,"Florida","St. Johns County",1,1,2412,1235,1177
050,12,109,"Florida","St. Johns County",1,2,2564,1330,1234
050,12,109,"Florida","St. Johns County",1,3,2823,1418,1405
050,12,109,"Florida","St. Johns County",1,4,3046,1545,1501
050,12,109,"Florida","St. Johns County",1,5,3116,1615,1501
050,12,109,"Florida","St. Johns County",1,6,3276,1670,1606
050,12,109,"Florida","St. Johns County",1,7,3276,1657,1619
050,12,109,"Florida","St. Johns County",1,8,3416,1732,1684
050,12,109,"Florida","St. Johns County",1,9,3493,1747,1746
050,12,109,"Florida","St. Johns County",1,10,3589,1836,1753
050,12,109,"Florida","St. Johns County",1,11,3672,1885,1787
050,12,109,"Florida","St. Johns County",1,12,3865,1977,1888
050,12,109,"Florida","St. Johns County",1,13,3868,1983,1885
050,12,109,"Florida","St. Johns County",1,14,3893,1957,1936
050,12,109,"Florida","St. Johns County",1,15,3824,1927,1897
050,12,109,"Florida","St. Johns County",1,16,3784,1964,1820
050,12,109,"Florida","St. Johns County",1,17,3587,1873,1714
050,12,109,"Florida","St. Johns County",1,18,3159,1651,1508
050,12,109,"Florida","St. Johns County",1,19,2739,1392,1347
050,12,109,"Florida","St. Johns County",1,20,2639,1325,1314
050,12,109,"Florida","St. Johns County",1,21,2528,1274,1254
050,12,109,"Florida","St. Johns County",1,22,2429,1221,1208
050,12,109,"Florida","St. Johns County",1,23,2398,1253,1145
050,12,109,"Florida","St. Johns County",1,24,2297,1204,1093
050,12,109,"Florida","St. Johns County",1,25,2213,1156,1057
050,12,109,"Florida","St. Johns County",1,26,2120,1085,1035
050,12,109,"Florida","St. Johns County",1,27,2215,1082,1133
050,12,109,"Florida","St. Johns County",1,28,2298,1146,1152
050,12,109,"Florida","St. Johns County",1,29,2410,1169,1241
050,12,109,"Florida","St. Johns County",1,30,2574,1221,1353
050,12,109,"Florida","St. Johns County",1,31,2629,1252,1377
050,12,109,"Florida","St. Johns County",1,32,2788,1337,1451
050,12,109,"Florida","St. Johns County",1,33,2973,1422,1551
050,12,109,"Florida","St. Johns County",1,34,3232,1530,1702
050,12,109,"Florida","St. Johns County",1,35,3340,1583,1757
050,12,109,"Florida","St. Johns County",1,36,3411,1635,1776
050,12,109,"Florida","St. Johns County",1,37,3559,1725,1834
050,12,109,"Florida","St. Johns County",1,38,3756,1850,1906
050,12,109,"Florida","St. Johns County",1,39,3849,1850,1999
050,12,109,"Florida","St. Johns County",1,40,3819,1855,1964
050,12,109,"Florida","St. Johns County",1,41,3743,1827,1916
050,12,109,"Florida","St. Johns County",1,42,3847,1907,1940
050,12,109,"Florida","St. Johns County",1,43,3729,1854,1875
050,12,109,"Florida","St. Johns County",1,44,3708,1877,1831
050,12,109,"Florida","St. Johns County",1,45,3671,1840,1831
050,12,109,"Florida","St. Johns County",1,46,3522,1797,1725
050,12,109,"Florida","St. Johns County",1,47,3703,1844,1859
050,12,109,"Florida","St. Johns County",1,48,4054,2096,1958
050,12,109,"Florida","St. Johns County",1,49,4292,2177,2115
050,12,109,"Florida","St. Johns County",1,50,3889,1927,1962
050,12,109,"Florida","St. Johns County",1,51,3702,1855,1847
050,12,109,"Florida","St. Johns County",1,52,3648,1823,1825
050,12,109,"Florida","St. Johns County",1,53,3670,1833,1837
050,12,109,"Florida","St. Johns County",1,54,3784,1852,1932
050,12,109,"Florida","St. Johns County",1,55,3825,1850,1975
050,12,109,"Florida","St. Johns County",1,56,3972,1938,2034
050,12,109,"Florida","St. Johns County",1,57,3960,1920,2040
050,12,109,"Florida","St. Johns County",1,58,4025,1941,2084
050,12,109,"Florida","St. Johns County",1,59,4031,1921,2110
050,12,109,"Florida","St. Johns County",1,60,3953,1884,2069
050,12,109,"Florida","St. Johns County",1,61,3872,1889,1983
050,12,109,"Florida","St. Johns County",1,62,3925,1901,2024
050,12,109,"Florida","St. Johns County",1,63,3776,1823,1953
050,12,109,"Florida","St. Johns County",1,64,3677,1714,1963
050,12,109,"Florida","St. Johns County",1,65,3727,1704,2023
050,12,109,"Florida","St. Johns County",1,66,3775,1745,2030
050,12,109,"Florida","St. Johns County",1,67,3640,1678,1962
050,12,109,"Florida","St. Johns County",1,68,3627,1679,1948
050,12,109,"Florida","St. Johns County",1,69,3445,1672,1773
050,12,109,"Florida","St. Johns County",1,70,3442,1645,1797
050,12,109,"Florida","St. Johns County",1,71,3433,1661,1772
050,12,109,"Florida","St. Johns County",1,72,3420,1677,1743
050,12,109,"Florida","St. Johns County",1,73,3492,1683,1809
050,12,109,"Florida","St. Johns County",1,74,2332,1105,1227
050,12,109,"Florida","St. Johns County",1,75,2322,1122,1200
050,12,109,"Florida","St. Johns County",1,76,2353,1117,1236
050,12,109,"Florida","St. Johns County",1,77,2195,1050,1145
050,12,109,"Florida","St. Johns County",1,78,1850,883,967
050,12,109,"Florida","St. Johns County",1,79,1575,755,820
050,12,109,"Florida","St. Johns County",1,80,1450,671,779
050,12,109,"Florida","St. Johns County",1,81,1294,605,689
050,12,109,"Florida","St. Johns County",1,82,1145,502,643
050,12,109,"Florida","St. Johns County",1,83,1037,462,575
050,12,109,"Florida","St. Johns County",1,84,918,384,534
050,12,109,"Florida","St. Johns County",1,85,5885,2246,3639
050,12,109,"Florida","St. Johns County",2,0,2220,1157,1063
050,12,109,"Florida","St. Johns County",2,1,2417,1236,1181
050,12,109,"Florida","St. Johns County",2,2,2600,1343,1257
050,12,109,"Florida","St. Johns County",2,3,2820,1429,1391
050,12,109,"Florida","St. Johns County",2,4,3069,1552,1517
050,12,109,"Florida","St. Johns County",2,5,3174,1639,1535
050,12,109,"Florida","St. Johns County",2,6,3302,1688,1614
050,12,109,"Florida","St. Johns County",2,7,3334,1688,1646
050,12,109,"Florida","St. Johns County",2,8,3435,1740,1695
050,12,109,"Florida","St. Johns County",2,9,3532,1779,1753
050,12,109,"Florida","St. Johns County",2,10,3627,1842,1785
050,12,109,"Florida","St. Johns County",2,11,3698,1897,1801
050,12,109,"Florida","St. Johns County",2,12,3897,1995,1902
050,12,109,"Florida","St. Johns County",2,13,3920,2009,1911
050,12,109,"Florida","St. Johns County",2,14,3927,1986,1941
050,12,109,"Florida","St. Johns County",2,15,3881,1960,1921
050,12,109,"Florida","St. Johns County",2,16,3834,1976,1858
050,12,109,"Florida","St. Johns County",2,17,3665,1912,1753
050,12,109,"Florida","St. Johns County",2,18,3201,1668,1533
050,12,109,"Florida","St. Johns County",2,19,2816,1427,1389
050,12,109,"Florida","St. Johns County",2,20,2725,1365,1360
050,12,109,"Florida","St. Johns County",2,21,2586,1293,1293
050,12,109,"Florida","St. Johns County",2,22,2466,1246,1220
050,12,109,"Florida","St. Johns County",2,23,2417,1256,1161
050,12,109,"Florida","St. Johns County",2,24,2324,1225,1099
050,12,109,"Florida","St. Johns County",2,25,2238,1168,1070
050,12,109,"Florida","St. Johns County",2,26,2166,1107,1059
050,12,109,"Florida","St. Johns County",2,27,2210,1092,1118
050,12,109,"Florida","St. Johns County",2,28,2311,1147,1164
050,12,109,"Florida","St. Johns County",2,29,2426,1179,1247
050,12,109,"Florida","St. Johns County",2,30,2591,1227,1364
050,12,109,"Florida","St. Johns County",2,31,2663,1266,1397
050,12,109,"Florida","St. Johns County",2,32,2811,1344,1467
050,12,109,"Florida","St. Johns County",2,33,3005,1433,1572
050,12,109,"Florida","St. Johns County",2,34,3246,1537,1709
050,12,109,"Florida","St. Johns County",2,35,3415,1619,1796
050,12,109,"Florida","St. Johns County",2,36,3448,1650,1798
050,12,109,"Florida","St. Johns County",2,37,3612,1752,1860
050,12,109,"Florida","St. Johns County",2,38,3811,1873,1938
050,12,109,"Florida","St. Johns County",2,39,3888,1885,2003
050,12,109,"Florida","St. Johns County",2,40,3926,1906,2020
050,12,109,"Florida","St. Johns County",2,41,3832,1868,1964
050,12,109,"Florida","St. Johns County",2,42,3866,1913,1953
050,12,109,"Florida","St. Johns County",2,43,3842,1913,1929
050,12,109,"Florida","St. Johns County",2,44,3731,1882,1849
050,12,109,"Florida","St. Johns County",2,45,3743,1880,1863
050,12,109,"Florida","St. Johns County",2,46,3586,1819,1767
050,12,109,"Florida","St. Johns County",2,47,3702,1857,1845
050,12,109,"Florida","St. Johns County",2,48,4025,2067,1958
050,12,109,"Florida","St. Johns County",2,49,4303,2199,2104
050,12,109,"Florida","St. Johns County",2,50,4040,2015,2025
050,12,109,"Florida","St. Johns County",2,51,3782,1888,1894
050,12,109,"Florida","St. Johns County",2,52,3696,1848,1848
050,12,109,"Florida","St. Johns County",2,53,3698,1843,1855
050,12,109,"Florida","St. Johns County",2,54,3780,1865,1915
050,12,109,"Florida","St. Johns County",2,55,3860,1873,1987
050,12,109,"Florida","St. Johns County",2,56,3992,1944,2048
050,12,109,"Florida","St. Johns County",2,57,4014,1947,2067
050,12,109,"Florida","St. Johns County",2,58,4050,1954,2096
050,12,109,"Florida","St. Johns County",2,59,4093,1951,2142
050,12,109,"Florida","St. Johns County",2,60,4008,1915,2093
050,12,109,"Florida","St. Johns County",2,61,3916,1894,2022
050,12,109,"Florida","St. Johns County",2,62,3957,1921,2036
050,12,109,"Florida","St. Johns County",2,63,3897,1883,2014
050,12,109,"Florida","St. Johns County",2,64,3730,1749,1981
050,12,109,"Florida","St. Johns County",2,65,3769,1738,2031
050,12,109,"Florida","St. Johns County",2,66,3810,1758,2052
050,12,109,"Florida","St. Johns County",2,67,3702,1707,1995
050,12,109,"Florida","St. Johns County",2,68,3635,1685,1950
050,12,109,"Florida","St. Johns County",2,69,3550,1706,1844
050,12,109,"Florida","St. Johns County",2,70,3456,1660,1796
050,12,109,"Florida","St. Johns County",2,71,3452,1666,1786
050,12,109,"Florida","St. Johns County",2,72,3394,1657,1737
050,12,109,"Florida","St. Johns County",2,73,3662,1769,1893
050,12,109,"Florida","St. Johns County",2,74,2463,1170,1293
050,12,109,"Florida","St. Johns County",2,75,2343,1126,1217
050,12,109,"Florida","St. Johns County",2,76,2332,1108,1224
050,12,109,"Florida","St. Johns County",2,77,2289,1089,1200
050,12,109,"Florida","St. Johns County",2,78,1904,908,996
050,12,109,"Florida","St. Johns County",2,79,1627,779,848
050,12,109,"Florida","St. Johns County",2,80,1486,693,793
050,12,109,"Florida","St. Johns County",2,81,1307,606,701
050,12,109,"Florida","St. Johns County",2,82,1178,519,659
050,12,109,"Florida","St. Johns County",2,83,1044,455,589
050,12,109,"Florida","St. Johns County",2,84,949,396,553
050,12,109,"Florida","St. Johns County",2,85,5950,2270,3680
050,12,109,"Florida","St. Johns County",3,0,2196,1097,1099
050,12,109,"Florida","St. Johns County",3,1,2607,1341,1266
050,12,109,"Florida","St. Johns County",3,2,2689,1374,1315
050,12,109,"Florida","St. Johns County",3,3,2900,1521,1379
050,12,109,"Florida","St. Johns County",3,4,3128,1571,1557
050,12,109,"Florida","St. Johns County",3,5,3374,1724,1650
050,12,109,"Florida","St. Johns County",3,6,3448,1776,1672
050,12,109,"Florida","St. Johns County",3,7,3612,1822,1790
050,12,109,"Florida","St. Johns County",3,8,3610,1837,1773
050,12,109,"Florida","St. Johns County",3,9,3729,1893,1836
050,12,109,"Florida","St. Johns County",3,10,3792,1920,1872
050,12,109,"Florida","St. Johns County",3,11,3892,1984,1908
050,12,109,"Florida","St. Johns County",3,12,3982,2039,1943
050,12,109,"Florida","St. Johns County",3,13,4174,2128,2046
050,12,109,"Florida","St. Johns County",3,14,4132,2130,2002
050,12,109,"Florida","St. Johns County",3,15,4160,2113,2047
050,12,109,"Florida","St. Johns County",3,16,3979,2021,1958
050,12,109,"Florida","St. Johns County",3,17,3938,2067,1871
050,12,109,"Florida","St. Johns County",3,18,3436,1769,1667
050,12,109,"Florida","St. Johns County",3,19,2928,1496,1432
050,12,109,"Florida","St. Johns County",3,20,2855,1448,1407
050,12,109,"Florida","St. Johns County",3,21,2851,1413,1438
050,12,109,"Florida","St. Johns County",3,22,2708,1354,1354
050,12,109,"Florida","St. Johns County",3,23,2608,1325,1283
050,12,109,"Florida","St. Johns County",3,24,2536,1283,1253
050,12,109,"Florida","St. Johns County",3,25,2395,1224,1171
050,12,109,"Florida","St. Johns County",3,26,2391,1264,1127
050,12,109,"Florida","St. Johns County",3,27,2326,1199,1127
050,12,109,"Florida","St. Johns County",3,28,2387,1164,1223
050,12,109,"Florida","St. Johns County",3,29,2507,1249,1258
050,12,109,"Florida","St. Johns County",3,30,2679,1295,1384
050,12,109,"Florida","St. Johns County",3,31,2881,1359,1522
050,12,109,"Florida","St. Johns County",3,32,3005,1455,1550
050,12,109,"Florida","St. Johns County",3,33,3189,1510,1679
050,12,109,"Florida","St. Johns County",3,34,3335,1630,1705
050,12,109,"Florida","St. Johns County",3,35,3556,1690,1866
050,12,109,"Florida","St. Johns County",3,36,3748,1802,1946
050,12,109,"Florida","St. Johns County",3,37,3826,1820,2006
050,12,109,"Florida","St. Johns County",3,38,3953,1898,2055
050,12,109,"Florida","St. Johns County",3,39,4133,2035,2098
050,12,109,"Florida","St. Johns County",3,40,4206,2070,2136
050,12,109,"Florida","St. Johns County",3,41,4232,2059,2173
050,12,109,"Florida","St. Johns County",3,42,4169,2060,2109
050,12,109,"Florida","St. Johns County",3,43,4196,2077,2119
050,12,109,"Florida","St. Johns County",3,44,4034,2010,2024
050,12,109,"Florida","St. Johns County",3,45,3974,2016,1958
050,12,109,"Florida","St. Johns County",3,46,3943,1986,1957
050,12,109,"Florida","St. Johns County",3,47,3780,1935,1845
050,12,109,"Florida","St. Johns County",3,48,3955,2005,1950
050,12,109,"Florida","St. Johns County",3,49,4194,2155,2039
050,12,109,"Florida","St. Johns County",3,50,4559,2330,2229
050,12,109,"Florida","St. Johns County",3,51,4276,2111,2165
050,12,109,"Florida","St. Johns County",3,52,3984,2000,1984
050,12,109,"Florida","St. Johns County",3,53,3835,1911,1924
050,12,109,"Florida","St. Johns County",3,54,3894,1942,1952
050,12,109,"Florida","St. Johns County",3,55,3915,1943,1972
050,12,109,"Florida","St. Johns County",3,56,4019,1938,2081
050,12,109,"Florida","St. Johns County",3,57,4254,2051,2203
050,12,109,"Florida","St. Johns County",3,58,4214,2056,2158
050,12,109,"Florida","St. Johns County",3,59,4236,2046,2190
050,12,109,"Florida","St. Johns County",3,60,4320,2051,2269
050,12,109,"Florida","St. Johns County",3,61,4228,2007,2221
050,12,109,"Florida","St. Johns County",3,62,4169,2018,2151
050,12,109,"Florida","St. Johns County",3,63,4167,2010,2157
050,12,109,"Florida","St. Johns County",3,64,4147,1970,2177
050,12,109,"Florida","St. Johns County",3,65,3968,1879,2089
050,12,109,"Florida","St. Johns County",3,66,3925,1825,2100
050,12,109,"Florida","St. Johns County",3,67,3925,1796,2129
050,12,109,"Florida","St. Johns County",3,68,3789,1743,2046
050,12,109,"Florida","St. Johns County",3,69,3711,1722,1989
050,12,109,"Florida","St. Johns County",3,70,3634,1730,1904
050,12,109,"Florida","St. Johns County",3,71,3496,1675,1821
050,12,109,"Florida","St. Johns County",3,72,3481,1668,1813
050,12,109,"Florida","St. Johns County",3,73,3396,1653,1743
050,12,109,"Florida","St. Johns County",3,74,3659,1769,1890
050,12,109,"Florida","St. Johns County",3,75,2471,1157,1314
050,12,109,"Florida","St. Johns County",3,76,2323,1107,1216
050,12,109,"Florida","St. Johns County",3,77,2320,1103,1217
050,12,109,"Florida","St. Johns County",3,78,2284,1070,1214
050,12,109,"Florida","St. Johns County",3,79,1843,875,968
050,12,109,"Florida","St. Johns County",3,80,1620,775,845
050,12,109,"Florida","St. Johns County",3,81,1414,664,750
050,12,109,"Florida","St. Johns County",3,82,1256,579,677
050,12,109,"Florida","St. Johns County",3,83,1120,499,621
050,12,109,"Florida","St. Johns County",3,84,1012,415,597
050,12,109,"Florida","St. Johns County",3,85,6129,2351,3778
050,12,109,"Florida","St. Johns County",4,0,2434,1231,1203
050,12,109,"Florida","St. Johns County",4,1,2418,1153,1265
050,12,109,"Florida","St. Johns County",4,2,2856,1481,1375
050,12,109,"Florida","St. Johns County",4,3,2975,1495,1480
050,12,109,"Florida","St. Johns County",4,4,3205,1670,1535
050,12,109,"Florida","St. Johns County",4,5,3413,1748,1665
050,12,109,"Florida","St. Johns County",4,6,3666,1851,1815
050,12,109,"Florida","St. Johns County",4,7,3800,1944,1856
050,12,109,"Florida","St. Johns County",4,8,3880,1945,1935
050,12,109,"Florida","St. Johns County",4,9,3924,1997,1927
050,12,109,"Florida","St. Johns County",4,10,4038,2054,1984
050,12,109,"Florida","St. Johns County",4,11,4062,2099,1963
050,12,109,"Florida","St. Johns County",4,12,4223,2172,2051
050,12,109,"Florida","St. Johns County",4,13,4263,2183,2080
050,12,109,"Florida","St. Johns County",4,14,4403,2230,2173
050,12,109,"Florida","St. Johns County",4,15,4394,2265,2129
050,12,109,"Florida","St. Johns County",4,16,4284,2185,2099
050,12,109,"Florida","St. Johns County",4,17,4109,2104,2005
050,12,109,"Florida","St. Johns County",4,18,3637,1912,1725
050,12,109,"Florida","St. Johns County",4,19,2969,1503,1466
050,12,109,"Florida","St. Johns County",4,20,2821,1448,1373
050,12,109,"Florida","St. Johns County",4,21,2874,1444,1430
050,12,109,"Florida","St. Johns County",4,22,2969,1480,1489
050,12,109,"Florida","St. Johns County",4,23,2743,1370,1373
050,12,109,"Florida","St. Johns County",4,24,2530,1307,1223
050,12,109,"Florida","St. Johns County",4,25,2509,1267,1242
050,12,109,"Florida","St. Johns County",4,26,2440,1241,1199
050,12,109,"Florida","St. Johns County",4,27,2391,1255,1136
050,12,109,"Florida","St. Johns County",4,28,2406,1189,1217
050,12,109,"Florida","St. Johns County",4,29,2490,1213,1277
050,12,109,"Florida","St. Johns County",4,30,2647,1296,1351
050,12,109,"Florida","St. Johns County",4,31,2889,1383,1506
050,12,109,"Florida","St. Johns County",4,32,3098,1477,1621
050,12,109,"Florida","St. Johns County",4,33,3261,1569,1692
050,12,109,"Florida","St. Johns County",4,34,3480,1649,1831
050,12,109,"Florida","St. Johns County",4,35,3670,1806,1864
050,12,109,"Florida","St. Johns County",4,36,3853,1829,2024
050,12,109,"Florida","St. Johns County",4,37,4065,1941,2124
050,12,109,"Florida","St. Johns County",4,38,4187,2010,2177
050,12,109,"Florida","St. Johns County",4,39,4308,2100,2208
050,12,109,"Florida","St. Johns County",4,40,4454,2196,2258
050,12,109,"Florida","St. Johns County",4,41,4526,2243,2283
050,12,109,"Florida","St. Johns County",4,42,4554,2231,2323
050,12,109,"Florida","St. Johns County",4,43,4421,2183,2238
050,12,109,"Florida","St. Johns County",4,44,4458,2212,2246
050,12,109,"Florida","St. Johns County",4,45,4309,2151,2158
050,12,109,"Florida","St. Johns County",4,46,4182,2113,2069
050,12,109,"Florida","St. Johns County",4,47,4130,2078,2052
050,12,109,"Florida","St. Johns County",4,48,4004,2077,1927
050,12,109,"Florida","St. Johns County",4,49,4090,2064,2026
050,12,109,"Florida","St. Johns County",4,50,4348,2219,2129
050,12,109,"Florida","St. Johns County",4,51,4742,2434,2308
050,12,109,"Florida","St. Johns County",4,52,4444,2202,2242
050,12,109,"Florida","St. Johns County",4,53,4137,2076,2061
050,12,109,"Florida","St. Johns County",4,54,3989,1991,1998
050,12,109,"Florida","St. Johns County",4,55,3961,1970,1991
050,12,109,"Florida","St. Johns County",4,56,4089,1997,2092
050,12,109,"Florida","St. Johns County",4,57,4176,2015,2161
050,12,109,"Florida","St. Johns County",4,58,4378,2116,2262
050,12,109,"Florida","St. Johns County",4,59,4417,2155,2262
050,12,109,"Florida","St. Johns County",4,60,4431,2153,2278
050,12,109,"Florida","St. Johns County",4,61,4463,2112,2351
050,12,109,"Florida","St. Johns County",4,62,4411,2091,2320
050,12,109,"Florida","St. Johns County",4,63,4335,2097,2238
050,12,109,"Florida","St. Johns County",4,64,4382,2080,2302
050,12,109,"Florida","St. Johns County",4,65,4287,2045,2242
050,12,109,"Florida","St. Johns County",4,66,4110,1959,2151
050,12,109,"Florida","St. Johns County",4,67,4087,1891,2196
050,12,109,"Florida","St. Johns County",4,68,4026,1848,2178
050,12,109,"Florida","St. Johns County",4,69,3870,1782,2088
050,12,109,"Florida","St. Johns County",4,70,3789,1761,2028
050,12,109,"Florida","St. Johns County",4,71,3707,1772,1935
050,12,109,"Florida","St. Johns County",4,72,3543,1693,1850
050,12,109,"Florida","St. Johns County",4,73,3495,1673,1822
050,12,109,"Florida","St. Johns County",4,74,3394,1649,1745
050,12,109,"Florida","St. Johns County",4,75,3669,1773,1896
050,12,109,"Florida","St. Johns County",4,76,2482,1151,1331
050,12,109,"Florida","St. Johns County",4,77,2310,1101,1209
050,12,109,"Florida","St. Johns County",4,78,2298,1091,1207
050,12,109,"Florida","St. Johns County",4,79,2212,1031,1181
050,12,109,"Florida","St. Johns County",4,80,1815,851,964
050,12,109,"Florida","St. Johns County",4,81,1543,736,807
050,12,109,"Florida","St. Johns County",4,82,1373,640,733
050,12,109,"Florida","St. Johns County",4,83,1194,545,649
050,12,109,"Florida","St. Johns County",4,84,1112,475,637
050,12,109,"Florida","St. Johns County",4,85,6341,2435,3906
050,12,109,"Florida","St. Johns County",5,0,2463,1233,1230
050,12,109,"Florida","St. Johns County",5,1,2648,1328,1320
050,12,109,"Florida","St. Johns County",5,2,2693,1314,1379
050,12,109,"Florida","St. Johns County",5,3,3105,1614,1491
050,12,109,"Florida","St. Johns County",5,4,3254,1634,1620
050,12,109,"Florida","St. Johns County",5,5,3468,1784,1684
050,12,109,"Florida","St. Johns County",5,6,3697,1904,1793
050,12,109,"Florida","St. Johns County",5,7,3941,1982,1959
050,12,109,"Florida","St. Johns County",5,8,4105,2103,2002
050,12,109,"Florida","St. Johns County",5,9,4134,2083,2051
050,12,109,"Florida","St. Johns County",5,10,4170,2135,2035
050,12,109,"Florida","St. Johns County",5,11,4291,2204,2087
050,12,109,"Florida","St. Johns County",5,12,4308,2245,2063
050,12,109,"Florida","St. Johns County",5,13,4430,2260,2170
050,12,109,"Florida","St. Johns County",5,14,4450,2287,2163
050,12,109,"Florida","St. Johns County",5,15,4578,2313,2265
050,12,109,"Florida","St. Johns County",5,16,4476,2307,2169
050,12,109,"Florida","St. Johns County",5,17,4378,2260,2118
050,12,109,"Florida","St. Johns County",5,18,3766,1946,1820
050,12,109,"Florida","St. Johns County",5,19,3207,1679,1528
050,12,109,"Florida","St. Johns County",5,20,2949,1494,1455
050,12,109,"Florida","St. Johns County",5,21,2937,1490,1447
050,12,109,"Florida","St. Johns County",5,22,3014,1501,1513
050,12,109,"Florida","St. Johns County",5,23,2970,1482,1488
050,12,109,"Florida","St. Johns County",5,24,2721,1357,1364
050,12,109,"Florida","St. Johns County",5,25,2532,1322,1210
050,12,109,"Florida","St. Johns County",5,26,2530,1257,1273
050,12,109,"Florida","St. Johns County",5,27,2493,1280,1213
050,12,109,"Florida","St. Johns County",5,28,2510,1259,1251
050,12,109,"Florida","St. Johns County",5,29,2546,1269,1277
050,12,109,"Florida","St. Johns County",5,30,2696,1300,1396
050,12,109,"Florida","St. Johns County",5,31,2876,1423,1453
050,12,109,"Florida","St. Johns County",5,32,3124,1507,1617
050,12,109,"Florida","St. Johns County",5,33,3368,1613,1755
050,12,109,"Florida","St. Johns County",5,34,3613,1752,1861
050,12,109,"Florida","St. Johns County",5,35,3831,1820,2011
050,12,109,"Florida","St. Johns County",5,36,3945,1958,1987
050,12,109,"Florida","St. Johns County",5,37,4195,1992,2203
050,12,109,"Florida","St. Johns County",5,38,4402,2115,2287
050,12,109,"Florida","St. Johns County",5,39,4481,2165,2316
050,12,109,"Florida","St. Johns County",5,40,4610,2262,2348
050,12,109,"Florida","St. Johns County",5,41,4714,2316,2398
050,12,109,"Florida","St. Johns County",5,42,4795,2387,2408
050,12,109,"Florida","St. Johns County",5,43,4846,2385,2461
050,12,109,"Florida","St. Johns County",5,44,4638,2271,2367
050,12,109,"Florida","St. Johns County",5,45,4718,2347,2371
050,12,109,"Florida","St. Johns County",5,46,4499,2280,2219
050,12,109,"Florida","St. Johns County",5,47,4380,2223,2157
050,12,109,"Florida","St. Johns County",5,48,4338,2224,2114
050,12,109,"Florida","St. Johns County",5,49,4132,2147,1985
050,12,109,"Florida","St. Johns County",5,50,4224,2115,2109
050,12,109,"Florida","St. Johns County",5,51,4495,2309,2186
050,12,109,"Florida","St. Johns County",5,52,4882,2525,2357
050,12,109,"Florida","St. Johns County",5,53,4594,2276,2318
050,12,109,"Florida","St. Johns County",5,54,4329,2196,2133
050,12,109,"Florida","St. Johns County",5,55,4096,2054,2042
050,12,109,"Florida","St. Johns County",5,56,4133,2077,2056
050,12,109,"Florida","St. Johns County",5,57,4231,2044,2187
050,12,109,"Florida","St. Johns County",5,58,4322,2095,2227
050,12,109,"Florida","St. Johns County",5,59,4524,2179,2345
050,12,109,"Florida","St. Johns County",5,60,4541,2215,2326
050,12,109,"Florida","St. Johns County",5,61,4558,2202,2356
050,12,109,"Florida","St. Johns County",5,62,4648,2179,2469
050,12,109,"Florida","St. Johns County",5,63,4608,2167,2441
050,12,109,"Florida","St. Johns County",5,64,4556,2197,2359
050,12,109,"Florida","St. Johns County",5,65,4572,2171,2401
050,12,109,"Florida","St. Johns County",5,66,4366,2057,2309
050,12,109,"Florida","St. Johns County",5,67,4230,2009,2221
050,12,109,"Florida","St. Johns County",5,68,4120,1903,2217
050,12,109,"Florida","St. Johns County",5,69,4056,1885,2171
050,12,109,"Florida","St. Johns County",5,70,3936,1808,2128
050,12,109,"Florida","St. Johns County",5,71,3794,1758,2036
050,12,109,"Florida","St. Johns County",5,72,3703,1756,1947
050,12,109,"Florida","St. Johns County",5,73,3537,1682,1855
050,12,109,"Florida","St. Johns County",5,74,3507,1673,1834
050,12,109,"Florida","St. Johns County",5,75,3371,1649,1722
050,12,109,"Florida","St. Johns County",5,76,3584,1717,1867
050,12,109,"Florida","St. Johns County",5,77,2460,1141,1319
050,12,109,"Florida","St. Johns County",5,78,2304,1091,1213
050,12,109,"Florida","St. Johns County",5,79,2267,1070,1197
050,12,109,"Florida","St. Johns County",5,80,2155,1003,1152
050,12,109,"Florida","St. Johns County",5,81,1730,816,914
050,12,109,"Florida","St. Johns County",5,82,1511,708,803
050,12,109,"Florida","St. Johns County",5,83,1306,610,696
050,12,109,"Florida","St. Johns County",5,84,1184,516,668
050,12,109,"Florida","St. Johns County",5,85,6711,2606,4105
050,12,111,"Florida","St. Lucie County",1,0,3036,1548,1488
050,12,111,"Florida","St. Lucie County",1,1,3129,1612,1517
050,12,111,"Florida","St. Lucie County",1,2,3248,1604,1644
050,12,111,"Florida","St. Lucie County",1,3,3352,1681,1671
050,12,111,"Florida","St. Lucie County",1,4,3474,1787,1687
050,12,111,"Florida","St. Lucie County",1,5,3529,1794,1735
050,12,111,"Florida","St. Lucie County",1,6,3530,1852,1678
050,12,111,"Florida","St. Lucie County",1,7,3527,1800,1727
050,12,111,"Florida","St. Lucie County",1,8,3619,1848,1771
050,12,111,"Florida","St. Lucie County",1,9,3671,1833,1838
050,12,111,"Florida","St. Lucie County",1,10,3644,1809,1835
050,12,111,"Florida","St. Lucie County",1,11,3761,1899,1862
050,12,111,"Florida","St. Lucie County",1,12,4082,2065,2017
050,12,111,"Florida","St. Lucie County",1,13,4068,2118,1950
050,12,111,"Florida","St. Lucie County",1,14,3946,2066,1880
050,12,111,"Florida","St. Lucie County",1,15,3967,2098,1869
050,12,111,"Florida","St. Lucie County",1,16,3896,2062,1834
050,12,111,"Florida","St. Lucie County",1,17,3792,1996,1796
050,12,111,"Florida","St. Lucie County",1,18,3456,1860,1596
050,12,111,"Florida","St. Lucie County",1,19,3109,1662,1447
050,12,111,"Florida","St. Lucie County",1,20,3259,1720,1539
050,12,111,"Florida","St. Lucie County",1,21,3273,1686,1587
050,12,111,"Florida","St. Lucie County",1,22,3348,1653,1695
050,12,111,"Florida","St. Lucie County",1,23,3454,1734,1720
050,12,111,"Florida","St. Lucie County",1,24,3365,1730,1635
050,12,111,"Florida","St. Lucie County",1,25,3434,1730,1704
050,12,111,"Florida","St. Lucie County",1,26,3460,1766,1694
050,12,111,"Florida","St. Lucie County",1,27,3615,1837,1778
050,12,111,"Florida","St. Lucie County",1,28,3805,1909,1896
050,12,111,"Florida","St. Lucie County",1,29,4009,1997,2012
050,12,111,"Florida","St. Lucie County",1,30,3993,1970,2023
050,12,111,"Florida","St. Lucie County",1,31,3860,1912,1948
050,12,111,"Florida","St. Lucie County",1,32,3739,1898,1841
050,12,111,"Florida","St. Lucie County",1,33,3700,1853,1847
050,12,111,"Florida","St. Lucie County",1,34,3704,1846,1858
050,12,111,"Florida","St. Lucie County",1,35,3663,1830,1833
050,12,111,"Florida","St. Lucie County",1,36,3674,1760,1914
050,12,111,"Florida","St. Lucie County",1,37,3722,1812,1910
050,12,111,"Florida","St. Lucie County",1,38,3706,1777,1929
050,12,111,"Florida","St. Lucie County",1,39,3718,1841,1877
050,12,111,"Florida","St. Lucie County",1,40,3714,1880,1834
050,12,111,"Florida","St. Lucie County",1,41,3707,1894,1813
050,12,111,"Florida","St. Lucie County",1,42,3700,1832,1868
050,12,111,"Florida","St. Lucie County",1,43,3564,1720,1844
050,12,111,"Florida","St. Lucie County",1,44,3537,1716,1821
050,12,111,"Florida","St. Lucie County",1,45,3567,1697,1870
050,12,111,"Florida","St. Lucie County",1,46,3669,1782,1887
050,12,111,"Florida","St. Lucie County",1,47,3783,1849,1934
050,12,111,"Florida","St. Lucie County",1,48,4008,1913,2095
050,12,111,"Florida","St. Lucie County",1,49,4112,1984,2128
050,12,111,"Florida","St. Lucie County",1,50,4013,1973,2040
050,12,111,"Florida","St. Lucie County",1,51,3978,1989,1989
050,12,111,"Florida","St. Lucie County",1,52,4037,1993,2044
050,12,111,"Florida","St. Lucie County",1,53,4093,1994,2099
050,12,111,"Florida","St. Lucie County",1,54,4269,2045,2224
050,12,111,"Florida","St. Lucie County",1,55,4527,2150,2377
050,12,111,"Florida","St. Lucie County",1,56,4697,2265,2432
050,12,111,"Florida","St. Lucie County",1,57,4648,2249,2399
050,12,111,"Florida","St. Lucie County",1,58,4731,2254,2477
050,12,111,"Florida","St. Lucie County",1,59,4751,2266,2485
050,12,111,"Florida","St. Lucie County",1,60,4729,2227,2502
050,12,111,"Florida","St. Lucie County",1,61,4727,2239,2488
050,12,111,"Florida","St. Lucie County",1,62,4819,2317,2502
050,12,111,"Florida","St. Lucie County",1,63,4719,2272,2447
050,12,111,"Florida","St. Lucie County",1,64,4697,2196,2501
050,12,111,"Florida","St. Lucie County",1,65,4786,2258,2528
050,12,111,"Florida","St. Lucie County",1,66,4727,2257,2470
050,12,111,"Florida","St. Lucie County",1,67,4627,2184,2443
050,12,111,"Florida","St. Lucie County",1,68,4558,2151,2407
050,12,111,"Florida","St. Lucie County",1,69,4351,2012,2339
050,12,111,"Florida","St. Lucie County",1,70,4376,2039,2337
050,12,111,"Florida","St. Lucie County",1,71,4515,2115,2400
050,12,111,"Florida","St. Lucie County",1,72,4676,2190,2486
050,12,111,"Florida","St. Lucie County",1,73,4691,2290,2401
050,12,111,"Florida","St. Lucie County",1,74,3465,1673,1792
050,12,111,"Florida","St. Lucie County",1,75,3390,1619,1771
050,12,111,"Florida","St. Lucie County",1,76,3368,1610,1758
050,12,111,"Florida","St. Lucie County",1,77,3455,1660,1795
050,12,111,"Florida","St. Lucie County",1,78,2915,1375,1540
050,12,111,"Florida","St. Lucie County",1,79,2609,1237,1372
050,12,111,"Florida","St. Lucie County",1,80,2519,1198,1321
050,12,111,"Florida","St. Lucie County",1,81,2293,1108,1185
050,12,111,"Florida","St. Lucie County",1,82,2060,987,1073
050,12,111,"Florida","St. Lucie County",1,83,1808,848,960
050,12,111,"Florida","St. Lucie County",1,84,1612,769,843
050,12,111,"Florida","St. Lucie County",1,85,9292,4055,5237
050,12,111,"Florida","St. Lucie County",2,0,3033,1556,1477
050,12,111,"Florida","St. Lucie County",2,1,3137,1608,1529
050,12,111,"Florida","St. Lucie County",2,2,3260,1625,1635
050,12,111,"Florida","St. Lucie County",2,3,3346,1667,1679
050,12,111,"Florida","St. Lucie County",2,4,3478,1771,1707
050,12,111,"Florida","St. Lucie County",2,5,3547,1810,1737
050,12,111,"Florida","St. Lucie County",2,6,3563,1855,1708
050,12,111,"Florida","St. Lucie County",2,7,3544,1817,1727
050,12,111,"Florida","St. Lucie County",2,8,3613,1839,1774
050,12,111,"Florida","St. Lucie County",2,9,3679,1848,1831
050,12,111,"Florida","St. Lucie County",2,10,3669,1825,1844
050,12,111,"Florida","St. Lucie County",2,11,3745,1888,1857
050,12,111,"Florida","St. Lucie County",2,12,4045,2050,1995
050,12,111,"Florida","St. Lucie County",2,13,4086,2119,1967
050,12,111,"Florida","St. Lucie County",2,14,3995,2090,1905
050,12,111,"Florida","St. Lucie County",2,15,3982,2102,1880
050,12,111,"Florida","St. Lucie County",2,16,3937,2085,1852
050,12,111,"Florida","St. Lucie County",2,17,3844,2029,1815
050,12,111,"Florida","St. Lucie County",2,18,3441,1855,1586
050,12,111,"Florida","St. Lucie County",2,19,3103,1665,1438
050,12,111,"Florida","St. Lucie County",2,20,3299,1741,1558
050,12,111,"Florida","St. Lucie County",2,21,3295,1704,1591
050,12,111,"Florida","St. Lucie County",2,22,3390,1691,1699
050,12,111,"Florida","St. Lucie County",2,23,3470,1737,1733
050,12,111,"Florida","St. Lucie County",2,24,3408,1743,1665
050,12,111,"Florida","St. Lucie County",2,25,3453,1753,1700
050,12,111,"Florida","St. Lucie County",2,26,3489,1780,1709
050,12,111,"Florida","St. Lucie County",2,27,3601,1833,1768
050,12,111,"Florida","St. Lucie County",2,28,3779,1899,1880
050,12,111,"Florida","St. Lucie County",2,29,3983,1984,1999
050,12,111,"Florida","St. Lucie County",2,30,4051,1999,2052
050,12,111,"Florida","St. Lucie County",2,31,3915,1938,1977
050,12,111,"Florida","St. Lucie County",2,32,3787,1908,1879
050,12,111,"Florida","St. Lucie County",2,33,3736,1875,1861
050,12,111,"Florida","St. Lucie County",2,34,3728,1864,1864
050,12,111,"Florida","St. Lucie County",2,35,3714,1860,1854
050,12,111,"Florida","St. Lucie County",2,36,3665,1779,1886
050,12,111,"Florida","St. Lucie County",2,37,3732,1810,1922
050,12,111,"Florida","St. Lucie County",2,38,3756,1812,1944
050,12,111,"Florida","St. Lucie County",2,39,3725,1831,1894
050,12,111,"Florida","St. Lucie County",2,40,3781,1906,1875
050,12,111,"Florida","St. Lucie County",2,41,3731,1897,1834
050,12,111,"Florida","St. Lucie County",2,42,3706,1849,1857
050,12,111,"Florida","St. Lucie County",2,43,3658,1779,1879
050,12,111,"Florida","St. Lucie County",2,44,3541,1714,1827
050,12,111,"Florida","St. Lucie County",2,45,3599,1717,1882
050,12,111,"Florida","St. Lucie County",2,46,3657,1769,1888
050,12,111,"Florida","St. Lucie County",2,47,3773,1841,1932
050,12,111,"Florida","St. Lucie County",2,48,3986,1914,2072
050,12,111,"Florida","St. Lucie County",2,49,4140,1997,2143
050,12,111,"Florida","St. Lucie County",2,50,4063,1985,2078
050,12,111,"Florida","St. Lucie County",2,51,3999,1990,2009
050,12,111,"Florida","St. Lucie County",2,52,4039,2002,2037
050,12,111,"Florida","St. Lucie County",2,53,4100,2001,2099
050,12,111,"Florida","St. Lucie County",2,54,4239,2037,2202
050,12,111,"Florida","St. Lucie County",2,55,4507,2149,2358
050,12,111,"Florida","St. Lucie County",2,56,4706,2262,2444
050,12,111,"Florida","St. Lucie County",2,57,4700,2270,2430
050,12,111,"Florida","St. Lucie County",2,58,4748,2262,2486
050,12,111,"Florida","St. Lucie County",2,59,4799,2289,2510
050,12,111,"Florida","St. Lucie County",2,60,4770,2260,2510
050,12,111,"Florida","St. Lucie County",2,61,4767,2255,2512
050,12,111,"Florida","St. Lucie County",2,62,4843,2317,2526
050,12,111,"Florida","St. Lucie County",2,63,4840,2324,2516
050,12,111,"Florida","St. Lucie County",2,64,4724,2225,2499
050,12,111,"Florida","St. Lucie County",2,65,4824,2275,2549
050,12,111,"Florida","St. Lucie County",2,66,4812,2293,2519
050,12,111,"Florida","St. Lucie County",2,67,4689,2219,2470
050,12,111,"Florida","St. Lucie County",2,68,4585,2165,2420
050,12,111,"Florida","St. Lucie County",2,69,4468,2079,2389
050,12,111,"Florida","St. Lucie County",2,70,4395,2046,2349
050,12,111,"Florida","St. Lucie County",2,71,4510,2111,2399
050,12,111,"Florida","St. Lucie County",2,72,4591,2150,2441
050,12,111,"Florida","St. Lucie County",2,73,4914,2376,2538
050,12,111,"Florida","St. Lucie County",2,74,3549,1720,1829
050,12,111,"Florida","St. Lucie County",2,75,3416,1631,1785
050,12,111,"Florida","St. Lucie County",2,76,3350,1597,1753
050,12,111,"Florida","St. Lucie County",2,77,3511,1682,1829
050,12,111,"Florida","St. Lucie County",2,78,2972,1415,1557
050,12,111,"Florida","St. Lucie County",2,79,2659,1258,1401
050,12,111,"Florida","St. Lucie County",2,80,2516,1187,1329
050,12,111,"Florida","St. Lucie County",2,81,2320,1127,1193
050,12,111,"Florida","St. Lucie County",2,82,2100,1002,1098
050,12,111,"Florida","St. Lucie County",2,83,1832,862,970
050,12,111,"Florida","St. Lucie County",2,84,1632,777,855
050,12,111,"Florida","St. Lucie County",2,85,9357,4115,5242
050,12,111,"Florida","St. Lucie County",3,0,3057,1552,1505
050,12,111,"Florida","St. Lucie County",3,1,3326,1665,1661
050,12,111,"Florida","St. Lucie County",3,2,3429,1752,1677
050,12,111,"Florida","St. Lucie County",3,3,3441,1706,1735
050,12,111,"Florida","St. Lucie County",3,4,3607,1829,1778
050,12,111,"Florida","St. Lucie County",3,5,3658,1880,1778
050,12,111,"Florida","St. Lucie County",3,6,3700,1901,1799
050,12,111,"Florida","St. Lucie County",3,7,3693,1937,1756
050,12,111,"Florida","St. Lucie County",3,8,3700,1891,1809
050,12,111,"Florida","St. Lucie County",3,9,3786,1946,1840
050,12,111,"Florida","St. Lucie County",3,10,3844,1941,1903
050,12,111,"Florida","St. Lucie County",3,11,3814,1925,1889
050,12,111,"Florida","St. Lucie County",3,12,3885,1971,1914
050,12,111,"Florida","St. Lucie County",3,13,4242,2159,2083
050,12,111,"Florida","St. Lucie County",3,14,4291,2220,2071
050,12,111,"Florida","St. Lucie County",3,15,4186,2199,1987
050,12,111,"Florida","St. Lucie County",3,16,4118,2141,1977
050,12,111,"Florida","St. Lucie County",3,17,4084,2147,1937
050,12,111,"Florida","St. Lucie County",3,18,3531,1907,1624
050,12,111,"Florida","St. Lucie County",3,19,3099,1667,1432
050,12,111,"Florida","St. Lucie County",3,20,3338,1765,1573
050,12,111,"Florida","St. Lucie County",3,21,3470,1800,1670
050,12,111,"Florida","St. Lucie County",3,22,3559,1819,1740
050,12,111,"Florida","St. Lucie County",3,23,3606,1775,1831
050,12,111,"Florida","St. Lucie County",3,24,3593,1840,1753
050,12,111,"Florida","St. Lucie County",3,25,3558,1815,1743
050,12,111,"Florida","St. Lucie County",3,26,3646,1854,1792
050,12,111,"Florida","St. Lucie County",3,27,3680,1862,1818
050,12,111,"Florida","St. Lucie County",3,28,3764,1901,1863
050,12,111,"Florida","St. Lucie County",3,29,4045,1987,2058
050,12,111,"Florida","St. Lucie County",3,30,4154,2052,2102
050,12,111,"Florida","St. Lucie County",3,31,4320,2134,2186
050,12,111,"Florida","St. Lucie County",3,32,4176,2083,2093
050,12,111,"Florida","St. Lucie County",3,33,4098,2075,2023
050,12,111,"Florida","St. Lucie County",3,34,3953,1991,1962
050,12,111,"Florida","St. Lucie County",3,35,3998,2005,1993
050,12,111,"Florida","St. Lucie County",3,36,3962,1989,1973
050,12,111,"Florida","St. Lucie County",3,37,3885,1898,1987
050,12,111,"Florida","St. Lucie County",3,38,3982,1949,2033
050,12,111,"Florida","St. Lucie County",3,39,3943,1914,2029
050,12,111,"Florida","St. Lucie County",3,40,3947,1959,1988
050,12,111,"Florida","St. Lucie County",3,41,3955,1990,1965
050,12,111,"Florida","St. Lucie County",3,42,3918,2009,1909
050,12,111,"Florida","St. Lucie County",3,43,3841,1925,1916
050,12,111,"Florida","St. Lucie County",3,44,3847,1885,1962
050,12,111,"Florida","St. Lucie County",3,45,3660,1777,1883
050,12,111,"Florida","St. Lucie County",3,46,3799,1837,1962
050,12,111,"Florida","St. Lucie County",3,47,3792,1816,1976
050,12,111,"Florida","St. Lucie County",3,48,3904,1891,2013
050,12,111,"Florida","St. Lucie County",3,49,4118,1968,2150
050,12,111,"Florida","St. Lucie County",3,50,4252,2057,2195
050,12,111,"Florida","St. Lucie County",3,51,4237,2096,2141
050,12,111,"Florida","St. Lucie County",3,52,4160,2046,2114
050,12,111,"Florida","St. Lucie County",3,53,4204,2055,2149
050,12,111,"Florida","St. Lucie County",3,54,4241,2039,2202
050,12,111,"Florida","St. Lucie County",3,55,4384,2113,2271
050,12,111,"Florida","St. Lucie County",3,56,4682,2227,2455
050,12,111,"Florida","St. Lucie County",3,57,4985,2412,2573
050,12,111,"Florida","St. Lucie County",3,58,4910,2336,2574
050,12,111,"Florida","St. Lucie County",3,59,4906,2353,2553
050,12,111,"Florida","St. Lucie County",3,60,4996,2367,2629
050,12,111,"Florida","St. Lucie County",3,61,4922,2323,2599
050,12,111,"Florida","St. Lucie County",3,62,5016,2385,2631
050,12,111,"Florida","St. Lucie County",3,63,5060,2443,2617
050,12,111,"Florida","St. Lucie County",3,64,4987,2367,2620
050,12,111,"Florida","St. Lucie County",3,65,4994,2353,2641
050,12,111,"Florida","St. Lucie County",3,66,4993,2341,2652
050,12,111,"Florida","St. Lucie County",3,67,4887,2322,2565
050,12,111,"Florida","St. Lucie County",3,68,4818,2280,2538
050,12,111,"Florida","St. Lucie County",3,69,4670,2196,2474
050,12,111,"Florida","St. Lucie County",3,70,4536,2114,2422
050,12,111,"Florida","St. Lucie County",3,71,4445,2073,2372
050,12,111,"Florida","St. Lucie County",3,72,4534,2104,2430
050,12,111,"Florida","St. Lucie County",3,73,4598,2157,2441
050,12,111,"Florida","St. Lucie County",3,74,4900,2381,2519
050,12,111,"Florida","St. Lucie County",3,75,3493,1681,1812
050,12,111,"Florida","St. Lucie County",3,76,3358,1597,1761
050,12,111,"Florida","St. Lucie County",3,77,3260,1552,1708
050,12,111,"Florida","St. Lucie County",3,78,3408,1626,1782
050,12,111,"Florida","St. Lucie County",3,79,2871,1349,1522
050,12,111,"Florida","St. Lucie County",3,80,2579,1217,1362
050,12,111,"Florida","St. Lucie County",3,81,2431,1135,1296
050,12,111,"Florida","St. Lucie County",3,82,2205,1057,1148
050,12,111,"Florida","St. Lucie County",3,83,1997,948,1049
050,12,111,"Florida","St. Lucie County",3,84,1716,805,911
050,12,111,"Florida","St. Lucie County",3,85,9609,4263,5346
050,12,111,"Florida","St. Lucie County",4,0,3533,1768,1765
050,12,111,"Florida","St. Lucie County",4,1,3288,1651,1637
050,12,111,"Florida","St. Lucie County",4,2,3557,1764,1793
050,12,111,"Florida","St. Lucie County",4,3,3662,1841,1821
050,12,111,"Florida","St. Lucie County",4,4,3678,1822,1856
050,12,111,"Florida","St. Lucie County",4,5,3814,1944,1870
050,12,111,"Florida","St. Lucie County",4,6,3880,2029,1851
050,12,111,"Florida","St. Lucie County",4,7,3934,2015,1919
050,12,111,"Florida","St. Lucie County",4,8,3893,2047,1846
050,12,111,"Florida","St. Lucie County",4,9,3893,1976,1917
050,12,111,"Florida","St. Lucie County",4,10,3987,2061,1926
050,12,111,"Florida","St. Lucie County",4,11,4045,2055,1990
050,12,111,"Florida","St. Lucie County",4,12,4050,2018,2032
050,12,111,"Florida","St. Lucie County",4,13,4125,2082,2043
050,12,111,"Florida","St. Lucie County",4,14,4416,2241,2175
050,12,111,"Florida","St. Lucie County",4,15,4436,2298,2138
050,12,111,"Florida","St. Lucie County",4,16,4364,2301,2063
050,12,111,"Florida","St. Lucie County",4,17,4270,2236,2034
050,12,111,"Florida","St. Lucie County",4,18,3753,2020,1733
050,12,111,"Florida","St. Lucie County",4,19,3175,1701,1474
050,12,111,"Florida","St. Lucie County",4,20,3327,1750,1577
050,12,111,"Florida","St. Lucie County",4,21,3473,1848,1625
050,12,111,"Florida","St. Lucie County",4,22,3676,1866,1810
050,12,111,"Florida","St. Lucie County",4,23,3753,1919,1834
050,12,111,"Florida","St. Lucie County",4,24,3733,1878,1855
050,12,111,"Florida","St. Lucie County",4,25,3775,1953,1822
050,12,111,"Florida","St. Lucie County",4,26,3643,1833,1810
050,12,111,"Florida","St. Lucie County",4,27,3783,1895,1888
050,12,111,"Florida","St. Lucie County",4,28,3915,1981,1934
050,12,111,"Florida","St. Lucie County",4,29,4006,2012,1994
050,12,111,"Florida","St. Lucie County",4,30,4248,2081,2167
050,12,111,"Florida","St. Lucie County",4,31,4374,2160,2214
050,12,111,"Florida","St. Lucie County",4,32,4623,2275,2348
050,12,111,"Florida","St. Lucie County",4,33,4475,2234,2241
050,12,111,"Florida","St. Lucie County",4,34,4334,2202,2132
050,12,111,"Florida","St. Lucie County",4,35,4241,2135,2106
050,12,111,"Florida","St. Lucie County",4,36,4285,2147,2138
050,12,111,"Florida","St. Lucie County",4,37,4228,2113,2115
050,12,111,"Florida","St. Lucie County",4,38,4138,2021,2117
050,12,111,"Florida","St. Lucie County",4,39,4267,2076,2191
050,12,111,"Florida","St. Lucie County",4,40,4221,2061,2160
050,12,111,"Florida","St. Lucie County",4,41,4198,2085,2113
050,12,111,"Florida","St. Lucie County",4,42,4146,2068,2078
050,12,111,"Florida","St. Lucie County",4,43,4155,2130,2025
050,12,111,"Florida","St. Lucie County",4,44,4097,2071,2026
050,12,111,"Florida","St. Lucie County",4,45,4064,2026,2038
050,12,111,"Florida","St. Lucie County",4,46,3866,1875,1991
050,12,111,"Florida","St. Lucie County",4,47,3986,1916,2070
050,12,111,"Florida","St. Lucie County",4,48,3947,1899,2048
050,12,111,"Florida","St. Lucie County",4,49,4070,1956,2114
050,12,111,"Florida","St. Lucie County",4,50,4305,2063,2242
050,12,111,"Florida","St. Lucie County",4,51,4435,2150,2285
050,12,111,"Florida","St. Lucie County",4,52,4400,2160,2240
050,12,111,"Florida","St. Lucie County",4,53,4288,2126,2162
050,12,111,"Florida","St. Lucie County",4,54,4399,2141,2258
050,12,111,"Florida","St. Lucie County",4,55,4428,2136,2292
050,12,111,"Florida","St. Lucie County",4,56,4589,2189,2400
050,12,111,"Florida","St. Lucie County",4,57,4899,2319,2580
050,12,111,"Florida","St. Lucie County",4,58,5199,2481,2718
050,12,111,"Florida","St. Lucie County",4,59,5067,2422,2645
050,12,111,"Florida","St. Lucie County",4,60,5108,2437,2671
050,12,111,"Florida","St. Lucie County",4,61,5187,2467,2720
050,12,111,"Florida","St. Lucie County",4,62,5174,2425,2749
050,12,111,"Florida","St. Lucie County",4,63,5205,2481,2724
050,12,111,"Florida","St. Lucie County",4,64,5310,2566,2744
050,12,111,"Florida","St. Lucie County",4,65,5317,2526,2791
050,12,111,"Florida","St. Lucie County",4,66,5276,2479,2797
050,12,111,"Florida","St. Lucie County",4,67,5184,2457,2727
050,12,111,"Florida","St. Lucie County",4,68,5018,2370,2648
050,12,111,"Florida","St. Lucie County",4,69,4989,2367,2622
050,12,111,"Florida","St. Lucie County",4,70,4763,2244,2519
050,12,111,"Florida","St. Lucie County",4,71,4589,2137,2452
050,12,111,"Florida","St. Lucie County",4,72,4447,2089,2358
050,12,111,"Florida","St. Lucie County",4,73,4595,2119,2476
050,12,111,"Florida","St. Lucie County",4,74,4597,2169,2428
050,12,111,"Florida","St. Lucie County",4,75,4836,2325,2511
050,12,111,"Florida","St. Lucie County",4,76,3420,1649,1771
050,12,111,"Florida","St. Lucie County",4,77,3309,1578,1731
050,12,111,"Florida","St. Lucie County",4,78,3157,1522,1635
050,12,111,"Florida","St. Lucie County",4,79,3249,1529,1720
050,12,111,"Florida","St. Lucie County",4,80,2755,1299,1456
050,12,111,"Florida","St. Lucie County",4,81,2440,1133,1307
050,12,111,"Florida","St. Lucie County",4,82,2309,1069,1240
050,12,111,"Florida","St. Lucie County",4,83,2119,1014,1105
050,12,111,"Florida","St. Lucie County",4,84,1858,895,963
050,12,111,"Florida","St. Lucie County",4,85,9866,4376,5490
050,12,111,"Florida","St. Lucie County",5,0,3602,1799,1803
050,12,111,"Florida","St. Lucie County",5,1,3878,1960,1918
050,12,111,"Florida","St. Lucie County",5,2,3486,1735,1751
050,12,111,"Florida","St. Lucie County",5,3,3762,1878,1884
050,12,111,"Florida","St. Lucie County",5,4,3818,1913,1905
050,12,111,"Florida","St. Lucie County",5,5,3875,1937,1938
050,12,111,"Florida","St. Lucie County",5,6,3939,1979,1960
050,12,111,"Florida","St. Lucie County",5,7,4056,2074,1982
050,12,111,"Florida","St. Lucie County",5,8,4114,2087,2027
050,12,111,"Florida","St. Lucie County",5,9,4063,2129,1934
050,12,111,"Florida","St. Lucie County",5,10,4027,2011,2016
050,12,111,"Florida","St. Lucie County",5,11,4267,2185,2082
050,12,111,"Florida","St. Lucie County",5,12,4224,2136,2088
050,12,111,"Florida","St. Lucie County",5,13,4204,2096,2108
050,12,111,"Florida","St. Lucie County",5,14,4269,2177,2092
050,12,111,"Florida","St. Lucie County",5,15,4612,2358,2254
050,12,111,"Florida","St. Lucie County",5,16,4582,2367,2215
050,12,111,"Florida","St. Lucie County",5,17,4537,2389,2148
050,12,111,"Florida","St. Lucie County",5,18,3918,2087,1831
050,12,111,"Florida","St. Lucie County",5,19,3368,1817,1551
050,12,111,"Florida","St. Lucie County",5,20,3431,1798,1633
050,12,111,"Florida","St. Lucie County",5,21,3547,1831,1716
050,12,111,"Florida","St. Lucie County",5,22,3731,1946,1785
050,12,111,"Florida","St. Lucie County",5,23,3886,1981,1905
050,12,111,"Florida","St. Lucie County",5,24,3868,1995,1873
050,12,111,"Florida","St. Lucie County",5,25,3817,1897,1920
050,12,111,"Florida","St. Lucie County",5,26,3916,2007,1909
050,12,111,"Florida","St. Lucie County",5,27,3773,1904,1869
050,12,111,"Florida","St. Lucie County",5,28,3947,1952,1995
050,12,111,"Florida","St. Lucie County",5,29,4179,2083,2096
050,12,111,"Florida","St. Lucie County",5,30,4193,2118,2075
050,12,111,"Florida","St. Lucie County",5,31,4472,2177,2295
050,12,111,"Florida","St. Lucie County",5,32,4715,2305,2410
050,12,111,"Florida","St. Lucie County",5,33,4832,2373,2459
050,12,111,"Florida","St. Lucie County",5,34,4723,2359,2364
050,12,111,"Florida","St. Lucie County",5,35,4602,2325,2277
050,12,111,"Florida","St. Lucie County",5,36,4531,2307,2224
050,12,111,"Florida","St. Lucie County",5,37,4569,2283,2286
050,12,111,"Florida","St. Lucie County",5,38,4508,2278,2230
050,12,111,"Florida","St. Lucie County",5,39,4412,2160,2252
050,12,111,"Florida","St. Lucie County",5,40,4506,2214,2292
050,12,111,"Florida","St. Lucie County",5,41,4424,2148,2276
050,12,111,"Florida","St. Lucie County",5,42,4418,2200,2218
050,12,111,"Florida","St. Lucie County",5,43,4375,2229,2146
050,12,111,"Florida","St. Lucie County",5,44,4401,2300,2101
050,12,111,"Florida","St. Lucie County",5,45,4316,2218,2098
050,12,111,"Florida","St. Lucie County",5,46,4241,2113,2128
050,12,111,"Florida","St. Lucie County",5,47,4099,1994,2105
050,12,111,"Florida","St. Lucie County",5,48,4133,1957,2176
050,12,111,"Florida","St. Lucie County",5,49,4068,1937,2131
050,12,111,"Florida","St. Lucie County",5,50,4208,2002,2206
050,12,111,"Florida","St. Lucie County",5,51,4473,2154,2319
050,12,111,"Florida","St. Lucie County",5,52,4586,2216,2370
050,12,111,"Florida","St. Lucie County",5,53,4613,2238,2375
050,12,111,"Florida","St. Lucie County",5,54,4425,2164,2261
050,12,111,"Florida","St. Lucie County",5,55,4582,2249,2333
050,12,111,"Florida","St. Lucie County",5,56,4595,2199,2396
050,12,111,"Florida","St. Lucie County",5,57,4834,2292,2542
050,12,111,"Florida","St. Lucie County",5,58,5114,2413,2701
050,12,111,"Florida","St. Lucie County",5,59,5411,2614,2797
050,12,111,"Florida","St. Lucie County",5,60,5313,2524,2789
050,12,111,"Florida","St. Lucie County",5,61,5427,2603,2824
050,12,111,"Florida","St. Lucie County",5,62,5503,2637,2866
050,12,111,"Florida","St. Lucie County",5,63,5408,2574,2834
050,12,111,"Florida","St. Lucie County",5,64,5369,2541,2828
050,12,111,"Florida","St. Lucie County",5,65,5587,2702,2885
050,12,111,"Florida","St. Lucie County",5,66,5554,2627,2927
050,12,111,"Florida","St. Lucie County",5,67,5466,2562,2904
050,12,111,"Florida","St. Lucie County",5,68,5330,2536,2794
050,12,111,"Florida","St. Lucie County",5,69,5176,2436,2740
050,12,111,"Florida","St. Lucie County",5,70,5073,2404,2669
050,12,111,"Florida","St. Lucie County",5,71,4834,2299,2535
050,12,111,"Florida","St. Lucie County",5,72,4638,2159,2479
050,12,111,"Florida","St. Lucie County",5,73,4501,2104,2397
050,12,111,"Florida","St. Lucie County",5,74,4585,2117,2468
050,12,111,"Florida","St. Lucie County",5,75,4545,2146,2399
050,12,111,"Florida","St. Lucie County",5,76,4789,2302,2487
050,12,111,"Florida","St. Lucie County",5,77,3409,1654,1755
050,12,111,"Florida","St. Lucie County",5,78,3203,1539,1664
050,12,111,"Florida","St. Lucie County",5,79,3078,1473,1605
050,12,111,"Florida","St. Lucie County",5,80,3150,1490,1660
050,12,111,"Florida","St. Lucie County",5,81,2634,1224,1410
050,12,111,"Florida","St. Lucie County",5,82,2334,1077,1257
050,12,111,"Florida","St. Lucie County",5,83,2202,1021,1181
050,12,111,"Florida","St. Lucie County",5,84,2000,959,1041
050,12,111,"Florida","St. Lucie County",5,85,10403,4704,5699
050,12,113,"Florida","Santa Rosa County",1,0,1914,983,931
050,12,113,"Florida","Santa Rosa County",1,1,2008,1020,988
050,12,113,"Florida","Santa Rosa County",1,2,2047,1062,985
050,12,113,"Florida","Santa Rosa County",1,3,2144,1081,1063
050,12,113,"Florida","Santa Rosa County",1,4,2243,1130,1113
050,12,113,"Florida","Santa Rosa County",1,5,2246,1190,1056
050,12,113,"Florida","Santa Rosa County",1,6,2241,1156,1085
050,12,113,"Florida","Santa Rosa County",1,7,2280,1231,1049
050,12,113,"Florida","Santa Rosa County",1,8,2325,1220,1105
050,12,113,"Florida","Santa Rosa County",1,9,2327,1214,1113
050,12,113,"Florida","Santa Rosa County",1,10,2331,1157,1174
050,12,113,"Florida","Santa Rosa County",1,11,2462,1223,1239
050,12,113,"Florida","Santa Rosa County",1,12,2546,1299,1247
050,12,113,"Florida","Santa Rosa County",1,13,2597,1375,1222
050,12,113,"Florida","Santa Rosa County",1,14,2549,1308,1241
050,12,113,"Florida","Santa Rosa County",1,15,2513,1288,1225
050,12,113,"Florida","Santa Rosa County",1,16,2440,1278,1162
050,12,113,"Florida","Santa Rosa County",1,17,2354,1231,1123
050,12,113,"Florida","Santa Rosa County",1,18,2087,1123,964
050,12,113,"Florida","Santa Rosa County",1,19,1761,987,774
050,12,113,"Florida","Santa Rosa County",1,20,1828,1020,808
050,12,113,"Florida","Santa Rosa County",1,21,1941,1107,834
050,12,113,"Florida","Santa Rosa County",1,22,2007,1115,892
050,12,113,"Florida","Santa Rosa County",1,23,2170,1250,920
050,12,113,"Florida","Santa Rosa County",1,24,2322,1317,1005
050,12,113,"Florida","Santa Rosa County",1,25,2337,1365,972
050,12,113,"Florida","Santa Rosa County",1,26,2360,1307,1053
050,12,113,"Florida","Santa Rosa County",1,27,2459,1411,1048
050,12,113,"Florida","Santa Rosa County",1,28,2577,1413,1164
050,12,113,"Florida","Santa Rosa County",1,29,2631,1445,1186
050,12,113,"Florida","Santa Rosa County",1,30,2679,1427,1252
050,12,113,"Florida","Santa Rosa County",1,31,2645,1421,1224
050,12,113,"Florida","Santa Rosa County",1,32,2645,1405,1240
050,12,113,"Florida","Santa Rosa County",1,33,2628,1417,1211
050,12,113,"Florida","Santa Rosa County",1,34,2679,1421,1258
050,12,113,"Florida","Santa Rosa County",1,35,2694,1414,1280
050,12,113,"Florida","Santa Rosa County",1,36,2612,1391,1221
050,12,113,"Florida","Santa Rosa County",1,37,2649,1374,1275
050,12,113,"Florida","Santa Rosa County",1,38,2594,1356,1238
050,12,113,"Florida","Santa Rosa County",1,39,2601,1351,1250
050,12,113,"Florida","Santa Rosa County",1,40,2597,1338,1259
050,12,113,"Florida","Santa Rosa County",1,41,2484,1335,1149
050,12,113,"Florida","Santa Rosa County",1,42,2444,1284,1160
050,12,113,"Florida","Santa Rosa County",1,43,2326,1168,1158
050,12,113,"Florida","Santa Rosa County",1,44,2273,1197,1076
050,12,113,"Florida","Santa Rosa County",1,45,2363,1230,1133
050,12,113,"Florida","Santa Rosa County",1,46,2311,1199,1112
050,12,113,"Florida","Santa Rosa County",1,47,2353,1201,1152
050,12,113,"Florida","Santa Rosa County",1,48,2562,1287,1275
050,12,113,"Florida","Santa Rosa County",1,49,2638,1300,1338
050,12,113,"Florida","Santa Rosa County",1,50,2569,1333,1236
050,12,113,"Florida","Santa Rosa County",1,51,2483,1287,1196
050,12,113,"Florida","Santa Rosa County",1,52,2397,1205,1192
050,12,113,"Florida","Santa Rosa County",1,53,2394,1212,1182
050,12,113,"Florida","Santa Rosa County",1,54,2497,1241,1256
050,12,113,"Florida","Santa Rosa County",1,55,2714,1345,1369
050,12,113,"Florida","Santa Rosa County",1,56,2869,1425,1444
050,12,113,"Florida","Santa Rosa County",1,57,2823,1426,1397
050,12,113,"Florida","Santa Rosa County",1,58,2890,1415,1475
050,12,113,"Florida","Santa Rosa County",1,59,2779,1392,1387
050,12,113,"Florida","Santa Rosa County",1,60,2734,1355,1379
050,12,113,"Florida","Santa Rosa County",1,61,2593,1265,1328
050,12,113,"Florida","Santa Rosa County",1,62,2544,1258,1286
050,12,113,"Florida","Santa Rosa County",1,63,2420,1188,1232
050,12,113,"Florida","Santa Rosa County",1,64,2378,1176,1202
050,12,113,"Florida","Santa Rosa County",1,65,2260,1064,1196
050,12,113,"Florida","Santa Rosa County",1,66,2173,1044,1129
050,12,113,"Florida","Santa Rosa County",1,67,2091,1012,1079
050,12,113,"Florida","Santa Rosa County",1,68,2096,1020,1076
050,12,113,"Florida","Santa Rosa County",1,69,1903,904,999
050,12,113,"Florida","Santa Rosa County",1,70,1786,887,899
050,12,113,"Florida","Santa Rosa County",1,71,1772,866,906
050,12,113,"Florida","Santa Rosa County",1,72,1738,845,893
050,12,113,"Florida","Santa Rosa County",1,73,1852,912,940
050,12,113,"Florida","Santa Rosa County",1,74,1201,587,614
050,12,113,"Florida","Santa Rosa County",1,75,1204,553,651
050,12,113,"Florida","Santa Rosa County",1,76,1204,572,632
050,12,113,"Florida","Santa Rosa County",1,77,1173,553,620
050,12,113,"Florida","Santa Rosa County",1,78,988,436,552
050,12,113,"Florida","Santa Rosa County",1,79,895,382,513
050,12,113,"Florida","Santa Rosa County",1,80,807,369,438
050,12,113,"Florida","Santa Rosa County",1,81,736,323,413
050,12,113,"Florida","Santa Rosa County",1,82,679,326,353
050,12,113,"Florida","Santa Rosa County",1,83,577,267,310
050,12,113,"Florida","Santa Rosa County",1,84,544,250,294
050,12,113,"Florida","Santa Rosa County",1,85,2412,954,1458
050,12,113,"Florida","Santa Rosa County",2,0,1927,984,943
050,12,113,"Florida","Santa Rosa County",2,1,2002,1020,982
050,12,113,"Florida","Santa Rosa County",2,2,2066,1067,999
050,12,113,"Florida","Santa Rosa County",2,3,2134,1080,1054
050,12,113,"Florida","Santa Rosa County",2,4,2250,1140,1110
050,12,113,"Florida","Santa Rosa County",2,5,2273,1190,1083
050,12,113,"Florida","Santa Rosa County",2,6,2273,1185,1088
050,12,113,"Florida","Santa Rosa County",2,7,2291,1221,1070
050,12,113,"Florida","Santa Rosa County",2,8,2334,1236,1098
050,12,113,"Florida","Santa Rosa County",2,9,2345,1227,1118
050,12,113,"Florida","Santa Rosa County",2,10,2353,1182,1171
050,12,113,"Florida","Santa Rosa County",2,11,2445,1220,1225
050,12,113,"Florida","Santa Rosa County",2,12,2564,1305,1259
050,12,113,"Florida","Santa Rosa County",2,13,2603,1366,1237
050,12,113,"Florida","Santa Rosa County",2,14,2578,1333,1245
050,12,113,"Florida","Santa Rosa County",2,15,2535,1301,1234
050,12,113,"Florida","Santa Rosa County",2,16,2478,1293,1185
050,12,113,"Florida","Santa Rosa County",2,17,2379,1246,1133
050,12,113,"Florida","Santa Rosa County",2,18,2072,1123,949
050,12,113,"Florida","Santa Rosa County",2,19,1767,986,781
050,12,113,"Florida","Santa Rosa County",2,20,1865,1039,826
050,12,113,"Florida","Santa Rosa County",2,21,1938,1091,847
050,12,113,"Florida","Santa Rosa County",2,22,2028,1130,898
050,12,113,"Florida","Santa Rosa County",2,23,2187,1250,937
050,12,113,"Florida","Santa Rosa County",2,24,2290,1300,990
050,12,113,"Florida","Santa Rosa County",2,25,2335,1343,992
050,12,113,"Florida","Santa Rosa County",2,26,2353,1313,1040
050,12,113,"Florida","Santa Rosa County",2,27,2453,1390,1063
050,12,113,"Florida","Santa Rosa County",2,28,2552,1406,1146
050,12,113,"Florida","Santa Rosa County",2,29,2630,1437,1193
050,12,113,"Florida","Santa Rosa County",2,30,2687,1431,1256
050,12,113,"Florida","Santa Rosa County",2,31,2655,1418,1237
050,12,113,"Florida","Santa Rosa County",2,32,2647,1400,1247
050,12,113,"Florida","Santa Rosa County",2,33,2639,1411,1228
050,12,113,"Florida","Santa Rosa County",2,34,2675,1421,1254
050,12,113,"Florida","Santa Rosa County",2,35,2720,1429,1291
050,12,113,"Florida","Santa Rosa County",2,36,2620,1377,1243
050,12,113,"Florida","Santa Rosa County",2,37,2665,1389,1276
050,12,113,"Florida","Santa Rosa County",2,38,2623,1359,1264
050,12,113,"Florida","Santa Rosa County",2,39,2607,1351,1256
050,12,113,"Florida","Santa Rosa County",2,40,2631,1357,1274
050,12,113,"Florida","Santa Rosa County",2,41,2527,1344,1183
050,12,113,"Florida","Santa Rosa County",2,42,2449,1287,1162
050,12,113,"Florida","Santa Rosa County",2,43,2374,1201,1173
050,12,113,"Florida","Santa Rosa County",2,44,2270,1181,1089
050,12,113,"Florida","Santa Rosa County",2,45,2356,1228,1128
050,12,113,"Florida","Santa Rosa County",2,46,2316,1198,1118
050,12,113,"Florida","Santa Rosa County",2,47,2340,1194,1146
050,12,113,"Florida","Santa Rosa County",2,48,2518,1266,1252
050,12,113,"Florida","Santa Rosa County",2,49,2636,1303,1333
050,12,113,"Florida","Santa Rosa County",2,50,2596,1328,1268
050,12,113,"Florida","Santa Rosa County",2,51,2498,1291,1207
050,12,113,"Florida","Santa Rosa County",2,52,2411,1220,1191
050,12,113,"Florida","Santa Rosa County",2,53,2394,1209,1185
050,12,113,"Florida","Santa Rosa County",2,54,2471,1233,1238
050,12,113,"Florida","Santa Rosa County",2,55,2683,1327,1356
050,12,113,"Florida","Santa Rosa County",2,56,2845,1414,1431
050,12,113,"Florida","Santa Rosa County",2,57,2843,1428,1415
050,12,113,"Florida","Santa Rosa County",2,58,2875,1415,1460
050,12,113,"Florida","Santa Rosa County",2,59,2824,1404,1420
050,12,113,"Florida","Santa Rosa County",2,60,2742,1354,1388
050,12,113,"Florida","Santa Rosa County",2,61,2645,1296,1349
050,12,113,"Florida","Santa Rosa County",2,62,2567,1265,1302
050,12,113,"Florida","Santa Rosa County",2,63,2491,1224,1267
050,12,113,"Florida","Santa Rosa County",2,64,2389,1179,1210
050,12,113,"Florida","Santa Rosa County",2,65,2290,1090,1200
050,12,113,"Florida","Santa Rosa County",2,66,2204,1049,1155
050,12,113,"Florida","Santa Rosa County",2,67,2110,1020,1090
050,12,113,"Florida","Santa Rosa County",2,68,2083,1011,1072
050,12,113,"Florida","Santa Rosa County",2,69,1960,935,1025
050,12,113,"Florida","Santa Rosa County",2,70,1806,891,915
050,12,113,"Florida","Santa Rosa County",2,71,1772,870,902
050,12,113,"Florida","Santa Rosa County",2,72,1724,834,890
050,12,113,"Florida","Santa Rosa County",2,73,1916,942,974
050,12,113,"Florida","Santa Rosa County",2,74,1273,622,651
050,12,113,"Florida","Santa Rosa County",2,75,1206,565,641
050,12,113,"Florida","Santa Rosa County",2,76,1181,553,628
050,12,113,"Florida","Santa Rosa County",2,77,1198,565,633
050,12,113,"Florida","Santa Rosa County",2,78,1008,451,557
050,12,113,"Florida","Santa Rosa County",2,79,908,390,518
050,12,113,"Florida","Santa Rosa County",2,80,815,366,449
050,12,113,"Florida","Santa Rosa County",2,81,742,330,412
050,12,113,"Florida","Santa Rosa County",2,82,688,323,365
050,12,113,"Florida","Santa Rosa County",2,83,583,267,316
050,12,113,"Florida","Santa Rosa County",2,84,547,250,297
050,12,113,"Florida","Santa Rosa County",2,85,2468,975,1493
050,12,113,"Florida","Santa Rosa County",3,0,1883,936,947
050,12,113,"Florida","Santa Rosa County",3,1,1960,1013,947
050,12,113,"Florida","Santa Rosa County",3,2,2111,1060,1051
050,12,113,"Florida","Santa Rosa County",3,3,2171,1155,1016
050,12,113,"Florida","Santa Rosa County",3,4,2231,1128,1103
050,12,113,"Florida","Santa Rosa County",3,5,2306,1154,1152
050,12,113,"Florida","Santa Rosa County",3,6,2370,1196,1174
050,12,113,"Florida","Santa Rosa County",3,7,2330,1233,1097
050,12,113,"Florida","Santa Rosa County",3,8,2391,1272,1119
050,12,113,"Florida","Santa Rosa County",3,9,2418,1282,1136
050,12,113,"Florida","Santa Rosa County",3,10,2437,1266,1171
050,12,113,"Florida","Santa Rosa County",3,11,2406,1199,1207
050,12,113,"Florida","Santa Rosa County",3,12,2522,1249,1273
050,12,113,"Florida","Santa Rosa County",3,13,2662,1343,1319
050,12,113,"Florida","Santa Rosa County",3,14,2644,1389,1255
050,12,113,"Florida","Santa Rosa County",3,15,2626,1374,1252
050,12,113,"Florida","Santa Rosa County",3,16,2572,1309,1263
050,12,113,"Florida","Santa Rosa County",3,17,2544,1314,1230
050,12,113,"Florida","Santa Rosa County",3,18,2139,1169,970
050,12,113,"Florida","Santa Rosa County",3,19,1776,1001,775
050,12,113,"Florida","Santa Rosa County",3,20,1923,1057,866
050,12,113,"Florida","Santa Rosa County",3,21,1989,1099,890
050,12,113,"Florida","Santa Rosa County",3,22,2126,1189,937
050,12,113,"Florida","Santa Rosa County",3,23,2275,1299,976
050,12,113,"Florida","Santa Rosa County",3,24,2416,1377,1039
050,12,113,"Florida","Santa Rosa County",3,25,2422,1377,1045
050,12,113,"Florida","Santa Rosa County",3,26,2400,1367,1033
050,12,113,"Florida","Santa Rosa County",3,27,2452,1381,1071
050,12,113,"Florida","Santa Rosa County",3,28,2509,1383,1126
050,12,113,"Florida","Santa Rosa County",3,29,2637,1446,1191
050,12,113,"Florida","Santa Rosa County",3,30,2695,1474,1221
050,12,113,"Florida","Santa Rosa County",3,31,2774,1492,1282
050,12,113,"Florida","Santa Rosa County",3,32,2737,1482,1255
050,12,113,"Florida","Santa Rosa County",3,33,2697,1405,1292
050,12,113,"Florida","Santa Rosa County",3,34,2727,1447,1280
050,12,113,"Florida","Santa Rosa County",3,35,2774,1489,1285
050,12,113,"Florida","Santa Rosa County",3,36,2754,1428,1326
050,12,113,"Florida","Santa Rosa County",3,37,2685,1428,1257
050,12,113,"Florida","Santa Rosa County",3,38,2788,1438,1350
050,12,113,"Florida","Santa Rosa County",3,39,2701,1404,1297
050,12,113,"Florida","Santa Rosa County",3,40,2711,1399,1312
050,12,113,"Florida","Santa Rosa County",3,41,2657,1383,1274
050,12,113,"Florida","Santa Rosa County",3,42,2591,1378,1213
050,12,113,"Florida","Santa Rosa County",3,43,2472,1288,1184
050,12,113,"Florida","Santa Rosa County",3,44,2484,1257,1227
050,12,113,"Florida","Santa Rosa County",3,45,2334,1218,1116
050,12,113,"Florida","Santa Rosa County",3,46,2380,1233,1147
050,12,113,"Florida","Santa Rosa County",3,47,2334,1202,1132
050,12,113,"Florida","Santa Rosa County",3,48,2374,1227,1147
050,12,113,"Florida","Santa Rosa County",3,49,2552,1280,1272
050,12,113,"Florida","Santa Rosa County",3,50,2716,1353,1363
050,12,113,"Florida","Santa Rosa County",3,51,2602,1331,1271
050,12,113,"Florida","Santa Rosa County",3,52,2517,1313,1204
050,12,113,"Florida","Santa Rosa County",3,53,2416,1210,1206
050,12,113,"Florida","Santa Rosa County",3,54,2431,1215,1216
050,12,113,"Florida","Santa Rosa County",3,55,2519,1261,1258
050,12,113,"Florida","Santa Rosa County",3,56,2756,1355,1401
050,12,113,"Florida","Santa Rosa County",3,57,2868,1421,1447
050,12,113,"Florida","Santa Rosa County",3,58,2878,1445,1433
050,12,113,"Florida","Santa Rosa County",3,59,2911,1432,1479
050,12,113,"Florida","Santa Rosa County",3,60,2881,1437,1444
050,12,113,"Florida","Santa Rosa County",3,61,2820,1388,1432
050,12,113,"Florida","Santa Rosa County",3,62,2697,1314,1383
050,12,113,"Florida","Santa Rosa County",3,63,2604,1280,1324
050,12,113,"Florida","Santa Rosa County",3,64,2513,1232,1281
050,12,113,"Florida","Santa Rosa County",3,65,2443,1190,1253
050,12,113,"Florida","Santa Rosa County",3,66,2301,1080,1221
050,12,113,"Florida","Santa Rosa County",3,67,2201,1061,1140
050,12,113,"Florida","Santa Rosa County",3,68,2092,996,1096
050,12,113,"Florida","Santa Rosa County",3,69,2081,1004,1077
050,12,113,"Florida","Santa Rosa County",3,70,1945,921,1024
050,12,113,"Florida","Santa Rosa County",3,71,1807,897,910
050,12,113,"Florida","Santa Rosa County",3,72,1732,837,895
050,12,113,"Florida","Santa Rosa County",3,73,1698,821,877
050,12,113,"Florida","Santa Rosa County",3,74,1853,904,949
050,12,113,"Florida","Santa Rosa County",3,75,1227,592,635
050,12,113,"Florida","Santa Rosa County",3,76,1153,535,618
050,12,113,"Florida","Santa Rosa County",3,77,1153,526,627
050,12,113,"Florida","Santa Rosa County",3,78,1127,530,597
050,12,113,"Florida","Santa Rosa County",3,79,958,414,544
050,12,113,"Florida","Santa Rosa County",3,80,838,353,485
050,12,113,"Florida","Santa Rosa County",3,81,769,349,420
050,12,113,"Florida","Santa Rosa County",3,82,685,286,399
050,12,113,"Florida","Santa Rosa County",3,83,612,280,332
050,12,113,"Florida","Santa Rosa County",3,84,551,257,294
050,12,113,"Florida","Santa Rosa County",3,85,2526,1025,1501
050,12,113,"Florida","Santa Rosa County",4,0,2031,1004,1027
050,12,113,"Florida","Santa Rosa County",4,1,1948,1001,947
050,12,113,"Florida","Santa Rosa County",4,2,2074,1045,1029
050,12,113,"Florida","Santa Rosa County",4,3,2224,1113,1111
050,12,113,"Florida","Santa Rosa County",4,4,2203,1176,1027
050,12,113,"Florida","Santa Rosa County",4,5,2278,1148,1130
050,12,113,"Florida","Santa Rosa County",4,6,2366,1181,1185
050,12,113,"Florida","Santa Rosa County",4,7,2456,1253,1203
050,12,113,"Florida","Santa Rosa County",4,8,2429,1282,1147
050,12,113,"Florida","Santa Rosa County",4,9,2480,1307,1173
050,12,113,"Florida","Santa Rosa County",4,10,2542,1339,1203
050,12,113,"Florida","Santa Rosa County",4,11,2484,1297,1187
050,12,113,"Florida","Santa Rosa County",4,12,2546,1277,1269
050,12,113,"Florida","Santa Rosa County",4,13,2601,1322,1279
050,12,113,"Florida","Santa Rosa County",4,14,2801,1410,1391
050,12,113,"Florida","Santa Rosa County",4,15,2750,1445,1305
050,12,113,"Florida","Santa Rosa County",4,16,2689,1403,1286
050,12,113,"Florida","Santa Rosa County",4,17,2625,1343,1282
050,12,113,"Florida","Santa Rosa County",4,18,2254,1221,1033
050,12,113,"Florida","Santa Rosa County",4,19,1745,1006,739
050,12,113,"Florida","Santa Rosa County",4,20,1883,1055,828
050,12,113,"Florida","Santa Rosa County",4,21,2009,1109,900
050,12,113,"Florida","Santa Rosa County",4,22,2095,1130,965
050,12,113,"Florida","Santa Rosa County",4,23,2265,1286,979
050,12,113,"Florida","Santa Rosa County",4,24,2477,1436,1041
050,12,113,"Florida","Santa Rosa County",4,25,2510,1443,1067
050,12,113,"Florida","Santa Rosa County",4,26,2434,1360,1074
050,12,113,"Florida","Santa Rosa County",4,27,2454,1382,1072
050,12,113,"Florida","Santa Rosa County",4,28,2505,1344,1161
050,12,113,"Florida","Santa Rosa County",4,29,2579,1410,1169
050,12,113,"Florida","Santa Rosa County",4,30,2661,1450,1211
050,12,113,"Florida","Santa Rosa County",4,31,2808,1552,1256
050,12,113,"Florida","Santa Rosa County",4,32,2802,1459,1343
050,12,113,"Florida","Santa Rosa County",4,33,2774,1501,1273
050,12,113,"Florida","Santa Rosa County",4,34,2815,1467,1348
050,12,113,"Florida","Santa Rosa County",4,35,2805,1494,1311
050,12,113,"Florida","Santa Rosa County",4,36,2873,1512,1361
050,12,113,"Florida","Santa Rosa County",4,37,2860,1491,1369
050,12,113,"Florida","Santa Rosa County",4,38,2770,1456,1314
050,12,113,"Florida","Santa Rosa County",4,39,2827,1438,1389
050,12,113,"Florida","Santa Rosa County",4,40,2760,1416,1344
050,12,113,"Florida","Santa Rosa County",4,41,2850,1481,1369
050,12,113,"Florida","Santa Rosa County",4,42,2765,1430,1335
050,12,113,"Florida","Santa Rosa County",4,43,2659,1396,1263
050,12,113,"Florida","Santa Rosa County",4,44,2540,1332,1208
050,12,113,"Florida","Santa Rosa County",4,45,2544,1287,1257
050,12,113,"Florida","Santa Rosa County",4,46,2380,1226,1154
050,12,113,"Florida","Santa Rosa County",4,47,2423,1243,1180
050,12,113,"Florida","Santa Rosa County",4,48,2373,1229,1144
050,12,113,"Florida","Santa Rosa County",4,49,2434,1263,1171
050,12,113,"Florida","Santa Rosa County",4,50,2595,1280,1315
050,12,113,"Florida","Santa Rosa County",4,51,2767,1370,1397
050,12,113,"Florida","Santa Rosa County",4,52,2674,1362,1312
050,12,113,"Florida","Santa Rosa County",4,53,2565,1323,1242
050,12,113,"Florida","Santa Rosa County",4,54,2418,1203,1215
050,12,113,"Florida","Santa Rosa County",4,55,2447,1222,1225
050,12,113,"Florida","Santa Rosa County",4,56,2582,1283,1299
050,12,113,"Florida","Santa Rosa County",4,57,2752,1346,1406
050,12,113,"Florida","Santa Rosa County",4,58,2885,1421,1464
050,12,113,"Florida","Santa Rosa County",4,59,2924,1474,1450
050,12,113,"Florida","Santa Rosa County",4,60,2923,1433,1490
050,12,113,"Florida","Santa Rosa County",4,61,2925,1453,1472
050,12,113,"Florida","Santa Rosa County",4,62,2846,1396,1450
050,12,113,"Florida","Santa Rosa County",4,63,2763,1350,1413
050,12,113,"Florida","Santa Rosa County",4,64,2622,1291,1331
050,12,113,"Florida","Santa Rosa County",4,65,2537,1244,1293
050,12,113,"Florida","Santa Rosa County",4,66,2473,1193,1280
050,12,113,"Florida","Santa Rosa County",4,67,2318,1078,1240
050,12,113,"Florida","Santa Rosa County",4,68,2202,1069,1133
050,12,113,"Florida","Santa Rosa County",4,69,2079,1005,1074
050,12,113,"Florida","Santa Rosa County",4,70,2066,993,1073
050,12,113,"Florida","Santa Rosa County",4,71,1893,889,1004
050,12,113,"Florida","Santa Rosa County",4,72,1748,861,887
050,12,113,"Florida","Santa Rosa County",4,73,1711,822,889
050,12,113,"Florida","Santa Rosa County",4,74,1634,790,844
050,12,113,"Florida","Santa Rosa County",4,75,1795,865,930
050,12,113,"Florida","Santa Rosa County",4,76,1180,563,617
050,12,113,"Florida","Santa Rosa County",4,77,1102,495,607
050,12,113,"Florida","Santa Rosa County",4,78,1097,501,596
050,12,113,"Florida","Santa Rosa County",4,79,1043,474,569
050,12,113,"Florida","Santa Rosa County",4,80,893,388,505
050,12,113,"Florida","Santa Rosa County",4,81,791,328,463
050,12,113,"Florida","Santa Rosa County",4,82,739,330,409
050,12,113,"Florida","Santa Rosa County",4,83,620,251,369
050,12,113,"Florida","Santa Rosa County",4,84,573,260,313
050,12,113,"Florida","Santa Rosa County",4,85,2557,1052,1505
050,12,113,"Florida","Santa Rosa County",5,0,2049,1008,1041
050,12,113,"Florida","Santa Rosa County",5,1,2070,1021,1049
050,12,113,"Florida","Santa Rosa County",5,2,2024,1014,1010
050,12,113,"Florida","Santa Rosa County",5,3,2168,1096,1072
050,12,113,"Florida","Santa Rosa County",5,4,2316,1161,1155
050,12,113,"Florida","Santa Rosa County",5,5,2309,1222,1087
050,12,113,"Florida","Santa Rosa County",5,6,2336,1181,1155
050,12,113,"Florida","Santa Rosa County",5,7,2468,1227,1241
050,12,113,"Florida","Santa Rosa County",5,8,2582,1323,1259
050,12,113,"Florida","Santa Rosa County",5,9,2498,1340,1158
050,12,113,"Florida","Santa Rosa County",5,10,2573,1361,1212
050,12,113,"Florida","Santa Rosa County",5,11,2624,1396,1228
050,12,113,"Florida","Santa Rosa County",5,12,2579,1361,1218
050,12,113,"Florida","Santa Rosa County",5,13,2657,1343,1314
050,12,113,"Florida","Santa Rosa County",5,14,2661,1350,1311
050,12,113,"Florida","Santa Rosa County",5,15,2863,1434,1429
050,12,113,"Florida","Santa Rosa County",5,16,2789,1470,1319
050,12,113,"Florida","Santa Rosa County",5,17,2767,1450,1317
050,12,113,"Florida","Santa Rosa County",5,18,2278,1221,1057
050,12,113,"Florida","Santa Rosa County",5,19,1872,1041,831
050,12,113,"Florida","Santa Rosa County",5,20,1910,1104,806
050,12,113,"Florida","Santa Rosa County",5,21,2051,1139,912
050,12,113,"Florida","Santa Rosa County",5,22,2221,1222,999
050,12,113,"Florida","Santa Rosa County",5,23,2313,1273,1040
050,12,113,"Florida","Santa Rosa County",5,24,2492,1449,1043
050,12,113,"Florida","Santa Rosa County",5,25,2540,1476,1064
050,12,113,"Florida","Santa Rosa County",5,26,2379,1337,1042
050,12,113,"Florida","Santa Rosa County",5,27,2415,1340,1075
050,12,113,"Florida","Santa Rosa County",5,28,2464,1344,1120
050,12,113,"Florida","Santa Rosa County",5,29,2631,1416,1215
050,12,113,"Florida","Santa Rosa County",5,30,2697,1437,1260
050,12,113,"Florida","Santa Rosa County",5,31,2693,1462,1231
050,12,113,"Florida","Santa Rosa County",5,32,2801,1543,1258
050,12,113,"Florida","Santa Rosa County",5,33,2948,1522,1426
050,12,113,"Florida","Santa Rosa County",5,34,2852,1498,1354
050,12,113,"Florida","Santa Rosa County",5,35,2894,1526,1368
050,12,113,"Florida","Santa Rosa County",5,36,2867,1504,1363
050,12,113,"Florida","Santa Rosa County",5,37,2983,1569,1414
050,12,113,"Florida","Santa Rosa County",5,38,2954,1520,1434
050,12,113,"Florida","Santa Rosa County",5,39,2881,1523,1358
050,12,113,"Florida","Santa Rosa County",5,40,2888,1448,1440
050,12,113,"Florida","Santa Rosa County",5,41,2859,1461,1398
050,12,113,"Florida","Santa Rosa County",5,42,2949,1533,1416
050,12,113,"Florida","Santa Rosa County",5,43,2772,1410,1362
050,12,113,"Florida","Santa Rosa County",5,44,2740,1449,1291
050,12,113,"Florida","Santa Rosa County",5,45,2618,1369,1249
050,12,113,"Florida","Santa Rosa County",5,46,2615,1312,1303
050,12,113,"Florida","Santa Rosa County",5,47,2389,1204,1185
050,12,113,"Florida","Santa Rosa County",5,48,2495,1295,1200
050,12,113,"Florida","Santa Rosa County",5,49,2450,1254,1196
050,12,113,"Florida","Santa Rosa County",5,50,2494,1288,1206
050,12,113,"Florida","Santa Rosa County",5,51,2684,1333,1351
050,12,113,"Florida","Santa Rosa County",5,52,2800,1393,1407
050,12,113,"Florida","Santa Rosa County",5,53,2715,1380,1335
050,12,113,"Florida","Santa Rosa County",5,54,2593,1360,1233
050,12,113,"Florida","Santa Rosa County",5,55,2490,1230,1260
050,12,113,"Florida","Santa Rosa County",5,56,2553,1276,1277
050,12,113,"Florida","Santa Rosa County",5,57,2621,1307,1314
050,12,113,"Florida","Santa Rosa County",5,58,2809,1372,1437
050,12,113,"Florida","Santa Rosa County",5,59,2945,1446,1499
050,12,113,"Florida","Santa Rosa County",5,60,2979,1480,1499
050,12,113,"Florida","Santa Rosa County",5,61,3010,1476,1534
050,12,113,"Florida","Santa Rosa County",5,62,2960,1475,1485
050,12,113,"Florida","Santa Rosa County",5,63,2866,1395,1471
050,12,113,"Florida","Santa Rosa County",5,64,2789,1353,1436
050,12,113,"Florida","Santa Rosa County",5,65,2653,1304,1349
050,12,113,"Florida","Santa Rosa County",5,66,2598,1276,1322
050,12,113,"Florida","Santa Rosa County",5,67,2503,1209,1294
050,12,113,"Florida","Santa Rosa County",5,68,2308,1075,1233
050,12,113,"Florida","Santa Rosa County",5,69,2167,1045,1122
050,12,113,"Florida","Santa Rosa County",5,70,2058,990,1068
050,12,113,"Florida","Santa Rosa County",5,71,2023,968,1055
050,12,113,"Florida","Santa Rosa County",5,72,1848,858,990
050,12,113,"Florida","Santa Rosa County",5,73,1723,838,885
050,12,113,"Florida","Santa Rosa County",5,74,1656,787,869
050,12,113,"Florida","Santa Rosa County",5,75,1574,759,815
050,12,113,"Florida","Santa Rosa County",5,76,1722,829,893
050,12,113,"Florida","Santa Rosa County",5,77,1141,524,617
050,12,113,"Florida","Santa Rosa County",5,78,1040,464,576
050,12,113,"Florida","Santa Rosa County",5,79,1053,475,578
050,12,113,"Florida","Santa Rosa County",5,80,986,445,541
050,12,113,"Florida","Santa Rosa County",5,81,853,353,500
050,12,113,"Florida","Santa Rosa County",5,82,763,312,451
050,12,113,"Florida","Santa Rosa County",5,83,659,281,378
050,12,113,"Florida","Santa Rosa County",5,84,585,236,349
050,12,113,"Florida","Santa Rosa County",5,85,2697,1138,1559
050,12,115,"Florida","Sarasota County",1,0,2846,1457,1389
050,12,115,"Florida","Sarasota County",1,1,2834,1460,1374
050,12,115,"Florida","Sarasota County",1,2,2873,1463,1410
050,12,115,"Florida","Sarasota County",1,3,3042,1555,1487
050,12,115,"Florida","Sarasota County",1,4,3201,1625,1576
050,12,115,"Florida","Sarasota County",1,5,3187,1625,1562
050,12,115,"Florida","Sarasota County",1,6,3246,1644,1602
050,12,115,"Florida","Sarasota County",1,7,3239,1661,1578
050,12,115,"Florida","Sarasota County",1,8,3366,1726,1640
050,12,115,"Florida","Sarasota County",1,9,3424,1768,1656
050,12,115,"Florida","Sarasota County",1,10,3515,1839,1676
050,12,115,"Florida","Sarasota County",1,11,3666,1939,1727
050,12,115,"Florida","Sarasota County",1,12,3799,1995,1804
050,12,115,"Florida","Sarasota County",1,13,3878,2023,1855
050,12,115,"Florida","Sarasota County",1,14,3847,1999,1848
050,12,115,"Florida","Sarasota County",1,15,3875,1997,1878
050,12,115,"Florida","Sarasota County",1,16,4010,2014,1996
050,12,115,"Florida","Sarasota County",1,17,3880,1986,1894
050,12,115,"Florida","Sarasota County",1,18,3590,1862,1728
050,12,115,"Florida","Sarasota County",1,19,3270,1698,1572
050,12,115,"Florida","Sarasota County",1,20,3368,1706,1662
050,12,115,"Florida","Sarasota County",1,21,3333,1675,1658
050,12,115,"Florida","Sarasota County",1,22,3356,1653,1703
050,12,115,"Florida","Sarasota County",1,23,3357,1689,1668
050,12,115,"Florida","Sarasota County",1,24,3350,1710,1640
050,12,115,"Florida","Sarasota County",1,25,3497,1775,1722
050,12,115,"Florida","Sarasota County",1,26,3564,1819,1745
050,12,115,"Florida","Sarasota County",1,27,3650,1869,1781
050,12,115,"Florida","Sarasota County",1,28,3602,1837,1765
050,12,115,"Florida","Sarasota County",1,29,3784,1916,1868
050,12,115,"Florida","Sarasota County",1,30,3733,1918,1815
050,12,115,"Florida","Sarasota County",1,31,3601,1846,1755
050,12,115,"Florida","Sarasota County",1,32,3521,1764,1757
050,12,115,"Florida","Sarasota County",1,33,3531,1766,1765
050,12,115,"Florida","Sarasota County",1,34,3573,1758,1815
050,12,115,"Florida","Sarasota County",1,35,3560,1713,1847
050,12,115,"Florida","Sarasota County",1,36,3551,1775,1776
050,12,115,"Florida","Sarasota County",1,37,3700,1828,1872
050,12,115,"Florida","Sarasota County",1,38,3700,1781,1919
050,12,115,"Florida","Sarasota County",1,39,3781,1830,1951
050,12,115,"Florida","Sarasota County",1,40,3814,1935,1879
050,12,115,"Florida","Sarasota County",1,41,3746,1847,1899
050,12,115,"Florida","Sarasota County",1,42,3648,1803,1845
050,12,115,"Florida","Sarasota County",1,43,3683,1768,1915
050,12,115,"Florida","Sarasota County",1,44,3713,1759,1954
050,12,115,"Florida","Sarasota County",1,45,3846,1848,1998
050,12,115,"Florida","Sarasota County",1,46,3923,1887,2036
050,12,115,"Florida","Sarasota County",1,47,3997,1893,2104
050,12,115,"Florida","Sarasota County",1,48,4491,2183,2308
050,12,115,"Florida","Sarasota County",1,49,5050,2416,2634
050,12,115,"Florida","Sarasota County",1,50,5015,2427,2588
050,12,115,"Florida","Sarasota County",1,51,4869,2323,2546
050,12,115,"Florida","Sarasota County",1,52,4833,2290,2543
050,12,115,"Florida","Sarasota County",1,53,5058,2407,2651
050,12,115,"Florida","Sarasota County",1,54,5294,2513,2781
050,12,115,"Florida","Sarasota County",1,55,5700,2684,3016
050,12,115,"Florida","Sarasota County",1,56,6115,2891,3224
050,12,115,"Florida","Sarasota County",1,57,6393,2954,3439
050,12,115,"Florida","Sarasota County",1,58,6760,3229,3531
050,12,115,"Florida","Sarasota County",1,59,6872,3189,3683
050,12,115,"Florida","Sarasota County",1,60,6932,3154,3778
050,12,115,"Florida","Sarasota County",1,61,7136,3258,3878
050,12,115,"Florida","Sarasota County",1,62,7388,3382,4006
050,12,115,"Florida","Sarasota County",1,63,7349,3413,3936
050,12,115,"Florida","Sarasota County",1,64,7563,3433,4130
050,12,115,"Florida","Sarasota County",1,65,7745,3555,4190
050,12,115,"Florida","Sarasota County",1,66,8047,3617,4430
050,12,115,"Florida","Sarasota County",1,67,8209,3712,4497
050,12,115,"Florida","Sarasota County",1,68,8271,3807,4464
050,12,115,"Florida","Sarasota County",1,69,8012,3699,4313
050,12,115,"Florida","Sarasota County",1,70,8236,3774,4462
050,12,115,"Florida","Sarasota County",1,71,8316,3792,4524
050,12,115,"Florida","Sarasota County",1,72,8869,4203,4666
050,12,115,"Florida","Sarasota County",1,73,9428,4551,4877
050,12,115,"Florida","Sarasota County",1,74,6753,3186,3567
050,12,115,"Florida","Sarasota County",1,75,6931,3233,3698
050,12,115,"Florida","Sarasota County",1,76,7219,3373,3846
050,12,115,"Florida","Sarasota County",1,77,7252,3473,3779
050,12,115,"Florida","Sarasota County",1,78,6186,2918,3268
050,12,115,"Florida","Sarasota County",1,79,5567,2590,2977
050,12,115,"Florida","Sarasota County",1,80,5068,2387,2681
050,12,115,"Florida","Sarasota County",1,81,4867,2329,2538
050,12,115,"Florida","Sarasota County",1,82,4500,2165,2335
050,12,115,"Florida","Sarasota County",1,83,4103,1934,2169
050,12,115,"Florida","Sarasota County",1,84,3717,1713,2004
050,12,115,"Florida","Sarasota County",1,85,23826,10120,13706
050,12,115,"Florida","Sarasota County",2,0,2817,1469,1348
050,12,115,"Florida","Sarasota County",2,1,2830,1450,1380
050,12,115,"Florida","Sarasota County",2,2,2870,1461,1409
050,12,115,"Florida","Sarasota County",2,3,3010,1538,1472
050,12,115,"Florida","Sarasota County",2,4,3190,1623,1567
050,12,115,"Florida","Sarasota County",2,5,3217,1636,1581
050,12,115,"Florida","Sarasota County",2,6,3262,1658,1604
050,12,115,"Florida","Sarasota County",2,7,3262,1672,1590
050,12,115,"Florida","Sarasota County",2,8,3344,1717,1627
050,12,115,"Florida","Sarasota County",2,9,3419,1762,1657
050,12,115,"Florida","Sarasota County",2,10,3516,1831,1685
050,12,115,"Florida","Sarasota County",2,11,3638,1917,1721
050,12,115,"Florida","Sarasota County",2,12,3803,2001,1802
050,12,115,"Florida","Sarasota County",2,13,3873,2025,1848
050,12,115,"Florida","Sarasota County",2,14,3874,2018,1856
050,12,115,"Florida","Sarasota County",2,15,3882,2004,1878
050,12,115,"Florida","Sarasota County",2,16,4003,2023,1980
050,12,115,"Florida","Sarasota County",2,17,3929,2001,1928
050,12,115,"Florida","Sarasota County",2,18,3608,1866,1742
050,12,115,"Florida","Sarasota County",2,19,3349,1732,1617
050,12,115,"Florida","Sarasota County",2,20,3478,1757,1721
050,12,115,"Florida","Sarasota County",2,21,3393,1705,1688
050,12,115,"Florida","Sarasota County",2,22,3383,1676,1707
050,12,115,"Florida","Sarasota County",2,23,3388,1704,1684
050,12,115,"Florida","Sarasota County",2,24,3356,1712,1644
050,12,115,"Florida","Sarasota County",2,25,3476,1762,1714
050,12,115,"Florida","Sarasota County",2,26,3579,1820,1759
050,12,115,"Florida","Sarasota County",2,27,3627,1856,1771
050,12,115,"Florida","Sarasota County",2,28,3633,1855,1778
050,12,115,"Florida","Sarasota County",2,29,3752,1900,1852
050,12,115,"Florida","Sarasota County",2,30,3784,1935,1849
050,12,115,"Florida","Sarasota County",2,31,3638,1867,1771
050,12,115,"Florida","Sarasota County",2,32,3546,1781,1765
050,12,115,"Florida","Sarasota County",2,33,3545,1773,1772
050,12,115,"Florida","Sarasota County",2,34,3577,1765,1812
050,12,115,"Florida","Sarasota County",2,35,3593,1737,1856
050,12,115,"Florida","Sarasota County",2,36,3548,1758,1790
050,12,115,"Florida","Sarasota County",2,37,3685,1828,1857
050,12,115,"Florida","Sarasota County",2,38,3746,1813,1933
050,12,115,"Florida","Sarasota County",2,39,3780,1826,1954
050,12,115,"Florida","Sarasota County",2,40,3860,1932,1928
050,12,115,"Florida","Sarasota County",2,41,3779,1872,1907
050,12,115,"Florida","Sarasota County",2,42,3678,1817,1861
050,12,115,"Florida","Sarasota County",2,43,3724,1806,1918
050,12,115,"Florida","Sarasota County",2,44,3698,1757,1941
050,12,115,"Florida","Sarasota County",2,45,3858,1844,2014
050,12,115,"Florida","Sarasota County",2,46,3912,1876,2036
050,12,115,"Florida","Sarasota County",2,47,3996,1900,2096
050,12,115,"Florida","Sarasota County",2,48,4405,2127,2278
050,12,115,"Florida","Sarasota County",2,49,4978,2389,2589
050,12,115,"Florida","Sarasota County",2,50,5070,2441,2629
050,12,115,"Florida","Sarasota County",2,51,4922,2354,2568
050,12,115,"Florida","Sarasota County",2,52,4877,2309,2568
050,12,115,"Florida","Sarasota County",2,53,5036,2393,2643
050,12,115,"Florida","Sarasota County",2,54,5277,2506,2771
050,12,115,"Florida","Sarasota County",2,55,5663,2670,2993
050,12,115,"Florida","Sarasota County",2,56,6099,2877,3222
050,12,115,"Florida","Sarasota County",2,57,6411,2981,3430
050,12,115,"Florida","Sarasota County",2,58,6740,3194,3546
050,12,115,"Florida","Sarasota County",2,59,6954,3250,3704
050,12,115,"Florida","Sarasota County",2,60,6982,3192,3790
050,12,115,"Florida","Sarasota County",2,61,7166,3271,3895
050,12,115,"Florida","Sarasota County",2,62,7420,3392,4028
050,12,115,"Florida","Sarasota County",2,63,7542,3490,4052
050,12,115,"Florida","Sarasota County",2,64,7573,3459,4114
050,12,115,"Florida","Sarasota County",2,65,7798,3567,4231
050,12,115,"Florida","Sarasota County",2,66,8077,3646,4431
050,12,115,"Florida","Sarasota County",2,67,8239,3719,4520
050,12,115,"Florida","Sarasota County",2,68,8263,3789,4474
050,12,115,"Florida","Sarasota County",2,69,8210,3787,4423
050,12,115,"Florida","Sarasota County",2,70,8225,3771,4454
050,12,115,"Florida","Sarasota County",2,71,8372,3830,4542
050,12,115,"Florida","Sarasota County",2,72,8637,4057,4580
050,12,115,"Florida","Sarasota County",2,73,9808,4717,5091
050,12,115,"Florida","Sarasota County",2,74,6949,3302,3647
050,12,115,"Florida","Sarasota County",2,75,6913,3236,3677
050,12,115,"Florida","Sarasota County",2,76,7078,3308,3770
050,12,115,"Florida","Sarasota County",2,77,7425,3535,3890
050,12,115,"Florida","Sarasota County",2,78,6321,2987,3334
050,12,115,"Florida","Sarasota County",2,79,5663,2644,3019
050,12,115,"Florida","Sarasota County",2,80,5157,2411,2746
050,12,115,"Florida","Sarasota County",2,81,4864,2316,2548
050,12,115,"Florida","Sarasota County",2,82,4578,2198,2380
050,12,115,"Florida","Sarasota County",2,83,4134,1952,2182
050,12,115,"Florida","Sarasota County",2,84,3740,1730,2010
050,12,115,"Florida","Sarasota County",2,85,23963,10206,13757
050,12,115,"Florida","Sarasota County",3,0,2731,1440,1291
050,12,115,"Florida","Sarasota County",3,1,2925,1540,1385
050,12,115,"Florida","Sarasota County",3,2,2940,1493,1447
050,12,115,"Florida","Sarasota County",3,3,3059,1536,1523
050,12,115,"Florida","Sarasota County",3,4,3114,1606,1508
050,12,115,"Florida","Sarasota County",3,5,3288,1663,1625
050,12,115,"Florida","Sarasota County",3,6,3340,1713,1627
050,12,115,"Florida","Sarasota County",3,7,3387,1705,1682
050,12,115,"Florida","Sarasota County",3,8,3364,1702,1662
050,12,115,"Florida","Sarasota County",3,9,3499,1782,1717
050,12,115,"Florida","Sarasota County",3,10,3556,1840,1716
050,12,115,"Florida","Sarasota County",3,11,3635,1911,1724
050,12,115,"Florida","Sarasota County",3,12,3785,1981,1804
050,12,115,"Florida","Sarasota County",3,13,3897,2055,1842
050,12,115,"Florida","Sarasota County",3,14,3964,2082,1882
050,12,115,"Florida","Sarasota County",3,15,4017,2098,1919
050,12,115,"Florida","Sarasota County",3,16,4004,2068,1936
050,12,115,"Florida","Sarasota County",3,17,4072,2061,2011
050,12,115,"Florida","Sarasota County",3,18,3724,1907,1817
050,12,115,"Florida","Sarasota County",3,19,3458,1757,1701
050,12,115,"Florida","Sarasota County",3,20,3659,1845,1814
050,12,115,"Florida","Sarasota County",3,21,3646,1843,1803
050,12,115,"Florida","Sarasota County",3,22,3571,1802,1769
050,12,115,"Florida","Sarasota County",3,23,3604,1821,1783
050,12,115,"Florida","Sarasota County",3,24,3584,1807,1777
050,12,115,"Florida","Sarasota County",3,25,3477,1799,1678
050,12,115,"Florida","Sarasota County",3,26,3575,1812,1763
050,12,115,"Florida","Sarasota County",3,27,3668,1870,1798
050,12,115,"Florida","Sarasota County",3,28,3754,1952,1802
050,12,115,"Florida","Sarasota County",3,29,3780,1927,1853
050,12,115,"Florida","Sarasota County",3,30,3842,1923,1919
050,12,115,"Florida","Sarasota County",3,31,3982,2063,1919
050,12,115,"Florida","Sarasota County",3,32,3821,1937,1884
050,12,115,"Florida","Sarasota County",3,33,3735,1880,1855
050,12,115,"Florida","Sarasota County",3,34,3744,1888,1856
050,12,115,"Florida","Sarasota County",3,35,3785,1840,1945
050,12,115,"Florida","Sarasota County",3,36,3798,1822,1976
050,12,115,"Florida","Sarasota County",3,37,3708,1848,1860
050,12,115,"Florida","Sarasota County",3,38,3791,1852,1939
050,12,115,"Florida","Sarasota County",3,39,3898,1868,2030
050,12,115,"Florida","Sarasota County",3,40,3946,1914,2032
050,12,115,"Florida","Sarasota County",3,41,4013,2009,2004
050,12,115,"Florida","Sarasota County",3,42,3937,1961,1976
050,12,115,"Florida","Sarasota County",3,43,3802,1875,1927
050,12,115,"Florida","Sarasota County",3,44,3924,1895,2029
050,12,115,"Florida","Sarasota County",3,45,3862,1832,2030
050,12,115,"Florida","Sarasota County",3,46,4035,1916,2119
050,12,115,"Florida","Sarasota County",3,47,4062,1958,2104
050,12,115,"Florida","Sarasota County",3,48,4162,1980,2182
050,12,115,"Florida","Sarasota County",3,49,4601,2198,2403
050,12,115,"Florida","Sarasota County",3,50,5167,2448,2719
050,12,115,"Florida","Sarasota County",3,51,5329,2562,2767
050,12,115,"Florida","Sarasota County",3,52,5102,2407,2695
050,12,115,"Florida","Sarasota County",3,53,5116,2431,2685
050,12,115,"Florida","Sarasota County",3,54,5343,2532,2811
050,12,115,"Florida","Sarasota County",3,55,5555,2599,2956
050,12,115,"Florida","Sarasota County",3,56,6018,2801,3217
050,12,115,"Florida","Sarasota County",3,57,6467,3059,3408
050,12,115,"Florida","Sarasota County",3,58,6781,3150,3631
050,12,115,"Florida","Sarasota County",3,59,7084,3361,3723
050,12,115,"Florida","Sarasota County",3,60,7370,3405,3965
050,12,115,"Florida","Sarasota County",3,61,7471,3427,4044
050,12,115,"Florida","Sarasota County",3,62,7618,3476,4142
050,12,115,"Florida","Sarasota County",3,63,7957,3633,4324
050,12,115,"Florida","Sarasota County",3,64,8034,3735,4299
050,12,115,"Florida","Sarasota County",3,65,8113,3735,4378
050,12,115,"Florida","Sarasota County",3,66,8224,3792,4432
050,12,115,"Florida","Sarasota County",3,67,8424,3824,4600
050,12,115,"Florida","Sarasota County",3,68,8426,3800,4626
050,12,115,"Florida","Sarasota County",3,69,8495,3909,4586
050,12,115,"Florida","Sarasota County",3,70,8414,3895,4519
050,12,115,"Florida","Sarasota County",3,71,8359,3846,4513
050,12,115,"Florida","Sarasota County",3,72,8456,3894,4562
050,12,115,"Florida","Sarasota County",3,73,8730,4099,4631
050,12,115,"Florida","Sarasota County",3,74,9796,4718,5078
050,12,115,"Florida","Sarasota County",3,75,6931,3323,3608
050,12,115,"Florida","Sarasota County",3,76,6893,3232,3661
050,12,115,"Florida","Sarasota County",3,77,6993,3261,3732
050,12,115,"Florida","Sarasota County",3,78,7347,3494,3853
050,12,115,"Florida","Sarasota County",3,79,6210,2928,3282
050,12,115,"Florida","Sarasota County",3,80,5490,2521,2969
050,12,115,"Florida","Sarasota County",3,81,4936,2284,2652
050,12,115,"Florida","Sarasota County",3,82,4672,2247,2425
050,12,115,"Florida","Sarasota County",3,83,4387,2085,2302
050,12,115,"Florida","Sarasota County",3,84,3843,1802,2041
050,12,115,"Florida","Sarasota County",3,85,24560,10491,14069
050,12,115,"Florida","Sarasota County",4,0,2974,1576,1398
050,12,115,"Florida","Sarasota County",4,1,2829,1501,1328
050,12,115,"Florida","Sarasota County",4,2,3050,1580,1470
050,12,115,"Florida","Sarasota County",4,3,3104,1557,1547
050,12,115,"Florida","Sarasota County",4,4,3261,1624,1637
050,12,115,"Florida","Sarasota County",4,5,3299,1700,1599
050,12,115,"Florida","Sarasota County",4,6,3496,1765,1731
050,12,115,"Florida","Sarasota County",4,7,3565,1816,1749
050,12,115,"Florida","Sarasota County",4,8,3606,1818,1788
050,12,115,"Florida","Sarasota County",4,9,3555,1798,1757
050,12,115,"Florida","Sarasota County",4,10,3626,1845,1781
050,12,115,"Florida","Sarasota County",4,11,3785,1985,1800
050,12,115,"Florida","Sarasota County",4,12,3828,2032,1796
050,12,115,"Florida","Sarasota County",4,13,3974,2066,1908
050,12,115,"Florida","Sarasota County",4,14,4102,2166,1936
050,12,115,"Florida","Sarasota County",4,15,4153,2182,1971
050,12,115,"Florida","Sarasota County",4,16,4181,2201,1980
050,12,115,"Florida","Sarasota County",4,17,4132,2116,2016
050,12,115,"Florida","Sarasota County",4,18,3905,1984,1921
050,12,115,"Florida","Sarasota County",4,19,3483,1786,1697
050,12,115,"Florida","Sarasota County",4,20,3685,1856,1829
050,12,115,"Florida","Sarasota County",4,21,3768,1903,1865
050,12,115,"Florida","Sarasota County",4,22,3724,1881,1843
050,12,115,"Florida","Sarasota County",4,23,3768,1930,1838
050,12,115,"Florida","Sarasota County",4,24,3641,1835,1806
050,12,115,"Florida","Sarasota County",4,25,3673,1859,1814
050,12,115,"Florida","Sarasota County",4,26,3577,1786,1791
050,12,115,"Florida","Sarasota County",4,27,3648,1837,1811
050,12,115,"Florida","Sarasota County",4,28,3842,1988,1854
050,12,115,"Florida","Sarasota County",4,29,3868,1990,1878
050,12,115,"Florida","Sarasota County",4,30,4024,2076,1948
050,12,115,"Florida","Sarasota County",4,31,3963,1989,1974
050,12,115,"Florida","Sarasota County",4,32,4109,2070,2039
050,12,115,"Florida","Sarasota County",4,33,3990,2024,1966
050,12,115,"Florida","Sarasota County",4,34,3903,1975,1928
050,12,115,"Florida","Sarasota County",4,35,3948,1981,1967
050,12,115,"Florida","Sarasota County",4,36,3894,1880,2014
050,12,115,"Florida","Sarasota County",4,37,4033,1957,2076
050,12,115,"Florida","Sarasota County",4,38,3898,1940,1958
050,12,115,"Florida","Sarasota County",4,39,3986,1945,2041
050,12,115,"Florida","Sarasota County",4,40,4064,1951,2113
050,12,115,"Florida","Sarasota County",4,41,4233,2050,2183
050,12,115,"Florida","Sarasota County",4,42,4168,2114,2054
050,12,115,"Florida","Sarasota County",4,43,4101,2003,2098
050,12,115,"Florida","Sarasota County",4,44,4042,1999,2043
050,12,115,"Florida","Sarasota County",4,45,4178,2040,2138
050,12,115,"Florida","Sarasota County",4,46,4058,1893,2165
050,12,115,"Florida","Sarasota County",4,47,4255,2012,2243
050,12,115,"Florida","Sarasota County",4,48,4349,2074,2275
050,12,115,"Florida","Sarasota County",4,49,4433,2125,2308
050,12,115,"Florida","Sarasota County",4,50,4838,2313,2525
050,12,115,"Florida","Sarasota County",4,51,5517,2637,2880
050,12,115,"Florida","Sarasota County",4,52,5594,2660,2934
050,12,115,"Florida","Sarasota County",4,53,5414,2572,2842
050,12,115,"Florida","Sarasota County",4,54,5440,2544,2896
050,12,115,"Florida","Sarasota County",4,55,5654,2624,3030
050,12,115,"Florida","Sarasota County",4,56,5956,2783,3173
050,12,115,"Florida","Sarasota County",4,57,6458,2988,3470
050,12,115,"Florida","Sarasota County",4,58,6921,3249,3672
050,12,115,"Florida","Sarasota County",4,59,7219,3308,3911
050,12,115,"Florida","Sarasota County",4,60,7529,3561,3968
050,12,115,"Florida","Sarasota County",4,61,7845,3626,4219
050,12,115,"Florida","Sarasota County",4,62,7885,3604,4281
050,12,115,"Florida","Sarasota County",4,63,8172,3740,4432
050,12,115,"Florida","Sarasota County",4,64,8400,3854,4546
050,12,115,"Florida","Sarasota County",4,65,8512,3974,4538
050,12,115,"Florida","Sarasota County",4,66,8474,3920,4554
050,12,115,"Florida","Sarasota County",4,67,8561,3963,4598
050,12,115,"Florida","Sarasota County",4,68,8699,3933,4766
050,12,115,"Florida","Sarasota County",4,69,8686,3945,4741
050,12,115,"Florida","Sarasota County",4,70,8725,4005,4720
050,12,115,"Florida","Sarasota County",4,71,8559,3972,4587
050,12,115,"Florida","Sarasota County",4,72,8472,3901,4571
050,12,115,"Florida","Sarasota County",4,73,8536,3918,4618
050,12,115,"Florida","Sarasota County",4,74,8740,4116,4624
050,12,115,"Florida","Sarasota County",4,75,9779,4735,5044
050,12,115,"Florida","Sarasota County",4,76,6888,3290,3598
050,12,115,"Florida","Sarasota County",4,77,6811,3178,3633
050,12,115,"Florida","Sarasota County",4,78,6906,3200,3706
050,12,115,"Florida","Sarasota County",4,79,7195,3423,3772
050,12,115,"Florida","Sarasota County",4,80,6016,2817,3199
050,12,115,"Florida","Sarasota County",4,81,5267,2413,2854
050,12,115,"Florida","Sarasota County",4,82,4681,2174,2507
050,12,115,"Florida","Sarasota County",4,83,4452,2082,2370
050,12,115,"Florida","Sarasota County",4,84,4026,1877,2149
050,12,115,"Florida","Sarasota County",4,85,24994,10754,14240
050,12,115,"Florida","Sarasota County",5,0,3009,1597,1412
050,12,115,"Florida","Sarasota County",5,1,3075,1629,1446
050,12,115,"Florida","Sarasota County",5,2,2885,1543,1342
050,12,115,"Florida","Sarasota County",5,3,3165,1643,1522
050,12,115,"Florida","Sarasota County",5,4,3242,1620,1622
050,12,115,"Florida","Sarasota County",5,5,3296,1664,1632
050,12,115,"Florida","Sarasota County",5,6,3417,1752,1665
050,12,115,"Florida","Sarasota County",5,7,3592,1841,1751
050,12,115,"Florida","Sarasota County",5,8,3667,1862,1805
050,12,115,"Florida","Sarasota County",5,9,3724,1894,1830
050,12,115,"Florida","Sarasota County",5,10,3678,1891,1787
050,12,115,"Florida","Sarasota County",5,11,3784,1927,1857
050,12,115,"Florida","Sarasota County",5,12,3852,2018,1834
050,12,115,"Florida","Sarasota County",5,13,3921,2077,1844
050,12,115,"Florida","Sarasota County",5,14,4056,2122,1934
050,12,115,"Florida","Sarasota County",5,15,4225,2239,1986
050,12,115,"Florida","Sarasota County",5,16,4277,2234,2043
050,12,115,"Florida","Sarasota County",5,17,4275,2249,2026
050,12,115,"Florida","Sarasota County",5,18,3833,1980,1853
050,12,115,"Florida","Sarasota County",5,19,3583,1837,1746
050,12,115,"Florida","Sarasota County",5,20,3714,1862,1852
050,12,115,"Florida","Sarasota County",5,21,3778,1916,1862
050,12,115,"Florida","Sarasota County",5,22,3819,1919,1900
050,12,115,"Florida","Sarasota County",5,23,3878,1938,1940
050,12,115,"Florida","Sarasota County",5,24,3750,1945,1805
050,12,115,"Florida","Sarasota County",5,25,3682,1882,1800
050,12,115,"Florida","Sarasota County",5,26,3721,1908,1813
050,12,115,"Florida","Sarasota County",5,27,3554,1784,1770
050,12,115,"Florida","Sarasota County",5,28,3694,1860,1834
050,12,115,"Florida","Sarasota County",5,29,3828,1949,1879
050,12,115,"Florida","Sarasota County",5,30,3922,2008,1914
050,12,115,"Florida","Sarasota County",5,31,4023,2029,1994
050,12,115,"Florida","Sarasota County",5,32,4056,2010,2046
050,12,115,"Florida","Sarasota County",5,33,4214,2116,2098
050,12,115,"Florida","Sarasota County",5,34,4086,2060,2026
050,12,115,"Florida","Sarasota County",5,35,4008,1987,2021
050,12,115,"Florida","Sarasota County",5,36,4083,2036,2047
050,12,115,"Florida","Sarasota County",5,37,4046,1981,2065
050,12,115,"Florida","Sarasota County",5,38,4090,1969,2121
050,12,115,"Florida","Sarasota County",5,39,4027,1963,2064
050,12,115,"Florida","Sarasota County",5,40,4087,1979,2108
050,12,115,"Florida","Sarasota County",5,41,4139,1988,2151
050,12,115,"Florida","Sarasota County",5,42,4341,2094,2247
050,12,115,"Florida","Sarasota County",5,43,4291,2140,2151
050,12,115,"Florida","Sarasota County",5,44,4246,2073,2173
050,12,115,"Florida","Sarasota County",5,45,4198,2110,2088
050,12,115,"Florida","Sarasota County",5,46,4293,2093,2200
050,12,115,"Florida","Sarasota County",5,47,4201,1945,2256
050,12,115,"Florida","Sarasota County",5,48,4434,2110,2324
050,12,115,"Florida","Sarasota County",5,49,4476,2164,2312
050,12,115,"Florida","Sarasota County",5,50,4531,2169,2362
050,12,115,"Florida","Sarasota County",5,51,5030,2402,2628
050,12,115,"Florida","Sarasota County",5,52,5701,2728,2973
050,12,115,"Florida","Sarasota County",5,53,5798,2745,3053
050,12,115,"Florida","Sarasota County",5,54,5646,2696,2950
050,12,115,"Florida","Sarasota County",5,55,5622,2588,3034
050,12,115,"Florida","Sarasota County",5,56,5981,2749,3232
050,12,115,"Florida","Sarasota County",5,57,6266,2910,3356
050,12,115,"Florida","Sarasota County",5,58,6707,3110,3597
050,12,115,"Florida","Sarasota County",5,59,7199,3406,3793
050,12,115,"Florida","Sarasota County",5,60,7491,3438,4053
050,12,115,"Florida","Sarasota County",5,61,7867,3721,4146
050,12,115,"Florida","Sarasota County",5,62,8154,3770,4384
050,12,115,"Florida","Sarasota County",5,63,8188,3759,4429
050,12,115,"Florida","Sarasota County",5,64,8430,3857,4573
050,12,115,"Florida","Sarasota County",5,65,8655,3964,4691
050,12,115,"Florida","Sarasota County",5,66,8640,4051,4589
050,12,115,"Florida","Sarasota County",5,67,8640,4005,4635
050,12,115,"Florida","Sarasota County",5,68,8620,3964,4656
050,12,115,"Florida","Sarasota County",5,69,8762,3967,4795
050,12,115,"Florida","Sarasota County",5,70,8758,4014,4744
050,12,115,"Florida","Sarasota County",5,71,8750,4034,4716
050,12,115,"Florida","Sarasota County",5,72,8551,3954,4597
050,12,115,"Florida","Sarasota County",5,73,8471,3889,4582
050,12,115,"Florida","Sarasota County",5,74,8445,3868,4577
050,12,115,"Florida","Sarasota County",5,75,8675,4061,4614
050,12,115,"Florida","Sarasota County",5,76,9664,4667,4997
050,12,115,"Florida","Sarasota County",5,77,6725,3209,3516
050,12,115,"Florida","Sarasota County",5,78,6709,3116,3593
050,12,115,"Florida","Sarasota County",5,79,6775,3147,3628
050,12,115,"Florida","Sarasota County",5,80,7010,3351,3659
050,12,115,"Florida","Sarasota County",5,81,5783,2698,3085
050,12,115,"Florida","Sarasota County",5,82,5023,2318,2705
050,12,115,"Florida","Sarasota County",5,83,4549,2081,2468
050,12,115,"Florida","Sarasota County",5,84,4154,1931,2223
050,12,115,"Florida","Sarasota County",5,85,25808,11294,14514
050,12,117,"Florida","Seminole County",1,0,4539,2319,2220
050,12,117,"Florida","Seminole County",1,1,4654,2412,2242
050,12,117,"Florida","Seminole County",1,2,4808,2467,2341
050,12,117,"Florida","Seminole County",1,3,4965,2571,2394
050,12,117,"Florida","Seminole County",1,4,5111,2617,2494
050,12,117,"Florida","Seminole County",1,5,5240,2707,2533
050,12,117,"Florida","Seminole County",1,6,5344,2767,2577
050,12,117,"Florida","Seminole County",1,7,5344,2677,2667
050,12,117,"Florida","Seminole County",1,8,5421,2735,2686
050,12,117,"Florida","Seminole County",1,9,5543,2843,2700
050,12,117,"Florida","Seminole County",1,10,5645,2876,2769
050,12,117,"Florida","Seminole County",1,11,5866,2991,2875
050,12,117,"Florida","Seminole County",1,12,6037,2989,3048
050,12,117,"Florida","Seminole County",1,13,6147,3128,3019
050,12,117,"Florida","Seminole County",1,14,6105,3042,3063
050,12,117,"Florida","Seminole County",1,15,6056,3055,3001
050,12,117,"Florida","Seminole County",1,16,6128,3074,3054
050,12,117,"Florida","Seminole County",1,17,5898,2980,2918
050,12,117,"Florida","Seminole County",1,18,5317,2787,2530
050,12,117,"Florida","Seminole County",1,19,4673,2385,2288
050,12,117,"Florida","Seminole County",1,20,4986,2513,2473
050,12,117,"Florida","Seminole County",1,21,5286,2661,2625
050,12,117,"Florida","Seminole County",1,22,5527,2751,2776
050,12,117,"Florida","Seminole County",1,23,5878,2967,2911
050,12,117,"Florida","Seminole County",1,24,6197,3044,3153
050,12,117,"Florida","Seminole County",1,25,6399,3215,3184
050,12,117,"Florida","Seminole County",1,26,6550,3347,3203
050,12,117,"Florida","Seminole County",1,27,6653,3369,3284
050,12,117,"Florida","Seminole County",1,28,6692,3320,3372
050,12,117,"Florida","Seminole County",1,29,6962,3476,3486
050,12,117,"Florida","Seminole County",1,30,7073,3481,3592
050,12,117,"Florida","Seminole County",1,31,6975,3553,3422
050,12,117,"Florida","Seminole County",1,32,6760,3399,3361
050,12,117,"Florida","Seminole County",1,33,6787,3434,3353
050,12,117,"Florida","Seminole County",1,34,7023,3543,3480
050,12,117,"Florida","Seminole County",1,35,6957,3440,3517
050,12,117,"Florida","Seminole County",1,36,6879,3425,3454
050,12,117,"Florida","Seminole County",1,37,7084,3557,3527
050,12,117,"Florida","Seminole County",1,38,6876,3408,3468
050,12,117,"Florida","Seminole County",1,39,6895,3467,3428
050,12,117,"Florida","Seminole County",1,40,6813,3364,3449
050,12,117,"Florida","Seminole County",1,41,6456,3199,3257
050,12,117,"Florida","Seminole County",1,42,6615,3269,3346
050,12,117,"Florida","Seminole County",1,43,6392,3066,3326
050,12,117,"Florida","Seminole County",1,44,6210,3033,3177
050,12,117,"Florida","Seminole County",1,45,6116,2943,3173
050,12,117,"Florida","Seminole County",1,46,6089,2891,3198
050,12,117,"Florida","Seminole County",1,47,6208,3035,3173
050,12,117,"Florida","Seminole County",1,48,6492,3161,3331
050,12,117,"Florida","Seminole County",1,49,6841,3355,3486
050,12,117,"Florida","Seminole County",1,50,6648,3258,3390
050,12,117,"Florida","Seminole County",1,51,6308,3081,3227
050,12,117,"Florida","Seminole County",1,52,6169,2950,3219
050,12,117,"Florida","Seminole County",1,53,6065,2891,3174
050,12,117,"Florida","Seminole County",1,54,6188,3022,3166
050,12,117,"Florida","Seminole County",1,55,6565,3181,3384
050,12,117,"Florida","Seminole County",1,56,6629,3213,3416
050,12,117,"Florida","Seminole County",1,57,6563,3179,3384
050,12,117,"Florida","Seminole County",1,58,6426,3166,3260
050,12,117,"Florida","Seminole County",1,59,6317,3063,3254
050,12,117,"Florida","Seminole County",1,60,6037,2861,3176
050,12,117,"Florida","Seminole County",1,61,6006,2812,3194
050,12,117,"Florida","Seminole County",1,62,5858,2762,3096
050,12,117,"Florida","Seminole County",1,63,5553,2688,2865
050,12,117,"Florida","Seminole County",1,64,5470,2640,2830
050,12,117,"Florida","Seminole County",1,65,5305,2435,2870
050,12,117,"Florida","Seminole County",1,66,5078,2381,2697
050,12,117,"Florida","Seminole County",1,67,4922,2258,2664
050,12,117,"Florida","Seminole County",1,68,4779,2105,2674
050,12,117,"Florida","Seminole County",1,69,4452,2015,2437
050,12,117,"Florida","Seminole County",1,70,4185,1903,2282
050,12,117,"Florida","Seminole County",1,71,4169,1841,2328
050,12,117,"Florida","Seminole County",1,72,4219,1923,2296
050,12,117,"Florida","Seminole County",1,73,4290,1966,2324
050,12,117,"Florida","Seminole County",1,74,3030,1356,1674
050,12,117,"Florida","Seminole County",1,75,2947,1305,1642
050,12,117,"Florida","Seminole County",1,76,2861,1259,1602
050,12,117,"Florida","Seminole County",1,77,2785,1230,1555
050,12,117,"Florida","Seminole County",1,78,2430,1080,1350
050,12,117,"Florida","Seminole County",1,79,2146,942,1204
050,12,117,"Florida","Seminole County",1,80,1908,821,1087
050,12,117,"Florida","Seminole County",1,81,1745,711,1034
050,12,117,"Florida","Seminole County",1,82,1593,627,966
050,12,117,"Florida","Seminole County",1,83,1474,616,858
050,12,117,"Florida","Seminole County",1,84,1376,536,840
050,12,117,"Florida","Seminole County",1,85,8849,3070,5779
050,12,117,"Florida","Seminole County",2,0,4549,2345,2204
050,12,117,"Florida","Seminole County",2,1,4631,2392,2239
050,12,117,"Florida","Seminole County",2,2,4794,2460,2334
050,12,117,"Florida","Seminole County",2,3,4925,2540,2385
050,12,117,"Florida","Seminole County",2,4,5112,2626,2486
050,12,117,"Florida","Seminole County",2,5,5243,2699,2544
050,12,117,"Florida","Seminole County",2,6,5349,2764,2585
050,12,117,"Florida","Seminole County",2,7,5353,2705,2648
050,12,117,"Florida","Seminole County",2,8,5403,2719,2684
050,12,117,"Florida","Seminole County",2,9,5536,2830,2706
050,12,117,"Florida","Seminole County",2,10,5638,2877,2761
050,12,117,"Florida","Seminole County",2,11,5807,2956,2851
050,12,117,"Florida","Seminole County",2,12,6045,3013,3032
050,12,117,"Florida","Seminole County",2,13,6109,3087,3022
050,12,117,"Florida","Seminole County",2,14,6121,3063,3058
050,12,117,"Florida","Seminole County",2,15,6087,3057,3030
050,12,117,"Florida","Seminole County",2,16,6124,3075,3049
050,12,117,"Florida","Seminole County",2,17,5963,3010,2953
050,12,117,"Florida","Seminole County",2,18,5260,2747,2513
050,12,117,"Florida","Seminole County",2,19,4671,2384,2287
050,12,117,"Florida","Seminole County",2,20,5050,2546,2504
050,12,117,"Florida","Seminole County",2,21,5294,2659,2635
050,12,117,"Florida","Seminole County",2,22,5549,2771,2778
050,12,117,"Florida","Seminole County",2,23,5877,2948,2929
050,12,117,"Florida","Seminole County",2,24,6142,3043,3099
050,12,117,"Florida","Seminole County",2,25,6383,3194,3189
050,12,117,"Florida","Seminole County",2,26,6538,3339,3199
050,12,117,"Florida","Seminole County",2,27,6624,3359,3265
050,12,117,"Florida","Seminole County",2,28,6695,3339,3356
050,12,117,"Florida","Seminole County",2,29,6897,3423,3474
050,12,117,"Florida","Seminole County",2,30,7104,3499,3605
050,12,117,"Florida","Seminole County",2,31,6978,3526,3452
050,12,117,"Florida","Seminole County",2,32,6809,3436,3373
050,12,117,"Florida","Seminole County",2,33,6797,3430,3367
050,12,117,"Florida","Seminole County",2,34,6991,3529,3462
050,12,117,"Florida","Seminole County",2,35,7040,3489,3551
050,12,117,"Florida","Seminole County",2,36,6871,3426,3445
050,12,117,"Florida","Seminole County",2,37,7063,3538,3525
050,12,117,"Florida","Seminole County",2,38,6981,3474,3507
050,12,117,"Florida","Seminole County",2,39,6861,3438,3423
050,12,117,"Florida","Seminole County",2,40,6866,3406,3460
050,12,117,"Florida","Seminole County",2,41,6546,3233,3313
050,12,117,"Florida","Seminole County",2,42,6562,3243,3319
050,12,117,"Florida","Seminole County",2,43,6493,3141,3352
050,12,117,"Florida","Seminole County",2,44,6220,3030,3190
050,12,117,"Florida","Seminole County",2,45,6165,2979,3186
050,12,117,"Florida","Seminole County",2,46,6073,2895,3178
050,12,117,"Florida","Seminole County",2,47,6157,2988,3169
050,12,117,"Florida","Seminole County",2,48,6422,3131,3291
050,12,117,"Florida","Seminole County",2,49,6776,3322,3454
050,12,117,"Florida","Seminole County",2,50,6685,3286,3399
050,12,117,"Florida","Seminole County",2,51,6353,3111,3242
050,12,117,"Florida","Seminole County",2,52,6187,2978,3209
050,12,117,"Florida","Seminole County",2,53,6063,2889,3174
050,12,117,"Florida","Seminole County",2,54,6134,2979,3155
050,12,117,"Florida","Seminole County",2,55,6465,3131,3334
050,12,117,"Florida","Seminole County",2,56,6622,3212,3410
050,12,117,"Florida","Seminole County",2,57,6562,3186,3376
050,12,117,"Florida","Seminole County",2,58,6434,3151,3283
050,12,117,"Florida","Seminole County",2,59,6313,3083,3230
050,12,117,"Florida","Seminole County",2,60,6081,2899,3182
050,12,117,"Florida","Seminole County",2,61,5963,2795,3168
050,12,117,"Florida","Seminole County",2,62,5847,2748,3099
050,12,117,"Florida","Seminole County",2,63,5662,2728,2934
050,12,117,"Florida","Seminole County",2,64,5438,2620,2818
050,12,117,"Florida","Seminole County",2,65,5321,2473,2848
050,12,117,"Florida","Seminole County",2,66,5125,2389,2736
050,12,117,"Florida","Seminole County",2,67,4920,2266,2654
050,12,117,"Florida","Seminole County",2,68,4755,2116,2639
050,12,117,"Florida","Seminole County",2,69,4528,2033,2495
050,12,117,"Florida","Seminole County",2,70,4226,1913,2313
050,12,117,"Florida","Seminole County",2,71,4153,1843,2310
050,12,117,"Florida","Seminole County",2,72,4128,1865,2263
050,12,117,"Florida","Seminole County",2,73,4428,2022,2406
050,12,117,"Florida","Seminole County",2,74,3135,1410,1725
050,12,117,"Florida","Seminole County",2,75,2968,1315,1653
050,12,117,"Florida","Seminole County",2,76,2836,1243,1593
050,12,117,"Florida","Seminole County",2,77,2842,1249,1593
050,12,117,"Florida","Seminole County",2,78,2464,1089,1375
050,12,117,"Florida","Seminole County",2,79,2179,955,1224
050,12,117,"Florida","Seminole County",2,80,1945,841,1104
050,12,117,"Florida","Seminole County",2,81,1751,724,1027
050,12,117,"Florida","Seminole County",2,82,1623,641,982
050,12,117,"Florida","Seminole County",2,83,1470,608,862
050,12,117,"Florida","Seminole County",2,84,1388,551,837
050,12,117,"Florida","Seminole County",2,85,8917,3103,5814
050,12,117,"Florida","Seminole County",3,0,4210,2171,2039
050,12,117,"Florida","Seminole County",3,1,4572,2355,2217
050,12,117,"Florida","Seminole County",3,2,4622,2371,2251
050,12,117,"Florida","Seminole County",3,3,4831,2471,2360
050,12,117,"Florida","Seminole County",3,4,4928,2514,2414
050,12,117,"Florida","Seminole County",3,5,5241,2688,2553
050,12,117,"Florida","Seminole County",3,6,5285,2711,2574
050,12,117,"Florida","Seminole County",3,7,5298,2721,2577
050,12,117,"Florida","Seminole County",3,8,5418,2720,2698
050,12,117,"Florida","Seminole County",3,9,5399,2733,2666
050,12,117,"Florida","Seminole County",3,10,5574,2870,2704
050,12,117,"Florida","Seminole County",3,11,5672,2909,2763
050,12,117,"Florida","Seminole County",3,12,5838,2976,2862
050,12,117,"Florida","Seminole County",3,13,6043,3022,3021
050,12,117,"Florida","Seminole County",3,14,6147,3113,3034
050,12,117,"Florida","Seminole County",3,15,6104,3068,3036
050,12,117,"Florida","Seminole County",3,16,6044,3075,2969
050,12,117,"Florida","Seminole County",3,17,6074,3073,3001
050,12,117,"Florida","Seminole County",3,18,5232,2744,2488
050,12,117,"Florida","Seminole County",3,19,4497,2335,2162
050,12,117,"Florida","Seminole County",3,20,4960,2468,2492
050,12,117,"Florida","Seminole County",3,21,5348,2687,2661
050,12,117,"Florida","Seminole County",3,22,5686,2826,2860
050,12,117,"Florida","Seminole County",3,23,5887,2937,2950
050,12,117,"Florida","Seminole County",3,24,6124,3074,3050
050,12,117,"Florida","Seminole County",3,25,6234,3085,3149
050,12,117,"Florida","Seminole County",3,26,6357,3192,3165
050,12,117,"Florida","Seminole County",3,27,6552,3365,3187
050,12,117,"Florida","Seminole County",3,28,6646,3372,3274
050,12,117,"Florida","Seminole County",3,29,6657,3282,3375
050,12,117,"Florida","Seminole County",3,30,6902,3414,3488
050,12,117,"Florida","Seminole County",3,31,7030,3488,3542
050,12,117,"Florida","Seminole County",3,32,6880,3479,3401
050,12,117,"Florida","Seminole County",3,33,6811,3457,3354
050,12,117,"Florida","Seminole County",3,34,6846,3450,3396
050,12,117,"Florida","Seminole County",3,35,7010,3503,3507
050,12,117,"Florida","Seminole County",3,36,7014,3471,3543
050,12,117,"Florida","Seminole County",3,37,6788,3317,3471
050,12,117,"Florida","Seminole County",3,38,7001,3501,3500
050,12,117,"Florida","Seminole County",3,39,6971,3478,3493
050,12,117,"Florida","Seminole County",3,40,6905,3437,3468
050,12,117,"Florida","Seminole County",3,41,6891,3392,3499
050,12,117,"Florida","Seminole County",3,42,6585,3276,3309
050,12,117,"Florida","Seminole County",3,43,6571,3274,3297
050,12,117,"Florida","Seminole County",3,44,6481,3146,3335
050,12,117,"Florida","Seminole County",3,45,6237,3008,3229
050,12,117,"Florida","Seminole County",3,46,6046,2896,3150
050,12,117,"Florida","Seminole County",3,47,6045,2883,3162
050,12,117,"Florida","Seminole County",3,48,6172,3002,3170
050,12,117,"Florida","Seminole County",3,49,6355,3090,3265
050,12,117,"Florida","Seminole County",3,50,6758,3357,3401
050,12,117,"Florida","Seminole County",3,51,6563,3206,3357
050,12,117,"Florida","Seminole County",3,52,6336,3091,3245
050,12,117,"Florida","Seminole County",3,53,6130,2981,3149
050,12,117,"Florida","Seminole County",3,54,5907,2807,3100
050,12,117,"Florida","Seminole County",3,55,6007,2881,3126
050,12,117,"Florida","Seminole County",3,56,6320,3088,3232
050,12,117,"Florida","Seminole County",3,57,6540,3163,3377
050,12,117,"Florida","Seminole County",3,58,6469,3102,3367
050,12,117,"Florida","Seminole County",3,59,6282,3080,3202
050,12,117,"Florida","Seminole County",3,60,6203,3025,3178
050,12,117,"Florida","Seminole County",3,61,5978,2827,3151
050,12,117,"Florida","Seminole County",3,62,5808,2711,3097
050,12,117,"Florida","Seminole County",3,63,5720,2698,3022
050,12,117,"Florida","Seminole County",3,64,5551,2666,2885
050,12,117,"Florida","Seminole County",3,65,5293,2539,2754
050,12,117,"Florida","Seminole County",3,66,5229,2416,2813
050,12,117,"Florida","Seminole County",3,67,5026,2352,2674
050,12,117,"Florida","Seminole County",3,68,4824,2215,2609
050,12,117,"Florida","Seminole County",3,69,4683,2056,2627
050,12,117,"Florida","Seminole County",3,70,4424,1981,2443
050,12,117,"Florida","Seminole County",3,71,4144,1864,2280
050,12,117,"Florida","Seminole County",3,72,4059,1801,2258
050,12,117,"Florida","Seminole County",3,73,4048,1815,2233
050,12,117,"Florida","Seminole County",3,74,4339,1972,2367
050,12,117,"Florida","Seminole County",3,75,3072,1368,1704
050,12,117,"Florida","Seminole County",3,76,2887,1257,1630
050,12,117,"Florida","Seminole County",3,77,2745,1200,1545
050,12,117,"Florida","Seminole County",3,78,2808,1214,1594
050,12,117,"Florida","Seminole County",3,79,2327,1022,1305
050,12,117,"Florida","Seminole County",3,80,2078,900,1178
050,12,117,"Florida","Seminole County",3,81,1852,799,1053
050,12,117,"Florida","Seminole County",3,82,1700,691,1009
050,12,117,"Florida","Seminole County",3,83,1535,610,925
050,12,117,"Florida","Seminole County",3,84,1393,562,831
050,12,117,"Florida","Seminole County",3,85,8798,3068,5730
050,12,117,"Florida","Seminole County",4,0,4616,2334,2282
050,12,117,"Florida","Seminole County",4,1,4423,2279,2144
050,12,117,"Florida","Seminole County",4,2,4798,2472,2326
050,12,117,"Florida","Seminole County",4,3,4811,2435,2376
050,12,117,"Florida","Seminole County",4,4,5041,2535,2506
050,12,117,"Florida","Seminole County",4,5,5047,2588,2459
050,12,117,"Florida","Seminole County",4,6,5462,2812,2650
050,12,117,"Florida","Seminole County",4,7,5425,2747,2678
050,12,117,"Florida","Seminole County",4,8,5493,2793,2700
050,12,117,"Florida","Seminole County",4,9,5558,2827,2731
050,12,117,"Florida","Seminole County",4,10,5481,2791,2690
050,12,117,"Florida","Seminole County",4,11,5752,2994,2758
050,12,117,"Florida","Seminole County",4,12,5822,2987,2835
050,12,117,"Florida","Seminole County",4,13,5979,3037,2942
050,12,117,"Florida","Seminole County",4,14,6169,3077,3092
050,12,117,"Florida","Seminole County",4,15,6281,3190,3091
050,12,117,"Florida","Seminole County",4,16,6197,3131,3066
050,12,117,"Florida","Seminole County",4,17,6191,3156,3035
050,12,117,"Florida","Seminole County",4,18,5345,2779,2566
050,12,117,"Florida","Seminole County",4,19,4463,2301,2162
050,12,117,"Florida","Seminole County",4,20,4863,2505,2358
050,12,117,"Florida","Seminole County",4,21,5395,2650,2745
050,12,117,"Florida","Seminole County",4,22,5823,2892,2931
050,12,117,"Florida","Seminole County",4,23,6093,3017,3076
050,12,117,"Florida","Seminole County",4,24,6263,3098,3165
050,12,117,"Florida","Seminole County",4,25,6371,3214,3157
050,12,117,"Florida","Seminole County",4,26,6442,3238,3204
050,12,117,"Florida","Seminole County",4,27,6534,3251,3283
050,12,117,"Florida","Seminole County",4,28,6667,3394,3273
050,12,117,"Florida","Seminole County",4,29,6877,3486,3391
050,12,117,"Florida","Seminole County",4,30,6857,3357,3500
050,12,117,"Florida","Seminole County",4,31,7062,3513,3549
050,12,117,"Florida","Seminole County",4,32,7272,3608,3664
050,12,117,"Florida","Seminole County",4,33,7018,3520,3498
050,12,117,"Florida","Seminole County",4,34,7087,3587,3500
050,12,117,"Florida","Seminole County",4,35,6994,3501,3493
050,12,117,"Florida","Seminole County",4,36,7155,3596,3559
050,12,117,"Florida","Seminole County",4,37,7099,3538,3561
050,12,117,"Florida","Seminole County",4,38,6990,3439,3551
050,12,117,"Florida","Seminole County",4,39,7171,3644,3527
050,12,117,"Florida","Seminole County",4,40,7181,3566,3615
050,12,117,"Florida","Seminole County",4,41,7013,3475,3538
050,12,117,"Florida","Seminole County",4,42,7022,3416,3606
050,12,117,"Florida","Seminole County",4,43,6695,3322,3373
050,12,117,"Florida","Seminole County",4,44,6738,3398,3340
050,12,117,"Florida","Seminole County",4,45,6567,3201,3366
050,12,117,"Florida","Seminole County",4,46,6300,3066,3234
050,12,117,"Florida","Seminole County",4,47,6141,2943,3198
050,12,117,"Florida","Seminole County",4,48,6104,2922,3182
050,12,117,"Florida","Seminole County",4,49,6191,3012,3179
050,12,117,"Florida","Seminole County",4,50,6355,3106,3249
050,12,117,"Florida","Seminole County",4,51,6777,3341,3436
050,12,117,"Florida","Seminole County",4,52,6577,3197,3380
050,12,117,"Florida","Seminole County",4,53,6332,3072,3260
050,12,117,"Florida","Seminole County",4,54,6085,2964,3121
050,12,117,"Florida","Seminole County",4,55,5863,2791,3072
050,12,117,"Florida","Seminole County",4,56,5946,2864,3082
050,12,117,"Florida","Seminole County",4,57,6341,3121,3220
050,12,117,"Florida","Seminole County",4,58,6493,3103,3390
050,12,117,"Florida","Seminole County",4,59,6338,3051,3287
050,12,117,"Florida","Seminole County",4,60,6197,3032,3165
050,12,117,"Florida","Seminole County",4,61,6080,2966,3114
050,12,117,"Florida","Seminole County",4,62,5837,2739,3098
050,12,117,"Florida","Seminole County",4,63,5666,2646,3020
050,12,117,"Florida","Seminole County",4,64,5659,2628,3031
050,12,117,"Florida","Seminole County",4,65,5504,2634,2870
050,12,117,"Florida","Seminole County",4,66,5186,2452,2734
050,12,117,"Florida","Seminole County",4,67,5187,2395,2792
050,12,117,"Florida","Seminole County",4,68,4928,2265,2663
050,12,117,"Florida","Seminole County",4,69,4718,2133,2585
050,12,117,"Florida","Seminole County",4,70,4600,2000,2600
050,12,117,"Florida","Seminole County",4,71,4342,1921,2421
050,12,117,"Florida","Seminole County",4,72,4056,1816,2240
050,12,117,"Florida","Seminole County",4,73,3946,1725,2221
050,12,117,"Florida","Seminole County",4,74,4022,1796,2226
050,12,117,"Florida","Seminole County",4,75,4226,1900,2326
050,12,117,"Florida","Seminole County",4,76,2984,1321,1663
050,12,117,"Florida","Seminole County",4,77,2794,1203,1591
050,12,117,"Florida","Seminole County",4,78,2711,1169,1542
050,12,117,"Florida","Seminole County",4,79,2711,1140,1571
050,12,117,"Florida","Seminole County",4,80,2216,972,1244
050,12,117,"Florida","Seminole County",4,81,1963,842,1121
050,12,117,"Florida","Seminole County",4,82,1796,758,1038
050,12,117,"Florida","Seminole County",4,83,1574,650,924
050,12,117,"Florida","Seminole County",4,84,1457,563,894
050,12,117,"Florida","Seminole County",4,85,8817,3111,5706
050,12,117,"Florida","Seminole County",5,0,4651,2346,2305
050,12,117,"Florida","Seminole County",5,1,4818,2450,2368
050,12,117,"Florida","Seminole County",5,2,4591,2316,2275
050,12,117,"Florida","Seminole County",5,3,4873,2471,2402
050,12,117,"Florida","Seminole County",5,4,4905,2484,2421
050,12,117,"Florida","Seminole County",5,5,5169,2604,2565
050,12,117,"Florida","Seminole County",5,6,5189,2649,2540
050,12,117,"Florida","Seminole County",5,7,5626,2867,2759
050,12,117,"Florida","Seminole County",5,8,5490,2781,2709
050,12,117,"Florida","Seminole County",5,9,5608,2859,2749
050,12,117,"Florida","Seminole County",5,10,5641,2878,2763
050,12,117,"Florida","Seminole County",5,11,5577,2869,2708
050,12,117,"Florida","Seminole County",5,12,5856,3053,2803
050,12,117,"Florida","Seminole County",5,13,5897,3005,2892
050,12,117,"Florida","Seminole County",5,14,6032,3049,2983
050,12,117,"Florida","Seminole County",5,15,6199,3090,3109
050,12,117,"Florida","Seminole County",5,16,6333,3234,3099
050,12,117,"Florida","Seminole County",5,17,6288,3182,3106
050,12,117,"Florida","Seminole County",5,18,5401,2840,2561
050,12,117,"Florida","Seminole County",5,19,4645,2348,2297
050,12,117,"Florida","Seminole County",5,20,4852,2479,2373
050,12,117,"Florida","Seminole County",5,21,5223,2651,2572
050,12,117,"Florida","Seminole County",5,22,5722,2773,2949
050,12,117,"Florida","Seminole County",5,23,6316,3138,3178
050,12,117,"Florida","Seminole County",5,24,6337,3099,3238
050,12,117,"Florida","Seminole County",5,25,6634,3321,3313
050,12,117,"Florida","Seminole County",5,26,6510,3273,3237
050,12,117,"Florida","Seminole County",5,27,6620,3324,3296
050,12,117,"Florida","Seminole County",5,28,6591,3342,3249
050,12,117,"Florida","Seminole County",5,29,6758,3500,3258
050,12,117,"Florida","Seminole County",5,30,6974,3525,3449
050,12,117,"Florida","Seminole County",5,31,7023,3401,3622
050,12,117,"Florida","Seminole County",5,32,7121,3554,3567
050,12,117,"Florida","Seminole County",5,33,7398,3575,3823
050,12,117,"Florida","Seminole County",5,34,7269,3651,3618
050,12,117,"Florida","Seminole County",5,35,7287,3640,3647
050,12,117,"Florida","Seminole County",5,36,6959,3477,3482
050,12,117,"Florida","Seminole County",5,37,7242,3622,3620
050,12,117,"Florida","Seminole County",5,38,7229,3632,3597
050,12,117,"Florida","Seminole County",5,39,7131,3535,3596
050,12,117,"Florida","Seminole County",5,40,7323,3732,3591
050,12,117,"Florida","Seminole County",5,41,7261,3573,3688
050,12,117,"Florida","Seminole County",5,42,7108,3521,3587
050,12,117,"Florida","Seminole County",5,43,7139,3482,3657
050,12,117,"Florida","Seminole County",5,44,6791,3366,3425
050,12,117,"Florida","Seminole County",5,45,6803,3424,3379
050,12,117,"Florida","Seminole County",5,46,6629,3233,3396
050,12,117,"Florida","Seminole County",5,47,6282,3063,3219
050,12,117,"Florida","Seminole County",5,48,6186,2935,3251
050,12,117,"Florida","Seminole County",5,49,6070,2883,3187
050,12,117,"Florida","Seminole County",5,50,6179,3042,3137
050,12,117,"Florida","Seminole County",5,51,6330,3062,3268
050,12,117,"Florida","Seminole County",5,52,6734,3294,3440
050,12,117,"Florida","Seminole County",5,53,6607,3225,3382
050,12,117,"Florida","Seminole County",5,54,6318,3078,3240
050,12,117,"Florida","Seminole County",5,55,6008,2938,3070
050,12,117,"Florida","Seminole County",5,56,5814,2766,3048
050,12,117,"Florida","Seminole County",5,57,5854,2822,3032
050,12,117,"Florida","Seminole County",5,58,6266,3043,3223
050,12,117,"Florida","Seminole County",5,59,6412,3069,3343
050,12,117,"Florida","Seminole County",5,60,6288,3020,3268
050,12,117,"Florida","Seminole County",5,61,6118,2991,3127
050,12,117,"Florida","Seminole County",5,62,5994,2892,3102
050,12,117,"Florida","Seminole County",5,63,5798,2718,3080
050,12,117,"Florida","Seminole County",5,64,5574,2611,2963
050,12,117,"Florida","Seminole County",5,65,5603,2581,3022
050,12,117,"Florida","Seminole County",5,66,5403,2566,2837
050,12,117,"Florida","Seminole County",5,67,5128,2406,2722
050,12,117,"Florida","Seminole County",5,68,5087,2342,2745
050,12,117,"Florida","Seminole County",5,69,4822,2210,2612
050,12,117,"Florida","Seminole County",5,70,4650,2075,2575
050,12,117,"Florida","Seminole County",5,71,4499,1925,2574
050,12,117,"Florida","Seminole County",5,72,4260,1889,2371
050,12,117,"Florida","Seminole County",5,73,3967,1771,2196
050,12,117,"Florida","Seminole County",5,74,3876,1679,2197
050,12,117,"Florida","Seminole County",5,75,3927,1763,2164
050,12,117,"Florida","Seminole County",5,76,4128,1835,2293
050,12,117,"Florida","Seminole County",5,77,2865,1274,1591
050,12,117,"Florida","Seminole County",5,78,2740,1169,1571
050,12,117,"Florida","Seminole County",5,79,2618,1104,1514
050,12,117,"Florida","Seminole County",5,80,2586,1072,1514
050,12,117,"Florida","Seminole County",5,81,2106,897,1209
050,12,117,"Florida","Seminole County",5,82,1905,799,1106
050,12,117,"Florida","Seminole County",5,83,1716,733,983
050,12,117,"Florida","Seminole County",5,84,1501,603,898
050,12,117,"Florida","Seminole County",5,85,9013,3223,5790
050,12,119,"Florida","Sumter County",1,0,436,223,213
050,12,119,"Florida","Sumter County",1,1,442,232,210
050,12,119,"Florida","Sumter County",1,2,450,245,205
050,12,119,"Florida","Sumter County",1,3,491,277,214
050,12,119,"Florida","Sumter County",1,4,496,273,223
050,12,119,"Florida","Sumter County",1,5,564,303,261
050,12,119,"Florida","Sumter County",1,6,503,269,234
050,12,119,"Florida","Sumter County",1,7,515,253,262
050,12,119,"Florida","Sumter County",1,8,505,251,254
050,12,119,"Florida","Sumter County",1,9,490,245,245
050,12,119,"Florida","Sumter County",1,10,542,273,269
050,12,119,"Florida","Sumter County",1,11,548,281,267
050,12,119,"Florida","Sumter County",1,12,548,284,264
050,12,119,"Florida","Sumter County",1,13,530,267,263
050,12,119,"Florida","Sumter County",1,14,539,268,271
050,12,119,"Florida","Sumter County",1,15,563,280,283
050,12,119,"Florida","Sumter County",1,16,543,283,260
050,12,119,"Florida","Sumter County",1,17,481,252,229
050,12,119,"Florida","Sumter County",1,18,454,241,213
050,12,119,"Florida","Sumter County",1,19,427,223,204
050,12,119,"Florida","Sumter County",1,20,461,278,183
050,12,119,"Florida","Sumter County",1,21,519,313,206
050,12,119,"Florida","Sumter County",1,22,575,333,242
050,12,119,"Florida","Sumter County",1,23,611,373,238
050,12,119,"Florida","Sumter County",1,24,616,366,250
050,12,119,"Florida","Sumter County",1,25,619,378,241
050,12,119,"Florida","Sumter County",1,26,639,379,260
050,12,119,"Florida","Sumter County",1,27,701,433,268
050,12,119,"Florida","Sumter County",1,28,734,442,292
050,12,119,"Florida","Sumter County",1,29,804,502,302
050,12,119,"Florida","Sumter County",1,30,799,508,291
050,12,119,"Florida","Sumter County",1,31,807,531,276
050,12,119,"Florida","Sumter County",1,32,826,540,286
050,12,119,"Florida","Sumter County",1,33,810,540,270
050,12,119,"Florida","Sumter County",1,34,847,562,285
050,12,119,"Florida","Sumter County",1,35,847,590,257
050,12,119,"Florida","Sumter County",1,36,819,553,266
050,12,119,"Florida","Sumter County",1,37,832,558,274
050,12,119,"Florida","Sumter County",1,38,805,538,267
050,12,119,"Florida","Sumter County",1,39,812,544,268
050,12,119,"Florida","Sumter County",1,40,755,471,284
050,12,119,"Florida","Sumter County",1,41,767,485,282
050,12,119,"Florida","Sumter County",1,42,747,464,283
050,12,119,"Florida","Sumter County",1,43,792,475,317
050,12,119,"Florida","Sumter County",1,44,737,457,280
050,12,119,"Florida","Sumter County",1,45,740,422,318
050,12,119,"Florida","Sumter County",1,46,744,434,310
050,12,119,"Florida","Sumter County",1,47,765,455,310
050,12,119,"Florida","Sumter County",1,48,824,486,338
050,12,119,"Florida","Sumter County",1,49,928,541,387
050,12,119,"Florida","Sumter County",1,50,838,461,377
050,12,119,"Florida","Sumter County",1,51,845,474,371
050,12,119,"Florida","Sumter County",1,52,877,481,396
050,12,119,"Florida","Sumter County",1,53,956,499,457
050,12,119,"Florida","Sumter County",1,54,1007,495,512
050,12,119,"Florida","Sumter County",1,55,1117,554,563
050,12,119,"Florida","Sumter County",1,56,1234,588,646
050,12,119,"Florida","Sumter County",1,57,1372,642,730
050,12,119,"Florida","Sumter County",1,58,1461,678,783
050,12,119,"Florida","Sumter County",1,59,1610,696,914
050,12,119,"Florida","Sumter County",1,60,1687,703,984
050,12,119,"Florida","Sumter County",1,61,1890,783,1107
050,12,119,"Florida","Sumter County",1,62,2216,919,1297
050,12,119,"Florida","Sumter County",1,63,2399,1008,1391
050,12,119,"Florida","Sumter County",1,64,2715,1104,1611
050,12,119,"Florida","Sumter County",1,65,3084,1259,1825
050,12,119,"Florida","Sumter County",1,66,3288,1426,1862
050,12,119,"Florida","Sumter County",1,67,3614,1548,2066
050,12,119,"Florida","Sumter County",1,68,4026,1771,2255
050,12,119,"Florida","Sumter County",1,69,4157,1842,2315
050,12,119,"Florida","Sumter County",1,70,4377,1950,2427
050,12,119,"Florida","Sumter County",1,71,4688,2119,2569
050,12,119,"Florida","Sumter County",1,72,5206,2488,2718
050,12,119,"Florida","Sumter County",1,73,5617,2727,2890
050,12,119,"Florida","Sumter County",1,74,3885,1859,2026
050,12,119,"Florida","Sumter County",1,75,3810,1822,1988
050,12,119,"Florida","Sumter County",1,76,4013,1987,2026
050,12,119,"Florida","Sumter County",1,77,3997,1980,2017
050,12,119,"Florida","Sumter County",1,78,3363,1725,1638
050,12,119,"Florida","Sumter County",1,79,2887,1487,1400
050,12,119,"Florida","Sumter County",1,80,2461,1256,1205
050,12,119,"Florida","Sumter County",1,81,2208,1152,1056
050,12,119,"Florida","Sumter County",1,82,1892,994,898
050,12,119,"Florida","Sumter County",1,83,1643,885,758
050,12,119,"Florida","Sumter County",1,84,1375,721,654
050,12,119,"Florida","Sumter County",1,85,5581,2787,2794
050,12,119,"Florida","Sumter County",2,0,437,224,213
050,12,119,"Florida","Sumter County",2,1,444,234,210
050,12,119,"Florida","Sumter County",2,2,450,243,207
050,12,119,"Florida","Sumter County",2,3,482,270,212
050,12,119,"Florida","Sumter County",2,4,503,280,223
050,12,119,"Florida","Sumter County",2,5,543,295,248
050,12,119,"Florida","Sumter County",2,6,525,279,246
050,12,119,"Florida","Sumter County",2,7,514,258,256
050,12,119,"Florida","Sumter County",2,8,508,255,253
050,12,119,"Florida","Sumter County",2,9,500,252,248
050,12,119,"Florida","Sumter County",2,10,534,266,268
050,12,119,"Florida","Sumter County",2,11,549,281,268
050,12,119,"Florida","Sumter County",2,12,554,286,268
050,12,119,"Florida","Sumter County",2,13,541,275,266
050,12,119,"Florida","Sumter County",2,14,546,273,273
050,12,119,"Florida","Sumter County",2,15,563,280,283
050,12,119,"Florida","Sumter County",2,16,549,282,267
050,12,119,"Florida","Sumter County",2,17,498,258,240
050,12,119,"Florida","Sumter County",2,18,457,243,214
050,12,119,"Florida","Sumter County",2,19,422,222,200
050,12,119,"Florida","Sumter County",2,20,472,276,196
050,12,119,"Florida","Sumter County",2,21,517,308,209
050,12,119,"Florida","Sumter County",2,22,561,325,236
050,12,119,"Florida","Sumter County",2,23,596,355,241
050,12,119,"Florida","Sumter County",2,24,605,361,244
050,12,119,"Florida","Sumter County",2,25,611,368,243
050,12,119,"Florida","Sumter County",2,26,633,375,258
050,12,119,"Florida","Sumter County",2,27,679,412,267
050,12,119,"Florida","Sumter County",2,28,719,432,287
050,12,119,"Florida","Sumter County",2,29,787,483,304
050,12,119,"Florida","Sumter County",2,30,790,492,298
050,12,119,"Florida","Sumter County",2,31,789,508,281
050,12,119,"Florida","Sumter County",2,32,804,520,284
050,12,119,"Florida","Sumter County",2,33,790,517,273
050,12,119,"Florida","Sumter County",2,34,815,533,282
050,12,119,"Florida","Sumter County",2,35,837,572,265
050,12,119,"Florida","Sumter County",2,36,790,529,261
050,12,119,"Florida","Sumter County",2,37,812,538,274
050,12,119,"Florida","Sumter County",2,38,783,515,268
050,12,119,"Florida","Sumter County",2,39,789,521,268
050,12,119,"Florida","Sumter County",2,40,742,460,282
050,12,119,"Florida","Sumter County",2,41,760,473,287
050,12,119,"Florida","Sumter County",2,42,733,446,287
050,12,119,"Florida","Sumter County",2,43,784,468,316
050,12,119,"Florida","Sumter County",2,44,727,441,286
050,12,119,"Florida","Sumter County",2,45,722,409,313
050,12,119,"Florida","Sumter County",2,46,737,419,318
050,12,119,"Florida","Sumter County",2,47,747,435,312
050,12,119,"Florida","Sumter County",2,48,799,464,335
050,12,119,"Florida","Sumter County",2,49,912,530,382
050,12,119,"Florida","Sumter County",2,50,842,456,386
050,12,119,"Florida","Sumter County",2,51,842,466,376
050,12,119,"Florida","Sumter County",2,52,873,472,401
050,12,119,"Florida","Sumter County",2,53,936,485,451
050,12,119,"Florida","Sumter County",2,54,1009,499,510
050,12,119,"Florida","Sumter County",2,55,1117,546,571
050,12,119,"Florida","Sumter County",2,56,1248,593,655
050,12,119,"Florida","Sumter County",2,57,1374,634,740
050,12,119,"Florida","Sumter County",2,58,1482,684,798
050,12,119,"Florida","Sumter County",2,59,1631,713,918
050,12,119,"Florida","Sumter County",2,60,1725,724,1001
050,12,119,"Florida","Sumter County",2,61,1910,795,1115
050,12,119,"Florida","Sumter County",2,62,2214,923,1291
050,12,119,"Florida","Sumter County",2,63,2447,1027,1420
050,12,119,"Florida","Sumter County",2,64,2697,1097,1600
050,12,119,"Florida","Sumter County",2,65,3060,1250,1810
050,12,119,"Florida","Sumter County",2,66,3325,1424,1901
050,12,119,"Florida","Sumter County",2,67,3596,1550,2046
050,12,119,"Florida","Sumter County",2,68,3964,1735,2229
050,12,119,"Florida","Sumter County",2,69,4222,1867,2355
050,12,119,"Florida","Sumter County",2,70,4362,1941,2421
050,12,119,"Florida","Sumter County",2,71,4673,2103,2570
050,12,119,"Florida","Sumter County",2,72,5041,2384,2657
050,12,119,"Florida","Sumter County",2,73,5844,2833,3011
050,12,119,"Florida","Sumter County",2,74,4059,1949,2110
050,12,119,"Florida","Sumter County",2,75,3862,1846,2016
050,12,119,"Florida","Sumter County",2,76,3937,1931,2006
050,12,119,"Florida","Sumter County",2,77,4108,2040,2068
050,12,119,"Florida","Sumter County",2,78,3428,1739,1689
050,12,119,"Florida","Sumter County",2,79,2957,1520,1437
050,12,119,"Florida","Sumter County",2,80,2547,1310,1237
050,12,119,"Florida","Sumter County",2,81,2240,1163,1077
050,12,119,"Florida","Sumter County",2,82,1956,1028,928
050,12,119,"Florida","Sumter County",2,83,1671,894,777
050,12,119,"Florida","Sumter County",2,84,1415,749,666
050,12,119,"Florida","Sumter County",2,85,5715,2871,2844
050,12,119,"Florida","Sumter County",3,0,469,242,227
050,12,119,"Florida","Sumter County",3,1,463,229,234
050,12,119,"Florida","Sumter County",3,2,471,254,217
050,12,119,"Florida","Sumter County",3,3,469,242,227
050,12,119,"Florida","Sumter County",3,4,529,298,231
050,12,119,"Florida","Sumter County",3,5,545,298,247
050,12,119,"Florida","Sumter County",3,6,552,290,262
050,12,119,"Florida","Sumter County",3,7,547,281,266
050,12,119,"Florida","Sumter County",3,8,537,260,277
050,12,119,"Florida","Sumter County",3,9,537,267,270
050,12,119,"Florida","Sumter County",3,10,525,264,261
050,12,119,"Florida","Sumter County",3,11,575,285,290
050,12,119,"Florida","Sumter County",3,12,544,274,270
050,12,119,"Florida","Sumter County",3,13,572,291,281
050,12,119,"Florida","Sumter County",3,14,545,285,260
050,12,119,"Florida","Sumter County",3,15,556,284,272
050,12,119,"Florida","Sumter County",3,16,562,279,283
050,12,119,"Florida","Sumter County",3,17,548,277,271
050,12,119,"Florida","Sumter County",3,18,458,255,203
050,12,119,"Florida","Sumter County",3,19,424,229,195
050,12,119,"Florida","Sumter County",3,20,498,274,224
050,12,119,"Florida","Sumter County",3,21,564,334,230
050,12,119,"Florida","Sumter County",3,22,576,344,232
050,12,119,"Florida","Sumter County",3,23,606,332,274
050,12,119,"Florida","Sumter County",3,24,631,373,258
050,12,119,"Florida","Sumter County",3,25,651,395,256
050,12,119,"Florida","Sumter County",3,26,658,396,262
050,12,119,"Florida","Sumter County",3,27,693,403,290
050,12,119,"Florida","Sumter County",3,28,741,451,290
050,12,119,"Florida","Sumter County",3,29,791,501,290
050,12,119,"Florida","Sumter County",3,30,807,494,313
050,12,119,"Florida","Sumter County",3,31,842,535,307
050,12,119,"Florida","Sumter County",3,32,849,543,306
050,12,119,"Florida","Sumter County",3,33,805,523,282
050,12,119,"Florida","Sumter County",3,34,825,535,290
050,12,119,"Florida","Sumter County",3,35,874,582,292
050,12,119,"Florida","Sumter County",3,36,844,560,284
050,12,119,"Florida","Sumter County",3,37,825,544,281
050,12,119,"Florida","Sumter County",3,38,807,525,282
050,12,119,"Florida","Sumter County",3,39,813,533,280
050,12,119,"Florida","Sumter County",3,40,754,459,295
050,12,119,"Florida","Sumter County",3,41,809,509,300
050,12,119,"Florida","Sumter County",3,42,749,450,299
050,12,119,"Florida","Sumter County",3,43,746,457,289
050,12,119,"Florida","Sumter County",3,44,802,463,339
050,12,119,"Florida","Sumter County",3,45,725,413,312
050,12,119,"Florida","Sumter County",3,46,769,434,335
050,12,119,"Florida","Sumter County",3,47,762,435,327
050,12,119,"Florida","Sumter County",3,48,761,432,329
050,12,119,"Florida","Sumter County",3,49,887,514,373
050,12,119,"Florida","Sumter County",3,50,910,494,416
050,12,119,"Florida","Sumter County",3,51,923,499,424
050,12,119,"Florida","Sumter County",3,52,896,487,409
050,12,119,"Florida","Sumter County",3,53,900,468,432
050,12,119,"Florida","Sumter County",3,54,1008,498,510
050,12,119,"Florida","Sumter County",3,55,1149,556,593
050,12,119,"Florida","Sumter County",3,56,1266,594,672
050,12,119,"Florida","Sumter County",3,57,1424,641,783
050,12,119,"Florida","Sumter County",3,58,1606,740,866
050,12,119,"Florida","Sumter County",3,59,1683,768,915
050,12,119,"Florida","Sumter County",3,60,1896,814,1082
050,12,119,"Florida","Sumter County",3,61,2018,868,1150
050,12,119,"Florida","Sumter County",3,62,2257,964,1293
050,12,119,"Florida","Sumter County",3,63,2535,1072,1463
050,12,119,"Florida","Sumter County",3,64,2739,1164,1575
050,12,119,"Florida","Sumter County",3,65,3003,1244,1759
050,12,119,"Florida","Sumter County",3,66,3346,1368,1978
050,12,119,"Florida","Sumter County",3,67,3559,1542,2017
050,12,119,"Florida","Sumter County",3,68,3779,1628,2151
050,12,119,"Florida","Sumter County",3,69,4227,1880,2347
050,12,119,"Florida","Sumter County",3,70,4340,1929,2411
050,12,119,"Florida","Sumter County",3,71,4478,2018,2460
050,12,119,"Florida","Sumter County",3,72,4788,2158,2630
050,12,119,"Florida","Sumter County",3,73,5082,2432,2650
050,12,119,"Florida","Sumter County",3,74,5911,2856,3055
050,12,119,"Florida","Sumter County",3,75,4059,1943,2116
050,12,119,"Florida","Sumter County",3,76,3889,1876,2013
050,12,119,"Florida","Sumter County",3,77,3879,1905,1974
050,12,119,"Florida","Sumter County",3,78,4036,2004,2032
050,12,119,"Florida","Sumter County",3,79,3323,1694,1629
050,12,119,"Florida","Sumter County",3,80,2860,1466,1394
050,12,119,"Florida","Sumter County",3,81,2433,1246,1187
050,12,119,"Florida","Sumter County",3,82,2116,1100,1016
050,12,119,"Florida","Sumter County",3,83,1837,959,878
050,12,119,"Florida","Sumter County",3,84,1554,831,723
050,12,119,"Florida","Sumter County",3,85,6269,3178,3091
050,12,119,"Florida","Sumter County",4,0,525,290,235
050,12,119,"Florida","Sumter County",4,1,562,271,291
050,12,119,"Florida","Sumter County",4,2,527,256,271
050,12,119,"Florida","Sumter County",4,3,530,297,233
050,12,119,"Florida","Sumter County",4,4,535,272,263
050,12,119,"Florida","Sumter County",4,5,582,316,266
050,12,119,"Florida","Sumter County",4,6,571,307,264
050,12,119,"Florida","Sumter County",4,7,628,319,309
050,12,119,"Florida","Sumter County",4,8,602,301,301
050,12,119,"Florida","Sumter County",4,9,596,299,297
050,12,119,"Florida","Sumter County",4,10,593,311,282
050,12,119,"Florida","Sumter County",4,11,560,286,274
050,12,119,"Florida","Sumter County",4,12,617,302,315
050,12,119,"Florida","Sumter County",4,13,590,303,287
050,12,119,"Florida","Sumter County",4,14,624,315,309
050,12,119,"Florida","Sumter County",4,15,588,303,285
050,12,119,"Florida","Sumter County",4,16,588,297,291
050,12,119,"Florida","Sumter County",4,17,568,292,276
050,12,119,"Florida","Sumter County",4,18,526,270,256
050,12,119,"Florida","Sumter County",4,19,441,241,200
050,12,119,"Florida","Sumter County",4,20,529,308,221
050,12,119,"Florida","Sumter County",4,21,618,363,255
050,12,119,"Florida","Sumter County",4,22,664,394,270
050,12,119,"Florida","Sumter County",4,23,661,386,275
050,12,119,"Florida","Sumter County",4,24,683,374,309
050,12,119,"Florida","Sumter County",4,25,677,402,275
050,12,119,"Florida","Sumter County",4,26,743,447,296
050,12,119,"Florida","Sumter County",4,27,774,459,315
050,12,119,"Florida","Sumter County",4,28,809,489,320
050,12,119,"Florida","Sumter County",4,29,867,548,319
050,12,119,"Florida","Sumter County",4,30,892,580,312
050,12,119,"Florida","Sumter County",4,31,920,563,357
050,12,119,"Florida","Sumter County",4,32,948,608,340
050,12,119,"Florida","Sumter County",4,33,938,596,342
050,12,119,"Florida","Sumter County",4,34,898,575,323
050,12,119,"Florida","Sumter County",4,35,948,623,325
050,12,119,"Florida","Sumter County",4,36,903,597,306
050,12,119,"Florida","Sumter County",4,37,971,638,333
050,12,119,"Florida","Sumter County",4,38,876,567,309
050,12,119,"Florida","Sumter County",4,39,861,565,296
050,12,119,"Florida","Sumter County",4,40,810,516,294
050,12,119,"Florida","Sumter County",4,41,842,537,305
050,12,119,"Florida","Sumter County",4,42,847,520,327
050,12,119,"Florida","Sumter County",4,43,842,527,315
050,12,119,"Florida","Sumter County",4,44,808,489,319
050,12,119,"Florida","Sumter County",4,45,840,464,376
050,12,119,"Florida","Sumter County",4,46,786,465,321
050,12,119,"Florida","Sumter County",4,47,806,453,353
050,12,119,"Florida","Sumter County",4,48,822,452,370
050,12,119,"Florida","Sumter County",4,49,886,525,361
050,12,119,"Florida","Sumter County",4,50,934,523,411
050,12,119,"Florida","Sumter County",4,51,1069,583,486
050,12,119,"Florida","Sumter County",4,52,1081,585,496
050,12,119,"Florida","Sumter County",4,53,1028,544,484
050,12,119,"Florida","Sumter County",4,54,1086,539,547
050,12,119,"Florida","Sumter County",4,55,1250,597,653
050,12,119,"Florida","Sumter County",4,56,1400,651,749
050,12,119,"Florida","Sumter County",4,57,1532,683,849
050,12,119,"Florida","Sumter County",4,58,1798,806,992
050,12,119,"Florida","Sumter County",4,59,1963,889,1074
050,12,119,"Florida","Sumter County",4,60,2046,925,1121
050,12,119,"Florida","Sumter County",4,61,2368,1025,1343
050,12,119,"Florida","Sumter County",4,62,2476,1072,1404
050,12,119,"Florida","Sumter County",4,63,2785,1229,1556
050,12,119,"Florida","Sumter County",4,64,3037,1308,1729
050,12,119,"Florida","Sumter County",4,65,3326,1443,1883
050,12,119,"Florida","Sumter County",4,66,3512,1488,2024
050,12,119,"Florida","Sumter County",4,67,3806,1618,2188
050,12,119,"Florida","Sumter County",4,68,3956,1717,2239
050,12,119,"Florida","Sumter County",4,69,4125,1803,2322
050,12,119,"Florida","Sumter County",4,70,4534,2029,2505
050,12,119,"Florida","Sumter County",4,71,4602,2074,2528
050,12,119,"Florida","Sumter County",4,72,4679,2131,2548
050,12,119,"Florida","Sumter County",4,73,4928,2242,2686
050,12,119,"Florida","Sumter County",4,74,5181,2464,2717
050,12,119,"Florida","Sumter County",4,75,5967,2901,3066
050,12,119,"Florida","Sumter County",4,76,4067,1967,2100
050,12,119,"Florida","Sumter County",4,77,3870,1873,1997
050,12,119,"Florida","Sumter County",4,78,3782,1859,1923
050,12,119,"Florida","Sumter County",4,79,3923,1944,1979
050,12,119,"Florida","Sumter County",4,80,3225,1640,1585
050,12,119,"Florida","Sumter County",4,81,2773,1420,1353
050,12,119,"Florida","Sumter County",4,82,2308,1198,1110
050,12,119,"Florida","Sumter County",4,83,2004,1031,973
050,12,119,"Florida","Sumter County",4,84,1730,902,828
050,12,119,"Florida","Sumter County",4,85,6794,3472,3322
050,12,119,"Florida","Sumter County",5,0,539,297,242
050,12,119,"Florida","Sumter County",5,1,589,297,292
050,12,119,"Florida","Sumter County",5,2,593,266,327
050,12,119,"Florida","Sumter County",5,3,552,279,273
050,12,119,"Florida","Sumter County",5,4,555,308,247
050,12,119,"Florida","Sumter County",5,5,566,282,284
050,12,119,"Florida","Sumter County",5,6,646,340,306
050,12,119,"Florida","Sumter County",5,7,594,317,277
050,12,119,"Florida","Sumter County",5,8,664,330,334
050,12,119,"Florida","Sumter County",5,9,643,315,328
050,12,119,"Florida","Sumter County",5,10,623,322,301
050,12,119,"Florida","Sumter County",5,11,633,329,304
050,12,119,"Florida","Sumter County",5,12,581,287,294
050,12,119,"Florida","Sumter County",5,13,614,307,307
050,12,119,"Florida","Sumter County",5,14,606,316,290
050,12,119,"Florida","Sumter County",5,15,656,338,318
050,12,119,"Florida","Sumter County",5,16,598,298,300
050,12,119,"Florida","Sumter County",5,17,609,305,304
050,12,119,"Florida","Sumter County",5,18,544,289,255
050,12,119,"Florida","Sumter County",5,19,483,260,223
050,12,119,"Florida","Sumter County",5,20,560,327,233
050,12,119,"Florida","Sumter County",5,21,647,382,265
050,12,119,"Florida","Sumter County",5,22,702,403,299
050,12,119,"Florida","Sumter County",5,23,720,418,302
050,12,119,"Florida","Sumter County",5,24,706,415,291
050,12,119,"Florida","Sumter County",5,25,711,405,306
050,12,119,"Florida","Sumter County",5,26,752,445,307
050,12,119,"Florida","Sumter County",5,27,791,473,318
050,12,119,"Florida","Sumter County",5,28,802,492,310
050,12,119,"Florida","Sumter County",5,29,928,568,360
050,12,119,"Florida","Sumter County",5,30,921,590,331
050,12,119,"Florida","Sumter County",5,31,991,636,355
050,12,119,"Florida","Sumter County",5,32,995,621,374
050,12,119,"Florida","Sumter County",5,33,964,612,352
050,12,119,"Florida","Sumter County",5,34,983,614,369
050,12,119,"Florida","Sumter County",5,35,987,635,352
050,12,119,"Florida","Sumter County",5,36,963,637,326
050,12,119,"Florida","Sumter County",5,37,969,630,339
050,12,119,"Florida","Sumter County",5,38,978,623,355
050,12,119,"Florida","Sumter County",5,39,918,583,335
050,12,119,"Florida","Sumter County",5,40,849,524,325
050,12,119,"Florida","Sumter County",5,41,883,571,312
050,12,119,"Florida","Sumter County",5,42,847,525,322
050,12,119,"Florida","Sumter County",5,43,922,569,353
050,12,119,"Florida","Sumter County",5,44,859,518,341
050,12,119,"Florida","Sumter County",5,45,801,462,339
050,12,119,"Florida","Sumter County",5,46,903,499,404
050,12,119,"Florida","Sumter County",5,47,799,484,315
050,12,119,"Florida","Sumter County",5,48,863,461,402
050,12,119,"Florida","Sumter County",5,49,944,536,408
050,12,119,"Florida","Sumter County",5,50,928,499,429
050,12,119,"Florida","Sumter County",5,51,1057,586,471
050,12,119,"Florida","Sumter County",5,52,1181,621,560
050,12,119,"Florida","Sumter County",5,53,1207,629,578
050,12,119,"Florida","Sumter County",5,54,1155,597,558
050,12,119,"Florida","Sumter County",5,55,1304,647,657
050,12,119,"Florida","Sumter County",5,56,1486,689,797
050,12,119,"Florida","Sumter County",5,57,1627,722,905
050,12,119,"Florida","Sumter County",5,58,1811,810,1001
050,12,119,"Florida","Sumter County",5,59,2078,937,1141
050,12,119,"Florida","Sumter County",5,60,2303,1014,1289
050,12,119,"Florida","Sumter County",5,61,2397,1102,1295
050,12,119,"Florida","Sumter County",5,62,2782,1221,1561
050,12,119,"Florida","Sumter County",5,63,2914,1299,1615
050,12,119,"Florida","Sumter County",5,64,3172,1408,1764
050,12,119,"Florida","Sumter County",5,65,3487,1518,1969
050,12,119,"Florida","Sumter County",5,66,3701,1631,2070
050,12,119,"Florida","Sumter County",5,67,3836,1663,2173
050,12,119,"Florida","Sumter County",5,68,4013,1717,2296
050,12,119,"Florida","Sumter County",5,69,4223,1860,2363
050,12,119,"Florida","Sumter County",5,70,4238,1844,2394
050,12,119,"Florida","Sumter County",5,71,4698,2111,2587
050,12,119,"Florida","Sumter County",5,72,4755,2135,2620
050,12,119,"Florida","Sumter County",5,73,4804,2177,2627
050,12,119,"Florida","Sumter County",5,74,5005,2275,2730
050,12,119,"Florida","Sumter County",5,75,5219,2478,2741
050,12,119,"Florida","Sumter County",5,76,5974,2914,3060
050,12,119,"Florida","Sumter County",5,77,4027,1941,2086
050,12,119,"Florida","Sumter County",5,78,3796,1834,1962
050,12,119,"Florida","Sumter County",5,79,3693,1808,1885
050,12,119,"Florida","Sumter County",5,80,3794,1888,1906
050,12,119,"Florida","Sumter County",5,81,3106,1565,1541
050,12,119,"Florida","Sumter County",5,82,2645,1359,1286
050,12,119,"Florida","Sumter County",5,83,2195,1134,1061
050,12,119,"Florida","Sumter County",5,84,1886,977,909
050,12,119,"Florida","Sumter County",5,85,7522,3894,3628
050,12,121,"Florida","Suwannee County",1,0,438,227,211
050,12,121,"Florida","Suwannee County",1,1,448,254,194
050,12,121,"Florida","Suwannee County",1,2,460,236,224
050,12,121,"Florida","Suwannee County",1,3,475,236,239
050,12,121,"Florida","Suwannee County",1,4,486,233,253
050,12,121,"Florida","Suwannee County",1,5,477,237,240
050,12,121,"Florida","Suwannee County",1,6,489,248,241
050,12,121,"Florida","Suwannee County",1,7,502,276,226
050,12,121,"Florida","Suwannee County",1,8,518,254,264
050,12,121,"Florida","Suwannee County",1,9,502,230,272
050,12,121,"Florida","Suwannee County",1,10,549,280,269
050,12,121,"Florida","Suwannee County",1,11,599,307,292
050,12,121,"Florida","Suwannee County",1,12,575,289,286
050,12,121,"Florida","Suwannee County",1,13,581,290,291
050,12,121,"Florida","Suwannee County",1,14,554,286,268
050,12,121,"Florida","Suwannee County",1,15,559,282,277
050,12,121,"Florida","Suwannee County",1,16,541,285,256
050,12,121,"Florida","Suwannee County",1,17,527,277,250
050,12,121,"Florida","Suwannee County",1,18,493,284,209
050,12,121,"Florida","Suwannee County",1,19,409,230,179
050,12,121,"Florida","Suwannee County",1,20,404,223,181
050,12,121,"Florida","Suwannee County",1,21,460,259,201
050,12,121,"Florida","Suwannee County",1,22,507,302,205
050,12,121,"Florida","Suwannee County",1,23,497,307,190
050,12,121,"Florida","Suwannee County",1,24,486,282,204
050,12,121,"Florida","Suwannee County",1,25,566,370,196
050,12,121,"Florida","Suwannee County",1,26,526,316,210
050,12,121,"Florida","Suwannee County",1,27,497,300,197
050,12,121,"Florida","Suwannee County",1,28,544,321,223
050,12,121,"Florida","Suwannee County",1,29,552,306,246
050,12,121,"Florida","Suwannee County",1,30,531,298,233
050,12,121,"Florida","Suwannee County",1,31,523,299,224
050,12,121,"Florida","Suwannee County",1,32,518,301,217
050,12,121,"Florida","Suwannee County",1,33,539,316,223
050,12,121,"Florida","Suwannee County",1,34,534,291,243
050,12,121,"Florida","Suwannee County",1,35,525,292,233
050,12,121,"Florida","Suwannee County",1,36,478,248,230
050,12,121,"Florida","Suwannee County",1,37,536,314,222
050,12,121,"Florida","Suwannee County",1,38,514,272,242
050,12,121,"Florida","Suwannee County",1,39,508,268,240
050,12,121,"Florida","Suwannee County",1,40,502,275,227
050,12,121,"Florida","Suwannee County",1,41,495,259,236
050,12,121,"Florida","Suwannee County",1,42,455,240,215
050,12,121,"Florida","Suwannee County",1,43,467,262,205
050,12,121,"Florida","Suwannee County",1,44,445,233,212
050,12,121,"Florida","Suwannee County",1,45,448,231,217
050,12,121,"Florida","Suwannee County",1,46,484,267,217
050,12,121,"Florida","Suwannee County",1,47,523,285,238
050,12,121,"Florida","Suwannee County",1,48,531,277,254
050,12,121,"Florida","Suwannee County",1,49,552,281,271
050,12,121,"Florida","Suwannee County",1,50,522,263,259
050,12,121,"Florida","Suwannee County",1,51,503,249,254
050,12,121,"Florida","Suwannee County",1,52,515,266,249
050,12,121,"Florida","Suwannee County",1,53,540,283,257
050,12,121,"Florida","Suwannee County",1,54,535,276,259
050,12,121,"Florida","Suwannee County",1,55,607,310,297
050,12,121,"Florida","Suwannee County",1,56,638,321,317
050,12,121,"Florida","Suwannee County",1,57,595,293,302
050,12,121,"Florida","Suwannee County",1,58,614,308,306
050,12,121,"Florida","Suwannee County",1,59,631,315,316
050,12,121,"Florida","Suwannee County",1,60,604,303,301
050,12,121,"Florida","Suwannee County",1,61,647,306,341
050,12,121,"Florida","Suwannee County",1,62,654,329,325
050,12,121,"Florida","Suwannee County",1,63,648,313,335
050,12,121,"Florida","Suwannee County",1,64,649,305,344
050,12,121,"Florida","Suwannee County",1,65,627,290,337
050,12,121,"Florida","Suwannee County",1,66,543,253,290
050,12,121,"Florida","Suwannee County",1,67,555,270,285
050,12,121,"Florida","Suwannee County",1,68,547,253,294
050,12,121,"Florida","Suwannee County",1,69,526,252,274
050,12,121,"Florida","Suwannee County",1,70,498,252,246
050,12,121,"Florida","Suwannee County",1,71,515,237,278
050,12,121,"Florida","Suwannee County",1,72,522,261,261
050,12,121,"Florida","Suwannee County",1,73,507,251,256
050,12,121,"Florida","Suwannee County",1,74,378,180,198
050,12,121,"Florida","Suwannee County",1,75,388,190,198
050,12,121,"Florida","Suwannee County",1,76,382,194,188
050,12,121,"Florida","Suwannee County",1,77,408,199,209
050,12,121,"Florida","Suwannee County",1,78,312,144,168
050,12,121,"Florida","Suwannee County",1,79,290,141,149
050,12,121,"Florida","Suwannee County",1,80,283,134,149
050,12,121,"Florida","Suwannee County",1,81,262,125,137
050,12,121,"Florida","Suwannee County",1,82,243,109,134
050,12,121,"Florida","Suwannee County",1,83,201,97,104
050,12,121,"Florida","Suwannee County",1,84,201,93,108
050,12,121,"Florida","Suwannee County",1,85,1053,389,664
050,12,121,"Florida","Suwannee County",2,0,429,230,199
050,12,121,"Florida","Suwannee County",2,1,446,246,200
050,12,121,"Florida","Suwannee County",2,2,460,241,219
050,12,121,"Florida","Suwannee County",2,3,472,236,236
050,12,121,"Florida","Suwannee County",2,4,487,237,250
050,12,121,"Florida","Suwannee County",2,5,484,238,246
050,12,121,"Florida","Suwannee County",2,6,490,249,241
050,12,121,"Florida","Suwannee County",2,7,502,271,231
050,12,121,"Florida","Suwannee County",2,8,510,257,253
050,12,121,"Florida","Suwannee County",2,9,507,237,270
050,12,121,"Florida","Suwannee County",2,10,542,269,273
050,12,121,"Florida","Suwannee County",2,11,586,299,287
050,12,121,"Florida","Suwannee County",2,12,586,295,291
050,12,121,"Florida","Suwannee County",2,13,581,291,290
050,12,121,"Florida","Suwannee County",2,14,565,290,275
050,12,121,"Florida","Suwannee County",2,15,560,286,274
050,12,121,"Florida","Suwannee County",2,16,547,287,260
050,12,121,"Florida","Suwannee County",2,17,531,281,250
050,12,121,"Florida","Suwannee County",2,18,479,273,206
050,12,121,"Florida","Suwannee County",2,19,405,231,174
050,12,121,"Florida","Suwannee County",2,20,412,227,185
050,12,121,"Florida","Suwannee County",2,21,458,259,199
050,12,121,"Florida","Suwannee County",2,22,506,296,210
050,12,121,"Florida","Suwannee County",2,23,508,313,195
050,12,121,"Florida","Suwannee County",2,24,481,280,201
050,12,121,"Florida","Suwannee County",2,25,564,366,198
050,12,121,"Florida","Suwannee County",2,26,522,314,208
050,12,121,"Florida","Suwannee County",2,27,500,299,201
050,12,121,"Florida","Suwannee County",2,28,533,315,218
050,12,121,"Florida","Suwannee County",2,29,539,301,238
050,12,121,"Florida","Suwannee County",2,30,543,303,240
050,12,121,"Florida","Suwannee County",2,31,527,300,227
050,12,121,"Florida","Suwannee County",2,32,514,293,221
050,12,121,"Florida","Suwannee County",2,33,544,321,223
050,12,121,"Florida","Suwannee County",2,34,524,287,237
050,12,121,"Florida","Suwannee County",2,35,530,294,236
050,12,121,"Florida","Suwannee County",2,36,488,255,233
050,12,121,"Florida","Suwannee County",2,37,530,303,227
050,12,121,"Florida","Suwannee County",2,38,520,281,239
050,12,121,"Florida","Suwannee County",2,39,513,269,244
050,12,121,"Florida","Suwannee County",2,40,504,270,234
050,12,121,"Florida","Suwannee County",2,41,497,263,234
050,12,121,"Florida","Suwannee County",2,42,463,243,220
050,12,121,"Florida","Suwannee County",2,43,474,264,210
050,12,121,"Florida","Suwannee County",2,44,444,233,211
050,12,121,"Florida","Suwannee County",2,45,456,236,220
050,12,121,"Florida","Suwannee County",2,46,474,256,218
050,12,121,"Florida","Suwannee County",2,47,511,280,231
050,12,121,"Florida","Suwannee County",2,48,527,277,250
050,12,121,"Florida","Suwannee County",2,49,549,282,267
050,12,121,"Florida","Suwannee County",2,50,530,268,262
050,12,121,"Florida","Suwannee County",2,51,506,252,254
050,12,121,"Florida","Suwannee County",2,52,513,262,251
050,12,121,"Florida","Suwannee County",2,53,535,278,257
050,12,121,"Florida","Suwannee County",2,54,536,276,260
050,12,121,"Florida","Suwannee County",2,55,592,300,292
050,12,121,"Florida","Suwannee County",2,56,634,320,314
050,12,121,"Florida","Suwannee County",2,57,610,303,307
050,12,121,"Florida","Suwannee County",2,58,611,307,304
050,12,121,"Florida","Suwannee County",2,59,633,316,317
050,12,121,"Florida","Suwannee County",2,60,614,306,308
050,12,121,"Florida","Suwannee County",2,61,640,307,333
050,12,121,"Florida","Suwannee County",2,62,654,324,330
050,12,121,"Florida","Suwannee County",2,63,656,318,338
050,12,121,"Florida","Suwannee County",2,64,647,305,342
050,12,121,"Florida","Suwannee County",2,65,631,293,338
050,12,121,"Florida","Suwannee County",2,66,568,263,305
050,12,121,"Florida","Suwannee County",2,67,545,260,285
050,12,121,"Florida","Suwannee County",2,68,543,255,288
050,12,121,"Florida","Suwannee County",2,69,534,254,280
050,12,121,"Florida","Suwannee County",2,70,496,250,246
050,12,121,"Florida","Suwannee County",2,71,511,240,271
050,12,121,"Florida","Suwannee County",2,72,510,250,260
050,12,121,"Florida","Suwannee County",2,73,532,267,265
050,12,121,"Florida","Suwannee County",2,74,384,184,200
050,12,121,"Florida","Suwannee County",2,75,386,189,197
050,12,121,"Florida","Suwannee County",2,76,373,190,183
050,12,121,"Florida","Suwannee County",2,77,403,199,204
050,12,121,"Florida","Suwannee County",2,78,330,157,173
050,12,121,"Florida","Suwannee County",2,79,290,139,151
050,12,121,"Florida","Suwannee County",2,80,284,135,149
050,12,121,"Florida","Suwannee County",2,81,258,125,133
050,12,121,"Florida","Suwannee County",2,82,242,112,130
050,12,121,"Florida","Suwannee County",2,83,206,98,108
050,12,121,"Florida","Suwannee County",2,84,193,90,103
050,12,121,"Florida","Suwannee County",2,85,1070,396,674
050,12,121,"Florida","Suwannee County",3,0,427,218,209
050,12,121,"Florida","Suwannee County",3,1,438,230,208
050,12,121,"Florida","Suwannee County",3,2,471,259,212
050,12,121,"Florida","Suwannee County",3,3,495,257,238
050,12,121,"Florida","Suwannee County",3,4,491,243,248
050,12,121,"Florida","Suwannee County",3,5,507,245,262
050,12,121,"Florida","Suwannee County",3,6,516,264,252
050,12,121,"Florida","Suwannee County",3,7,513,261,252
050,12,121,"Florida","Suwannee County",3,8,507,270,237
050,12,121,"Florida","Suwannee County",3,9,513,258,255
050,12,121,"Florida","Suwannee County",3,10,538,258,280
050,12,121,"Florida","Suwannee County",3,11,545,280,265
050,12,121,"Florida","Suwannee County",3,12,611,314,297
050,12,121,"Florida","Suwannee County",3,13,586,301,285
050,12,121,"Florida","Suwannee County",3,14,612,308,304
050,12,121,"Florida","Suwannee County",3,15,576,302,274
050,12,121,"Florida","Suwannee County",3,16,592,305,287
050,12,121,"Florida","Suwannee County",3,17,563,291,272
050,12,121,"Florida","Suwannee County",3,18,476,257,219
050,12,121,"Florida","Suwannee County",3,19,397,217,180
050,12,121,"Florida","Suwannee County",3,20,423,234,189
050,12,121,"Florida","Suwannee County",3,21,468,275,193
050,12,121,"Florida","Suwannee County",3,22,495,276,219
050,12,121,"Florida","Suwannee County",3,23,534,310,224
050,12,121,"Florida","Suwannee County",3,24,485,271,214
050,12,121,"Florida","Suwannee County",3,25,544,346,198
050,12,121,"Florida","Suwannee County",3,26,484,296,188
050,12,121,"Florida","Suwannee County",3,27,510,295,215
050,12,121,"Florida","Suwannee County",3,28,500,286,214
050,12,121,"Florida","Suwannee County",3,29,490,279,211
050,12,121,"Florida","Suwannee County",3,30,567,309,258
050,12,121,"Florida","Suwannee County",3,31,560,306,254
050,12,121,"Florida","Suwannee County",3,32,504,279,225
050,12,121,"Florida","Suwannee County",3,33,520,301,219
050,12,121,"Florida","Suwannee County",3,34,506,279,227
050,12,121,"Florida","Suwannee County",3,35,530,282,248
050,12,121,"Florida","Suwannee County",3,36,543,286,257
050,12,121,"Florida","Suwannee County",3,37,535,289,246
050,12,121,"Florida","Suwannee County",3,38,540,297,243
050,12,121,"Florida","Suwannee County",3,39,520,277,243
050,12,121,"Florida","Suwannee County",3,40,506,257,249
050,12,121,"Florida","Suwannee County",3,41,506,266,240
050,12,121,"Florida","Suwannee County",3,42,504,260,244
050,12,121,"Florida","Suwannee County",3,43,502,273,229
050,12,121,"Florida","Suwannee County",3,44,459,248,211
050,12,121,"Florida","Suwannee County",3,45,450,241,209
050,12,121,"Florida","Suwannee County",3,46,448,224,224
050,12,121,"Florida","Suwannee County",3,47,475,259,216
050,12,121,"Florida","Suwannee County",3,48,498,264,234
050,12,121,"Florida","Suwannee County",3,49,525,269,256
050,12,121,"Florida","Suwannee County",3,50,566,288,278
050,12,121,"Florida","Suwannee County",3,51,548,282,266
050,12,121,"Florida","Suwannee County",3,52,527,260,267
050,12,121,"Florida","Suwannee County",3,53,513,252,261
050,12,121,"Florida","Suwannee County",3,54,538,276,262
050,12,121,"Florida","Suwannee County",3,55,542,268,274
050,12,121,"Florida","Suwannee County",3,56,613,315,298
050,12,121,"Florida","Suwannee County",3,57,645,315,330
050,12,121,"Florida","Suwannee County",3,58,633,310,323
050,12,121,"Florida","Suwannee County",3,59,635,318,317
050,12,121,"Florida","Suwannee County",3,60,646,321,325
050,12,121,"Florida","Suwannee County",3,61,627,300,327
050,12,121,"Florida","Suwannee County",3,62,661,318,343
050,12,121,"Florida","Suwannee County",3,63,668,340,328
050,12,121,"Florida","Suwannee County",3,64,653,324,329
050,12,121,"Florida","Suwannee County",3,65,644,302,342
050,12,121,"Florida","Suwannee County",3,66,647,298,349
050,12,121,"Florida","Suwannee County",3,67,564,266,298
050,12,121,"Florida","Suwannee County",3,68,545,258,287
050,12,121,"Florida","Suwannee County",3,69,547,258,289
050,12,121,"Florida","Suwannee County",3,70,540,261,279
050,12,121,"Florida","Suwannee County",3,71,502,247,255
050,12,121,"Florida","Suwannee County",3,72,510,236,274
050,12,121,"Florida","Suwannee County",3,73,511,252,259
050,12,121,"Florida","Suwannee County",3,74,520,251,269
050,12,121,"Florida","Suwannee County",3,75,368,180,188
050,12,121,"Florida","Suwannee County",3,76,382,190,192
050,12,121,"Florida","Suwannee County",3,77,360,181,179
050,12,121,"Florida","Suwannee County",3,78,390,190,200
050,12,121,"Florida","Suwannee County",3,79,315,145,170
050,12,121,"Florida","Suwannee County",3,80,277,128,149
050,12,121,"Florida","Suwannee County",3,81,250,112,138
050,12,121,"Florida","Suwannee County",3,82,241,113,128
050,12,121,"Florida","Suwannee County",3,83,213,103,110
050,12,121,"Florida","Suwannee County",3,84,189,91,98
050,12,121,"Florida","Suwannee County",3,85,1090,422,668
050,12,121,"Florida","Suwannee County",4,0,433,209,224
050,12,121,"Florida","Suwannee County",4,1,481,242,239
050,12,121,"Florida","Suwannee County",4,2,437,229,208
050,12,121,"Florida","Suwannee County",4,3,503,275,228
050,12,121,"Florida","Suwannee County",4,4,499,263,236
050,12,121,"Florida","Suwannee County",4,5,507,249,258
050,12,121,"Florida","Suwannee County",4,6,515,252,263
050,12,121,"Florida","Suwannee County",4,7,528,268,260
050,12,121,"Florida","Suwannee County",4,8,522,254,268
050,12,121,"Florida","Suwannee County",4,9,519,270,249
050,12,121,"Florida","Suwannee County",4,10,544,278,266
050,12,121,"Florida","Suwannee County",4,11,532,254,278
050,12,121,"Florida","Suwannee County",4,12,560,287,273
050,12,121,"Florida","Suwannee County",4,13,616,319,297
050,12,121,"Florida","Suwannee County",4,14,598,300,298
050,12,121,"Florida","Suwannee County",4,15,613,316,297
050,12,121,"Florida","Suwannee County",4,16,584,305,279
050,12,121,"Florida","Suwannee County",4,17,599,317,282
050,12,121,"Florida","Suwannee County",4,18,495,273,222
050,12,121,"Florida","Suwannee County",4,19,373,206,167
050,12,121,"Florida","Suwannee County",4,20,414,222,192
050,12,121,"Florida","Suwannee County",4,21,489,292,197
050,12,121,"Florida","Suwannee County",4,22,521,317,204
050,12,121,"Florida","Suwannee County",4,23,569,319,250
050,12,121,"Florida","Suwannee County",4,24,539,301,238
050,12,121,"Florida","Suwannee County",4,25,582,370,212
050,12,121,"Florida","Suwannee County",4,26,538,329,209
050,12,121,"Florida","Suwannee County",4,27,506,328,178
050,12,121,"Florida","Suwannee County",4,28,554,319,235
050,12,121,"Florida","Suwannee County",4,29,514,296,218
050,12,121,"Florida","Suwannee County",4,30,527,311,216
050,12,121,"Florida","Suwannee County",4,31,585,327,258
050,12,121,"Florida","Suwannee County",4,32,577,318,259
050,12,121,"Florida","Suwannee County",4,33,565,319,246
050,12,121,"Florida","Suwannee County",4,34,516,282,234
050,12,121,"Florida","Suwannee County",4,35,533,296,237
050,12,121,"Florida","Suwannee County",4,36,545,282,263
050,12,121,"Florida","Suwannee County",4,37,583,329,254
050,12,121,"Florida","Suwannee County",4,38,558,308,250
050,12,121,"Florida","Suwannee County",4,39,576,318,258
050,12,121,"Florida","Suwannee County",4,40,536,278,258
050,12,121,"Florida","Suwannee County",4,41,534,272,262
050,12,121,"Florida","Suwannee County",4,42,505,264,241
050,12,121,"Florida","Suwannee County",4,43,527,280,247
050,12,121,"Florida","Suwannee County",4,44,502,264,238
050,12,121,"Florida","Suwannee County",4,45,493,275,218
050,12,121,"Florida","Suwannee County",4,46,458,238,220
050,12,121,"Florida","Suwannee County",4,47,459,237,222
050,12,121,"Florida","Suwannee County",4,48,500,265,235
050,12,121,"Florida","Suwannee County",4,49,515,275,240
050,12,121,"Florida","Suwannee County",4,50,550,290,260
050,12,121,"Florida","Suwannee County",4,51,585,302,283
050,12,121,"Florida","Suwannee County",4,52,568,292,276
050,12,121,"Florida","Suwannee County",4,53,533,251,282
050,12,121,"Florida","Suwannee County",4,54,523,260,263
050,12,121,"Florida","Suwannee County",4,55,561,280,281
050,12,121,"Florida","Suwannee County",4,56,560,280,280
050,12,121,"Florida","Suwannee County",4,57,620,312,308
050,12,121,"Florida","Suwannee County",4,58,644,313,331
050,12,121,"Florida","Suwannee County",4,59,658,326,332
050,12,121,"Florida","Suwannee County",4,60,649,321,328
050,12,121,"Florida","Suwannee County",4,61,662,325,337
050,12,121,"Florida","Suwannee County",4,62,667,325,342
050,12,121,"Florida","Suwannee County",4,63,699,328,371
050,12,121,"Florida","Suwannee County",4,64,698,356,342
050,12,121,"Florida","Suwannee County",4,65,636,315,321
050,12,121,"Florida","Suwannee County",4,66,672,319,353
050,12,121,"Florida","Suwannee County",4,67,646,288,358
050,12,121,"Florida","Suwannee County",4,68,575,268,307
050,12,121,"Florida","Suwannee County",4,69,563,263,300
050,12,121,"Florida","Suwannee County",4,70,553,264,289
050,12,121,"Florida","Suwannee County",4,71,530,258,272
050,12,121,"Florida","Suwannee County",4,72,492,245,247
050,12,121,"Florida","Suwannee County",4,73,512,239,273
050,12,121,"Florida","Suwannee County",4,74,500,245,255
050,12,121,"Florida","Suwannee County",4,75,512,248,264
050,12,121,"Florida","Suwannee County",4,76,366,181,185
050,12,121,"Florida","Suwannee County",4,77,361,170,191
050,12,121,"Florida","Suwannee County",4,78,351,175,176
050,12,121,"Florida","Suwannee County",4,79,355,171,184
050,12,121,"Florida","Suwannee County",4,80,309,136,173
050,12,121,"Florida","Suwannee County",4,81,246,109,137
050,12,121,"Florida","Suwannee County",4,82,243,101,142
050,12,121,"Florida","Suwannee County",4,83,222,110,112
050,12,121,"Florida","Suwannee County",4,84,195,93,102
050,12,121,"Florida","Suwannee County",4,85,1111,448,663
050,12,121,"Florida","Suwannee County",5,0,438,210,228
050,12,121,"Florida","Suwannee County",5,1,444,224,220
050,12,121,"Florida","Suwannee County",5,2,501,253,248
050,12,121,"Florida","Suwannee County",5,3,449,239,210
050,12,121,"Florida","Suwannee County",5,4,498,263,235
050,12,121,"Florida","Suwannee County",5,5,515,274,241
050,12,121,"Florida","Suwannee County",5,6,509,248,261
050,12,121,"Florida","Suwannee County",5,7,518,260,258
050,12,121,"Florida","Suwannee County",5,8,508,265,243
050,12,121,"Florida","Suwannee County",5,9,545,262,283
050,12,121,"Florida","Suwannee County",5,10,532,267,265
050,12,121,"Florida","Suwannee County",5,11,559,290,269
050,12,121,"Florida","Suwannee County",5,12,544,261,283
050,12,121,"Florida","Suwannee County",5,13,582,292,290
050,12,121,"Florida","Suwannee County",5,14,626,316,310
050,12,121,"Florida","Suwannee County",5,15,601,299,302
050,12,121,"Florida","Suwannee County",5,16,614,313,301
050,12,121,"Florida","Suwannee County",5,17,590,299,291
050,12,121,"Florida","Suwannee County",5,18,530,297,233
050,12,121,"Florida","Suwannee County",5,19,405,222,183
050,12,121,"Florida","Suwannee County",5,20,397,215,182
050,12,121,"Florida","Suwannee County",5,21,499,296,203
050,12,121,"Florida","Suwannee County",5,22,550,321,229
050,12,121,"Florida","Suwannee County",5,23,560,348,212
050,12,121,"Florida","Suwannee County",5,24,549,298,251
050,12,121,"Florida","Suwannee County",5,25,614,380,234
050,12,121,"Florida","Suwannee County",5,26,545,335,210
050,12,121,"Florida","Suwannee County",5,27,526,319,207
050,12,121,"Florida","Suwannee County",5,28,525,332,193
050,12,121,"Florida","Suwannee County",5,29,527,298,229
050,12,121,"Florida","Suwannee County",5,30,529,301,228
050,12,121,"Florida","Suwannee County",5,31,547,304,243
050,12,121,"Florida","Suwannee County",5,32,572,309,263
050,12,121,"Florida","Suwannee County",5,33,613,345,268
050,12,121,"Florida","Suwannee County",5,34,519,286,233
050,12,121,"Florida","Suwannee County",5,35,521,283,238
050,12,121,"Florida","Suwannee County",5,36,547,291,256
050,12,121,"Florida","Suwannee County",5,37,578,317,261
050,12,121,"Florida","Suwannee County",5,38,567,310,257
050,12,121,"Florida","Suwannee County",5,39,556,305,251
050,12,121,"Florida","Suwannee County",5,40,555,294,261
050,12,121,"Florida","Suwannee County",5,41,552,289,263
050,12,121,"Florida","Suwannee County",5,42,515,253,262
050,12,121,"Florida","Suwannee County",5,43,548,308,240
050,12,121,"Florida","Suwannee County",5,44,522,264,258
050,12,121,"Florida","Suwannee County",5,45,538,297,241
050,12,121,"Florida","Suwannee County",5,46,500,270,230
050,12,121,"Florida","Suwannee County",5,47,492,260,232
050,12,121,"Florida","Suwannee County",5,48,471,235,236
050,12,121,"Florida","Suwannee County",5,49,523,274,249
050,12,121,"Florida","Suwannee County",5,50,545,293,252
050,12,121,"Florida","Suwannee County",5,51,575,298,277
050,12,121,"Florida","Suwannee County",5,52,594,301,293
050,12,121,"Florida","Suwannee County",5,53,555,286,269
050,12,121,"Florida","Suwannee County",5,54,535,253,282
050,12,121,"Florida","Suwannee County",5,55,535,257,278
050,12,121,"Florida","Suwannee County",5,56,581,294,287
050,12,121,"Florida","Suwannee County",5,57,561,277,284
050,12,121,"Florida","Suwannee County",5,58,650,321,329
050,12,121,"Florida","Suwannee County",5,59,667,329,338
050,12,121,"Florida","Suwannee County",5,60,666,334,332
050,12,121,"Florida","Suwannee County",5,61,657,329,328
050,12,121,"Florida","Suwannee County",5,62,707,348,359
050,12,121,"Florida","Suwannee County",5,63,702,346,356
050,12,121,"Florida","Suwannee County",5,64,715,343,372
050,12,121,"Florida","Suwannee County",5,65,708,364,344
050,12,121,"Florida","Suwannee County",5,66,652,322,330
050,12,121,"Florida","Suwannee County",5,67,670,316,354
050,12,121,"Florida","Suwannee County",5,68,634,281,353
050,12,121,"Florida","Suwannee County",5,69,570,262,308
050,12,121,"Florida","Suwannee County",5,70,563,265,298
050,12,121,"Florida","Suwannee County",5,71,553,259,294
050,12,121,"Florida","Suwannee County",5,72,515,250,265
050,12,121,"Florida","Suwannee County",5,73,482,243,239
050,12,121,"Florida","Suwannee County",5,74,498,229,269
050,12,121,"Florida","Suwannee County",5,75,484,239,245
050,12,121,"Florida","Suwannee County",5,76,493,247,246
050,12,121,"Florida","Suwannee County",5,77,360,167,193
050,12,121,"Florida","Suwannee County",5,78,350,160,190
050,12,121,"Florida","Suwannee County",5,79,326,162,164
050,12,121,"Florida","Suwannee County",5,80,352,162,190
050,12,121,"Florida","Suwannee County",5,81,275,115,160
050,12,121,"Florida","Suwannee County",5,82,236,100,136
050,12,121,"Florida","Suwannee County",5,83,226,96,130
050,12,121,"Florida","Suwannee County",5,84,212,104,108
050,12,121,"Florida","Suwannee County",5,85,1161,481,680
050,12,123,"Florida","Taylor County",1,0,232,122,110
050,12,123,"Florida","Taylor County",1,1,226,122,104
050,12,123,"Florida","Taylor County",1,2,227,110,117
050,12,123,"Florida","Taylor County",1,3,241,137,104
050,12,123,"Florida","Taylor County",1,4,245,112,133
050,12,123,"Florida","Taylor County",1,5,227,111,116
050,12,123,"Florida","Taylor County",1,6,236,121,115
050,12,123,"Florida","Taylor County",1,7,236,123,113
050,12,123,"Florida","Taylor County",1,8,251,135,116
050,12,123,"Florida","Taylor County",1,9,253,128,125
050,12,123,"Florida","Taylor County",1,10,256,134,122
050,12,123,"Florida","Taylor County",1,11,268,136,132
050,12,123,"Florida","Taylor County",1,12,274,130,144
050,12,123,"Florida","Taylor County",1,13,256,129,127
050,12,123,"Florida","Taylor County",1,14,248,134,114
050,12,123,"Florida","Taylor County",1,15,222,105,117
050,12,123,"Florida","Taylor County",1,16,235,115,120
050,12,123,"Florida","Taylor County",1,17,225,119,106
050,12,123,"Florida","Taylor County",1,18,208,114,94
050,12,123,"Florida","Taylor County",1,19,171,92,79
050,12,123,"Florida","Taylor County",1,20,188,100,88
050,12,123,"Florida","Taylor County",1,21,200,117,83
050,12,123,"Florida","Taylor County",1,22,252,156,96
050,12,123,"Florida","Taylor County",1,23,275,178,97
050,12,123,"Florida","Taylor County",1,24,282,182,100
050,12,123,"Florida","Taylor County",1,25,289,181,108
050,12,123,"Florida","Taylor County",1,26,295,180,115
050,12,123,"Florida","Taylor County",1,27,312,205,107
050,12,123,"Florida","Taylor County",1,28,356,236,120
050,12,123,"Florida","Taylor County",1,29,355,234,121
050,12,123,"Florida","Taylor County",1,30,344,212,132
050,12,123,"Florida","Taylor County",1,31,301,180,121
050,12,123,"Florida","Taylor County",1,32,293,185,108
050,12,123,"Florida","Taylor County",1,33,277,177,100
050,12,123,"Florida","Taylor County",1,34,273,169,104
050,12,123,"Florida","Taylor County",1,35,304,187,117
050,12,123,"Florida","Taylor County",1,36,281,173,108
050,12,123,"Florida","Taylor County",1,37,270,153,117
050,12,123,"Florida","Taylor County",1,38,252,158,94
050,12,123,"Florida","Taylor County",1,39,268,163,105
050,12,123,"Florida","Taylor County",1,40,257,159,98
050,12,123,"Florida","Taylor County",1,41,249,162,87
050,12,123,"Florida","Taylor County",1,42,246,157,89
050,12,123,"Florida","Taylor County",1,43,247,138,109
050,12,123,"Florida","Taylor County",1,44,248,155,93
050,12,123,"Florida","Taylor County",1,45,286,180,106
050,12,123,"Florida","Taylor County",1,46,272,171,101
050,12,123,"Florida","Taylor County",1,47,276,163,113
050,12,123,"Florida","Taylor County",1,48,293,179,114
050,12,123,"Florida","Taylor County",1,49,280,161,119
050,12,123,"Florida","Taylor County",1,50,259,148,111
050,12,123,"Florida","Taylor County",1,51,275,155,120
050,12,123,"Florida","Taylor County",1,52,273,156,117
050,12,123,"Florida","Taylor County",1,53,278,147,131
050,12,123,"Florida","Taylor County",1,54,298,159,139
050,12,123,"Florida","Taylor County",1,55,277,152,125
050,12,123,"Florida","Taylor County",1,56,268,136,132
050,12,123,"Florida","Taylor County",1,57,271,140,131
050,12,123,"Florida","Taylor County",1,58,294,153,141
050,12,123,"Florida","Taylor County",1,59,296,155,141
050,12,123,"Florida","Taylor County",1,60,283,145,138
050,12,123,"Florida","Taylor County",1,61,290,151,139
050,12,123,"Florida","Taylor County",1,62,310,155,155
050,12,123,"Florida","Taylor County",1,63,316,153,163
050,12,123,"Florida","Taylor County",1,64,277,133,144
050,12,123,"Florida","Taylor County",1,65,288,150,138
050,12,123,"Florida","Taylor County",1,66,290,150,140
050,12,123,"Florida","Taylor County",1,67,279,148,131
050,12,123,"Florida","Taylor County",1,68,263,129,134
050,12,123,"Florida","Taylor County",1,69,259,126,133
050,12,123,"Florida","Taylor County",1,70,238,110,128
050,12,123,"Florida","Taylor County",1,71,258,126,132
050,12,123,"Florida","Taylor County",1,72,274,129,145
050,12,123,"Florida","Taylor County",1,73,269,134,135
050,12,123,"Florida","Taylor County",1,74,209,99,110
050,12,123,"Florida","Taylor County",1,75,193,92,101
050,12,123,"Florida","Taylor County",1,76,194,86,108
050,12,123,"Florida","Taylor County",1,77,186,96,90
050,12,123,"Florida","Taylor County",1,78,149,70,79
050,12,123,"Florida","Taylor County",1,79,138,57,81
050,12,123,"Florida","Taylor County",1,80,122,50,72
050,12,123,"Florida","Taylor County",1,81,121,57,64
050,12,123,"Florida","Taylor County",1,82,117,57,60
050,12,123,"Florida","Taylor County",1,83,90,43,47
050,12,123,"Florida","Taylor County",1,84,99,45,54
050,12,123,"Florida","Taylor County",1,85,440,173,267
050,12,123,"Florida","Taylor County",2,0,222,110,112
050,12,123,"Florida","Taylor County",2,1,225,121,104
050,12,123,"Florida","Taylor County",2,2,225,114,111
050,12,123,"Florida","Taylor County",2,3,237,130,107
050,12,123,"Florida","Taylor County",2,4,243,118,125
050,12,123,"Florida","Taylor County",2,5,229,111,118
050,12,123,"Florida","Taylor County",2,6,236,120,116
050,12,123,"Florida","Taylor County",2,7,237,124,113
050,12,123,"Florida","Taylor County",2,8,249,133,116
050,12,123,"Florida","Taylor County",2,9,252,130,122
050,12,123,"Florida","Taylor County",2,10,255,133,122
050,12,123,"Florida","Taylor County",2,11,267,135,132
050,12,123,"Florida","Taylor County",2,12,274,133,141
050,12,123,"Florida","Taylor County",2,13,261,130,131
050,12,123,"Florida","Taylor County",2,14,248,131,117
050,12,123,"Florida","Taylor County",2,15,229,113,116
050,12,123,"Florida","Taylor County",2,16,231,113,118
050,12,123,"Florida","Taylor County",2,17,228,118,110
050,12,123,"Florida","Taylor County",2,18,203,112,91
050,12,123,"Florida","Taylor County",2,19,174,94,80
050,12,123,"Florida","Taylor County",2,20,192,102,90
050,12,123,"Florida","Taylor County",2,21,204,120,84
050,12,123,"Florida","Taylor County",2,22,251,156,95
050,12,123,"Florida","Taylor County",2,23,274,176,98
050,12,123,"Florida","Taylor County",2,24,276,176,100
050,12,123,"Florida","Taylor County",2,25,284,178,106
050,12,123,"Florida","Taylor County",2,26,295,180,115
050,12,123,"Florida","Taylor County",2,27,307,200,107
050,12,123,"Florida","Taylor County",2,28,345,228,117
050,12,123,"Florida","Taylor County",2,29,353,233,120
050,12,123,"Florida","Taylor County",2,30,341,210,131
050,12,123,"Florida","Taylor County",2,31,307,183,124
050,12,123,"Florida","Taylor County",2,32,290,179,111
050,12,123,"Florida","Taylor County",2,33,277,176,101
050,12,123,"Florida","Taylor County",2,34,272,169,103
050,12,123,"Florida","Taylor County",2,35,299,185,114
050,12,123,"Florida","Taylor County",2,36,283,173,110
050,12,123,"Florida","Taylor County",2,37,269,155,114
050,12,123,"Florida","Taylor County",2,38,252,153,99
050,12,123,"Florida","Taylor County",2,39,261,161,100
050,12,123,"Florida","Taylor County",2,40,256,158,98
050,12,123,"Florida","Taylor County",2,41,253,163,90
050,12,123,"Florida","Taylor County",2,42,242,153,89
050,12,123,"Florida","Taylor County",2,43,246,140,106
050,12,123,"Florida","Taylor County",2,44,250,152,98
050,12,123,"Florida","Taylor County",2,45,276,173,103
050,12,123,"Florida","Taylor County",2,46,272,169,103
050,12,123,"Florida","Taylor County",2,47,274,163,111
050,12,123,"Florida","Taylor County",2,48,292,176,116
050,12,123,"Florida","Taylor County",2,49,282,163,119
050,12,123,"Florida","Taylor County",2,50,264,150,114
050,12,123,"Florida","Taylor County",2,51,273,156,117
050,12,123,"Florida","Taylor County",2,52,271,153,118
050,12,123,"Florida","Taylor County",2,53,273,146,127
050,12,123,"Florida","Taylor County",2,54,290,155,135
050,12,123,"Florida","Taylor County",2,55,283,154,129
050,12,123,"Florida","Taylor County",2,56,272,139,133
050,12,123,"Florida","Taylor County",2,57,272,141,131
050,12,123,"Florida","Taylor County",2,58,285,149,136
050,12,123,"Florida","Taylor County",2,59,296,155,141
050,12,123,"Florida","Taylor County",2,60,286,148,138
050,12,123,"Florida","Taylor County",2,61,285,147,138
050,12,123,"Florida","Taylor County",2,62,304,154,150
050,12,123,"Florida","Taylor County",2,63,316,152,164
050,12,123,"Florida","Taylor County",2,64,284,137,147
050,12,123,"Florida","Taylor County",2,65,288,148,140
050,12,123,"Florida","Taylor County",2,66,286,146,140
050,12,123,"Florida","Taylor County",2,67,280,148,132
050,12,123,"Florida","Taylor County",2,68,265,131,134
050,12,123,"Florida","Taylor County",2,69,262,128,134
050,12,123,"Florida","Taylor County",2,70,242,114,128
050,12,123,"Florida","Taylor County",2,71,253,120,133
050,12,123,"Florida","Taylor County",2,72,266,126,140
050,12,123,"Florida","Taylor County",2,73,281,137,144
050,12,123,"Florida","Taylor County",2,74,209,101,108
050,12,123,"Florida","Taylor County",2,75,197,94,103
050,12,123,"Florida","Taylor County",2,76,193,88,105
050,12,123,"Florida","Taylor County",2,77,190,94,96
050,12,123,"Florida","Taylor County",2,78,154,75,79
050,12,123,"Florida","Taylor County",2,79,139,58,81
050,12,123,"Florida","Taylor County",2,80,124,51,73
050,12,123,"Florida","Taylor County",2,81,119,54,65
050,12,123,"Florida","Taylor County",2,82,117,55,62
050,12,123,"Florida","Taylor County",2,83,93,44,49
050,12,123,"Florida","Taylor County",2,84,95,45,50
050,12,123,"Florida","Taylor County",2,85,436,168,268
050,12,123,"Florida","Taylor County",3,0,208,107,101
050,12,123,"Florida","Taylor County",3,1,234,110,124
050,12,123,"Florida","Taylor County",3,2,220,115,105
050,12,123,"Florida","Taylor County",3,3,234,112,122
050,12,123,"Florida","Taylor County",3,4,234,127,107
050,12,123,"Florida","Taylor County",3,5,242,120,122
050,12,123,"Florida","Taylor County",3,6,232,113,119
050,12,123,"Florida","Taylor County",3,7,233,123,110
050,12,123,"Florida","Taylor County",3,8,234,125,109
050,12,123,"Florida","Taylor County",3,9,256,137,119
050,12,123,"Florida","Taylor County",3,10,248,130,118
050,12,123,"Florida","Taylor County",3,11,247,133,114
050,12,123,"Florida","Taylor County",3,12,267,135,132
050,12,123,"Florida","Taylor County",3,13,272,133,139
050,12,123,"Florida","Taylor County",3,14,258,130,128
050,12,123,"Florida","Taylor County",3,15,247,138,109
050,12,123,"Florida","Taylor County",3,16,225,108,117
050,12,123,"Florida","Taylor County",3,17,235,111,124
050,12,123,"Florida","Taylor County",3,18,202,107,95
050,12,123,"Florida","Taylor County",3,19,165,91,74
050,12,123,"Florida","Taylor County",3,20,187,97,90
050,12,123,"Florida","Taylor County",3,21,211,114,97
050,12,123,"Florida","Taylor County",3,22,222,127,95
050,12,123,"Florida","Taylor County",3,23,247,146,101
050,12,123,"Florida","Taylor County",3,24,238,135,103
050,12,123,"Florida","Taylor County",3,25,248,146,102
050,12,123,"Florida","Taylor County",3,26,256,144,112
050,12,123,"Florida","Taylor County",3,27,259,149,110
050,12,123,"Florida","Taylor County",3,28,277,167,110
050,12,123,"Florida","Taylor County",3,29,299,185,114
050,12,123,"Florida","Taylor County",3,30,302,179,123
050,12,123,"Florida","Taylor County",3,31,291,162,129
050,12,123,"Florida","Taylor County",3,32,264,150,114
050,12,123,"Florida","Taylor County",3,33,263,155,108
050,12,123,"Florida","Taylor County",3,34,251,149,102
050,12,123,"Florida","Taylor County",3,35,249,144,105
050,12,123,"Florida","Taylor County",3,36,275,168,107
050,12,123,"Florida","Taylor County",3,37,258,141,117
050,12,123,"Florida","Taylor County",3,38,240,133,107
050,12,123,"Florida","Taylor County",3,39,231,133,98
050,12,123,"Florida","Taylor County",3,40,245,141,104
050,12,123,"Florida","Taylor County",3,41,238,143,95
050,12,123,"Florida","Taylor County",3,42,219,124,95
050,12,123,"Florida","Taylor County",3,43,216,123,93
050,12,123,"Florida","Taylor County",3,44,231,125,106
050,12,123,"Florida","Taylor County",3,45,223,122,101
050,12,123,"Florida","Taylor County",3,46,248,145,103
050,12,123,"Florida","Taylor County",3,47,244,140,104
050,12,123,"Florida","Taylor County",3,48,259,145,114
050,12,123,"Florida","Taylor County",3,49,263,139,124
050,12,123,"Florida","Taylor County",3,50,267,147,120
050,12,123,"Florida","Taylor County",3,51,262,145,117
050,12,123,"Florida","Taylor County",3,52,245,127,118
050,12,123,"Florida","Taylor County",3,53,244,125,119
050,12,123,"Florida","Taylor County",3,54,263,137,126
050,12,123,"Florida","Taylor County",3,55,286,149,137
050,12,123,"Florida","Taylor County",3,56,268,140,128
050,12,123,"Florida","Taylor County",3,57,265,134,131
050,12,123,"Florida","Taylor County",3,58,251,123,128
050,12,123,"Florida","Taylor County",3,59,283,146,137
050,12,123,"Florida","Taylor County",3,60,293,151,142
050,12,123,"Florida","Taylor County",3,61,287,149,138
050,12,123,"Florida","Taylor County",3,62,274,143,131
050,12,123,"Florida","Taylor County",3,63,312,157,155
050,12,123,"Florida","Taylor County",3,64,311,150,161
050,12,123,"Florida","Taylor County",3,65,287,140,147
050,12,123,"Florida","Taylor County",3,66,289,145,144
050,12,123,"Florida","Taylor County",3,67,280,140,140
050,12,123,"Florida","Taylor County",3,68,274,142,132
050,12,123,"Florida","Taylor County",3,69,258,131,127
050,12,123,"Florida","Taylor County",3,70,258,127,131
050,12,123,"Florida","Taylor County",3,71,232,105,127
050,12,123,"Florida","Taylor County",3,72,245,117,128
050,12,123,"Florida","Taylor County",3,73,257,121,136
050,12,123,"Florida","Taylor County",3,74,279,136,143
050,12,123,"Florida","Taylor County",3,75,197,94,103
050,12,123,"Florida","Taylor County",3,76,192,92,100
050,12,123,"Florida","Taylor County",3,77,188,82,106
050,12,123,"Florida","Taylor County",3,78,178,89,89
050,12,123,"Florida","Taylor County",3,79,148,67,81
050,12,123,"Florida","Taylor County",3,80,128,49,79
050,12,123,"Florida","Taylor County",3,81,115,47,68
050,12,123,"Florida","Taylor County",3,82,111,52,59
050,12,123,"Florida","Taylor County",3,83,102,43,59
050,12,123,"Florida","Taylor County",3,84,87,41,46
050,12,123,"Florida","Taylor County",3,85,444,179,265
050,12,123,"Florida","Taylor County",4,0,221,112,109
050,12,123,"Florida","Taylor County",4,1,212,114,98
050,12,123,"Florida","Taylor County",4,2,245,119,126
050,12,123,"Florida","Taylor County",4,3,245,119,126
050,12,123,"Florida","Taylor County",4,4,246,114,132
050,12,123,"Florida","Taylor County",4,5,248,132,116
050,12,123,"Florida","Taylor County",4,6,235,115,120
050,12,123,"Florida","Taylor County",4,7,242,121,121
050,12,123,"Florida","Taylor County",4,8,252,133,119
050,12,123,"Florida","Taylor County",4,9,246,141,105
050,12,123,"Florida","Taylor County",4,10,268,148,120
050,12,123,"Florida","Taylor County",4,11,258,133,125
050,12,123,"Florida","Taylor County",4,12,253,135,118
050,12,123,"Florida","Taylor County",4,13,265,134,131
050,12,123,"Florida","Taylor County",4,14,281,138,143
050,12,123,"Florida","Taylor County",4,15,259,129,130
050,12,123,"Florida","Taylor County",4,16,242,137,105
050,12,123,"Florida","Taylor County",4,17,230,111,119
050,12,123,"Florida","Taylor County",4,18,199,101,98
050,12,123,"Florida","Taylor County",4,19,164,84,80
050,12,123,"Florida","Taylor County",4,20,177,101,76
050,12,123,"Florida","Taylor County",4,21,209,118,91
050,12,123,"Florida","Taylor County",4,22,251,140,111
050,12,123,"Florida","Taylor County",4,23,253,150,103
050,12,123,"Florida","Taylor County",4,24,258,153,105
050,12,123,"Florida","Taylor County",4,25,239,134,105
050,12,123,"Florida","Taylor County",4,26,252,156,96
050,12,123,"Florida","Taylor County",4,27,263,156,107
050,12,123,"Florida","Taylor County",4,28,267,159,108
050,12,123,"Florida","Taylor County",4,29,296,176,120
050,12,123,"Florida","Taylor County",4,30,296,174,122
050,12,123,"Florida","Taylor County",4,31,300,171,129
050,12,123,"Florida","Taylor County",4,32,287,158,129
050,12,123,"Florida","Taylor County",4,33,284,160,124
050,12,123,"Florida","Taylor County",4,34,272,161,111
050,12,123,"Florida","Taylor County",4,35,264,162,102
050,12,123,"Florida","Taylor County",4,36,260,151,109
050,12,123,"Florida","Taylor County",4,37,274,166,108
050,12,123,"Florida","Taylor County",4,38,272,148,124
050,12,123,"Florida","Taylor County",4,39,246,133,113
050,12,123,"Florida","Taylor County",4,40,244,140,104
050,12,123,"Florida","Taylor County",4,41,257,148,109
050,12,123,"Florida","Taylor County",4,42,242,143,99
050,12,123,"Florida","Taylor County",4,43,230,133,97
050,12,123,"Florida","Taylor County",4,44,241,142,99
050,12,123,"Florida","Taylor County",4,45,231,125,106
050,12,123,"Florida","Taylor County",4,46,232,122,110
050,12,123,"Florida","Taylor County",4,47,260,154,106
050,12,123,"Florida","Taylor County",4,48,253,147,106
050,12,123,"Florida","Taylor County",4,49,246,141,105
050,12,123,"Florida","Taylor County",4,50,263,134,129
050,12,123,"Florida","Taylor County",4,51,282,161,121
050,12,123,"Florida","Taylor County",4,52,272,152,120
050,12,123,"Florida","Taylor County",4,53,251,131,120
050,12,123,"Florida","Taylor County",4,54,259,134,125
050,12,123,"Florida","Taylor County",4,55,273,150,123
050,12,123,"Florida","Taylor County",4,56,293,150,143
050,12,123,"Florida","Taylor County",4,57,276,144,132
050,12,123,"Florida","Taylor County",4,58,270,134,136
050,12,123,"Florida","Taylor County",4,59,252,124,128
050,12,123,"Florida","Taylor County",4,60,286,148,138
050,12,123,"Florida","Taylor County",4,61,304,162,142
050,12,123,"Florida","Taylor County",4,62,288,146,142
050,12,123,"Florida","Taylor County",4,63,292,154,138
050,12,123,"Florida","Taylor County",4,64,310,148,162
050,12,123,"Florida","Taylor County",4,65,322,158,164
050,12,123,"Florida","Taylor County",4,66,301,145,156
050,12,123,"Florida","Taylor County",4,67,288,145,143
050,12,123,"Florida","Taylor County",4,68,270,139,131
050,12,123,"Florida","Taylor County",4,69,266,138,128
050,12,123,"Florida","Taylor County",4,70,256,130,126
050,12,123,"Florida","Taylor County",4,71,266,132,134
050,12,123,"Florida","Taylor County",4,72,231,103,128
050,12,123,"Florida","Taylor County",4,73,235,110,125
050,12,123,"Florida","Taylor County",4,74,258,121,137
050,12,123,"Florida","Taylor County",4,75,271,135,136
050,12,123,"Florida","Taylor County",4,76,190,86,104
050,12,123,"Florida","Taylor County",4,77,184,88,96
050,12,123,"Florida","Taylor County",4,78,179,80,99
050,12,123,"Florida","Taylor County",4,79,175,87,88
050,12,123,"Florida","Taylor County",4,80,138,62,76
050,12,123,"Florida","Taylor County",4,81,122,48,74
050,12,123,"Florida","Taylor County",4,82,107,43,64
050,12,123,"Florida","Taylor County",4,83,93,39,54
050,12,123,"Florida","Taylor County",4,84,86,35,51
050,12,123,"Florida","Taylor County",4,85,437,172,265
050,12,123,"Florida","Taylor County",5,0,223,112,111
050,12,123,"Florida","Taylor County",5,1,219,105,114
050,12,123,"Florida","Taylor County",5,2,224,118,106
050,12,123,"Florida","Taylor County",5,3,263,118,145
050,12,123,"Florida","Taylor County",5,4,241,111,130
050,12,123,"Florida","Taylor County",5,5,248,111,137
050,12,123,"Florida","Taylor County",5,6,252,135,117
050,12,123,"Florida","Taylor County",5,7,239,121,118
050,12,123,"Florida","Taylor County",5,8,241,120,121
050,12,123,"Florida","Taylor County",5,9,285,160,125
050,12,123,"Florida","Taylor County",5,10,265,149,116
050,12,123,"Florida","Taylor County",5,11,264,144,120
050,12,123,"Florida","Taylor County",5,12,256,133,123
050,12,123,"Florida","Taylor County",5,13,260,144,116
050,12,123,"Florida","Taylor County",5,14,263,129,134
050,12,123,"Florida","Taylor County",5,15,284,139,145
050,12,123,"Florida","Taylor County",5,16,269,138,131
050,12,123,"Florida","Taylor County",5,17,246,143,103
050,12,123,"Florida","Taylor County",5,18,204,105,99
050,12,123,"Florida","Taylor County",5,19,156,80,76
050,12,123,"Florida","Taylor County",5,20,179,88,91
050,12,123,"Florida","Taylor County",5,21,214,126,88
050,12,123,"Florida","Taylor County",5,22,233,141,92
050,12,123,"Florida","Taylor County",5,23,280,168,112
050,12,123,"Florida","Taylor County",5,24,250,151,99
050,12,123,"Florida","Taylor County",5,25,252,148,104
050,12,123,"Florida","Taylor County",5,26,236,135,101
050,12,123,"Florida","Taylor County",5,27,268,166,102
050,12,123,"Florida","Taylor County",5,28,261,157,104
050,12,123,"Florida","Taylor County",5,29,281,154,127
050,12,123,"Florida","Taylor County",5,30,280,165,115
050,12,123,"Florida","Taylor County",5,31,289,166,123
050,12,123,"Florida","Taylor County",5,32,300,174,126
050,12,123,"Florida","Taylor County",5,33,286,160,126
050,12,123,"Florida","Taylor County",5,34,287,163,124
050,12,123,"Florida","Taylor County",5,35,292,175,117
050,12,123,"Florida","Taylor County",5,36,278,169,109
050,12,123,"Florida","Taylor County",5,37,268,150,118
050,12,123,"Florida","Taylor County",5,38,273,162,111
050,12,123,"Florida","Taylor County",5,39,278,147,131
050,12,123,"Florida","Taylor County",5,40,258,136,122
050,12,123,"Florida","Taylor County",5,41,243,142,101
050,12,123,"Florida","Taylor County",5,42,256,146,110
050,12,123,"Florida","Taylor County",5,43,244,143,101
050,12,123,"Florida","Taylor County",5,44,236,137,99
050,12,123,"Florida","Taylor County",5,45,243,141,102
050,12,123,"Florida","Taylor County",5,46,231,127,104
050,12,123,"Florida","Taylor County",5,47,228,119,109
050,12,123,"Florida","Taylor County",5,48,271,163,108
050,12,123,"Florida","Taylor County",5,49,242,135,107
050,12,123,"Florida","Taylor County",5,50,247,137,110
050,12,123,"Florida","Taylor County",5,51,279,147,132
050,12,123,"Florida","Taylor County",5,52,293,161,132
050,12,123,"Florida","Taylor County",5,53,268,150,118
050,12,123,"Florida","Taylor County",5,54,247,128,119
050,12,123,"Florida","Taylor County",5,55,268,141,127
050,12,123,"Florida","Taylor County",5,56,267,143,124
050,12,123,"Florida","Taylor County",5,57,296,150,146
050,12,123,"Florida","Taylor County",5,58,271,137,134
050,12,123,"Florida","Taylor County",5,59,277,134,143
050,12,123,"Florida","Taylor County",5,60,256,126,130
050,12,123,"Florida","Taylor County",5,61,292,153,139
050,12,123,"Florida","Taylor County",5,62,318,167,151
050,12,123,"Florida","Taylor County",5,63,297,147,150
050,12,123,"Florida","Taylor County",5,64,287,152,135
050,12,123,"Florida","Taylor County",5,65,311,153,158
050,12,123,"Florida","Taylor County",5,66,333,166,167
050,12,123,"Florida","Taylor County",5,67,303,142,161
050,12,123,"Florida","Taylor County",5,68,275,138,137
050,12,123,"Florida","Taylor County",5,69,270,139,131
050,12,123,"Florida","Taylor County",5,70,256,129,127
050,12,123,"Florida","Taylor County",5,71,259,131,128
050,12,123,"Florida","Taylor County",5,72,258,128,130
050,12,123,"Florida","Taylor County",5,73,211,92,119
050,12,123,"Florida","Taylor County",5,74,229,106,123
050,12,123,"Florida","Taylor County",5,75,247,116,131
050,12,123,"Florida","Taylor County",5,76,263,125,138
050,12,123,"Florida","Taylor County",5,77,188,86,102
050,12,123,"Florida","Taylor County",5,78,174,84,90
050,12,123,"Florida","Taylor County",5,79,170,71,99
050,12,123,"Florida","Taylor County",5,80,161,84,77
050,12,123,"Florida","Taylor County",5,81,126,58,68
050,12,123,"Florida","Taylor County",5,82,118,48,70
050,12,123,"Florida","Taylor County",5,83,93,34,59
050,12,123,"Florida","Taylor County",5,84,83,34,49
050,12,123,"Florida","Taylor County",5,85,452,174,278
050,12,125,"Florida","Union County",1,0,176,92,84
050,12,125,"Florida","Union County",1,1,189,108,81
050,12,125,"Florida","Union County",1,2,166,93,73
050,12,125,"Florida","Union County",1,3,168,96,72
050,12,125,"Florida","Union County",1,4,196,117,79
050,12,125,"Florida","Union County",1,5,185,91,94
050,12,125,"Florida","Union County",1,6,185,93,92
050,12,125,"Florida","Union County",1,7,186,100,86
050,12,125,"Florida","Union County",1,8,187,99,88
050,12,125,"Florida","Union County",1,9,182,85,97
050,12,125,"Florida","Union County",1,10,183,87,96
050,12,125,"Florida","Union County",1,11,176,87,89
050,12,125,"Florida","Union County",1,12,220,96,124
050,12,125,"Florida","Union County",1,13,218,109,109
050,12,125,"Florida","Union County",1,14,202,110,92
050,12,125,"Florida","Union County",1,15,198,104,94
050,12,125,"Florida","Union County",1,16,194,102,92
050,12,125,"Florida","Union County",1,17,181,98,83
050,12,125,"Florida","Union County",1,18,164,106,58
050,12,125,"Florida","Union County",1,19,159,108,51
050,12,125,"Florida","Union County",1,20,200,131,69
050,12,125,"Florida","Union County",1,21,212,151,61
050,12,125,"Florida","Union County",1,22,184,118,66
050,12,125,"Florida","Union County",1,23,220,154,66
050,12,125,"Florida","Union County",1,24,218,155,63
050,12,125,"Florida","Union County",1,25,222,157,65
050,12,125,"Florida","Union County",1,26,249,179,70
050,12,125,"Florida","Union County",1,27,238,174,64
050,12,125,"Florida","Union County",1,28,227,168,59
050,12,125,"Florida","Union County",1,29,237,163,74
050,12,125,"Florida","Union County",1,30,234,159,75
050,12,125,"Florida","Union County",1,31,254,171,83
050,12,125,"Florida","Union County",1,32,231,148,83
050,12,125,"Florida","Union County",1,33,245,174,71
050,12,125,"Florida","Union County",1,34,226,172,54
050,12,125,"Florida","Union County",1,35,206,140,66
050,12,125,"Florida","Union County",1,36,233,158,75
050,12,125,"Florida","Union County",1,37,228,156,72
050,12,125,"Florida","Union County",1,38,223,146,77
050,12,125,"Florida","Union County",1,39,217,149,68
050,12,125,"Florida","Union County",1,40,230,163,67
050,12,125,"Florida","Union County",1,41,212,152,60
050,12,125,"Florida","Union County",1,42,202,140,62
050,12,125,"Florida","Union County",1,43,203,136,67
050,12,125,"Florida","Union County",1,44,192,138,54
050,12,125,"Florida","Union County",1,45,196,136,60
050,12,125,"Florida","Union County",1,46,207,139,68
050,12,125,"Florida","Union County",1,47,215,151,64
050,12,125,"Florida","Union County",1,48,229,154,75
050,12,125,"Florida","Union County",1,49,216,155,61
050,12,125,"Florida","Union County",1,50,194,141,53
050,12,125,"Florida","Union County",1,51,231,166,65
050,12,125,"Florida","Union County",1,52,221,164,57
050,12,125,"Florida","Union County",1,53,200,152,48
050,12,125,"Florida","Union County",1,54,229,170,59
050,12,125,"Florida","Union County",1,55,258,184,74
050,12,125,"Florida","Union County",1,56,287,210,77
050,12,125,"Florida","Union County",1,57,254,184,70
050,12,125,"Florida","Union County",1,58,267,193,74
050,12,125,"Florida","Union County",1,59,239,173,66
050,12,125,"Florida","Union County",1,60,226,162,64
050,12,125,"Florida","Union County",1,61,193,136,57
050,12,125,"Florida","Union County",1,62,193,135,58
050,12,125,"Florida","Union County",1,63,176,110,66
050,12,125,"Florida","Union County",1,64,190,125,65
050,12,125,"Florida","Union County",1,65,177,121,56
050,12,125,"Florida","Union County",1,66,167,107,60
050,12,125,"Florida","Union County",1,67,171,104,67
050,12,125,"Florida","Union County",1,68,146,85,61
050,12,125,"Florida","Union County",1,69,136,65,71
050,12,125,"Florida","Union County",1,70,133,75,58
050,12,125,"Florida","Union County",1,71,128,68,60
050,12,125,"Florida","Union County",1,72,153,77,76
050,12,125,"Florida","Union County",1,73,168,87,81
050,12,125,"Florida","Union County",1,74,112,53,59
050,12,125,"Florida","Union County",1,75,98,44,54
050,12,125,"Florida","Union County",1,76,111,53,58
050,12,125,"Florida","Union County",1,77,101,48,53
050,12,125,"Florida","Union County",1,78,90,39,51
050,12,125,"Florida","Union County",1,79,77,35,42
050,12,125,"Florida","Union County",1,80,58,28,30
050,12,125,"Florida","Union County",1,81,55,27,28
050,12,125,"Florida","Union County",1,82,68,30,38
050,12,125,"Florida","Union County",1,83,53,22,31
050,12,125,"Florida","Union County",1,84,55,23,32
050,12,125,"Florida","Union County",1,85,207,95,112
050,12,125,"Florida","Union County",2,0,176,93,83
050,12,125,"Florida","Union County",2,1,183,103,80
050,12,125,"Florida","Union County",2,2,171,97,74
050,12,125,"Florida","Union County",2,3,168,96,72
050,12,125,"Florida","Union County",2,4,189,111,78
050,12,125,"Florida","Union County",2,5,187,97,90
050,12,125,"Florida","Union County",2,6,185,92,93
050,12,125,"Florida","Union County",2,7,188,99,89
050,12,125,"Florida","Union County",2,8,190,100,90
050,12,125,"Florida","Union County",2,9,183,89,94
050,12,125,"Florida","Union County",2,10,181,86,95
050,12,125,"Florida","Union County",2,11,176,85,91
050,12,125,"Florida","Union County",2,12,213,96,117
050,12,125,"Florida","Union County",2,13,220,108,112
050,12,125,"Florida","Union County",2,14,207,110,97
050,12,125,"Florida","Union County",2,15,199,105,94
050,12,125,"Florida","Union County",2,16,197,104,93
050,12,125,"Florida","Union County",2,17,184,99,85
050,12,125,"Florida","Union County",2,18,161,100,61
050,12,125,"Florida","Union County",2,19,152,101,51
050,12,125,"Florida","Union County",2,20,188,122,66
050,12,125,"Florida","Union County",2,21,203,138,65
050,12,125,"Florida","Union County",2,22,177,110,67
050,12,125,"Florida","Union County",2,23,208,140,68
050,12,125,"Florida","Union County",2,24,204,140,64
050,12,125,"Florida","Union County",2,25,207,142,65
050,12,125,"Florida","Union County",2,26,233,163,70
050,12,125,"Florida","Union County",2,27,224,158,66
050,12,125,"Florida","Union County",2,28,212,152,60
050,12,125,"Florida","Union County",2,29,216,147,69
050,12,125,"Florida","Union County",2,30,216,143,73
050,12,125,"Florida","Union County",2,31,235,153,82
050,12,125,"Florida","Union County",2,32,220,137,83
050,12,125,"Florida","Union County",2,33,229,156,73
050,12,125,"Florida","Union County",2,34,211,153,58
050,12,125,"Florida","Union County",2,35,193,130,63
050,12,125,"Florida","Union County",2,36,217,144,73
050,12,125,"Florida","Union County",2,37,217,144,73
050,12,125,"Florida","Union County",2,38,212,137,75
050,12,125,"Florida","Union County",2,39,208,139,69
050,12,125,"Florida","Union County",2,40,216,149,67
050,12,125,"Florida","Union County",2,41,201,141,60
050,12,125,"Florida","Union County",2,42,189,128,61
050,12,125,"Florida","Union County",2,43,189,124,65
050,12,125,"Florida","Union County",2,44,180,125,55
050,12,125,"Florida","Union County",2,45,183,124,59
050,12,125,"Florida","Union County",2,46,188,125,63
050,12,125,"Florida","Union County",2,47,202,137,65
050,12,125,"Florida","Union County",2,48,215,142,73
050,12,125,"Florida","Union County",2,49,204,139,65
050,12,125,"Florida","Union County",2,50,187,131,56
050,12,125,"Florida","Union County",2,51,210,149,61
050,12,125,"Florida","Union County",2,52,206,149,57
050,12,125,"Florida","Union County",2,53,185,136,49
050,12,125,"Florida","Union County",2,54,210,153,57
050,12,125,"Florida","Union County",2,55,231,161,70
050,12,125,"Florida","Union County",2,56,265,189,76
050,12,125,"Florida","Union County",2,57,239,167,72
050,12,125,"Florida","Union County",2,58,243,171,72
050,12,125,"Florida","Union County",2,59,223,155,68
050,12,125,"Florida","Union County",2,60,209,145,64
050,12,125,"Florida","Union County",2,61,181,124,57
050,12,125,"Florida","Union County",2,62,177,120,57
050,12,125,"Florida","Union County",2,63,167,101,66
050,12,125,"Florida","Union County",2,64,174,110,64
050,12,125,"Florida","Union County",2,65,166,108,58
050,12,125,"Florida","Union County",2,66,158,98,60
050,12,125,"Florida","Union County",2,67,163,98,65
050,12,125,"Florida","Union County",2,68,146,83,63
050,12,125,"Florida","Union County",2,69,131,64,67
050,12,125,"Florida","Union County",2,70,128,67,61
050,12,125,"Florida","Union County",2,71,125,64,61
050,12,125,"Florida","Union County",2,72,141,70,71
050,12,125,"Florida","Union County",2,73,168,85,83
050,12,125,"Florida","Union County",2,74,114,54,60
050,12,125,"Florida","Union County",2,75,98,41,57
050,12,125,"Florida","Union County",2,76,106,50,56
050,12,125,"Florida","Union County",2,77,105,48,57
050,12,125,"Florida","Union County",2,78,90,40,50
050,12,125,"Florida","Union County",2,79,79,35,44
050,12,125,"Florida","Union County",2,80,60,28,32
050,12,125,"Florida","Union County",2,81,55,26,29
050,12,125,"Florida","Union County",2,82,60,25,35
050,12,125,"Florida","Union County",2,83,53,22,31
050,12,125,"Florida","Union County",2,84,53,21,32
050,12,125,"Florida","Union County",2,85,212,99,113
050,12,125,"Florida","Union County",3,0,143,80,63
050,12,125,"Florida","Union County",3,1,182,97,85
050,12,125,"Florida","Union County",3,2,192,106,86
050,12,125,"Florida","Union County",3,3,188,103,85
050,12,125,"Florida","Union County",3,4,175,97,78
050,12,125,"Florida","Union County",3,5,199,115,84
050,12,125,"Florida","Union County",3,6,200,100,100
050,12,125,"Florida","Union County",3,7,200,100,100
050,12,125,"Florida","Union County",3,8,200,106,94
050,12,125,"Florida","Union County",3,9,191,99,92
050,12,125,"Florida","Union County",3,10,186,94,92
050,12,125,"Florida","Union County",3,11,180,81,99
050,12,125,"Florida","Union County",3,12,185,92,93
050,12,125,"Florida","Union County",3,13,211,91,120
050,12,125,"Florida","Union County",3,14,220,109,111
050,12,125,"Florida","Union County",3,15,209,112,97
050,12,125,"Florida","Union County",3,16,206,112,94
050,12,125,"Florida","Union County",3,17,211,120,91
050,12,125,"Florida","Union County",3,18,169,106,63
050,12,125,"Florida","Union County",3,19,157,112,45
050,12,125,"Florida","Union County",3,20,173,122,51
050,12,125,"Florida","Union County",3,21,203,131,72
050,12,125,"Florida","Union County",3,22,188,116,72
050,12,125,"Florida","Union County",3,23,224,155,69
050,12,125,"Florida","Union County",3,24,216,147,69
050,12,125,"Florida","Union County",3,25,207,141,66
050,12,125,"Florida","Union County",3,26,251,182,69
050,12,125,"Florida","Union County",3,27,243,176,67
050,12,125,"Florida","Union County",3,28,237,170,67
050,12,125,"Florida","Union County",3,29,231,162,69
050,12,125,"Florida","Union County",3,30,202,140,62
050,12,125,"Florida","Union County",3,31,245,169,76
050,12,125,"Florida","Union County",3,32,239,153,86
050,12,125,"Florida","Union County",3,33,246,167,79
050,12,125,"Florida","Union County",3,34,235,162,73
050,12,125,"Florida","Union County",3,35,204,143,61
050,12,125,"Florida","Union County",3,36,213,146,67
050,12,125,"Florida","Union County",3,37,214,143,71
050,12,125,"Florida","Union County",3,38,216,151,65
050,12,125,"Florida","Union County",3,39,227,141,86
050,12,125,"Florida","Union County",3,40,216,155,61
050,12,125,"Florida","Union County",3,41,228,161,67
050,12,125,"Florida","Union County",3,42,215,158,57
050,12,125,"Florida","Union County",3,43,191,126,65
050,12,125,"Florida","Union County",3,44,186,125,61
050,12,125,"Florida","Union County",3,45,188,131,57
050,12,125,"Florida","Union County",3,46,189,127,62
050,12,125,"Florida","Union County",3,47,201,145,56
050,12,125,"Florida","Union County",3,48,218,149,69
050,12,125,"Florida","Union County",3,49,216,150,66
050,12,125,"Florida","Union County",3,50,209,138,71
050,12,125,"Florida","Union County",3,51,210,154,56
050,12,125,"Florida","Union County",3,52,215,157,58
050,12,125,"Florida","Union County",3,53,197,140,57
050,12,125,"Florida","Union County",3,54,199,150,49
050,12,125,"Florida","Union County",3,55,210,153,57
050,12,125,"Florida","Union County",3,56,260,191,69
050,12,125,"Florida","Union County",3,57,261,181,80
050,12,125,"Florida","Union County",3,58,243,176,67
050,12,125,"Florida","Union County",3,59,224,156,68
050,12,125,"Florida","Union County",3,60,218,149,69
050,12,125,"Florida","Union County",3,61,186,124,62
050,12,125,"Florida","Union County",3,62,178,123,55
050,12,125,"Florida","Union County",3,63,160,104,56
050,12,125,"Florida","Union County",3,64,177,112,65
050,12,125,"Florida","Union County",3,65,160,95,65
050,12,125,"Florida","Union County",3,66,150,90,60
050,12,125,"Florida","Union County",3,67,156,95,61
050,12,125,"Florida","Union County",3,68,149,87,62
050,12,125,"Florida","Union County",3,69,136,70,66
050,12,125,"Florida","Union County",3,70,128,63,65
050,12,125,"Florida","Union County",3,71,111,55,56
050,12,125,"Florida","Union County",3,72,123,61,62
050,12,125,"Florida","Union County",3,73,136,64,72
050,12,125,"Florida","Union County",3,74,168,82,86
050,12,125,"Florida","Union County",3,75,108,48,60
050,12,125,"Florida","Union County",3,76,100,44,56
050,12,125,"Florida","Union County",3,77,97,44,53
050,12,125,"Florida","Union County",3,78,103,47,56
050,12,125,"Florida","Union County",3,79,87,38,49
050,12,125,"Florida","Union County",3,80,76,30,46
050,12,125,"Florida","Union County",3,81,63,30,33
050,12,125,"Florida","Union County",3,82,52,25,27
050,12,125,"Florida","Union County",3,83,51,16,35
050,12,125,"Florida","Union County",3,84,53,23,30
050,12,125,"Florida","Union County",3,85,230,102,128
050,12,125,"Florida","Union County",4,0,148,84,64
050,12,125,"Florida","Union County",4,1,144,86,58
050,12,125,"Florida","Union County",4,2,183,100,83
050,12,125,"Florida","Union County",4,3,192,102,90
050,12,125,"Florida","Union County",4,4,194,109,85
050,12,125,"Florida","Union County",4,5,184,97,87
050,12,125,"Florida","Union County",4,6,210,122,88
050,12,125,"Florida","Union County",4,7,199,103,96
050,12,125,"Florida","Union County",4,8,207,106,101
050,12,125,"Florida","Union County",4,9,209,109,100
050,12,125,"Florida","Union County",4,10,204,111,93
050,12,125,"Florida","Union County",4,11,187,98,89
050,12,125,"Florida","Union County",4,12,182,86,96
050,12,125,"Florida","Union County",4,13,182,97,85
050,12,125,"Florida","Union County",4,14,217,98,119
050,12,125,"Florida","Union County",4,15,218,106,112
050,12,125,"Florida","Union County",4,16,219,120,99
050,12,125,"Florida","Union County",4,17,220,122,98
050,12,125,"Florida","Union County",4,18,194,121,73
050,12,125,"Florida","Union County",4,19,159,110,49
050,12,125,"Florida","Union County",4,20,161,120,41
050,12,125,"Florida","Union County",4,21,176,124,52
050,12,125,"Florida","Union County",4,22,183,107,76
050,12,125,"Florida","Union County",4,23,213,135,78
050,12,125,"Florida","Union County",4,24,215,142,73
050,12,125,"Florida","Union County",4,25,194,128,66
050,12,125,"Florida","Union County",4,26,208,150,58
050,12,125,"Florida","Union County",4,27,232,161,71
050,12,125,"Florida","Union County",4,28,224,156,68
050,12,125,"Florida","Union County",4,29,219,150,69
050,12,125,"Florida","Union County",4,30,203,140,63
050,12,125,"Florida","Union County",4,31,205,143,62
050,12,125,"Florida","Union County",4,32,230,154,76
050,12,125,"Florida","Union County",4,33,258,168,90
050,12,125,"Florida","Union County",4,34,232,152,80
050,12,125,"Florida","Union County",4,35,187,123,64
050,12,125,"Florida","Union County",4,36,206,142,64
050,12,125,"Florida","Union County",4,37,205,138,67
050,12,125,"Florida","Union County",4,38,208,130,78
050,12,125,"Florida","Union County",4,39,213,143,70
050,12,125,"Florida","Union County",4,40,217,135,82
050,12,125,"Florida","Union County",4,41,213,149,64
050,12,125,"Florida","Union County",4,42,216,150,66
050,12,125,"Florida","Union County",4,43,199,145,54
050,12,125,"Florida","Union County",4,44,180,116,64
050,12,125,"Florida","Union County",4,45,185,121,64
050,12,125,"Florida","Union County",4,46,178,116,62
050,12,125,"Florida","Union County",4,47,190,129,61
050,12,125,"Florida","Union County",4,48,197,137,60
050,12,125,"Florida","Union County",4,49,210,143,67
050,12,125,"Florida","Union County",4,50,205,137,68
050,12,125,"Florida","Union County",4,51,216,146,70
050,12,125,"Florida","Union County",4,52,200,149,51
050,12,125,"Florida","Union County",4,53,196,137,59
050,12,125,"Florida","Union County",4,54,201,149,52
050,12,125,"Florida","Union County",4,55,188,139,49
050,12,125,"Florida","Union County",4,56,226,168,58
050,12,125,"Florida","Union County",4,57,236,166,70
050,12,125,"Florida","Union County",4,58,257,178,79
050,12,125,"Florida","Union County",4,59,208,145,63
050,12,125,"Florida","Union County",4,60,209,143,66
050,12,125,"Florida","Union County",4,61,190,121,69
050,12,125,"Florida","Union County",4,62,169,108,61
050,12,125,"Florida","Union County",4,63,154,101,53
050,12,125,"Florida","Union County",4,64,161,107,54
050,12,125,"Florida","Union County",4,65,155,89,66
050,12,125,"Florida","Union County",4,66,145,77,68
050,12,125,"Florida","Union County",4,67,157,90,67
050,12,125,"Florida","Union County",4,68,143,80,63
050,12,125,"Florida","Union County",4,69,141,79,62
050,12,125,"Florida","Union County",4,70,133,68,65
050,12,125,"Florida","Union County",4,71,125,54,71
050,12,125,"Florida","Union County",4,72,117,57,60
050,12,125,"Florida","Union County",4,73,118,55,63
050,12,125,"Florida","Union County",4,74,138,62,76
050,12,125,"Florida","Union County",4,75,161,79,82
050,12,125,"Florida","Union County",4,76,105,47,58
050,12,125,"Florida","Union County",4,77,95,39,56
050,12,125,"Florida","Union County",4,78,99,43,56
050,12,125,"Florida","Union County",4,79,99,43,56
050,12,125,"Florida","Union County",4,80,78,30,48
050,12,125,"Florida","Union County",4,81,75,28,47
050,12,125,"Florida","Union County",4,82,60,29,31
050,12,125,"Florida","Union County",4,83,48,20,28
050,12,125,"Florida","Union County",4,84,51,16,35
050,12,125,"Florida","Union County",4,85,246,106,140
050,12,125,"Florida","Union County",5,0,151,85,66
050,12,125,"Florida","Union County",5,1,169,89,80
050,12,125,"Florida","Union County",5,2,143,84,59
050,12,125,"Florida","Union County",5,3,178,99,79
050,12,125,"Florida","Union County",5,4,174,96,78
050,12,125,"Florida","Union County",5,5,200,114,86
050,12,125,"Florida","Union County",5,6,180,96,84
050,12,125,"Florida","Union County",5,7,204,117,87
050,12,125,"Florida","Union County",5,8,194,99,95
050,12,125,"Florida","Union County",5,9,207,106,101
050,12,125,"Florida","Union County",5,10,217,112,105
050,12,125,"Florida","Union County",5,11,217,108,109
050,12,125,"Florida","Union County",5,12,189,102,87
050,12,125,"Florida","Union County",5,13,181,83,98
050,12,125,"Florida","Union County",5,14,187,101,86
050,12,125,"Florida","Union County",5,15,220,101,119
050,12,125,"Florida","Union County",5,16,216,101,115
050,12,125,"Florida","Union County",5,17,221,126,95
050,12,125,"Florida","Union County",5,18,193,116,77
050,12,125,"Florida","Union County",5,19,166,109,57
050,12,125,"Florida","Union County",5,20,177,126,51
050,12,125,"Florida","Union County",5,21,179,128,51
050,12,125,"Florida","Union County",5,22,169,112,57
050,12,125,"Florida","Union County",5,23,221,146,75
050,12,125,"Florida","Union County",5,24,206,131,75
050,12,125,"Florida","Union County",5,25,213,145,68
050,12,125,"Florida","Union County",5,26,215,149,66
050,12,125,"Florida","Union County",5,27,209,147,62
050,12,125,"Florida","Union County",5,28,238,158,80
050,12,125,"Florida","Union County",5,29,232,159,73
050,12,125,"Florida","Union County",5,30,197,129,68
050,12,125,"Florida","Union County",5,31,213,150,63
050,12,125,"Florida","Union County",5,32,200,130,70
050,12,125,"Florida","Union County",5,33,248,171,77
050,12,125,"Florida","Union County",5,34,247,166,81
050,12,125,"Florida","Union County",5,35,211,129,82
050,12,125,"Florida","Union County",5,36,193,131,62
050,12,125,"Florida","Union County",5,37,199,136,63
050,12,125,"Florida","Union County",5,38,199,132,67
050,12,125,"Florida","Union County",5,39,203,125,78
050,12,125,"Florida","Union County",5,40,220,144,76
050,12,125,"Florida","Union County",5,41,220,142,78
050,12,125,"Florida","Union County",5,42,216,148,68
050,12,125,"Florida","Union County",5,43,209,145,64
050,12,125,"Florida","Union County",5,44,194,139,55
050,12,125,"Florida","Union County",5,45,183,117,66
050,12,125,"Florida","Union County",5,46,181,118,63
050,12,125,"Florida","Union County",5,47,187,127,60
050,12,125,"Florida","Union County",5,48,197,138,59
050,12,125,"Florida","Union County",5,49,190,135,55
050,12,125,"Florida","Union County",5,50,208,137,71
050,12,125,"Florida","Union County",5,51,218,150,68
050,12,125,"Florida","Union County",5,52,222,152,70
050,12,125,"Florida","Union County",5,53,188,138,50
050,12,125,"Florida","Union County",5,54,204,148,56
050,12,125,"Florida","Union County",5,55,200,147,53
050,12,125,"Florida","Union County",5,56,215,165,50
050,12,125,"Florida","Union County",5,57,211,153,58
050,12,125,"Florida","Union County",5,58,239,170,69
050,12,125,"Florida","Union County",5,59,233,159,74
050,12,125,"Florida","Union County",5,60,199,137,62
050,12,125,"Florida","Union County",5,61,188,124,64
050,12,125,"Florida","Union County",5,62,182,116,66
050,12,125,"Florida","Union County",5,63,158,92,66
050,12,125,"Florida","Union County",5,64,166,111,55
050,12,125,"Florida","Union County",5,65,143,91,52
050,12,125,"Florida","Union County",5,66,137,71,66
050,12,125,"Florida","Union County",5,67,152,81,71
050,12,125,"Florida","Union County",5,68,148,81,67
050,12,125,"Florida","Union County",5,69,133,72,61
050,12,125,"Florida","Union County",5,70,141,78,63
050,12,125,"Florida","Union County",5,71,121,56,65
050,12,125,"Florida","Union County",5,72,126,57,69
050,12,125,"Florida","Union County",5,73,122,58,64
050,12,125,"Florida","Union County",5,74,116,53,63
050,12,125,"Florida","Union County",5,75,129,53,76
050,12,125,"Florida","Union County",5,76,160,79,81
050,12,125,"Florida","Union County",5,77,96,41,55
050,12,125,"Florida","Union County",5,78,94,38,56
050,12,125,"Florida","Union County",5,79,95,38,57
050,12,125,"Florida","Union County",5,80,91,37,54
050,12,125,"Florida","Union County",5,81,73,27,46
050,12,125,"Florida","Union County",5,82,70,26,44
050,12,125,"Florida","Union County",5,83,58,26,32
050,12,125,"Florida","Union County",5,84,52,24,28
050,12,125,"Florida","Union County",5,85,271,116,155
050,12,127,"Florida","Volusia County",1,0,4716,2411,2305
050,12,127,"Florida","Volusia County",1,1,4920,2495,2425
050,12,127,"Florida","Volusia County",1,2,5055,2561,2494
050,12,127,"Florida","Volusia County",1,3,5197,2669,2528
050,12,127,"Florida","Volusia County",1,4,5383,2715,2668
050,12,127,"Florida","Volusia County",1,5,5260,2612,2648
050,12,127,"Florida","Volusia County",1,6,5359,2718,2641
050,12,127,"Florida","Volusia County",1,7,5346,2701,2645
050,12,127,"Florida","Volusia County",1,8,5324,2645,2679
050,12,127,"Florida","Volusia County",1,9,5373,2730,2643
050,12,127,"Florida","Volusia County",1,10,5538,2887,2651
050,12,127,"Florida","Volusia County",1,11,5747,2977,2770
050,12,127,"Florida","Volusia County",1,12,5858,3020,2838
050,12,127,"Florida","Volusia County",1,13,5854,2988,2866
050,12,127,"Florida","Volusia County",1,14,5697,2918,2779
050,12,127,"Florida","Volusia County",1,15,5572,2883,2689
050,12,127,"Florida","Volusia County",1,16,5730,2978,2752
050,12,127,"Florida","Volusia County",1,17,5629,2927,2702
050,12,127,"Florida","Volusia County",1,18,6252,3298,2954
050,12,127,"Florida","Volusia County",1,19,6633,3636,2997
050,12,127,"Florida","Volusia County",1,20,6192,3266,2926
050,12,127,"Florida","Volusia County",1,21,6181,3224,2957
050,12,127,"Florida","Volusia County",1,22,6102,3123,2979
050,12,127,"Florida","Volusia County",1,23,6003,3053,2950
050,12,127,"Florida","Volusia County",1,24,5909,2985,2924
050,12,127,"Florida","Volusia County",1,25,6094,3085,3009
050,12,127,"Florida","Volusia County",1,26,6161,3191,2970
050,12,127,"Florida","Volusia County",1,27,6381,3260,3121
050,12,127,"Florida","Volusia County",1,28,6536,3297,3239
050,12,127,"Florida","Volusia County",1,29,6751,3392,3359
050,12,127,"Florida","Volusia County",1,30,6910,3522,3388
050,12,127,"Florida","Volusia County",1,31,6686,3388,3298
050,12,127,"Florida","Volusia County",1,32,6441,3295,3146
050,12,127,"Florida","Volusia County",1,33,6277,3184,3093
050,12,127,"Florida","Volusia County",1,34,6198,3202,2996
050,12,127,"Florida","Volusia County",1,35,6046,3078,2968
050,12,127,"Florida","Volusia County",1,36,5897,2972,2925
050,12,127,"Florida","Volusia County",1,37,6024,3070,2954
050,12,127,"Florida","Volusia County",1,38,6076,3077,2999
050,12,127,"Florida","Volusia County",1,39,6119,3053,3066
050,12,127,"Florida","Volusia County",1,40,5976,2973,3003
050,12,127,"Florida","Volusia County",1,41,5869,2966,2903
050,12,127,"Florida","Volusia County",1,42,5679,2832,2847
050,12,127,"Florida","Volusia County",1,43,5610,2772,2838
050,12,127,"Florida","Volusia County",1,44,5692,2808,2884
050,12,127,"Florida","Volusia County",1,45,5816,2827,2989
050,12,127,"Florida","Volusia County",1,46,5867,2895,2972
050,12,127,"Florida","Volusia County",1,47,6018,3010,3008
050,12,127,"Florida","Volusia County",1,48,6565,3273,3292
050,12,127,"Florida","Volusia County",1,49,7062,3520,3542
050,12,127,"Florida","Volusia County",1,50,6967,3503,3464
050,12,127,"Florida","Volusia County",1,51,6740,3319,3421
050,12,127,"Florida","Volusia County",1,52,6723,3269,3454
050,12,127,"Florida","Volusia County",1,53,7045,3414,3631
050,12,127,"Florida","Volusia County",1,54,7371,3521,3850
050,12,127,"Florida","Volusia County",1,55,7941,3781,4160
050,12,127,"Florida","Volusia County",1,56,8160,3970,4190
050,12,127,"Florida","Volusia County",1,57,8493,4100,4393
050,12,127,"Florida","Volusia County",1,58,8835,4118,4717
050,12,127,"Florida","Volusia County",1,59,8752,4173,4579
050,12,127,"Florida","Volusia County",1,60,8673,4124,4549
050,12,127,"Florida","Volusia County",1,61,8757,4134,4623
050,12,127,"Florida","Volusia County",1,62,8984,4252,4732
050,12,127,"Florida","Volusia County",1,63,8778,4105,4673
050,12,127,"Florida","Volusia County",1,64,8621,4103,4518
050,12,127,"Florida","Volusia County",1,65,8521,4067,4454
050,12,127,"Florida","Volusia County",1,66,8446,3979,4467
050,12,127,"Florida","Volusia County",1,67,8330,3938,4392
050,12,127,"Florida","Volusia County",1,68,8208,3872,4336
050,12,127,"Florida","Volusia County",1,69,7810,3673,4137
050,12,127,"Florida","Volusia County",1,70,7739,3668,4071
050,12,127,"Florida","Volusia County",1,71,7698,3637,4061
050,12,127,"Florida","Volusia County",1,72,7897,3828,4069
050,12,127,"Florida","Volusia County",1,73,8082,3904,4178
050,12,127,"Florida","Volusia County",1,74,5562,2627,2935
050,12,127,"Florida","Volusia County",1,75,5637,2679,2958
050,12,127,"Florida","Volusia County",1,76,5562,2602,2960
050,12,127,"Florida","Volusia County",1,77,5632,2634,2998
050,12,127,"Florida","Volusia County",1,78,4798,2247,2551
050,12,127,"Florida","Volusia County",1,79,4254,1920,2334
050,12,127,"Florida","Volusia County",1,80,3939,1867,2072
050,12,127,"Florida","Volusia County",1,81,3760,1759,2001
050,12,127,"Florida","Volusia County",1,82,3380,1461,1919
050,12,127,"Florida","Volusia County",1,83,3032,1294,1738
050,12,127,"Florida","Volusia County",1,84,2767,1213,1554
050,12,127,"Florida","Volusia County",1,85,16062,6319,9743
050,12,127,"Florida","Volusia County",2,0,4683,2377,2306
050,12,127,"Florida","Volusia County",2,1,4893,2480,2413
050,12,127,"Florida","Volusia County",2,2,5038,2552,2486
050,12,127,"Florida","Volusia County",2,3,5166,2643,2523
050,12,127,"Florida","Volusia County",2,4,5360,2710,2650
050,12,127,"Florida","Volusia County",2,5,5314,2644,2670
050,12,127,"Florida","Volusia County",2,6,5359,2703,2656
050,12,127,"Florida","Volusia County",2,7,5351,2702,2649
050,12,127,"Florida","Volusia County",2,8,5324,2649,2675
050,12,127,"Florida","Volusia County",2,9,5375,2717,2658
050,12,127,"Florida","Volusia County",2,10,5510,2855,2655
050,12,127,"Florida","Volusia County",2,11,5684,2948,2736
050,12,127,"Florida","Volusia County",2,12,5868,3031,2837
050,12,127,"Florida","Volusia County",2,13,5865,3001,2864
050,12,127,"Florida","Volusia County",2,14,5740,2936,2804
050,12,127,"Florida","Volusia County",2,15,5633,2907,2726
050,12,127,"Florida","Volusia County",2,16,5719,2974,2745
050,12,127,"Florida","Volusia County",2,17,5671,2947,2724
050,12,127,"Florida","Volusia County",2,18,6334,3353,2981
050,12,127,"Florida","Volusia County",2,19,6818,3722,3096
050,12,127,"Florida","Volusia County",2,20,6436,3404,3032
050,12,127,"Florida","Volusia County",2,21,6271,3262,3009
050,12,127,"Florida","Volusia County",2,22,6134,3139,2995
050,12,127,"Florida","Volusia County",2,23,6025,3064,2961
050,12,127,"Florida","Volusia County",2,24,5940,3001,2939
050,12,127,"Florida","Volusia County",2,25,6064,3075,2989
050,12,127,"Florida","Volusia County",2,26,6168,3176,2992
050,12,127,"Florida","Volusia County",2,27,6323,3240,3083
050,12,127,"Florida","Volusia County",2,28,6509,3288,3221
050,12,127,"Florida","Volusia County",2,29,6711,3373,3338
050,12,127,"Florida","Volusia County",2,30,6904,3493,3411
050,12,127,"Florida","Volusia County",2,31,6716,3405,3311
050,12,127,"Florida","Volusia County",2,32,6506,3316,3190
050,12,127,"Florida","Volusia County",2,33,6325,3218,3107
050,12,127,"Florida","Volusia County",2,34,6222,3195,3027
050,12,127,"Florida","Volusia County",2,35,6140,3132,3008
050,12,127,"Florida","Volusia County",2,36,5923,2983,2940
050,12,127,"Florida","Volusia County",2,37,6035,3072,2963
050,12,127,"Florida","Volusia County",2,38,6127,3100,3027
050,12,127,"Florida","Volusia County",2,39,6113,3057,3056
050,12,127,"Florida","Volusia County",2,40,6073,3025,3048
050,12,127,"Florida","Volusia County",2,41,5889,2961,2928
050,12,127,"Florida","Volusia County",2,42,5714,2855,2859
050,12,127,"Florida","Volusia County",2,43,5682,2816,2866
050,12,127,"Florida","Volusia County",2,44,5654,2784,2870
050,12,127,"Florida","Volusia County",2,45,5821,2826,2995
050,12,127,"Florida","Volusia County",2,46,5865,2886,2979
050,12,127,"Florida","Volusia County",2,47,6005,2993,3012
050,12,127,"Florida","Volusia County",2,48,6477,3228,3249
050,12,127,"Florida","Volusia County",2,49,7011,3492,3519
050,12,127,"Florida","Volusia County",2,50,7032,3522,3510
050,12,127,"Florida","Volusia County",2,51,6799,3356,3443
050,12,127,"Florida","Volusia County",2,52,6759,3294,3465
050,12,127,"Florida","Volusia County",2,53,6994,3387,3607
050,12,127,"Florida","Volusia County",2,54,7305,3503,3802
050,12,127,"Florida","Volusia County",2,55,7837,3736,4101
050,12,127,"Florida","Volusia County",2,56,8162,3951,4211
050,12,127,"Florida","Volusia County",2,57,8467,4078,4389
050,12,127,"Florida","Volusia County",2,58,8789,4129,4660
050,12,127,"Florida","Volusia County",2,59,8844,4195,4649
050,12,127,"Florida","Volusia County",2,60,8723,4138,4585
050,12,127,"Florida","Volusia County",2,61,8761,4136,4625
050,12,127,"Florida","Volusia County",2,62,8966,4236,4730
050,12,127,"Florida","Volusia County",2,63,8960,4208,4752
050,12,127,"Florida","Volusia County",2,64,8665,4101,4564
050,12,127,"Florida","Volusia County",2,65,8599,4102,4497
050,12,127,"Florida","Volusia County",2,66,8531,4031,4500
050,12,127,"Florida","Volusia County",2,67,8372,3953,4419
050,12,127,"Florida","Volusia County",2,68,8207,3874,4333
050,12,127,"Florida","Volusia County",2,69,7984,3756,4228
050,12,127,"Florida","Volusia County",2,70,7748,3672,4076
050,12,127,"Florida","Volusia County",2,71,7721,3651,4070
050,12,127,"Florida","Volusia County",2,72,7740,3727,4013
050,12,127,"Florida","Volusia County",2,73,8402,4062,4340
050,12,127,"Florida","Volusia County",2,74,5799,2747,3052
050,12,127,"Florida","Volusia County",2,75,5606,2662,2944
050,12,127,"Florida","Volusia County",2,76,5514,2594,2920
050,12,127,"Florida","Volusia County",2,77,5707,2665,3042
050,12,127,"Florida","Volusia County",2,78,4880,2285,2595
050,12,127,"Florida","Volusia County",2,79,4323,1964,2359
050,12,127,"Florida","Volusia County",2,80,3978,1859,2119
050,12,127,"Florida","Volusia County",2,81,3750,1759,1991
050,12,127,"Florida","Volusia County",2,82,3448,1525,1923
050,12,127,"Florida","Volusia County",2,83,3058,1313,1745
050,12,127,"Florida","Volusia County",2,84,2759,1193,1566
050,12,127,"Florida","Volusia County",2,85,16099,6347,9752
050,12,127,"Florida","Volusia County",3,0,4749,2400,2349
050,12,127,"Florida","Volusia County",3,1,4862,2501,2361
050,12,127,"Florida","Volusia County",3,2,5070,2576,2494
050,12,127,"Florida","Volusia County",3,3,5233,2649,2584
050,12,127,"Florida","Volusia County",3,4,5340,2727,2613
050,12,127,"Florida","Volusia County",3,5,5448,2762,2686
050,12,127,"Florida","Volusia County",3,6,5395,2671,2724
050,12,127,"Florida","Volusia County",3,7,5470,2774,2696
050,12,127,"Florida","Volusia County",3,8,5460,2753,2707
050,12,127,"Florida","Volusia County",3,9,5468,2742,2726
050,12,127,"Florida","Volusia County",3,10,5459,2766,2693
050,12,127,"Florida","Volusia County",3,11,5663,2917,2746
050,12,127,"Florida","Volusia County",3,12,5831,3012,2819
050,12,127,"Florida","Volusia County",3,13,6013,3119,2894
050,12,127,"Florida","Volusia County",3,14,6012,3064,2948
050,12,127,"Florida","Volusia County",3,15,5891,3030,2861
050,12,127,"Florida","Volusia County",3,16,5774,2974,2800
050,12,127,"Florida","Volusia County",3,17,5854,3041,2813
050,12,127,"Florida","Volusia County",3,18,6504,3446,3058
050,12,127,"Florida","Volusia County",3,19,6943,3801,3142
050,12,127,"Florida","Volusia County",3,20,6653,3541,3112
050,12,127,"Florida","Volusia County",3,21,6466,3339,3127
050,12,127,"Florida","Volusia County",3,22,6106,3147,2959
050,12,127,"Florida","Volusia County",3,23,6217,3198,3019
050,12,127,"Florida","Volusia County",3,24,6227,3146,3081
050,12,127,"Florida","Volusia County",3,25,6144,3144,3000
050,12,127,"Florida","Volusia County",3,26,6173,3157,3016
050,12,127,"Florida","Volusia County",3,27,6373,3308,3065
050,12,127,"Florida","Volusia County",3,28,6446,3313,3133
050,12,127,"Florida","Volusia County",3,29,6617,3364,3253
050,12,127,"Florida","Volusia County",3,30,6896,3436,3460
050,12,127,"Florida","Volusia County",3,31,7139,3628,3511
050,12,127,"Florida","Volusia County",3,32,6902,3434,3468
050,12,127,"Florida","Volusia County",3,33,6687,3383,3304
050,12,127,"Florida","Volusia County",3,34,6497,3303,3194
050,12,127,"Florida","Volusia County",3,35,6404,3287,3117
050,12,127,"Florida","Volusia County",3,36,6283,3193,3090
050,12,127,"Florida","Volusia County",3,37,6141,3101,3040
050,12,127,"Florida","Volusia County",3,38,6150,3096,3054
050,12,127,"Florida","Volusia County",3,39,6356,3206,3150
050,12,127,"Florida","Volusia County",3,40,6296,3159,3137
050,12,127,"Florida","Volusia County",3,41,6244,3098,3146
050,12,127,"Florida","Volusia County",3,42,6033,3012,3021
050,12,127,"Florida","Volusia County",3,43,5876,2962,2914
050,12,127,"Florida","Volusia County",3,44,5846,2879,2967
050,12,127,"Florida","Volusia County",3,45,5795,2836,2959
050,12,127,"Florida","Volusia County",3,46,5947,2887,3060
050,12,127,"Florida","Volusia County",3,47,5976,2926,3050
050,12,127,"Florida","Volusia County",3,48,6159,3024,3135
050,12,127,"Florida","Volusia County",3,49,6574,3287,3287
050,12,127,"Florida","Volusia County",3,50,7177,3569,3608
050,12,127,"Florida","Volusia County",3,51,7237,3622,3615
050,12,127,"Florida","Volusia County",3,52,7042,3482,3560
050,12,127,"Florida","Volusia County",3,53,6906,3328,3578
050,12,127,"Florida","Volusia County",3,54,7155,3419,3736
050,12,127,"Florida","Volusia County",3,55,7490,3556,3934
050,12,127,"Florida","Volusia County",3,56,8073,3858,4215
050,12,127,"Florida","Volusia County",3,57,8309,3990,4319
050,12,127,"Florida","Volusia County",3,58,8690,4180,4510
050,12,127,"Florida","Volusia County",3,59,8893,4198,4695
050,12,127,"Florida","Volusia County",3,60,9043,4254,4789
050,12,127,"Florida","Volusia County",3,61,8835,4173,4662
050,12,127,"Florida","Volusia County",3,62,9010,4229,4781
050,12,127,"Florida","Volusia County",3,63,9190,4350,4840
050,12,127,"Florida","Volusia County",3,64,9173,4320,4853
050,12,127,"Florida","Volusia County",3,65,8830,4181,4649
050,12,127,"Florida","Volusia County",3,66,8642,4090,4552
050,12,127,"Florida","Volusia County",3,67,8659,4079,4580
050,12,127,"Florida","Volusia County",3,68,8386,3962,4424
050,12,127,"Florida","Volusia County",3,69,8209,3884,4325
050,12,127,"Florida","Volusia County",3,70,7975,3741,4234
050,12,127,"Florida","Volusia County",3,71,7701,3629,4072
050,12,127,"Florida","Volusia County",3,72,7564,3565,3999
050,12,127,"Florida","Volusia County",3,73,7654,3668,3986
050,12,127,"Florida","Volusia County",3,74,8254,3981,4273
050,12,127,"Florida","Volusia County",3,75,5619,2629,2990
050,12,127,"Florida","Volusia County",3,76,5474,2595,2879
050,12,127,"Florida","Volusia County",3,77,5350,2486,2864
050,12,127,"Florida","Volusia County",3,78,5488,2585,2903
050,12,127,"Florida","Volusia County",3,79,4716,2202,2514
050,12,127,"Florida","Volusia County",3,80,4148,1866,2282
050,12,127,"Florida","Volusia County",3,81,3788,1742,2046
050,12,127,"Florida","Volusia County",3,82,3539,1627,1912
050,12,127,"Florida","Volusia County",3,83,3262,1453,1809
050,12,127,"Florida","Volusia County",3,84,2771,1159,1612
050,12,127,"Florida","Volusia County",3,85,16054,6364,9690
050,12,127,"Florida","Volusia County",4,0,4968,2495,2473
050,12,127,"Florida","Volusia County",4,1,4959,2501,2458
050,12,127,"Florida","Volusia County",4,2,5059,2591,2468
050,12,127,"Florida","Volusia County",4,3,5249,2674,2575
050,12,127,"Florida","Volusia County",4,4,5397,2741,2656
050,12,127,"Florida","Volusia County",4,5,5553,2833,2720
050,12,127,"Florida","Volusia County",4,6,5559,2813,2746
050,12,127,"Florida","Volusia County",4,7,5588,2796,2792
050,12,127,"Florida","Volusia County",4,8,5665,2888,2777
050,12,127,"Florida","Volusia County",4,9,5603,2806,2797
050,12,127,"Florida","Volusia County",4,10,5703,2856,2847
050,12,127,"Florida","Volusia County",4,11,5705,2885,2820
050,12,127,"Florida","Volusia County",4,12,5766,2966,2800
050,12,127,"Florida","Volusia County",4,13,5952,3062,2890
050,12,127,"Florida","Volusia County",4,14,6184,3206,2978
050,12,127,"Florida","Volusia County",4,15,6165,3135,3030
050,12,127,"Florida","Volusia County",4,16,6088,3139,2949
050,12,127,"Florida","Volusia County",4,17,5981,3076,2905
050,12,127,"Florida","Volusia County",4,18,6728,3592,3136
050,12,127,"Florida","Volusia County",4,19,7038,3869,3169
050,12,127,"Florida","Volusia County",4,20,6614,3519,3095
050,12,127,"Florida","Volusia County",4,21,6715,3480,3235
050,12,127,"Florida","Volusia County",4,22,6345,3244,3101
050,12,127,"Florida","Volusia County",4,23,6109,3161,2948
050,12,127,"Florida","Volusia County",4,24,6443,3302,3141
050,12,127,"Florida","Volusia County",4,25,6331,3211,3120
050,12,127,"Florida","Volusia County",4,26,6278,3197,3081
050,12,127,"Florida","Volusia County",4,27,6340,3264,3076
050,12,127,"Florida","Volusia County",4,28,6572,3385,3187
050,12,127,"Florida","Volusia County",4,29,6684,3426,3258
050,12,127,"Florida","Volusia County",4,30,6789,3401,3388
050,12,127,"Florida","Volusia County",4,31,7169,3604,3565
050,12,127,"Florida","Volusia County",4,32,7371,3729,3642
050,12,127,"Florida","Volusia County",4,33,7082,3545,3537
050,12,127,"Florida","Volusia County",4,34,6834,3413,3421
050,12,127,"Florida","Volusia County",4,35,6729,3413,3316
050,12,127,"Florida","Volusia County",4,36,6647,3383,3264
050,12,127,"Florida","Volusia County",4,37,6507,3267,3240
050,12,127,"Florida","Volusia County",4,38,6359,3187,3172
050,12,127,"Florida","Volusia County",4,39,6325,3184,3141
050,12,127,"Florida","Volusia County",4,40,6602,3338,3264
050,12,127,"Florida","Volusia County",4,41,6490,3230,3260
050,12,127,"Florida","Volusia County",4,42,6421,3165,3256
050,12,127,"Florida","Volusia County",4,43,6269,3123,3146
050,12,127,"Florida","Volusia County",4,44,6056,3052,3004
050,12,127,"Florida","Volusia County",4,45,5948,2903,3045
050,12,127,"Florida","Volusia County",4,46,5964,2906,3058
050,12,127,"Florida","Volusia County",4,47,6124,2995,3129
050,12,127,"Florida","Volusia County",4,48,6156,3036,3120
050,12,127,"Florida","Volusia County",4,49,6246,3009,3237
050,12,127,"Florida","Volusia County",4,50,6749,3363,3386
050,12,127,"Florida","Volusia County",4,51,7361,3627,3734
050,12,127,"Florida","Volusia County",4,52,7471,3718,3753
050,12,127,"Florida","Volusia County",4,53,7235,3541,3694
050,12,127,"Florida","Volusia County",4,54,7145,3426,3719
050,12,127,"Florida","Volusia County",4,55,7434,3564,3870
050,12,127,"Florida","Volusia County",4,56,7710,3664,4046
050,12,127,"Florida","Volusia County",4,57,8389,3952,4437
050,12,127,"Florida","Volusia County",4,58,8601,4103,4498
050,12,127,"Florida","Volusia County",4,59,8985,4319,4666
050,12,127,"Florida","Volusia County",4,60,9097,4276,4821
050,12,127,"Florida","Volusia County",4,61,9315,4345,4970
050,12,127,"Florida","Volusia County",4,62,9141,4313,4828
050,12,127,"Florida","Volusia County",4,63,9247,4326,4921
050,12,127,"Florida","Volusia County",4,64,9400,4457,4943
050,12,127,"Florida","Volusia County",4,65,9338,4398,4940
050,12,127,"Florida","Volusia County",4,66,8988,4236,4752
050,12,127,"Florida","Volusia County",4,67,8830,4161,4669
050,12,127,"Florida","Volusia County",4,68,8723,4117,4606
050,12,127,"Florida","Volusia County",4,69,8435,3972,4463
050,12,127,"Florida","Volusia County",4,70,8280,3911,4369
050,12,127,"Florida","Volusia County",4,71,7995,3742,4253
050,12,127,"Florida","Volusia County",4,72,7633,3610,4023
050,12,127,"Florida","Volusia County",4,73,7511,3526,3985
050,12,127,"Florida","Volusia County",4,74,7509,3591,3918
050,12,127,"Florida","Volusia County",4,75,8084,3903,4181
050,12,127,"Florida","Volusia County",4,76,5513,2573,2940
050,12,127,"Florida","Volusia County",4,77,5338,2533,2805
050,12,127,"Florida","Volusia County",4,78,5204,2435,2769
050,12,127,"Florida","Volusia County",4,79,5274,2455,2819
050,12,127,"Florida","Volusia County",4,80,4529,2101,2428
050,12,127,"Florida","Volusia County",4,81,3933,1735,2198
050,12,127,"Florida","Volusia County",4,82,3540,1626,1914
050,12,127,"Florida","Volusia County",4,83,3309,1519,1790
050,12,127,"Florida","Volusia County",4,84,2952,1288,1664
050,12,127,"Florida","Volusia County",4,85,16038,6367,9671
050,12,127,"Florida","Volusia County",5,0,5009,2512,2497
050,12,127,"Florida","Volusia County",5,1,5159,2611,2548
050,12,127,"Florida","Volusia County",5,2,5083,2607,2476
050,12,127,"Florida","Volusia County",5,3,5225,2650,2575
050,12,127,"Florida","Volusia County",5,4,5405,2748,2657
050,12,127,"Florida","Volusia County",5,5,5470,2794,2676
050,12,127,"Florida","Volusia County",5,6,5697,2910,2787
050,12,127,"Florida","Volusia County",5,7,5629,2832,2797
050,12,127,"Florida","Volusia County",5,8,5719,2876,2843
050,12,127,"Florida","Volusia County",5,9,5833,2989,2844
050,12,127,"Florida","Volusia County",5,10,5755,2904,2851
050,12,127,"Florida","Volusia County",5,11,5855,2931,2924
050,12,127,"Florida","Volusia County",5,12,5752,2916,2836
050,12,127,"Florida","Volusia County",5,13,5928,3111,2817
050,12,127,"Florida","Volusia County",5,14,6052,3122,2930
050,12,127,"Florida","Volusia County",5,15,6298,3258,3040
050,12,127,"Florida","Volusia County",5,16,6357,3251,3106
050,12,127,"Florida","Volusia County",5,17,6217,3197,3020
050,12,127,"Florida","Volusia County",5,18,6845,3589,3256
050,12,127,"Florida","Volusia County",5,19,7250,3994,3256
050,12,127,"Florida","Volusia County",5,20,6652,3535,3117
050,12,127,"Florida","Volusia County",5,21,6585,3432,3153
050,12,127,"Florida","Volusia County",5,22,6579,3374,3205
050,12,127,"Florida","Volusia County",5,23,6373,3284,3089
050,12,127,"Florida","Volusia County",5,24,6288,3230,3058
050,12,127,"Florida","Volusia County",5,25,6462,3288,3174
050,12,127,"Florida","Volusia County",5,26,6529,3285,3244
050,12,127,"Florida","Volusia County",5,27,6340,3236,3104
050,12,127,"Florida","Volusia County",5,28,6479,3343,3136
050,12,127,"Florida","Volusia County",5,29,6737,3446,3291
050,12,127,"Florida","Volusia County",5,30,6769,3444,3325
050,12,127,"Florida","Volusia County",5,31,6989,3511,3478
050,12,127,"Florida","Volusia County",5,32,7319,3650,3669
050,12,127,"Florida","Volusia County",5,33,7540,3799,3741
050,12,127,"Florida","Volusia County",5,34,7234,3569,3665
050,12,127,"Florida","Volusia County",5,35,7042,3516,3526
050,12,127,"Florida","Volusia County",5,36,6951,3526,3425
050,12,127,"Florida","Volusia County",5,37,6799,3457,3342
050,12,127,"Florida","Volusia County",5,38,6668,3332,3336
050,12,127,"Florida","Volusia County",5,39,6491,3234,3257
050,12,127,"Florida","Volusia County",5,40,6512,3302,3210
050,12,127,"Florida","Volusia County",5,41,6792,3424,3368
050,12,127,"Florida","Volusia County",5,42,6655,3281,3374
050,12,127,"Florida","Volusia County",5,43,6685,3314,3371
050,12,127,"Florida","Volusia County",5,44,6415,3197,3218
050,12,127,"Florida","Volusia County",5,45,6193,3108,3085
050,12,127,"Florida","Volusia County",5,46,6124,3004,3120
050,12,127,"Florida","Volusia County",5,47,6128,2991,3137
050,12,127,"Florida","Volusia County",5,48,6281,3067,3214
050,12,127,"Florida","Volusia County",5,49,6291,3056,3235
050,12,127,"Florida","Volusia County",5,50,6342,3063,3279
050,12,127,"Florida","Volusia County",5,51,6872,3397,3475
050,12,127,"Florida","Volusia County",5,52,7576,3748,3828
050,12,127,"Florida","Volusia County",5,53,7623,3731,3892
050,12,127,"Florida","Volusia County",5,54,7441,3619,3822
050,12,127,"Florida","Volusia County",5,55,7340,3498,3842
050,12,127,"Florida","Volusia County",5,56,7601,3656,3945
050,12,127,"Florida","Volusia County",5,57,7988,3788,4200
050,12,127,"Florida","Volusia County",5,58,8647,4049,4598
050,12,127,"Florida","Volusia County",5,59,8819,4210,4609
050,12,127,"Florida","Volusia County",5,60,9203,4389,4814
050,12,127,"Florida","Volusia County",5,61,9354,4414,4940
050,12,127,"Florida","Volusia County",5,62,9586,4496,5090
050,12,127,"Florida","Volusia County",5,63,9393,4449,4944
050,12,127,"Florida","Volusia County",5,64,9443,4407,5036
050,12,127,"Florida","Volusia County",5,65,9579,4508,5071
050,12,127,"Florida","Volusia County",5,66,9456,4437,5019
050,12,127,"Florida","Volusia County",5,67,9060,4227,4833
050,12,127,"Florida","Volusia County",5,68,8856,4171,4685
050,12,127,"Florida","Volusia County",5,69,8749,4101,4648
050,12,127,"Florida","Volusia County",5,70,8355,3925,4430
050,12,127,"Florida","Volusia County",5,71,8233,3859,4374
050,12,127,"Florida","Volusia County",5,72,7864,3662,4202
050,12,127,"Florida","Volusia County",5,73,7527,3544,3983
050,12,127,"Florida","Volusia County",5,74,7376,3445,3931
050,12,127,"Florida","Volusia County",5,75,7371,3525,3846
050,12,127,"Florida","Volusia County",5,76,7924,3829,4095
050,12,127,"Florida","Volusia County",5,77,5355,2484,2871
050,12,127,"Florida","Volusia County",5,78,5113,2439,2674
050,12,127,"Florida","Volusia County",5,79,4993,2303,2690
050,12,127,"Florida","Volusia County",5,80,5066,2344,2722
050,12,127,"Florida","Volusia County",5,81,4303,1983,2320
050,12,127,"Florida","Volusia County",5,82,3730,1631,2099
050,12,127,"Florida","Volusia County",5,83,3353,1567,1786
050,12,127,"Florida","Volusia County",5,84,3031,1377,1654
050,12,127,"Florida","Volusia County",5,85,16395,6600,9795
050,12,129,"Florida","Wakulla County",1,0,313,161,152
050,12,129,"Florida","Wakulla County",1,1,333,172,161
050,12,129,"Florida","Wakulla County",1,2,333,169,164
050,12,129,"Florida","Wakulla County",1,3,351,169,182
050,12,129,"Florida","Wakulla County",1,4,376,190,186
050,12,129,"Florida","Wakulla County",1,5,391,190,201
050,12,129,"Florida","Wakulla County",1,6,388,192,196
050,12,129,"Florida","Wakulla County",1,7,365,181,184
050,12,129,"Florida","Wakulla County",1,8,354,192,162
050,12,129,"Florida","Wakulla County",1,9,387,187,200
050,12,129,"Florida","Wakulla County",1,10,369,189,180
050,12,129,"Florida","Wakulla County",1,11,415,208,207
050,12,129,"Florida","Wakulla County",1,12,441,230,211
050,12,129,"Florida","Wakulla County",1,13,431,229,202
050,12,129,"Florida","Wakulla County",1,14,458,237,221
050,12,129,"Florida","Wakulla County",1,15,455,234,221
050,12,129,"Florida","Wakulla County",1,16,436,245,191
050,12,129,"Florida","Wakulla County",1,17,405,216,189
050,12,129,"Florida","Wakulla County",1,18,385,197,188
050,12,129,"Florida","Wakulla County",1,19,277,147,130
050,12,129,"Florida","Wakulla County",1,20,303,159,144
050,12,129,"Florida","Wakulla County",1,21,316,176,140
050,12,129,"Florida","Wakulla County",1,22,322,178,144
050,12,129,"Florida","Wakulla County",1,23,363,226,137
050,12,129,"Florida","Wakulla County",1,24,365,223,142
050,12,129,"Florida","Wakulla County",1,25,393,245,148
050,12,129,"Florida","Wakulla County",1,26,394,243,151
050,12,129,"Florida","Wakulla County",1,27,465,276,189
050,12,129,"Florida","Wakulla County",1,28,466,277,189
050,12,129,"Florida","Wakulla County",1,29,453,268,185
050,12,129,"Florida","Wakulla County",1,30,440,260,180
050,12,129,"Florida","Wakulla County",1,31,525,312,213
050,12,129,"Florida","Wakulla County",1,32,491,306,185
050,12,129,"Florida","Wakulla County",1,33,522,297,225
050,12,129,"Florida","Wakulla County",1,34,501,299,202
050,12,129,"Florida","Wakulla County",1,35,452,245,207
050,12,129,"Florida","Wakulla County",1,36,477,293,184
050,12,129,"Florida","Wakulla County",1,37,459,267,192
050,12,129,"Florida","Wakulla County",1,38,516,312,204
050,12,129,"Florida","Wakulla County",1,39,514,309,205
050,12,129,"Florida","Wakulla County",1,40,490,289,201
050,12,129,"Florida","Wakulla County",1,41,504,298,206
050,12,129,"Florida","Wakulla County",1,42,464,269,195
050,12,129,"Florida","Wakulla County",1,43,436,243,193
050,12,129,"Florida","Wakulla County",1,44,439,261,178
050,12,129,"Florida","Wakulla County",1,45,483,277,206
050,12,129,"Florida","Wakulla County",1,46,539,329,210
050,12,129,"Florida","Wakulla County",1,47,497,283,214
050,12,129,"Florida","Wakulla County",1,48,505,293,212
050,12,129,"Florida","Wakulla County",1,49,539,324,215
050,12,129,"Florida","Wakulla County",1,50,512,308,204
050,12,129,"Florida","Wakulla County",1,51,494,289,205
050,12,129,"Florida","Wakulla County",1,52,462,269,193
050,12,129,"Florida","Wakulla County",1,53,440,253,187
050,12,129,"Florida","Wakulla County",1,54,442,240,202
050,12,129,"Florida","Wakulla County",1,55,519,265,254
050,12,129,"Florida","Wakulla County",1,56,529,270,259
050,12,129,"Florida","Wakulla County",1,57,505,266,239
050,12,129,"Florida","Wakulla County",1,58,476,232,244
050,12,129,"Florida","Wakulla County",1,59,473,248,225
050,12,129,"Florida","Wakulla County",1,60,469,237,232
050,12,129,"Florida","Wakulla County",1,61,466,238,228
050,12,129,"Florida","Wakulla County",1,62,468,230,238
050,12,129,"Florida","Wakulla County",1,63,457,213,244
050,12,129,"Florida","Wakulla County",1,64,423,200,223
050,12,129,"Florida","Wakulla County",1,65,398,191,207
050,12,129,"Florida","Wakulla County",1,66,392,190,202
050,12,129,"Florida","Wakulla County",1,67,385,194,191
050,12,129,"Florida","Wakulla County",1,68,363,189,174
050,12,129,"Florida","Wakulla County",1,69,316,162,154
050,12,129,"Florida","Wakulla County",1,70,337,170,167
050,12,129,"Florida","Wakulla County",1,71,321,158,163
050,12,129,"Florida","Wakulla County",1,72,339,172,167
050,12,129,"Florida","Wakulla County",1,73,332,162,170
050,12,129,"Florida","Wakulla County",1,74,248,135,113
050,12,129,"Florida","Wakulla County",1,75,241,124,117
050,12,129,"Florida","Wakulla County",1,76,211,100,111
050,12,129,"Florida","Wakulla County",1,77,216,109,107
050,12,129,"Florida","Wakulla County",1,78,171,90,81
050,12,129,"Florida","Wakulla County",1,79,144,70,74
050,12,129,"Florida","Wakulla County",1,80,131,58,73
050,12,129,"Florida","Wakulla County",1,81,120,50,70
050,12,129,"Florida","Wakulla County",1,82,111,48,63
050,12,129,"Florida","Wakulla County",1,83,96,43,53
050,12,129,"Florida","Wakulla County",1,84,78,28,50
050,12,129,"Florida","Wakulla County",1,85,382,160,222
050,12,129,"Florida","Wakulla County",2,0,330,162,168
050,12,129,"Florida","Wakulla County",2,1,329,168,161
050,12,129,"Florida","Wakulla County",2,2,338,171,167
050,12,129,"Florida","Wakulla County",2,3,349,172,177
050,12,129,"Florida","Wakulla County",2,4,374,185,189
050,12,129,"Florida","Wakulla County",2,5,387,191,196
050,12,129,"Florida","Wakulla County",2,6,390,190,200
050,12,129,"Florida","Wakulla County",2,7,371,185,186
050,12,129,"Florida","Wakulla County",2,8,360,191,169
050,12,129,"Florida","Wakulla County",2,9,381,189,192
050,12,129,"Florida","Wakulla County",2,10,373,187,186
050,12,129,"Florida","Wakulla County",2,11,406,206,200
050,12,129,"Florida","Wakulla County",2,12,443,228,215
050,12,129,"Florida","Wakulla County",2,13,439,232,207
050,12,129,"Florida","Wakulla County",2,14,453,236,217
050,12,129,"Florida","Wakulla County",2,15,457,238,219
050,12,129,"Florida","Wakulla County",2,16,438,241,197
050,12,129,"Florida","Wakulla County",2,17,414,223,191
050,12,129,"Florida","Wakulla County",2,18,370,194,176
050,12,129,"Florida","Wakulla County",2,19,286,148,138
050,12,129,"Florida","Wakulla County",2,20,304,159,145
050,12,129,"Florida","Wakulla County",2,21,320,176,144
050,12,129,"Florida","Wakulla County",2,22,329,182,147
050,12,129,"Florida","Wakulla County",2,23,369,226,143
050,12,129,"Florida","Wakulla County",2,24,362,220,142
050,12,129,"Florida","Wakulla County",2,25,390,243,147
050,12,129,"Florida","Wakulla County",2,26,395,241,154
050,12,129,"Florida","Wakulla County",2,27,457,275,182
050,12,129,"Florida","Wakulla County",2,28,464,273,191
050,12,129,"Florida","Wakulla County",2,29,454,268,186
050,12,129,"Florida","Wakulla County",2,30,454,268,186
050,12,129,"Florida","Wakulla County",2,31,504,299,205
050,12,129,"Florida","Wakulla County",2,32,495,301,194
050,12,129,"Florida","Wakulla County",2,33,520,301,219
050,12,129,"Florida","Wakulla County",2,34,509,300,209
050,12,129,"Florida","Wakulla County",2,35,459,249,210
050,12,129,"Florida","Wakulla County",2,36,471,281,190
050,12,129,"Florida","Wakulla County",2,37,464,272,192
050,12,129,"Florida","Wakulla County",2,38,515,312,203
050,12,129,"Florida","Wakulla County",2,39,510,304,206
050,12,129,"Florida","Wakulla County",2,40,503,297,206
050,12,129,"Florida","Wakulla County",2,41,500,293,207
050,12,129,"Florida","Wakulla County",2,42,473,276,197
050,12,129,"Florida","Wakulla County",2,43,442,248,194
050,12,129,"Florida","Wakulla County",2,44,438,259,179
050,12,129,"Florida","Wakulla County",2,45,480,278,202
050,12,129,"Florida","Wakulla County",2,46,534,323,211
050,12,129,"Florida","Wakulla County",2,47,491,280,211
050,12,129,"Florida","Wakulla County",2,48,504,291,213
050,12,129,"Florida","Wakulla County",2,49,539,323,216
050,12,129,"Florida","Wakulla County",2,50,513,307,206
050,12,129,"Florida","Wakulla County",2,51,499,293,206
050,12,129,"Florida","Wakulla County",2,52,469,272,197
050,12,129,"Florida","Wakulla County",2,53,440,253,187
050,12,129,"Florida","Wakulla County",2,54,439,240,199
050,12,129,"Florida","Wakulla County",2,55,502,260,242
050,12,129,"Florida","Wakulla County",2,56,524,266,258
050,12,129,"Florida","Wakulla County",2,57,520,274,246
050,12,129,"Florida","Wakulla County",2,58,481,236,245
050,12,129,"Florida","Wakulla County",2,59,479,248,231
050,12,129,"Florida","Wakulla County",2,60,470,238,232
050,12,129,"Florida","Wakulla County",2,61,468,237,231
050,12,129,"Florida","Wakulla County",2,62,465,229,236
050,12,129,"Florida","Wakulla County",2,63,465,220,245
050,12,129,"Florida","Wakulla County",2,64,432,202,230
050,12,129,"Florida","Wakulla County",2,65,405,193,212
050,12,129,"Florida","Wakulla County",2,66,395,191,204
050,12,129,"Florida","Wakulla County",2,67,388,194,194
050,12,129,"Florida","Wakulla County",2,68,363,185,178
050,12,129,"Florida","Wakulla County",2,69,331,169,162
050,12,129,"Florida","Wakulla County",2,70,333,168,165
050,12,129,"Florida","Wakulla County",2,71,324,160,164
050,12,129,"Florida","Wakulla County",2,72,331,167,164
050,12,129,"Florida","Wakulla County",2,73,349,173,176
050,12,129,"Florida","Wakulla County",2,74,248,131,117
050,12,129,"Florida","Wakulla County",2,75,242,127,115
050,12,129,"Florida","Wakulla County",2,76,216,103,113
050,12,129,"Florida","Wakulla County",2,77,214,107,107
050,12,129,"Florida","Wakulla County",2,78,176,92,84
050,12,129,"Florida","Wakulla County",2,79,149,74,75
050,12,129,"Florida","Wakulla County",2,80,128,56,72
050,12,129,"Florida","Wakulla County",2,81,121,52,69
050,12,129,"Florida","Wakulla County",2,82,112,48,64
050,12,129,"Florida","Wakulla County",2,83,99,44,55
050,12,129,"Florida","Wakulla County",2,84,81,31,50
050,12,129,"Florida","Wakulla County",2,85,385,158,227
050,12,129,"Florida","Wakulla County",3,0,300,173,127
050,12,129,"Florida","Wakulla County",3,1,356,188,168
050,12,129,"Florida","Wakulla County",3,2,366,185,181
050,12,129,"Florida","Wakulla County",3,3,336,179,157
050,12,129,"Florida","Wakulla County",3,4,381,189,192
050,12,129,"Florida","Wakulla County",3,5,381,187,194
050,12,129,"Florida","Wakulla County",3,6,404,207,197
050,12,129,"Florida","Wakulla County",3,7,419,210,209
050,12,129,"Florida","Wakulla County",3,8,385,200,185
050,12,129,"Florida","Wakulla County",3,9,376,194,182
050,12,129,"Florida","Wakulla County",3,10,385,199,186
050,12,129,"Florida","Wakulla County",3,11,389,191,198
050,12,129,"Florida","Wakulla County",3,12,420,215,205
050,12,129,"Florida","Wakulla County",3,13,452,238,214
050,12,129,"Florida","Wakulla County",3,14,452,241,211
050,12,129,"Florida","Wakulla County",3,15,474,254,220
050,12,129,"Florida","Wakulla County",3,16,446,227,219
050,12,129,"Florida","Wakulla County",3,17,446,236,210
050,12,129,"Florida","Wakulla County",3,18,374,205,169
050,12,129,"Florida","Wakulla County",3,19,287,155,132
050,12,129,"Florida","Wakulla County",3,20,305,160,145
050,12,129,"Florida","Wakulla County",3,21,341,184,157
050,12,129,"Florida","Wakulla County",3,22,355,197,158
050,12,129,"Florida","Wakulla County",3,23,375,219,156
050,12,129,"Florida","Wakulla County",3,24,367,223,144
050,12,129,"Florida","Wakulla County",3,25,406,262,144
050,12,129,"Florida","Wakulla County",3,26,380,217,163
050,12,129,"Florida","Wakulla County",3,27,448,273,175
050,12,129,"Florida","Wakulla County",3,28,447,254,193
050,12,129,"Florida","Wakulla County",3,29,479,276,203
050,12,129,"Florida","Wakulla County",3,30,461,269,192
050,12,129,"Florida","Wakulla County",3,31,460,268,192
050,12,129,"Florida","Wakulla County",3,32,487,274,213
050,12,129,"Florida","Wakulla County",3,33,512,301,211
050,12,129,"Florida","Wakulla County",3,34,520,298,222
050,12,129,"Florida","Wakulla County",3,35,478,262,216
050,12,129,"Florida","Wakulla County",3,36,487,268,219
050,12,129,"Florida","Wakulla County",3,37,471,276,195
050,12,129,"Florida","Wakulla County",3,38,507,298,209
050,12,129,"Florida","Wakulla County",3,39,477,274,203
050,12,129,"Florida","Wakulla County",3,40,514,303,211
050,12,129,"Florida","Wakulla County",3,41,493,285,208
050,12,129,"Florida","Wakulla County",3,42,506,285,221
050,12,129,"Florida","Wakulla County",3,43,442,251,191
050,12,129,"Florida","Wakulla County",3,44,467,261,206
050,12,129,"Florida","Wakulla County",3,45,457,273,184
050,12,129,"Florida","Wakulla County",3,46,496,289,207
050,12,129,"Florida","Wakulla County",3,47,493,276,217
050,12,129,"Florida","Wakulla County",3,48,493,272,221
050,12,129,"Florida","Wakulla County",3,49,528,304,224
050,12,129,"Florida","Wakulla County",3,50,503,282,221
050,12,129,"Florida","Wakulla County",3,51,509,299,210
050,12,129,"Florida","Wakulla County",3,52,508,299,209
050,12,129,"Florida","Wakulla County",3,53,455,254,201
050,12,129,"Florida","Wakulla County",3,54,435,241,194
050,12,129,"Florida","Wakulla County",3,55,417,224,193
050,12,129,"Florida","Wakulla County",3,56,472,230,242
050,12,129,"Florida","Wakulla County",3,57,545,280,265
050,12,129,"Florida","Wakulla County",3,58,497,249,248
050,12,129,"Florida","Wakulla County",3,59,501,251,250
050,12,129,"Florida","Wakulla County",3,60,479,238,241
050,12,129,"Florida","Wakulla County",3,61,468,235,233
050,12,129,"Florida","Wakulla County",3,62,466,231,235
050,12,129,"Florida","Wakulla County",3,63,477,237,240
050,12,129,"Florida","Wakulla County",3,64,476,228,248
050,12,129,"Florida","Wakulla County",3,65,435,210,225
050,12,129,"Florida","Wakulla County",3,66,403,194,209
050,12,129,"Florida","Wakulla County",3,67,396,187,209
050,12,129,"Florida","Wakulla County",3,68,369,177,192
050,12,129,"Florida","Wakulla County",3,69,363,181,182
050,12,129,"Florida","Wakulla County",3,70,333,172,161
050,12,129,"Florida","Wakulla County",3,71,333,170,163
050,12,129,"Florida","Wakulla County",3,72,323,158,165
050,12,129,"Florida","Wakulla County",3,73,320,157,163
050,12,129,"Florida","Wakulla County",3,74,327,159,168
050,12,129,"Florida","Wakulla County",3,75,238,126,112
050,12,129,"Florida","Wakulla County",3,76,235,123,112
050,12,129,"Florida","Wakulla County",3,77,208,97,111
050,12,129,"Florida","Wakulla County",3,78,204,99,105
050,12,129,"Florida","Wakulla County",3,79,166,87,79
050,12,129,"Florida","Wakulla County",3,80,138,70,68
050,12,129,"Florida","Wakulla County",3,81,118,50,68
050,12,129,"Florida","Wakulla County",3,82,107,46,61
050,12,129,"Florida","Wakulla County",3,83,100,46,54
050,12,129,"Florida","Wakulla County",3,84,90,38,52
050,12,129,"Florida","Wakulla County",3,85,375,145,230
050,12,129,"Florida","Wakulla County",4,0,336,170,166
050,12,129,"Florida","Wakulla County",4,1,319,167,152
050,12,129,"Florida","Wakulla County",4,2,371,202,169
050,12,129,"Florida","Wakulla County",4,3,383,195,188
050,12,129,"Florida","Wakulla County",4,4,374,187,187
050,12,129,"Florida","Wakulla County",4,5,401,191,210
050,12,129,"Florida","Wakulla County",4,6,417,209,208
050,12,129,"Florida","Wakulla County",4,7,422,212,210
050,12,129,"Florida","Wakulla County",4,8,425,212,213
050,12,129,"Florida","Wakulla County",4,9,391,206,185
050,12,129,"Florida","Wakulla County",4,10,390,204,186
050,12,129,"Florida","Wakulla County",4,11,424,217,207
050,12,129,"Florida","Wakulla County",4,12,396,195,201
050,12,129,"Florida","Wakulla County",4,13,452,232,220
050,12,129,"Florida","Wakulla County",4,14,464,243,221
050,12,129,"Florida","Wakulla County",4,15,456,241,215
050,12,129,"Florida","Wakulla County",4,16,479,255,224
050,12,129,"Florida","Wakulla County",4,17,440,231,209
050,12,129,"Florida","Wakulla County",4,18,372,208,164
050,12,129,"Florida","Wakulla County",4,19,297,169,128
050,12,129,"Florida","Wakulla County",4,20,304,162,142
050,12,129,"Florida","Wakulla County",4,21,326,177,149
050,12,129,"Florida","Wakulla County",4,22,363,199,164
050,12,129,"Florida","Wakulla County",4,23,411,257,154
050,12,129,"Florida","Wakulla County",4,24,375,226,149
050,12,129,"Florida","Wakulla County",4,25,374,230,144
050,12,129,"Florida","Wakulla County",4,26,407,250,157
050,12,129,"Florida","Wakulla County",4,27,458,265,193
050,12,129,"Florida","Wakulla County",4,28,460,269,191
050,12,129,"Florida","Wakulla County",4,29,470,271,199
050,12,129,"Florida","Wakulla County",4,30,513,301,212
050,12,129,"Florida","Wakulla County",4,31,496,280,216
050,12,129,"Florida","Wakulla County",4,32,460,258,202
050,12,129,"Florida","Wakulla County",4,33,512,289,223
050,12,129,"Florida","Wakulla County",4,34,544,312,232
050,12,129,"Florida","Wakulla County",4,35,499,267,232
050,12,129,"Florida","Wakulla County",4,36,519,292,227
050,12,129,"Florida","Wakulla County",4,37,506,272,234
050,12,129,"Florida","Wakulla County",4,38,516,310,206
050,12,129,"Florida","Wakulla County",4,39,502,290,212
050,12,129,"Florida","Wakulla County",4,40,476,275,201
050,12,129,"Florida","Wakulla County",4,41,492,282,210
050,12,129,"Florida","Wakulla County",4,42,499,279,220
050,12,129,"Florida","Wakulla County",4,43,486,267,219
050,12,129,"Florida","Wakulla County",4,44,476,275,201
050,12,129,"Florida","Wakulla County",4,45,482,276,206
050,12,129,"Florida","Wakulla County",4,46,488,298,190
050,12,129,"Florida","Wakulla County",4,47,462,249,213
050,12,129,"Florida","Wakulla County",4,48,500,281,219
050,12,129,"Florida","Wakulla County",4,49,506,284,222
050,12,129,"Florida","Wakulla County",4,50,509,282,227
050,12,129,"Florida","Wakulla County",4,51,507,288,219
050,12,129,"Florida","Wakulla County",4,52,509,294,215
050,12,129,"Florida","Wakulla County",4,53,497,287,210
050,12,129,"Florida","Wakulla County",4,54,465,245,220
050,12,129,"Florida","Wakulla County",4,55,448,251,197
050,12,129,"Florida","Wakulla County",4,56,423,215,208
050,12,129,"Florida","Wakulla County",4,57,493,266,227
050,12,129,"Florida","Wakulla County",4,58,531,256,275
050,12,129,"Florida","Wakulla County",4,59,522,266,256
050,12,129,"Florida","Wakulla County",4,60,507,252,255
050,12,129,"Florida","Wakulla County",4,61,488,248,240
050,12,129,"Florida","Wakulla County",4,62,466,237,229
050,12,129,"Florida","Wakulla County",4,63,479,233,246
050,12,129,"Florida","Wakulla County",4,64,488,237,251
050,12,129,"Florida","Wakulla County",4,65,484,234,250
050,12,129,"Florida","Wakulla County",4,66,445,214,231
050,12,129,"Florida","Wakulla County",4,67,408,191,217
050,12,129,"Florida","Wakulla County",4,68,403,190,213
050,12,129,"Florida","Wakulla County",4,69,365,170,195
050,12,129,"Florida","Wakulla County",4,70,363,180,183
050,12,129,"Florida","Wakulla County",4,71,339,171,168
050,12,129,"Florida","Wakulla County",4,72,329,171,158
050,12,129,"Florida","Wakulla County",4,73,318,149,169
050,12,129,"Florida","Wakulla County",4,74,318,154,164
050,12,129,"Florida","Wakulla County",4,75,332,163,169
050,12,129,"Florida","Wakulla County",4,76,231,124,107
050,12,129,"Florida","Wakulla County",4,77,236,122,114
050,12,129,"Florida","Wakulla County",4,78,204,90,114
050,12,129,"Florida","Wakulla County",4,79,192,95,97
050,12,129,"Florida","Wakulla County",4,80,154,78,76
050,12,129,"Florida","Wakulla County",4,81,129,68,61
050,12,129,"Florida","Wakulla County",4,82,111,44,67
050,12,129,"Florida","Wakulla County",4,83,96,44,52
050,12,129,"Florida","Wakulla County",4,84,85,38,47
050,12,129,"Florida","Wakulla County",4,85,404,160,244
050,12,129,"Florida","Wakulla County",5,0,334,169,165
050,12,129,"Florida","Wakulla County",5,1,386,190,196
050,12,129,"Florida","Wakulla County",5,2,343,188,155
050,12,129,"Florida","Wakulla County",5,3,390,210,180
050,12,129,"Florida","Wakulla County",5,4,404,196,208
050,12,129,"Florida","Wakulla County",5,5,392,207,185
050,12,129,"Florida","Wakulla County",5,6,431,213,218
050,12,129,"Florida","Wakulla County",5,7,441,226,215
050,12,129,"Florida","Wakulla County",5,8,451,228,223
050,12,129,"Florida","Wakulla County",5,9,453,229,224
050,12,129,"Florida","Wakulla County",5,10,403,207,196
050,12,129,"Florida","Wakulla County",5,11,420,218,202
050,12,129,"Florida","Wakulla County",5,12,425,220,205
050,12,129,"Florida","Wakulla County",5,13,411,199,212
050,12,129,"Florida","Wakulla County",5,14,473,239,234
050,12,129,"Florida","Wakulla County",5,15,471,242,229
050,12,129,"Florida","Wakulla County",5,16,452,235,217
050,12,129,"Florida","Wakulla County",5,17,493,265,228
050,12,129,"Florida","Wakulla County",5,18,380,206,174
050,12,129,"Florida","Wakulla County",5,19,296,162,134
050,12,129,"Florida","Wakulla County",5,20,333,180,153
050,12,129,"Florida","Wakulla County",5,21,349,189,160
050,12,129,"Florida","Wakulla County",5,22,383,207,176
050,12,129,"Florida","Wakulla County",5,23,421,242,179
050,12,129,"Florida","Wakulla County",5,24,421,257,164
050,12,129,"Florida","Wakulla County",5,25,413,252,161
050,12,129,"Florida","Wakulla County",5,26,397,232,165
050,12,129,"Florida","Wakulla County",5,27,453,273,180
050,12,129,"Florida","Wakulla County",5,28,457,260,197
050,12,129,"Florida","Wakulla County",5,29,479,279,200
050,12,129,"Florida","Wakulla County",5,30,512,289,223
050,12,129,"Florida","Wakulla County",5,31,550,323,227
050,12,129,"Florida","Wakulla County",5,32,520,282,238
050,12,129,"Florida","Wakulla County",5,33,504,287,217
050,12,129,"Florida","Wakulla County",5,34,548,308,240
050,12,129,"Florida","Wakulla County",5,35,524,286,238
050,12,129,"Florida","Wakulla County",5,36,544,296,248
050,12,129,"Florida","Wakulla County",5,37,533,299,234
050,12,129,"Florida","Wakulla County",5,38,573,320,253
050,12,129,"Florida","Wakulla County",5,39,500,289,211
050,12,129,"Florida","Wakulla County",5,40,536,308,228
050,12,129,"Florida","Wakulla County",5,41,488,280,208
050,12,129,"Florida","Wakulla County",5,42,505,291,214
050,12,129,"Florida","Wakulla County",5,43,493,268,225
050,12,129,"Florida","Wakulla County",5,44,508,285,223
050,12,129,"Florida","Wakulla County",5,45,513,298,215
050,12,129,"Florida","Wakulla County",5,46,500,290,210
050,12,129,"Florida","Wakulla County",5,47,452,256,196
050,12,129,"Florida","Wakulla County",5,48,490,260,230
050,12,129,"Florida","Wakulla County",5,49,514,288,226
050,12,129,"Florida","Wakulla County",5,50,495,267,228
050,12,129,"Florida","Wakulla County",5,51,513,286,227
050,12,129,"Florida","Wakulla County",5,52,537,304,233
050,12,129,"Florida","Wakulla County",5,53,502,283,219
050,12,129,"Florida","Wakulla County",5,54,521,297,224
050,12,129,"Florida","Wakulla County",5,55,464,250,214
050,12,129,"Florida","Wakulla County",5,56,450,249,201
050,12,129,"Florida","Wakulla County",5,57,462,247,215
050,12,129,"Florida","Wakulla County",5,58,499,263,236
050,12,129,"Florida","Wakulla County",5,59,526,252,274
050,12,129,"Florida","Wakulla County",5,60,524,261,263
050,12,129,"Florida","Wakulla County",5,61,520,251,269
050,12,129,"Florida","Wakulla County",5,62,500,254,246
050,12,129,"Florida","Wakulla County",5,63,488,245,243
050,12,129,"Florida","Wakulla County",5,64,485,241,244
050,12,129,"Florida","Wakulla County",5,65,505,241,264
050,12,129,"Florida","Wakulla County",5,66,478,230,248
050,12,129,"Florida","Wakulla County",5,67,435,206,229
050,12,129,"Florida","Wakulla County",5,68,410,193,217
050,12,129,"Florida","Wakulla County",5,69,406,190,216
050,12,129,"Florida","Wakulla County",5,70,363,176,187
050,12,129,"Florida","Wakulla County",5,71,368,184,184
050,12,129,"Florida","Wakulla County",5,72,338,172,166
050,12,129,"Florida","Wakulla County",5,73,319,164,155
050,12,129,"Florida","Wakulla County",5,74,316,144,172
050,12,129,"Florida","Wakulla County",5,75,312,146,166
050,12,129,"Florida","Wakulla County",5,76,323,160,163
050,12,129,"Florida","Wakulla County",5,77,221,120,101
050,12,129,"Florida","Wakulla County",5,78,224,115,109
050,12,129,"Florida","Wakulla County",5,79,194,85,109
050,12,129,"Florida","Wakulla County",5,80,185,93,92
050,12,129,"Florida","Wakulla County",5,81,151,78,73
050,12,129,"Florida","Wakulla County",5,82,119,64,55
050,12,129,"Florida","Wakulla County",5,83,104,42,62
050,12,129,"Florida","Wakulla County",5,84,80,34,46
050,12,129,"Florida","Wakulla County",5,85,450,185,265
050,12,131,"Florida","Walton County",1,0,836,427,409
050,12,131,"Florida","Walton County",1,1,813,426,387
050,12,131,"Florida","Walton County",1,2,840,421,419
050,12,131,"Florida","Walton County",1,3,861,441,420
050,12,131,"Florida","Walton County",1,4,892,452,440
050,12,131,"Florida","Walton County",1,5,900,461,439
050,12,131,"Florida","Walton County",1,6,906,449,457
050,12,131,"Florida","Walton County",1,7,842,431,411
050,12,131,"Florida","Walton County",1,8,879,424,455
050,12,131,"Florida","Walton County",1,9,854,407,447
050,12,131,"Florida","Walton County",1,10,872,463,409
050,12,131,"Florida","Walton County",1,11,927,480,447
050,12,131,"Florida","Walton County",1,12,942,482,460
050,12,131,"Florida","Walton County",1,13,873,446,427
050,12,131,"Florida","Walton County",1,14,905,470,435
050,12,131,"Florida","Walton County",1,15,889,441,448
050,12,131,"Florida","Walton County",1,16,799,377,422
050,12,131,"Florida","Walton County",1,17,790,390,400
050,12,131,"Florida","Walton County",1,18,731,405,326
050,12,131,"Florida","Walton County",1,19,576,306,270
050,12,131,"Florida","Walton County",1,20,598,305,293
050,12,131,"Florida","Walton County",1,21,611,319,292
050,12,131,"Florida","Walton County",1,22,677,360,317
050,12,131,"Florida","Walton County",1,23,685,392,293
050,12,131,"Florida","Walton County",1,24,724,403,321
050,12,131,"Florida","Walton County",1,25,776,441,335
050,12,131,"Florida","Walton County",1,26,753,408,345
050,12,131,"Florida","Walton County",1,27,808,444,364
050,12,131,"Florida","Walton County",1,28,878,486,392
050,12,131,"Florida","Walton County",1,29,882,483,399
050,12,131,"Florida","Walton County",1,30,939,480,459
050,12,131,"Florida","Walton County",1,31,925,497,428
050,12,131,"Florida","Walton County",1,32,937,494,443
050,12,131,"Florida","Walton County",1,33,911,486,425
050,12,131,"Florida","Walton County",1,34,929,459,470
050,12,131,"Florida","Walton County",1,35,983,510,473
050,12,131,"Florida","Walton County",1,36,1022,531,491
050,12,131,"Florida","Walton County",1,37,967,493,474
050,12,131,"Florida","Walton County",1,38,997,531,466
050,12,131,"Florida","Walton County",1,39,1008,529,479
050,12,131,"Florida","Walton County",1,40,1001,525,476
050,12,131,"Florida","Walton County",1,41,967,522,445
050,12,131,"Florida","Walton County",1,42,935,501,434
050,12,131,"Florida","Walton County",1,43,887,482,405
050,12,131,"Florida","Walton County",1,44,882,450,432
050,12,131,"Florida","Walton County",1,45,903,479,424
050,12,131,"Florida","Walton County",1,46,911,482,429
050,12,131,"Florida","Walton County",1,47,903,463,440
050,12,131,"Florida","Walton County",1,48,947,492,455
050,12,131,"Florida","Walton County",1,49,1044,578,466
050,12,131,"Florida","Walton County",1,50,974,539,435
050,12,131,"Florida","Walton County",1,51,958,483,475
050,12,131,"Florida","Walton County",1,52,960,480,480
050,12,131,"Florida","Walton County",1,53,1005,496,509
050,12,131,"Florida","Walton County",1,54,1092,530,562
050,12,131,"Florida","Walton County",1,55,1157,570,587
050,12,131,"Florida","Walton County",1,56,1255,604,651
050,12,131,"Florida","Walton County",1,57,1174,563,611
050,12,131,"Florida","Walton County",1,58,1183,572,611
050,12,131,"Florida","Walton County",1,59,1240,600,640
050,12,131,"Florida","Walton County",1,60,1253,612,641
050,12,131,"Florida","Walton County",1,61,1208,584,624
050,12,131,"Florida","Walton County",1,62,1184,596,588
050,12,131,"Florida","Walton County",1,63,1241,621,620
050,12,131,"Florida","Walton County",1,64,1174,569,605
050,12,131,"Florida","Walton County",1,65,1168,557,611
050,12,131,"Florida","Walton County",1,66,1133,538,595
050,12,131,"Florida","Walton County",1,67,1038,494,544
050,12,131,"Florida","Walton County",1,68,998,482,516
050,12,131,"Florida","Walton County",1,69,945,462,483
050,12,131,"Florida","Walton County",1,70,872,444,428
050,12,131,"Florida","Walton County",1,71,885,449,436
050,12,131,"Florida","Walton County",1,72,928,467,461
050,12,131,"Florida","Walton County",1,73,848,440,408
050,12,131,"Florida","Walton County",1,74,630,314,316
050,12,131,"Florida","Walton County",1,75,618,313,305
050,12,131,"Florida","Walton County",1,76,628,307,321
050,12,131,"Florida","Walton County",1,77,555,272,283
050,12,131,"Florida","Walton County",1,78,479,239,240
050,12,131,"Florida","Walton County",1,79,438,212,226
050,12,131,"Florida","Walton County",1,80,367,172,195
050,12,131,"Florida","Walton County",1,81,302,135,167
050,12,131,"Florida","Walton County",1,82,296,127,169
050,12,131,"Florida","Walton County",1,83,285,119,166
050,12,131,"Florida","Walton County",1,84,239,102,137
050,12,131,"Florida","Walton County",1,85,1280,530,750
050,12,131,"Florida","Walton County",2,0,828,418,410
050,12,131,"Florida","Walton County",2,1,820,427,393
050,12,131,"Florida","Walton County",2,2,838,426,412
050,12,131,"Florida","Walton County",2,3,866,439,427
050,12,131,"Florida","Walton County",2,4,898,454,444
050,12,131,"Florida","Walton County",2,5,905,459,446
050,12,131,"Florida","Walton County",2,6,907,454,453
050,12,131,"Florida","Walton County",2,7,864,440,424
050,12,131,"Florida","Walton County",2,8,876,428,448
050,12,131,"Florida","Walton County",2,9,869,414,455
050,12,131,"Florida","Walton County",2,10,871,452,419
050,12,131,"Florida","Walton County",2,11,921,482,439
050,12,131,"Florida","Walton County",2,12,946,486,460
050,12,131,"Florida","Walton County",2,13,899,460,439
050,12,131,"Florida","Walton County",2,14,905,470,435
050,12,131,"Florida","Walton County",2,15,903,454,449
050,12,131,"Florida","Walton County",2,16,832,398,434
050,12,131,"Florida","Walton County",2,17,799,393,406
050,12,131,"Florida","Walton County",2,18,718,390,328
050,12,131,"Florida","Walton County",2,19,592,318,274
050,12,131,"Florida","Walton County",2,20,612,311,301
050,12,131,"Florida","Walton County",2,21,626,326,300
050,12,131,"Florida","Walton County",2,22,677,358,319
050,12,131,"Florida","Walton County",2,23,698,393,305
050,12,131,"Florida","Walton County",2,24,729,410,319
050,12,131,"Florida","Walton County",2,25,774,437,337
050,12,131,"Florida","Walton County",2,26,765,418,347
050,12,131,"Florida","Walton County",2,27,806,441,365
050,12,131,"Florida","Walton County",2,28,866,478,388
050,12,131,"Florida","Walton County",2,29,881,478,403
050,12,131,"Florida","Walton County",2,30,942,490,452
050,12,131,"Florida","Walton County",2,31,934,495,439
050,12,131,"Florida","Walton County",2,32,941,500,441
050,12,131,"Florida","Walton County",2,33,921,486,435
050,12,131,"Florida","Walton County",2,34,933,469,464
050,12,131,"Florida","Walton County",2,35,989,508,481
050,12,131,"Florida","Walton County",2,36,1013,526,487
050,12,131,"Florida","Walton County",2,37,985,502,483
050,12,131,"Florida","Walton County",2,38,1004,529,475
050,12,131,"Florida","Walton County",2,39,1006,527,479
050,12,131,"Florida","Walton County",2,40,1016,532,484
050,12,131,"Florida","Walton County",2,41,980,525,455
050,12,131,"Florida","Walton County",2,42,946,508,438
050,12,131,"Florida","Walton County",2,43,912,491,421
050,12,131,"Florida","Walton County",2,44,883,456,427
050,12,131,"Florida","Walton County",2,45,916,480,436
050,12,131,"Florida","Walton County",2,46,915,484,431
050,12,131,"Florida","Walton County",2,47,910,473,437
050,12,131,"Florida","Walton County",2,48,948,493,455
050,12,131,"Florida","Walton County",2,49,1035,564,471
050,12,131,"Florida","Walton County",2,50,998,551,447
050,12,131,"Florida","Walton County",2,51,964,497,467
050,12,131,"Florida","Walton County",2,52,963,483,480
050,12,131,"Florida","Walton County",2,53,1010,498,512
050,12,131,"Florida","Walton County",2,54,1080,525,555
050,12,131,"Florida","Walton County",2,55,1155,565,590
050,12,131,"Florida","Walton County",2,56,1258,609,649
050,12,131,"Florida","Walton County",2,57,1201,575,626
050,12,131,"Florida","Walton County",2,58,1193,577,616
050,12,131,"Florida","Walton County",2,59,1247,603,644
050,12,131,"Florida","Walton County",2,60,1262,616,646
050,12,131,"Florida","Walton County",2,61,1231,594,637
050,12,131,"Florida","Walton County",2,62,1207,601,606
050,12,131,"Florida","Walton County",2,63,1247,623,624
050,12,131,"Florida","Walton County",2,64,1190,581,609
050,12,131,"Florida","Walton County",2,65,1180,564,616
050,12,131,"Florida","Walton County",2,66,1148,547,601
050,12,131,"Florida","Walton County",2,67,1061,507,554
050,12,131,"Florida","Walton County",2,68,1004,482,522
050,12,131,"Florida","Walton County",2,69,964,468,496
050,12,131,"Florida","Walton County",2,70,882,447,435
050,12,131,"Florida","Walton County",2,71,891,453,438
050,12,131,"Florida","Walton County",2,72,902,456,446
050,12,131,"Florida","Walton County",2,73,906,468,438
050,12,131,"Florida","Walton County",2,74,640,325,315
050,12,131,"Florida","Walton County",2,75,621,312,309
050,12,131,"Florida","Walton County",2,76,620,306,314
050,12,131,"Florida","Walton County",2,77,582,287,295
050,12,131,"Florida","Walton County",2,78,480,236,244
050,12,131,"Florida","Walton County",2,79,443,212,231
050,12,131,"Florida","Walton County",2,80,378,178,200
050,12,131,"Florida","Walton County",2,81,308,138,170
050,12,131,"Florida","Walton County",2,82,295,123,172
050,12,131,"Florida","Walton County",2,83,287,119,168
050,12,131,"Florida","Walton County",2,84,243,105,138
050,12,131,"Florida","Walton County",2,85,1280,527,753
050,12,131,"Florida","Walton County",3,0,822,429,393
050,12,131,"Florida","Walton County",3,1,847,440,407
050,12,131,"Florida","Walton County",3,2,863,441,422
050,12,131,"Florida","Walton County",3,3,877,440,437
050,12,131,"Florida","Walton County",3,4,910,459,451
050,12,131,"Florida","Walton County",3,5,973,506,467
050,12,131,"Florida","Walton County",3,6,974,478,496
050,12,131,"Florida","Walton County",3,7,964,484,480
050,12,131,"Florida","Walton County",3,8,938,490,448
050,12,131,"Florida","Walton County",3,9,899,442,457
050,12,131,"Florida","Walton County",3,10,930,446,484
050,12,131,"Florida","Walton County",3,11,924,477,447
050,12,131,"Florida","Walton County",3,12,950,510,440
050,12,131,"Florida","Walton County",3,13,1000,507,493
050,12,131,"Florida","Walton County",3,14,925,469,456
050,12,131,"Florida","Walton County",3,15,953,502,451
050,12,131,"Florida","Walton County",3,16,952,480,472
050,12,131,"Florida","Walton County",3,17,885,428,457
050,12,131,"Florida","Walton County",3,18,714,365,349
050,12,131,"Florida","Walton County",3,19,637,345,292
050,12,131,"Florida","Walton County",3,20,665,338,327
050,12,131,"Florida","Walton County",3,21,689,349,340
050,12,131,"Florida","Walton County",3,22,712,376,336
050,12,131,"Florida","Walton County",3,23,742,398,344
050,12,131,"Florida","Walton County",3,24,793,422,371
050,12,131,"Florida","Walton County",3,25,792,441,351
050,12,131,"Florida","Walton County",3,26,816,451,365
050,12,131,"Florida","Walton County",3,27,839,467,372
050,12,131,"Florida","Walton County",3,28,882,486,396
050,12,131,"Florida","Walton County",3,29,929,490,439
050,12,131,"Florida","Walton County",3,30,975,507,468
050,12,131,"Florida","Walton County",3,31,1046,551,495
050,12,131,"Florida","Walton County",3,32,1003,523,480
050,12,131,"Florida","Walton County",3,33,979,512,467
050,12,131,"Florida","Walton County",3,34,966,504,462
050,12,131,"Florida","Walton County",3,35,1003,493,510
050,12,131,"Florida","Walton County",3,36,1075,566,509
050,12,131,"Florida","Walton County",3,37,1052,530,522
050,12,131,"Florida","Walton County",3,38,1063,520,543
050,12,131,"Florida","Walton County",3,39,1055,549,506
050,12,131,"Florida","Walton County",3,40,1064,559,505
050,12,131,"Florida","Walton County",3,41,1071,552,519
050,12,131,"Florida","Walton County",3,42,1037,554,483
050,12,131,"Florida","Walton County",3,43,1005,525,480
050,12,131,"Florida","Walton County",3,44,939,505,434
050,12,131,"Florida","Walton County",3,45,906,473,433
050,12,131,"Florida","Walton County",3,46,950,498,452
050,12,131,"Florida","Walton County",3,47,954,486,468
050,12,131,"Florida","Walton County",3,48,967,504,463
050,12,131,"Florida","Walton County",3,49,1018,529,489
050,12,131,"Florida","Walton County",3,50,1052,569,483
050,12,131,"Florida","Walton County",3,51,1089,591,498
050,12,131,"Florida","Walton County",3,52,1046,534,512
050,12,131,"Florida","Walton County",3,53,1036,511,525
050,12,131,"Florida","Walton County",3,54,1102,526,576
050,12,131,"Florida","Walton County",3,55,1119,554,565
050,12,131,"Florida","Walton County",3,56,1245,622,623
050,12,131,"Florida","Walton County",3,57,1303,611,692
050,12,131,"Florida","Walton County",3,58,1280,617,663
050,12,131,"Florida","Walton County",3,59,1267,597,670
050,12,131,"Florida","Walton County",3,60,1351,641,710
050,12,131,"Florida","Walton County",3,61,1359,668,691
050,12,131,"Florida","Walton County",3,62,1320,635,685
050,12,131,"Florida","Walton County",3,63,1260,623,637
050,12,131,"Florida","Walton County",3,64,1270,645,625
050,12,131,"Florida","Walton County",3,65,1227,604,623
050,12,131,"Florida","Walton County",3,66,1221,580,641
050,12,131,"Florida","Walton County",3,67,1153,544,609
050,12,131,"Florida","Walton County",3,68,1066,509,557
050,12,131,"Florida","Walton County",3,69,1047,505,542
050,12,131,"Florida","Walton County",3,70,988,486,502
050,12,131,"Florida","Walton County",3,71,870,438,432
050,12,131,"Florida","Walton County",3,72,886,462,424
050,12,131,"Florida","Walton County",3,73,881,439,442
050,12,131,"Florida","Walton County",3,74,900,457,443
050,12,131,"Florida","Walton County",3,75,627,322,305
050,12,131,"Florida","Walton County",3,76,596,296,300
050,12,131,"Florida","Walton County",3,77,584,294,290
050,12,131,"Florida","Walton County",3,78,572,282,290
050,12,131,"Florida","Walton County",3,79,468,224,244
050,12,131,"Florida","Walton County",3,80,416,201,215
050,12,131,"Florida","Walton County",3,81,344,164,180
050,12,131,"Florida","Walton County",3,82,290,122,168
050,12,131,"Florida","Walton County",3,83,283,116,167
050,12,131,"Florida","Walton County",3,84,249,104,145
050,12,131,"Florida","Walton County",3,85,1330,545,785
050,12,131,"Florida","Walton County",4,0,945,476,469
050,12,131,"Florida","Walton County",4,1,868,444,424
050,12,131,"Florida","Walton County",4,2,887,459,428
050,12,131,"Florida","Walton County",4,3,891,454,437
050,12,131,"Florida","Walton County",4,4,928,473,455
050,12,131,"Florida","Walton County",4,5,963,497,466
050,12,131,"Florida","Walton County",4,6,1012,510,502
050,12,131,"Florida","Walton County",4,7,1028,515,513
050,12,131,"Florida","Walton County",4,8,1005,510,495
050,12,131,"Florida","Walton County",4,9,953,498,455
050,12,131,"Florida","Walton County",4,10,935,460,475
050,12,131,"Florida","Walton County",4,11,973,461,512
050,12,131,"Florida","Walton County",4,12,938,485,453
050,12,131,"Florida","Walton County",4,13,989,539,450
050,12,131,"Florida","Walton County",4,14,1039,550,489
050,12,131,"Florida","Walton County",4,15,984,523,461
050,12,131,"Florida","Walton County",4,16,996,519,477
050,12,131,"Florida","Walton County",4,17,1004,520,484
050,12,131,"Florida","Walton County",4,18,772,389,383
050,12,131,"Florida","Walton County",4,19,598,311,287
050,12,131,"Florida","Walton County",4,20,711,377,334
050,12,131,"Florida","Walton County",4,21,713,379,334
050,12,131,"Florida","Walton County",4,22,795,400,395
050,12,131,"Florida","Walton County",4,23,780,419,361
050,12,131,"Florida","Walton County",4,24,800,410,390
050,12,131,"Florida","Walton County",4,25,844,481,363
050,12,131,"Florida","Walton County",4,26,836,466,370
050,12,131,"Florida","Walton County",4,27,861,479,382
050,12,131,"Florida","Walton County",4,28,888,502,386
050,12,131,"Florida","Walton County",4,29,922,516,406
050,12,131,"Florida","Walton County",4,30,943,495,448
050,12,131,"Florida","Walton County",4,31,1005,538,467
050,12,131,"Florida","Walton County",4,32,1088,581,507
050,12,131,"Florida","Walton County",4,33,1026,528,498
050,12,131,"Florida","Walton County",4,34,1037,534,503
050,12,131,"Florida","Walton County",4,35,1008,518,490
050,12,131,"Florida","Walton County",4,36,1090,538,552
050,12,131,"Florida","Walton County",4,37,1116,568,548
050,12,131,"Florida","Walton County",4,38,1108,566,542
050,12,131,"Florida","Walton County",4,39,1117,538,579
050,12,131,"Florida","Walton County",4,40,1108,584,524
050,12,131,"Florida","Walton County",4,41,1134,587,547
050,12,131,"Florida","Walton County",4,42,1137,591,546
050,12,131,"Florida","Walton County",4,43,1077,585,492
050,12,131,"Florida","Walton County",4,44,1036,534,502
050,12,131,"Florida","Walton County",4,45,987,534,453
050,12,131,"Florida","Walton County",4,46,948,492,456
050,12,131,"Florida","Walton County",4,47,1001,523,478
050,12,131,"Florida","Walton County",4,48,1017,507,510
050,12,131,"Florida","Walton County",4,49,1045,524,521
050,12,131,"Florida","Walton County",4,50,1047,539,508
050,12,131,"Florida","Walton County",4,51,1135,607,528
050,12,131,"Florida","Walton County",4,52,1128,606,522
050,12,131,"Florida","Walton County",4,53,1131,570,561
050,12,131,"Florida","Walton County",4,54,1066,516,550
050,12,131,"Florida","Walton County",4,55,1127,537,590
050,12,131,"Florida","Walton County",4,56,1199,587,612
050,12,131,"Florida","Walton County",4,57,1261,618,643
050,12,131,"Florida","Walton County",4,58,1373,644,729
050,12,131,"Florida","Walton County",4,59,1353,643,710
050,12,131,"Florida","Walton County",4,60,1372,671,701
050,12,131,"Florida","Walton County",4,61,1403,681,722
050,12,131,"Florida","Walton County",4,62,1430,699,731
050,12,131,"Florida","Walton County",4,63,1380,654,726
050,12,131,"Florida","Walton County",4,64,1298,653,645
050,12,131,"Florida","Walton County",4,65,1300,656,644
050,12,131,"Florida","Walton County",4,66,1236,608,628
050,12,131,"Florida","Walton County",4,67,1212,578,634
050,12,131,"Florida","Walton County",4,68,1158,548,610
050,12,131,"Florida","Walton County",4,69,1066,514,552
050,12,131,"Florida","Walton County",4,70,1047,513,534
050,12,131,"Florida","Walton County",4,71,1014,498,516
050,12,131,"Florida","Walton County",4,72,851,426,425
050,12,131,"Florida","Walton County",4,73,848,444,404
050,12,131,"Florida","Walton County",4,74,866,432,434
050,12,131,"Florida","Walton County",4,75,867,435,432
050,12,131,"Florida","Walton County",4,76,596,311,285
050,12,131,"Florida","Walton County",4,77,551,276,275
050,12,131,"Florida","Walton County",4,78,580,288,292
050,12,131,"Florida","Walton County",4,79,560,268,292
050,12,131,"Florida","Walton County",4,80,443,216,227
050,12,131,"Florida","Walton County",4,81,376,180,196
050,12,131,"Florida","Walton County",4,82,313,144,169
050,12,131,"Florida","Walton County",4,83,281,110,171
050,12,131,"Florida","Walton County",4,84,249,98,151
050,12,131,"Florida","Walton County",4,85,1401,564,837
050,12,131,"Florida","Walton County",5,0,959,483,476
050,12,131,"Florida","Walton County",5,1,930,468,462
050,12,131,"Florida","Walton County",5,2,909,454,455
050,12,131,"Florida","Walton County",5,3,927,488,439
050,12,131,"Florida","Walton County",5,4,946,475,471
050,12,131,"Florida","Walton County",5,5,984,495,489
050,12,131,"Florida","Walton County",5,6,978,504,474
050,12,131,"Florida","Walton County",5,7,1058,534,524
050,12,131,"Florida","Walton County",5,8,1080,533,547
050,12,131,"Florida","Walton County",5,9,1045,528,517
050,12,131,"Florida","Walton County",5,10,998,521,477
050,12,131,"Florida","Walton County",5,11,994,479,515
050,12,131,"Florida","Walton County",5,12,1007,490,517
050,12,131,"Florida","Walton County",5,13,983,511,472
050,12,131,"Florida","Walton County",5,14,1034,563,471
050,12,131,"Florida","Walton County",5,15,1053,552,501
050,12,131,"Florida","Walton County",5,16,1022,538,484
050,12,131,"Florida","Walton County",5,17,1010,532,478
050,12,131,"Florida","Walton County",5,18,848,438,410
050,12,131,"Florida","Walton County",5,19,647,314,333
050,12,131,"Florida","Walton County",5,20,670,340,330
050,12,131,"Florida","Walton County",5,21,799,414,385
050,12,131,"Florida","Walton County",5,22,846,428,418
050,12,131,"Florida","Walton County",5,23,867,439,428
050,12,131,"Florida","Walton County",5,24,862,462,400
050,12,131,"Florida","Walton County",5,25,864,441,423
050,12,131,"Florida","Walton County",5,26,888,515,373
050,12,131,"Florida","Walton County",5,27,880,491,389
050,12,131,"Florida","Walton County",5,28,900,503,397
050,12,131,"Florida","Walton County",5,29,918,510,408
050,12,131,"Florida","Walton County",5,30,966,528,438
050,12,131,"Florida","Walton County",5,31,992,539,453
050,12,131,"Florida","Walton County",5,32,1055,564,491
050,12,131,"Florida","Walton County",5,33,1083,547,536
050,12,131,"Florida","Walton County",5,34,1048,523,525
050,12,131,"Florida","Walton County",5,35,1090,555,535
050,12,131,"Florida","Walton County",5,36,1116,578,538
050,12,131,"Florida","Walton County",5,37,1125,558,567
050,12,131,"Florida","Walton County",5,38,1201,630,571
050,12,131,"Florida","Walton County",5,39,1127,576,551
050,12,131,"Florida","Walton County",5,40,1152,575,577
050,12,131,"Florida","Walton County",5,41,1172,627,545
050,12,131,"Florida","Walton County",5,42,1189,618,571
050,12,131,"Florida","Walton County",5,43,1177,616,561
050,12,131,"Florida","Walton County",5,44,1063,570,493
050,12,131,"Florida","Walton County",5,45,1040,540,500
050,12,131,"Florida","Walton County",5,46,1017,546,471
050,12,131,"Florida","Walton County",5,47,1000,519,481
050,12,131,"Florida","Walton County",5,48,1035,536,499
050,12,131,"Florida","Walton County",5,49,1048,527,521
050,12,131,"Florida","Walton County",5,50,1058,516,542
050,12,131,"Florida","Walton County",5,51,1115,566,549
050,12,131,"Florida","Walton County",5,52,1187,636,551
050,12,131,"Florida","Walton County",5,53,1171,618,553
050,12,131,"Florida","Walton County",5,54,1150,588,562
050,12,131,"Florida","Walton County",5,55,1092,528,564
050,12,131,"Florida","Walton County",5,56,1181,559,622
050,12,131,"Florida","Walton County",5,57,1236,601,635
050,12,131,"Florida","Walton County",5,58,1296,646,650
050,12,131,"Florida","Walton County",5,59,1395,630,765
050,12,131,"Florida","Walton County",5,60,1412,679,733
050,12,131,"Florida","Walton County",5,61,1399,676,723
050,12,131,"Florida","Walton County",5,62,1474,731,743
050,12,131,"Florida","Walton County",5,63,1468,715,753
050,12,131,"Florida","Walton County",5,64,1391,671,720
050,12,131,"Florida","Walton County",5,65,1323,680,643
050,12,131,"Florida","Walton County",5,66,1324,659,665
050,12,131,"Florida","Walton County",5,67,1252,612,640
050,12,131,"Florida","Walton County",5,68,1210,568,642
050,12,131,"Florida","Walton County",5,69,1172,547,625
050,12,131,"Florida","Walton County",5,70,1052,514,538
050,12,131,"Florida","Walton County",5,71,1065,526,539
050,12,131,"Florida","Walton County",5,72,994,481,513
050,12,131,"Florida","Walton County",5,73,840,415,425
050,12,131,"Florida","Walton County",5,74,836,432,404
050,12,131,"Florida","Walton County",5,75,849,418,431
050,12,131,"Florida","Walton County",5,76,841,424,417
050,12,131,"Florida","Walton County",5,77,575,305,270
050,12,131,"Florida","Walton County",5,78,524,258,266
050,12,131,"Florida","Walton County",5,79,554,270,284
050,12,131,"Florida","Walton County",5,80,539,252,287
050,12,131,"Florida","Walton County",5,81,412,206,206
050,12,131,"Florida","Walton County",5,82,340,158,182
050,12,131,"Florida","Walton County",5,83,302,137,165
050,12,131,"Florida","Walton County",5,84,251,97,154
050,12,131,"Florida","Walton County",5,85,1472,580,892
050,12,133,"Florida","Washington County",1,0,268,138,130
050,12,133,"Florida","Washington County",1,1,274,144,130
050,12,133,"Florida","Washington County",1,2,256,130,126
050,12,133,"Florida","Washington County",1,3,245,120,125
050,12,133,"Florida","Washington County",1,4,279,138,141
050,12,133,"Florida","Washington County",1,5,284,148,136
050,12,133,"Florida","Washington County",1,6,296,157,139
050,12,133,"Florida","Washington County",1,7,300,153,147
050,12,133,"Florida","Washington County",1,8,263,132,131
050,12,133,"Florida","Washington County",1,9,261,130,131
050,12,133,"Florida","Washington County",1,10,265,127,138
050,12,133,"Florida","Washington County",1,11,299,156,143
050,12,133,"Florida","Washington County",1,12,315,168,147
050,12,133,"Florida","Washington County",1,13,308,154,154
050,12,133,"Florida","Washington County",1,14,320,152,168
050,12,133,"Florida","Washington County",1,15,300,157,143
050,12,133,"Florida","Washington County",1,16,290,153,137
050,12,133,"Florida","Washington County",1,17,305,159,146
050,12,133,"Florida","Washington County",1,18,253,135,118
050,12,133,"Florida","Washington County",1,19,237,144,93
050,12,133,"Florida","Washington County",1,20,267,166,101
050,12,133,"Florida","Washington County",1,21,292,184,108
050,12,133,"Florida","Washington County",1,22,307,168,139
050,12,133,"Florida","Washington County",1,23,358,198,160
050,12,133,"Florida","Washington County",1,24,349,206,143
050,12,133,"Florida","Washington County",1,25,322,187,135
050,12,133,"Florida","Washington County",1,26,330,205,125
050,12,133,"Florida","Washington County",1,27,334,199,135
050,12,133,"Florida","Washington County",1,28,353,207,146
050,12,133,"Florida","Washington County",1,29,364,213,151
050,12,133,"Florida","Washington County",1,30,384,239,145
050,12,133,"Florida","Washington County",1,31,357,209,148
050,12,133,"Florida","Washington County",1,32,340,196,144
050,12,133,"Florida","Washington County",1,33,328,185,143
050,12,133,"Florida","Washington County",1,34,308,179,129
050,12,133,"Florida","Washington County",1,35,317,185,132
050,12,133,"Florida","Washington County",1,36,321,194,127
050,12,133,"Florida","Washington County",1,37,324,185,139
050,12,133,"Florida","Washington County",1,38,310,182,128
050,12,133,"Florida","Washington County",1,39,331,197,134
050,12,133,"Florida","Washington County",1,40,324,194,130
050,12,133,"Florida","Washington County",1,41,301,182,119
050,12,133,"Florida","Washington County",1,42,324,180,144
050,12,133,"Florida","Washington County",1,43,308,176,132
050,12,133,"Florida","Washington County",1,44,300,166,134
050,12,133,"Florida","Washington County",1,45,313,188,125
050,12,133,"Florida","Washington County",1,46,328,179,149
050,12,133,"Florida","Washington County",1,47,338,190,148
050,12,133,"Florida","Washington County",1,48,342,192,150
050,12,133,"Florida","Washington County",1,49,387,209,178
050,12,133,"Florida","Washington County",1,50,331,181,150
050,12,133,"Florida","Washington County",1,51,326,174,152
050,12,133,"Florida","Washington County",1,52,328,174,154
050,12,133,"Florida","Washington County",1,53,356,205,151
050,12,133,"Florida","Washington County",1,54,364,201,163
050,12,133,"Florida","Washington County",1,55,361,194,167
050,12,133,"Florida","Washington County",1,56,388,204,184
050,12,133,"Florida","Washington County",1,57,358,188,170
050,12,133,"Florida","Washington County",1,58,383,201,182
050,12,133,"Florida","Washington County",1,59,376,181,195
050,12,133,"Florida","Washington County",1,60,359,177,182
050,12,133,"Florida","Washington County",1,61,353,183,170
050,12,133,"Florida","Washington County",1,62,325,156,169
050,12,133,"Florida","Washington County",1,63,339,164,175
050,12,133,"Florida","Washington County",1,64,303,160,143
050,12,133,"Florida","Washington County",1,65,308,153,155
050,12,133,"Florida","Washington County",1,66,301,149,152
050,12,133,"Florida","Washington County",1,67,309,157,152
050,12,133,"Florida","Washington County",1,68,283,140,143
050,12,133,"Florida","Washington County",1,69,259,123,136
050,12,133,"Florida","Washington County",1,70,251,123,128
050,12,133,"Florida","Washington County",1,71,284,127,157
050,12,133,"Florida","Washington County",1,72,253,111,142
050,12,133,"Florida","Washington County",1,73,257,124,133
050,12,133,"Florida","Washington County",1,74,187,90,97
050,12,133,"Florida","Washington County",1,75,214,93,121
050,12,133,"Florida","Washington County",1,76,211,98,113
050,12,133,"Florida","Washington County",1,77,212,100,112
050,12,133,"Florida","Washington County",1,78,160,66,94
050,12,133,"Florida","Washington County",1,79,145,65,80
050,12,133,"Florida","Washington County",1,80,116,52,64
050,12,133,"Florida","Washington County",1,81,119,50,69
050,12,133,"Florida","Washington County",1,82,121,57,64
050,12,133,"Florida","Washington County",1,83,93,50,43
050,12,133,"Florida","Washington County",1,84,96,42,54
050,12,133,"Florida","Washington County",1,85,415,166,249
050,12,133,"Florida","Washington County",2,0,255,132,123
050,12,133,"Florida","Washington County",2,1,274,143,131
050,12,133,"Florida","Washington County",2,2,259,134,125
050,12,133,"Florida","Washington County",2,3,248,123,125
050,12,133,"Florida","Washington County",2,4,271,134,137
050,12,133,"Florida","Washington County",2,5,283,147,136
050,12,133,"Florida","Washington County",2,6,299,157,142
050,12,133,"Florida","Washington County",2,7,298,153,145
050,12,133,"Florida","Washington County",2,8,274,138,136
050,12,133,"Florida","Washington County",2,9,262,129,133
050,12,133,"Florida","Washington County",2,10,266,130,136
050,12,133,"Florida","Washington County",2,11,293,151,142
050,12,133,"Florida","Washington County",2,12,313,165,148
050,12,133,"Florida","Washington County",2,13,311,158,153
050,12,133,"Florida","Washington County",2,14,318,153,165
050,12,133,"Florida","Washington County",2,15,304,156,148
050,12,133,"Florida","Washington County",2,16,296,156,140
050,12,133,"Florida","Washington County",2,17,302,159,143
050,12,133,"Florida","Washington County",2,18,251,134,117
050,12,133,"Florida","Washington County",2,19,234,139,95
050,12,133,"Florida","Washington County",2,20,269,167,102
050,12,133,"Florida","Washington County",2,21,289,179,110
050,12,133,"Florida","Washington County",2,22,302,167,135
050,12,133,"Florida","Washington County",2,23,355,196,159
050,12,133,"Florida","Washington County",2,24,349,202,147
050,12,133,"Florida","Washington County",2,25,327,190,137
050,12,133,"Florida","Washington County",2,26,327,199,128
050,12,133,"Florida","Washington County",2,27,327,197,130
050,12,133,"Florida","Washington County",2,28,345,201,144
050,12,133,"Florida","Washington County",2,29,367,212,155
050,12,133,"Florida","Washington County",2,30,388,236,152
050,12,133,"Florida","Washington County",2,31,359,211,148
050,12,133,"Florida","Washington County",2,32,344,198,146
050,12,133,"Florida","Washington County",2,33,330,187,143
050,12,133,"Florida","Washington County",2,34,310,179,131
050,12,133,"Florida","Washington County",2,35,314,183,131
050,12,133,"Florida","Washington County",2,36,320,190,130
050,12,133,"Florida","Washington County",2,37,330,192,138
050,12,133,"Florida","Washington County",2,38,314,180,134
050,12,133,"Florida","Washington County",2,39,326,193,133
050,12,133,"Florida","Washington County",2,40,329,195,134
050,12,133,"Florida","Washington County",2,41,308,187,121
050,12,133,"Florida","Washington County",2,42,316,178,138
050,12,133,"Florida","Washington County",2,43,311,174,137
050,12,133,"Florida","Washington County",2,44,296,165,131
050,12,133,"Florida","Washington County",2,45,312,183,129
050,12,133,"Florida","Washington County",2,46,318,177,141
050,12,133,"Florida","Washington County",2,47,334,188,146
050,12,133,"Florida","Washington County",2,48,343,192,151
050,12,133,"Florida","Washington County",2,49,375,203,172
050,12,133,"Florida","Washington County",2,50,345,186,159
050,12,133,"Florida","Washington County",2,51,332,176,156
050,12,133,"Florida","Washington County",2,52,329,173,156
050,12,133,"Florida","Washington County",2,53,347,195,152
050,12,133,"Florida","Washington County",2,54,362,201,161
050,12,133,"Florida","Washington County",2,55,361,194,167
050,12,133,"Florida","Washington County",2,56,386,205,181
050,12,133,"Florida","Washington County",2,57,367,193,174
050,12,133,"Florida","Washington County",2,58,374,196,178
050,12,133,"Florida","Washington County",2,59,380,190,190
050,12,133,"Florida","Washington County",2,60,361,176,185
050,12,133,"Florida","Washington County",2,61,351,179,172
050,12,133,"Florida","Washington County",2,62,331,163,168
050,12,133,"Florida","Washington County",2,63,335,161,174
050,12,133,"Florida","Washington County",2,64,308,159,149
050,12,133,"Florida","Washington County",2,65,307,154,153
050,12,133,"Florida","Washington County",2,66,306,151,155
050,12,133,"Florida","Washington County",2,67,302,154,148
050,12,133,"Florida","Washington County",2,68,285,143,142
050,12,133,"Florida","Washington County",2,69,260,126,134
050,12,133,"Florida","Washington County",2,70,251,122,129
050,12,133,"Florida","Washington County",2,71,276,124,152
050,12,133,"Florida","Washington County",2,72,254,113,141
050,12,133,"Florida","Washington County",2,73,263,122,141
050,12,133,"Florida","Washington County",2,74,192,93,99
050,12,133,"Florida","Washington County",2,75,204,91,113
050,12,133,"Florida","Washington County",2,76,209,94,115
050,12,133,"Florida","Washington County",2,77,212,99,113
050,12,133,"Florida","Washington County",2,78,166,73,93
050,12,133,"Florida","Washington County",2,79,145,63,82
050,12,133,"Florida","Washington County",2,80,123,54,69
050,12,133,"Florida","Washington County",2,81,114,48,66
050,12,133,"Florida","Washington County",2,82,121,56,65
050,12,133,"Florida","Washington County",2,83,98,50,48
050,12,133,"Florida","Washington County",2,84,94,43,51
050,12,133,"Florida","Washington County",2,85,424,169,255
050,12,133,"Florida","Washington County",3,0,221,127,94
050,12,133,"Florida","Washington County",3,1,263,139,124
050,12,133,"Florida","Washington County",3,2,274,145,129
050,12,133,"Florida","Washington County",3,3,249,122,127
050,12,133,"Florida","Washington County",3,4,263,130,133
050,12,133,"Florida","Washington County",3,5,251,123,128
050,12,133,"Florida","Washington County",3,6,285,150,135
050,12,133,"Florida","Washington County",3,7,300,158,142
050,12,133,"Florida","Washington County",3,8,298,156,142
050,12,133,"Florida","Washington County",3,9,274,137,137
050,12,133,"Florida","Washington County",3,10,254,123,131
050,12,133,"Florida","Washington County",3,11,263,124,139
050,12,133,"Florida","Washington County",3,12,293,142,151
050,12,133,"Florida","Washington County",3,13,323,171,152
050,12,133,"Florida","Washington County",3,14,328,172,156
050,12,133,"Florida","Washington County",3,15,318,154,164
050,12,133,"Florida","Washington County",3,16,302,159,143
050,12,133,"Florida","Washington County",3,17,280,146,134
050,12,133,"Florida","Washington County",3,18,264,142,122
050,12,133,"Florida","Washington County",3,19,235,144,91
050,12,133,"Florida","Washington County",3,20,256,155,101
050,12,133,"Florida","Washington County",3,21,271,159,112
050,12,133,"Florida","Washington County",3,22,260,144,116
050,12,133,"Florida","Washington County",3,23,311,178,133
050,12,133,"Florida","Washington County",3,24,340,188,152
050,12,133,"Florida","Washington County",3,25,334,193,141
050,12,133,"Florida","Washington County",3,26,322,179,143
050,12,133,"Florida","Washington County",3,27,298,174,124
050,12,133,"Florida","Washington County",3,28,311,189,122
050,12,133,"Florida","Washington County",3,29,332,193,139
050,12,133,"Florida","Washington County",3,30,370,211,159
050,12,133,"Florida","Washington County",3,31,370,208,162
050,12,133,"Florida","Washington County",3,32,335,184,151
050,12,133,"Florida","Washington County",3,33,330,185,145
050,12,133,"Florida","Washington County",3,34,297,160,137
050,12,133,"Florida","Washington County",3,35,293,167,126
050,12,133,"Florida","Washington County",3,36,307,173,134
050,12,133,"Florida","Washington County",3,37,336,195,141
050,12,133,"Florida","Washington County",3,38,321,177,144
050,12,133,"Florida","Washington County",3,39,300,168,132
050,12,133,"Florida","Washington County",3,40,317,174,143
050,12,133,"Florida","Washington County",3,41,335,195,140
050,12,133,"Florida","Washington County",3,42,304,176,128
050,12,133,"Florida","Washington County",3,43,287,157,130
050,12,133,"Florida","Washington County",3,44,318,169,149
050,12,133,"Florida","Washington County",3,45,287,153,134
050,12,133,"Florida","Washington County",3,46,296,173,123
050,12,133,"Florida","Washington County",3,47,316,178,138
050,12,133,"Florida","Washington County",3,48,315,168,147
050,12,133,"Florida","Washington County",3,49,334,180,154
050,12,133,"Florida","Washington County",3,50,369,191,178
050,12,133,"Florida","Washington County",3,51,361,194,167
050,12,133,"Florida","Washington County",3,52,326,169,157
050,12,133,"Florida","Washington County",3,53,326,176,150
050,12,133,"Florida","Washington County",3,54,333,179,154
050,12,133,"Florida","Washington County",3,55,361,196,165
050,12,133,"Florida","Washington County",3,56,376,204,172
050,12,133,"Florida","Washington County",3,57,381,194,187
050,12,133,"Florida","Washington County",3,58,364,192,172
050,12,133,"Florida","Washington County",3,59,375,200,175
050,12,133,"Florida","Washington County",3,60,362,170,192
050,12,133,"Florida","Washington County",3,61,354,171,183
050,12,133,"Florida","Washington County",3,62,337,172,165
050,12,133,"Florida","Washington County",3,63,326,155,171
050,12,133,"Florida","Washington County",3,64,334,160,174
050,12,133,"Florida","Washington County",3,65,310,154,156
050,12,133,"Florida","Washington County",3,66,295,146,149
050,12,133,"Florida","Washington County",3,67,294,144,150
050,12,133,"Florida","Washington County",3,68,294,147,147
050,12,133,"Florida","Washington County",3,69,274,142,132
050,12,133,"Florida","Washington County",3,70,255,128,127
050,12,133,"Florida","Washington County",3,71,248,116,132
050,12,133,"Florida","Washington County",3,72,258,119,139
050,12,133,"Florida","Washington County",3,73,242,101,141
050,12,133,"Florida","Washington County",3,74,246,114,132
050,12,133,"Florida","Washington County",3,75,189,91,98
050,12,133,"Florida","Washington County",3,76,183,77,106
050,12,133,"Florida","Washington County",3,77,190,84,106
050,12,133,"Florida","Washington County",3,78,199,94,105
050,12,133,"Florida","Washington County",3,79,146,64,82
050,12,133,"Florida","Washington County",3,80,145,63,82
050,12,133,"Florida","Washington County",3,81,109,49,60
050,12,133,"Florida","Washington County",3,82,105,47,58
050,12,133,"Florida","Washington County",3,83,112,51,61
050,12,133,"Florida","Washington County",3,84,91,47,44
050,12,133,"Florida","Washington County",3,85,456,185,271
050,12,133,"Florida","Washington County",4,0,254,141,113
050,12,133,"Florida","Washington County",4,1,236,157,79
050,12,133,"Florida","Washington County",4,2,284,144,140
050,12,133,"Florida","Washington County",4,3,271,144,127
050,12,133,"Florida","Washington County",4,4,261,128,133
050,12,133,"Florida","Washington County",4,5,278,141,137
050,12,133,"Florida","Washington County",4,6,276,131,145
050,12,133,"Florida","Washington County",4,7,298,167,131
050,12,133,"Florida","Washington County",4,8,292,162,130
050,12,133,"Florida","Washington County",4,9,290,159,131
050,12,133,"Florida","Washington County",4,10,272,149,123
050,12,133,"Florida","Washington County",4,11,269,132,137
050,12,133,"Florida","Washington County",4,12,264,127,137
050,12,133,"Florida","Washington County",4,13,282,139,143
050,12,133,"Florida","Washington County",4,14,326,165,161
050,12,133,"Florida","Washington County",4,15,321,167,154
050,12,133,"Florida","Washington County",4,16,333,159,174
050,12,133,"Florida","Washington County",4,17,313,159,154
050,12,133,"Florida","Washington County",4,18,253,135,118
050,12,133,"Florida","Washington County",4,19,241,145,96
050,12,133,"Florida","Washington County",4,20,270,164,106
050,12,133,"Florida","Washington County",4,21,279,168,111
050,12,133,"Florida","Washington County",4,22,277,154,123
050,12,133,"Florida","Washington County",4,23,304,177,127
050,12,133,"Florida","Washington County",4,24,318,182,136
050,12,133,"Florida","Washington County",4,25,353,205,148
050,12,133,"Florida","Washington County",4,26,346,204,142
050,12,133,"Florida","Washington County",4,27,319,176,143
050,12,133,"Florida","Washington County",4,28,311,186,125
050,12,133,"Florida","Washington County",4,29,344,214,130
050,12,133,"Florida","Washington County",4,30,372,225,147
050,12,133,"Florida","Washington County",4,31,364,207,157
050,12,133,"Florida","Washington County",4,32,368,211,157
050,12,133,"Florida","Washington County",4,33,348,191,157
050,12,133,"Florida","Washington County",4,34,303,174,129
050,12,133,"Florida","Washington County",4,35,312,155,157
050,12,133,"Florida","Washington County",4,36,311,176,135
050,12,133,"Florida","Washington County",4,37,335,199,136
050,12,133,"Florida","Washington County",4,38,325,189,136
050,12,133,"Florida","Washington County",4,39,358,204,154
050,12,133,"Florida","Washington County",4,40,302,164,138
050,12,133,"Florida","Washington County",4,41,327,184,143
050,12,133,"Florida","Washington County",4,42,361,213,148
050,12,133,"Florida","Washington County",4,43,303,169,134
050,12,133,"Florida","Washington County",4,44,299,170,129
050,12,133,"Florida","Washington County",4,45,324,174,150
050,12,133,"Florida","Washington County",4,46,287,153,134
050,12,133,"Florida","Washington County",4,47,319,184,135
050,12,133,"Florida","Washington County",4,48,328,182,146
050,12,133,"Florida","Washington County",4,49,320,169,151
050,12,133,"Florida","Washington County",4,50,340,182,158
050,12,133,"Florida","Washington County",4,51,399,205,194
050,12,133,"Florida","Washington County",4,52,363,194,169
050,12,133,"Florida","Washington County",4,53,323,174,149
050,12,133,"Florida","Washington County",4,54,334,176,158
050,12,133,"Florida","Washington County",4,55,323,169,154
050,12,133,"Florida","Washington County",4,56,365,204,161
050,12,133,"Florida","Washington County",4,57,378,200,178
050,12,133,"Florida","Washington County",4,58,379,192,187
050,12,133,"Florida","Washington County",4,59,370,200,170
050,12,133,"Florida","Washington County",4,60,387,202,185
050,12,133,"Florida","Washington County",4,61,363,166,197
050,12,133,"Florida","Washington County",4,62,348,170,178
050,12,133,"Florida","Washington County",4,63,335,173,162
050,12,133,"Florida","Washington County",4,64,313,156,157
050,12,133,"Florida","Washington County",4,65,333,155,178
050,12,133,"Florida","Washington County",4,66,312,157,155
050,12,133,"Florida","Washington County",4,67,308,151,157
050,12,133,"Florida","Washington County",4,68,296,145,151
050,12,133,"Florida","Washington County",4,69,282,142,140
050,12,133,"Florida","Washington County",4,70,269,138,131
050,12,133,"Florida","Washington County",4,71,251,123,128
050,12,133,"Florida","Washington County",4,72,237,106,131
050,12,133,"Florida","Washington County",4,73,246,107,139
050,12,133,"Florida","Washington County",4,74,234,94,140
050,12,133,"Florida","Washington County",4,75,241,117,124
050,12,133,"Florida","Washington County",4,76,173,83,90
050,12,133,"Florida","Washington County",4,77,170,71,99
050,12,133,"Florida","Washington County",4,78,180,78,102
050,12,133,"Florida","Washington County",4,79,185,90,95
050,12,133,"Florida","Washington County",4,80,137,57,80
050,12,133,"Florida","Washington County",4,81,134,55,79
050,12,133,"Florida","Washington County",4,82,106,46,60
050,12,133,"Florida","Washington County",4,83,103,45,58
050,12,133,"Florida","Washington County",4,84,102,45,57
050,12,133,"Florida","Washington County",4,85,485,207,278
050,12,133,"Florida","Washington County",5,0,270,152,118
050,12,133,"Florida","Washington County",5,1,264,148,116
050,12,133,"Florida","Washington County",5,2,238,156,82
050,12,133,"Florida","Washington County",5,3,306,152,154
050,12,133,"Florida","Washington County",5,4,280,148,132
050,12,133,"Florida","Washington County",5,5,286,147,139
050,12,133,"Florida","Washington County",5,6,270,135,135
050,12,133,"Florida","Washington County",5,7,307,148,159
050,12,133,"Florida","Washington County",5,8,303,167,136
050,12,133,"Florida","Washington County",5,9,294,160,134
050,12,133,"Florida","Washington County",5,10,299,155,144
050,12,133,"Florida","Washington County",5,11,258,136,122
050,12,133,"Florida","Washington County",5,12,269,139,130
050,12,133,"Florida","Washington County",5,13,266,126,140
050,12,133,"Florida","Washington County",5,14,275,131,144
050,12,133,"Florida","Washington County",5,15,316,159,157
050,12,133,"Florida","Washington County",5,16,337,169,168
050,12,133,"Florida","Washington County",5,17,329,158,171
050,12,133,"Florida","Washington County",5,18,259,133,126
050,12,133,"Florida","Washington County",5,19,219,131,88
050,12,133,"Florida","Washington County",5,20,273,168,105
050,12,133,"Florida","Washington County",5,21,277,169,108
050,12,133,"Florida","Washington County",5,22,269,152,117
050,12,133,"Florida","Washington County",5,23,313,172,141
050,12,133,"Florida","Washington County",5,24,306,175,131
050,12,133,"Florida","Washington County",5,25,320,177,143
050,12,133,"Florida","Washington County",5,26,349,209,140
050,12,133,"Florida","Washington County",5,27,330,187,143
050,12,133,"Florida","Washington County",5,28,305,180,125
050,12,133,"Florida","Washington County",5,29,327,193,134
050,12,133,"Florida","Washington County",5,30,347,215,132
050,12,133,"Florida","Washington County",5,31,370,220,150
050,12,133,"Florida","Washington County",5,32,358,202,156
050,12,133,"Florida","Washington County",5,33,368,202,166
050,12,133,"Florida","Washington County",5,34,332,187,145
050,12,133,"Florida","Washington County",5,35,309,174,135
050,12,133,"Florida","Washington County",5,36,344,169,175
050,12,133,"Florida","Washington County",5,37,346,197,149
050,12,133,"Florida","Washington County",5,38,350,202,148
050,12,133,"Florida","Washington County",5,39,338,195,143
050,12,133,"Florida","Washington County",5,40,354,193,161
050,12,133,"Florida","Washington County",5,41,309,170,139
050,12,133,"Florida","Washington County",5,42,325,177,148
050,12,133,"Florida","Washington County",5,43,337,191,146
050,12,133,"Florida","Washington County",5,44,308,172,136
050,12,133,"Florida","Washington County",5,45,306,171,135
050,12,133,"Florida","Washington County",5,46,325,174,151
050,12,133,"Florida","Washington County",5,47,300,169,131
050,12,133,"Florida","Washington County",5,48,343,193,150
050,12,133,"Florida","Washington County",5,49,325,178,147
050,12,133,"Florida","Washington County",5,50,313,167,146
050,12,133,"Florida","Washington County",5,51,362,189,173
050,12,133,"Florida","Washington County",5,52,391,199,192
050,12,133,"Florida","Washington County",5,53,357,186,171
050,12,133,"Florida","Washington County",5,54,323,170,153
050,12,133,"Florida","Washington County",5,55,332,166,166
050,12,133,"Florida","Washington County",5,56,339,187,152
050,12,133,"Florida","Washington County",5,57,367,205,162
050,12,133,"Florida","Washington County",5,58,386,201,185
050,12,133,"Florida","Washington County",5,59,390,200,190
050,12,133,"Florida","Washington County",5,60,362,184,178
050,12,133,"Florida","Washington County",5,61,384,195,189
050,12,133,"Florida","Washington County",5,62,357,169,188
050,12,133,"Florida","Washington County",5,63,343,172,171
050,12,133,"Florida","Washington County",5,64,328,169,159
050,12,133,"Florida","Washington County",5,65,317,158,159
050,12,133,"Florida","Washington County",5,66,327,153,174
050,12,133,"Florida","Washington County",5,67,317,153,164
050,12,133,"Florida","Washington County",5,68,302,144,158
050,12,133,"Florida","Washington County",5,69,278,135,143
050,12,133,"Florida","Washington County",5,70,274,137,137
050,12,133,"Florida","Washington County",5,71,267,132,135
050,12,133,"Florida","Washington County",5,72,242,119,123
050,12,133,"Florida","Washington County",5,73,227,100,127
050,12,133,"Florida","Washington County",5,74,233,97,136
050,12,133,"Florida","Washington County",5,75,216,86,130
050,12,133,"Florida","Washington County",5,76,219,106,113
050,12,133,"Florida","Washington County",5,77,168,79,89
050,12,133,"Florida","Washington County",5,78,159,63,96
050,12,133,"Florida","Washington County",5,79,174,74,100
050,12,133,"Florida","Washington County",5,80,179,84,95
050,12,133,"Florida","Washington County",5,81,122,50,72
050,12,133,"Florida","Washington County",5,82,123,51,72
050,12,133,"Florida","Washington County",5,83,99,42,57
050,12,133,"Florida","Washington County",5,84,100,42,58
050,12,133,"Florida","Washington County",5,85,517,220,297

